#         T/K            c1          c2-1          c3-4          c3-5          c3-7          c3-9            m1          m2-1          m3-1            w1            w2          w3-1          w3-2          c1m1        c1m2-1        c1m2-7        c2m1-1        c1w1-2        c1w2-1        c2w1-1        c2w1-9        m1w1-1        m1w1-4        m1w2-1        m2w1-1        m2w1-3      c1m1w1-1
 2.731500E+02  2.709183E-01  2.463809E-04  5.932434E-08  7.786463E-08  8.663059E-08  1.032962E-07  3.427003E-01  1.001957E-03  3.161862E-05  2.229019E-01  1.729493E-03  1.364861E-04  1.915046E-06  9.853798E-03  5.476253E-06  1.796933E-05  1.445158E-06  1.477396E-01  6.300349E-05  2.061798E-06  1.810477E-06  1.046848E-03  1.425042E-03  6.916503E-05  3.850261E-05  4.876407E-05  1.782473E-05
 2.741500E+02  2.720983E-01  2.438265E-04  5.716846E-08  7.506039E-08  8.351688E-08  9.961490E-08  3.428649E-01  9.779978E-04  2.917396E-05  2.240339E-01  1.704497E-03  1.278897E-04  1.864163E-06  9.637837E-03  5.123439E-06  1.686608E-05  1.375812E-06  1.456048E-01  5.976305E-05  1.985041E-06  1.741572E-06  1.027264E-03  1.398294E-03  6.451042E-05  3.572505E-05  4.526426E-05  1.678224E-05
 2.751500E+02  2.732586E-01  2.412984E-04  5.510058E-08  7.236965E-08  8.052896E-08  9.608111E-08  3.430245E-01  9.547917E-04  2.693487E-05  2.251473E-01  1.679849E-03  1.198713E-04  1.814710E-06  9.427847E-03  4.795639E-06  1.583775E-05  1.310200E-06  1.435031E-01  5.670328E-05  1.911457E-06  1.675578E-06  1.008133E-03  1.372169E-03  6.019339E-05  3.316471E-05  4.203691E-05  1.580647E-05
 2.761500E+02  2.743995E-01  2.387967E-04  5.311683E-08  6.978745E-08  7.766134E-08  9.268848E-08  3.431793E-01  9.323109E-04  2.488279E-05  2.262424E-01  1.655548E-03  1.123901E-04  1.766651E-06  9.223641E-03  4.490931E-06  1.487882E-05  1.248101E-06  1.414343E-01  5.381349E-05  1.840907E-06  1.612362E-06  9.894442E-04  1.346652E-03  5.618789E-05  3.080340E-05  3.905929E-05  1.489284E-05
 2.771500E+02  2.755211E-01  2.363216E-04  5.121352E-08  6.730907E-08  7.490879E-08  8.943092E-08  3.433295E-01  9.105285E-04  2.300093E-05  2.273194E-01  1.631595E-03  1.054079E-04  1.719949E-06  9.025038E-03  4.207555E-06  1.398418E-05  1.189310E-06  1.393979E-01  5.108365E-05  1.773258E-06  1.551800E-06  9.711867E-04  1.321727E-03  5.246999E-05  2.862455E-05  3.631068E-05  1.403709E-05
 2.781500E+02  2.766239E-01  2.338732E-04  4.938712E-08  6.493000E-08  7.226634E-08  8.630263E-08  3.434752E-01  8.894190E-04  2.127410E-05  2.283786E-01  1.607987E-03  9.888988E-05  1.674569E-06  8.831862E-03  3.943891E-06  1.314916E-05  1.133633E-06  1.373938E-01  4.850433E-05  1.708381E-06  1.493773E-06  9.533499E-04  1.297380E-03  4.901767E-05  2.661303E-05  3.377221E-05  1.323526E-05
 2.791500E+02  2.777079E-01  2.314514E-04  4.763428E-08  6.264595E-08  6.972922E-08  8.329807E-08  3.436167E-01  8.689577E-04  1.968857E-05  2.294201E-01  1.584725E-03  9.280330E-05  1.630476E-06  8.643945E-03  3.698454E-06  1.236942E-05  1.080890E-06  1.354216E-01  4.606671E-05  1.646157E-06  1.438167E-06  9.359235E-04  1.273597E-03  4.581071E-05  2.475509E-05  3.142663E-05  1.248370E-05
 2.801500E+02  2.787735E-01  2.290564E-04  4.595179E-08  6.045280E-08  6.729289E-08  8.041194E-08  3.437540E-01  8.491210E-04  1.823189E-05  2.304443E-01  1.561805E-03  8.711805E-05  1.587635E-06  8.461122E-03  3.469875E-06  1.164100E-05  1.030912E-06  1.334809E-01  4.376250E-05  1.586467E-06  1.384874E-06  9.188971E-04  1.250363E-03  4.283052E-05  2.303812E-05  2.925822E-05  1.177900E-05
 2.811500E+02  2.798208E-01  2.266881E-04  4.433658E-08  5.834665E-08  6.495301E-08  7.763918E-08  3.438873E-01  8.298863E-04  1.689278E-05  2.314514E-01  1.539226E-03  8.180617E-05  1.546013E-06  8.283236E-03  3.256898E-06  1.096020E-05  9.835400E-07  1.315715E-01  4.158390E-05  1.529202E-06  1.333790E-06  9.022609E-04  1.227664E-03  4.005999E-05  2.145066E-05  2.725260E-05  1.111802E-05
 2.821500E+02  2.808503E-01  2.243466E-04  4.278575E-08  5.632374E-08  6.270546E-08  7.497499E-08  3.440168E-01  8.112319E-04  1.566103E-05  2.324416E-01  1.516987E-03  7.684172E-05  1.505576E-06  8.110133E-03  3.058368E-06  1.032364E-05  9.386246E-07  1.296929E-01  3.952362E-05  1.474256E-06  1.284818E-06  8.860052E-04  1.205487E-03  3.748338E-05  1.998221E-05  2.539665E-05  1.049782E-05
 2.831500E+02  2.818620E-01  2.220318E-04  4.129652E-08  5.438051E-08  6.054627E-08  7.241474E-08  3.441426E-01  7.931369E-04  1.452736E-05  2.334151E-01  1.495085E-03  7.220067E-05  1.466292E-06  7.941666E-03  2.873219E-06  9.728178E-06  8.960260E-07  1.278449E-01  3.757480E-05  1.421528E-06  1.237863E-06  8.701204E-04  1.183819E-03  3.508618E-05  1.862319E-05  2.367837E-05  9.915693E-06
 2.841500E+02  2.828564E-01  2.197437E-04  3.986621E-08  5.251356E-08  5.847167E-08  6.995403E-08  3.442649E-01  7.755814E-04  1.348335E-05  2.343722E-01  1.473517E-03  6.786072E-05  1.428130E-06  7.777693E-03  2.700471E-06  9.170926E-06  8.556132E-07  1.260271E-01  3.573098E-05  1.370921E-06  1.192836E-06  8.545974E-04  1.162647E-03  3.285504E-05  1.736483E-05  2.208677E-05  9.369110E-06
 2.851500E+02  2.838336E-01  2.174823E-04  3.849230E-08  5.071962E-08  5.647807E-08  6.758865E-08  3.443837E-01  7.585462E-04  1.252135E-05  2.353131E-01  1.452281E-03  6.380116E-05  1.391057E-06  7.618075E-03  2.539222E-06  8.649207E-06  8.172627E-07  1.242390E-01  3.398613E-05  1.322345E-06  1.149652E-06  8.394271E-04  1.141959E-03  3.077768E-05  1.619913E-05  2.061182E-05  8.855724E-06
 2.861500E+02  2.847938E-01  2.152475E-04  3.717237E-08  4.899560E-08  5.456202E-08  6.531460E-08  3.444992E-01  7.420128E-04  1.163441E-05  2.362381E-01  1.431374E-03  6.000280E-05  1.355044E-06  7.462679E-03  2.388638E-06  8.160547E-06  7.808590E-07  1.224804E-01  3.233455E-05  1.275710E-06  1.108229E-06  8.246006E-04  1.121742E-03  2.884274E-05  1.511873E-05  1.924431E-05  8.373354E-06
 2.871500E+02  2.857374E-01  2.130392E-04  3.590411E-08  4.733852E-08  5.272024E-08  6.312803E-08  3.446116E-01  7.259635E-04  1.081621E-05  2.371474E-01  1.410793E-03  5.644782E-05  1.320060E-06  7.311377E-03  2.247952E-06  7.702657E-06  7.462932E-07  1.207508E-01  3.077092E-05  1.230933E-06  1.068489E-06  8.101094E-04  1.101985E-03  2.703979E-05  1.411694E-05  1.797582E-05  7.919973E-06
 2.881500E+02  2.866647E-01  2.108574E-04  3.468532E-08  4.574555E-08  5.094959E-08  6.102527E-08  3.447208E-01  7.103814E-04  1.006100E-05  2.380412E-01  1.390536E-03  5.311966E-05  1.286076E-06  7.164043E-03  2.116456E-06  7.273421E-06  7.134633E-07  1.190498E-01  2.929020E-05  1.187934E-06  1.030359E-06  7.959450E-04  1.082675E-03  2.535919E-05  1.318758E-05  1.679863E-05  7.493694E-06
 2.891500E+02  2.875757E-01  2.087018E-04  3.351388E-08  4.421399E-08  4.924707E-08  5.900281E-08  3.448270E-01  6.952503E-04  9.363536E-06  2.389197E-01  1.370598E-03  5.000296E-05  1.253065E-06  7.020557E-03  1.993495E-06  6.870879E-06  6.822731E-07  1.173772E-01  2.788768E-05  1.146636E-06  9.937676E-07  7.820993E-04  1.063802E-03  2.379205E-05  1.232502E-05  1.570566E-05  7.092762E-06
 2.901500E+02  2.884709E-01  2.065725E-04  3.238779E-08  4.274125E-08  4.760982E-08  5.705731E-08  3.449304E-01  6.805543E-04  8.719053E-06  2.397833E-01  1.350977E-03  4.708345E-05  1.220997E-06  6.880803E-03  1.878466E-06  6.493214E-06  6.526325E-07  1.157324E-01  2.655894E-05  1.106967E-06  9.586481E-07  7.685643E-04  1.045354E-03  2.233015E-05  1.152409E-05  1.469041E-05  6.715543E-06
 2.911500E+02  2.893505E-01  2.044693E-04  3.130513E-08  4.132485E-08  4.603510E-08  5.518557E-08  3.450310E-01  6.662785E-04  8.123196E-06  2.406321E-01  1.331668E-03  4.434787E-05  1.189846E-06  6.744669E-03  1.770811E-06  6.138744E-06  6.244566E-07  1.141152E-01  2.529980E-05  1.068857E-06  9.249360E-07  7.553321E-04  1.027321E-03  2.096592E-05  1.078004E-05  1.374694E-05  6.360517E-06
 2.921500E+02  2.902147E-01  2.023920E-04  3.026406E-08  3.996244E-08  4.452030E-08  5.338453E-08  3.451289E-01  6.524084E-04  7.572000E-06  2.414663E-01  1.312670E-03  4.178390E-05  1.159586E-06  6.612045E-03  1.670015E-06  5.805909E-06  5.976654E-07  1.125250E-01  2.410634E-05  1.032240E-06  8.925701E-07  7.423953E-04  1.009693E-03  1.969236E-05  1.008852E-05  1.286975E-05  6.026267E-06
 2.931500E+02  2.910638E-01  2.003405E-04  2.926283E-08  3.865177E-08  4.306292E-08  5.165125E-08  3.452242E-01  6.389301E-04  7.061842E-06  2.422863E-01  1.293978E-03  3.938007E-05  1.130190E-06  6.482826E-03  1.575600E-06  5.493264E-06  5.721838E-07  1.109616E-01  2.297489E-05  9.970511E-07  8.614918E-07  7.297464E-04  9.924579E-04  1.850302E-05  9.445529E-06  1.205384E-05  5.711472E-06
 2.941500E+02  2.918979E-01  1.983146E-04  2.829978E-08  3.739068E-08  4.166057E-08  4.998294E-08  3.453170E-01  6.258304E-04  6.589415E-06  2.430921E-01  1.275588E-03  3.712574E-05  1.101634E-06  6.356911E-03  1.487126E-06  5.199465E-06  5.479411E-07  1.094245E-01  2.190196E-05  9.632306E-07  8.316455E-07  7.173782E-04  9.756073E-04  1.739190E-05  8.847389E-06  1.129457E-05  5.414904E-06
 2.951500E+02  2.927175E-01  1.963142E-04  2.737330E-08  3.617710E-08  4.031098E-08  4.837694E-08  3.454073E-01  6.130963E-04  6.151699E-06  2.438842E-01  1.257497E-03  3.501100E-05  1.073893E-06  6.234202E-03  1.404185E-06  4.923268E-06  5.248708E-07  1.079133E-01  2.088431E-05  9.307203E-07  8.029778E-07  7.052837E-04  9.591312E-04  1.635349E-05  8.290724E-06  1.058771E-05  5.135415E-06
 2.961500E+02  2.935227E-01  1.943391E-04  2.648187E-08  3.500908E-08  3.901196E-08  4.683068E-08  3.454953E-01  6.007155E-04  5.745932E-06  2.446625E-01  1.239701E-03  3.302664E-05  1.046943E-06  6.114602E-03  1.326397E-06  4.663516E-06  5.029100E-07  1.064277E-01  1.991886E-05  8.994647E-07  7.754381E-07  6.934560E-04  9.430201E-04  1.538267E-05  7.772430E-06  9.929337E-06  4.871935E-06
 2.971500E+02  2.943137E-01  1.923890E-04  2.562403E-08  3.388474E-08  3.776142E-08  4.534171E-08  3.455810E-01  5.886763E-04  5.369587E-06  2.454275E-01  1.222197E-03  3.116410E-05  1.020760E-06  5.998020E-03  1.253414E-06  4.419134E-06  4.819998E-07  1.049672E-01  1.900273E-05  8.694112E-07  7.489778E-07  6.818885E-04  9.272649E-04  1.447472E-05  7.289650E-06  9.315868E-06  4.623469E-06
 2.981500E+02  2.950908E-01  1.904639E-04  2.479838E-08  3.280226E-08  3.655738E-08  4.390771E-08  3.456645E-01  5.769671E-04  5.020351E-06  2.461793E-01  1.204980E-03  2.941538E-05  9.953233E-07  5.884368E-03  1.184911E-06  4.189124E-06  4.620845E-07  1.035315E-01  1.813319E-05  8.405090E-07  7.235507E-07  6.705747E-04  9.118565E-04  1.362526E-05  6.839754E-06  8.743988E-06  4.389084E-06
 2.991500E+02  2.958543E-01  1.885635E-04  2.400360E-08  3.175994E-08  3.539793E-08  4.252643E-08  3.457458E-01  5.655771E-04  4.696108E-06  2.469181E-01  1.188046E-03  2.777307E-05  9.706095E-07  5.773558E-03  1.120586E-06  3.972558E-06  4.431116E-07  1.021201E-01  1.730769E-05  8.127100E-07  6.991127E-07  6.595082E-04  8.967862E-04  1.283023E-05  6.420320E-06  8.210649E-06  4.167911E-06
 3.001500E+02  2.966043E-01  1.866876E-04  2.323841E-08  3.075614E-08  3.428124E-08  4.119573E-08  3.458251E-01  5.544956E-04  4.394917E-06  2.476442E-01  1.171392E-03  2.623025E-05  9.465975E-07  5.665508E-03  1.060162E-06  3.768572E-06  4.250317E-07  1.007328E-01  1.652381E-05  7.859680E-07  6.756216E-07  6.486829E-04  8.820457E-04  1.208589E-05  6.029119E-06  7.713040E-06  3.959141E-06
 3.011500E+02  2.973412E-01  1.848359E-04  2.250159E-08  2.978927E-08  3.320558E-08  3.991358E-08  3.459024E-01  5.437127E-04  4.115001E-06  2.483578E-01  1.155014E-03  2.478047E-05  9.232666E-07  5.560137E-03  1.003378E-06  3.576362E-06  4.077981E-07  9.936903E-02  1.577929E-05  7.602389E-07  6.530371E-07  6.380928E-04  8.676266E-04  1.138875E-05  5.664094E-06  7.248571E-06  3.762013E-06
 3.021500E+02  2.980651E-01  1.830083E-04  2.179199E-08  2.885784E-08  3.216928E-08  3.867800E-08  3.459777E-01  5.332184E-04  3.854728E-06  2.490590E-01  1.138908E-03  2.341775E-05  9.005965E-07  5.457368E-03  9.499956E-07  3.395182E-06  3.913670E-07  9.802851E-02  1.507199E-05  7.354806E-07  6.313210E-07  6.277320E-04  8.535209E-04  1.073559E-05  5.323351E-06  6.814851E-06  3.575821E-06
 3.031500E+02  2.987763E-01  1.812046E-04  2.110848E-08  2.796041E-08  3.117075E-08  3.748713E-08  3.460512E-01  5.230034E-04  3.612602E-06  2.497481E-01  1.123070E-03  2.213648E-05  8.785677E-07  5.357124E-03  8.997902E-07  3.224334E-06  3.756967E-07  9.671084E-02  1.439990E-05  7.116529E-07  6.104364E-07  6.175949E-04  8.397207E-04  1.012341E-05  5.005139E-06  6.409677E-06  3.399903E-06
 3.041500E+02  2.994749E-01  1.794245E-04  2.045001E-08  2.709560E-08  3.020845E-08  3.633918E-08  3.461228E-01  5.130586E-04  3.387248E-06  2.504253E-01  1.107496E-03  2.093146E-05  8.571609E-07  5.259332E-03  8.525550E-07  3.063171E-06  3.607481E-07  9.541564E-02  1.376110E-05  6.887173E-07  5.903485E-07  6.076759E-04  8.262185E-04  9.549462E-06  4.707846E-06  6.031012E-06  3.233640E-06
 3.051500E+02  3.001613E-01  1.776677E-04  1.981556E-08  2.626211E-08  2.928094E-08  3.523243E-08  3.461926E-01  5.033755E-04  3.177404E-06  2.510908E-01  1.092182E-03  1.979783E-05  8.363576E-07  5.163923E-03  8.080972E-07  2.911087E-06  3.464843E-07  9.414254E-02  1.315383E-05  6.666370E-07  5.710236E-07  5.979696E-04  8.130069E-04  9.011153E-06  4.429982E-06  5.676976E-06  3.076453E-06
 3.061500E+02  3.008356E-01  1.759342E-04  1.920415E-08  2.545867E-08  2.838681E-08  3.416524E-08  3.462608E-01  4.939455E-04  2.981910E-06  2.517449E-01  1.077124E-03  1.873105E-05  8.161399E-07  5.070827E-03  7.662375E-07  2.767519E-06  3.328704E-07  9.289116E-02  1.257638E-05  6.453768E-07  5.524300E-07  5.884708E-04  8.000785E-04  8.506101E-06  4.170171E-06  5.345833E-06  2.927801E-06
 3.071500E+02  3.014981E-01  1.742235E-04  1.861487E-08  2.468407E-08  2.752474E-08  3.313604E-08  3.463272E-01  4.847606E-04  2.799699E-06  2.523876E-01  1.062318E-03  1.772691E-05  7.964903E-07  4.979979E-03  7.268094E-07  2.631941E-06  3.198733E-07  9.166115E-02  1.202717E-05  6.249032E-07  5.345370E-07  5.791743E-04  7.874265E-04  8.032088E-06  3.927141E-06  5.035977E-06  2.787178E-06
 3.081500E+02  3.021489E-01  1.725355E-04  1.804681E-08  2.393718E-08  2.669344E-08  3.214332E-08  3.463921E-01  4.758131E-04  2.629788E-06  2.530192E-01  1.047761E-03  1.678145E-05  7.773917E-07  4.891315E-03  6.896576E-07  2.503864E-06  3.074621E-07  9.045214E-02  1.150470E-05  6.051841E-07  5.173156E-07  5.700752E-04  7.750439E-04  7.587055E-06  3.699716E-06  4.745923E-06  2.654109E-06
 3.091500E+02  3.027883E-01  1.708699E-04  1.749913E-08  2.321687E-08  2.589169E-08  3.118564E-08  3.464553E-01  4.670954E-04  2.471276E-06  2.536400E-01  1.033449E-03  1.589100E-05  7.588277E-07  4.804771E-03  6.546379E-07  2.382829E-06  2.956071E-07  8.926377E-02  1.100755E-05  5.861885E-07  5.007378E-07  5.611686E-04  7.629241E-04  7.169087E-06  3.486810E-06  4.474297E-06  2.528151E-06
 3.101500E+02  3.034165E-01  1.692265E-04  1.697101E-08  2.252211E-08  2.511832E-08  3.026164E-08  3.465171E-01  4.586003E-04  2.323329E-06  2.542500E-01  1.019377E-03  1.505212E-05  7.407823E-07  4.720289E-03  6.216157E-07  2.268408E-06  2.842807E-07  8.809569E-02  1.053438E-05  5.678873E-07  4.847772E-07  5.524498E-04  7.510606E-04  6.776407E-06  3.287416E-06  4.219829E-06  2.408887E-06
 3.111500E+02  3.040337E-01  1.676050E-04  1.646168E-08  2.185188E-08  2.437222E-08  2.936998E-08  3.465774E-01  4.503209E-04  2.185181E-06  2.548496E-01  1.005542E-03  1.426161E-05  7.232399E-07  4.637810E-03  5.904658E-07  2.160204E-06  2.734565E-07  8.694754E-02  1.008395E-05  5.502523E-07  4.694081E-07  5.439142E-04  7.394471E-04  6.407361E-06  3.100603E-06  3.981339E-06  2.295928E-06
 3.121500E+02  3.046401E-01  1.660053E-04  1.597038E-08  2.120521E-08  2.365230E-08  2.850940E-08  3.466362E-01  4.422505E-04  2.056124E-06  2.554388E-01  9.919401E-04  1.351646E-05  7.061856E-07  4.557279E-03  5.610713E-07  2.057842E-06  2.631097E-07  8.581899E-02  9.655056E-06  5.332566E-07  4.546065E-07  5.355573E-04  7.280775E-04  6.060410E-06  2.925509E-06  3.757740E-06  2.188908E-06
 3.131500E+02  3.052359E-01  1.644269E-04  1.549641E-08  2.058118E-08  2.295754E-08  2.767869E-08  3.466936E-01  4.343827E-04  1.935508E-06  2.560178E-01  9.785674E-04  1.281389E-05  6.896046E-07  4.478639E-03  5.333235E-07  1.960974E-06  2.532167E-07  8.470968E-02  9.246578E-06  5.168745E-07  4.403489E-07  5.273748E-04  7.169458E-04  5.734123E-06  2.761335E-06  3.548019E-06  2.087486E-06
 3.141500E+02  3.058213E-01  1.628698E-04  1.503908E-08  1.997890E-08  2.228697E-08  2.687669E-08  3.467497E-01  4.267111E-04  1.822730E-06  2.565869E-01  9.654202E-04  1.215126E-05  6.734827E-07  4.401839E-03  5.071207E-07  1.869274E-06  2.437554E-07  8.361928E-02  8.857456E-06  5.010814E-07  4.266133E-07  5.193624E-04  7.060462E-04  5.427168E-06  2.607342E-06  3.351239E-06  1.991341E-06
 3.151500E+02  3.063965E-01  1.613335E-04  1.459774E-08  1.939753E-08  2.163963E-08  2.610230E-08  3.468045E-01  4.192299E-04  1.717234E-06  2.571463E-01  9.524948E-04  1.152615E-05  6.578064E-07  4.326828E-03  4.823682E-07  1.782438E-06  2.347045E-07  8.254746E-02  8.486691E-06  4.858537E-07  4.133783E-07  5.115160E-04  6.953730E-04  5.138305E-06  2.462841E-06  3.166534E-06  1.900171E-06
 3.161500E+02  3.069616E-01  1.598180E-04  1.417176E-08  1.883624E-08  2.101462E-08  2.535444E-08  3.468580E-01  4.119331E-04  1.618510E-06  2.576960E-01  9.397874E-04  1.093626E-05  6.425621E-07  4.253555E-03  4.589775E-07  1.700179E-06  2.260443E-07  8.149388E-02  8.133337E-06  4.711689E-07  4.006237E-07  5.038316E-04  6.849207E-04  4.866379E-06  2.327198E-06  2.993095E-06  1.813693E-06
 3.171500E+02  3.075169E-01  1.583229E-04  1.376055E-08  1.829427E-08  2.041109E-08  2.463210E-08  3.469103E-01  4.048153E-04  1.526081E-06  2.582363E-01  9.272945E-04  1.037946E-05  6.277370E-07  4.181973E-03  4.368662E-07  1.622231E-06  2.177558E-07  8.045823E-02  7.796500E-06  4.570055E-07  3.883302E-07  4.963052E-04  6.746839E-04  4.610314E-06  2.199821E-06  2.830175E-06  1.731642E-06
 3.181500E+02  3.080626E-01  1.568479E-04  1.336352E-08  1.777086E-08  1.982820E-08  2.393430E-08  3.469613E-01  3.978710E-04  1.439510E-06  2.587673E-01  9.150125E-04  9.853739E-06  6.133185E-07  4.112036E-03  4.159569E-07  1.548343E-06  2.098211E-07  7.944017E-02  7.475336E-06  4.433428E-07  3.764790E-07  4.889331E-04  6.646574E-04  4.369108E-06  2.080163E-06  2.677079E-06  1.653770E-06
 3.191500E+02  3.085988E-01  1.553929E-04  1.298013E-08  1.726531E-08  1.926515E-08  2.326010E-08  3.470112E-01  3.910950E-04  1.358391E-06  2.592893E-01  9.029377E-04  9.357235E-06  5.992946E-07  4.043698E-03  3.961777E-07  1.478281E-06  2.022234E-07  7.843941E-02  7.169049E-06  4.301611E-07  3.650526E-07  4.817114E-04  6.548361E-04  4.141824E-06  1.967712E-06  2.533162E-06  1.579843E-06
 3.201500E+02  3.091257E-01  1.539576E-04  1.260986E-08  1.677692E-08  1.872120E-08  2.260860E-08  3.470599E-01  3.844824E-04  1.282350E-06  2.598023E-01  8.910666E-04  8.888196E-06  5.856533E-07  3.976916E-03  3.774611E-07  1.411826E-06  1.949465E-07  7.745561E-02  6.876883E-06  4.174414E-07  3.540338E-07  4.746367E-04  6.452152E-04  3.927592E-06  1.861998E-06  2.397824E-06  1.509640E-06
 3.211500E+02  3.096434E-01  1.525416E-04  1.225219E-08  1.630505E-08  1.819561E-08  2.197895E-08  3.471076E-01  3.780282E-04  1.211040E-06  2.603066E-01  8.793957E-04  8.444982E-06  5.723832E-07  3.911647E-03  3.597440E-07  1.348771E-06  1.879753E-07  7.648849E-02  6.598126E-06  4.051657E-07  3.434065E-07  4.677054E-04  6.357897E-04  3.725598E-06  1.762580E-06  2.270508E-06  1.442955E-06
 3.221500E+02  3.101523E-01  1.511448E-04  1.190665E-08  1.584906E-08  1.768769E-08  2.137032E-08  3.471541E-01  3.717278E-04  1.144138E-06  2.608023E-01  8.679216E-04  8.026058E-06  5.594734E-07  3.847850E-03  3.429676E-07  1.288924E-06  1.812953E-07  7.553773E-02  6.332104E-06  3.933167E-07  3.331551E-07  4.609141E-04  6.265550E-04  3.535082E-06  1.669049E-06  2.150695E-06  1.379595E-06
 3.231500E+02  3.106523E-01  1.497670E-04  1.157277E-08  1.540835E-08  1.719675E-08  2.078192E-08  3.471996E-01  3.655767E-04  1.081347E-06  2.612896E-01  8.566409E-04  7.629985E-06  5.469130E-07  3.785486E-03  3.270767E-07  1.232103E-06  1.748929E-07  7.460305E-02  6.078179E-06  3.818776E-07  3.232647E-07  4.542594E-04  6.175065E-04  3.355337E-06  1.581025E-06  2.037902E-06  1.319377E-06
 3.241500E+02  3.111438E-01  1.484078E-04  1.125011E-08  1.498234E-08  1.672218E-08  2.021298E-08  3.472441E-01  3.595705E-04  1.022391E-06  2.617686E-01  8.455502E-04  7.255419E-06  5.346916E-07  3.724516E-03  3.120195E-07  1.178139E-06  1.687552E-07  7.368414E-02  5.835747E-06  3.708327E-07  3.137211E-07  4.477381E-04  6.086397E-04  3.185702E-06  1.498155E-06  1.931682E-06  1.262128E-06
 3.251500E+02  3.116268E-01  1.470670E-04  1.093825E-08  1.457048E-08  1.626334E-08  1.966279E-08  3.472876E-01  3.537050E-04  9.670126E-07  2.622395E-01  8.346461E-04  6.901095E-06  5.227992E-07  3.664903E-03  2.977478E-07  1.126872E-06  1.628697E-07  7.278072E-02  5.604238E-06  3.601667E-07  3.045107E-07  4.413470E-04  5.999504E-04  3.025557E-06  1.420109E-06  1.831615E-06  1.207688E-06
 3.261500E+02  3.121015E-01  1.457444E-04  1.063676E-08  1.417224E-08  1.581964E-08  1.913064E-08  3.473302E-01  3.479761E-04  9.149754E-07  2.627024E-01  8.239254E-04  6.565831E-06  5.112260E-07  3.606610E-03  2.842161E-07  1.078152E-06  1.572249E-07  7.189250E-02  5.383111E-06  3.498650E-07  2.956204E-07  4.350831E-04  5.914343E-04  2.874325E-06  1.346581E-06  1.737312E-06  1.155905E-06
 3.271500E+02  3.125680E-01  1.444397E-04  1.034527E-08  1.378711E-08  1.539054E-08  1.861587E-08  3.473718E-01  3.423799E-04  8.660583E-07  2.631574E-01  8.133849E-04  6.248518E-06  4.999625E-07  3.549602E-03  2.713821E-07  1.031839E-06  1.518096E-07  7.101921E-02  5.171854E-06  3.399137E-07  2.870378E-07  4.289433E-04  5.830873E-04  2.731468E-06  1.277286E-06  1.648411E-06  1.106636E-06
 3.281500E+02  3.130267E-01  1.431528E-04  1.006340E-08  1.341460E-08  1.497547E-08  1.811783E-08  3.474125E-01  3.369127E-04  8.200567E-07  2.636048E-01  8.030213E-04  5.948116E-06  4.889995E-07  3.493846E-03  2.592058E-07  9.878003E-07  1.466134E-07  7.016057E-02  4.969983E-06  3.302993E-07  2.787508E-07  4.229247E-04  5.749055E-04  2.596479E-06  1.211956E-06  1.564574E-06  1.059746E-06
 3.291500E+02  3.134774E-01  1.418832E-04  9.790795E-09  1.305425E-08  1.457392E-08  1.763590E-08  3.474523E-01  3.315706E-04  7.767800E-07  2.640447E-01  7.928315E-04  5.663648E-06  4.783282E-07  3.439308E-03  2.476500E-07  9.459115E-07  1.416263E-07  6.931632E-02  4.777040E-06  3.210089E-07  2.707481E-07  4.170246E-04  5.668849E-04  2.468889E-06  1.150344E-06  1.485485E-06  1.015108E-06
 3.301500E+02  3.139205E-01  1.406309E-04  9.527101E-09  1.270559E-08  1.418539E-08  1.716950E-08  3.474912E-01  3.263503E-04  7.360515E-07  2.644771E-01  7.828125E-04  5.394198E-06  4.679399E-07  3.385956E-03  2.366796E-07  9.060560E-07  1.368387E-07  6.848618E-02  4.592589E-06  3.120304E-07  2.630186E-07  4.112400E-04  5.590218E-04  2.348254E-06  1.092220E-06  1.410850E-06  9.726021E-07
 3.311500E+02  3.143561E-01  1.393955E-04  9.271991E-09  1.236821E-08  1.380940E-08  1.671805E-08  3.475293E-01  3.212482E-04  6.977067E-07  2.649023E-01  7.729611E-04  5.138908E-06  4.578263E-07  3.333760E-03  2.262618E-07  8.681238E-07  1.322416E-07  6.766991E-02  4.416220E-06  3.033519E-07  2.555519E-07  4.055683E-04  5.513124E-04  2.234162E-06  1.037366E-06  1.340394E-06  9.321168E-07
 3.321500E+02  3.147843E-01  1.381769E-04  9.025148E-09  1.204168E-08  1.344550E-08  1.628102E-08  3.475666E-01  3.162610E-04  6.615927E-07  2.653204E-01  7.632744E-04  4.896971E-06  4.479792E-07  3.282688E-03  2.163656E-07  8.320116E-07  1.278266E-07  6.686723E-02  4.247541E-06  2.949620E-07  2.483379E-07  4.000069E-04  5.437532E-04  2.126226E-06  9.855823E-07  1.273863E-06  8.935454E-07
 3.331500E+02  3.152053E-01  1.369747E-04  8.786269E-09  1.172562E-08  1.309324E-08  1.585787E-08  3.476031E-01  3.113856E-04  6.275672E-07  2.657315E-01  7.537494E-04  4.667628E-06  4.383909E-07  3.232712E-03  2.069622E-07  7.976221E-07  1.235854E-07  6.607790E-02  4.086184E-06  2.868500E-07  2.413669E-07  3.945533E-04  5.363406E-04  2.024084E-06  9.366802E-07  1.211016E-06  8.567878E-07
 3.341500E+02  3.156191E-01  1.357888E-04  8.555060E-09  1.141964E-08  1.275219E-08  1.544811E-08  3.476388E-01  3.066188E-04  5.954976E-07  2.661357E-01  7.443832E-04  4.450169E-06  4.290538E-07  3.183803E-03  1.980242E-07  7.648636E-07  1.195104E-07  6.530167E-02  3.931797E-06  2.790055E-07  2.346297E-07  3.892049E-04  5.290714E-04  1.927397E-06  8.904844E-07  1.151629E-06  8.217498E-07
 3.351500E+02  3.160260E-01  1.346190E-04  8.331242E-09  1.112337E-08  1.242195E-08  1.505126E-08  3.476737E-01  3.019576E-04  5.652605E-07  2.665332E-01  7.351729E-04  4.243925E-06  4.199604E-07  3.135934E-03  1.895262E-07  7.336499E-07  1.155941E-07  6.453831E-02  3.784049E-06  2.714185E-07  2.281175E-07  3.839592E-04  5.219420E-04  1.835846E-06  8.468308E-07  1.095495E-06  7.883421E-07
 3.361500E+02  3.164260E-01  1.334649E-04  8.114546E-09  1.083646E-08  1.210214E-08  1.466684E-08  3.477079E-01  2.973991E-04  5.367411E-07  2.669241E-01  7.261157E-04  4.048267E-06  4.111036E-07  3.089079E-03  1.814440E-07  7.038996E-07  1.118295E-07  6.378756E-02  3.642624E-06  2.640793E-07  2.218217E-07  3.788140E-04  5.149494E-04  1.749135E-06  8.055663E-07  1.042418E-06  7.564808E-07
 3.371500E+02  3.168193E-01  1.323264E-04  7.904713E-09  1.055857E-08  1.179237E-08  1.429443E-08  3.477414E-01  2.929406E-04  5.098322E-07  2.673086E-01  7.172088E-04  3.862605E-06  4.024766E-07  3.043210E-03  1.737550E-07  6.755362E-07  1.082101E-07  6.304920E-02  3.507223E-06  2.569789E-07  2.157343E-07  3.737670E-04  5.080904E-04  1.666983E-06  7.665476E-07  9.922157E-07  7.260866E-07
 3.381500E+02  3.172061E-01  1.312033E-04  7.701496E-09  1.028939E-08  1.149228E-08  1.393358E-08  3.477742E-01  2.885792E-04  4.844338E-07  2.676866E-01  7.084496E-04  3.686385E-06  3.940727E-07  2.998303E-03  1.664381E-07  6.484875E-07  1.047295E-07  6.232300E-02  3.377562E-06  2.501085E-07  2.098474E-07  3.688158E-04  5.013619E-04  1.589130E-06  7.296407E-07  9.447170E-07  6.970846E-07
 3.391500E+02  3.175864E-01  1.300953E-04  7.504656E-09  1.002860E-08  1.120154E-08  1.358389E-08  3.478064E-01  2.843123E-04  4.604528E-07  2.680585E-01  6.998352E-04  3.519083E-06  3.858853E-07  2.954334E-03  1.594731E-07  6.226854E-07  1.013815E-07  6.160873E-02  3.253373E-06  2.434596E-07  2.041535E-07  3.639584E-04  4.947609E-04  1.515328E-06  6.947203E-07  8.997624E-07  6.694041E-07
 3.401500E+02  3.179604E-01  1.290023E-04  7.313965E-09  9.775900E-09  1.091980E-08  1.324496E-08  3.478378E-01  2.801375E-04  4.378022E-07  2.684242E-01  6.913631E-04  3.360209E-06  3.779081E-07  2.911278E-03  1.528412E-07  5.980657E-07  9.816061E-08  6.090616E-02  3.134399E-06  2.370240E-07  1.986455E-07  3.591924E-04  4.882845E-04  1.445348E-06  6.616693E-07  8.572023E-07  6.429782E-07
 3.411500E+02  3.183281E-01  1.279239E-04  7.129204E-09  9.531004E-09  1.064675E-08  1.291642E-08  3.478686E-01  2.760522E-04  4.164010E-07  2.687839E-01  6.830307E-04  3.209300E-06  3.701351E-07  2.869113E-03  1.465247E-07  5.745678E-07  9.506123E-08  6.021509E-02  3.020398E-06  2.307941E-07  1.933164E-07  3.545160E-04  4.819299E-04  1.378973E-06  6.303777E-07  8.168967E-07  6.177439E-07
 3.421500E+02  3.186898E-01  1.268600E-04  6.950162E-09  9.293637E-09  1.038208E-08  1.259789E-08  3.478988E-01  2.720541E-04  3.961733E-07  2.691377E-01  6.748354E-04  3.065922E-06  3.625604E-07  2.827817E-03  1.405070E-07  5.521346E-07  9.207817E-08  5.953529E-02  2.911141E-06  2.247623E-07  1.881597E-07  3.499271E-04  4.756943E-04  1.316000E-06  6.007428E-07  7.787146E-07  5.936414E-07
 3.431500E+02  3.190455E-01  1.258104E-04  6.776635E-09  9.063533E-09  1.012550E-08  1.228904E-08  3.479283E-01  2.681407E-04  3.770483E-07  2.694857E-01  6.667748E-04  2.929666E-06  3.551783E-07  2.787367E-03  1.347722E-07  5.307120E-07  8.920648E-08  5.886657E-02  2.806408E-06  2.189215E-07  1.831691E-07  3.454236E-04  4.695750E-04  1.256239E-06  5.726683E-07  7.425330E-07  5.706144E-07
 3.441500E+02  3.193954E-01  1.247749E-04  6.608430E-09  8.840438E-09  9.876719E-09  1.198952E-08  3.479573E-01  2.643100E-04  3.589599E-07  2.698280E-01  6.588463E-04  2.800145E-06  3.479832E-07  2.747742E-03  1.293055E-07  5.102492E-07  8.644144E-08  5.820870E-02  2.705991E-06  2.132648E-07  1.783384E-07  3.410038E-04  4.635695E-04  1.199509E-06  5.460640E-07  7.082368E-07  5.486096E-07
 3.451500E+02  3.197394E-01  1.237532E-04  6.445359E-09  8.624107E-09  9.635473E-09  1.169901E-08  3.479857E-01  2.605596E-04  3.418462E-07  2.701648E-01  6.510475E-04  2.676998E-06  3.409697E-07  2.708922E-03  1.240931E-07  4.906978E-07  8.377855E-08  5.756149E-02  2.609693E-06  2.077856E-07  1.736618E-07  3.366656E-04  4.576750E-04  1.145643E-06  5.208453E-07  6.757179E-07  5.275764E-07
 3.461500E+02  3.200779E-01  1.227452E-04  6.287243E-09  8.414304E-09  9.401496E-09  1.141720E-08  3.480135E-01  2.568876E-04  3.256493E-07  2.704961E-01  6.433761E-04  2.559881E-06  3.341326E-07  2.670888E-03  1.191216E-07  4.720126E-07  8.121351E-08  5.692474E-02  2.517326E-06  2.024775E-07  1.691338E-07  3.324073E-04  4.518893E-04  1.094482E-06  4.969330E-07  6.448751E-07  5.074673E-07
 3.471500E+02  3.204108E-01  1.217506E-04  6.133908E-09  8.210804E-09  9.174538E-09  1.114379E-08  3.480407E-01  2.532918E-04  3.103152E-07  2.708221E-01  6.358297E-04  2.448472E-06  3.274669E-07  2.633619E-03  1.143787E-07  4.541504E-07  7.874222E-08  5.629826E-02  2.428713E-06  1.973345E-07  1.647490E-07  3.282271E-04  4.462097E-04  1.045878E-06  4.742525E-07  6.156134E-07  4.882368E-07
 3.481500E+02  3.207383E-01  1.207693E-04  5.985189E-09  8.013388E-09  8.954356E-09  1.087849E-08  3.480674E-01  2.497704E-04  2.957933E-07  2.711428E-01  6.284060E-04  2.342468E-06  3.209678E-07  2.597097E-03  1.098527E-07  4.370706E-07  7.636080E-08  5.568186E-02  2.343683E-06  1.923506E-07  1.605021E-07  3.241232E-04  4.406341E-04  9.996896E-07  4.527341E-07  5.878436E-07  4.698425E-07
 3.491500E+02  3.210605E-01  1.198010E-04  5.840926E-09  7.821848E-09  8.740717E-09  1.062103E-08  3.480936E-01  2.463213E-04  2.820361E-07  2.714583E-01  6.211028E-04  2.241583E-06  3.146304E-07  2.561304E-03  1.055324E-07  4.207348E-07  7.406551E-08  5.507535E-02  2.262076E-06  1.875203E-07  1.563882E-07  3.200941E-04  4.351599E-04  9.557858E-07  4.323124E-07  5.614820E-07  4.522437E-07
 3.501500E+02  3.213774E-01  1.188457E-04  5.700965E-09  7.635982E-09  8.533398E-09  1.037113E-08  3.481193E-01  2.429427E-04  2.689991E-07  2.717688E-01  6.139178E-04  2.145546E-06  3.084501E-07  2.526221E-03  1.014074E-07  4.051066E-07  7.185281E-08  5.447854E-02  2.183738E-06  1.828381E-07  1.524027E-07  3.161379E-04  4.297851E-04  9.140426E-07  4.129258E-07  5.364500E-07  4.354020E-07
 3.511500E+02  3.216893E-01  1.179030E-04  5.565158E-09  7.455597E-09  8.332183E-09  1.012854E-08  3.481444E-01  2.396328E-04  2.566409E-07  2.720742E-01  6.068490E-04  2.054103E-06  3.024226E-07  2.491832E-03  9.746797E-08  3.901516E-07  6.971930E-08  5.389125E-02  2.108524E-06  1.782989E-07  1.485408E-07  3.122532E-04  4.245075E-04  8.743433E-07  3.945167E-07  5.126737E-07  4.192813E-07
 3.521500E+02  3.219961E-01  1.169727E-04  5.433365E-09  7.280506E-09  8.136865E-09  9.893021E-09  3.481691E-01  2.363899E-04  2.449225E-07  2.723749E-01  5.998941E-04  1.967014E-06  2.965436E-07  2.458120E-03  9.370464E-08  3.758372E-07  6.766175E-08  5.331332E-02  2.036295E-06  1.738976E-07  1.447983E-07  3.084383E-04  4.193248E-04  8.365780E-07  3.770306E-07  4.900837E-07  4.038471E-07
 3.531500E+02  3.222979E-01  1.160548E-04  5.305447E-09  7.110529E-09  7.947245E-09  9.664326E-09  3.481933E-01  2.332122E-04  2.338072E-07  2.726707E-01  5.930511E-04  1.884051E-06  2.908087E-07  2.425069E-03  9.010866E-08  3.621327E-07  6.567708E-08  5.274456E-02  1.966918E-06  1.696294E-07  1.411709E-07  3.046917E-04  4.142350E-04  8.006432E-07  3.604166E-07  4.686148E-07  3.890667E-07
 3.541500E+02  3.225949E-01  1.151490E-04  5.181273E-09  6.945496E-09  7.763131E-09  9.442230E-09  3.482170E-01  2.300982E-04  2.232608E-07  2.729618E-01  5.863179E-04  1.805001E-06  2.852140E-07  2.392662E-03  8.667169E-08  3.490087E-07  6.376234E-08  5.218480E-02  1.900269E-06  1.654898E-07  1.376545E-07  3.010120E-04  4.092361E-04  7.664415E-07  3.446269E-07  4.482056E-07  3.749093E-07
 3.551500E+02  3.228872E-01  1.142552E-04  5.060717E-09  6.785239E-09  7.584338E-09  9.226513E-09  3.482403E-01  2.270462E-04  2.132512E-07  2.732483E-01  5.796925E-04  1.729663E-06  2.797556E-07  2.360885E-03  8.338588E-08  3.364377E-07  6.191471E-08  5.163389E-02  1.836228E-06  1.614743E-07  1.342453E-07  2.973977E-04  4.043260E-04  7.338810E-07  3.296163E-07  4.287985E-07  3.613455E-07
 3.561500E+02  3.231748E-01  1.133731E-04  4.943657E-09  6.629598E-09  7.410688E-09  9.016962E-09  3.482631E-01  2.240546E-04  2.037481E-07  2.735303E-01  5.731729E-04  1.657844E-06  2.744296E-07  2.329722E-03  8.024378E-08  3.243935E-07  6.013150E-08  5.109165E-02  1.774680E-06  1.575786E-07  1.309395E-07  2.938473E-04  3.995030E-04  7.028751E-07  3.153425E-07  4.103391E-07  3.483476E-07
 3.571500E+02  3.234579E-01  1.125026E-04  4.829976E-09  6.478421E-09  7.242010E-09  8.813373E-09  3.482855E-01  2.211221E-04  1.947233E-07  2.738078E-01  5.667572E-04  1.589365E-06  2.692324E-07  2.299158E-03  7.723836E-08  3.128511E-07  5.841014E-08  5.055793E-02  1.715518E-06  1.537986E-07  1.277335E-07  2.903595E-04  3.947650E-04  6.733422E-07  3.017656E-07  3.927765E-07  3.358891E-07
 3.581500E+02  3.237365E-01  1.116435E-04  4.719561E-09  6.331558E-09  7.078139E-09  8.615551E-09  3.483074E-01  2.182470E-04  1.861502E-07  2.740810E-01  5.604435E-04  1.524055E-06  2.641604E-07  2.269180E-03  7.436296E-08  3.017872E-07  5.674819E-08  5.003256E-02  1.658638E-06  1.501303E-07  1.246238E-07  2.869329E-04  3.901103E-04  6.452052E-07  2.888479E-07  3.760624E-07  3.239450E-07
 3.591500E+02  3.240106E-01  1.107956E-04  4.612304E-09  6.188867E-09  6.918918E-09  8.423306E-09  3.483290E-01  2.154281E-04  1.780037E-07  2.743499E-01  5.542299E-04  1.461755E-06  2.592100E-07  2.239774E-03  7.161127E-08  2.911792E-07  5.514328E-08  4.951540E-02  1.603942E-06  1.465700E-07  1.216072E-07  2.835663E-04  3.855371E-04  6.183916E-07  2.765543E-07  3.601518E-07  3.124915E-07
 3.601500E+02  3.242805E-01  1.099588E-04  4.508099E-09  6.050212E-09  6.764192E-09  8.236455E-09  3.483501E-01  2.126639E-04  1.702603E-07  2.746146E-01  5.481146E-04  1.402311E-06  2.543780E-07  2.210927E-03  6.897733E-08  2.810062E-07  5.359318E-08  4.900630E-02  1.551336E-06  1.431140E-07  1.186804E-07  2.802583E-04  3.810436E-04  5.928329E-07  2.648514E-07  3.450018E-07  3.015062E-07
 3.611500E+02  3.245461E-01  1.091329E-04  4.406847E-09  5.915458E-09  6.613814E-09  8.054823E-09  3.483708E-01  2.099531E-04  1.628981E-07  2.748752E-01  5.420957E-04  1.345581E-06  2.496611E-07  2.182625E-03  6.645548E-08  2.712479E-07  5.209574E-08  4.850510E-02  1.500730E-06  1.397588E-07  1.158404E-07  2.770077E-04  3.766281E-04  5.684643E-07  2.537079E-07  3.305723E-07  2.909675E-07
 3.621500E+02  3.248075E-01  1.083178E-04  4.308449E-09  5.784480E-09  6.467644E-09  7.878240E-09  3.483912E-01  2.072944E-04  1.558962E-07  2.751317E-01  5.361715E-04  1.291427E-06  2.450561E-07  2.154855E-03  6.404038E-08  2.618853E-07  5.064892E-08  4.801167E-02  1.452041E-06  1.365010E-07  1.130841E-07  2.738133E-04  3.722889E-04  5.452248E-07  2.430943E-07  3.168254E-07  2.808552E-07
 3.631500E+02  3.250649E-01  1.075132E-04  4.212814E-09  5.657154E-09  6.325543E-09  7.706544E-09  3.484112E-01  2.046865E-04  1.492351E-07  2.753843E-01  5.303404E-04  1.239722E-06  2.405599E-07  2.127606E-03  6.172696E-08  2.529004E-07  4.925074E-08  4.752585E-02  1.405186E-06  1.333373E-07  1.104088E-07  2.706739E-04  3.680245E-04  5.230568E-07  2.329826E-07  3.037254E-07  2.711500E-07
 3.641500E+02  3.253182E-01  1.067191E-04  4.119849E-09  5.533361E-09  6.187381E-09  7.539576E-09  3.484308E-01  2.021283E-04  1.428965E-07  2.756329E-01  5.246005E-04  1.190344E-06  2.361696E-07  2.100865E-03  5.951042E-08  2.442758E-07  4.789933E-08  4.704751E-02  1.360087E-06  1.302646E-07  1.078117E-07  2.675883E-04  3.638332E-04  5.019057E-07  2.233467E-07  2.912387E-07  2.618334E-07
 3.651500E+02  3.255677E-01  1.059352E-04  4.029470E-09  5.412989E-09  6.053030E-09  7.377187E-09  3.484500E-01  1.996184E-04  1.368630E-07  2.758778E-01  5.189502E-04  1.143178E-06  2.318823E-07  2.074620E-03  5.738618E-08  2.359954E-07  4.659290E-08  4.657651E-02  1.316672E-06  1.272799E-07  1.052902E-07  2.645554E-04  3.597136E-04  4.817202E-07  2.141618E-07  2.793335E-07  2.528880E-07
 3.661500E+02  3.258132E-01  1.051615E-04  3.941593E-09  5.295926E-09  5.922368E-09  7.219228E-09  3.484689E-01  1.971559E-04  1.311184E-07  2.761188E-01  5.133879E-04  1.098115E-06  2.276951E-07  2.048861E-03  5.534995E-08  2.280436E-07  4.532972E-08  4.611273E-02  1.274870E-06  1.243802E-07  1.028417E-07  2.615741E-04  3.556640E-04  4.624515E-07  2.054045E-07  2.679798E-07  2.442972E-07
 3.671500E+02  3.260550E-01  1.043977E-04  3.856136E-09  5.182067E-09  5.795277E-09  7.065560E-09  3.484875E-01  1.947395E-04  1.256473E-07  2.763562E-01  5.079120E-04  1.055052E-06  2.236055E-07  2.023576E-03  5.339761E-08  2.204057E-07  4.410815E-08  4.565602E-02  1.234613E-06  1.215628E-07  1.004638E-07  2.586433E-04  3.516831E-04  4.440538E-07  1.970529E-07  2.571493E-07  2.360453E-07
 3.681500E+02  3.262931E-01  1.036437E-04  3.773022E-09  5.071310E-09  5.671643E-09  6.916047E-09  3.485057E-01  1.923682E-04  1.204353E-07  2.765900E-01  5.025209E-04  1.013891E-06  2.196107E-07  1.998755E-03  5.152529E-08  2.130676E-07  4.292662E-08  4.520626E-02  1.195838E-06  1.188249E-07  9.815410E-08  2.557619E-04  3.477694E-04  4.264835E-07  1.890861E-07  2.468153E-07  2.281172E-07
 3.691500E+02  3.265275E-01  1.028994E-04  3.692176E-09  4.963557E-09  5.551357E-09  6.770557E-09  3.485236E-01  1.900409E-04  1.154688E-07  2.768202E-01  4.972131E-04  9.745398E-07  2.157081E-07  1.974386E-03  4.972929E-08  2.060161E-07  4.178360E-08  4.476332E-02  1.158483E-06  1.161640E-07  9.591040E-08  2.529290E-04  3.439216E-04  4.096996E-07  1.814845E-07  2.369526E-07  2.204987E-07
 3.701500E+02  3.267583E-01  1.021646E-04  3.613527E-09  4.858711E-09  5.434313E-09  6.628964E-09  3.485411E-01  1.877566E-04  1.107350E-07  2.770469E-01  4.919870E-04  9.369106E-07  2.118954E-07  1.950460E-03  4.800612E-08  1.992385E-07  4.067766E-08  4.432709E-02  1.122489E-06  1.135776E-07  9.373051E-08  2.501435E-04  3.401381E-04  3.936632E-07  1.742295E-07  2.275374E-07  2.131761E-07
 3.711500E+02  3.269857E-01  1.014391E-04  3.537004E-09  4.756682E-09  5.320409E-09  6.491146E-09  3.485584E-01  1.855142E-04  1.062218E-07  2.772702E-01  4.868413E-04  9.009206E-07  2.081700E-07  1.926967E-03  4.635245E-08  1.927227E-07  3.960742E-08  4.389743E-02  1.087802E-06  1.110631E-07  9.161231E-08  2.474045E-04  3.364178E-04  3.783375E-07  1.673037E-07  2.185472E-07  2.061367E-07
 3.721500E+02  3.272095E-01  1.007229E-04  3.462540E-09  4.657381E-09  5.209546E-09  6.356986E-09  3.485753E-01  1.833129E-04  1.019177E-07  2.774901E-01  4.817743E-04  8.664911E-07  2.045297E-07  1.903897E-03  4.476512E-08  1.864574E-07  3.857153E-08  4.347423E-02  1.054368E-06  1.086184E-07  8.955379E-08  2.447109E-04  3.327593E-04  3.636877E-07  1.606905E-07  2.099607E-07  1.993680E-07
 3.731500E+02  3.274300E-01  1.000158E-04  3.390072E-09  4.560723E-09  5.101630E-09  6.226370E-09  3.485919E-01  1.811516E-04  9.781204E-08  2.777067E-01  4.767848E-04  8.335475E-07  2.009723E-07  1.881241E-03  4.324114E-08  1.804316E-07  3.756874E-08  4.305737E-02  1.022135E-06  1.062412E-07  8.755299E-08  2.420619E-04  3.291613E-04  3.496807E-07  1.543742E-07  2.017578E-07  1.928583E-07
