#         T/K            c1          c2-1          c3-4          c3-5          c3-7          c3-9            m1          m2-1          m3-1            w1            w2          w3-1          w3-2          c1m1        c1m2-1        c1m2-7        c2m1-1        c1w1-2        c1w2-1        c2w1-1        c2w1-9        m1w1-1        m1w1-4        m1w2-1        m2w1-1        m2w1-3      c1m1w1-1
 2.731500E+02  2.580911E-01  2.148403E-04  4.734953E-08  6.214740E-08  6.914392E-08  8.244552E-08  5.393335E-01  2.384373E-03  1.137759E-04  1.139591E-01  4.343384E-04  1.683729E-05  2.362452E-07  1.419452E-02  1.192841E-05  3.914091E-05  1.905488E-06  6.913629E-02  1.448265E-05  8.831393E-07  7.754898E-07  8.092839E-04  1.101654E-03  2.626505E-05  4.500800E-05  5.700323E-05  1.261288E-05
 2.741500E+02  2.587974E-01  2.120447E-04  4.545854E-08  5.968564E-08  6.640997E-08  7.921060E-08  5.395863E-01  2.328583E-03  1.050909E-04  1.145270E-01  4.282157E-04  1.578972E-05  2.301562E-07  1.386851E-02  1.115393E-05  3.671812E-05  1.810180E-06  6.805848E-02  1.372814E-05  8.483759E-07  7.443213E-07  7.944968E-04  1.081456E-03  2.451954E-05  4.180219E-05  5.296411E-05  1.186786E-05
 2.751500E+02  2.594895E-01  2.092956E-04  4.365375E-08  5.733527E-08  6.379953E-08  7.612081E-08  5.398309E-01  2.274508E-03  9.712703E-05  1.150846E-01  4.221679E-04  1.481135E-05  2.242264E-07  1.355204E-02  1.043482E-05  3.446134E-05  1.720242E-06  6.699952E-02  1.301616E-05  8.151445E-07  7.145532E-07  7.800362E-04  1.061707E-03  2.289866E-05  3.884360E-05  4.923502E-05  1.117099E-05
 2.761500E+02  2.601675E-01  2.065922E-04  4.193083E-08  5.509074E-08  6.130645E-08  7.316899E-08  5.400677E-01  2.222086E-03  8.981986E-05  1.156322E-01  4.161955E-04  1.389742E-05  2.184525E-07  1.324480E-02  9.766802E-06  3.235820E-05  1.635341E-06  6.595916E-02  1.234419E-05  7.833723E-07  6.861180E-07  7.658948E-04  1.042397E-03  2.139299E-05  3.611184E-05  4.579049E-05  1.051892E-05
 2.771500E+02  2.608317E-01  2.039339E-04  4.028570E-08  5.294682E-08  5.892493E-08  7.034837E-08  5.402970E-01  2.171258E-03  8.311123E-05  1.161698E-01  4.102992E-04  1.304348E-05  2.128313E-07  1.294646E-02  9.145935E-06  3.039732E-05  1.555168E-06  6.493717E-02  1.170983E-05  7.529904E-07  6.589512E-07  7.520657E-04  1.023517E-03  1.999382E-05  3.358831E-05  4.260730E-05  9.908560E-06
 2.781500E+02  2.614824E-01  2.013199E-04  3.871450E-08  5.089854E-08  5.664949E-08  6.765252E-08  5.405190E-01  2.121966E-03  7.694840E-05  1.166975E-01  4.044793E-04  1.224539E-05  2.073595E-07  1.265673E-02  8.568612E-06  2.856824E-05  1.479433E-06  6.393329E-02  1.111086E-05  7.239330E-07  6.329918E-07  7.385419E-04  1.005056E-03  1.869315E-05  3.125601E-05  3.966419E-05  9.337031E-06
 2.791500E+02  2.621199E-01  1.987497E-04  3.721356E-08  4.894121E-08  5.447490E-08  6.507536E-08  5.407342E-01  2.074155E-03  7.128360E-05  1.172157E-01  3.987361E-04  1.149933E-05  2.020336E-07  1.237533E-02  8.031519E-06  2.686130E-05  1.407866E-06  6.294729E-02  1.054518E-05  6.961379E-07  6.081818E-07  7.253164E-04  9.870045E-04  1.748363E-05  2.909943E-05  3.694178E-05  8.801674E-06
 2.801500E+02  2.627444E-01  1.962225E-04  3.577943E-08  4.707036E-08  5.239625E-08  6.261114E-08  5.409428E-01  2.027773E-03  6.607351E-05  1.177243E-01  3.930699E-04  1.080174E-05  1.968504E-07  1.210197E-02  7.531613E-06  2.526762E-05  1.340215E-06  6.197891E-02  1.001082E-05  6.695458E-07  5.844663E-07  7.123824E-04  9.693538E-04  1.635846E-05  2.710438E-05  3.442233E-05  8.300022E-06
 2.811500E+02  2.633562E-01  1.937378E-04  3.440883E-08  4.528178E-08  5.040887E-08  6.025438E-08  5.411449E-01  1.982768E-03  6.127884E-05  1.182236E-01  3.874808E-04  1.014932E-05  1.918067E-07  1.183640E-02  7.066098E-06  2.377902E-05  1.276244E-06  6.102789E-02  9.505937E-06  6.441003E-07  5.617929E-07  6.997335E-04  9.520943E-04  1.531139E-05  2.525789E-05  3.208961E-05  7.829786E-06
 2.821500E+02  2.639556E-01  1.912947E-04  3.309864E-08  4.357149E-08  4.850832E-08  5.799991E-08  5.413409E-01  1.939094E-03  5.686390E-05  1.187138E-01  3.819688E-04  9.538975E-06  1.868991E-07  1.157835E-02  6.632403E-06  2.238793E-05  1.215732E-06  6.009399E-02  9.028802E-06  6.197479E-07  5.401119E-07  6.873630E-04  9.352171E-04  1.433664E-05  2.354810E-05  2.992877E-05  7.388843E-06
 2.831500E+02  2.645429E-01  1.888927E-04  3.184592E-08  4.193568E-08  4.669042E-08  5.584282E-08  5.415311E-01  1.896702E-03  5.279629E-05  1.191949E-01  3.765339E-04  8.967866E-06  1.821245E-07  1.132758E-02  6.228164E-06  2.108739E-05  1.158475E-06  5.917695E-02  8.577789E-06  5.964375E-07  5.193764E-07  6.752645E-04  9.187131E-04  1.342889E-05  2.196415E-05  2.792622E-05  6.975223E-06
 2.841500E+02  2.651182E-01  1.865310E-04  3.064790E-08  4.037078E-08  4.495119E-08  5.377847E-08  5.417155E-01  1.855547E-03  4.904655E-05  1.196671E-01  3.711759E-04  8.433332E-06  1.774796E-07  1.108384E-02  5.851205E-06  1.987096E-05  1.104277E-06  5.827650E-02  8.151372E-06  5.741208E-07  4.995415E-07  6.634317E-04  9.025737E-04  1.258325E-05  2.049611E-05  2.606952E-05  6.587097E-06
 2.851500E+02  2.656818E-01  1.842091E-04  2.950191E-08  3.887338E-08  4.328687E-08  5.180242E-08  5.418945E-01  1.815588E-03  4.558788E-05  1.201305E-01  3.658948E-04  7.932906E-06  1.729612E-07  1.084692E-02  5.499523E-06  1.873271E-05  1.052960E-06  5.739240E-02  7.748120E-06  5.527517E-07  4.805646E-07  6.518585E-04  8.867904E-04  1.179518E-05  1.913485E-05  2.434725E-05  6.222767E-06
 2.861500E+02  2.662341E-01  1.819263E-04  2.840547E-08  3.744025E-08  4.169387E-08  4.991051E-08  5.420683E-01  1.776782E-03  4.239591E-05  1.205854E-01  3.606901E-04  7.464294E-06  1.685662E-07  1.061658E-02  5.171272E-06  1.766714E-05  1.004354E-06  5.652437E-02  7.366688E-06  5.322864E-07  4.624054E-07  6.405389E-04  8.713547E-04  1.106050E-05  1.787205E-05  2.274894E-05  5.880654E-06
 2.871500E+02  2.667751E-01  1.796819E-04  2.735620E-08  3.606834E-08  4.016880E-08  4.809874E-08  5.422370E-01  1.739089E-03  3.944845E-05  1.210319E-01  3.555616E-04  7.025361E-06  1.642915E-07  1.039262E-02  4.864753E-06  1.666918E-05  9.583014E-07  5.567217E-02  7.005814E-06  5.126832E-07  4.450254E-07  6.294670E-04  8.562584E-04  1.037535E-05  1.670004E-05  2.126502E-05  5.559294E-06
 2.881500E+02  2.673052E-01  1.774753E-04  2.635184E-08  3.475475E-08  3.870846E-08  4.636336E-08  5.424008E-01  1.702472E-03  3.672527E-05  1.214701E-01  3.505090E-04  6.614122E-06  1.601340E-07  1.017483E-02  4.578398E-06  1.573414E-05  9.146531E-07  5.483553E-02  6.664312E-06  4.939026E-07  4.283883E-07  6.186368E-04  8.414936E-04  9.736167E-06  1.561181E-05  1.988667E-05  5.257323E-06
 2.891500E+02  2.678246E-01  1.753059E-04  2.539026E-08  3.349671E-08  3.730979E-08  4.470079E-08  5.425599E-01  1.666893E-03  3.420793E-05  1.219001E-01  3.455318E-04  6.228731E-06  1.560908E-07  9.962999E-03  4.310761E-06  1.485768E-05  8.732707E-07  5.401419E-02  6.341069E-06  4.759068E-07  4.124593E-07  6.080429E-04  8.270525E-04  9.139659E-06  1.460092E-05  1.860582E-05  4.973473E-06
 2.901500E+02  2.683335E-01  1.731731E-04  2.446944E-08  3.229163E-08  3.596990E-08  4.310762E-08  5.427145E-01  1.632318E-03  3.187964E-05  1.223221E-01  3.406294E-04  5.867470E-06  1.521588E-07  9.756949E-03  4.060508E-06  1.403578E-05  8.340240E-07  5.320790E-02  6.035039E-06  4.586599E-07  3.972055E-07  5.976795E-04  8.129272E-04  8.582780E-06  1.366146E-05  1.741503E-05  4.706567E-06
 2.911500E+02  2.688322E-01  1.710761E-04  2.358746E-08  3.113701E-08  3.468604E-08  4.158064E-08  5.428648E-01  1.598712E-03  2.972503E-05  1.227363E-01  3.358015E-04  5.528741E-06  1.483352E-07  9.556492E-03  3.826406E-06  1.326473E-05  7.967910E-07  5.241641E-02  5.745237E-06  4.421280E-07  3.825956E-07  5.875414E-04  7.991103E-04  8.062715E-06  1.278798E-05  1.630750E-05  4.455508E-06
 2.921500E+02  2.693208E-01  1.690145E-04  2.274248E-08  3.003051E-08  3.345560E-08  4.011678E-08  5.430108E-01  1.566042E-03  2.773010E-05  1.231428E-01  3.310474E-04  5.211056E-06  1.446172E-07  9.361449E-03  3.607319E-06  1.254106E-05  7.614572E-07  5.163945E-02  5.470741E-06  4.262784E-07  3.685998E-07  5.776231E-04  7.855945E-04  7.576861E-06  1.197550E-05  1.527694E-05  4.219275E-06
 2.931500E+02  2.697995E-01  1.669875E-04  2.193279E-08  2.896990E-08  3.227610E-08  3.871314E-08  5.431527E-01  1.534278E-03  2.588205E-05  1.235417E-01  3.263666E-04  4.913029E-06  1.410017E-07  9.171648E-03  3.402194E-06  1.186160E-05  7.279152E-07  5.087678E-02  5.210681E-06  4.110804E-07  3.551898E-07  5.679194E-04  7.723726E-04  7.122809E-06  1.121944E-05  1.431759E-05  3.996917E-06
 2.941500E+02  2.702687E-01  1.649947E-04  2.115674E-08  2.795304E-08  3.114519E-08  3.736694E-08  5.432907E-01  1.503389E-03  2.416917E-05  1.239332E-01  3.217583E-04  4.633370E-06  1.374863E-07  8.986924E-03  3.210059E-06  1.122339E-05  6.960643E-07  5.012815E-02  4.964242E-06  3.965044E-07  3.423387E-07  5.584254E-04  7.594375E-04  6.698331E-06  1.051556E-05  1.342415E-05  3.787549E-06
 2.951500E+02  2.707284E-01  1.630353E-04  2.041277E-08  2.697793E-08  3.006064E-08  3.607557E-08  5.434250E-01  1.473345E-03  2.258077E-05  1.243174E-01  3.172220E-04  4.370879E-06  1.340681E-07  8.807117E-03  3.030016E-06  1.062366E-05  6.658098E-07  4.939330E-02  4.730656E-06  3.825226E-07  3.300210E-07  5.491360E-04  7.467825E-04  6.301363E-06  9.859987E-06  1.259174E-05  3.590347E-06
 2.961500E+02  2.711789E-01  1.611089E-04  1.969941E-08  2.604265E-08  2.902032E-08  3.483653E-08  5.435555E-01  1.444120E-03  2.110705E-05  1.246944E-01  3.127570E-04  4.124437E-06  1.307444E-07  8.632072E-03  2.861232E-06  1.005988E-05  6.370628E-07  4.867199E-02  4.509200E-06  3.691083E-07  3.182122E-07  5.400464E-04  7.344008E-04  5.929994E-06  9.249145E-06  1.181585E-05  3.404542E-06
 2.971500E+02  2.716204E-01  1.592148E-04  1.901523E-08  2.514538E-08  2.802222E-08  3.364745E-08  5.436826E-01  1.415686E-03  1.973903E-05  1.250644E-01  3.083624E-04  3.893001E-06  1.275128E-07  8.461641E-03  2.702937E-06  9.529686E-06  6.097399E-07  4.796398E-02  4.299197E-06  3.562362E-07  3.068893E-07  5.311518E-04  7.222858E-04  5.582454E-06  8.679739E-06  1.109234E-05  3.229418E-06
 2.981500E+02  2.720531E-01  1.573525E-04  1.835892E-08  2.428440E-08  2.706442E-08  3.250607E-08  5.438062E-01  1.388016E-03  1.846851E-05  1.254276E-01  3.040376E-04  3.675600E-06  1.243707E-07  8.295680E-03  2.554419E-06  9.030870E-06  5.837628E-07  4.726901E-02  4.100008E-06  3.438820E-07  2.960302E-07  5.224476E-04  7.104313E-04  5.257104E-06  8.148735E-06  1.041740E-05  3.064307E-06
 2.991500E+02  2.724772E-01  1.555213E-04  1.772919E-08  2.345806E-08  2.614510E-08  3.141025E-08  5.439265E-01  1.361088E-03  1.728795E-05  1.257839E-01  2.997818E-04  3.471329E-06  1.213155E-07  8.134050E-03  2.415014E-06  8.561396E-06  5.590575E-07  4.658687E-02  3.911030E-06  3.320228E-07  2.856140E-07  5.139292E-04  6.988309E-04  4.952421E-06  7.653337E-06  9.787497E-06  2.908585E-06
 3.001500E+02  2.728928E-01  1.537209E-04  1.712484E-08  2.266480E-08  2.526253E-08  3.035795E-08  5.440436E-01  1.334875E-03  1.619043E-05  1.261336E-01  2.955942E-04  3.279344E-06  1.183450E-07  7.976618E-03  2.284112E-06  8.119364E-06  5.355549E-07  4.591730E-02  3.731700E-06  3.206367E-07  2.756207E-07  5.055923E-04  6.874785E-04  4.666997E-06  7.190966E-06  9.199388E-06  2.761670E-06
 3.011500E+02  2.733002E-01  1.519505E-04  1.654474E-08  2.190314E-08  2.441505E-08  2.934724E-08  5.441576E-01  1.309356E-03  1.516964E-05  1.264769E-01  2.914741E-04  3.098857E-06  1.154567E-07  7.823255E-03  2.161144E-06  7.703011E-06  5.131898E-07  4.526007E-02  3.561485E-06  3.097028E-07  2.660314E-07  4.974326E-04  6.763683E-04  4.399523E-06  6.759241E-06  8.650074E-06  2.623020E-06
 3.021500E+02  2.736995E-01  1.502097E-04  1.598777E-08  2.117166E-08  2.360111E-08  2.837626E-08  5.442686E-01  1.284507E-03  1.421974E-05  1.268137E-01  2.874205E-04  2.929135E-06  1.126483E-07  7.673835E-03  2.045583E-06  7.310694E-06  4.919007E-07  4.461496E-02  3.399883E-06  2.992012E-07  2.568280E-07  4.894458E-04  6.654944E-04  4.148787E-06  6.355968E-06  8.136788E-06  2.492127E-06
 3.031500E+02  2.740909E-01  1.484979E-04  1.545292E-08  2.046902E-08  2.281921E-08  2.744326E-08  5.443767E-01  1.260308E-03  1.333539E-05  1.271443E-01  2.834327E-04  2.769494E-06  1.099175E-07  7.528238E-03  1.936940E-06  6.940886E-06  4.716301E-07  4.398173E-02  3.246423E-06  2.891131E-07  2.479933E-07  4.816277E-04  6.548512E-04  3.913662E-06  5.979117E-06  7.656971E-06  2.368518E-06
 3.041500E+02  2.744746E-01  1.468146E-04  1.493918E-08  1.979394E-08  2.206794E-08  2.654658E-08  5.444821E-01  1.236738E-03  1.251167E-05  1.274687E-01  2.795099E-04  2.619293E-06  1.072623E-07  7.386349E-03  1.834759E-06  6.592163E-06  4.523234E-07  4.336016E-02  3.100660E-06  2.794204E-07  2.395111E-07  4.739745E-04  6.444332E-04  3.693103E-06  5.626816E-06  7.208263E-06  2.251751E-06
 3.051500E+02  2.748507E-01  1.451593E-04  1.444564E-08  1.914520E-08  2.134594E-08  2.568461E-08  5.445847E-01  1.213778E-03  1.174408E-05  1.277872E-01  2.756511E-04  2.477939E-06  1.046803E-07  7.248055E-03  1.738620E-06  6.263201E-06  4.339297E-07  4.275003E-02  2.962177E-06  2.701059E-07  2.313656E-07  4.664821E-04  6.342349E-04  3.486138E-06  5.297335E-06  6.788479E-06  2.141412E-06
 3.061500E+02  2.752195E-01  1.435315E-04  1.397138E-08  1.852166E-08  2.065194E-08  2.485585E-08  5.446847E-01  1.191407E-03  1.102845E-05  1.280997E-01  2.718555E-04  2.344873E-06  1.021696E-07  7.113247E-03  1.648130E-06  5.952766E-06  4.164006E-07  4.215112E-02  2.830578E-06  2.611531E-07  2.235420E-07  4.591469E-04  6.242511E-04  3.291865E-06  4.989071E-06  6.395599E-06  2.037115E-06
 3.071500E+02  2.755809E-01  1.419307E-04  1.351557E-08  1.792220E-08  1.998470E-08  2.405886E-08  5.447821E-01  1.169607E-03  1.036097E-05  1.284065E-01  2.681222E-04  2.219577E-06  9.972815E-08  6.981820E-03  1.562925E-06  5.659706E-06  3.996908E-07  4.156322E-02  2.705493E-06  2.525466E-07  2.160263E-07  4.519649E-04  6.144767E-04  3.109446E-06  4.700547E-06  6.027756E-06  1.938497E-06
 3.081500E+02  2.759354E-01  1.403563E-04  1.307740E-08  1.734578E-08  1.934307E-08  2.329226E-08  5.448771E-01  1.148361E-03  9.738108E-06  1.287076E-01  2.644505E-04  2.101565E-06  9.735389E-08  6.853675E-03  1.482665E-06  5.382948E-06  3.837574E-07  4.098610E-02  2.586571E-06  2.442714E-07  2.088049E-07  4.449326E-04  6.049067E-04  2.938101E-06  4.430391E-06  5.683218E-06  1.845220E-06
 3.091500E+02  2.762829E-01  1.388080E-04  1.265609E-08  1.679140E-08  1.872593E-08  2.255474E-08  5.449697E-01  1.127652E-03  9.156620E-06  1.290031E-01  2.608393E-04  1.990384E-06  9.504493E-08  6.728712E-03  1.407035E-06  5.121492E-06  3.685601E-07  4.041957E-02  2.473482E-06  2.363132E-07  2.018650E-07  4.380465E-04  5.955361E-04  2.777105E-06  4.177337E-06  5.360386E-06  1.756968E-06
 3.101500E+02  2.766236E-01  1.372852E-04  1.225091E-08  1.625810E-08  1.813224E-08  2.184506E-08  5.450600E-01  1.107463E-03  8.613516E-06  1.292932E-01  2.572879E-04  1.885612E-06  9.279939E-08  6.606838E-03  1.335741E-06  4.874402E-06  3.540608E-07  3.986342E-02  2.365915E-06  2.286586E-07  1.951945E-07  4.313030E-04  5.863604E-04  2.625785E-06  3.940210E-06  5.057775E-06  1.673445E-06
 3.111500E+02  2.769577E-01  1.357875E-04  1.186117E-08  1.574499E-08  1.756098E-08  2.116203E-08  5.451480E-01  1.087777E-03  8.106040E-06  1.295779E-01  2.537954E-04  1.786851E-06  9.061544E-08  6.487961E-03  1.268509E-06  4.640807E-06  3.402237E-07  3.931745E-02  2.263576E-06  2.212947E-07  1.887816E-07  4.246988E-04  5.773747E-04  2.483512E-06  3.717923E-06  4.774011E-06  1.594373E-06
 3.121500E+02  2.772853E-01  1.343144E-04  1.148621E-08  1.525120E-08  1.701119E-08  2.050451E-08  5.452339E-01  1.068581E-03  7.631645E-06  1.298574E-01  2.503608E-04  1.693733E-06  8.849131E-08  6.371993E-03  1.205085E-06  4.419892E-06  3.270148E-07  3.878145E-02  2.166189E-06  2.142090E-07  1.826153E-07  4.182306E-04  5.685747E-04  2.349702E-06  3.509468E-06  4.507819E-06  1.519491E-06
 3.131500E+02  2.776066E-01  1.328654E-04  1.112538E-08  1.477590E-08  1.648197E-08  1.987143E-08  5.453177E-01  1.049858E-03  7.187983E-06  1.301318E-01  2.469833E-04  1.605911E-06  8.642527E-08  6.258849E-03  1.145232E-06  4.210896E-06  3.144022E-07  3.825524E-02  2.073493E-06  2.073899E-07  1.766849E-07  4.118953E-04  5.599558E-04  2.223812E-06  3.313911E-06  4.258018E-06  1.448558E-06
 3.141500E+02  2.779217E-01  1.314401E-04  1.077808E-08  1.431831E-08  1.597243E-08  1.926176E-08  5.453994E-01  1.031594E-03  6.772885E-06  1.304011E-01  2.436621E-04  1.523063E-06  8.441563E-08  6.148446E-03  1.088727E-06  4.013107E-06  3.023556E-07  3.773861E-02  1.985241E-06  2.008262E-07  1.709805E-07  4.056895E-04  5.515138E-04  2.105336E-06  3.130385E-06  4.023511E-06  1.381343E-06
 3.151500E+02  2.782307E-01  1.300381E-04  1.044374E-08  1.387768E-08  1.548176E-08  1.867452E-08  5.454791E-01  1.013777E-03  6.384345E-06  1.306655E-01  2.403962E-04  1.444886E-06  8.246076E-08  6.040705E-03  1.035365E-06  3.825860E-06  2.908467E-07  3.723139E-02  1.901201E-06  1.945072E-07  1.654923E-07  3.996104E-04  5.432445E-04  1.993800E-06  2.958085E-06  3.803280E-06  1.317634E-06
 3.161500E+02  2.785338E-01  1.286590E-04  1.012182E-08  1.345331E-08  1.500916E-08  1.810876E-08  5.455569E-01  9.963914E-04  6.020512E-06  1.309251E-01  2.371849E-04  1.371097E-06  8.055906E-08  5.935549E-03  9.849522E-07  3.648534E-06  2.798484E-07  3.673337E-02  1.821153E-06  1.884226E-07  1.602112E-07  3.936549E-04  5.351439E-04  1.888766E-06  2.796267E-06  3.596381E-06  1.257229E-06
 3.171500E+02  2.788311E-01  1.273022E-04  9.811785E-09  1.304450E-08  1.455387E-08  1.756361E-08  5.456329E-01  9.794257E-04  5.679672E-06  1.311800E-01  2.340271E-04  1.301432E-06  7.870901E-08  5.832902E-03  9.373095E-07  3.480545E-06  2.693352E-07  3.624440E-02  1.744891E-06  1.825626E-07  1.551285E-07  3.878201E-04  5.272078E-04  1.789824E-06  2.644236E-06  3.401935E-06  1.199941E-06
 3.181500E+02  2.791228E-01  1.259675E-04  9.513141E-09  1.265061E-08  1.411517E-08  1.703820E-08  5.457070E-01  9.628670E-04  5.360239E-06  1.314302E-01  2.309222E-04  1.235642E-06  7.690908E-08  5.732694E-03  8.922689E-07  3.321349E-06  2.592832E-07  3.576427E-02  1.672218E-06  1.769181E-07  1.502358E-07  3.821033E-04  5.194326E-04  1.696590E-06  2.501348E-06  3.219127E-06  1.145592E-06
 3.191500E+02  2.794088E-01  1.246544E-04  9.225412E-09  1.227103E-08  1.369239E-08  1.653172E-08  5.457794E-01  9.467034E-04  5.060746E-06  1.316759E-01  2.278692E-04  1.173496E-06  7.515783E-08  5.634854E-03  8.496734E-07  3.170436E-06  2.496696E-07  3.529282E-02  1.602949E-06  1.714800E-07  1.455251E-07  3.765015E-04  5.118143E-04  1.608709E-06  2.367006E-06  3.047199E-06  1.094017E-06
 3.201500E+02  2.796895E-01  1.233624E-04  8.948146E-09  1.190516E-08  1.328485E-08  1.604340E-08  5.458500E-01  9.309234E-04  4.779834E-06  1.319171E-01  2.248672E-04  1.114776E-06  7.345384E-08  5.539316E-03  8.093764E-07  3.027328E-06  2.404728E-07  3.482987E-02  1.536910E-06  1.662399E-07  1.409888E-07  3.710121E-04  5.043492E-04  1.525847E-06  2.240653E-06  2.885445E-06  1.045059E-06
 3.211500E+02  2.799648E-01  1.220913E-04  8.680908E-09  1.155243E-08  1.289193E-08  1.557250E-08  5.459191E-01  9.155157E-04  4.516245E-06  1.321540E-01  2.219156E-04  1.059279E-06  7.179573E-08  5.446013E-03  7.712410E-07  2.891577E-06  2.316726E-07  3.437526E-02  1.473937E-06  1.611898E-07  1.366197E-07  3.656326E-04  4.970339E-04  1.447694E-06  2.121772E-06  2.733210E-06  9.985741E-07
 3.221500E+02  2.802350E-01  1.208406E-04  8.423287E-09  1.121232E-08  1.251304E-08  1.511830E-08  5.459865E-01  9.004695E-04  4.268810E-06  1.323866E-01  2.190133E-04  1.006815E-06  7.018217E-08  5.354883E-03  7.351390E-07  2.762763E-06  2.232496E-07  3.392882E-02  1.413873E-06  1.563218E-07  1.324108E-07  3.603603E-04  4.898647E-04  1.373959E-06  2.009882E-06  2.589884E-06  9.544230E-07
 3.231500E+02  2.805000E-01  1.196100E-04  8.174889E-09  1.088430E-08  1.214761E-08  1.468013E-08  5.460523E-01  8.857745E-04  4.036449E-06  1.326150E-01  2.161596E-04  9.572043E-07  6.861185E-08  5.265864E-03  7.009505E-07  2.640492E-06  2.151857E-07  3.349038E-02  1.356570E-06  1.516285E-07  1.283556E-07  3.551928E-04  4.828383E-04  1.304372E-06  1.904534E-06  2.454897E-06  9.124772E-07
 3.241500E+02  2.807601E-01  1.183990E-04  7.935337E-09  1.056789E-08  1.179509E-08  1.425735E-08  5.461166E-01  8.714204E-04  3.818157E-06  1.328393E-01  2.133537E-04  9.102800E-07  6.708353E-08  5.178898E-03  6.685634E-07  2.524395E-06  2.074635E-07  3.305979E-02  1.301890E-06  1.471029E-07  1.244477E-07  3.501276E-04  4.759513E-04  1.238680E-06  1.805312E-06  2.327722E-06  8.726152E-07
 3.251500E+02  2.810153E-01  1.172073E-04  7.704271E-09  1.026261E-08  1.145496E-08  1.384934E-08  5.461795E-01  8.573976E-04  3.613003E-06  1.330596E-01  2.105947E-04  8.658851E-07  6.559597E-08  5.093928E-03  6.378726E-07  2.414127E-06  2.000668E-07  3.263688E-02  1.249701E-06  1.427382E-07  1.206811E-07  3.451623E-04  4.692005E-04  1.176645E-06  1.711828E-06  2.207864E-06  8.347229E-07
 3.261500E+02  2.812658E-01  1.160346E-04  7.481349E-09  9.968023E-09  1.112672E-08  1.345550E-08  5.462409E-01  8.436966E-04  3.420122E-06  1.332759E-01  2.078820E-04  8.238723E-07  6.414800E-08  5.010897E-03  6.087799E-07  2.309360E-06  1.929800E-07  3.222151E-02  1.199877E-06  1.385280E-07  1.170500E-07  3.402946E-04  4.625827E-04  1.118047E-06  1.623719E-06  2.094865E-06  7.986930E-07
 3.271500E+02  2.815116E-01  1.148806E-04  7.266243E-09  9.683698E-09  1.080990E-08  1.307529E-08  5.463009E-01  8.303084E-04  3.238710E-06  1.334884E-01  2.052146E-04  7.841035E-07  6.273845E-08  4.929753E-03  5.811930E-07  2.209791E-06  1.861885E-07  3.181352E-02  1.152302E-06  1.344661E-07  1.135490E-07  3.355224E-04  4.560949E-04  1.062679E-06  1.540648E-06  1.988296E-06  7.644244E-07
 3.281500E+02  2.817528E-01  1.137447E-04  7.058640E-09  9.409226E-09  1.050404E-08  1.270814E-08  5.463595E-01  8.172241E-04  3.068021E-06  1.336971E-01  2.025918E-04  7.464492E-07  6.136621E-08  4.850443E-03  5.550257E-07  2.115132E-06  1.796784E-07  3.141277E-02  1.106864E-06  1.305465E-07  1.101727E-07  3.308433E-04  4.497340E-04  1.010346E-06  1.462301E-06  1.887757E-06  7.318220E-07
 3.291500E+02  2.819896E-01  1.126268E-04  6.858240E-09  9.144217E-09  1.020871E-08  1.235356E-08  5.464169E-01  8.044352E-04  2.907362E-06  1.339021E-01  2.000128E-04  7.107879E-07  6.003020E-08  4.772918E-03  5.301970E-07  2.025114E-06  1.734365E-07  3.101911E-02  1.063456E-06  1.267637E-07  1.069161E-07  3.262553E-04  4.434971E-04  9.608695E-07  1.388385E-06  1.792875E-06  7.007965E-07
 3.301500E+02  2.822220E-01  1.115265E-04  6.664757E-09  8.888295E-09  9.923499E-09  1.201105E-08  5.464729E-01  7.919334E-04  2.756085E-06  1.341034E-01  1.974769E-04  6.770054E-07  5.872937E-08  4.697128E-03  5.066309E-07  1.939483E-06  1.674504E-07  3.063239E-02  1.021980E-06  1.231122E-07  1.037745E-07  3.217562E-04  4.373814E-04  9.140782E-07  1.318625E-06  1.703304E-06  6.712634E-07
 3.311500E+02  2.824502E-01  1.104435E-04  6.477919E-09  8.641106E-09  9.648003E-09  1.168014E-08  5.465278E-01  7.797108E-04  2.613592E-06  1.343012E-01  1.949833E-04  6.449946E-07  5.746269E-08  4.623026E-03  4.842564E-07  1.858000E-06  1.617080E-07  3.025248E-02  9.823396E-07  1.195868E-07  1.007432E-07  3.173440E-04  4.313840E-04  8.698141E-07  1.252767E-06  1.618717E-06  6.431435E-07
 3.321500E+02  2.826742E-01  1.093774E-04  6.297463E-09  8.402306E-09  9.381844E-09  1.136038E-08  5.465814E-01  7.677597E-04  2.479324E-06  1.344955E-01  1.925313E-04  6.146549E-07  5.622918E-08  4.550567E-03  4.630064E-07  1.780443E-06  1.561983E-07  2.987925E-02  9.444463E-07  1.161827E-07  9.781792E-08  3.130168E-04  4.255023E-04  8.279284E-07  1.190572E-06  1.538812E-06  6.163619E-07
 3.331500E+02  2.828941E-01  1.083279E-04  6.123139E-09  8.171570E-09  9.124659E-09  1.105133E-08  5.466338E-01  7.560726E-04  2.352759E-06  1.346864E-01  1.901201E-04  5.858918E-07  5.502787E-08  4.479706E-03  4.428184E-07  1.706600E-06  1.509105E-07  2.951255E-02  9.082148E-07  1.128951E-07  9.499437E-08  3.087725E-04  4.197336E-04  7.882821E-07  1.131818E-06  1.463305E-06  5.908482E-07
 3.341500E+02  2.831099E-01  1.072948E-04  5.954709E-09  7.948584E-09  8.876102E-09  1.075259E-08  5.466851E-01  7.446424E-04  2.233413E-06  1.348740E-01  1.877490E-04  5.586164E-07  5.385783E-08  4.410401E-03  4.236334E-07  1.636273E-06  1.458345E-07  2.915226E-02  8.735647E-07  1.097194E-07  9.226857E-08  3.046094E-04  4.140753E-04  7.507446E-07  1.076295E-06  1.391931E-06  5.665359E-07
 3.351500E+02  2.833219E-01  1.062777E-04  5.791944E-09  7.733050E-09  8.635838E-09  1.046375E-08  5.467352E-01  7.334619E-04  2.120834E-06  1.350583E-01  1.854174E-04  5.327453E-07  5.271817E-08  4.342609E-03  4.053960E-07  1.569275E-06  1.409607E-07  2.879825E-02  8.404198E-07  1.066514E-07  8.963667E-08  3.005255E-04  4.085249E-04  7.151936E-07  1.023810E-06  1.324443E-06  5.433624E-07
 3.361500E+02  2.835301E-01  1.052764E-04  5.634625E-09  7.524681E-09  8.403552E-09  1.018445E-08  5.467843E-01  7.225245E-04  2.014602E-06  1.352393E-01  1.831244E-04  5.082002E-07  5.160799E-08  4.276292E-03  3.880542E-07  1.505430E-06  1.362799E-07  2.845039E-02  8.087079E-07  1.036868E-07  8.709500E-08  2.965191E-04  4.030800E-04  6.815146E-07  9.741803E-07  1.260608E-06  5.212685E-07
 3.371500E+02  2.837345E-01  1.042905E-04  5.482542E-09  7.323204E-09  8.178937E-09  9.914313E-09  5.468323E-01  7.118235E-04  1.914323E-06  1.354173E-01  1.808695E-04  4.849071E-07  5.052646E-08  4.211409E-03  3.715592E-07  1.444572E-06  1.317835E-07  2.810855E-02  7.783605E-07  1.008217E-07  8.464004E-08  2.925885E-04  3.977382E-04  6.496001E-07  9.272364E-07  1.200211E-06  5.001986E-07
 3.381500E+02  2.839352E-01  1.033198E-04  5.335495E-09  7.128355E-09  7.961701E-09  9.653000E-09  5.468793E-01  7.013528E-04  1.819631E-06  1.355921E-01  1.786519E-04  4.627968E-07  4.947275E-08  4.147922E-03  3.558649E-07  1.386545E-06  1.274632E-07  2.777263E-02  7.493126E-07  9.805238E-08  8.226843E-08  2.887318E-04  3.924971E-04  6.193490E-07  8.828188E-07  1.143047E-06  4.800999E-07
 3.391500E+02  2.841323E-01  1.023640E-04  5.193292E-09  6.939885E-09  7.751567E-09  9.400176E-09  5.469253E-01  6.911060E-04  1.730185E-06  1.357639E-01  1.764710E-04  4.418041E-07  4.844606E-08  4.085796E-03  3.409282E-07  1.331203E-06  1.233112E-07  2.744250E-02  7.215027E-07  9.537508E-08  7.997695E-08  2.849475E-04  3.873545E-04  5.906668E-07  8.407786E-07  1.088929E-06  4.609228E-07
 3.401500E+02  2.843259E-01  1.014227E-04  5.055749E-09  6.757551E-09  7.548266E-09  9.155525E-09  5.469703E-01  6.810772E-04  1.645664E-06  1.359328E-01  1.743261E-04  4.218675E-07  4.744561E-08  4.024994E-03  3.267082E-07  1.278405E-06  1.193200E-07  2.711804E-02  6.948723E-07  9.278635E-08  7.776252E-08  2.812340E-04  3.823082E-04  5.634646E-07  8.009764E-07  1.037677E-06  4.426204E-07
 3.411500E+02  2.845161E-01  1.004959E-04  4.922690E-09  6.581125E-09  7.351541E-09  8.918740E-09  5.470144E-01  6.712608E-04  1.565771E-06  1.360987E-01  1.722165E-04  4.029292E-07  4.647065E-08  3.965482E-03  3.131669E-07  1.228022E-06  1.154826E-07  2.679915E-02  6.693660E-07  9.028283E-08  7.562217E-08  2.775896E-04  3.773560E-04  5.376590E-07  7.632814E-07  9.891247E-07  4.251485E-07
 3.421500E+02  2.847029E-01  9.958313E-05  4.793947E-09  6.410384E-09  7.161148E-09  8.689530E-09  5.470575E-01  6.616511E-04  1.490228E-06  1.362618E-01  1.701417E-04  3.849349E-07  4.552046E-08  3.907227E-03  3.002679E-07  1.179930E-06  1.117922E-07  2.648570E-02  6.449313E-07  8.786134E-08  7.355309E-08  2.740129E-04  3.724958E-04  5.131716E-07  7.275715E-07  9.431166E-07  4.084650E-07
 3.431500E+02  2.848864E-01  9.868421E-05  4.669358E-09  6.245117E-09  6.976851E-09  8.467615E-09  5.470998E-01  6.522426E-04  1.418773E-06  1.364221E-01  1.681010E-04  3.678334E-07  4.459432E-08  3.850196E-03  2.879775E-07  1.134011E-06  1.082423E-07  2.617760E-02  6.215182E-07  8.551880E-08  7.155257E-08  2.705022E-04  3.677255E-04  4.899288E-07  6.937318E-07  8.995062E-07  3.925306E-07
 3.441500E+02  2.850667E-01  9.779887E-05  4.548769E-09  6.085122E-09  6.798424E-09  8.252727E-09  5.471411E-01  6.430302E-04  1.351164E-06  1.365797E-01  1.660937E-04  3.515765E-07  4.369155E-08  3.794357E-03  2.762637E-07  1.090157E-06  1.048270E-07  2.587473E-02  5.990792E-07  8.325226E-08  6.961802E-08  2.670562E-04  3.630432E-04  4.678614E-07  6.616548E-07  8.581562E-07  3.773078E-07
 3.451500E+02  2.852438E-01  9.692687E-05  4.432030E-09  5.930205E-09  6.625651E-09  8.044607E-09  5.471817E-01  6.340088E-04  1.287173E-06  1.367346E-01  1.641193E-04  3.361186E-07  4.281149E-08  3.739681E-03  2.650961E-07  1.048262E-06  1.015403E-07  2.557699E-02  5.775695E-07  8.105890E-08  6.774693E-08  2.636734E-04  3.584469E-04  4.469043E-07  6.312398E-07  8.189379E-07  3.627612E-07
 3.461500E+02  2.854178E-01  9.606796E-05  4.319000E-09  5.780177E-09  6.458326E-09  7.843009E-09  5.472213E-01  6.251734E-04  1.226586E-06  1.368869E-01  1.621772E-04  3.214171E-07  4.195349E-08  3.686136E-03  2.544466E-07  1.008230E-06  9.837682E-08  2.528429E-02  5.569462E-07  7.893602E-08  6.593695E-08  2.603525E-04  3.539347E-04  4.269964E-07  6.023922E-07  7.817306E-07  3.488574E-07
 3.471500E+02  2.855888E-01  9.522192E-05  4.209542E-09  5.634862E-09  6.296248E-09  7.647697E-09  5.472602E-01  6.165192E-04  1.169204E-06  1.370366E-01  1.602668E-04  3.074315E-07  4.111692E-08  3.633696E-03  2.442881E-07  9.699668E-07  9.533121E-08  2.499651E-02  5.371688E-07  7.688102E-08  6.418578E-08  2.570920E-04  3.495048E-04  4.080801E-07  5.750232E-07  7.464209E-07  3.355649E-07
 3.481500E+02  2.857568E-01  9.438850E-05  4.103527E-09  5.494088E-09  6.139228E-09  7.458442E-09  5.472983E-01  6.080417E-04  1.114840E-06  1.371838E-01  1.583875E-04  2.941238E-07  4.030119E-08  3.582331E-03  2.345956E-07  9.333850E-07  9.239847E-08  2.471356E-02  5.181987E-07  7.489141E-08  6.249123E-08  2.538906E-04  3.451553E-04  3.901014E-07  5.490495E-07  7.129024E-07  3.228536E-07
 3.491500E+02  2.859219E-01  9.356749E-05  4.000828E-09  5.357689E-09  5.987082E-09  7.275028E-09  5.473356E-01  5.997362E-04  1.063320E-06  1.373285E-01  1.565387E-04  2.814582E-07  3.950570E-08  3.532014E-03  2.253450E-07  8.984017E-07  8.957384E-08  2.443535E-02  4.999992E-07  7.296480E-08  6.085121E-08  2.507471E-04  3.408845E-04  3.730094E-07  5.243930E-07  6.810751E-07  3.106953E-07
 3.501500E+02  2.860842E-01  9.275866E-05  3.901325E-09  5.225509E-09  5.839635E-09  7.097244E-09  5.473721E-01  5.915986E-04  1.014479E-06  1.374708E-01  1.547200E-04  2.694009E-07  3.872988E-08  3.482720E-03  2.165139E-07  8.649385E-07  8.685275E-08  2.416179E-02  4.825355E-07  7.109891E-08  5.926371E-08  2.476602E-04  3.366907E-04  3.567560E-07  5.009801E-07  6.508451E-07  2.990631E-07
 3.511500E+02  2.862437E-01  9.196178E-05  3.804903E-09  5.097397E-09  5.696719E-09  6.924891E-09  5.474079E-01  5.836244E-04  9.681636E-07  1.376107E-01  1.529306E-04  2.579200E-07  3.797318E-08  3.434423E-03  2.080810E-07  8.329212E-07  8.423087E-08  2.389277E-02  4.657745E-07  6.929153E-08  5.772679E-08  2.446287E-04  3.325721E-04  3.412961E-07  4.787419E-07  6.221243E-07  2.879316E-07
 3.521500E+02  2.864004E-01  9.117666E-05  3.711451E-09  4.973205E-09  5.558172E-09  6.757776E-09  5.474430E-01  5.758097E-04  9.242303E-07  1.377483E-01  1.511702E-04  2.469853E-07  3.723506E-08  3.387098E-03  2.000263E-07  8.022797E-07  8.170407E-08  2.362822E-02  4.496846E-07  6.754056E-08  5.623861E-08  2.416513E-04  3.285272E-04  3.265874E-07  4.576135E-07  5.948295E-07  2.772769E-07
 3.531500E+02  2.865545E-01  9.040307E-05  3.620863E-09  4.852796E-09  5.423838E-09  6.595712E-09  5.474774E-01  5.681505E-04  8.825436E-07  1.378837E-01  1.494381E-04  2.365684E-07  3.651501E-08  3.340720E-03  1.923308E-07  7.729475E-07  7.926840E-08  2.336804E-02  4.342359E-07  6.584397E-08  5.479739E-08  2.387269E-04  3.245543E-04  3.125896E-07  4.375340E-07  5.688829E-07  2.670760E-07
 3.541500E+02  2.867060E-01  8.964081E-05  3.533037E-09  4.736036E-09  5.293569E-09  6.438524E-09  5.475112E-01  5.606428E-04  8.429768E-07  1.380168E-01  1.477339E-04  2.266426E-07  3.581252E-08  3.295267E-03  1.849765E-07  7.448617E-07  7.692009E-08  2.311214E-02  4.193999E-07  6.419981E-08  5.340143E-08  2.358543E-04  3.206520E-04  2.992651E-07  4.184459E-07  5.442111E-07  2.573075E-07
 3.551500E+02  2.868549E-01  8.888968E-05  3.447875E-09  4.622795E-09  5.167222E-09  6.286039E-09  5.475442E-01  5.532829E-04  8.054108E-07  1.381476E-01  1.460570E-04  2.171825E-07  3.512710E-08  3.250716E-03  1.779466E-07  7.179627E-07  7.465556E-08  2.286046E-02  4.051495E-07  6.260623E-08  5.204909E-08  2.330325E-04  3.168186E-04  2.865783E-07  4.002954E-07  5.207449E-07  2.479509E-07
 3.561500E+02  2.870012E-01  8.814948E-05  3.365284E-09  4.512950E-09  5.044659E-09  6.138094E-09  5.475766E-01  5.460673E-04  7.697339E-07  1.382764E-01  1.444070E-04  2.081642E-07  3.445827E-08  3.207045E-03  1.712250E-07  6.921941E-07  7.247139E-08  2.261289E-02  3.914589E-07  6.106142E-08  5.073881E-08  2.302603E-04  3.130527E-04  2.744957E-07  3.830317E-07  4.984195E-07  2.389867E-07
 3.571500E+02  2.871452E-01  8.742002E-05  3.285172E-09  4.406383E-09  4.925748E-09  5.994532E-09  5.476084E-01  5.389923E-04  7.358411E-07  1.384030E-01  1.427833E-04  1.995651E-07  3.380558E-08  3.164232E-03  1.647966E-07  6.675024E-07  7.036430E-08  2.236937E-02  3.783035E-07  5.956366E-08  4.946907E-08  2.275367E-04  3.093528E-04  2.629856E-07  3.666070E-07  4.771738E-07  2.303965E-07
 3.581500E+02  2.872867E-01  8.670110E-05  3.207453E-09  4.302980E-09  4.810363E-09  5.855201E-09  5.476396E-01  5.320545E-04  7.036339E-07  1.385276E-01  1.411855E-04  1.913639E-07  3.316858E-08  3.122256E-03  1.586470E-07  6.438370E-07  6.833118E-08  2.212980E-02  3.656599E-07  5.811130E-08  4.823844E-08  2.248606E-04  3.057176E-04  2.520182E-07  3.509764E-07  4.569500E-07  2.221630E-07
 3.591500E+02  2.874258E-01  8.599255E-05  3.132045E-09  4.202631E-09  4.698381E-09  5.719955E-09  5.476701E-01  5.252506E-04  6.730197E-07  1.386502E-01  1.396131E-04  1.835404E-07  3.254684E-08  3.081098E-03  1.527627E-07  6.211498E-07  6.636905E-08  2.189413E-02  3.535059E-07  5.670276E-08  4.704552E-08  2.222311E-04  3.021457E-04  2.415653E-07  3.360976E-07  4.376939E-07  2.142694E-07
 3.601500E+02  2.875626E-01  8.529418E-05  3.058866E-09  4.105231E-09  4.589685E-09  5.588655E-09  5.477001E-01  5.185773E-04  6.439113E-07  1.387707E-01  1.380657E-04  1.760755E-07  3.193994E-08  3.040737E-03  1.471308E-07  5.993952E-07  6.447505E-08  2.166226E-02  3.418203E-07  5.533650E-08  4.588899E-08  2.196471E-04  2.986357E-04  2.316005E-07  3.219306E-07  4.193544E-07  2.067002E-07
 3.611500E+02  2.876972E-01  8.460581E-05  2.987840E-09  4.010678E-09  4.484163E-09  5.461166E-09  5.477295E-01  5.120316E-04  6.162267E-07  1.388893E-01  1.365427E-04  1.689512E-07  3.134747E-08  3.001155E-03  1.417393E-07  5.785300E-07  6.264648E-08  2.143413E-02  3.305828E-07  5.401106E-08  4.476755E-08  2.171078E-04  2.951863E-04  2.220986E-07  3.084378E-07  4.018833E-07  1.994404E-07
 3.621500E+02  2.878296E-01  8.392727E-05  2.918893E-09  3.918876E-09  4.381707E-09  5.337359E-09  5.477584E-01  5.056103E-04  5.898890E-07  1.390060E-01  1.350438E-04  1.621505E-07  3.076903E-08  2.962333E-03  1.365766E-07  5.585133E-07  6.088074E-08  2.120966E-02  3.197743E-07  5.272502E-08  4.367999E-08  2.146121E-04  2.917962E-04  2.130359E-07  2.955839E-07  3.852352E-07  1.924758E-07
 3.631500E+02  2.879597E-01  8.325838E-05  2.851954E-09  3.829732E-09  4.282212E-09  5.217110E-09  5.477867E-01  4.993105E-04  5.648257E-07  1.391209E-01  1.335684E-04  1.556572E-07  3.020425E-08  2.924252E-03  1.316318E-07  5.393060E-07  5.917535E-08  2.098879E-02  3.093763E-07  5.147703E-08  4.262511E-08  2.121591E-04  2.884642E-04  2.043901E-07  2.833353E-07  3.693673E-07  1.857929E-07
 3.641500E+02  2.880877E-01  8.259897E-05  2.786955E-09  3.743154E-09  4.185578E-09  5.100298E-09  5.478144E-01  4.931292E-04  5.409684E-07  1.392339E-01  1.321162E-04  1.494561E-07  2.965276E-08  2.886896E-03  1.268945E-07  5.208712E-07  5.752793E-08  2.077144E-02  2.993715E-07  5.026579E-08  4.160179E-08  2.097479E-04  2.851891E-04  1.961401E-07  2.716607E-07  3.542390E-07  1.793790E-07
 3.651500E+02  2.882137E-01  8.194889E-05  2.723830E-09  3.659057E-09  4.091710E-09  4.986810E-09  5.478417E-01  4.870638E-04  5.182529E-07  1.393451E-01  1.306868E-04  1.435327E-07  2.911418E-08  2.850247E-03  1.223550E-07  5.031739E-07  5.593621E-08  2.055755E-02  2.897430E-07  4.909003E-08  4.060892E-08  2.073778E-04  2.819697E-04  1.882658E-07  2.605302E-07  3.398124E-07  1.732220E-07
 3.661500E+02  2.883376E-01  8.130796E-05  2.662515E-09  3.577357E-09  4.000514E-09  4.876533E-09  5.478684E-01  4.811114E-04  4.966187E-07  1.394545E-01  1.292797E-04  1.378734E-07  2.858817E-08  2.814289E-03  1.180041E-07  4.861807E-07  5.439803E-08  2.034704E-02  2.804752E-07  4.794857E-08  3.964547E-08  2.050477E-04  2.788048E-04  1.807484E-07  2.499159E-07  3.260513E-07  1.673103E-07
 3.671500E+02  2.884594E-01  8.067604E-05  2.602951E-09  3.497975E-09  3.911901E-09  4.769362E-09  5.478946E-01  4.752695E-04  4.760087E-07  1.395622E-01  1.278945E-04  1.324652E-07  2.807440E-08  2.779005E-03  1.138328E-07  4.698600E-07  5.291132E-08  2.013987E-02  2.715527E-07  4.684023E-08  3.871042E-08  2.027569E-04  2.756932E-04  1.735701E-07  2.397912E-07  3.129218E-07  1.616329E-07
 3.681500E+02  2.885793E-01  8.005296E-05  2.545078E-09  3.420833E-09  3.825785E-09  4.665193E-09  5.479204E-01  4.695354E-04  4.563692E-07  1.396682E-01  1.265308E-04  1.272959E-07  2.757253E-08  2.744381E-03  1.098330E-07  4.541817E-07  5.147408E-08  1.993595E-02  2.629612E-07  4.576390E-08  3.780280E-08  2.005047E-04  2.726340E-04  1.667139E-07  2.301313E-07  3.003918E-07  1.561794E-07
 3.691500E+02  2.886973E-01  7.943857E-05  2.488840E-09  3.345858E-09  3.742085E-09  4.563929E-09  5.479457E-01  4.639066E-04  4.376495E-07  1.397726E-01  1.251883E-04  1.223539E-07  2.708224E-08  2.710399E-03  1.059965E-07  4.391171E-07  5.008443E-08  1.973523E-02  2.546868E-07  4.471851E-08  3.692168E-08  1.982901E-04  2.696260E-04  1.601640E-07  2.209123E-07  2.884310E-07  1.509399E-07
 3.701500E+02  2.888134E-01  7.883272E-05  2.434183E-09  3.272977E-09  3.660720E-09  4.465474E-09  5.479705E-01  4.583808E-04  4.198019E-07  1.398753E-01  1.238665E-04  1.176281E-07  2.660322E-08  2.677046E-03  1.023160E-07  4.246392E-07  4.874055E-08  1.953765E-02  2.467165E-07  4.370301E-08  3.606615E-08  1.961124E-04  2.666681E-04  1.539052E-07  2.121122E-07  2.770108E-07  1.459049E-07
 3.711500E+02  2.889276E-01  7.823527E-05  2.381055E-09  3.202122E-09  3.581614E-09  4.369736E-09  5.479949E-01  4.529555E-04  4.027813E-07  1.399764E-01  1.225651E-04  1.131081E-07  2.613518E-08  2.644308E-03  9.878425E-08  4.107221E-07  4.744068E-08  1.934316E-02  2.390375E-07  4.271643E-08  3.523537E-08  1.939708E-04  2.637593E-04  1.479232E-07  2.037097E-07  2.661041E-07  1.410655E-07
 3.721500E+02  2.890400E-01  7.764607E-05  2.329405E-09  3.133228E-09  3.504694E-09  4.276628E-09  5.480188E-01  4.476284E-04  3.865451E-07  1.400759E-01  1.212837E-04  1.087842E-07  2.567782E-08  2.612170E-03  9.539454E-08  3.973411E-07  4.618318E-08  1.915168E-02  2.316380E-07  4.175779E-08  3.442849E-08  1.918647E-04  2.608987E-04  1.422045E-07  1.956851E-07  2.556852E-07  1.364131E-07
 3.731500E+02  2.891507E-01  7.706499E-05  2.279186E-09  3.066229E-09  3.429887E-09  4.186064E-09  5.480423E-01  4.423973E-04  3.710533E-07  1.401739E-01  1.200219E-04  1.046469E-07  2.523086E-08  2.580618E-03  9.214040E-08  3.844728E-07  4.496645E-08  1.896316E-02  2.245066E-07  4.082618E-08  3.364472E-08  1.897933E-04  2.580852E-04  1.367362E-07  1.880194E-07  2.457300E-07  1.319396E-07
