#         T/K            c1          c2-1          c3-4          c3-5          c3-7          c3-9            m1          m2-1          m3-1            w1            w2          w3-1          w3-2          c1m1        c1m2-1        c1m2-7        c2m1-1        c1w1-2        c1w2-1        c2w1-1        c2w1-9        m1w1-1        m1w1-4        m1w2-1        m2w1-1        m2w1-3      c1m1w1-1
 2.731500E+02  3.066427E-01  3.394987E-04  9.951779E-08  1.306195E-07  1.453246E-07  1.732815E-07  4.881067E-02  2.186211E-05  1.056887E-07  3.521775E-01  4.643622E-03  6.227545E-04  8.737910E-06  1.708601E-03  1.454666E-07  4.773221E-07  3.050626E-07  2.841722E-01  2.059394E-04  4.828002E-06  4.239497E-06  2.533811E-04  3.449200E-04  2.844902E-05  1.427656E-06  1.808145E-06  5.252310E-06
 2.741500E+02  3.085262E-01  3.368613E-04  9.623444E-08  1.263528E-07  1.405880E-07  1.676866E-07  4.883586E-02  2.132097E-05  9.734591E-08  3.541569E-01  4.577178E-03  5.833870E-04  8.503644E-06  1.672627E-03  1.360926E-07  4.480094E-07  2.909261E-07  2.804540E-01  1.955412E-04  4.658640E-06  4.087250E-06  2.485520E-04  3.383248E-04  2.651458E-05  1.323005E-06  1.676270E-06  4.947537E-06
 2.751500E+02  3.103850E-01  3.342304E-04  9.307057E-08  1.222398E-07  1.360217E-07  1.622909E-07  4.886034E-02  2.079740E-05  8.971897E-08  3.561079E-01  4.511675E-03  5.466831E-04  8.276135E-06  1.637602E-03  1.273830E-07  4.206865E-07  2.775225E-07  2.767840E-01  1.857122E-04  4.495818E-06  3.941021E-06  2.438382E-04  3.318881E-04  2.472210E-05  1.226674E-06  1.554833E-06  4.662121E-06
 2.761500E+02  3.122191E-01  3.316070E-04  9.002157E-08  1.182747E-07  1.316192E-07  1.570870E-07  4.888415E-02  2.029073E-05  8.274196E-08  3.580309E-01  4.447111E-03  5.124524E-04  8.055201E-06  1.603498E-03  1.192868E-07  3.952067E-07  2.648103E-07  2.731620E-01  1.764194E-04  4.339270E-06  3.800558E-06  2.392367E-04  3.256056E-04  2.306050E-05  1.137955E-06  1.442948E-06  4.394740E-06
 2.771500E+02  3.140286E-01  3.289918E-04  8.708304E-08  1.144518E-07  1.273743E-07  1.520676E-07  4.890731E-02  1.980031E-05  7.635538E-08  3.599262E-01  4.383483E-03  4.805188E-04  7.840660E-06  1.570287E-03  1.117572E-07  3.714350E-07  2.527507E-07  2.695880E-01  1.676317E-04  4.188741E-06  3.665619E-06  2.347445E-04  3.194733E-04  2.151958E-05  1.056202E-06  1.339809E-06  4.144165E-06
 2.781500E+02  3.158135E-01  3.263856E-04  8.425073E-08  1.107657E-07  1.232810E-07  1.472258E-07  4.892984E-02  1.932554E-05  7.050552E-08  3.617939E-01  4.320786E-03  4.507193E-04  7.632334E-06  1.537943E-03  1.047513E-07  3.492468E-07  2.413069E-07  2.660617E-01  1.593199E-04  4.043986E-06  3.535976E-06  2.303589E-04  3.134873E-04  2.008998E-05  9.808300E-07  1.244683E-06  3.909260E-06
 2.791500E+02  3.175741E-01  3.237890E-04  8.152060E-08  1.072113E-07  1.193335E-07  1.425551E-07  4.895176E-02  1.886581E-05  6.514388E-08  3.636344E-01  4.259016E-03  4.229031E-04  7.430051E-06  1.506439E-03  9.822960E-08  3.285275E-07  2.304446E-07  2.625831E-01  1.514566E-04  3.904770E-06  3.411407E-06  2.260770E-04  3.076438E-04  1.876312E-05  9.113039E-07  1.156902E-06  3.688967E-06
 2.801500E+02  3.193105E-01  3.212029E-04  7.888872E-08  1.037837E-07  1.155265E-07  1.380489E-07  4.897310E-02  1.842057E-05  6.022663E-08  3.654480E-01  4.198166E-03  3.969303E-04  7.233638E-06  1.475751E-03  9.215578E-08  3.091712E-07  2.201316E-07  2.591517E-01  1.440159E-04  3.770869E-06  3.291702E-06  2.218963E-04  3.019389E-04  1.753113E-05  8.471371E-07  1.075857E-06  3.482306E-06
 2.811500E+02  3.210227E-01  3.186279E-04  7.635136E-08  1.004779E-07  1.118546E-07  1.337013E-07  4.899386E-02  1.798927E-05  5.571413E-08  3.672350E-01  4.138231E-03  3.726716E-04  7.042929E-06  1.445856E-03  8.649649E-08  2.910803E-07  2.103374E-07  2.557676E-01  1.369736E-04  3.642067E-06  3.176660E-06  2.178139E-04  2.963692E-04  1.638674E-05  7.878861E-07  1.000992E-06  3.288367E-06
 2.821500E+02  3.227109E-01  3.160646E-04  7.390491E-08  9.728941E-08  1.083127E-07  1.295062E-07  4.901408E-02  1.757139E-05  5.157051E-08  3.689956E-01  4.079204E-03  3.500071E-04  6.857762E-06  1.416729E-03  8.122103E-08  2.741647E-07  2.010335E-07  2.524302E-01  1.303070E-04  3.518159E-06  3.066086E-06  2.138275E-04  2.909309E-04  1.532330E-05  7.331464E-07  9.318021E-07  3.106305E-06
 2.831500E+02  3.243754E-01  3.135137E-04  7.154592E-08  9.421385E-08  1.048960E-07  1.254580E-07  4.903376E-02  1.716644E-05  4.776328E-08  3.707301E-01  4.021077E-03  3.288255E-04  6.677975E-06  1.388348E-03  7.630112E-08  2.583412E-07  1.921929E-07  2.491394E-01  1.239947E-04  3.398947E-06  2.959795E-06  2.099344E-04  2.856207E-04  1.433468E-05  6.825489E-07  8.678237E-07  2.935334E-06
 2.841500E+02  3.260163E-01  3.109757E-04  6.927106E-08  9.124695E-08  1.015997E-07  1.215513E-07  4.905292E-02  1.677394E-05  4.426303E-08  3.724388E-01  3.963843E-03  3.090239E-04  6.503413E-06  1.360692E-03  7.171074E-08  2.435330E-07  1.837906E-07  2.458949E-01  1.180166E-04  3.284241E-06  2.857612E-06  2.061323E-04  2.804352E-04  1.341526E-05  6.357565E-07  8.086349E-07  2.774723E-06
 2.851500E+02  3.276337E-01  3.084513E-04  6.707715E-08  8.838462E-08  9.841936E-08  1.177808E-07  4.907159E-02  1.639344E-05  4.104307E-08  3.741221E-01  3.907493E-03  2.905069E-04  6.333924E-06  1.333738E-03  6.742590E-08  2.296690E-07  1.758025E-07  2.426963E-01  1.123537E-04  3.173860E-06  2.759367E-06  2.024188E-04  2.753711E-04  1.255984E-05  5.924615E-07  7.538498E-07  2.623795E-06
 2.861500E+02  3.292278E-01  3.059410E-04  6.496111E-08  8.562296E-08  9.535064E-08  1.141415E-07  4.908977E-02  1.602450E-05  3.807919E-08  3.757801E-01  3.852019E-03  2.731859E-04  6.169358E-06  1.307468E-03  6.342449E-08  2.166835E-07  1.682064E-07  2.395432E-01  1.069882E-04  3.067629E-06  2.664897E-06  1.987915E-04  2.704252E-04  1.176365E-05  5.523826E-07  7.031159E-07  2.481917E-06
 2.871500E+02  3.307989E-01  3.034452E-04  6.292001E-08  8.295819E-08  9.238936E-08  1.106284E-07  4.910748E-02  1.566669E-05  3.534941E-08  3.774132E-01  3.797413E-03  2.569787E-04  6.009573E-06  1.281861E-03  5.968612E-08  2.045158E-07  1.609811E-07  2.364354E-01  1.019034E-04  2.965382E-06  2.574047E-06  1.952482E-04  2.655945E-04  1.102231E-05  5.152626E-07  6.561103E-07  2.348502E-06
 2.881500E+02  3.323472E-01  3.009645E-04  6.095102E-08  8.038670E-08  8.953152E-08  1.072371E-07  4.912474E-02  1.531962E-05  3.283379E-08  3.790216E-01  3.743664E-03  2.418092E-04  5.854425E-06  1.256897E-03  5.619197E-08  1.931096E-07  1.541068E-07  2.333724E-01  9.708358E-05  2.866959E-06  2.486668E-06  1.917868E-04  2.608757E-04  1.033175E-05  4.808663E-07  6.125381E-07  2.223004E-06
 2.891500E+02  3.338728E-01  2.984994E-04  5.905140E-08  7.790498E-08  8.677326E-08  1.039629E-07  4.914155E-02  1.498290E-05  3.051418E-08  3.806058E-01  3.690764E-03  2.276066E-04  5.703779E-06  1.232558E-03  5.292468E-08  1.824128E-07  1.475647E-07  2.303538E-01  9.251392E-05  2.772207E-06  2.402619E-06  1.884050E-04  2.562661E-04  9.688247E-06  4.489783E-07  5.721288E-07  2.104913E-06
 2.901500E+02  3.353760E-01  2.960502E-04  5.721856E-08  7.550971E-08  8.411088E-08  1.008015E-07  4.915794E-02  1.465616E-05  2.837408E-08  3.821659E-01  3.638704E-03  2.143054E-04  5.557499E-06  1.208827E-03  4.986819E-08  1.723772E-07  1.413373E-07  2.273793E-01  8.818048E-05  2.680979E-06  2.321763E-06  1.851008E-04  2.517628E-04  9.088362E-06  4.194015E-07  5.346349E-07  1.993757E-06
 2.911500E+02  3.368570E-01  2.936174E-04  5.544998E-08  7.319766E-08  8.154080E-08  9.774881E-08  4.917392E-02  1.433904E-05  2.639848E-08  3.837022E-01  3.587472E-03  2.018445E-04  5.415456E-06  1.185686E-03  4.700770E-08  1.629582E-07  1.354077E-07  2.244483E-01  8.407015E-05  2.593135E-06  2.243970E-06  1.818722E-04  2.473630E-04  8.528919E-06  3.919554E-07  4.998296E-07  1.889092E-06
 2.921500E+02  3.383161E-01  2.912013E-04  5.374324E-08  7.096573E-08  7.905962E-08  9.480081E-08  4.918950E-02  1.403121E-05  2.457371E-08  3.852151E-01  3.537061E-03  1.901674E-04  5.277523E-06  1.163117E-03  4.432949E-08  1.541142E-07  1.297605E-07  2.215606E-01  8.017057E-05  2.508538E-06  2.169114E-06  1.787173E-04  2.430639E-04  8.006991E-06  3.664742E-07  4.675047E-07  1.790508E-06
 2.931500E+02  3.397534E-01  2.888023E-04  5.209602E-08  6.881095E-08  7.666403E-08  9.195366E-08  4.920468E-02  1.373234E-05  2.288732E-08  3.867048E-01  3.487458E-03  1.792215E-04  5.143577E-06  1.141106E-03  4.182091E-08  1.458068E-07  1.243808E-07  2.187155E-01  7.647014E-05  2.427061E-06  2.097077E-06  1.756340E-04  2.388629E-04  7.519874E-06  3.428063E-07  4.374695E-07  1.697622E-06
 2.941500E+02  3.411692E-01  2.864208E-04  5.050611E-08  6.673046E-08  7.435087E-08  8.920365E-08  4.921949E-02  1.344211E-05  2.132795E-08  3.881717E-01  3.438655E-03  1.689579E-04  5.013497E-06  1.119635E-03  3.947023E-08  1.380004E-07  1.192546E-07  2.159128E-01  7.295789E-05  2.348579E-06  2.027744E-06  1.726206E-04  2.347575E-04  7.065073E-06  3.208123E-07  4.095488E-07  1.610075E-06
 2.951500E+02  3.425637E-01  2.840570E-04  4.897134E-08  6.472150E-08  7.211708E-08  8.654723E-08  4.923394E-02  1.316022E-05  1.988525E-08  3.896160E-01  3.390641E-03  1.593312E-04  4.887169E-06  1.098689E-03  3.726660E-08  1.306619E-07  1.143688E-07  2.131519E-01  6.962353E-05  2.272974E-06  1.961006E-06  1.696752E-04  2.307452E-04  6.640283E-06  3.003644E-07  3.835817E-07  1.527535E-06
 2.961500E+02  3.439372E-01  2.817112E-04  4.748967E-08  6.278143E-08  6.995974E-08  8.398098E-08  4.924802E-02  1.288639E-05  1.854976E-08  3.910380E-01  3.343405E-03  1.502992E-04  4.764478E-06  1.078255E-03  3.519998E-08  1.237605E-07  1.097109E-07  2.104323E-01  6.645734E-05  2.200131E-06  1.896756E-06  1.667962E-04  2.268235E-04  6.243373E-06  2.813452E-07  3.594206E-07  1.449690E-06
 2.971500E+02  3.452900E-01  2.793838E-04  4.605912E-08  6.090771E-08  6.787604E-08  8.150159E-08  4.926177E-02  1.262033E-05  1.731286E-08  3.924381E-01  3.296937E-03  1.418227E-04  4.645314E-06  1.058316E-03  3.326106E-08  1.172678E-07  1.052693E-07  2.077537E-01  6.345018E-05  2.129942E-06  1.834896E-06  1.639816E-04  2.229901E-04  5.872374E-06  2.636468E-07  3.369295E-07  1.376249E-06
 2.981500E+02  3.466222E-01  2.770749E-04  4.467777E-08  5.909788E-08  6.586326E-08  7.910591E-08  4.927517E-02  1.236178E-05  1.616666E-08  3.938164E-01  3.251227E-03  1.338651E-04  4.529572E-06  1.038860E-03  3.144121E-08  1.111570E-07  1.010328E-07  2.051154E-01  6.059343E-05  2.062301E-06  1.775328E-06  1.612300E-04  2.192427E-04  5.525465E-06  2.471699E-07  3.159837E-07  1.306942E-06
 2.991500E+02  3.479342E-01  2.747847E-04  4.334381E-08  5.734960E-08  6.391879E-08  7.679087E-08  4.928826E-02  1.211048E-05  1.510395E-08  3.951734E-01  3.206264E-03  1.263924E-04  4.417146E-06  1.019872E-03  2.973245E-08  1.054036E-07  9.699092E-08  2.025171E-01  5.787897E-05  1.997109E-06  1.717961E-06  1.585397E-04  2.155791E-04  5.200960E-06  2.318235E-07  2.964683E-07  1.241515E-06
 3.001500E+02  3.492261E-01  2.725135E-04  4.205547E-08  5.566060E-08  6.204013E-08  7.455356E-08  4.930102E-02  1.186619E-05  1.411814E-08  3.965093E-01  3.162037E-03  1.193731E-04  4.307938E-06  1.001340E-03  2.812735E-08  9.998465E-08  9.313386E-08  1.999583E-01  5.529914E-05  1.934269E-06  1.662707E-06  1.559090E-04  2.119971E-04  4.897302E-06  2.175236E-07  2.782775E-07  1.179732E-06
 3.011500E+02  3.504983E-01  2.702615E-04  4.081107E-08  5.402871E-08  6.022487E-08  7.239114E-08  4.931348E-02  1.162867E-05  1.320318E-08  3.978244E-01  3.118536E-03  1.127776E-04  4.201849E-06  9.832515E-04  2.661903E-08  9.487874E-08  8.945225E-08  1.974384E-01  5.284672E-05  1.873690E-06  1.609480E-06  1.533366E-04  2.084946E-04  4.613045E-06  2.041929E-07  2.613140E-07  1.121371E-06
 3.021500E+02  3.517509E-01  2.680287E-04  3.960898E-08  5.245183E-08  5.847069E-08  7.030089E-08  4.932565E-02  1.139768E-05  1.235356E-08  3.991189E-01  3.075750E-03  1.065786E-04  4.098784E-06  9.655932E-04  2.520110E-08  9.006601E-08  8.593726E-08  1.949570E-01  5.051490E-05  1.815282E-06  1.558199E-06  1.508208E-04  2.050695E-04  4.346854E-06  1.917604E-07  2.454880E-07  1.066226E-06
 3.031500E+02  3.529843E-01  2.658154E-04  3.844763E-08  5.092795E-08  5.677535E-08  6.828022E-08  4.933752E-02  1.117303E-05  1.156421E-08  4.003933E-01  3.033669E-03  1.007504E-04  3.998652E-06  9.483537E-04  2.386763E-08  8.552796E-08  8.258053E-08  1.925136E-01  4.829726E-05  1.758961E-06  1.508788E-06  1.483603E-04  2.017199E-04  4.097490E-06  1.801604E-07  2.307169E-07  1.014103E-06
 3.041500E+02  3.541987E-01  2.636217E-04  3.732553E-08  4.945513E-08  5.513673E-08  6.632659E-08  4.934911E-02  1.095448E-05  1.083048E-08  4.016477E-01  2.992282E-03  9.526943E-05  3.901363E-06  9.315213E-04  2.261311E-08  8.124733E-08  7.937418E-08  1.901076E-01  4.618775E-05  1.704645E-06  1.461172E-06  1.459536E-04  1.984438E-04  3.863804E-06  1.693326E-07  2.169245E-07  9.648223E-07
 3.051500E+02  3.553943E-01  2.614477E-04  3.624124E-08  4.803152E-08  5.355274E-08  6.443760E-08  4.936043E-02  1.074185E-05  1.014811E-08  4.028824E-01  2.951579E-03  9.011336E-05  3.806832E-06  9.150848E-04  2.143241E-08  7.720805E-08  7.631074E-08  1.877387E-01  4.418066E-05  1.652258E-06  1.415280E-06  1.435993E-04  1.952394E-04  3.644733E-06  1.592213E-07  2.040404E-07  9.182142E-07
 3.061500E+02  3.565714E-01  2.592935E-04  3.519336E-08  4.665532E-08  5.202141E-08  6.261091E-08  4.937149E-02  1.053493E-05  9.513204E-09  4.040978E-01  2.911549E-03  8.526155E-05  3.714973E-06  8.990334E-04  2.032077E-08  7.339515E-08  7.338314E-08  1.854062E-01  4.227058E-05  1.601723E-06  1.371044E-06  1.412962E-04  1.921048E-04  3.439289E-06  1.497749E-07  1.919997E-07  8.741204E-07
 3.071500E+02  3.577303E-01  2.571591E-04  3.418056E-08  4.532481E-08  5.054083E-08  6.084428E-08  4.938228E-02  1.033354E-05  8.922167E-09  4.052941E-01  2.872182E-03  8.069474E-05  3.625707E-06  8.833566E-04  1.927375E-08  6.979463E-08  7.058469E-08  1.831098E-01  4.045243E-05  1.552970E-06  1.328397E-06  1.390429E-04  1.890382E-04  3.246557E-06  1.409462E-07  1.807426E-07  8.323926E-07
 3.081500E+02  3.588712E-01  2.550447E-04  3.320156E-08  4.403834E-08  4.910916E-08  5.913556E-08  4.939283E-02  1.013750E-05  8.371702E-09  4.064716E-01  2.833468E-03  7.639493E-05  3.538954E-06  8.680440E-04  1.828724E-08  6.639347E-08  6.790908E-08  1.808488E-01  3.872141E-05  1.505929E-06  1.287279E-06  1.368382E-04  1.860379E-04  3.065685E-06  1.326912E-07  1.702136E-07  7.928922E-07
 3.091500E+02  3.599944E-01  2.529502E-04  3.225512E-08  4.279431E-08  4.772463E-08  5.748267E-08  4.940313E-02  9.946633E-06  7.858780E-09  4.076306E-01  2.795395E-03  7.234535E-05  3.454638E-06  8.530858E-04  1.735739E-08  6.317950E-08  6.535031E-08  1.786229E-01  3.707298E-05  1.460535E-06  1.247628E-06  1.346808E-04  1.831023E-04  2.895886E-06  1.249695E-07  1.603617E-07  7.554890E-07
 3.101500E+02  3.611001E-01  2.508757E-04  3.134006E-08  4.159118E-08  4.638556E-08  5.588362E-08  4.941319E-02  9.760776E-06  7.380613E-09  4.087713E-01  2.757955E-03  6.853035E-05  3.372685E-06  8.384723E-04  1.648063E-08  6.014134E-08  6.290272E-08  1.764314E-01  3.550286E-05  1.416724E-06  1.209387E-06  1.325696E-04  1.802296E-04  2.736425E-06  1.177437E-07  1.511394E-07  7.200612E-07
 3.111500E+02  3.621886E-01  2.488213E-04  3.045524E-08  4.042749E-08  4.509029E-08  5.433649E-08  4.942303E-02  9.579766E-06  6.934637E-09  4.098941E-01  2.721136E-03  6.493530E-05  3.293023E-06  8.241944E-04  1.565363E-08  5.726839E-08  6.056091E-08  1.742740E-01  3.400700E-05  1.374436E-06  1.172501E-06  1.305034E-04  1.774184E-04  2.586622E-06  1.109791E-07  1.425031E-07  6.864946E-07
 3.121500E+02  3.632601E-01  2.467870E-04  2.959956E-08  3.930182E-08  4.383726E-08  5.283942E-08  4.943264E-02  9.403450E-06  6.518492E-09  4.109992E-01  2.684930E-03  6.154657E-05  3.215582E-06  8.102428E-04  1.487328E-08  5.455073E-08  5.831982E-08  1.721501E-01  3.258157E-05  1.333613E-06  1.136918E-06  1.284811E-04  1.746670E-04  2.445842E-06  1.046438E-07  1.344122E-07  6.546821E-07
 3.131500E+02  3.643149E-01  2.447726E-04  2.877197E-08  3.821279E-08  4.262496E-08  5.139064E-08  4.944203E-02  9.231678E-06  6.130004E-09  4.120869E-01  2.649325E-03  5.835141E-05  3.140296E-06  7.966088E-04  1.413668E-08  5.197909E-08  5.617461E-08  1.700592E-01  3.122297E-05  1.294199E-06  1.102587E-06  1.265015E-04  1.719740E-04  2.313499E-06  9.870820E-08  1.268294E-07  6.245233E-07
 3.141500E+02  3.653532E-01  2.427783E-04  2.797145E-08  3.715911E-08  4.145192E-08  4.998844E-08  4.945121E-02  9.064307E-06  5.767170E-09  4.131574E-01  2.614313E-03  5.533791E-05  3.067099E-06  7.832839E-04  1.344114E-08  4.954479E-08  5.412071E-08  1.680009E-01  2.992778E-05  1.256139E-06  1.069458E-06  1.245637E-04  1.693378E-04  2.189043E-06  9.314482E-08  1.197199E-07  5.959239E-07
 3.151500E+02  3.663753E-01  2.408041E-04  2.719703E-08  3.613950E-08  4.031676E-08  4.863116E-08  4.946018E-02  8.901199E-06  5.428142E-09  4.142110E-01  2.579882E-03  5.249494E-05  2.995927E-06  7.702599E-04  1.278414E-08  4.723973E-08  5.215379E-08  1.659747E-01  2.869277E-05  1.219384E-06  1.037487E-06  1.226665E-04  1.667572E-04  2.071965E-06  8.792828E-08  1.130515E-07  5.687954E-07
 3.161500E+02  3.673813E-01  2.388497E-04  2.644776E-08  3.515276E-08  3.921812E-08  4.731722E-08  4.946895E-02  8.742220E-06  5.111217E-09  4.152481E-01  2.546025E-03  4.981210E-05  2.926719E-06  7.575287E-04  1.216333E-08  4.505632E-08  5.026974E-08  1.639801E-01  2.751489E-05  1.183883E-06  1.006627E-06  1.208090E-04  1.642307E-04  1.961792E-06  8.303504E-08  1.067944E-07  5.430549E-07
 3.171500E+02  3.683717E-01  2.369154E-04  2.572276E-08  3.419770E-08  3.815470E-08  4.604509E-08  4.947753E-02  8.587242E-06  4.814822E-09  4.162687E-01  2.512730E-03  4.727966E-05  2.859417E-06  7.450826E-04  1.157651E-08  4.298745E-08  4.846466E-08  1.620165E-01  2.639126E-05  1.149589E-06  9.768375E-07  1.189902E-04  1.617569E-04  1.858081E-06  7.844330E-08  1.009210E-07  5.186244E-07
 3.181500E+02  3.693466E-01  2.350009E-04  2.502114E-08  3.327321E-08  3.712526E-08  4.481330E-08  4.948592E-02  8.436142E-06  4.537506E-09  4.172733E-01  2.479989E-03  4.488853E-05  2.793962E-06  7.329141E-04  1.102162E-08  4.102648E-08  4.673485E-08  1.600836E-01  2.531915E-05  1.116457E-06  9.480759E-07  1.172092E-04  1.593346E-04  1.760421E-06  7.413281E-08  9.540572E-08  4.954307E-07
 3.191500E+02  3.703062E-01  2.331062E-04  2.434208E-08  3.237821E-08  3.612859E-08  4.362044E-08  4.949412E-02  8.288799E-06  4.277928E-09  4.182620E-01  2.447792E-03  4.263020E-05  2.730298E-06  7.210157E-04  1.049676E-08  3.916717E-08  4.507682E-08  1.581809E-01  2.429597E-05  1.084443E-06  9.203035E-07  1.154649E-04  1.569624E-04  1.668429E-06  7.008482E-08  9.022467E-08  4.734050E-07
 3.201500E+02  3.712507E-01  2.312313E-04  2.368477E-08  3.151166E-08  3.516355E-08  4.246515E-08  4.950214E-02  8.145100E-06  4.034848E-09  4.192351E-01  2.416131E-03  4.049669E-05  2.668373E-06  7.093804E-04  1.000013E-08  3.740369E-08  4.348721E-08  1.563079E-01  2.331929E-05  1.053505E-06  8.934825E-07  1.137566E-04  1.546392E-04  1.581747E-06  6.628189E-08  8.535580E-08  4.524826E-07
 3.211500E+02  3.721805E-01  2.293760E-04  2.304844E-08  3.067254E-08  3.422901E-08  4.134611E-08  4.950998E-02  8.004934E-06  3.807122E-09  4.201929E-01  2.384995E-03  3.848057E-05  2.608133E-06  6.980014E-04  9.530048E-09  3.573055E-08  4.196289E-08  1.544641E-01  2.238678E-05  1.023604E-06  8.675767E-07  1.120833E-04  1.523638E-04  1.500044E-06  6.270786E-08  8.077859E-08  4.326027E-07
 3.221500E+02  3.730958E-01  2.275404E-04  2.243234E-08  2.985990E-08  3.332391E-08  4.026206E-08  4.951766E-02  7.868192E-06  3.593689E-09  4.211356E-01  2.354376E-03  3.657485E-05  2.549527E-06  6.868718E-04  9.084957E-09  3.414263E-08  4.050083E-08  1.526491E-01  2.149628E-05  9.947007E-07  8.425516E-07  1.104441E-04  1.501350E-04  1.423007E-06  5.934770E-08  7.647397E-08  4.137082E-07
 3.231500E+02  3.739967E-01  2.257242E-04  2.183577E-08  2.907282E-08  3.244722E-08  3.921179E-08  4.952517E-02  7.734773E-06  3.393568E-09  4.220634E-01  2.324266E-03  3.477299E-05  2.492508E-06  6.759853E-04  8.663385E-09  3.263511E-08  3.909820E-08  1.508624E-01  2.064569E-05  9.667578E-07  8.183739E-07  1.088384E-04  1.479516E-04  1.350348E-06  5.618744E-08  7.242422E-08  3.957453E-07
 3.241500E+02  3.748835E-01  2.239275E-04  2.125803E-08  2.831038E-08  3.159795E-08  3.819412E-08  4.953251E-02  7.604576E-06  3.205851E-09  4.229767E-01  2.294654E-03  3.306887E-05  2.437026E-06  6.653355E-04  8.263959E-09  3.120348E-08  3.775229E-08  1.491036E-01  1.983306E-05  9.397400E-07  7.950116E-07  1.072651E-04  1.458125E-04  1.281795E-06  5.321411E-08  6.861287E-08  3.786634E-07
 3.251500E+02  3.757565E-01  2.221500E-04  2.069846E-08  2.757174E-08  3.077513E-08  3.720792E-08  4.953970E-02  7.477506E-06  3.029698E-09  4.238755E-01  2.265533E-03  3.145676E-05  2.383037E-06  6.549163E-04  7.885394E-09  2.984348E-08  3.646053E-08  1.473723E-01  1.905654E-05  9.136134E-07  7.724341E-07  1.057236E-04  1.437167E-04  1.217096E-06  5.041564E-08  6.502458E-08  3.624149E-07
 3.261500E+02  3.766158E-01  2.203917E-04  2.015642E-08  2.685607E-08  2.997786E-08  3.625212E-08  4.954673E-02  7.353470E-06  2.864328E-09  4.247602E-01  2.236895E-03  2.993127E-05  2.330496E-06  6.447217E-04  7.526485E-09  2.855115E-08  3.522046E-08  1.456680E-01  1.831435E-05  8.883450E-07  7.506121E-07  1.042131E-04  1.416631E-04  1.156016E-06  4.778078E-08  6.164509E-08  3.469550E-07
 3.271500E+02  3.774617E-01  2.186525E-04  1.963130E-08  2.616257E-08  2.920524E-08  3.532567E-08  4.955362E-02  7.232378E-06  2.709018E-09  4.256311E-01  2.208730E-03  2.848737E-05  2.279359E-06  6.347460E-04  7.186102E-09  2.732274E-08  3.402977E-08  1.439902E-01  1.760484E-05  8.639034E-07  7.295174E-07  1.027329E-04  1.396507E-04  1.098334E-06  4.529911E-08  5.846113E-08  3.322415E-07
 3.281500E+02  3.782944E-01  2.169322E-04  1.912252E-08  2.549048E-08  2.845644E-08  3.442756E-08  4.956036E-02  7.114143E-06  2.563099E-09  4.264882E-01  2.181030E-03  2.712033E-05  2.229585E-06  6.249836E-04  6.863186E-09  2.615473E-08  3.288625E-08  1.423386E-01  1.692643E-05  8.402584E-07  7.091228E-07  1.012822E-04  1.376786E-04  1.043844E-06  4.296087E-08  5.546031E-08  3.182346E-07
 3.291500E+02  3.791141E-01  2.152308E-04  1.862950E-08  2.483905E-08  2.773061E-08  3.355682E-08  4.956696E-02  6.998684E-06  2.425948E-09  4.273319E-01  2.153788E-03  2.582572E-05  2.181133E-06  6.154290E-04  6.556747E-09  2.504382E-08  3.178780E-08  1.407127E-01  1.627761E-05  8.173811E-07  6.894026E-07  9.986028E-05  1.357457E-04  9.923543E-07  4.075701E-08  5.263112E-08  3.048969E-07
 3.301500E+02  3.799210E-01  2.135481E-04  1.815169E-08  2.420757E-08  2.702698E-08  3.271251E-08  4.957341E-02  6.885918E-06  2.296989E-09  4.281624E-01  2.126995E-03  2.459936E-05  2.133964E-06  6.060769E-04  6.265851E-09  2.398691E-08  3.073241E-08  1.391121E-01  1.565697E-05  7.952434E-07  6.703316E-07  9.846652E-05  1.338511E-04  9.436840E-07  3.867908E-08  4.996281E-08  2.921930E-07
 3.311500E+02  3.807153E-01  2.118839E-04  1.768857E-08  2.359536E-08  2.634479E-08  3.189374E-08  4.957974E-02  6.775768E-06  2.175684E-09  4.289799E-01  2.100643E-03  2.343737E-05  2.088040E-06  5.969222E-04  5.989626E-09  2.298107E-08  2.971820E-08  1.375363E-01  1.506316E-05  7.738187E-07  6.518861E-07  9.710022E-05  1.319939E-04  8.976650E-07  3.671921E-08  4.744538E-08  2.800898E-07
 3.321500E+02  3.814973E-01  2.102381E-04  1.723964E-08  2.300176E-08  2.568330E-08  3.109965E-08  4.958593E-02  6.668158E-06  2.061535E-09  4.297846E-01  2.074725E-03  2.233607E-05  2.043324E-06  5.879600E-04  5.727252E-09  2.202355E-08  2.874334E-08  1.359851E-01  1.449490E-05  7.530812E-07  6.340430E-07  9.576074E-05  1.301733E-04  8.541398E-07  3.487006E-08  4.506947E-08  2.685557E-07
 3.331500E+02  3.822671E-01  2.086106E-04  1.680441E-08  2.242614E-08  2.504181E-08  3.032939E-08  4.959199E-02  6.563017E-06  1.954080E-09  4.305767E-01  2.049232E-03  2.129203E-05  1.999781E-06  5.791853E-04  5.477958E-09  2.111178E-08  2.780613E-08  1.344579E-01  1.395098E-05  7.330062E-07  6.167803E-07  9.444745E-05  1.283882E-04  8.129611E-07  3.312478E-08  4.282638E-08  2.575612E-07
 3.341500E+02  3.830249E-01  2.070013E-04  1.638240E-08  2.186788E-08  2.441963E-08  2.958216E-08  4.959793E-02  6.460274E-06  1.852887E-09  4.313565E-01  2.024158E-03  2.030200E-05  1.957375E-06  5.705935E-04  5.241020E-09  2.024331E-08  2.690491E-08  1.329544E-01  1.343025E-05  7.135699E-07  6.000767E-07  9.315973E-05  1.266380E-04  7.739906E-07  3.147698E-08  4.070798E-08  2.470784E-07
 3.351500E+02  3.837710E-01  2.054100E-04  1.597316E-08  2.132639E-08  2.381612E-08  2.885719E-08  4.960374E-02  6.359860E-06  1.757556E-09  4.321241E-01  1.999494E-03  1.936296E-05  1.916075E-06  5.621800E-04  5.015759E-09  1.941584E-08  2.603814E-08  1.314742E-01  1.293163E-05  6.947494E-07  5.839121E-07  9.189698E-05  1.249218E-04  7.370992E-07  2.992070E-08  3.870665E-08  2.370810E-07
 3.361500E+02  3.845056E-01  2.038365E-04  1.557627E-08  2.080111E-08  2.323064E-08  2.815373E-08  4.960944E-02  6.261711E-06  1.667715E-09  4.328797E-01  1.975234E-03  1.847205E-05  1.875847E-06  5.539404E-04  4.801537E-09  1.862723E-08  2.520432E-08  1.300169E-01  1.245407E-05  6.765229E-07  5.682667E-07  9.065861E-05  1.232388E-04  7.021657E-07  2.845037E-08  3.681532E-08  2.275439E-07
 3.371500E+02  3.852287E-01  2.022807E-04  1.519129E-08  2.029149E-08  2.266259E-08  2.747105E-08  4.961502E-02  6.165762E-06  1.583015E-09  4.336237E-01  1.951370E-03  1.762659E-05  1.836659E-06  5.458702E-04  4.597751E-09  1.787544E-08  2.440204E-08  1.285821E-01  1.199660E-05  6.588693E-07  5.531220E-07  8.944407E-05  1.215883E-04  6.690765E-07  2.706078E-08  3.502735E-08  2.184439E-07
 3.381500E+02  3.859407E-01  2.007424E-04  1.481783E-08  1.979699E-08  2.211138E-08  2.680848E-08  4.962049E-02  6.071953E-06  1.503134E-09  4.343560E-01  1.927895E-03  1.682405E-05  1.798482E-06  5.379655E-04  4.403838E-09  1.715854E-08  2.362996E-08  1.271694E-01  1.155828E-05  6.417681E-07  5.384597E-07  8.825280E-05  1.199693E-04  6.377252E-07  2.574707E-08  3.333654E-08  2.097586E-07
 3.391500E+02  3.866417E-01  1.992215E-04  1.445550E-08  1.931713E-08  2.157644E-08  2.616534E-08  4.962585E-02  5.980224E-06  1.427770E-09  4.350771E-01  1.904803E-03  1.606206E-05  1.761286E-06  5.302219E-04  4.219265E-09  1.647472E-08  2.288678E-08  1.257786E-01  1.113822E-05  6.252000E-07  5.242627E-07  8.708426E-05  1.183814E-04  6.080120E-07  2.450469E-08  3.173709E-08  2.014671E-07
 3.401500E+02  3.873319E-01  1.977179E-04  1.410392E-08  1.885140E-08  2.105724E-08  2.554098E-08  4.963110E-02  5.890517E-06  1.356642E-09  4.357869E-01  1.882086E-03  1.533840E-05  1.725043E-06  5.226357E-04  4.043532E-09  1.582229E-08  2.217129E-08  1.244091E-01  1.073559E-05  6.091463E-07  5.105142E-07  8.593793E-05  1.168236E-04  5.798433E-07  2.332941E-08  3.022359E-08  1.935496E-07
 3.411500E+02  3.880115E-01  1.962313E-04  1.376273E-08  1.839934E-08  2.055325E-08  2.493478E-08  4.963624E-02  5.802778E-06  1.289489E-09  4.364858E-01  1.859737E-03  1.465096E-05  1.689725E-06  5.152029E-04  3.876168E-09  1.519963E-08  2.148231E-08  1.230607E-01  1.034958E-05  5.935887E-07  4.971983E-07  8.481329E-05  1.152954E-04  5.531312E-07  2.221723E-08  2.879096E-08  1.859874E-07
 3.421500E+02  3.886806E-01  1.947616E-04  1.343159E-08  1.796048E-08  2.006396E-08  2.434615E-08  4.964128E-02  5.716951E-06  1.226066E-09  4.371739E-01  1.837751E-03  1.399777E-05  1.655305E-06  5.079198E-04  3.716729E-09  1.460522E-08  2.081874E-08  1.217329E-01  9.979430E-06  5.785102E-07  4.842996E-07  8.370985E-05  1.137960E-04  5.277934E-07  2.116444E-08  2.743447E-08  1.787627E-07
 3.431500E+02  3.893395E-01  1.933086E-04  1.311015E-08  1.753441E-08  1.958889E-08  2.377451E-08  4.964622E-02  5.632986E-06  1.166145E-09  4.378515E-01  1.816120E-03  1.337696E-05  1.621757E-06  5.007828E-04  3.564799E-09  1.403763E-08  2.017951E-08  1.204256E-01  9.624427E-06  5.638938E-07  4.718033E-07  8.262712E-05  1.123248E-04  5.037522E-07  2.016755E-08  2.614965E-08  1.718590E-07
 3.441500E+02  3.899882E-01  1.918723E-04  1.279810E-08  1.712068E-08  1.912757E-08  2.321930E-08  4.965107E-02  5.550832E-06  1.109513E-09  4.385186E-01  1.794837E-03  1.278680E-05  1.589057E-06  4.937882E-04  3.419981E-09  1.349550E-08  1.956361E-08  1.191382E-01  9.283879E-06  5.497237E-07  4.596953E-07  8.156465E-05  1.108811E-04  4.809352E-07  1.922331E-08  2.493234E-08  1.652602E-07
 3.451500E+02  3.906271E-01  1.904523E-04  1.249512E-08  1.671890E-08  1.867955E-08  2.267998E-08  4.965582E-02  5.470440E-06  1.055971E-09  4.391754E-01  1.773898E-03  1.222562E-05  1.557179E-06  4.869328E-04  3.281907E-09  1.297756E-08  1.897007E-08  1.178705E-01  8.957134E-06  5.359843E-07  4.479618E-07  8.052195E-05  1.094644E-04  4.592739E-07  1.832866E-08  2.377866E-08  1.589515E-07
 3.461500E+02  3.912562E-01  1.890486E-04  1.220092E-08  1.632867E-08  1.824440E-08  2.215605E-08  4.966047E-02  5.391763E-06  1.005335E-09  4.398222E-01  1.753296E-03  1.169187E-05  1.526101E-06  4.802130E-04  3.150225E-09  1.248259E-08  1.839798E-08  1.166221E-01  8.643572E-06  5.226609E-07  4.365898E-07  7.949860E-05  1.080739E-04  4.387043E-07  1.748073E-08  2.268493E-08  1.529187E-07
 3.471500E+02  3.918757E-01  1.876609E-04  1.191521E-08  1.594961E-08  1.782168E-08  2.164699E-08  4.966504E-02  5.314755E-06  9.574286E-10  4.404591E-01  1.733024E-03  1.118410E-05  1.495799E-06  4.736258E-04  3.024606E-09  1.200946E-08  1.784645E-08  1.153927E-01  8.342602E-06  5.097390E-07  4.255666E-07  7.849414E-05  1.067092E-04  4.191659E-07  1.667684E-08  2.164772E-08  1.471482E-07
 3.481500E+02  3.924857E-01  1.862892E-04  1.163770E-08  1.558137E-08  1.741100E-08  2.115233E-08  4.966952E-02  5.239371E-06  9.120913E-10  4.410863E-01  1.713076E-03  1.070091E-05  1.466252E-06  4.671678E-04  2.904738E-09  1.155708E-08  1.731464E-08  1.141820E-01  8.053663E-06  4.972051E-07  4.148802E-07  7.750817E-05  1.053696E-04  4.006021E-07  1.591447E-08  2.066383E-08  1.416276E-07
 3.491500E+02  3.930865E-01  1.849333E-04  1.136814E-08  1.522359E-08  1.701197E-08  2.067160E-08  4.967391E-02  5.165570E-06  8.691708E-10  4.417040E-01  1.693447E-03  1.024102E-05  1.437437E-06  4.608361E-04  2.790328E-09  1.112443E-08  1.680175E-08  1.129896E-01  7.776221E-06  4.850458E-07  4.045187E-07  7.654025E-05  1.040546E-04  3.829596E-07  1.519127E-08  1.973024E-08  1.363446E-07
 3.501500E+02  3.936782E-01  1.835929E-04  1.110625E-08  1.487592E-08  1.662421E-08  2.020436E-08  4.967821E-02  5.093310E-06  8.285249E-10  4.423122E-01  1.674131E-03  9.803183E-06  1.409335E-06  4.546276E-04  2.681098E-09  1.071056E-08  1.630702E-08  1.118153E-01  7.509766E-06  4.732484E-07  3.944710E-07  7.559000E-05  1.027636E-04  3.661880E-07  1.450502E-08  1.884410E-08  1.312879E-07
 3.511500E+02  3.942610E-01  1.822679E-04  1.085179E-08  1.453806E-08  1.624736E-08  1.975017E-08  4.968244E-02  5.022549E-06  7.900206E-10  4.429112E-01  1.655123E-03  9.386253E-06  1.381924E-06  4.485394E-04  2.576785E-09  1.031454E-08  1.582972E-08  1.106588E-01  7.253816E-06  4.618007E-07  3.847262E-07  7.465702E-05  1.014960E-04  3.502403E-07  1.385363E-08  1.800277E-08  1.264467E-07
 3.521500E+02  3.948349E-01  1.809582E-04  1.060452E-08  1.420967E-08  1.588106E-08  1.930862E-08  4.968658E-02  4.953250E-06  7.535334E-10  4.435012E-01  1.636416E-03  8.989137E-06  1.355187E-06  4.425687E-04  2.477143E-09  9.935502E-09  1.536914E-08  1.095197E-01  7.007910E-06  4.506907E-07  3.752741E-07  7.374092E-05  1.002515E-04  3.350720E-07  1.323517E-08  1.720375E-08  1.218108E-07
 3.531500E+02  3.954002E-01  1.796636E-04  1.036421E-08  1.389045E-08  1.552498E-08  1.887930E-08  4.969064E-02  4.885374E-06  7.189467E-10  4.440822E-01  1.618006E-03  8.610804E-06  1.329102E-06  4.367127E-04  2.381939E-09  9.572640E-09  1.492461E-08  1.083977E-01  6.771608E-06  4.399073E-07  3.661045E-07  7.284134E-05  9.902937E-05  3.206412E-07  1.264778E-08  1.644468E-08  1.173705E-07
 3.541500E+02  3.959570E-01  1.783839E-04  1.013064E-08  1.358012E-08  1.517879E-08  1.846183E-08  4.969463E-02  4.818885E-06  6.861510E-10  4.446545E-01  1.599886E-03  8.250281E-06  1.303653E-06  4.309687E-04  2.290950E-09  9.225173E-09  1.449551E-08  1.072926E-01  6.544493E-06  4.294394E-07  3.572078E-07  7.195790E-05  9.782922E-05  3.069085E-07  1.208976E-08  1.572338E-08  1.131165E-07
 3.551500E+02  3.965055E-01  1.771190E-04  9.903576E-09  1.327838E-08  1.484218E-08  1.805584E-08  4.969854E-02  4.753747E-06  6.550440E-10  4.452182E-01  1.582053E-03  7.906651E-06  1.278822E-06  4.253342E-04  2.203968E-09  8.892367E-09  1.408122E-08  1.062040E-01  6.326167E-06  4.192764E-07  3.485749E-07  7.109026E-05  9.665054E-05  2.938368E-07  1.155949E-08  1.503775E-08  1.090401E-07
 3.561500E+02  3.970457E-01  1.758686E-04  9.682826E-09  1.298497E-08  1.451484E-08  1.766095E-08  4.970238E-02  4.689925E-06  6.255296E-10  4.457734E-01  1.564500E-03  7.579046E-06  1.254590E-06  4.198066E-04  2.120796E-09  8.573527E-09  1.368115E-08  1.051318E-01  6.116251E-06  4.094083E-07  3.401967E-07  7.023807E-05  9.549287E-05  2.813910E-07  1.105543E-08  1.438587E-08  1.051330E-07
 3.571500E+02  3.975779E-01  1.746327E-04  9.468184E-09  1.269962E-08  1.419648E-08  1.727682E-08  4.970615E-02  4.627387E-06  5.975175E-10  4.463202E-01  1.547222E-03  7.266647E-06  1.230943E-06  4.143833E-04  2.041246E-09  8.267993E-09  1.329475E-08  1.040755E-01  5.914383E-06  3.998253E-07  3.320646E-07  6.940099E-05  9.435575E-05  2.695382E-07  1.057617E-08  1.376588E-08  1.013874E-07
 3.581500E+02  3.981021E-01  1.734110E-04  9.259455E-09  1.242208E-08  1.388682E-08  1.690312E-08  4.970985E-02  4.566100E-06  5.709234E-10  4.468589E-01  1.530215E-03  6.968680E-06  1.207862E-06  4.090621E-04  1.965143E-09  7.975140E-09  1.292149E-08  1.030350E-01  5.720220E-06  3.905178E-07  3.241705E-07  6.857870E-05  9.323872E-05  2.582473E-07  1.012035E-08  1.317608E-08  9.779588E-08
 3.591500E+02  3.986185E-01  1.722034E-04  9.056454E-09  1.215210E-08  1.358559E-08  1.653952E-08  4.971348E-02  4.506032E-06  5.456677E-10  4.473896E-01  1.513474E-03  6.684415E-06  1.185334E-06  4.038405E-04  1.892319E-09  7.694375E-09  1.256086E-08  1.020099E-01  5.533432E-06  3.814769E-07  3.165063E-07  6.777087E-05  9.214136E-05  2.474890E-07  9.686709E-09  1.261483E-08  9.435126E-08
 3.601500E+02  3.991273E-01  1.710098E-04  8.858999E-09  1.188945E-08  1.329251E-08  1.618570E-08  4.971704E-02  4.447153E-06  5.216759E-10  4.479124E-01  1.496993E-03  6.413160E-06  1.163341E-06  3.987163E-04  1.822615E-09  7.425138E-09  1.221236E-08  1.010001E-01  5.353707E-06  3.726938E-07  3.090644E-07  6.697719E-05  9.106323E-05  2.372356E-07  9.274057E-09  1.208061E-08  9.104685E-08
 3.611500E+02  3.996285E-01  1.698299E-04  8.666916E-09  1.163389E-08  1.300735E-08  1.584137E-08  4.972054E-02  4.389434E-06  4.988781E-10  4.484274E-01  1.480769E-03  6.154261E-06  1.141871E-06  3.936872E-04  1.755882E-09  7.166893E-09  1.187553E-08  1.000051E-01  5.180747E-06  3.641601E-07  3.018374E-07  6.619736E-05  9.000393E-05  2.274609E-07  8.881270E-09  1.157197E-08  8.787628E-08
 3.621500E+02  4.001223E-01  1.686637E-04  8.480038E-09  1.138521E-08  1.272984E-08  1.550622E-08  4.972397E-02  4.332845E-06  4.772084E-10  4.489348E-01  1.464797E-03  5.907101E-06  1.120908E-06  3.887512E-04  1.691977E-09  6.919135E-09  1.154992E-08  9.902490E-02  5.014266E-06  3.558676E-07  2.948182E-07  6.543109E-05  8.896305E-05  2.181404E-07  8.507290E-09  1.108757E-08  8.483345E-08
 3.631500E+02  4.006089E-01  1.675109E-04  8.298200E-09  1.114319E-08  1.245975E-08  1.517998E-08  4.972734E-02  4.277359E-06  4.566050E-10  4.494347E-01  1.449071E-03  5.671095E-06  1.100438E-06  3.839060E-04  1.630767E-09  6.681385E-09  1.123510E-08  9.805910E-02  4.853994E-06  3.478085E-07  2.879999E-07  6.467807E-05  8.794019E-05  2.092508E-07  8.151123E-09  1.062613E-08  8.191263E-08
 3.641500E+02  4.010882E-01  1.663714E-04  8.121247E-09  1.090763E-08  1.219686E-08  1.486238E-08  4.973065E-02  4.222948E-06  4.370098E-10  4.499272E-01  1.433588E-03  5.445689E-06  1.080449E-06  3.791496E-04  1.572123E-09  6.453185E-09  1.093067E-08  9.710749E-02  4.699671E-06  3.399753E-07  2.813759E-07  6.393804E-05  8.693498E-05  2.007700E-07  7.811829E-09  1.018644E-08  7.910831E-08
 3.651500E+02  4.015606E-01  1.652450E-04  7.949027E-09  1.067833E-08  1.194095E-08  1.455314E-08  4.973390E-02  4.169587E-06  4.183681E-10  4.504125E-01  1.418343E-03  5.230361E-06  1.060926E-06  3.744801E-04  1.515925E-09  6.234104E-09  1.063624E-08  9.616982E-02  4.551049E-06  3.323606E-07  2.749399E-07  6.321071E-05  8.594703E-05  1.926774E-07  7.488525E-09  9.767364E-09  7.641530E-08
 3.661500E+02  4.020260E-01  1.641316E-04  7.781395E-09  1.045509E-08  1.169179E-08  1.425202E-08  4.973709E-02  4.117250E-06  4.006286E-10  4.508906E-01  1.403333E-03  5.024616E-06  1.041858E-06  3.698955E-04  1.462058E-09  6.023729E-09  1.035141E-08  9.524587E-02  4.407893E-06  3.249576E-07  2.686857E-07  6.249581E-05  8.497598E-05  1.849534E-07  7.180377E-09  9.367836E-09  7.382864E-08
 3.671500E+02  4.024847E-01  1.630310E-04  7.618208E-09  1.023773E-08  1.144919E-08  1.395877E-08  4.974023E-02  4.065911E-06  3.837427E-10  4.513618E-01  1.388552E-03  4.827983E-06  1.023232E-06  3.653939E-04  1.410414E-09  5.821670E-09  1.007585E-08  9.433539E-02  4.269978E-06  3.177593E-07  2.626075E-07  6.179309E-05  8.402147E-05  1.775794E-07  6.886598E-09  8.986845E-09  7.134362E-08
 3.681500E+02  4.029367E-01  1.619431E-04  7.459331E-09  1.002607E-08  1.121294E-08  1.367315E-08  4.974331E-02  4.015548E-06  3.676649E-10  4.518261E-01  1.373997E-03  4.640019E-06  1.005037E-06  3.609734E-04  1.360889E-09  5.627555E-09  9.809190E-09  9.343816E-02  4.137089E-06  3.107592E-07  2.566995E-07  6.110229E-05  8.308316E-05  1.705378E-07  6.606447E-09  8.623438E-09  6.895575E-08
 3.691500E+02  4.033821E-01  1.608678E-04  7.304632E-09  9.819941E-09  1.098285E-08  1.339492E-08  4.974633E-02  3.966137E-06  3.523523E-10  4.522836E-01  1.359664E-03  4.460303E-06  9.872595E-07  3.566322E-04  1.313386E-09  5.441032E-09  9.551111E-09  9.255396E-02  4.009019E-06  3.039512E-07  2.509562E-07  6.042315E-05  8.216071E-05  1.638122E-07  6.339222E-09  8.276715E-09  6.666077E-08
 3.701500E+02  4.038210E-01  1.598047E-04  7.153983E-09  9.619172E-09  1.075874E-08  1.312388E-08  4.974930E-02  3.917654E-06  3.377645E-10  4.527345E-01  1.345548E-03  4.288437E-06  9.698898E-07  3.523687E-04  1.267812E-09  5.261764E-09  9.301294E-09  9.168255E-02  3.885573E-06  2.973290E-07  2.453724E-07  5.975545E-05  8.125378E-05  1.573869E-07  6.084263E-09  7.945827E-09  6.445463E-08
 3.711500E+02  4.042536E-01  1.587539E-04  7.007262E-09  9.423602E-09  1.054042E-08  1.285980E-08  4.975222E-02  3.870078E-06  3.238634E-10  4.531789E-01  1.331647E-03  4.124043E-06  9.529166E-07  3.481810E-04  1.224078E-09  5.089433E-09  9.059435E-09  9.082374E-02  3.766564E-06  2.908868E-07  2.399429E-07  5.909893E-05  8.036206E-05  1.512469E-07  5.840947E-09  7.629973E-09  6.233345E-08
 3.721500E+02  4.046800E-01  1.577152E-04  6.864350E-09  9.233074E-09  1.032772E-08  1.260247E-08  4.975509E-02  3.823388E-06  3.106130E-10  4.536168E-01  1.317955E-03  3.966763E-06  9.363294E-07  3.440676E-04  1.182101E-09  4.923734E-09  8.825242E-09  8.997729E-02  3.651811E-06  2.846190E-07  2.346629E-07  5.845336E-05  7.948522E-05  1.453784E-07  5.608683E-09  7.328393E-09  6.029357E-08
 3.731500E+02  4.051002E-01  1.566884E-04  6.725132E-09  9.047438E-09  1.012047E-08  1.235170E-08  4.975791E-02  3.777562E-06  2.979797E-10  4.540484E-01  1.304470E-03  3.816258E-06  9.201180E-07  3.400268E-04  1.141802E-09  4.764378E-09  8.598435E-09  8.914301E-02  3.541145E-06  2.785202E-07  2.295275E-07  5.781853E-05  7.862296E-05  1.397681E-07  5.386915E-09  7.040373E-09  5.833147E-08
