#         T/K            c1          c2-1          c3-4          c3-5          c3-7          c3-9            m1          m2-1          m3-1            w1            w2          w3-1          w3-2          c1m1        c1m2-1        c1m2-7        c2m1-1        c1w1-2        c1w2-1        c2w1-1        c2w1-9        m1w1-1        m1w1-4        m1w2-1        m2w1-1        m2w1-3      c1m1w1-1
 2.731500E+02  8.267018E-02  2.286275E-05  1.674038E-09  2.197215E-09  2.444576E-09  2.914853E-09  9.836119E-02  8.225607E-05  7.424573E-07  6.630257E-01  1.524938E-02  3.567293E-03  5.005293E-05  8.600503E-04  1.367141E-07  4.486024E-07  3.835714E-08  1.336363E-01  1.689308E-04  5.671323E-07  4.980022E-07  8.906556E-04  1.212422E-03  1.744334E-04  9.369705E-06  1.186686E-05  4.611690E-06
 2.741500E+02  8.347948E-02  2.287312E-05  1.639803E-09  2.153010E-09  2.395574E-09  2.857324E-09  9.839855E-02  8.027974E-05  6.849610E-07  6.644256E-01  1.494164E-02  3.313655E-03  4.830093E-05  8.457381E-04  1.285939E-07  4.233240E-07  3.691528E-08  1.320381E-01  1.601864E-04  5.504064E-07  4.828982E-07  8.713991E-04  1.186134E-03  1.617463E-04  8.667829E-06  1.098229E-05  4.352870E-06
 2.751500E+02  8.428079E-02  2.287911E-05  1.606094E-09  2.109460E-09  2.347291E-09  2.800611E-09  9.843465E-02  7.836632E-05  6.323153E-07  6.657891E-01  1.464149E-02  3.079468E-03  4.661950E-05  8.316973E-04  1.210033E-07  3.996174E-07  3.553206E-08  1.304552E-01  1.519334E-04  5.341884E-07  4.682680E-07  8.526794E-04  1.160582E-03  1.500590E-04  8.023098E-06  1.016943E-05  4.109916E-06
 2.761500E+02  8.507402E-02  2.288079E-05  1.572910E-09  2.066564E-09  2.299728E-09  2.744716E-09  9.846953E-02  7.651340E-05  5.840792E-07  6.671178E-01  1.434876E-02  2.863150E-03  4.500565E-05  8.179224E-04  1.139048E-07  3.773758E-07  3.420490E-08  1.288879E-01  1.441427E-04  5.184637E-07  4.540973E-07  8.344798E-04  1.135743E-03  1.392872E-04  7.430519E-06  9.422039E-06  3.881781E-06
 2.771500E+02  8.585907E-02  2.287823E-05  1.540251E-09  2.024325E-09  2.252888E-09  2.689642E-09  9.850327E-02  7.471867E-05  5.398548E-07  6.684134E-01  1.406327E-02  2.663253E-03  4.345650E-05  8.044079E-04  1.072638E-07  3.565007E-07  3.293138E-08  1.273364E-01  1.367866E-04  5.032179E-07  4.403722E-07  8.167845E-04  1.111595E-03  1.293543E-04  6.885562E-06  8.734443E-06  3.667495E-06
 2.781500E+02  8.663583E-02  2.287152E-05  1.508117E-09  1.982744E-09  2.206772E-09  2.635393E-09  9.853592E-02  7.297994E-05  4.992824E-07  6.696774E-01  1.378485E-02  2.478451E-03  4.196928E-05  7.911488E-04  1.010482E-07  3.369005E-07  3.170918E-08  1.258010E-01  1.298394E-04  4.884370E-07  4.270790E-07  7.995776E-04  1.088117E-03  1.201905E-04  6.384114E-06  8.101504E-06  3.466150E-06
 2.791500E+02  8.740425E-02  2.286074E-05  1.476509E-09  1.941823E-09  2.161381E-09  2.581972E-09  9.856752E-02  7.129510E-05  4.620368E-07  6.709111E-01  1.351333E-02  2.307530E-03  4.054136E-05  7.781400E-04  9.522858E-08  3.184906E-07  3.053609E-08  1.242818E-01  1.232770E-04  4.741075E-07  4.142046E-07  7.828440E-04  1.065288E-03  1.117319E-04  5.922441E-06  7.518550E-06  3.276907E-06
 2.801500E+02  8.816425E-02  2.284598E-05  1.445427E-09  1.901561E-09  2.116718E-09  2.529381E-09  9.859813E-02  6.966213E-05  4.278239E-07  6.721158E-01  1.324855E-02  2.149379E-03  3.917017E-05  7.653767E-04  8.977746E-08  3.011922E-07  2.941002E-08  1.227789E-01  1.170765E-04  4.602161E-07  4.017362E-07  7.665689E-04  1.043086E-03  1.039205E-04  5.497150E-06  6.981333E-06  3.098982E-06
 2.811500E+02  8.891577E-02  2.282734E-05  1.414870E-09  1.861959E-09  2.072782E-09  2.477623E-09  9.862779E-02  6.807911E-05  3.963772E-07  6.732928E-01  1.299032E-02  2.002980E-03  3.785329E-05  7.528543E-04  8.466956E-08  2.849322E-07  2.832897E-08  1.212924E-01  1.112168E-04  4.467500E-07  3.896613E-07  7.507381E-04  1.021494E-03  9.670310E-05  5.105157E-06  6.485992E-06  2.931645E-06
 2.821500E+02  8.965878E-02  2.280490E-05  1.384838E-09  1.823019E-09  2.029575E-09  2.426700E-09  9.865653E-02  6.654421E-05  3.674554E-07  6.744431E-01  1.273849E-02  1.867400E-03  3.658836E-05  7.405682E-04  7.988144E-08  2.696428E-07  2.729103E-08  1.198226E-01  1.056777E-04  4.336967E-07  3.779679E-07  7.353377E-04  1.000491E-03  9.003134E-05  4.743655E-06  6.029011E-06  2.774218E-06
 2.831500E+02  9.039324E-02  2.277878E-05  1.355330E-09  1.784739E-09  1.987096E-09  2.376613E-09  9.868440E-02  6.505565E-05  3.408398E-07  6.755677E-01  1.249288E-02  1.741785E-03  3.537316E-05  7.285138E-04  7.539137E-08  2.552610E-07  2.629437E-08  1.183694E-01  1.004406E-04  4.210440E-07  3.666442E-07  7.203542E-04  9.800588E-04  8.386089E-05  4.410091E-06  5.607190E-06  2.626068E-06
 2.841500E+02  9.111911E-02  2.274908E-05  1.326344E-09  1.747120E-09  1.945346E-09  2.327362E-09  9.871144E-02  6.361174E-05  3.163317E-07  6.766677E-01  1.225333E-02  1.625352E-03  3.420554E-05  7.166869E-04  7.117925E-08  2.417280E-07  2.533728E-08  1.169330E-01  9.548782E-05  4.087800E-07  3.556788E-07  7.057747E-04  9.601798E-04  7.815131E-05  4.102138E-06  5.217614E-06  2.486605E-06
 2.851500E+02  9.183639E-02  2.271589E-05  1.297880E-09  1.710160E-09  1.904322E-09  2.278948E-09  9.873768E-02  6.221088E-05  2.937510E-07  6.777439E-01  1.201969E-02  1.517381E-03  3.308346E-05  7.050831E-04  6.722639E-08  2.289894E-07  2.441808E-08  1.155134E-01  9.080280E-05  3.968932E-07  3.450606E-07  6.915865E-04  9.408364E-04  7.286561E-05  3.817677E-06  4.857624E-06  2.355279E-06
 2.861500E+02  9.254505E-02  2.267932E-05  1.269935E-09  1.673857E-09  1.864025E-09  2.231369E-09  9.876315E-02  6.085151E-05  2.729340E-07  6.787972E-01  1.179180E-02  1.417213E-03  3.200494E-05  6.936984E-04  6.351549E-08  2.169944E-07  2.353520E-08  1.141106E-01  8.637004E-05  3.853723E-07  3.347789E-07  6.777774E-04  9.220119E-04  6.796993E-05  3.554776E-06  4.524798E-06  2.231579E-06
 2.871500E+02  9.324510E-02  2.263947E-05  1.242507E-09  1.638209E-09  1.824451E-09  2.184625E-09  9.878788E-02  5.953215E-05  2.537317E-07  6.798284E-01  1.156950E-02  1.324245E-03  3.096812E-05  6.825287E-04  6.003047E-08  2.056957E-07  2.268711E-08  1.127247E-01  8.217496E-05  3.742064E-07  3.248231E-07  6.643357E-04  9.036901E-04  6.343332E-05  3.311672E-06  4.216923E-06  2.115025E-06
 2.881500E+02  9.393653E-02  2.259646E-05  1.215594E-09  1.603215E-09  1.785598E-09  2.138713E-09  9.881191E-02  5.825137E-05  2.360089E-07  6.808383E-01  1.135264E-02  1.237921E-03  2.997121E-05  6.715699E-04  5.675642E-08  1.950494E-07  2.187238E-08  1.113556E-01  7.820388E-05  3.633847E-07  3.151831E-07  6.512499E-04  8.858552E-04  5.922743E-05  3.086757E-06  3.931980E-06  2.005173E-06
 2.891500E+02  9.461936E-02  2.255038E-05  1.189193E-09  1.568871E-09  1.747463E-09  2.093631E-09  9.883526E-02  5.700782E-05  2.196422E-07  6.818274E-01  1.114107E-02  1.157730E-03  2.901250E-05  6.608182E-04  5.367948E-08  1.850144E-07  2.108961E-08  1.100034E-01  7.444394E-05  3.528969E-07  3.058490E-07  6.385090E-04  8.684922E-04  5.532628E-05  2.878562E-06  3.668124E-06  1.901605E-06
 2.901500E+02  9.529360E-02  2.250135E-05  1.163299E-09  1.535173E-09  1.710042E-09  2.049375E-09  9.885795E-02  5.580018E-05  2.045195E-07  6.827966E-01  1.093466E-02  1.083205E-03  2.809035E-05  6.502697E-04  5.078675E-08  1.755524E-07  2.033749E-08  1.086680E-01  7.088306E-05  3.427329E-07  2.968111E-07  6.261023E-04  8.515862E-04  5.170609E-05  2.685744E-06  3.423670E-06  1.803934E-06
 2.911500E+02  9.595928E-02  2.244946E-05  1.137911E-09  1.502118E-09  1.673331E-09  2.005942E-09  9.888001E-02  5.462719E-05  1.905385E-07  6.837464E-01  1.073326E-02  1.013916E-03  2.720320E-05  6.399205E-04  4.806627E-08  1.666279E-07  1.961475E-08  1.073495E-01  6.750990E-05  3.328828E-07  2.880602E-07  6.140195E-04  8.351231E-04  4.834504E-05  2.507076E-06  3.197075E-06  1.711795E-06
 2.921500E+02  9.661641E-02  2.239482E-05  1.113023E-09  1.469701E-09  1.637326E-09  1.963326E-09  9.890147E-02  5.348766E-05  1.776059E-07  6.846774E-01  1.053672E-02  9.494664E-04  2.634958E-05  6.297671E-04  4.550690E-08  1.582075E-07  1.892017E-08  1.060477E-01  6.431379E-05  3.233370E-07  2.795871E-07  6.022507E-04  8.190892E-04  4.522312E-05  2.341436E-06  2.986929E-06  1.624849E-06
 2.931500E+02  9.726504E-02  2.233754E-05  1.088632E-09  1.437917E-09  1.602020E-09  1.921522E-09  9.892235E-02  5.238043E-05  1.656366E-07  6.855902E-01  1.034493E-02  8.894926E-04  2.552804E-05  6.198056E-04  4.309826E-08  1.502603E-07  1.825260E-08  1.047626E-01  6.128472E-05  3.140864E-07  2.713831E-07  5.907861E-04  8.034713E-04  4.232197E-05  2.187797E-06  2.791940E-06  1.542781E-06
 2.941500E+02  9.790520E-02  2.227772E-05  1.064732E-09  1.406762E-09  1.567409E-09  1.880525E-09  9.894266E-02  5.130439E-05  1.545528E-07  6.864852E-01  1.015775E-02  8.336600E-04  2.473725E-05  6.100326E-04  4.083072E-08  1.427571E-07  1.761092E-08  1.034942E-01  5.841326E-05  3.051217E-07  2.634396E-07  5.796164E-04  7.882565E-04  3.962473E-05  2.045219E-06  2.610925E-06  1.465293E-06
 2.951500E+02  9.853692E-02  2.221546E-05  1.041319E-09  1.376229E-09  1.533487E-09  1.840328E-09  9.896243E-02  5.025847E-05  1.442838E-07  6.873631E-01  9.975052E-03  7.816605E-04  2.397589E-05  6.004445E-04  3.869528E-08  1.356711E-07  1.699408E-08  1.022423E-01  5.569056E-05  2.964341E-07  2.557482E-07  5.687327E-04  7.734325E-04  3.711593E-05  1.912840E-06  2.442800E-06  1.392109E-06
 2.961500E+02  9.916027E-02  2.215086E-05  1.018389E-09  1.346312E-09  1.500246E-09  1.800924E-09  9.898168E-02  4.924165E-05  1.347644E-07  6.882242E-01  9.796713E-03  7.332103E-04  2.324273E-05  5.910379E-04  3.668359E-08  1.289768E-07  1.640106E-08  1.010070E-01  5.310829E-05  2.880152E-07  2.483010E-07  5.581263E-04  7.589873E-04  3.478133E-05  1.789870E-06  2.286572E-06  1.322968E-06
 2.971500E+02  9.977528E-02  2.208402E-05  9.959344E-10  1.317005E-09  1.467681E-09  1.762306E-09  9.900042E-02  4.825295E-05  1.259356E-07  6.890691E-01  9.622614E-03  6.880482E-04  2.253659E-05  5.818092E-04  3.478783E-08  1.226507E-07  1.583087E-08  9.978802E-02  5.065862E-05  2.798566E-07  2.410900E-07  5.477886E-04  7.449094E-04  3.260786E-05  1.675585E-06  2.141328E-06  1.257630E-06
 2.981500E+02  1.003820E-01  2.201505E-05  9.739509E-10  1.288301E-09  1.435783E-09  1.724465E-09  9.901868E-02  4.729143E-05  1.177428E-07  6.898981E-01  9.452638E-03  6.459334E-04  2.185634E-05  5.727551E-04  3.300075E-08  1.166706E-07  1.528260E-08  9.858537E-02  4.833418E-05  2.719501E-07  2.341078E-07  5.377117E-04  7.311876E-04  3.058349E-05  1.569321E-06  2.006231E-06  1.195867E-06
 2.991500E+02  1.009805E-01  2.194403E-05  9.524324E-10  1.260194E-09  1.404545E-09  1.687395E-09  9.903647E-02  4.635617E-05  1.101365E-07  6.907116E-01  9.286673E-03  6.066439E-04  2.120091E-05  5.638723E-04  3.131556E-08  1.110158E-07  1.475534E-08  9.739891E-02  4.612804E-05  2.642880E-07  2.273469E-07  5.278876E-04  7.178112E-04  2.869716E-05  1.470468E-06  1.880513E-06  1.137467E-06
 3.001500E+02  1.015709E-01  2.187106E-05  9.313729E-10  1.232676E-09  1.373959E-09  1.651085E-09  9.905380E-02  4.544630E-05  1.030711E-07  6.915102E-01  9.124608E-03  5.699750E-04  2.056927E-05  5.551576E-04  2.972593E-08  1.056671E-07  1.424825E-08  9.622855E-02  4.403368E-05  2.568625E-07  2.208002E-07  5.183088E-04  7.047697E-04  2.693867E-05  1.378465E-06  1.763468E-06  1.082231E-06
 3.011500E+02  1.021531E-01  2.179623E-05  9.107661E-10  1.205739E-09  1.344017E-09  1.615527E-09  9.907070E-02  4.456099E-05  9.650483E-08  6.922940E-01  8.966337E-03  5.357377E-04  1.996042E-05  5.466077E-04  2.822596E-08  1.006064E-07  1.376049E-08  9.507414E-02  4.204495E-05  2.496663E-07  2.144607E-07  5.089679E-04  6.920531E-04  2.529865E-05  1.292798E-06  1.654446E-06  1.029972E-06
 3.021500E+02  1.027273E-01  2.171964E-05  8.906056E-10  1.179376E-09  1.314710E-09  1.580712E-09  9.908717E-02  4.369943E-05  9.039944E-08  6.930636E-01  8.811755E-03  5.037578E-04  1.937345E-05  5.382194E-04  2.681014E-08  9.581656E-08  1.329129E-08  9.393558E-02  4.015609E-05  2.426922E-07  2.083219E-07  4.998578E-04  6.796516E-04  2.376845E-05  1.212994E-06  1.552852E-06  9.805165E-07
 3.031500E+02  1.032936E-01  2.164137E-05  8.708850E-10  1.153579E-09  1.286030E-09  1.546629E-09  9.910322E-02  4.286084E-05  8.471980E-08  6.938191E-01  8.660762E-03  4.738743E-04  1.880745E-05  5.299898E-04  2.547333E-08  9.128188E-08  1.283990E-08  9.281273E-02  3.836163E-05  2.359332E-07  2.023770E-07  4.909717E-04  6.675558E-04  2.234010E-05  1.138617E-06  1.458134E-06  9.337006E-07
 3.041500E+02  1.038519E-01  2.156151E-05  8.515975E-10  1.128339E-09  1.257967E-09  1.513269E-09  9.911889E-02  4.204447E-05  7.943365E-08  6.945611E-01  8.513260E-03  4.459385E-04  1.826156E-05  5.219156E-04  2.421072E-08  8.698744E-08  1.240558E-08  9.170546E-02  3.665647E-05  2.293824E-07  1.966199E-07  4.823029E-04  6.557568E-04  2.100624E-05  1.069266E-06  1.369789E-06  8.893710E-07
 3.051500E+02  1.044024E-01  2.148014E-05  8.327365E-10  1.103649E-09  1.230513E-09  1.480621E-09  9.913416E-02  4.124961E-05  7.451138E-08  6.952897E-01  8.369154E-03  4.198130E-04  1.773497E-05  5.139939E-04  2.301782E-08  8.291932E-08  1.198766E-08  9.061363E-02  3.503576E-05  2.230333E-07  1.910444E-07  4.738451E-04  6.442456E-04  1.976011E-05  1.004573E-06  1.287350E-06  8.473840E-07
 3.061500E+02  1.049452E-01  2.139736E-05  8.142951E-10  1.079499E-09  1.203658E-09  1.448675E-09  9.914907E-02  4.047557E-05  6.992575E-08  6.960054E-01  8.228352E-03  3.953708E-04  1.722690E-05  5.062218E-04  2.189042E-08  7.906445E-08  1.158547E-08  8.953709E-02  3.349496E-05  2.168795E-07  1.856447E-07  4.655920E-04  6.330138E-04  1.859544E-05  9.441981E-07  1.210388E-06  8.076047E-07
 3.071500E+02  1.054803E-01  2.131323E-05  7.962663E-10  1.055882E-09  1.177393E-09  1.417421E-09  9.916361E-02  3.972168E-05  6.565174E-08  6.967083E-01  8.090765E-03  3.724943E-04  1.673660E-05  4.985962E-04  2.082460E-08  7.541059E-08  1.119838E-08  8.847570E-02  3.202978E-05  2.109149E-07  1.804148E-07  4.575377E-04  6.220533E-04  1.750644E-05  8.878277E-07  1.138508E-06  7.699066E-07
 3.081500E+02  1.060078E-01  2.122784E-05  7.786431E-10  1.032787E-09  1.151708E-09  1.386847E-09  9.917780E-02  3.898730E-05  6.166630E-08  6.973988E-01  7.956304E-03  3.510749E-04  1.626336E-05  4.911145E-04  1.981668E-08  7.194624E-08  1.082578E-08  8.742931E-02  3.063619E-05  2.051333E-07  1.753494E-07  4.496764E-04  6.113560E-04  1.648779E-05  8.351733E-07  1.071344E-06  7.341711E-07
 3.091500E+02  1.065278E-01  2.114127E-05  7.614185E-10  1.010208E-09  1.126594E-09  1.356943E-09  9.919166E-02  3.827181E-05  5.794825E-08  6.980771E-01  7.824887E-03  3.310119E-04  1.580650E-05  4.837736E-04  1.886324E-08  6.866065E-08  1.046709E-08  8.639776E-02  2.931036E-05  1.995291E-07  1.704430E-07  4.420024E-04  6.009144E-04  1.553454E-05  7.859685E-07  1.008560E-06  7.002866E-07
 3.101500E+02  1.070404E-01  2.105358E-05  7.445854E-10  9.881343E-10  1.102040E-09  1.327698E-09  9.920518E-02  3.757462E-05  5.447806E-08  6.987436E-01  7.696431E-03  3.122123E-04  1.536536E-05  4.765709E-04  1.796104E-08  6.554368E-08  1.012175E-08  8.538090E-02  2.804871E-05  1.940964E-07  1.656904E-07  4.345105E-04  5.907210E-04  1.464214E-05  7.399675E-07  9.498452E-07  6.681486E-07
 3.111500E+02  1.075456E-01  2.096486E-05  7.281368E-10  9.665576E-10  1.078038E-09  1.299100E-09  9.921839E-02  3.689516E-05  5.123773E-08  6.993984E-01  7.570857E-03  2.945896E-04  1.493933E-05  4.695037E-04  1.710709E-08  6.258584E-08  9.789228E-09  8.437856E-02  2.684785E-05  1.888299E-07  1.610866E-07  4.271953E-04  5.807686E-04  1.380636E-05  6.969433E-07  8.949124E-07  6.376588E-07
 3.121500E+02  1.080435E-01  2.087517E-05  7.120654E-10  9.454689E-10  1.054576E-09  1.271138E-09  9.923129E-02  3.623287E-05  4.821069E-08  7.000418E-01  7.448088E-03  2.780639E-04  1.452782E-05  4.625693E-04  1.629855E-08  5.977821E-08  9.469011E-09  8.339060E-02  2.570459E-05  1.837243E-07  1.566267E-07  4.200518E-04  5.710505E-04  1.302330E-05  6.566863E-07  8.434963E-07  6.087247E-07
 3.131500E+02  1.085343E-01  2.078458E-05  6.963641E-10  9.248591E-10  1.031646E-09  1.243801E-09  9.924388E-02  3.558722E-05  4.538164E-08  7.006741E-01  7.328049E-03  2.625610E-04  1.413024E-05  4.557650E-04  1.553278E-08  5.711241E-08  9.160609E-09  8.241684E-02  2.461590E-05  1.787743E-07  1.523060E-07  4.130751E-04  5.615597E-04  1.228933E-05  6.190026E-07  7.953516E-07  5.812598E-07
 3.141500E+02  1.090179E-01  2.069316E-05  6.810258E-10  9.047194E-10  1.009237E-09  1.217077E-09  9.925619E-02  3.495770E-05  4.273646E-08  7.012955E-01  7.210667E-03  2.480122E-04  1.374606E-05  4.490883E-04  1.480731E-08  5.458057E-08  8.863553E-09  8.145712E-02  2.357894E-05  1.739751E-07  1.481198E-07  4.062604E-04  5.522899E-04  1.160112E-05  5.837130E-07  7.502515E-07  5.551824E-07
 3.151500E+02  1.094945E-01  2.060096E-05  6.660435E-10  8.850408E-10  9.873400E-10  1.190956E-09  9.926821E-02  3.434382E-05  4.026214E-08  7.019063E-01  7.095873E-03  2.343537E-04  1.337475E-05  4.425366E-04  1.411982E-08  5.217529E-08  8.577390E-09  8.051128E-02  2.259102E-05  1.693217E-07  1.440638E-07  3.996033E-04  5.432348E-04  1.095555E-05  5.506519E-07  7.079862E-07  5.304159E-07
 3.161500E+02  1.099642E-01  2.050807E-05  6.514099E-10  8.658144E-10  9.659444E-10  1.165426E-09  9.927996E-02  3.374509E-05  3.794663E-08  7.025065E-01  6.983598E-03  2.215263E-04  1.301582E-05  4.361075E-04  1.346812E-08  4.988961E-08  8.301691E-09  7.957915E-02  2.164960E-05  1.648096E-07  1.401337E-07  3.930992E-04  5.343884E-04  1.034974E-05  5.196659E-07  6.683613E-07  5.068880E-07
 3.171500E+02  1.104271E-01  2.041452E-05  6.371182E-10  8.470311E-10  9.450406E-10  1.140475E-09  9.929145E-02  3.316107E-05  3.577881E-08  7.030966E-01  6.873775E-03  2.094750E-04  1.266879E-05  4.297984E-04  1.285017E-08  4.771699E-08  8.036039E-09  7.866056E-02  2.075230E-05  1.604341E-07  1.363253E-07  3.867439E-04  5.257447E-04  9.781041E-06  4.906129E-07  6.311968E-07  4.845311E-07
 3.181500E+02  1.108832E-01  2.032039E-05  6.231613E-10  8.286823E-10  9.246189E-10  1.116093E-09  9.930267E-02  3.259130E-05  3.374842E-08  7.036766E-01  6.766341E-03  1.981487E-04  1.233321E-05  4.236071E-04  1.226405E-08  4.565127E-08  7.780040E-09  7.775534E-02  1.989683E-05  1.561910E-07  1.326347E-07  3.805332E-04  5.172982E-04  9.246962E-06  4.633614E-07  5.963261E-07  4.632812E-07
 3.191500E+02  1.113326E-01  2.022572E-05  6.095321E-10  8.107590E-10  9.046695E-10  1.092267E-09  9.931364E-02  3.203535E-05  3.184592E-08  7.042467E-01  6.661233E-03  1.874999E-04  1.200864E-05  4.175310E-04  1.170798E-08  4.368666E-08  7.533312E-09  7.686332E-02  1.908108E-05  1.520760E-07  1.290580E-07  3.744631E-04  5.090432E-04  8.745211E-06  4.377896E-07  5.635946E-07  4.430783E-07
 3.201500E+02  1.117755E-01  2.013058E-05  5.962240E-10  7.932526E-10  8.851827E-10  1.068988E-09  9.932437E-02  3.149282E-05  3.006254E-08  7.048072E-01  6.558390E-03  1.774845E-04  1.169466E-05  4.115680E-04  1.118024E-08  4.181770E-08  7.295492E-09  7.598434E-02  1.830301E-05  1.480848E-07  1.255914E-07  3.685297E-04  5.009746E-04  8.273652E-06  4.137845E-07  5.328590E-07  4.238658E-07
 3.211500E+02  1.122118E-01  2.003501E-05  5.832300E-10  7.761543E-10  8.661491E-10  1.046244E-09  9.933486E-02  3.096331E-05  2.839012E-08  7.053583E-01  6.457754E-03  1.680616E-04  1.139086E-05  4.057158E-04  1.067927E-08  4.003927E-08  7.066229E-09  7.511822E-02  1.756072E-05  1.442137E-07  1.222313E-07  3.627293E-04  4.930871E-04  7.830305E-06  3.912412E-07  5.039864E-07  4.055905E-07
 3.221500E+02  1.126417E-01  1.993907E-05  5.705433E-10  7.594555E-10  8.475590E-10  1.024024E-09  9.934512E-02  3.044643E-05  2.682112E-08  7.059001E-01  6.359267E-03  1.591928E-04  1.109688E-05  3.999721E-04  1.020356E-08  3.834652E-08  6.845188E-09  7.426480E-02  1.685240E-05  1.404587E-07  1.189742E-07  3.570582E-04  4.853758E-04  7.413328E-06  3.700626E-07  4.768534E-07  3.882021E-07
 3.231500E+02  1.130653E-01  1.984280E-05  5.581573E-10  7.431478E-10  8.294030E-10  1.002316E-09  9.935516E-02  2.994181E-05  2.534855E-08  7.064329E-01  6.262874E-03  1.508428E-04  1.081233E-05  3.943347E-04  9.751723E-09  3.673490E-08  6.632049E-09  7.342391E-02  1.617635E-05  1.368161E-07  1.158168E-07  3.515128E-04  4.778359E-04  7.021009E-06  3.501584E-07  4.513455E-07  3.716534E-07
 3.241500E+02  1.134827E-01  1.974626E-05  5.460654E-10  7.272226E-10  8.116719E-10  9.811110E-10  9.936498E-02  2.944909E-05  2.396593E-08  7.069568E-01  6.168522E-03  1.429785E-04  1.053687E-05  3.888015E-04  9.322434E-09  3.520012E-08  6.426503E-09  7.259537E-02  1.553094E-05  1.332823E-07  1.127557E-07  3.460899E-04  4.704626E-04  6.651757E-06  3.314448E-07  4.273561E-07  3.558999E-07
 3.251500E+02  1.138939E-01  1.964948E-05  5.342610E-10  7.116718E-10  7.943564E-10  9.603973E-10  9.937458E-02  2.896793E-05  2.266725E-08  7.074719E-01  6.076158E-03  1.355689E-04  1.027016E-05  3.833703E-04  8.914458E-09  3.373813E-08  6.228256E-09  7.177902E-02  1.491466E-05  1.298539E-07  1.097877E-07  3.407860E-04  4.632515E-04  6.304089E-06  3.138439E-07  4.047865E-07  3.408996E-07
 3.261500E+02  1.142990E-01  1.955251E-05  5.227377E-10  6.964870E-10  7.774475E-10  9.401647E-10  9.938398E-02  2.849799E-05  2.144693E-08  7.079785E-01  5.985731E-03  1.285856E-04  1.001188E-05  3.780392E-04  8.526629E-09  3.234512E-08  6.037023E-09  7.097469E-02  1.432605E-05  1.265273E-07  1.069100E-07  3.355979E-04  4.561982E-04  5.976628E-06  2.972834E-07  3.835446E-07  3.266128E-07
 3.271500E+02  1.146982E-01  1.945539E-05  5.114892E-10  6.816601E-10  7.609362E-10  9.204025E-10  9.939318E-02  2.803895E-05  2.029981E-08  7.084767E-01  5.897193E-03  1.220016E-04  9.761712E-06  3.728061E-04  8.157852E-09  3.101749E-08  5.852534E-09  7.018221E-02  1.376375E-05  1.232995E-07  1.041194E-07  3.305226E-04  4.492985E-04  5.668090E-06  2.816960E-07  3.635451E-07  3.130022E-07
 3.281500E+02  1.150914E-01  1.935816E-05  5.005093E-10  6.671831E-10  7.448135E-10  9.011006E-10  9.940218E-02  2.759049E-05  1.922107E-08  7.089666E-01  5.810495E-03  1.157921E-04  9.519368E-06  3.676690E-04  7.807097E-09  2.975185E-08  5.674528E-09  6.940142E-02  1.322646E-05  1.201671E-07  1.014131E-07  3.255571E-04  4.425482E-04  5.377279E-06  2.670192E-07  3.447083E-07  3.000326E-07
 3.291500E+02  1.154789E-01  1.926087E-05  4.897916E-10  6.530482E-10  7.290708E-10  8.822487E-10  9.941099E-02  2.715232E-05  1.820625E-08  7.094486E-01  5.725591E-03  1.099339E-04  9.284561E-06  3.626260E-04  7.473392E-09  2.854499E-08  5.502756E-09  6.863215E-02  1.271297E-05  1.171272E-07  9.878844E-08  3.206984E-04  4.359433E-04  5.103082E-06  2.531947E-07  3.269602E-07  2.876708E-07
 3.301500E+02  1.158606E-01  1.916354E-05  4.793303E-10  6.392475E-10  7.136996E-10  8.638368E-10  9.941961E-02  2.672414E-05  1.725120E-08  7.099225E-01  5.642437E-03  1.044052E-04  9.057016E-06  3.576751E-04  7.155824E-09  2.739390E-08  5.336977E-09  6.787423E-02  1.222210E-05  1.141768E-07  9.624266E-08  3.159437E-04  4.294801E-04  4.844461E-06  2.401684E-07  3.102319E-07  2.758854E-07
 3.311500E+02  1.162366E-01  1.906621E-05  4.691193E-10  6.257735E-10  6.986912E-10  8.458552E-10  9.942805E-02  2.630567E-05  1.635207E-08  7.103888E-01  5.560987E-03  9.918570E-05  8.836472E-06  3.528145E-04  6.853532E-09  2.629571E-08  5.176963E-09  6.712751E-02  1.175275E-05  1.113131E-07  9.377320E-08  3.112902E-04  4.231547E-04  4.600447E-06  2.278897E-07  2.944592E-07  2.646466E-07
 3.321500E+02  1.166071E-01  1.896893E-05  4.591528E-10  6.126186E-10  6.840374E-10  8.282939E-10  9.943632E-02  2.589663E-05  1.550525E-08  7.108474E-01  5.481201E-03  9.425661E-05  8.622678E-06  3.480424E-04  6.565705E-09  2.524774E-08  5.022492E-09  6.639181E-02  1.130389E-05  1.085332E-07  9.137759E-08  3.067353E-04  4.169636E-04  4.370136E-06  2.163116E-07  2.795822E-07  2.539267E-07
 3.331500E+02  1.169721E-01  1.887171E-05  4.494250E-10  5.997753E-10  6.697300E-10  8.111435E-10  9.944442E-02  2.549677E-05  1.470743E-08  7.112985E-01  5.403036E-03  8.960022E-05  8.415393E-06  3.433569E-04  6.291579E-09  2.424744E-08  4.873355E-09  6.566698E-02  1.087454E-05  1.058346E-07  8.905340E-08  3.022765E-04  4.109031E-04  4.152688E-06  2.053903E-07  2.655452E-07  2.436992E-07
 3.341500E+02  1.173317E-01  1.877459E-05  4.399303E-10  5.872365E-10  6.557609E-10  7.943946E-10  9.945235E-02  2.510583E-05  1.395548E-08  7.117424E-01  5.326452E-03  8.520005E-05  8.214385E-06  3.387563E-04  6.030434E-09  2.329240E-08  4.729346E-09  6.495286E-02  1.046374E-05  1.032146E-07  8.679833E-08  2.979113E-04  4.049701E-04  3.947314E-06  1.950851E-07  2.522960E-07  2.339390E-07
 3.351500E+02  1.176860E-01  1.867760E-05  4.306631E-10  5.749950E-10  6.421223E-10  7.780378E-10  9.946011E-02  2.472356E-05  1.324652E-08  7.121790E-01  5.251411E-03  8.104065E-05  8.019432E-06  3.342389E-04  5.781590E-09  2.238035E-08  4.590274E-09  6.424929E-02  1.007062E-05  1.006707E-07  8.461012E-08  2.936371E-04  3.991610E-04  3.753279E-06  1.853576E-07  2.397863E-07  2.246226E-07
 3.361500E+02  1.180350E-01  1.858078E-05  4.216179E-10  5.630438E-10  6.288063E-10  7.620642E-10  9.946772E-02  2.434973E-05  1.257784E-08  7.126086E-01  5.177875E-03  7.710763E-05  7.830320E-06  3.298030E-04  5.544407E-09  2.150915E-08  4.455949E-09  6.355610E-02  9.694336E-06  9.820050E-08  8.248660E-08  2.894517E-04  3.934728E-04  3.569899E-06  1.761725E-07  2.279707E-07  2.157278E-07
 3.371500E+02  1.183789E-01  1.848414E-05  4.127895E-10  5.513759E-10  6.158054E-10  7.464647E-10  9.947518E-02  2.398410E-05  1.194694E-08  7.130312E-01  5.105806E-03  7.338748E-05  7.646846E-06  3.254469E-04  5.318280E-09  2.067676E-08  4.326194E-09  6.287315E-02  9.334090E-06  9.580168E-08  8.042569E-08  2.853528E-04  3.879022E-04  3.396531E-06  1.674966E-07  2.168068E-07  2.072334E-07
 3.381500E+02  1.187177E-01  1.838771E-05  4.041726E-10  5.399847E-10  6.031120E-10  7.312307E-10  9.948248E-02  2.362644E-05  1.135147E-08  7.134471E-01  5.035169E-03  6.986760E-05  7.468812E-06  3.211690E-04  5.102640E-09  1.988126E-08  4.200837E-09  6.220028E-02  8.989124E-06  9.347197E-08  7.842535E-08  2.813383E-04  3.824464E-04  3.232575E-06  1.592988E-07  2.062553E-07  1.991194E-07
 3.391500E+02  1.190515E-01  1.829152E-05  3.957620E-10  5.288635E-10  5.907189E-10  7.163534E-10  9.948964E-02  2.327655E-05  1.078924E-08  7.138563E-01  4.965930E-03  6.653618E-05  7.296029E-06  3.169678E-04  4.896948E-09  1.912083E-08  4.079713E-09  6.153734E-02  8.658722E-06  9.120918E-08  7.648362E-08  2.774058E-04  3.771024E-04  3.077472E-06  1.515502E-07  1.962792E-07  1.913672E-07
 3.401500E+02  1.193803E-01  1.819559E-05  3.875528E-10  5.180059E-10  5.786188E-10  7.018246E-10  9.949665E-02  2.293422E-05  1.025821E-08  7.142589E-01  4.898054E-03  6.338215E-05  7.128316E-06  3.128416E-04  4.700695E-09  1.839376E-08  3.962662E-09  6.088417E-02  8.342203E-06  8.901119E-08  7.459863E-08  2.735535E-04  3.718673E-04  2.930696E-06  1.442238E-07  1.868440E-07  1.839587E-07
 3.411500E+02  1.197043E-01  1.809995E-05  3.795400E-10  5.074054E-10  5.668046E-10  6.876358E-10  9.950352E-02  2.259923E-05  9.756483E-09  7.146551E-01  4.831509E-03  6.039517E-05  6.965498E-06  3.087889E-04  4.513403E-09  1.769842E-08  3.849535E-09  6.024063E-02  8.038919E-06  8.687597E-08  7.276853E-08  2.697791E-04  3.667384E-04  2.791757E-06  1.372943E-07  1.779176E-07  1.768772E-07
 3.421500E+02  1.200236E-01  1.800461E-05  3.717188E-10  4.970559E-10  5.552696E-10  6.737791E-10  9.951026E-02  2.227139E-05  9.282280E-09  7.150450E-01  4.766263E-03  5.756553E-05  6.807408E-06  3.048083E-04  4.334616E-09  1.703326E-08  3.740183E-09  5.960656E-02  7.748257E-06  8.480153E-08  7.099158E-08  2.660809E-04  3.617130E-04  2.660195E-06  1.307381E-07  1.694696E-07  1.701065E-07
 3.431500E+02  1.203381E-01  1.790960E-05  3.640844E-10  4.869513E-10  5.440068E-10  6.602464E-10  9.951686E-02  2.195052E-05  8.833939E-09  7.154288E-01  4.702285E-03  5.488415E-05  6.653885E-06  3.008983E-04  4.163908E-09  1.639683E-08  3.634468E-09  5.898182E-02  7.469634E-06  8.278598E-08  6.926605E-08  2.624569E-04  3.567886E-04  2.535580E-06  1.245330E-07  1.614719E-07  1.636317E-07
 3.441500E+02  1.206480E-01  1.781493E-05  3.566324E-10  4.770855E-10  5.330098E-10  6.470300E-10  9.952334E-02  2.163643E-05  8.409907E-09  7.158064E-01  4.639544E-03  5.234250E-05  6.504773E-06  2.970575E-04  4.000873E-09  1.578774E-08  3.532255E-09  5.836627E-02  7.202496E-06  8.082745E-08  6.759032E-08  2.589052E-04  3.519626E-04  2.417508E-06  1.186584E-07  1.538981E-07  1.574384E-07
 3.451500E+02  1.209533E-01  1.772062E-05  3.493581E-10  4.674528E-10  5.222719E-10  6.341222E-10  9.952969E-02  2.132894E-05  8.008734E-09  7.161781E-01  4.578011E-03  4.993259E-05  6.359924E-06  2.932844E-04  3.845128E-09  1.520469E-08  3.433415E-09  5.775977E-02  6.946318E-06  7.892416E-08  6.596278E-08  2.554241E-04  3.472326E-04  2.305603E-06  1.130949E-07  1.467235E-07  1.515129E-07
 3.461500E+02  1.212541E-01  1.762670E-05  3.422571E-10  4.580475E-10  5.117870E-10  6.215156E-10  9.953591E-02  2.102788E-05  7.629064E-09  7.165440E-01  4.517659E-03  4.764693E-05  6.219194E-06  2.895777E-04  3.696312E-09  1.464643E-08  3.337824E-09  5.716216E-02  6.700601E-06  7.707439E-08  6.438189E-08  2.520119E-04  3.425962E-04  2.199510E-06  1.078244E-07  1.399248E-07  1.458425E-07
 3.471500E+02  1.215505E-01  1.753317E-05  3.353252E-10  4.488639E-10  5.015488E-10  6.092030E-10  9.954202E-02  2.073308E-05  7.269626E-09  7.169041E-01  4.458458E-03  4.547848E-05  6.082446E-06  2.859361E-04  3.554082E-09  1.411179E-08  3.245363E-09  5.657331E-02  6.464868E-06  7.527647E-08  6.284619E-08  2.486667E-04  3.380511E-04  2.098897E-06  1.028298E-07  1.334804E-07  1.404150E-07
 3.481500E+02  1.218426E-01  1.744006E-05  3.285582E-10  4.398966E-10  4.915512E-10  5.971771E-10  9.954800E-02  2.044438E-05  6.929233E-09  7.172586E-01  4.400382E-03  4.342063E-05  5.949546E-06  2.823582E-04  3.418114E-09  1.359965E-08  3.155918E-09  5.599309E-02  6.238670E-06  7.352877E-08  6.135422E-08  2.453871E-04  3.335950E-04  2.003453E-06  9.809539E-08  1.273700E-07  1.352187E-07
 3.491500E+02  1.221304E-01  1.734737E-05  3.219518E-10  4.311402E-10  4.817883E-10  5.854309E-10  9.955388E-02  2.016161E-05  6.606772E-09  7.176075E-01  4.343405E-03  4.146720E-05  5.820369E-06  2.788427E-04  3.288102E-09  1.310895E-08  3.069378E-09  5.542136E-02  6.021576E-06  7.182975E-08  5.990460E-08  2.421713E-04  3.292259E-04  1.912884E-06  9.360610E-08  1.215744E-07  1.302428E-07
 3.501500E+02  1.224140E-01  1.725513E-05  3.155021E-10  4.225896E-10  4.722543E-10  5.739578E-10  9.955964E-02  1.988464E-05  6.301203E-09  7.179510E-01  4.287501E-03  3.961235E-05  5.694789E-06  2.753885E-04  3.163755E-09  1.263870E-08  2.985639E-09  5.485798E-02  5.813179E-06  7.017788E-08  5.849599E-08  2.390179E-04  3.249416E-04  1.826918E-06  8.934797E-08  1.160759E-07  1.254768E-07
 3.511500E+02  1.226934E-01  1.716334E-05  3.092052E-10  4.142396E-10  4.629436E-10  5.627509E-10  9.956529E-02  1.961330E-05  6.011550E-09  7.182891E-01  4.232645E-03  3.785061E-05  5.572690E-06  2.719942E-04  3.044799E-09  1.218794E-08  2.904598E-09  5.430282E-02  5.613091E-06  6.857171E-08  5.712711E-08  2.359254E-04  3.207401E-04  1.745297E-06  8.530790E-08  1.108575E-07  1.209110E-07
 3.521500E+02  1.229688E-01  1.707201E-05  3.030572E-10  4.060853E-10  4.538506E-10  5.518038E-10  9.957083E-02  1.934746E-05  5.736897E-09  7.186221E-01  4.178814E-03  3.617685E-05  5.453958E-06  2.686586E-04  2.930974E-09  1.175576E-08  2.826159E-09  5.375575E-02  5.420942E-06  6.700983E-08  5.579669E-08  2.328923E-04  3.166192E-04  1.667778E-06  8.147355E-08  1.059035E-07  1.165358E-07
 3.531500E+02  1.232401E-01  1.698117E-05  2.970544E-10  3.981218E-10  4.449699E-10  5.411101E-10  9.957627E-02  1.908698E-05  5.476389E-09  7.189498E-01  4.125983E-03  3.458623E-05  5.338483E-06  2.653806E-04  2.822033E-09  1.134131E-08  2.750228E-09  5.321664E-02  5.236382E-06  6.549087E-08  5.450353E-08  2.299171E-04  3.125773E-04  1.594134E-06  7.783339E-08  1.011992E-07  1.123426E-07
 3.541500E+02  1.235075E-01  1.689081E-05  2.911931E-10  3.903443E-10  4.362963E-10  5.306635E-10  9.958161E-02  1.883172E-05  5.229220E-09  7.192726E-01  4.074130E-03  3.307420E-05  5.226160E-06  2.621591E-04  2.717743E-09  1.094378E-08  2.676715E-09  5.268537E-02  5.059076E-06  6.401351E-08  5.324646E-08  2.269985E-04  3.086122E-04  1.524152E-06  7.437656E-08  9.673066E-08  1.083228E-07
 3.551500E+02  1.237711E-01  1.680096E-05  2.854698E-10  3.827483E-10  4.278246E-10  5.204580E-10  9.958685E-02  1.858155E-05  4.994636E-09  7.195903E-01  4.023232E-03  3.163649E-05  5.116886E-06  2.589928E-04  2.617883E-09  1.056239E-08  2.605534E-09  5.216181E-02  4.888705E-06  6.257648E-08  5.202436E-08  2.241352E-04  3.047223E-04  1.457632E-06  7.109286E-08  9.248483E-08  1.044685E-07
 3.561500E+02  1.240307E-01  1.671161E-05  2.798810E-10  3.753291E-10  4.195498E-10  5.104877E-10  9.959199E-02  1.833634E-05  4.771930E-09  7.199032E-01  3.973268E-03  3.026908E-05  5.010565E-06  2.558807E-04  2.522242E-09  1.019641E-08  2.536601E-09  5.164583E-02  4.724968E-06  6.117853E-08  5.083613E-08  2.213258E-04  3.009058E-04  1.394383E-06  6.797274E-08  8.844945E-08  1.007720E-07
 3.571500E+02  1.242867E-01  1.662279E-05  2.744232E-10  3.680824E-10  4.114670E-10  5.007466E-10  9.959704E-02  1.809597E-05  4.560438E-09  7.202113E-01  3.924216E-03  2.896818E-05  4.907101E-06  2.528218E-04  2.430622E-09  9.845145E-09  2.469838E-09  5.113731E-02  4.567574E-06  5.981849E-08  4.968071E-08  2.185692E-04  2.971608E-04  1.334229E-06  6.500717E-08  8.461300E-08  9.722618E-08
 3.581500E+02  1.245389E-01  1.653448E-05  2.690933E-10  3.610038E-10  4.035713E-10  4.912293E-10  9.960199E-02  1.786033E-05  4.359535E-09  7.205148E-01  3.876057E-03  2.773023E-05  4.806404E-06  2.498148E-04  2.342834E-09  9.507923E-09  2.405166E-09  5.063614E-02  4.416251E-06  5.849518E-08  4.855710E-08  2.158639E-04  2.934858E-04  1.277003E-06  6.218772E-08  8.096463E-08  9.382417E-08
 3.591500E+02  1.247875E-01  1.644672E-05  2.638879E-10  3.540892E-10  3.958582E-10  4.819301E-10  9.960686E-02  1.762928E-05  4.168635E-09  7.208136E-01  3.828769E-03  2.655186E-05  4.708387E-06  2.468589E-04  2.258700E-09  9.184120E-09  2.342512E-09  5.014219E-02  4.270735E-06  5.720749E-08  4.746429E-08  2.132089E-04  2.898791E-04  1.222547E-06  5.950643E-08  7.749415E-08  9.055946E-08
 3.601500E+02  1.250325E-01  1.635949E-05  2.588039E-10  3.473344E-10  3.883231E-10  4.728437E-10  9.961163E-02  1.740273E-05  3.987187E-09  7.211078E-01  3.782334E-03  2.542992E-05  4.612964E-06  2.439529E-04  2.178048E-09  8.873135E-09  2.281806E-09  4.965535E-02  4.130778E-06  5.595435E-08  4.640136E-08  2.106030E-04  2.863391E-04  1.170713E-06  5.695580E-08  7.419197E-08  8.742585E-08
 3.611500E+02  1.252740E-01  1.627281E-05  2.538382E-10  3.407355E-10  3.809614E-10  4.639648E-10  9.961632E-02  1.718056E-05  3.814674E-09  7.213977E-01  3.736732E-03  2.436142E-05  4.520055E-06  2.410960E-04  2.100720E-09  8.574399E-09  2.222979E-09  4.917551E-02  3.996142E-06  5.473471E-08  4.536736E-08  2.080451E-04  2.828644E-04  1.121361E-06  5.452880E-08  7.104906E-08  8.441747E-08
 3.621500E+02  1.255120E-01  1.618669E-05  2.489879E-10  3.342886E-10  3.737690E-10  4.552882E-10  9.962092E-02  1.696267E-05  3.650608E-09  7.216831E-01  3.691946E-03  2.334356E-05  4.429581E-06  2.382870E-04  2.026560E-09  8.287370E-09  2.165966E-09  4.870254E-02  3.866601E-06  5.354755E-08  4.436142E-08  2.055340E-04  2.794532E-04  1.074361E-06  5.221880E-08  6.805690E-08  8.152871E-08
 3.631500E+02  1.257466E-01  1.610112E-05  2.442500E-10  3.279897E-10  3.667415E-10  4.468090E-10  9.962544E-02  1.674894E-05  3.494532E-09  7.219643E-01  3.647956E-03  2.237369E-05  4.341466E-06  2.355252E-04  1.955425E-09  8.011533E-09  2.110702E-09  4.823635E-02  3.741938E-06  5.239190E-08  4.338267E-08  2.030687E-04  2.761043E-04  1.029588E-06  5.001957E-08  6.520751E-08  7.875427E-08
 3.641500E+02  1.259779E-01  1.601612E-05  2.396216E-10  3.218353E-10  3.598749E-10  4.385222E-10  9.962989E-02  1.653929E-05  3.346016E-09  7.222412E-01  3.604746E-03  2.144931E-05  4.255638E-06  2.328095E-04  1.887175E-09  7.746397E-09  2.057129E-09  4.777682E-02  3.621947E-06  5.126682E-08  4.243028E-08  2.006481E-04  2.728162E-04  9.869264E-07  4.792522E-08  6.249333E-08  7.608907E-08
 3.651500E+02  1.262058E-01  1.593169E-05  2.351001E-10  3.158217E-10  3.531650E-10  4.304232E-10  9.963425E-02  1.633361E-05  3.204653E-09  7.225141E-01  3.562298E-03  2.056806E-05  4.172025E-06  2.301390E-04  1.821681E-09  7.491496E-09  2.005186E-09  4.732384E-02  3.506433E-06  5.017138E-08  4.150345E-08  1.982712E-04  2.695876E-04  9.462649E-07  4.593021E-08  5.990726E-08  7.352831E-08
 3.661500E+02  1.264305E-01  1.584783E-05  2.306827E-10  3.099454E-10  3.466081E-10  4.225072E-10  9.963853E-02  1.613181E-05  3.070061E-09  7.227828E-01  3.520595E-03  1.972772E-05  4.090561E-06  2.275128E-04  1.758817E-09  7.246385E-09  1.954819E-09  4.687731E-02  3.395208E-06  4.910470E-08  4.060140E-08  1.959371E-04  2.664170E-04  9.075003E-07  4.402933E-08  5.744260E-08  7.106741E-08
 3.671500E+02  1.266520E-01  1.576455E-05  2.263668E-10  3.042030E-10  3.402002E-10  4.147697E-10  9.964274E-02  1.593380E-05  2.941882E-09  7.230476E-01  3.479622E-03  1.892620E-05  4.011178E-06  2.249302E-04  1.698466E-09  7.010640E-09  1.905972E-09  4.643712E-02  3.288093E-06  4.806593E-08  3.972338E-08  1.936447E-04  2.633031E-04  8.705345E-07  4.221765E-08  5.509302E-08  6.870199E-08
 3.681500E+02  1.268704E-01  1.568185E-05  2.221498E-10  2.985910E-10  3.339377E-10  4.072063E-10  9.964687E-02  1.573949E-05  2.819776E-09  7.233084E-01  3.439362E-03  1.816150E-05  3.933815E-06  2.223901E-04  1.640514E-09  6.783859E-09  1.858594E-09  4.600316E-02  3.184917E-06  4.705423E-08  3.886867E-08  1.913932E-04  2.602447E-04  8.352751E-07  4.049055E-08  5.285257E-08  6.642792E-08
 3.691500E+02  1.270857E-01  1.559973E-05  2.180292E-10  2.931063E-10  3.278169E-10  3.998127E-10  9.965094E-02  1.554879E-05  2.703425E-09  7.235654E-01  3.399801E-03  1.743177E-05  3.858409E-06  2.198918E-04  1.584854E-09  6.565657E-09  1.812636E-09  4.557535E-02  3.085519E-06  4.606881E-08  3.803655E-08  1.891815E-04  2.572406E-04  8.016350E-07  3.884363E-08  5.071563E-08  6.424123E-08
 3.701500E+02  1.272979E-01  1.551820E-05  2.140025E-10  2.877456E-10  3.218343E-10  3.925847E-10  9.965493E-02  1.536161E-05  2.592528E-09  7.238185E-01  3.360923E-03  1.673522E-05  3.784903E-06  2.174345E-04  1.531386E-09  6.355670E-09  1.768047E-09  4.515358E-02  2.989742E-06  4.510888E-08  3.722636E-08  1.870090E-04  2.542895E-04  7.695317E-07  3.727278E-08  4.867690E-08  6.213816E-08
 3.711500E+02  1.275071E-01  1.543726E-05  2.100675E-10  2.825059E-10  3.159864E-10  3.855181E-10  9.965885E-02  1.517788E-05  2.486800E-09  7.240680E-01  3.322713E-03  1.607020E-05  3.713239E-06  2.150174E-04  1.480012E-09  6.153548E-09  1.724783E-09  4.473774E-02  2.897438E-06  4.417370E-08  3.643742E-08  1.848745E-04  2.513903E-04  7.388874E-07  3.577409E-08  4.673135E-08  6.011512E-08
 3.721500E+02  1.277134E-01  1.535690E-05  2.062218E-10  2.773841E-10  3.102699E-10  3.786091E-10  9.966271E-02  1.499751E-05  2.385975E-09  7.243138E-01  3.285157E-03  1.543511E-05  3.643361E-06  2.126396E-04  1.430640E-09  5.958959E-09  1.682799E-09  4.432775E-02  2.808466E-06  4.326253E-08  3.566912E-08  1.827775E-04  2.485418E-04  7.096286E-07  3.434389E-08  4.487427E-08  5.816869E-08
 3.731500E+02  1.279168E-01  1.527714E-05  2.024632E-10  2.723773E-10  3.046815E-10  3.718537E-10  9.966650E-02  1.482042E-05  2.289800E-09  7.245560E-01  3.248242E-03  1.482848E-05  3.575218E-06  2.103004E-04  1.383183E-09  5.771587E-09  1.642051E-09  4.392352E-02  2.722690E-06  4.237468E-08  3.492083E-08  1.807169E-04  2.457429E-04  6.816859E-07  3.297871E-08  4.310119E-08  5.629562E-08
