#         T/K            c1          c2-1          c3-4          c3-5          c3-7          c3-9            m1          m2-1          m3-1            w1            w2          w3-1          w3-2          c1m1        c1m2-1        c1m2-7        c2m1-1        c1w1-2        c1w2-1        c2w1-1        c2w1-9        m1w1-1        m1w1-4        m1w2-1        m2w1-1        m2w1-3      c1m1w1-1
 2.731500E+02  4.867929E-01  7.801745E-04  3.310521E-07  4.345139E-07  4.834312E-07  5.764316E-07  2.914071E-01  7.105475E-04  1.870017E-05  9.420159E-02  3.029567E-04  9.909859E-06  1.390459E-07  1.476618E-02  6.843943E-06  2.245715E-05  3.816439E-06  1.100323E-01  1.944935E-05  2.706126E-06  2.376265E-06  3.689662E-04  5.022624E-04  1.010431E-05  1.131753E-05  1.433380E-05  1.107146E-05
 2.741500E+02  4.877288E-01  7.686096E-04  3.169230E-07  4.161100E-07  4.629900E-07  5.522320E-07  2.916098E-01  6.940900E-04  1.727715E-05  9.496074E-02  3.004531E-04  9.374893E-06  1.366516E-07  1.441554E-02  6.394578E-06  2.105060E-05  3.618953E-06  1.085372E-01  1.852617E-05  2.602223E-06  2.283056E-06  3.633383E-04  4.945701E-04  9.488754E-06  1.054389E-05  1.335929E-05  1.043882E-05
 2.751500E+02  4.886489E-01  7.572933E-04  3.034956E-07  3.986142E-07  4.435559E-07  5.292176E-07  2.918063E-01  6.781270E-04  1.597166E-05  9.570955E-02  2.979276E-04  8.869680E-06  1.342765E-07  1.407565E-02  5.977718E-06  1.974161E-05  3.433051E-06  1.070623E-01  1.764962E-05  2.502801E-06  2.193948E-06  3.577991E-04  4.870002E-04  8.912967E-06  9.827217E-06  1.245619E-05  9.845618E-06
 2.761500E+02  4.895534E-01  7.462188E-04  2.907307E-07  3.819760E-07  4.250731E-07  5.073230E-07  2.919967E-01  6.626412E-04  1.477331E-05  9.644804E-02  2.953826E-04  8.392562E-06  1.319221E-07  1.374612E-02  5.590815E-06  1.852282E-05  3.257980E-06  1.056076E-01  1.681726E-05  2.407650E-06  2.108744E-06  3.523479E-04  4.795520E-04  8.374265E-06  9.163047E-06  1.161892E-05  9.289213E-06
 2.771500E+02  4.904426E-01  7.353799E-04  2.785916E-07  3.661482E-07  4.074892E-07  4.864868E-07  2.921812E-01  6.476163E-04  1.367265E-05  9.717626E-02  2.928206E-04  7.941967E-06  1.295897E-07  1.342658E-02  5.231534E-06  1.738747E-05  3.093045E-06  1.041730E-01  1.602678E-05  2.316571E-06  2.027260E-06  3.469840E-04  4.722246E-04  7.870153E-06  8.547288E-06  1.084237E-05  8.767157E-06
 2.781500E+02  4.913166E-01  7.247705E-04  2.670436E-07  3.510863E-07  3.907549E-07  4.666513E-07  2.923602E-01  6.330363E-04  1.266114E-05  9.789426E-02  2.902438E-04  7.516412E-06  1.272805E-07  1.311667E-02  4.897737E-06  1.632933E-05  2.937595E-06  1.027584E-01  1.527598E-05  2.229376E-06  1.949320E-06  3.417068E-04  4.650167E-04  7.398307E-06  7.976182E-06  1.012185E-05  8.277173E-06
 2.791500E+02  4.921757E-01  7.143846E-04  2.560544E-07  3.367485E-07  3.748240E-07  4.477624E-07  2.925337E-01  6.188858E-04  1.173103E-05  9.860208E-02  2.876546E-04  7.114493E-06  1.249956E-07  1.281605E-02  4.587462E-06  1.534270E-05  2.791027E-06  1.013638E-01  1.456281E-05  2.145885E-06  1.874755E-06  3.365155E-04  4.579275E-04  6.956563E-06  7.446279E-06  9.453066E-06  7.817147E-06
 2.801500E+02  4.930201E-01  7.042165E-04  2.455935E-07  3.230956E-07  3.596530E-07  4.297690E-07  2.927021E-01  6.051502E-04  1.087529E-05  9.929978E-02  2.850551E-04  6.734883E-06  1.227362E-07  1.252439E-02  4.298908E-06  1.442230E-05  2.652779E-06  9.998897E-02  1.388529E-05  2.065926E-06  1.803407E-06  3.314093E-04  4.509556E-04  6.542911E-06  6.954413E-06  8.832045E-06  7.385109E-06
 2.811500E+02  4.938500E-01  6.942606E-04  2.356324E-07  3.100906E-07  3.452010E-07  4.126232E-07  2.928654E-01  5.918153E-04  1.008752E-05  9.998744E-02  2.824474E-04  6.376328E-06  1.205029E-07  1.224139E-02  4.030423E-06  1.356329E-05  2.522328E-06  9.863391E-02  1.324156E-05  1.989336E-06  1.735125E-06  3.263875E-04  4.441000E-04  6.155477E-06  6.497670E-06  8.255150E-06  6.979230E-06
 2.821500E+02  4.946657E-01  6.845116E-04  2.261440E-07  2.976989E-07  3.314295E-07  3.962801E-07  2.930238E-01  5.788673E-04  9.361925E-06  1.006651E-01  2.798335E-04  6.037644E-06  1.182968E-07  1.196674E-02  3.780491E-06  1.276119E-05  2.399187E-06  9.729845E-02  1.262987E-05  1.915962E-06  1.669766E-06  3.214491E-04  4.373594E-04  5.792516E-06  6.073375E-06  7.719037E-06  6.597805E-06
 2.831500E+02  4.954674E-01  6.749640E-04  2.171030E-07  2.858879E-07  3.183024E-07  3.806970E-07  2.931777E-01  5.662933E-04  8.693222E-06  1.013329E-01  2.772152E-04  5.717713E-06  1.161186E-07  1.170014E-02  3.547717E-06  1.201190E-05  2.282901E-06  9.598246E-02  1.204855E-05  1.845656E-06  1.607193E-06  3.165932E-04  4.307325E-04  5.452406E-06  5.679069E-06  7.220626E-06  6.239249E-06
 2.841500E+02  4.962553E-01  6.656130E-04  2.084858E-07  2.746268E-07  3.057856E-07  3.658341E-07  2.933270E-01  5.540804E-04  8.076613E-06  1.019908E-01  2.745944E-04  5.415478E-06  1.139688E-07  1.144132E-02  3.330820E-06  1.131162E-05  2.173046E-06  9.468579E-02  1.149603E-05  1.778278E-06  1.547277E-06  3.118190E-04  4.242180E-04  5.133633E-06  5.312486E-06  6.757086E-06  5.902085E-06
 2.851500E+02  4.970297E-01  6.564534E-04  2.002697E-07  2.638867E-07  2.938470E-07  3.516537E-07  2.934719E-01  5.422165E-04  7.507729E-06  1.026389E-01  2.719729E-04  5.129941E-06  1.118481E-07  1.119001E-02  3.128620E-06  1.065684E-05  2.069229E-06  9.340830E-02  1.097079E-05  1.713695E-06  1.489894E-06  3.071255E-04  4.178144E-04  4.834789E-06  4.971544E-06  6.325808E-06  5.584938E-06
 2.861500E+02  4.977906E-01  6.474806E-04  1.924339E-07  2.536403E-07  2.824566E-07  3.381205E-07  2.936127E-01  5.306900E-04  6.982593E-06  1.032774E-01  2.693522E-04  4.860161E-06  1.097570E-07  1.094596E-02  2.940034E-06  1.004434E-05  1.971080E-06  9.214982E-02  1.047145E-05  1.651780E-06  1.434927E-06  3.025116E-04  4.115205E-04  4.554564E-06  4.654326E-06  5.924391E-06  5.286526E-06
 2.871500E+02  4.985384E-01  6.386899E-04  1.849582E-07  2.438620E-07  2.715857E-07  3.252009E-07  2.937494E-01  5.194893E-04  6.497580E-06  1.039063E-01  2.667339E-04  4.605249E-06  1.076960E-07  1.070891E-02  2.764063E-06  9.471122E-06  1.878255E-06  9.091019E-02  9.996644E-06  1.592414E-06  1.382266E-06  2.979765E-04  4.053348E-04  4.291735E-06  4.359066E-06  5.550623E-06  5.005656E-06
 2.881500E+02  4.992733E-01  6.300767E-04  1.778242E-07  2.345276E-07  2.612076E-07  3.128634E-07  2.938822E-01  5.086038E-04  6.049385E-06  1.045257E-01  2.641195E-04  4.364365E-06  1.056653E-07  1.047863E-02  2.599786E-06  8.934438E-06  1.790434E-06  8.968924E-02  9.545115E-06  1.535480E-06  1.331804E-06  2.935190E-04  3.992559E-04  4.045163E-06  4.084139E-06  5.202466E-06  4.741215E-06
 2.891500E+02  4.999954E-01  6.216367E-04  1.710140E-07  2.256143E-07  2.512970E-07  3.010784E-07  2.940113E-01  4.980229E-04  5.634995E-06  1.051357E-01  2.615105E-04  4.136718E-06  1.036653E-07  1.025489E-02  2.446357E-06  8.431737E-06  1.707317E-06  8.848680E-02  9.115661E-06  1.480870E-06  1.283442E-06  2.891383E-04  3.932823E-04  3.813787E-06  3.828044E-06  4.878040E-06  4.492164E-06
 2.901500E+02  5.007051E-01  6.133656E-04  1.645110E-07  2.171006E-07  2.418301E-07  2.898178E-07  2.941367E-01  4.877365E-04  5.251660E-06  1.057364E-01  2.589082E-04  3.921561E-06  1.016963E-07  1.003746E-02  2.302994E-06  7.960662E-06  1.628622E-06  8.730267E-02  8.707144E-06  1.428480E-06  1.237082E-06  2.848331E-04  3.874126E-04  3.596619E-06  3.589400E-06  4.575611E-06  4.257537E-06
 2.911500E+02  5.014024E-01  6.052593E-04  1.582997E-07  2.089661E-07  2.327843E-07  2.790552E-07  2.942586E-01  4.777350E-04  4.896868E-06  1.063278E-01  2.563139E-04  3.718189E-06  9.975842E-08  9.826139E-03  2.168976E-06  7.519033E-06  1.554089E-06  8.613667E-02  8.318488E-06  1.378211E-06  1.192635E-06  2.806026E-04  3.816453E-04  3.392737E-06  3.366932E-06  4.293582E-06  4.036429E-06
 2.921500E+02  5.020876E-01  5.973137E-04  1.523651E-07  2.011918E-07  2.241384E-07  2.687656E-07  2.943771E-01  4.680088E-04  4.568324E-06  1.069102E-01  2.537288E-04  3.525938E-06  9.785178E-08  9.620721E-03  2.043638E-06  7.104833E-06  1.483471E-06  8.498860E-02  7.948672E-06  1.329968E-06  1.150014E-06  2.764455E-04  3.759789E-04  3.201281E-06  3.159466E-06  4.030475E-06  3.827998E-06
 2.931500E+02  5.027609E-01  5.895251E-04  1.466932E-07  1.937595E-07  2.158724E-07  2.589253E-07  2.944923E-01  4.585491E-04  4.263931E-06  1.074835E-01  2.511540E-04  3.344180E-06  9.597648E-08  9.421008E-03  1.926366E-06  6.716193E-06  1.416540E-06  8.385828E-02  7.596732E-06  1.283663E-06  1.109136E-06  2.723609E-04  3.704119E-04  3.021450E-06  2.965916E-06  3.784929E-06  3.631459E-06
 2.941500E+02  5.034224E-01  5.818895E-04  1.412710E-07  1.866523E-07  2.079674E-07  2.495122E-07  2.946044E-01  4.493471E-04  3.981770E-06  1.080480E-01  2.485905E-04  3.172324E-06  9.413257E-08  9.226812E-03  1.816592E-06  6.351382E-06  1.353081E-06  8.274549E-02  7.261752E-06  1.239209E-06  1.069923E-06  2.683477E-04  3.649428E-04  2.852497E-06  2.785280E-06  3.555686E-06  3.446075E-06
 2.951500E+02  5.040725E-01  5.744033E-04  1.360859E-07  1.798539E-07  2.004054E-07  2.405052E-07  2.947134E-01  4.403945E-04  3.720088E-06  1.086036E-01  2.460395E-04  3.009813E-06  9.232004E-08  9.037952E-03  1.713793E-06  6.008798E-06  1.292893E-06  8.165004E-02  6.942867E-06  1.196524E-06  1.032300E-06  2.644048E-04  3.595701E-04  2.693724E-06  2.616633E-06  3.341583E-06  3.271161E-06
 2.961500E+02  5.047113E-01  5.670629E-04  1.311262E-07  1.733491E-07  1.931695E-07  2.318843E-07  2.948194E-01  4.316832E-04  3.477276E-06  1.091505E-01  2.435018E-04  2.856120E-06  9.053884E-08  8.854252E-03  1.617483E-06  5.686951E-06  1.235787E-06  8.057172E-02  6.639257E-06  1.155532E-06  9.961965E-07  2.605311E-04  3.542923E-04  2.544481E-06  2.459121E-06  3.141545E-06  3.106076E-06
 2.971500E+02  5.053389E-01  5.598649E-04  1.263808E-07  1.671236E-07  1.862438E-07  2.236307E-07  2.949226E-01  4.232054E-04  3.251862E-06  1.096889E-01  2.409784E-04  2.710749E-06  8.878889E-08  8.675544E-03  1.527214E-06  5.384465E-06  1.181589E-06  7.951032E-02  6.350146E-06  1.116158E-06  9.615449E-07  2.567256E-04  3.491079E-04  2.404162E-06  2.311953E-06  2.954580E-06  2.950220E-06
 2.981500E+02  5.059556E-01  5.528059E-04  1.218391E-07  1.611636E-07  1.796132E-07  2.157267E-07  2.950229E-01  4.149537E-04  3.042497E-06  1.102187E-01  2.384701E-04  2.573233E-06  8.707005E-08  8.501666E-03  1.442572E-06  5.100057E-06  1.130131E-06  7.846562E-02  6.074796E-06  1.078332E-06  9.282806E-07  2.529872E-04  3.440154E-04  2.272200E-06  2.174400E-06  2.779768E-06  2.803035E-06
 2.991500E+02  5.065616E-01  5.458825E-04  1.174912E-07  1.554564E-07  1.732633E-07  2.081554E-07  2.951206E-01  4.069207E-04  2.847944E-06  1.107402E-01  2.359776E-04  2.443130E-06  8.538220E-08  8.332462E-03  1.363172E-06  4.832540E-06  1.081260E-06  7.743742E-02  5.812512E-06  1.041987E-06  8.963424E-07  2.493148E-04  3.390133E-04  2.148065E-06  2.045785E-06  2.616259E-06  2.663995E-06
 3.001500E+02  5.071570E-01  5.390916E-04  1.133277E-07  1.499896E-07  1.671807E-07  2.009008E-07  2.952157E-01  3.990997E-04  2.667069E-06  1.112534E-01  2.335018E-04  2.320026E-06  8.372513E-08  8.167781E-03  1.288658E-06  4.580810E-06  1.034830E-06  7.642551E-02  5.562633E-06  1.007058E-06  8.656719E-07  2.457073E-04  3.341001E-04  2.031266E-06  1.925483E-06  2.463267E-06  2.532613E-06
 3.011500E+02  5.077421E-01  5.324302E-04  1.093397E-07  1.447519E-07  1.613525E-07  1.939479E-07  2.953083E-01  3.914838E-04  2.498829E-06  1.117585E-01  2.310432E-04  2.203527E-06  8.209864E-08  8.007479E-03  1.218701E-06  4.343842E-06  9.907036E-07  7.542965E-02  5.324534E-06  9.734852E-07  8.362134E-07  2.421636E-04  3.292744E-04  1.921339E-06  1.812917E-06  2.320063E-06  2.408428E-06
 3.021500E+02  5.083170E-01  5.258950E-04  1.055188E-07  1.397323E-07  1.557666E-07  1.872824E-07  2.953985E-01  3.840666E-04  2.342268E-06  1.122555E-01  2.286025E-04  2.093265E-06  8.050249E-08  7.851417E-03  1.152996E-06  4.120683E-06  9.487541E-07  7.444965E-02  5.097623E-06  9.412092E-07  8.079141E-07  2.386828E-04  3.245346E-04  1.817856E-06  1.707549E-06  2.185972E-06  2.291012E-06
 3.031500E+02  5.088818E-01  5.194833E-04  1.018570E-07  1.349203E-07  1.504115E-07  1.808907E-07  2.954863E-01  3.768419E-04  2.196506E-06  1.127446E-01  2.261803E-04  1.988890E-06  7.893643E-08  7.699458E-03  1.091258E-06  3.910446E-06  9.088608E-07  7.348527E-02  4.881338E-06  9.101750E-07  7.807233E-07  2.352637E-04  3.198793E-04  1.720413E-06  1.608885E-06  2.060369E-06  2.179964E-06
 3.041500E+02  5.094369E-01  5.131922E-04  9.834680E-08  1.303063E-07  1.452764E-07  1.747599E-07  2.955718E-01  3.698036E-04  2.060736E-06  1.132259E-01  2.237771E-04  1.890075E-06  7.740017E-08  7.551475E-03  1.033225E-06  3.712305E-06  8.709108E-07  7.253632E-02  4.675147E-06  8.803296E-07  7.545930E-07  2.319054E-04  3.153071E-04  1.628635E-06  1.516465E-06  1.942676E-06  2.074908E-06
 3.051500E+02  5.099822E-01  5.070188E-04  9.498103E-08  1.258810E-07  1.403510E-07  1.688780E-07  2.956551E-01  3.629459E-04  1.934214E-06  1.136995E-01  2.213934E-04  1.796510E-06  7.589340E-08  7.407342E-03  9.786525E-07  3.525495E-06  8.347979E-07  7.160255E-02  4.478546E-06  8.516225E-07  7.294773E-07  2.286067E-04  3.108165E-04  1.542171E-06  1.429862E-06  1.832353E-06  1.975492E-06
 3.061500E+02  5.105181E-01  5.009605E-04  9.175291E-08  1.216355E-07  1.356255E-07  1.632334E-07  2.957363E-01  3.562633E-04  1.816257E-06  1.141654E-01  2.190297E-04  1.707902E-06  7.441583E-08  7.266939E-03  9.273141E-07  3.349300E-06  8.004223E-07  7.068377E-02  4.291057E-06  8.240054E-07  7.053325E-07  2.253666E-04  3.064060E-04  1.460692E-06  1.348681E-06  1.728904E-06  1.881385E-06
 3.071500E+02  5.110447E-01  4.950147E-04  8.865603E-08  1.175615E-07  1.310906E-07  1.578152E-07  2.958154E-01  3.497503E-04  1.706235E-06  1.146239E-01  2.166864E-04  1.623976E-06  7.296709E-08  7.130150E-03  8.789989E-07  3.183054E-06  7.676904E-07  6.977975E-02  4.112228E-06  7.974324E-07  6.821170E-07  2.221842E-04  3.020744E-04  1.383891E-06  1.272556E-06  1.631865E-06  1.792279E-06
 3.081500E+02  5.115622E-01  4.891787E-04  8.568430E-08  1.136511E-07  1.267375E-07  1.526130E-07  2.958925E-01  3.434018E-04  1.603568E-06  1.150750E-01  2.143638E-04  1.544472E-06  7.154686E-08  6.996862E-03  8.335114E-07  3.026138E-06  7.365139E-07  6.889027E-02  3.941630E-06  7.718595E-07  6.597909E-07  2.190583E-04  2.978201E-04  1.311483E-06  1.201148E-06  1.540808E-06  1.707883E-06
 3.091500E+02  5.120706E-01  4.834501E-04  8.283194E-08  1.098968E-07  1.225580E-07  1.476169E-07  2.959676E-01  3.372128E-04  1.507722E-06  1.155188E-01  2.120623E-04  1.469147E-06  7.015477E-08  6.866967E-03  7.906694E-07  2.877972E-06  7.068097E-07  6.801513E-02  3.778856E-06  7.472449E-07  6.383164E-07  2.159881E-04  2.936417E-04  1.243197E-06  1.134139E-06  1.455335E-06  1.627926E-06
 3.101500E+02  5.125703E-01  4.778265E-04  8.009347E-08  1.062915E-07  1.185441E-07  1.428176E-07  2.960409E-01  3.311783E-04  1.418204E-06  1.159555E-01  2.097822E-04  1.397768E-06  6.879044E-08  6.740362E-03  7.503037E-07  2.738018E-06  6.784997E-07  6.715409E-02  3.623520E-06  7.235485E-07  6.176573E-07  2.129725E-04  2.895381E-04  1.178783E-06  1.071238E-06  1.375074E-06  1.552154E-06
 3.111500E+02  5.130613E-01  4.723054E-04  7.746370E-08  1.028284E-07  1.146883E-07  1.382063E-07  2.961123E-01  3.252936E-04  1.334559E-06  1.163851E-01  2.075238E-04  1.330119E-06  6.745350E-08  6.616947E-03  7.122567E-07  2.605773E-06  6.515103E-07  6.630696E-02  3.475256E-06  7.007322E-07  5.977792E-07  2.100105E-04  2.855076E-04  1.118006E-06  1.012171E-06  1.299682E-06  1.480325E-06
 3.121500E+02  5.135437E-01  4.668847E-04  7.493770E-08  9.950107E-08  1.109835E-07  1.337744E-07  2.961820E-01  3.195544E-04  1.256370E-06  1.168078E-01  2.052874E-04  1.265994E-06  6.614355E-08  6.496623E-03  6.763818E-07  2.480766E-06  6.257723E-07  6.547351E-02  3.333719E-06  6.787595E-07  5.786491E-07  2.071012E-04  2.815492E-04  1.060646E-06  9.566868E-07  1.228839E-06  1.412217E-06
 3.131500E+02  5.140179E-01  4.615620E-04  7.251078E-08  9.630344E-08  1.074229E-07  1.295141E-07  2.962499E-01  3.139562E-04  1.183248E-06  1.172236E-01  2.030730E-04  1.205200E-06  6.486020E-08  6.379298E-03  6.425422E-07  2.362560E-06  6.012203E-07  6.465354E-02  3.198578E-06  6.575955E-07  5.602355E-07  2.042436E-04  2.776613E-04  1.006497E-06  9.045495E-07  1.162249E-06  1.347619E-06
 3.141500E+02  5.144838E-01  4.563351E-04  7.017850E-08  9.322973E-08  1.040001E-07  1.254177E-07  2.963162E-01  3.084948E-04  1.114835E-06  1.176327E-01  2.008810E-04  1.147553E-06  6.360303E-08  6.264880E-03  6.106109E-07  2.250745E-06  5.777929E-07  6.384683E-02  3.069523E-06  6.372071E-07  5.425087E-07  2.014367E-04  2.738427E-04  9.553671E-07  8.555407E-07  1.099634E-06  1.286332E-06
 3.151500E+02  5.149418E-01  4.512021E-04  6.793663E-08  9.027443E-08  1.007090E-07  1.214779E-07  2.963808E-01  3.031661E-04  1.050802E-06  1.180352E-01  1.987114E-04  1.092883E-06  6.237165E-08  6.153284E-03  5.804690E-07  2.144938E-06  5.554319E-07  6.305318E-02  2.946257E-06  6.175623E-07  5.254398E-07  1.986797E-04  2.700922E-04  9.070748E-07  8.094570E-07  1.040738E-06  1.228171E-06
 3.161500E+02  5.153918E-01  4.461606E-04  6.578116E-08  8.743230E-08  9.754371E-08  1.176879E-07  2.964439E-01  2.979662E-04  9.908434E-07  1.184312E-01  1.965644E-04  1.041025E-06  6.116563E-08  6.044425E-03  5.520060E-07  2.044782E-06  5.340828E-07  6.227238E-02  2.828500E-06  5.986310E-07  5.090017E-07  1.959716E-04  2.664085E-04  8.614514E-07  7.661092E-07  9.853211E-07  1.172961E-06
 3.171500E+02  5.158341E-01  4.412089E-04  6.370826E-08  8.469838E-08  9.449878E-08  1.140411E-07  2.965054E-01  2.928913E-04  9.346762E-07  1.188207E-01  1.944402E-04  9.918281E-07  5.998456E-08  5.938221E-03  5.251188E-07  1.949942E-06  5.136938E-07  6.150421E-02  2.715986E-06  5.803839E-07  4.931683E-07  1.933115E-04  2.627903E-04  8.183384E-07  7.253214E-07  9.331605E-07  1.120538E-06
 3.181500E+02  5.162687E-01  4.363448E-04  6.171432E-08  8.206795E-08  9.156896E-08  1.105314E-07  2.965655E-01  2.879378E-04  8.820391E-07  1.192040E-01  1.923387E-04  9.451467E-07  5.882803E-08  5.834594E-03  4.997110E-07  1.860106E-06  4.942162E-07  6.074849E-02  2.608462E-06  5.627935E-07  4.779146E-07  1.906986E-04  2.592364E-04  7.775875E-07  6.869295E-07  8.840486E-07  1.070748E-06
 3.191500E+02  5.166959E-01  4.315665E-04  5.979588E-08  7.953649E-08  8.874923E-08  1.071528E-07  2.966242E-01  2.831021E-04  8.326902E-07  1.195810E-01  1.902601E-04  9.008446E-07  5.769560E-08  5.733468E-03  4.756927E-07  1.774980E-06  4.756041E-07  6.000501E-02  2.505689E-06  5.458332E-07  4.632168E-07  1.881319E-04  2.557455E-04  7.390595E-07  6.507809E-07  8.377920E-07  1.023446E-06
 3.201500E+02  5.171158E-01  4.268720E-04  5.794966E-08  7.709975E-08  8.603485E-08  1.038997E-07  2.966814E-01  2.783808E-04  7.864055E-07  1.199519E-01  1.882044E-04  8.587932E-07  5.658685E-08  5.634770E-03  4.529799E-07  1.694291E-06  4.578141E-07  5.927357E-02  2.407438E-06  5.294776E-07  4.490522E-07  1.856105E-04  2.523166E-04  7.026240E-07  6.167334E-07  7.942105E-07  9.784949E-07
 3.211500E+02  5.175285E-01  4.222597E-04  5.617254E-08  7.475364E-08  8.342129E-08  1.007667E-07  2.967373E-01  2.737706E-04  7.429772E-07  1.203169E-01  1.861716E-04  8.188712E-07  5.550138E-08  5.538429E-03  4.314943E-07  1.617781E-06  4.408051E-07  5.855396E-02  2.313495E-06  5.137026E-07  4.353992E-07  1.831337E-04  2.489484E-04  6.681586E-07  5.846543E-07  7.531360E-07  9.357668E-07
 3.221500E+02  5.179342E-01  4.177277E-04  5.446155E-08  7.249428E-08  8.090425E-08  9.774878E-08  2.967919E-01  2.692682E-04  7.022130E-07  1.206759E-01  1.841617E-04  7.809638E-07  5.443874E-08  5.444377E-03  4.111625E-07  1.545211E-06  4.245384E-07  5.784600E-02  2.223654E-06  4.984850E-07  4.222369E-07  1.807005E-04  2.456397E-04  6.355486E-07  5.544200E-07  7.144119E-07  8.951410E-07
 3.231500E+02  5.183329E-01  4.132743E-04  5.281386E-08  7.031799E-08  7.847962E-08  9.484098E-08  2.968452E-01  2.648706E-04  6.639342E-07  1.210291E-01  1.821748E-04  7.449631E-07  5.339853E-08  5.352547E-03  3.919161E-07  1.476354E-06  4.089773E-07  5.714950E-02  2.137721E-06  4.838026E-07  4.095456E-07  1.783103E-04  2.423895E-04  6.046865E-07  5.259153E-07  6.778919E-07  8.565037E-07
 3.241500E+02  5.187249E-01  4.088977E-04  5.122677E-08  6.822126E-08  7.614350E-08  9.203870E-08  2.968972E-01  2.605749E-04  6.279755E-07  1.213766E-01  1.802107E-04  7.107670E-07  5.238032E-08  5.262876E-03  3.736908E-07  1.411001E-06  3.940873E-07  5.646425E-02  2.055510E-06  4.696342E-07  3.973063E-07  1.759620E-04  2.391967E-04  5.754712E-07  4.990327E-07  6.434395E-07  8.197480E-07
 3.251500E+02  5.191101E-01  4.045965E-04  4.969773E-08  6.620073E-08  7.389218E-08  8.933754E-08  2.969481E-01  2.563780E-04  5.941831E-07  1.217185E-01  1.782694E-04  6.782791E-07  5.138369E-08  5.175302E-03  3.564267E-07  1.348952E-06  3.798356E-07  5.579008E-02  1.976847E-06  4.559595E-07  3.855008E-07  1.736550E-04  2.360600E-04  5.478079E-07  4.736716E-07  6.109275E-07  7.847730E-07
 3.261500E+02  5.194889E-01  4.003688E-04  4.822428E-08  6.425321E-08  7.172209E-08  8.673328E-08  2.969978E-01  2.522773E-04  5.624143E-07  1.220549E-01  1.763510E-04  6.474084E-07  5.040824E-08  5.089765E-03  3.400677E-07  1.290021E-06  3.661911E-07  5.512679E-02  1.901565E-06  4.427592E-07  3.741119E-07  1.713885E-04  2.329785E-04  5.216077E-07  4.497386E-07  5.802369E-07  7.514837E-07
 3.271500E+02  5.198612E-01  3.962133E-04  4.680410E-08  6.237567E-08  6.962987E-08  8.422193E-08  2.970463E-01  2.482700E-04  5.325366E-07  1.223858E-01  1.744552E-04  6.180692E-07  4.945355E-08  5.006208E-03  3.245612E-07  1.234035E-06  3.531247E-07  5.447421E-02  1.829505E-06  4.300146E-07  3.631229E-07  1.691616E-04  2.299511E-04  4.967870E-07  4.271459E-07  5.512566E-07  7.197907E-07
 3.281500E+02  5.202272E-01  3.921284E-04  4.543497E-08  6.056520E-08  6.761229E-08  8.179964E-08  2.970938E-01  2.443535E-04  5.044270E-07  1.227114E-01  1.725820E-04  5.901803E-07  4.851921E-08  4.924574E-03  3.098580E-07  1.180829E-06  3.406084E-07  5.383214E-02  1.760517E-06  4.177081E-07  3.525181E-07  1.669737E-04  2.269767E-04  4.732674E-07  4.058120E-07  5.238827E-07  6.896096E-07
 3.291500E+02  5.205870E-01  3.881125E-04  4.411477E-08  5.881904E-08  6.566628E-08  7.946277E-08  2.971401E-01  2.405253E-04  4.779707E-07  1.230318E-01  1.707314E-04  5.636651E-07  4.760482E-08  4.844810E-03  2.959120E-07  1.130251E-06  3.286162E-07  5.320042E-02  1.694458E-06  4.058225E-07  3.422823E-07  1.648239E-04  2.240544E-04  4.509751E-07  3.856604E-07  4.980183E-07  6.608611E-07
 3.301500E+02  5.209408E-01  3.841643E-04  4.284149E-08  5.713454E-08  6.378890E-08  7.720785E-08  2.971855E-01  2.367829E-04  4.530615E-07  1.233470E-01  1.689032E-04  5.384514E-07  4.670998E-08  4.766863E-03  2.826798E-07  1.082154E-06  3.171230E-07  5.257886E-02  1.631193E-06  3.943417E-07  3.324010E-07  1.627116E-04  2.211831E-04  4.298409E-07  3.666198E-07  4.735726E-07  6.334699E-07
 3.311500E+02  5.212887E-01  3.802823E-04  4.161321E-08  5.550921E-08  6.197737E-08  7.503154E-08  2.972298E-01  2.331240E-04  4.296003E-07  1.236572E-01  1.670972E-04  5.144706E-07  4.583429E-08  4.690683E-03  2.701210E-07  1.036403E-06  3.061054E-07  5.196729E-02  1.570592E-06  3.832499E-07  3.228602E-07  1.606360E-04  2.183618E-04  4.097997E-07  3.486233E-07  4.504607E-07  6.073656E-07
 3.321500E+02  5.216307E-01  3.764651E-04  4.042808E-08  5.394063E-08  6.022901E-08  7.293069E-08  2.972731E-01  2.295462E-04  4.074947E-07  1.239623E-01  1.653135E-04  4.916585E-07  4.497735E-08  4.616220E-03  2.581975E-07  9.928718E-07  2.955409E-07  5.136553E-02  1.512532E-06  3.725323E-07  3.136468E-07  1.585965E-04  2.155896E-04  3.907904E-07  3.316086E-07  4.286033E-07  5.824813E-07
 3.331500E+02  5.219669E-01  3.727114E-04  3.928435E-08  5.242651E-08  5.854127E-08  7.090226E-08  2.973154E-01  2.260474E-04  3.866591E-07  1.242626E-01  1.635517E-04  4.699538E-07  4.413880E-08  4.543428E-03  2.468737E-07  9.514389E-07  2.854084E-07  5.077343E-02  1.456897E-06  3.621746E-07  3.047479E-07  1.565922E-04  2.128655E-04  3.727553E-07  3.155172E-07  4.079260E-07  5.587540E-07
 3.341500E+02  5.222976E-01  3.690200E-04  3.818036E-08  5.096467E-08  5.691172E-08  6.894336E-08  2.973569E-01  2.226253E-04  3.670134E-07  1.245581E-01  1.618119E-04  4.492990E-07  4.331823E-08  4.472260E-03  2.361159E-07  9.119918E-07  2.756878E-07  5.019081E-02  1.403577E-06  3.521630E-07  2.961516E-07  1.546226E-04  2.101886E-04  3.556404E-07  3.002944E-07  3.883593E-07  5.361244E-07
 3.351500E+02  5.226227E-01  3.653894E-04  3.711450E-08  4.955302E-08  5.533804E-08  6.705123E-08  2.973974E-01  2.192780E-04  3.484831E-07  1.248488E-01  1.600938E-04  4.296397E-07  4.251528E-08  4.402673E-03  2.258929E-07  8.744243E-07  2.663601E-07  4.961750E-02  1.352464E-06  3.424845E-07  2.878460E-07  1.526870E-04  2.075579E-04  3.393948E-07  2.858891E-07  3.698380E-07  5.145362E-07
 3.361500E+02  5.229425E-01  3.618185E-04  3.608526E-08  4.818956E-08  5.381802E-08  6.522324E-08  2.974370E-01  2.160034E-04  3.309988E-07  1.251349E-01  1.583972E-04  4.109242E-07  4.172957E-08  4.334623E-03  2.161750E-07  8.386362E-07  2.574073E-07  4.905335E-02  1.303461E-06  3.331264E-07  2.798200E-07  1.507847E-04  2.049726E-04  3.239706E-07  2.722533E-07  3.523010E-07  4.939366E-07
 3.371500E+02  5.232569E-01  3.583060E-04  3.509117E-08  4.687238E-08  5.234953E-08  6.345685E-08  2.974758E-01  2.127996E-04  3.144956E-07  1.254165E-01  1.567220E-04  3.931040E-07  4.096074E-08  4.268068E-03  2.069345E-07  8.045335E-07  2.488121E-07  4.849820E-02  1.256470E-06  3.240767E-07  2.720630E-07  1.489151E-04  2.024319E-04  3.093227E-07  2.593421E-07  3.356913E-07  4.742754E-07
 3.381500E+02  5.235661E-01  3.548508E-04  3.413085E-08  4.559968E-08  5.093054E-08  6.174968E-08  2.975137E-01  2.096646E-04  2.989132E-07  1.256935E-01  1.550681E-04  3.761330E-07  4.020843E-08  4.202968E-03  1.981453E-07  7.720275E-07  2.405584E-07  4.795188E-02  1.211401E-06  3.153238E-07  2.645647E-07  1.470775E-04  1.999347E-04  2.954088E-07  2.471135E-07  3.199552E-07  4.555052E-07
 3.391500E+02  5.238702E-01  3.514517E-04  3.320297E-08  4.436969E-08  4.955913E-08  6.009940E-08  2.975508E-01  2.065966E-04  2.841951E-07  1.259662E-01  1.534352E-04  3.599677E-07  3.947228E-08  4.139285E-03  1.897829E-07  7.410344E-07  2.326305E-07  4.741425E-02  1.168168E-06  3.068567E-07  2.573153E-07  1.452714E-04  1.974803E-04  2.821888E-07  2.355279E-07  3.050424E-07  4.375815E-07
 3.401500E+02  5.241693E-01  3.481075E-04  3.230625E-08  4.318077E-08  4.823343E-08  5.850382E-08  2.975871E-01  2.035939E-04  2.702887E-07  1.262345E-01  1.518232E-04  3.445669E-07  3.875195E-08  4.076980E-03  1.818241E-07  7.114756E-07  2.250140E-07  4.688514E-02  1.126688E-06  2.986647E-07  2.503054E-07  1.434961E-04  1.950679E-04  2.696253E-07  2.245484E-07  2.909058E-07  4.204618E-07
 3.411500E+02  5.244635E-01  3.448172E-04  3.143948E-08  4.203131E-08  4.695169E-08  5.696083E-08  2.976227E-01  2.006548E-04  2.571447E-07  1.264986E-01  1.502319E-04  3.298917E-07  3.804709E-08  4.016016E-03  1.742474E-07  6.832767E-07  2.176949E-07  4.636443E-02  1.086884E-06  2.907377E-07  2.435260E-07  1.417509E-04  1.926965E-04  2.576826E-07  2.141403E-07  2.775011E-07  4.041062E-07
 3.421500E+02  5.247529E-01  3.415797E-04  3.060150E-08  4.091981E-08  4.571220E-08  5.546842E-08  2.976575E-01  1.977775E-04  2.447173E-07  1.267585E-01  1.486610E-04  3.159053E-07  3.735736E-08  3.956359E-03  1.670322E-07  6.563678E-07  2.106598E-07  4.585194E-02  1.048680E-06  2.830658E-07  2.369684E-07  1.400354E-04  1.903656E-04  2.463276E-07  2.042711E-07  2.647869E-07  3.884769E-07
 3.431500E+02  5.250375E-01  3.383938E-04  2.979121E-08  3.984479E-08  4.451336E-08  5.402466E-08  2.976915E-01  1.949605E-04  2.329635E-07  1.270143E-01  1.471104E-04  3.025727E-07  3.668243E-08  3.897974E-03  1.601593E-07  6.306827E-07  2.038963E-07  4.534754E-02  1.012006E-06  2.756397E-07  2.306245E-07  1.383490E-04  1.880741E-04  2.355286E-07  1.949101E-07  2.527243E-07  3.735382E-07
 3.441500E+02  5.253175E-01  3.352586E-04  2.900753E-08  3.880487E-08  4.335360E-08  5.262770E-08  2.977249E-01  1.922021E-04  2.218432E-07  1.272661E-01  1.455799E-04  2.898611E-07  3.602198E-08  3.840827E-03  1.536107E-07  6.061590E-07  1.973924E-07  4.485109E-02  9.767948E-07  2.684504E-07  2.244862E-07  1.366911E-04  1.858215E-04  2.252561E-07  1.860288E-07  2.412765E-07  3.592560E-07
 3.451500E+02  5.255929E-01  3.321732E-04  2.824946E-08  3.779872E-08  4.223145E-08  5.127578E-08  2.977575E-01  1.895010E-04  2.113187E-07  1.275139E-01  1.440693E-04  2.777392E-07  3.537569E-08  3.784886E-03  1.473692E-07  5.827380E-07  1.911366E-07  4.436245E-02  9.429814E-07  2.614893E-07  2.185460E-07  1.350611E-04  1.836068E-04  2.154821E-07  1.776002E-07  2.304093E-07  3.455985E-07
 3.461500E+02  5.258638E-01  3.291363E-04  2.751601E-08  3.682506E-08  4.114549E-08  4.996720E-08  2.977895E-01  1.868555E-04  2.013550E-07  1.277578E-01  1.425784E-04  2.661774E-07  3.474324E-08  3.730120E-03  1.414188E-07  5.603639E-07  1.851182E-07  4.388148E-02  9.105048E-07  2.547480E-07  2.127965E-07  1.334585E-04  1.814295E-04  2.061803E-07  1.695989E-07  2.200903E-07  3.325352E-07
 3.471500E+02  5.261304E-01  3.261473E-04  2.680626E-08  3.588267E-08  4.009436E-08  4.870035E-08  2.978208E-01  1.842643E-04  1.919191E-07  1.279979E-01  1.411070E-04  2.551478E-07  3.412433E-08  3.676498E-03  1.357443E-07  5.389843E-07  1.793269E-07  4.340804E-02  8.793065E-07  2.482187E-07  2.072308E-07  1.318828E-04  1.792887E-04  1.973258E-07  1.620014E-07  2.102893E-07  3.200375E-07
 3.481500E+02  5.263926E-01  3.232050E-04  2.611932E-08  3.497037E-08  3.907675E-08  4.747367E-08  2.978514E-01  1.817260E-04  1.829804E-07  1.282342E-01  1.396548E-04  2.446239E-07  3.351865E-08  3.623990E-03  1.303315E-07  5.185497E-07  1.737528E-07  4.294200E-02  8.493311E-07  2.418938E-07  2.018421E-07  1.303335E-04  1.771838E-04  1.888951E-07  1.547851E-07  2.009776E-07  3.080780E-07
 3.491500E+02  5.266507E-01  3.203086E-04  2.545434E-08  3.408706E-08  3.809142E-08  4.628568E-08  2.978815E-01  1.792393E-04  1.745098E-07  1.284669E-01  1.382217E-04  2.345806E-07  3.292592E-08  3.572570E-03  1.251668E-07  4.990130E-07  1.683867E-07  4.248323E-02  8.205255E-07  2.357658E-07  1.966240E-07  1.288100E-04  1.751140E-04  1.808661E-07  1.479291E-07  1.921285E-07  2.966311E-07
 3.501500E+02  5.269045E-01  3.174571E-04  2.481049E-08  3.323165E-08  3.713718E-08  4.513495E-08  2.979109E-01  1.768028E-04  1.664804E-07  1.286959E-01  1.368074E-04  2.249941E-07  3.234583E-08  3.522207E-03  1.202376E-07  4.803301E-07  1.632197E-07  4.203160E-02  7.928392E-07  2.298277E-07  1.915704E-07  1.273119E-04  1.730787E-04  1.732179E-07  1.414136E-07  1.837166E-07  2.856722E-07
 3.511500E+02  5.271544E-01  3.146498E-04  2.418699E-08  3.240311E-08  3.621288E-08  4.402012E-08  2.979397E-01  1.744153E-04  1.588669E-07  1.289214E-01  1.354117E-04  2.158420E-07  3.177810E-08  3.472876E-03  1.155318E-07  4.624589E-07  1.582432E-07  4.158699E-02  7.662240E-07  2.240729E-07  1.866752E-07  1.258386E-04  1.710773E-04  1.659308E-07  1.352202E-07  1.757184E-07  2.751782E-07
 3.521500E+02  5.274002E-01  3.118857E-04  2.358310E-08  3.160047E-08  3.531743E-08  4.293989E-08  2.979680E-01  1.720755E-04  1.516455E-07  1.291434E-01  1.340345E-04  2.071028E-07  3.122246E-08  3.424551E-03  1.110382E-07  4.453599E-07  1.534493E-07  4.114927E-02  7.406341E-07  2.184948E-07  1.819328E-07  1.243897E-04  1.691089E-04  1.589861E-07  1.293312E-07  1.681114E-07  2.651271E-07
 3.531500E+02  5.276421E-01  3.091641E-04  2.299808E-08  3.082277E-08  3.444977E-08  4.189298E-08  2.979957E-01  1.697823E-04  1.447940E-07  1.293620E-01  1.326754E-04  1.987565E-07  3.067863E-08  3.377206E-03  1.067460E-07  4.289954E-07  1.488302E-07  4.071831E-02  7.160257E-07  2.130871E-07  1.773377E-07  1.229647E-04  1.671731E-04  1.523663E-07  1.237303E-07  1.608745E-07  2.554981E-07
 3.541500E+02  5.278801E-01  3.064840E-04  2.243127E-08  3.006911E-08  3.360889E-08  4.087821E-08  2.980228E-01  1.675345E-04  1.382913E-07  1.295772E-01  1.313344E-04  1.907838E-07  3.014635E-08  3.330816E-03  1.026451E-07  4.133301E-07  1.443788E-07  4.029400E-02  6.923570E-07  2.078440E-07  1.728847E-07  1.215631E-04  1.652692E-04  1.460548E-07  1.184019E-07  1.539880E-07  2.462715E-07
 3.551500E+02  5.281144E-01  3.038448E-04  2.188198E-08  2.933862E-08  3.279384E-08  3.989442E-08  2.980494E-01  1.653310E-04  1.321181E-07  1.297890E-01  1.300111E-04  1.831665E-07  2.962535E-08  3.285358E-03  9.872594E-08  3.983304E-07  1.400879E-07  3.987623E-02  6.695883E-07  2.027596E-07  1.685687E-07  1.201846E-04  1.633966E-04  1.400358E-07  1.133315E-07  1.474332E-07  2.374284E-07
 3.561500E+02  5.283450E-01  3.012456E-04  2.134960E-08  2.863047E-08  3.200367E-08  3.894050E-08  2.980755E-01  1.631706E-04  1.262557E-07  1.299977E-01  1.287053E-04  1.758875E-07  2.911538E-08  3.240809E-03  9.497955E-08  3.839643E-07  1.359509E-07  3.946487E-02  6.476814E-07  1.978283E-07  1.643849E-07  1.188286E-04  1.615547E-04  1.342945E-07  1.085054E-07  1.411925E-07  2.289512E-07
 3.571500E+02  5.285720E-01  2.986856E-04  2.083350E-08  2.794386E-08  3.123751E-08  3.801539E-08  2.981010E-01  1.610525E-04  1.206870E-07  1.302031E-01  1.274169E-04  1.689305E-07  2.861618E-08  3.197145E-03  9.139738E-08  3.702017E-07  1.319615E-07  3.905981E-02  6.266003E-07  1.930450E-07  1.603286E-07  1.174948E-04  1.597428E-04  1.288169E-07  1.039105E-07  1.352494E-07  2.208228E-07
 3.581500E+02  5.287953E-01  2.961641E-04  2.033311E-08  2.727802E-08  3.049449E-08  3.711807E-08  2.981261E-01  1.589754E-04  1.153956E-07  1.304054E-01  1.261456E-04  1.622799E-07  2.812752E-08  3.154346E-03  8.797136E-08  3.570142E-07  1.281137E-07  3.866094E-02  6.063102E-07  1.884045E-07  1.563953E-07  1.161826E-04  1.579604E-04  1.235897E-07  9.953469E-08  1.295881E-07  2.130273E-07
 3.591500E+02  5.290152E-01  2.936805E-04  1.984788E-08  2.663222E-08  2.977380E-08  3.624755E-08  2.981506E-01  1.569384E-04  1.103663E-07  1.306046E-01  1.248912E-04  1.559210E-07  2.764915E-08  3.112390E-03  8.469386E-08  3.443745E-07  1.244016E-07  3.826815E-02  5.867782E-07  1.839018E-07  1.525808E-07  1.148918E-04  1.562070E-04  1.186004E-07  9.536646E-08  1.241940E-07  2.055494E-07
 3.601500E+02  5.292317E-01  2.912339E-04  1.937725E-08  2.600574E-08  2.907466E-08  3.540291E-08  2.981747E-01  1.549406E-04  1.055849E-07  1.308007E-01  1.236535E-04  1.498400E-07  2.718084E-08  3.071256E-03  8.155764E-08  3.322571E-07  1.208198E-07  3.788134E-02  5.679728E-07  1.795322E-07  1.488810E-07  1.136218E-04  1.544820E-04  1.138371E-07  9.139495E-08  1.190532E-07  1.983747E-07
 3.611500E+02  5.294447E-01  2.888237E-04  1.892072E-08  2.539792E-08  2.839630E-08  3.458324E-08  2.981983E-01  1.529810E-04  1.010376E-07  1.309939E-01  1.224322E-04  1.440236E-07  2.672235E-08  3.030925E-03  7.855589E-08  3.206375E-07  1.173630E-07  3.750039E-02  5.498638E-07  1.752913E-07  1.452917E-07  1.123723E-04  1.527848E-04  1.092886E-07  8.760994E-08  1.141526E-07  1.914894E-07
 3.621500E+02  5.296545E-01  2.864492E-04  1.847779E-08  2.480809E-08  2.773800E-08  3.378767E-08  2.982215E-01  1.510587E-04  9.671194E-08  1.311842E-01  1.212272E-04  1.384592E-07  2.627347E-08  2.991376E-03  7.568213E-08  3.094928E-07  1.140261E-07  3.712521E-02  5.324226E-07  1.711745E-07  1.418094E-07  1.111429E-04  1.511149E-04  1.049442E-07  8.400177E-08  1.094797E-07  1.848805E-07
 3.631500E+02  5.298610E-01  2.841097E-04  1.804798E-08  2.423564E-08  2.709906E-08  3.301537E-08  2.982442E-01  1.491728E-04  9.259588E-08  1.313716E-01  1.200383E-04  1.331350E-07  2.583397E-08  2.952592E-03  7.293022E-08  2.988010E-07  1.108045E-07  3.675569E-02  5.156217E-07  1.671778E-07  1.384301E-07  1.099333E-04  1.494719E-04  1.007939E-07  8.056133E-08  1.050230E-07  1.785355E-07
 3.641500E+02  5.300643E-01  2.818047E-04  1.763085E-08  2.367996E-08  2.647883E-08  3.226553E-08  2.982665E-01  1.473224E-04  8.867820E-08  1.315562E-01  1.188652E-04  1.280397E-07  2.540364E-08  2.914553E-03  7.029437E-08  2.885414E-07  1.076934E-07  3.639173E-02  4.994348E-07  1.632970E-07  1.351506E-07  1.087429E-04  1.478551E-04  9.682823E-08  7.728000E-08  1.007713E-07  1.724427E-07
 3.651500E+02  5.302645E-01  2.795333E-04  1.722595E-08  2.314047E-08  2.587664E-08  3.153740E-08  2.982884E-01  1.455067E-04  8.494832E-08  1.317380E-01  1.177078E-04  1.231625E-07  2.498227E-08  2.877242E-03  6.776908E-08  2.786941E-07  1.046886E-07  3.603324E-02  4.838369E-07  1.595284E-07  1.319672E-07  1.075716E-04  1.462641E-04  9.303808E-08  7.414969E-08  9.671423E-08  1.665908E-07
 3.661500E+02  5.304617E-01  2.772951E-04  1.683285E-08  2.261663E-08  2.529189E-08  3.083023E-08  2.983099E-01  1.437249E-04  8.139625E-08  1.319171E-01  1.165657E-04  1.184932E-07  2.456966E-08  2.840642E-03  6.534913E-08  2.692406E-07  1.017858E-07  3.568011E-02  4.688042E-07  1.558680E-07  1.288768E-07  1.064188E-04  1.446984E-04  8.941494E-08  7.116270E-08  9.284198E-08  1.609691E-07
 3.671500E+02  5.306558E-01  2.750895E-04  1.645116E-08  2.210789E-08  2.472399E-08  3.014331E-08  2.983309E-01  1.419762E-04  7.801261E-08  1.320935E-01  1.154389E-04  1.140221E-07  2.416560E-08  2.804735E-03  6.302958E-08  2.601629E-07  9.898111E-08  3.533226E-02  4.543136E-07  1.523124E-07  1.258763E-07  1.052843E-04  1.431575E-04  8.595073E-08  6.831179E-08  8.914524E-08  1.555676E-07
 3.681500E+02  5.308469E-01  2.729157E-04  1.608049E-08  2.161375E-08  2.417235E-08  2.947595E-08  2.983516E-01  1.402598E-04  7.478855E-08  1.322673E-01  1.143271E-04  1.097401E-07  2.376990E-08  2.769506E-03  6.080574E-08  2.514442E-07  9.627061E-08  3.498959E-02  4.403435E-07  1.488580E-07  1.229626E-07  1.041678E-04  1.416410E-04  8.263778E-08  6.559012E-08  8.561521E-08  1.503764E-07
 3.691500E+02  5.310351E-01  2.707733E-04  1.572046E-08  2.113371E-08  2.363643E-08  2.882751E-08  2.983719E-01  1.385750E-04  7.171573E-08  1.324385E-01  1.132301E-04  1.056383E-07  2.338236E-08  2.734938E-03  5.867318E-08  2.430684E-07  9.365068E-08  3.465202E-02  4.268728E-07  1.455015E-07  1.201328E-07  1.030688E-04  1.401483E-04  7.946882E-08  6.299120E-08  8.224356E-08  1.453865E-07
 3.701500E+02  5.312205E-01  2.686616E-04  1.537071E-08  2.066730E-08  2.311571E-08  2.819735E-08  2.983918E-01  1.369210E-04  6.878628E-08  1.326072E-01  1.121477E-04  1.017086E-07  2.300281E-08  2.701016E-03  5.662767E-08  2.350203E-07  9.111783E-08  3.431944E-02  4.138816E-07  1.422397E-07  1.173841E-07  1.019870E-04  1.386791E-04  7.643696E-08  6.050892E-08  7.902246E-08  1.405891E-07
 3.711500E+02  5.314031E-01  2.665802E-04  1.503090E-08  2.021406E-08  2.260968E-08  2.758486E-08  2.984113E-01  1.352971E-04  6.599277E-08  1.327733E-01  1.110797E-04  9.794293E-08  2.263105E-08  2.667726E-03  5.466520E-08  2.272853E-07  8.866871E-08  3.399177E-02  4.013508E-07  1.390694E-07  1.147138E-07  1.009222E-04  1.372329E-04  7.353567E-08  5.813749E-08  7.594444E-08  1.359758E-07
 3.721500E+02  5.315829E-01  2.645284E-04  1.470069E-08  1.977355E-08  2.211784E-08  2.698946E-08  2.984305E-01  1.337027E-04  6.332822E-08  1.329371E-01  1.100258E-04  9.433388E-08  2.226692E-08  2.635051E-03  5.278199E-08  2.198496E-07  8.630011E-08  3.366894E-02  3.892620E-07  1.359878E-07  1.121193E-07  9.987399E-05  1.358092E-04  7.075875E-08  5.587143E-08  7.300248E-08  1.315387E-07
 3.731500E+02  5.317600E-01  2.625058E-04  1.437977E-08  1.934536E-08  2.163974E-08  2.641058E-08  2.984493E-01  1.321370E-04  6.078600E-08  1.330984E-01  1.089861E-04  9.087429E-08  2.191023E-08  2.602978E-03  5.097443E-08  2.127002E-07  8.400899E-08  3.335084E-02  3.775979E-07  1.329919E-07  1.095981E-07  9.884209E-05  1.344077E-04  6.810034E-08  5.370555E-08  7.018992E-08  1.272702E-07
