#         T/K            c1          c2-1          c3-4          c3-5          c3-7          c3-9            m1          m2-1          m3-1            w1            w2          w3-1          w3-2          c1m1        c1m2-1        c1m2-7        c2m1-1        c1w1-2        c1w2-1        c2w1-1        c2w1-9        m1w1-1        m1w1-4        m1w2-1        m2w1-1        m2w1-3      c1m1w1-1
 2.731500E+02  4.227580E-01  5.668964E-04  2.012671E-07  2.641679E-07  2.939077E-07  3.504484E-07  4.873604E-01  1.914741E-03  8.119501E-05  3.338699E-02  3.666361E-05  4.095038E-07  5.745776E-09  2.066248E-02  1.543077E-05  5.063327E-05  4.468247E-06  3.262898E-02  1.969356E-06  6.714224E-07  5.895799E-07  2.107038E-04  2.868247E-04  1.970282E-06  1.041368E-05  1.318906E-05  5.289991E-06
 2.741500E+02  4.232558E-01  5.579267E-04  1.924296E-07  2.526541E-07  2.811187E-07  3.353048E-07  4.876669E-01  1.871028E-03  7.507238E-05  3.363036E-02  3.632234E-05  3.868773E-07  5.639252E-09  2.016504E-02  1.441861E-05  4.746526E-05  4.234458E-06  3.215235E-02  1.873396E-06  6.448008E-07  5.657150E-07  2.074159E-04  2.823311E-04  1.849055E-06  9.702311E-06  1.229300E-05  4.984587E-06
 2.751500E+02  4.237419E-01  5.491599E-04  1.840422E-07  2.417228E-07  2.689759E-07  3.209218E-07  4.879636E-01  1.828615E-03  6.945125E-05  3.386997E-02  3.597954E-05  3.655428E-07  5.533885E-09  1.968301E-02  1.347960E-05  4.451682E-05  4.014519E-06  3.168300E-02  1.782422E-06  6.193645E-07  5.429331E-07  2.041820E-04  2.779120E-04  1.735744E-06  9.043306E-06  1.146257E-05  4.698415E-06
 2.761500E+02  4.242166E-01  5.405905E-04  1.760791E-07  2.313412E-07  2.574427E-07  3.072568E-07  4.882507E-01  1.787457E-03  6.428755E-05  3.410585E-02  3.563550E-05  3.454260E-07  5.429726E-09  1.921586E-02  1.260802E-05  4.177138E-05  3.807525E-06  3.122088E-02  1.696164E-06  5.950563E-07  5.211811E-07  2.010015E-04  2.735667E-04  1.629809E-06  8.432562E-06  1.069265E-05  4.430177E-06
 2.771500E+02  4.246803E-01  5.322134E-04  1.685164E-07  2.214782E-07  2.464848E-07  2.942694E-07  4.885288E-01  1.747510E-03  5.954131E-05  3.433803E-02  3.529051E-05  3.264568E-07  5.326820E-09  1.876304E-02  1.179861E-05  3.921373E-05  3.612636E-06  3.076594E-02  1.614368E-06  5.718221E-07  5.004086E-07  1.978739E-04  2.692946E-04  1.530747E-06  7.866317E-06  9.978546E-06  4.178669E-06
 2.781500E+02  4.251332E-01  5.240234E-04  1.613314E-07  2.121048E-07  2.360702E-07  2.819221E-07  4.887982E-01  1.708733E-03  5.517630E-05  3.456653E-02  3.494484E-05  3.085689E-07  5.225206E-09  1.832404E-02  1.104657E-05  3.682990E-05  3.429070E-06  3.031813E-02  1.536795E-06  5.496106E-07  4.805679E-07  1.947989E-04  2.650949E-04  1.438092E-06  7.341116E-06  9.315950E-06  3.942770E-06
 2.791500E+02  4.255757E-01  5.160156E-04  1.545031E-07  2.031938E-07  2.261686E-07  2.701795E-07  4.890591E-01  1.671085E-03  5.115959E-05  3.479141E-02  3.459876E-05  2.917000E-07  5.124922E-09  1.789837E-02  1.034748E-05  3.460700E-05  3.256099E-06  2.987739E-02  1.463216E-06  5.283728E-07  4.616135E-07  1.917758E-04  2.609668E-04  1.351409E-06  6.853789E-06  8.700898E-06  3.721439E-06
 2.801500E+02  4.260080E-01  5.081852E-04  1.480115E-07  1.947195E-07  2.167516E-07  2.590083E-07  4.893119E-01  1.634529E-03  4.746133E-05  3.501267E-02  3.425251E-05  2.757909E-07  5.026000E-09  1.748555E-02  9.697290E-06  3.253320E-05  3.093047E-06  2.944366E-02  1.393417E-06  5.080624E-07  4.435026E-07  1.888040E-04  2.569096E-04  1.270293E-06  6.401423E-06  8.129752E-06  3.513712E-06
 2.811500E+02  4.264303E-01  5.005276E-04  1.418381E-07  1.866580E-07  2.077926E-07  2.483772E-07  4.895569E-01  1.599028E-03  4.405437E-05  3.523037E-02  3.390632E-05  2.607864E-07  4.928468E-09  1.708514E-02  9.092283E-06  3.059759E-05  2.939285E-06  2.901687E-02  1.327195E-06  4.886354E-07  4.261943E-07  1.858831E-04  2.529224E-04  1.194371E-06  5.981343E-06  7.599168E-06  3.318688E-06
 2.821500E+02  4.268430E-01  4.930382E-04  1.359653E-07  1.789866E-07  1.992665E-07  2.382568E-07  4.897945E-01  1.564545E-03  4.091400E-05  3.544454E-02  3.356043E-05  2.466339E-07  4.832350E-09  1.669668E-02  8.529047E-06  2.879012E-05  2.794228E-06  2.859695E-02  1.264358E-06  4.700500E-07  4.096499E-07  1.830124E-04  2.490043E-04  1.123293E-06  5.591089E-06  7.106069E-06  3.135532E-06
 2.831500E+02  4.272463E-01  4.857126E-04  1.303767E-07  1.716841E-07  1.911499E-07  2.286197E-07  4.900248E-01  1.531046E-03  3.801780E-05  3.565522E-02  3.321505E-05  2.332842E-07  4.737667E-09  1.631976E-02  8.004444E-06  2.710154E-05  2.657328E-06  2.818384E-02  1.204726E-06  4.522666E-07  3.938327E-07  1.801913E-04  2.451545E-04  1.056733E-06  5.228401E-06  6.647627E-06  2.963467E-06
 2.841500E+02  4.276405E-01  4.785465E-04  1.250569E-07  1.647305E-07  1.834206E-07  2.194398E-07  4.902482E-01  1.498498E-03  3.534530E-05  3.586244E-02  3.287038E-05  2.206906E-07  4.644437E-09  1.595398E-02  7.515591E-06  2.552330E-05  2.528078E-06  2.777746E-02  1.148126E-06  4.352473E-07  3.787079E-07  1.774192E-04  2.413722E-04  9.943906E-07  4.891196E-06  6.221237E-06  2.801769E-06
 2.851500E+02  4.280257E-01  4.715358E-04  1.199912E-07  1.581071E-07  1.760578E-07  2.106926E-07  4.904649E-01  1.466869E-03  3.287791E-05  3.606625E-02  3.252662E-05  2.088095E-07  4.552675E-09  1.559895E-02  7.059836E-06  2.404752E-05  2.406004E-06  2.737774E-02  1.094397E-06  4.189564E-07  3.642425E-07  1.746955E-04  2.376563E-04  9.359832E-07  4.577563E-06  5.824505E-06  2.649766E-06
 2.861500E+02  4.284023E-01  4.646765E-04  1.151660E-07  1.517963E-07  1.690420E-07  2.023552E-07  4.906752E-01  1.436129E-03  3.059865E-05  3.626669E-02  3.218395E-05  1.975995E-07  4.462391E-09  1.525429E-02  6.634738E-06  2.266693E-05  2.290664E-06  2.698460E-02  1.043385E-06  4.033599E-07  3.504049E-07  1.720195E-04  2.340061E-04  8.812494E-07  4.285738E-06  5.455224E-06  2.506831E-06
 2.871500E+02  4.287704E-01  4.579647E-04  1.105685E-07  1.457813E-07  1.623546E-07  1.944059E-07  4.908792E-01  1.406247E-03  2.849207E-05  3.646379E-02  3.184254E-05  1.870218E-07  4.373595E-09  1.491966E-02  6.238049E-06  2.137481E-05  2.181644E-06  2.659796E-02  9.949461E-07  3.884252E-07  3.371655E-07  1.693906E-04  2.304205E-04  8.299458E-07  4.014099E-06  5.111359E-06  2.372379E-06
 2.881500E+02  4.291302E-01  4.513964E-04  1.061865E-07  1.400466E-07  1.559784E-07  1.868243E-07  4.910773E-01  1.377196E-03  2.654405E-05  3.665760E-02  3.150255E-05  1.770396E-07  4.286293E-09  1.459469E-02  5.867700E-06  2.016497E-05  2.078562E-06  2.621774E-02  9.489434E-07  3.741218E-07  3.244960E-07  1.668080E-04  2.268987E-04  7.818454E-07  3.761153E-06  4.791039E-06  2.245869E-06
 2.891500E+02  4.294820E-01  4.449682E-04  1.020087E-07  1.345775E-07  1.498970E-07  1.795913E-07  4.912696E-01  1.348949E-03  2.474172E-05  3.684817E-02  3.116414E-05  1.676185E-07  4.200487E-09  1.427907E-02  5.521784E-06  1.903165E-05  1.981056E-06  2.584387E-02  9.052477E-07  3.604204E-07  3.123695E-07  1.642713E-04  2.234397E-04  7.367372E-07  3.525520E-06  4.492537E-06  2.126792E-06
 2.901500E+02  4.298260E-01  4.386763E-04  9.802431E-08  1.293599E-07  1.440950E-07  1.726887E-07  4.914563E-01  1.321478E-03  2.307332E-05  3.703553E-02  3.082744E-05  1.587260E-07  4.116179E-09  1.397248E-02  5.198541E-06  1.796957E-05  1.888791E-06  2.547626E-02  8.637367E-07  3.472932E-07  3.007605E-07  1.617795E-04  2.200427E-04  6.944244E-07  3.305932E-06  4.214258E-06  2.014677E-06
 2.911500E+02  4.301624E-01  4.325172E-04  9.422320E-08  1.243809E-07  1.385580E-07  1.660994E-07  4.916377E-01  1.294758E-03  2.152810E-05  3.721974E-02  3.049260E-05  1.503315E-07  4.033369E-09  1.367460E-02  4.896349E-06  1.697382E-05  1.801455E-06  2.511483E-02  8.242949E-07  3.347139E-07  2.896448E-07  1.593322E-04  2.167065E-04  6.547239E-07  3.101217E-06  3.954736E-06  1.909085E-06
 2.921500E+02  4.304914E-01  4.264877E-04  9.059587E-08  1.196281E-07  1.332721E-07  1.598073E-07  4.918138E-01  1.268766E-03  2.009624E-05  3.740082E-02  3.015975E-05  1.424061E-07  3.952052E-09  1.338515E-02  4.613710E-06  1.603985E-05  1.718754E-06  2.475949E-02  7.868131E-07  3.226572E-07  2.789993E-07  1.569286E-04  2.134303E-04  6.174651E-07  2.910295E-06  3.712612E-06  1.809603E-06
 2.931500E+02  4.308131E-01  4.205844E-04  8.713334E-08  1.150899E-07  1.282246E-07  1.537973E-07  4.919850E-01  1.243476E-03  1.876875E-05  3.757883E-02  2.982899E-05  1.349228E-07  3.872225E-09  1.310384E-02  4.349244E-06  1.516345E-05  1.640414E-06  2.441016E-02  7.511881E-07  3.110993E-07  2.688022E-07  1.545681E-04  2.102132E-04  5.824889E-07  2.732169E-06  3.486636E-06  1.715851E-06
 2.941500E+02  4.311278E-01  4.148040E-04  8.382712E-08  1.107554E-07  1.234033E-07  1.480551E-07  4.921513E-01  1.218867E-03  1.753741E-05  3.775382E-02  2.950045E-05  1.278561E-07  3.793881E-09  1.283040E-02  4.101671E-06  1.434074E-05  1.566178E-06  2.406676E-02  7.173224E-07  3.000176E-07  2.590327E-07  1.522499E-04  2.070542E-04  5.496473E-07  2.565919E-06  3.275650E-06  1.627470E-06
 2.951500E+02  4.314356E-01  4.091436E-04  8.066924E-08  1.066141E-07  1.187966E-07  1.425671E-07  4.923130E-01  1.194917E-03  1.639469E-05  3.792581E-02  2.917421E-05  1.211818E-07  3.717011E-09  1.256456E-02  3.869812E-06  1.356811E-05  1.495807E-06  2.372919E-02  6.851237E-07  2.893903E-07  2.496711E-07  1.499734E-04  2.039523E-04  5.188020E-07  2.410694E-06  3.078588E-06  1.544126E-06
 2.961500E+02  4.317367E-01  4.036001E-04  7.765216E-08  1.026563E-07  1.143938E-07  1.373205E-07  4.924701E-01  1.171604E-03  1.533369E-05  3.809487E-02  2.885038E-05  1.148773E-07  3.641605E-09  1.230608E-02  3.652577E-06  1.284219E-05  1.429077E-06  2.339738E-02  6.545048E-07  2.791970E-07  2.406987E-07  1.477380E-04  2.009066E-04  4.898244E-07  2.265710E-06  2.894461E-06  1.465509E-06
 2.971500E+02  4.320313E-01  3.981705E-04  7.476876E-08  9.887280E-08  1.101846E-07  1.323033E-07  4.926229E-01  1.148908E-03  1.434808E-05  3.826103E-02  2.852905E-05  1.089214E-07  3.567654E-09  1.205471E-02  3.448955E-06  1.215990E-05  1.365777E-06  2.307124E-02  6.253831E-07  2.694180E-07  2.320975E-07  1.455428E-04  1.979162E-04  4.625944E-07  2.130238E-06  2.722356E-06  1.391328E-06
 2.981500E+02  4.323195E-01  3.928521E-04  7.201233E-08  9.525489E-08  1.061594E-07  1.275041E-07  4.927716E-01  1.126810E-03  1.343206E-05  3.842434E-02  2.821029E-05  1.032940E-07  3.495143E-09  1.181022E-02  3.258012E-06  1.151835E-05  1.305710E-06  2.275068E-02  5.976808E-07  2.600349E-07  2.238506E-07  1.433874E-04  1.949801E-04  4.370001E-07  2.003610E-06  2.561429E-06  1.321310E-06
 2.991500E+02  4.326016E-01  3.876419E-04  6.937652E-08  9.179432E-08  1.023090E-07  1.229122E-07  4.929161E-01  1.105291E-03  1.258032E-05  3.858485E-02  2.789418E-05  9.797625E-08  3.424061E-09  1.157238E-02  3.078883E-06  1.091486E-05  1.248691E-06  2.243562E-02  5.713239E-07  2.510298E-07  2.159419E-07  1.412709E-04  1.920974E-04  4.129369E-07  1.885203E-06  2.410898E-06  1.255203E-06
 3.001500E+02  4.328775E-01  3.825375E-04  6.685535E-08  8.848334E-08  9.862484E-08  1.185174E-07  4.930567E-01  1.084332E-03  1.178797E-05  3.874259E-02  2.758079E-05  9.295030E-08  3.354392E-09  1.134097E-02  2.910768E-06  1.034694E-05  1.194549E-06  2.212597E-02  5.462429E-07  2.423860E-07  2.083561E-07  1.391928E-04  1.892672E-04  3.903075E-07  1.774443E-06  2.270042E-06  1.192769E-06
 3.011500E+02  4.331476E-01  3.775361E-04  6.444314E-08  8.531458E-08  9.509869E-08  1.143100E-07  4.931935E-01  1.063916E-03  1.105051E-05  3.889761E-02  2.727019E-05  8.819948E-08  3.286121E-09  1.111580E-02  2.752923E-06  9.812301E-06  1.143119E-06  2.182165E-02  5.223718E-07  2.340873E-07  2.010785E-07  1.371523E-04  1.864886E-04  3.690209E-07  1.670799E-06  2.138189E-06  1.133786E-06
 3.021500E+02  4.334119E-01  3.726352E-04  6.213454E-08  8.228110E-08  9.172287E-08  1.102809E-07  4.933267E-01  1.044027E-03  1.036383E-05  3.904995E-02  2.696242E-05  8.370803E-08  3.219232E-09  1.089665E-02  2.604662E-06  9.308780E-06  1.094252E-06  2.152256E-02  4.996480E-07  2.261185E-07  1.940953E-07  1.351489E-04  1.837606E-04  3.489923E-07  1.573778E-06  2.014720E-06  1.078046E-06
 3.031500E+02  4.336706E-01  3.678323E-04  5.992450E-08  7.937632E-08  8.849009E-08  1.064216E-07  4.934562E-01  1.024646E-03  9.724131E-06  3.919967E-02  2.665753E-05  7.946114E-08  3.153708E-09  1.068333E-02  2.465344E-06  8.834386E-06  1.047802E-06  2.122864E-02  4.780126E-07  2.184650E-07  1.873933E-07  1.331819E-04  1.810824E-04  3.301425E-07  1.482923E-06  1.899060E-06  1.025356E-06
 3.041500E+02  4.339238E-01  3.631251E-04  5.780822E-08  7.659403E-08  8.539345E-08  1.027238E-07  4.935824E-01  1.005760E-03  9.127930E-06  3.934679E-02  2.635559E-05  7.544486E-08  3.089530E-09  1.047566E-02  2.334379E-06  8.387261E-06  1.003637E-06  2.093978E-02  4.574098E-07  2.111131E-07  1.809600E-07  1.312505E-04  1.784530E-04  3.123974E-07  1.397813E-06  1.790676E-06  9.755334E-07
 3.051500E+02  4.341717E-01  3.585112E-04  5.578118E-08  7.392835E-08  8.242641E-08  9.917998E-08  4.937052E-01  9.873525E-04  8.572014E-06  3.949137E-02  2.605661E-05  7.164605E-08  3.026682E-09  1.027346E-02  2.211215E-06  7.965676E-06  9.616300E-07  2.065592E-02  4.377866E-07  2.040494E-07  1.747833E-07  1.293543E-04  1.758716E-04  2.956880E-07  1.318056E-06  1.689075E-06  9.284086E-07
 3.061500E+02  4.344144E-01  3.539883E-04  5.383909E-08  7.137370E-08  7.958279E-08  9.578269E-08  4.938248E-01  9.694089E-04  8.053430E-06  3.963345E-02  2.576065E-05  6.805237E-08  2.965143E-09  1.007656E-02  2.095343E-06  7.568022E-06  9.216633E-07  2.037696E-02  4.190931E-07  1.972614E-07  1.688519E-07  1.274925E-04  1.733374E-04  2.799497E-07  1.243288E-06  1.593798E-06  8.838222E-07
 3.071500E+02  4.346521E-01  3.495543E-04  5.197789E-08  6.892481E-08  7.685673E-08  9.252504E-08  4.939413E-01  9.519152E-04  7.569453E-06  3.977306E-02  2.546773E-05  6.465216E-08  2.904896E-09  9.884780E-03  1.986288E-06  7.192800E-06  8.836256E-07  2.010282E-02  4.012820E-07  1.907371E-07  1.631550E-07  1.256645E-04  1.708493E-04  2.651223E-07  1.173173E-06  1.504421E-06  8.416252E-07
 3.081500E+02  4.348847E-01  3.452070E-04  5.019374E-08  6.657667E-08  7.424268E-08  8.940048E-08  4.940548E-01  9.348578E-04  7.117575E-06  3.991026E-02  2.517788E-05  6.143447E-08  2.845919E-09  9.697968E-03  1.883609E-06  6.838612E-06  8.474122E-07  1.983343E-02  3.843085E-07  1.844652E-07  1.576822E-07  1.238697E-04  1.684067E-04  2.511494E-07  1.107397E-06  1.420548E-06  8.016777E-07
 3.091500E+02  4.351125E-01  3.409442E-04  4.848300E-08  6.432456E-08  7.173539E-08  8.640280E-08  4.941653E-01  9.182234E-04  6.695482E-06  4.004508E-02  2.489113E-05  5.838899E-08  2.788194E-09  9.515969E-03  1.786896E-06  6.504156E-06  8.129250E-07  1.956870E-02  3.681302E-07  1.784347E-07  1.524237E-07  1.221076E-04  1.660086E-04  2.379782E-07  1.045672E-06  1.341813E-06  7.638489E-07
 3.101500E+02  4.353357E-01  3.367641E-04  4.684222E-08  6.216399E-08  6.932987E-08  8.352610E-08  4.942730E-01  9.019993E-04  6.301039E-06  4.017756E-02  2.460749E-05  5.550601E-08  2.731699E-09  9.338632E-03  1.695767E-06  6.188216E-06  7.800715E-07  1.930855E-02  3.527069E-07  1.726353E-07  1.473701E-07  1.203774E-04  1.636542E-04  2.255597E-07  9.877258E-07  1.267875E-06  7.280160E-07
 3.111500E+02  4.355542E-01  3.326646E-04  4.526813E-08  6.009071E-08  6.702141E-08  8.076480E-08  4.943780E-01  8.861733E-04  5.932277E-06  4.030775E-02  2.432698E-05  5.277638E-08  2.676415E-09  9.165813E-03  1.609868E-06  5.889661E-06  7.487646E-07  1.905290E-02  3.380007E-07  1.670570E-07  1.425126E-07  1.186787E-04  1.613427E-04  2.138477E-07  9.333100E-07  1.198420E-06  6.940639E-07
 3.121500E+02  4.357682E-01  3.286438E-04  4.375763E-08  5.810068E-08  6.480551E-08  7.811359E-08  4.944803E-01  8.707334E-04  5.587376E-06  4.043568E-02  2.404960E-05  5.019149E-08  2.622321E-09  8.997374E-03  1.528868E-06  5.607431E-06  7.189226E-07  1.880167E-02  3.239756E-07  1.616904E-07  1.378427E-07  1.170107E-04  1.590733E-04  2.027992E-07  8.821914E-07  1.133152E-06  6.618847E-07
 3.131500E+02  4.359778E-01  3.246998E-04  4.230779E-08  5.619007E-08  6.267794E-08  7.556746E-08  4.945801E-01  8.556683E-04  5.264656E-06  4.056139E-02  2.377538E-05  4.774323E-08  2.569396E-09  8.833179E-03  1.452459E-06  5.340538E-06  6.904681E-07  1.855479E-02  3.105976E-07  1.565266E-07  1.333522E-07  1.153730E-04  1.568452E-04  1.923738E-07  8.341539E-07  1.071798E-06  6.313770E-07
 3.141500E+02  4.361832E-01  3.208308E-04  4.091582E-08  5.435526E-08  6.063466E-08  7.312162E-08  4.946773E-01  8.409668E-04  4.962563E-06  4.068493E-02  2.350432E-05  4.542396E-08  2.517619E-09  8.673101E-03  1.380354E-06  5.088061E-06  6.633286E-07  1.831217E-02  2.978343E-07  1.515570E-07  1.290334E-07  1.137650E-04  1.546576E-04  1.825339E-07  7.889964E-07  1.014104E-06  6.024459E-07
 3.151500E+02  4.363844E-01  3.170351E-04  3.957906E-08  5.259279E-08  5.867184E-08  7.077154E-08  4.947721E-01  8.266182E-04  4.679663E-06  4.080634E-02  2.323642E-05  4.322650E-08  2.466969E-09  8.517013E-03  1.312286E-06  4.849136E-06  6.374357E-07  1.807375E-02  2.856552E-07  1.467734E-07  1.248790E-07  1.121861E-04  1.525097E-04  1.732442E-07  7.465319E-07  9.598337E-07  5.750021E-07
 3.161500E+02  4.365815E-01  3.133110E-04  3.829502E-08  5.089941E-08  5.678584E-08  6.851293E-08  4.948646E-01  8.126123E-04  4.414626E-06  4.092564E-02  2.297167E-05  4.114405E-08  2.417426E-09  8.364796E-03  1.248006E-06  4.622958E-06  6.127247E-07  1.783945E-02  2.740314E-07  1.421679E-07  1.208820E-07  1.106357E-04  1.504008E-04  1.644716E-07  7.065863E-07  9.087665E-07  5.489619E-07
 3.171500E+02  4.367747E-01  3.096567E-04  3.706131E-08  4.927200E-08  5.497323E-08  6.634169E-08  4.949548E-01  7.989391E-04  4.166224E-06  4.104288E-02  2.271009E-05  3.917024E-08  2.368969E-09  8.216333E-03  1.187281E-06  4.408773E-06  5.891349E-07  1.760919E-02  2.629354E-07  1.377332E-07  1.170357E-07  1.091133E-04  1.483301E-04  1.561852E-07  6.689978E-07  8.606975E-07  5.242464E-07
 3.181500E+02  4.369639E-01  3.060707E-04  3.587567E-08  4.770761E-08  5.323072E-08  6.425395E-08  4.950428E-01  7.855889E-04  3.933317E-06  4.115810E-02  2.245166E-05  3.729906E-08  2.321576E-09  8.071512E-03  1.129894E-06  4.205876E-06  5.666089E-07  1.738290E-02  2.523413E-07  1.334621E-07  1.133337E-07  1.076184E-04  1.462969E-04  1.483561E-07  6.336155E-07  8.154357E-07  5.007819E-07
 3.191500E+02  4.371494E-01  3.025513E-04  3.473594E-08  4.620344E-08  5.155520E-08  6.224600E-08  4.951287E-01  7.725524E-04  3.714852E-06  4.127133E-02  2.219637E-05  3.552483E-08  2.275227E-09  7.930224E-03  1.075642E-06  4.013606E-06  5.450925E-07  1.716051E-02  2.422244E-07  1.293479E-07  1.097700E-07  1.061505E-04  1.443004E-04  1.409571E-07  6.002989E-07  7.728032E-07  4.784988E-07
 3.201500E+02  4.373312E-01  2.990971E-04  3.364010E-08  4.475683E-08  4.994370E-08  6.031436E-08  4.952125E-01  7.598205E-04  3.509852E-06  4.138261E-02  2.194422E-05  3.384222E-08  2.229902E-09  7.792365E-03  1.024336E-06  3.831347E-06  5.245346E-07  1.694195E-02  2.325613E-07  1.253839E-07  1.063387E-07  1.047089E-04  1.423400E-04  1.339627E-07  5.689172E-07  7.326342E-07  4.573319E-07
 3.211500E+02  4.375094E-01  2.957065E-04  3.258618E-08  4.336524E-08  4.839342E-08  5.845567E-08  4.952943E-01  7.473847E-04  3.317411E-06  4.149197E-02  2.169520E-05  3.224620E-08  2.185580E-09  7.657834E-03  9.757998E-07  3.658519E-06  5.048869E-07  1.672715E-02  2.233300E-07  1.215642E-07  1.030342E-07  1.032933E-04  1.404149E-04  1.273492E-07  5.393483E-07  6.947740E-07  4.372197E-07
 3.221500E+02  4.376840E-01  2.923781E-04  3.157236E-08  4.202627E-08  4.690168E-08  5.666676E-08  4.953741E-01  7.352364E-04  3.136689E-06  4.159946E-02  2.144930E-05  3.073202E-08  2.142241E-09  7.526532E-03  9.298673E-07  3.494581E-06  4.861040E-07  1.651604E-02  2.145094E-07  1.178827E-07  9.985144E-08  1.019031E-04  1.385244E-04  1.210941E-07  5.114785E-07  6.590785E-07  4.181044E-07
 3.231500E+02  4.378552E-01  2.891105E-04  3.059688E-08  4.073762E-08  4.546593E-08  5.494463E-08  4.954520E-01  7.233676E-04  2.966907E-06  4.170510E-02  2.120649E-05  2.929521E-08  2.099864E-09  7.398366E-03  8.863842E-07  3.339024E-06  4.681428E-07  1.630855E-02  2.060797E-07  1.143339E-07  9.678521E-08  1.005378E-04  1.366680E-04  1.151766E-07  4.852017E-07  6.254130E-07  3.999318E-07
 3.241500E+02  4.380230E-01  2.859022E-04  2.965806E-08  3.949713E-08  4.408376E-08  5.328638E-08  4.955281E-01  7.117703E-04  2.807341E-06  4.180892E-02  2.096676E-05  2.793155E-08  2.058429E-09  7.273245E-03  8.452061E-07  3.191372E-06  4.509625E-07  1.610462E-02  1.980220E-07  1.109122E-07  9.383076E-08  9.919688E-05  1.348448E-04  1.095771E-07  4.604190E-07  5.936521E-07  3.826506E-07
 3.251500E+02  4.381876E-01  2.827520E-04  2.875433E-08  3.830271E-08  4.275286E-08  5.168931E-08  4.956024E-01  7.004369E-04  2.657320E-06  4.191097E-02  2.073010E-05  2.663708E-08  2.017918E-09  7.151080E-03  8.061976E-07  3.051179E-06  4.345248E-07  1.590417E-02  1.903184E-07  1.076127E-07  9.098347E-08  9.787995E-05  1.330543E-04  1.042769E-07  4.370380E-07  5.636785E-07  3.662128E-07
 3.261500E+02  4.383489E-01  2.796585E-04  2.788417E-08  3.715239E-08  4.147104E-08  5.015078E-08  4.956749E-01  6.893601E-04  2.516219E-06  4.201127E-02  2.049649E-05  2.540804E-08  1.978310E-09  7.031785E-03  7.692322E-07  2.918024E-06  4.187934E-07  1.570715E-02  1.829519E-07  1.044303E-07  8.823897E-08  9.658650E-05  1.312958E-04  9.925900E-08  4.149723E-07  5.353828E-07  3.505730E-07
 3.271500E+02  4.385071E-01  2.766205E-04  2.704614E-08  3.604430E-08  4.023620E-08  4.866834E-08  4.957458E-01  6.785327E-04  2.383459E-06  4.210986E-02  2.026591E-05  2.424090E-08  1.939586E-09  6.915280E-03  7.341913E-07  2.791516E-06  4.037337E-07  1.551349E-02  1.759065E-07  1.013603E-07  8.559305E-08  9.531607E-05  1.295686E-04  9.450702E-08  3.941416E-07  5.086626E-07  3.356886E-07
 3.281500E+02  4.386622E-01  2.736367E-04  2.623888E-08  3.497665E-08  3.904637E-08  4.723962E-08  4.958150E-01  6.679479E-04  2.258500E-06  4.220677E-02  2.003833E-05  2.313233E-08  1.901728E-09  6.801484E-03  7.009639E-07  2.671284E-06  3.893134E-07  1.532313E-02  1.691667E-07  9.839834E-08  8.304173E-08  9.406821E-05  1.278722E-04  9.000575E-08  3.744705E-07  4.834225E-07  3.215194E-07
 3.291500E+02  4.388144E-01  2.707059E-04  2.546108E-08  3.394772E-08  3.789965E-08  4.586237E-08  4.958826E-01  6.575989E-04  2.140840E-06  4.230203E-02  1.981373E-05  2.207918E-08  1.864716E-09  6.690321E-03  6.694459E-07  2.556982E-06  3.755016E-07  1.513601E-02  1.627182E-07  9.554000E-08  8.058116E-08  9.284248E-05  1.262060E-04  8.574090E-08  3.558888E-07  4.595731E-07  3.080274E-07
 3.301500E+02  4.389636E-01  2.678270E-04  2.471150E-08  3.295591E-08  3.679423E-08  4.453444E-08  4.959487E-01  6.474792E-04  2.030014E-06  4.239568E-02  1.959208E-05  2.107848E-08  1.828531E-09  6.581715E-03  6.395397E-07  2.448283E-06  3.622692E-07  1.495207E-02  1.565472E-07  9.278119E-08  7.820771E-08  9.163844E-05  1.245693E-04  8.169902E-08  3.383306E-07  4.370308E-07  2.951769E-07
 3.311500E+02  4.391100E-01  2.649987E-04  2.398896E-08  3.199966E-08  3.572839E-08  4.325379E-08  4.960133E-01  6.375828E-04  1.925585E-06  4.248773E-02  1.937338E-05  2.012743E-08  1.793157E-09  6.475595E-03  6.111540E-07  2.344883E-06  3.495886E-07  1.477124E-02  1.506405E-07  9.011799E-08  7.591787E-08  9.045567E-05  1.229616E-04  7.786751E-08  3.217347E-07  4.157176E-07  2.829343E-07
 3.321500E+02  4.392536E-01  2.622200E-04  2.329234E-08  3.107749E-08  3.470049E-08  4.201847E-08  4.960764E-01  6.279033E-04  1.827151E-06  4.257823E-02  1.915758E-05  1.922340E-08  1.758574E-09  6.371892E-03  5.842028E-07  2.246491E-06  3.374336E-07  1.459347E-02  1.449859E-07  8.754665E-08  7.370830E-08  8.929374E-05  1.213823E-04  7.423451E-08  3.060433E-07  3.955603E-07  2.712679E-07
 3.331500E+02  4.393944E-01  2.594898E-04  2.262055E-08  3.018801E-08  3.370898E-08  4.082663E-08  4.961381E-01  6.184351E-04  1.734333E-06  4.266719E-02  1.894466E-05  1.836389E-08  1.724766E-09  6.270537E-03  5.586058E-07  2.152839E-06  3.257795E-07  1.441870E-02  1.395714E-07  8.506355E-08  7.157582E-08  8.815224E-05  1.198308E-04  7.078886E-08  2.912029E-07  3.764906E-07  2.601476E-07
 3.341500E+02  4.395326E-01  2.568070E-04  2.197257E-08  2.932986E-08  3.275236E-08  3.967649E-08  4.961984E-01  6.091724E-04  1.646781E-06  4.275466E-02  1.873459E-05  1.754655E-08  1.691714E-09  6.171466E-03  5.342873E-07  2.063671E-06  3.146029E-07  1.424687E-02  1.343859E-07  8.266526E-08  6.951737E-08  8.703077E-05  1.183066E-04  6.752011E-08  2.771630E-07  3.584443E-07  2.495452E-07
 3.351500E+02  4.396682E-01  2.541706E-04  2.134743E-08  2.850178E-08  3.182920E-08  3.856636E-08  4.962574E-01  6.001098E-04  1.564167E-06  4.284066E-02  1.852736E-05  1.676914E-08  1.659402E-09  6.074616E-03  5.111763E-07  1.978747E-06  3.038815E-07  1.407794E-02  1.294188E-07  8.034848E-08  6.753002E-08  8.592894E-05  1.168091E-04  6.441840E-08  2.638764E-07  3.413615E-07  2.394340E-07
 3.361500E+02  4.398012E-01  2.515796E-04  2.074419E-08  2.770254E-08  3.093815E-08  3.749462E-08  4.963150E-01  5.912418E-04  1.486185E-06  4.292521E-02  1.832292E-05  1.602959E-08  1.627813E-09  5.979926E-03  4.892063E-07  1.897842E-06  2.935942E-07  1.391184E-02  1.246600E-07  7.811006E-08  6.561100E-08  8.484636E-05  1.153378E-04  6.147446E-08  2.512991E-07  3.251859E-07  2.297889E-07
 3.371500E+02  4.399318E-01  2.490329E-04  2.016197E-08  2.693097E-08  3.007792E-08  3.645974E-08  4.963714E-01  5.825633E-04  1.412551E-06  4.300834E-02  1.812125E-05  1.532589E-08  1.596930E-09  5.887336E-03  4.683145E-07  1.820744E-06  2.837209E-07  1.374852E-02  1.200999E-07  7.594698E-08  6.375763E-08  8.378264E-05  1.138922E-04  5.867960E-08  2.393897E-07  3.098650E-07  2.205861E-07
 3.381500E+02  4.400599E-01  2.465298E-04  1.959991E-08  2.618597E-08  2.924726E-08  3.546023E-08  4.964266E-01  5.740693E-04  1.342998E-06  4.309009E-02  1.792233E-05  1.465618E-08  1.566739E-09  5.796789E-03  4.484421E-07  1.747251E-06  2.742428E-07  1.358793E-02  1.157292E-07  7.385635E-08  6.196735E-08  8.273741E-05  1.124718E-04  5.602560E-08  2.281094E-07  2.953492E-07  2.118031E-07
 3.391500E+02  4.401856E-01  2.440692E-04  1.905720E-08  2.546647E-08  2.844500E-08  3.449471E-08  4.964805E-01  5.657550E-04  1.277279E-06  4.317047E-02  1.772611E-05  1.401870E-08  1.537221E-09  5.708230E-03  4.295337E-07  1.677176E-06  2.651417E-07  1.343002E-02  1.115395E-07  7.183540E-08  6.023771E-08  8.171032E-05  1.110761E-04  5.350475E-08  2.174219E-07  2.815925E-07  2.034187E-07
 3.401500E+02  4.403090E-01  2.416501E-04  1.853308E-08  2.477145E-08  2.767001E-08  3.356181E-08  4.965333E-01  5.576157E-04  1.215161E-06  4.324951E-02  1.753258E-05  1.341176E-08  1.508363E-09  5.621606E-03  4.115373E-07  1.610340E-06  2.564006E-07  1.327474E-02  1.075224E-07  6.988149E-08  5.856638E-08  8.070099E-05  1.097045E-04  5.110979E-08  2.072930E-07  2.685512E-07  1.954128E-07
 3.411500E+02  4.404302E-01  2.392718E-04  1.802680E-08  2.409996E-08  2.692121E-08  3.266027E-08  4.965850E-01  5.496468E-04  1.156427E-06  4.332724E-02  1.734170E-05  1.283380E-08  1.480149E-09  5.536864E-03  3.944039E-07  1.546577E-06  2.480033E-07  1.312203E-02  1.036701E-07  6.799206E-08  5.695111E-08  7.970909E-05  1.083567E-04  4.883389E-08  1.976910E-07  2.561847E-07  1.877665E-07
 3.421500E+02  4.405491E-01  2.369334E-04  1.753766E-08  2.345106E-08  2.619758E-08  3.178885E-08  4.966355E-01  5.418438E-04  1.100875E-06  4.340368E-02  1.715344E-05  1.228332E-08  1.452563E-09  5.453954E-03  3.780873E-07  1.485728E-06  2.399342E-07  1.297185E-02  9.997512E-08  6.616470E-08  5.538975E-08  7.873425E-05  1.070321E-04  4.667061E-08  1.885857E-07  2.444548E-07  1.804620E-07
 3.431500E+02  4.406659E-01  2.346340E-04  1.706499E-08  2.282387E-08  2.549812E-08  3.094638E-08  4.966850E-01  5.342026E-04  1.048316E-06  4.347886E-02  1.696777E-05  1.175891E-08  1.425592E-09  5.372827E-03  3.625442E-07  1.427643E-06  2.321789E-07  1.282415E-02  9.643040E-08  6.439706E-08  5.388026E-08  7.777616E-05  1.057303E-04  4.461387E-08  1.799491E-07  2.333255E-07  1.734821E-07
 3.441500E+02  4.407805E-01  2.323728E-04  1.660813E-08  2.221755E-08  2.482190E-08  3.013175E-08  4.967334E-01  5.267189E-04  9.985715E-07  4.355280E-02  1.678466E-05  1.125923E-08  1.399221E-09  5.293436E-03  3.477337E-07  1.372183E-06  2.247233E-07  1.267889E-02  9.302917E-08  6.268691E-08  5.242066E-08  7.683447E-05  1.044508E-04  4.265797E-08  1.717546E-07  2.227631E-07  1.668110E-07
 3.451500E+02  4.408930E-01  2.301489E-04  1.616647E-08  2.163128E-08  2.416803E-08  2.934387E-08  4.967807E-01  5.193887E-04  9.514763E-07  4.362552E-02  1.660408E-05  1.078303E-08  1.373436E-09  5.215735E-03  3.336172E-07  1.319213E-06  2.175541E-07  1.253601E-02  8.976503E-08  6.103212E-08  5.100907E-08  7.590887E-05  1.031932E-04  4.079751E-08  1.639776E-07  2.127361E-07  1.604334E-07
 3.461500E+02  4.410035E-01  2.279618E-04  1.573943E-08  2.106430E-08  2.353563E-08  2.858173E-08  4.968271E-01  5.122081E-04  9.068752E-07  4.369705E-02  1.642600E-05  1.032910E-08  1.348223E-09  5.139680E-03  3.201585E-07  1.268610E-06  2.106589E-07  1.239548E-02  8.663186E-08  5.943063E-08  4.964368E-08  7.499903E-05  1.019570E-04  3.902742E-08  1.565947E-07  2.032145E-07  1.543350E-07
 3.471500E+02  4.411121E-01  2.258104E-04  1.532644E-08  2.051586E-08  2.292388E-08  2.784435E-08  4.968725E-01  5.051733E-04  8.646227E-07  4.376741E-02  1.625039E-05  9.896331E-09  1.323569E-09  5.065228E-03  3.073233E-07  1.220253E-06  2.040257E-07  1.225725E-02  8.362386E-08  5.788046E-08  4.832276E-08  7.410465E-05  1.007419E-04  3.734291E-08  1.495839E-07  1.941706E-07  1.485021E-07
 3.481500E+02  4.412187E-01  2.236942E-04  1.492696E-08  1.998525E-08  2.233201E-08  2.713078E-08  4.969170E-01  4.982807E-04  8.245826E-07  4.383662E-02  1.607721E-05  9.483645E-09  1.299460E-09  4.992337E-03  2.950794E-07  1.174032E-06  1.976430E-07  1.212127E-02  8.073549E-08  5.637974E-08  4.704464E-08  7.322542E-05  9.954737E-05  3.573948E-08  1.429248E-07  1.855779E-07  1.429221E-07
 3.491500E+02  4.413233E-01  2.216124E-04  1.454048E-08  1.947181E-08  2.175925E-08  2.644012E-08  4.969606E-01  4.915267E-04  7.866275E-07  4.390471E-02  1.590643E-05  9.090035E-09  1.275884E-09  4.920966E-03  2.833964E-07  1.129840E-06  1.915000E-07  1.198750E-02  7.796147E-08  5.492665E-08  4.580775E-08  7.236105E-05  9.837306E-05  3.421285E-08  1.365980E-07  1.774118E-07  1.375825E-07
 3.501500E+02  4.414262E-01  2.195643E-04  1.416650E-08  1.897488E-08  2.120489E-08  2.577153E-08  4.970032E-01  4.849077E-04  7.506376E-07  4.397169E-02  1.573803E-05  8.714544E-09  1.252829E-09  4.851078E-03  2.722456E-07  1.087578E-06  1.855865E-07  1.185591E-02  7.529680E-08  5.351946E-08  4.461055E-08  7.151124E-05  9.721855E-05  3.275901E-08  1.305852E-07  1.696489E-07  1.324719E-07
 3.511500E+02  4.415272E-01  2.175492E-04  1.380455E-08  1.849384E-08  2.066824E-08  2.512416E-08  4.970450E-01  4.784205E-04  7.165009E-07  4.403758E-02  1.557197E-05  8.356268E-09  1.230281E-09  4.782632E-03  2.615998E-07  1.047150E-06  1.798925E-07  1.172644E-02  7.273669E-08  5.215649E-08  4.345159E-08  7.067570E-05  9.608345E-05  3.137418E-08  1.248694E-07  1.622675E-07  1.275794E-07
 3.521500E+02  4.416264E-01  2.155664E-04  1.345418E-08  1.802810E-08  2.014863E-08  2.449724E-08  4.970859E-01  4.720617E-04  6.841121E-07  4.410241E-02  1.540823E-05  8.014350E-09  1.208229E-09  4.715593E-03  2.514334E-07  1.008467E-06  1.744088E-07  1.159906E-02  7.027659E-08  5.083616E-08  4.232945E-08  6.985416E-05  9.496740E-05  3.005476E-08  1.194344E-07  1.552469E-07  1.228946E-07
 3.531500E+02  4.417238E-01  2.136153E-04  1.311495E-08  1.757708E-08  1.964543E-08  2.389001E-08  4.971260E-01  4.658283E-04  6.533726E-07  4.416620E-02  1.524676E-05  7.687979E-09  1.186662E-09  4.649925E-03  2.417224E-07  9.714446E-07  1.691264E-07  1.147374E-02  6.791217E-08  4.955692E-08  4.124280E-08  6.904635E-05  9.387000E-05  2.879739E-08  1.142650E-07  1.485677E-07  1.184077E-07
 3.541500E+02  4.418196E-01  2.116952E-04  1.278646E-08  1.714025E-08  1.915803E-08  2.330175E-08  4.971653E-01  4.597171E-04  6.241897E-07  4.422896E-02  1.508755E-05  7.376387E-09  1.165566E-09  4.585593E-03  2.324438E-07  9.360025E-07  1.640369E-07  1.135043E-02  6.563929E-08  4.831730E-08  4.019035E-08  6.825198E-05  9.279090E-05  2.759886E-08  1.093471E-07  1.422117E-07  1.141093E-07
 3.551500E+02  4.419137E-01  2.098055E-04  1.246831E-08  1.671708E-08  1.868586E-08  2.273176E-08  4.972038E-01  4.537251E-04  5.964764E-07  4.429071E-02  1.493055E-05  7.078847E-09  1.144933E-09  4.522563E-03  2.235762E-07  9.020648E-07  1.591322E-07  1.122909E-02  6.345401E-08  4.711589E-08  3.917085E-08  6.747081E-05  9.172973E-05  2.645617E-08  1.046671E-07  1.361617E-07  1.099906E-07
 3.561500E+02  4.420062E-01  2.079456E-04  1.216010E-08  1.630708E-08  1.822835E-08  2.217937E-08  4.972415E-01  4.478495E-04  5.701511E-07  4.435148E-02  1.477574E-05  6.794669E-09  1.124749E-09  4.460803E-03  2.150991E-07  8.695596E-07  1.544046E-07  1.110968E-02  6.135258E-08  4.595132E-08  3.818312E-08  6.670258E-05  9.068615E-05  2.536647E-08  1.002124E-07  1.304013E-07  1.060432E-07
 3.571500E+02  4.420970E-01  2.061150E-04  1.186149E-08  1.590975E-08  1.778498E-08  2.164395E-08  4.972785E-01  4.420874E-04  5.451370E-07  4.441128E-02  1.462310E-05  6.523200E-09  1.105006E-09  4.400281E-03  2.069933E-07  8.384187E-07  1.498467E-07  1.099218E-02  5.933142E-08  4.482230E-08  3.722602E-08  6.594702E-05  8.965982E-05  2.432707E-08  9.597111E-08  1.249155E-07  1.022592E-07
 3.581500E+02  4.421863E-01  2.043129E-04  1.157212E-08  1.552465E-08  1.735523E-08  2.112488E-08  4.973147E-01  4.364361E-04  5.213619E-07  4.447014E-02  1.447258E-05  6.263822E-09  1.085691E-09  4.340966E-03  1.992405E-07  8.085778E-07  1.454515E-07  1.087655E-02  5.738712E-08  4.372758E-08  3.629845E-08  6.520390E-05  8.865038E-05  2.333542E-08  9.193187E-08  1.196897E-07  9.863094E-08
 3.591500E+02  4.422741E-01  2.025389E-04  1.129165E-08  1.515133E-08  1.693861E-08  2.062159E-08  4.973503E-01  4.308928E-04  4.987581E-07  4.452806E-02  1.432416E-05  6.015948E-09  1.066796E-09  4.282829E-03  1.918235E-07  7.799755E-07  1.412123E-07  1.076274E-02  5.551642E-08  4.266594E-08  3.539936E-08  6.447297E-05  8.765753E-05  2.238912E-08  8.808413E-08  1.147104E-07  9.515135E-08
 3.601500E+02  4.423604E-01  2.007924E-04  1.101977E-08  1.478937E-08  1.653465E-08  2.013350E-08  4.973851E-01  4.254552E-04  4.772618E-07  4.458506E-02  1.417781E-05  5.779022E-09  1.048309E-09  4.225839E-03  1.847261E-07  7.525540E-07  1.371229E-07  1.065073E-02  5.371621E-08  4.163624E-08  3.452775E-08  6.375400E-05  8.668093E-05  2.148589E-08  8.441788E-08  1.099647E-07  9.181358E-08
 3.611500E+02  4.424452E-01  1.990729E-04  1.075616E-08  1.443836E-08  1.614289E-08  1.966008E-08  4.974192E-01  4.201205E-04  4.568129E-07  4.464117E-02  1.403350E-05  5.552517E-09  1.030222E-09  4.169970E-03  1.779326E-07  7.262583E-07  1.331770E-07  1.054048E-02  5.198354E-08  4.063735E-08  3.368264E-08  6.304675E-05  8.572027E-05  2.062358E-08  8.092369E-08  1.054406E-07  8.861118E-08
 3.621500E+02  4.425285E-01  1.973797E-04  1.050053E-08  1.409791E-08  1.576291E-08  1.920081E-08  4.974527E-01  4.148865E-04  4.373552E-07  4.469640E-02  1.389120E-05  5.335932E-09  1.012525E-09  4.115194E-03  1.714286E-07  7.010363E-07  1.293689E-07  1.043197E-02  5.031558E-08  3.966823E-08  3.286310E-08  6.235101E-05  8.477524E-05  1.980016E-08  7.759266E-08  1.011267E-07  8.553799E-08
 3.631500E+02  4.426105E-01  1.957125E-04  1.025260E-08  1.376765E-08  1.539429E-08  1.875519E-08  4.974856E-01  4.097506E-04  4.188353E-07  4.475076E-02  1.375089E-05  5.128794E-09  9.952084E-10  4.061483E-03  1.652001E-07  6.768383E-07  1.256931E-07  1.032515E-02  4.870963E-08  3.872782E-08  3.206824E-08  6.166654E-05  8.384553E-05  1.901371E-08  7.441639E-08  9.701218E-08  8.258818E-08
 3.641500E+02  4.426910E-01  1.940708E-04  1.001209E-08  1.344722E-08  1.503663E-08  1.832274E-08  4.975178E-01  4.047106E-04  4.012033E-07  4.480427E-02  1.361253E-05  4.930652E-09  9.782631E-10  4.008813E-03  1.592341E-07  6.536176E-07  1.221442E-07  1.021999E-02  4.716311E-08  3.781516E-08  3.129720E-08  6.099313E-05  8.293086E-05  1.826239E-08  7.138694E-08  9.308685E-08  7.975620E-08
 3.651500E+02  4.427702E-01  1.924539E-04  9.778750E-09  1.313628E-08  1.468954E-08  1.790301E-08  4.975494E-01  3.997643E-04  3.844121E-07  4.485696E-02  1.347609E-05  4.741080E-09  9.616805E-10  3.957159E-03  1.535182E-07  6.313295E-07  1.187172E-07  1.011648E-02  4.567357E-08  3.692930E-08  3.054915E-08  6.033056E-05  8.203092E-05  1.754449E-08  6.849682E-08  8.934113E-08  7.703678E-08
 3.661500E+02  4.428481E-01  1.908614E-04  9.552318E-09  1.283450E-08  1.435266E-08  1.749556E-08  4.975804E-01  3.949095E-04  3.684172E-07  4.490882E-02  1.334155E-05  4.559672E-09  9.454519E-10  3.906495E-03  1.480405E-07  6.099317E-07  1.154073E-07  1.001456E-02  4.423867E-08  3.606931E-08  2.982330E-08  5.967864E-05  8.114545E-05  1.685837E-08  6.573896E-08  8.576594E-08  7.442489E-08
 3.671500E+02  4.429247E-01  1.892930E-04  9.332557E-09  1.254156E-08  1.402564E-08  1.709996E-08  4.976108E-01  3.901441E-04  3.531769E-07  4.495989E-02  1.320888E-05  4.386044E-09  9.295689E-10  3.856798E-03  1.427899E-07  5.893840E-07  1.122098E-07  9.914223E-03  4.285615E-08  3.523432E-08  2.911889E-08  5.903715E-05  8.027416E-05  1.620248E-08  6.310668E-08  8.235269E-08  7.191578E-08
 3.681500E+02  4.430001E-01  1.877480E-04  9.119236E-09  1.225715E-08  1.370813E-08  1.671580E-08  4.976406E-01  3.854659E-04  3.386517E-07  4.501016E-02  1.307805E-05  4.219831E-09  9.140232E-10  3.808046E-03  1.377557E-07  5.696482E-07  1.091204E-07  9.815430E-03  4.152388E-08  3.442349E-08  2.843517E-08  5.840589E-05  7.941677E-05  1.557535E-08  6.059365E-08  7.909328E-08  6.950491E-08
 3.691500E+02  4.430742E-01  1.862261E-04  8.912133E-09  1.198098E-08  1.339980E-08  1.634269E-08  4.976699E-01  3.808730E-04  3.248044E-07  4.505967E-02  1.294904E-05  4.060687E-09  8.988069E-10  3.760215E-03  1.329281E-07  5.506879E-07  1.061348E-07  9.718155E-03  4.023981E-08  3.363600E-08  2.777145E-08  5.778468E-05  7.857303E-05  1.497561E-08  5.819391E-08  7.598005E-08  6.718795E-08
 3.701500E+02  4.431470E-01  1.847268E-04  8.711034E-09  1.171277E-08  1.310035E-08  1.598027E-08  4.976986E-01  3.763635E-04  3.115999E-07  4.510841E-02  1.282182E-05  3.908281E-09  8.839122E-10  3.713284E-03  1.282973E-07  5.324688E-07  1.032490E-07  9.622370E-03  3.900200E-08  3.287108E-08  2.712704E-08  5.717331E-05  7.774267E-05  1.440193E-08  5.590180E-08  7.300573E-08  6.496080E-08
 3.711500E+02  4.432187E-01  1.832498E-04  8.515733E-09  1.145224E-08  1.280948E-08  1.562816E-08  4.977268E-01  3.719354E-04  2.990052E-07  4.515641E-02  1.269636E-05  3.762302E-09  8.693314E-10  3.667233E-03  1.238544E-07  5.149581E-07  1.004591E-07  9.528047E-03  3.780856E-08  3.212797E-08  2.650130E-08  5.657161E-05  7.692544E-05  1.385307E-08  5.371200E-08  7.016347E-08  6.281956E-08
 3.721500E+02  4.432892E-01  1.817945E-04  8.326034E-09  1.119915E-08  1.252689E-08  1.528603E-08  4.977545E-01  3.675869E-04  2.869890E-07  4.520368E-02  1.257263E-05  3.622453E-09  8.550571E-10  3.622039E-03  1.195908E-07  4.981244E-07  9.776145E-08  9.435159E-03  3.665773E-08  3.140595E-08  2.589360E-08  5.597938E-05  7.612108E-05  1.332783E-08  5.161945E-08  6.744679E-08  6.076048E-08
 3.731500E+02  4.433586E-01  1.803605E-04  8.141748E-09  1.095324E-08  1.225230E-08  1.495353E-08  4.977817E-01  3.633161E-04  2.755218E-07  4.525023E-02  1.245061E-05  3.488450E-09  8.410820E-10  3.577684E-03  1.154984E-07  4.819382E-07  9.515254E-08  9.343681E-03  3.554779E-08  3.070432E-08  2.530332E-08  5.539645E-05  7.532936E-05  1.282511E-08  4.961937E-08  6.484953E-08  5.878004E-08
