#         T/K            c1          c2-1          c3-4          c3-5          c3-7          c3-9            m1          m2-1          m3-1            w1            w2          w3-1          w3-2          c1m1        c1m2-1        c1m2-7        c2m1-1        c1w1-2        c1w2-1        c2w1-1        c2w1-9        m1w1-1        m1w1-4        m1w2-1        m2w1-1        m2w1-3      c1m1w1-1
 2.731500E+02  5.272196E-01  9.770164E-04  4.793682E-07  6.291824E-07  7.000154E-07  8.346813E-07  4.840897E-02  2.093438E-05  9.771331E-08  1.782076E-01  1.157530E-03  7.647204E-05  1.072984E-06  2.836329E-03  2.331504E-07  7.650404E-07  8.476365E-07  2.406861E-01  8.592500E-05  6.844500E-06  6.010196E-06  1.237929E-04  1.685156E-04  6.846989E-06  6.734449E-07  8.529269E-07  4.295135E-06
 2.741500E+02  5.287966E-01  9.638282E-04  4.596541E-07  6.035114E-07  6.715045E-07  8.009380E-07  4.844529E-02  2.043563E-05  9.015026E-08  1.797550E-01  1.148481E-03  7.236417E-05  1.054804E-06  2.769899E-03  2.177547E-07  7.168366E-07  8.042656E-07  2.376287E-01  8.190611E-05  6.589440E-06  5.781234E-06  1.218908E-04  1.659157E-04  6.428047E-06  6.268782E-07  7.942658E-07  4.050369E-06
 2.751500E+02  5.303538E-01  9.509026E-04  4.408872E-07  5.790656E-07  6.443524E-07  7.687929E-07  4.848053E-02  1.995220E-05  8.322180E-08  1.812836E-01  1.139336E-03  6.848363E-05  1.036761E-06  2.705481E-03  2.034784E-07  6.719941E-07  7.634124E-07  2.346081E-01  7.808715E-05  6.345062E-06  5.562063E-06  1.200189E-04  1.633577E-04  6.036295E-06  5.837785E-07  7.399506E-07  3.820820E-06
 2.761500E+02  5.318914E-01  9.382327E-04  4.230161E-07  5.557789E-07  6.184856E-07  7.381600E-07  4.851473E-02  1.948357E-05  7.687093E-08  1.827936E-01  1.130104E-03  6.481781E-05  1.018866E-06  2.643001E-03  1.902334E-07  6.302584E-07  7.249152E-07  2.316243E-01  7.445784E-05  6.110882E-06  5.352226E-06  1.181772E-04  1.608413E-04  5.669892E-06  5.438713E-07  6.896391E-07  3.605474E-06
 2.771500E+02  5.334092E-01  9.258121E-04  4.059922E-07  5.335888E-07  5.938352E-07  7.089585E-07  4.854792E-02  1.902921E-05  7.104608E-08  1.842848E-01  1.120796E-03  6.135479E-05  1.001131E-06  2.582393E-03  1.779388E-07  5.913953E-07  6.886236E-07  2.286773E-01  7.100840E-05  5.886435E-06  5.151292E-06  1.163652E-04  1.583662E-04  5.327122E-06  5.069053E-07  6.430173E-07  3.403387E-06
 2.781500E+02  5.349075E-01  9.136343E-04  3.897702E-07  5.124369E-07  5.703363E-07  6.811127E-07  4.858014E-02  1.858861E-05  6.570056E-08  1.857573E-01  1.111418E-03  5.808328E-05  9.835634E-07  2.523589E-03  1.665208E-07  5.551897E-07  6.543975E-07  2.257670E-01  6.772958E-05  5.671282E-06  4.958849E-06  1.145830E-04  1.559319E-04  5.006391E-06  4.726497E-07  5.997972E-07  3.213684E-06
 2.791500E+02  5.363862E-01  9.016932E-04  3.743072E-07  4.922680E-07  5.479278E-07  6.545510E-07  4.861142E-02  1.816131E-05  6.079208E-08  1.872111E-01  1.101981E-03  5.499260E-05  9.661736E-07  2.466526E-03  1.559115E-07  5.214439E-07  6.221068E-07  2.228936E-01  6.461261E-05  5.465003E-06  4.774507E-06  1.128301E-04  1.535382E-04  4.706216E-06  4.408931E-07  5.597146E-07  3.035549E-06
 2.801500E+02  5.378454E-01  8.899828E-04  3.595629E-07  4.730303E-07  5.265525E-07  6.292063E-07  4.864180E-02  1.774683E-05  5.628231E-08  1.886463E-01  1.092493E-03  5.207265E-05  9.489694E-07  2.411144E-03  1.460489E-07  4.899757E-07  5.916299E-07  2.200568E-01  6.164918E-05  5.267201E-06  4.597895E-06  1.111062E-04  1.511846E-04  4.425217E-06  4.114412E-07  5.225268E-07  2.868225E-06
 2.811500E+02  5.392852E-01  8.784975E-04  3.454996E-07  4.546751E-07  5.061562E-07  6.050152E-07  4.867131E-02  1.734472E-05  5.213650E-08  1.900630E-01  1.082962E-03  4.931390E-05  9.319581E-07  2.357384E-03  1.368757E-07  4.606178E-07  5.628541E-07  2.172566E-01  5.883140E-05  5.077495E-06  4.428658E-06  1.094112E-04  1.488707E-04  4.162108E-06  3.841158E-07  4.880109E-07  2.711006E-06
 2.821500E+02  5.407057E-01  8.672317E-04  3.320815E-07  4.371565E-07  4.866882E-07  5.819181E-07  4.869998E-02  1.695457E-05  4.832310E-08  1.914611E-01  1.073394E-03  4.670732E-05  9.151463E-07  2.305190E-03  1.283398E-07  4.332158E-07  5.356738E-07  2.144929E-01  5.615181E-05  4.895523E-06  4.266462E-06  1.077447E-04  1.465960E-04  3.915694E-06  3.587531E-07  4.559621E-07  2.563235E-06
 2.831500E+02  5.421070E-01  8.561801E-04  3.192751E-07  4.204311E-07  4.681003E-07  5.598588E-07  4.872783E-02  1.657595E-05  4.481349E-08  1.928409E-01  1.063798E-03  4.424439E-05  8.985401E-07  2.254508E-03  1.203928E-07  4.076275E-07  5.099909E-07  2.117655E-01  5.360333E-05  4.720943E-06  4.110986E-06  1.061063E-04  1.443602E-04  3.684863E-06  3.352028E-07  4.261922E-07  2.424301E-06
 2.841500E+02  5.434892E-01  8.453374E-04  3.070487E-07  4.044583E-07  4.503476E-07  5.387845E-07  4.875489E-02  1.620847E-05  4.158164E-08  1.942022E-01  1.054181E-03  4.191704E-05  8.821447E-07  2.205286E-03  1.129908E-07  3.837219E-07  4.857137E-07  2.090743E-01  5.117925E-05  4.553425E-06  3.961927E-06  1.044958E-04  1.421626E-04  3.468578E-06  3.133266E-07  3.985281E-07  2.293636E-06
 2.851500E+02  5.448524E-01  8.346986E-04  2.953727E-07  3.891997E-07  4.333874E-07  5.186450E-07  4.878119E-02  1.585175E-05  3.860393E-08  1.955454E-01  1.044550E-03  3.971769E-05  8.659649E-07  2.157475E-03  1.060929E-07  3.613783E-07  4.627568E-07  2.064192E-01  4.887320E-05  4.392658E-06  3.818995E-06  1.029129E-04  1.400030E-04  3.265875E-06  2.929974E-07  3.728108E-07  2.170708E-06
 2.861500E+02  5.461968E-01  8.242589E-04  2.842188E-07  3.746189E-07  4.171795E-07  4.993934E-07  4.880676E-02  1.550541E-05  3.585885E-08  1.968703E-01  1.034910E-03  3.763913E-05  8.500047E-07  2.111026E-03  9.966192E-08  3.404851E-07  4.410403E-07  2.037999E-01  4.667917E-05  4.238344E-06  3.681915E-06  1.013571E-04  1.378807E-04  3.075856E-06  2.740982E-07  3.488937E-07  2.055025E-06
 2.871500E+02  5.475224E-01  8.140136E-04  2.735607E-07  3.606817E-07  4.016861E-07  4.809851E-07  4.883162E-02  1.516911E-05  3.332684E-08  1.981773E-01  1.025267E-03  3.567459E-05  8.342678E-07  2.065893E-03  9.366333E-08  3.209394E-07  4.204898E-07  2.012162E-01  4.459144E-05  4.090200E-06  3.550424E-06  9.982817E-05  1.357954E-04  2.897684E-06  2.565215E-07  3.266421E-07  1.946124E-06
 2.881500E+02  5.488295E-01  8.039580E-04  2.633732E-07  3.473560E-07  3.868714E-07  4.633782E-07  4.885579E-02  1.484249E-05  3.099009E-08  1.994663E-01  1.015629E-03  3.381767E-05  8.187572E-07  2.022032E-03  8.806548E-08  3.026462E-07  4.010355E-07  1.986679E-01  4.260461E-05  3.947955E-06  3.424274E-06  9.832571E-05  1.337464E-04  2.730580E-06  2.401684E-07  3.059318E-07  1.843577E-06
 2.891500E+02  5.501182E-01  7.940879E-04  2.536329E-07  3.346113E-07  3.727016E-07  4.465330E-07  4.887930E-02  1.452524E-05  2.883238E-08  2.007375E-01  1.006000E-03  3.206231E-05  8.034754E-07  1.979401E-03  8.283919E-08  2.855177E-07  3.826124E-07  1.961547E-01  4.071354E-05  3.811354E-06  3.303227E-06  9.684939E-05  1.317333E-04  2.573819E-06  2.249475E-07  2.866485E-07  1.746984E-06
 2.901500E+02  5.513886E-01  7.843988E-04  2.443174E-07  3.224187E-07  3.591448E-07  4.304120E-07  4.890217E-02  1.421703E-05  2.683893E-08  2.019910E-01  9.963850E-04  3.040282E-05  7.884246E-07  1.937958E-03  7.795757E-08  2.694726E-07  3.651596E-07  1.936765E-01  3.891337E-05  3.680149E-06  3.187057E-06  9.539882E-05  1.297556E-04  2.426725E-06  2.107750E-07  2.686869E-07  1.655971E-06
 2.911500E+02  5.526408E-01  7.748867E-04  2.354057E-07  3.107512E-07  3.461709E-07  4.149799E-07  4.892441E-02  1.391757E-05  2.499624E-08  2.032270E-01  9.867899E-04  2.883381E-05  7.736064E-07  1.897665E-03  7.339582E-08  2.544360E-07  3.486202E-07  1.912329E-01  3.719949E-05  3.554107E-06  3.075547E-06  9.397365E-05  1.278128E-04  2.288667E-06  1.975736E-07  2.519499E-07  1.570189E-06
 2.921500E+02  5.538751E-01  7.655474E-04  2.268779E-07  2.995829E-07  3.337514E-07  4.002031E-07  4.894606E-02  1.362656E-05  2.329203E-08  2.044456E-01  9.772191E-04  2.735019E-05  7.590221E-07  1.858482E-03  6.913107E-08  2.403384E-07  3.329408E-07  1.888237E-01  3.556755E-05  3.433005E-06  2.968494E-06  9.257350E-05  1.259043E-04  2.159058E-06  1.852718E-07  2.363479E-07  1.489313E-06
 2.931500E+02  5.550917E-01  7.563771E-04  2.187153E-07  2.888897E-07  3.218594E-07  3.860500E-07  4.896712E-02  1.334371E-05  2.171506E-08  2.056470E-01  9.676771E-04  2.594718E-05  7.446724E-07  1.820375E-03  6.514218E-08  2.271155E-07  3.180717E-07  1.864486E-01  3.401340E-05  3.316631E-06  2.865701E-06  9.119801E-05  1.240296E-04  2.037351E-06  1.738039E-07  2.217984E-07  1.413040E-06
 2.941500E+02  5.562906E-01  7.473719E-04  2.109000E-07  2.786485E-07  3.104693E-07  3.724906E-07  4.898762E-02  1.306875E-05  2.025506E-08  2.068313E-01  9.581681E-04  2.462024E-05  7.305580E-07  1.783306E-03  6.140968E-08  2.147077E-07  3.039661E-07  1.841073E-01  3.253312E-05  3.204781E-06  2.766982E-06  8.984680E-05  1.221883E-04  1.923036E-06  1.631093E-07  2.082252E-07  1.341086E-06
 2.951500E+02  5.574720E-01  7.385282E-04  2.034153E-07  2.688377E-07  2.995571E-07  3.594966E-07  4.900758E-02  1.280143E-05  1.890268E-08  2.079986E-01  9.486963E-04  2.336512E-05  7.166788E-07  1.747244E-03  5.791555E-08  2.030600E-07  2.905802E-07  1.817995E-01  3.112299E-05  3.097262E-06  2.672159E-06  8.851949E-05  1.203797E-04  1.815636E-06  1.531320E-07  1.955578E-07  1.273185E-06
 2.961500E+02  5.586362E-01  7.298424E-04  1.962452E-07  2.594366E-07  2.891001E-07  3.470411E-07  4.902700E-02  1.254150E-05  1.764933E-08  2.091491E-01  9.392654E-04  2.217779E-05  7.030349E-07  1.712154E-03  5.464314E-08  1.921213E-07  2.778731E-07  1.795249E-01  2.977949E-05  2.993889E-06  2.581064E-06  8.721573E-05  1.186033E-04  1.714709E-06  1.438202E-07  1.837314E-07  1.209091E-06
 2.971500E+02  5.597834E-01  7.213109E-04  1.893748E-07  2.504257E-07  2.790764E-07  3.350987E-07  4.904592E-02  1.228870E-05  1.648718E-08  2.102831E-01  9.298790E-04  2.105446E-05  6.896256E-07  1.678007E-03  5.157706E-08  1.818441E-07  2.658063E-07  1.772831E-01  2.849929E-05  2.894487E-06  2.493534E-06  8.593512E-05  1.168587E-04  1.619839E-06  1.351264E-07  1.726859E-07  1.148571E-06
 2.981500E+02  5.609136E-01  7.129304E-04  1.827898E-07  2.417867E-07  2.694658E-07  3.236454E-07  4.906435E-02  1.204280E-05  1.540905E-08  2.114006E-01  9.205405E-04  1.999154E-05  6.764504E-07  1.644770E-03  4.870307E-08  1.721844E-07  2.543437E-07  1.750738E-01  2.727920E-05  2.798887E-06  2.409417E-06  8.467729E-05  1.151453E-04  1.530640E-06  1.270064E-07  1.623658E-07  1.091410E-06
 2.991500E+02  5.620271E-01  7.046976E-04  1.764767E-07  2.335021E-07  2.602489E-07  3.126583E-07  4.908229E-02  1.180359E-05  1.440836E-08  2.125018E-01  9.112529E-04  1.898565E-05  6.635081E-07  1.612416E-03  4.600800E-08  1.631016E-07  2.434516E-07  1.728967E-01  2.611624E-05  2.706929E-06  2.328565E-06  8.344188E-05  1.134626E-04  1.446753E-06  1.194194E-07  1.527199E-07  1.037405E-06
 3.001500E+02  5.631241E-01  6.966093E-04  1.704227E-07  2.255552E-07  2.514072E-07  3.021157E-07  4.909977E-02  1.157083E-05  1.347910E-08  2.135869E-01  9.020194E-04  1.803362E-05  6.507977E-07  1.580917E-03  4.347965E-08  1.545577E-07  2.330981E-07  1.707515E-01  2.500755E-05  2.618459E-06  2.250839E-06  8.222852E-05  1.118101E-04  1.367841E-06  1.123279E-07  1.437008E-07  9.863663E-07
 3.011500E+02  5.642048E-01  6.886622E-04  1.646158E-07  2.179305E-07  2.429233E-07  2.919973E-07  4.911680E-02  1.134434E-05  1.261574E-08  2.146561E-01  8.928426E-04  1.713244E-05  6.383176E-07  1.550245E-03  4.110670E-08  1.465175E-07  2.232535E-07  1.686377E-01  2.395044E-05  2.533332E-06  2.176105E-06  8.103683E-05  1.101873E-04  1.293590E-06  1.056969E-07  1.352646E-07  9.381173E-07
 3.021500E+02  5.652693E-01  6.808535E-04  1.590443E-07  2.106130E-07  2.347809E-07  2.822834E-07  4.913340E-02  1.112389E-05  1.181322E-08  2.157096E-01  8.837251E-04  1.627928E-05  6.260662E-07  1.520374E-03  3.887870E-08  1.389483E-07  2.138897E-07  1.665552E-01  2.294234E-05  2.451407E-06  2.104236E-06  7.986644E-05  1.085936E-04  1.223706E-06  9.949427E-08  1.273707E-07  8.924921E-07
 3.031500E+02  5.663179E-01  6.731801E-04  1.536975E-07  2.035886E-07  2.269641E-07  2.729557E-07  4.914957E-02  1.090930E-05  1.106689E-08  2.167474E-01  8.746695E-04  1.547146E-05  6.140416E-07  1.491279E-03  3.678592E-08  1.318197E-07  2.049805E-07  1.645034E-01  2.198085E-05  2.372552E-06  2.035110E-06  7.871700E-05  1.070286E-04  1.157917E-06  9.369019E-08  1.199814E-07  8.493354E-07
 3.041500E+02  5.673507E-01  6.656392E-04  1.485651E-07  1.968439E-07  2.194581E-07  2.639966E-07  4.916534E-02  1.070039E-05  1.037249E-08  2.177699E-01  8.656778E-04  1.470646E-05  6.022420E-07  1.462936E-03  3.481937E-08  1.251036E-07  1.965011E-07  1.624820E-01  2.106364E-05  2.296639E-06  1.968612E-06  7.758814E-05  1.054917E-04  1.095965E-06  8.825703E-08  1.130621E-07  8.085018E-07
 3.051500E+02  5.683680E-01  6.582279E-04  1.436371E-07  1.903663E-07  2.122489E-07  2.553895E-07  4.918071E-02  1.049696E-05  9.726102E-09  2.187772E-01  8.567522E-04  1.398192E-05  5.906651E-07  1.435322E-03  3.297068E-08  1.187735E-07  1.884282E-07  1.604907E-01  2.018855E-05  2.223546E-06  1.904631E-06  7.647951E-05  1.039825E-04  1.037613E-06  8.316923E-08  1.065805E-07  7.698551E-07
 3.061500E+02  5.693700E-01  6.509435E-04  1.389044E-07  1.841436E-07  2.053230E-07  2.471186E-07  4.919569E-02  1.029886E-05  9.124116E-09  2.197695E-01  8.478946E-04  1.329559E-05  5.793088E-07  1.408414E-03  3.123210E-08  1.128050E-07  1.807401E-07  1.585291E-01  1.935350E-05  2.153158E-06  1.843061E-06  7.539074E-05  1.025004E-04  9.826366E-07  7.840310E-08  1.005066E-07  7.332676E-07
 3.071500E+02  5.703568E-01  6.437834E-04  1.343582E-07  1.781644E-07  1.986677E-07  2.391689E-07  4.921030E-02  1.010590E-05  8.563224E-09  2.207470E-01  8.391067E-04  1.264536E-05  5.681704E-07  1.382191E-03  2.959642E-08  1.071754E-07  1.734161E-07  1.565969E-01  1.855653E-05  2.085362E-06  1.783802E-06  7.432149E-05  1.010451E-04  9.308275E-07  7.393667E-08  9.481285E-08  6.986197E-07
 3.081500E+02  5.713286E-01  6.367449E-04  1.299899E-07  1.724178E-07  1.922710E-07  2.315261E-07  4.922455E-02  9.917933E-06  8.040381E-09  2.217098E-01  8.303903E-04  1.202923E-05  5.572477E-07  1.356630E-03  2.805695E-08  1.018633E-07  1.664369E-07  1.546936E-01  1.779578E-05  2.020054E-06  1.726757E-06  7.327140E-05  9.961589E-05  8.819908E-07  6.974961E-08  8.947342E-08  6.657992E-07
 3.091500E+02  5.722857E-01  6.298256E-04  1.257917E-07  1.668935E-07  1.861213E-07  2.241767E-07  4.923845E-02  9.734798E-06  7.552781E-09  2.226582E-01  8.217468E-04  1.144533E-05  5.465379E-07  1.331713E-03  2.660746E-08  9.684900E-08  1.597842E-07  1.528189E-01  1.706949E-05  1.957132E-06  1.671834E-06  7.224014E-05  9.821244E-05  8.359439E-07  6.582301E-08  8.446452E-08  6.347009E-07
 3.101500E+02  5.732282E-01  6.230229E-04  1.217561E-07  1.615816E-07  1.802078E-07  2.171077E-07  4.925201E-02  9.556345E-06  7.097843E-09  2.235923E-01  8.131775E-04  1.089188E-05  5.360383E-07  1.307420E-03  2.524217E-08  9.211408E-08  1.534409E-07  1.509725E-01  1.637597E-05  1.896499E-06  1.618947E-06  7.122736E-05  9.683425E-05  7.925163E-07  6.213937E-08  7.976402E-08  6.052261E-07
 3.111500E+02  5.741564E-01  6.163345E-04  1.178757E-07  1.564729E-07  1.745201E-07  2.103071E-07  4.926523E-02  9.382430E-06  6.673188E-09  2.245123E-01  8.046837E-04  1.036722E-05  5.257461E-07  1.283732E-03  2.395570E-08  8.764131E-08  1.473908E-07  1.491539E-01  1.571363E-05  1.838061E-06  1.568010E-06  7.023272E-05  9.548084E-05  7.515485E-07  5.868243E-08  7.535137E-08  5.772823E-07
 3.121500E+02  5.750704E-01  6.097580E-04  1.141439E-07  1.515584E-07  1.690483E-07  2.037630E-07  4.927814E-02  9.212913E-06  6.276624E-09  2.254184E-01  7.962665E-04  9.869758E-06  5.156586E-07  1.260630E-03  2.274303E-08  8.341464E-08  1.416187E-07  1.473627E-01  1.508098E-05  1.781732E-06  1.518944E-06  6.925590E-05  9.415176E-05  7.128911E-07  5.543709E-08  7.120749E-08  5.507825E-07
 3.131500E+02  5.759704E-01  6.032911E-04  1.105540E-07  1.468296E-07  1.637830E-07  1.974645E-07  4.929073E-02  9.047658E-06  5.906128E-09  2.263108E-01  7.879269E-04  9.398015E-06  5.057727E-07  1.238098E-03  2.159951E-08  7.941910E-08  1.361102E-07  1.455987E-01  1.447657E-05  1.727425E-06  1.471672E-06  6.829656E-05  9.284655E-05  6.764045E-07  5.238933E-08  6.731465E-08  5.256450E-07
 3.141500E+02  5.768567E-01  5.969316E-04  1.071000E-07  1.422786E-07  1.587154E-07  1.914008E-07  4.930303E-02  8.886537E-06  5.559835E-09  2.271898E-01  7.796658E-04  8.950587E-06  4.960855E-07  1.216117E-03  2.052078E-08  7.564070E-08  1.308517E-07  1.438615E-01  1.389905E-05  1.675060E-06  1.426121E-06  6.735439E-05  9.156478E-05  6.419579E-07  4.952613E-08  6.365638E-08  5.017933E-07
 3.151500E+02  5.777294E-01  5.906774E-04  1.037758E-07  1.378977E-07  1.538369E-07  1.855621E-07  4.931502E-02  8.729423E-06  5.236025E-09  2.280553E-01  7.714840E-04  8.526150E-06  4.865939E-07  1.194673E-03  1.950280E-08  7.206637E-08  1.258305E-07  1.421506E-01  1.334712E-05  1.624559E-06  1.382221E-06  6.642905E-05  9.030600E-05  6.094288E-07  4.683538E-08  6.021736E-08  4.791554E-07
 3.161500E+02  5.785887E-01  5.845262E-04  1.005760E-07  1.336795E-07  1.491394E-07  1.799388E-07  4.932674E-02  8.576195E-06  4.933105E-09  2.289078E-01  7.633821E-04  8.123453E-06  4.772950E-07  1.173749E-03  1.854179E-08  6.868391E-08  1.210345E-07  1.404657E-01  1.281957E-05  1.575848E-06  1.339906E-06  6.552025E-05  8.906978E-05  5.787027E-07  4.430582E-08  5.698333E-08  4.576635E-07
 3.171500E+02  5.794348E-01  5.784761E-04  9.749527E-08  1.296173E-07  1.446152E-07  1.745217E-07  4.933818E-02  8.426735E-06  4.649609E-09  2.297473E-01  7.553608E-04  7.741320E-06  4.681857E-07  1.153329E-03  1.763425E-08  6.548189E-08  1.164523E-07  1.388065E-01  1.231523E-05  1.528857E-06  1.299112E-06  6.462766E-05  8.785569E-05  5.496722E-07  4.192698E-08  5.394105E-08  4.372542E-07
 3.181500E+02  5.802680E-01  5.725250E-04  9.452843E-08  1.257043E-07  1.402571E-07  1.693021E-07  4.934934E-02  8.280932E-06  4.384178E-09  2.305740E-01  7.474205E-04  7.378638E-06  4.592628E-07  1.133400E-03  1.677688E-08  6.244966E-08  1.120731E-07  1.371725E-01  1.183300E-05  1.483517E-06  1.259777E-06  6.375098E-05  8.666332E-05  5.222367E-07  3.968911E-08  5.107817E-08  4.178675E-07
 3.191500E+02  5.810883E-01  5.666709E-04  9.167070E-08  1.219343E-07  1.360579E-07  1.642718E-07  4.936025E-02  8.138676E-06  4.135557E-09  2.313881E-01  7.395617E-04  7.034356E-06  4.505232E-07  1.113946E-03  1.596663E-08  5.957722E-08  1.078869E-07  1.355634E-01  1.137182E-05  1.439763E-06  1.221843E-06  6.288992E-05  8.549224E-05  4.963019E-07  3.758316E-08  4.838321E-08  3.994474E-07
 3.201500E+02  5.818961E-01  5.609119E-04  8.891748E-08  1.183012E-07  1.320112E-07  1.594229E-07  4.937090E-02  7.999862E-06  3.902584E-09  2.321898E-01  7.317846E-04  6.707486E-06  4.419638E-07  1.094955E-03  1.520063E-08  5.685523E-08  1.038840E-07  1.339789E-01  1.093070E-05  1.397533E-06  1.185254E-06  6.204417E-05  8.434206E-05  4.717794E-07  3.560068E-08  4.584547E-08  3.819410E-07
 3.211500E+02  5.826914E-01  5.552461E-04  8.626437E-08  1.147994E-07  1.281104E-07  1.547478E-07  4.938131E-02  7.864388E-06  3.684184E-09  2.329793E-01  7.240897E-04  6.397092E-06  4.335815E-07  1.076412E-03  1.447621E-08  5.427495E-08  1.000553E-07  1.324185E-01  1.050870E-05  1.356768E-06  1.149957E-06  6.121344E-05  8.321236E-05  4.485865E-07  3.373381E-08  4.345499E-08  3.652984E-07
 3.221500E+02  5.834745E-01  5.496717E-04  8.370721E-08  1.114235E-07  1.243495E-07  1.502395E-07  4.939148E-02  7.732155E-06  3.479363E-09  2.337568E-01  7.164769E-04  6.102291E-06  4.253731E-07  1.058305E-03  1.379087E-08  5.182818E-08  9.639234E-08  1.308820E-01  1.010492E-05  1.317411E-06  1.115900E-06  6.039745E-05  8.210277E-05  4.266454E-07  3.197522E-08  4.120247E-08  3.494728E-07
 3.231500E+02  5.842456E-01  5.441869E-04  8.124200E-08  1.081681E-07  1.207229E-07  1.458911E-07  4.940141E-02  7.603070E-06  3.287199E-09  2.345224E-01  7.089465E-04  5.822250E-06  4.173356E-07  1.040622E-03  1.314230E-08  4.950725E-08  9.288695E-08  1.293689E-01  9.718502E-06  1.279407E-06  1.083036E-06  5.959592E-05  8.101288E-05  4.058834E-07  3.031809E-08  3.907927E-08  3.344202E-07
 3.241500E+02  5.850048E-01  5.387899E-04  7.886495E-08  1.050284E-07  1.172249E-07  1.416960E-07  4.941112E-02  7.477039E-06  3.106836E-09  2.352763E-01  7.014985E-04  5.556184E-06  4.094657E-07  1.023350E-03  1.252829E-08  4.730496E-08  8.953147E-08  1.278789E-01  9.348637E-06  1.242704E-06  1.051316E-06  5.880857E-05  7.994233E-05  3.862321E-07  2.875605E-08  3.707729E-08  3.200990E-07
 3.251500E+02  5.857523E-01  5.334790E-04  7.657244E-08  1.019997E-07  1.138504E-07  1.376480E-07  4.942061E-02  7.353975E-06  2.937483E-09  2.360187E-01  6.941329E-04  5.303349E-06  4.017604E-07  1.006477E-03  1.194682E-08  4.521457E-08  8.631865E-08  1.264118E-01  8.994554E-06  1.207251E-06  1.020696E-06  5.803512E-05  7.889073E-05  3.676274E-07  2.728316E-08  3.518901E-08  3.064702E-07
 3.261500E+02  5.864883E-01  5.282525E-04  7.436100E-08  9.907734E-08  1.105942E-07  1.337412E-07  4.942988E-02  7.233792E-06  2.778405E-09  2.367498E-01  6.868496E-04  5.063044E-06  3.942166E-07  9.899934E-04  1.139597E-08  4.322976E-08  8.324162E-08  1.249670E-01  8.655521E-06  1.173001E-06  9.911338E-07  5.727530E-05  7.785773E-05  3.500090E-07  2.589389E-08  3.340739E-08  2.934969E-07
 3.271500E+02  5.872131E-01  5.231089E-04  7.222734E-08  9.625714E-08  1.074517E-07  1.299699E-07  4.943895E-02  7.116407E-06  2.628920E-09  2.374697E-01  6.796486E-04  4.834606E-06  3.868312E-07  9.738871E-04  1.087396E-08  4.134459E-08  8.029389E-08  1.235443E-01  8.330841E-06  1.139908E-06  9.625874E-07  5.652887E-05  7.684295E-05  3.333206E-07  2.458307E-08  3.172589E-08  2.811444E-07
 3.281500E+02  5.879266E-01  5.180464E-04  7.016831E-08  9.353496E-08  1.044183E-07  1.263287E-07  4.944781E-02  7.001740E-06  2.488396E-09  2.381786E-01  6.725295E-04  4.617411E-06  3.796012E-07  9.581479E-04  1.037912E-08  3.955350E-08  7.746931E-08  1.221433E-01  8.019852E-06  1.107928E-06  9.350179E-07  5.579555E-05  7.584604E-05  3.175091E-07  2.334588E-08  3.013835E-08  2.693799E-07
 3.291500E+02  5.886292E-01  5.130636E-04  6.818091E-08  9.090686E-08  1.014895E-07  1.228125E-07  4.945648E-02  6.889713E-06  2.356244E-09  2.388768E-01  6.654922E-04  4.410866E-06  3.725235E-07  9.427656E-04  9.909872E-09  3.785125E-08  7.476203E-08  1.207638E-01  7.721925E-06  1.077018E-06  9.083876E-07  5.507509E-05  7.486666E-05  3.025246E-07  2.217781E-08  2.863907E-08  2.581727E-07
 3.301500E+02  5.893211E-01  5.081589E-04  6.626226E-08  8.836910E-08  9.866129E-08  1.194162E-07  4.946495E-02  6.780253E-06  2.231918E-09  2.395642E-01  6.585365E-04  4.214414E-06  3.655952E-07  9.277303E-04  9.464755E-09  3.623294E-08  7.216654E-08  1.194053E-01  7.436461E-06  1.047138E-06  8.826604E-07  5.436724E-05  7.390447E-05  2.883203E-07  2.107464E-08  2.722268E-08  2.474935E-07
 3.311500E+02  5.900023E-01  5.033309E-04  6.440963E-08  8.591809E-08  9.592962E-08  1.161351E-07  4.947324E-02  6.673286E-06  2.114911E-09  2.402412E-01  6.516619E-04  4.027528E-06  3.588132E-07  9.130324E-04  9.042390E-09  3.469395E-08  6.967760E-08  1.180675E-01  7.162892E-06  1.018250E-06  8.578017E-07  5.367177E-05  7.295912E-05  2.748524E-07  2.003245E-08  2.588419E-08  2.373150E-07
 3.321500E+02  5.906730E-01  4.985779E-04  6.262038E-08  8.355042E-08  9.329069E-08  1.129647E-07  4.948135E-02  6.568742E-06  2.004750E-09  2.409079E-01  6.448683E-04  3.849708E-06  3.521747E-07  8.986627E-04  8.641487E-09  3.322994E-08  6.729024E-08  1.167501E-01  6.900675E-06  9.903160E-07  8.337784E-07  5.298842E-05  7.203030E-05  2.620793E-07  1.904756E-08  2.461893E-08  2.276112E-07
 3.331500E+02  5.913335E-01  4.938987E-04  6.089203E-08  8.126281E-08  9.074088E-08  1.099008E-07  4.948928E-02  6.466555E-06  1.900998E-09  2.415644E-01  6.381551E-04  3.680483E-06  3.456767E-07  8.846123E-04  8.260835E-09  3.183685E-08  6.499976E-08  1.154528E-01  6.649296E-06  9.633005E-07  8.105589E-07  5.231696E-05  7.111767E-05  2.499624E-07  1.811653E-08  2.342251E-08  2.183577E-07
 3.341500E+02  5.919839E-01  4.892919E-04  5.922218E-08  7.905214E-08  8.827670E-08  1.069392E-07  4.949703E-02  6.366657E-06  1.803244E-09  2.422109E-01  6.315219E-04  3.519409E-06  3.393165E-07  8.708725E-04  7.899297E-09  3.051083E-08  6.280169E-08  1.141753E-01  6.408264E-06  9.371694E-07  7.881128E-07  5.165716E-05  7.022092E-05  2.384650E-07  1.723615E-08  2.229086E-08  2.095315E-07
 3.351500E+02  5.926243E-01  4.847560E-04  5.760855E-08  7.691541E-08  8.589484E-08  1.040759E-07  4.950462E-02  6.268987E-06  1.711108E-09  2.428476E-01  6.249684E-04  3.366063E-06  3.330910E-07  8.574348E-04  7.555807E-09  2.924829E-08  6.069180E-08  1.129173E-01  6.177113E-06  9.118898E-07  7.664108E-07  5.100880E-05  6.933975E-05  2.275529E-07  1.640341E-08  2.122013E-08  2.011106E-07
 3.361500E+02  5.932549E-01  4.802897E-04  5.604894E-08  7.484977E-08  8.359210E-08  1.013071E-07  4.951205E-02  6.173482E-06  1.624237E-09  2.434746E-01  6.184939E-04  3.220049E-06  3.269977E-07  8.442912E-04  7.229364E-09  2.804582E-08  5.866606E-08  1.116783E-01  5.955400E-06  8.874304E-07  7.454251E-07  5.037164E-05  6.847383E-05  2.171936E-07  1.561549E-08  2.020674E-08  1.930745E-07
 3.371500E+02  5.938759E-01  4.758917E-04  5.454126E-08  7.285248E-08  8.136546E-08  9.862928E-08  4.951932E-02  6.080083E-06  1.542301E-09  2.440921E-01  6.120981E-04  3.080989E-06  3.210336E-07  8.314338E-04  6.919027E-09  2.690024E-08  5.672065E-08  1.104582E-01  5.742702E-06  8.637610E-07  7.251289E-07  4.974548E-05  6.762289E-05  2.073569E-07  1.486975E-08  1.924733E-08  1.854038E-07
 3.381500E+02  5.944874E-01  4.715608E-04  5.308353E-08  7.092093E-08  7.921199E-08  9.603894E-08  4.952644E-02  5.988734E-06  1.464990E-09  2.447003E-01  6.057803E-04  2.948528E-06  3.151961E-07  8.188550E-04  6.623911E-09  2.580854E-08  5.485195E-08  1.092567E-01  5.538616E-06  8.408525E-07  7.054965E-07  4.913010E-05  6.678661E-05  1.980140E-07  1.416372E-08  1.833877E-08  1.780801E-07
 3.391500E+02  5.950896E-01  4.672957E-04  5.167381E-08  6.905260E-08  7.712892E-08  9.353276E-08  4.953340E-02  5.899377E-06  1.392020E-09  2.452992E-01  5.995399E-04  2.822328E-06  3.094826E-07  8.065473E-04  6.343185E-09  2.476788E-08  5.305652E-08  1.080733E-01  5.342761E-06  8.186772E-07  6.865033E-07  4.852528E-05  6.596472E-05  1.891380E-07  1.349510E-08  1.747809E-08  1.710860E-07
 3.401500E+02  5.956826E-01  4.630952E-04  5.031029E-08  6.724510E-08  7.511358E-08  9.110759E-08  4.954022E-02  5.811960E-06  1.323121E-09  2.458890E-01  5.933765E-04  2.702072E-06  3.038903E-07  7.945035E-04  6.076070E-09  2.377559E-08  5.133108E-08  1.069079E-01  5.154771E-06  7.972085E-07  6.681257E-07  4.793083E-05  6.515694E-05  1.807036E-07  1.286172E-08  1.666254E-08  1.644050E-07
 3.411500E+02  5.962666E-01  4.589580E-04  4.899121E-08  6.549614E-08  7.316342E-08  8.876037E-08  4.954689E-02  5.726430E-06  1.258044E-09  2.464699E-01  5.872893E-04  2.587458E-06  2.984168E-07  7.827168E-04  5.821828E-09  2.282915E-08  4.967252E-08  1.057601E-01  4.974299E-06  7.764207E-07  6.503409E-07  4.734653E-05  6.436298E-05  1.726868E-07  1.226153E-08  1.588953E-08  1.580216E-07
 3.421500E+02  5.968418E-01  4.548831E-04  4.771488E-08  6.380352E-08  7.127599E-08  8.648821E-08  4.955343E-02  5.642736E-06  1.196557E-09  2.470421E-01  5.812778E-04  2.478200E-06  2.930594E-07  7.711804E-04  5.579770E-09  2.192620E-08  4.807789E-08  1.046297E-01  4.801015E-06  7.562893E-07  6.331273E-07  4.677220E-05  6.358258E-05  1.650652E-07  1.169264E-08  1.515662E-08  1.519212E-07
 3.431500E+02  5.974082E-01  4.508692E-04  4.647971E-08  6.216513E-08  6.944895E-08  8.428831E-08  4.955983E-02  5.560830E-06  1.138441E-09  2.476056E-01  5.753413E-04  2.374030E-06  2.878157E-07  7.598878E-04  5.349245E-09  2.106450E-08  4.654438E-08  1.035163E-01  4.634603E-06  7.367906E-07  6.164640E-07  4.620763E-05  6.281547E-05  1.578176E-07  1.115326E-08  1.446153E-08  1.460898E-07
 3.441500E+02  5.979661E-01  4.469152E-04  4.528416E-08  6.057896E-08  6.768006E-08  8.215801E-08  4.956610E-02  5.480665E-06  1.083494E-09  2.481606E-01  5.694792E-04  2.274690E-06  2.826831E-07  7.488327E-04  5.129639E-09  2.024193E-08  4.506931E-08  1.024198E-01  4.474763E-06  7.179020E-07  6.003310E-07  4.565264E-05  6.206140E-05  1.509240E-07  1.064170E-08  1.380213E-08  1.405142E-07
 3.451500E+02  5.985155E-01  4.430201E-04  4.412675E-08  5.904307E-08  6.596716E-08  8.009475E-08  4.957224E-02  5.402193E-06  1.031524E-09  2.487073E-01  5.636907E-04  2.179940E-06  2.776594E-07  7.380088E-04  4.920376E-09  1.945651E-08  4.365014E-08  1.013397E-01  4.321210E-06  6.996017E-07  5.847091E-07  4.510704E-05  6.132009E-05  1.443655E-07  1.015641E-08  1.317640E-08  1.351820E-07
 3.461500E+02  5.990566E-01  4.391827E-04  4.300606E-08  5.755561E-08  6.430821E-08  7.809607E-08  4.957825E-02  5.325372E-06  9.823551E-10  2.492458E-01  5.579752E-04  2.089551E-06  2.727420E-07  7.274103E-04  4.720912E-09  1.870634E-08  4.228445E-08  1.002759E-01  4.173670E-06  6.818689E-07  5.695797E-07  4.457064E-05  6.059132E-05  1.381244E-07  9.695892E-09  1.258246E-08  1.300813E-07
 3.471500E+02  5.995896E-01  4.354020E-04  4.192075E-08  5.611480E-08  6.270122E-08  7.615962E-08  4.958415E-02  5.250157E-06  9.358202E-10  2.497762E-01  5.523320E-04  2.003305E-06  2.679288E-07  7.170313E-04  4.530735E-09  1.798967E-08  4.096994E-08  9.922804E-02  4.031884E-06  6.646833E-07  5.549253E-07  4.404328E-05  5.987483E-05  1.321839E-07  9.258766E-09  1.201854E-08  1.252011E-07
 3.481500E+02  6.001145E-01  4.316771E-04  4.086951E-08  5.471896E-08  6.114430E-08  7.428315E-08  4.958992E-02  5.176506E-06  8.917641E-10  2.502986E-01  5.467604E-04  1.920997E-06  2.632173E-07  7.068664E-04  4.349362E-09  1.730480E-08  3.970441E-08  9.819590E-02  3.895604E-06  6.480258E-07  5.407287E-07  4.352477E-05  5.917038E-05  1.265283E-07  8.843728E-09  1.148296E-08  1.205307E-07
 3.491500E+02  6.006316E-01  4.280068E-04  3.985111E-08  5.336643E-08  5.963563E-08  7.246450E-08  4.959557E-02  5.104380E-06  8.500413E-10  2.508133E-01  5.412596E-04  1.842433E-06  2.586054E-07  6.969099E-04  4.176338E-09  1.665015E-08  3.848578E-08  9.717920E-02  3.764594E-06  6.318778E-07  5.269737E-07  4.301493E-05  5.847774E-05  1.211426E-07  8.449551E-09  1.097417E-08  1.160601E-07
 3.501500E+02  6.011409E-01  4.243902E-04  3.886435E-08  5.205566E-08  5.817348E-08  7.070158E-08  4.960112E-02  5.033740E-06  8.105156E-10  2.513202E-01  5.358290E-04  1.767429E-06  2.540908E-07  6.871568E-04  4.011233E-09  1.602424E-08  3.731206E-08  9.617770E-02  3.638628E-06  6.162214E-07  5.136445E-07  4.251361E-05  5.779667E-05  1.160128E-07  8.075084E-09  1.049069E-08  1.117797E-07
 3.511500E+02  6.016426E-01  4.208263E-04  3.790809E-08  5.078515E-08  5.675618E-08  6.899240E-08  4.960655E-02  4.964545E-06  7.730594E-10  2.518196E-01  5.304677E-04  1.695809E-06  2.496714E-07  6.776018E-04  3.853641E-09  1.542563E-08  3.618136E-08  9.519114E-02  3.517492E-06  6.010395E-07  5.007261E-07  4.202064E-05  5.712696E-05  1.111256E-07  7.719245E-09  1.003114E-08  1.076806E-07
 3.521500E+02  6.021368E-01  4.173142E-04  3.698122E-08  4.955345E-08  5.538211E-08  6.733507E-08  4.961187E-02  4.896761E-06  7.375532E-10  2.523116E-01  5.251752E-04  1.627408E-06  2.453451E-07  6.682399E-04  3.703182E-09  1.485298E-08  3.509186E-08  9.421927E-02  3.400980E-06  5.863156E-07  4.882041E-07  4.153585E-05  5.646838E-05  1.064684E-07  7.381014E-09  9.594221E-09  1.037542E-07
 3.531500E+02  6.026236E-01  4.138530E-04  3.608270E-08  4.835919E-08  5.404975E-08  6.572773E-08  4.961709E-02  4.830351E-06  7.038850E-10  2.527962E-01  5.199505E-04  1.562069E-06  2.411099E-07  6.590665E-04  3.559493E-09  1.430505E-08  3.404185E-08  9.326185E-02  3.288898E-06  5.720339E-07  4.760644E-07  4.105909E-05  5.582072E-05  1.020294E-07  7.059435E-09  9.178698E-09  9.999239E-08
 3.541500E+02  6.031032E-01  4.104417E-04  3.521151E-08  4.720103E-08  5.275761E-08  6.416863E-08  4.962221E-02  4.765280E-06  6.719498E-10  2.532737E-01  5.147930E-04  1.499644E-06  2.369635E-07  6.500767E-04  3.422233E-09  1.378061E-08  3.302969E-08  9.231863E-02  3.181058E-06  5.581792E-07  4.642937E-07  4.059020E-05  5.518376E-05  9.779746E-08  6.753605E-09  8.783422E-09  9.638749E-08
 3.551500E+02  6.035757E-01  4.070794E-04  3.436669E-08  4.607770E-08  5.150428E-08  6.265609E-08  4.962723E-02  4.701514E-06  6.416491E-10  2.537441E-01  5.097019E-04  1.439992E-06  2.329042E-07  6.412660E-04  3.291081E-09  1.327855E-08  3.205381E-08  9.138938E-02  3.077283E-06  5.447368E-07  4.528791E-07  4.012903E-05  5.455729E-05  9.376198E-08  6.462676E-09  8.407306E-09  9.293219E-08
 3.561500E+02  6.040411E-01  4.037654E-04  3.354731E-08  4.498798E-08  5.028840E-08  6.118846E-08  4.963215E-02  4.639022E-06  6.128906E-10  2.542076E-01  5.046764E-04  1.382978E-06  2.289300E-07  6.326301E-04  3.165731E-09  1.279778E-08  3.111272E-08  9.047387E-02  2.977403E-06  5.316926E-07  4.418084E-07  3.967542E-05  5.394112E-05  8.991297E-08  6.185849E-09  8.049329E-09  8.961958E-08
 3.571500E+02  6.044997E-01  4.004987E-04  3.275246E-08  4.393070E-08  4.910866E-08  5.976421E-08  4.963697E-02  4.577770E-06  5.855874E-10  2.546642E-01  4.997159E-04  1.328476E-06  2.250388E-07  6.241646E-04  3.045897E-09  1.233729E-08  3.020500E-08  8.957186E-02  2.881255E-06  5.190330E-07  4.310696E-07  3.922925E-05  5.333504E-05  8.624100E-08  5.922370E-09  7.708526E-09  8.644306E-08
 3.581500E+02  6.049514E-01  3.972785E-04  3.198130E-08  4.290472E-08  4.796381E-08  5.838181E-08  4.964170E-02  4.517728E-06  5.596583E-10  2.551141E-01  4.948194E-04  1.276366E-06  2.212289E-07  6.158653E-04  2.931306E-09  1.189612E-08  2.932929E-08  8.868314E-02  2.788684E-06  5.067450E-07  4.206512E-07  3.879035E-05  5.273887E-05  8.273716E-08  5.671532E-09  7.383990E-09  8.339641E-08
 3.591500E+02  6.053966E-01  3.941040E-04  3.123300E-08  4.190897E-08  4.685263E-08  5.703985E-08  4.964634E-02  4.458867E-06  5.350268E-10  2.555574E-01  4.899864E-04  1.226533E-06  2.174985E-07  6.077283E-04  2.821701E-09  1.147335E-08  2.848429E-08  8.780748E-02  2.699543E-06  4.948161E-07  4.105423E-07  3.835860E-05  5.215240E-05  7.939299E-08  5.432667E-09  7.074865E-09  8.047368E-08
 3.601500E+02  6.058351E-01  3.909743E-04  3.050676E-08  4.094239E-08  4.577397E-08  5.573692E-08  4.965089E-02  4.401157E-06  5.116211E-10  2.559942E-01  4.852160E-04  1.178869E-06  2.138457E-07  5.997496E-04  2.716839E-09  1.106811E-08  2.766876E-08  8.694465E-02  2.613690E-06  4.832342E-07  4.007324E-07  3.793385E-05  5.157545E-05  7.620053E-08  5.205143E-09  6.780342E-09  7.766925E-08
 3.611500E+02  6.062673E-01  3.878888E-04  2.980183E-08  4.000400E-08  4.472672E-08  5.447171E-08  4.965536E-02  4.344569E-06  4.893736E-10  2.564246E-01  4.805074E-04  1.133271E-06  2.102689E-07  5.919254E-04  2.616489E-09  1.067959E-08  2.688152E-08  8.609446E-02  2.530990E-06  4.719876E-07  3.912112E-07  3.751597E-05  5.100784E-05  7.315222E-08  4.988368E-09  6.499663E-09  7.497776E-08
 3.621500E+02  6.066931E-01  3.848466E-04  2.911747E-08  3.909282E-08  4.370980E-08  5.324293E-08  4.965974E-02  4.289077E-06  4.682211E-10  2.568487E-01  4.758600E-04  1.089642E-06  2.067662E-07  5.842519E-04  2.520433E-09  1.030700E-08  2.612144E-08  8.525668E-02  2.451315E-06  4.610651E-07  3.819689E-07  3.710483E-05  5.044940E-05  7.024091E-08  4.781781E-09  6.232108E-09  7.239412E-08
 3.631500E+02  6.071127E-01  3.818470E-04  2.845299E-08  3.820794E-08  4.272218E-08  5.204935E-08  4.966403E-02  4.234655E-06  4.481037E-10  2.572667E-01  4.712729E-04  1.047890E-06  2.033360E-07  5.767256E-04  2.428465E-09  9.949618E-09  2.538745E-08  8.443111E-02  2.374541E-06  4.504560E-07  3.729963E-07  3.670030E-05  4.989994E-05  6.745986E-08  4.584855E-09  5.977000E-09  6.991350E-08
 3.641500E+02  6.075262E-01  3.788892E-04  2.780769E-08  3.734846E-08  4.176288E-08  5.088978E-08  4.966825E-02  4.181275E-06  4.289656E-10  2.576786E-01  4.667454E-04  1.007925E-06  1.999768E-07  5.693430E-04  2.340390E-09  9.606733E-09  2.467851E-08  8.361754E-02  2.300550E-06  4.401499E-07  3.642841E-07  3.630226E-05  4.935929E-05  6.480266E-08  4.397090E-09  5.733699E-09  6.753129E-08
 3.651500E+02  6.079336E-01  3.759726E-04  2.718095E-08  3.651353E-08  4.083095E-08  4.976310E-08  4.967239E-02  4.128913E-06  4.107537E-10  2.580845E-01  4.622768E-04  9.696646E-07  1.966868E-07  5.621006E-04  2.256022E-09  9.277683E-09  2.399363E-08  8.281577E-02  2.229230E-06  4.301368E-07  3.558236E-07  3.591057E-05  4.882728E-05  6.226324E-08  4.218016E-09  5.501603E-09  6.524313E-08
 3.661500E+02  6.083352E-01  3.730963E-04  2.657212E-08  3.570232E-08  3.992545E-08  4.866820E-08  4.967645E-02  4.077545E-06  3.934186E-10  2.584845E-01  4.578663E-04  9.330295E-07  1.934645E-07  5.549952E-04  2.175186E-09  8.961836E-09  2.333189E-08  8.202561E-02  2.160474E-06  4.204071E-07  3.476065E-07  3.552513E-05  4.830376E-05  5.983588E-08  4.047188E-09  5.280140E-09  6.304485E-08
 3.671500E+02  6.087309E-01  3.702598E-04  2.598061E-08  3.491405E-08  3.904553E-08  4.760403E-08  4.968043E-02  4.027146E-06  3.769134E-10  2.588788E-01  4.535131E-04  8.979442E-07  1.903084E-07  5.480235E-04  2.097715E-09  8.658595E-09  2.269237E-08  8.124687E-02  2.094178E-06  4.109514E-07  3.396248E-07  3.514580E-05  4.778855E-05  5.751512E-08  3.884188E-09  5.068772E-09  6.093250E-08
 3.681500E+02  6.091209E-01  3.674624E-04  2.540585E-08  3.414795E-08  3.819032E-08  4.656958E-08  4.968435E-02  3.977695E-06  3.611940E-10  2.592674E-01  4.492166E-04  8.643369E-07  1.872170E-07  5.411824E-04  2.023452E-09  8.367389E-09  2.207421E-08  8.047934E-02  2.030244E-06  4.017609E-07  3.318705E-07  3.477249E-05  4.728151E-05  5.529583E-08  3.728619E-09  4.866990E-09  5.890231E-08
 3.691500E+02  6.095053E-01  3.647033E-04  2.484727E-08  3.340329E-08  3.735901E-08  4.556387E-08  4.968819E-02  3.929168E-06  3.462190E-10  2.596504E-01  4.449759E-04  8.321397E-07  1.841888E-07  5.344688E-04  1.952248E-09  8.087679E-09  2.147659E-08  7.972285E-02  1.968579E-06  3.928270E-07  3.243362E-07  3.440506E-05  4.678247E-05  5.317311E-08  3.580105E-09  4.674313E-09  5.695069E-08
 3.701500E+02  6.098842E-01  3.619819E-04  2.430434E-08  3.267936E-08  3.655082E-08  4.458596E-08  4.969196E-02  3.881544E-06  3.319493E-10  2.600279E-01  4.407905E-04  8.012879E-07  1.812224E-07  5.278799E-04  1.883961E-09  7.818951E-09  2.089873E-08  7.897720E-02  1.909091E-06  3.841413E-07  3.170147E-07  3.404342E-05  4.629129E-05  5.114235E-08  3.438294E-09  4.490287E-09  5.507423E-08
 3.711500E+02  6.102576E-01  3.592976E-04  2.377654E-08  3.197549E-08  3.576499E-08  4.363495E-08  4.969566E-02  3.834801E-06  3.183480E-10  2.604000E-01  4.366594E-04  7.717198E-07  1.783164E-07  5.214127E-04  1.818455E-09  7.560717E-09  2.033986E-08  7.824223E-02  1.851696E-06  3.756958E-07  3.098991E-07  3.368745E-05  4.580781E-05  4.919915E-08  3.302850E-09  4.314482E-09  5.326969E-08
 3.721500E+02  6.106257E-01  3.566497E-04  2.326338E-08  3.129102E-08  3.500079E-08  4.270996E-08  4.969929E-02  3.788920E-06  3.053803E-10  2.607668E-01  4.325821E-04  7.433770E-07  1.754694E-07  5.150643E-04  1.755604E-09  7.312512E-09  1.979928E-08  7.751774E-02  1.796310E-06  3.674829E-07  3.029825E-07  3.333704E-05  4.533190E-05  4.733936E-08  3.173458E-09  4.146490E-09  5.153396E-08
 3.731500E+02  6.109886E-01  3.540377E-04  2.276438E-08  3.062532E-08  3.425752E-08  4.181016E-08  4.970286E-02  3.743879E-06  2.930135E-10  2.611284E-01  4.285578E-04  7.162039E-07  1.726802E-07  5.088322E-04  1.695286E-09  7.073895E-09  1.927627E-08  7.680357E-02  1.742855E-06  3.594951E-07  2.962587E-07  3.299209E-05  4.486340E-05  4.555902E-08  3.049817E-09  3.985927E-09  4.986409E-08
