#         T/K            c1          c2-1          c3-4          c3-5          c3-7          c3-9            m1          m2-1          m3-1            w1            w2          w3-1          w3-2          c1m1        c1m2-1        c1m2-7        c2m1-1        c1w1-2        c1w2-1        c2w1-1        c2w1-9        m1w1-1        m1w1-4        m1w2-1        m2w1-1        m2w1-3      c1m1w1-1
 2.731500E+02  4.393416E-01  6.697160E-04  2.702938E-07  3.547672E-07  3.947067E-07  4.706386E-07  1.458026E-01  1.874588E-04  2.601394E-06  1.916039E-01  1.320856E-03  9.261283E-05  1.299457E-06  7.027064E-03  1.717355E-06  5.635187E-06  1.727448E-06  2.128664E-01  8.065305E-05  4.979386E-06  4.372428E-06  3.957131E-04  5.386722E-04  2.322894E-05  6.400194E-06  8.105931E-06  1.129378E-05
 2.741500E+02  4.408483E-01  6.613104E-04  2.595626E-07  3.407975E-07  3.791926E-07  4.522826E-07  1.458975E-01  1.829723E-04  2.399746E-06  1.930498E-01  1.307691E-03  8.735704E-05  1.273345E-06  6.865395E-03  1.604612E-06  5.282295E-06  1.640613E-06  2.100354E-01  7.675431E-05  4.793439E-06  4.205516E-06  3.891887E-04  5.297571E-04  2.176012E-05  5.950775E-06  7.539737E-06  1.064361E-05
 2.751500E+02  4.423336E-01  6.530513E-04  2.493250E-07  3.274659E-07  3.643860E-07  4.347581E-07  1.459897E-01  1.786254E-04  2.215067E-06  1.944762E-01  1.294524E-03  8.241301E-05  1.247635E-06  6.708512E-03  1.500022E-06  4.953873E-06  1.558720E-06  2.072420E-01  7.305753E-05  4.615277E-06  4.045738E-06  3.827851E-04  5.210087E-04  2.039043E-05  5.535425E-06  7.016260E-06  1.003434E-05
 2.761500E+02  4.437976E-01  6.449355E-04  2.395556E-07  3.147396E-07  3.502507E-07  4.180227E-07  1.460791E-01  1.744131E-04  2.045827E-06  1.958832E-01  1.281364E-03  7.776180E-05  1.222332E-06  6.556251E-03  1.402946E-06  4.648074E-06  1.481457E-06  2.044862E-01  6.955176E-05  4.444546E-06  3.892763E-06  3.765008E-04  5.124246E-04  1.911283E-05  5.151393E-06  6.532064E-06  9.463208E-06
 2.771500E+02  4.452405E-01  6.369601E-04  2.302303E-07  3.025878E-07  3.367523E-07  4.020365E-07  1.461659E-01  1.703307E-04  1.890641E-06  1.972708E-01  1.268219E-03  7.338563E-05  1.197439E-06  6.408451E-03  1.312799E-06  4.363203E-06  1.408536E-06  2.017677E-01  6.622667E-05  4.280912E-06  3.746279E-06  3.703339E-04  5.040023E-04  1.792080E-05  4.796160E-06  6.084004E-06  8.927641E-06
 2.781500E+02  4.466623E-01  6.291221E-04  2.213264E-07  2.909812E-07  3.238587E-07  3.867618E-07  1.462502E-01  1.663734E-04  1.748256E-06  1.986392E-01  1.255097E-03  6.926779E-05  1.172958E-06  6.264960E-03  1.229044E-06  4.097701E-06  1.339687E-06  1.990864E-01  6.307250E-05  4.124054E-06  3.605986E-06  3.642825E-04  4.957393E-04  1.680829E-05  4.467420E-06  5.669201E-06  8.425261E-06
 2.791500E+02  4.480633E-01  6.214189E-04  2.128226E-07  2.798924E-07  3.115394E-07  3.721629E-07  1.463321E-01  1.625367E-04  1.617539E-06  1.999885E-01  1.242004E-03  6.539259E-05  1.148893E-06  6.125630E-03  1.151189E-06  3.850134E-06  1.274658E-06  1.964422E-01  6.008001E-05  3.973668E-06  3.471600E-06  3.583451E-04  4.876330E-04  1.576972E-05  4.163065E-06  5.285019E-06  7.953857E-06
 2.801500E+02  4.494437E-01  6.138476E-04  2.046986E-07  2.692954E-07  2.997656E-07  3.582062E-07  1.464116E-01  1.588164E-04  1.497461E-06  2.013188E-01  1.228949E-03  6.174532E-05  1.125244E-06  5.990320E-03  1.078783E-06  3.619182E-06  1.213216E-06  1.938348E-01  5.724052E-05  3.829464E-06  3.342852E-06  3.525197E-04  4.796809E-04  1.479990E-05  3.881161E-06  4.929041E-06  7.511371E-06
 2.811500E+02  4.508036E-01  6.064056E-04  1.969355E-07  2.591658E-07  2.885101E-07  3.448599E-07  1.464888E-01  1.552083E-04  1.387094E-06  2.026302E-01  1.215938E-03  5.831215E-05  1.102011E-06  5.858892E-03  1.011411E-06  3.403628E-06  1.155140E-06  1.912641E-01  5.454578E-05  3.691167E-06  3.219485E-06  3.468045E-04  4.718805E-04  1.389402E-05  3.619940E-06  4.599056E-06  7.095894E-06
 2.821500E+02  4.521433E-01  5.990903E-04  1.895151E-07  2.494802E-07  2.777473E-07  3.320940E-07  1.465639E-01  1.517085E-04  1.285591E-06  2.039229E-01  1.202976E-03  5.508011E-05  1.079196E-06  5.731217E-03  9.486943E-07  3.202354E-06  1.100227E-06  1.887297E-01  5.198804E-05  3.558513E-06  3.101253E-06  3.411978E-04  4.642292E-04  1.304762E-05  3.377778E-06  4.293031E-06  6.705648E-06
 2.831500E+02  4.534628E-01  5.918992E-04  1.824205E-07  2.402168E-07  2.674530E-07  3.198800E-07  1.466368E-01  1.483131E-04  1.192188E-06  2.051970E-01  1.190070E-03  5.203703E-05  1.056797E-06  5.607168E-03  8.902817E-07  3.014326E-06  1.048287E-06  1.862315E-01  4.955995E-05  3.431251E-06  2.987926E-06  3.356977E-04  4.567245E-04  1.225659E-05  3.153187E-06  4.009106E-06  6.338982E-06
 2.841500E+02  4.547625E-01  5.848297E-04  1.756355E-07  2.313549E-07  2.576042E-07  3.081911E-07  1.467077E-01  1.450184E-04  1.106188E-06  2.064527E-01  1.177226E-03  4.917146E-05  1.034814E-06  5.486623E-03  8.358524E-07  2.838593E-06  9.991395E-07  1.837692E-01  4.725457E-05  3.309144E-06  2.879280E-06  3.303024E-04  4.493639E-04  1.151708E-05  2.944804E-06  3.745571E-06  5.994359E-06
 2.851500E+02  4.560426E-01  5.778796E-04  1.691450E-07  2.228750E-07  2.481791E-07  2.970018E-07  1.467766E-01  1.418209E-04  1.026960E-06  2.076901E-01  1.164448E-03  4.647268E-05  1.013244E-06  5.369467E-03  7.851106E-07  2.674277E-06  9.526194E-07  1.813424E-01  4.506537E-05  3.191963E-06  2.775106E-06  3.250101E-04  4.421447E-04  1.082554E-05  2.751375E-06  3.500858E-06  5.670348E-06
 2.861500E+02  4.573031E-01  5.710465E-04  1.629346E-07  2.147584E-07  2.391573E-07  2.862881E-07  1.468435E-01  1.387173E-04  9.539296E-07  2.089093E-01  1.151742E-03  4.393063E-05  9.920856E-07  5.255586E-03  7.377843E-07  2.520567E-06  9.085706E-07  1.789510E-01  4.298615E-05  3.079493E-06  2.675203E-06  3.198190E-04  4.350645E-04  1.017867E-05  2.571750E-06  3.273525E-06  5.365619E-06
 2.871500E+02  4.585444E-01  5.643280E-04  1.569907E-07  2.069877E-07  2.305192E-07  2.760273E-07  1.469087E-01  1.357043E-04  8.865740E-07  2.101106E-01  1.139111E-03  4.153585E-05  9.713361E-07  5.144872E-03  6.936232E-07  2.376715E-06  8.668474E-07  1.765946E-01  4.101106E-05  2.971525E-06  2.579379E-06  3.147273E-04  4.281208E-04  9.573425E-06  2.404875E-06  3.062250E-06  5.078930E-06
 2.881500E+02  4.597667E-01  5.577219E-04  1.513005E-07  1.995462E-07  2.222467E-07  2.661977E-07  1.469720E-01  1.327787E-04  8.244179E-07  2.112941E-01  1.126562E-03  3.927947E-05  9.509925E-07  5.037221E-03  6.523965E-07  2.242029E-06  8.273135E-07  1.742728E-01  3.913459E-05  2.867865E-06  2.487454E-06  3.097333E-04  4.213111E-04  9.006951E-06  2.249777E-06  2.865816E-06  4.809129E-06
 2.891500E+02  4.609701E-01  5.512261E-04  1.458516E-07  1.924183E-07  2.143221E-07  2.567789E-07  1.470337E-01  1.299376E-04  7.670284E-07  2.124599E-01  1.114096E-03  3.715318E-05  9.310515E-07  4.932534E-03  6.138916E-07  2.115869E-06  7.898413E-07  1.719855E-01  3.735151E-05  2.768323E-06  2.399253E-06  3.048351E-04  4.146330E-04  8.476615E-06  2.105566E-06  2.683103E-06  4.555138E-06
 2.901500E+02  4.621549E-01  5.448385E-04  1.406327E-07  1.855890E-07  2.067290E-07  2.477515E-07  1.470936E-01  1.271779E-04  7.140110E-07  2.136084E-01  1.101719E-03  3.514916E-05  9.115095E-07  4.830713E-03  5.779125E-07  1.997646E-06  7.543112E-07  1.697322E-01  3.565689E-05  2.672721E-06  2.314611E-06  3.000310E-04  4.080839E-04  7.979968E-06  1.971421E-06  2.513082E-06  4.315955E-06
 2.911500E+02  4.633214E-01  5.385569E-04  1.356327E-07  1.790442E-07  1.994518E-07  2.390972E-07  1.471520E-01  1.244971E-04  6.650062E-07  2.147396E-01  1.089433E-03  3.326007E-05  8.923624E-07  4.731666E-03  5.442785E-07  1.886811E-06  7.206114E-07  1.675126E-01  3.404607E-05  2.580888E-06  2.233372E-06  2.953193E-04  4.016615E-04  7.514736E-06  1.846587E-06  2.354806E-06  4.090645E-06
 2.921500E+02  4.644697E-01  5.323794E-04  1.308413E-07  1.727706E-07  1.924757E-07  2.307986E-07  1.472088E-01  1.218923E-04  6.196860E-07  2.158537E-01  1.077242E-03  3.147905E-05  8.736061E-07  4.635303E-03  5.128225E-07  1.782859E-06  6.886370E-07  1.653263E-01  3.251465E-05  2.492662E-06  2.155386E-06  2.906983E-04  3.953633E-04  7.078806E-06  1.730371E-06  2.207404E-06  3.878337E-06
 2.931500E+02  4.656000E-01  5.263039E-04  1.262488E-07  1.667555E-07  1.857866E-07  2.228392E-07  1.472640E-01  1.193610E-04  5.777511E-07  2.169509E-01  1.065149E-03  2.979962E-05  8.552360E-07  4.541537E-03  4.833906E-07  1.685321E-06  6.582897E-07  1.631730E-01  3.105846E-05  2.407887E-06  2.080510E-06  2.861662E-04  3.891871E-04  6.670213E-06  1.622132E-06  2.070071E-06  3.678217E-06
 2.941500E+02  4.667126E-01  5.203285E-04  1.218457E-07  1.609869E-07  1.793711E-07  2.152034E-07  1.473178E-01  1.169008E-04  5.389281E-07  2.180315E-01  1.053156E-03  2.821574E-05  8.372473E-07  4.450286E-03  4.558405E-07  1.593763E-06  6.294772E-07  1.610523E-01  2.967356E-05  2.326415E-06  2.008608E-06  2.817213E-04  3.831304E-04  6.287132E-06  1.521283E-06  1.942068E-06  3.489527E-06
 2.951500E+02  4.678078E-01  5.144513E-04  1.176233E-07  1.554533E-07  1.732166E-07  2.078761E-07  1.473702E-01  1.145091E-04  5.029674E-07  2.190955E-01  1.041266E-03  2.672170E-05  8.196353E-07  4.361470E-03  4.300406E-07  1.507783E-06  6.021132E-07  1.589639E-01  2.835624E-05  2.248105E-06  1.939550E-06  2.773620E-04  3.771909E-04  5.927866E-06  1.427279E-06  1.822713E-06  3.311558E-06
 2.961500E+02  4.688857E-01  5.086704E-04  1.135732E-07  1.501440E-07  1.673112E-07  2.008435E-07  1.474213E-01  1.121839E-04  4.696407E-07  2.201433E-01  1.029482E-03  2.531218E-05  8.023946E-07  4.275010E-03  4.058693E-07  1.427007E-06  5.761164E-07  1.569074E-01  2.710298E-05  2.172822E-06  1.873212E-06  2.730867E-04  3.713663E-04  5.590838E-06  1.339621E-06  1.711376E-06  3.143649E-06
 2.971500E+02  4.699466E-01  5.029841E-04  1.096875E-07  1.450487E-07  1.616435E-07  1.940921E-07  1.474709E-01  1.099228E-04  4.387392E-07  2.211749E-01  1.017804E-03  2.398215E-05  7.855203E-07  4.190834E-03  3.832142E-07  1.351090E-06  5.514108E-07  1.548824E-01  2.591045E-05  2.100437E-06  1.809478E-06  2.688936E-04  3.656545E-04  5.274578E-06  1.257848E-06  1.607477E-06  2.985183E-06
 2.981500E+02  4.709907E-01  4.973906E-04  1.059587E-07  1.401577E-07  1.562025E-07  1.876091E-07  1.475193E-01  1.077237E-04  4.100718E-07  2.221907E-01  1.006236E-03  2.272691E-05  7.690067E-07  4.108868E-03  3.619711E-07  1.279710E-06  5.279247E-07  1.528885E-01  2.477551E-05  2.030827E-06  1.748234E-06  2.647812E-04  3.600531E-04  4.977722E-06  1.181534E-06  1.510481E-06  2.835581E-06
 2.991500E+02  4.720183E-01  4.918880E-04  1.023794E-07  1.354616E-07  1.509782E-07  1.813825E-07  1.475665E-01  1.055845E-04  3.834636E-07  2.231907E-01  9.947784E-04  2.154204E-05  7.528484E-07  4.029045E-03  3.420437E-07  1.212569E-06  5.055911E-07  1.509253E-01  2.369517E-05  1.963876E-06  1.689374E-06  2.607480E-04  3.545600E-04  4.698997E-06  1.110287E-06  1.419894E-06  2.694306E-06
 3.001500E+02  4.730295E-01  4.864748E-04  9.894313E-08  1.309517E-07  1.459607E-07  1.754008E-07  1.476124E-01  1.035034E-04  3.587544E-07  2.241753E-01  9.834332E-04  2.042340E-05  7.370399E-07  3.951296E-03  3.233426E-07  1.149390E-06  4.843466E-07  1.489925E-01  2.266664E-05  1.899472E-06  1.632795E-06  2.567923E-04  3.491729E-04  4.437222E-06  1.043743E-06  1.335258E-06  2.560853E-06
 3.011500E+02  4.740246E-01  4.811492E-04  9.564326E-08  1.266196E-07  1.411407E-07  1.696531E-07  1.476572E-01  1.014784E-04  3.357972E-07  2.251445E-01  9.722017E-04  1.936708E-05  7.215754E-07  3.875558E-03  3.057852E-07  1.089917E-06  4.641322E-07  1.470897E-01  2.168724E-05  1.837507E-06  1.578399E-06  2.529126E-04  3.438899E-04  4.191293E-06  9.815673E-07  1.256151E-06  2.434751E-06
 3.021500E+02  4.750038E-01  4.759097E-04  9.247369E-08  1.224574E-07  1.365095E-07  1.641290E-07  1.477009E-01  9.950767E-05  3.144574E-07  2.260987E-01  9.610851E-04  1.836943E-05  7.064491E-07  3.801769E-03  2.892949E-07  1.033909E-06  4.448918E-07  1.452165E-01  2.075447E-05  1.777880E-06  1.526094E-06  2.491074E-04  3.387088E-04  3.960185E-06  9.234512E-07  1.182184E-06  2.315559E-06
 3.031500E+02  4.759674E-01  4.707546E-04  8.942860E-08  1.184576E-07  1.320586E-07  1.588187E-07  1.477434E-01  9.758948E-05  2.946113E-07  2.270379E-01  9.500842E-04  1.742702E-05  6.916553E-07  3.729869E-03  2.738003E-07  9.811440E-07  4.265731E-07  1.433724E-01  1.986593E-05  1.720492E-06  1.475791E-06  2.453752E-04  3.336275E-04  3.742942E-06  8.691082E-07  1.112997E-06  2.202864E-06
 3.041500E+02  4.769156E-01  4.656823E-04  8.650246E-08  1.146130E-07  1.277802E-07  1.537128E-07  1.477849E-01  9.572214E-05  2.761455E-07  2.279625E-01  9.392001E-04  1.653661E-05  6.771881E-07  3.659800E-03  2.592356E-07  9.314157E-07  4.091266E-07  1.415571E-01  1.901938E-05  1.665252E-06  1.427406E-06  2.417145E-04  3.286440E-04  3.538674E-06  8.182737E-07  1.048254E-06  2.096280E-06
 3.051500E+02  4.778486E-01  4.606914E-04  8.369001E-08  1.109167E-07  1.236666E-07  1.488024E-07  1.478253E-01  9.390401E-05  2.589558E-07  2.288726E-01  9.284334E-04  1.569518E-05  6.630417E-07  3.591506E-03  2.455396E-07  8.845311E-07  3.925059E-07  1.397702E-01  1.821268E-05  1.612070E-06  1.380856E-06  2.381239E-04  3.237563E-04  3.346550E-06  7.707031E-07  9.876479E-07  1.995446E-06
 3.061500E+02  4.787667E-01  4.557803E-04  8.098623E-08  1.073623E-07  1.197106E-07  1.440789E-07  1.478647E-01  9.213352E-05  2.429464E-07  2.297683E-01  9.177847E-04  1.489988E-05  6.492101E-07  3.524933E-03  2.326552E-07  8.403108E-07  3.766672E-07  1.380113E-01  1.744381E-05  1.560861E-06  1.336067E-06  2.346021E-04  3.189624E-04  3.165796E-06  7.261696E-07  9.308927E-07  1.900024E-06
 3.071500E+02  4.796700E-01  4.509475E-04  7.838637E-08  1.039435E-07  1.159054E-07  1.395343E-07  1.479032E-01  9.040917E-05  2.280293E-07  2.306501E-01  9.072545E-04  1.414804E-05  6.356875E-07  3.460029E-03  2.205296E-07  7.985878E-07  3.615693E-07  1.362800E-01  1.671087E-05  1.511544E-06  1.292962E-06  2.311474E-04  3.142605E-04  2.995691E-06  6.844638E-07  8.777236E-07  1.809697E-06
 3.081500E+02  4.805588E-01  4.461917E-04  7.588589E-08  1.006546E-07  1.122445E-07  1.351610E-07  1.479407E-01  8.872949E-05  2.141235E-07  2.315179E-01  8.968431E-04  1.343713E-05  6.224680E-07  3.396745E-03  2.091138E-07  7.592065E-07  3.471734E-07  1.345759E-01  1.601204E-05  1.464042E-06  1.251474E-06  2.277587E-04  3.096486E-04  2.835562E-06  6.453913E-07  8.278953E-07  1.724166E-06
 3.091500E+02  4.814333E-01  4.415113E-04  7.348048E-08  9.748984E-08  1.087216E-07  1.309514E-07  1.479773E-01  8.709308E-05  2.011544E-07  2.323720E-01  8.865508E-04  1.276481E-05  6.095457E-07  3.335031E-03  1.983620E-07  7.220216E-07  3.334428E-07  1.328987E-01  1.534562E-05  1.418280E-06  1.211533E-06  2.244346E-04  3.051249E-04  2.684780E-06  6.087722E-07  7.811805E-07  1.643155E-06
 3.101500E+02  4.822937E-01  4.369051E-04  7.116605E-08  9.444398E-08  1.053309E-07  1.268988E-07  1.480130E-01  8.549858E-05  1.890534E-07  2.332127E-01  8.763777E-04  1.212884E-05  5.969147E-07  3.274841E-03  1.882318E-07  6.868979E-07  3.203432E-07  1.312479E-01  1.470998E-05  1.374188E-06  1.173076E-06  2.211736E-04  3.006876E-04  2.542759E-06  5.744397E-07  7.373686E-07  1.566402E-06
 3.111500E+02  4.831403E-01  4.323717E-04  6.893867E-08  9.151192E-08  1.020667E-07  1.229964E-07  1.480479E-01  8.394470E-05  1.777574E-07  2.340401E-01  8.663238E-04  1.152715E-05  5.845693E-07  3.216130E-03  1.786835E-07  6.537091E-07  3.078418E-07  1.296231E-01  1.410358E-05  1.331698E-06  1.136042E-06  2.179746E-04  2.963348E-04  2.408953E-06  5.422391E-07  6.962640E-07  1.493662E-06
 3.121500E+02  4.839733E-01  4.279097E-04  6.679463E-08  8.868883E-08  9.892354E-08  1.192379E-07  1.480819E-01  8.243016E-05  1.672079E-07  2.348544E-01  8.563891E-04  1.095778E-05  5.725036E-07  3.158854E-03  1.696805E-07  6.223372E-07  2.959081E-07  1.280240E-01  1.352498E-05  1.290744E-06  1.100372E-06  2.148363E-04  2.920649E-04  2.282850E-06  5.120271E-07  6.576853E-07  1.424706E-06
 3.131500E+02  4.847928E-01  4.235179E-04  6.473038E-08  8.597009E-08  9.589645E-08  1.156172E-07  1.481151E-01  8.095377E-05  1.573514E-07  2.356559E-01  8.465734E-04  1.041887E-05  5.607119E-07  3.102971E-03  1.611883E-07  5.926724E-07  2.845132E-07  1.264502E-01  1.297278E-05  1.251266E-06  1.066011E-06  2.117574E-04  2.878761E-04  2.163974E-06  4.836704E-07  6.214644E-07  1.359318E-06
 3.141500E+02  4.855991E-01  4.191949E-04  6.274254E-08  8.335132E-08  9.298049E-08  1.121287E-07  1.481475E-01  7.951434E-05  1.481382E-07  2.364446E-01  8.368764E-04  9.908696E-06  5.491886E-07  3.048440E-03  1.531751E-07  5.646117E-07  2.736296E-07  1.249012E-01  1.244570E-05  1.213204E-06  1.032904E-06  2.087367E-04  2.837666E-04  2.051878E-06  4.570455E-07  5.874447E-07  1.297296E-06
 3.151500E+02  4.863925E-01  4.149396E-04  6.082790E-08  8.082832E-08  9.017103E-08  1.087667E-07  1.481791E-01  7.811075E-05  1.395226E-07  2.372209E-01  8.272980E-04  9.425629E-06  5.379279E-07  2.995222E-03  1.456110E-07  5.380592E-07  2.632315E-07  1.233768E-01  1.194249E-05  1.176501E-06  1.001001E-06  2.057729E-04  2.797350E-04  1.946146E-06  4.320377E-07  5.554812E-07  1.238450E-06
 3.161500E+02  4.871730E-01  4.107506E-04  5.898339E-08  7.839712E-08  8.746362E-08  1.055261E-07  1.482100E-01  7.674190E-05  1.314623E-07  2.379848E-01  8.178375E-04  8.968134E-06  5.269244E-07  2.943278E-03  1.384684E-07  5.129250E-07  2.532947E-07  1.218765E-01  1.146198E-05  1.141103E-06  9.702530E-07  2.028650E-04  2.757794E-04  1.846390E-06  4.085404E-07  5.254388E-07  1.182602E-06
 3.171500E+02  4.879410E-01  4.066268E-04  5.720607E-08  7.605389E-08  8.485405E-08  1.024019E-07  1.482402E-01  7.540676E-05  1.239183E-07  2.387367E-01  8.084947E-04  8.534768E-06  5.161725E-07  2.892572E-03  1.317212E-07  4.891252E-07  2.437960E-07  1.204000E-01  1.100305E-05  1.106959E-06  9.406133E-07  2.000116E-04  2.718985E-04  1.752244E-06  3.864545E-07  4.971922E-07  1.129584E-06
 3.181500E+02  4.886966E-01  4.025671E-04  5.549315E-08  7.379502E-08  8.233827E-08  9.938920E-08  1.482696E-01  7.410430E-05  1.168545E-07  2.394766E-01  7.992689E-04  8.124175E-06  5.056667E-07  2.843068E-03  1.253454E-07  4.665813E-07  2.347138E-07  1.189468E-01  1.056467E-05  1.074018E-06  9.120373E-07  1.972118E-04  2.680905E-04  1.663369E-06  3.656880E-07  4.706246E-07  1.079239E-06
 3.191500E+02  4.894401E-01  3.985702E-04  5.384198E-08  7.161702E-08  7.991244E-08  9.648359E-08  1.482984E-01  7.283354E-05  1.102377E-07  2.402048E-01  7.901597E-04  7.735078E-06  4.954017E-07  2.794732E-03  1.193184E-07  4.452198E-07  2.260274E-07  1.175167E-01  1.014581E-05  1.042233E-06  8.844822E-07  1.944644E-04  2.643539E-04  1.579446E-06  3.461552E-07  4.456277E-07  1.031419E-06
 3.201500E+02  4.901715E-01  3.946350E-04  5.225002E-08  6.951660E-08  7.757289E-08  9.368066E-08  1.483265E-01  7.159354E-05  1.040368E-07  2.409214E-01  7.811663E-04  7.366275E-06  4.853721E-07  2.747530E-03  1.136191E-07  4.249718E-07  2.177174E-07  1.161093E-01  9.745555E-06  1.011559E-06  8.579072E-07  1.917683E-04  2.606873E-04  1.500178E-06  3.277763E-07  4.221004E-07  9.859851E-07
 3.211500E+02  4.908912E-01  3.907605E-04  5.071484E-08  6.749060E-08  7.531611E-08  9.097628E-08  1.483540E-01  7.038339E-05  9.822344E-08  2.416267E-01  7.722880E-04  7.016635E-06  4.755729E-07  2.701430E-03  1.082277E-07  4.057730E-07  2.097654E-07  1.147241E-01  9.362988E-06  9.819519E-07  8.322734E-07  1.891224E-04  2.570893E-04  1.425285E-06  3.104774E-07  3.999487E-07  9.428059E-07
 3.221500E+02  4.915994E-01  3.869454E-04  4.923412E-08  6.553600E-08  7.313875E-08  8.836648E-08  1.483809E-01  6.920220E-05  9.277107E-08  2.423208E-01  7.635241E-04  6.685094E-06  4.659987E-07  2.656402E-03  1.031260E-07  3.875629E-07  2.021540E-07  1.133609E-01  8.997263E-06  9.533706E-07  8.075434E-07  1.865257E-04  2.535583E-04  1.354507E-06  2.941894E-07  3.790851E-07  9.017586E-07
 3.231500E+02  4.922961E-01  3.831889E-04  4.780567E-08  6.364993E-08  7.103762E-08  8.584747E-08  1.484071E-01  6.804913E-05  8.765523E-08  2.430039E-01  7.548739E-04  6.370650E-06  4.566445E-07  2.612415E-03  9.829665E-08  3.702851E-07  1.948668E-07  1.120193E-01  8.647571E-06  9.257751E-07  7.836815E-07  1.839771E-04  2.500929E-04  1.287599E-06  2.788479E-07  3.594280E-07  8.627276E-07
 3.241500E+02  4.929817E-01  3.794897E-04  4.642736E-08  6.182964E-08  6.900965E-08  8.341564E-08  1.484327E-01  6.692334E-05  8.285320E-08  2.436762E-01  7.463365E-04  6.072359E-06  4.475054E-07  2.569439E-03  9.372363E-08  3.538864E-07  1.878881E-07  1.106989E-01  8.313147E-06  8.991271E-07  7.606534E-07  1.814757E-04  2.466918E-04  1.224332E-06  2.643931E-07  3.409015E-07  8.256037E-07
 3.251500E+02  4.936562E-01  3.758470E-04  4.509718E-08  6.007250E-08  6.705194E-08  8.106752E-08  1.484578E-01  6.582406E-05  7.834395E-08  2.443379E-01  7.379109E-04  5.789332E-06  4.385765E-07  2.527447E-03  8.939186E-08  3.383172E-07  1.812032E-07  1.093994E-01  7.993263E-06  8.733901E-07  7.384265E-07  1.790205E-04  2.433537E-04  1.164492E-06  2.507692E-07  3.234346E-07  7.902844E-07
 3.261500E+02  4.943199E-01  3.722596E-04  4.381322E-08  5.837600E-08  6.516170E-08  7.879983E-08  1.484823E-01  6.475051E-05  7.410794E-08  2.449890E-01  7.295964E-04  5.520731E-06  4.298529E-07  2.486412E-03  8.528726E-08  3.235308E-07  1.747982E-07  1.081205E-01  7.687229E-06  8.485289E-07  7.169693E-07  1.766105E-04  2.400771E-04  1.107879E-06  2.379241E-07  3.069614E-07  7.566730E-07
 3.271500E+02  4.949730E-01  3.687267E-04  4.257363E-08  5.673774E-08  6.333626E-08  7.660939E-08  1.485063E-01  6.370194E-05  7.012707E-08  2.456299E-01  7.213920E-04  5.265770E-06  4.213298E-07  2.446306E-03  8.139662E-08  3.094833E-07  1.686597E-07  1.068618E-01  7.394390E-06  8.245102E-07  6.962520E-07  1.742447E-04  2.368609E-04  1.054303E-06  2.258094E-07  2.914201E-07  7.246786E-07
 3.281500E+02  4.956157E-01  3.652471E-04  4.137666E-08  5.515543E-08  6.157307E-08  7.449318E-08  1.485297E-01  6.267765E-05  6.638451E-08  2.462607E-01  7.132967E-04  5.023703E-06  4.130028E-07  2.407105E-03  7.770759E-08  2.961337E-07  1.627752E-07  1.056229E-01  7.114124E-06  8.013017E-07  6.762459E-07  1.719224E-04  2.337038E-04  1.003588E-06  2.143797E-07  2.767533E-07  6.942154E-07
 3.291500E+02  4.962480E-01  3.618201E-04  4.022061E-08  5.362688E-08  5.986969E-08  7.244832E-08  1.485526E-01  6.167694E-05  6.286464E-08  2.468815E-01  7.053094E-04  4.793831E-06  4.048671E-07  2.368783E-03  7.420859E-08  2.834434E-07  1.571329E-07  1.044037E-01  6.845840E-06  7.788726E-07  6.569234E-07  1.696424E-04  2.306044E-04  9.555688E-07  2.035928E-07  2.629073E-07  6.652026E-07
 3.301500E+02  4.968703E-01  3.584446E-04  3.910390E-08  5.214999E-08  5.822381E-08  7.047205E-08  1.485750E-01  6.069914E-05  5.955295E-08  2.474925E-01  6.974293E-04  4.575494E-06  3.969183E-07  2.331317E-03  7.088876E-08  2.713761E-07  1.517214E-07  1.032036E-01  6.588978E-06  7.571933E-07  6.382582E-07  1.674040E-04  2.275617E-04  9.100895E-07  1.934092E-07  2.498319E-07  6.375639E-07
 3.311500E+02  4.974827E-01  3.551197E-04  3.802498E-08  5.072275E-08  5.663318E-08  6.856171E-08  1.485969E-01  5.974360E-05  5.643596E-08  2.480939E-01  6.896553E-04  4.368069E-06  3.891521E-07  2.294683E-03  6.773792E-08  2.598976E-07  1.465300E-07  1.020225E-01  6.343005E-06  7.362357E-07  6.202251E-07  1.652063E-04  2.245744E-04  8.670045E-07  1.837921E-07  2.374802E-07  6.112275E-07
 3.321500E+02  4.980853E-01  3.518446E-04  3.698238E-08  4.934325E-08  5.509567E-08  6.671479E-08  1.486184E-01  5.880970E-05  5.350111E-08  2.486858E-01  6.819862E-04  4.170970E-06  3.815640E-07  2.258858E-03  6.474653E-08  2.489761E-07  1.415486E-07  1.008599E-01  6.107416E-06  7.159725E-07  6.027999E-07  1.630484E-04  2.216414E-04  8.261771E-07  1.747072E-07  2.258086E-07  5.861256E-07
 3.331500E+02  4.986783E-01  3.486184E-04  3.597470E-08  4.800966E-08  5.360925E-08  6.492885E-08  1.486393E-01  5.789683E-05  5.073674E-08  2.492684E-01  6.744211E-04  3.983644E-06  3.741500E-07  2.223822E-03  6.190563E-08  2.385812E-07  1.367676E-07  9.971564E-02  5.881729E-06  6.963776E-07  5.859596E-07  1.609296E-04  2.187615E-04  7.874786E-07  1.661222E-07  2.147761E-07  5.621942E-07
 3.341500E+02  4.992618E-01  3.454401E-04  3.500060E-08  4.672020E-08  5.217196E-08  6.320157E-08  1.486599E-01  5.700440E-05  4.813198E-08  2.498418E-01  6.669588E-04  3.805568E-06  3.669059E-07  2.189553E-03  5.920681E-08  2.286848E-07  1.321778E-07  9.858933E-02  5.665487E-06  6.774263E-07  5.696818E-07  1.588489E-04  2.159336E-04  7.507886E-07  1.580070E-07  2.043445E-07  5.393731E-07
 3.351500E+02  4.998362E-01  3.423090E-04  3.405878E-08  4.547321E-08  5.078194E-08  6.153075E-08  1.486800E-01  5.613186E-05  4.567673E-08  2.504063E-01  6.595982E-04  3.636251E-06  3.598276E-07  2.156030E-03  5.664218E-08  2.192601E-07  1.277705E-07  9.748070E-02  5.458257E-06  6.590945E-07  5.539454E-07  1.568057E-04  2.131567E-04  7.159937E-07  1.503337E-07  1.944779E-07  5.176053E-07
 3.361500E+02  5.004014E-01  3.392243E-04  3.314802E-08  4.426706E-08  4.943738E-08  5.991425E-08  1.486996E-01  5.527865E-05  4.336157E-08  2.509619E-01  6.523383E-04  3.475228E-06  3.529112E-07  2.123233E-03  5.420431E-08  2.102819E-07  1.235375E-07  9.638944E-02  5.259626E-06  6.413593E-07  5.387299E-07  1.547991E-04  2.104297E-04  6.829876E-07  1.430758E-07  1.851428E-07  4.968369E-07
 3.371500E+02  5.009577E-01  3.361851E-04  3.226714E-08  4.310023E-08  4.813659E-08  5.835003E-08  1.487189E-01  5.444423E-05  4.117772E-08  2.515088E-01  6.451777E-04  3.322060E-06  3.461528E-07  2.091144E-03  5.188625E-08  2.017267E-07  1.194710E-07  9.531525E-02  5.069202E-06  6.241987E-07  5.240159E-07  1.528284E-04  2.077514E-04  6.516700E-07  1.362087E-07  1.763080E-07  4.770171E-07
 3.381500E+02  5.015052E-01  3.331906E-04  3.141500E-08  4.197123E-08  4.687791E-08  5.683615E-08  1.487377E-01  5.362810E-05  3.911701E-08  2.520471E-01  6.381156E-04  3.176335E-06  3.395486E-07  2.059744E-03  4.968144E-08  1.935723E-07  1.155635E-07  9.425785E-02  4.886611E-06  6.075915E-07  5.097846E-07  1.508928E-04  2.051211E-04  6.219472E-07  1.297095E-07  1.679440E-07  4.580981E-07
 3.391500E+02  5.020440E-01  3.302400E-04  3.059053E-08  4.087864E-08  4.565977E-08  5.537072E-08  1.487561E-01  5.282977E-05  3.717181E-08  2.525771E-01  6.311506E-04  3.037661E-06  3.330950E-07  2.029014E-03  4.758372E-08  1.857975E-07  1.118079E-07  9.321694E-02  4.711499E-06  5.915175E-07  4.960181E-07  1.489916E-04  2.025375E-04  5.937306E-07  1.235565E-07  1.600234E-07  4.400343E-07
 3.401500E+02  5.025744E-01  3.273327E-04  2.979268E-08  3.982112E-08  4.448066E-08  5.395197E-08  1.487742E-01  5.204874E-05  3.533499E-08  2.530988E-01  6.242816E-04  2.905670E-06  3.267882E-07  1.998937E-03  4.558731E-08  1.783826E-07  1.081975E-07  9.219225E-02  4.543528E-06  5.759572E-07  4.826991E-07  1.471241E-04  1.999998E-04  5.669370E-07  1.177296E-07  1.525204E-07  4.227830E-07
 3.411500E+02  5.030964E-01  3.244677E-04  2.902048E-08  3.879736E-08  4.333915E-08  5.257818E-08  1.487919E-01  5.128455E-05  3.359994E-08  2.536124E-01  6.175075E-04  2.780014E-06  3.206247E-07  1.969497E-03  4.368676E-08  1.713090E-07  1.047260E-07  9.118350E-02  4.382378E-06  5.608920E-07  4.698111E-07  1.452896E-04  1.975070E-04  5.414884E-07  1.122098E-07  1.454110E-07  4.063037E-07
 3.421500E+02  5.036103E-01  3.216445E-04  2.827295E-08  3.780611E-08  4.223384E-08  5.124768E-08  1.488092E-01  5.053675E-05  3.196043E-08  2.541180E-01  6.108271E-04  2.660364E-06  3.146011E-07  1.940676E-03  4.187694E-08  1.645591E-07  1.013873E-07  9.019042E-02  4.227743E-06  5.463040E-07  4.573382E-07  1.434874E-04  1.950582E-04  5.173111E-07  1.069794E-07  1.386724E-07  3.905579E-07
 3.431500E+02  5.041161E-01  3.188622E-04  2.754921E-08  3.684618E-08  4.116341E-08  4.995892E-08  1.488261E-01  4.980491E-05  3.041070E-08  2.546158E-01  6.042393E-04  2.546409E-06  3.087141E-07  1.912459E-03  4.015301E-08  1.581164E-07  9.817545E-08  8.921273E-02  4.079332E-06  5.321758E-07  4.452653E-07  1.417169E-04  1.926525E-04  4.943358E-07  1.020217E-07  1.322834E-07  3.755095E-07
 3.441500E+02  5.046140E-01  3.161202E-04  2.684836E-08  3.591644E-08  4.012658E-08  4.871036E-08  1.488427E-01  4.908860E-05  2.894532E-08  2.551058E-01  5.977428E-04  2.437855E-06  3.029602E-07  1.884829E-03  3.851045E-08  1.519651E-07  9.508510E-08  8.825018E-02  3.936869E-06  5.184911E-07  4.335777E-07  1.399774E-04  1.902889E-04  4.724973E-07  9.732124E-08  1.262242E-07  3.611241E-07
 3.451500E+02  5.051042E-01  3.134177E-04  2.616957E-08  3.501577E-08  3.912214E-08  4.750057E-08  1.488590E-01  4.838741E-05  2.755925E-08  2.555883E-01  5.913366E-04  2.334425E-06  2.973362E-07  1.857773E-03  3.694495E-08  1.460904E-07  9.211098E-08  8.730250E-02  3.800090E-06  5.052339E-07  4.222615E-07  1.382682E-04  1.879667E-04  4.517342E-07  9.286326E-08  1.204760E-07  3.473693E-07
 3.461500E+02  5.055867E-01  3.107541E-04  2.551205E-08  3.414313E-08  3.814890E-08  4.632813E-08  1.488750E-01  4.770094E-05  2.624776E-08  2.560634E-01  5.850195E-04  2.235858E-06  2.918390E-07  1.831276E-03  3.545250E-08  1.404785E-07  8.924810E-08  8.636943E-02  3.668745E-06  4.923890E-07  4.113031E-07  1.365888E-04  1.856849E-04  4.319888E-07  8.863406E-08  1.150213E-07  3.342144E-07
 3.471500E+02  5.060617E-01  3.081288E-04  2.487501E-08  3.329750E-08  3.720576E-08  4.519173E-08  1.488906E-01  4.702881E-05  2.500642E-08  2.565311E-01  5.787903E-04  2.141904E-06  2.864656E-07  1.805323E-03  3.402928E-08  1.351162E-07  8.649170E-08  8.545073E-02  3.542594E-06  4.799418E-07  4.006898E-07  1.349385E-04  1.834428E-04  4.132065E-07  8.462075E-08  1.098438E-07  3.216303E-07
 3.481500E+02  5.065294E-01  3.055409E-04  2.425771E-08  3.247792E-08  3.629162E-08  4.409006E-08  1.489059E-01  4.637064E-05  2.383111E-08  2.569917E-01  5.726478E-04  2.052331E-06  2.812128E-07  1.779900E-03  3.267171E-08  1.299909E-07  8.383727E-08  8.454615E-02  3.421412E-06  4.678781E-07  3.904090E-07  1.333168E-04  1.812395E-04  3.953359E-07  8.081124E-08  1.049277E-07  3.095894E-07
 3.491500E+02  5.069898E-01  3.029900E-04  2.365946E-08  3.168345E-08  3.540545E-08  4.302190E-08  1.489209E-01  4.572608E-05  2.271796E-08  2.574452E-01  5.665910E-04  1.966915E-06  2.760778E-07  1.754995E-03  3.137641E-08  1.250909E-07  8.128049E-08  8.365544E-02  3.304980E-06  4.561846E-07  3.804490E-07  1.317230E-04  1.790742E-04  3.783287E-07  7.719415E-08  1.002588E-07  2.980657E-07
 3.501500E+02  5.074431E-01  3.004754E-04  2.307956E-08  3.091321E-08  3.454627E-08  4.198607E-08  1.489356E-01  4.509477E-05  2.166333E-08  2.578917E-01  5.606186E-04  1.885448E-06  2.710576E-07  1.730595E-03  3.014018E-08  1.204052E-07  7.881725E-08  8.277836E-02  3.193092E-06  4.448481E-07  3.707982E-07  1.301567E-04  1.769462E-04  3.621393E-07  7.375881E-08  9.582329E-08  2.870343E-07
 3.511500E+02  5.078894E-01  2.979964E-04  2.251736E-08  3.016633E-08  3.371311E-08  4.098142E-08  1.489500E-01  4.447637E-05  2.066384E-08  2.583314E-01  5.547295E-04  1.807731E-06  2.661496E-07  1.706686E-03  2.896001E-08  1.159231E-07  7.644365E-08  8.191468E-02  3.085552E-06  4.338562E-07  3.614457E-07  1.286171E-04  1.748547E-04  3.467247E-07  7.049516E-08  9.160833E-08  2.764720E-07
 3.521500E+02  5.083289E-01  2.955525E-04  2.197225E-08  2.944199E-08  3.290506E-08  4.000686E-08  1.489641E-01  4.387055E-05  1.971631E-08  2.587644E-01  5.489226E-04  1.733576E-06  2.613509E-07  1.683256E-03  2.783306E-08  1.116348E-07  7.415595E-08  8.106417E-02  2.982173E-06  4.231969E-07  3.523809E-07  1.271038E-04  1.727989E-04  3.320441E-07  6.739378E-08  8.760189E-08  2.663563E-07
 3.531500E+02  5.087616E-01  2.931430E-04  2.144360E-08  2.873940E-08  3.212125E-08  3.906136E-08  1.489780E-01  4.327699E-05  1.881776E-08  2.591909E-01  5.431968E-04  1.662806E-06  2.566589E-07  1.660295E-03  2.675665E-08  1.075308E-07  7.195059E-08  8.022659E-02  2.882776E-06  4.128587E-07  3.435938E-07  1.256163E-04  1.707781E-04  3.180595E-07  6.444578E-08  8.379259E-08  2.566664E-07
 3.541500E+02  5.091878E-01  2.907674E-04  2.093085E-08  2.805780E-08  3.136081E-08  3.814389E-08  1.489915E-01  4.269539E-05  1.796538E-08  2.596108E-01  5.375509E-04  1.595253E-06  2.520710E-07  1.637789E-03  2.572824E-08  1.036022E-07  6.982418E-08  7.940173E-02  2.787190E-06  4.028304E-07  3.350745E-07  1.241541E-04  1.687917E-04  3.047345E-07  6.164283E-08  8.016976E-08  2.473822E-07
 3.551500E+02  5.096074E-01  2.884251E-04  2.043344E-08  2.739647E-08  3.062295E-08  3.725349E-08  1.490048E-01  4.212543E-05  1.715657E-08  2.600244E-01  5.319838E-04  1.530757E-06  2.475846E-07  1.615729E-03  2.474543E-08  9.984060E-08  6.777348E-08  7.858936E-02  2.695253E-06  3.931014E-07  3.268137E-07  1.227165E-04  1.668389E-04  2.920352E-07  5.897705E-08  7.672335E-08  2.384847E-07
 3.561500E+02  5.100206E-01  2.861155E-04  1.995083E-08  2.675469E-08  2.990689E-08  3.638923E-08  1.490179E-01  4.156684E-05  1.638886E-08  2.604318E-01  5.264945E-04  1.469168E-06  2.431973E-07  1.594103E-03  2.380596E-08  9.623796E-08  6.579540E-08  7.778927E-02  2.606811E-06  3.836615E-07  3.188024E-07  1.213032E-04  1.649190E-04  2.799293E-07  5.644107E-08  7.344388E-08  2.299560E-07
 3.571500E+02  5.104275E-01  2.838381E-04  1.948252E-08  2.613180E-08  2.921186E-08  3.555022E-08  1.490307E-01  4.101932E-05  1.565994E-08  2.608330E-01  5.210817E-04  1.410342E-06  2.389067E-07  1.572900E-03  2.290769E-08  9.278674E-08  6.388699E-08  7.700125E-02  2.521714E-06  3.745007E-07  3.110320E-07  1.199136E-04  1.630314E-04  2.683864E-07  5.402791E-08  7.032244E-08  2.217789E-07
 3.581500E+02  5.108283E-01  2.815923E-04  1.902800E-08  2.552714E-08  2.853716E-08  3.473559E-08  1.490433E-01  4.048259E-05  1.496765E-08  2.612281E-01  5.157445E-04  1.354146E-06  2.347103E-07  1.552111E-03  2.204859E-08  8.947977E-08  6.204543E-08  7.622508E-02  2.439824E-06  3.656096E-07  3.034941E-07  1.185473E-04  1.611754E-04  2.573778E-07  5.173102E-08  6.735064E-08  2.139374E-07
 3.591500E+02  5.112230E-01  2.793776E-04  1.858681E-08  2.494010E-08  2.788208E-08  3.394452E-08  1.490556E-01  3.995641E-05  1.430996E-08  2.616174E-01  5.104818E-04  1.300449E-06  2.306060E-07  1.531725E-03  2.122674E-08  8.631026E-08  6.026805E-08  7.546056E-02  2.361005E-06  3.569791E-07  2.961808E-07  1.172038E-04  1.593505E-04  2.468763E-07  4.954423E-08  6.452056E-08  2.064160E-07
 3.601500E+02  5.116118E-01  2.771936E-04  1.815849E-08  2.437008E-08  2.724597E-08  3.317620E-08  1.490677E-01  3.944049E-05  1.368494E-08  2.620008E-01  5.052924E-04  1.249132E-06  2.265914E-07  1.511733E-03  2.044034E-08  8.327175E-08  5.855225E-08  7.470749E-02  2.285128E-06  3.486003E-07  2.890843E-07  1.158827E-04  1.575559E-04  2.368562E-07  4.746171E-08  6.182474E-08  1.992001E-07
 3.611500E+02  5.119947E-01  2.750395E-04  1.774261E-08  2.381650E-08  2.662818E-08  3.242989E-08  1.490795E-01  3.893460E-05  1.309081E-08  2.623784E-01  5.001753E-04  1.200079E-06  2.226644E-07  1.492126E-03  1.968767E-08  8.035816E-08  5.689561E-08  7.396567E-02  2.212072E-06  3.404647E-07  2.821973E-07  1.145834E-04  1.557911E-04  2.272934E-07  4.547798E-08  5.925616E-08  1.922758E-07
 3.621500E+02  5.123718E-01  2.729151E-04  1.733873E-08  2.327880E-08  2.602809E-08  3.170483E-08  1.490911E-01  3.843848E-05  1.252588E-08  2.627505E-01  4.951296E-04  1.153180E-06  2.188229E-07  1.472893E-03  1.896711E-08  7.756368E-08  5.529577E-08  7.323491E-02  2.141719E-06  3.325644E-07  2.755126E-07  1.133056E-04  1.540554E-04  2.181648E-07  4.358787E-08  5.680818E-08  1.856299E-07
 3.631500E+02  5.127433E-01  2.708197E-04  1.694645E-08  2.275646E-08  2.544512E-08  3.100033E-08  1.491026E-01  3.795191E-05  1.198855E-08  2.631170E-01  4.901540E-04  1.108333E-06  2.150647E-07  1.454027E-03  1.827711E-08  7.488281E-08  5.375049E-08  7.251502E-02  2.073958E-06  3.248913E-07  2.690234E-07  1.120489E-04  1.523484E-04  2.094489E-07  4.178649E-08  5.447455E-08  1.792499E-07
 3.641500E+02  5.131093E-01  2.687529E-04  1.656540E-08  2.224895E-08  2.487868E-08  3.031569E-08  1.491137E-01  3.747464E-05  1.147734E-08  2.634781E-01  4.852477E-04  1.065440E-06  2.113879E-07  1.435519E-03  1.761623E-08  7.231035E-08  5.225763E-08  7.180580E-02  2.008682E-06  3.174379E-07  2.627231E-07  1.108127E-04  1.506694E-04  2.011251E-07  4.006926E-08  5.224936E-08  1.731239E-07
 3.651500E+02  5.134698E-01  2.667142E-04  1.619518E-08  2.175580E-08  2.432824E-08  2.965027E-08  1.491247E-01  3.700646E-05  1.099083E-08  2.638338E-01  4.804096E-04  1.024406E-06  2.077905E-07  1.417359E-03  1.698307E-08  6.984134E-08  5.081515E-08  7.110708E-02  1.945789E-06  3.101970E-07  2.566054E-07  1.095968E-04  1.490178E-04  1.931739E-07  3.843183E-08  5.012704E-08  1.672406E-07
 3.661500E+02  5.138250E-01  2.647032E-04  1.583545E-08  2.127652E-08  2.379326E-08  2.900343E-08  1.491355E-01  3.654715E-05  1.052771E-08  2.641843E-01  4.756386E-04  9.851444E-07  2.042705E-07  1.399541E-03  1.637634E-08  6.747108E-08  4.942108E-08  7.041867E-02  1.885183E-06  3.031616E-07  2.506641E-07  1.084007E-04  1.473932E-04  1.855771E-07  3.687009E-08  4.810234E-08  1.615891E-07
 3.671500E+02  5.141749E-01  2.627193E-04  1.548584E-08  2.081065E-08  2.327323E-08  2.837456E-08  1.491461E-01  3.609650E-05  1.008672E-08  2.645296E-01  4.709339E-04  9.475709E-07  2.008262E-07  1.382056E-03  1.579480E-08  6.519510E-08  4.807356E-08  6.974039E-02  1.826769E-06  2.963250E-07  2.448934E-07  1.072241E-04  1.457950E-04  1.783172E-07  3.538019E-08  4.617029E-08  1.561593E-07
 3.681500E+02  5.145196E-01  2.607623E-04  1.514604E-08  2.035776E-08  2.276767E-08  2.776308E-08  1.491565E-01  3.565429E-05  9.666707E-09  2.648699E-01  4.662944E-04  9.116060E-07  1.974555E-07  1.364897E-03  1.523726E-08  6.300917E-08  4.677079E-08  6.907208E-02  1.770460E-06  2.896805E-07  2.392876E-07  1.060665E-04  1.442227E-04  1.713778E-07  3.395846E-08  4.432620E-08  1.509413E-07
 3.691500E+02  5.148593E-01  2.588315E-04  1.481571E-08  1.991742E-08  2.227610E-08  2.716842E-08  1.491667E-01  3.522034E-05  9.266550E-09  2.652051E-01  4.617191E-04  8.771743E-07  1.941569E-07  1.348055E-03  1.470261E-08  6.090926E-08  4.551106E-08  6.841355E-02  1.716171E-06  2.832220E-07  2.338413E-07  1.049275E-04  1.426758E-04  1.647432E-07  3.260146E-08  4.256564E-08  1.459260E-07
 3.701500E+02  5.151939E-01  2.569265E-04  1.449455E-08  1.948922E-08  2.179807E-08  2.659005E-08  1.491767E-01  3.479445E-05  8.885210E-09  2.655355E-01  4.572071E-04  8.442040E-07  1.909285E-07  1.331524E-03  1.418980E-08  5.889153E-08  4.429274E-08  6.776465E-02  1.663820E-06  2.769435E-07  2.285492E-07  1.038069E-04  1.411537E-04  1.583988E-07  3.130593E-08  4.088441E-08  1.411043E-07
 3.711500E+02  5.155237E-01  2.550471E-04  1.418226E-08  1.907278E-08  2.133314E-08  2.602742E-08  1.491866E-01  3.437643E-05  8.521707E-09  2.658611E-01  4.527574E-04  8.126272E-07  1.877686E-07  1.315296E-03  1.369781E-08  5.695234E-08  4.311424E-08  6.712520E-02  1.613329E-06  2.708391E-07  2.234062E-07  1.027042E-04  1.396561E-04  1.523305E-07  3.006878E-08  3.927856E-08  1.364681E-07
 3.721500E+02  5.158486E-01  2.531926E-04  1.387854E-08  1.866770E-08  2.088089E-08  2.548005E-08  1.491962E-01  3.396610E-05  8.175114E-09  2.661819E-01  4.483691E-04  7.823792E-07  1.846757E-07  1.299365E-03  1.322571E-08  5.508823E-08  4.197406E-08  6.649504E-02  1.564626E-06  2.649032E-07  2.184076E-07  1.016192E-04  1.381824E-04  1.465251E-07  2.888710E-08  3.774434E-08  1.320092E-07
 3.731500E+02  5.161688E-01  2.513628E-04  1.358314E-08  1.827364E-08  2.044091E-08  2.494745E-08  1.492057E-01  3.356327E-05  7.844557E-09  2.664980E-01  4.440413E-04  7.533986E-07  1.816480E-07  1.283724E-03  1.277257E-08  5.329591E-08  4.087077E-08  6.587402E-02  1.517638E-06  2.591305E-07  2.135485E-07  1.005514E-04  1.367321E-04  1.409700E-07  2.775814E-08  3.627821E-08  1.277200E-07
