#         T/K            c1          c2-1          c3-4          c3-5          c3-7          c3-9            m1          m2-1          m3-1            w1            w2          w3-1          w3-2          c1m1        c1m2-1        c1m2-7        c2m1-1        c1w1-2        c1w2-1        c2w1-1        c2w1-9        m1w1-1        m1w1-4        m1w2-1        m2w1-1        m2w1-3      c1m1w1-1
 2.731500E+02  1.143510E-01  4.453296E-05  4.591772E-09  6.026811E-09  6.705307E-09  7.995244E-09  9.828024E-02  8.360337E-05  7.676103E-07  5.984602E-01  1.264833E-02  2.718915E-03  3.814928E-05  1.210120E-03  1.956731E-07  6.420657E-07  7.599985E-08  1.698601E-01  1.973112E-04  1.015111E-06  8.913747E-07  8.177643E-04  1.113198E-03  1.471716E-04  8.751001E-06  1.108326E-05  5.962666E-06
 2.741500E+02  1.154083E-01  4.449573E-05  4.488695E-09  5.893516E-09  6.557494E-09  7.821462E-09  9.831822E-02  8.157832E-05  7.078777E-07  5.999785E-01  1.240096E-02  2.527735E-03  3.684511E-05  1.189096E-03  1.838759E-07  6.053093E-07  7.303358E-08  1.677737E-01  1.870759E-04  9.841104E-07  8.634077E-07  8.002578E-04  1.089298E-03  1.365258E-04  8.095556E-06  1.025721E-05  5.625020E-06
 2.751500E+02  1.164543E-01  4.445069E-05  4.387555E-09  5.762659E-09  6.412369E-09  7.650758E-09  9.835498E-02  7.961807E-05  6.532053E-07  6.014638E-01  1.215952E-02  2.351067E-03  3.559238E-05  1.168493E-03  1.728589E-07  5.708722E-07  7.019295E-08  1.657092E-01  1.774176E-04  9.540960E-07  8.363577E-07  7.832356E-04  1.066062E-03  1.267147E-04  7.493464E-06  9.498111E-06  5.308257E-06
 2.761500E+02  1.174889E-01  4.439802E-05  4.288338E-09  5.634225E-09  6.269916E-09  7.483119E-09  9.839057E-02  7.772013E-05  6.031318E-07  6.029175E-01  1.192388E-02  2.187740E-03  3.438892E-05  1.148303E-03  1.625664E-07  5.385956E-07  6.747228E-08  1.636666E-01  1.683018E-04  9.250369E-07  8.101952E-07  7.666826E-04  1.043469E-03  1.176682E-04  6.940062E-06  8.800129E-06  5.010990E-06
 2.771500E+02  1.185120E-01  4.433792E-05  4.191030E-09  5.508201E-09  6.130120E-09  7.318531E-09  9.842505E-02  7.588214E-05  5.572407E-07  6.043406E-01  1.169391E-02  2.036681E-03  3.323268E-05  1.128517E-03  1.529467E-07  5.083319E-07  6.486616E-08  1.616464E-01  1.596959E-04  8.969039E-07  7.848917E-07  7.505843E-04  1.021501E-03  1.093226E-04  6.431123E-06  8.157980E-06  4.731928E-06
 2.781500E+02  1.195235E-01  4.427057E-05  4.095618E-09  5.384571E-09  5.992965E-09  7.156979E-09  9.845847E-02  7.410182E-05  5.151558E-07  6.057344E-01  1.146948E-02  1.896910E-03  3.212166E-05  1.109126E-03  1.439522E-07  4.799449E-07  6.236946E-08  1.596485E-01  1.515697E-04  8.696683E-07  7.604196E-07  7.349267E-04  1.000136E-03  1.016198E-04  5.962810E-06  7.566865E-06  4.469872E-06
 2.791500E+02  1.205234E-01  4.419619E-05  4.002086E-09  5.263320E-09  5.858435E-09  6.998448E-09  9.849087E-02  7.237702E-05  4.765369E-07  6.070998E-01  1.125044E-02  1.767528E-03  3.105397E-05  1.090123E-03  1.355389E-07  4.533080E-07  5.997730E-08  1.576733E-01  1.438947E-04  8.433022E-07  7.367521E-07  7.196962E-04  9.793566E-04  9.450679E-05  5.531636E-06  7.022423E-06  4.223707E-06
 2.801500E+02  1.215116E-01  4.411497E-05  3.910420E-09  5.144432E-09  5.726511E-09  6.842920E-09  9.852229E-02  7.070565E-05  4.410766E-07  6.084377E-01  1.103667E-02  1.647709E-03  3.002777E-05  1.071500E-03  1.276661E-07  4.283040E-07  5.768503E-08  1.557208E-01  1.366440E-04  8.177787E-07  7.138631E-07  7.048793E-04  9.591442E-04  8.793514E-05  5.134436E-06  6.520690E-06  3.992396E-06
 2.811500E+02  1.224880E-01  4.402713E-05  3.820603E-09  5.027888E-09  5.597176E-09  6.690378E-09  9.855278E-02  6.908573E-05  4.084962E-07  6.097492E-01  1.082804E-02  1.536700E-03  2.904131E-05  1.053248E-03  1.202962E-07  4.048240E-07  5.548822E-08  1.537911E-01  1.297928E-04  7.930715E-07  6.917275E-07  6.904634E-04  9.394810E-04  8.186066E-05  4.768329E-06  6.058059E-06  3.774973E-06
 2.821500E+02  1.234527E-01  4.393287E-05  3.732620E-09  4.913670E-09  5.470410E-09  6.540801E-09  9.858237E-02  6.751537E-05  3.785437E-07  6.110351E-01  1.062442E-02  1.433808E-03  2.809290E-05  1.035361E-03  1.133944E-07  3.827672E-07  5.338265E-08  1.518843E-01  1.233174E-04  7.691550E-07  6.703207E-07  6.764359E-04  9.203499E-04  7.624298E-05  4.430695E-06  5.631251E-06  3.570540E-06
 2.831500E+02  1.244057E-01  4.383242E-05  3.646452E-09  4.801759E-09  5.346191E-09  6.394168E-09  9.861111E-02  6.599273E-05  3.509904E-07  6.122960E-01  1.042567E-02  1.338398E-03  2.718095E-05  1.017831E-03  1.069285E-07  3.620398E-07  5.136432E-08  1.500005E-01  1.171957E-04  7.460045E-07  6.496190E-07  6.627847E-04  9.017341E-04  7.104523E-05  4.119151E-06  5.237276E-06  3.378259E-06
 2.841500E+02  1.253468E-01  4.372598E-05  3.562082E-09  4.692134E-09  5.224497E-09  6.250456E-09  9.863902E-02  6.451609E-05  3.256289E-07  6.135329E-01  1.023169E-02  1.249888E-03  2.630390E-05  1.000651E-03  1.008686E-07  3.425545E-07  4.942939E-08  1.481397E-01  1.114071E-04  7.235959E-07  6.295995E-07  6.494982E-04  8.836178E-04  6.623367E-05  3.831525E-06  4.873414E-06  3.197353E-06
 2.851500E+02  1.262762E-01  4.361377E-05  3.479492E-09  4.584774E-09  5.105306E-09  6.109641E-09  9.866613E-02  6.308376E-05  3.022711E-07  6.147463E-01  1.004234E-02  1.167742E-03  2.546029E-05  9.838138E-04  9.518716E-08  3.242306E-07  4.757420E-08  1.463019E-01  1.059322E-04  7.019056E-07  6.102396E-07  6.365651E-04  8.659851E-04  6.177746E-05  3.565837E-06  4.537182E-06  3.027095E-06
 2.861500E+02  1.271937E-01  4.349601E-05  3.398660E-09  4.479654E-09  4.988591E-09  5.971696E-09  9.869249E-02  6.169415E-05  2.807460E-07  6.159370E-01  9.857500E-03  1.091472E-03  2.464871E-05  9.673123E-04  8.985848E-08  3.069926E-07  4.579528E-08  1.444871E-01  1.007527E-04  6.809111E-07  5.915179E-07  6.239744E-04  8.488211E-04  5.764836E-05  3.320285E-06  4.226319E-06  2.866809E-06
 2.871500E+02  1.280996E-01  4.337290E-05  3.319567E-09  4.376752E-09  4.874327E-09  5.836594E-09  9.871811E-02  6.034572E-05  2.608984E-07  6.171055E-01  9.677057E-03  1.020624E-03  2.386780E-05  9.511401E-04  8.485884E-08  2.907707E-07  4.408929E-08  1.426952E-01  9.585145E-05  6.605900E-07  5.734133E-07  6.117155E-04  8.321112E-04  5.382054E-05  3.093221E-06  3.938758E-06  2.715863E-06
 2.881500E+02  1.289937E-01  4.324467E-05  3.242193E-09  4.276043E-09  4.762487E-09  5.704306E-09  9.874303E-02  5.903701E-05  2.425870E-07  6.182525E-01  9.500896E-03  9.547866E-04  2.311627E-05  9.352903E-04  8.016619E-08  2.754995E-07  4.245308E-08  1.409263E-01  9.121244E-05  6.409211E-07  5.559054E-07  5.997782E-04  8.158414E-04  5.027032E-05  2.883145E-06  3.672614E-06  2.573670E-06
 2.891500E+02  1.298762E-01  4.311152E-05  3.166514E-09  4.177499E-09  4.653043E-09  5.574801E-09  9.876727E-02  5.776660E-05  2.256834E-07  6.193785E-01  9.328901E-03  8.935782E-04  2.239290E-05  9.197566E-04  7.576009E-08  2.611185E-07  4.088361E-08  1.391802E-01  8.682056E-05  6.218835E-07  5.389745E-07  5.881525E-04  7.999979E-04  4.697602E-05  2.688684E-06  3.426165E-06  2.439681E-06
 2.901500E+02  1.307471E-01  4.297365E-05  3.092508E-09  4.081095E-09  4.545965E-09  5.448047E-09  9.879085E-02  5.653315E-05  2.100704E-07  6.204841E-01  9.160965E-03  8.366492E-04  2.169650E-05  9.045326E-04  7.162154E-08  2.475711E-07  3.937800E-08  1.374569E-01  8.266163E-05  6.034568E-07  5.226015E-07  5.768290E-04  7.845676E-04  4.391776E-05  2.508585E-06  3.197836E-06  2.313385E-06
 2.911500E+02  1.316063E-01  4.283129E-05  3.020153E-09  3.986803E-09  4.441223E-09  5.324012E-09  9.881380E-02  5.533535E-05  1.956416E-07  6.215697E-01  8.996978E-03  7.836778E-04  2.102595E-05  8.896119E-04  6.773290E-08  2.348047E-07  3.793348E-08  1.357563E-01  7.872236E-05  5.856215E-07  5.067677E-07  5.657984E-04  7.695378E-04  4.107729E-05  2.341702E-06  2.986187E-06  2.194303E-06
 2.921500E+02  1.324541E-01  4.268462E-05  2.949425E-09  3.894594E-09  4.338786E-09  5.202661E-09  9.883615E-02  5.417196E-05  1.822998E-07  6.226359E-01  8.836836E-03  7.343680E-04  2.038017E-05  8.749885E-04  6.407778E-08  2.227703E-07  3.654742E-08  1.340784E-01  7.499022E-05  5.683584E-07  4.914553E-07  5.550516E-04  7.548962E-04  3.843789E-05  2.186987E-06  2.789901E-06  2.081989E-06
 2.931500E+02  1.332904E-01  4.253385E-05  2.880299E-09  3.804438E-09  4.238621E-09  5.083958E-09  9.885791E-02  5.304179E-05  1.699563E-07  6.236831E-01  8.680437E-03  6.884474E-04  1.975813E-05  8.606563E-04  6.064096E-08  2.114221E-07  3.521730E-08  1.324229E-01  7.145347E-05  5.516492E-07  4.766468E-07  5.445801E-04  7.406309E-04  3.598420E-05  2.043481E-06  2.607772E-06  1.976028E-06
 2.941500E+02  1.341153E-01  4.237918E-05  2.812751E-09  3.716306E-09  4.140697E-09  4.967868E-09  9.887910E-02  5.194368E-05  1.585304E-07  6.247118E-01  8.527681E-03  6.456650E-04  1.915886E-05  8.466094E-04  5.740825E-08  2.007175E-07  3.394073E-08  1.307897E-01  6.810107E-05  5.354757E-07  4.623254E-07  5.343754E-04  7.267304E-04  3.370210E-05  1.910306E-06  2.438695E-06  1.876028E-06
 2.951500E+02  1.349290E-01  4.222080E-05  2.746756E-09  3.630167E-09  4.044978E-09  4.854352E-09  9.889974E-02  5.087654E-05  1.479481E-07  6.257224E-01  8.378472E-03  6.057899E-04  1.858140E-05  8.328420E-04  5.436649E-08  1.906165E-07  3.271541E-08  1.291788E-01  6.492263E-05  5.198207E-07  4.484747E-07  5.244296E-04  7.131837E-04  3.157864E-05  1.786657E-06  2.281658E-06  1.781628E-06
 2.961500E+02  1.357314E-01  4.205889E-05  2.682288E-09  3.545990E-09  3.951432E-09  4.743372E-09  9.891986E-02  4.983931E-05  1.381419E-07  6.267152E-01  8.232714E-03  5.686089E-04  1.802487E-05  8.193484E-04  5.150340E-08  1.810822E-07  3.153914E-08  1.275899E-01  6.190841E-05  5.046672E-07  4.350789E-07  5.147348E-04  6.999799E-04  2.960190E-05  1.671796E-06  2.135732E-06  1.692486E-06
 2.971500E+02  1.365226E-01  4.189365E-05  2.619323E-09  3.463743E-09  3.860023E-09  4.634891E-09  9.893946E-02  4.883098E-05  1.290503E-07  6.276907E-01  8.090316E-03  5.339257E-04  1.748840E-05  8.061230E-04  4.880757E-08  1.720798E-07  3.040983E-08  1.260229E-01  5.904921E-05  4.899988E-07  4.221227E-07  5.052834E-04  6.871087E-04  2.776091E-05  1.565047E-06  2.000065E-06  1.608286E-06
 2.981500E+02  1.373028E-01  4.172526E-05  2.557833E-09  3.383394E-09  3.770716E-09  4.528867E-09  9.895857E-02  4.785056E-05  1.206167E-07  6.286493E-01  7.951189E-03  5.015594E-04  1.697118E-05  7.931602E-04  4.626836E-08  1.635768E-07  2.932547E-08  1.244777E-01  5.633640E-05  4.757998E-07  4.095914E-07  4.960681E-04  6.745601E-04  2.604560E-05  1.465791E-06  1.873877E-06  1.528729E-06
 2.991500E+02  1.380721E-01  4.155389E-05  2.497793E-09  3.304911E-09  3.683476E-09  4.425262E-09  9.897720E-02  4.689712E-05  1.127895E-07  6.295912E-01  7.815245E-03  4.713428E-04  1.647243E-05  7.804548E-04  4.387587E-08  1.555430E-07  2.828416E-08  1.229541E-01  5.376188E-05  4.620546E-07  3.974705E-07  4.870819E-04  6.623244E-04  2.444669E-05  1.373456E-06  1.756449E-06  1.453538E-06
 3.001500E+02  1.388305E-01  4.137971E-05  2.439176E-09  3.228260E-09  3.598267E-09  4.324034E-09  9.899536E-02  4.596976E-05  1.055214E-07  6.305170E-01  7.682400E-03  4.431217E-04  1.599138E-05  7.680013E-04  4.162086E-08  1.479502E-07  2.728407E-08  1.214518E-01  5.131799E-05  4.487484E-07  3.857461E-07  4.783181E-04  6.503924E-04  2.295561E-05  1.287520E-06  1.647122E-06  1.382452E-06
 3.011500E+02  1.395781E-01  4.120290E-05  2.381957E-09  3.153410E-09  3.515052E-09  4.225142E-09  9.901308E-02  4.506761E-05  9.876909E-08  6.314268E-01  7.552572E-03  4.167537E-04  1.552734E-05  7.557945E-04  3.949472E-08  1.407718E-07  2.632344E-08  1.199708E-01  4.899755E-05  4.358668E-07  3.744050E-07  4.697698E-04  6.387548E-04  2.156451E-05  1.207502E-06  1.545289E-06  1.315227E-06
 3.021500E+02  1.403151E-01  4.102362E-05  2.326108E-09  3.080327E-09  3.433795E-09  4.128545E-09  9.903037E-02  4.418983E-05  9.249283E-08  6.323211E-01  7.425681E-03  3.921073E-04  1.507961E-05  7.438295E-04  3.748942E-08  1.339832E-07  2.540062E-08  1.185108E-01  4.679380E-05  4.233958E-07  3.634340E-07  4.614310E-04  6.274030E-04  2.026611E-05  1.132960E-06  1.450393E-06  1.251636E-06
 3.031500E+02  1.410415E-01  4.084202E-05  2.271603E-09  3.008977E-09  3.354460E-09  4.034202E-09  9.904723E-02  4.333564E-05  8.665616E-08  6.332001E-01  7.301649E-03  3.690610E-04  1.464754E-05  7.321011E-04  3.559748E-08  1.275611E-07  2.451399E-08  1.170715E-01  4.470035E-05  4.113217E-07  3.528206E-07  4.532952E-04  6.163286E-04  1.905372E-05  1.063487E-06  1.361922E-06  1.191465E-06
 3.041500E+02  1.417574E-01  4.065828E-05  2.218415E-09  2.939328E-09  3.277009E-09  3.942070E-09  9.906369E-02  4.250424E-05  8.122566E-08  6.340642E-01  7.180401E-03  3.475024E-04  1.423051E-05  7.206044E-04  3.381191E-08  1.214838E-07  2.366205E-08  1.156529E-01  4.271121E-05  3.996317E-07  3.425527E-07  4.453567E-04  6.055233E-04  1.792117E-05  9.987095E-07  1.279402E-06  1.134513E-06
 3.051500E+02  1.424630E-01  4.047252E-05  2.166518E-09  2.871346E-09  3.201407E-09  3.852109E-09  9.907975E-02  4.169491E-05  7.617060E-08  6.349136E-01  7.061862E-03  3.273275E-04  1.382792E-05  7.093346E-04  3.212616E-08  1.157312E-07  2.284332E-08  1.142547E-01  4.082073E-05  3.883128E-07  3.326185E-07  4.376096E-04  5.949793E-04  1.686276E-05  9.382825E-07  1.202399E-06  1.080593E-06
 3.061500E+02  1.431584E-01  4.028491E-05  2.115886E-09  2.804999E-09  3.127617E-09  3.764276E-09  9.909543E-02  4.090693E-05  7.146279E-08  6.357486E-01  6.945963E-03  3.084402E-04  1.343920E-05  6.982869E-04  3.053416E-08  1.102842E-07  2.205642E-08  1.128766E-01  3.902358E-05  3.773528E-07  3.230067E-07  4.300483E-04  5.846891E-04  1.587321E-05  8.818887E-07  1.130512E-06  1.029529E-06
 3.071500E+02  1.438436E-01  4.009559E-05  2.066492E-09  2.740252E-09  3.055602E-09  3.678529E-09  9.911074E-02  4.013961E-05  6.707627E-08  6.365696E-01  6.832634E-03  2.907515E-04  1.306380E-05  6.874568E-04  2.903021E-08  1.051250E-07  2.130001E-08  1.115185E-01  3.731476E-05  3.667400E-07  3.137063E-07  4.226676E-04  5.746450E-04  1.494768E-05  8.292356E-07  1.063372E-06  9.811562E-07
 3.081500E+02  1.445189E-01  3.990468E-05  2.018310E-09  2.677074E-09  2.985327E-09  3.594828E-09  9.912569E-02  3.939229E-05  6.298721E-08  6.373768E-01  6.721808E-03  2.741790E-04  1.270120E-05  6.768396E-04  2.760898E-08  1.002369E-07  2.057281E-08  1.101802E-01  3.568952E-05  3.564626E-07  3.047067E-07  4.154622E-04  5.648402E-04  1.408165E-05  7.800535E-07  1.000637E-06  9.353195E-07
 3.091500E+02  1.451842E-01  3.971234E-05  1.971314E-09  2.615430E-09  2.916754E-09  3.513129E-09  9.914029E-02  3.866434E-05  5.917365E-08  6.381704E-01  6.613419E-03  2.586463E-04  1.235089E-05  6.664310E-04  2.626550E-08  9.560429E-08  1.987362E-08  1.088613E-01  3.414343E-05  3.465096E-07  2.959977E-07  4.084270E-04  5.552676E-04  1.327098E-05  7.340936E-07  9.419937E-07  8.918740E-07
 3.101500E+02  1.458398E-01  3.951867E-05  1.925479E-09  2.555290E-09  2.849848E-09  3.433393E-09  9.915455E-02  3.795513E-05  5.561540E-08  6.389507E-01  6.507404E-03  2.440828E-04  1.201241E-05  6.562264E-04  2.499512E-08  9.121253E-08  1.920125E-08  1.075618E-01  3.267226E-05  3.368703E-07  2.875694E-07  4.015572E-04  5.459207E-04  1.251182E-05  6.911262E-07  8.871510E-07  8.506835E-07
 3.111500E+02  1.464857E-01  3.932382E-05  1.880778E-09  2.496620E-09  2.784573E-09  3.355577E-09  9.916848E-02  3.726409E-05  5.229384E-08  6.397180E-01  6.403701E-03  2.304228E-04  1.168529E-05  6.462216E-04  2.379349E-08  8.704785E-08  1.855461E-08  1.062813E-01  3.127206E-05  3.275342E-07  2.794122E-07  3.948480E-04  5.367928E-04  1.180062E-05  6.509395E-07  8.358410E-07  8.116201E-07
 3.121500E+02  1.471221E-01  3.912790E-05  1.837188E-09  2.439388E-09  2.720894E-09  3.279641E-09  9.918209E-02  3.659063E-05  4.919183E-08  6.404725E-01  6.302251E-03  2.176055E-04  1.136909E-05  6.364124E-04  2.265652E-08  8.309736E-08  1.793262E-08  1.050197E-01  2.993910E-05  3.184912E-07  2.715168E-07  3.882950E-04  5.278779E-04  1.113408E-05  6.133374E-07  7.878158E-07  7.745638E-07
 3.131500E+02  1.477491E-01  3.893102E-05  1.794682E-09  2.383563E-09  2.658777E-09  3.205546E-09  9.919539E-02  3.593421E-05  4.629356E-08  6.412145E-01  6.202995E-03  2.055745E-04  1.106339E-05  6.267947E-04  2.158042E-08  7.934894E-08  1.733426E-08  1.037767E-01  2.866984E-05  3.097316E-07  2.638744E-07  3.818938E-04  5.191699E-04  1.050915E-05  5.781391E-07  7.428465E-07  7.394017E-07
 3.141500E+02  1.483668E-01  3.873330E-05  1.753236E-09  2.329114E-09  2.598185E-09  3.133249E-09  9.920839E-02  3.529431E-05  4.358444E-08  6.419442E-01  6.105877E-03  1.942773E-04  1.076780E-05  6.173643E-04  2.056161E-08  7.579122E-08  1.675856E-08  1.025520E-01  2.746097E-05  3.012459E-07  2.564763E-07  3.756399E-04  5.106629E-04  9.923010E-06  5.451771E-07  7.007210E-07  7.060280E-07
 3.151500E+02  1.489752E-01  3.853485E-05  1.712826E-09  2.276008E-09  2.539085E-09  3.062713E-09  9.922109E-02  3.467041E-05  4.105101E-08  6.426617E-01  6.010842E-03  1.836655E-04  1.048193E-05  6.081174E-04  1.959675E-08  7.241354E-08  1.620458E-08  1.013455E-01  2.630933E-05  2.930252E-07  2.493143E-07  3.695294E-04  5.023513E-04  9.373032E-06  5.142967E-07  6.612434E-07  6.743431E-07
 3.161500E+02  1.495747E-01  3.833576E-05  1.673427E-09  2.224217E-09  2.481444E-09  2.993898E-09  9.923351E-02  3.406203E-05  3.868086E-08  6.433674E-01  5.917837E-03  1.736937E-04  1.020541E-05  5.990501E-04  1.868270E-08  6.920586E-08  1.567145E-08  1.001569E-01  2.521196E-05  2.850604E-07  2.423801E-07  3.635582E-04  4.942297E-04  8.856792E-06  4.853545E-07  6.242322E-07  6.442534E-07
 3.171500E+02  1.501652E-01  3.813615E-05  1.635016E-09  2.173709E-09  2.425227E-09  2.926764E-09  9.924565E-02  3.346868E-05  3.646250E-08  6.440615E-01  5.826810E-03  1.643201E-04  9.937884E-06  5.901585E-04  1.781653E-08  6.615876E-08  1.515829E-08  9.898596E-02  2.416606E-05  2.773433E-07  2.356663E-07  3.577225E-04  4.862926E-04  8.372034E-06  4.582180E-07  5.895192E-07  6.156710E-07
 3.181500E+02  1.507468E-01  3.793611E-05  1.597569E-09  2.124454E-09  2.370402E-09  2.861274E-09  9.925753E-02  3.288991E-05  3.438531E-08  6.447442E-01  5.737710E-03  1.555057E-04  9.679018E-06  5.814390E-04  1.699549E-08  6.326338E-08  1.466430E-08  9.783246E-02  2.316899E-05  2.698654E-07  2.291651E-07  3.520184E-04  4.785352E-04  7.916667E-06  4.327642E-07  5.569488E-07  5.885130E-07
 3.191500E+02  1.513198E-01  3.773573E-05  1.561064E-09  2.076424E-09  2.316936E-09  2.797391E-09  9.926914E-02  3.232529E-05  3.243951E-08  6.454156E-01  5.650490E-03  1.472141E-04  9.428489E-06  5.728878E-04  1.621699E-08  6.051139E-08  1.418869E-08  9.669616E-02  2.221825E-05  2.626190E-07  2.228694E-07  3.464425E-04  4.709522E-04  7.488749E-06  4.088793E-07  5.263765E-07  5.627016E-07
 3.201500E+02  1.518842E-01  3.753510E-05  1.525478E-09  2.029588E-09  2.264798E-09  2.735076E-09  9.928049E-02  3.177438E-05  3.061600E-08  6.460761E-01  5.565101E-03  1.394116E-04  9.185986E-06  5.645013E-04  1.547861E-08  5.789497E-08  1.373071E-08  9.557683E-02  2.131148E-05  2.555962E-07  2.167722E-07  3.409911E-04  4.635391E-04  7.086477E-06  3.864578E-07  4.976687E-07  5.381635E-07
 3.211500E+02  1.524401E-01  3.733430E-05  1.490788E-09  1.983920E-09  2.213955E-09  2.674293E-09  9.929160E-02  3.123677E-05  2.890640E-08  6.467257E-01  5.481498E-03  1.320668E-04  8.951210E-06  5.562762E-04  1.477808E-08  5.540674E-08  1.328966E-08  9.447423E-02  2.044645E-05  2.487897E-07  2.108668E-07  3.356610E-04  4.562910E-04  6.708175E-06  3.654019E-07  4.707009E-07  5.148299E-07
 3.221500E+02  1.529877E-01  3.713342E-05  1.456973E-09  1.939390E-09  2.164377E-09  2.615007E-09  9.930247E-02  3.071208E-05  2.730292E-08  6.473647E-01  5.399635E-03  1.251505E-04  8.723878E-06  5.482089E-04  1.411327E-08  5.303978E-08  1.286485E-08  9.338813E-02  1.962104E-05  2.421923E-07  2.051466E-07  3.304487E-04  4.492036E-04  6.352284E-06  3.456206E-07  4.453581E-07  4.926357E-07
 3.231500E+02  1.535270E-01  3.693253E-05  1.424011E-09  1.895972E-09  2.116033E-09  2.557181E-09  9.931311E-02  3.019992E-05  2.579837E-08  6.479933E-01  5.319469E-03  1.186354E-04  8.503717E-06  5.402961E-04  1.348217E-08  5.078755E-08  1.245562E-08  9.231830E-02  1.883327E-05  2.357970E-07  1.996055E-07  3.253511E-04  4.422724E-04  6.017355E-06  3.270297E-07  4.215332E-07  4.715199E-07
 3.241500E+02  1.540582E-01  3.673172E-05  1.391881E-09  1.853638E-09  2.068893E-09  2.500781E-09  9.932351E-02  2.969991E-05  2.438608E-08  6.486117E-01  5.240958E-03  1.124962E-04  8.290463E-06  5.325344E-04  1.288290E-08  4.864391E-08  1.206134E-08  9.126451E-02  1.808125E-05  2.295973E-07  1.942372E-07  3.203652E-04  4.354933E-04  5.702042E-06  3.095509E-07  3.991267E-07  4.514248E-07
 3.251500E+02  1.545815E-01  3.653105E-05  1.360563E-09  1.812362E-09  2.022929E-09  2.445773E-09  9.933369E-02  2.921171E-05  2.305985E-08  6.492200E-01  5.164061E-03  1.067093E-04  8.083866E-06  5.249208E-04  1.231369E-08  4.660307E-08  1.168142E-08  9.022653E-02  1.736320E-05  2.235865E-07  1.890360E-07  3.154878E-04  4.288622E-04  5.405089E-06  2.931114E-07  3.780464E-07  4.322962E-07
 3.261500E+02  1.550969E-01  3.633059E-05  1.330036E-09  1.772117E-09  1.978110E-09  2.392122E-09  9.934366E-02  2.873496E-05  2.181395E-08  6.498185E-01  5.088738E-03  1.012526E-04  7.883685E-06  5.174520E-04  1.177289E-08  4.465958E-08  1.131528E-08  8.920412E-02  1.667742E-05  2.177585E-07  1.839963E-07  3.107162E-04  4.223750E-04  5.125329E-06  2.776438E-07  3.582063E-07  4.140829E-07
 3.271500E+02  1.556045E-01  3.613041E-05  1.300279E-09  1.732878E-09  1.934409E-09  2.339796E-09  9.935342E-02  2.826935E-05  2.064305E-08  6.504073E-01  5.014950E-03  9.610552E-05  7.689688E-06  5.101249E-04  1.125893E-08  4.280830E-08  1.096238E-08  8.819707E-02  1.602232E-05  2.121073E-07  1.791125E-07  3.060475E-04  4.160281E-04  4.861674E-06  2.630851E-07  3.395266E-07  3.967367E-07
 3.281500E+02  1.561045E-01  3.593057E-05  1.271275E-09  1.694621E-09  1.891799E-09  2.288762E-09  9.936297E-02  2.781454E-05  1.954221E-08  6.509866E-01  4.942659E-03  9.124897E-05  7.501653E-06  5.029365E-04  1.077034E-08  4.104440E-08  1.062217E-08  8.720515E-02  1.539639E-05  2.066269E-07  1.743795E-07  3.014791E-04  4.098175E-04  4.613111E-06  2.493769E-07  3.219330E-07  3.802121E-07
 3.291500E+02  1.565969E-01  3.573113E-05  1.243004E-09  1.657319E-09  1.850251E-09  2.238989E-09  9.937232E-02  2.737022E-05  1.850684E-08  6.515565E-01  4.871829E-03  8.666502E-05  7.319368E-06  4.958839E-04  1.030574E-08  3.936330E-08  1.029417E-08  8.622812E-02  1.479819E-05  2.013118E-07  1.697921E-07  2.970081E-04  4.037398E-04  4.378695E-06  2.364648E-07  3.053563E-07  3.644664E-07
 3.301500E+02  1.570820E-01  3.553215E-05  1.215446E-09  1.620951E-09  1.809740E-09  2.190446E-09  9.938147E-02  2.693610E-05  1.753267E-08  6.521173E-01  4.802424E-03  8.233697E-05  7.142628E-06  4.889642E-04  9.863833E-09  3.776069E-08  9.977891E-09  8.526578E-02  1.422639E-05  1.961566E-07  1.653455E-07  2.926322E-04  3.977915E-04  4.157545E-06  2.242983E-07  2.897321E-07  3.494589E-07
 3.311500E+02  1.575597E-01  3.533368E-05  1.188584E-09  1.585491E-09  1.770239E-09  2.143101E-09  9.939044E-02  2.651189E-05  1.661574E-08  6.526691E-01  4.734410E-03  7.824922E-05  6.971237E-06  4.821746E-04  9.443392E-09  3.623251E-08  9.672865E-09  8.431789E-02  1.367967E-05  1.911559E-07  1.610350E-07  2.883488E-04  3.919691E-04  3.948841E-06  2.128300E-07  2.750005E-07  3.351516E-07
 3.321500E+02  1.580302E-01  3.513578E-05  1.162400E-09  1.550917E-09  1.731723E-09  2.096925E-09  9.939922E-02  2.609730E-05  1.575236E-08  6.532121E-01  4.667752E-03  7.438719E-05  6.805006E-06  4.755122E-04  9.043266E-09  3.477494E-08  9.378653E-09  8.338424E-02  1.315685E-05  1.863047E-07  1.568559E-07  2.841555E-04  3.862694E-04  3.751815E-06  2.020163E-07  2.611055E-07  3.215083E-07
 3.331500E+02  1.584937E-01  3.493849E-05  1.136877E-09  1.517207E-09  1.694166E-09  2.051889E-09  9.940782E-02  2.569207E-05  1.493910E-08  6.537463E-01  4.602419E-03  7.073727E-05  6.643755E-06  4.689744E-04  8.662371E-09  3.338435E-08  9.094831E-09  8.246462E-02  1.265675E-05  1.815982E-07  1.528039E-07  2.800499E-04  3.806892E-04  3.565753E-06  1.918160E-07  2.479951E-07  3.084951E-07
 3.341500E+02  1.589502E-01  3.474186E-05  1.111997E-09  1.484338E-09  1.657544E-09  2.007964E-09  9.941625E-02  2.529593E-05  1.417277E-08  6.542721E-01  4.538377E-03  6.728671E-05  6.487308E-06  4.625585E-04  8.299684E-09  3.205732E-08  8.820992E-09  8.155881E-02  1.217829E-05  1.770315E-07  1.488747E-07  2.760299E-04  3.752254E-04  3.389986E-06  1.821910E-07  2.356207E-07  2.960799E-07
 3.351500E+02  1.593998E-01  3.454594E-05  1.087743E-09  1.452288E-09  1.621834E-09  1.965121E-09  9.942450E-02  2.490863E-05  1.345039E-08  6.547895E-01  4.475597E-03  6.402363E-05  6.335501E-06  4.562620E-04  7.954245E-09  3.079063E-08  8.556748E-09  8.066659E-02  1.172044E-05  1.726002E-07  1.450643E-07  2.720933E-04  3.698750E-04  3.223890E-06  1.731058E-07  2.239369E-07  2.842322E-07
 3.361500E+02  1.598426E-01  3.435077E-05  1.064100E-09  1.421037E-09  1.587012E-09  1.923335E-09  9.943259E-02  2.452993E-05  1.276921E-08  6.552986E-01  4.414048E-03  6.093686E-05  6.188171E-06  4.500823E-04  7.625144E-09  2.958123E-08  8.301726E-09  7.978776E-02  1.128221E-05  1.682998E-07  1.413687E-07  2.682378E-04  3.646351E-04  3.066881E-06  1.645272E-07  2.129013E-07  2.729233E-07
 3.371500E+02  1.602788E-01  3.415638E-05  1.041051E-09  1.390565E-09  1.553055E-09  1.882577E-09  9.944051E-02  2.415959E-05  1.212663E-08  6.557997E-01  4.353700E-03  5.801600E-05  6.045164E-06  4.440169E-04  7.311528E-09  2.842623E-08  8.055568E-09  7.892211E-02  1.086268E-05  1.641260E-07  1.377841E-07  2.644615E-04  3.595029E-04  2.918416E-06  1.564241E-07  2.024746E-07  2.621263E-07
 3.381500E+02  1.607085E-01  3.396282E-05  1.018581E-09  1.360850E-09  1.519941E-09  1.842821E-09  9.944828E-02  2.379737E-05  1.152027E-08  6.562929E-01  4.294526E-03  5.525127E-05  5.906333E-06  4.380634E-04  7.012588E-09  2.732293E-08  7.817933E-09  7.806943E-02  1.046095E-05  1.600747E-07  1.343067E-07  2.607622E-04  3.544757E-04  2.777984E-06  1.487676E-07  1.926199E-07  2.518154E-07
 3.391500E+02  1.611317E-01  3.377012E-05  9.966750E-10  1.331874E-09  1.487649E-09  1.804043E-09  9.945589E-02  2.344307E-05  1.094787E-08  6.567782E-01  4.236498E-03  5.263355E-05  5.771535E-06  4.322195E-04  6.727564E-09  2.626874E-08  7.588493E-09  7.722952E-02  1.007620E-05  1.561420E-07  1.309332E-07  2.571382E-04  3.495508E-04  2.645109E-06  1.415307E-07  1.833025E-07  2.419664E-07
 3.401500E+02  1.615486E-01  3.357832E-05  9.753178E-10  1.303617E-09  1.456156E-09  1.766216E-09  9.946335E-02  2.309645E-05  1.040734E-08  6.572559E-01  4.179588E-03  5.015427E-05  5.640633E-06  4.264828E-04  6.455739E-09  2.526123E-08  7.366932E-09  7.640218E-02  9.707627E-06  1.523240E-07  1.276599E-07  2.535875E-04  3.447256E-04  2.519344E-06  1.346881E-07  1.744905E-07  2.325565E-07
 3.411500E+02  1.619592E-01  3.338745E-05  9.544949E-10  1.276060E-09  1.425442E-09  1.729317E-09  9.947066E-02  2.275732E-05  9.896735E-09  6.577262E-01  4.123771E-03  4.780540E-05  5.513495E-06  4.208511E-04  6.196434E-09  2.429810E-08  7.152950E-09  7.558720E-02  9.354477E-06  1.486171E-07  1.244837E-07  2.501082E-04  3.399977E-04  2.400271E-06  1.282163E-07  1.661535E-07  2.235639E-07
 3.421500E+02  1.623637E-01  3.319753E-05  9.341925E-10  1.249186E-09  1.395487E-09  1.693322E-09  9.947783E-02  2.242548E-05  9.414231E-09  6.581890E-01  4.069021E-03  4.557944E-05  5.389994E-06  4.153221E-04  5.949011E-09  2.337717E-08  6.946257E-09  7.478440E-02  9.016036E-06  1.450175E-07  1.214014E-07  2.466987E-04  3.353646E-04  2.287500E-06  1.220931E-07  1.582635E-07  2.149680E-07
 3.431500E+02  1.627621E-01  3.300860E-05  9.143967E-10  1.222976E-09  1.366271E-09  1.658206E-09  9.948486E-02  2.210072E-05  8.958127E-09  6.586446E-01  4.015312E-03  4.346934E-05  5.270009E-06  4.098937E-04  5.712864E-09  2.249638E-08  6.746578E-09  7.399359E-02  8.691622E-06  1.415220E-07  1.184098E-07  2.433571E-04  3.308239E-04  2.180665E-06  1.162978E-07  1.507940E-07  2.067496E-07
 3.441500E+02  1.631546E-01  3.282069E-05  8.950942E-10  1.197414E-09  1.337775E-09  1.623949E-09  9.949175E-02  2.178287E-05  8.526832E-09  6.590930E-01  3.962622E-03  4.146847E-05  5.153421E-06  4.045637E-04  5.487423E-09  2.165378E-08  6.553645E-09  7.321456E-02  8.380592E-06  1.381270E-07  1.155059E-07  2.400818E-04  3.263735E-04  2.079421E-06  1.108113E-07  1.437205E-07  1.988902E-07
 3.451500E+02  1.635412E-01  3.263381E-05  8.762718E-10  1.172481E-09  1.309980E-09  1.590527E-09  9.949851E-02  2.147173E-05  8.118862E-09  6.595345E-01  3.910926E-03  3.957064E-05  5.040119E-06  3.993302E-04  5.272149E-09  2.084752E-08  6.367204E-09  7.244713E-02  8.082331E-06  1.348295E-07  1.126870E-07  2.368711E-04  3.220109E-04  1.983449E-06  1.056153E-07  1.370198E-07  1.913723E-07
 3.461500E+02  1.639221E-01  3.244799E-05  8.579169E-10  1.148162E-09  1.282868E-09  1.557919E-09  9.950514E-02  2.116713E-05  7.732827E-09  6.599691E-01  3.860201E-03  3.777002E-05  4.929994E-06  3.941910E-04  5.066533E-09  2.007585E-08  6.187012E-09  7.169111E-02  7.796257E-06  1.316263E-07  1.099503E-07  2.337235E-04  3.177342E-04  1.892445E-06  1.006929E-07  1.306703E-07  1.841796E-07
 3.471500E+02  1.642973E-01  3.226325E-05  8.400171E-10  1.124441E-09  1.256421E-09  1.526103E-09  9.951164E-02  2.086890E-05  7.367428E-09  6.603970E-01  3.810426E-03  3.606115E-05  4.822941E-06  3.891442E-04  4.870094E-09  1.933712E-08  6.012834E-09  7.094632E-02  7.521817E-06  1.285144E-07  1.072930E-07  2.306375E-04  3.135412E-04  1.806127E-06  9.602838E-08  1.246517E-07  1.772964E-07
 3.481500E+02  1.646669E-01  3.207962E-05  8.225603E-10  1.101301E-09  1.230621E-09  1.495060E-09  9.951801E-02  2.057687E-05  7.021449E-09  6.608183E-01  3.761578E-03  3.443890E-05  4.718859E-06  3.841879E-04  4.682374E-09  1.862976E-08  5.844444E-09  7.021258E-02  7.258483E-06  1.254908E-07  1.047126E-07  2.276115E-04  3.094298E-04  1.724229E-06  9.160673E-08  1.189449E-07  1.707079E-07
 3.491500E+02  1.650310E-01  3.189710E-05  8.055347E-10  1.078728E-09  1.205451E-09  1.464769E-09  9.952427E-02  2.029088E-05  6.693754E-09  6.612330E-01  3.713637E-03  3.289844E-05  4.617651E-06  3.793201E-04  4.502945E-09  1.795227E-08  5.681627E-09  6.948971E-02  7.005757E-06  1.225529E-07  1.022067E-07  2.246441E-04  3.053981E-04  1.646503E-06  8.741406E-08  1.135323E-07  1.644000E-07
 3.501500E+02  1.653898E-01  3.171573E-05  7.889288E-10  1.056707E-09  1.180896E-09  1.435210E-09  9.953040E-02  2.001078E-05  6.383276E-09  6.616414E-01  3.666581E-03  3.143524E-05  4.519225E-06  3.745391E-04  4.331398E-09  1.730325E-08  5.524177E-09  6.877754E-02  6.763161E-06  1.196978E-07  9.977274E-08  2.217339E-04  3.014443E-04  1.572715E-06  8.343729E-08  1.083970E-07  1.583595E-07
 3.511500E+02  1.657432E-01  3.153551E-05  7.727316E-10  1.035222E-09  1.156938E-09  1.406365E-09  9.953642E-02  1.973641E-05  6.089017E-09  6.620434E-01  3.620391E-03  3.004505E-05  4.423489E-06  3.698430E-04  4.167348E-09  1.668135E-08  5.371895E-09  6.807588E-02  6.530244E-06  1.169229E-07  9.740850E-08  2.188796E-04  2.975663E-04  1.502644E-06  7.966418E-08  1.035235E-07  1.525738E-07
 3.521500E+02  1.660914E-01  3.135646E-05  7.569322E-10  1.014261E-09  1.133562E-09  1.378215E-09  9.954233E-02  1.946763E-05  5.810044E-09  6.624393E-01  3.575048E-03  2.872386E-05  4.330358E-06  3.652300E-04  4.010431E-09  1.608532E-08  5.224590E-09  6.738458E-02  6.306575E-06  1.142258E-07  9.511171E-08  2.160797E-04  2.937624E-04  1.436085E-06  7.608322E-08  9.889687E-08  1.470308E-07
 3.531500E+02  1.664345E-01  3.117860E-05  7.415198E-10  9.938086E-10  1.110753E-09  1.350742E-09  9.954813E-02  1.920429E-05  5.545479E-09  6.628292E-01  3.530531E-03  2.746790E-05  4.239749E-06  3.606984E-04  3.860299E-09  1.551394E-08  5.082080E-09  6.670345E-02  6.091745E-06  1.116039E-07  9.288022E-08  2.133330E-04  2.900309E-04  1.372844E-06  7.268362E-08  9.450346E-08  1.417193E-07
 3.541500E+02  1.667726E-01  3.100193E-05  7.264844E-10  9.738523E-10  1.088496E-09  1.323928E-09  9.955382E-02  1.894626E-05  5.294501E-09  6.632131E-01  3.486824E-03  2.627363E-05  4.151579E-06  3.562466E-04  3.716627E-09  1.496608E-08  4.944188E-09  6.603234E-02  5.885365E-06  1.090549E-07  9.071194E-08  2.106383E-04  2.863700E-04  1.312738E-06  6.945525E-08  9.033024E-08  1.366285E-07
 3.551500E+02  1.671056E-01  3.082647E-05  7.118158E-10  9.543786E-10  1.066776E-09  1.297756E-09  9.955940E-02  1.869340E-05  5.056340E-09  6.635912E-01  3.443907E-03  2.513771E-05  4.065773E-06  3.518729E-04  3.579104E-09  1.444064E-08  4.810747E-09  6.537108E-02  5.687062E-06  1.065766E-07  8.860485E-08  2.079943E-04  2.827780E-04  1.255597E-06  6.638859E-08  8.636503E-08  1.317481E-07
 3.561500E+02  1.674338E-01  3.065223E-05  6.975043E-10  9.353750E-10  1.045579E-09  1.272210E-09  9.956488E-02  1.844558E-05  4.830272E-09  6.639635E-01  3.401764E-03  2.405701E-05  3.982256E-06  3.475756E-04  3.447436E-09  1.393660E-08  4.681594E-09  6.471950E-02  5.496484E-06  1.041667E-07  8.655702E-08  2.053998E-04  2.792534E-04  1.201258E-06  6.347469E-08  8.259637E-08  1.270684E-07
 3.571500E+02  1.677572E-01  3.047921E-05  6.835404E-10  9.168289E-10  1.024892E-09  1.247272E-09  9.957026E-02  1.820268E-05  4.615620E-09  6.643302E-01  3.360376E-03  2.302858E-05  3.900954E-06  3.433532E-04  3.321346E-09  1.345299E-08  4.556574E-09  6.407746E-02  5.313296E-06  1.018231E-07  8.456655E-08  2.028537E-04  2.757946E-04  1.149570E-06  6.070515E-08  7.901351E-08  1.225803E-07
 3.581500E+02  1.680758E-01  3.030743E-05  6.699148E-10  8.987285E-10  1.004701E-09  1.222928E-09  9.957554E-02  1.796457E-05  4.411745E-09  6.646913E-01  3.319728E-03  2.204962E-05  3.821800E-06  3.392041E-04  3.200570E-09  1.298887E-08  4.435538E-09  6.344479E-02  5.137176E-06  9.954370E-08  8.263165E-08  2.003549E-04  2.724000E-04  1.100391E-06  5.807208E-08  7.560631E-08  1.182750E-07
 3.591500E+02  1.683898E-01  3.013689E-05  6.566186E-10  8.810619E-10  9.849936E-10  1.199162E-09  9.958073E-02  1.773114E-05  4.218050E-09  6.650470E-01  3.279803E-03  2.111751E-05  3.744725E-06  3.351269E-04  3.084856E-09  1.254336E-08  4.318342E-09  6.282134E-02  4.967820E-06  9.732656E-08  8.075055E-08  1.979022E-04  2.690681E-04  1.053586E-06  5.556804E-08  7.236526E-08  1.141441E-07
 3.601500E+02  1.686992E-01  2.996760E-05  6.436430E-10  8.638178E-10  9.657562E-10  1.175958E-09  9.958582E-02  1.750227E-05  4.033972E-09  6.653974E-01  3.240586E-03  2.022979E-05  3.669666E-06  3.311201E-04  2.973969E-09  1.211563E-08  4.204849E-09  6.220696E-02  4.804936E-06  9.516974E-08  7.892157E-08  1.954946E-04  2.657976E-04  1.009028E-06  5.318603E-08  6.928139E-08  1.101799E-07
 3.611500E+02  1.690041E-01  2.979957E-05  6.309795E-10  8.469850E-10  9.469768E-10  1.153303E-09  9.959082E-02  1.727784E-05  3.858982E-09  6.657425E-01  3.202061E-03  1.938412E-05  3.596560E-06  3.271822E-04  2.867683E-09  1.170487E-08  4.094926E-09  6.160150E-02  4.648250E-06  9.307139E-08  7.714307E-08  1.931311E-04  2.625869E-04  9.665992E-07  5.091949E-08  6.634626E-08  1.063746E-07
 3.621500E+02  1.693046E-01  2.963280E-05  6.186199E-10  8.305527E-10  9.286434E-10  1.131181E-09  9.959573E-02  1.705776E-05  3.692586E-09  6.660824E-01  3.164212E-03  1.857831E-05  3.525346E-06  3.233119E-04  2.765784E-09  1.131034E-08  3.988447E-09  6.100481E-02  4.497495E-06  9.102970E-08  7.541347E-08  1.908107E-04  2.594348E-04  9.261860E-07  4.876223E-08  6.355194E-08  1.027213E-07
 3.631500E+02  1.696008E-01  2.946729E-05  6.065560E-10  8.145104E-10  9.107443E-10  1.109579E-09  9.960055E-02  1.684190E-05  3.534314E-09  6.664173E-01  3.127026E-03  1.781029E-05  3.455968E-06  3.195076E-04  2.668070E-09  1.093130E-08  3.885288E-09  6.041675E-02  4.352421E-06  8.904295E-08  7.373125E-08  1.885323E-04  2.563398E-04  8.876829E-07  4.670841E-08  6.089095E-08  9.921317E-08
 3.641500E+02  1.698927E-01  2.930305E-05  5.947801E-10  7.988479E-10  8.932682E-10  1.088484E-09  9.960529E-02  1.663018E-05  3.383729E-09  6.667472E-01  3.090488E-03  1.707809E-05  3.388368E-06  3.157682E-04  2.574349E-09  1.056708E-08  3.785334E-09  5.983718E-02  4.212787E-06  8.710945E-08  7.209494E-08  1.862950E-04  2.533008E-04  8.509902E-07  4.475255E-08  5.835625E-08  9.584370E-08
 3.651500E+02  1.701803E-01  2.914008E-05  5.832845E-10  7.835552E-10  8.762040E-10  1.067882E-09  9.960994E-02  1.642250E-05  3.240415E-09  6.670722E-01  3.054584E-03  1.637987E-05  3.322493E-06  3.120923E-04  2.484437E-09  1.021702E-08  3.688470E-09  5.926595E-02  4.078366E-06  8.522757E-08  7.050311E-08  1.840980E-04  2.503163E-04  8.160136E-07  4.288946E-08  5.594118E-08  9.260677E-08
 3.661500E+02  1.704639E-01  2.897838E-05  5.720618E-10  7.686226E-10  8.595409E-10  1.047760E-09  9.961451E-02  1.621874E-05  3.103985E-09  6.673923E-01  3.019300E-03  1.571390E-05  3.258290E-06  3.084785E-04  2.398161E-09  9.880504E-09  3.594589E-09  5.870293E-02  3.948938E-06  8.339576E-08  6.895439E-08  1.819402E-04  2.473853E-04  7.826645E-07  4.111429E-08  5.363951E-08  8.949655E-08
 3.671500E+02  1.707433E-01  2.881795E-05  5.611048E-10  7.540407E-10  8.432685E-10  1.028107E-09  9.961900E-02  1.601883E-05  2.974072E-09  6.677078E-01  2.984623E-03  1.507852E-05  3.195710E-06  3.049257E-04  2.315357E-09  9.556941E-09  3.503586E-09  5.814799E-02  3.824295E-06  8.161250E-08  6.744745E-08  1.798208E-04  2.445065E-04  7.508589E-07  3.942243E-08  5.144532E-08  8.650748E-08
 3.681500E+02  1.710188E-01  2.865879E-05  5.504066E-10  7.398003E-10  8.273765E-10  1.008910E-09  9.962341E-02  1.582267E-05  2.850331E-09  6.680186E-01  2.950541E-03  1.447219E-05  3.134703E-06  3.014327E-04  2.235868E-09  9.245770E-09  3.415361E-09  5.760098E-02  3.704240E-06  7.987632E-08  6.598101E-08  1.777391E-04  2.416787E-04  7.205178E-07  3.780955E-08  4.935305E-08  8.363427E-08
 3.691500E+02  1.712903E-01  2.850092E-05  5.399602E-10  7.258925E-10  8.118551E-10  9.901562E-10  9.962775E-02  1.563017E-05  2.732436E-09  6.683248E-01  2.917041E-03  1.389344E-05  3.075223E-06  2.979981E-04  2.159544E-09  8.946455E-09  3.329818E-09  5.706179E-02  3.588581E-06  7.818579E-08  6.455383E-08  1.756940E-04  2.389009E-04  6.915666E-07  3.627156E-08  4.735745E-08  8.087188E-08
 3.701500E+02  1.715579E-01  2.834431E-05  5.297591E-10  7.123087E-10  7.966945E-10  9.718357E-10  9.963201E-02  1.544125E-05  2.620080E-09  6.686266E-01  2.884110E-03  1.334087E-05  3.017224E-06  2.946209E-04  2.086245E-09  8.658487E-09  3.246863E-09  5.653028E-02  3.477139E-06  7.653956E-08  6.316470E-08  1.736848E-04  2.361718E-04  6.639348E-07  3.480461E-08  4.545356E-08  7.821551E-08
 3.711500E+02  1.718218E-01  2.818897E-05  5.197969E-10  6.990404E-10  7.818855E-10  9.539366E-10  9.963619E-02  1.525581E-05  2.512976E-09  6.689240E-01  2.851737E-03  1.281319E-05  2.960662E-06  2.912999E-04  2.015836E-09  8.381380E-09  3.166408E-09  5.600632E-02  3.369740E-06  7.493630E-08  6.181248E-08  1.717108E-04  2.334904E-04  6.375556E-07  3.340506E-08  4.363671E-08  7.566060E-08
 3.721500E+02  1.720818E-01  2.803491E-05  5.100672E-10  6.860793E-10  7.674188E-10  9.364483E-10  9.964031E-02  1.507379E-05  2.410851E-09  6.692170E-01  2.819910E-03  1.230914E-05  2.905495E-06  2.880339E-04  1.948189E-09  8.114672E-09  3.088366E-09  5.548979E-02  3.266219E-06  7.337471E-08  6.049603E-08  1.697711E-04  2.308558E-04  6.123662E-07  3.206947E-08  4.190248E-08  7.320280E-08
 3.731500E+02  1.723382E-01  2.788212E-05  5.005640E-10  6.734175E-10  7.532856E-10  9.193600E-10  9.964435E-02  1.489510E-05  2.313447E-09  6.695058E-01  2.788617E-03  1.182756E-05  2.851682E-06  2.848220E-04  1.883182E-09  7.857923E-09  3.012656E-09  5.498057E-02  3.166419E-06  7.185357E-08  5.921428E-08  1.678651E-04  2.282668E-04  5.883071E-07  3.079460E-08  4.024669E-08  7.083795E-08
