#         T/K            c1          c2-1          c3-4          c3-5          c3-7          c3-9            m1          m2-1          m3-1            w1            w2          w3-1          w3-2          c1m1        c1m2-1        c1m2-7        c2m1-1        c1w1-2        c1w2-1        c2w1-1        c2w1-9        m1w1-1        m1w1-4        m1w2-1        m2w1-1        m2w1-3      c1m1w1-1
 2.731500E+02  5.652317E-02  1.041849E-05  5.084407E-10  6.673407E-10  7.424695E-10  8.853026E-10  1.969663E-01  3.215326E-04  5.665232E-06  6.380389E-01  1.376597E-02  3.020865E-03  4.238596E-05  1.147864E-03  3.561797E-07  1.168739E-06  3.412021E-08  8.571167E-02  1.016394E-04  2.424369E-07  2.128852E-07  1.673076E-03  2.277508E-03  3.073784E-04  3.435745E-05  4.351417E-05  5.773840E-06
 2.741500E+02  5.706146E-02  1.042110E-05  4.979720E-10  6.538216E-10  7.274828E-10  8.677062E-10  1.970383E-01  3.139002E-04  5.229681E-06  6.391313E-01  1.348179E-02  2.804542E-03  4.087993E-05  1.128815E-03  3.351437E-07  1.103274E-06  3.284113E-08  8.465796E-02  9.633846E-05  2.352216E-07  2.063713E-07  1.636758E-03  2.227928E-03  2.849753E-04  3.179080E-05  4.027950E-05  5.449643E-06
 2.751500E+02  5.759408E-02  1.042169E-05  4.876629E-10  6.405013E-10  7.127146E-10  8.503576E-10  1.971078E-01  3.065078E-04  4.830610E-06  6.401915E-01  1.320481E-02  2.604932E-03  3.943559E-05  1.110122E-03  3.154707E-07  1.041852E-06  3.161373E-08  8.361502E-02  9.133770E-05  2.282271E-07  2.000632E-07  1.601457E-03  2.179742E-03  2.643414E-04  2.943255E-05  3.730633E-05  5.145318E-06
 2.761500E+02  5.812097E-02  1.042030E-05  4.775139E-10  6.273808E-10  6.981661E-10  8.332583E-10  1.971748E-01  2.993463E-04  4.464728E-06  6.412212E-01  1.293488E-02  2.420666E-03  3.805027E-05  1.091779E-03  2.970651E-07  9.842006E-07  3.043577E-08  8.258300E-02  8.661912E-05  2.214472E-07  1.939549E-07  1.567141E-03  2.132908E-03  2.453274E-04  2.726454E-05  3.457195E-05  4.859555E-06
 2.771500E+02  5.864207E-02  1.041696E-05  4.675253E-10  6.144607E-10  6.838382E-10  8.164099E-10  1.972395E-01  2.924070E-04  4.129060E-06  6.422220E-01  1.267180E-02  2.250489E-03  3.672139E-05  1.073779E-03  2.798383E-07  9.300673E-07  2.930514E-08  8.156203E-02  8.216581E-05  2.148754E-07  1.880401E-07  1.533779E-03  2.087383E-03  2.277973E-04  2.527030E-05  3.205577E-05  4.591137E-06
 2.781500E+02  5.915733E-02  1.041171E-05  4.576975E-10  6.017419E-10  6.697317E-10  7.998138E-10  1.973020E-01  2.856818E-04  3.820916E-06  6.431952E-01  1.241542E-02  2.093256E-03  3.544651E-05  1.056115E-03  2.637085E-07  8.792190E-07  2.821983E-08  8.055221E-02  7.796190E-05  2.085058E-07  1.823131E-07  1.501343E-03  2.043125E-03  2.116273E-04  2.343484E-05  2.973905E-05  4.338933E-06
 2.791500E+02  5.966671E-02  1.040461E-05  4.480307E-10  5.892250E-10  6.558477E-10  7.834713E-10  1.973624E-01  2.791626E-04  3.537864E-06  6.441421E-01  1.216557E-02  1.947917E-03  3.422325E-05  1.038782E-03  2.485999E-07  8.314387E-07  2.717791E-08  7.955365E-02  7.399254E-05  2.023325E-07  1.767680E-07  1.469802E-03  2.000095E-03  1.967044E-04  2.174460E-05  2.760481E-05  4.101889E-06
 2.801500E+02  6.017019E-02  1.039569E-05  4.385251E-10  5.769106E-10  6.421866E-10  7.673837E-10  1.974208E-01  2.728418E-04  3.277700E-06  6.450640E-01  1.192206E-02  1.813513E-03  3.304936E-05  1.021772E-03  2.344424E-07  7.865252E-07  2.617755E-08  7.856642E-02  7.024376E-05  1.963495E-07  1.713993E-07  1.439130E-03  1.958254E-03  1.829255E-04  2.018721E-05  2.563758E-05  3.879024E-06
 2.811500E+02  6.066774E-02  1.038500E-05  4.291808E-10  5.647991E-10  6.287491E-10  7.515520E-10  1.974773E-01  2.667122E-04  3.038428E-06  6.459620E-01  1.168474E-02  1.689166E-03  3.192267E-05  1.005081E-03  2.211713E-07  7.442914E-07  2.521699E-08  7.759059E-02  6.670249E-05  1.905515E-07  1.662015E-07  1.409297E-03  1.917565E-03  1.701966E-04  1.875143E-05  2.382329E-05  3.669425E-06
 2.821500E+02  6.115934E-02  1.037259E-05  4.199978E-10  5.528907E-10  6.155355E-10  7.359769E-10  1.975320E-01  2.607669E-04  2.818237E-06  6.468371E-01  1.145345E-02  1.574072E-03  3.084111E-05  9.887025E-04  2.087263E-07  7.045634E-07  2.429458E-08  7.662622E-02  6.335646E-05  1.849328E-07  1.611694E-07  1.380280E-03  1.877991E-03  1.584319E-04  1.742705E-05  2.214915E-05  3.472241E-06
 2.831500E+02  6.164497E-02  1.035851E-05  4.109758E-10  5.411855E-10  6.025461E-10  7.206590E-10  1.975849E-01  2.549990E-04  2.615485E-06  6.476903E-01  1.122801E-02  1.467494E-03  2.980270E-05  9.726303E-04  1.970516E-07  6.671797E-07  2.340872E-08  7.567333E-02  6.019416E-05  1.794881E-07  1.562978E-07  1.352051E-03  1.839497E-03  1.475530E-04  1.620476E-05  2.060347E-05  3.286681E-06
 2.841500E+02  6.212463E-02  1.034279E-05  4.021148E-10  5.296836E-10  5.897807E-10  7.055987E-10  1.976362E-01  2.494024E-04  2.428680E-06  6.485225E-01  1.100827E-02  1.368759E-03  2.880555E-05  9.568594E-04  1.860957E-07  6.319897E-07  2.255789E-08  7.473197E-02  5.720479E-05  1.742123E-07  1.515818E-07  1.324586E-03  1.802049E-03  1.374882E-04  1.507608E-05  1.917566E-05  3.112006E-06
 2.851500E+02  6.259831E-02  1.032551E-05  3.934142E-10  5.183847E-10  5.772394E-10  6.907961E-10  1.976859E-01  2.439707E-04  2.256469E-06  6.493346E-01  1.079407E-02  1.277248E-03  2.784785E-05  9.413841E-04  1.758106E-07  5.988535E-07  2.174062E-08  7.380215E-02  5.437821E-05  1.691003E-07  1.470165E-07  1.297861E-03  1.765614E-03  1.281720E-04  1.403329E-05  1.785600E-05  2.947527E-06
 2.861500E+02  6.306602E-02  1.030669E-05  3.848736E-10  5.072883E-10  5.649217E-10  6.762512E-10  1.977340E-01  2.386982E-04  2.097620E-06  6.501274E-01  1.058527E-02  1.192395E-03  2.692787E-05  9.261991E-04  1.661516E-07  5.676407E-07  2.095553E-08  7.288388E-02  5.170493E-05  1.641471E-07  1.425971E-07  1.271853E-03  1.730160E-03  1.195446E-04  1.306933E-05  1.663567E-05  2.792603E-06
 2.871500E+02  6.352777E-02  1.028641E-05  3.764923E-10  4.963940E-10  5.528270E-10  6.619635E-10  1.977807E-01  2.335793E-04  1.951012E-06  6.509015E-01  1.038170E-02  1.113681E-03  2.604396E-05  9.112992E-04  1.570776E-07  5.382298E-07  2.020129E-08  7.197715E-02  4.917602E-05  1.593480E-07  1.383192E-07  1.246539E-03  1.695657E-03  1.115511E-04  1.217778E-05  1.550660E-05  2.646633E-06
 2.881500E+02  6.398356E-02  1.026469E-05  3.682695E-10  4.857010E-10  5.409546E-10  6.479326E-10  1.978260E-01  2.286084E-04  1.815626E-06  6.516578E-01  1.018324E-02  1.040627E-03  2.519456E-05  8.966792E-04  1.485500E-07  5.105078E-07  1.947661E-08  7.108195E-02  4.678310E-05  1.546983E-07  1.341782E-07  1.221899E-03  1.662074E-03  1.041415E-04  1.135277E-05  1.446141E-05  2.509060E-06
 2.891500E+02  6.443342E-02  1.024160E-05  3.602045E-10  4.752085E-10  5.293036E-10  6.341575E-10  1.978700E-01  2.237806E-04  1.690533E-06  6.523969E-01  9.989726E-03  9.727987E-04  2.437815E-05  8.823340E-04  1.405333E-07  4.843689E-07  1.878030E-08  7.019826E-02  4.451832E-05  1.501935E-07  1.301698E-07  1.197910E-03  1.629383E-03  9.726976E-05  1.058894E-05  1.349339E-05  2.379362E-06
 2.901500E+02  6.487736E-02  1.021719E-05  3.522962E-10  4.649153E-10  5.178729E-10  6.206374E-10  1.979127E-01  2.190907E-04  1.574887E-06  6.531193E-01  9.801030E-03  9.097929E-04  2.359331E-05  8.682586E-04  1.329941E-07  4.597149E-07  1.811117E-08  6.932605E-02  4.237429E-05  1.458290E-07  1.262898E-07  1.174553E-03  1.597556E-03  9.089382E-05  9.881392E-06  1.259637E-05  2.257051E-06
 2.911500E+02  6.531540E-02  1.019150E-05  3.445434E-10  4.548202E-10  5.066611E-10  6.073710E-10  1.979542E-01  2.145340E-04  1.467915E-06  6.538257E-01  9.617014E-03  8.512411E-04  2.283866E-05  8.544482E-04  1.259016E-07  4.364539E-07  1.746811E-08  6.846528E-02  4.034408E-05  1.416007E-07  1.225342E-07  1.151808E-03  1.566565E-03  8.497512E-05  9.225640E-06  1.176473E-05  2.141673E-06
 2.921500E+02  6.574759E-02  1.016458E-05  3.369450E-10  4.449220E-10  4.956669E-10  5.943568E-10  1.979944E-01  2.101059E-04  1.368915E-06  6.545167E-01  9.437547E-03  7.968047E-04  2.211291E-05  8.408978E-04  1.192271E-07  4.145002E-07  1.685005E-08  6.761591E-02  3.842117E-05  1.375043E-07  1.188989E-07  1.129656E-03  1.536386E-03  7.947827E-05  8.617589E-06  1.099331E-05  2.032803E-06
 2.931500E+02  6.617393E-02  1.013649E-05  3.294996E-10  4.352191E-10  4.848886E-10  5.815933E-10  1.980336E-01  2.058021E-04  1.277242E-06  6.551926E-01  9.262501E-03  7.461723E-04  2.141481E-05  8.276027E-04  1.129438E-07  3.937737E-07  1.625597E-08  6.677788E-02  3.659946E-05  1.335357E-07  1.153801E-07  1.108079E-03  1.506992E-03  7.437084E-05  8.053486E-06  1.027739E-05  1.930042E-06
 2.941500E+02  6.659447E-02  1.010726E-05  3.222059E-10  4.257098E-10  4.743245E-10  5.690785E-10  1.980716E-01  2.016182E-04  1.192309E-06  6.558541E-01  9.091751E-03  6.990575E-04  2.074318E-05  8.145582E-04  1.070268E-07  3.741997E-07  1.568489E-08  6.595114E-02  3.487320E-05  1.296910E-07  1.119741E-07  1.087059E-03  1.478360E-03  6.962303E-05  7.529897E-06  9.612661E-06  1.833021E-06
 2.951500E+02  6.700925E-02  1.007695E-05  3.150622E-10  4.163925E-10  4.639727E-10  5.568106E-10  1.981086E-01  1.975504E-04  1.113580E-06  6.565016E-01  8.925176E-03  6.551970E-04  2.009687E-05  8.017596E-04  1.014530E-07  3.557084E-07  1.513587E-08  6.513563E-02  3.323697E-05  1.259663E-07  1.086773E-07  1.066580E-03  1.450466E-03  6.520749E-05  7.043673E-06  8.995154E-06  1.741392E-06
 2.961500E+02  6.741830E-02  1.004561E-05  3.080670E-10  4.072652E-10  4.538311E-10  5.447873E-10  1.981446E-01  1.935945E-04  1.040564E-06  6.571354E-01  8.762659E-03  6.143484E-04  1.947481E-05  7.892025E-04  9.620066E-08  3.382345E-07  1.460800E-08  6.433126E-02  3.168572E-05  1.223579E-07  1.054860E-07  1.046623E-03  1.423287E-03  6.109909E-05  6.591929E-06  8.421237E-06  1.654829E-06
 2.971500E+02  6.782166E-02  1.001328E-05  3.012186E-10  3.983259E-10  4.438975E-10  5.330063E-10  1.981796E-01  1.897470E-04  9.728112E-07  6.577562E-01  8.604085E-03  5.762886E-04  1.887597E-05  7.768823E-04  9.124965E-08  3.217168E-07  1.410043E-08  6.353798E-02  3.021467E-05  1.188621E-07  1.023970E-07  1.027175E-03  1.396802E-03  5.727474E-05  6.172015E-06  7.887577E-06  1.573030E-06
 2.981500E+02  6.821939E-02  9.980011E-06  2.945153E-10  3.895725E-10  4.341697E-10  5.214651E-10  1.982136E-01  1.860042E-04  9.099103E-07  6.583641E-01  8.449344E-03  5.408122E-04  1.829937E-05  7.647945E-04  8.658118E-08  3.060984E-07  1.361233E-08  6.275569E-02  2.881932E-05  1.154754E-07  9.940677E-08  1.008218E-03  1.370989E-03  5.371319E-05  5.781503E-06  7.391114E-06  1.495710E-06
 2.991500E+02  6.861151E-02  9.945839E-06  2.879552E-10  3.810028E-10  4.246453E-10  5.101612E-10  1.982468E-01  1.823626E-04  8.514846E-07  6.589597E-01  8.298327E-03  5.077297E-04  1.774407E-05  7.529349E-04  8.217771E-08  2.913258E-07  1.314291E-08  6.198432E-02  2.749546E-05  1.121943E-07  9.651224E-08  9.897392E-04  1.345828E-03  5.039490E-05  5.418163E-06  6.929037E-06  1.422603E-06
 3.001500E+02  6.899809E-02  9.910812E-06  2.815364E-10  3.726146E-10  4.153218E-10  4.990918E-10  1.982790E-01  1.788189E-04  7.971886E-07  6.595432E-01  8.150930E-03  4.768667E-04  1.720917E-05  7.412991E-04  7.802285E-08  2.773489E-07  1.269142E-08  6.122378E-02  2.623913E-05  1.090156E-07  9.371026E-08  9.717231E-04  1.321299E-03  4.730188E-05  5.079944E-06  6.498763E-06  1.353460E-06
 3.011500E+02  6.937917E-02  9.874973E-06  2.752570E-10  3.644055E-10  4.061966E-10  4.882540E-10  1.983105E-01  1.753699E-04  7.467055E-07  6.601150E-01  8.007052E-03  4.480622E-04  1.669383E-05  7.298828E-04  7.410134E-08  2.641209E-07  1.225712E-08  6.047397E-02  2.504658E-05  1.059359E-07  9.099780E-08  9.541559E-04  1.297383E-03  4.441758E-05  4.764964E-06  6.097917E-06  1.288046E-06
 3.021500E+02  6.975480E-02  9.838364E-06  2.691150E-10  3.563731E-10  3.972670E-10  4.776449E-10  1.983411E-01  1.720126E-04  6.997446E-07  6.606755E-01  7.866593E-03  4.211679E-04  1.619722E-05  7.186820E-04  7.039889E-08  2.515981E-07  1.183932E-08  5.973480E-02  2.391431E-05  1.029521E-07  8.837193E-08  9.370243E-04  1.274062E-03  4.172674E-05  4.471490E-06  5.724316E-06  1.226144E-06
 3.031500E+02  7.012503E-02  9.801026E-06  2.631084E-10  3.485148E-10  3.885303E-10  4.672614E-10  1.983709E-01  1.687439E-04  6.560391E-07  6.612249E-01  7.729459E-03  3.960466E-04  1.571857E-05  7.076926E-04  6.690218E-08  2.397392E-07  1.143736E-08  5.900618E-02  2.283900E-05  1.000612E-07  8.582980E-08  9.203153E-04  1.251318E-03  3.921528E-05  4.197929E-06  5.375949E-06  1.167548E-06
 3.041500E+02  7.048992E-02  9.762998E-06  2.572350E-10  3.408280E-10  3.799837E-10  4.571004E-10  1.983999E-01  1.655610E-04  6.153438E-07  6.617635E-01  7.595557E-03  3.725719E-04  1.525713E-05  6.969104E-04  6.359874E-08  2.285058E-07  1.105059E-08  5.828799E-02  2.181754E-05  9.726027E-08  8.336868E-08  9.040164E-04  1.229134E-03  3.687026E-05  3.942815E-06  5.050964E-06  1.112067E-06
 3.051500E+02  7.084952E-02  9.724320E-06  2.514927E-10  3.333103E-10  3.716243E-10  4.471587E-10  1.984283E-01  1.624612E-04  5.774335E-07  6.622916E-01  7.464796E-03  3.506269E-04  1.481220E-05  6.863315E-04  6.047692E-08  2.178619E-07  1.067840E-08  5.758014E-02  2.084700E-05  9.454634E-08  8.098590E-08  8.881155E-04  1.207493E-03  3.467970E-05  3.704796E-06  4.747657E-06  1.059520E-06
 3.061500E+02  7.120389E-02  9.685030E-06  2.458795E-10  3.259589E-10  3.634492E-10  4.374331E-10  1.984559E-01  1.594418E-04  5.421010E-07  6.628096E-01  7.337090E-03  3.301037E-04  1.438311E-05  6.759519E-04  5.752583E-08  2.077735E-07  1.032021E-08  5.688253E-02  1.992462E-05  9.191665E-08  7.867886E-08  8.726007E-04  1.186379E-03  3.263256E-05  3.482628E-06  4.464456E-06  1.009738E-06
 3.071500E+02  7.155308E-02  9.645165E-06  2.403931E-10  3.187711E-10  3.554555E-10  4.279201E-10  1.984828E-01  1.565002E-04  5.091556E-07  6.633176E-01  7.212354E-03  3.109024E-04  1.396920E-05  6.657679E-04  5.473528E-08  1.982089E-07  9.975451E-09  5.619503E-02  1.904780E-05  8.936852E-08  7.644508E-08  8.574609E-04  1.165776E-03  3.071866E-05  3.275164E-06  4.199913E-06  9.625624E-07
 3.081500E+02  7.189716E-02  9.604760E-06  2.350314E-10  3.117442E-10  3.476402E-10  4.186163E-10  1.985090E-01  1.536341E-04  4.784220E-07  6.638159E-01  7.090507E-03  2.929308E-04  1.356987E-05  6.557757E-04  5.209574E-08  1.891383E-07  9.643587E-09  5.551755E-02  1.821409E-05  8.689931E-08  7.428214E-08  8.426850E-04  1.145670E-03  2.892858E-05  3.081346E-06  3.952690E-06  9.178448E-07
 3.091500E+02  7.223618E-02  9.563850E-06  2.297921E-10  3.048755E-10  3.400002E-10  4.095185E-10  1.985346E-01  1.508410E-04  4.497385E-07  6.643048E-01  6.971468E-03  2.761036E-04  1.318451E-05  6.459714E-04  4.959828E-08  1.805337E-07  9.324102E-09  5.484997E-02  1.742117E-05  8.450650E-08  7.218770E-08  8.282624E-04  1.126045E-03  2.725361E-05  2.900199E-06  3.721554E-06  8.754455E-07
 3.101500E+02  7.257019E-02  9.522471E-06  2.246731E-10  2.981622E-10  3.325325E-10  4.006230E-10  1.985596E-01  1.481187E-04  4.229564E-07  6.647844E-01  6.855160E-03  2.603415E-04  1.281257E-05  6.363514E-04  4.723455E-08  1.723689E-07  9.016500E-09  5.419218E-02  1.666687E-05  8.218761E-08  7.015948E-08  8.141830E-04  1.106889E-03  2.568571E-05  2.730821E-06  3.505366E-06  8.352332E-07
 3.111500E+02  7.289927E-02  9.480653E-06  2.196721E-10  2.916015E-10  3.252340E-10  3.919264E-10  1.985840E-01  1.454650E-04  3.979385E-07  6.652551E-01  6.741509E-03  2.455715E-04  1.245351E-05  6.269122E-04  4.499671E-08  1.646193E-07  8.720307E-09  5.354407E-02  1.594914E-05  7.994028E-08  6.819529E-08  8.004368E-04  1.088188E-03  2.421745E-05  2.572380E-06  3.303073E-06  7.970849E-07
 3.121500E+02  7.322347E-02  9.438431E-06  2.147869E-10  2.851906E-10  3.181017E-10  3.834252E-10  1.986078E-01  1.428777E-04  3.745581E-07  6.657169E-01  6.630443E-03  2.317258E-04  1.210682E-05  6.176502E-04  4.287744E-08  1.572616E-07  8.435067E-09  5.290551E-02  1.526605E-05  7.776218E-08  6.629302E-08  7.870142E-04  1.069927E-03  2.284193E-05  2.424107E-06  3.113702E-06  7.608847E-07
 3.131500E+02  7.354285E-02  9.395834E-06  2.100153E-10  2.789267E-10  3.111325E-10  3.751158E-10  1.986310E-01  1.403548E-04  3.526985E-07  6.661703E-01  6.521891E-03  2.187416E-04  1.177201E-05  6.085618E-04  4.086986E-08  1.502741E-07  8.160346E-09  5.227639E-02  1.461576E-05  7.565109E-08  6.445061E-08  7.739060E-04  1.052096E-03  2.155279E-05  2.285292E-06  2.936355E-06  7.265241E-07
 3.141500E+02  7.385747E-02  9.352892E-06  2.053550E-10  2.728071E-10  3.043232E-10  3.669948E-10  1.986536E-01  1.378944E-04  3.322518E-07  6.666152E-01  6.415784E-03  2.065606E-04  1.144860E-05  5.996437E-04  3.896752E-08  1.436364E-07  7.895724E-09  5.165660E-02  1.399655E-05  7.360483E-08  6.266607E-08  7.611033E-04  1.034680E-03  2.034412E-05  2.155279E-06  2.770199E-06  6.939008E-07
 3.151500E+02  7.416739E-02  9.309634E-06  2.008039E-10  2.668289E-10  2.976709E-10  3.590586E-10  1.986758E-01  1.354946E-04  3.131186E-07  6.670520E-01  6.312057E-03  1.951289E-04  1.113616E-05  5.908925E-04  3.716439E-08  1.373292E-07  7.640802E-09  5.104601E-02  1.340681E-05  7.162132E-08  6.093748E-08  7.485974E-04  1.017670E-03  1.921046E-05  2.033457E-06  2.614464E-06  6.629188E-07
 3.161500E+02  7.447268E-02  9.266090E-06  1.963598E-10  2.609894E-10  2.911724E-10  3.513037E-10  1.986974E-01  1.331535E-04  2.952069E-07  6.674808E-01  6.210647E-03  1.843963E-04  1.083424E-05  5.823048E-04  3.545481E-08  1.313344E-07  7.395196E-09  5.044452E-02  1.284499E-05  6.969851E-08  5.926299E-08  7.363798E-04  1.001052E-03  1.814674E-05  1.919266E-06  2.468439E-06  6.334876E-07
 3.171500E+02  7.477339E-02  9.222284E-06  1.920203E-10  2.552858E-10  2.848247E-10  3.437265E-10  1.987185E-01  1.308693E-04  2.784314E-07  6.679018E-01  6.111489E-03  1.743163E-04  1.054244E-05  5.738775E-04  3.383344E-08  1.256349E-07  7.158538E-09  4.985199E-02  1.230965E-05  6.783444E-08  5.764080E-08  7.244426E-04  9.848169E-04  1.714825E-05  1.812185E-06  2.331462E-06  6.055223E-07
 3.181500E+02  7.506959E-02  9.178245E-06  1.877835E-10  2.497153E-10  2.786248E-10  3.363235E-10  1.987391E-01  1.286404E-04  2.627137E-07  6.683151E-01  6.014525E-03  1.648458E-04  1.026037E-05  5.656072E-04  3.229530E-08  1.202148E-07  6.930474E-09  4.926832E-02  1.179942E-05  6.602721E-08  5.606917E-08  7.127778E-04  9.689528E-04  1.621063E-05  1.711729E-06  2.202921E-06  5.789429E-07
 3.191500E+02  7.536134E-02  9.133997E-06  1.836471E-10  2.442751E-10  2.725696E-10  3.290913E-10  1.987593E-01  1.264652E-04  2.479809E-07  6.687210E-01  5.919696E-03  1.559446E-04  9.987648E-06  5.574910E-04  3.083571E-08  1.150591E-07  6.710668E-09  4.869338E-02  1.131302E-05  6.427499E-08  5.454643E-08  7.013779E-04  9.534497E-04  1.532985E-05  1.617452E-06  2.082250E-06  5.536742E-07
 3.201500E+02  7.564870E-02  9.089564E-06  1.796090E-10  2.389627E-10  2.666561E-10  3.220264E-10  1.987790E-01  1.243419E-04  2.341656E-07  6.691197E-01  5.826945E-03  1.475756E-04  9.723921E-06  5.495257E-04  2.945025E-08  1.101534E-07  6.498793E-09  4.812706E-02  1.084921E-05  6.257598E-08  5.307095E-08  6.902356E-04  9.382975E-04  1.450215E-05  1.528940E-06  1.968922E-06  5.296452E-07
 3.211500E+02  7.593172E-02  9.044970E-06  1.756670E-10  2.337752E-10  2.608813E-10  3.151253E-10  1.987982E-01  1.222692E-04  2.212054E-07  6.695112E-01  5.736218E-03  1.397040E-04  9.468843E-06  5.417083E-04  2.813480E-08  1.054845E-07  6.294541E-09  4.756923E-02  1.040685E-05  6.092846E-08  5.164117E-08  6.793436E-04  9.234865E-04  1.372403E-05  1.445807E-06  1.862450E-06  5.067893E-07
 3.221500E+02  7.621048E-02  9.000238E-06  1.718191E-10  2.287100E-10  2.552423E-10  3.083846E-10  1.988170E-01  1.202455E-04  2.090424E-07  6.698957E-01  5.647461E-03  1.322976E-04  9.222084E-06  5.340357E-04  2.688548E-08  1.010397E-07  6.097611E-09  4.701978E-02  9.984854E-06  5.933077E-08  5.025556E-08  6.686951E-04  9.090072E-04  1.299226E-05  1.367696E-06  1.762379E-06  4.850436E-07
 3.231500E+02  7.648503E-02  8.955389E-06  1.680631E-10  2.237644E-10  2.497362E-10  3.018009E-10  1.988354E-01  1.182693E-04  1.976232E-07  6.702734E-01  5.560621E-03  1.253265E-04  8.983331E-06  5.265052E-04  2.569862E-08  9.680712E-08  5.907720E-09  4.647860E-02  9.582186E-06  5.778129E-08  4.891267E-08  6.582836E-04  8.948507E-04  1.230382E-05  1.294277E-06  1.668290E-06  4.643489E-07
 3.241500E+02  7.675543E-02  8.910444E-06  1.643971E-10  2.189359E-10  2.443600E-10  2.953709E-10  1.988534E-01  1.163394E-04  1.868979E-07  6.706445E-01  5.475650E-03  1.187628E-04  8.752280E-06  5.191138E-04  2.457080E-08  9.277566E-08  5.724592E-09  4.594555E-02  9.197875E-06  5.627847E-08  4.761107E-08  6.481024E-04  8.810080E-04  1.165591E-05  1.225240E-06  1.579792E-06  4.446494E-07
 3.251500E+02  7.702174E-02  8.865424E-06  1.608191E-10  2.142219E-10  2.391110E-10  2.890913E-10  1.988710E-01  1.144543E-04  1.768204E-07  6.710090E-01  5.392499E-03  1.125805E-04  8.528644E-06  5.118588E-04  2.349878E-08  8.893474E-08  5.547965E-09  4.542054E-02  8.831001E-06  5.482078E-08  4.634941E-08  6.381454E-04  8.674706E-04  1.104592E-05  1.160300E-06  1.496520E-06  4.258925E-07
 3.261500E+02  7.728403E-02  8.820348E-06  1.573269E-10  2.096198E-10  2.339862E-10  2.829588E-10  1.988882E-01  1.126129E-04  1.673480E-07  6.713671E-01  5.311119E-03  1.067554E-04  8.312145E-06  5.047373E-04  2.247953E-08  8.527440E-08  5.377586E-09  4.490343E-02  8.480693E-06  5.340678E-08  4.512636E-08  6.284065E-04  8.542302E-04  1.047144E-05  1.099191E-06  1.418138E-06  4.080285E-07
 3.271500E+02  7.754234E-02  8.775233E-06  1.539188E-10  2.051270E-10  2.289830E-10  2.769701E-10  1.989050E-01  1.108138E-04  1.584408E-07  6.717190E-01  5.231466E-03  1.012651E-04  8.102519E-06  4.977467E-04  2.151019E-08  8.178527E-08  5.213216E-09  4.439412E-02  8.146127E-06  5.203504E-08  4.394064E-08  6.188798E-04  8.412789E-04  9.930195E-06  1.041667E-06  1.344331E-06  3.910109E-07
 3.281500E+02  7.779675E-02  8.730099E-06  1.505926E-10  2.007412E-10  2.240986E-10  2.711221E-10  1.989214E-01  1.090558E-04  1.500620E-07  6.720648E-01  5.153495E-03  9.608845E-05  7.899511E-06  4.908844E-04  2.058806E-08  7.845849E-08  5.054620E-09  4.389249E-02  7.826526E-06  5.070421E-08  4.279102E-08  6.095597E-04  8.286089E-04  9.420089E-06  9.874959E-07  1.274807E-06  3.747953E-07
 3.291500E+02  7.804730E-02  8.684962E-06  1.473466E-10  1.964599E-10  2.193302E-10  2.654115E-10  1.989375E-01  1.073378E-04  1.421772E-07  6.724045E-01  5.077162E-03  9.120597E-05  7.702878E-06  4.841477E-04  1.971062E-08  7.528570E-08  4.901578E-09  4.339843E-02  7.521150E-06  4.941296E-08  4.167631E-08  6.004406E-04  8.162127E-04  8.939162E-06  9.364649E-07  1.209294E-06  3.593402E-07
 3.301500E+02  7.829407E-02  8.639839E-06  1.441788E-10  1.922807E-10  2.146753E-10  2.598354E-10  1.989533E-01  1.056587E-04  1.347545E-07  6.727385E-01  5.002427E-03  8.659937E-05  7.512386E-06  4.775342E-04  1.887548E-08  7.225902E-08  4.753875E-09  4.291182E-02  7.229303E-06  4.816002E-08  4.059535E-08  5.915173E-04  8.040829E-04  8.485589E-06  8.883745E-07  1.147537E-06  3.446062E-07
 3.311500E+02  7.853709E-02  8.594745E-06  1.410875E-10  1.882012E-10  2.101312E-10  2.543907E-10  1.989687E-01  1.040173E-04  1.277643E-07  6.730666E-01  4.929247E-03  8.225162E-05  7.327813E-06  4.710412E-04  1.808038E-08  6.937100E-08  4.611308E-09  4.243255E-02  6.950322E-06  4.694416E-08  3.954704E-08  5.827845E-04  7.922125E-04  8.057666E-06  8.430391E-07  1.089302E-06  3.305564E-07
 3.321500E+02  7.877644E-02  8.549695E-06  1.380707E-10  1.842191E-10  2.056952E-10  2.490743E-10  1.989838E-01  1.024127E-04  1.211789E-07  6.733891E-01  4.857584E-03  7.814683E-05  7.148942E-06  4.646664E-04  1.732321E-08  6.661460E-08  4.473681E-09  4.196051E-02  6.683582E-06  4.576417E-08  3.853031E-08  5.742372E-04  7.805948E-04  7.653806E-06  8.002858E-07  1.034368E-06  3.171557E-07
 3.331500E+02  7.901216E-02  8.504703E-06  1.351268E-10  1.803320E-10  2.013650E-10  2.438833E-10  1.989985E-01  1.008437E-04  1.149727E-07  6.737062E-01  4.787400E-03  7.427014E-05  6.975568E-06  4.584074E-04  1.660197E-08  6.398318E-08  4.340804E-09  4.149560E-02  6.428490E-06  4.461891E-08  3.754411E-08  5.658707E-04  7.692230E-04  7.272527E-06  7.599534E-07  9.825290E-07  3.043709E-07
 3.341500E+02  7.924432E-02  8.459784E-06  1.322540E-10  1.765379E-10  1.971380E-10  2.388147E-10  1.990130E-01  9.930949E-05  1.091216E-07  6.740178E-01  4.718657E-03  7.060769E-05  6.807494E-06  4.522618E-04  1.591478E-08  6.147045E-08  4.212497E-09  4.103769E-02  6.184483E-06  4.350726E-08  3.658744E-08  5.576801E-04  7.580907E-04  6.912445E-06  7.218915E-07  9.335947E-07  2.921709E-07
 3.351500E+02  7.947297E-02  8.414951E-06  1.294505E-10  1.728344E-10  1.930118E-10  2.338659E-10  1.990272E-01  9.780902E-05  1.036034E-07  6.743241E-01  4.651319E-03  6.714653E-05  6.644530E-06  4.462273E-04  1.525987E-08  5.907047E-08  4.088588E-09  4.058668E-02  5.951029E-06  4.242814E-08  3.565934E-08  5.496610E-04  7.471917E-04  6.572270E-06  6.859601E-07  8.873864E-07  2.805260E-07
 3.361500E+02  7.969816E-02  8.370215E-06  1.267147E-10  1.692194E-10  1.889840E-10  2.290338E-10  1.990410E-01  9.634138E-05  9.839731E-08  6.746253E-01  4.585351E-03  6.387455E-05  6.486494E-06  4.403016E-04  1.463555E-08  5.677763E-08  3.968910E-09  4.014247E-02  5.727623E-06  4.138052E-08  3.475887E-08  5.418088E-04  7.365200E-04  6.250795E-06  6.520283E-07  8.437372E-07  2.694085E-07
 3.371500E+02  7.991996E-02  8.325589E-06  1.240450E-10  1.656908E-10  1.850521E-10  2.243158E-10  1.990546E-01  9.490570E-05  9.348394E-08  6.749214E-01  4.520719E-03  6.078043E-05  6.333213E-06  4.344827E-04  1.404026E-08  5.458662E-08  3.853304E-09  3.970496E-02  5.513787E-06  4.036337E-08  3.388513E-08  5.341193E-04  7.260697E-04  5.946893E-06  6.199740E-07  8.024915E-07  2.587918E-07
 3.381500E+02  8.013840E-02  8.281084E-06  1.214397E-10  1.622465E-10  1.812140E-10  2.197092E-10  1.990679E-01  9.350110E-05  8.884522E-08  6.752125E-01  4.457390E-03  5.785357E-05  6.184518E-06  4.287682E-04  1.347248E-08  5.249242E-08  3.741615E-09  3.927402E-02  5.309067E-06  3.937574E-08  3.303724E-08  5.265883E-04  7.158352E-04  5.659511E-06  5.896831E-07  7.635040E-07  2.486511E-07
 3.391500E+02  8.035355E-02  8.236710E-06  1.188972E-10  1.588844E-10  1.774674E-10  2.152113E-10  1.990809E-01  9.212675E-05  8.446427E-08  6.754987E-01  4.395331E-03  5.508408E-05  6.040248E-06  4.231561E-04  1.293083E-08  5.049026E-08  3.633698E-09  3.884957E-02  5.113032E-06  3.841667E-08  3.221437E-08  5.192119E-04  7.058108E-04  5.387662E-06  5.610491E-07  7.266389E-07  2.389628E-07
 3.401500E+02  8.056545E-02  8.192479E-06  1.164161E-10  1.556026E-10  1.738100E-10  2.108195E-10  1.990937E-01  9.078184E-05  8.032537E-08  6.757802E-01  4.334512E-03  5.246268E-05  5.900250E-06  4.176443E-04  1.241396E-08  4.857567E-08  3.529412E-09  3.843149E-02  4.925275E-06  3.748527E-08  3.141571E-08  5.119860E-04  6.959913E-04  5.130426E-06  5.339725E-07  6.917692E-07  2.297044E-07
 3.411500E+02  8.077416E-02  8.148400E-06  1.139948E-10  1.523991E-10  1.702397E-10  2.065313E-10  1.991062E-01  8.946559E-05  7.641380E-08  6.760570E-01  4.274902E-03  4.998068E-05  5.764374E-06  4.122308E-04  1.192062E-08  4.674437E-08  3.428620E-09  3.801970E-02  4.745407E-06  3.658064E-08  3.064046E-08  5.049068E-04  6.863715E-04  4.886941E-06  5.083601E-07  6.587761E-07  2.208549E-07
 3.421500E+02  8.097974E-02  8.104482E-06  1.116317E-10  1.492721E-10  1.667543E-10  2.023442E-10  1.991184E-01  8.817723E-05  7.271585E-08  6.763292E-01  4.216472E-03  4.762997E-05  5.632478E-06  4.069135E-04  1.144963E-08  4.499233E-08  3.331193E-09  3.761408E-02  4.573060E-06  3.570194E-08  2.988787E-08  4.979708E-04  6.769464E-04  4.656398E-06  4.841250E-07  6.275485E-07  2.123943E-07
 3.431500E+02  8.118222E-02  8.060734E-06  1.093256E-10  1.462195E-10  1.633518E-10  1.982557E-10  1.991304E-01  8.691603E-05  6.921868E-08  6.765968E-01  4.159193E-03  4.540291E-05  5.504426E-06  4.016906E-04  1.099986E-08  4.331574E-08  3.237007E-09  3.721454E-02  4.407886E-06  3.484835E-08  2.915720E-08  4.911742E-04  6.677110E-04  4.438042E-06  4.611858E-07  5.979825E-07  2.043036E-07
 3.441500E+02  8.138167E-02  8.017164E-06  1.070749E-10  1.432396E-10  1.600302E-10  1.942635E-10  1.991422E-01  8.568127E-05  6.591030E-08  6.768601E-01  4.103037E-03  4.329238E-05  5.380085E-06  3.965600E-04  1.057025E-08  4.171097E-08  3.145942E-09  3.682098E-02  4.249553E-06  3.401907E-08  2.844776E-08  4.845137E-04  6.586606E-04  4.231166E-06  4.394662E-07  5.699809E-07  1.965649E-07
 3.451500E+02  8.157812E-02  7.973780E-06  1.048782E-10  1.403306E-10  1.567874E-10  1.903652E-10  1.991537E-01  8.447228E-05  6.277948E-08  6.771191E-01  4.047978E-03  4.129168E-05  5.259329E-06  3.915200E-04  1.015979E-08  4.017460E-08  3.057881E-09  3.643331E-02  4.097747E-06  3.321333E-08  2.775885E-08  4.779858E-04  6.497907E-04  4.035105E-06  4.188948E-07  5.434525E-07  1.891612E-07
 3.461500E+02  8.177163E-02  7.930590E-06  1.027343E-10  1.374907E-10  1.536215E-10  1.865584E-10  1.991650E-01  8.328837E-05  5.981574E-08  6.773738E-01  3.993988E-03  3.939454E-05  5.142036E-06  3.865688E-04  9.767553E-09  3.870337E-08  2.972716E-09  3.605143E-02  3.952168E-06  3.243040E-08  2.708981E-08  4.715872E-04  6.410967E-04  3.849238E-06  3.994050E-07  5.183120E-07  1.820764E-07
 3.471500E+02  8.196225E-02  7.887600E-06  1.006417E-10  1.347183E-10  1.505307E-10  1.828411E-10  1.991761E-01  8.212889E-05  5.700926E-08  6.776244E-01  3.941042E-03  3.759506E-05  5.028090E-06  3.817044E-04  9.392625E-09  3.729422E-08  2.890340E-09  3.567525E-02  3.812532E-06  3.166956E-08  2.644002E-08  4.653149E-04  6.325743E-04  3.672982E-06  3.809340E-07  4.944794E-07  1.752952E-07
 3.481500E+02  8.215002E-02  7.844817E-06  9.859926E-11  1.320116E-10  1.475129E-10  1.792109E-10  1.991870E-01  8.099323E-05  5.435085E-08  6.778709E-01  3.889116E-03  3.588772E-05  4.917378E-06  3.769252E-04  9.034161E-09  3.594420E-08  2.810651E-09  3.530467E-02  3.678570E-06  3.093011E-08  2.580885E-08  4.591656E-04  6.242194E-04  3.505791E-06  3.634232E-07  4.718796E-07  1.688033E-07
 3.491500E+02  8.233499E-02  7.802248E-06  9.660563E-11  1.293690E-10  1.445665E-10  1.756658E-10  1.991976E-01  7.988076E-05  5.183189E-08  6.781134E-01  3.838185E-03  3.426735E-05  4.809792E-06  3.722295E-04  8.691357E-09  3.465056E-08  2.733552E-09  3.493961E-02  3.550024E-06  3.021139E-08  2.519570E-08  4.531364E-04  6.160277E-04  3.347150E-06  3.468177E-07  4.504425E-07  1.625869E-07
 3.501500E+02  8.251720E-02  7.759898E-06  9.465959E-11  1.267889E-10  1.416897E-10  1.722036E-10  1.992081E-01  7.879090E-05  4.944433E-08  6.783520E-01  3.788226E-03  3.272906E-05  4.705227E-06  3.676155E-04  8.363454E-09  3.341067E-08  2.658948E-09  3.457997E-02  3.426650E-06  2.951273E-08  2.460001E-08  4.472244E-04  6.079954E-04  3.196579E-06  3.310658E-07  4.301021E-07  1.566329E-07
 3.511500E+02  8.269671E-02  7.717773E-06  9.275995E-11  1.242697E-10  1.388807E-10  1.688223E-10  1.992183E-01  7.772307E-05  4.718060E-08  6.785868E-01  3.739216E-03  3.126829E-05  4.603585E-06  3.630817E-04  8.049729E-09  3.222202E-08  2.586748E-09  3.422566E-02  3.308218E-06  2.883353E-08  2.402122E-08  4.414268E-04  6.001186E-04  3.053625E-06  3.161193E-07  4.107965E-07  1.509291E-07
 3.521500E+02  8.287354E-02  7.675878E-06  9.090553E-11  1.218100E-10  1.361378E-10  1.655200E-10  1.992284E-01  7.667672E-05  4.503363E-08  6.788177E-01  3.691132E-03  2.988073E-05  4.504767E-06  3.586263E-04  7.749502E-09  3.108225E-08  2.516867E-09  3.387661E-02  3.194506E-06  2.817318E-08  2.345880E-08  4.357407E-04  5.923936E-04  2.917864E-06  3.019326E-07  3.924675E-07  1.454638E-07
 3.531500E+02  8.304776E-02  7.634218E-06  8.909518E-11  1.194082E-10  1.334593E-10  1.622945E-10  1.992382E-01  7.565130E-05  4.299676E-08  6.790450E-01  3.643954E-03  2.856236E-05  4.408682E-06  3.542479E-04  7.462126E-09  2.998912E-08  2.449221E-09  3.353271E-02  3.085304E-06  2.753108E-08  2.291221E-08  4.301635E-04  5.848166E-04  2.788898E-06  2.884633E-07  3.750608E-07  1.402258E-07
 3.541500E+02  8.321940E-02  7.592797E-06  8.732778E-11  1.170629E-10  1.308437E-10  1.591441E-10  1.992479E-01  7.464629E-05  4.106377E-08  6.792687E-01  3.597659E-03  2.730937E-05  4.315240E-06  3.499449E-04  7.186987E-09  2.894049E-08  2.383730E-09  3.319390E-02  2.980413E-06  2.690667E-08  2.238098E-08  4.246927E-04  5.773842E-04  2.666350E-06  2.756712E-07  3.585251E-07  1.352047E-07
 3.551500E+02  8.338850E-02  7.551620E-06  8.560225E-11  1.147726E-10  1.282894E-10  1.560669E-10  1.992574E-01  7.366119E-05  3.922880E-08  6.794888E-01  3.552229E-03  2.611819E-05  4.224355E-06  3.457158E-04  6.923505E-09  2.793432E-08  2.320316E-09  3.286008E-02  2.879643E-06  2.629941E-08  2.186461E-08  4.193257E-04  5.700929E-04  2.549870E-06  2.635189E-07  3.428121E-07  1.303904E-07
 3.561500E+02  8.355511E-02  7.510690E-06  8.391752E-11  1.125360E-10  1.257948E-10  1.530610E-10  1.992667E-01  7.269550E-05  3.748638E-08  6.797054E-01  3.507642E-03  2.498546E-05  4.135945E-06  3.415590E-04  6.671130E-09  2.696871E-08  2.258906E-09  3.253117E-02  2.782813E-06  2.570877E-08  2.136263E-08  4.140600E-04  5.629394E-04  2.439124E-06  2.519709E-07  3.278768E-07  1.257734E-07
 3.571500E+02  8.371927E-02  7.470012E-06  8.227255E-11  1.103517E-10  1.233585E-10  1.501247E-10  1.992759E-01  7.174874E-05  3.583133E-08  6.799186E-01  3.463879E-03  2.390803E-05  4.049930E-06  3.374733E-04  6.429340E-09  2.604180E-08  2.199429E-09  3.220709E-02  2.689751E-06  2.513423E-08  2.087459E-08  4.088932E-04  5.559204E-04  2.333803E-06  2.409941E-07  3.136766E-07  1.213447E-07
 3.581500E+02  8.388101E-02  7.429587E-06  8.066633E-11  1.082184E-10  1.209789E-10  1.472563E-10  1.992848E-01  7.082044E-05  3.425882E-08  6.801285E-01  3.420921E-03  2.288291E-05  3.966232E-06  3.334570E-04  6.197638E-09  2.515187E-08  2.141816E-09  3.188776E-02  2.600292E-06  2.457531E-08  2.040007E-08  4.038231E-04  5.490327E-04  2.233613E-06  2.305573E-07  3.001715E-07  1.170958E-07
 3.591500E+02  8.404038E-02  7.389421E-06  7.909787E-11  1.061349E-10  1.186547E-10  1.444540E-10  1.992936E-01  6.991016E-05  3.276430E-08  6.803350E-01  3.378751E-03  2.190731E-05  3.884779E-06  3.295089E-04  5.975556E-09  2.429727E-08  2.086001E-09  3.157311E-02  2.514282E-06  2.403152E-08  1.993863E-08  3.988474E-04  5.422734E-04  2.138277E-06  2.206311E-07  2.873239E-07  1.130185E-07
 3.601500E+02  8.419742E-02  7.349514E-06  7.756621E-11  1.040997E-10  1.163845E-10  1.417162E-10  1.993023E-01  6.901746E-05  3.134350E-08  6.805383E-01  3.337350E-03  2.097859E-05  3.805498E-06  3.256276E-04  5.762648E-09  2.347641E-08  2.031922E-09  3.126306E-02  2.431570E-06  2.350240E-08  1.948987E-08  3.939638E-04  5.356393E-04  2.047536E-06  2.111879E-07  2.750983E-07  1.091050E-07
 3.611500E+02  8.435217E-02  7.309871E-06  7.607041E-11  1.021119E-10  1.141668E-10  1.390413E-10  1.993108E-01  6.814190E-05  2.999238E-08  6.807385E-01  3.296701E-03  2.009427E-05  3.728321E-06  3.218118E-04  5.558489E-09  2.268780E-08  1.979517E-09  3.095752E-02  2.352016E-06  2.298751E-08  1.905340E-08  3.891703E-04  5.291277E-04  1.961146E-06  2.022017E-07  2.634615E-07  1.053480E-07
 3.621500E+02  8.450465E-02  7.270493E-06  7.460957E-11  1.001700E-10  1.120004E-10  1.364278E-10  1.993191E-01  6.728309E-05  2.870718E-08  6.809355E-01  3.256787E-03  1.925200E-05  3.653182E-06  3.180601E-04  5.362679E-09  2.193002E-08  1.928727E-09  3.065643E-02  2.275485E-06  2.248641E-08  1.862884E-08  3.844648E-04  5.227356E-04  1.878875E-06  1.936481E-07  2.523821E-07  1.017405E-07
 3.631500E+02  8.465492E-02  7.231382E-06  7.318277E-11  9.827309E-11  1.098840E-10  1.338740E-10  1.993273E-01  6.644060E-05  2.748432E-08  6.811295E-01  3.217591E-03  1.844957E-05  3.580017E-06  3.143714E-04  5.174835E-09  2.120172E-08  1.879498E-09  3.035971E-02  2.201847E-06  2.199868E-08  1.821582E-08  3.798452E-04  5.164603E-04  1.800507E-06  1.855041E-07  2.418305E-07  9.827591E-08
 3.641500E+02  8.480301E-02  7.192541E-06  7.178917E-11  9.641989E-11  1.078163E-10  1.313786E-10  1.993353E-01  6.561407E-05  2.632046E-08  6.813205E-01  3.179098E-03  1.768491E-05  3.508763E-06  3.107443E-04  4.994595E-09  2.050160E-08  1.831774E-09  3.006730E-02  2.130980E-06  2.152392E-08  1.781398E-08  3.753096E-04  5.102992E-04  1.725836E-06  1.777478E-07  2.317789E-07  9.494781E-08
 3.651500E+02  8.494895E-02  7.153972E-06  7.042792E-11  9.460934E-11  1.057961E-10  1.289400E-10  1.993432E-01  6.480309E-05  2.521246E-08  6.815086E-01  3.141292E-03  1.695604E-05  3.439363E-06  3.071776E-04  4.821614E-09  1.982845E-08  1.785504E-09  2.977911E-02  2.062768E-06  2.106175E-08  1.742299E-08  3.708561E-04  5.042497E-04  1.654671E-06  1.703589E-07  2.222010E-07  9.175021E-08
 3.661500E+02  8.509278E-02  7.115674E-06  6.909818E-11  9.284036E-11  1.038222E-10  1.265568E-10  1.993509E-01  6.400732E-05  2.415733E-08  6.816937E-01  3.104157E-03  1.626113E-05  3.371759E-06  3.036702E-04  4.655566E-09  1.918109E-08  1.740637E-09  2.949508E-02  1.997098E-06  2.061177E-08  1.704250E-08  3.664828E-04  4.983091E-04  1.586828E-06  1.633182E-07  2.130721E-07  8.867738E-08
 3.671500E+02  8.523454E-02  7.077651E-06  6.779916E-11  9.111190E-11  1.018934E-10  1.242278E-10  1.993585E-01  6.322638E-05  2.315229E-08  6.818761E-01  3.067679E-03  1.559841E-05  3.305894E-06  3.002209E-04  4.496139E-09  1.855840E-08  1.697125E-09  2.921514E-02  1.933864E-06  2.017363E-08  1.667220E-08  3.621879E-04  4.924752E-04  1.522136E-06  1.566074E-07  2.043688E-07  8.572387E-08
 3.681500E+02  8.537425E-02  7.039904E-06  6.653008E-11  8.942294E-11  1.000087E-10  1.219514E-10  1.993660E-01  6.245994E-05  2.219469E-08  6.820556E-01  3.031843E-03  1.496625E-05  3.241717E-06  2.968285E-04  4.343037E-09  1.795935E-08  1.654922E-09  2.893922E-02  1.872965E-06  1.974697E-08  1.631179E-08  3.579697E-04  4.867453E-04  1.460434E-06  1.502094E-07  1.960693E-07  8.288449E-08
 3.691500E+02  8.551196E-02  7.002432E-06  6.529018E-11  8.777248E-11  9.816679E-11  1.197264E-10  1.993733E-01  6.170765E-05  2.128206E-08  6.822324E-01  2.996635E-03  1.436308E-05  3.179175E-06  2.934920E-04  4.195979E-09  1.738290E-08  1.613984E-09  2.866725E-02  1.814304E-06  1.933145E-08  1.596095E-08  3.538264E-04  4.811173E-04  1.401567E-06  1.441080E-07  1.881526E-07  8.015429E-08
 3.701500E+02  8.564770E-02  6.965238E-06  6.407870E-11  8.615956E-11  9.636672E-11  1.175515E-10  1.993805E-01  6.096918E-05  2.041205E-08  6.824066E-01  2.962042E-03  1.378743E-05  3.118219E-06  2.902101E-04  4.054698E-09  1.682810E-08  1.574266E-09  2.839918E-02  1.757788E-06  1.892674E-08  1.561940E-08  3.497563E-04  4.755889E-04  1.345392E-06  1.382880E-07  1.805992E-07  7.752856E-08
 3.711500E+02  8.578149E-02  6.928321E-06  6.289494E-11  8.458324E-11  9.460742E-11  1.154254E-10  1.993876E-01  6.024421E-05  1.958246E-08  6.825781E-01  2.928050E-03  1.323792E-05  3.058802E-06  2.869820E-04  3.918939E-09  1.629404E-08  1.535729E-09  2.813493E-02  1.703330E-06  1.853252E-08  1.528686E-08  3.457579E-04  4.701578E-04  1.291773E-06  1.327351E-07  1.733906E-07  7.500282E-08
 3.721500E+02  8.591338E-02  6.891683E-06  6.173819E-11  8.304258E-11  9.288785E-11  1.133471E-10  1.993946E-01  5.953244E-05  1.879120E-08  6.827470E-01  2.894647E-03  1.271322E-05  3.000876E-06  2.838065E-04  3.788459E-09  1.577984E-08  1.498331E-09  2.787445E-02  1.650844E-06  1.814847E-08  1.496306E-08  3.418296E-04  4.648218E-04  1.240579E-06  1.274355E-07  1.665093E-07  7.257279E-08
 3.731500E+02  8.604338E-02  6.855324E-06  6.060776E-11  8.153669E-11  9.120703E-11  1.113151E-10  1.994014E-01  5.883356E-05  1.803630E-08  6.829134E-01  2.861818E-03  1.221211E-05  2.944397E-06  2.806826E-04  3.663029E-09  1.528466E-08  1.462036E-09  2.761767E-02  1.600251E-06  1.777430E-08  1.464774E-08  3.379698E-04  4.595790E-04  1.191691E-06  1.223766E-07  1.599388E-07  7.023440E-08
