#         T/K            c1          c2-1          c3-4          c3-5          c3-7          c3-9            m1          m2-1          m3-1            w1            w2          w3-1          w3-2          c1m1        c1m2-1        c1m2-7        c2m1-1        c1w1-2        c1w2-1        c2w1-1        c2w1-9        m1w1-1        m1w1-4        m1w2-1        m2w1-1        m2w1-3      c1m1w1-1
 2.731500E+02  5.033475E-01  8.195641E-04  3.533092E-07  4.637269E-07  5.159330E-07  6.151860E-07  3.398943E-01  9.497832E-04  2.864604E-05  6.245699E-02  1.308489E-04  2.788198E-06  3.912139E-08  1.749763E-02  9.294056E-06  3.049675E-05  4.594488E-06  7.411574E-02  8.534184E-06  1.851850E-06  1.626121E-06  2.803477E-04  3.816288E-04  5.001310E-06  9.854839E-06  1.248129E-05  8.546389E-06
 2.741500E+02  5.040776E-01  8.068435E-04  3.379105E-07  4.436659E-07  4.936504E-07  5.888023E-07  3.401358E-01  9.280294E-04  2.647974E-05  6.297053E-02  1.298401E-04  2.640202E-06  3.848446E-08  1.707834E-02  8.684050E-06  2.858741E-05  4.354739E-06  7.310318E-02  8.131715E-06  1.780192E-06  1.561848E-06  2.761851E-04  3.759385E-04  4.700424E-06  9.187251E-06  1.164041E-05  8.059441E-06
 2.751500E+02  5.047940E-01  7.944096E-04  3.232928E-07  4.246159E-07  4.724892E-07  5.637387E-07  3.403698E-01  9.069213E-04  2.449125E-05  6.347708E-02  1.288190E-04  2.500258E-06  3.785095E-08  1.667201E-02  8.118152E-06  2.681046E-05  4.129171E-06  7.210433E-02  7.749395E-06  1.711647E-06  1.500425E-06  2.720841E-04  3.703336E-04  4.418693E-06  8.568341E-06  1.086054E-05  7.602739E-06
 2.761500E+02  5.054969E-01  7.822546E-04  3.094115E-07  4.065197E-07  4.523860E-07  5.399208E-07  3.405964E-01  8.864368E-04  2.266492E-05  6.397664E-02  1.277868E-04  2.367930E-06  3.722132E-08  1.627818E-02  7.592905E-06  2.515590E-05  3.916856E-06  7.111915E-02  7.386180E-06  1.646070E-06  1.441714E-06  2.680445E-04  3.648136E-04  4.154848E-06  7.994336E-06  1.013697E-05  7.174270E-06
 2.771500E+02  5.061867E-01  7.703709E-04  2.962249E-07  3.893234E-07  4.332811E-07  5.172788E-07  3.408160E-01  8.665547E-04  2.098657E-05  6.446925E-02  1.267446E-04  2.242804E-06  3.659600E-08  1.589639E-02  7.105143E-06  2.361457E-05  3.716935E-06  7.014763E-02  7.041085E-06  1.583322E-06  1.385585E-06  2.640660E-04  3.593781E-04  3.907704E-06  7.461772E-06  9.465375E-06  6.772162E-06
 2.781500E+02  5.068635E-01  7.587510E-04  2.836940E-07  3.729768E-07  4.151189E-07  4.957474E-07  3.410288E-01  8.472545E-04  1.944332E-05  6.495493E-02  1.256934E-04  2.124489E-06  3.597541E-08  1.552621E-02  6.651965E-06  2.217803E-05  3.528606E-06  6.918969E-02  6.713173E-06  1.523269E-06  1.331915E-06  2.601483E-04  3.540266E-04  3.676158E-06  6.967465E-06  8.841784E-06  6.394677E-06
 2.791500E+02  5.075276E-01  7.473880E-04  2.717820E-07  3.574326E-07  3.978469E-07  4.752653E-07  3.412351E-01  8.285163E-04  1.802352E-05  6.543372E-02  1.246342E-04  2.012613E-06  3.535992E-08  1.516723E-02  6.230709E-06  2.083851E-05  3.351126E-06  6.824530E-02  6.401557E-06  1.465787E-06  1.280587E-06  2.562910E-04  3.487586E-04  3.459182E-06  6.508491E-06  8.262542E-06  6.040195E-06
 2.801500E+02  5.081793E-01  7.362748E-04  2.604546E-07  3.426463E-07  3.814159E-07  4.557746E-07  3.414352E-01  8.103212E-04  1.671654E-05  6.590565E-02  1.235681E-04  1.906826E-06  3.474989E-08  1.481906E-02  5.838933E-06  1.958889E-05  3.183804E-06  6.731437E-02  6.105396E-06  1.410755E-06  1.231490E-06  2.524937E-04  3.435735E-04  3.255818E-06  6.082159E-06  7.724290E-06  5.707213E-06
 2.811500E+02  5.088187E-01  7.254047E-04  2.496793E-07  3.285763E-07  3.657798E-07  4.372213E-07  3.416292E-01  7.926508E-04  1.551276E-05  6.637076E-02  1.224960E-04  1.806792E-06  3.414564E-08  1.448130E-02  5.474396E-06  1.842258E-05  3.025995E-06  6.639684E-02  5.823894E-06  1.358061E-06  1.184518E-06  2.487560E-04  3.384706E-04  3.065173E-06  5.685995E-06  7.223935E-06  5.394329E-06
 2.821500E+02  5.094462E-01  7.147714E-04  2.394259E-07  3.151835E-07  3.508951E-07  4.195545E-07  3.418174E-01  7.754875E-04  1.440341E-05  6.682909E-02  1.214189E-04  1.712198E-06  3.354746E-08  1.415359E-02  5.135040E-06  1.733352E-05  2.877100E-06  6.549262E-02  5.556296E-06  1.307595E-06  1.139572E-06  2.450774E-04  3.334492E-04  2.886412E-06  5.317724E-06  6.758632E-06  5.100238E-06
 2.831500E+02  5.100619E-01  7.043684E-04  2.296659E-07  3.024311E-07  3.367213E-07  4.027264E-07  3.420000E-01  7.588142E-04  1.338054E-05  6.728070E-02  1.203375E-04  1.622745E-06  3.295562E-08  1.383559E-02  4.818973E-06  1.631613E-05  2.736561E-06  6.460163E-02  5.301885E-06  1.259255E-06  1.096557E-06  2.414575E-04  3.285086E-04  2.718761E-06  4.975251E-06  6.325761E-06  4.823728E-06
 2.841500E+02  5.106661E-01  6.941897E-04  2.203725E-07  2.902845E-07  3.232198E-07  3.866919E-07  3.421771E-01  7.426146E-04  1.243689E-05  6.772563E-02  1.192528E-04  1.538150E-06  3.237038E-08  1.352694E-02  4.524456E-06  1.536526E-05  2.603856E-06  6.372377E-02  5.059985E-06  1.212944E-06  1.055381E-06  2.378956E-04  3.236480E-04  2.561495E-06  4.656647E-06  5.922907E-06  4.563666E-06
 2.851500E+02  5.112591E-01  6.842294E-04  2.115204E-07  2.787112E-07  3.103546E-07  3.714088E-07  3.423491E-01  7.268729E-04  1.156584E-05  6.816394E-02  1.181656E-04  1.458146E-06  3.179195E-08  1.322734E-02  4.249890E-06  1.447616E-05  2.478503E-06  6.285895E-02  4.829951E-06  1.168569E-06  1.015959E-06  2.343913E-04  3.188666E-04  2.413938E-06  4.360135E-06  5.547849E-06  4.318999E-06
 2.861500E+02  5.118409E-01  6.744818E-04  2.030861E-07  2.676806E-07  2.980920E-07  3.568372E-07  3.425160E-01  7.115738E-04  1.076140E-05  6.859568E-02  1.170766E-04  1.382480E-06  3.122054E-08  1.293645E-02  3.993803E-06  1.364443E-05  2.360047E-06  6.200705E-02  4.611175E-06  1.126041E-06  9.782089E-07  2.309439E-04  3.141636E-04  2.275462E-06  4.084080E-06  5.198537E-06  4.088745E-06
 2.871500E+02  5.124119E-01  6.649412E-04  1.950472E-07  2.571640E-07  2.863999E-07  3.429396E-07  3.426781E-01  6.967028E-04  1.001807E-05  6.902091E-02  1.159866E-04  1.310913E-06  3.065633E-08  1.265399E-02  3.754841E-06  1.286604E-05  2.248068E-06  6.116797E-02  4.403081E-06  1.085276E-06  9.420541E-07  2.275528E-04  3.095381E-04  2.145478E-06  3.826972E-06  4.873081E-06  3.871988E-06
 2.881500E+02  5.129722E-01  6.556024E-04  1.873828E-07  2.471342E-07  2.752483E-07  3.296808E-07  3.428355E-01  6.822456E-04  9.330846E-06  6.943969E-02  1.148963E-04  1.243218E-06  3.009947E-08  1.237966E-02  3.531754E-06  1.213724E-05  2.142171E-06  6.034158E-02  4.205120E-06  1.046194E-06  9.074203E-07  2.242175E-04  3.049893E-04  2.023439E-06  3.587422E-06  4.569737E-06  3.667876E-06
 2.891500E+02  5.135220E-01  6.464601E-04  1.800731E-07  2.375657E-07  2.646089E-07  3.170274E-07  3.429884E-01  6.681887E-04  8.695164E-06  6.985208E-02  1.138064E-04  1.179183E-06  2.955011E-08  1.211318E-02  3.323394E-06  1.145457E-05  2.041990E-06  5.952778E-02  4.016776E-06  1.008719E-06  8.742376E-07  2.209373E-04  3.005163E-04  1.908834E-06  3.364146E-06  4.286900E-06  3.475612E-06
 2.901500E+02  5.140616E-01  6.375092E-04  1.730996E-07  2.284346E-07  2.544551E-07  3.049482E-07  3.431369E-01  6.545190E-04  8.106855E-06  7.025815E-02  1.127174E-04  1.118606E-06  2.900837E-08  1.185430E-02  3.128698E-06  1.081484E-05  1.947181E-06  5.872643E-02  3.837556E-06  9.727789E-07  8.424393E-07  2.177116E-04  2.961180E-04  1.801185E-06  3.155961E-06  4.023083E-06  3.294453E-06
 2.911500E+02  5.145912E-01  6.287448E-04  1.664447E-07  2.197181E-07  2.447618E-07  2.934135E-07  3.432812E-01  6.412239E-04  7.562108E-06  7.065796E-02  1.116301E-04  1.061294E-06  2.847435E-08  1.160275E-02  2.946690E-06  1.021508E-05  1.857422E-06  5.793742E-02  3.666997E-06  9.383044E-07  8.119620E-07  2.145396E-04  2.917936E-04  1.700048E-06  2.961776E-06  3.776917E-06  3.123707E-06
 2.921500E+02  5.151109E-01  6.201622E-04  1.600920E-07  2.113949E-07  2.355053E-07  2.823956E-07  3.434214E-01  6.282911E-04  7.057442E-06  7.105157E-02  1.105450E-04  1.007068E-06  2.794814E-08  1.135828E-02  2.776466E-06  9.652555E-06  1.772415E-06  5.716060E-02  3.504657E-06  9.052300E-07  7.827457E-07  2.114208E-04  2.875422E-04  1.605006E-06  2.780580E-06  3.547137E-06  2.962725E-06
 2.931500E+02  5.156210E-01  6.117567E-04  1.540260E-07  2.034450E-07  2.266632E-07  2.718682E-07  3.435577E-01  6.157090E-04  6.589671E-06  7.143907E-02  1.094626E-04  9.557572E-07  2.742981E-08  1.112066E-02  2.617193E-06  9.124733E-06  1.691879E-06  5.639585E-02  3.350117E-06  8.734932E-07  7.547328E-07  2.083543E-04  2.833627E-04  1.515672E-06  2.611443E-06  3.332572E-06  2.810905E-06
 2.941500E+02  5.161215E-01  6.035238E-04  1.482318E-07  1.958492E-07  2.182145E-07  2.618064E-07  3.436902E-01  6.034662E-04  6.155882E-06  7.182051E-02  1.083836E-04  9.072006E-07  2.691942E-08  1.088966E-02  2.468101E-06  8.629265E-06  1.615551E-06  5.564302E-02  3.202984E-06  8.430344E-07  7.278691E-07  2.053396E-04  2.792542E-04  1.431683E-06  2.453504E-06  3.132142E-06  2.667682E-06
 2.951500E+02  5.166128E-01  5.954592E-04  1.426958E-07  1.885897E-07  2.101394E-07  2.521869E-07  3.438191E-01  5.915519E-04  5.753406E-06  7.219597E-02  1.073082E-04  8.612460E-07  2.641701E-08  1.066505E-02  2.328478E-06  8.163972E-06  1.543187E-06  5.490199E-02  3.062880E-06  8.137971E-07  7.021025E-07  2.023760E-04  2.752157E-04  1.352702E-06  2.305968E-06  2.944847E-06  2.532529E-06
 2.961500E+02  5.170950E-01  5.875587E-04  1.374049E-07  1.816495E-07  2.024190E-07  2.429875E-07  3.439444E-01  5.799555E-04  5.379800E-06  7.256552E-02  1.062372E-04  8.177496E-07  2.592262E-08  1.044664E-02  2.197667E-06  7.726837E-06  1.474556E-06  5.417260E-02  2.929452E-06  7.857272E-07  6.773837E-07  1.994626E-04  2.712462E-04  1.278412E-06  2.168100E-06  2.769763E-06  2.404953E-06
 2.971500E+02  5.175683E-01  5.798181E-04  1.323467E-07  1.750128E-07  1.950356E-07  2.341874E-07  3.440662E-01  5.686670E-04  5.032823E-06  7.292924E-02  1.051708E-04  7.765759E-07  2.543626E-08  1.023421E-02  2.075058E-06  7.315987E-06  1.409443E-06  5.345473E-02  2.802361E-06  7.587734E-07  6.536659E-07  1.965989E-04  2.673446E-04  1.208519E-06  2.039218E-06  2.606035E-06  2.284493E-06
 2.981500E+02  5.180328E-01  5.722334E-04  1.275096E-07  1.686643E-07  1.879726E-07  2.257669E-07  3.441848E-01  5.576765E-04  4.710421E-06  7.328719E-02  1.041094E-04  7.375965E-07  2.495793E-08  1.002757E-02  1.960090E-06  6.929685E-06  1.347647E-06  5.274822E-02  2.681289E-06  7.328866E-07  6.309042E-07  1.937840E-04  2.635101E-04  1.142746E-06  1.918694E-06  2.452871E-06  2.170719E-06
 2.991500E+02  5.184887E-01  5.648008E-04  1.228826E-07  1.625900E-07  1.812141E-07  2.177073E-07  3.443001E-01  5.469746E-04  4.410711E-06  7.363945E-02  1.030536E-04  7.006905E-07  2.448764E-08  9.826528E-03  1.852239E-06  6.566318E-06  1.288979E-06  5.205293E-02  2.565933E-06  7.080203E-07  6.090561E-07  1.910174E-04  2.597417E-04  1.080836E-06  1.805945E-06  2.309539E-06  2.063229E-06
 3.001500E+02  5.189362E-01  5.575166E-04  1.184554E-07  1.567762E-07  1.747451E-07  2.099910E-07  3.444124E-01  5.365523E-04  4.131962E-06  7.398610E-02  1.020036E-04  6.657437E-07  2.402537E-08  9.630904E-03  1.751024E-06  6.224388E-06  1.233262E-06  5.136871E-02  2.456007E-06  6.841300E-07  5.880812E-07  1.882982E-04  2.560382E-04  1.022548E-06  1.700432E-06  2.175359E-06  1.961645E-06
 3.011500E+02  5.193755E-01  5.503770E-04  1.142181E-07  1.512103E-07  1.685515E-07  2.026013E-07  3.445216E-01  5.264008E-04  3.872588E-06  7.432720E-02  1.009598E-04  6.326481E-07  2.357109E-08  9.440523E-03  1.655997E-06  5.902503E-06  1.180330E-06  5.069541E-02  2.351238E-06  6.611733E-07  5.679408E-07  1.856257E-04  2.523987E-04  9.676570E-07  1.601655E-06  2.049702E-06  1.865615E-06
 3.021500E+02  5.198067E-01  5.433786E-04  1.101614E-07  1.458802E-07  1.626200E-07  1.955225E-07  3.446280E-01  5.165117E-04  3.631127E-06  7.466285E-02  9.992255E-05  6.013018E-07  2.312478E-08  9.255216E-03  1.566742E-06  5.599368E-06  1.130026E-06  5.003290E-02  2.251368E-06  6.391097E-07  5.485983E-07  1.829992E-04  2.488222E-04  9.159530E-07  1.509151E-06  1.931986E-06  1.774809E-06
 3.031500E+02  5.202299E-01  5.365179E-04  1.062766E-07  1.407746E-07  1.569379E-07  1.887396E-07  3.447315E-01  5.068767E-04  3.406239E-06  7.499310E-02  9.889207E-05  5.716087E-07  2.268639E-08  9.074822E-03  1.482876E-06  5.313781E-06  1.082205E-06  4.938101E-02  2.156154E-06  6.179009E-07  5.300185E-07  1.804180E-04  2.453077E-04  8.672392E-07  1.422491E-06  1.821669E-06  1.688918E-06
 3.041500E+02  5.206454E-01  5.297915E-04  1.025554E-07  1.358826E-07  1.514933E-07  1.822385E-07  3.448324E-01  4.974881E-04  3.196691E-06  7.531804E-02  9.786868E-05  5.434781E-07  2.225588E-08  8.899183E-03  1.404041E-06  5.044622E-06  1.036729E-06  4.873961E-02  2.065364E-06  5.975100E-07  5.121682E-07  1.778815E-04  2.418542E-04  8.213314E-07  1.341278E-06  1.718252E-06  1.607652E-06
 3.051500E+02  5.210533E-01  5.231963E-04  9.898991E-08  1.311941E-07  1.462748E-07  1.760059E-07  3.449306E-01  4.883383E-04  3.001346E-06  7.563775E-02  9.685263E-05  5.168241E-07  2.183319E-08  8.728149E-03  1.329906E-06  4.790849E-06  9.934695E-07  4.810854E-02  1.978779E-06  5.779020E-07  4.950156E-07  1.753888E-04  2.384607E-04  7.780576E-07  1.265143E-06  1.621267E-06  1.530740E-06
 3.061500E+02  5.214537E-01  5.167289E-04  9.557270E-08  1.266993E-07  1.412717E-07  1.700290E-07  3.450262E-01  4.794199E-04  2.819161E-06  7.595229E-02  9.584416E-05  4.915660E-07  2.141827E-08  8.561575E-03  1.260162E-06  4.551492E-06  9.523049E-07  4.748765E-02  1.896189E-06  5.590436E-07  4.785305E-07  1.729392E-04  2.351263E-04  7.372568E-07  1.193743E-06  1.530285E-06  1.457928E-06
 3.071500E+02  5.218469E-01  5.103865E-04  9.229674E-08  1.223892E-07  1.364739E-07  1.642960E-07  3.451194E-01  4.707259E-04  2.649172E-06  7.626175E-02  9.484350E-05  4.676273E-07  2.101103E-08  8.399321E-03  1.194525E-06  4.325646E-06  9.131216E-07  4.687680E-02  1.817399E-06  5.409029E-07  4.626839E-07  1.705321E-04  2.318499E-04  6.987782E-07  1.126760E-06  1.444903E-06  1.388978E-06
 3.081500E+02  5.222328E-01  5.041659E-04  8.915536E-08  1.182551E-07  1.318717E-07  1.587953E-07  3.452102E-01  4.622495E-04  2.490493E-06  7.656619E-02  9.385084E-05  4.449360E-07  2.061142E-08  8.241252E-03  1.132728E-06  4.112470E-06  8.758124E-07  4.627584E-02  1.742220E-06  5.234496E-07  4.474484E-07  1.681667E-04  2.286305E-04  6.624810E-07  1.063900E-06  1.364750E-06  1.323667E-06
 3.091500E+02  5.226117E-01  4.980643E-04  8.614224E-08  1.142888E-07  1.274559E-07  1.535163E-07  3.452986E-01  4.539841E-04  2.342307E-06  7.686570E-02  9.286639E-05  4.234240E-07  2.021936E-08  8.087237E-03  1.074524E-06  3.911179E-06  8.402765E-07  4.568461E-02  1.670475E-06  5.066545E-07  4.327977E-07  1.658424E-04  2.254673E-04  6.282331E-07  1.004889E-06  1.289480E-06  1.261784E-06
 3.101500E+02  5.229837E-01  4.920790E-04  8.325139E-08  1.104824E-07  1.232181E-07  1.484486E-07  3.453849E-01  4.459232E-04  2.203858E-06  7.716035E-02  9.189029E-05  4.030270E-07  1.983476E-08  7.937152E-03  1.019683E-06  3.721041E-06  8.064193E-07  4.510298E-02  1.601996E-06  4.904901E-07  4.187070E-07  1.635585E-04  2.223593E-04  5.959110E-07  9.494717E-07  1.218771E-06  1.203134E-06
 3.111500E+02  5.233490E-01  4.862070E-04  8.047715E-08  1.068286E-07  1.191499E-07  1.435827E-07  3.454689E-01  4.380609E-04  2.074451E-06  7.745021E-02  9.092272E-05  3.836844E-07  1.945755E-08  7.790875E-03  9.679915E-07  3.541372E-06  7.741515E-07  4.453079E-02  1.536623E-06  4.749299E-07  4.051522E-07  1.613142E-04  2.193054E-04  5.653989E-07  8.974123E-07  1.152325E-06  1.147532E-06
 3.121500E+02  5.237077E-01  4.804458E-04  7.781412E-08  1.033203E-07  1.152435E-07  1.389093E-07  3.455509E-01  4.303912E-04  1.953445E-06  7.773535E-02  8.996381E-05  3.653390E-07  1.908762E-08  7.648289E-03  9.192501E-07  3.371535E-06  7.433892E-07  4.396791E-02  1.474205E-06  4.599487E-07  3.921107E-07  1.591090E-04  2.163049E-04  5.365884E-07  8.484906E-07  1.089864E-06  1.094805E-06
 3.131500E+02  5.240598E-01  4.747928E-04  7.525720E-08  9.995103E-08  1.114917E-07  1.344196E-07  3.456308E-01  4.229082E-04  1.840245E-06  7.801586E-02  8.901369E-05  3.479367E-07  1.872490E-08  7.509283E-03  8.732734E-07  3.210934E-06  7.140534E-07  4.341418E-02  1.414598E-06  4.455224E-07  3.795608E-07  1.569420E-04  2.133567E-04  5.093780E-07  8.025020E-07  1.031129E-06  1.044791E-06
 3.141500E+02  5.244057E-01  4.692454E-04  7.280156E-08  9.671437E-08  1.078873E-07  1.301054E-07  3.457087E-01  4.156067E-04  1.734304E-06  7.829180E-02  8.807246E-05  3.314265E-07  1.836928E-08  7.373746E-03  8.298884E-07  3.059014E-06  6.860694E-07  4.286947E-02  1.357665E-06  4.316282E-07  3.674818E-07  1.548127E-04  2.104599E-04  4.836725E-07  7.592564E-07  9.758790E-07  9.973363E-07
 3.151500E+02  5.247453E-01  4.638012E-04  7.044258E-08  9.360434E-08  1.044238E-07  1.259588E-07  3.457847E-01  4.084810E-04  1.635114E-06  7.856325E-02  8.714024E-05  3.157602E-07  1.802068E-08  7.241575E-03  7.889342E-07  2.915255E-06  6.593672E-07  4.233362E-02  1.303278E-06  4.182439E-07  3.558540E-07  1.527204E-04  2.076136E-04  4.593828E-07  7.185766E-07  9.238909E-07  9.522982E-07
 3.161500E+02  5.250788E-01  4.584579E-04  6.817591E-08  9.061526E-08  1.010948E-07  1.219723E-07  3.458588E-01  4.015263E-04  1.542207E-06  7.883028E-02  8.621711E-05  3.008923E-07  1.767899E-08  7.112668E-03  7.502604E-07  2.779171E-06  6.338805E-07  4.180650E-02  1.251313E-06  4.053487E-07  3.446584E-07  1.506645E-04  2.048169E-04  4.364253E-07  6.802978E-07  8.749558E-07  9.095417E-07
 3.171500E+02  5.254063E-01  4.532130E-04  6.599741E-08  8.774174E-08  9.789429E-08  1.181388E-07  3.459311E-01  3.947373E-04  1.455149E-06  7.909295E-02  8.530314E-05  2.867799E-07  1.734410E-08  6.986928E-03  7.137271E-07  2.650308E-06  6.095469E-07  4.128796E-02  1.201654E-06  3.929225E-07  3.338771E-07  1.486443E-04  2.020690E-04  4.147216E-07  6.442664E-07  8.288794E-07  8.689404E-07
 3.181500E+02  5.257279E-01  4.480644E-04  6.390313E-08  8.497864E-08  9.481662E-08  1.144516E-07  3.460017E-01  3.881094E-04  1.373539E-06  7.935135E-02  8.439841E-05  2.733825E-07  1.701593E-08  6.864259E-03  6.792033E-07  2.528242E-06  5.863076E-07  4.077788E-02  1.154191E-06  3.809462E-07  3.234930E-07  1.466591E-04  1.993689E-04  3.941982E-07  6.103396E-07  7.854806E-07  8.303752E-07
 3.191500E+02  5.260438E-01  4.430099E-04  6.188934E-08  8.232108E-08  9.185635E-08  1.109043E-07  3.460706E-01  3.816378E-04  1.297006E-06  7.960553E-02  8.350296E-05  2.606616E-07  1.669436E-08  6.744572E-03  6.465671E-07  2.412574E-06  5.641070E-07  4.027610E-02  1.108818E-06  3.694016E-07  3.134896E-07  1.447083E-04  1.967158E-04  3.747863E-07  5.783839E-07  7.445906E-07  7.937340E-07
 3.201500E+02  5.263541E-01  4.380472E-04  5.995249E-08  7.976443E-08  8.900834E-08  1.074906E-07  3.461378E-01  3.753181E-04  1.225204E-06  7.985558E-02  8.261685E-05  2.485812E-07  1.637930E-08  6.627778E-03  6.157044E-07  2.302933E-06  5.428927E-07  3.978250E-02  1.065435E-06  3.582711E-07  3.038512E-07  1.427914E-04  1.941089E-04  3.564211E-07  5.482752E-07  7.060521E-07  7.589116E-07
 3.211500E+02  5.266588E-01  4.331744E-04  5.808918E-08  7.730428E-08  8.626767E-08  1.042050E-07  3.462034E-01  3.691460E-04  1.157815E-06  8.010155E-02  8.174010E-05  2.371072E-07  1.607063E-08  6.513791E-03  5.865088E-07  2.198969E-06  5.226151E-07  3.929694E-02  1.023949E-06  3.475380E-07  2.945630E-07  1.409077E-04  1.915472E-04  3.390420E-07  5.198977E-07  6.697183E-07  7.258088E-07
 3.221500E+02  5.269582E-01  4.283894E-04  5.629622E-08  7.493643E-08  8.362971E-08  1.010417E-07  3.462674E-01  3.631171E-04  1.094542E-06  8.034351E-02  8.087275E-05  2.262071E-07  1.576825E-08  6.402531E-03  5.588805E-07  2.100357E-06  5.032274E-07  3.881928E-02  9.842693E-07  3.371864E-07  2.856105E-07  1.390566E-04  1.890301E-04  3.225920E-07  4.931432E-07  6.354521E-07  6.943325E-07
 3.231500E+02  5.272522E-01  4.236902E-04  5.457055E-08  7.265691E-08  8.109000E-08  9.799557E-08  3.463300E-01  3.572274E-04  1.035111E-06  8.058154E-02  8.001481E-05  2.158507E-07  1.547205E-08  6.293917E-03  5.327267E-07  2.006790E-06  4.846856E-07  3.834940E-02  9.463104E-07  3.272011E-07  2.769802E-07  1.372375E-04  1.865565E-04  3.070176E-07  4.679110E-07  6.031258E-07  6.643948E-07
 3.241500E+02  5.275411E-01  4.190749E-04  5.290925E-08  7.046190E-08  7.864434E-08  9.506160E-08  3.463911E-01  3.514731E-04  9.792673E-07  8.081570E-02  7.916630E-05  2.060090E-07  1.518194E-08  6.187873E-03  5.079601E-07  1.917982E-06  4.669479E-07  3.788715E-02  9.099913E-07  3.175673E-07  2.686591E-07  1.354499E-04  1.841259E-04  2.922688E-07  4.441070E-07  5.726199E-07  6.359131E-07
 3.251500E+02  5.278249E-01  4.145416E-04  5.130957E-08  6.834781E-08  7.628871E-08  9.223502E-08  3.464507E-01  3.458503E-04  9.267741E-07  8.104605E-02  7.832722E-05  1.966550E-07  1.489779E-08  6.084325E-03  4.844994E-07  1.833662E-06  4.499747E-07  3.743242E-02  8.752351E-07  3.082712E-07  2.606346E-07  1.336931E-04  1.817373E-04  2.782982E-07  4.216434E-07  5.438230E-07  6.088094E-07
 3.261500E+02  5.281036E-01  4.100886E-04  4.976886E-08  6.631119E-08  7.401929E-08  8.951128E-08  3.465090E-01  3.403552E-04  8.774118E-07  8.127266E-02  7.749756E-05  1.877628E-07  1.461951E-08  5.983201E-03  4.622683E-07  1.753580E-06  4.337287E-07  3.698508E-02  8.419686E-07  2.992995E-07  2.528948E-07  1.319665E-04  1.793899E-04  2.650618E-07  4.004380E-07  5.166310E-07  5.830104E-07
 3.271500E+02  5.283775E-01  4.057140E-04  4.828462E-08  6.434876E-08  7.183243E-08  8.688607E-08  3.465659E-01  3.349844E-04  8.309762E-07  8.149559E-02  7.667731E-05  1.793082E-07  1.434698E-08  5.884432E-03  4.411955E-07  1.677498E-06  4.181747E-07  3.654499E-02  8.101224E-07  2.906392E-07  2.454283E-07  1.302697E-04  1.770831E-04  2.525178E-07  3.804142E-07  4.909466E-07  5.584470E-07
 3.281500E+02  5.286466E-01  4.014162E-04  4.685447E-08  6.245741E-08  6.972467E-08  8.435526E-08  3.466215E-01  3.297345E-04  7.872775E-07  8.171491E-02  7.586646E-05  1.712683E-07  1.408011E-08  5.787951E-03  4.212139E-07  1.605193E-06  4.032792E-07  3.611204E-02  7.796303E-07  2.822783E-07  2.382243E-07  1.286021E-04  1.748161E-04  2.406271E-07  3.615003E-07  4.666786E-07  5.350539E-07
 3.291500E+02  5.289110E-01  3.971933E-04  4.547613E-08  6.063415E-08  6.769270E-08  8.191494E-08  3.466758E-01  3.246020E-04  7.461391E-07  8.193067E-02  7.506499E-05  1.636214E-07  1.381879E-08  5.693693E-03  4.022611E-07  1.536456E-06  3.890106E-07  3.568611E-02  7.504296E-07  2.742050E-07  2.312724E-07  1.269631E-04  1.725880E-04  2.293531E-07  3.436295E-07  4.437421E-07  5.127698E-07
 3.301500E+02  5.291708E-01  3.930439E-04  4.414742E-08  5.887616E-08  6.573337E-08  7.956135E-08  3.467289E-01  3.195837E-04  7.073969E-07  8.214294E-02  7.427286E-05  1.563470E-07  1.356291E-08  5.601597E-03  3.842781E-07  1.471092E-06  3.753389E-07  3.526707E-02  7.224607E-07  2.664081E-07  2.245624E-07  1.253522E-04  1.703983E-04  2.186612E-07  3.267389E-07  4.220575E-07  4.915367E-07
 3.311500E+02  5.294261E-01  3.889663E-04  4.286629E-08  5.718074E-08  6.384367E-08  7.729094E-08  3.467808E-01  3.146765E-04  6.708981E-07  8.235178E-02  7.349004E-05  1.494257E-07  1.331236E-08  5.511600E-03  3.672101E-07  1.408916E-06  3.622358E-07  3.485480E-02  6.956668E-07  2.588770E-07  2.180851E-07  1.237688E-04  1.682461E-04  2.085189E-07  3.107702E-07  4.015502E-07  4.712999E-07
 3.321500E+02  5.296769E-01  3.849589E-04  4.163077E-08  5.554530E-08  6.202075E-08  7.510029E-08  3.468316E-01  3.098774E-04  6.365004E-07  8.255725E-02  7.271650E-05  1.428392E-07  1.306706E-08  5.423645E-03  3.510053E-07  1.349754E-06  3.496745E-07  3.444919E-02  6.699940E-07  2.516013E-07  2.118311E-07  1.222125E-04  1.661308E-04  1.988957E-07  2.956683E-07  3.821507E-07  4.520078E-07
 3.331500E+02  5.299234E-01  3.810202E-04  4.043897E-08  5.396740E-08  6.026187E-08  7.298617E-08  3.468812E-01  3.051835E-04  6.040713E-07  8.275941E-02  7.195218E-05  1.365702E-07  1.282689E-08  5.337675E-03  3.356151E-07  1.293444E-06  3.376295E-07  3.405011E-02  6.453910E-07  2.445711E-07  2.057918E-07  1.206828E-04  1.640516E-04  1.897627E-07  2.813821E-07  3.637935E-07  4.336117E-07
 3.341500E+02  5.301657E-01  3.771488E-04  3.928912E-08  5.244468E-08  5.856443E-08  7.094547E-08  3.469297E-01  3.005919E-04  5.734872E-07  8.295831E-02  7.119705E-05  1.306023E-07  1.259175E-08  5.253635E-03  3.209943E-07  1.239832E-06  3.260766E-07  3.365747E-02  6.218090E-07  2.377773E-07  1.999588E-07  1.191791E-04  1.620079E-04  1.810931E-07  2.678635E-07  3.464176E-07  4.160658E-07
 3.351500E+02  5.304038E-01  3.733433E-04  3.817949E-08  5.097492E-08  5.692594E-08  6.897523E-08  3.469771E-01  2.960998E-04  5.446332E-07  8.315401E-02  7.045105E-05  1.249200E-07  1.236154E-08  5.171471E-03  3.070999E-07  1.188774E-06  3.149931E-07  3.327114E-02  5.992016E-07  2.312106E-07  1.943242E-07  1.177010E-04  1.599990E-04  1.728612E-07  2.550674E-07  3.299658E-07  3.993264E-07
 3.361500E+02  5.306378E-01  3.696021E-04  3.710845E-08  4.955597E-08  5.534402E-08  6.707263E-08  3.470235E-01  2.917047E-04  5.174019E-07  8.334657E-02  6.971413E-05  1.195086E-07  1.213616E-08  5.091133E-03  2.938919E-07  1.140134E-06  3.043571E-07  3.289101E-02  5.775248E-07  2.248624E-07  1.888803E-07  1.162480E-04  1.580243E-04  1.650433E-07  2.429518E-07  3.143843E-07  3.833528E-07
 3.371500E+02  5.308679E-01  3.659240E-04  3.607446E-08  4.818580E-08  5.381641E-08  6.523498E-08  3.470688E-01  2.874039E-04  4.916932E-07  8.353604E-02  6.898623E-05  1.143544E-07  1.191553E-08  5.012571E-03  2.813326E-07  1.093783E-06  2.941481E-07  3.251697E-02  5.567364E-07  2.187246E-07  1.836197E-07  1.148196E-04  1.560831E-04  1.576166E-07  2.314771E-07  2.996229E-07  3.681060E-07
 3.381500E+02  5.310940E-01  3.623076E-04  3.507603E-08  4.686246E-08  5.234095E-08  6.345970E-08  3.471132E-01  2.831948E-04  4.674136E-07  8.372248E-02  6.826729E-05  1.094442E-07  1.169953E-08  4.935737E-03  2.693865E-07  1.049602E-06  2.843466E-07  3.214893E-02  5.367966E-07  2.127891E-07  1.785355E-07  1.134153E-04  1.541748E-04  1.505600E-07  2.206062E-07  2.856343E-07  3.535496E-07
 3.391500E+02  5.313162E-01  3.587516E-04  3.411174E-08  4.558410E-08  5.091557E-08  6.174433E-08  3.471566E-01  2.790752E-04  4.444760E-07  8.390593E-02  6.755724E-05  1.047655E-07  1.148807E-08  4.860583E-03  2.580203E-07  1.007477E-06  2.749341E-07  3.178677E-02  5.176674E-07  2.070484E-07  1.736208E-07  1.120347E-04  1.522987E-04  1.438535E-07  2.103045E-07  2.723744E-07  3.396488E-07
 3.401500E+02  5.315347E-01  3.552547E-04  3.318023E-08  4.434893E-08  4.953829E-08  6.008652E-08  3.471991E-01  2.750427E-04  4.227988E-07  8.408647E-02  6.685601E-05  1.003068E-07  1.128107E-08  4.787065E-03  2.472026E-07  9.673009E-07  2.658929E-07  3.143038E-02  4.993124E-07  2.014952E-07  1.688694E-07  1.106773E-04  1.504543E-04  1.374781E-07  2.005393E-07  2.598016E-07  3.263711E-07
 3.411500E+02  5.317495E-01  3.518158E-04  3.228020E-08  4.315527E-08  4.820722E-08  5.848402E-08  3.472406E-01  2.710949E-04  4.023061E-07  8.426412E-02  6.616354E-05  9.605674E-08  1.107842E-08  4.715139E-03  2.369041E-07  9.289727E-07  2.572064E-07  3.107967E-02  4.816974E-07  1.961225E-07  1.642749E-07  1.093428E-04  1.486408E-04  1.314163E-07  1.912801E-07  2.478770E-07  3.136854E-07
 3.421500E+02  5.319607E-01  3.484335E-04  3.141043E-08  4.200149E-08  4.692057E-08  5.693469E-08  3.472813E-01  2.672297E-04  3.829267E-07  8.443895E-02  6.547976E-05  9.200494E-08  1.088004E-08  4.644763E-03  2.270968E-07  8.923972E-07  2.488587E-07  3.073454E-02  4.647894E-07  1.909236E-07  1.598316E-07  1.080306E-04  1.468579E-04  1.256511E-07  1.824983E-07  2.365640E-07  3.015625E-07
 3.431500E+02  5.321683E-01  3.451068E-04  3.056973E-08  4.088604E-08  4.567661E-08  5.543647E-08  3.473211E-01  2.634449E-04  3.645940E-07  8.461101E-02  6.480458E-05  8.814141E-08  1.068583E-08  4.575895E-03  2.177548E-07  8.574849E-07  2.408346E-07  3.039488E-02  4.485572E-07  1.858921E-07  1.555337E-07  1.067404E-04  1.451048E-04  1.201668E-07  1.741668E-07  2.258281E-07  2.899747E-07
 3.441500E+02  5.323725E-01  3.418345E-04  2.975697E-08  3.980744E-08  4.447369E-08  5.398740E-08  3.473601E-01  2.597384E-04  3.472460E-07  8.478034E-02  6.413794E-05  8.445674E-08  1.049571E-08  4.508496E-03  2.088534E-07  8.241508E-07  2.331200E-07  3.006060E-02  4.329711E-07  1.810218E-07  1.513758E-07  1.054717E-04  1.433810E-04  1.149485E-07  1.662605E-07  2.156373E-07  2.788958E-07
 3.451500E+02  5.325732E-01  3.386154E-04  2.897107E-08  3.876427E-08  4.331023E-08  5.258559E-08  3.473982E-01  2.561083E-04  3.308244E-07  8.494700E-02  6.347975E-05  8.094198E-08  1.030960E-08  4.442526E-03  2.003693E-07  7.923150E-07  2.257010E-07  2.973161E-02  4.180027E-07  1.763068E-07  1.473527E-07  1.042241E-04  1.416860E-04  1.099822E-07  1.587555E-07  2.059611E-07  2.683009E-07
 3.461500E+02  5.327706E-01  3.354485E-04  2.821100E-08  3.775518E-08  4.218473E-08  5.122925E-08  3.474356E-01  2.525526E-04  3.152749E-07  8.511102E-02  6.282994E-05  7.758870E-08  1.012739E-08  4.377949E-03  1.922809E-07  7.619021E-07  2.185648E-07  2.940781E-02  4.036250E-07  1.717415E-07  1.434594E-07  1.029973E-04  1.400191E-04  1.052546E-07  1.516294E-07  1.967711E-07  2.581666E-07
 3.471500E+02  5.329647E-01  3.323327E-04  2.747577E-08  3.677886E-08  4.109573E-08  4.991667E-08  3.474722E-01  2.490694E-04  3.005465E-07  8.527247E-02  6.218843E-05  7.438888E-08  9.949021E-09  4.314729E-03  1.845674E-07  7.328406E-07  2.116990E-07  2.908911E-02  3.898124E-07  1.673204E-07  1.396911E-07  1.017908E-04  1.383799E-04  1.007533E-07  1.448615E-07  1.880405E-07  2.484707E-07
 3.481500E+02  5.331556E-01  3.292669E-04  2.676442E-08  3.583408E-08  4.004187E-08  4.864618E-08  3.475080E-01  2.456569E-04  2.865913E-07  8.543137E-02  6.155513E-05  7.133494E-08  9.774398E-09  4.252830E-03  1.772095E-07  7.050632E-07  2.050920E-07  2.877541E-02  3.765402E-07  1.630384E-07  1.360432E-07  1.006042E-04  1.367679E-04  9.646634E-08  1.384318E-07  1.797440E-07  2.391920E-07
 3.491500E+02  5.333434E-01  3.262502E-04  2.607607E-08  3.491964E-08  3.902181E-08  4.741622E-08  3.475431E-01  2.423132E-04  2.733648E-07  8.558779E-02  6.092997E-05  6.841969E-08  9.603442E-09  4.192217E-03  1.701889E-07  6.785062E-07  1.987325E-07  2.846663E-02  3.637851E-07  1.588903E-07  1.325114E-07  9.943722E-05  1.351824E-04  9.238272E-08  1.323219E-07  1.718581E-07  2.303106E-07
 3.501500E+02  5.335280E-01  3.232816E-04  2.540983E-08  3.403442E-08  3.803430E-08  4.622527E-08  3.475774E-01  2.390367E-04  2.608249E-07  8.574176E-02  6.031285E-05  6.563632E-08  9.436073E-09  4.132859E-03  1.634882E-07  6.531094E-07  1.926100E-07  2.816268E-02  3.515248E-07  1.548714E-07  1.290913E-07  9.828942E-05  1.336231E-04  8.849188E-08  1.265143E-07  1.643603E-07  2.218076E-07
 3.511500E+02  5.337096E-01  3.203600E-04  2.476488E-08  3.317731E-08  3.707811E-08  4.507188E-08  3.476111E-01  2.358257E-04  2.489325E-07  8.589332E-02  5.970369E-05  6.297837E-08  9.272213E-09  4.074723E-03  1.570912E-07  6.288158E-07  1.867142E-07  2.786348E-02  3.397381E-07  1.509770E-07  1.257790E-07  9.716046E-05  1.320894E-04  8.478388E-08  1.209926E-07  1.572297E-07  2.136650E-07
 3.521500E+02  5.338883E-01  3.174846E-04  2.414043E-08  3.234728E-08  3.615208E-08  4.395468E-08  3.476440E-01  2.326785E-04  2.376506E-07  8.604252E-02  5.910241E-05  6.043972E-08  9.111786E-09  4.017778E-03  1.509826E-07  6.055715E-07  1.810357E-07  2.756894E-02  3.284047E-07  1.472028E-07  1.225705E-07  9.604999E-05  1.305809E-04  8.124936E-08  1.157413E-07  1.504465E-07  2.058658E-07
 3.531500E+02  5.340640E-01  3.146545E-04  2.353572E-08  3.154332E-08  3.525512E-08  4.287233E-08  3.476763E-01  2.295936E-04  2.269448E-07  8.618941E-02  5.850892E-05  5.801458E-08  8.954717E-09  3.961993E-03  1.451476E-07  5.833257E-07  1.755652E-07  2.727897E-02  3.175054E-07  1.435444E-07  1.194621E-07  9.495764E-05  1.290970E-04  7.787943E-08  1.107460E-07  1.439922E-07  1.983938E-07
 3.541500E+02  5.342369E-01  3.118686E-04  2.295001E-08  3.076449E-08  3.438613E-08  4.182356E-08  3.477080E-01  2.265694E-04  2.167824E-07  8.633402E-02  5.792313E-05  5.569744E-08  8.800930E-09  3.907340E-03  1.395727E-07  5.620300E-07  1.702939E-07  2.699350E-02  3.070217E-07  1.399979E-07  1.164503E-07  9.388308E-05  1.276372E-04  7.466574E-08  1.059927E-07  1.378492E-07  1.912339E-07
 3.551500E+02  5.344070E-01  3.091262E-04  2.238261E-08  3.000985E-08  3.354411E-08  4.080715E-08  3.477390E-01  2.236045E-04  2.071332E-07  8.647639E-02  5.734496E-05  5.348309E-08  8.650355E-09  3.853789E-03  1.342448E-07  5.416388E-07  1.652136E-07  2.671244E-02  2.969360E-07  1.365592E-07  1.135315E-07  9.282597E-05  1.262013E-04  7.160035E-08  1.014688E-07  1.320010E-07  1.843713E-07
 3.561500E+02  5.345743E-01  3.064264E-04  2.183285E-08  2.927853E-08  3.272808E-08  3.982193E-08  3.477694E-01  2.206973E-04  1.979685E-07  8.661656E-02  5.677432E-05  5.136658E-08  8.502919E-09  3.801314E-03  1.291518E-07  5.221088E-07  1.603162E-07  2.643572E-02  2.872315E-07  1.332245E-07  1.107025E-07  9.178599E-05  1.247886E-04  6.867579E-08  9.716200E-08  1.264320E-07  1.777924E-07
 3.571500E+02  5.347389E-01  3.037684E-04  2.130008E-08  2.856968E-08  3.193709E-08  3.886677E-08  3.477992E-01  2.178466E-04  1.892614E-07  8.675458E-02  5.621112E-05  4.934321E-08  8.358554E-09  3.749888E-03  1.242819E-07  5.033992E-07  1.555943E-07  2.616326E-02  2.778923E-07  1.299903E-07  1.079601E-07  9.076281E-05  1.233987E-04  6.588497E-08  9.306084E-08  1.211275E-07  1.714841E-07
 3.581500E+02  5.349009E-01  3.011513E-04  2.078370E-08  2.788250E-08  3.117025E-08  3.794060E-08  3.478285E-01  2.150508E-04  1.809867E-07  8.689048E-02  5.565528E-05  4.740853E-08  8.217191E-09  3.699484E-03  1.196242E-07  4.854710E-07  1.510406E-07  2.589499E-02  2.689031E-07  1.268531E-07  1.053013E-07  8.975611E-05  1.220313E-04  6.322120E-08  8.915451E-08  1.160737E-07  1.654339E-07
 3.591500E+02  5.350603E-01  2.985744E-04  2.028310E-08  2.721621E-08  3.042669E-08  3.704239E-08  3.478571E-01  2.123088E-04  1.731207E-07  8.702429E-02  5.510669E-05  4.555832E-08  8.078764E-09  3.650077E-03  1.151684E-07  4.682875E-07  1.466483E-07  2.563082E-02  2.602493E-07  1.238095E-07  1.027231E-07  8.876559E-05  1.206858E-04  6.067815E-08  8.543284E-08  1.112577E-07  1.596301E-07
 3.601500E+02  5.352171E-01  2.960368E-04  1.979773E-08  2.657006E-08  2.970557E-08  3.617115E-08  3.478852E-01  2.096192E-04  1.656410E-07  8.715607E-02  5.456529E-05  4.378857E-08  7.943207E-09  3.601644E-03  1.109047E-07  4.518138E-07  1.424106E-07  2.537069E-02  2.519169E-07  1.208562E-07  1.002226E-07  8.779094E-05  1.193619E-04  5.824983E-08  8.188620E-08  1.066669E-07  1.540614E-07
 3.611500E+02  5.353715E-01  2.935378E-04  1.932705E-08  2.594334E-08  2.900611E-08  3.532592E-08  3.479127E-01  2.069807E-04  1.585267E-07  8.728583E-02  5.403098E-05  4.209546E-08  7.810456E-09  3.554159E-03  1.068237E-07  4.360168E-07  1.383214E-07  2.511452E-02  2.438928E-07  1.179902E-07  9.779727E-08  8.683186E-05  1.180592E-04  5.593055E-08  7.850553E-08  1.022899E-07  1.487172E-07
 3.621500E+02  5.355234E-01  2.910767E-04  1.887052E-08  2.533537E-08  2.832755E-08  3.450580E-08  3.479397E-01  2.043921E-04  1.517581E-07  8.741362E-02  5.350367E-05  4.047539E-08  7.680449E-09  3.507601E-03  1.029167E-07  4.208653E-07  1.343747E-07  2.486225E-02  2.361641E-07  1.152086E-07  9.544441E-08  8.588806E-05  1.167773E-04  5.371495E-08  7.528227E-08  9.811558E-08  1.435873E-07
 3.631500E+02  5.356729E-01  2.886527E-04  1.842765E-08  2.474547E-08  2.766914E-08  3.370990E-08  3.479662E-01  2.018524E-04  1.453166E-07  8.753947E-02  5.298327E-05  3.892493E-08  7.553124E-09  3.461946E-03  9.917532E-08  4.063293E-07  1.305648E-07  2.461380E-02  2.287188E-07  1.125083E-07  9.316154E-08  8.495926E-05  1.155157E-04  5.159795E-08  7.220834E-08  9.413368E-08  1.386622E-07
 3.641500E+02  5.358200E-01  2.862651E-04  1.799797E-08  2.417303E-08  2.703018E-08  3.293738E-08  3.479922E-01  1.993602E-04  1.391846E-07  8.766342E-02  5.246971E-05  3.744080E-08  7.428421E-09  3.417173E-03  9.559169E-08  3.923807E-07  1.268861E-07  2.436911E-02  2.215453E-07  1.098867E-07  9.094625E-08  8.404517E-05  1.142741E-04  4.957473E-08  6.927611E-08  9.033438E-08  1.339326E-07
 3.651500E+02  5.359648E-01  2.839133E-04  1.758100E-08  2.361743E-08  2.641000E-08  3.218743E-08  3.480177E-01  1.969145E-04  1.333457E-07  8.778550E-02  5.196288E-05  3.601993E-08  7.306282E-09  3.373260E-03  9.215833E-08  3.789927E-07  1.233335E-07  2.412811E-02  2.146325E-07  1.073412E-07  8.879623E-08  8.314552E-05  1.130522E-04  4.764074E-08  6.647836E-08  8.670844E-08  1.293900E-07
 3.661500E+02  5.361074E-01  2.815965E-04  1.717631E-08  2.307810E-08  2.580795E-08  3.145929E-08  3.480427E-01  1.945142E-04  1.277844E-07  8.790575E-02  5.146271E-05  3.465937E-08  7.186649E-09  3.330187E-03  8.886817E-08  3.661398E-07  1.199021E-07  2.389074E-02  2.079699E-07  1.048691E-07  8.670925E-08  8.226004E-05  1.118495E-04  4.579164E-08  6.380831E-08  8.324712E-08  1.250260E-07
 3.671500E+02  5.362477E-01  2.793141E-04  1.678347E-08  2.255447E-08  2.522340E-08  3.075219E-08  3.480672E-01  1.921582E-04  1.224861E-07  8.802419E-02  5.096910E-05  3.335632E-08  7.069466E-09  3.287934E-03  8.571448E-08  3.537978E-07  1.165869E-07  2.365693E-02  2.015473E-07  1.024680E-07  8.468318E-08  8.138847E-05  1.106658E-04  4.402334E-08  6.125950E-08  7.994217E-08  1.208327E-07
 3.681500E+02  5.363859E-01  2.770654E-04  1.640208E-08  2.204599E-08  2.465576E-08  3.006543E-08  3.480913E-01  1.898456E-04  1.174370E-07  8.814086E-02  5.048198E-05  3.210812E-08  6.954679E-09  3.246481E-03  8.269090E-08  3.419438E-07  1.133836E-07  2.342661E-02  1.953550E-07  1.001356E-07  8.271596E-08  8.053054E-05  1.095005E-04  4.233197E-08  5.882586E-08  7.678578E-08  1.168027E-07
 3.691500E+02  5.365219E-01  2.748498E-04  1.603173E-08  2.155217E-08  2.410445E-08  2.939831E-08  3.481149E-01  1.875753E-04  1.126241E-07  8.825578E-02  5.000126E-05  3.091227E-08  6.842232E-09  3.205810E-03  7.979139E-08  3.305559E-07  1.102876E-07  2.319973E-02  1.893839E-07  9.786950E-08  8.080561E-08  7.968601E-05  1.083535E-04  4.071384E-08  5.650164E-08  7.377056E-08  1.129288E-07
 3.701500E+02  5.366558E-01  2.726668E-04  1.567206E-08  2.107249E-08  2.356891E-08  2.875017E-08  3.481381E-01  1.853463E-04  1.080352E-07  8.836900E-02  4.952685E-05  2.976635E-08  6.732074E-09  3.165903E-03  7.701021E-08  3.196134E-07  1.072949E-07  2.297623E-02  1.836251E-07  9.566759E-08  7.895021E-08  7.885462E-05  1.072243E-04  3.916546E-08  5.428140E-08  7.088954E-08  1.092042E-07
 3.711500E+02  5.367876E-01  2.705156E-04  1.532270E-08  2.060648E-08  2.304861E-08  2.812038E-08  3.481609E-01  1.831578E-04  1.036586E-07  8.848054E-02  4.905867E-05  2.866809E-08  6.624154E-09  3.126740E-03  7.434193E-08  3.090965E-07  1.044016E-07  2.275604E-02  1.780702E-07  9.352775E-08  7.714795E-08  7.803614E-05  1.061127E-04  3.768352E-08  5.216000E-08  6.813610E-08  1.056225E-07
 3.721500E+02  5.369174E-01  2.683956E-04  1.498330E-08  2.015368E-08  2.254304E-08  2.750831E-08  3.481832E-01  1.810087E-04  9.948358E-08  8.859042E-02  4.859664E-05  2.761532E-08  6.518421E-09  3.088305E-03  7.178138E-08  2.989866E-07  1.016036E-07  2.253911E-02  1.727111E-07  9.144794E-08  7.539705E-08  7.723032E-05  1.050182E-04  3.626489E-08  5.013257E-08  6.550400E-08  1.021776E-07
 3.731500E+02  5.370452E-01  2.663064E-04  1.465353E-08  1.971365E-08  2.205171E-08  2.691338E-08  3.482051E-01  1.788982E-04  9.549972E-08  8.869869E-02  4.814067E-05  2.660597E-08  6.414825E-09  3.050582E-03  6.932366E-08  2.892658E-07  9.889755E-08  2.232538E-02  1.675400E-07  8.942619E-08  7.369581E-08  7.643694E-05  1.039407E-04  3.490659E-08  4.819451E-08  6.298731E-08  9.886343E-08
