#         T/K            c1          c2-1          c3-4          c3-5          c3-7          c3-9            m1          m2-1          m3-1            w1            w2          w3-1          w3-2          c1m1        c1m2-1        c1m2-7        c2m1-1        c1w1-2        c1w2-1        c2w1-1        c2w1-9        m1w1-1        m1w1-4        m1w2-1        m2w1-1        m2w1-3      c1m1w1-1
 2.731500E+02  3.264884E-01  3.370470E-04  9.212345E-08  1.209143E-07  1.345267E-07  1.604064E-07  5.871076E-01  2.770001E-03  1.410593E-04  3.605387E-02  4.262059E-05  5.124503E-07  7.190225E-09  1.916288E-02  1.718575E-05  5.639189E-05  3.190261E-06  2.712620E-02  1.762460E-06  4.297264E-07  3.773453E-07  2.732433E-04  3.719577E-04  2.750521E-06  1.621749E-05  2.053967E-05  5.281324E-06
 2.741500E+02  3.269362E-01  3.318544E-04  8.813585E-08  1.157196E-07  1.287569E-07  1.535750E-07  5.874218E-01  2.706351E-03  1.303950E-04  3.627236E-02  4.212237E-05  4.823994E-07  7.031614E-09  1.870407E-02  1.605970E-05  5.286764E-05  3.024441E-06  2.670345E-02  1.672934E-06  4.123733E-07  3.617950E-07  2.686355E-04  3.656622E-04  2.574932E-06  1.508945E-05  1.911861E-05  4.971195E-06
 2.751500E+02  3.273731E-01  3.267739E-04  8.434762E-08  1.107830E-07  1.232732E-07  1.470804E-07  5.877257E-01  2.644614E-03  1.206070E-04  3.648704E-02  4.162638E-05  4.541929E-07  6.875944E-09  1.825937E-02  1.501495E-05  4.958736E-05  2.868367E-06  2.628797E-02  1.588292E-06  3.958075E-07  3.469637E-07  2.641155E-04  3.594874E-04  2.411301E-06  1.404612E-05  1.780373E-05  4.680958E-06
 2.761500E+02  3.277993E-01  3.218027E-04  8.074767E-08  1.060902E-07  1.180600E-07  1.409041E-07  5.880197E-01  2.584723E-03  1.116181E-04  3.669793E-02  4.113286E-05  4.277148E-07  6.723218E-09  1.782829E-02  1.404514E-05  4.653269E-05  2.721407E-06  2.587967E-02  1.508255E-06  3.799904E-07  3.328152E-07  2.596817E-04  3.534317E-04  2.258771E-06  1.308071E-05  1.658658E-05  4.409245E-06
 2.771500E+02  3.282152E-01  3.169382E-04  7.732557E-08  1.016277E-07  1.131023E-07  1.350288E-07  5.883042E-01  2.526613E-03  1.033582E-04  3.690510E-02  4.064206E-05  4.028563E-07  6.573435E-09  1.741034E-02  1.314445E-05  4.368673E-05  2.582976E-06  2.547848E-02  1.432559E-06  3.648854E-07  3.193157E-07  2.553330E-04  3.474930E-04  2.116550E-06  1.218701E-05  1.545941E-05  4.154785E-06
 2.781500E+02  3.286211E-01  3.121779E-04  7.407153E-08  9.738297E-08  1.083861E-07  1.294380E-07  5.885796E-01  2.470222E-03  9.576364E-05  3.710859E-02  4.015420E-05  3.795153E-07  6.426589E-09  1.700505E-02  1.230752E-05  4.103396E-05  2.452528E-06  2.508431E-02  1.360958E-06  3.504578E-07  3.064329E-07  2.510680E-04  3.416695E-04  1.983904E-06  1.135934E-05  1.441512E-05  3.916402E-06
 2.791500E+02  3.290172E-01  3.075190E-04  7.097633E-08  9.334411E-08  1.038984E-07  1.241163E-07  5.888463E-01  2.415491E-03  8.877689E-05  3.730846E-02  3.966949E-05  3.575965E-07  6.282669E-09  1.661198E-02  1.152945E-05  3.856008E-05  2.329554E-06  2.469706E-02  1.293218E-06  3.366746E-07  2.941362E-07  2.468852E-04  3.359594E-04  1.860154E-06  1.059249E-05  1.344719E-05  3.693003E-06
 2.801500E+02  3.294038E-01  3.029592E-04  6.803132E-08  8.949998E-08  9.962668E-08  1.190493E-07  5.891046E-01  2.362361E-03  8.234559E-05  3.750474E-02  3.918813E-05  3.370105E-07  6.141662E-09  1.623070E-02  1.080576E-05  3.625196E-05  2.213582E-06  2.431666E-02  1.229120E-06  3.235046E-07  2.823967E-07  2.427835E-04  3.303606E-04  1.744669E-06  9.881691E-06  1.254966E-05  3.483575E-06
 2.811500E+02  3.297812E-01  2.984961E-04  6.522835E-08  8.584007E-08  9.555941E-08  1.142234E-07  5.893548E-01  2.310778E-03  7.642224E-05  3.769751E-02  3.871029E-05  3.176735E-07  6.003549E-09  1.586079E-02  1.013230E-05  3.409748E-05  2.104171E-06  2.394301E-02  1.168458E-06  3.109181E-07  2.711869E-07  2.387613E-04  3.248712E-04  1.636868E-06  9.222556E-06  1.171706E-05  3.287178E-06
 2.821500E+02  3.301496E-01  2.941273E-04  6.255976E-08  8.235451E-08  9.168562E-08  1.096257E-07  5.895973E-01  2.260688E-03  7.096364E-05  3.788679E-02  3.823614E-05  2.995073E-07  5.868309E-09  1.550186E-02  9.505290E-06  3.208547E-05  2.000911E-06  2.357601E-02  1.111038E-06  2.988869E-07  2.604808E-07  2.348173E-04  3.194894E-04  1.536211E-06  8.611072E-06  1.094436E-05  3.102938E-06
 2.831500E+02  3.305093E-01  2.898504E-04  6.001835E-08  7.903400E-08  8.799501E-08  1.052441E-07  5.898323E-01  2.212041E-03  6.593051E-05  3.807266E-02  3.776585E-05  2.824384E-07  5.735919E-09  1.515352E-02  8.921246E-06  3.020566E-05  1.903419E-06  2.321558E-02  1.056676E-06  2.873845E-07  2.502537E-07  2.309503E-04  3.142133E-04  1.442196E-06  8.043555E-06  1.022694E-05  2.930043E-06
 2.841500E+02  3.308604E-01  2.856634E-04  5.759733E-08  7.586978E-08  8.447786E-08  1.010672E-07  5.900602E-01  2.164786E-03  6.128714E-05  3.825516E-02  3.729954E-05  2.663981E-07  5.606351E-09  1.481541E-02  8.376961E-06  2.844855E-05  1.811338E-06  2.286162E-02  1.005200E-06  2.763853E-07  2.404824E-07  2.271588E-04  3.090409E-04  1.354361E-06  7.516620E-06  9.560580E-06  2.767742E-06
 2.851500E+02  3.312033E-01  2.815638E-04  5.529030E-08  7.285361E-08  8.112503E-08  9.708426E-08  5.902812E-01  2.118877E-03  5.700098E-05  3.843434E-02  3.683735E-05  2.513221E-07  5.479577E-09  1.448717E-02  7.869489E-06  2.680539E-05  1.724337E-06  2.251403E-02  9.564482E-07  2.658655E-07  2.311446E-07  2.234414E-04  3.039704E-04  1.272275E-06  7.027160E-06  8.941381E-06  2.615332E-06
 2.861500E+02  3.315381E-01  2.775498E-04  5.309125E-08  6.997771E-08  7.792792E-08  9.328523E-08  5.904956E-01  2.074269E-03  5.304241E-05  3.861025E-02  3.637940E-05  2.371502E-07  5.355564E-09  1.416847E-02  7.396119E-06  2.526811E-05  1.642104E-06  2.217272E-02  9.102676E-07  2.558022E-07  2.222193E-07  2.197969E-04  2.989999E-04  1.195540E-06  6.572321E-06  8.365766E-06  2.472164E-06
 2.871500E+02  3.318651E-01  2.736191E-04  5.099450E-08  6.723475E-08  7.487839E-08  8.966053E-08  5.907035E-01  2.030917E-03  4.938442E-05  3.878295E-02  3.592579E-05  2.238260E-07  5.234280E-09  1.385898E-02  6.954352E-06  2.382924E-05  1.564350E-06  2.183760E-02  8.665143E-07  2.461736E-07  2.136866E-07  2.162239E-04  2.941276E-04  1.123787E-06  6.149477E-06  7.830445E-06  2.337632E-06
 2.881500E+02  3.321845E-01  2.697697E-04  4.899471E-08  6.461784E-08  7.196880E-08  8.620118E-08  5.909053E-01  1.988778E-03  4.600237E-05  3.895249E-02  3.547664E-05  2.112967E-07  5.115689E-09  1.355838E-02  6.541889E-06  2.248188E-05  1.490803E-06  2.150855E-02  8.250529E-07  2.369592E-07  2.055275E-07  2.127211E-04  2.893515E-04  1.056672E-06  5.756215E-06  7.332395E-06  2.211173E-06
 2.891500E+02  3.324965E-01  2.659997E-04  4.708685E-08  6.212046E-08  6.919191E-08  8.289869E-08  5.911012E-01  1.947814E-03  4.287381E-05  3.911892E-02  3.503201E-05  1.995129E-07  4.999754E-09  1.326637E-02  6.156609E-06  2.121967E-05  1.421212E-06  2.118550E-02  7.857557E-07  2.281396E-07  1.977242E-07  2.092872E-04  2.846698E-04  9.938770E-07  5.390316E-06  6.868829E-06  2.092262E-06
 2.901500E+02  3.328012E-01  2.623072E-04  4.526616E-08  5.973647E-08  6.654093E-08  7.974504E-08  5.912914E-01  1.907984E-03  3.997820E-05  3.928230E-02  3.459200E-05  1.884282E-07  4.886437E-09  1.298267E-02  5.796558E-06  2.003671E-05  1.355340E-06  2.086833E-02  7.485026E-07  2.196961E-07  1.902597E-07  2.059208E-04  2.800808E-04  9.351071E-07  5.049735E-06  6.437184E-06  1.980413E-06
 2.911500E+02  3.330990E-01  2.586902E-04  4.352816E-08  5.746007E-08  6.400942E-08  7.673268E-08  5.914761E-01  1.869252E-03  3.729682E-05  3.944267E-02  3.415667E-05  1.779995E-07  4.775698E-09  1.270699E-02  5.459931E-06  1.892755E-05  1.292966E-06  2.055697E-02  7.131803E-07  2.116110E-07  1.831177E-07  2.026206E-04  2.755827E-04  8.800881E-07  4.732593E-06  6.035100E-06  1.875171E-06
 2.921500E+02  3.333899E-01  2.551471E-04  4.186862E-08  5.528578E-08  6.159132E-08  7.385448E-08  5.916554E-01  1.831580E-03  3.481253E-05  3.960008E-02  3.372608E-05  1.681860E-07  4.667496E-09  1.243906E-02  5.145066E-06  1.788713E-05  1.233883E-06  2.025129E-02  6.796821E-07  2.038678E-07  1.762829E-07  1.993855E-04  2.711736E-04  8.285655E-07  4.437155E-06  5.660401E-06  1.776114E-06
 2.931500E+02  3.336741E-01  2.516759E-04  4.028354E-08  5.320845E-08  5.928089E-08  7.110368E-08  5.918297E-01  1.794934E-03  3.250968E-05  3.975460E-02  3.330029E-05  1.589499E-07  4.561791E-09  1.217863E-02  4.850423E-06  1.691079E-05  1.177899E-06  1.995123E-02  6.479075E-07  1.964504E-07  1.697409E-07  1.962140E-04  2.668518E-04  7.803029E-07  4.161827E-06  5.311082E-06  1.682847E-06
 2.941500E+02  3.339519E-01  2.482749E-04  3.876917E-08  5.122320E-08  5.707273E-08  6.847393E-08  5.919990E-01  1.759281E-03  3.037392E-05  3.990626E-02  3.287934E-05  1.502554E-07  4.458539E-09  1.192544E-02  4.574585E-06  1.599420E-05  1.124832E-06  1.965666E-02  6.177617E-07  1.893437E-07  1.634778E-07  1.931051E-04  2.626157E-04  7.350808E-07  3.905136E-06  4.985293E-06  1.595003E-06
 2.951500E+02  3.342233E-01  2.449426E-04  3.732194E-08  4.932542E-08  5.496173E-08  6.595921E-08  5.921635E-01  1.724588E-03  2.839215E-05  4.005512E-02  3.246327E-05  1.420694E-07  4.357698E-09  1.167926E-02  4.316238E-06  1.513333E-05  1.074512E-06  1.936751E-02  5.891555E-07  1.825335E-07  1.574806E-07  1.900574E-04  2.584634E-04  6.926952E-07  3.665725E-06  4.681331E-06  1.512241E-06
 2.961500E+02  3.344887E-01  2.416772E-04  3.593850E-08  4.751076E-08  5.294305E-08  6.355382E-08  5.923234E-01  1.690824E-03  2.655234E-05  4.020123E-02  3.205212E-05  1.343606E-07  4.259224E-09  1.143986E-02  4.074168E-06  1.432448E-05  1.026783E-06  1.908368E-02  5.620047E-07  1.760060E-07  1.517366E-07  1.870697E-04  2.543933E-04  6.529565E-07  3.442344E-06  4.397619E-06  1.434240E-06
 2.971500E+02  3.347480E-01  2.384771E-04  3.461566E-08  4.577509E-08  5.101213E-08  6.125239E-08  5.924789E-01  1.657960E-03  2.484349E-05  4.034464E-02  3.164590E-05  1.270998E-07  4.163073E-09  1.120701E-02  3.847254E-06  1.356418E-05  9.814937E-07  1.880507E-02  5.362301E-07  1.697483E-07  1.462342E-07  1.841409E-04  2.504037E-04  6.156884E-07  3.233836E-06  4.132707E-06  1.360704E-06
 2.981500E+02  3.350015E-01  2.353408E-04  3.335042E-08  4.411453E-08  4.916465E-08  5.904984E-08  5.926301E-01  1.625966E-03  2.325550E-05  4.048539E-02  3.124465E-05  1.202595E-07  4.069202E-09  1.098050E-02  3.634456E-06  1.284923E-05  9.385063E-07  1.853158E-02  5.117568E-07  1.637480E-07  1.409622E-07  1.812697E-04  2.464930E-04  5.807270E-07  3.039134E-06  3.885251E-06  1.291354E-06
 2.991500E+02  3.352494E-01  2.322667E-04  3.213995E-08  4.252541E-08  4.739654E-08  5.694134E-08  5.927771E-01  1.594814E-03  2.177911E-05  4.062354E-02  3.084836E-05  1.138143E-07  3.977566E-09  1.076013E-02  3.434812E-06  1.217665E-05  8.976899E-07  1.826314E-02  4.885143E-07  1.579934E-07  1.359098E-07  1.784550E-04  2.426596E-04  5.479200E-07  2.857255E-06  3.654011E-06  1.225932E-06
 3.001500E+02  3.354917E-01  2.292535E-04  3.098156E-08  4.100423E-08  4.570393E-08  5.492236E-08  5.929202E-01  1.564479E-03  2.040582E-05  4.075913E-02  3.045705E-05  1.077400E-07  3.888121E-09  1.054569E-02  3.247432E-06  1.154369E-05  8.589219E-07  1.799964E-02  4.664362E-07  1.524735E-07  1.310669E-07  1.756956E-04  2.389019E-04  5.171255E-07  2.687288E-06  3.437842E-06  1.164195E-06
 3.011500E+02  3.357286E-01  2.262996E-04  2.987272E-08  3.954771E-08  4.408316E-08  5.298857E-08  5.930593E-01  1.534933E-03  1.912782E-05  4.089222E-02  3.007073E-05  1.020141E-07  3.800822E-09  1.033699E-02  3.071489E-06  1.094777E-05  8.220876E-07  1.774100E-02  4.454597E-07  1.471774E-07  1.264239E-07  1.729905E-04  2.352184E-04  4.882116E-07  2.528391E-06  3.235685E-06  1.105918E-06
 3.021500E+02  3.359603E-01  2.234036E-04  2.881103E-08  3.815274E-08  4.253077E-08  5.113590E-08  5.931948E-01  1.506153E-03  1.793794E-05  4.102284E-02  2.968939E-05  9.661550E-08  3.715626E-09  1.013386E-02  2.906217E-06  1.038651E-05  7.870790E-07  1.748712E-02  4.255257E-07  1.420953E-07  1.219716E-07  1.703384E-04  2.316074E-04  4.610554E-07  2.379787E-06  3.046558E-06  1.050888E-06
 3.031500E+02  3.361869E-01  2.205643E-04  2.779420E-08  3.681635E-08  4.104350E-08  4.936049E-08  5.933266E-01  1.478114E-03  1.682959E-05  4.115104E-02  2.931302E-05  9.152452E-08  3.632487E-09  9.936109E-03  2.750907E-06  9.857680E-06  7.537950E-07  1.723793E-02  4.065785E-07  1.372174E-07  1.177014E-07  1.677383E-04  2.280675E-04  4.355427E-07  2.240757E-06  2.869556E-06  9.989100E-07
 3.041500E+02  3.364085E-01  2.177802E-04  2.682009E-08  3.553575E-08  3.961824E-08  4.765866E-08  5.934549E-01  1.450793E-03  1.579670E-05  4.127688E-02  2.894161E-05  8.672260E-08  3.551363E-09  9.743571E-03  2.604899E-06  9.359222E-06  7.221404E-07  1.699332E-02  3.885653E-07  1.325347E-07  1.136049E-07  1.651892E-04  2.245973E-04  4.115670E-07  2.110634E-06  2.703838E-06  9.497981E-07
 3.051500E+02  3.366253E-01  2.150500E-04  2.588666E-08  3.430830E-08  3.825204E-08  4.602696E-08  5.935798E-01  1.424168E-03  1.483370E-05  4.140039E-02  2.857516E-05  8.219236E-08  3.472210E-09  9.556080E-03  2.467582E-06  8.889209E-06  6.920259E-07  1.675322E-02  3.714366E-07  1.280385E-07  1.096744E-07  1.626899E-04  2.211952E-04  3.890290E-07  1.988801E-06  2.548628E-06  9.033801E-07
 3.061500E+02  3.368374E-01  2.123726E-04  2.499198E-08  3.313150E-08  3.694214E-08  4.446209E-08  5.937014E-01  1.398217E-03  1.393545E-05  4.152162E-02  2.821364E-05  7.791755E-08  3.394984E-09  9.373478E-03  2.338386E-06  8.445852E-06  6.633676E-07  1.651753E-02  3.551454E-07  1.237204E-07  1.059023E-07  1.602394E-04  2.178598E-04  3.678365E-07  1.874689E-06  2.403205E-06  8.594949E-07
 3.071500E+02  3.370448E-01  2.097466E-04  2.413421E-08  3.200295E-08  3.568588E-08  4.296094E-08  5.938198E-01  1.372920E-03  1.309722E-05  4.164061E-02  2.785702E-05  7.388288E-08  3.319643E-09  9.195612E-03  2.216785E-06  8.027481E-06  6.360865E-07  1.628619E-02  3.396475E-07  1.195727E-07  1.022815E-07  1.578368E-04  2.145898E-04  3.479031E-07  1.767769E-06  2.266902E-06  8.179914E-07
 3.081500E+02  3.372478E-01  2.071709E-04  2.331164E-08  3.092042E-08  3.448076E-08  4.152055E-08  5.939352E-01  1.348257E-03  1.231465E-05  4.175741E-02  2.750530E-05  7.007407E-08  3.246144E-09  9.022333E-03  2.102287E-06  7.632541E-06  6.101083E-07  1.605909E-02  3.249011E-07  1.155877E-07  9.880520E-08  1.554810E-04  2.113837E-04  3.291488E-07  1.667549E-06  2.139099E-06  7.787284E-07
 3.091500E+02  3.374464E-01  2.046443E-04  2.252261E-08  2.988175E-08  3.332442E-08  4.013812E-08  5.940476E-01  1.324208E-03  1.158373E-05  4.187205E-02  2.715843E-05  6.647769E-08  3.174446E-09  8.853500E-03  1.994436E-06  7.259583E-06  5.853633E-07  1.583617E-02  3.108669E-07  1.117585E-07  9.546705E-08  1.531710E-04  2.082401E-04  3.114986E-07  1.573577E-06  2.019224E-06  7.415738E-07
 3.101500E+02  3.376408E-01  2.021656E-04  2.176556E-08  2.888493E-08  3.221461E-08  3.881098E-08  5.941572E-01  1.300754E-03  1.090074E-05  4.198459E-02  2.681639E-05  6.308116E-08  3.104506E-09  8.688976E-03  1.892807E-06  6.907255E-06  5.617856E-07  1.561733E-02  2.975075E-07  1.080781E-07  9.226089E-08  1.509058E-04  2.051579E-04  2.948827E-07  1.485430E-06  1.906744E-06  7.064036E-07
 3.111500E+02  3.378310E-01  1.997339E-04  2.103903E-08  2.792804E-08  3.114918E-08  3.753662E-08  5.942639E-01  1.277879E-03  1.026227E-05  4.209506E-02  2.647914E-05  5.987268E-08  3.036285E-09  8.528627E-03  1.797005E-06  6.574295E-06  5.393136E-07  1.540251E-02  2.847878E-07  1.045401E-07  8.918088E-08  1.486846E-04  2.021356E-04  2.792359E-07  1.402717E-06  1.801164E-06  6.731019E-07
 3.121500E+02  3.380171E-01  1.973479E-04  2.034159E-08  2.700924E-08  3.012611E-08  3.631264E-08  5.943680E-01  1.255564E-03  9.665151E-06  4.220350E-02  2.614666E-05  5.684116E-08  2.969742E-09  8.372326E-03  1.706662E-06  6.259526E-06  5.178887E-07  1.519162E-02  2.726746E-07  1.011384E-07  8.622146E-08  1.465064E-04  1.991720E-04  2.644976E-07  1.325077E-06  1.702026E-06  6.415599E-07
 3.131500E+02  3.381993E-01  1.950067E-04  1.967194E-08  2.612681E-08  2.914348E-08  3.513675E-08  5.944694E-01  1.233792E-03  9.106477E-06  4.230995E-02  2.581890E-05  5.397623E-08  2.904837E-09  8.219949E-03  1.621436E-06  5.961848E-06  4.974563E-07  1.498459E-02  2.611364E-07  9.786702E-08  8.337736E-08  1.443702E-04  1.962658E-04  2.506109E-07  1.252170E-06  1.608904E-06  6.116760E-07
 3.141500E+02  3.383777E-01  1.927092E-04  1.902879E-08  2.527909E-08  2.819947E-08  3.400680E-08  5.945683E-01  1.212548E-03  8.583549E-06  4.241446E-02  2.549582E-05  5.126813E-08  2.841531E-09  8.071379E-03  1.541006E-06  5.680233E-06  4.779645E-07  1.478134E-02  2.501437E-07  9.472040E-08  8.064354E-08  1.422753E-04  1.934158E-04  2.375229E-07  1.183686E-06  1.521402E-06  5.833544E-07
 3.151500E+02  3.385523E-01  1.904544E-04  1.841096E-08  2.446454E-08  2.729232E-08  3.292073E-08  5.946647E-01  1.191817E-03  8.093876E-06  4.251705E-02  2.517739E-05  4.870771E-08  2.779786E-09  7.926499E-03  1.465076E-06  5.413722E-06  4.593647E-07  1.458179E-02  2.396685E-07  9.169319E-08  7.801521E-08  1.402206E-04  1.906209E-04  2.251841E-07  1.119332E-06  1.439152E-06  5.565057E-07
 3.161500E+02  3.387233E-01  1.882414E-04  1.781730E-08  2.368166E-08  2.642041E-08  3.187660E-08  5.947588E-01  1.171582E-03  7.635152E-06  4.261777E-02  2.486356E-05  4.628637E-08  2.719564E-09  7.785199E-03  1.393368E-06  5.161417E-06  4.416108E-07  1.438588E-02  2.296841E-07  8.878031E-08  7.548780E-08  1.382054E-04  1.878798E-04  2.135484E-07  1.058839E-06  1.361811E-06  5.310458E-07
 3.171500E+02  3.388907E-01  1.860692E-04  1.724673E-08  2.292905E-08  2.558216E-08  3.087255E-08  5.948505E-01  1.151829E-03  7.205246E-06  4.271665E-02  2.455428E-05  4.399606E-08  2.660829E-09  7.647371E-03  1.325622E-06  4.922479E-06  4.246595E-07  1.419354E-02  2.201656E-07  8.597690E-08  7.305695E-08  1.362289E-04  1.851913E-04  2.025725E-07  1.001955E-06  1.289062E-06  5.068958E-07
 3.181500E+02  3.390546E-01  1.839369E-04  1.669822E-08  2.220536E-08  2.477608E-08  2.990681E-08  5.949400E-01  1.132544E-03  6.802183E-06  4.281374E-02  2.424952E-05  4.182920E-08  2.603542E-09  7.512913E-03  1.261597E-06  4.696122E-06  4.084698E-07  1.400468E-02  2.110893E-07  8.327834E-08  7.071853E-08  1.342901E-04  1.825544E-04  1.922161E-07  9.484460E-07  1.220609E-06  4.839818E-07
 3.191500E+02  3.392151E-01  1.818435E-04  1.617080E-08  2.150932E-08  2.400075E-08  2.897770E-08  5.950273E-01  1.113714E-03  6.424134E-06  4.290906E-02  2.394922E-05  3.977867E-08  2.547669E-09  7.381725E-03  1.201067E-06  4.481613E-06  3.930033E-07  1.381925E-02  2.024328E-07  8.068020E-08  6.846858E-08  1.323883E-04  1.799680E-04  1.824414E-07  8.980952E-07  1.156175E-06  4.622343E-07
 3.201500E+02  3.393723E-01  1.797883E-04  1.566354E-08  2.083973E-08  2.325484E-08  2.808364E-08  5.951125E-01  1.095326E-03  6.069406E-06  4.300266E-02  2.365334E-05  3.783780E-08  2.493176E-09  7.253710E-03  1.143822E-06  4.278261E-06  3.782234E-07  1.363717E-02  1.941749E-07  7.817828E-08  6.630333E-08  1.305227E-04  1.774309E-04  1.732132E-07  8.506998E-07  1.095505E-06  4.415879E-07
 3.211500E+02  3.395263E-01  1.777704E-04  1.517555E-08  2.019541E-08  2.253706E-08  2.722310E-08  5.951957E-01  1.077367E-03  5.736428E-06  4.309456E-02  2.336182E-05  3.600031E-08  2.440026E-09  7.128775E-03  1.089664E-06  4.085425E-06  3.640957E-07  1.345838E-02  1.862956E-07  7.576855E-08  6.421919E-08  1.286925E-04  1.749421E-04  1.644985E-07  8.060712E-07  1.038359E-06  4.219815E-07
 3.221500E+02  3.396771E-01  1.757889E-04  1.470600E-08  1.957529E-08  2.184620E-08  2.639465E-08  5.952769E-01  1.059824E-03  5.423744E-06  4.318480E-02  2.307463E-05  3.426031E-08  2.388187E-09  7.006829E-03  1.038409E-06  3.902498E-06  3.505877E-07  1.328281E-02  1.787759E-07  7.344719E-08  6.221274E-08  1.268970E-04  1.725006E-04  1.562665E-07  7.640338E-07  9.845149E-07  4.033572E-07
 3.231500E+02  3.398249E-01  1.738430E-04  1.425408E-08  1.897832E-08  2.118108E-08  2.559689E-08  5.953561E-01  1.042686E-03  5.130002E-06  4.327341E-02  2.279170E-05  3.261224E-08  2.337626E-09  6.887787E-03  9.898859E-07  3.728916E-06  3.376688E-07  1.311040E-02  1.715979E-07  7.121054E-08  6.028071E-08  1.251355E-04  1.701054E-04  1.484881E-07  7.244239E-07  9.337645E-07  3.856610E-07
 3.241500E+02  3.399697E-01  1.719319E-04  1.381903E-08  1.840350E-08  2.054062E-08  2.482853E-08  5.954335E-01  1.025941E-03  4.853950E-06  4.336043E-02  2.251299E-05  3.105090E-08  2.288311E-09  6.771564E-03  9.439326E-07  3.564149E-06  3.253097E-07  1.294109E-02  1.647446E-07  6.905510E-08  5.841999E-08  1.234071E-04  1.677554E-04  1.411364E-07  6.870890E-07  8.859144E-07  3.688420E-07
 3.251500E+02  3.401115E-01  1.700550E-04  1.340013E-08  1.784988E-08  1.992375E-08  2.408832E-08  5.955091E-01  1.009578E-03  4.594422E-06  4.344589E-02  2.223845E-05  2.957139E-08  2.240209E-09  6.658079E-03  9.003987E-07  3.407697E-06  3.134832E-07  1.277481E-02  1.581999E-07  6.697753E-08  5.662760E-08  1.217113E-04  1.654497E-04  1.341860E-07  6.518868E-07  8.407842E-07  3.528522E-07
 3.261500E+02  3.402505E-01  1.682113E-04  1.299670E-08  1.731658E-08  1.932948E-08  2.337508E-08  5.955829E-01  9.935873E-04  4.350337E-06  4.352982E-02  2.196803E-05  2.816911E-08  2.193291E-09  6.547252E-03  8.591432E-07  3.259095E-06  3.021631E-07  1.261150E-02  1.519486E-07  6.497466E-08  5.490070E-08  1.200472E-04  1.631873E-04  1.276133E-07  6.186847E-07  7.982054E-07  3.376466E-07
 3.271500E+02  3.403867E-01  1.664002E-04  1.260806E-08  1.680272E-08  1.875686E-08  2.268766E-08  5.956550E-01  9.779572E-04  4.120691E-06  4.361225E-02  2.170166E-05  2.683972E-08  2.147526E-09  6.439010E-03  8.200339E-07  3.117904E-06  2.913251E-07  1.245110E-02  1.459763E-07  6.304343E-08  5.323660E-08  1.184143E-04  1.609674E-04  1.213960E-07  5.873589E-07  7.580207E-07  3.231827E-07
 3.281500E+02  3.405202E-01  1.646210E-04  1.223361E-08  1.630750E-08  1.820497E-08  2.202499E-08  5.957254E-01  9.626781E-04  3.904547E-06  4.369321E-02  2.143931E-05  2.557915E-08  2.102883E-09  6.333276E-03  7.829472E-07  2.983712E-06  2.809457E-07  1.229356E-02  1.402693E-07  6.118095E-08  5.163270E-08  1.168118E-04  1.587889E-04  1.155132E-07  5.577938E-07  7.200835E-07  3.094207E-07
 3.291500E+02  3.406511E-01  1.628730E-04  1.187273E-08  1.583013E-08  1.767295E-08  2.138604E-08  5.957942E-01  9.477404E-04  3.701039E-06  4.377274E-02  2.118091E-05  2.438358E-08  2.059336E-09  6.229982E-03  7.477670E-07  2.856133E-06  2.710030E-07  1.213882E-02  1.348147E-07  5.938444E-08  5.008653E-08  1.152392E-04  1.566511E-04  1.099455E-07  5.298814E-07  6.842565E-07  2.963229E-07
 3.301500E+02  3.407793E-01  1.611555E-04  1.152487E-08  1.536988E-08  1.715998E-08  2.076983E-08  5.958614E-01  9.331347E-04  3.509356E-06  4.385085E-02  2.092642E-05  2.324938E-08  2.016855E-09  6.129058E-03  7.143847E-07  2.734805E-06  2.614762E-07  1.198681E-02  1.296002E-07  5.765125E-08  4.859575E-08  1.136957E-04  1.545530E-04  1.046746E-07  5.035211E-07  6.504118E-07  2.838539E-07
 3.311500E+02  3.409050E-01  1.594678E-04  1.118949E-08  1.492602E-08  1.666526E-08  2.017543E-08  5.959271E-01  9.188518E-04  3.328747E-06  4.392757E-02  2.067578E-05  2.217318E-08  1.975412E-09  6.030438E-03  6.826983E-07  2.619385E-06  2.523456E-07  1.183750E-02  1.246143E-07  5.597883E-08  4.715810E-08  1.121808E-04  1.524938E-04  9.968319E-08  4.786187E-07  6.184295E-07  2.719805E-07
 3.321500E+02  3.410283E-01  1.578094E-04  1.086606E-08  1.449790E-08  1.618805E-08  1.960195E-08  5.959913E-01  9.048829E-04  3.158510E-06  4.400295E-02  2.042894E-05  2.115176E-08  1.934982E-09  5.934057E-03  6.526122E-07  2.509553E-06  2.435923E-07  1.169081E-02  1.198458E-07  5.436478E-08  4.577143E-08  1.106938E-04  1.504727E-04  9.495532E-08  4.550861E-07  5.881977E-07  2.606710E-07
 3.331500E+02  3.411491E-01  1.561795E-04  1.055410E-08  1.408485E-08  1.572764E-08  1.904853E-08  5.960541E-01  8.912196E-04  2.997992E-06  4.407699E-02  2.018584E-05  2.018214E-08  1.895538E-09  5.839853E-03  6.240366E-07  2.405006E-06  2.351988E-07  1.154670E-02  1.152844E-07  5.280677E-08  4.443369E-08  1.092342E-04  1.484888E-04  9.047583E-08  4.328411E-07  5.596119E-07  2.498959E-07
 3.341500E+02  3.412676E-01  1.545776E-04  1.025313E-08  1.368628E-08  1.528333E-08  1.851436E-08  5.961155E-01  8.778535E-04  2.846587E-06  4.414974E-02  1.994644E-05  1.926146E-08  1.857054E-09  5.747767E-03  5.968874E-07  2.305462E-06  2.271482E-07  1.140512E-02  1.109202E-07  5.130258E-08  4.314292E-08  1.078014E-04  1.465414E-04  8.623054E-08  4.118068E-07  5.325740E-07  2.396274E-07
 3.351500E+02  3.413838E-01  1.530031E-04  9.962706E-09  1.330160E-08  1.485448E-08  1.799867E-08  5.961755E-01  8.647768E-04  2.703725E-06  4.422121E-02  1.971068E-05  1.838707E-08  1.819505E-09  5.657739E-03  5.710853E-07  2.210653E-06  2.194246E-07  1.126602E-02  1.067438E-07  4.985010E-08  4.189723E-08  1.063947E-04  1.446297E-04  8.220614E-08  3.919111E-07  5.069923E-07  2.298389E-07
 3.361500E+02  3.414978E-01  1.514553E-04  9.682405E-09  1.293023E-08  1.444046E-08  1.750071E-08  5.962342E-01  8.519816E-04  2.568879E-06  4.429144E-02  1.947851E-05  1.755646E-08  1.782867E-09  5.569714E-03  5.465561E-07  2.120327E-06  2.120128E-07  1.112934E-02  1.027462E-07  4.844731E-08  4.069484E-08  1.050138E-04  1.427528E-04  7.839013E-08  3.730866E-07  4.827813E-07  2.205057E-07
 3.371500E+02  3.416095E-01  1.499337E-04  9.411815E-09  1.257166E-08  1.404068E-08  1.701978E-08  5.962916E-01  8.394604E-04  2.441554E-06  4.436044E-02  1.924987E-05  1.676724E-08  1.747117E-09  5.483636E-03  5.232300E-07  2.034248E-06  2.048987E-07  1.099505E-02  9.891906E-08  4.709226E-08  3.953404E-08  1.036579E-04  1.409102E-04  7.477077E-08  3.552704E-07  4.598604E-07  2.116042E-07
 3.381500E+02  3.417191E-01  1.484379E-04  9.150549E-09  1.222536E-08  1.365458E-08  1.655521E-08  5.963477E-01  8.272060E-04  2.321291E-06  4.442824E-02  1.902471E-05  1.601720E-08  1.712231E-09  5.399454E-03  5.010412E-07  1.952191E-06  1.980684E-07  1.086308E-02  9.525432E-08  4.578310E-08  3.841318E-08  1.023266E-04  1.391010E-04  7.133703E-08  3.384032E-07  4.381544E-07  2.031125E-07
 3.391500E+02  3.418267E-01  1.469671E-04  8.898232E-09  1.189086E-08  1.328160E-08  1.610634E-08  5.964026E-01  8.152113E-04  2.207659E-06  4.449487E-02  1.880299E-05  1.530423E-08  1.678186E-09  5.317115E-03  4.799282E-07  1.873948E-06  1.915093E-07  1.073339E-02  9.174437E-08  4.451805E-08  3.733070E-08  1.010193E-04  1.373246E-04  6.807854E-08  3.224299E-07  4.175929E-07  1.950094E-07
 3.401500E+02  3.419321E-01  1.455210E-04  8.654510E-09  1.156768E-08  1.292124E-08  1.567257E-08  5.964564E-01  8.034696E-04  2.100257E-06  4.456034E-02  1.858465E-05  1.462634E-08  1.644961E-09  5.236570E-03  4.598328E-07  1.799320E-06  1.852089E-07  1.060595E-02  8.838199E-08  4.329542E-08  3.628509E-08  9.973564E-05  1.355802E-04  6.498556E-08  3.072985E-07  3.981097E-07  1.872754E-07
 3.411500E+02  3.420356E-01  1.440989E-04  8.419044E-09  1.125539E-08  1.257299E-08  1.525330E-08  5.965089E-01  7.919742E-04  1.998709E-06  4.462469E-02  1.836964E-05  1.398167E-08  1.612535E-09  5.157771E-03  4.407003E-07  1.728120E-06  1.791556E-07  1.048069E-02  8.516033E-08  4.211358E-08  3.527492E-08  9.847500E-05  1.338671E-04  6.204893E-08  2.929604E-07  3.796429E-07  1.798917E-07
 3.421500E+02  3.421372E-01  1.427004E-04  8.191509E-09  1.095354E-08  1.223639E-08  1.484796E-08  5.965604E-01  7.807186E-04  1.902665E-06  4.468793E-02  1.815791E-05  1.336845E-08  1.580885E-09  5.080672E-03  4.224795E-07  1.660171E-06  1.733385E-07  1.035759E-02  8.207286E-08  4.097096E-08  3.429883E-08  9.723692E-05  1.321848E-04  5.926001E-08  2.793702E-07  3.621344E-07  1.728408E-07
 3.431500E+02  3.422368E-01  1.413250E-04  7.971594E-09  1.066175E-08  1.191098E-08  1.445603E-08  5.966107E-01  7.696968E-04  1.811797E-06  4.475009E-02  1.794940E-05  1.278502E-08  1.549993E-09  5.005228E-03  4.051218E-07  1.595307E-06  1.677470E-07  1.023659E-02  7.911340E-08  3.986609E-08  3.335549E-08  9.602093E-05  1.305326E-04  5.661072E-08  2.664850E-07  3.455296E-07  1.661059E-07
 3.441500E+02  3.423346E-01  1.399723E-04  7.759004E-09  1.037962E-08  1.159632E-08  1.407698E-08  5.966600E-01  7.589027E-04  1.725798E-06  4.481119E-02  1.774408E-05  1.222981E-08  1.519839E-09  4.931394E-03  3.885817E-07  1.533372E-06  1.623710E-07  1.011766E-02  7.627607E-08  3.879753E-08  3.244365E-08  9.482658E-05  1.289097E-04  5.409342E-08  2.542647E-07  3.297774E-07  1.596714E-07
 3.451500E+02  3.424305E-01  1.386417E-04  7.553454E-09  1.010678E-08  1.129202E-08  1.371033E-08  5.967083E-01  7.483303E-04  1.644381E-06  4.487124E-02  1.754188E-05  1.170134E-08  1.490402E-09  4.859128E-03  3.728162E-07  1.474217E-06  1.572012E-07  1.000075E-02  7.355529E-08  3.776391E-08  3.156210E-08  9.365340E-05  1.273157E-04  5.170094E-08  2.426717E-07  3.148297E-07  1.535223E-07
 3.461500E+02  3.425247E-01  1.373328E-04  7.354674E-09  9.842863E-09  1.099766E-08  1.335559E-08  5.967555E-01  7.379741E-04  1.567277E-06  4.493028E-02  1.734276E-05  1.119821E-08  1.461664E-09  4.788390E-03  3.577849E-07  1.417702E-06  1.522284E-07  9.885819E-03  7.094575E-08  3.676393E-08  3.070970E-08  9.250096E-05  1.257499E-04  4.942650E-08  2.316707E-07  3.006415E-07  1.476445E-07
 3.471500E+02  3.426171E-01  1.360451E-04  7.162405E-09  9.587542E-09  1.071287E-08  1.301232E-08  5.968017E-01  7.278286E-04  1.494235E-06  4.498832E-02  1.714668E-05  1.071909E-08  1.433608E-09  4.719139E-03  3.434495E-07  1.363696E-06  1.474441E-07  9.772834E-03  6.844241E-08  3.579632E-08  2.988533E-08  9.136882E-05  1.242117E-04  4.726375E-08  2.212285E-07  2.871704E-07  1.420247E-07
 3.481500E+02  3.427079E-01  1.347783E-04  6.976398E-09  9.340488E-09  1.043729E-08  1.268008E-08  5.968470E-01  7.178885E-04  1.425020E-06  4.504538E-02  1.695358E-05  1.026275E-08  1.406215E-09  4.651338E-03  3.297742E-07  1.312072E-06  1.428401E-07  9.661754E-03  6.604047E-08  3.485988E-08  2.908794E-08  9.025656E-05  1.227006E-04  4.520670E-08  2.113140E-07  2.743765E-07  1.366504E-07
 3.491500E+02  3.427970E-01  1.335318E-04  6.796415E-09  9.101387E-09  1.017057E-08  1.235847E-08  5.968914E-01  7.081485E-04  1.359409E-06  4.510147E-02  1.676342E-05  9.828009E-09  1.379467E-09  4.584947E-03  3.167249E-07  1.262714E-06  1.384087E-07  9.552541E-03  6.373536E-08  3.395345E-08  2.831651E-08  8.916377E-05  1.212159E-04  4.324968E-08  2.018978E-07  2.622224E-07  1.315096E-07
 3.501500E+02  3.428844E-01  1.323054E-04  6.622229E-09  8.869941E-09  9.912378E-09  1.204708E-08  5.969348E-01  6.986036E-04  1.297198E-06  4.515663E-02  1.657615E-05  9.413750E-09  1.353349E-09  4.519932E-03  3.042696E-07  1.215509E-06  1.341424E-07  9.445157E-03  6.152275E-08  3.307594E-08  2.757008E-08  8.809003E-05  1.197572E-04  4.138739E-08  1.929525E-07  2.506731E-07  1.265909E-07
 3.511500E+02  3.429703E-01  1.310985E-04  6.453623E-09  8.645865E-09  9.662397E-09  1.174554E-08  5.969773E-01  6.892490E-04  1.238190E-06  4.521087E-02  1.639172E-05  9.018924E-09  1.327843E-09  4.456258E-03  2.923781E-07  1.170352E-06  1.300342E-07  9.339567E-03  5.939851E-08  3.222628E-08  2.684772E-08  8.703497E-05  1.183238E-04  3.961480E-08  1.844522E-07  2.396953E-07  1.218837E-07
 3.521500E+02  3.430546E-01  1.299108E-04  6.290388E-09  8.428884E-09  9.420321E-09  1.145348E-08  5.970190E-01  6.800800E-04  1.182205E-06  4.526420E-02  1.621009E-05  8.642540E-09  1.302934E-09  4.393889E-03  2.810219E-07  1.127143E-06  1.260774E-07  9.235735E-03  5.735872E-08  3.140344E-08  2.614852E-08  8.599819E-05  1.169153E-04  3.792718E-08  1.763725E-07  2.292580E-07  1.173778E-07
 3.531500E+02  3.431374E-01  1.287419E-04  6.132324E-09  8.218737E-09  9.185858E-09  1.117055E-08  5.970599E-01  6.710919E-04  1.129072E-06  4.531664E-02  1.603122E-05  8.283657E-09  1.278606E-09  4.332792E-03  2.701740E-07  1.085787E-06  1.222655E-07  9.133626E-03  5.539964E-08  3.060646E-08  2.547165E-08  8.497931E-05  1.155312E-04  3.632007E-08  1.686905E-07  2.193319E-07  1.130636E-07
 3.541500E+02  3.432187E-01  1.275915E-04  5.979240E-09  8.015170E-09  8.958729E-09  1.089643E-08  5.970999E-01  6.622804E-04  1.078631E-06  4.536822E-02  1.585505E-05  7.941390E-09  1.254844E-09  4.272937E-03  2.598089E-07  1.046196E-06  1.185925E-07  9.033207E-03  5.351772E-08  2.983440E-08  2.481626E-08  8.397797E-05  1.141709E-04  3.478926E-08  1.613847E-07  2.098894E-07  1.089321E-07
 3.551500E+02  3.432986E-01  1.264591E-04  5.830952E-09  7.817944E-09  8.738665E-09  1.063078E-08  5.971391E-01  6.536410E-04  1.030730E-06  4.541895E-02  1.568155E-05  7.614899E-09  1.231634E-09  4.214291E-03  2.499026E-07  1.008284E-06  1.150527E-07  8.934445E-03  5.170956E-08  2.908635E-08  2.418159E-08  8.299380E-05  1.128340E-04  3.333077E-08  1.544349E-07  2.009046E-07  1.049745E-07
 3.561500E+02  3.433770E-01  1.253445E-04  5.687286E-09  7.626828E-09  8.525409E-09  1.037330E-08  5.971775E-01  6.451696E-04  9.852296E-07  4.546884E-02  1.551066E-05  7.303391E-09  1.208960E-09  4.156824E-03  2.404323E-07  9.719716E-07  1.116403E-07  8.837306E-03  4.997195E-08  2.836146E-08  2.356688E-08  8.202646E-05  1.115199E-04  3.194087E-08  1.478219E-07  1.923531E-07  1.011828E-07
 3.571500E+02  3.434540E-01  1.242472E-04  5.548072E-09  7.441599E-09  8.318715E-09  1.012370E-08  5.972152E-01  6.368620E-04  9.419958E-07  4.551791E-02  1.534236E-05  7.006116E-09  1.186810E-09  4.100506E-03  2.313766E-07  9.371824E-07  1.083503E-07  8.741759E-03  4.830181E-08  2.765890E-08  2.297139E-08  8.107560E-05  1.102282E-04  3.061601E-08  1.415277E-07  1.842118E-07  9.754907E-08
 3.581500E+02  3.435297E-01  1.231669E-04  5.413150E-09  7.262046E-09  8.118345E-09  9.881696E-09  5.972521E-01  6.287145E-04  9.009042E-07  4.556618E-02  1.517659E-05  6.722362E-09  1.165169E-09  4.045310E-03  2.227151E-07  9.038445E-07  1.051775E-07  8.647772E-03  4.669623E-08  2.697787E-08  2.239445E-08  8.014089E-05  1.089585E-04  2.935286E-08  1.355355E-07  1.764590E-07  9.406603E-08
 3.591500E+02  3.436041E-01  1.221033E-04  5.282363E-09  7.087965E-09  7.924074E-09  9.647015E-09  5.972883E-01  6.207230E-04  8.618375E-07  4.561366E-02  1.501332E-05  6.451459E-09  1.144024E-09  3.991208E-03  2.144285E-07  8.718896E-07  1.021171E-07  8.555316E-03  4.515241E-08  2.631761E-08  2.183537E-08  7.922198E-05  1.077103E-04  2.814825E-08  1.298293E-07  1.690743E-07  9.072667E-08
 3.601500E+02  3.436772E-01  1.210560E-04  5.155565E-09  6.919160E-09  7.735684E-09  9.419397E-09  5.973238E-01  6.128838E-04  8.246854E-07  4.566037E-02  1.485250E-05  6.192770E-09  1.123363E-09  3.938172E-03  2.064986E-07  8.412532E-07  9.916453E-08  8.464361E-03  4.366771E-08  2.567739E-08  2.129353E-08  7.831858E-05  1.064832E-04  2.699920E-08  1.243939E-07  1.620384E-07  8.752436E-08
 3.611500E+02  3.437489E-01  1.200248E-04  5.032611E-09  6.755443E-09  7.552965E-09  9.198594E-09  5.973586E-01  6.051934E-04  7.893442E-07  4.570633E-02  1.469409E-05  5.945693E-09  1.103173E-09  3.886177E-03  1.989083E-07  8.118738E-07  9.631546E-08  8.374877E-03  4.223959E-08  2.505650E-08  2.076831E-08  7.743035E-05  1.052766E-04  2.590291E-08  1.192153E-07  1.553332E-07  8.445281E-08
 3.621500E+02  3.438195E-01  1.190094E-04  4.913366E-09  6.596635E-09  7.375717E-09  8.984364E-09  5.973928E-01  5.976482E-04  7.557163E-07  4.575154E-02  1.453806E-05  5.709657E-09  1.083442E-09  3.835197E-03  1.916412E-07  7.836932E-07  9.356571E-08  8.286835E-03  4.086563E-08  2.445426E-08  2.025911E-08  7.655699E-05  1.040903E-04  2.485670E-08  1.142800E-07  1.489414E-07  8.150603E-08
 3.631500E+02  3.438888E-01  1.180093E-04  4.797698E-09  6.442563E-09  7.203748E-09  8.776480E-09  5.974263E-01  5.902447E-04  7.237097E-07  4.579603E-02  1.438435E-05  5.484122E-09  1.064158E-09  3.785208E-03  1.846818E-07  7.566563E-07  9.091127E-08  8.200208E-03  3.954356E-08  2.387003E-08  1.976537E-08  7.569821E-05  1.029238E-04  2.385806E-08  1.095755E-07  1.428470E-07  7.867834E-08
 3.641500E+02  3.439569E-01  1.170244E-04  4.685482E-09  6.293061E-09  7.036874E-09  8.574718E-09  5.974591E-01  5.829796E-04  6.932380E-07  4.583980E-02  1.423295E-05  5.268577E-09  1.045309E-09  3.736185E-03  1.780155E-07  7.307107E-07  8.834834E-08  8.114969E-03  3.827116E-08  2.330318E-08  1.928656E-08  7.485371E-05  1.017768E-04  2.290461E-08  1.050898E-07  1.370345E-07  7.596436E-08
 3.651500E+02  3.440239E-01  1.160543E-04  4.576596E-09  6.147970E-09  6.874916E-09  8.378868E-09  5.974913E-01  5.758497E-04  6.642197E-07  4.588287E-02  1.408380E-05  5.062538E-09  1.026885E-09  3.688106E-03  1.716285E-07  7.058065E-07  8.587329E-08  8.031090E-03  3.704635E-08  2.275311E-08  1.882214E-08  7.402320E-05  1.006487E-04  2.199410E-08  1.008116E-07  1.314897E-07  7.335895E-08
 3.661500E+02  3.440897E-01  1.150988E-04  4.470924E-09  6.007136E-09  6.717705E-09  8.188725E-09  5.975229E-01  5.688518E-04  6.365780E-07  4.592526E-02  1.393687E-05  4.865544E-09  1.008875E-09  3.640947E-03  1.655076E-07  6.818966E-07  8.348264E-08  7.948546E-03  3.586714E-08  2.221925E-08  1.837161E-08  7.320641E-05  9.953925E-05  2.112441E-08  9.673046E-08  1.261988E-07  7.085724E-08
 3.671500E+02  3.441544E-01  1.141576E-04  4.368355E-09  5.870413E-09  6.565076E-09  8.004094E-09  5.975539E-01  5.619828E-04  6.102406E-07  4.596698E-02  1.379212E-05  4.677160E-09  9.912673E-10  3.594687E-03  1.596402E-07  6.589360E-07  8.117306E-08  7.867311E-03  3.473162E-08  2.170103E-08  1.793450E-08  7.240305E-05  9.844808E-05  2.029351E-08  9.283625E-08  1.211491E-07  6.845460E-08
 3.681500E+02  3.442180E-01  1.132304E-04  4.268781E-09  5.737659E-09  6.416873E-09  7.824786E-09  5.975843E-01  5.552399E-04  5.851392E-07  4.600803E-02  1.364952E-05  4.496973E-09  9.740526E-10  3.549305E-03  1.540147E-07  6.368822E-07  7.894140E-08  7.787359E-03  3.363797E-08  2.119793E-08  1.751034E-08  7.161287E-05  9.737481E-05  1.949950E-08  8.911951E-08  1.163283E-07  6.614662E-08
 3.691500E+02  3.442806E-01  1.123169E-04  4.172100E-09  5.608739E-09  6.272944E-09  7.650620E-09  5.976142E-01  5.486199E-04  5.612096E-07  4.604844E-02  1.350902E-05  4.324592E-09  9.572207E-10  3.504779E-03  1.486198E-07  6.156947E-07  7.678461E-08  7.708667E-03  3.258448E-08  2.070944E-08  1.709867E-08  7.083560E-05  9.631909E-05  1.874057E-08  8.557132E-08  1.117250E-07  6.392912E-08
 3.701500E+02  3.443421E-01  1.114169E-04  4.078212E-09  5.483522E-09  6.133145E-09  7.481423E-09  5.976435E-01  5.421203E-04  5.383912E-07  4.608821E-02  1.337061E-05  4.159646E-09  9.407618E-10  3.461090E-03  1.434448E-07  5.953349E-07  7.469978E-08  7.631209E-03  3.156947E-08  2.023505E-08  1.669909E-08  7.007098E-05  9.528055E-05  1.801502E-08  8.218321E-08  1.073283E-07  6.179811E-08
 3.711500E+02  3.444025E-01  1.105302E-04  3.987024E-09  5.361883E-09  5.997334E-09  7.317027E-09  5.976722E-01  5.357381E-04  5.166266E-07  4.612737E-02  1.323423E-05  4.001782E-09  9.246665E-10  3.418218E-03  1.384796E-07  5.757662E-07  7.268415E-08  7.554964E-03  3.059137E-08  1.977430E-08  1.631117E-08  6.931876E-05  9.425887E-05  1.732122E-08  7.894719E-08  1.031279E-07  5.974979E-08
 3.721500E+02  3.444620E-01  1.096564E-04  3.898442E-09  5.243702E-09  5.865379E-09  7.157271E-09  5.977004E-01  5.294708E-04  4.958620E-07  4.616591E-02  1.309985E-05  3.850667E-09  9.089256E-10  3.376143E-03  1.337147E-07  5.569538E-07  7.073507E-08  7.479907E-03  2.964868E-08  1.932672E-08  1.593451E-08  6.857870E-05  9.325371E-05  1.665764E-08  7.585570E-08  9.911425E-08  5.778057E-08
 3.731500E+02  3.445204E-01  1.087954E-04  3.812379E-09  5.128861E-09  5.737150E-09  7.002001E-09  5.977281E-01  5.233156E-04  4.760463E-07  4.620385E-02  1.296745E-05  3.705983E-09  8.935301E-10  3.334848E-03  1.291410E-07  5.388647E-07  6.884998E-08  7.406016E-03  2.873994E-08  1.889189E-08  1.556874E-08  6.785057E-05  9.226475E-05  1.602283E-08  7.290160E-08  9.527799E-08  5.588699E-08
