#         T/K            c1          c2-1          c3-4          c3-5          c3-7          c3-9            m1          m2-1          m3-1            w1            w2          w3-1          w3-2          c1m1        c1m2-1        c1m2-7        c2m1-1        c1w1-2        c1w2-1        c2w1-1        c2w1-9        m1w1-1        m1w1-4        m1w2-1        m2w1-1        m2w1-3      c1m1w1-1
 2.731500E+02  2.898055E-02  2.675461E-06  6.539549E-11  8.583316E-11  9.549621E-11  1.138674E-10  2.958202E-01  7.084850E-04  1.831441E-05  6.113811E-01  1.234725E-02  2.536257E-03  3.558640E-05  8.634561E-04  3.930868E-07  1.289843E-06  1.285509E-08  4.113567E-02  4.566037E-05  5.827617E-08  5.117264E-08  2.352070E-03  3.201801E-03  4.044887E-04  7.086390E-05  8.975008E-05  4.065491E-06
 2.741500E+02  2.924898E-02  2.675562E-06  6.403828E-11  8.408026E-11  9.355295E-11  1.115854E-10  2.959240E-01  6.918569E-04  1.691590E-05  6.121733E-01  1.208597E-02  2.353130E-03  3.430001E-05  8.491528E-04  3.699893E-07  1.217984E-06  1.237413E-08  4.061491E-02  4.325809E-05  5.652340E-08  4.959072E-08  2.300721E-03  3.131703E-03  3.749183E-04  6.558069E-05  8.309190E-05  3.836904E-06
 2.751500E+02  2.951441E-02  2.675138E-06  6.270171E-11  8.235305E-11  9.163793E-11  1.093355E-10  2.960240E-01  6.757457E-04  1.563373E-05  6.129378E-01  1.183153E-02  2.184273E-03  3.306731E-05  8.351139E-04  3.483795E-07  1.150535E-06  1.191248E-08  4.009983E-02  4.099306E-05  5.482482E-08  4.805927E-08  2.250818E-03  3.063588E-03  3.476902E-04  6.072559E-05  7.697088E-05  3.622339E-06
 2.761500E+02  2.977678E-02  2.674199E-06  6.138586E-11  8.065169E-11  8.975136E-11  1.071179E-10  2.961202E-01  6.601321E-04  1.445747E-05  6.136761E-01  1.158374E-02  2.028506E-03  3.188593E-05  8.213346E-04  3.281537E-07  1.087200E-06  1.146934E-08  3.959047E-02  3.885696E-05  5.317883E-08  4.657677E-08  2.202317E-03  2.997394E-03  3.226062E-04  5.626137E-05  7.134048E-05  3.420872E-06
 2.771500E+02  3.003610E-02  2.672757E-06  6.009082E-11  7.897636E-11  8.789341E-11  1.049328E-10  2.962129E-01  6.449977E-04  1.337771E-05  6.143897E-01  1.134243E-02  1.884749E-03  3.075358E-05  8.078103E-04  3.092159E-07  1.027706E-06  1.104391E-08  3.908690E-02  3.684200E-05  5.158391E-08  4.514172E-08  2.155172E-03  2.933061E-03  2.994860E-04  5.215423E-05  6.615846E-05  3.231645E-06
 2.781500E+02  3.029233E-02  2.670824E-06  5.881667E-11  7.732717E-11  8.606424E-11  1.027805E-10  2.963023E-01  6.303248E-04  1.238590E-05  6.150800E-01  1.110744E-02  1.752016E-03  2.966807E-05  7.945363E-04  2.914773E-07  9.718019E-07  1.063545E-08  3.858915E-02  3.494086E-05  5.003855E-08  4.375266E-08  2.109342E-03  2.870529E-03  2.781649E-04  4.837349E-05  6.138645E-05  3.053859E-06
 2.791500E+02  3.054547E-02  2.668411E-06  5.756347E-11  7.570426E-11  8.426401E-11  1.006612E-10  2.963886E-01  6.160966E-04  1.147433E-05  6.157481E-01  1.087859E-02  1.629407E-03  2.862731E-05  7.815083E-04  2.748557E-07  9.192509E-07  1.024324E-08  3.809726E-02  3.314671E-05  4.854130E-08  4.240817E-08  2.064785E-03  2.809742E-03  2.584931E-04  4.489127E-05  5.698956E-05  2.886769E-06
 2.801500E+02  3.079550E-02  2.665532E-06  5.633126E-11  7.410773E-11  8.249283E-11  9.857518E-11  2.964718E-01  6.022968E-04  1.063599E-05  6.163952E-01  1.065572E-02  1.516098E-03  2.762929E-05  7.687218E-04  2.592749E-07  8.698348E-07  9.866623E-09  3.761127E-02  3.145313E-05  4.709073E-08  4.110688E-08  2.021461E-03  2.750645E-03  2.403338E-04  4.168223E-05  5.293608E-05  2.729685E-06
 2.811500E+02  3.104243E-02  2.662198E-06  5.512008E-11  7.253765E-11  8.075081E-11  9.652250E-11  2.965522E-01  5.889100E-04  9.864541E-06  6.170223E-01  1.043867E-02  1.411335E-03  2.667209E-05  7.561727E-04  2.446643E-07  8.233506E-07  9.504932E-09  3.713119E-02  2.985409E-05  4.568545E-08  3.984746E-08  1.979332E-03  2.693183E-03  2.235624E-04  3.872330E-05  4.919713E-05  2.581961E-06
 2.821500E+02  3.128623E-02  2.658422E-06  5.392993E-11  7.099409E-11  7.903802E-11  9.450333E-11  2.966298E-01  5.759212E-04  9.154220E-06  6.176305E-01  1.022727E-02  1.314430E-03  2.575390E-05  7.438567E-04  2.309585E-07  7.796093E-07  9.157552E-09  3.665704E-02  2.834396E-05  4.432412E-08  3.862859E-08  1.938359E-03  2.637305E-03  2.080651E-04  3.599351E-05  4.574643E-05  2.442998E-06
 2.831500E+02  3.152692E-02  2.654219E-06  5.276083E-11  6.947706E-11  7.735449E-11  9.251776E-11  2.967049E-01  5.633163E-04  8.499800E-06  6.182206E-01  1.002136E-02  1.224752E-03  2.487297E-05  7.317698E-04  2.180969E-07  7.384350E-07  8.823890E-09  3.618884E-02  2.691746E-05  4.300542E-08  3.744902E-08  1.898505E-03  2.582961E-03  1.937380E-04  3.347375E-05  4.256005E-05  2.312236E-06
 2.841500E+02  3.176449E-02  2.649600E-06  5.161273E-11  6.798660E-11  7.570026E-11  9.056587E-11  2.967775E-01  5.510815E-04  7.896531E-06  6.187935E-01  9.820793E-03  1.141725E-03  2.402762E-05  7.199079E-04  2.060231E-07  6.996641E-07  8.503380E-09  3.572658E-02  2.556962E-05  4.172806E-08  3.630751E-08  1.859737E-03  2.530102E-03  1.804861E-04  3.114661E-05  3.961617E-05  2.189154E-06
 2.851500E+02  3.199895E-02  2.644580E-06  5.048560E-11  6.652266E-11  7.407531E-11  8.864768E-11  2.968477E-01  5.392038E-04  7.340097E-06  6.193500E-01  9.625416E-03  1.064820E-03  2.321628E-05  7.082672E-04  1.946849E-07  6.631442E-07  8.195479E-09  3.527027E-02  2.429581E-05  4.049079E-08  3.520286E-08  1.822019E-03  2.478680E-03  1.682227E-04  2.899622E-05  3.689488E-05  2.073265E-06
 2.861500E+02  3.223031E-02  2.639172E-06  4.937938E-11  6.508522E-11  7.247960E-11  8.676320E-11  2.969157E-01  5.276706E-04  6.826568E-06  6.198909E-01  9.435080E-03  9.935530E-04  2.243741E-05  6.968436E-04  1.840338E-07  6.287333E-07  7.899669E-09  3.481990E-02  2.309165E-05  3.929240E-08  3.413391E-08  1.785318E-03  2.428651E-03  1.568685E-04  2.700810E-05  3.437803E-05  1.964116E-06
 2.871500E+02  3.245857E-02  2.633390E-06  4.829399E-11  6.367421E-11  7.091307E-11  8.491240E-11  2.969815E-01  5.164698E-04  6.352370E-06  6.204168E-01  9.249640E-03  9.274806E-04  2.168959E-05  6.856335E-04  1.740246E-07  5.962989E-07  7.615452E-09  3.437546E-02  2.195307E-05  3.813169E-08  3.309953E-08  1.749603E-03  2.379969E-03  1.463509E-04  2.516905E-05  3.204905E-05  1.861285E-06
 2.881500E+02  3.268375E-02  2.627246E-06  4.722934E-11  6.228954E-11  6.937562E-11  8.309519E-11  2.970453E-01  5.055899E-04  5.914248E-06  6.209283E-01  9.068958E-03  8.661965E-04  2.097142E-05  6.746330E-04  1.646153E-07  5.657177E-07  7.342353E-09  3.393692E-02  2.087622E-05  3.700752E-08  3.209862E-08  1.714842E-03  2.332594E-03  1.366037E-04  2.346701E-05  2.989280E-05  1.764376E-06
 2.891500E+02  3.290586E-02  2.620755E-06  4.618531E-11  6.093109E-11  6.786715E-11  8.131149E-11  2.971071E-01  4.950198E-04  5.509233E-06  6.214262E-01  8.892895E-03  8.093278E-04  2.028160E-05  6.638384E-04  1.557671E-07  5.368746E-07  7.079917E-09  3.350428E-02  1.985750E-05  3.591876E-08  3.113010E-08  1.681006E-03  2.286483E-03  1.275659E-04  2.189096E-05  2.789544E-05  1.673022E-06
 2.901500E+02  3.312491E-02  2.613929E-06  4.516178E-11  5.959872E-11  6.638750E-11  7.956116E-11  2.971670E-01  4.847488E-04  5.134619E-06  6.219109E-01  8.721318E-03  7.565327E-04  1.961887E-05  6.532460E-04  1.474436E-07  5.096620E-07  6.827707E-09  3.307751E-02  1.889355E-05  3.486431E-08  3.019295E-08  1.648065E-03  2.241597E-03  1.191820E-04  2.043082E-05  2.604433E-05  1.586879E-06
 2.911500E+02  3.334093E-02  2.606782E-06  4.415860E-11  5.829229E-11  6.493650E-11  7.784404E-11  2.972251E-01  4.747667E-04  4.787938E-06  6.223829E-01  8.554098E-03  7.074974E-04  1.898204E-05  6.428523E-04  1.396111E-07  4.839798E-07  6.585306E-09  3.265658E-02  1.798119E-05  3.384311E-08  2.928615E-08  1.615992E-03  2.197898E-03  1.114010E-04  1.907739E-05  2.432788E-05  1.505625E-06
 2.921500E+02  3.355392E-02  2.599327E-06  4.317560E-11  5.701161E-11  6.351398E-11  7.615995E-11  2.972815E-01  4.650636E-04  4.466936E-06  6.228429E-01  8.391108E-03  6.619336E-04  1.836997E-05  6.326536E-04  1.322382E-07  4.597342E-07  6.352314E-09  3.224146E-02  1.711744E-05  3.285413E-08  2.840872E-08  1.584760E-03  2.155348E-03  1.041761E-04  1.782224E-05  2.273551E-05  1.428961E-06
 2.931500E+02  3.376391E-02  2.591576E-06  4.221262E-11  5.575647E-11  6.211971E-11  7.450866E-11  2.973362E-01  4.556301E-04  4.169554E-06  6.232913E-01  8.232227E-03  6.195768E-04  1.778158E-05  6.226465E-04  1.252956E-07  4.368378E-07  6.128347E-09  3.183211E-02  1.629951E-05  3.189635E-08  2.755971E-08  1.554343E-03  2.113912E-03  9.746429E-05  1.665765E-05  2.125752E-05  1.356605E-06
 2.941500E+02  3.397092E-02  2.583543E-06  4.126946E-11  5.452668E-11  6.075345E-11  7.288994E-11  2.973893E-01  4.464571E-04  3.893909E-06  6.237284E-01  8.077335E-03  5.801839E-04  1.721583E-05  6.128275E-04  1.187560E-07  4.152088E-07  5.913038E-09  3.142851E-02  1.552478E-05  3.096879E-08  2.673820E-08  1.524715E-03  2.073554E-03  9.122636E-05  1.557655E-05  1.988501E-05  1.288296E-06
 2.951500E+02  3.417498E-02  2.575241E-06  4.034593E-11  5.332199E-11  5.941497E-11  7.130351E-11  2.974408E-01  4.375359E-04  3.638280E-06  6.241548E-01  7.926316E-03  5.435312E-04  1.667174E-05  6.031931E-04  1.125941E-07  3.947708E-07  5.706035E-09  3.103060E-02  1.479078E-05  3.007051E-08  2.594330E-08  1.495852E-03  2.034243E-03  8.542613E-05  1.457247E-05  1.860983E-05  1.223789E-06
 2.961500E+02  3.437610E-02  2.566680E-06  3.944181E-11  5.214214E-11  5.810398E-11  6.974910E-11  2.974909E-01  4.288581E-04  3.401093E-06  6.245709E-01  7.779060E-03  5.094133E-04  1.614837E-05  5.937401E-04  1.067862E-07  3.754524E-07  5.506999E-09  3.063834E-02  1.409520E-05  2.920058E-08  2.517413E-08  1.467731E-03  1.995944E-03  8.003039E-05  1.363947E-05  1.742452E-05  1.162855E-06
 2.971500E+02  3.457432E-02  2.557874E-06  3.855688E-11  5.098689E-11  5.682020E-11  6.822638E-11  2.975396E-01  4.204157E-04  3.180905E-06  6.249769E-01  7.635456E-03  4.776409E-04  1.564483E-05  5.844650E-04  1.013101E-07  3.571866E-07  5.315609E-09  3.025170E-02  1.343586E-05  2.835810E-08  2.442985E-08  1.440328E-03  1.958628E-03  7.500867E-05  1.277210E-05  1.632220E-05  1.105278E-06
 2.981500E+02  3.476965E-02  2.548834E-06  3.769090E-11  4.985593E-11  5.556331E-11  6.673503E-11  2.975869E-01  4.122008E-04  2.976395E-06  6.253733E-01  7.495399E-03  4.480401E-04  1.516026E-05  5.753646E-04  9.614522E-08  3.399110E-07  5.131554E-09  2.987062E-02  1.281072E-05  2.754220E-08  2.370965E-08  1.413623E-03  1.922263E-03  7.033290E-05  1.196535E-05  1.529659E-05  1.050859E-06
 2.991500E+02  3.496213E-02  2.539572E-06  3.684363E-11  4.874899E-11  5.433301E-11  6.527470E-11  2.976329E-01  4.042061E-04  2.786353E-06  6.257603E-01  7.358788E-03  4.204505E-04  1.469385E-05  5.664356E-04  9.127238E-08  3.235670E-07  4.954537E-09  2.949506E-02  1.221786E-05  2.675202E-08  2.301273E-08  1.387593E-03  1.886822E-03  6.597730E-05  1.121465E-05  1.434189E-05  9.994095E-07
 3.001500E+02  3.515178E-02  2.530100E-06  3.601482E-11  4.766576E-11  5.312896E-11  6.384502E-11  2.976777E-01  3.964243E-04  2.609668E-06  6.261384E-01  7.225523E-03  3.947245E-04  1.424483E-05  5.576749E-04  8.667360E-08  3.080998E-07  4.784273E-09  2.912496E-02  1.165547E-05  2.598675E-08  2.233833E-08  1.362219E-03  1.852276E-03  6.191814E-05  1.051576E-05  1.345280E-05  9.507535E-07
 3.011500E+02  3.533863E-02  2.520428E-06  3.520421E-11  4.660592E-11  5.195082E-11  6.244562E-11  2.977212E-01  3.888486E-04  2.445321E-06  6.265078E-01  7.095508E-03  3.707261E-04  1.381245E-05  5.490793E-04  8.233210E-08  2.934580E-07  4.620490E-09  2.876028E-02  1.112185E-05  2.524559E-08  2.168569E-08  1.337480E-03  1.818597E-03  5.813357E-05  9.864816E-06  1.262440E-05  9.047264E-07
 3.021500E+02  3.552271E-02  2.510568E-06  3.441153E-11  4.556915E-11  5.079823E-11  6.107609E-11  2.977636E-01  3.814723E-04  2.292378E-06  6.268688E-01  6.968649E-03  3.483297E-04  1.339602E-05  5.406456E-04  7.823221E-08  2.795935E-07  4.462926E-09  2.840095E-02  1.061541E-05  2.452776E-08  2.105411E-08  1.313358E-03  1.785760E-03  5.460346E-05  9.258241E-06  1.185222E-05  8.611738E-07
 3.031500E+02  3.570405E-02  2.500530E-06  3.363652E-11  4.455512E-11  4.967082E-11  5.973603E-11  2.978048E-01  3.742890E-04  2.149978E-06  6.272216E-01  6.844856E-03  3.274197E-04  1.299486E-05  5.323709E-04  7.435928E-08  2.664612E-07  4.311331E-09  2.804693E-02  1.013464E-05  2.383251E-08  2.044287E-08  1.289834E-03  1.753739E-03  5.130927E-05  8.692755E-06  1.113211E-05  8.199511E-07
 3.041500E+02  3.588268E-02  2.490324E-06  3.287890E-11  4.356348E-11  4.856822E-11  5.842502E-11  2.978449E-01  3.672926E-04  2.017332E-06  6.275666E-01  6.724042E-03  3.078893E-04  1.260833E-05  5.242522E-04  7.069964E-08  2.540189E-07  4.165463E-09  2.769815E-02  9.678127E-06  2.315911E-08  1.985132E-08  1.266890E-03  1.722510E-03  4.823390E-05  8.165339E-06  1.046025E-05  7.809227E-07
 3.051500E+02  3.605863E-02  2.479960E-06  3.213838E-11  4.259389E-11  4.749005E-11  5.714264E-11  2.978840E-01  3.604771E-04  1.893714E-06  6.279039E-01  6.606122E-03  2.896400E-04  1.223582E-05  5.162863E-04  6.724047E-08  2.422269E-07  4.025094E-09  2.735456E-02  9.244542E-06  2.250686E-08  1.927878E-08  1.244508E-03  1.692049E-03  4.536160E-05  7.673207E-06  9.833135E-06  7.439615E-07
 3.061500E+02  3.623193E-02  2.469449E-06  3.141469E-11  4.164599E-11  4.643593E-11  5.588844E-11  2.979220E-01  3.538368E-04  1.778456E-06  6.282339E-01  6.491013E-03  2.725807E-04  1.187675E-05  5.084705E-04  6.396980E-08  2.310480E-07  3.890001E-09  2.701611E-02  8.832631E-06  2.187507E-08  1.872463E-08  1.222673E-03  1.662333E-03  4.267780E-05  7.213797E-06  9.247524E-06  7.089484E-07
 3.071500E+02  3.640262E-02  2.458800E-06  3.070753E-11  4.071943E-11  4.540545E-11  5.466199E-11  2.979591E-01  3.473662E-04  1.670944E-06  6.285567E-01  6.378637E-03  2.566273E-04  1.153056E-05  5.008018E-04  6.087643E-08  2.204474E-07  3.759974E-09  2.668272E-02  8.441215E-06  2.126307E-08  1.818825E-08  1.201368E-03  1.633341E-03  4.016908E-05  6.784745E-06  8.700431E-06  6.757714E-07
 3.081500E+02  3.657072E-02  2.448022E-06  3.001661E-11  3.981384E-11  4.439823E-11  5.346282E-11  2.979952E-01  3.410601E-04  1.570611E-06  6.288725E-01  6.268915E-03  2.417021E-04  1.119672E-05  4.932775E-04  5.794987E-08  2.103922E-07  3.634809E-09  2.635435E-02  8.069182E-06  2.067023E-08  1.766906E-08  1.180577E-03  1.605050E-03  3.782304E-05  6.383868E-06  8.189101E-06  6.443257E-07
 3.091500E+02  3.673626E-02  2.437123E-06  2.934164E-11  3.892887E-11  4.341386E-11  5.229049E-11  2.980304E-01  3.349133E-04  1.476935E-06  6.291816E-01  6.161774E-03  2.277332E-04  1.087473E-05  4.858946E-04  5.518029E-08  2.008518E-07  3.514312E-09  2.603092E-02  7.715487E-06  2.009591E-08  1.716646E-08  1.160286E-03  1.577441E-03  3.562822E-05  6.009157E-06  7.710990E-06  6.145126E-07
 3.101500E+02  3.689929E-02  2.426114E-06  2.868233E-11  3.806413E-11  4.245193E-11  5.114453E-11  2.980647E-01  3.289208E-04  1.389437E-06  6.294841E-01  6.057140E-03  2.146542E-04  1.056410E-05  4.786505E-04  5.255851E-08  1.917972E-07  3.398297E-09  2.571239E-02  7.379143E-06  1.953952E-08  1.667992E-08  1.140480E-03  1.550493E-03  3.357402E-05  5.658752E-06  7.263749E-06  5.862398E-07
 3.111500E+02  3.705983E-02  2.415002E-06  2.803839E-11  3.721927E-11  4.151204E-11  5.002449E-11  2.980982E-01  3.230780E-04  1.307672E-06  6.297803E-01  5.954944E-03  2.024036E-04  1.026437E-05  4.715425E-04  5.007590E-08  1.832014E-07  3.286585E-09  2.539868E-02  7.059222E-06  1.900048E-08  1.620889E-08  1.121145E-03  1.524188E-03  3.165066E-05  5.330939E-06  6.845209E-06  5.594204E-07
 3.121500E+02  3.721791E-02  2.403795E-06  2.740952E-11  3.639392E-11  4.059378E-11  4.892989E-11  2.981308E-01  3.173803E-04  1.231231E-06  6.300703E-01  5.855117E-03  1.909243E-04  9.975093E-06  4.645678E-04  4.772438E-08  1.750387E-07  3.179004E-09  2.508974E-02  6.754848E-06  1.847820E-08  1.575285E-08  1.102267E-03  1.498506E-03  2.984907E-05  5.024131E-06  6.453364E-06  5.339727E-07
 3.131500E+02  3.737357E-02  2.392501E-06  2.679542E-11  3.558769E-11  3.969675E-11  4.786026E-11  2.981626E-01  3.118232E-04  1.159737E-06  6.303543E-01  5.757594E-03  1.801636E-04  9.695858E-06  4.577240E-04  4.549638E-08  1.672854E-07  3.075391E-09  2.478551E-02  6.465195E-06  1.797216E-08  1.531130E-08  1.083833E-03  1.473430E-03  2.816086E-05  4.736864E-06  6.086360E-06  5.098202E-07
 3.141500E+02  3.752684E-02  2.381129E-06  2.619581E-11  3.480023E-11  3.882053E-11  4.681514E-11  2.981936E-01  3.064025E-04  1.092840E-06  6.306324E-01  5.662311E-03  1.700726E-04  9.426261E-06  4.510083E-04  4.338482E-08  1.599188E-07  2.975587E-09  2.448591E-02  6.189485E-06  1.748180E-08  1.488375E-08  1.065831E-03  1.448942E-03  2.657827E-05  4.467781E-06  5.742479E-06  4.868908E-07
 3.151500E+02  3.767775E-02  2.369685E-06  2.561038E-11  3.403116E-11  3.796472E-11  4.579407E-11  2.982239E-01  3.011141E-04  1.030219E-06  6.309049E-01  5.569206E-03  1.606061E-04  9.165915E-06  4.444183E-04  4.138302E-08  1.529177E-07  2.879443E-09  2.419090E-02  5.926984E-06  1.700663E-08  1.446973E-08  1.048248E-03  1.425025E-03  2.509411E-05  4.215629E-06  5.420134E-06  4.651168E-07
 3.161500E+02  3.782634E-02  2.358176E-06  2.503886E-11  3.328012E-11  3.712891E-11  4.479656E-11  2.982535E-01  2.959540E-04  9.715755E-07  6.311718E-01  5.478220E-03  1.517220E-04  8.914455E-06  4.379516E-04  3.948473E-08  1.462623E-07  2.786812E-09  2.390040E-02  5.676998E-06  1.654615E-08  1.406880E-08  1.031072E-03  1.401664E-03  2.370170E-05  3.979246E-06  5.117854E-06  4.444343E-07
 3.171500E+02  3.797264E-02  2.346609E-06  2.448094E-11  3.254674E-11  3.631270E-11  4.382217E-11  2.982823E-01  2.909185E-04  9.166338E-07  6.314333E-01  5.389293E-03  1.433813E-04  8.671529E-06  4.316055E-04  3.768410E-08  1.399337E-07  2.697558E-09  2.361435E-02  5.438875E-06  1.609987E-08  1.368050E-08  1.014292E-03  1.378842E-03  2.239487E-05  3.757558E-06  4.834277E-06  4.247836E-07
 3.181500E+02  3.811668E-02  2.334992E-06  2.393635E-11  3.183065E-11  3.551569E-11  4.287042E-11  2.983105E-01  2.860037E-04  8.651389E-07  6.316896E-01  5.302370E-03  1.355479E-04  8.436802E-06  4.253779E-04  3.597561E-08  1.339143E-07  2.611546E-09  2.333270E-02  5.211998E-06  1.566733E-08  1.330442E-08  9.978967E-04  1.356544E-03  2.116789E-05  3.549567E-06  4.568139E-06  4.061083E-07
 3.191500E+02  3.825849E-02  2.323330E-06  2.340479E-11  3.113150E-11  3.473747E-11  4.194084E-11  2.983380E-01  2.812062E-04  8.168550E-07  6.319408E-01  5.217397E-03  1.281882E-04  8.209953E-06  4.192662E-04  3.435410E-08  1.281875E-07  2.528649E-09  2.305537E-02  4.995784E-06  1.524807E-08  1.294015E-08  9.818752E-04  1.334756E-03  2.001544E-05  3.354351E-06  4.318271E-06  3.883553E-07
 3.201500E+02  3.839810E-02  2.311629E-06  2.288599E-11  3.044891E-11  3.397764E-11  4.103300E-11  2.983649E-01  2.765225E-04  7.715633E-07  6.321871E-01  5.134320E-03  1.212709E-04  7.990676E-06  4.132682E-04  3.281471E-08  1.227376E-07  2.448744E-09  2.278231E-02  4.789683E-06  1.484167E-08  1.258729E-08  9.662172E-04  1.313463E-03  1.893259E-05  3.171053E-06  4.083585E-06  3.714746E-07
 3.211500E+02  3.853556E-02  2.299896E-06  2.237967E-11  2.978255E-11  3.323583E-11  4.014642E-11  2.983911E-01  2.719493E-04  7.290614E-07  6.324284E-01  5.053088E-03  1.147672E-04  7.778678E-06  4.073816E-04  3.135287E-08  1.175498E-07  2.371715E-09  2.251346E-02  4.593177E-06  1.444771E-08  1.224545E-08  9.509125E-04  1.292652E-03  1.791474E-05  2.998879E-06  3.863075E-06  3.554193E-07
 3.221500E+02  3.867089E-02  2.288136E-06  2.188555E-11  2.913206E-11  3.251163E-11  3.928066E-11  2.984167E-01  2.674833E-04  6.891615E-07  6.326651E-01  4.973652E-03  1.086500E-04  7.573679E-06  4.016042E-04  2.996430E-08  1.126103E-07  2.297449E-09  2.224875E-02  4.405775E-06  1.406576E-08  1.191427E-08  9.359514E-04  1.272309E-03  1.695764E-05  2.837091E-06  3.655805E-06  3.401451E-07
 3.231500E+02  3.880411E-02  2.276354E-06  2.140335E-11  2.849708E-11  3.180466E-11  3.843527E-11  2.984417E-01  2.631216E-04  6.516895E-07  6.328971E-01  4.895964E-03  1.028944E-04  7.375409E-06  3.959337E-04  2.864496E-08  1.079060E-07  2.225839E-09  2.198812E-02  4.227012E-06  1.369545E-08  1.159339E-08  9.213246E-04  1.252421E-03  1.605733E-05  2.685006E-06  3.460906E-06  3.256102E-07
 3.241500E+02  3.893528E-02  2.264556E-06  2.093282E-11  2.787728E-11  3.111455E-11  3.760981E-11  2.984662E-01  2.588610E-04  6.164840E-07  6.331247E-01  4.819977E-03  9.747695E-05  7.183611E-06  3.903682E-04  2.739105E-08  1.034245E-07  2.156780E-09  2.173152E-02  4.056452E-06  1.333639E-08  1.128247E-08  9.070227E-04  1.232975E-03  1.521013E-05  2.541987E-06  3.277570E-06  3.117754E-07
 3.251500E+02  3.906440E-02  2.252748E-06  2.047367E-11  2.727232E-11  3.044091E-11  3.680385E-11  2.984901E-01  2.546987E-04  5.833949E-07  6.333479E-01  4.745646E-03  9.237609E-05  6.998042E-06  3.849053E-04  2.619901E-08  9.915418E-08  2.090175E-09  2.147887E-02  3.893681E-06  1.298822E-08  1.098117E-08  8.930370E-04  1.213961E-03  1.441263E-05  2.407443E-06  3.105048E-06  2.986035E-07
 3.261500E+02  3.919153E-02  2.240933E-06  2.002566E-11  2.668185E-11  2.978338E-11  3.601695E-11  2.985135E-01  2.506319E-04  5.522832E-07  6.335668E-01  4.672926E-03  8.757160E-05  6.818463E-06  3.795431E-04  2.506548E-08  9.508402E-08  2.025926E-09  2.123012E-02  3.738306E-06  1.265057E-08  1.068917E-08  8.793589E-04  1.195365E-03  1.366163E-05  2.280826E-06  2.942641E-06  2.860597E-07
 3.271500E+02  3.931668E-02  2.229116E-06  1.958852E-11  2.610556E-11  2.914159E-11  3.524868E-11  2.985363E-01  2.466579E-04  5.230195E-07  6.337816E-01  4.601776E-03  8.304469E-05  6.644652E-06  3.742795E-04  2.398731E-08  9.120367E-08  1.963945E-09  2.098522E-02  3.589958E-06  1.232310E-08  1.040616E-08  8.659801E-04  1.177177E-03  1.295417E-05  2.161624E-06  2.789701E-06  2.741110E-07
 3.281500E+02  3.943989E-02  2.217302E-06  1.916200E-11  2.554311E-11  2.851519E-11  3.449864E-11  2.985586E-01  2.427740E-04  4.954836E-07  6.339923E-01  4.532154E-03  7.877783E-05  6.476391E-06  3.691125E-04  2.296150E-08  8.750336E-08  1.904143E-09  2.074409E-02  3.448286E-06  1.200548E-08  1.013184E-08  8.528925E-04  1.159385E-03  1.228749E-05  2.049362E-06  2.645623E-06  2.627263E-07
 3.291500E+02  3.956119E-02  2.205495E-06  1.874585E-11  2.499418E-11  2.790380E-11  3.376640E-11  2.985805E-01  2.389778E-04  4.695640E-07  6.341990E-01  4.464020E-03  7.475471E-05  6.313473E-06  3.640402E-04  2.198527E-08  8.397384E-08  1.846435E-09  2.050669E-02  3.312960E-06  1.169740E-08  9.865920E-09  8.400884E-04  1.141979E-03  1.165902E-05  1.943598E-06  2.509844E-06  2.518764E-07
 3.301500E+02  3.968061E-02  2.193699E-06  1.833982E-11  2.445847E-11  2.730710E-11  3.305155E-11  2.986018E-01  2.352668E-04  4.451565E-07  6.344018E-01  4.397336E-03  7.096013E-05  6.155702E-06  3.590607E-04  2.105597E-08  8.060640E-08  1.790743E-09  2.027296E-02  3.183665E-06  1.139853E-08  9.608123E-09  8.275602E-04  1.124949E-03  1.106636E-05  1.843921E-06  2.381842E-06  2.415335E-07
 3.311500E+02  3.979817E-02  2.181919E-06  1.794367E-11  2.393565E-11  2.672473E-11  3.235371E-11  2.986227E-01  2.316386E-04  4.221647E-07  6.346009E-01  4.332063E-03  6.737989E-05  6.002887E-06  3.541721E-04  2.017112E-08  7.739279E-08  1.736988E-09  2.004283E-02  3.060106E-06  1.110858E-08  9.358176E-09  8.153005E-04  1.108285E-03  1.050729E-05  1.749946E-06  2.261128E-06  2.316715E-07
 3.321500E+02  3.991392E-02  2.170157E-06  1.755718E-11  2.342543E-11  2.615636E-11  3.167246E-11  2.986432E-01  2.280910E-04  4.004985E-07  6.347962E-01  4.268166E-03  6.400075E-05  5.854846E-06  3.493725E-04  1.932837E-08  7.432523E-08  1.685097E-09  1.981625E-02  2.942001E-06  1.082727E-08  9.115819E-09  8.033023E-04  1.091977E-03  9.979708E-06  1.661316E-06  2.147247E-06  2.222658E-07
 3.331500E+02  4.002787E-02  2.158417E-06  1.718009E-11  2.292750E-11  2.560165E-11  3.100744E-11  2.986632E-01  2.246216E-04  3.800741E-07  6.349880E-01  4.205609E-03  6.081036E-05  5.711404E-06  3.446601E-04  1.852551E-08  7.139638E-08  1.634998E-09  1.959317E-02  2.829084E-06  1.055430E-08  8.880801E-09  7.915587E-04  1.076015E-03  9.481683E-06  1.577698E-06  2.039775E-06  2.132931E-07
 3.341500E+02  4.014006E-02  2.146703E-06  1.681219E-11  2.244158E-11  2.506028E-11  3.035824E-11  2.986827E-01  2.212285E-04  3.608135E-07  6.351762E-01  4.144357E-03  5.779719E-05  5.572396E-06  3.400332E-04  1.776045E-08  6.859928E-08  1.586624E-09  1.937352E-02  2.721103E-06  1.028941E-08  8.652878E-09  7.800631E-04  1.060390E-03  9.011398E-06  1.498781E-06  1.938316E-06  2.047313E-07
 3.351500E+02  4.025051E-02  2.135018E-06  1.645325E-11  2.196737E-11  2.453193E-11  2.972451E-11  2.987019E-01  2.179095E-04  3.426439E-07  6.353610E-01  4.084378E-03  5.495046E-05  5.437659E-06  3.354901E-04  1.703123E-08  6.592736E-08  1.539909E-09  1.915726E-02  2.617820E-06  1.003233E-08  8.431816E-09  7.688090E-04  1.045095E-03  8.567160E-06  1.424276E-06  1.842502E-06  1.965598E-07
 3.361500E+02  4.035926E-02  2.123364E-06  1.610305E-11  2.150459E-11  2.401629E-11  2.910587E-11  2.987206E-01  2.146626E-04  3.254975E-07  6.355425E-01  4.025638E-03  5.226010E-05  5.307041E-06  3.310290E-04  1.633600E-08  6.337440E-08  1.494790E-09  1.894433E-02  2.519009E-06  9.782820E-09  8.217387E-09  7.577900E-04  1.030119E-03  8.147387E-06  1.353911E-06  1.751987E-06  1.887588E-07
 3.371500E+02  4.046632E-02  2.111746E-06  1.576138E-11  2.105297E-11  2.351305E-11  2.850196E-11  2.987390E-01  2.114859E-04  3.093111E-07  6.357206E-01  3.968107E-03  4.971672E-05  5.180394E-06  3.266483E-04  1.567300E-08  6.093453E-08  1.451207E-09  1.873467E-02  2.424455E-06  9.540628E-09  8.009374E-09  7.470002E-04  1.015455E-03  7.750602E-06  1.287435E-06  1.666450E-06  1.813098E-07
 3.381500E+02  4.057174E-02  2.100165E-06  1.542802E-11  2.061222E-11  2.302191E-11  2.791244E-11  2.987570E-01  2.083774E-04  2.940256E-07  6.358955E-01  3.911754E-03  4.731151E-05  5.057576E-06  3.223463E-04  1.504059E-08  5.860218E-08  1.409102E-09  1.852823E-02  2.333955E-06  9.305519E-09  7.807566E-09  7.364337E-04  1.001095E-03  7.375423E-06  1.224611E-06  1.585590E-06  1.741952E-07
 3.391500E+02  4.067553E-02  2.088624E-06  1.510277E-11  2.018209E-11  2.254257E-11  2.733694E-11  2.987745E-01  2.053354E-04  2.795859E-07  6.360673E-01  3.856550E-03  4.503624E-05  4.938452E-06  3.181214E-04  1.443719E-08  5.637209E-08  1.368420E-09  1.832496E-02  2.247316E-06  9.077265E-09  7.611758E-09  7.260847E-04  9.870315E-04  7.020561E-06  1.165219E-06  1.509126E-06  1.673984E-07
 3.401500E+02  4.077772E-02  2.077126E-06  1.478543E-11  1.976232E-11  2.207475E-11  2.677514E-11  2.987918E-01  2.023581E-04  2.659407E-07  6.362360E-01  3.802465E-03  4.288323E-05  4.822891E-06  3.139722E-04  1.386134E-08  5.423927E-08  1.329108E-09  1.812481E-02  2.164357E-06  8.855647E-09  7.421753E-09  7.159478E-04  9.732560E-04  6.684807E-06  1.109054E-06  1.436795E-06  1.609037E-07
 3.411500E+02  4.087834E-02  2.065673E-06  1.447581E-11  1.935265E-11  2.161816E-11  2.622671E-11  2.988086E-01  1.994438E-04  2.530419E-07  6.364017E-01  3.749471E-03  4.084527E-05  4.710768E-06  3.098970E-04  1.331165E-08  5.219901E-08  1.291115E-09  1.792773E-02  2.084903E-06  8.640450E-09  7.237362E-09  7.060174E-04  9.597617E-04  6.367031E-06  1.055922E-06  1.368353E-06  1.546962E-07
 3.421500E+02  4.097742E-02  2.054268E-06  1.417370E-11  1.895282E-11  2.117252E-11  2.569130E-11  2.988252E-01  1.965908E-04  2.408446E-07  6.365645E-01  3.697543E-03  3.891561E-05  4.601963E-06  3.058943E-04  1.278679E-08  5.024685E-08  1.254390E-09  1.773366E-02  2.008790E-06  8.431469E-09  7.058402E-09  6.962885E-04  9.465414E-04  6.066177E-06  1.005643E-06  1.303568E-06  1.487619E-07
 3.431500E+02  4.107497E-02  2.042912E-06  1.387891E-11  1.856260E-11  2.073756E-11  2.516862E-11  2.988413E-01  1.937975E-04  2.293068E-07  6.367244E-01  3.646653E-03  3.708795E-05  4.496361E-06  3.019627E-04  1.228553E-08  4.837853E-08  1.218889E-09  1.754255E-02  1.935862E-06  8.228506E-09  6.884694E-09  6.867559E-04  9.335882E-04  5.781254E-06  9.580498E-07  1.242226E-06  1.430874E-07
 3.441500E+02  4.117104E-02  2.031607E-06  1.359128E-11  1.818175E-11  2.031303E-11  2.465834E-11  2.988572E-01  1.910624E-04  2.183894E-07  6.368815E-01  3.596775E-03  3.535636E-05  4.393850E-06  2.981008E-04  1.180669E-08  4.659007E-08  1.184564E-09  1.735437E-02  1.865971E-06  8.031368E-09  6.716069E-09  6.774147E-04  9.208954E-04  5.511335E-06  9.129836E-07  1.184126E-06  1.376601E-07
 3.451500E+02  4.126563E-02  2.020356E-06  1.331060E-11  1.781003E-11  1.989865E-11  2.416016E-11  2.988727E-01  1.883840E-04  2.080556E-07  6.370358E-01  3.547886E-03  3.371529E-05  4.294323E-06  2.943070E-04  1.134915E-08  4.487765E-08  1.151373E-09  1.716905E-02  1.798977E-06  7.839870E-09  6.552361E-09  6.682602E-04  9.084565E-04  5.255551E-06  8.702971E-07  1.129079E-06  1.324681E-07
 3.461500E+02  4.135878E-02  2.009159E-06  1.303672E-11  1.744722E-11  1.949418E-11  2.367379E-11  2.988880E-01  1.857607E-04  1.982710E-07  6.371874E-01  3.499961E-03  3.215956E-05  4.197680E-06  2.905802E-04  1.091187E-08  4.323766E-08  1.119274E-09  1.698655E-02  1.734745E-06  7.653832E-09  6.393410E-09  6.592878E-04  8.962652E-04  5.013089E-06  8.298519E-07  1.076908E-06  1.275001E-07
 3.471500E+02  4.145050E-02  1.998020E-06  1.276944E-11  1.709308E-11  1.909936E-11  2.319892E-11  2.989029E-01  1.831912E-04  1.890036E-07  6.373365E-01  3.452976E-03  3.068429E-05  4.103820E-06  2.869188E-04  1.049385E-08  4.166671E-08  1.088228E-09  1.680683E-02  1.673150E-06  7.473082E-09  6.239064E-09  6.504928E-04  8.843153E-04  4.783185E-06  7.915187E-07  1.027447E-06  1.227453E-07
 3.481500E+02  4.154083E-02  1.986939E-06  1.250862E-11  1.674741E-11  1.871397E-11  2.273528E-11  2.989175E-01  1.806741E-04  1.802232E-07  6.374829E-01  3.406909E-03  2.928489E-05  4.012651E-06  2.833216E-04  1.009414E-08  4.016153E-08  1.058195E-09  1.662983E-02  1.614071E-06  7.297452E-09  6.089173E-09  6.418711E-04  8.726010E-04  4.565124E-06  7.551758E-07  9.805430E-07  1.181935E-07
 3.491500E+02  4.162979E-02  1.975917E-06  1.225408E-11  1.640999E-11  1.833775E-11  2.228258E-11  2.989318E-01  1.782081E-04  1.719016E-07  6.376268E-01  3.361737E-03  2.795709E-05  3.924080E-06  2.797873E-04  9.711855E-09  3.871906E-08  1.029138E-09  1.645551E-02  1.557393E-06  7.126779E-09  5.943594E-09  6.334183E-04  8.611165E-04  4.358233E-06  7.207095E-07  9.360486E-07  1.138351E-07
 3.501500E+02  4.171740E-02  1.964957E-06  1.200566E-11  1.608061E-11  1.797048E-11  2.184056E-11  2.989459E-01  1.757919E-04  1.640124E-07  6.377683E-01  3.317440E-03  2.669686E-05  3.838020E-06  2.763146E-04  9.346152E-09  3.733639E-08  1.001023E-09  1.628384E-02  1.503008E-06  6.960909E-09  5.802188E-09  6.251303E-04  8.498560E-04  4.161883E-06  6.880130E-07  8.938277E-07  1.096610E-07
 3.511500E+02  4.180368E-02  1.954060E-06  1.176321E-11  1.575907E-11  1.761193E-11  2.140894E-11  2.989597E-01  1.734242E-04  1.565308E-07  6.379073E-01  3.273996E-03  2.550041E-05  3.754388E-06  2.729022E-04  8.996230E-09  3.601074E-08  9.738150E-10  1.611475E-02  1.450812E-06  6.799689E-09  5.664822E-09  6.170031E-04  8.388143E-04  3.975482E-06  6.569861E-07  8.537523E-07  1.056626E-07
 3.521500E+02  4.188865E-02  1.943226E-06  1.152657E-11  1.544517E-11  1.726189E-11  2.098747E-11  2.989732E-01  1.711038E-04  1.494336E-07  6.380440E-01  3.231385E-03  2.436419E-05  3.673102E-06  2.695491E-04  8.661331E-09  3.473948E-08  9.474813E-10  1.594821E-02  1.400707E-06  6.642974E-09  5.531367E-09  6.090329E-04  8.279859E-04  3.798476E-06  6.275349E-07  8.157020E-07  1.018315E-07
 3.531500E+02  4.197234E-02  1.932456E-06  1.129560E-11  1.513872E-11  1.692014E-11  2.057590E-11  2.989864E-01  1.688295E-04  1.426990E-07  6.381783E-01  3.189586E-03  2.328486E-05  3.594084E-06  2.662539E-04  8.340737E-09  3.352012E-08  9.219905E-10  1.578418E-02  1.352600E-06  6.490623E-09  5.401697E-09  6.012158E-04  8.173658E-04  3.630341E-06  5.995710E-07  7.795640E-07  9.816000E-08
 3.541500E+02  4.205478E-02  1.921753E-06  1.107014E-11  1.483953E-11  1.658646E-11  2.017397E-11  2.989994E-01  1.666002E-04  1.363066E-07  6.383104E-01  3.148582E-03  2.225929E-05  3.517261E-06  2.630154E-04  8.033767E-09  3.235030E-08  8.973123E-10  1.562261E-02  1.306401E-06  6.342499E-09  5.275693E-09  5.935482E-04  8.069490E-04  3.470588E-06  5.730117E-07  7.452321E-07  9.464069E-08
 3.551500E+02  4.213597E-02  1.911117E-06  1.085007E-11  1.454741E-11  1.626066E-11  1.978145E-11  2.990122E-01  1.644148E-04  1.302372E-07  6.384403E-01  3.108353E-03  2.128452E-05  3.442559E-06  2.598327E-04  7.739778E-09  3.122775E-08  8.734178E-10  1.546347E-02  1.262026E-06  6.198471E-09  5.153238E-09  5.860265E-04  7.967305E-04  3.318755E-06  5.477790E-07  7.126066E-07  9.126654E-08
 3.561500E+02  4.221594E-02  1.900548E-06  1.063524E-11  1.426218E-11  1.594253E-11  1.939809E-11  2.990247E-01  1.622722E-04  1.244727E-07  6.385680E-01  3.068881E-03  2.035779E-05  3.369909E-06  2.567045E-04  7.458155E-09  3.015033E-08  8.502790E-10  1.530670E-02  1.219395E-06  6.058411E-09  5.034219E-09  5.786473E-04  7.867057E-04  3.174411E-06  5.237998E-07  6.815940E-07  8.803087E-08
 3.571500E+02  4.229472E-02  1.890048E-06  1.042551E-11  1.398368E-11  1.563188E-11  1.902367E-11  2.990369E-01  1.601713E-04  1.189963E-07  6.386936E-01  3.030149E-03  1.947649E-05  3.299244E-06  2.536298E-04  7.188321E-09  2.911603E-08  8.278689E-10  1.515228E-02  1.178431E-06  5.922196E-09  4.918529E-09  5.714072E-04  7.768701E-04  3.037147E-06  5.010054E-07  6.521060E-07  8.492733E-08
 3.581500E+02  4.237231E-02  1.879617E-06  1.022075E-11  1.371172E-11  1.532853E-11  1.865797E-11  2.990490E-01  1.581111E-04  1.137920E-07  6.388171E-01  2.992139E-03  1.863816E-05  3.230501E-06  2.506074E-04  6.929724E-09  2.812290E-08  8.061619E-10  1.500015E-02  1.139061E-06  5.789708E-09  4.806061E-09  5.643029E-04  7.672190E-04  2.906579E-06  4.793310E-07  6.240598E-07  8.194992E-08
 3.591500E+02  4.244875E-02  1.869256E-06  1.002085E-11  1.344614E-11  1.503228E-11  1.830076E-11  2.990608E-01  1.560906E-04  1.088449E-07  6.389385E-01  2.954834E-03  1.784049E-05  3.163617E-06  2.476364E-04  6.681842E-09  2.716910E-08  7.851331E-10  1.485029E-02  1.101215E-06  5.660832E-09  4.696716E-09  5.573313E-04  7.577483E-04  2.782348E-06  4.587160E-07  5.973776E-07  7.909290E-08
 3.601500E+02  4.252406E-02  1.858965E-06  9.825664E-12  1.318679E-11  1.474295E-11  1.795183E-11  2.990723E-01  1.541089E-04  1.041409E-07  6.390579E-01  2.918219E-03  1.708130E-05  3.098533E-06  2.447158E-04  6.444180E-09  2.625289E-08  7.647587E-10  1.470266E-02  1.064828E-06  5.535455E-09  4.590396E-09  5.504892E-04  7.484537E-04  2.664112E-06  4.391029E-07  5.719859E-07  7.635084E-08
 3.611500E+02  4.259824E-02  1.848746E-06  9.635081E-12  1.293349E-11  1.446037E-11  1.761098E-11  2.990837E-01  1.521651E-04  9.966678E-08  6.391754E-01  2.882278E-03  1.635855E-05  3.035191E-06  2.418444E-04  6.216266E-09  2.537261E-08  7.450156E-10  1.455721E-02  1.029837E-06  5.413471E-09  4.487005E-09  5.437737E-04  7.393311E-04  2.551554E-06  4.204381E-07  5.478156E-07  7.371857E-08
 3.621500E+02  4.267132E-02  1.838598E-06  9.448981E-12  1.268611E-11  1.418437E-11  1.727799E-11  2.990949E-01  1.502582E-04  9.541019E-08  6.392910E-01  2.846994E-03  1.567031E-05  2.973535E-06  2.390214E-04  5.997654E-09  2.452668E-08  7.258818E-10  1.441391E-02  9.961817E-07  5.294777E-09  4.386452E-09  5.371817E-04  7.303764E-04  2.444371E-06  4.026708E-07  5.248018E-07  7.119118E-08
 3.631500E+02  4.274333E-02  1.828523E-06  9.267249E-12  1.244447E-11  1.391478E-11  1.695267E-11  2.991058E-01  1.483873E-04  9.135938E-08  6.394047E-01  2.812353E-03  1.501475E-05  2.913513E-06  2.362458E-04  5.787920E-09  2.371358E-08  7.073362E-10  1.427272E-02  9.638047E-07  5.179270E-09  4.288650E-09  5.307105E-04  7.215859E-04  2.342279E-06  3.857532E-07  5.028833E-07  6.876399E-08
 3.641500E+02  4.281427E-02  1.818520E-06  9.089771E-12  1.220845E-11  1.365144E-11  1.663484E-11  2.991166E-01  1.465516E-04  8.750335E-08  6.395165E-01  2.778342E-03  1.439017E-05  2.855073E-06  2.335166E-04  5.586661E-09  2.293189E-08  6.893582E-10  1.413361E-02  9.326517E-07  5.066855E-09  4.193513E-09  5.243574E-04  7.129558E-04  2.245012E-06  3.696404E-07  4.820022E-07  6.643256E-08
 3.651500E+02  4.288417E-02  1.808590E-06  8.916440E-12  1.197790E-11  1.339419E-11  1.632429E-11  2.991271E-01  1.447503E-04  8.383172E-08  6.396266E-01  2.744944E-03  1.379494E-05  2.798165E-06  2.308330E-04  5.393493E-09  2.218025E-08  6.719283E-10  1.399654E-02  9.026708E-07  4.957438E-09  4.100959E-09  5.181195E-04  7.044824E-04  2.152317E-06  3.542899E-07  4.621041E-07  6.419267E-08
 3.661500E+02  4.295304E-02  1.798732E-06  8.747148E-12  1.175267E-11  1.314287E-11  1.602085E-11  2.991375E-01  1.429826E-04  8.033472E-08  6.397348E-01  2.712147E-03  1.322754E-05  2.742742E-06  2.281940E-04  5.208052E-09  2.145735E-08  6.550275E-10  1.386148E-02  8.738125E-07  4.850927E-09  4.010908E-09  5.119943E-04  6.961621E-04  2.063955E-06  3.396620E-07  4.431379E-07  6.204028E-08
 3.671500E+02  4.302090E-02  1.788949E-06  8.581792E-12  1.153264E-11  1.289733E-11  1.572433E-11  2.991477E-01  1.412476E-04  7.700316E-08  6.398413E-01  2.679937E-03  1.268653E-05  2.688757E-06  2.255987E-04  5.029993E-09  2.076196E-08  6.386376E-10  1.372839E-02  8.460296E-07  4.747235E-09  3.923283E-09  5.059792E-04  6.879915E-04  1.979704E-06  3.257188E-07  4.250552E-07  5.997157E-08
 3.681500E+02  4.308777E-02  1.779239E-06  8.420271E-12  1.131767E-11  1.265743E-11  1.543457E-11  2.991577E-01  1.395446E-04  7.382836E-08  6.399462E-01  2.648301E-03  1.217056E-05  2.636166E-06  2.230464E-04  4.858985E-09  2.009290E-08  6.227412E-10  1.359724E-02  8.192771E-07  4.646277E-09  3.838010E-09  5.000718E-04  6.799671E-04  1.899350E-06  3.124249E-07  4.078102E-07  5.798289E-08
 3.691500E+02  4.315366E-02  1.769603E-06  8.262486E-12  1.110763E-11  1.242303E-11  1.515140E-11  2.991675E-01  1.378729E-04  7.080214E-08  6.400493E-01  2.617226E-03  1.167835E-05  2.584927E-06  2.205361E-04  4.694717E-09  1.944904E-08  6.073214E-10  1.346800E-02  7.935121E-07  4.547971E-09  3.755017E-09  4.942696E-04  6.720858E-04  1.822695E-06  2.997467E-07  3.913600E-07  5.607077E-08
 3.701500E+02  4.321860E-02  1.760040E-06  8.108342E-12  1.090239E-11  1.219398E-11  1.487464E-11  2.991772E-01  1.362318E-04  6.791678E-08  6.401509E-01  2.586701E-03  1.120867E-05  2.534997E-06  2.180670E-04  4.536890E-09  1.882933E-08  5.923620E-10  1.334064E-02  7.686935E-07  4.452238E-09  3.674234E-09  4.885703E-04  6.643442E-04  1.749549E-06  2.876527E-07  3.756640E-07  5.423191E-08
 3.711500E+02  4.328259E-02  1.750552E-06  7.957746E-12  1.070185E-11  1.197015E-11  1.460414E-11  2.991866E-01  1.346204E-04  6.516503E-08  6.402508E-01  2.556712E-03  1.076040E-05  2.486337E-06  2.156383E-04  4.385221E-09  1.823273E-08  5.778474E-10  1.321512E-02  7.447822E-07  4.359000E-09  3.595595E-09  4.829716E-04  6.567394E-04  1.679736E-06  2.761130E-07  3.606837E-07  5.246315E-08
 3.721500E+02  4.334566E-02  1.741138E-06  7.810607E-12  1.050586E-11  1.175141E-11  1.433974E-11  2.991959E-01  1.330383E-04  6.254000E-08  6.403491E-01  2.527247E-03  1.033244E-05  2.438908E-06  2.132493E-04  4.239441E-09  1.765828E-08  5.637626E-10  1.309141E-02  7.217409E-07  4.268184E-09  3.519035E-09  4.774712E-04  6.492681E-04  1.613085E-06  2.650993E-07  3.463829E-07  5.076150E-08
 3.731500E+02  4.340782E-02  1.731798E-06  7.666837E-12  1.031433E-11  1.153762E-11  1.408128E-11  2.992051E-01  1.314846E-04  6.003523E-08  6.404459E-01  2.498297E-03  9.923791E-06  2.392673E-06  2.108992E-04  4.099292E-09  1.710505E-08  5.500931E-10  1.296948E-02  6.995339E-07  4.179717E-09  3.444490E-09  4.720671E-04  6.419276E-04  1.549439E-06  2.545852E-07  3.327275E-07  4.912409E-08
