#         T/K            c1          c2-1          c3-4          c3-5          c3-7          c3-9            m1          m2-1          m3-1            w1            w2          w3-1          w3-2          c1m1        c1m2-1        c1m2-7        c2m1-1        c1w1-2        c1w2-1        c2w1-1        c2w1-9        m1w1-1        m1w1-4        m1w2-1        m2w1-1        m2w1-3      c1m1w1-1
 2.731500E+02  2.902624E-01  2.926190E-04  7.810366E-08  1.025129E-07  1.140538E-07  1.359950E-07  1.955319E-01  3.374783E-04  6.286856E-06  2.892912E-01  3.014062E-03  3.193993E-04  4.481513E-06  6.232321E-03  2.044671E-06  6.709214E-06  1.013221E-06  2.125502E-01  1.217141E-04  3.288165E-06  2.887357E-06  8.020451E-04  1.091800E-03  7.115635E-05  1.741402E-05  2.205509E-05  1.513844E-05
 2.741500E+02  2.917925E-01  2.899855E-04  7.540481E-08  9.900414E-08  1.101582E-07  1.313914E-07  1.956295E-01  3.292752E-04  5.795975E-06  2.908392E-01  2.970801E-03  2.992616E-04  4.362137E-06  6.098709E-03  1.913066E-06  6.297707E-06  9.655274E-07  2.096342E-01  1.155200E-04  3.169589E-06  2.780834E-06  7.869213E-04  1.071144E-03  6.634637E-05  1.614849E-05  2.046043E-05  1.425759E-05
 2.751500E+02  2.933000E-01  2.873693E-04  7.280977E-08  9.562908E-08  1.064108E-07  1.269614E-07  1.957242E-01  3.213340E-04  5.346771E-06  2.923637E-01  2.928147E-03  2.804814E-04  4.246157E-06  5.968696E-03  1.790779E-06  5.914107E-06  9.203482E-07  2.067596E-01  1.096676E-04  3.055740E-06  2.678653E-06  7.721526E-04  1.050977E-03  6.188711E-05  1.498270E-05  1.899087E-05  1.343284E-05
 2.761500E+02  2.947851E-01  2.847707E-04  7.031429E-08  9.238230E-08  1.028055E-07  1.226979E-07  1.958162E-01  3.136448E-04  4.935444E-06  2.938648E-01  2.886099E-03  2.629621E-04  4.133482E-06  5.842174E-03  1.677098E-06  5.556359E-06  8.775390E-07  2.039261E-01  1.041370E-04  2.946420E-06  2.580627E-06  7.577303E-04  1.031285E-03  5.775133E-05  1.390823E-05  1.763590E-05  1.266034E-05
 2.771500E+02  2.962479E-01  2.821902E-04  6.791428E-08  8.925860E-08  9.933660E-08  1.185944E-07  1.959056E-01  3.061982E-04  4.558561E-06  2.953428E-01  2.844656E-03  2.466143E-04  4.024024E-06  5.719035E-03  1.571364E-06  5.222568E-06  8.369639E-07  2.011334E-01  9.890935E-05  2.841436E-06  2.486576E-06  7.436455E-04  1.012057E-03  5.391402E-05  1.291740E-05  1.638593E-05  1.193653E-05
 2.781500E+02  2.976886E-01  2.796283E-04  6.560584E-08  8.625300E-08  9.599859E-08  1.146444E-07  1.959924E-01  2.989851E-04  4.213022E-06  2.967979E-01  2.803814E-03  2.313553E-04  3.917695E-06  5.599177E-03  1.472978E-06  4.910992E-06  7.984955E-07  1.983813E-01  9.396696E-05  2.740606E-06  2.396328E-06  7.298897E-04  9.932811E-04  5.035221E-05  1.200324E-05  1.523224E-05  1.125811E-05
 2.791500E+02  2.991075E-01  2.770853E-04  6.338523E-08  8.336072E-08  9.278618E-08  1.108418E-07  1.960768E-01  2.919969E-04  3.896023E-06  2.982305E-01  2.763571E-03  2.171084E-04  3.814411E-06  5.482501E-03  1.381384E-06  4.620020E-06  7.620141E-07  1.956695E-01  8.929329E-05  2.643755E-06  2.309720E-06  7.164545E-04  9.749453E-04  4.704480E-05  1.115939E-05  1.416687E-05  1.062200E-05
 2.801500E+02  3.005046E-01  2.745618E-04  6.124888E-08  8.057720E-08  8.969431E-08  1.071806E-07  1.961588E-01  2.852253E-04  3.605027E-06  2.996408E-01  2.723924E-03  2.038026E-04  3.714088E-06  5.368910E-03  1.296076E-06  4.348172E-06  7.274076E-07  1.929977E-01  8.487277E-05  2.550716E-06  2.226595E-06  7.033318E-04  9.570384E-04  4.397239E-05  1.038003E-05  1.318256E-05  1.002536E-05
 2.811500E+02  3.018803E-01  2.720579E-04  5.919335E-08  7.789805E-08  8.671815E-08  1.036553E-07  1.962386E-01  2.786623E-04  3.337738E-06  3.010291E-01  2.684869E-03  1.913721E-04  3.616643E-06  5.258310E-03  1.216583E-06  4.094078E-06  6.945703E-07  1.903656E-01  8.069077E-05  2.461328E-06  2.146803E-06  6.905137E-04  9.395494E-04  4.111715E-05  9.659890E-06  1.227268E-05  9.465541E-06
 2.821500E+02  3.032348E-01  2.695741E-04  5.721537E-08  7.531908E-08  8.385305E-08  1.002605E-07  1.963161E-01  2.723003E-04  3.092077E-06  3.023956E-01  2.646402E-03  1.797560E-04  3.521997E-06  5.150613E-03  1.142477E-06  3.856475E-06  6.634032E-07  1.877728E-01  7.673357E-05  2.375440E-06  2.070202E-06  6.779923E-04  9.224675E-04  3.846268E-05  8.994123E-06  1.143120E-05  8.940100E-06
 2.831500E+02  3.045682E-01  2.671107E-04  5.531180E-08  7.283627E-08  8.109457E-08  9.699098E-08  1.963915E-01  2.661319E-04  2.866157E-06  3.037406E-01  2.608519E-03  1.688977E-04  3.430070E-06  5.045731E-03  1.073361E-06  3.634197E-06  6.338133E-07  1.852191E-01  7.298827E-05  2.292904E-06  1.996655E-06  6.657602E-04  9.057824E-04  3.599389E-05  8.378321E-06  1.065258E-05  8.446753E-06
 2.841500E+02  3.058808E-01  2.646679E-04  5.347963E-08  7.044577E-08  7.843845E-08  9.384177E-08  1.964649E-01  2.601501E-04  2.658269E-06  3.050644E-01  2.571215E-03  1.587447E-04  3.340785E-06  4.943580E-03  1.008869E-06  3.426167E-06  6.057129E-07  1.827039E-01  6.944272E-05  2.213580E-06  1.926032E-06  6.538099E-04  8.894836E-04  3.369688E-05  7.808453E-06  9.931771E-06  7.983381E-06
 2.851500E+02  3.071729E-01  2.622460E-04  5.171598E-08  6.814389E-08  7.588060E-08  9.080812E-08  1.965363E-01  2.543483E-04  2.466860E-06  3.063672E-01  2.534484E-03  1.492486E-04  3.254068E-06  4.844078E-03  9.486660E-07  3.231387E-06  5.790199E-07  1.802270E-01  6.608555E-05  2.137334E-06  1.858207E-06  6.421342E-04  8.735614E-04  3.155887E-05  7.280836E-06  9.264158E-06  7.548016E-06
 2.861500E+02  3.084447E-01  2.598453E-04  5.001810E-08  6.592709E-08  7.341711E-08  8.788548E-08  1.966057E-01  2.487199E-04  2.290523E-06  3.076493E-01  2.498323E-03  1.403642E-04  3.169845E-06  4.747147E-03  8.924410E-07  3.048937E-06  5.536568E-07  1.777881E-01  6.290604E-05  2.064039E-06  1.793063E-06  6.307262E-04  8.580059E-04  2.956808E-05  6.792098E-06  8.645514E-06  7.138825E-06
 2.871500E+02  3.096963E-01  2.574659E-04  4.838333E-08  6.379200E-08  7.104424E-08  8.506947E-08  1.966733E-01  2.432587E-04  2.127975E-06  3.089110E-01  2.462724E-03  1.320496E-04  3.088043E-06  4.652711E-03  8.399083E-07  2.877964E-06  5.295508E-07  1.753865E-01  5.989411E-05  1.993572E-06  1.730484E-06  6.195789E-04  8.428078E-04  2.771365E-05  6.339156E-06  8.071973E-06  6.754108E-06
 2.881500E+02  3.109282E-01  2.551081E-04  4.680914E-08  6.173535E-08  6.875839E-08  8.235589E-08  1.967391E-01  2.379588E-04  1.978054E-06  3.101525E-01  2.427684E-03  1.242660E-04  3.008594E-06  4.560694E-03  7.908040E-07  2.717681E-06  5.066336E-07  1.730221E-01  5.704031E-05  1.925814E-06  1.670363E-06  6.086858E-04  8.279578E-04  2.598558E-05  5.919187E-06  7.539991E-06  6.392277E-06
 2.891500E+02  3.121404E-01  2.527720E-04  4.529312E-08  5.975404E-08  6.655611E-08  7.974074E-08  1.968032E-01  2.328145E-04  1.839699E-06  3.113741E-01  2.393196E-03  1.169773E-04  2.931429E-06  4.471027E-03  7.448843E-07  2.567355E-06  4.848405E-07  1.706943E-01  5.433573E-05  1.860655E-06  1.612594E-06  5.980402E-04  8.134470E-04  2.437462E-05  5.529606E-06  7.046325E-06  6.051859E-06
 2.901500E+02  3.133333E-01  2.504577E-04  4.383294E-08  5.784509E-08  6.443411E-08  7.722015E-08  1.968656E-01  2.278202E-04  1.711946E-06  3.125762E-01  2.359253E-03  1.101501E-04  2.856480E-06  4.383640E-03  7.019244E-07  2.426312E-06  4.641110E-07  1.684028E-01  5.177200E-05  1.797987E-06  1.557080E-06  5.876359E-04  7.992665E-04  2.287229E-05  5.168043E-06  6.587998E-06  5.731479E-06
 2.911500E+02  3.145071E-01  2.481655E-04  4.242637E-08  5.600563E-08  6.238921E-08  7.479042E-08  1.969263E-01  2.229709E-04  1.593918E-06  3.137588E-01  2.325851E-03  1.037533E-04  2.783685E-06  4.298466E-03  6.617162E-07  2.293924E-06  4.443878E-07  1.661472E-01  4.934123E-05  1.737706E-06  1.503725E-06  5.774668E-04  7.854080E-04  2.147070E-05  4.832326E-06  6.162282E-06  5.429860E-06
 2.921500E+02  3.156620E-01  2.458954E-04  4.107128E-08  5.423293E-08  6.041839E-08  7.244801E-08  1.969855E-01  2.182613E-04  1.484814E-06  3.149224E-01  2.292982E-03  9.775797E-05  2.712978E-06  4.215440E-03  6.240676E-07  2.169609E-06  4.256173E-07  1.639269E-01  4.703602E-05  1.679716E-06  1.452438E-06  5.675268E-04  7.718631E-04  2.016263E-05  4.520463E-06  5.766675E-06  5.145808E-06
 2.931500E+02  3.167984E-01  2.436474E-04  3.976563E-08  5.252437E-08  5.851873E-08  7.018952E-08  1.970432E-01  2.136866E-04  1.383903E-06  3.160672E-01  2.260641E-03  9.213727E-05  2.644299E-06  4.134500E-03  5.888008E-07  2.052829E-06  4.077486E-07  1.617415E-01  4.484939E-05  1.623920E-06  1.403132E-06  5.578101E-04  7.586238E-04  1.894136E-05  4.230624E-06  5.398877E-06  4.878213E-06
 2.941500E+02  3.179164E-01  2.414218E-04  3.850745E-08  5.087741E-08  5.668745E-08  6.801168E-08  1.970994E-01  2.092423E-04  1.290521E-06  3.171935E-01  2.228821E-03  8.686626E-05  2.577588E-06  4.055584E-03  5.557515E-07  1.943083E-06  3.907339E-07  1.595907E-01  4.277477E-05  1.570230E-06  1.355724E-06  5.483110E-04  7.456823E-04  1.780070E-05  3.961132E-06  5.056778E-06  4.626040E-06
 2.951500E+02  3.190163E-01  2.392185E-04  3.729488E-08  4.928965E-08  5.492187E-08  6.591137E-08  1.971542E-01  2.049237E-04  1.204059E-06  3.183014E-01  2.197515E-03  8.192172E-05  2.512786E-06  3.978636E-03  5.247673E-07  1.839908E-06  3.745283E-07  1.574740E-01  4.080599E-05  1.518560E-06  1.310136E-06  5.390239E-04  7.330308E-04  1.673495E-05  3.710444E-06  4.738438E-06  4.388323E-06
 2.961500E+02  3.200983E-01  2.370376E-04  3.612611E-08  4.775878E-08  5.321943E-08  6.388559E-08  1.972075E-01  2.007267E-04  1.123962E-06  3.193914E-01  2.166717E-03  7.728209E-05  2.449838E-06  3.903596E-03  4.957073E-07  1.742871E-06  3.590892E-07  1.553909E-01  3.893722E-05  1.468827E-06  1.266291E-06  5.299435E-04  7.206620E-04  1.573881E-05  3.477142E-06  4.442075E-06  4.164161E-06
 2.971500E+02  3.211628E-01  2.348791E-04  3.499941E-08  4.628257E-08  5.157766E-08  6.193145E-08  1.972595E-01  1.966470E-04  1.049722E-06  3.204636E-01  2.136420E-03  7.292728E-05  2.388687E-06  3.830411E-03  4.684409E-07  1.651571E-06  3.443766E-07  1.533410E-01  3.716300E-05  1.420952E-06  1.224117E-06  5.210646E-04  7.085687E-04  1.480738E-05  3.259925E-06  4.166047E-06  3.952714E-06
 2.981500E+02  3.222100E-01  2.327430E-04  3.391315E-08  4.485889E-08  4.999422E-08  6.004620E-08  1.973103E-01  1.926808E-04  9.808755E-07  3.215184E-01  2.106617E-03  6.883862E-05  2.329281E-06  3.759027E-03  4.428471E-07  1.565638E-06  3.303527E-07  1.513238E-01  3.547815E-05  1.374859E-06  1.183545E-06  5.123819E-04  6.967439E-04  1.393616E-05  3.057592E-06  3.908847E-06  3.753196E-06
 2.991500E+02  3.232400E-01  2.306294E-04  3.286573E-08  4.348571E-08  4.846684E-08  5.822718E-08  1.973597E-01  1.888241E-04  9.169970E-07  3.225559E-01  2.077303E-03  6.499873E-05  2.271567E-06  3.689393E-03  4.188137E-07  1.484724E-06  3.169818E-07  1.493389E-01  3.387781E-05  1.330476E-06  1.144508E-06  5.038906E-04  6.851806E-04  1.312095E-05  2.869042E-06  3.669084E-06  3.564876E-06
 3.001500E+02  3.242533E-01  2.285382E-04  3.185563E-08  4.216107E-08  4.699335E-08  5.647186E-08  1.974080E-01  1.850734E-04  8.576979E-07  3.235765E-01  2.048469E-03  6.139143E-05  2.215495E-06  3.621458E-03  3.962366E-07  1.408507E-06  3.042302E-07  1.473859E-01  3.235741E-05  1.287735E-06  1.106943E-06  4.955858E-04  6.738722E-04  1.235786E-05  2.693259E-06  3.445480E-06  3.387068E-06
 3.011500E+02  3.252500E-01  2.264693E-04  3.088141E-08  4.088308E-08  4.557167E-08  5.477778E-08  1.974550E-01  1.814251E-04  8.026221E-07  3.245803E-01  2.020109E-03  5.800164E-05  2.161015E-06  3.555175E-03  3.750192E-07  1.336688E-06  2.920663E-07  1.454643E-01  3.091263E-05  1.246569E-06  1.070789E-06  4.874629E-04  6.628123E-04  1.164332E-05  2.529306E-06  3.236856E-06  3.219132E-06
 3.021500E+02  3.262303E-01  2.244228E-04  2.994165E-08  3.964996E-08  4.419980E-08  5.314262E-08  1.975009E-01  1.778757E-04  7.514430E-07  3.255677E-01  1.992217E-03  5.481533E-05  2.108080E-06  3.490495E-03  3.550717E-07  1.268988E-06  2.804600E-07  1.435736E-01  2.953940E-05  1.206914E-06  1.035989E-06  4.795171E-04  6.519945E-04  1.097399E-05  2.376323E-06  3.042124E-06  3.060473E-06
 3.031500E+02  3.271946E-01  2.223986E-04  2.903504E-08  3.845997E-08  4.287584E-08  5.156413E-08  1.975457E-01  1.744222E-04  7.038615E-07  3.265390E-01  1.964786E-03  5.181942E-05  2.056644E-06  3.427375E-03  3.363111E-07  1.205147E-06  2.693829E-07  1.417133E-01  2.823388E-05  1.168709E-06  1.002487E-06  4.717441E-04  6.414128E-04  1.034678E-05  2.233515E-06  2.860282E-06  2.910530E-06
 3.041500E+02  3.281430E-01  2.203965E-04  2.816028E-08  3.731146E-08  4.159795E-08  5.004015E-08  1.975894E-01  1.710612E-04  6.596027E-07  3.274943E-01  1.937808E-03  4.900172E-05  2.006662E-06  3.365769E-03  3.186597E-07  1.144922E-06  2.588083E-07  1.398832E-01  2.699245E-05  1.131898E-06  9.702299E-07  4.641395E-04  6.310612E-04  9.758848E-06  2.100148E-06  2.690406E-06  2.768781E-06
 3.051500E+02  3.290759E-01  2.184167E-04  2.731614E-08  3.620284E-08  4.036436E-08  4.856861E-08  1.976320E-01  1.677898E-04  6.184147E-07  3.284339E-01  1.911277E-03  4.635087E-05  1.958089E-06  3.305636E-03  3.020458E-07  1.088089E-06  2.487109E-07  1.380826E-01  2.581171E-05  1.096423E-06  9.391672E-07  4.566991E-04  6.209338E-04  9.207528E-06  1.975545E-06  2.531641E-06  2.634737E-06
 3.061500E+02  3.299934E-01  2.164589E-04  2.650145E-08  3.513259E-08  3.917338E-08  4.714753E-08  1.976736E-01  1.646050E-04  5.800657E-07  3.293581E-01  1.885187E-03  4.385628E-05  1.910884E-06  3.246934E-03  2.864024E-07  1.034437E-06  2.390667E-07  1.363111E-01  2.468843E-05  1.062232E-06  9.092503E-07  4.494188E-04  6.110250E-04  8.690361E-06  1.859083E-06  2.383200E-06  2.507940E-06
 3.071500E+02  3.308958E-01  2.145231E-04  2.571507E-08  3.409924E-08  3.802340E-08  4.577500E-08  1.977142E-01  1.615042E-04  5.443431E-07  3.302671E-01  1.859530E-03  4.150806E-05  1.865005E-06  3.189623E-03  2.716674E-07  9.837691E-07  2.298531E-07  1.345684E-01  2.361959E-05  1.029274E-06  8.804327E-07  4.422947E-04  6.013294E-04  8.205064E-06  1.750185E-06  2.244353E-06  2.387963E-06
 3.081500E+02  3.317834E-01  2.126091E-04  2.495593E-08  3.310139E-08  3.691286E-08  4.444920E-08  1.977539E-01  1.584845E-04  5.110513E-07  3.311612E-01  1.834300E-03  3.929700E-05  1.820413E-06  3.133664E-03  2.577827E-07  9.359032E-07  2.210489E-07  1.328540E-01  2.260231E-05  9.975001E-07  8.526701E-07  4.353227E-04  5.918415E-04  7.749513E-06  1.648317E-06  2.114429E-06  2.274405E-06
 3.091500E+02  3.326563E-01  2.107169E-04  2.422297E-08  3.213769E-08  3.584027E-08  4.316837E-08  1.977926E-01  1.555434E-04  4.800101E-07  3.320405E-01  1.809490E-03  3.721450E-05  1.777068E-06  3.079021E-03  2.446945E-07  8.906681E-07  2.126336E-07  1.311673E-01  2.163390E-05  9.668630E-07  8.259200E-07  4.284991E-04  5.825563E-04  7.321739E-06  1.552988E-06  1.992804E-06  2.166889E-06
 3.101500E+02  3.335149E-01  2.088463E-04  2.351520E-08  3.120686E-08  3.480419E-08  4.193082E-08  1.978304E-01  1.526784E-04  4.510541E-07  3.329054E-01  1.785094E-03  3.525252E-05  1.734934E-06  3.025655E-03  2.323526E-07  8.479043E-07  2.045882E-07  1.295081E-01  2.071180E-05  9.373180E-07  8.001417E-07  4.218203E-04  5.734686E-04  6.919910E-06  1.463741E-06  1.878903E-06  2.065064E-06
 3.111500E+02  3.343593E-01  2.069973E-04  2.283166E-08  3.030765E-08  3.380325E-08  4.073494E-08  1.978673E-01  1.498870E-04  4.240307E-07  3.337561E-01  1.761104E-03  3.340357E-05  1.693974E-06  2.973533E-03  2.207103E-07  8.074628E-07  1.968947E-07  1.278758E-01  1.983360E-05  9.088223E-07  7.752963E-07  4.152827E-04  5.645735E-04  6.542325E-06  1.380154E-06  1.772191E-06  1.968600E-06
 3.121500E+02  3.351898E-01  2.051696E-04  2.217144E-08  2.943888E-08  3.283613E-08  3.957917E-08  1.979034E-01  1.471671E-04  3.987994E-07  3.345928E-01  1.737516E-03  3.166065E-05  1.654153E-06  2.922620E-03  2.097238E-07  7.692043E-07  1.895357E-07  1.262701E-01  1.899702E-05  8.813348E-07  7.513465E-07  4.088827E-04  5.558663E-04  6.187400E-06  1.301839E-06  1.672178E-06  1.877188E-06
 3.131500E+02  3.360067E-01  2.033632E-04  2.153365E-08  2.859940E-08  3.190157E-08  3.846202E-08  1.979386E-01  1.445162E-04  3.752308E-07  3.354157E-01  1.714321E-03  3.001721E-05  1.615435E-06  2.872882E-03  1.993526E-07  7.329985E-07  1.824952E-07  1.246905E-01  1.819992E-05  8.548160E-07  7.282567E-07  4.026170E-04  5.473423E-04  5.853664E-06  1.228433E-06  1.578404E-06  1.790538E-06
 3.141500E+02  3.368100E-01  2.015779E-04  2.091745E-08  2.778812E-08  3.099834E-08  3.738207E-08  1.979730E-01  1.419324E-04  3.532053E-07  3.362251E-01  1.691513E-03  2.846715E-05  1.577789E-06  2.824289E-03  1.895587E-07  6.987239E-07  1.757576E-07  1.231366E-01  1.744027E-05  8.292282E-07  7.059926E-07  3.964823E-04  5.389970E-04  5.539747E-06  1.159602E-06  1.490446E-06  1.708378E-06
 3.151500E+02  3.376002E-01  1.998135E-04  2.032203E-08  2.700398E-08  3.012529E-08  3.633793E-08  1.980066E-01  1.394134E-04  3.326130E-07  3.370212E-01  1.669087E-03  2.700475E-05  1.541182E-06  2.776808E-03  1.803068E-07  6.662664E-07  1.693086E-07  1.216080E-01  1.671614E-05  8.045351E-07  6.845217E-07  3.904753E-04  5.308260E-04  5.244373E-06  1.095035E-06  1.407913E-06  1.630453E-06
 3.161500E+02  3.383773E-01  1.980699E-04  1.974660E-08  2.624598E-08  2.928128E-08  3.532829E-08  1.980395E-01  1.369573E-04  3.133519E-07  3.378043E-01  1.647036E-03  2.562467E-05  1.505582E-06  2.730409E-03  1.715638E-07  6.355195E-07  1.631342E-07  1.201042E-01  1.602573E-05  7.807022E-07  6.638126E-07  3.845930E-04  5.228249E-04  4.966357E-06  1.034446E-06  1.330439E-06  1.556522E-06
 3.171500E+02  3.391417E-01  1.963470E-04  1.919043E-08  2.551314E-08  2.846525E-08  3.435187E-08  1.980716E-01  1.345622E-04  2.953283E-07  3.385744E-01  1.625353E-03  2.432192E-05  1.470960E-06  2.685064E-03  1.632989E-07  6.063834E-07  1.572213E-07  1.186249E-01  1.536732E-05  7.576962E-07  6.438354E-07  3.788323E-04  5.149897E-04  4.704591E-06  9.775679E-07  1.257688E-06  1.486363E-06
 3.181500E+02  3.398934E-01  1.946445E-04  1.865278E-08  2.480454E-08  2.767617E-08  3.340746E-08  1.981030E-01  1.322263E-04  2.784554E-07  3.393320E-01  1.604033E-03  2.309183E-05  1.437286E-06  2.640744E-03  1.554831E-07  5.787648E-07  1.515577E-07  1.171696E-01  1.473929E-05  7.354851E-07  6.245613E-07  3.731902E-04  5.073162E-04  4.458046E-06  9.241526E-07  1.189344E-06  1.419762E-06
 3.191500E+02  3.406329E-01  1.929623E-04  1.813299E-08  2.411929E-08  2.691303E-08  3.249389E-08  1.981336E-01  1.299476E-04  2.626529E-07  3.400771E-01  1.583069E-03  2.193002E-05  1.404532E-06  2.597421E-03  1.480897E-07  5.525759E-07  1.461315E-07  1.157380E-01  1.414010E-05  7.140386E-07  6.059629E-07  3.676639E-04  4.998005E-04  4.225762E-06  8.739710E-07  1.125119E-06  1.356522E-06
 3.201500E+02  3.413601E-01  1.913002E-04  1.763037E-08  2.345652E-08  2.617490E-08  3.161003E-08  1.981636E-01  1.277246E-04  2.478467E-07  3.408100E-01  1.562456E-03  2.083240E-05  1.372671E-06  2.555069E-03  1.410935E-07  5.277349E-07  1.409316E-07  1.143297E-01  1.356831E-05  6.933273E-07  5.880138E-07  3.622506E-04  4.924389E-04  4.006843E-06  8.268095E-07  1.064740E-06  1.296456E-06
 3.211500E+02  3.420754E-01  1.896581E-04  1.714431E-08  2.281541E-08  2.546084E-08  3.075481E-08  1.981929E-01  1.255554E-04  2.339682E-07  3.415309E-01  1.542186E-03  1.979516E-05  1.341674E-06  2.513661E-03  1.344708E-07  5.041648E-07  1.359474E-07  1.129442E-01  1.302255E-05  6.733231E-07  5.706888E-07  3.569475E-04  4.852274E-04  3.800455E-06  7.824702E-07  1.007957E-06  1.239390E-06
 3.221500E+02  3.427790E-01  1.880357E-04  1.667418E-08  2.219516E-08  2.476999E-08  2.992719E-08  1.982216E-01  1.234386E-04  2.209538E-07  3.422400E-01  1.522255E-03  1.881469E-05  1.311518E-06  2.473174E-03  1.281996E-07  4.817935E-07  1.311689E-07  1.115812E-01  1.250152E-05  6.539992E-07  5.539637E-07  3.517519E-04  4.781626E-04  3.605817E-06  7.407688E-07  9.545363E-07  1.185157E-06
 3.231500E+02  3.434711E-01  1.864330E-04  1.621941E-08  2.159503E-08  2.410150E-08  2.912616E-08  1.982497E-01  1.213725E-04  2.087447E-07  3.429375E-01  1.502657E-03  1.788764E-05  1.282176E-06  2.433581E-03  1.222595E-07  4.605534E-07  1.265865E-07  1.102403E-01  1.200399E-05  6.353297E-07  5.378154E-07  3.466613E-04  4.712409E-04  3.422205E-06  7.015343E-07  9.042604E-07  1.133604E-06
 3.241500E+02  3.441518E-01  1.848496E-04  1.577944E-08  2.101427E-08  2.345457E-08  2.835078E-08  1.982771E-01  1.193557E-04  1.972865E-07  3.436236E-01  1.483386E-03  1.701087E-05  1.253624E-06  2.394861E-03  1.166309E-07  4.403809E-07  1.221913E-07  1.089212E-01  1.152880E-05  6.172899E-07  5.222217E-07  3.416732E-04  4.644588E-04  3.248937E-06  6.646074E-07  8.569272E-07  1.084584E-06
 3.251500E+02  3.448214E-01  1.832854E-04  1.535372E-08  2.045219E-08  2.282840E-08  2.760012E-08  1.983039E-01  1.173866E-04  1.865285E-07  3.442985E-01  1.464436E-03  1.618143E-05  1.225840E-06  2.356989E-03  1.112959E-07  4.212165E-07  1.179746E-07  1.076234E-01  1.107485E-05  5.998561E-07  5.071612E-07  3.367852E-04  4.578130E-04  3.085381E-06  6.298399E-07  8.123487E-07  1.037960E-06
 3.261500E+02  3.454801E-01  1.817403E-04  1.494173E-08  1.990811E-08  2.222225E-08  2.687329E-08  1.983301E-01  1.154640E-04  1.764241E-07  3.449625E-01  1.445801E-03  1.539654E-05  1.198799E-06  2.319944E-03  1.062376E-07  4.030041E-07  1.139283E-07  1.063466E-01  1.064109E-05  5.830054E-07  4.926137E-07  3.319947E-04  4.513002E-04  2.930945E-06  5.970940E-07  7.703497E-07  9.936040E-07
 3.271500E+02  3.461280E-01  1.802140E-04  1.454298E-08  1.938138E-08  2.163541E-08  2.616945E-08  1.983558E-01  1.135865E-04  1.669296E-07  3.456156E-01  1.427477E-03  1.465363E-05  1.172480E-06  2.283704E-03  1.014400E-07  3.856913E-07  1.100447E-07  1.050904E-01  1.022654E-05  5.667162E-07  4.785596E-07  3.272996E-04  4.449172E-04  2.785075E-06  5.662413E-07  7.307672E-07  9.513932E-07
 3.281500E+02  3.467653E-01  1.787063E-04  1.415699E-08  1.887139E-08  2.106718E-08  2.548778E-08  1.983809E-01  1.117526E-04  1.580048E-07  3.462581E-01  1.409457E-03  1.395026E-05  1.146862E-06  2.248247E-03  9.688823E-08  3.692287E-07  1.063163E-07  1.038546E-01  9.830270E-06  5.509673E-07  4.649802E-07  3.226976E-04  4.386610E-04  2.647254E-06  5.371621E-07  6.934491E-07  9.112133E-07
 3.291500E+02  3.473923E-01  1.772171E-04  1.378330E-08  1.837753E-08  2.051689E-08  2.482749E-08  1.984055E-01  1.099613E-04  1.496123E-07  3.468902E-01  1.391736E-03  1.328415E-05  1.121924E-06  2.213555E-03  9.256842E-08  3.535697E-07  1.027362E-07  1.026386E-01  9.451387E-06  5.357387E-07  4.518574E-07  3.181864E-04  4.325286E-04  2.516998E-06  5.097452E-07  6.582539E-07  8.729566E-07
 3.301500E+02  3.480091E-01  1.757461E-04  1.342147E-08  1.789922E-08  1.998391E-08  2.418783E-08  1.984296E-01  1.082113E-04  1.417172E-07  3.475120E-01  1.374310E-03  1.265316E-05  1.097645E-06  2.179607E-03  8.846745E-08  3.386707E-07  9.929784E-08  1.014423E-01  9.089053E-06  5.210112E-07  4.391740E-07  3.137639E-04  4.265170E-04  2.393855E-06  4.838866E-07  6.250493E-07  8.365214E-07
 3.311500E+02  3.486159E-01  1.742932E-04  1.307107E-08  1.743593E-08  1.946763E-08  2.356806E-08  1.984531E-01  1.065013E-04  1.342873E-07  3.481238E-01  1.357172E-03  1.205528E-05  1.074007E-06  2.146383E-03  8.457302E-08  3.244907E-07  9.599479E-08  1.002652E-01  8.742474E-06  5.067661E-07  4.269137E-07  3.094281E-04  4.206234E-04  2.277401E-06  4.594894E-07  5.937122E-07  8.018118E-07
 3.321500E+02  3.492128E-01  1.728582E-04  1.273170E-08  1.698710E-08  1.896745E-08  2.296749E-08  1.984762E-01  1.048303E-04  1.272924E-07  3.487257E-01  1.340318E-03  1.148863E-05  1.050990E-06  2.113866E-03  8.087361E-08  3.109911E-07  9.282107E-08  9.910695E-02  8.410893E-06  4.929858E-07  4.150604E-07  3.051768E-04  4.148450E-04  2.167241E-06  4.364632E-07  5.641277E-07  7.687376E-07
 3.331500E+02  3.498001E-01  1.714408E-04  1.240296E-08  1.655224E-08  1.848281E-08  2.238546E-08  1.984987E-01  1.031971E-04  1.207047E-07  3.493179E-01  1.323742E-03  1.095144E-05  1.028576E-06  2.082037E-03  7.735837E-08  2.981353E-07  8.977098E-08  9.796734E-02  8.093597E-06  4.796531E-07  4.035990E-07  3.010082E-04  4.091791E-04  2.063003E-06  4.147238E-07  5.361883E-07  7.372135E-07
 3.341500E+02  3.503779E-01  1.700409E-04  1.208449E-08  1.613086E-08  1.801316E-08  2.182130E-08  1.985208E-01  1.016007E-04  1.144981E-07  3.499005E-01  1.307440E-03  1.044205E-05  1.006748E-06  2.050878E-03  7.401715E-08  2.858893E-07  8.683907E-08  9.684598E-02  7.789907E-06  4.667517E-07  3.925149E-07  2.969203E-04  4.036230E-04  1.964340E-06  3.941924E-07  5.097940E-07  7.071591E-07
 3.351500E+02  3.509464E-01  1.686582E-04  1.177590E-08  1.572247E-08  1.755797E-08  2.127440E-08  1.985424E-01  1.000401E-04  1.086485E-07  3.504738E-01  1.291407E-03  9.958887E-06  9.854883E-07  2.020374E-03  7.084036E-08  2.742208E-07  8.402018E-08  9.574256E-02  7.499178E-06  4.542659E-07  3.817942E-07  2.929113E-04  3.981743E-04  1.870927E-06  3.747955E-07  4.848510E-07  6.784986E-07
 3.361500E+02  3.515057E-01  1.672926E-04  1.147687E-08  1.532662E-08  1.711675E-08  2.074416E-08  1.985636E-01  9.851428E-05  1.031333E-07  3.510378E-01  1.275638E-03  9.500493E-06  9.647801E-07  1.990506E-03  6.781904E-08  2.630993E-07  8.130939E-08  9.465676E-02  7.220801E-06  4.421805E-07  3.714234E-07  2.889792E-04  3.928304E-04  1.782458E-06  3.564644E-07  4.612718E-07  6.511604E-07
 3.371500E+02  3.520560E-01  1.659439E-04  1.118705E-08  1.494289E-08  1.668900E-08  2.023001E-08  1.985844E-01  9.702224E-05  9.793144E-08  3.515929E-01  1.260128E-03  9.065485E-06  9.446075E-07  1.961260E-03  6.494472E-08  2.524963E-07  7.870200E-08  9.358828E-02  6.954196E-06  4.304811E-07  3.613896E-07  2.851224E-04  3.875889E-04  1.698648E-06  3.391350E-07  4.389748E-07  6.250769E-07
 3.381500E+02  3.525975E-01  1.646119E-04  1.090612E-08  1.457085E-08  1.627426E-08  1.973139E-08  1.986047E-01  9.556306E-05  9.302346E-08  3.521390E-01  1.244872E-03  8.652566E-06  9.249549E-07  1.932619E-03  6.220946E-08  2.423848E-07  7.619355E-08  9.253680E-02  6.698813E-06  4.191537E-07  3.516805E-07  2.813390E-04  3.824475E-04  1.619229E-06  3.227472E-07  4.178835E-07  6.001843E-07
 3.391500E+02  3.531304E-01  1.632963E-04  1.063377E-08  1.421008E-08  1.587208E-08  1.924777E-08  1.986246E-01  9.413586E-05  8.839107E-08  3.526764E-01  1.229867E-03  8.260515E-06  9.058073E-07  1.904569E-03  5.960577E-08  2.327393E-07  7.377981E-08  9.150204E-02  6.454129E-06  4.081849E-07  3.422842E-07  2.776275E-04  3.774038E-04  1.543949E-06  3.072450E-07  3.979262E-07  5.764223E-07
 3.401500E+02  3.536547E-01  1.619971E-04  1.036970E-08  1.386022E-08  1.548203E-08  1.877863E-08  1.986441E-01  9.273976E-05  8.401727E-08  3.532053E-01  1.215107E-03  7.888185E-06  8.871500E-07  1.877094E-03  5.712663E-08  2.235358E-07  7.145671E-08  9.048368E-02  6.219650E-06  3.975620E-07  3.331893E-07  2.739862E-04  3.724555E-04  1.472572E-06  2.925757E-07  3.790362E-07  5.537340E-07
 3.411500E+02  3.541706E-01  1.607139E-04  1.011363E-08  1.352087E-08  1.510369E-08  1.832349E-08  1.986632E-01  9.137392E-05  7.988618E-08  3.537257E-01  1.200588E-03  7.534496E-06  8.689688E-07  1.850180E-03  5.476539E-08  2.147517E-07  6.922039E-08  8.948146E-02  5.994903E-06  3.872725E-07  3.243849E-07  2.704134E-04  3.676006E-04  1.404877E-06  2.786904E-07  3.611506E-07  5.320654E-07
 3.421500E+02  3.546784E-01  1.594466E-04  9.865283E-09  1.319169E-08  1.473666E-08  1.788186E-08  1.986819E-01  9.003751E-05  7.598299E-08  3.542379E-01  1.186305E-03  7.198430E-06  8.512499E-07  1.823814E-03  5.251582E-08  2.063656E-07  6.706720E-08  8.849507E-02  5.779441E-06  3.773047E-07  3.158605E-07  2.669076E-04  3.628369E-04  1.340656E-06  2.655430E-07  3.442109E-07  5.113658E-07
 3.431500E+02  3.551780E-01  1.581950E-04  9.624391E-09  1.287232E-08  1.438055E-08  1.745328E-08  1.987002E-01  8.872975E-05  7.229386E-08  3.547419E-01  1.172255E-03  6.879032E-06  8.339801E-07  1.797983E-03  5.037204E-08  1.983573E-07  6.499361E-08  8.752425E-02  5.572841E-06  3.676470E-07  3.076059E-07  2.634674E-04  3.581622E-04  1.279715E-06  2.530905E-07  3.281621E-07  4.915870E-07
 3.441500E+02  3.556698E-01  1.569590E-04  9.390700E-09  1.256242E-08  1.403500E-08  1.703733E-08  1.987182E-01  8.744987E-05  6.880587E-08  3.552380E-01  1.158433E-03  6.575401E-06  8.171464E-07  1.772672E-03  4.832851E-08  1.907078E-07  6.299629E-08  8.656870E-02  5.374696E-06  3.582885E-07  2.996115E-07  2.600911E-04  3.535747E-04  1.221869E-06  2.412925E-07  3.129527E-07  4.726834E-07
 3.451500E+02  3.561538E-01  1.557382E-04  9.163965E-09  1.226169E-08  1.369964E-08  1.663357E-08  1.987358E-01  8.619714E-05  6.550694E-08  3.557263E-01  1.144836E-03  6.286687E-06  8.007364E-07  1.747869E-03  4.637999E-08  1.833991E-07  6.107206E-08  8.562818E-02  5.184625E-06  3.492188E-07  2.918680E-07  2.567774E-04  3.490723E-04  1.166946E-06  2.301112E-07  2.985344E-07  4.546121E-07
 3.461500E+02  3.566301E-01  1.545326E-04  8.943948E-09  1.196981E-08  1.337414E-08  1.624160E-08  1.987531E-01  8.497082E-05  6.238579E-08  3.562069E-01  1.131458E-03  6.012090E-06  7.847380E-07  1.723562E-03  4.452158E-08  1.764142E-07  5.921787E-08  8.470239E-02  5.002261E-06  3.404276E-07  2.843665E-07  2.535249E-04  3.446530E-04  1.114785E-06  2.195112E-07  2.848620E-07  4.373322E-07
 3.471500E+02  3.570989E-01  1.533419E-04  8.730423E-09  1.168648E-08  1.305817E-08  1.586102E-08  1.987700E-01  8.377023E-05  5.943186E-08  3.566799E-01  1.118296E-03  5.750859E-06  7.691393E-07  1.699738E-03  4.274861E-08  1.697370E-07  5.743083E-08  8.379110E-02  4.827258E-06  3.319053E-07  2.770983E-07  2.503322E-04  3.403152E-04  1.065233E-06  2.094593E-07  2.718930E-07  4.208053E-07
 3.481500E+02  3.575604E-01  1.521659E-04  8.523171E-09  1.141142E-08  1.275139E-08  1.549145E-08  1.987866E-01  8.259469E-05  5.663528E-08  3.571455E-01  1.105346E-03  5.502281E-06  7.539291E-07  1.676387E-03  4.105671E-08  1.633523E-07  5.570818E-08  8.289403E-02  4.659286E-06  3.236425E-07  2.700552E-07  2.471979E-04  3.360568E-04  1.018148E-06  1.999242E-07  2.595876E-07  4.049947E-07
 3.491500E+02  3.580146E-01  1.510046E-04  8.321981E-09  1.114434E-08  1.245352E-08  1.513253E-08  1.988029E-01  8.144355E-05  5.398681E-08  3.576038E-01  1.092605E-03  5.265689E-06  7.390962E-07  1.653496E-03  3.944174E-08  1.572457E-07  5.404726E-08  8.201094E-02  4.498031E-06  3.156301E-07  2.632293E-07  2.441208E-04  3.318762E-04  9.733936E-07  1.908768E-07  2.479085E-07  3.898659E-07
 3.501500E+02  3.584617E-01  1.498575E-04  8.126649E-09  1.088499E-08  1.216424E-08  1.478390E-08  1.988188E-01  8.031618E-05  5.147780E-08  3.580550E-01  1.080068E-03  5.040449E-06  7.246301E-07  1.631055E-03  3.789980E-08  1.514037E-07  5.244557E-08  8.114158E-02  4.343194E-06  3.078595E-07  2.566129E-07  2.410996E-04  3.277717E-04  9.308443E-07  1.822896E-07  2.368204E-07  3.753862E-07
 3.511500E+02  3.589019E-01  1.487247E-04  7.936980E-09  1.063311E-08  1.188329E-08  1.444524E-08  1.988345E-01  7.921195E-05  4.910014E-08  3.584991E-01  1.067731E-03  4.825968E-06  7.105203E-07  1.609053E-03  3.642719E-08  1.458133E-07  5.090070E-08  8.028570E-02  4.194491E-06  3.003225E-07  2.501987E-07  2.381331E-04  3.237414E-04  8.903806E-07  1.741368E-07  2.262905E-07  3.615245E-07
 3.521500E+02  3.593352E-01  1.476059E-04  7.752785E-09  1.038844E-08  1.161037E-08  1.411620E-08  1.988498E-01  7.813028E-05  4.684624E-08  3.589364E-01  1.055592E-03  4.621683E-06  6.967568E-07  1.587479E-03  3.502043E-08  1.404624E-07  4.941035E-08  7.944307E-02  4.051652E-06  2.930109E-07  2.439797E-07  2.352201E-04  3.197839E-04  8.518903E-07  1.663942E-07  2.162878E-07  3.482514E-07
 3.531500E+02  3.597617E-01  1.465009E-04  7.573885E-09  1.015076E-08  1.134523E-08  1.379648E-08  1.988648E-01  7.707059E-05  4.470901E-08  3.593668E-01  1.043646E-03  4.427064E-06  6.833299E-07  1.566323E-03  3.367624E-08  1.353396E-07  4.797232E-08  7.861345E-02  3.914419E-06  2.859171E-07  2.379490E-07  2.323593E-04  3.158974E-04  8.152675E-07  1.590391E-07  2.067831E-07  3.355391E-07
 3.541500E+02  3.601817E-01  1.454096E-04  7.400102E-09  9.919836E-09  1.108762E-08  1.348577E-08  1.988796E-01  7.603232E-05  4.268176E-08  3.597906E-01  1.031891E-03  4.241609E-06  6.702302E-07  1.545576E-03  3.239149E-08  1.304337E-07  4.658453E-08  7.779661E-02  3.782546E-06  2.790336E-07  2.321003E-07  2.295496E-04  3.120806E-04  7.804128E-07  1.520501E-07  1.977493E-07  3.233610E-07
 3.551500E+02  3.605951E-01  1.443317E-04  7.231270E-09  9.695443E-09  1.083728E-08  1.318379E-08  1.988941E-01  7.501492E-05  4.075825E-08  3.602079E-01  1.020321E-03  4.064848E-06  6.574485E-07  1.525227E-03  3.116326E-08  1.257346E-07  4.524496E-08  7.699232E-02  3.655802E-06  2.723533E-07  2.264271E-07  2.267900E-04  3.083317E-04  7.472323E-07  1.454072E-07  1.891604E-07  3.116922E-07
 3.561500E+02  3.610022E-01  1.432671E-04  7.067226E-09  9.477370E-09  1.059398E-08  1.289024E-08  1.989083E-01  7.401788E-05  3.893262E-08  3.606188E-01  1.008935E-03  3.896333E-06  6.449759E-07  1.505267E-03  2.998874E-08  1.212325E-07  4.395171E-08  7.620036E-02  3.533962E-06  2.658694E-07  2.209234E-07  2.240794E-04  3.046493E-04  7.156376E-07  1.390913E-07  1.809924E-07  3.005088E-07
 3.571500E+02  3.614030E-01  1.422156E-04  6.907814E-09  9.265413E-09  1.035750E-08  1.260485E-08  1.989222E-01  7.304067E-05  3.719935E-08  3.610233E-01  9.977291E-04  3.735643E-06  6.328038E-07  1.485688E-03  2.886533E-08  1.169179E-07  4.270294E-08  7.542051E-02  3.416816E-06  2.595753E-07  2.155836E-07  2.214166E-04  3.010321E-04  6.855452E-07  1.330848E-07  1.732225E-07  2.897883E-07
 3.581500E+02  3.617977E-01  1.411771E-04  6.752883E-09  9.059373E-09  1.012760E-08  1.232738E-08  1.989359E-01  7.208281E-05  3.555328E-08  3.614217E-01  9.866995E-04  3.582379E-06  6.209240E-07  1.466480E-03  2.779052E-08  1.127823E-07  4.149691E-08  7.465256E-02  3.304162E-06  2.534644E-07  2.104019E-07  2.188006E-04  2.974785E-04  6.568767E-07  1.273709E-07  1.658292E-07  2.795092E-07
 3.591500E+02  3.621863E-01  1.401513E-04  6.602287E-09  8.859060E-09  9.904092E-09  1.205755E-08  1.989493E-01  7.114381E-05  3.398956E-08  3.618140E-01  9.758431E-04  3.436166E-06  6.093283E-07  1.447635E-03  2.676196E-08  1.088171E-07  4.033194E-08  7.389630E-02  3.195807E-06  2.475308E-07  2.053730E-07  2.162305E-04  2.939873E-04  6.295577E-07  1.219340E-07  1.587924E-07  2.696513E-07
 3.601500E+02  3.625690E-01  1.391382E-04  6.455887E-09  8.664291E-09  9.686756E-09  1.179513E-08  1.989625E-01  7.022320E-05  3.250363E-08  3.622003E-01  9.651570E-04  3.296648E-06  5.980090E-07  1.429144E-03  2.577742E-08  1.050144E-07  3.920643E-08  7.315152E-02  3.091567E-06  2.417686E-07  2.004918E-07  2.137053E-04  2.905570E-04  6.035184E-07  1.167591E-07  1.520932E-07  2.601952E-07
 3.611500E+02  3.629459E-01  1.381374E-04  6.313548E-09  8.474887E-09  9.475400E-09  1.153989E-08  1.989754E-01  6.932054E-05  3.109122E-08  3.625807E-01  9.546381E-04  3.163488E-06  5.869583E-07  1.410999E-03  2.483479E-08  1.013669E-07  3.811885E-08  7.241801E-02  2.991269E-06  2.361720E-07  1.957533E-07  2.112239E-04  2.871864E-04  5.786928E-07  1.118323E-07  1.457135E-07  2.511226E-07
 3.621500E+02  3.633170E-01  1.371490E-04  6.175139E-09  8.290679E-09  9.269832E-09  1.129159E-08  1.989881E-01  6.843538E-05  2.974828E-08  3.629554E-01  9.442832E-04  3.036368E-06  5.761690E-07  1.393192E-03  2.393206E-08  9.786725E-08  3.706774E-08  7.169558E-02  2.894745E-06  2.307355E-07  1.911526E-07  2.087855E-04  2.838742E-04  5.550184E-07  1.071405E-07  1.396365E-07  2.424161E-07
 3.631500E+02  3.636826E-01  1.361726E-04  6.040536E-09  8.111501E-09  9.069870E-09  1.105002E-08  1.990005E-01  6.756730E-05  2.847105E-08  3.633244E-01  9.340895E-04  2.914987E-06  5.656339E-07  1.375716E-03  2.306735E-08  9.450879E-08  3.605170E-08  7.098404E-02  2.801837E-06  2.254539E-07  1.866852E-07  2.063892E-04  2.806191E-04  5.324365E-07  1.026713E-07  1.338465E-07  2.340591E-07
 3.641500E+02  3.640426E-01  1.352082E-04  5.909617E-09  7.937194E-09  8.875336E-09  1.081496E-08  1.990128E-01  6.671588E-05  2.725595E-08  3.636878E-01  9.240540E-04  2.799061E-06  5.553460E-07  1.358562E-03  2.223885E-08  9.128508E-08  3.506938E-08  7.028318E-02  2.712393E-06  2.203222E-07  1.823466E-07  2.040340E-04  2.774200E-04  5.108914E-07  9.841305E-08  1.283283E-07  2.260360E-07
 3.651500E+02  3.643972E-01  1.342556E-04  5.782264E-09  7.767605E-09  8.686059E-09  1.058622E-08  1.990248E-01  6.588072E-05  2.609965E-08  3.640458E-01  9.141739E-04  2.688320E-06  5.452987E-07  1.341725E-03  2.144486E-08  8.819001E-08  3.411950E-08  6.959283E-02  2.626268E-06  2.153353E-07  1.781326E-07  2.017191E-04  2.742756E-04  4.903306E-07  9.435467E-08  1.230678E-07  2.183317E-07
 3.661500E+02  3.647464E-01  1.333145E-04  5.658367E-09  7.602586E-09  8.501876E-09  1.036359E-08  1.990366E-01  6.506143E-05  2.499898E-08  3.643984E-01  9.044464E-04  2.582509E-06  5.354854E-07  1.325195E-03  2.068376E-08  8.521779E-08  3.320083E-08  6.891279E-02  2.543324E-06  2.104887E-07  1.740390E-07  1.994436E-04  2.711849E-04  4.707046E-07  9.048582E-08  1.180518E-07  2.109320E-07
 3.671500E+02  3.650905E-01  1.323850E-04  5.537816E-09  7.441993E-09  8.322626E-09  1.014689E-08  1.990481E-01  6.425763E-05  2.395098E-08  3.647458E-01  8.948687E-04  2.481387E-06  5.258999E-07  1.308967E-03  1.995404E-08  8.236290E-08  3.231219E-08  6.824289E-02  2.463429E-06  2.057777E-07  1.700619E-07  1.972068E-04  2.681466E-04  4.519663E-07  8.679670E-08  1.132676E-07  2.038235E-07
 3.681500E+02  3.654294E-01  1.314667E-04  5.420505E-09  7.285690E-09  8.148156E-09  9.935927E-09  1.990595E-01  6.346895E-05  2.295286E-08  3.650880E-01  8.854382E-04  2.384725E-06  5.165359E-07  1.293034E-03  1.925422E-08  7.962012E-08  3.145246E-08  6.758295E-02  2.386458E-06  2.011979E-07  1.661975E-07  1.950078E-04  2.651597E-04  4.340715E-07  8.327806E-08  1.087034E-07  1.969933E-07
 3.691500E+02  3.657632E-01  1.305596E-04  5.306335E-09  7.133542E-09  7.978319E-09  9.730533E-09  1.990707E-01  6.269502E-05  2.200198E-08  3.654251E-01  8.761521E-04  2.292307E-06  5.073875E-07  1.277389E-03  1.858293E-08  7.698447E-08  3.062055E-08  6.693279E-02  2.312291E-06  1.967452E-07  1.624420E-07  1.928457E-04  2.622230E-04  4.169783E-07  7.992118E-08  1.043479E-07  1.904292E-07
 3.701500E+02  3.660921E-01  1.296635E-04  5.195207E-09  6.985422E-09  7.812971E-09  9.530534E-09  1.990816E-01  6.193551E-05  2.109586E-08  3.657571E-01  8.670079E-04  2.203928E-06  4.984490E-07  1.262026E-03  1.793887E-08  7.445122E-08  2.981543E-08  6.629224E-02  2.240813E-06  1.924155E-07  1.587919E-07  1.907200E-04  2.593357E-04  4.006468E-07  7.671782E-08  1.001907E-07  1.841194E-07
 3.711500E+02  3.664161E-01  1.287783E-04  5.087027E-09  6.841205E-09  7.651974E-09  9.335765E-09  1.990924E-01  6.119008E-05  2.023215E-08  3.660843E-01  8.580030E-04  2.119393E-06  4.897147E-07  1.246938E-03  1.732080E-08  7.201586E-08  2.903610E-08  6.566113E-02  2.171914E-06  1.882047E-07  1.552439E-07  1.886297E-04  2.564966E-04  3.850397E-07  7.366020E-08  9.622161E-08  1.780530E-07
 3.721500E+02  3.667353E-01  1.279038E-04  4.981704E-09  6.700772E-09  7.495195E-09  9.146066E-09  1.991030E-01  6.045839E-05  1.940867E-08  3.664067E-01  8.491350E-04  2.038518E-06  4.811792E-07  1.232119E-03  1.672752E-08  6.967411E-08  2.828162E-08  6.503931E-02  2.105491E-06  1.841093E-07  1.517945E-07  1.865742E-04  2.537047E-04  3.701214E-07  7.074097E-08  9.243127E-08  1.722193E-07
 3.731500E+02  3.670499E-01  1.270398E-04  4.879150E-09  6.564007E-09  7.342505E-09  8.961284E-09  1.991134E-01  5.974012E-05  1.862332E-08  3.667243E-01  8.404014E-04  1.961128E-06  4.728372E-07  1.217564E-03  1.615792E-08  6.742191E-08  2.755107E-08  6.442660E-02  2.041442E-06  1.801254E-07  1.484407E-07  1.845528E-04  2.509591E-04  3.558582E-07  6.795319E-08  8.881073E-08  1.666084E-07
