#         T/K            c1          c2-1          c3-4          c3-5          c3-7          c3-9            m1          m2-1          m3-1            w1            w2          w3-1          w3-2          c1m1        c1m2-1        c1m2-7        c2m1-1        c1w1-2        c1w2-1        c2w1-1        c2w1-9        m1w1-1        m1w1-4        m1w2-1        m2w1-1        m2w1-3      c1m1w1-1
 2.731500E+02  1.570450E-01  7.976217E-05  1.072573E-08  1.407778E-08  1.566265E-08  1.867576E-08  5.411956E-01  2.407393E-03  1.155844E-04  2.080389E-01  1.451439E-03  1.029954E-04  1.445135E-06  8.690557E-03  7.348280E-06  2.411204E-05  7.118086E-07  7.700731E-02  2.952900E-05  6.001851E-07  5.270260E-07  1.486526E-03  2.023563E-03  8.831302E-05  8.318353E-05  1.053530E-04  1.413566E-05
 2.741500E+02  1.577424E-01  7.898928E-05  1.034924E-08  1.358823E-08  1.511911E-08  1.803334E-08  5.414025E-01  2.350576E-03  1.067262E-04  2.087186E-01  1.426045E-03  9.608649E-05  1.400589E-06  8.504356E-03  6.881178E-06  2.265246E-05  6.783998E-07  7.580327E-02  2.794052E-05  5.774924E-07  5.066620E-07  1.456695E-03  1.982829E-03  8.214974E-05  7.710790E-05  9.769707E-05  1.329846E-05
 2.751500E+02  1.584266E-01  7.822145E-05  9.987223E-09  1.311732E-08  1.459623E-08  1.741513E-08  5.416025E-01  2.295527E-03  9.860678E-05  2.093851E-01  1.401170E-03  8.967633E-05  1.357594E-06  8.323099E-03  6.446697E-06  2.129043E-05  6.467364E-07  7.462038E-02  2.644515E-05  5.557478E-07  4.871668E-07  1.427628E-03  1.943143E-03  7.645180E-05  7.151408E-05  9.064549E-05  1.251553E-05
 2.761500E+02  1.590979E-01  7.745891E-05  9.639108E-09  1.266432E-08  1.409320E-08  1.682017E-08  5.417959E-01  2.242179E-03  9.115985E-05  2.100385E-01  1.376804E-03  8.372662E-05  1.316093E-06  8.146643E-03  6.042375E-06  2.001887E-05  6.167196E-07  7.345837E-02  2.503705E-05  5.349094E-07  4.685014E-07  1.399301E-03  1.904475E-03  7.118165E-05  6.636109E-05  8.414712E-05  1.178309E-05
 2.771500E+02  1.597565E-01  7.670186E-05  9.304343E-09  1.222854E-08  1.360924E-08  1.624759E-08  5.419830E-01  2.190472E-03  8.432551E-05  2.106792E-01  1.352938E-03  7.820221E-05  1.276031E-06  7.974846E-03  5.665948E-06  1.883128E-05  5.882567E-07  7.231697E-02  2.371079E-05  5.149375E-07  4.506282E-07  1.371695E-03  1.866795E-03  6.630495E-05  6.161166E-05  7.815536E-05  1.109764E-05
 2.781500E+02  1.604026E-01  7.595048E-05  8.982396E-09  1.180929E-08  1.314361E-08  1.569649E-08  5.421642E-01  2.140345E-03  7.804956E-05  2.113075E-01  1.329561E-03  7.307075E-05  1.237356E-06  7.807573E-03  5.315335E-06  1.772163E-05  5.612605E-07  7.119590E-02  2.246128E-05  4.957938E-07  4.335116E-07  1.344788E-03  1.830075E-03  6.179029E-05  5.723185E-05  7.262780E-05  1.045592E-05
 2.791500E+02  1.610364E-01  7.520496E-05  8.672757E-09  1.140593E-08  1.269557E-08  1.516605E-08  5.423396E-01  2.091741E-03  7.228289E-05  2.119235E-01  1.306665E-03  6.830249E-05  1.200017E-06  7.644692E-03  4.988618E-06  1.668436E-05  5.356491E-07  7.009489E-02  2.128377E-05  4.774419E-07  4.171177E-07  1.318561E-03  1.794287E-03  5.760890E-05  5.319078E-05  6.752580E-05  9.854937E-06
 2.801500E+02  1.616581E-01  7.446546E-05  8.374934E-09  1.101781E-08  1.226445E-08  1.465546E-08  5.425096E-01  2.044605E-03  6.698099E-05  2.125276E-01  1.284239E-03  6.387004E-05  1.163964E-06  7.486074E-03  4.684035E-06  1.571435E-05  5.113454E-07  6.901365E-02  2.017380E-05  4.598470E-07  4.014140E-07  1.292994E-03  1.759404E-03  5.373444E-05  4.946029E-05  6.281415E-05  9.291897E-06
 2.811500E+02  1.622679E-01  7.373212E-05  8.088458E-09  1.064436E-08  1.184958E-08  1.416395E-08  5.426742E-01  1.998884E-03  6.210351E-05  2.131200E-01  1.262275E-03  5.974821E-05  1.129151E-06  7.331597E-03  4.399960E-06  1.480686E-05  4.882768E-07  6.795190E-02  1.912724E-05  4.429760E-07  3.863695E-07  1.268068E-03  1.725400E-03  5.014278E-05  4.601473E-05  5.846072E-05  8.764216E-06
 2.821500E+02  1.628660E-01  7.300508E-05  7.812876E-09  1.028497E-08  1.145031E-08  1.369078E-08  5.428339E-01  1.954528E-03  5.761384E-05  2.137008E-01  1.240763E-03  5.591379E-05  1.095531E-06  7.181138E-03  4.134897E-06  1.395750E-05  4.663750E-07  6.690934E-02  1.814019E-05  4.267970E-07  3.719547E-07  1.243765E-03  1.692250E-03  4.681181E-05  4.283069E-05  5.443623E-05  8.269498E-06
 2.831500E+02  1.634527E-01  7.228447E-05  7.547753E-09  9.939111E-09  1.106602E-08  1.323522E-08  5.429887E-01  1.911488E-03  5.347874E-05  2.142704E-01  1.219695E-03  5.234541E-05  1.063060E-06  7.034582E-03  3.887465E-06  1.316222E-05  4.455758E-07  6.588568E-02  1.720903E-05  4.112797E-07  3.581415E-07  1.220067E-03  1.659930E-03  4.372123E-05  3.988682E-05  5.071392E-05  7.805519E-06
 2.841500E+02  1.640281E-01  7.157040E-05  7.292671E-09  9.606233E-09  1.069614E-08  1.279659E-08  5.431388E-01  1.869717E-03  4.966800E-05  2.148289E-01  1.199060E-03  4.902336E-05  1.031697E-06  6.891814E-03  3.656392E-06  1.241728E-05  4.258189E-07  6.488064E-02  1.633034E-05  3.963953E-07  3.449029E-07  1.196957E-03  1.628415E-03  4.085245E-05  3.716363E-05  4.726937E-05  7.370214E-06
 2.851500E+02  1.645925E-01  7.086297E-05  7.047230E-09  9.285827E-09  1.034009E-08  1.237424E-08  5.432845E-01  1.829171E-03  4.615416E-05  2.153766E-01  1.178850E-03  4.592949E-05  1.001401E-06  6.752726E-03  3.440504E-06  1.171919E-05  4.070471E-07  6.389392E-02  1.550096E-05  3.821161E-07  3.322133E-07  1.174419E-03  1.597683E-03  3.818837E-05  3.464330E-05  4.408024E-05  6.961667E-06
 2.861500E+02  1.651460E-01  7.016226E-05  6.811046E-09  8.977401E-09  9.997329E-09  1.196751E-08  5.434259E-01  1.789806E-03  4.291227E-05  2.159137E-01  1.159056E-03  4.304706E-05  9.721321E-07  6.617209E-03  3.238717E-06  1.106476E-05  3.892071E-07  6.292523E-02  1.471791E-05  3.684157E-07  3.200484E-07  1.152435E-03  1.567711E-03  3.571333E-05  3.230955E-05  4.112614E-05  6.578099E-06
 2.871500E+02  1.656889E-01  6.946837E-05  6.583749E-09  8.680480E-09  9.667327E-09  1.157581E-08  5.435632E-01  1.751582E-03  3.991960E-05  2.164404E-01  1.139669E-03  4.036063E-05  9.438531E-07  6.485161E-03  3.050030E-06  1.045100E-05  3.722482E-07  6.197428E-02  1.397840E-05  3.552689E-07  3.083848E-07  1.130991E-03  1.538477E-03  3.341291E-05  3.014752E-05  3.838838E-05  6.217857E-06
 2.881500E+02  1.662213E-01  6.878137E-05  6.364984E-09  8.394610E-09  9.349585E-09  1.119854E-08  5.436965E-01  1.714458E-03  3.715545E-05  2.169569E-01  1.120682E-03  3.785595E-05  9.165277E-07  6.356482E-03  2.873519E-06  9.875148E-06  3.561229E-07  6.104076E-02  1.327982E-05  3.426517E-07  2.972003E-07  1.110071E-03  1.509961E-03  3.127388E-05  2.814356E-05  3.584989E-05  5.879404E-06
 2.891500E+02  1.667434E-01  6.810130E-05  6.154412E-09  8.119355E-09  9.043618E-09  1.083514E-08  5.438260E-01  1.678397E-03  3.460097E-05  2.174635E-01  1.102085E-03  3.551986E-05  8.901208E-07  6.231074E-03  2.708328E-06  9.334659E-06  3.407864E-07  6.012440E-02  1.261973E-05  3.305410E-07  2.864736E-07  1.089660E-03  1.482142E-03  2.928408E-05  2.628523E-05  3.349502E-05  5.561312E-06
 2.901500E+02  1.672555E-01  6.742823E-05  5.951705E-09  7.854296E-09  8.748964E-09  1.048507E-08  5.439518E-01  1.643361E-03  3.223896E-05  2.179602E-01  1.083870E-03  3.334022E-05  8.645990E-07  6.108842E-03  2.553669E-06  8.827158E-06  3.261965E-07  5.922490E-02  1.199585E-05  3.189150E-07  2.761845E-07  1.069744E-03  1.455001E-03  2.743230E-05  2.456111E-05  3.130944E-05  5.262254E-06
 2.911500E+02  1.677577E-01  6.676221E-05  5.756551E-09  7.599030E-09  8.465176E-09  1.014781E-08  5.440740E-01  1.609317E-03  3.005374E-05  2.184474E-01  1.066029E-03  3.130581E-05  8.399299E-07  5.989696E-03  2.408809E-06  8.350444E-06  3.123135E-07  5.834196E-02  1.140602E-05  3.077526E-07  2.663138E-07  1.050309E-03  1.428517E-03  2.570825E-05  2.296073E-05  2.928000E-05  4.980994E-06
 2.921500E+02  1.682503E-01  6.610326E-05  5.568649E-09  7.353171E-09  8.191826E-09  9.822862E-09  5.441929E-01  1.576229E-03  2.803100E-05  2.189252E-01  1.048554E-03  2.940627E-05  8.160823E-07  5.873547E-03  2.273073E-06  7.902476E-06  2.990996E-07  5.747531E-02  1.084825E-05  2.970339E-07  2.568430E-07  1.031342E-03  1.402673E-03  2.410245E-05  2.147451E-05  2.739466E-05  4.716381E-06
 2.931500E+02  1.687333E-01  6.545141E-05  5.387710E-09  7.116348E-09  7.928504E-09  9.509740E-09  5.443085E-01  1.544066E-03  2.615767E-05  2.193938E-01  1.031437E-03  2.763201E-05  7.930264E-07  5.760309E-03  2.145834E-06  7.481358E-06  2.865197E-07  5.662466E-02  1.032064E-05  2.867398E-07  2.477546E-07  1.012829E-03  1.377451E-03  2.260617E-05  2.009366E-05  2.564236E-05  4.467347E-06
 2.941500E+02  1.692071E-01  6.480670E-05  5.213458E-09  6.888205E-09  7.674817E-09  9.207985E-09  5.444208E-01  1.512796E-03  2.442179E-05  2.198534E-01  1.014670E-03  2.597418E-05  7.707334E-07  5.649898E-03  2.026512E-06  7.085329E-06  2.745402E-07  5.578973E-02  9.821440E-06  2.768520E-07  2.390318E-07  9.947577E-04  1.352833E-03  2.121135E-05  1.881010E-05  2.401296E-05  4.232895E-06
 2.951500E+02  1.696717E-01  6.416913E-05  5.045627E-09  6.668401E-09  7.430385E-09  8.917156E-09  5.445302E-01  1.482389E-03  2.281245E-05  2.203041E-01  9.982466E-04  2.442458E-05  7.491756E-07  5.542234E-03  1.914571E-06  6.712753E-06  2.631298E-07  5.497023E-02  9.348988E-06  2.673532E-07  2.306586E-07  9.771159E-04  1.328802E-03  1.991060E-05  1.761643E-05  2.249714E-05  4.012096E-06
 2.961500E+02  1.701274E-01  6.353870E-05  4.883963E-09  6.456608E-09  7.194845E-09  8.636826E-09  5.446365E-01  1.452817E-03  2.131965E-05  2.207462E-01  9.821583E-04  2.297563E-05  7.283263E-07  5.437238E-03  1.809511E-06  6.362109E-06  2.522586E-07  5.416588E-02  8.901732E-06  2.582266E-07  2.226199E-07  9.598916E-04  1.305342E-03  1.869707E-05  1.650584E-05  2.108633E-05  3.804086E-06
 2.971500E+02  1.705744E-01  6.291543E-05  4.728222E-09  6.252512E-09  6.967849E-09  8.366587E-09  5.447400E-01  1.424052E-03  1.993425E-05  2.211798E-01  9.663980E-04  2.162032E-05  7.081599E-07  5.334835E-03  1.710872E-06  6.031982E-06  2.418987E-07  5.337641E-02  8.478216E-06  2.494564E-07  2.149010E-07  9.430733E-04  1.282437E-03  1.756446E-05  1.547207E-05  1.977266E-05  3.608059E-06
 2.981500E+02  1.710127E-01  6.229931E-05  4.578169E-09  6.055809E-09  6.749063E-09  8.106049E-09  5.448408E-01  1.396066E-03  1.864787E-05  2.216052E-01  9.509586E-04  2.035214E-05  6.886518E-07  5.234950E-03  1.618224E-06  5.721055E-06  2.320235E-07  5.260155E-02  8.077074E-06  2.410274E-07  2.074880E-07  9.266497E-04  1.260071E-03  1.650695E-05  1.450939E-05  1.854890E-05  3.423263E-06
 2.991500E+02  1.714426E-01  6.169033E-05  4.433579E-09  5.866212E-09  6.538165E-09  7.854833E-09  5.449389E-01  1.368835E-03  1.745284E-05  2.220224E-01  9.358331E-04  1.916507E-05  6.697783E-07  5.137513E-03  1.531170E-06  5.428105E-06  2.226082E-07  5.184103E-02  7.697023E-06  2.329252E-07  2.003679E-07  9.106100E-04  1.238230E-03  1.551916E-05  1.361249E-05  1.740838E-05  3.248997E-06
 3.001500E+02  1.718643E-01  6.108847E-05  4.294238E-09  5.683442E-09  6.334848E-09  7.612581E-09  5.450344E-01  1.342334E-03  1.634211E-05  2.224316E-01  9.210145E-04  1.805354E-05  6.515165E-07  5.042455E-03  1.449340E-06  5.151990E-06  2.136290E-07  5.109458E-02  7.336860E-06  2.251358E-07  1.935278E-07  8.949437E-04  1.216899E-03  1.459613E-05  1.277651E-05  1.634496E-05  3.084608E-06
 3.011500E+02  1.722779E-01  6.049372E-05  4.159937E-09  5.507232E-09  6.138816E-09  7.378944E-09  5.451274E-01  1.316538E-03  1.530924E-05  2.228330E-01  9.064962E-04  1.701239E-05  6.338446E-07  4.949708E-03  1.372393E-06  4.891648E-06  2.050637E-07  5.036193E-02  6.995453E-06  2.176461E-07  1.869557E-07  8.796405E-04  1.196064E-03  1.373328E-05  1.199697E-05  1.535301E-05  2.929485E-06
 3.021500E+02  1.726835E-01  5.990606E-05  4.030480E-09  5.337327E-09  5.949786E-09  7.153589E-09  5.452180E-01  1.291426E-03  1.434830E-05  2.232268E-01  8.922716E-04  1.603681E-05  6.167413E-07  4.859207E-03  1.300008E-06  4.646090E-06  1.968912E-07  4.964283E-02  6.671741E-06  2.104435E-07  1.806402E-07  8.646905E-04  1.175711E-03  1.292637E-05  1.126974E-05  1.442730E-05  2.783058E-06
 3.031500E+02  1.730814E-01  5.932545E-05  3.905676E-09  5.173480E-09  5.767485E-09  6.936199E-09  5.453063E-01  1.266975E-03  1.345386E-05  2.236131E-01  8.783341E-04  1.512236E-05  6.001864E-07  4.770889E-03  1.231891E-06  4.414393E-06  1.890917E-07  4.893702E-02  6.364727E-06  2.035158E-07  1.745703E-07  8.500841E-04  1.155828E-03  1.217148E-05  1.059102E-05  1.356306E-05  2.644796E-06
 3.041500E+02  1.734717E-01  5.875187E-05  3.785343E-09  5.015458E-09  5.591653E-09  6.726465E-09  5.453923E-01  1.243163E-03  1.262090E-05  2.239920E-01  8.646774E-04  1.426492E-05  5.841604E-07  4.684693E-03  1.167764E-06  4.195697E-06  1.816462E-07  4.824425E-02  6.073472E-06  1.968515E-07  1.687354E-07  8.358120E-04  1.136401E-03  1.146498E-05  9.957289E-06  1.275584E-05  2.514201E-06
 3.051500E+02  1.738546E-01  5.818528E-05  3.669306E-09  4.863033E-09  5.422038E-09  6.524094E-09  5.454762E-01  1.219971E-03  1.184485E-05  2.243638E-01  8.512954E-04  1.346066E-05  5.686445E-07  4.600561E-03  1.107373E-06  3.989199E-06  1.745371E-07  4.756427E-02  5.797097E-06  1.904397E-07  1.631256E-07  8.218651E-04  1.117418E-03  1.080352E-05  9.365326E-06  1.200157E-05  2.390808E-06
 3.061500E+02  1.742302E-01  5.762564E-05  3.557397E-09  4.715989E-09  5.258401E-09  6.328803E-09  5.455579E-01  1.197379E-03  1.112146E-05  2.247285E-01  8.381819E-04  1.270603E-05  5.536205E-07  4.518433E-03  1.050479E-06  3.794151E-06  1.677474E-07  4.689683E-02  5.534772E-06  1.842697E-07  1.577313E-07  8.082346E-04  1.098867E-03  1.018399E-05  8.812140E-06  1.129647E-05  2.274184E-06
 3.071500E+02  1.745986E-01  5.707292E-05  3.449455E-09  4.574118E-09  5.100511E-09  6.140322E-09  5.456376E-01  1.175367E-03  1.044687E-05  2.250864E-01  8.253310E-04  1.199772E-05  5.390712E-07  4.438256E-03  9.968595E-07  3.609854E-06  1.612613E-07  4.624169E-02  5.285718E-06  1.783316E-07  1.525434E-07  7.949122E-04  1.080737E-03  9.603521E-06  8.294973E-06  1.063708E-05  2.163923E-06
 3.081500E+02  1.749600E-01  5.652706E-05  3.345327E-09  4.437221E-09  4.948147E-09  5.958389E-09  5.457153E-01  1.153918E-03  9.817481E-06  2.254375E-01  8.127370E-04  1.133267E-05  5.249797E-07  4.359974E-03  9.463078E-07  3.435656E-06  1.550637E-07  4.559861E-02  5.049204E-06  1.726158E-07  1.475532E-07  7.818894E-04  1.063015E-03  9.059440E-06  7.811279E-06  1.002015E-05  2.059644E-06
 3.091500E+02  1.753146E-01  5.598802E-05  3.244864E-09  4.305106E-09  4.801097E-09  5.782755E-09  5.457910E-01  1.133014E-03  9.230004E-06  2.257820E-01  8.003940E-04  1.070802E-05  5.113300E-07  4.283536E-03  8.986315E-07  3.270945E-06  1.491404E-07  4.496736E-02  4.824540E-06  1.671129E-07  1.427523E-07  7.691583E-04  1.045692E-03  8.549278E-06  7.358705E-06  9.442739E-06  1.960992E-06
 3.101500E+02  1.756625E-01  5.545575E-05  3.147924E-09  4.177589E-09  4.659156E-09  5.613181E-09  5.458649E-01  1.112639E-03  8.681400E-06  2.261200E-01  7.882966E-04  1.012114E-05  4.981065E-07  4.208890E-03  8.536508E-07  3.115154E-06  1.434778E-07  4.434770E-02  4.611078E-06  1.618144E-07  1.381329E-07  7.567112E-04  1.028756E-03  8.070744E-06  6.935076E-06  8.902078E-06  1.867636E-06
 3.111500E+02  1.760037E-01  5.493020E-05  3.054372E-09  4.054495E-09  4.522129E-09  5.449436E-09  5.459370E-01  1.092775E-03  8.168869E-06  2.264517E-01  7.764394E-04  9.569546E-06  4.852943E-07  4.135988E-03  8.111985E-07  2.967748E-06  1.380634E-07  4.373942E-02  4.408206E-06  1.567117E-07  1.336873E-07  7.445405E-04  1.012197E-03  7.621713E-06  6.538380E-06  8.395629E-06  1.779262E-06
 3.121500E+02  1.763386E-01  5.441131E-05  2.964077E-09  3.935654E-09  4.389829E-09  5.291299E-09  5.460074E-01  1.073407E-03  7.689827E-06  2.267772E-01  7.648169E-04  9.050955E-06  4.728792E-07  4.064781E-03  7.711182E-07  2.828231E-06  1.328848E-07  4.314227E-02  4.215351E-06  1.517969E-07  1.294083E-07  7.326388E-04  9.960052E-04  7.200212E-06  6.166755E-06  7.921035E-06  1.695581E-06
 3.131500E+02  1.766672E-01  5.389903E-05  2.876914E-09  3.820903E-09  4.262076E-09  5.138559E-09  5.460760E-01  1.054520E-03  7.241889E-06  2.270967E-01  7.534240E-04  8.563232E-06  4.608472E-07  3.995224E-03  7.332644E-07  2.696136E-06  1.279308E-07  4.255606E-02  4.031972E-06  1.470623E-07  1.252890E-07  7.209992E-04  9.801708E-04  6.804411E-06  5.818478E-06  7.476118E-06  1.616318E-06
 3.141500E+02  1.769895E-01  5.339330E-05  2.792762E-09  3.710089E-09  4.138697E-09  4.991011E-09  5.461430E-01  1.036099E-03  6.822855E-06  2.274101E-01  7.422555E-04  8.104391E-06  4.491851E-07  3.927271E-03  6.975010E-07  2.571027E-06  1.231905E-07  4.198055E-02  3.857558E-06  1.425005E-07  1.213228E-07  7.096147E-04  9.646843E-04  6.432609E-06  5.491954E-06  7.058857E-06  1.541218E-06
 3.151500E+02  1.773059E-01  5.289406E-05  2.711507E-09  3.603060E-09  4.019527E-09  4.848461E-09  5.462085E-01  1.018130E-03  6.430692E-06  2.277178E-01  7.313067E-04  7.672581E-06  4.378801E-07  3.860879E-03  6.637009E-07  2.452495E-06  1.186536E-07  4.141554E-02  3.691630E-06  1.381045E-07  1.175033E-07  6.984787E-04  9.495366E-04  6.083227E-06  5.185702E-06  6.667380E-06  1.470041E-06
 3.161500E+02  1.776163E-01  5.240126E-05  2.633038E-09  3.499674E-09  3.904405E-09  4.710721E-09  5.462723E-01  1.000599E-03  6.063519E-06  2.280197E-01  7.205724E-04  7.266080E-06  4.269199E-07  3.796005E-03  6.317456E-07  2.340159E-06  1.143104E-07  4.086081E-02  3.533735E-06  1.338677E-07  1.138246E-07  6.875846E-04  9.347188E-04  5.754796E-06  4.898354E-06  6.299952E-06  1.402561E-06
 3.171500E+02  1.779209E-01  5.191482E-05  2.557249E-09  3.399793E-09  3.793181E-09  4.577610E-09  5.463347E-01  9.834942E-04  5.719600E-06  2.283161E-01  7.100481E-04  6.883282E-06  4.162926E-07  3.732610E-03  6.015240E-07  2.233661E-06  1.101516E-07  4.031617E-02  3.383447E-06  1.297836E-07  1.102807E-07  6.769262E-04  9.202224E-04  5.445953E-06  4.628638E-06  5.954963E-06  1.338568E-06
 3.181500E+02  1.782199E-01  5.143469E-05  2.484039E-09  3.303285E-09  3.685706E-09  4.448957E-09  5.463956E-01  9.668018E-04  5.397328E-06  2.286069E-01  6.997290E-04  6.522691E-06  4.059867E-07  3.670652E-03  5.729327E-07  2.132664E-06  1.061685E-07  3.978142E-02  3.240363E-06  1.258461E-07  1.068664E-07  6.664973E-04  9.060389E-04  5.155427E-06  4.375375E-06  5.630919E-06  1.277863E-06
 3.191500E+02  1.785133E-01  5.096080E-05  2.413309E-09  3.210023E-09  3.581841E-09  4.324594E-09  5.464550E-01  9.505097E-04  5.095214E-06  2.288924E-01  6.896106E-04  6.182911E-06  3.959914E-07  3.610093E-03  5.458747E-07  2.036854E-06  1.023528E-07  3.925635E-02  3.104105E-06  1.220493E-07  1.035762E-07  6.562921E-04  8.921602E-04  4.882038E-06  4.137473E-06  5.326434E-06  1.220261E-06
 3.201500E+02  1.788012E-01  5.049309E-05  2.344967E-09  3.119886E-09  3.481450E-09  4.204363E-09  5.465131E-01  9.346062E-04  4.811883E-06  2.291727E-01  6.796885E-04  5.862641E-06  3.862960E-07  3.550896E-03  5.202593E-07  1.945937E-06  9.869668E-08  3.874077E-02  2.974315E-06  1.183876E-07  1.004051E-07  6.463047E-04  8.785785E-04  4.624686E-06  3.913915E-06  5.040220E-06  1.165587E-06
 3.211500E+02  1.790839E-01  5.003149E-05  2.278922E-09  3.032758E-09  3.384405E-09  4.088110E-09  5.465699E-01  9.190799E-04  4.546058E-06  2.294479E-01  6.699583E-04  5.560666E-06  3.768903E-07  3.493025E-03  4.960017E-07  1.859635E-06  9.519264E-08  3.823450E-02  2.850654E-06  1.148557E-07  9.734828E-08  6.365297E-04  8.652861E-04  4.382348E-06  3.703757E-06  4.771081E-06  1.113678E-06
 3.221500E+02  1.793613E-01  4.957593E-05  2.215088E-09  2.948525E-09  3.290580E-09  3.975689E-09  5.466253E-01  9.039197E-04  4.296557E-06  2.297180E-01  6.604159E-04  5.275854E-06  3.677646E-07  3.436445E-03  4.730225E-07  1.777689E-06  9.183360E-08  3.773734E-02  2.732806E-06  1.114483E-07  9.440120E-08  6.269615E-04  8.522756E-04  4.154071E-06  3.506125E-06  4.517905E-06  1.064379E-06
 3.231500E+02  1.796336E-01  4.912635E-05  2.153383E-09  2.867081E-09  3.199856E-09  3.866958E-09  5.466795E-01  8.891150E-04  4.062286E-06  2.299831E-01  6.510569E-04  5.007145E-06  3.589093E-07  3.381120E-03  4.512472E-07  1.699855E-06  8.861285E-08  3.724911E-02  2.620469E-06  1.081606E-07  9.155943E-08  6.175950E-04  8.395398E-04  3.938967E-06  3.320202E-06  4.279659E-06  1.017546E-06
 3.241500E+02  1.799009E-01  4.868268E-05  2.093728E-09  2.788322E-09  3.112118E-09  3.761783E-09  5.467325E-01  8.746555E-04  3.842226E-06  2.302435E-01  6.418775E-04  4.753552E-06  3.503153E-07  3.327019E-03  4.306062E-07  1.625905E-06  8.552400E-08  3.676963E-02  2.513360E-06  1.049878E-07  8.881873E-08  6.084249E-04  8.270718E-04  3.736207E-06  3.145233E-06  4.055380E-06  9.730426E-07
 3.251500E+02  1.801634E-01  4.824485E-05  2.036045E-09  2.712149E-09  3.027257E-09  3.660031E-09  5.467842E-01  8.605313E-04  3.635436E-06  2.304991E-01  6.328737E-04  4.514152E-06  3.419740E-07  3.274109E-03  4.110342E-07  1.555622E-06  8.256099E-08  3.629874E-02  2.411211E-06  1.019255E-07  8.617509E-08  5.994463E-04  8.148646E-04  3.545021E-06  2.980511E-06  3.844175E-06  9.307412E-07
 3.261500E+02  1.804210E-01  4.781280E-05  1.980262E-09  2.638468E-09  2.945167E-09  3.561580E-09  5.468349E-01  8.467328E-04  3.441040E-06  2.307501E-01  6.240416E-04  4.288081E-06  3.338768E-07  3.222358E-03  3.924701E-07  1.488806E-06  7.971808E-08  3.583625E-02  2.313768E-06  9.896928E-08  8.362465E-08  5.906545E-04  8.029118E-04  3.364688E-06  2.825382E-06  3.645209E-06  8.905217E-07
 3.271500E+02  1.806739E-01  4.738644E-05  1.926309E-09  2.567185E-09  2.865745E-09  3.466308E-09  5.468843E-01  8.332507E-04  3.258224E-06  2.309966E-01  6.153774E-04  4.074534E-06  3.260156E-07  3.171736E-03  3.748564E-07  1.425266E-06  7.698980E-08  3.538199E-02  2.220793E-06  9.611508E-08  8.116373E-08  5.820446E-04  7.912068E-04  3.194537E-06  2.679235E-06  3.457709E-06  8.522709E-07
 3.281500E+02  1.809223E-01  4.696573E-05  1.874118E-09  2.498215E-09  2.788896E-09  3.374100E-09  5.469327E-01  8.200760E-04  3.086234E-06  2.312386E-01  6.068774E-04  3.872756E-06  3.183825E-07  3.122215E-03  3.581393E-07  1.364823E-06  7.437095E-08  3.493580E-02  2.132060E-06  9.335891E-08  7.878878E-08  5.736123E-04  7.797436E-04  3.033941E-06  2.541502E-06  3.280950E-06  8.158824E-07
 3.291500E+02  1.811661E-01  4.655058E-05  1.823624E-09  2.431471E-09  2.714524E-09  3.284846E-09  5.469800E-01  8.072001E-04  2.924368E-06  2.314763E-01  5.985381E-04  3.682043E-06  3.109701E-07  3.073765E-03  3.422684E-07  1.307311E-06  7.185660E-08  3.449753E-02  2.047355E-06  9.069699E-08  7.649643E-08  5.653529E-04  7.685160E-04  2.882314E-06  2.411653E-06  3.114261E-06  7.812560E-07
 3.301500E+02  1.814056E-01  4.614093E-05  1.774766E-09  2.366874E-09  2.642540E-09  3.198438E-09  5.470263E-01  7.946145E-04  2.771972E-06  2.317098E-01  5.903559E-04  3.501733E-06  3.037710E-07  3.026359E-03  3.271961E-07  1.252571E-06  6.944206E-08  3.406700E-02  1.966475E-06  8.812568E-08  7.428346E-08  5.572623E-04  7.575182E-04  2.739109E-06  2.289194E-06  2.957013E-06  7.482974E-07
 3.311500E+02  1.816407E-01  4.573670E-05  1.727483E-09  2.304346E-09  2.572858E-09  3.114774E-09  5.470716E-01  7.823113E-04  2.628440E-06  2.319390E-01  5.823274E-04  3.331210E-06  2.967781E-07  2.979969E-03  3.128779E-07  1.200454E-06  6.712287E-08  3.364406E-02  1.889231E-06  8.564151E-08  7.214675E-08  5.493363E-04  7.467444E-04  2.603817E-06  2.173665E-06  2.808621E-06  7.169178E-07
 3.321500E+02  1.818716E-01  4.533784E-05  1.681719E-09  2.243812E-09  2.505394E-09  3.033757E-09  5.471159E-01  7.702825E-04  2.493206E-06  2.321642E-01  5.744493E-04  3.169895E-06  2.899848E-07  2.934570E-03  2.992721E-07  1.150820E-06  6.489479E-08  3.322856E-02  1.815442E-06  8.324114E-08  7.008336E-08  5.415707E-04  7.361892E-04  2.475959E-06  2.064637E-06  2.668538E-06  6.870335E-07
 3.331500E+02  1.820984E-01  4.494427E-05  1.637419E-09  2.185199E-09  2.440070E-09  2.955290E-09  5.471592E-01  7.585205E-04  2.365744E-06  2.323854E-01  5.667182E-04  3.017247E-06  2.833846E-07  2.890137E-03  2.863394E-07  1.103538E-06  6.275379E-08  3.282036E-02  1.744936E-06  8.092138E-08  6.809043E-08  5.339618E-04  7.258472E-04  2.355090E-06  1.961709E-06  2.536255E-06  6.585657E-07
 3.341500E+02  1.823211E-01  4.455592E-05  1.594528E-09  2.128440E-09  2.376807E-09  2.879285E-09  5.472016E-01  7.470180E-04  2.245564E-06  2.326027E-01  5.591311E-04  2.872759E-06  2.769710E-07  2.846644E-03  2.740428E-07  1.058483E-06  6.069603E-08  3.241930E-02  1.677552E-06  7.867917E-08  6.616527E-08  5.265055E-04  7.157130E-04  2.240791E-06  1.864508E-06  2.411296E-06  6.314399E-07
 3.351500E+02  1.825399E-01  4.417273E-05  1.552998E-09  2.073468E-09  2.315533E-09  2.805653E-09  5.472431E-01  7.357680E-04  2.132211E-06  2.328161E-01  5.516846E-04  2.735954E-06  2.707382E-07  2.804067E-03  2.623477E-07  1.015539E-06  5.871785E-08  3.202523E-02  1.613137E-06  7.651158E-08  6.430525E-08  5.191983E-04  7.057818E-04  2.132673E-06  1.772684E-06  2.293217E-06  6.055862E-07
 3.361500E+02  1.827547E-01  4.379463E-05  1.512778E-09  2.020219E-09  2.256177E-09  2.734310E-09  5.472837E-01  7.247634E-04  2.025257E-06  2.330258E-01  5.443759E-04  2.606388E-06  2.646801E-07  2.762385E-03  2.512213E-07  9.745959E-07  5.681579E-08  3.163803E-02  1.551546E-06  7.441579E-08  6.250789E-08  5.120365E-04  6.960484E-04  2.030369E-06  1.685912E-06  2.181602E-06  5.809383E-07
 3.371500E+02  1.829658E-01  4.342155E-05  1.473823E-09  1.968631E-09  2.198670E-09  2.665176E-09  5.473234E-01  7.139978E-04  1.924307E-06  2.332318E-01  5.372019E-04  2.483643E-06  2.587912E-07  2.721573E-03  2.406330E-07  9.355487E-07  5.498653E-08  3.125755E-02  1.492642E-06  7.238911E-08  6.077079E-08  5.050165E-04  6.865080E-04  1.933539E-06  1.603886E-06  2.076063E-06  5.574340E-07
 3.381500E+02  1.831732E-01  4.305342E-05  1.436086E-09  1.918647E-09  2.142948E-09  2.598172E-09  5.473624E-01  7.034646E-04  1.828990E-06  2.334342E-01  5.301597E-04  2.367328E-06  2.530661E-07  2.681610E-03  2.305539E-07  8.982999E-07  5.322692E-08  3.088365E-02  1.436295E-06  7.042896E-08  5.909168E-08  4.981350E-04  6.771561E-04  1.841861E-06  1.526322E-06  1.976237E-06  5.350144E-07
 3.391500E+02  1.833768E-01  4.269017E-05  1.399525E-09  1.870209E-09  2.088947E-09  2.533225E-09  5.474005E-01  6.931576E-04  1.738962E-06  2.336330E-01  5.232464E-04  2.257073E-06  2.474995E-07  2.642474E-03  2.209567E-07  8.627571E-07  5.153398E-08  3.051621E-02  1.382381E-06  6.853285E-08  5.746835E-08  4.913886E-04  6.679881E-04  1.755035E-06  1.452954E-06  1.881784E-06  5.136240E-07
 3.401500E+02  1.835770E-01  4.233175E-05  1.364098E-09  1.823263E-09  2.036606E-09  2.470263E-09  5.474378E-01  6.830707E-04  1.653898E-06  2.338284E-01  5.164594E-04  2.152536E-06  2.420864E-07  2.604146E-03  2.118159E-07  8.288329E-07  4.990483E-08  3.015509E-02  1.330785E-06  6.669841E-08  5.589870E-08  4.847741E-04  6.589996E-04  1.672780E-06  1.383533E-06  1.792388E-06  4.932103E-07
 3.411500E+02  1.837736E-01  4.197808E-05  1.329765E-09  1.777757E-09  1.985869E-09  2.409216E-09  5.474743E-01  6.731982E-04  1.573500E-06  2.340205E-01  5.097958E-04  2.053391E-06  2.368218E-07  2.566605E-03  2.031072E-07  7.964450E-07  4.833676E-08  2.980017E-02  1.281395E-06  6.492336E-08  5.438072E-08  4.782883E-04  6.501862E-04  1.594832E-06  1.317826E-06  1.707750E-06  4.737237E-07
 3.421500E+02  1.839668E-01  4.162910E-05  1.296487E-09  1.733640E-09  1.936679E-09  2.350018E-09  5.475101E-01  6.635343E-04  1.497485E-06  2.342092E-01  5.032531E-04  1.959336E-06  2.317011E-07  2.529831E-03  1.948081E-07  7.655158E-07  4.682717E-08  2.945133E-02  1.234107E-06  6.320551E-08  5.291248E-08  4.719282E-04  6.415438E-04  1.520945E-06  1.255613E-06  1.627592E-06  4.551175E-07
 3.431500E+02  1.841566E-01  4.128474E-05  1.264228E-09  1.690865E-09  1.888981E-09  2.292606E-09  5.475451E-01  6.540736E-04  1.425590E-06  2.343946E-01  4.968286E-04  1.870084E-06  2.267198E-07  2.493805E-03  1.868970E-07  7.359716E-07  4.537359E-08  2.910844E-02  1.188821E-06  6.154277E-08  5.149211E-08  4.656908E-04  6.330684E-04  1.450886E-06  1.196692E-06  1.551655E-06  4.373475E-07
 3.441500E+02  1.843432E-01  4.094495E-05  1.232952E-09  1.649384E-09  1.842726E-09  2.236917E-09  5.475795E-01  6.448106E-04  1.357569E-06  2.345769E-01  4.905199E-04  1.785367E-06  2.218733E-07  2.458509E-03  1.793537E-07  7.077431E-07  4.397367E-08  2.877138E-02  1.145443E-06  5.993312E-08  5.011785E-08  4.595733E-04  6.247559E-04  1.384438E-06  1.140871E-06  1.479693E-06  4.203719E-07
 3.451500E+02  1.845265E-01  4.060965E-05  1.202625E-09  1.609153E-09  1.797861E-09  2.182893E-09  5.476131E-01  6.357404E-04  1.293194E-06  2.347560E-01  4.843244E-04  1.704933E-06  2.171576E-07  2.423926E-03  1.721593E-07  6.807648E-07  4.262515E-08  2.844005E-02  1.103884E-06  5.837462E-08  4.878800E-08  4.535727E-04  6.166027E-04  1.321397E-06  1.087971E-06  1.411477E-06  4.041512E-07
 3.461500E+02  1.847067E-01  4.027879E-05  1.173214E-09  1.570129E-09  1.754341E-09  2.130477E-09  5.476460E-01  6.268578E-04  1.232248E-06  2.349321E-01  4.782397E-04  1.628546E-06  2.125686E-07  2.390037E-03  1.652957E-07  6.549747E-07  4.132589E-08  2.811431E-02  1.064058E-06  5.686542E-08  4.750091E-08  4.476864E-04  6.086048E-04  1.261571E-06  1.037823E-06  1.346793E-06  3.886480E-07
 3.471500E+02  1.848838E-01  3.995229E-05  1.144687E-09  1.532270E-09  1.712118E-09  2.079613E-09  5.476783E-01  6.181581E-04  1.174531E-06  2.351052E-01  4.722636E-04  1.555981E-06  2.081022E-07  2.356826E-03  1.587459E-07  6.303141E-07  4.007386E-08  2.779407E-02  1.025885E-06  5.540375E-08  4.625501E-08  4.419116E-04  6.007587E-04  1.204779E-06  9.902698E-07  1.285441E-06  3.738269E-07
 3.481500E+02  1.850578E-01  3.963011E-05  1.117014E-09  1.495537E-09  1.671149E-09  2.030251E-09  5.477100E-01  6.096365E-04  1.119854E-06  2.352754E-01  4.663937E-04  1.487031E-06  2.037547E-07  2.324275E-03  1.524940E-07  6.067277E-07  3.886709E-08  2.747921E-02  9.892895E-07  5.398788E-08  4.504882E-08  4.362459E-04  5.930609E-04  1.150854E-06  9.451642E-07  1.227230E-06  3.596546E-07
 3.491500E+02  1.852289E-01  3.931218E-05  1.090166E-09  1.459891E-09  1.631391E-09  1.982337E-09  5.477410E-01  6.012885E-04  1.068040E-06  2.354426E-01  4.606277E-04  1.421497E-06  1.995225E-07  2.292371E-03  1.465249E-07  5.841629E-07  3.770373E-08  2.716963E-02  9.541977E-07  5.261619E-08  4.388087E-08  4.306867E-04  5.855078E-04  1.099636E-06  9.023673E-07  1.171984E-06  3.460994E-07
 3.501500E+02  1.853971E-01  3.899843E-05  1.064115E-09  1.425296E-09  1.592803E-09  1.935825E-09  5.477714E-01  5.931097E-04  1.018925E-06  2.356071E-01  4.549635E-04  1.359195E-06  1.954019E-07  2.261095E-03  1.408242E-07  5.625703E-07  3.658200E-08  2.686522E-02  9.205410E-07  5.128708E-08  4.274978E-08  4.252314E-04  5.780963E-04  1.050976E-06  8.617490E-07  1.119536E-06  3.331313E-07
 3.511500E+02  1.855624E-01  3.868881E-05  1.038832E-09  1.391715E-09  1.555345E-09  1.890666E-09  5.478012E-01  5.850958E-04  9.723527E-07  2.357688E-01  4.493989E-04  1.299949E-06  1.913896E-07  2.230435E-03  1.353785E-07  5.419026E-07  3.550021E-08  2.656589E-02  8.882540E-07  4.999906E-08  4.165423E-08  4.198778E-04  5.708229E-04  1.004733E-06  8.231872E-07  1.069730E-06  3.207220E-07
 3.521500E+02  1.857250E-01  3.838326E-05  1.014293E-09  1.359115E-09  1.518979E-09  1.846816E-09  5.478304E-01  5.772425E-04  9.281789E-07  2.359278E-01  4.439319E-04  1.243595E-06  1.874822E-07  2.200374E-03  1.301751E-07  5.221156E-07  3.445673E-08  2.627152E-02  8.572744E-07  4.875066E-08  4.059293E-08  4.146235E-04  5.636846E-04  9.607752E-07  7.865671E-07  1.022420E-06  3.088446E-07
 3.531500E+02  1.858848E-01  3.808172E-05  9.904722E-10  1.327463E-09  1.483669E-09  1.804230E-09  5.478591E-01  5.695460E-04  8.862668E-07  2.360841E-01  4.385604E-04  1.189978E-06  1.836765E-07  2.170899E-03  1.252019E-07  5.031671E-07  3.345001E-08  2.598202E-02  8.275431E-07  4.754048E-08  3.956466E-08  4.094662E-04  5.566782E-04  9.189787E-07  7.517810E-07  9.774679E-07  2.974737E-07
 3.541500E+02  1.860419E-01  3.778413E-05  9.673453E-10  1.296726E-09  1.449379E-09  1.762867E-09  5.478871E-01  5.620023E-04  8.464887E-07  2.362379E-01  4.332824E-04  1.138953E-06  1.799695E-07  2.141995E-03  1.204476E-07  4.850172E-07  3.247859E-08  2.569730E-02  7.990039E-07  4.636718E-08  3.856824E-08  4.044038E-04  5.498007E-04  8.792263E-07  7.187277E-07  9.347435E-07  2.865851E-07
 3.551500E+02  1.861964E-01  3.749044E-05  9.448892E-10  1.266876E-09  1.416076E-09  1.722687E-09  5.479147E-01  5.546075E-04  8.087246E-07  2.363890E-01  4.280959E-04  1.090381E-06  1.763582E-07  2.113649E-03  1.159013E-07  4.676280E-07  3.154105E-08  2.541727E-02  7.716033E-07  4.522948E-08  3.760254E-08  3.994340E-04  5.430493E-04  8.414081E-07  6.873119E-07  8.941253E-07  2.761559E-07
 3.561500E+02  1.863484E-01  3.720059E-05  9.230815E-10  1.237881E-09  1.383726E-09  1.683650E-09  5.479417E-01  5.473581E-04  7.728619E-07  2.365377E-01  4.229991E-04  1.044134E-06  1.728397E-07  2.085849E-03  1.115529E-07  4.509637E-07  3.063604E-08  2.514182E-02  7.452906E-07  4.412613E-08  3.666648E-08  3.945548E-04  5.364210E-04  8.054205E-07  6.574443E-07  8.554986E-07  2.661646E-07
 3.571500E+02  1.864978E-01  3.691452E-05  9.019005E-10  1.209714E-09  1.352299E-09  1.645719E-09  5.479682E-01  5.402504E-04  7.387949E-07  2.366840E-01  4.179901E-04  1.000089E-06  1.694112E-07  2.058580E-03  1.073927E-07  4.349903E-07  2.976227E-08  2.487088E-02  7.200175E-07  4.305593E-08  3.575900E-08  3.897642E-04  5.299131E-04  7.711657E-07  6.290405E-07  8.187558E-07  2.565906E-07
 3.581500E+02  1.866447E-01  3.663218E-05  8.813255E-10  1.182348E-09  1.321764E-09  1.608858E-09  5.479942E-01  5.332809E-04  7.064241E-07  2.368278E-01  4.130671E-04  9.581301E-07  1.660701E-07  2.031831E-03  1.034117E-07  4.196756E-07  2.891850E-08  2.460435E-02  6.957379E-07  4.201775E-08  3.487911E-08  3.850602E-04  5.235229E-04  7.385520E-07  6.020214E-07  7.837952E-07  2.474143E-07
 3.591500E+02  1.867892E-01  3.635351E-05  8.613366E-10  1.155756E-09  1.292091E-09  1.573032E-09  5.480197E-01  5.264463E-04  6.756563E-07  2.369693E-01  4.082283E-04  9.181499E-07  1.628136E-07  2.005589E-03  9.960113E-08  4.049891E-07  2.810357E-08  2.434214E-02  6.724081E-07  4.101047E-08  3.402584E-08  3.804408E-04  5.172477E-04  7.074926E-07  5.763125E-07  7.505215E-07  2.386173E-07
 3.601500E+02  1.869314E-01  3.607846E-05  8.419143E-10  1.129913E-09  1.263253E-09  1.538207E-09  5.480447E-01  5.197434E-04  6.464035E-07  2.371085E-01  4.034719E-04  8.800452E-07  1.596394E-07  1.979844E-03  9.595288E-08  3.909017E-07  2.731634E-08  2.408418E-02  6.499864E-07  4.003305E-08  3.319827E-08  3.759041E-04  5.110851E-04  6.779059E-07  5.518436E-07  7.188446E-07  2.301820E-07
 3.611500E+02  1.870712E-01  3.580698E-05  8.230402E-10  1.104795E-09  1.235222E-09  1.504351E-09  5.480693E-01  5.131688E-04  6.185834E-07  2.372454E-01  3.987964E-04  8.437193E-07  1.565450E-07  1.954582E-03  9.245918E-08  3.773859E-07  2.655574E-08  2.383038E-02  6.284333E-07  3.908445E-08  3.239550E-08  3.714484E-04  5.050325E-04  6.497148E-07  5.285487E-07  6.886798E-07  2.220918E-07
 3.621500E+02  1.872087E-01  3.553901E-05  8.046964E-10  1.080377E-09  1.207973E-09  1.471432E-09  5.480933E-01  5.067196E-04  5.921183E-07  2.373801E-01  3.942000E-04  8.090808E-07  1.535279E-07  1.929794E-03  8.911270E-08  3.644155E-07  2.582073E-08  2.358066E-02  6.077111E-07  3.816370E-08  3.161668E-08  3.670718E-04  4.990874E-04  6.228468E-07  5.063654E-07  6.599473E-07  2.143308E-07
 3.631500E+02  1.873440E-01  3.527451E-05  7.868655E-10  1.056638E-09  1.181479E-09  1.439421E-09  5.481170E-01  5.003928E-04  5.669351E-07  2.375127E-01  3.896811E-04  7.760435E-07  1.505861E-07  1.905468E-03  8.590648E-08  3.519658E-07  2.511033E-08  2.333494E-02  5.877837E-07  3.726985E-08  3.086098E-08  3.627727E-04  4.932475E-04  5.972333E-07  4.852352E-07  6.325720E-07  2.068840E-07
 3.641500E+02  1.874772E-01  3.501342E-05  7.695311E-10  1.033556E-09  1.155717E-09  1.408289E-09  5.481402E-01  4.941853E-04  5.429650E-07  2.376431E-01  3.852381E-04  7.445257E-07  1.477172E-07  1.881593E-03  8.283392E-08  3.400132E-07  2.442359E-08  2.309315E-02  5.686169E-07  3.640200E-08  3.012762E-08  3.585492E-04  4.875106E-04  5.728097E-07  4.651027E-07  6.064827E-07  1.997373E-07
 3.651500E+02  1.876081E-01  3.475569E-05  7.526770E-10  1.011109E-09  1.130664E-09  1.378007E-09  5.481630E-01  4.880945E-04  5.201435E-07  2.377714E-01  3.808696E-04  7.144506E-07  1.449192E-07  1.858160E-03  7.988877E-08  3.285352E-07  2.375961E-08  2.285520E-02  5.501783E-07  3.555927E-08  2.941582E-08  3.543998E-04  4.818742E-04  5.495148E-07  4.459158E-07  5.816127E-07  1.928769E-07
 3.661500E+02  1.877370E-01  3.450127E-05  7.362879E-10  9.892769E-10  1.106296E-09  1.348549E-09  5.481853E-01  4.821175E-04  4.984094E-07  2.378976E-01  3.765739E-04  6.857454E-07  1.421899E-07  1.835157E-03  7.706509E-08  3.175107E-07  2.311752E-08  2.262103E-02  5.324365E-07  3.474083E-08  2.872487E-08  3.503229E-04  4.763364E-04  5.272911E-07  4.276254E-07  5.578989E-07  1.862901E-07
 3.671500E+02  1.878638E-01  3.425012E-05  7.203488E-10  9.680407E-10  1.082592E-09  1.319888E-09  5.482073E-01  4.762516E-04  4.777054E-07  2.380219E-01  3.723496E-04  6.583412E-07  1.395274E-07  1.812577E-03  7.435726E-08  3.069194E-07  2.249650E-08  2.239056E-02  5.153622E-07  3.394585E-08  2.805405E-08  3.463168E-04  4.708948E-04  5.060841E-07  4.101851E-07  5.352817E-07  1.799645E-07
 3.681500E+02  1.879885E-01  3.400219E-05  7.048454E-10  9.473812E-10  1.059530E-09  1.292000E-09  5.482288E-01  4.704943E-04  4.579774E-07  2.381442E-01  3.681953E-04  6.321731E-07  1.369299E-07  1.790408E-03  7.175994E-08  2.967420E-07  2.189575E-08  2.216372E-02  4.989270E-07  3.317356E-08  2.740268E-08  3.423801E-04  4.655475E-04  4.858425E-07  3.935512E-07  5.137050E-07  1.738886E-07
 3.691500E+02  1.881113E-01  3.375742E-05  6.897638E-10  9.272802E-10  1.037092E-09  1.264860E-09  5.482500E-01  4.648430E-04  4.391743E-07  2.382645E-01  3.641096E-04  6.071795E-07  1.343953E-07  1.768642E-03  6.926805E-08  2.869603E-07  2.131450E-08  2.194044E-02  4.831040E-07  3.242322E-08  2.677012E-08  3.385112E-04  4.602924E-04  4.665176E-07  3.776824E-07  4.931156E-07  1.680513E-07
 3.701500E+02  1.882321E-01  3.351577E-05  6.750908E-10  9.077201E-10  1.015256E-09  1.238445E-09  5.482707E-01  4.592954E-04  4.212480E-07  2.383830E-01  3.600911E-04  5.833023E-07  1.319219E-07  1.747270E-03  6.687679E-08  2.775569E-07  2.075204E-08  2.172066E-02  4.678676E-07  3.169409E-08  2.615573E-08  3.347087E-04  4.551276E-04  4.480634E-07  3.625396E-07  4.734636E-07  1.624420E-07
 3.711500E+02  1.883511E-01  3.327720E-05  6.608133E-10  8.886840E-10  9.940043E-10  1.212731E-09  5.482911E-01  4.538489E-04  4.041532E-07  2.384996E-01  3.561385E-04  5.604865E-07  1.295081E-07  1.726283E-03  6.458158E-08  2.685153E-07  2.020767E-08  2.150431E-02  4.531932E-07  3.098549E-08  2.555890E-08  3.309713E-04  4.500510E-04  4.304367E-07  3.480861E-07  4.547016E-07  1.570508E-07
 3.721500E+02  1.884681E-01  3.304166E-05  6.469191E-10  8.701555E-10  9.733185E-10  1.187699E-09  5.483112E-01  4.485012E-04  3.878471E-07  2.386144E-01  3.522504E-04  5.386798E-07  1.271520E-07  1.705672E-03  6.237809E-08  2.598196E-07  1.968070E-08  2.129132E-02  4.390575E-07  3.029673E-08  2.497907E-08  3.272974E-04  4.450609E-04  4.135962E-07  3.342871E-07  4.367848E-07  1.518680E-07
 3.731500E+02  1.885833E-01  3.280911E-05  6.333960E-10  8.521188E-10  9.531811E-10  1.163326E-09  5.483309E-01  4.432501E-04  3.722893E-07  2.387273E-01  3.484255E-04  5.178331E-07  1.248520E-07  1.685429E-03  6.026217E-08  2.514550E-07  1.917051E-08  2.108163E-02  4.254383E-07  2.962718E-08  2.441566E-08  3.236858E-04  4.401554E-04  3.975033E-07  3.211097E-07  4.196710E-07  1.468846E-07
