#         T/K            c1          c2-1          c3-4          c3-5          c3-7          c3-9            m1          m2-1          m3-1            w1            w2          w3-1          w3-2          c1m1        c1m2-1        c1m2-7        c2m1-1        c1w1-2        c1w2-1        c2w1-1        c2w1-9        m1w1-1        m1w1-4        m1w2-1        m2w1-1        m2w1-3      c1m1w1-1
 2.731500E+02  1.770171E-01  9.916758E-05  1.470894E-08  1.930584E-08  2.147928E-08  2.561137E-08  6.888694E-01  3.816830E-03  2.282591E-04  8.209504E-02  2.211739E-04  6.060601E-06  8.503670E-08  1.220146E-02  1.285059E-05  4.216687E-05  1.102324E-06  3.351860E-02  4.963243E-06  2.881515E-07  2.530275E-07  7.306646E-04  9.946316E-04  1.676228E-05  5.092792E-05  6.450089E-05  7.663785E-06
 2.741500E+02  1.774432E-01  9.784033E-05  1.411552E-08  1.853324E-08  2.062124E-08  2.459602E-08  6.891414E-01  3.728023E-03  2.109072E-04  8.240204E-02  2.175779E-04  5.665634E-06  8.258418E-08  1.191978E-02  1.201727E-05  3.956019E-05  1.047012E-06  3.295365E-02  4.694128E-06  2.764399E-07  2.425341E-07  7.165750E-04  9.753898E-04  1.561722E-05  4.726153E-05  5.988120E-05  7.203326E-06
 2.751500E+02  1.778594E-01  9.653538E-05  1.354931E-08  1.779580E-08  1.980219E-08  2.362649E-08  6.894042E-01  3.641934E-03  1.949903E-04  8.270267E-02  2.140434E-04  5.298171E-06  8.020804E-08  1.164636E-02  1.124343E-05  3.713181E-05  9.948199E-07  3.239987E-02  4.440879E-06  2.652623E-07  2.325281E-07  7.028220E-04  9.566108E-04  1.455644E-05  4.388120E-05  5.562028E-05  6.773164E-06
 2.761500E+02  1.782661E-01  9.525244E-05  1.300895E-08  1.709178E-08  1.902019E-08  2.270052E-08  6.896580E-01  3.558467E-03  1.803810E-04  8.299707E-02  2.105699E-04  4.956191E-06  7.790601E-08  1.138092E-02  1.052449E-05  3.486846E-05  9.455554E-07  3.185706E-02  4.202502E-06  2.545923E-07  2.229851E-07  6.893973E-04  9.382827E-04  1.357334E-05  4.076303E-05  5.168829E-05  6.371155E-06
 2.771500E+02  1.786634E-01  9.399122E-05  1.249314E-08  1.641952E-08  1.827342E-08  2.181598E-08  6.899033E-01  3.477526E-03  1.669636E-04  8.328537E-02  2.071569E-04  4.637833E-06  7.567586E-08  1.112319E-02  9.856205E-06  3.275797E-05  8.990387E-07  3.132504E-02  3.978067E-06  2.444052E-07  2.138820E-07  6.762926E-04  9.203939E-04  1.266186E-05  3.788525E-05  4.805803E-05  5.995316E-06
 2.781500E+02  1.790516E-01  9.275140E-05  1.200067E-08  1.577746E-08  1.756013E-08  2.097083E-08  6.901406E-01  3.399020E-03  1.546336E-04  8.356769E-02  2.038036E-04  4.341374E-06  7.351542E-08  1.087292E-02  9.234724E-06  3.078909E-05  8.551016E-07  3.080362E-02  3.766703E-06  2.346773E-07  2.051969E-07  6.634996E-04  9.029332E-04  1.181645E-05  3.522800E-05  4.470468E-05  5.643809E-06
 2.791500E+02  1.794309E-01  9.153268E-05  1.153038E-08  1.516411E-08  1.687869E-08  2.016317E-08  6.903701E-01  3.322865E-03  1.432961E-04  8.384416E-02  2.005095E-04  4.065224E-06  7.142255E-08  1.062985E-02  8.656487E-06  2.895150E-05  8.135875E-07  3.029260E-02  3.567598E-06  2.253862E-07  1.969090E-07  6.510104E-04  8.858896E-04  1.103201E-05  3.277316E-05  4.160559E-05  5.314938E-06
 2.801500E+02  1.798015E-01  9.033475E-05  1.108117E-08  1.457806E-08  1.622753E-08  1.939116E-08  6.905922E-01  3.248975E-03  1.328652E-04  8.411490E-02  1.972739E-04  3.807911E-06  6.939518E-08  1.039376E-02  8.118229E-06  2.723565E-05  7.743496E-07  2.979180E-02  3.379992E-06  2.165107E-07  1.889986E-07  6.388173E-04  8.692521E-04  1.030384E-05  3.050420E-05  3.874008E-05  5.007130E-06
 2.811500E+02  1.801636E-01  8.915731E-05  1.065202E-08  1.401798E-08  1.560518E-08  1.865308E-08  6.908071E-01  3.177271E-03  1.232627E-04  8.438003E-02  1.940960E-04  3.568078E-06  6.743128E-08  1.016441E-02  7.616951E-06  2.563276E-05  7.372508E-07  2.930103E-02  3.203175E-06  2.080307E-07  1.814471E-07  6.269126E-04  8.530104E-04  9.627643E-06  2.840602E-05  3.608924E-05  4.718929E-06
 2.821500E+02  1.805175E-01  8.800003E-05  1.024193E-08  1.348261E-08  1.501025E-08  1.794729E-08  6.910153E-01  3.107675E-03  1.144178E-04  8.463967E-02  1.909752E-04  3.344468E-06  6.552887E-08  9.941571E-03  7.149891E-06  2.413473E-05  7.021631E-07  2.882011E-02  3.036483E-06  1.999269E-07  1.742368E-07  6.152890E-04  8.371542E-04  8.999461E-06  2.646482E-05  3.363582E-05  4.448986E-06
 2.831500E+02  1.808633E-01  8.686262E-05  9.849975E-09  1.297075E-08  1.444139E-08  1.727224E-08  6.912169E-01  3.040115E-03  1.062660E-04  8.489394E-02  1.879107E-04  3.135919E-06  6.368603E-08  9.725041E-03  6.714514E-06  2.273408E-05  6.689666E-07  2.834884E-02  2.879296E-06  1.921813E-07  1.673510E-07  6.039391E-04  8.216733E-04  8.415651E-06  2.466799E-05  3.136401E-05  4.196052E-06
 2.841500E+02  1.812013E-01  8.574475E-05  9.475277E-09  1.248126E-08  1.389737E-08  1.662646E-08  6.914122E-01  2.974519E-03  9.874884E-05  8.514295E-02  1.849018E-04  2.941356E-06  6.190087E-08  9.514610E-03  6.308481E-06  2.142389E-05  6.375490E-07  2.788703E-02  2.731032E-06  1.847766E-07  1.607738E-07  5.928559E-04  8.065581E-04  7.872867E-06  2.300399E-05  2.925936E-05  3.958966E-06
 2.851500E+02  1.815316E-01  8.464612E-05  9.116996E-09  1.201307E-08  1.337697E-08  1.600854E-08  6.916016E-01  2.910818E-03  9.181292E-05  8.538680E-02  1.819476E-04  2.759785E-06  6.017159E-08  9.310079E-03  5.929642E-06  2.019780E-05  6.078054E-07  2.743452E-02  2.591147E-06  1.776964E-07  1.544900E-07  5.820326E-04  7.917989E-04  7.368026E-06  2.146227E-05  2.730866E-05  3.736656E-06
 2.861500E+02  1.818544E-01  8.356642E-05  8.774339E-09  1.156515E-08  1.287907E-08  1.541716E-08  6.917851E-01  2.848948E-03  8.540977E-05  8.562562E-02  1.790474E-04  2.590284E-06  5.849640E-08  9.111254E-03  5.576015E-06  1.904991E-05  5.796375E-07  2.699111E-02  2.459134E-06  1.709254E-07  1.484855E-07  5.714624E-04  7.773866E-04  6.898292E-06  2.003317E-05  2.549979E-05  3.528124E-06
 2.871500E+02  1.821700E-01  8.250533E-05  8.446554E-09  1.113653E-08  1.240260E-08  1.485106E-08  6.919632E-01  2.788845E-03  7.949523E-05  8.585952E-02  1.762004E-04  2.432003E-06  5.687358E-08  8.917953E-03  5.245773E-06  1.797476E-05  5.529532E-07  2.655663E-02  2.334516E-06  1.644486E-07  1.427466E-07  5.611387E-04  7.633121E-04  6.461054E-06  1.870783E-05  2.382165E-05  3.332446E-06
 2.881500E+02  1.824784E-01  8.146256E-05  8.132928E-09  1.072631E-08  1.194653E-08  1.430905E-08  6.921359E-01  2.730449E-03  7.402902E-05  8.608859E-02  1.734059E-04  2.284153E-06  5.530145E-08  8.729995E-03  4.937232E-06  1.696732E-05  5.276664E-07  2.613090E-02  2.216848E-06  1.582521E-07  1.372606E-07  5.510552E-04  7.495665E-04  6.053905E-06  1.747816E-05  2.226407E-05  3.148763E-06
 2.891500E+02  1.827799E-01  8.043779E-05  7.832785E-09  1.033359E-08  1.150991E-08  1.379000E-08  6.923034E-01  2.673701E-03  6.897443E-05  8.631294E-02  1.706629E-04  2.146002E-06  5.377839E-08  8.547210E-03  4.648839E-06  1.602292E-05  5.036962E-07  2.571374E-02  2.105713E-06  1.523227E-07  1.320152E-07  5.412056E-04  7.361412E-04  5.674628E-06  1.633671E-05  2.081772E-05  2.976277E-06
 2.901500E+02  1.830747E-01  7.943073E-05  7.545482E-09  9.957559E-09  1.109181E-08  1.329282E-08  6.924661E-01  2.618546E-03  6.429796E-05  8.653267E-02  1.679707E-04  2.016874E-06  5.230281E-08  8.369430E-03  4.379158E-06  1.513725E-05  4.809669E-07  2.530498E-02  2.000720E-06  1.466478E-07  1.269989E-07  5.315839E-04  7.230280E-04  5.321179E-06  1.527667E-05  1.947404E-05  2.814249E-06
 2.911500E+02  1.833629E-01  7.844107E-05  7.270412E-09  9.597428E-09  1.069135E-08  1.281649E-08  6.926240E-01  2.564930E-03  5.996904E-05  8.674789E-02  1.653285E-04  1.896142E-06  5.087319E-08  8.196496E-03  4.126865E-06  1.430631E-05  4.594074E-07  2.490445E-02  1.901503E-06  1.412152E-07  1.222006E-07  5.221842E-04  7.102186E-04  4.991672E-06  1.429179E-05  1.822519E-05  2.661990E-06
 2.921500E+02  1.836447E-01  7.746850E-05  7.006997E-09  9.252451E-09  1.030772E-08  1.236005E-08  6.927773E-01  2.512802E-03  5.595973E-05  8.695869E-02  1.627355E-04  1.783225E-06  4.948803E-08  8.028253E-03  3.890738E-06  1.352639E-05  4.389512E-07  2.451198E-02  1.807720E-06  1.360138E-07  1.176101E-07  5.130007E-04  6.977050E-04  4.684368E-06  1.337632E-05  1.706394E-05  2.518860E-06
 2.931500E+02  1.839202E-01  7.651275E-05  6.754687E-09  8.921918E-09  9.940136E-09  1.192256E-08  6.929262E-01  2.462110E-03  5.224449E-05  8.716517E-02  1.601909E-04  1.677583E-06  4.814590E-08  7.864552E-03  3.669645E-06  1.279406E-05  4.195358E-07  2.412740E-02  1.719048E-06  1.310326E-07  1.132173E-07  5.040278E-04  6.854797E-04  4.397662E-06  1.252498E-05  1.598366E-05  2.384264E-06
 2.941500E+02  1.841896E-01  7.557350E-05  6.512964E-09  8.605159E-09  9.587841E-09  1.150317E-08  6.930709E-01  2.412809E-03  4.879999E-05  8.736743E-02  1.576937E-04  1.578718E-06  4.684539E-08  7.705250E-03  3.462541E-06  1.210614E-05  4.011024E-07  2.375056E-02  1.635189E-06  1.262614E-07  1.090130E-07  4.952601E-04  6.735351E-04  4.130071E-06  1.173294E-05  1.497826E-05  2.257650E-06
 2.951500E+02  1.844530E-01  7.465047E-05  6.281333E-09  8.301534E-09  9.250132E-09  1.110102E-08  6.932115E-01  2.364851E-03  4.560487E-05  8.756555E-02  1.552434E-04  1.486164E-06  4.558514E-08  7.550207E-03  3.268460E-06  1.145968E-05  3.835961E-07  2.338128E-02  1.555858E-06  1.216904E-07  1.049883E-07  4.866922E-04  6.618638E-04  3.880229E-06  1.099573E-05  1.404214E-05  2.138503E-06
 2.961500E+02  1.847107E-01  7.374338E-05  6.059324E-09  8.010437E-09  8.926335E-09  1.071534E-08  6.933482E-01  2.318193E-03  4.263956E-05  8.775963E-02  1.528389E-04  1.399493E-06  4.436386E-08  7.399289E-03  3.086505E-06  1.085193E-05  3.669650E-07  2.301942E-02  1.480792E-06  1.173104E-07  1.011345E-07  4.783191E-04  6.504587E-04  3.646868E-06  1.030925E-05  1.317014E-05  2.026343E-06
 2.971500E+02  1.849626E-01  7.285193E-05  5.846492E-09  7.731291E-09  8.615813E-09  1.034537E-08  6.934810E-01  2.272792E-03  3.988618E-05  8.794975E-02  1.504796E-04  1.318305E-06  4.318026E-08  7.252368E-03  2.915848E-06  1.028034E-05  3.511608E-07  2.266481E-02  1.409742E-06  1.131126E-07  9.744390E-08  4.701356E-04  6.393130E-04  3.428822E-06  9.669740E-06  1.235752E-05  1.920724E-06
 2.981500E+02  1.852091E-01  7.197585E-05  5.642414E-09  7.463549E-09  8.317957E-09  9.990389E-09  6.936102E-01  2.228606E-03  3.732829E-05  8.813601E-02  1.481645E-04  1.242229E-06  4.203311E-08  7.109319E-03  2.755723E-06  9.742560E-06  3.361376E-07  2.231730E-02  1.342475E-06  1.090886E-07  9.390869E-08  4.621368E-04  6.284199E-04  3.225009E-06  9.073723E-06  1.159991E-05  1.821230E-06
 2.991500E+02  1.854502E-01  7.111486E-05  5.446689E-09  7.206690E-09  8.032190E-09  9.649728E-09  6.937359E-01  2.185598E-03  3.495085E-05  8.831849E-02  1.458930E-04  1.170922E-06  4.092122E-08  6.970022E-03  2.605417E-06  9.236385E-06  3.218526E-07  2.197674E-02  1.278774E-06  1.052304E-07  9.052168E-08  4.543181E-04  6.177728E-04  3.034429E-06  8.518003E-06  1.089328E-05  1.727475E-06
 3.001500E+02  1.856860E-01  7.026869E-05  5.258933E-09  6.960221E-09  7.757965E-09  9.322738E-09  6.938581E-01  2.143727E-03  3.274005E-05  8.849727E-02  1.436643E-04  1.104063E-06  3.984343E-08  6.834359E-03  2.464271E-06  8.759775E-06  3.082656E-07  2.164299E-02  1.218433E-06  1.015304E-07  8.727599E-08  4.466747E-04  6.073654E-04  2.856159E-06  7.999633E-06  1.023391E-05  1.639097E-06
 3.011500E+02  1.859167E-01  6.943706E-05  5.078785E-09  6.723670E-09  7.494759E-09  9.008805E-09  6.939770E-01  2.102959E-03  3.068323E-05  8.867244E-02  1.414775E-04  1.041355E-06  3.879863E-08  6.702219E-03  2.331673E-06  8.310831E-06  2.953384E-07  2.131589E-02  1.161260E-06  9.798152E-08  8.416509E-08  4.392022E-04  5.971914E-04  2.689341E-06  7.515900E-06  9.618401E-06  1.555760E-06
 3.021500E+02  1.861424E-01  6.861970E-05  4.905898E-09  6.496590E-09  7.242076E-09  8.707344E-09  6.940928E-01  2.063257E-03  2.876874E-05  8.884407E-02  1.393319E-04  9.825232E-07  3.778574E-08  6.573495E-03  2.207057E-06  7.887784E-06  2.830355E-07  2.099531E-02  1.107073E-06  9.457686E-08  8.118278E-08  4.318962E-04  5.872449E-04  2.533183E-06  7.064299E-06  9.043579E-06  1.477150E-06
 3.031500E+02  1.863633E-01  6.781636E-05  4.739945E-09  6.278557E-09  6.999444E-09  8.417800E-09  6.942054E-01  2.024588E-03  2.698590E-05  8.901225E-02  1.372267E-04  9.273101E-07  3.680371E-08  6.448080E-03  2.089895E-06  7.488992E-06  2.713233E-07  2.068111E-02  1.055705E-06  9.130992E-08  7.832315E-08  4.247524E-04  5.775199E-04  2.386951E-06  6.642519E-06  8.506536E-06  1.402974E-06
 3.041500E+02  1.865793E-01  6.702678E-05  4.580614E-09  6.069167E-09  6.766416E-09  8.139643E-09  6.943151E-01  1.986919E-03  2.532486E-05  8.917705E-02  1.351612E-04  8.754774E-07  3.585153E-08  6.325875E-03  1.979699E-06  7.112922E-06  2.601702E-07  2.037314E-02  1.006994E-06  8.817449E-08  7.558061E-08  4.177666E-04  5.680108E-04  2.249965E-06  6.248429E-06  8.004583E-06  1.332959E-06
 3.051500E+02  1.867908E-01  6.625070E-05  4.427609E-09  5.868033E-09  6.542564E-09  7.872372E-09  6.944219E-01  1.950219E-03  2.377660E-05  8.933854E-02  1.331347E-04  8.268029E-07  3.492822E-08  6.206781E-03  1.876014E-06  6.758148E-06  2.495464E-07  2.007127E-02  9.607922E-07  8.516468E-08  7.294982E-08  4.109348E-04  5.587120E-04  2.121595E-06  5.880059E-06  7.535234E-06  1.266850E-06
 3.061500E+02  1.869977E-01  6.548787E-05  4.280647E-09  5.674792E-09  6.327481E-09  7.615505E-09  6.945259E-01  1.914458E-03  2.233278E-05  8.949680E-02  1.311463E-04  7.810803E-07  3.403284E-08  6.090705E-03  1.778417E-06  6.423340E-06  2.394239E-07  1.977538E-02  9.169579E-07  8.227491E-08  7.042571E-08  4.042531E-04  5.496182E-04  2.001254E-06  5.535590E-06  7.096194E-06  1.204408E-06
 3.071500E+02  1.872003E-01  6.473804E-05  4.139460E-09  5.489093E-09  6.120782E-09  7.368589E-09  6.946272E-01  1.879605E-03  2.098576E-05  8.965191E-02  1.291953E-04  7.381174E-07  3.316446E-08  5.977555E-03  1.686517E-06  6.107260E-06  2.297762E-07  1.948533E-02  8.753592E-07  7.949981E-08  6.800348E-08  3.977177E-04  5.407240E-04  1.888402E-06  5.213342E-06  6.685340E-06  1.145411E-06
 3.081500E+02  1.873985E-01  6.400097E-05  4.003793E-09  5.310606E-09  5.922099E-09  7.131188E-09  6.947259E-01  1.845633E-03  1.972847E-05  8.980393E-02  1.272811E-04  6.977352E-07  3.232221E-08  5.867244E-03  1.599947E-06  5.808752E-06  2.205785E-07  1.920099E-02  8.358718E-07  7.683433E-08  6.567853E-08  3.913248E-04  5.320244E-04  1.782535E-06  4.911760E-06  6.300709E-06  1.089650E-06
 3.091500E+02  1.875925E-01  6.327642E-05  3.873402E-09  5.139016E-09  5.731081E-09  6.902889E-09  6.948221E-01  1.812515E-03  1.855441E-05  8.995292E-02  1.254029E-04  6.597671E-07  3.150523E-08  5.759688E-03  1.518368E-06  5.526737E-06  2.118073E-07  1.892224E-02  7.983786E-07  7.427362E-08  6.344650E-08  3.850709E-04  5.235144E-04  1.683186E-06  4.629406E-06  5.940485E-06  1.036932E-06
 3.101500E+02  1.877825E-01  6.256415E-05  3.748057E-09  4.974020E-09  5.547395E-09  6.683299E-09  6.949158E-01  1.780225E-03  1.745758E-05  9.009897E-02  1.235600E-04  6.240580E-07  3.071269E-08  5.654802E-03  1.441464E-06  5.260209E-06  2.034405E-07  1.864897E-02  7.627698E-07  7.181308E-08  6.130325E-08  3.789523E-04  5.151892E-04  1.589921E-06  4.364951E-06  5.602986E-06  9.870734E-07
 3.111500E+02  1.879684E-01  6.186393E-05  3.627536E-09  4.815335E-09  5.370722E-09  6.472041E-09  6.950072E-01  1.748737E-03  1.643246E-05  9.024213E-02  1.217517E-04  5.904633E-07  2.994379E-08  5.552510E-03  1.368939E-06  5.008229E-06  1.954573E-07  1.838104E-02  7.289418E-07  6.944833E-08  5.924484E-08  3.729658E-04  5.070441E-04  1.502337E-06  4.117161E-06  5.286655E-06  9.399052E-07
 3.121500E+02  1.881505E-01  6.117554E-05  3.511631E-09  4.662686E-09  5.200762E-09  6.268760E-09  6.950962E-01  1.718026E-03  1.547395E-05  9.038246E-02  1.199774E-04  5.588482E-07  2.919777E-08  5.452733E-03  1.300520E-06  4.769920E-06  1.878379E-07  1.811834E-02  6.967974E-07  6.717519E-08  5.726751E-08  3.671079E-04  4.990745E-04  1.420059E-06  3.884898E-06  4.990049E-06  8.952679E-07
 3.131500E+02  1.883288E-01  6.049875E-05  3.400141E-09  4.515815E-09  5.037224E-09  6.073113E-09  6.951831E-01  1.688070E-03  1.457732E-05  9.052004E-02  1.182364E-04  5.290872E-07  2.847387E-08  5.355399E-03  1.235951E-06  4.544460E-06  1.805637E-07  1.786076E-02  6.662449E-07  6.498969E-08  5.536767E-08  3.613754E-04  4.912760E-04  1.342741E-06  3.667103E-06  4.711832E-06  8.530124E-07
 3.141500E+02  1.885033E-01  5.983334E-05  3.292877E-09  4.374474E-09  4.879835E-09  5.884777E-09  6.952678E-01  1.658846E-03  1.373822E-05  9.065492E-02  1.165280E-04  5.010631E-07  2.777138E-08  5.260434E-03  1.174992E-06  4.331084E-06  1.736173E-07  1.760819E-02  6.371980E-07  6.288803E-08  5.354194E-08  3.557653E-04  4.836444E-04  1.270057E-06  3.462798E-06  4.450765E-06  8.129992E-07
 3.151500E+02  1.886743E-01  5.917909E-05  3.189656E-09  4.238426E-09  4.728333E-09  5.703443E-09  6.953504E-01  1.630332E-03  1.295264E-05  9.078717E-02  1.148516E-04  4.746666E-07  2.708959E-08  5.167771E-03  1.117422E-06  4.129076E-06  1.669821E-07  1.736052E-02  6.095754E-07  6.086661E-08  5.178707E-08  3.502743E-04  4.761753E-04  1.201708E-06  3.271073E-06  4.205696E-06  7.750975E-07
 3.161500E+02  1.888417E-01  5.853580E-05  3.090308E-09  4.107449E-09  4.582469E-09  5.528814E-09  6.954310E-01  1.602506E-03  1.221684E-05  9.091683E-02  1.132065E-04  4.497959E-07  2.642784E-08  5.077343E-03  1.063032E-06  3.937764E-06  1.606423E-07  1.711763E-02  5.833006E-07  5.892199E-08  5.009997E-08  3.448996E-04  4.688647E-04  1.137413E-06  3.091088E-06  3.975561E-06  7.391849E-07
 3.171500E+02  1.890056E-01  5.790325E-05  2.994666E-09  3.981326E-09  4.442003E-09  5.360609E-09  6.955096E-01  1.575349E-03  1.152739E-05  9.104398E-02  1.115921E-04  4.263557E-07  2.578548E-08  4.989083E-03  1.011630E-06  3.756522E-06  1.545833E-07  1.687944E-02  5.583016E-07  5.705088E-08  4.847771E-08  3.396382E-04  4.617087E-04  1.076911E-06  2.922059E-06  3.759367E-06  7.051466E-07
 3.181500E+02  1.891662E-01  5.728124E-05  2.902574E-09  3.859855E-09  4.306710E-09  5.198561E-09  6.955864E-01  1.548840E-03  1.088111E-05  9.116866E-02  1.100078E-04  4.042572E-07  2.516187E-08  4.902931E-03  9.630336E-07  3.584761E-06  1.487911E-07  1.664582E-02  5.345103E-07  5.525016E-08  4.691748E-08  3.344874E-04  4.547034E-04  1.019961E-06  2.763260E-06  3.556197E-06  6.728750E-07
 3.191500E+02  1.893236E-01  5.666956E-05  2.813883E-09  3.742839E-09  4.176374E-09  5.042413E-09  6.956612E-01  1.522961E-03  1.027503E-05  9.129093E-02  1.084530E-04  3.834176E-07  2.455641E-08  4.818826E-03  9.170743E-07  3.421933E-06  1.432524E-07  1.641669E-02  5.118627E-07  5.351684E-08  4.541662E-08  3.294443E-04  4.478450E-04  9.663344E-07  2.614019E-06  3.365194E-06  6.422692E-07
 3.201500E+02  1.894777E-01  5.606803E-05  2.728449E-09  3.630094E-09  4.050787E-09  4.891920E-09  6.957343E-01  1.497692E-03  9.706444E-06  9.141084E-02  1.069271E-04  3.637593E-07  2.396851E-08  4.736708E-03  8.735941E-07  3.267523E-06  1.379549E-07  1.619194E-02  4.902984E-07  5.184809E-08  4.397259E-08  3.245064E-04  4.411299E-04  9.158222E-07  2.473708E-06  3.185565E-06  6.132345E-07
 3.211500E+02  1.896287E-01  5.547645E-05  2.646137E-09  3.521443E-09  3.929752E-09  4.746850E-09  6.958057E-01  1.473018E-03  9.172804E-06  9.152845E-02  1.054295E-04  3.452100E-07  2.339761E-08  4.656523E-03  8.324451E-07  3.121046E-06  1.328865E-07  1.597148E-02  4.697606E-07  5.024119E-08  4.258295E-08  3.196710E-04  4.345545E-04  8.682276E-07  2.341744E-06  3.016572E-06  5.856820E-07
 3.221500E+02  1.897766E-01  5.489463E-05  2.566817E-09  3.416715E-09  3.813083E-09  4.606980E-09  6.958754E-01  1.448919E-03  8.671769E-06  9.164380E-02  1.039596E-04  3.277020E-07  2.284316E-08  4.578213E-03  7.934894E-07  2.982052E-06  1.280363E-07  1.575521E-02  4.501953E-07  4.869355E-08  4.124540E-08  3.149356E-04  4.281154E-04  8.233677E-07  2.217588E-06  2.857529E-06  5.595284E-07
 3.231500E+02  1.899216E-01  5.432238E-05  2.490365E-09  3.315749E-09  3.700599E-09  4.472097E-09  6.959434E-01  1.425381E-03  8.201160E-06  9.175695E-02  1.025169E-04  3.111720E-07  2.230463E-08  4.501728E-03  7.565976E-07  2.850116E-06  1.233936E-07  1.554305E-02  4.315521E-07  4.720271E-08  3.995775E-08  3.102977E-04  4.218093E-04  7.810716E-07  2.100735E-06  2.707795E-06  5.346953E-07
 3.241500E+02  1.900637E-01  5.375951E-05  2.416664E-09  3.218392E-09  3.592130E-09  4.341999E-09  6.960099E-01  1.402386E-03  7.758959E-06  9.186795E-02  1.011009E-04  2.955610E-07  2.178151E-08  4.427015E-03  7.216489E-07  2.724839E-06  1.189485E-07  1.533491E-02  4.137830E-07  4.576630E-08  3.871788E-08  3.057550E-04  4.156328E-04  7.411801E-07  1.990717E-06  2.566777E-06  5.111091E-07
 3.251500E+02  1.902029E-01  5.320586E-05  2.345599E-09  3.124496E-09  3.487512E-09  4.216491E-09  6.960748E-01  1.379919E-03  7.343290E-06  9.197684E-02  9.971090E-05  2.808136E-07  2.127331E-08  4.354024E-03  6.885301E-07  2.605848E-06  1.146913E-07  1.513068E-02  3.968430E-07  4.438208E-08  3.752379E-08  3.013052E-04  4.095829E-04  7.035445E-07  1.887097E-06  2.433921E-06  4.887009E-07
 3.261500E+02  1.903394E-01  5.266125E-05  2.277064E-09  3.033921E-09  3.386588E-09  4.095390E-09  6.961382E-01  1.357966E-03  6.952412E-06  9.208367E-02  9.834648E-05  2.668781E-07  2.077955E-08  4.282709E-03  6.571350E-07  2.492792E-06  1.106132E-07  1.493030E-02  3.806893E-07  4.304791E-08  3.637357E-08  2.969460E-04  4.036563E-04  6.680260E-07  1.789470E-06  2.308711E-06  4.674056E-07
 3.271500E+02  1.904731E-01  5.212550E-05  2.210955E-09  2.946533E-09  3.289210E-09  3.978517E-09  6.962001E-01  1.336512E-03  6.584706E-06  9.218848E-02  9.700708E-05  2.537060E-07  2.029977E-08  4.213021E-03  6.273645E-07  2.385343E-06  1.067057E-07  1.473368E-02  3.652818E-07  4.176173E-08  3.526541E-08  2.926751E-04  3.978501E-04  6.344951E-07  1.697457E-06  2.190667E-06  4.471622E-07
 3.281500E+02  1.906042E-01  5.159844E-05  2.147175E-09  2.862202E-09  3.195235E-09  3.865704E-09  6.962607E-01  1.315542E-03  6.238671E-06  9.229132E-02  9.569220E-05  2.412520E-07  1.983352E-08  4.144917E-03  5.991253E-07  2.283190E-06  1.029607E-07  1.454073E-02  3.505823E-07  4.052158E-08  3.419755E-08  2.884905E-04  3.921614E-04  6.028305E-07  1.610705E-06  2.079339E-06  4.279132E-07
 3.291500E+02  1.907328E-01  5.107991E-05  2.085630E-09  2.780808E-09  3.104528E-09  3.756789E-09  6.963198E-01  1.295043E-03  5.912906E-06  9.239224E-02  9.440134E-05  2.294735E-07  1.938038E-08  4.078353E-03  5.723303E-07  2.186044E-06  9.937053E-08  1.435138E-02  3.365551E-07  3.932560E-08  3.316834E-08  2.843900E-04  3.865874E-04  5.729193E-07  1.528887E-06  1.974311E-06  4.096047E-07
 3.301500E+02  1.908588E-01  5.056975E-05  2.026229E-09  2.702233E-09  3.016957E-09  3.651619E-09  6.963777E-01  1.275003E-03  5.606113E-06  9.249127E-02  9.313400E-05  2.183310E-07  1.893994E-08  4.013286E-03  5.468974E-07  2.093631E-06  9.592798E-08  1.416555E-02  3.231661E-07  3.817200E-08  3.217619E-08  2.803717E-04  3.811252E-04  5.446555E-07  1.451695E-06  1.875193E-06  3.921858E-07
 3.311500E+02  1.909823E-01  5.006780E-05  1.968889E-09  2.626364E-09  2.932399E-09  3.550045E-09  6.964342E-01  1.255409E-03  5.317080E-06  9.258845E-02  9.188971E-05  2.077870E-07  1.851178E-08  3.949675E-03  5.227501E-07  2.005693E-06  9.262618E-08  1.398315E-02  3.103833E-07  3.705908E-08  3.121958E-08  2.764336E-04  3.757722E-04  5.179403E-07  1.378843E-06  1.781621E-06  3.756087E-07
 3.321500E+02  1.911035E-01  4.957390E-05  1.913526E-09  2.553096E-09  2.850735E-09  3.451926E-09  6.964895E-01  1.236247E-03  5.044680E-06  9.268383E-02  9.066800E-05  1.978066E-07  1.809553E-08  3.887481E-03  4.998161E-07  1.921991E-06  8.945862E-08  1.380412E-02  2.981763E-07  3.598519E-08  3.029708E-08  2.725738E-04  3.705257E-04  4.926811E-07  1.310064E-06  1.693255E-06  3.598283E-07
 3.331500E+02  1.912223E-01  4.908789E-05  1.860062E-09  2.482326E-09  2.771851E-09  3.357128E-09  6.965435E-01  1.217508E-03  4.787865E-06  9.277745E-02  8.946840E-05  1.883572E-07  1.769080E-08  3.826666E-03  4.780278E-07  1.842295E-06  8.641912E-08  1.362839E-02  2.865164E-07  3.494879E-08  2.940729E-08  2.687903E-04  3.653832E-04  4.687915E-07  1.245110E-06  1.609779E-06  3.448023E-07
 3.341500E+02  1.913388E-01  4.860964E-05  1.808423E-09  2.413955E-09  2.695639E-09  3.265521E-09  6.965964E-01  1.199178E-03  4.545657E-06  9.286934E-02  8.829046E-05  1.794080E-07  1.729724E-08  3.767193E-03  4.573217E-07  1.766393E-06  8.350180E-08  1.345588E-02  2.753765E-07  3.394839E-08  2.854890E-08  2.650814E-04  3.603423E-04  4.461903E-07  1.183748E-06  1.530896E-06  3.304907E-07
 3.351500E+02  1.914531E-01  4.813899E-05  1.758537E-09  2.347892E-09  2.621994E-09  3.176981E-09  6.966481E-01  1.181247E-03  4.317143E-06  9.295955E-02  8.713373E-05  1.709301E-07  1.691451E-08  3.709024E-03  4.376380E-07  1.694083E-06  8.070110E-08  1.328652E-02  2.647309E-07  3.298255E-08  2.772066E-08  2.614453E-04  3.554005E-04  4.248017E-07  1.125759E-06  1.456329E-06  3.168558E-07
 3.361500E+02  1.915652E-01  4.767580E-05  1.710336E-09  2.284045E-09  2.550818E-09  3.091392E-09  6.966987E-01  1.163704E-03  4.101476E-06  9.304810E-02  8.599779E-05  1.628967E-07  1.654225E-08  3.652126E-03  4.189208E-07  1.625175E-06  7.801173E-08  1.312025E-02  2.545554E-07  3.204993E-08  2.692135E-08  2.578803E-04  3.505555E-04  4.045547E-07  1.070942E-06  1.385819E-06  3.038621E-07
 3.371500E+02  1.916751E-01  4.721992E-05  1.663755E-09  2.222330E-09  2.482014E-09  3.008638E-09  6.967481E-01  1.146539E-03  3.897861E-06  9.313504E-02  8.488220E-05  1.552823E-07  1.618015E-08  3.596465E-03  4.011172E-07  1.559490E-06  7.542866E-08  1.295700E-02  2.448268E-07  3.114921E-08  2.614982E-08  2.543847E-04  3.458049E-04  3.853826E-07  1.019105E-06  1.319126E-06  2.914762E-07
 3.381500E+02  1.917830E-01  4.677123E-05  1.618730E-09  2.162664E-09  2.415492E-09  2.928613E-09  6.967965E-01  1.129741E-03  3.705560E-06  9.322039E-02  8.378655E-05  1.480632E-07  1.582788E-08  3.542008E-03  3.841777E-07  1.496859E-06  7.294714E-08  1.279670E-02  2.355234E-07  3.027914E-08  2.540497E-08  2.509570E-04  3.411466E-04  3.672232E-07  9.700725E-07  1.256021E-06  2.796666E-07
 3.391500E+02  1.918888E-01  4.632958E-05  1.575202E-09  2.104970E-09  2.351165E-09  2.851212E-09  6.968439E-01  1.113302E-03  3.523882E-06  9.330420E-02  8.271044E-05  1.412170E-07  1.548516E-08  3.488722E-03  3.680555E-07  1.437125E-06  7.056261E-08  1.263929E-02  2.266247E-07  2.943855E-08  2.468575E-08  2.475954E-04  3.365784E-04  3.500179E-07  9.236767E-07  1.196294E-06  2.684034E-07
 3.401500E+02  1.919926E-01  4.589484E-05  1.533114E-09  2.049171E-09  2.288949E-09  2.776337E-09  6.968902E-01  1.097210E-03  3.352182E-06  9.338650E-02  8.165346E-05  1.347226E-07  1.515167E-08  3.436578E-03  3.527069E-07  1.380138E-06  6.827077E-08  1.248472E-02  2.181110E-07  2.862627E-08  2.399115E-08  2.442984E-04  3.320981E-04  3.337120E-07  8.797625E-07  1.139745E-06  2.576586E-07
 3.411500E+02  1.920945E-01  4.546689E-05  1.492410E-09  1.995197E-09  2.228764E-09  2.703891E-09  6.969356E-01  1.081458E-03  3.189858E-06  9.346731E-02  8.061522E-05  1.285604E-07  1.482714E-08  3.385546E-03  3.380905E-07  1.325755E-06  6.606753E-08  1.233291E-02  2.099639E-07  2.784124E-08  2.332021E-08  2.410646E-04  3.277038E-04  3.182539E-07  8.381844E-07  1.086190E-06  2.474057E-07
 3.421500E+02  1.921945E-01  4.504559E-05  1.453039E-09  1.942978E-09  2.170534E-09  2.633784E-09  6.969800E-01  1.066036E-03  3.036347E-06  9.354667E-02  7.959534E-05  1.227119E-07  1.451129E-08  3.335596E-03  3.241674E-07  1.273845E-06  6.394898E-08  1.218381E-02  2.021658E-07  2.708239E-08  2.267201E-08  2.378926E-04  3.233935E-04  3.035954E-07  7.988059E-07  1.035454E-06  2.376196E-07
 3.431500E+02  1.922926E-01  4.463082E-05  1.414949E-09  1.892449E-09  2.114185E-09  2.565929E-09  6.970235E-01  1.050936E-03  2.891123E-06  9.362462E-02  7.859344E-05  1.171596E-07  1.420386E-08  3.286700E-03  3.109010E-07  1.224280E-06  6.191141E-08  1.203737E-02  1.947001E-07  2.634872E-08  2.204567E-08  2.347807E-04  3.191651E-04  2.896913E-07  7.614994E-07  9.873751E-07  2.282767E-07
 3.441500E+02  1.923889E-01  4.422246E-05  1.378093E-09  1.843546E-09  2.059647E-09  2.500242E-09  6.970660E-01  1.036150E-03  2.753694E-06  9.370118E-02  7.760917E-05  1.118872E-07  1.390459E-08  3.238831E-03  2.982568E-07  1.176943E-06  5.995132E-08  1.189352E-02  1.875511E-07  2.563929E-08  2.144034E-08  2.317278E-04  3.150168E-04  2.764990E-07  7.261451E-07  9.417991E-07  2.193546E-07
 3.451500E+02  1.924834E-01  4.382039E-05  1.342424E-09  1.796208E-09  2.006853E-09  2.436643E-09  6.971077E-01  1.021668E-03  2.623600E-06  9.377638E-02  7.664215E-05  1.068792E-07  1.361323E-08  3.191963E-03  2.862022E-07  1.131721E-06  5.806532E-08  1.175221E-02  1.807037E-07  2.495317E-08  2.085521E-08  2.287323E-04  3.109468E-04  2.639785E-07  6.926308E-07  8.985835E-07  2.108322E-07
 3.461500E+02  1.925762E-01  4.342449E-05  1.307898E-09  1.750379E-09  1.955738E-09  2.375054E-09  6.971485E-01  1.007484E-03  2.500409E-06  9.385025E-02  7.569204E-05  1.021212E-07  1.332954E-08  3.146070E-03  2.747065E-07  1.088509E-06  5.625024E-08  1.161339E-02  1.741439E-07  2.428947E-08  2.028952E-08  2.257931E-04  3.069532E-04  2.520925E-07  6.608513E-07  8.575937E-07  2.026897E-07
 3.471500E+02  1.926673E-01  4.303465E-05  1.274474E-09  1.706001E-09  1.906241E-09  2.315403E-09  6.971885E-01  9.935898E-04  2.383718E-06  9.392282E-02  7.475850E-05  9.759951E-08  1.305329E-08  3.101127E-03  2.637409E-07  1.047206E-06  5.450303E-08  1.147700E-02  1.678581E-07  2.364737E-08  1.974252E-08  2.229088E-04  3.030344E-04  2.408056E-07  6.307079E-07  8.187036E-07  1.949081E-07
 3.481500E+02  1.927567E-01  4.265076E-05  1.242109E-09  1.663022E-09  1.858302E-09  2.257619E-09  6.972276E-01  9.799780E-04  2.273149E-06  9.399412E-02  7.384118E-05  9.330130E-08  1.278425E-08  3.057110E-03  2.532781E-07  1.007717E-06  5.282079E-08  1.134300E-02  1.618337E-07  2.302605E-08  1.921350E-08  2.200782E-04  2.991885E-04  2.300847E-07  6.021079E-07  7.817950E-07  1.874696E-07
 3.491500E+02  1.928445E-01  4.227270E-05  1.210766E-09  1.621391E-09  1.811863E-09  2.201633E-09  6.972660E-01  9.666415E-04  2.168350E-06  9.406417E-02  7.293976E-05  8.921451E-08  1.252222E-08  3.013995E-03  2.432923E-07  9.699536E-07  5.120077E-08  1.121134E-02  1.560584E-07  2.242474E-08  1.870179E-08  2.173000E-04  2.954140E-04  2.198987E-07  5.749645E-07  7.467568E-07  1.803573E-07
 3.501500E+02  1.929307E-01  4.190037E-05  1.180406E-09  1.581059E-09  1.766872E-09  2.147381E-09  6.973036E-01  9.535733E-04  2.068987E-06  9.413300E-02  7.205392E-05  8.532774E-08  1.226697E-08  2.971760E-03  2.337592E-07  9.338307E-07  4.964033E-08  1.108195E-02  1.505208E-07  2.184270E-08  1.820674E-08  2.145732E-04  2.917093E-04  2.102182E-07  5.491960E-07  7.134845E-07  1.735553E-07
 3.511500E+02  1.930153E-01  4.153366E-05  1.150994E-09  1.541978E-09  1.723275E-09  2.094800E-09  6.973404E-01  9.407667E-04  1.974749E-06  9.420063E-02  7.118334E-05  8.163030E-08  1.201831E-08  2.930383E-03  2.246559E-07  8.992684E-07  4.813698E-08  1.095481E-02  1.452100E-07  2.127921E-08  1.772771E-08  2.118964E-04  2.880727E-04  2.010157E-07  5.247258E-07  6.818802E-07  1.670485E-07
 3.521500E+02  1.930985E-01  4.117247E-05  1.122496E-09  1.504103E-09  1.681022E-09  2.043831E-09  6.973765E-01  9.282152E-04  1.885347E-06  9.426710E-02  7.032772E-05  7.811207E-08  1.177604E-08  2.889842E-03  2.159608E-07  8.661908E-07  4.668832E-08  1.082986E-02  1.401156E-07  2.073359E-08  1.726412E-08  2.092686E-04  2.845027E-04  1.922654E-07  5.014818E-07  6.518518E-07  1.608225E-07
 3.531500E+02  1.931801E-01  4.081669E-05  1.094879E-09  1.467392E-09  1.640064E-09  1.994416E-09  6.974118E-01  9.159124E-04  1.800505E-06  9.433241E-02  6.948674E-05  7.476354E-08  1.153997E-08  2.850117E-03  2.076533E-07  8.345263E-07  4.529207E-08  1.070705E-02  1.352278E-07  2.020520E-08  1.681539E-08  2.066888E-04  2.809979E-04  1.839427E-07  4.793965E-07  6.233127E-07  1.548638E-07
 3.541500E+02  1.932603E-01  4.046624E-05  1.068111E-09  1.431803E-09  1.600357E-09  1.946500E-09  6.974465E-01  9.038521E-04  1.719966E-06  9.439661E-02  6.866013E-05  7.157575E-08  1.130991E-08  2.811187E-03  1.997142E-07  8.042071E-07  4.394607E-08  1.058634E-02  1.305371E-07  1.969340E-08  1.638098E-08  2.041558E-04  2.775567E-04  1.760248E-07  4.584060E-07  5.961814E-07  1.491597E-07
 3.551500E+02  1.933390E-01  4.012100E-05  1.042162E-09  1.397295E-09  1.561855E-09  1.900030E-09  6.974805E-01  8.920284E-04  1.643491E-06  9.445971E-02  6.784758E-05  6.854024E-08  1.108570E-08  2.773033E-03  1.921251E-07  7.751689E-07  4.264824E-08  1.046770E-02  1.260348E-07  1.919759E-08  1.596035E-08  2.016685E-04  2.741778E-04  1.684899E-07  4.384507E-07  5.703813E-07  1.436979E-07
 3.561500E+02  1.934164E-01  3.978089E-05  1.017002E-09  1.363831E-09  1.524515E-09  1.854956E-09  6.975138E-01  8.804355E-04  1.570853E-06  9.452173E-02  6.704882E-05  6.564902E-08  1.086715E-08  2.735635E-03  1.848689E-07  7.473507E-07  4.139662E-08  1.035106E-02  1.217122E-07  1.871720E-08  1.555300E-08  1.992261E-04  2.708598E-04  1.613177E-07  4.194743E-07  5.458405E-07  1.384669E-07
 3.571500E+02  1.934924E-01  3.944581E-05  9.926032E-10  1.331373E-09  1.488298E-09  1.811227E-09  6.975464E-01  8.690677E-04  1.501838E-06  9.458270E-02  6.626356E-05  6.289457E-08  1.065410E-08  2.698975E-03  1.779290E-07  7.206950E-07  4.018931E-08  1.023640E-02  1.175615E-07  1.825167E-08  1.515846E-08  1.968274E-04  2.676014E-04  1.544889E-07  4.014237E-07  5.224910E-07  1.334559E-07
 3.581500E+02  1.935671E-01  3.911568E-05  9.689397E-10  1.299887E-09  1.453163E-09  1.768798E-09  6.975784E-01  8.579196E-04  1.436248E-06  9.464264E-02  6.549155E-05  6.026979E-08  1.044640E-08  2.663035E-03  1.712902E-07  6.951469E-07  3.902451E-08  1.012368E-02  1.135750E-07  1.780047E-08  1.477624E-08  1.944716E-04  2.644011E-04  1.479855E-07  3.842493E-07  5.002691E-07  1.286544E-07
 3.591500E+02  1.936405E-01  3.879039E-05  9.459850E-10  1.269339E-09  1.419072E-09  1.727623E-09  6.976098E-01  8.469859E-04  1.373895E-06  9.470157E-02  6.473251E-05  5.776799E-08  1.024388E-08  2.627798E-03  1.649377E-07  6.706546E-07  3.790051E-08  1.001284E-02  1.097453E-07  1.736309E-08  1.440592E-08  1.921577E-04  2.612578E-04  1.417904E-07  3.679039E-07  4.791147E-07  1.240527E-07
 3.601500E+02  1.937126E-01  3.846987E-05  9.237145E-10  1.239695E-09  1.385990E-09  1.687659E-09  6.976406E-01  8.362613E-04  1.314601E-06  9.475951E-02  6.398619E-05  5.538282E-08  1.004639E-08  2.593247E-03  1.588577E-07  6.471690E-07  3.681566E-08  9.903865E-03  1.060655E-07  1.693903E-08  1.404706E-08  1.898847E-04  2.581702E-04  1.358875E-07  3.523435E-07  4.589710E-07  1.196414E-07
 3.611500E+02  1.937834E-01  3.815403E-05  9.021045E-10  1.210925E-09  1.353882E-09  1.648864E-09  6.976708E-01  8.257409E-04  1.258202E-06  9.481648E-02  6.325233E-05  5.310832E-08  9.853798E-09  2.559364E-03  1.530371E-07  6.246435E-07  3.576841E-08  9.796704E-03  1.025292E-07  1.652784E-08  1.369925E-08  1.876519E-04  2.551371E-04  1.302616E-07  3.375265E-07  4.397848E-07  1.154117E-07
 3.621500E+02  1.938531E-01  3.784278E-05  8.811319E-10  1.182999E-09  1.322714E-09  1.611199E-09  6.977004E-01  8.154198E-04  1.204540E-06  9.487249E-02  6.253068E-05  5.093884E-08  9.665951E-09  2.526135E-03  1.474634E-07  6.030337E-07  3.475724E-08  9.691324E-03  9.912995E-08  1.612905E-08  1.336209E-08  1.854582E-04  2.521574E-04  1.248984E-07  3.234135E-07  4.215057E-07  1.113553E-07
 3.631500E+02  1.939215E-01  3.753605E-05  8.607749E-10  1.155887E-09  1.292454E-09  1.574624E-09  6.977295E-01  8.052933E-04  1.153468E-06  9.492758E-02  6.182101E-05  4.886905E-08  9.482716E-09  2.493543E-03  1.421250E-07  5.822976E-07  3.378074E-08  9.587688E-03  9.586185E-08  1.574223E-08  1.303522E-08  1.833030E-04  2.492297E-04  1.197843E-07  3.099677E-07  4.040863E-07  1.074641E-07
 3.641500E+02  1.939888E-01  3.723374E-05  8.410123E-10  1.129562E-09  1.263071E-09  1.539104E-09  6.977580E-01  7.953567E-04  1.104849E-06  9.498176E-02  6.112307E-05  4.689392E-08  9.303961E-09  2.461574E-03  1.370106E-07  5.623955E-07  3.283754E-08  9.485761E-03  9.271921E-08  1.536697E-08  1.271826E-08  1.811852E-04  2.463531E-04  1.149067E-07  2.971541E-07  3.874819E-07  1.037307E-07
 3.651500E+02  1.940549E-01  3.693579E-05  8.218238E-10  1.103997E-09  1.234535E-09  1.504602E-09  6.977859E-01  7.856056E-04  1.058552E-06  9.503505E-02  6.043664E-05  4.500867E-08  9.129558E-09  2.430212E-03  1.321098E-07  5.432894E-07  3.192633E-08  9.385508E-03  8.969662E-08  1.500287E-08  1.241087E-08  1.791042E-04  2.435264E-04  1.102533E-07  2.849400E-07  3.716503E-07  1.001477E-07
 3.661500E+02  1.941199E-01  3.664211E-05  8.031899E-10  1.079166E-09  1.206818E-09  1.471083E-09  6.978134E-01  7.760357E-04  1.014453E-06  9.508745E-02  5.976149E-05  4.320880E-08  8.959383E-09  2.399443E-03  1.274124E-07  5.249433E-07  3.104585E-08  9.286897E-03  8.678892E-08  1.464953E-08  1.211272E-08  1.770592E-04  2.407486E-04  1.058129E-07  2.732942E-07  3.565517E-07  9.670857E-08
 3.671500E+02  1.941838E-01  3.635264E-05  7.850919E-10  1.055046E-09  1.179892E-09  1.438516E-09  6.978403E-01  7.666427E-04  9.724381E-07  9.513901E-02  5.909739E-05  4.149007E-08  8.793317E-09  2.369254E-03  1.229090E-07  5.073232E-07  3.019493E-08  9.189894E-03  8.399121E-08  1.430659E-08  1.182347E-08  1.750494E-04  2.380186E-04  1.015747E-07  2.621876E-07  3.421485E-07  9.340664E-08
 3.681500E+02  1.942466E-01  3.606728E-05  7.675116E-10  1.031611E-09  1.153731E-09  1.406869E-09  6.978668E-01  7.574225E-04  9.323972E-07  9.518972E-02  5.844413E-05  3.984843E-08  8.631243E-09  2.339630E-03  1.185906E-07  4.903965E-07  2.937240E-08  9.094467E-03  8.129880E-08  1.397369E-08  1.154283E-08  1.730739E-04  2.353354E-04  9.752844E-08  2.515925E-07  3.284053E-07  9.023581E-08
 3.691500E+02  1.943084E-01  3.578598E-05  7.504318E-10  1.008839E-09  1.128309E-09  1.376110E-09  6.978927E-01  7.483711E-04  8.942277E-07  9.523961E-02  5.780150E-05  3.828008E-08  8.473049E-09  2.310560E-03  1.144487E-07  4.741324E-07  2.857719E-08  9.000585E-03  7.870724E-08  1.365050E-08  1.127049E-08  1.711322E-04  2.326980E-04  9.366461E-08  2.414828E-07  3.152885E-07  8.719022E-08
 3.701500E+02  1.943691E-01  3.550866E-05  7.338356E-10  9.867079E-10  1.103601E-09  1.346211E-09  6.979182E-01  7.394846E-04  8.578326E-07  9.528869E-02  5.716929E-05  3.678141E-08  8.318627E-09  2.282029E-03  1.104750E-07  4.585015E-07  2.780824E-08  8.908216E-03  7.621227E-08  1.333668E-08  1.100617E-08  1.692235E-04  2.301054E-04  8.997410E-08  2.318338E-07  3.027666E-07  8.426431E-08
 3.711500E+02  1.944288E-01  3.523525E-05  7.177071E-10  9.651967E-10  1.079585E-09  1.317144E-09  6.979432E-01  7.307592E-04  8.231204E-07  9.533698E-02  5.654729E-05  3.534901E-08  8.167871E-09  2.254025E-03  1.066620E-07  4.434759E-07  2.706456E-08  8.817332E-03  7.380984E-08  1.303191E-08  1.074959E-08  1.673471E-04  2.275568E-04  8.644829E-08  2.226224E-07  2.908096E-07  8.145279E-08
 3.721500E+02  1.944876E-01  3.496568E-05  7.020308E-10  9.442850E-10  1.056237E-09  1.288880E-09  6.979677E-01  7.221914E-04  7.900047E-07  9.538449E-02  5.593531E-05  3.397964E-08  8.020678E-09  2.226537E-03  1.030023E-07  4.290292E-07  2.634518E-08  8.727903E-03  7.149608E-08  1.273589E-08  1.050049E-08  1.655024E-04  2.250511E-04  8.307907E-08  2.138266E-07  2.793892E-07  7.875063E-08
 3.731500E+02  1.945453E-01  3.469988E-05  6.867917E-10  9.239530E-10  1.033535E-09  1.261395E-09  6.979918E-01  7.137774E-04  7.584041E-07  9.543125E-02  5.533316E-05  3.267024E-08  7.876950E-09  2.199552E-03  9.948894E-08  4.151359E-07  2.564918E-08  8.639899E-03  6.926729E-08  1.244833E-08  1.025862E-08  1.636886E-04  2.225875E-04  7.985874E-08  2.054255E-07  2.684787E-07  7.615303E-08
