#         T/K            c1          c2-1          c3-4          c3-5          c3-7          c3-9            m1          m2-1          m3-1            w1            w2          w3-1          w3-2          c1m1        c1m2-1        c1m2-7        c2m1-1        c1w1-2        c1w2-1        c2w1-1        c2w1-9        m1w1-1        m1w1-4        m1w2-1        m2w1-1        m2w1-3      c1m1w1-1
 2.731500E+02  5.694366E-01  1.031112E-03  4.943371E-07  6.488294E-07  7.218742E-07  8.607452E-07  3.391395E-01  9.295256E-04  2.749816E-05  3.000648E-02  2.968970E-05  2.987867E-07  4.192296E-09  1.941597E-02  1.011550E-05  3.319217E-05  5.669729E-06  3.959951E-02  2.153492E-06  1.100349E-06  9.662231E-07  1.321093E-04  1.798363E-04  1.113069E-06  4.554998E-06  5.768966E-06  4.478827E-06
 2.741500E+02  5.699534E-01  1.014251E-03  4.722498E-07  6.200492E-07  6.899055E-07  8.228859E-07  3.394021E-01  9.085693E-04  2.543573E-05  3.027296E-02  2.950637E-05  2.836180E-07  4.134110E-09  1.894619E-02  9.452195E-06  3.111611E-05  5.370966E-06  3.907219E-02  2.054486E-06  1.057821E-06  9.280779E-07  1.302722E-04  1.773244E-04  1.048041E-06  4.251786E-06  5.387089E-06  4.226401E-06
 2.751500E+02  5.704591E-01  9.977918E-04  4.513117E-07  5.927572E-07  6.595876E-07  7.869705E-07  3.396563E-01  8.882229E-04  2.354111E-05  3.053604E-02  2.931880E-05  2.692289E-07  4.075807E-09  1.849107E-02  8.836792E-06  2.918379E-05  5.090048E-06  3.855158E-02  1.960285E-06  1.017139E-06  8.916209E-07  1.284584E-04  1.748447E-04  9.870148E-07  3.970266E-06  5.032390E-06  3.989464E-06
 2.761500E+02  5.709538E-01  9.817234E-04  4.314555E-07  5.668670E-07  6.308247E-07  7.528867E-07  3.399026E-01  8.684661E-04  2.179967E-05  3.079571E-02  2.912726E-05  2.555802E-07  4.017447E-09  1.805007E-02  8.265547E-06  2.738442E-05  4.825799E-06  3.803767E-02  1.870648E-06  9.782149E-07  8.567712E-07  1.266678E-04  1.723972E-04  9.297352E-07  3.708791E-06  4.702816E-06  3.767000E-06
 2.771500E+02  5.714380E-01  9.660343E-04  4.126184E-07  5.422974E-07  6.035271E-07  7.205293E-07  3.401412E-01  8.492792E-04  2.019813E-05  3.105198E-02  2.893201E-05  2.426349E-07  3.959091E-09  1.762268E-02  7.735024E-06  2.570803E-05  4.577125E-06  3.753046E-02  1.785349E-06  9.409672E-07  8.234520E-07  1.249006E-04  1.699822E-04  8.759637E-07  3.465844E-06  4.396478E-06  3.558062E-06
 2.781500E+02  5.719117E-01  9.507134E-04  3.947415E-07  5.189727E-07  5.776106E-07  6.897999E-07  3.403724E-01  8.306434E-04  1.872444E-05  3.130485E-02  2.873332E-05  2.303571E-07  3.900793E-09  1.720842E-02  7.242076E-06  2.414549E-05  4.343012E-06  3.702996E-02  1.704172E-06  9.053174E-07  7.915904E-07  1.231567E-04  1.675996E-04  8.254772E-07  3.240033E-06  4.111634E-06  3.361770E-06
 2.791500E+02  5.723754E-01  9.357503E-04  3.777698E-07  4.968217E-07  5.529965E-07  6.606060E-07  3.405964E-01  8.125404E-04  1.736765E-05  3.155433E-02  2.853142E-05  2.187133E-07  3.842608E-09  1.680681E-02  6.783814E-06  2.268837E-05  4.122515E-06  3.653614E-02  1.626913E-06  8.711911E-07  7.611172E-07  1.214362E-04  1.652494E-04  7.780673E-07  3.030072E-06  3.846682E-06  3.177302E-06
 2.801500E+02  5.728293E-01  9.211348E-04  3.616515E-07  4.757780E-07  5.296111E-07  6.328611E-07  3.408136E-01  7.949526E-04  1.611780E-05  3.180043E-02  2.832658E-05  2.076709E-07  3.784585E-09  1.641739E-02  6.357590E-06  2.132892E-05  3.914759E-06  3.604900E-02  1.553376E-06  8.385176E-07  7.319667E-07  1.197392E-04  1.629317E-04  7.335389E-07  2.834778E-06  3.600143E-06  3.003896E-06
 2.811500E+02  5.732735E-01  9.068570E-04  3.463384E-07  4.557790E-07  5.073851E-07  6.064841E-07  3.410242E-01  7.778630E-04  1.496584E-05  3.204316E-02  2.811902E-05  1.971995E-07  3.726771E-09  1.603974E-02  5.960971E-06  2.006002E-05  3.718927E-06  3.556851E-02  1.483376E-06  8.072295E-07  7.040763E-07  1.180656E-04  1.606462E-04  6.917099E-07  2.653060E-06  3.370656E-06  2.840839E-06
 2.821500E+02  5.737084E-01  8.929073E-04  3.317851E-07  4.367663E-07  4.862538E-07  5.813987E-07  3.412284E-01  7.612551E-04  1.390354E-05  3.228253E-02  2.790898E-05  1.872696E-07  3.669212E-09  1.567343E-02  5.591723E-06  1.887507E-05  3.534262E-06  3.509464E-02  1.416738E-06  7.772631E-07  6.773869E-07  1.164152E-04  1.583931E-04  6.524098E-07  2.483916E-06  3.156965E-06  2.687469E-06
 2.831500E+02  5.741341E-01  8.792766E-04  3.179490E-07  4.186849E-07  4.661561E-07  5.575335E-07  3.414264E-01  7.451133E-04  1.292339E-05  3.251857E-02  2.769668E-05  1.778535E-07  3.611950E-09  1.531807E-02  5.247791E-06  1.776803E-05  3.360056E-06  3.462738E-02  1.353294E-06  7.485574E-07  6.518421E-07  1.147882E-04  1.561721E-04  6.154792E-07  2.326417E-06  2.957912E-06  2.543166E-06
 2.841500E+02  5.745509E-01  8.659558E-04  3.047902E-07  4.014833E-07  4.470350E-07  5.348214E-07  3.416185E-01  7.294223E-04  1.201855E-05  3.275127E-02  2.748233E-05  1.689247E-07  3.555023E-09  1.497326E-02  4.927288E-06  1.673330E-05  3.195653E-06  3.416667E-02  1.292886E-06  7.210546E-07  6.273884E-07  1.131844E-04  1.539831E-04  5.807690E-07  2.179709E-06  2.772428E-06  2.407355E-06
 2.851500E+02  5.749590E-01  8.529364E-04  2.922713E-07  3.851131E-07  4.288369E-07  5.131993E-07  3.418050E-01  7.141673E-04  1.118282E-05  3.298068E-02  2.726616E-05  1.604581E-07  3.498469E-09  1.463863E-02  4.628478E-06  1.576572E-05  3.040441E-06  3.371250E-02  1.235363E-06  6.946998E-07  6.039749E-07  1.116037E-04  1.518260E-04  5.481397E-07  2.043005E-06  2.599526E-06  2.279498E-06
 2.861500E+02  5.753586E-01  8.402099E-04  2.803571E-07  3.695289E-07  4.115113E-07  4.926081E-07  3.419859E-01  6.993342E-04  1.041049E-05  3.320679E-02  2.704835E-05  1.524297E-07  3.442322E-09  1.431385E-02  4.349761E-06  1.486053E-05  2.893848E-06  3.326482E-02  1.180582E-06  6.694406E-07  5.815534E-07  1.100460E-04  1.497006E-04  5.174610E-07  1.915576E-06  2.438296E-06  2.159094E-06
 2.871500E+02  5.757499E-01  8.277682E-04  2.690146E-07  3.546879E-07  3.950109E-07  4.729921E-07  3.421615E-01  6.849094E-04  9.696398E-06  3.342965E-02  2.682910E-05  1.448169E-07  3.386613E-09  1.399855E-02  4.089666E-06  1.401333E-05  2.755343E-06  3.282358E-02  1.128407E-06  6.452273E-07  5.600779E-07  1.085111E-04  1.476067E-04  4.886110E-07  1.796752E-06  2.287896E-06  2.045675E-06
 2.881500E+02  5.761332E-01  8.156036E-04  2.582128E-07  3.405500E-07  3.792912E-07  4.542989E-07  3.423320E-01  6.708796E-04  9.035808E-06  3.364927E-02  2.660861E-05  1.375979E-07  3.331374E-09  1.369241E-02  3.846837E-06  1.322006E-05  2.624430E-06  3.238874E-02  1.078708E-06  6.220124E-07  5.395049E-07  1.069990E-04  1.455441E-04  4.614753E-07  1.685911E-06  2.147551E-06  1.938805E-06
 2.891500E+02  5.765085E-01  8.037084E-04  2.479224E-07  3.270775E-07  3.643103E-07  4.364794E-07  3.424976E-01  6.572321E-04  8.424400E-06  3.386568E-02  2.638705E-05  1.307524E-07  3.276629E-09  1.339512E-02  3.620025E-06  1.247696E-05  2.500645E-06  3.196026E-02  1.031364E-06  5.997509E-07  5.197927E-07  1.055094E-04  1.435126E-04  4.359474E-07  1.582481E-06  2.016540E-06  1.838076E-06
 2.901500E+02  5.768761E-01  7.920753E-04  2.381160E-07  3.142349E-07  3.500288E-07  4.194871E-07  3.426583E-01  6.439547E-04  7.858228E-06  3.407890E-02  2.616459E-05  1.242608E-07  3.222407E-09  1.310637E-02  3.408077E-06  1.178055E-05  2.383556E-06  3.153807E-02  9.862575E-07  5.783999E-07  5.009019E-07  1.040422E-04  1.415119E-04  4.119272E-07  1.485932E-06  1.894201E-06  1.743107E-06
 2.911500E+02  5.772362E-01  7.806971E-04  2.287679E-07  3.019888E-07  3.364098E-07  4.032786E-07  3.428145E-01  6.310355E-04  7.333679E-06  3.428896E-02  2.594141E-05  1.181046E-07  3.168728E-09  1.282587E-02  3.209930E-06  1.112763E-05  2.272760E-06  3.112213E-02  9.432779E-07  5.579186E-07  4.827950E-07  1.025972E-04  1.395417E-04  3.893214E-07  1.395774E-06  1.779920E-06  1.653542E-06
 2.921500E+02  5.775889E-01  7.695669E-04  2.198537E-07  2.903078E-07  3.234184E-07  3.878127E-07  3.429662E-01  6.184631E-04  6.847454E-06  3.449589E-02  2.571765E-05  1.122663E-07  3.115614E-09  1.255334E-02  3.024602E-06  1.051522E-05  2.167881E-06  3.071238E-02  9.023202E-07  5.382680E-07  4.654364E-07  1.011743E-04  1.376018E-04  3.680423E-07  1.311556E-06  1.673129E-06  1.569051E-06
 2.931500E+02  5.779344E-01  7.586781E-04  2.113506E-07  2.791622E-07  3.110217E-07  3.730508E-07  3.431137E-01  6.062266E-04  6.396528E-06  3.469972E-02  2.549348E-05  1.067293E-07  3.063085E-09  1.228852E-02  2.851189E-06  9.940551E-06  2.068565E-06  3.030876E-02  8.632848E-07  5.194113E-07  4.487920E-07  9.977320E-05  1.356919E-04  3.480083E-07  1.232858E-06  1.573302E-06  1.489321E-06
 2.941500E+02  5.782730E-01  7.480242E-04  2.032372E-07  2.685241E-07  2.991887E-07  3.589565E-07  3.432570E-01  5.943151E-04  5.978136E-06  3.490048E-02  2.526904E-05  1.014778E-07  3.011158E-09  1.203114E-02  2.688853E-06  9.401085E-06  1.974484E-06  2.991121E-02  8.260769E-07  5.013130E-07  4.328296E-07  9.839373E-05  1.338118E-04  3.291425E-07  1.159293E-06  1.479952E-06  1.414064E-06
 2.951500E+02  5.786046E-01  7.375990E-04  1.954930E-07  2.583674E-07  2.878905E-07  3.454955E-07  3.433963E-01  5.827187E-04  5.589740E-06  3.509821E-02  2.504447E-05  9.649679E-08  2.959848E-09  1.178095E-02  2.536821E-06  8.894451E-06  1.885329E-06  2.951968E-02  7.906065E-07  4.839397E-07  4.175184E-07  9.703567E-05  1.319610E-04  3.113734E-07  1.090501E-06  1.392630E-06  1.343007E-06
 2.961500E+02  5.789296E-01  7.273963E-04  1.880990E-07  2.486672E-07  2.770994E-07  3.326352E-07  3.435317E-01  5.714272E-04  5.229016E-06  3.529292E-02  2.481991E-05  9.177205E-08  2.909169E-09  1.153771E-02  2.394377E-06  8.418455E-06  1.800813E-06  2.913409E-02  7.567884E-07  4.672593E-07  4.028292E-07  9.569880E-05  1.301393E-04  2.946336E-07  1.026152E-06  1.310917E-06  1.275898E-06
 2.971500E+02  5.792480E-01  7.174103E-04  1.810372E-07  2.394002E-07  2.667895E-07  3.203453E-07  3.436634E-01  5.604313E-04  4.893833E-06  3.548467E-02  2.459547E-05  8.729014E-08  2.859134E-09  1.130120E-02  2.260860E-06  7.971062E-06  1.720666E-06  2.875439E-02  7.245414E-07  4.512415E-07  3.887342E-07  9.438290E-05  1.283464E-04  2.788603E-07  9.659376E-07  1.234428E-06  1.212498E-06
 2.981500E+02  5.795601E-01  7.076352E-04  1.742906E-07  2.305443E-07  2.569365E-07  3.085968E-07  3.437914E-01  5.497216E-04  4.582235E-06  3.567347E-02  2.437129E-05  8.303829E-08  2.809753E-09  1.107118E-02  2.135657E-06  7.550383E-06  1.644635E-06  2.838051E-02  6.937885E-07  4.358571E-07  3.752068E-07  9.308773E-05  1.265820E-04  2.639947E-07  9.095724E-07  1.162804E-06  1.152586E-06
 2.991500E+02  5.798659E-01  6.980656E-04  1.678433E-07  2.220789E-07  2.475172E-07  2.973627E-07  3.439160E-01  5.392894E-04  4.292426E-06  3.585937E-02  2.414748E-05  7.900441E-08  2.761036E-09  1.084746E-02  2.018201E-06  7.154664E-06  1.572485E-06  2.801237E-02  6.644566E-07  4.210786E-07  3.622219E-07  9.181307E-05  1.248456E-04  2.499814E-07  8.567926E-07  1.095712E-06  1.095953E-06
 3.001500E+02  5.801656E-01  6.886960E-04  1.616800E-07  2.139842E-07  2.385100E-07  2.866172E-07  3.440372E-01  5.291260E-04  4.022757E-06  3.604239E-02  2.392415E-05  7.517704E-08  2.712990E-09  1.062981E-02  1.907967E-06  6.782276E-06  1.503992E-06  2.764992E-02  6.364763E-07  4.068795E-07  3.497554E-07  9.055866E-05  1.231370E-04  2.367690E-07  8.073531E-07  1.032845E-06  1.042404E-06
 3.011500E+02  5.804593E-01  6.795214E-04  1.557866E-07  2.062418E-07  2.298942E-07  2.763360E-07  3.441551E-01  5.192231E-04  3.771712E-06  3.622258E-02  2.370140E-05  7.154532E-08  2.665623E-09  1.041804E-02  1.804469E-06  6.431705E-06  1.438951E-06  2.729309E-02  6.097816E-07  3.932347E-07  3.377844E-07  8.932426E-05  1.214559E-04  2.243089E-07  7.610270E-07  9.739170E-07  9.917586E-07
 3.021500E+02  5.807472E-01  6.705366E-04  1.501495E-07  1.988341E-07  2.216504E-07  2.664963E-07  3.442698E-01  5.095728E-04  3.537897E-06  3.639996E-02  2.347933E-05  6.809895E-08  2.618940E-09  1.021197E-02  1.707255E-06  6.101544E-06  1.377165E-06  2.694181E-02  5.843100E-07  3.801203E-07  3.262872E-07  8.810962E-05  1.198018E-04  2.125559E-07  7.176034E-07  9.186620E-07  9.438445E-07
 3.031500E+02  5.810295E-01  6.617367E-04  1.447561E-07  1.917447E-07  2.137604E-07  2.570764E-07  3.443815E-01  5.001673E-04  3.320032E-06  3.657458E-02  2.325803E-05  6.482818E-08  2.572945E-09  1.001141E-02  1.615906E-06  5.790484E-06  1.318453E-06  2.659600E-02  5.600019E-07  3.675135E-07  3.152430E-07  8.691450E-05  1.181744E-04  2.014673E-07  6.768868E-07  8.668341E-07  8.985019E-07
 3.041500E+02  5.813061E-01  6.531171E-04  1.395943E-07  1.849580E-07  2.062067E-07  2.480558E-07  3.444902E-01  4.909993E-04  3.116937E-06  3.674647E-02  2.303760E-05  6.172378E-08  2.527641E-09  9.816173E-03  1.530034E-06  5.497307E-06  1.262643E-06  2.625559E-02  5.368011E-07  3.553924E-07  3.046321E-07  8.573863E-05  1.165734E-04  1.910034E-07  6.386956E-07  8.182044E-07  8.555809E-07
 3.051500E+02  5.815774E-01  6.446731E-04  1.346528E-07  1.784591E-07  1.989730E-07  2.394152E-07  3.445961E-01  4.820614E-04  2.927525E-06  3.691566E-02  2.281812E-05  5.877701E-08  2.483030E-09  9.626101E-03  1.449279E-06  5.220879E-06  1.209574E-06  2.592053E-02  5.146538E-07  3.437363E-07  2.944355E-07  8.458176E-05  1.149984E-04  1.811269E-07  6.028613E-07  7.725605E-07  8.149407E-07
 3.061500E+02  5.818433E-01  6.364002E-04  1.299208E-07  1.722341E-07  1.920437E-07  2.311362E-07  3.446992E-01  4.733468E-04  2.750797E-06  3.708219E-02  2.259966E-05  5.597958E-08  2.439114E-09  9.441025E-03  1.373306E-06  4.960146E-06  1.159094E-06  2.559072E-02  4.935091E-07  3.325255E-07  2.846353E-07  8.344363E-05  1.134491E-04  1.718028E-07  5.692273E-07  7.297048E-07  7.764496E-07
 3.071500E+02  5.821040E-01  6.282942E-04  1.253882E-07  1.662699E-07  1.854043E-07  2.232016E-07  3.447995E-01  4.648488E-04  2.585830E-06  3.724610E-02  2.238230E-05  5.332365E-08  2.395893E-09  9.260788E-03  1.301803E-06  4.714123E-06  1.111063E-06  2.526611E-02  4.733187E-07  3.217409E-07  2.752145E-07  8.232399E-05  1.119250E-04  1.629981E-07  5.376479E-07  6.894539E-07  7.399837E-07
 3.081500E+02  5.823597E-01  6.203509E-04  1.210454E-07  1.605538E-07  1.790409E-07  2.155949E-07  3.448973E-01  4.565608E-04  2.431775E-06  3.740742E-02  2.216610E-05  5.080180E-08  2.353366E-09  9.085236E-03  1.234481E-06  4.481896E-06  1.065347E-06  2.494663E-02  4.540366E-07  3.113646E-07  2.661566E-07  8.122258E-05  1.104259E-04  1.546823E-07  5.079880E-07  6.516369E-07  7.054271E-07
 3.091500E+02  5.826103E-01  6.125661E-04  1.168832E-07  1.550742E-07  1.729402E-07  2.083005E-07  3.449926E-01  4.484767E-04  2.287849E-06  3.756619E-02  2.195115E-05  4.840699E-08  2.311533E-09  8.914224E-03  1.171072E-06  4.262608E-06  1.021819E-06  2.463219E-02  4.356192E-07  3.013793E-07  2.574462E-07  8.013913E-05  1.089513E-04  1.468263E-07  4.801216E-07  6.160952E-07  6.726707E-07
 3.101500E+02  5.828562E-01  6.049359E-04  1.128931E-07  1.498197E-07  1.670900E-07  2.013039E-07  3.450854E-01  4.405903E-04  2.153326E-06  3.772245E-02  2.173748E-05  4.613256E-08  2.270390E-09  8.747610E-03  1.111326E-06  4.055465E-06  9.803631E-07  2.432273E-02  4.180251E-07  2.917687E-07  2.490684E-07  7.907338E-05  1.075010E-04  1.394031E-07  4.539319E-07  5.826810E-07  6.416123E-07
 3.111500E+02  5.830973E-01  5.974565E-04  1.090670E-07  1.447798E-07  1.614783E-07  1.945910E-07  3.451759E-01  4.328958E-04  2.027541E-06  3.787623E-02  2.152517E-05  4.397222E-08  2.229936E-09  8.585256E-03  1.055009E-06  3.859721E-06  9.408675E-07  2.401818E-02  4.012149E-07  2.825170E-07  2.410091E-07  7.802508E-05  1.060745E-04  1.323874E-07  4.293100E-07  5.512569E-07  6.121558E-07
 3.121500E+02  5.833337E-01  5.901242E-04  1.053970E-07  1.399444E-07  1.560941E-07  1.881486E-07  3.452641E-01  4.253877E-04  1.909875E-06  3.802756E-02  2.131427E-05  4.191999E-08  2.190166E-09  8.427031E-03  1.001904E-06  3.674684E-06  9.032280E-07  2.371847E-02  3.851512E-07  2.736094E-07  2.332547E-07  7.699397E-05  1.046715E-04  1.257552E-07  4.061544E-07  5.216947E-07  5.842112E-07
 3.131500E+02  5.835656E-01  5.829352E-04  1.018760E-07  1.353041E-07  1.509267E-07  1.819643E-07  3.453500E-01  4.180603E-04  1.799758E-06  3.817649E-02  2.110481E-05  3.997023E-08  2.151077E-09  8.272809E-03  9.518103E-07  3.499706E-06  8.673464E-07  2.342352E-02  3.697985E-07  2.650315E-07  2.257924E-07  7.597978E-05  1.032916E-04  1.194842E-07  3.843710E-07  4.938753E-07  5.576935E-07
 3.141500E+02  5.837931E-01  5.758862E-04  9.849687E-08  1.308497E-07  1.459662E-07  1.760261E-07  3.454338E-01  4.109085E-04  1.696664E-06  3.832305E-02  2.089686E-05  3.811759E-08  2.112664E-09  8.122466E-03  9.045394E-07  3.334181E-06  8.331301E-07  2.313326E-02  3.551229E-07  2.567696E-07  2.186099E-07  7.498226E-05  1.019345E-04  1.135535E-07  3.638718E-07  4.676876E-07  5.325232E-07
 3.151500E+02  5.840163E-01  5.689738E-04  9.525319E-08  1.265728E-07  1.412029E-07  1.703228E-07  3.455155E-01  4.039272E-04  1.600105E-06  3.846727E-02  2.069046E-05  3.635701E-08  2.074923E-09  7.975884E-03  8.599157E-07  3.177545E-06  8.004921E-07  2.284763E-02  3.410926E-07  2.488109E-07  2.116955E-07  7.400114E-05  1.005998E-04  1.079432E-07  3.445749E-07  4.430281E-07  5.086255E-07
 3.161500E+02  5.842352E-01  5.621945E-04  9.213867E-08  1.224651E-07  1.366280E-07  1.648436E-07  3.455952E-01  3.971114E-04  1.509630E-06  3.860919E-02  2.048563E-05  3.468369E-08  2.037847E-09  7.832950E-03  8.177759E-07  3.029267E-06  7.693501E-07  2.256656E-02  3.276768E-07  2.411427E-07  2.050379E-07  7.303619E-05  9.928713E-05  1.026350E-07  3.264042E-07  4.198004E-07  4.859299E-07
 3.171500E+02  5.844499E-01  5.555452E-04  8.914741E-08  1.185190E-07  1.322328E-07  1.595785E-07  3.456730E-01  3.904564E-04  1.424821E-06  3.874885E-02  2.028243E-05  3.309310E-08  2.001431E-09  7.693552E-03  7.779674E-07  2.888854E-06  7.396269E-07  2.228996E-02  3.148468E-07  2.337533E-07  1.986266E-07  7.208713E-05  9.799620E-05  9.761130E-08  3.092884E-07  3.979143E-07  4.643704E-07
 3.181500E+02  5.846606E-01  5.490227E-04  8.627381E-08  1.147273E-07  1.280092E-07  1.545179E-07  3.457488E-01  3.839575E-04  1.345293E-06  3.888628E-02  2.008087E-05  3.158095E-08  1.965668E-09  7.557586E-03  7.403479E-07  2.755844E-06  7.112495E-07  2.201779E-02  3.025749E-07  2.266312E-07  1.924513E-07  7.115372E-05  9.672663E-05  9.285591E-08  2.931614E-07  3.772860E-07  4.438845E-07
 3.191500E+02  5.848674E-01  5.426241E-04  8.351253E-08  1.110828E-07  1.239496E-07  1.496525E-07  3.458227E-01  3.776103E-04  1.270685E-06  3.902151E-02  1.988100E-05  3.014317E-08  1.930553E-09  7.424948E-03  7.047843E-07  2.629803E-06  6.841490E-07  2.174996E-02  2.908349E-07  2.197657E-07  1.865023E-07  7.023571E-05  9.547807E-05  8.835346E-08  2.779612E-07  3.578372E-07  4.244138E-07
 3.201500E+02  5.850702E-01  5.363463E-04  8.085853E-08  1.075791E-07  1.200465E-07  1.449737E-07  3.458949E-01  3.714105E-04  1.200667E-06  3.915458E-02  1.968283E-05  2.877591E-08  1.896077E-09  7.295540E-03  6.711526E-07  2.510327E-06  6.582605E-07  2.148641E-02  2.796021E-07  2.131463E-07  1.807703E-07  6.933284E-05  9.425019E-05  8.408953E-08  2.636301E-07  3.394948E-07  4.059031E-07
 3.211500E+02  5.852693E-01  5.301865E-04  7.830701E-08  1.042099E-07  1.162930E-07  1.404733E-07  3.459654E-01  3.653540E-04  1.134930E-06  3.928553E-02  1.948640E-05  2.747553E-08  1.862234E-09  7.169265E-03  6.393369E-07  2.397035E-06  6.335228E-07  2.122706E-02  2.688527E-07  2.067631E-07  1.752463E-07  6.844487E-05  9.304263E-05  8.005057E-08  2.501143E-07  3.221905E-07  3.883005E-07
 3.221500E+02  5.854647E-01  5.241419E-04  7.585341E-08  1.009692E-07  1.126825E-07  1.361434E-07  3.460341E-01  3.594366E-04  1.073190E-06  3.941438E-02  1.929173E-05  2.623858E-08  1.829016E-09  7.046032E-03  6.092286E-07  2.289573E-06  6.098779E-07  2.097187E-02  2.585643E-07  2.006067E-07  1.699219E-07  6.757157E-05  9.185508E-05  7.622386E-08  2.373634E-07  3.058606E-07  3.715570E-07
 3.231500E+02  5.856564E-01  5.182098E-04  7.349341E-08  9.785138E-08  1.092087E-07  1.319765E-07  3.461012E-01  3.536546E-04  1.015179E-06  3.954118E-02  1.909883E-05  2.506180E-08  1.796415E-09  6.925750E-03  5.807266E-07  2.187607E-06  5.872713E-07  2.072074E-02  2.487155E-07  1.946679E-07  1.647891E-07  6.671267E-05  9.068718E-05  7.259741E-08  2.253306E-07  2.904455E-07  3.556268E-07
 3.241500E+02  5.858445E-01  5.123876E-04  7.122287E-08  9.485107E-08  1.058657E-07  1.279655E-07  3.461667E-01  3.480040E-04  9.606536E-07  3.966595E-02  1.890773E-05  2.394209E-08  1.764424E-09  6.808335E-03  5.537358E-07  2.090824E-06  5.656513E-07  2.047363E-02  2.392859E-07  1.889381E-07  1.598400E-07  6.586795E-05  8.953861E-05  6.915998E-08  2.139719E-07  2.758897E-07  3.404663E-07
 3.251500E+02  5.860292E-01  5.066727E-04  6.903790E-08  9.196315E-08  1.026478E-07  1.241038E-07  3.462307E-01  3.424813E-04  9.093839E-07  3.978872E-02  1.871843E-05  2.287653E-08  1.733034E-09  6.693703E-03  5.281678E-07  1.998932E-06  5.449692E-07  2.023047E-02  2.302562E-07  1.834091E-07  1.550672E-07  6.503717E-05  8.840905E-05  6.590097E-08  2.032463E-07  2.621410E-07  3.260348E-07
 3.261500E+02  5.862105E-01  5.010626E-04  6.693477E-08  8.918276E-08  9.954948E-08  1.203848E-07  3.462932E-01  3.370829E-04  8.611576E-07  3.990954E-02  1.853096E-05  2.186236E-08  1.702237E-09  6.581772E-03  5.039393E-07  1.911656E-06  5.251789E-07  1.999119E-02  2.216081E-07  1.780729E-07  1.504637E-07  6.422008E-05  8.729818E-05  6.281043E-08  1.931155E-07  2.491509E-07  3.122937E-07
 3.271500E+02  5.863885E-01  4.955549E-04  6.490994E-08  8.650526E-08  9.656570E-08  1.168026E-07  3.463542E-01  3.318054E-04  8.157772E-07  4.002843E-02  1.834532E-05  2.089693E-08  1.672025E-09  6.472466E-03  4.809728E-07  1.828737E-06  5.062367E-07  1.975572E-02  2.133239E-07  1.729219E-07  1.460227E-07  6.341647E-05  8.620566E-05  5.987899E-08  1.835437E-07  2.368738E-07  2.992066E-07
 3.281500E+02  5.865632E-01  4.901472E-04  6.296004E-08  8.392626E-08  9.369154E-08  1.133512E-07  3.464138E-01  3.266455E-04  7.730593E-07  4.014542E-02  1.816152E-05  1.997777E-08  1.642389E-09  6.365710E-03  4.591952E-07  1.749934E-06  4.881014E-07  1.952401E-02  2.053872E-07  1.679488E-07  1.417377E-07  6.262610E-05  8.513120E-05  5.709784E-08  1.744973E-07  2.252672E-07  2.867393E-07
 3.291500E+02  5.867347E-01  4.848372E-04  6.108186E-08  8.144157E-08  9.092235E-08  1.100251E-07  3.464721E-01  3.216000E-04  7.328329E-07  4.026055E-02  1.797958E-05  1.910253E-08  1.613321E-09  6.261430E-03  4.385385E-07  1.675020E-06  4.707341E-07  1.929600E-02  1.977820E-07  1.631467E-07  1.376026E-07  6.184874E-05  8.407447E-05  5.445866E-08  1.659450E-07  2.142912E-07  2.748595E-07
 3.301500E+02  5.869031E-01  4.796228E-04  5.927237E-08  7.904719E-08  8.825367E-08  1.068191E-07  3.465290E-01  3.166657E-04  6.949390E-07  4.037385E-02  1.779949E-05  1.826898E-08  1.584811E-09  6.159557E-03  4.189386E-07  1.603779E-06  4.540978E-07  1.907161E-02  1.904933E-07  1.585089E-07  1.336113E-07  6.108418E-05  8.303518E-05  5.195366E-08  1.578574E-07  2.039086E-07  2.635367E-07
 3.311500E+02  5.870685E-01  4.745017E-04  5.752864E-08  7.673932E-08  8.568130E-08  1.037282E-07  3.465846E-01  3.118397E-04  6.592296E-07  4.048534E-02  1.762126E-05  1.747501E-08  1.556852E-09  6.060021E-03  4.003355E-07  1.536012E-06  4.381575E-07  1.885080E-02  1.835068E-07  1.540292E-07  1.297584E-07  6.033218E-05  8.201301E-05  4.957548E-08  1.502070E-07  1.940844E-07  2.527420E-07
 3.321500E+02  5.872309E-01  4.694718E-04  5.584792E-08  7.451434E-08  8.320119E-08  1.007475E-07  3.466389E-01  3.071191E-04  6.255668E-07  4.059506E-02  1.744489E-05  1.671861E-08  1.529434E-09  5.962759E-03  3.826730E-07  1.471529E-06  4.228802E-07  1.863349E-02  1.768087E-07  1.497013E-07  1.260382E-07  5.959254E-05  8.100768E-05  4.731719E-08  1.429681E-07  1.847859E-07  2.424484E-07
 3.331500E+02  5.873903E-01  4.645311E-04  5.422756E-08  7.236880E-08  8.080952E-08  9.787246E-08  3.466920E-01  3.025009E-04  5.938221E-07  4.070304E-02  1.727040E-05  1.599791E-08  1.502548E-09  5.867706E-03  3.658982E-07  1.410154E-06  4.082345E-07  1.841964E-02  1.703862E-07  1.455194E-07  1.224458E-07  5.886503E-05  8.001887E-05  4.517226E-08  1.361166E-07  1.759825E-07  2.326302E-07
 3.341500E+02  5.875469E-01  4.596776E-04  5.266505E-08  7.029942E-08  7.850263E-08  9.509877E-08  3.467439E-01  2.979825E-04  5.638758E-07  4.080930E-02  1.709776E-05  1.531109E-08  1.476187E-09  5.774800E-03  3.499617E-07  1.351718E-06  3.941907E-07  1.820918E-02  1.642268E-07  1.414780E-07  1.189760E-07  5.814945E-05  7.904632E-05  4.313455E-08  1.296299E-07  1.676454E-07  2.232632E-07
 3.351500E+02  5.877007E-01  4.549094E-04  5.115801E-08  6.830304E-08  7.627702E-08  9.242228E-08  3.467947E-01  2.935613E-04  5.356163E-07  4.091388E-02  1.692699E-05  1.465646E-08  1.450340E-09  5.683982E-03  3.348168E-07  1.296065E-06  3.807207E-07  1.800205E-02  1.583187E-07  1.375717E-07  1.156241E-07  5.744559E-05  7.808972E-05  4.119827E-08  1.234868E-07  1.597476E-07  2.143244E-07
 3.361500E+02  5.878517E-01  4.502244E-04  4.970413E-08  6.637669E-08  7.412938E-08  8.983902E-08  3.468443E-01  2.892346E-04  5.089393E-07  4.101680E-02  1.675809E-05  1.403241E-08  1.424999E-09  5.595195E-03  3.204199E-07  1.243047E-06  3.677978E-07  1.779821E-02  1.526509E-07  1.337954E-07  1.123856E-07  5.675324E-05  7.714880E-05  3.935796E-08  1.176675E-07  1.522640E-07  2.057922E-07
 3.371500E+02  5.880001E-01  4.456210E-04  4.830126E-08  6.451751E-08  7.205653E-08  8.734521E-08  3.468928E-01  2.850000E-04  4.837478E-07  4.111810E-02  1.659104E-05  1.343742E-08  1.400156E-09  5.508382E-03  3.067298E-07  1.192524E-06  3.553967E-07  1.759759E-02  1.472125E-07  1.301441E-07  1.092562E-07  5.607219E-05  7.622328E-05  3.760847E-08  1.121533E-07  1.451708E-07  1.976462E-07
 3.381500E+02  5.881459E-01  4.410973E-04  4.694731E-08  6.272278E-08  7.005544E-08  8.493726E-08  3.469403E-01  2.808550E-04  4.599508E-07  4.121780E-02  1.642584E-05  1.287004E-08  1.375801E-09  5.423490E-03  2.937081E-07  1.144366E-06  3.434933E-07  1.740013E-02  1.419934E-07  1.266131E-07  1.062316E-07  5.540226E-05  7.531288E-05  3.594495E-08  1.069269E-07  1.384457E-07  1.898670E-07
 3.391500E+02  5.882890E-01  4.366515E-04  4.564029E-08  6.098990E-08  6.812322E-08  8.261172E-08  3.469867E-01  2.767973E-04  4.374638E-07  4.131592E-02  1.626250E-05  1.232890E-08  1.351926E-09  5.340467E-03  2.813182E-07  1.098447E-06  3.320649E-07  1.720579E-02  1.369839E-07  1.231980E-07  1.033079E-07  5.474324E-05  7.441734E-05  3.436283E-08  1.019717E-07  1.320680E-07  1.824364E-07
 3.401500E+02  5.884297E-01  4.322820E-04  4.437833E-08  5.931640E-08  6.625713E-08  8.036532E-08  3.470321E-01  2.728247E-04  4.162075E-07  4.141250E-02  1.610099E-05  1.181270E-08  1.328523E-09  5.259262E-03  2.695262E-07  1.054653E-06  3.210899E-07  1.701451E-02  1.321749E-07  1.198943E-07  1.004812E-07  5.409493E-05  7.353640E-05  3.285779E-08  9.727245E-08  1.260179E-07  1.753371E-07
 3.411500E+02  5.885679E-01  4.279871E-04  4.315960E-08  5.769990E-08  6.445451E-08  7.819490E-08  3.470765E-01  2.689349E-04  3.961080E-07  4.150756E-02  1.594132E-05  1.132021E-08  1.305582E-09  5.179825E-03  2.582999E-07  1.012872E-06  3.105477E-07  1.682623E-02  1.275574E-07  1.166981E-07  9.774794E-08  5.345716E-05  7.266978E-05  3.142576E-08  9.281469E-08  1.202771E-07  1.685528E-07
 3.421500E+02  5.887036E-01  4.237651E-04  4.198240E-08  5.613814E-08  6.271286E-08  7.609748E-08  3.471200E-01  2.651258E-04  3.770961E-07  4.160113E-02  1.578347E-05  1.085025E-08  1.283096E-09  5.102110E-03  2.476091E-07  9.730018E-07  3.004189E-07  1.664091E-02  1.231232E-07  1.136051E-07  9.510451E-08  5.282972E-05  7.181724E-05  3.006289E-08  8.858484E-08  1.148284E-07  1.620678E-07
 3.431500E+02  5.888371E-01  4.196146E-04  4.084506E-08  5.462896E-08  6.102978E-08  7.407019E-08  3.471625E-01  2.613954E-04  3.591072E-07  4.169324E-02  1.562744E-05  1.040173E-08  1.261055E-09  5.026071E-03  2.374252E-07  9.349438E-07  2.906849E-07  1.645849E-02  1.188642E-07  1.106118E-07  9.254757E-08  5.221244E-05  7.097852E-05  2.876557E-08  8.457016E-08  1.096553E-07  1.558677E-07
 3.441500E+02  5.889682E-01  4.155339E-04  3.974603E-08  5.317031E-08  5.940297E-08  7.211031E-08  3.472042E-01  2.577415E-04  3.420807E-07  4.178390E-02  1.547322E-05  9.973601E-09  1.239452E-09  4.951663E-03  2.277215E-07  8.986059E-07  2.813282E-07  1.627893E-02  1.147728E-07  1.077143E-07  9.007390E-08  5.160514E-05  7.015338E-05  2.753038E-08  8.075868E-08  1.047428E-07  1.499385E-07
 3.451500E+02  5.890970E-01  4.115216E-04  3.868379E-08  5.176021E-08  5.783023E-08  7.021520E-08  3.472449E-01  2.541624E-04  3.259601E-07  4.187314E-02  1.532079E-05  9.564856E-09  1.218277E-09  4.878842E-03  2.184728E-07  8.639009E-07  2.723320E-07  1.610217E-02  1.108418E-07  1.049092E-07  8.768039E-08  5.100763E-05  6.934156E-05  2.635407E-08  7.713913E-08  1.000763E-07  1.442671E-07
 3.461500E+02  5.892236E-01  4.075762E-04  3.765691E-08  5.039676E-08  5.630947E-08  6.838238E-08  3.472848E-01  2.506560E-04  3.106923E-07  4.196100E-02  1.517015E-05  9.174557E-09  1.197524E-09  4.807567E-03  2.096551E-07  8.307466E-07  2.636805E-07  1.592817E-02  1.070643E-07  1.021931E-07  8.536409E-08  5.041974E-05  6.854284E-05  2.523360E-08  7.370095E-08  9.564250E-08  1.388411E-07
 3.471500E+02  5.893481E-01  4.036964E-04  3.666402E-08  4.907818E-08  5.483868E-08  6.660944E-08  3.473239E-01  2.472206E-04  2.962276E-07  4.204749E-02  1.502129E-05  8.801807E-09  1.177183E-09  4.737798E-03  2.012462E-07  7.990652E-07  2.553585E-07  1.575687E-02  1.034336E-07  9.956279E-08  8.312215E-08  4.984130E-05  6.775697E-05  2.416608E-08  7.043418E-08  9.142857E-08  1.336486E-07
 3.481500E+02  5.894704E-01  3.998806E-04  3.570380E-08  4.780274E-08  5.341595E-08  6.489411E-08  3.473621E-01  2.438544E-04  2.825196E-07  4.213263E-02  1.487418E-05  8.445757E-09  1.157248E-09  4.669495E-03  1.932248E-07  7.687834E-07  2.473517E-07  1.558824E-02  9.994345E-08  9.701515E-08  8.095183E-08  4.927213E-05  6.698372E-05  2.314880E-08  6.732945E-08  8.742259E-08  1.286786E-07
 3.491500E+02  5.895906E-01  3.961277E-04  3.477500E-08  4.656878E-08  5.203943E-08  6.323419E-08  3.473996E-01  2.405556E-04  2.695247E-07  4.221646E-02  1.472882E-05  8.105602E-09  1.137709E-09  4.602620E-03  1.855711E-07  7.398317E-07  2.396465E-07  1.542222E-02  9.658789E-08  9.454721E-08  7.885052E-08  4.871208E-05  6.622287E-05  2.217918E-08  6.437796E-08  8.361330E-08  1.239203E-07
 3.501500E+02  5.897088E-01  3.924362E-04  3.387642E-08  4.537473E-08  5.070738E-08  6.162760E-08  3.474362E-01  2.373226E-04  2.572021E-07  4.229899E-02  1.458520E-05  7.780575E-09  1.118559E-09  4.537137E-03  1.782660E-07  7.121444E-07  2.322297E-07  1.525876E-02  9.336115E-08  9.215611E-08  7.681570E-08  4.816098E-05  6.547419E-05  2.125479E-08  6.157141E-08  7.999010E-08  1.193638E-07
 3.511500E+02  5.898250E-01  3.888049E-04  3.300691E-08  4.421909E-08  4.941812E-08  6.007231E-08  3.474721E-01  2.341537E-04  2.455133E-07  4.238024E-02  1.444330E-05  7.469952E-09  1.099790E-09  4.473009E-03  1.712920E-07  6.856597E-07  2.250890E-07  1.509783E-02  9.025780E-08  8.983910E-08  7.484497E-08  4.761866E-05  6.473746E-05  2.037333E-08  5.890199E-08  7.654303E-08  1.149996E-07
 3.521500E+02  5.899392E-01  3.852325E-04  3.216537E-08  4.310040E-08  4.817003E-08  5.856642E-08  3.475073E-01  2.310474E-04  2.344226E-07  4.246024E-02  1.430311E-05  7.173043E-09  1.081395E-09  4.410201E-03  1.646322E-07  6.603187E-07  2.182127E-07  1.493938E-02  8.727260E-08  8.759354E-08  7.293601E-08  4.708497E-05  6.401246E-05  1.953263E-08  5.636235E-08  7.326268E-08  1.108186E-07
 3.531500E+02  5.900515E-01  3.817178E-04  3.135075E-08  4.201728E-08  4.696157E-08  5.710808E-08  3.475418E-01  2.280021E-04  2.238961E-07  4.253902E-02  1.416461E-05  6.889194E-09  1.063367E-09  4.348681E-03  1.582709E-07  6.360659E-07  2.115895E-07  1.478337E-02  8.440059E-08  8.541690E-08  7.108659E-08  4.655975E-05  6.329899E-05  1.873063E-08  5.394558E-08  7.014019E-08  1.068122E-07
 3.541500E+02  5.901619E-01  3.782597E-04  3.056204E-08  4.096841E-08  4.579128E-08  5.569555E-08  3.475755E-01  2.250164E-04  2.139021E-07  4.261658E-02  1.402778E-05  6.617785E-09  1.045697E-09  4.288414E-03  1.521929E-07  6.128488E-07  2.052087E-07  1.462975E-02  8.163702E-08  8.330676E-08  6.929460E-08  4.604285E-05  6.259683E-05  1.796539E-08  5.164513E-08  6.716723E-08  1.029724E-07
 3.551500E+02  5.902705E-01  3.748569E-04  2.979827E-08  3.995252E-08  4.465774E-08  5.432711E-08  3.476086E-01  2.220887E-04  2.044111E-07  4.269296E-02  1.389263E-05  6.358226E-09  1.028379E-09  4.229371E-03  1.463842E-07  5.906176E-07  1.990601E-07  1.447848E-02  7.897735E-08  8.126077E-08  6.755797E-08  4.553413E-05  6.190578E-05  1.723507E-08  4.945486E-08  6.433591E-08  9.929139E-08
 3.561500E+02  5.903773E-01  3.715084E-04  2.905853E-08  3.896839E-08  4.355959E-08  5.300117E-08  3.476410E-01  2.192177E-04  1.953950E-07  4.276816E-02  1.375912E-05  6.109956E-09  1.011406E-09  4.171519E-03  1.408315E-07  5.693252E-07  1.931340E-07  1.432952E-02  7.641727E-08  7.927669E-08  6.587474E-08  4.503342E-05  6.122564E-05  1.653793E-08  4.736897E-08  6.163882E-08  9.576188E-08
 3.571500E+02  5.904823E-01  3.682130E-04  2.834192E-08  3.801486E-08  4.249554E-08  5.171618E-08  3.476728E-01  2.164020E-04  1.868276E-07  4.284223E-02  1.362724E-05  5.872445E-09  9.947701E-10  4.114829E-03  1.355220E-07  5.489269E-07  1.874212E-07  1.418283E-02  7.395263E-08  7.735236E-08  6.424302E-08  4.454060E-05  6.055621E-05  1.587232E-08  4.538199E-08  5.906896E-08  9.237691E-08
 3.581500E+02  5.905856E-01  3.649697E-04  2.764760E-08  3.709081E-08  4.146435E-08  5.047064E-08  3.477040E-01  2.136403E-04  1.786842E-07  4.291517E-02  1.349698E-05  5.645187E-09  9.784649E-10  4.059272E-03  1.304439E-07  5.293804E-07  1.819129E-07  1.403838E-02  7.157948E-08  7.548571E-08  6.266101E-08  4.405550E-05  5.989730E-05  1.523669E-08  4.348876E-08  5.661972E-08  8.912987E-08
 3.591500E+02  5.906871E-01  3.617774E-04  2.697475E-08  3.619517E-08  4.046482E-08  4.926313E-08  3.477345E-01  2.109313E-04  1.709417E-07  4.298700E-02  1.336832E-05  5.427703E-09  9.624834E-10  4.004821E-03  1.255858E-07  5.106457E-07  1.766005E-07  1.389611E-02  6.929407E-08  7.367474E-08  6.112695E-08  4.357801E-05  5.924872E-05  1.462955E-08  4.168442E-08  5.428487E-08  8.601449E-08
 3.601500E+02  5.907870E-01  3.586351E-04  2.632259E-08  3.532692E-08  3.949582E-08  4.809230E-08  3.477644E-01  2.082737E-04  1.635783E-07  4.305774E-02  1.324125E-05  5.219535E-09  9.468190E-10  3.951446E-03  1.209371E-07  4.926848E-07  1.714762E-07  1.375600E-02  6.709278E-08  7.191753E-08  5.963917E-08  4.310798E-05  5.861028E-05  1.404951E-08  3.996437E-08  5.205854E-08  8.302480E-08
 3.611500E+02  5.908853E-01  3.555417E-04  2.569038E-08  3.448507E-08  3.855624E-08  4.695682E-08  3.477938E-01  2.056664E-04  1.565734E-07  4.312742E-02  1.311574E-05  5.020252E-09  9.314652E-10  3.899123E-03  1.164876E-07  4.754615E-07  1.665321E-07  1.361800E-02  6.497218E-08  7.021225E-08  5.819606E-08  4.264527E-05  5.798179E-05  1.349526E-08  3.832428E-08  4.993516E-08  8.015514E-08
 3.621500E+02  5.909820E-01  3.524964E-04  2.507741E-08  3.366867E-08  3.764504E-08  4.585544E-08  3.478225E-01  2.031081E-04  1.499078E-07  4.319604E-02  1.299179E-05  4.829442E-09  9.164155E-10  3.847825E-03  1.122278E-07  4.589418E-07  1.617611E-07  1.348208E-02  6.292898E-08  6.855711E-08  5.679607E-08  4.218975E-05  5.736308E-05  1.296552E-08  3.676006E-08  4.790948E-08  7.740013E-08
 3.631500E+02  5.910771E-01  3.494982E-04  2.448297E-08  3.287683E-08  3.676120E-08  4.478696E-08  3.478507E-01  2.005976E-04  1.435632E-07  4.326364E-02  1.286937E-05  4.646712E-09  9.016636E-10  3.797527E-03  1.081485E-07  4.430931E-07  1.571562E-07  1.334820E-02  6.096003E-08  6.695042E-08  5.543772E-08  4.174130E-05  5.675398E-05  1.245911E-08  3.526783E-08  4.597656E-08  7.475463E-08
 3.641500E+02  5.911706E-01  3.465461E-04  2.390642E-08  3.210866E-08  3.590377E-08  4.375021E-08  3.478784E-01  1.981340E-04  1.375227E-07  4.333022E-02  1.274847E-05  4.471691E-09  8.872033E-10  3.748206E-03  1.042412E-07  4.278847E-07  1.527106E-07  1.321633E-02  5.906234E-08  6.539053E-08  5.411958E-08  4.129978E-05  5.615430E-05  1.197492E-08  3.384395E-08  4.413170E-08  7.221378E-08
 3.651500E+02  5.912627E-01  3.436392E-04  2.334712E-08  3.136335E-08  3.507181E-08  4.274409E-08  3.479056E-01  1.957160E-04  1.317699E-07  4.339580E-02  1.262908E-05  4.304025E-09  8.730285E-10  3.699837E-03  1.004977E-07  4.132875E-07  1.484181E-07  1.308643E-02  5.723303E-08  6.387587E-08  5.284027E-08  4.086508E-05  5.556388E-05  1.151186E-08  3.248497E-08  4.237049E-08  6.977294E-08
 3.661500E+02  5.913533E-01  3.407766E-04  2.280446E-08  3.064009E-08  3.426442E-08  4.176753E-08  3.479322E-01  1.933426E-04  1.262898E-07  4.346041E-02  1.251117E-05  4.143379E-09  8.591331E-10  3.652397E-03  9.691027E-08  3.992735E-07  1.442725E-07  1.295846E-02  5.546935E-08  6.240492E-08  5.159846E-08  4.043707E-05  5.498256E-05  1.106893E-08  3.118761E-08  4.068873E-08  6.742771E-08
 3.671500E+02  5.914424E-01  3.379576E-04  2.227786E-08  2.993810E-08  3.348077E-08  4.081951E-08  3.479583E-01  1.910128E-04  1.210681E-07  4.352406E-02  1.239473E-05  3.989430E-09  8.455114E-10  3.605865E-03  9.347166E-08  3.858166E-07  1.402680E-07  1.283240E-02  5.376867E-08  6.097620E-08  5.039289E-08  4.001562E-05  5.441016E-05  1.064517E-08  2.994881E-08  3.908247E-08  6.517388E-08
 3.681500E+02  5.915301E-01  3.351811E-04  2.176676E-08  2.925666E-08  3.272001E-08  3.989904E-08  3.479839E-01  1.887255E-04  1.160912E-07  4.358676E-02  1.227974E-05  3.841877E-09  8.321575E-10  3.560218E-03  9.017488E-08  3.728916E-07  1.363991E-07  1.270821E-02  5.212850E-08  5.958833E-08  4.922233E-08  3.960063E-05  5.384653E-05  1.023966E-08  2.876563E-08  3.754797E-08  6.300747E-08
 3.691500E+02  5.916164E-01  3.324465E-04  2.127062E-08  2.859504E-08  3.198136E-08  3.900517E-08  3.480090E-01  1.864799E-04  1.113465E-07  4.364854E-02  1.216619E-05  3.700428E-09  8.190658E-10  3.515436E-03  8.701336E-08  3.604747E-07  1.326605E-07  1.258586E-02  5.054642E-08  5.823994E-08  4.808560E-08  3.919198E-05  5.329150E-05  9.851546E-09  2.763533E-08  3.608168E-08  6.092468E-08
 3.701500E+02  5.917014E-01  3.297529E-04  2.078893E-08  2.795258E-08  3.126407E-08  3.813700E-08  3.480337E-01  1.842750E-04  1.068219E-07  4.370940E-02  1.205406E-05  3.564808E-09  8.062309E-10  3.471498E-03  8.398085E-08  3.485434E-07  1.290471E-07  1.246532E-02  4.902014E-08  5.692973E-08  4.698157E-08  3.878955E-05  5.274494E-05  9.480004E-09  2.655530E-08  3.468025E-08  5.892188E-08
 3.711500E+02  5.917850E-01  3.270995E-04  2.032119E-08  2.732862E-08  3.056740E-08  3.729365E-08  3.480579E-01  1.821097E-04  1.025061E-07  4.376937E-02  1.194333E-05  3.434755E-09  7.936472E-10  3.428384E-03  8.107142E-08  3.370762E-07  1.255541E-07  1.234654E-02  4.754746E-08  5.565644E-08  4.590915E-08  3.839322E-05  5.220668E-05  9.124258E-09  2.552305E-08  3.334052E-08  5.699563E-08
 3.721500E+02  5.918673E-01  3.244856E-04  1.986692E-08  2.672252E-08  2.989066E-08  3.647429E-08  3.480817E-01  1.799833E-04  9.838838E-08  4.382846E-02  1.183399E-05  3.310020E-09  7.813094E-10  3.386076E-03  7.827944E-08  3.260526E-07  1.221768E-07  1.222951E-02  4.612626E-08  5.441886E-08  4.486729E-08  3.800291E-05  5.167657E-05  8.783569E-09  2.453627E-08  3.205947E-08  5.514263E-08
 3.731500E+02  5.919483E-01  3.219103E-04  1.942566E-08  2.613368E-08  2.923317E-08  3.567811E-08  3.481050E-01  1.778949E-04  9.445873E-08  4.388668E-02  1.172602E-05  3.190366E-09  7.692123E-10  3.344553E-03  7.559957E-08  3.154532E-07  1.189108E-07  1.211420E-02  4.475455E-08  5.321583E-08  4.385498E-08  3.761848E-05  5.115447E-05  8.457234E-09  2.359272E-08  3.083426E-08  5.335977E-08
