#         T/K            c1          c2-1          c3-4          c3-5          c3-7          c3-9            m1          m2-1          m3-1            w1            w2          w3-1          w3-2          c1m1        c1m2-1        c1m2-7        c2m1-1        c1w1-2        c1w2-1        c2w1-1        c2w1-9        m1w1-1        m1w1-4        m1w2-1        m2w1-1        m2w1-3      c1m1w1-1
 2.731500E+02  6.488743E-01  1.367236E-03  7.627523E-07  1.001131E-06  1.113838E-06  1.328113E-06  1.930660E-01  3.076264E-04  5.290549E-06  5.640062E-02  1.071151E-04  2.069104E-06  2.903174E-08  1.286202E-02  3.895581E-06  1.278264E-05  4.370537E-06  8.661263E-02  9.040881E-06  2.800558E-06  2.459186E-06  1.443567E-04  1.965084E-04  2.334542E-06  2.893521E-06  3.664683E-06  5.694958E-06
 2.741500E+02  6.495956E-01  1.345137E-03  7.288039E-07  9.568967E-07  1.064703E-06  1.269926E-06  1.932320E-01  3.006775E-04  4.892892E-06  5.694710E-02  1.066015E-04  1.967940E-06  2.868534E-08  1.255174E-02  3.639932E-06  1.198245E-05  4.140494E-06  8.552678E-02  8.637106E-06  2.694414E-06  2.363939E-06  1.424450E-04  1.938937E-04  2.200919E-06  2.702371E-06  3.423952E-06  5.377537E-06
 2.751500E+02  6.503053E-01  1.323568E-03  6.966207E-07  9.149485E-07  1.018104E-06  1.214726E-06  1.933928E-01  2.939299E-04  4.527620E-06  5.748742E-02  1.060687E-04  1.871731E-06  2.833580E-08  1.225113E-02  3.402749E-06  1.123769E-05  3.924185E-06  8.445315E-02  8.252275E-06  2.592790E-06  2.272832E-06  1.405542E-04  1.913083E-04  2.075324E-06  2.524773E-06  3.200199E-06  5.079365E-06
 2.761500E+02  6.510036E-01  1.302512E-03  6.660990E-07  8.751529E-07  9.738935E-07  1.162338E-06  1.935486E-01  2.873768E-04  4.191910E-06  5.802156E-02  1.055178E-04  1.780248E-06  2.798358E-08  1.195982E-02  3.182589E-06  1.054417E-05  3.720704E-06  8.339178E-02  7.885485E-06  2.495478E-06  2.185669E-06  1.386847E-04  1.887525E-04  1.957261E-06  2.359707E-06  2.992153E-06  4.799193E-06
 2.771500E+02  6.516907E-01  1.281954E-03  6.371420E-07  8.373851E-07  9.319324E-07  1.112601E-06  1.936996E-01  2.810119E-04  3.883202E-06  5.854949E-02  1.049498E-04  1.693265E-06  2.762913E-08  1.167748E-02  2.978128E-06  9.898072E-06  3.529210E-06  8.234275E-02  7.535872E-06  2.402279E-06  2.102264E-06  1.368368E-04  1.862267E-04  1.846263E-06  2.206237E-06  2.798646E-06  4.535859E-06
 2.781500E+02  6.523668E-01  1.261880E-03  6.096592E-07  8.015282E-07  8.920916E-07  1.065363E-06  1.938460E-01  2.748290E-04  3.599169E-06  5.907119E-02  1.043654E-04  1.610570E-06  2.727287E-08  1.140379E-02  2.788154E-06  9.295863E-06  3.348922E-06  8.130608E-02  7.202615E-06  2.313004E-06  2.022442E-06  1.350105E-04  1.837310E-04  1.741893E-06  2.063499E-06  2.618601E-06  4.288280E-06
 2.791500E+02  6.530320E-01  1.242276E-03  5.835657E-07  7.674731E-07  8.542499E-07  1.020481E-06  1.939879E-01  2.688223E-04  3.337698E-06  5.958665E-02  1.037658E-04  1.531958E-06  2.691522E-08  1.113844E-02  2.611553E-06  8.734300E-06  3.179113E-06  8.028181E-02  6.884932E-06  2.227473E-06  1.946034E-06  1.332060E-04  1.812657E-04  1.643742E-06  1.930697E-06  2.451024E-06  4.055446E-06
 2.801500E+02  6.536865E-01  1.223127E-03  5.587821E-07  7.351171E-07  8.182938E-07  9.778239E-07  1.941256E-01  2.629859E-04  3.096867E-06  6.009585E-02  1.031518E-04  1.457234E-06  2.655656E-08  1.088113E-02  2.447303E-06  8.210397E-06  3.019109E-06  7.926996E-02  6.582076E-06  2.145515E-06  1.872883E-06  1.314236E-04  1.788308E-04  1.551426E-06  1.807097E-06  2.294997E-06  3.836417E-06
 2.811500E+02  6.543304E-01  1.204420E-03  5.352341E-07  7.043645E-07  7.841170E-07  9.372653E-07  1.942591E-01  2.573144E-04  2.874929E-06  6.059880E-02  1.025242E-04  1.386210E-06  2.619728E-08  1.063157E-02  2.294468E-06  7.721404E-06  2.868281E-06  7.827053E-02  6.293340E-06  2.066967E-06  1.802836E-06  1.296632E-04  1.764266E-04  1.464586E-06  1.692020E-06  2.149676E-06  3.630314E-06
 2.821500E+02  6.549639E-01  1.186143E-03  5.128520E-07  6.751252E-07  7.516197E-07  8.986886E-07  1.943886E-01  2.518024E-04  2.670293E-06  6.109550E-02  1.018839E-04  1.318708E-06  2.583772E-08  1.038949E-02  2.152186E-06  7.264786E-06  2.726047E-06  7.728352E-02  6.018044E-06  1.991676E-06  1.735751E-06  1.279250E-04  1.740531E-04  1.382885E-06  1.584844E-06  2.014278E-06  3.436319E-06
 2.831500E+02  6.555871E-01  1.168283E-03  4.915703E-07  6.473148E-07  7.207084E-07  8.619840E-07  1.945143E-01  2.464447E-04  2.481512E-06  6.158595E-02  1.012317E-04  1.254556E-06  2.547824E-08  1.015462E-02  2.019665E-06  6.838204E-06  2.591863E-06  7.630894E-02  5.755547E-06  1.919493E-06  1.671490E-06  1.262090E-04  1.717103E-04  1.306006E-06  1.484990E-06  1.888083E-06  3.253669E-06
 2.841500E+02  6.562002E-01  1.150829E-03  4.713279E-07  6.208542E-07  6.912955E-07  8.270484E-07  1.946362E-01  2.412363E-04  2.307265E-06  6.207016E-02  1.005685E-04  1.193592E-06  2.511915E-08  9.926716E-03  1.896177E-06  6.439504E-06  2.465223E-06  7.534675E-02  5.505235E-06  1.850279E-06  1.609924E-06  1.245153E-04  1.693984E-04  1.233654E-06  1.391926E-06  1.770426E-06  3.081651E-06
 2.851500E+02  6.568034E-01  1.133768E-03  4.520672E-07  5.956692E-07  6.632984E-07  7.937850E-07  1.947546E-01  2.361725E-04  2.146350E-06  6.254814E-02  9.989513E-05  1.135658E-06  2.476076E-08  9.705526E-03  1.781052E-06  6.066697E-06  2.345656E-06  7.439693E-02  5.266525E-06  1.783899E-06  1.550930E-06  1.228439E-04  1.671172E-04  1.165552E-06  1.305162E-06  1.660692E-06  2.919599E-06
 2.861500E+02  6.573967E-01  1.117090E-03  4.337343E-07  5.716899E-07  6.366400E-07  7.621031E-07  1.948695E-01  2.312485E-04  1.997670E-06  6.301991E-02  9.921224E-05  1.080607E-06  2.440336E-08  9.490818E-03  1.673675E-06  5.717946E-06  2.232722E-06  7.345945E-02  5.038859E-06  1.720229E-06  1.494389E-06  1.211947E-04  1.648667E-04  1.101439E-06  1.224242E-06  1.558311E-06  2.766894E-06
 2.871500E+02  6.579803E-01  1.100784E-03  4.162784E-07  5.488509E-07  6.112474E-07  7.319171E-07  1.949811E-01  2.264599E-04  1.860225E-06  6.348550E-02  9.852062E-05  1.028297E-06  2.404722E-08  9.282367E-03  1.573477E-06  5.391554E-06  2.126014E-06  7.253426E-02  4.821711E-06  1.659145E-06  1.440191E-06  1.195677E-04  1.626469E-04  1.041073E-06  1.148747E-06  1.462759E-06  2.622955E-06
 2.881500E+02  6.585544E-01  1.084840E-03  3.996520E-07  5.270905E-07  5.870526E-07  7.031467E-07  1.950894E-01  2.218023E-04  1.733100E-06  6.394493E-02  9.782101E-05  9.785911E-07  2.369260E-08  9.079958E-03  1.479936E-06  5.085956E-06  2.025148E-06  7.162132E-02  4.614575E-06  1.600534E-06  1.388230E-06  1.179629E-04  1.604576E-04  9.842232E-07  1.078290E-06  1.373549E-06  2.487239E-06
 2.891500E+02  6.591191E-01  1.069247E-03  3.838103E-07  5.063509E-07  5.639912E-07  6.757166E-07  1.951947E-01  2.172716E-04  1.615462E-06  6.439823E-02  9.711410E-05  9.313617E-07  2.333975E-08  8.883382E-03  1.392570E-06  4.799701E-06  1.929768E-06  7.072057E-02  4.416974E-06  1.544286E-06  1.338403E-06  1.163802E-04  1.582989E-04  9.306774E-07  1.012511E-06  1.290234E-06  2.359242E-06
 2.901500E+02  6.596746E-01  1.053996E-03  3.687112E-07  4.865778E-07  5.420029E-07  6.495557E-07  1.952969E-01  2.128637E-04  1.506548E-06  6.484542E-02  9.640057E-05  8.864853E-07  2.298888E-08  8.692441E-03  1.310934E-06  4.531451E-06  1.839543E-06  6.983195E-02  4.228451E-06  1.490296E-06  1.290616E-06  1.148195E-04  1.561704E-04  8.802344E-07  9.510799E-07  1.212395E-06  2.238490E-06
 2.911500E+02  6.602209E-01  1.039077E-03  3.543153E-07  4.677197E-07  5.210309E-07  6.245971E-07  1.953963E-01  2.085747E-04  1.405661E-06  6.528655E-02  9.568109E-05  8.438448E-07  2.264022E-08  8.506942E-03  1.234619E-06  4.279964E-06  1.754162E-06  6.895539E-02  4.048571E-06  1.438465E-06  1.244776E-06  1.132807E-04  1.540722E-04  8.327059E-07  8.936888E-07  1.139650E-06  2.124541E-06
 2.921500E+02  6.607583E-01  1.024482E-03  3.405852E-07  4.497287E-07  5.010218E-07  6.007779E-07  1.954928E-01  2.044010E-04  1.312163E-06  6.572164E-02  9.495627E-05  8.033286E-07  2.229397E-08  8.326700E-03  1.163246E-06  4.044095E-06  1.673335E-06  6.809082E-02  3.876922E-06  1.388698E-06  1.200797E-06  1.117637E-04  1.520039E-04  7.879158E-07  8.400541E-07  1.071642E-06  2.016981E-06
 2.931500E+02  6.612869E-01  1.010201E-03  3.274859E-07  4.325593E-07  4.819253E-07  5.780389E-07  1.955867E-01  2.003387E-04  1.225471E-06  6.615075E-02  9.422675E-05  7.648305E-07  2.195030E-08  8.151539E-03  1.096465E-06  3.822779E-06  1.596791E-06  6.723815E-02  3.713112E-06  1.340905E-06  1.158595E-06  1.102685E-04  1.499655E-04  7.456986E-07  7.899129E-07  1.008041E-06  1.915423E-06
 2.941500E+02  6.618068E-01  9.962261E-04  3.149846E-07  4.161688E-07  4.636939E-07  5.563243E-07  1.956779E-01  1.963844E-04  1.145049E-06  6.657391E-02  9.349310E-05  7.282493E-07  2.160939E-08  7.981288E-03  1.033954E-06  3.615032E-06  1.524276E-06  6.639732E-02  3.556765E-06  1.294999E-06  1.118091E-06  1.087948E-04  1.479568E-04  7.058993E-07  7.430218E-07  9.485410E-07  1.819506E-06
 2.951500E+02  6.623181E-01  9.825490E-04  3.030500E-07  4.005169E-07  4.462830E-07  5.355813E-07  1.957666E-01  1.925349E-04  1.070408E-06  6.699116E-02  9.275589E-05  6.934889E-07  2.127140E-08  7.815782E-03  9.754151E-07  3.419942E-06  1.455555E-06  6.556822E-02  3.407526E-06  1.250899E-06  1.079212E-06  1.073424E-04  1.459774E-04  6.683724E-07  6.991554E-07  8.928594E-07  1.728891E-06
 2.961500E+02  6.628210E-01  9.691617E-04  2.916529E-07  3.855657E-07  4.296506E-07  5.157605E-07  1.958528E-01  1.887866E-04  1.001100E-06  6.740256E-02  9.201567E-05  6.604577E-07  2.093647E-08  7.654863E-03  9.205715E-07  3.236662E-06  1.390404E-06  6.475076E-02  3.265057E-06  1.208526E-06  1.041883E-06  1.059113E-04  1.440272E-04  6.329817E-07  6.581048E-07  8.407337E-07  1.643261E-06
 2.971500E+02  6.633156E-01  9.560566E-04  2.807658E-07  3.712794E-07  4.137568E-07  4.968151E-07  1.959367E-01  1.851366E-04  9.367128E-07  6.780814E-02  9.127296E-05  6.290686E-07  2.060475E-08  7.498380E-03  8.691685E-07  3.064408E-06  1.328617E-06  6.394486E-02  3.129036E-06  1.167807E-06  1.006039E-06  1.045013E-04  1.421059E-04  5.995992E-07  6.196763E-07  7.919204E-07  1.562320E-06
 2.981500E+02  6.638020E-01  9.432261E-04  2.703627E-07  3.576244E-07  3.985643E-07  4.787008E-07  1.960183E-01  1.815818E-04  8.768688E-07  6.820797E-02  9.052828E-05  5.992389E-07  2.027635E-08  7.346186E-03  8.209697E-07  2.902450E-06  1.270000E-06  6.315041E-02  2.999156E-06  1.128669E-06  9.716124E-07  1.031122E-04  1.402133E-04  5.681050E-07  5.836905E-07  7.461940E-07  1.485789E-06
 2.991500E+02  6.642804E-01  9.306630E-04  2.604189E-07  3.445687E-07  3.840378E-07  4.613760E-07  1.960977E-01  1.781192E-04  8.212213E-07  6.860209E-02  8.978209E-05  5.708899E-07  1.995139E-08  7.198141E-03  7.757566E-07  2.750112E-06  1.214371E-06  6.236730E-02  2.875125E-06  1.091045E-06  9.385428E-07  1.017438E-04  1.383492E-04  5.383866E-07  5.499809E-07  7.033450E-07  1.413408E-06
 3.001500E+02  6.647509E-01  9.183603E-04  2.509114E-07  3.320823E-07  3.701439E-07  4.448015E-07  1.961750E-01  1.747459E-04  7.694520E-07  6.899056E-02  8.903486E-05  5.439468E-07  1.962996E-08  7.054109E-03  7.333266E-07  2.606766E-06  1.161558E-06  6.159543E-02  2.756667E-06  1.054870E-06  9.067708E-07  1.003959E-04  1.365131E-04  5.103384E-07  5.183930E-07  6.631791E-07  1.344933E-06
 3.011500E+02  6.652136E-01  9.063113E-04  2.418183E-07  3.201369E-07  3.568511E-07  4.289401E-07  1.962501E-01  1.714593E-04  7.212685E-07  6.937342E-02  8.828704E-05  5.183386E-07  1.931217E-08  6.913960E-03  6.934919E-07  2.471828E-06  1.111403E-06  6.083470E-02  2.643518E-06  1.020083E-06  8.762402E-07  9.906825E-05  1.347049E-04  4.838613E-07  4.887834E-07  6.255159E-07  1.280136E-06
 3.021500E+02  6.656687E-01  8.945092E-04  2.331190E-07  3.087057E-07  3.441298E-07  4.137566E-07  1.963233E-01  1.682568E-04  6.764019E-07  6.975075E-02  8.753905E-05  4.939976E-07  1.899809E-08  6.777568E-03  6.560787E-07  2.344755E-06  1.063755E-06  6.008499E-02  2.535425E-06  9.866241E-07  8.468972E-07  9.776076E-05  1.329243E-04  4.588625E-07  4.610192E-07  5.901879E-07  1.218802E-06
 3.031500E+02  6.661163E-01  8.829479E-04  2.247940E-07  2.977634E-07  3.319517E-07  3.992179E-07  1.963946E-01  1.651356E-04  6.346049E-07  7.012259E-02  8.679129E-05  4.708597E-07  1.868780E-08  6.644812E-03  6.209254E-07  2.225042E-06  1.018475E-06  5.934618E-02  2.432152E-06  9.544380E-07  8.186909E-07  9.647316E-05  1.311709E-04  4.352547E-07  4.349767E-07  5.570395E-07  1.160730E-06
 3.041500E+02  6.665565E-01  8.716211E-04  2.168249E-07  2.872860E-07  3.202905E-07  3.852926E-07  1.964639E-01  1.620934E-04  5.956499E-07  7.048900E-02  8.604414E-05  4.488641E-07  1.838136E-08  6.515576E-03  5.878822E-07  2.112220E-06  9.754293E-07  5.861816E-02  2.333469E-06  9.234708E-07  7.915724E-07  9.520523E-05  1.294445E-04  4.129561E-07  4.105412E-07  5.259261E-07  1.105732E-06
 3.051500E+02  6.669893E-01  8.605228E-04  2.091942E-07  2.772509E-07  3.091209E-07  3.719512E-07  1.965315E-01  1.591278E-04  5.593275E-07  7.085004E-02  8.529798E-05  4.279529E-07  1.807884E-08  6.389747E-03  5.568102E-07  2.005852E-06  9.344952E-07  5.790082E-02  2.239162E-06  8.936713E-07  7.654952E-07  9.395676E-05  1.277448E-04  3.918897E-07  3.876061E-07  4.967132E-07  1.053632E-06
 3.061500E+02  6.674151E-01  8.496472E-04  2.018856E-07  2.676368E-07  2.984192E-07  3.591655E-07  1.965973E-01  1.562365E-04  5.254448E-07  7.120578E-02  8.455315E-05  4.080711E-07  1.778027E-08  6.267218E-03  5.275802E-07  1.905530E-06  8.955561E-07  5.719403E-02  2.149025E-06  8.649905E-07  7.404150E-07  9.272753E-05  1.260713E-04  3.719836E-07  3.660723E-07  4.692760E-07  1.004262E-06
 3.071500E+02  6.678338E-01  8.389888E-04  1.948835E-07  2.584234E-07  2.881630E-07  3.469090E-07  1.966614E-01  1.534172E-04  4.938240E-07  7.155627E-02  8.380999E-05  3.891665E-07  1.748570E-08  6.147883E-03  5.000723E-07  1.810875E-06  8.585028E-07  5.649767E-02  2.062862E-06  8.373820E-07  7.162896E-07  9.151730E-05  1.244239E-04  3.531699E-07  3.458475E-07  4.434982E-07  9.574678E-07
 3.081500E+02  6.682455E-01  8.285419E-04  1.881731E-07  2.495916E-07  2.783310E-07  3.351566E-07  1.967238E-01  1.506678E-04  4.643013E-07  7.190157E-02  8.306881E-05  3.711896E-07  1.719516E-08  6.031643E-03  4.741750E-07  1.721535E-06  8.232327E-07  5.581163E-02  1.980486E-06  8.108011E-07  6.930785E-07  9.032583E-05  1.228022E-04  3.353851E-07  3.268461E-07  4.192717E-07  9.131027E-07
 3.091500E+02  6.686505E-01  8.183014E-04  1.817405E-07  2.411233E-07  2.689031E-07  3.238845E-07  1.967847E-01  1.479862E-04  4.367255E-07  7.224175E-02  8.232991E-05  3.540935E-07  1.690869E-08  5.918401E-03  4.497845E-07  1.637179E-06  7.896494E-07  5.513577E-02  1.901721E-06  7.852053E-07  6.707432E-07  8.915291E-05  1.212058E-04  3.185695E-07  3.089883E-07  3.964959E-07  8.710294E-07
 3.101500E+02  6.690487E-01  8.082622E-04  1.755726E-07  2.330013E-07  2.598602E-07  3.130701E-07  1.968440E-01  1.453704E-04  4.109572E-07  7.257686E-02  8.159358E-05  3.378336E-07  1.662630E-08  5.808064E-03  4.268045E-07  1.557501E-06  7.576619E-07  5.446997E-02  1.826399E-06  7.605539E-07  6.492470E-07  8.799829E-05  1.196345E-04  3.026668E-07  2.922001E-07  3.750770E-07  8.311188E-07
 3.111500E+02  6.694404E-01  7.984191E-04  1.696569E-07  2.252093E-07  2.511843E-07  3.026921E-07  1.969018E-01  1.428185E-04  3.868677E-07  7.290698E-02  8.086007E-05  3.223674E-07  1.634801E-08  5.700541E-03  4.051452E-07  1.482213E-06  7.271852E-07  5.381411E-02  1.754358E-06  7.368081E-07  6.285548E-07  8.686174E-05  1.180879E-04  2.876246E-07  2.764122E-07  3.549279E-07  7.932498E-07
 3.121500E+02  6.698256E-01  7.887675E-04  1.639815E-07  2.177319E-07  2.428583E-07  2.927302E-07  1.969581E-01  1.403285E-04  3.643382E-07  7.323216E-02  8.012966E-05  3.076548E-07  1.607383E-08  5.595746E-03  3.847230E-07  1.411049E-06  6.981387E-07  5.316807E-02  1.685447E-06  7.139309E-07  6.086330E-07  8.574301E-05  1.165656E-04  2.733931E-07  2.615604E-07  3.359674E-07  7.573084E-07
 3.131500E+02  6.702045E-01  7.793026E-04  1.585352E-07  2.105547E-07  2.348659E-07  2.831653E-07  1.970130E-01  1.378988E-04  3.432587E-07  7.355247E-02  7.940257E-05  2.936578E-07  1.580377E-08  5.493594E-03  3.654601E-07  1.343758E-06  6.704468E-07  5.253171E-02  1.619520E-06  6.918867E-07  5.894498E-07  8.464187E-05  1.150674E-04  2.599259E-07  2.475847E-07  3.181197E-07  7.231876E-07
 3.141500E+02  6.705771E-01  7.700198E-04  1.533074E-07  2.036636E-07  2.271918E-07  2.739792E-07  1.970666E-01  1.355274E-04  3.235278E-07  7.386797E-02  7.867903E-05  2.803401E-07  1.553782E-08  5.394006E-03  3.472841E-07  1.280108E-06  6.440385E-07  5.190491E-02  1.556439E-06  6.706418E-07  5.709745E-07  8.355808E-05  1.135929E-04  2.471793E-07  2.344294E-07  3.013142E-07  6.907866E-07
 3.151500E+02  6.709436E-01  7.609147E-04  1.482880E-07  1.970456E-07  2.198215E-07  2.651546E-07  1.971188E-01  1.332128E-04  3.050517E-07  7.417872E-02  7.795926E-05  2.676674E-07  1.527598E-08  5.296903E-03  3.301272E-07  1.219880E-06  6.188465E-07  5.128754E-02  1.496072E-06  6.501638E-07  5.531781E-07  8.249139E-05  1.121417E-04  2.351122E-07  2.220425E-07  2.854853E-07  6.600108E-07
 3.161500E+02  6.713040E-01  7.519831E-04  1.434675E-07  1.906882E-07  2.127410E-07  2.566751E-07  1.971698E-01  1.309532E-04  2.877434E-07  7.448480E-02  7.724345E-05  2.556072E-07  1.501825E-08  5.202211E-03  3.139265E-07  1.162870E-06  5.948078E-07  5.067949E-02  1.438295E-06  6.304216E-07  5.360325E-07  8.144156E-05  1.107136E-04  2.236860E-07  2.103753E-07  2.705714E-07  6.307709E-07
 3.171500E+02  6.716585E-01  7.432208E-04  1.388368E-07  1.845797E-07  2.059373E-07  2.485251E-07  1.972195E-01  1.287471E-04  2.715226E-07  7.478625E-02  7.653180E-05  2.441285E-07  1.476460E-08  5.109856E-03  2.986233E-07  1.108888E-06  5.718626E-07  5.008061E-02  1.382988E-06  6.113857E-07  5.195113E-07  8.040836E-05  1.093082E-04  2.128642E-07  1.993828E-07  2.565155E-07  6.029833E-07
 3.181500E+02  6.720072E-01  7.346237E-04  1.343873E-07  1.787088E-07  1.993979E-07  2.406900E-07  1.972680E-01  1.265930E-04  2.563148E-07  7.508315E-02  7.582446E-05  2.332022E-07  1.451502E-08  5.019768E-03  2.841626E-07  1.057756E-06  5.499549E-07  4.949079E-02  1.330039E-06  5.930278E-07  5.035890E-07  7.939154E-05  1.079252E-04  2.026128E-07  1.890227E-07  2.432640E-07  5.765689E-07
 3.191500E+02  6.723501E-01  7.261879E-04  1.301108E-07  1.730648E-07  1.931109E-07  2.331556E-07  1.973153E-01  1.244893E-04  2.420512E-07  7.537556E-02  7.512162E-05  2.228004E-07  1.426950E-08  4.931880E-03  2.704932E-07  1.009307E-06  5.290317E-07  4.890990E-02  1.279338E-06  5.753209E-07  4.882412E-07  7.839086E-05  1.065642E-04  1.928996E-07  1.792556E-07  2.307672E-07  5.514535E-07
 3.201500E+02  6.726874E-01  7.179096E-04  1.259997E-07  1.676377E-07  1.870652E-07  2.259087E-07  1.973615E-01  1.224347E-04  2.286678E-07  7.566354E-02  7.442342E-05  2.128967E-07  1.402800E-08  4.846127E-03  2.575673E-07  9.633847E-07  5.090429E-07  4.833781E-02  1.230783E-06  5.582390E-07  4.734448E-07  7.740609E-05  1.052249E-04  1.836944E-07  1.700447E-07  2.189784E-07  5.275671E-07
 3.211500E+02  6.730192E-01  7.097850E-04  1.220465E-07  1.624178E-07  1.812500E-07  2.189366E-07  1.974065E-01  1.204277E-04  2.161054E-07  7.594715E-02  7.373000E-05  2.034662E-07  1.379051E-08  4.762446E-03  2.453403E-07  9.198426E-07  4.899414E-07  4.777440E-02  1.184277E-06  5.417574E-07  4.591775E-07  7.643698E-05  1.039069E-04  1.749688E-07  1.613559E-07  2.078543E-07  5.048437E-07
 3.221500E+02  6.733455E-01  7.018106E-04  1.182442E-07  1.573960E-07  1.756553E-07  2.122273E-07  1.974505E-01  1.184671E-04  2.043090E-07  7.622646E-02  7.304150E-05  1.944851E-07  1.355700E-08  4.680775E-03  2.337703E-07  8.785439E-07  4.716825E-07  4.721955E-02  1.139727E-06  5.258523E-07  4.454182E-07  7.548330E-05  1.026101E-04  1.666960E-07  1.531569E-07  1.973542E-07  4.832214E-07
 3.231500E+02  6.736665E-01  6.939828E-04  1.145862E-07  1.525636E-07  1.702713E-07  2.057693E-07  1.974935E-01  1.165514E-04  1.932278E-07  7.650153E-02  7.235803E-05  1.859309E-07  1.332742E-08  4.601056E-03  2.228183E-07  8.393603E-07  4.542244E-07  4.667312E-02  1.097043E-06  5.105012E-07  4.321464E-07  7.454481E-05  1.013340E-04  1.588509E-07  1.454179E-07  1.874400E-07  4.626415E-07
 3.241500E+02  6.739822E-01  6.862982E-04  1.110662E-07  1.479124E-07  1.650889E-07  1.995517E-07  1.975354E-01  1.146795E-04  1.828143E-07  7.677242E-02  7.167971E-05  1.777823E-07  1.310175E-08  4.523231E-03  2.124479E-07  8.021714E-07  4.375271E-07  4.613500E-02  1.056142E-06  4.956823E-07  4.193428E-07  7.362128E-05  1.000782E-04  1.514097E-07  1.381108E-07  1.780764E-07  4.430488E-07
 3.251500E+02  6.742928E-01  6.787536E-04  1.076782E-07  1.434346E-07  1.600994E-07  1.935642E-07  1.975764E-01  1.128501E-04  1.730246E-07  7.703919E-02  7.100664E-05  1.700191E-07  1.287996E-08  4.447247E-03  2.026247E-07  7.668643E-07  4.215531E-07  4.560506E-02  1.016942E-06  4.813749E-07  4.069888E-07  7.271247E-05  9.884257E-05  1.443501E-07  1.312096E-07  1.692302E-07  4.243915E-07
 3.261500E+02  6.745983E-01  6.713457E-04  1.044164E-07  1.391226E-07  1.552944E-07  1.877970E-07  1.976164E-01  1.110621E-04  1.638180E-07  7.730191E-02  7.033893E-05  1.626220E-07  1.266200E-08  4.373050E-03  1.933169E-07  7.333330E-07  4.062669E-07  4.508319E-02  9.793682E-07  4.675590E-07  3.950666E-07  7.181816E-05  9.762669E-05  1.376511E-07  1.246897E-07  1.608703E-07  4.066204E-07
 3.271500E+02  6.748989E-01  6.640713E-04  1.012754E-07  1.349694E-07  1.506661E-07  1.822406E-07  1.976555E-01  1.093142E-04  1.551564E-07  7.756063E-02  6.967664E-05  1.555728E-07  1.244784E-08  4.300588E-03  1.844945E-07  7.014783E-07  3.916349E-07  4.456926E-02  9.433465E-07  4.542156E-07  3.835593E-07  7.093811E-05  9.643026E-05  1.312929E-07  1.185282E-07  1.529676E-07  3.896892E-07
 3.281500E+02  6.751945E-01  6.569275E-04  9.825004E-08  1.309681E-07  1.462070E-07  1.768862E-07  1.976936E-01  1.076055E-04  1.470045E-07  7.781541E-02  6.901987E-05  1.488543E-07  1.223743E-08  4.229813E-03  1.761294E-07  6.712067E-07  3.776254E-07  4.406315E-02  9.088079E-07  4.413266E-07  3.724506E-07  7.007210E-05  9.525297E-05  1.252569E-07  1.127038E-07  1.454949E-07  3.735544E-07
 3.291500E+02  6.754854E-01  6.499112E-04  9.533541E-08  1.271124E-07  1.419099E-07  1.717251E-07  1.977309E-01  1.059348E-04  1.393297E-07  7.806632E-02  6.836867E-05  1.424500E-07  1.203074E-08  4.160676E-03  1.681954E-07  6.424308E-07  3.642083E-07  4.356474E-02  8.756860E-07  4.288743E-07  3.617248E-07  6.921991E-05  9.409451E-05  1.195256E-07  1.071964E-07  1.384270E-07  3.581746E-07
 3.301500E+02  6.757715E-01  6.430196E-04  9.252681E-08  1.233962E-07  1.377679E-07  1.667495E-07  1.977674E-01  1.043011E-04  1.321013E-07  7.831342E-02  6.772313E-05  1.363444E-07  1.182771E-08  4.093130E-03  1.606679E-07  6.150681E-07  3.513552E-07  4.307391E-02  8.439179E-07  4.168421E-07  3.513672E-07  6.838130E-05  9.295457E-05  1.140823E-07  1.019873E-07  1.317397E-07  3.435110E-07
 3.311500E+02  6.760530E-01  6.362498E-04  8.981977E-08  1.198135E-07  1.337747E-07  1.619514E-07  1.978030E-01  1.027034E-04  1.252909E-07  7.855675E-02  6.708328E-05  1.305228E-07  1.162830E-08  4.027131E-03  1.535237E-07  5.890413E-07  3.390391E-07  4.259056E-02  8.134435E-07  4.052140E-07  3.413634E-07  6.755607E-05  9.183286E-05  1.089115E-07  9.705883E-08  1.254110E-07  3.295268E-07
 3.321500E+02  6.763300E-01  6.295992E-04  8.721004E-08  1.163588E-07  1.299239E-07  1.573235E-07  1.978378E-01  1.011407E-04  1.188721E-07  7.879639E-02  6.644919E-05  1.249712E-07  1.143247E-08  3.962636E-03  1.467411E-07  5.642778E-07  3.272345E-07  4.211456E-02  7.842055E-07  3.939747E-07  3.316998E-07  6.674399E-05  9.072906E-05  1.039986E-07  9.239458E-08  1.194198E-07  3.161874E-07
 3.331500E+02  6.766025E-01  6.230651E-04  8.469356E-08  1.130269E-07  1.262098E-07  1.528589E-07  1.978719E-01  9.961210E-05  1.128202E-07  7.903238E-02  6.582090E-05  1.196762E-07  1.124018E-08  3.899602E-03  1.402999E-07  5.407090E-07  3.159174E-07  4.164580E-02  7.561494E-07  3.831093E-07  3.223633E-07  6.594484E-05  8.964290E-05  9.932955E-08  8.797913E-08  1.137465E-07  3.034599E-07
 3.341500E+02  6.768706E-01  6.166449E-04  8.226648E-08  1.098126E-07  1.226266E-07  1.485509E-07  1.979051E-01  9.811666E-05  1.071122E-07  7.926479E-02  6.519844E-05  1.146253E-07  1.105136E-08  3.837989E-03  1.341810E-07  5.182708E-07  3.050647E-07  4.118416E-02  7.292232E-07  3.726039E-07  3.133413E-07  6.515842E-05  8.857406E-05  9.489141E-08  8.379802E-08  1.083728E-07  2.913135E-07
 3.351500E+02  6.771344E-01  6.103360E-04  7.992510E-08  1.067111E-07  1.191690E-07  1.443930E-07  1.979377E-01  9.665350E-05  1.017268E-07  7.949367E-02  6.458184E-05  1.098066E-07  1.086598E-08  3.777758E-03  1.283665E-07  4.969024E-07  2.946548E-07  4.072953E-02  7.033773E-07  3.624448E-07  3.046219E-07  6.438451E-05  8.752227E-05  9.067183E-08  7.983770E-08  1.032814E-07  2.797188E-07
 3.361500E+02  6.773939E-01  6.041361E-04  7.766591E-08  1.037179E-07  1.158319E-07  1.403793E-07  1.979695E-01  9.522178E-05  9.664390E-08  7.971908E-02  6.397114E-05  1.052086E-07  1.068399E-08  3.718871E-03  1.228394E-07  4.765471E-07  2.846671E-07  4.028181E-02  6.785645E-07  3.526192E-07  2.961936E-07  6.362290E-05  8.648724E-05  8.665918E-08  7.608547E-08  9.845606E-08  2.686482E-07
 3.371500E+02  6.776493E-01  5.980427E-04  7.548557E-08  1.008285E-07  1.126105E-07  1.365038E-07  1.980006E-01  9.382065E-05  9.184490E-08  7.994107E-02  6.336635E-05  1.008206E-07  1.050533E-08  3.661290E-03  1.175841E-07  4.571511E-07  2.750821E-07  3.984088E-02  6.547397E-07  3.431146E-07  2.880453E-07  6.287340E-05  8.546868E-05  8.284251E-08  7.252939E-08  9.388171E-08  2.580755E-07
 3.381500E+02  6.779007E-01  5.920536E-04  7.338088E-08  9.803870E-08  1.095000E-07  1.327610E-07  1.980310E-01  9.244931E-05  8.731241E-08  8.015969E-02  6.276750E-05  9.663245E-08  1.032996E-08  3.604981E-03  1.125856E-07  4.386639E-07  2.658814E-07  3.940664E-02  6.318600E-07  3.339190E-07  2.801665E-07  6.213579E-05  8.446632E-05  7.921147E-08  6.915828E-08  8.954408E-08  2.479759E-07
 3.391500E+02  6.781480E-01  5.861664E-04  7.134879E-08  9.534460E-08  1.064960E-07  1.291457E-07  1.980608E-01  9.110698E-05  8.303019E-08  8.037501E-02  6.217458E-05  9.263436E-08  1.015783E-08  3.549908E-03  1.078301E-07  4.210379E-07  2.570473E-07  3.897897E-02  6.098843E-07  3.250211E-07  2.725471E-07  6.140987E-05  8.347989E-05  7.575629E-08  6.596165E-08  8.542979E-08  2.383260E-07
 3.401500E+02  6.783913E-01  5.803789E-04  6.938638E-08  9.274234E-08  1.035943E-07  1.256527E-07  1.980899E-01  8.979291E-05  7.898307E-08  8.058706E-02  6.158762E-05  8.881716E-08  9.988881E-09  3.496039E-03  1.033042E-07  4.042283E-07  2.485632E-07  3.855778E-02  5.887738E-07  3.164100E-07  2.651773E-07  6.069546E-05  8.250912E-05  7.246776E-08  6.292963E-08  8.152626E-08  2.291038E-07
 3.411500E+02  6.786308E-01  5.746891E-04  6.749087E-08  9.022827E-08  1.007908E-07  1.222774E-07  1.981184E-01  8.850636E-05  7.515687E-08  8.079592E-02  6.100661E-05  8.517210E-08  9.823072E-09  3.443340E-03  9.899582E-08  3.881926E-07  2.404132E-07  3.814295E-02  5.684910E-07  3.080750E-07  2.580479E-07  5.999234E-05  8.155373E-05  6.933717E-08  6.005297E-08  7.782171E-08  2.202881E-07
 3.421500E+02  6.788665E-01  5.690948E-04  6.565962E-08  8.779892E-08  9.808165E-08  1.190149E-07  1.981463E-01  8.724661E-05  7.153836E-08  8.100162E-02  6.043155E-05  8.169089E-08  9.660350E-09  3.391781E-03  9.489315E-08  3.728911E-07  2.325824E-07  3.773439E-02  5.490004E-07  3.000061E-07  2.511500E-07  5.930034E-05  8.061346E-05  6.635631E-08  5.732296E-08  7.430505E-08  2.118593E-07
 3.431500E+02  6.790985E-01  5.635939E-04  6.389009E-08  8.545095E-08  9.546314E-08  1.158610E-07  1.981736E-01  8.601299E-05  6.811514E-08  8.120421E-02  5.986244E-05  7.836564E-08  9.500666E-09  3.341332E-03  9.098528E-08  3.582860E-07  2.250565E-07  3.733199E-02  5.302682E-07  2.921935E-07  2.444749E-07  5.861926E-05  7.968806E-05  6.351742E-08  5.473143E-08  7.096585E-08  2.037983E-07
 3.441500E+02  6.793268E-01  5.581846E-04  6.217984E-08  8.318119E-08  9.293173E-08  1.128115E-07  1.982003E-01  8.480482E-05  6.487563E-08  8.140376E-02  5.929927E-05  7.518889E-08  9.343968E-09  3.291962E-03  8.726190E-08  3.443419E-07  2.178219E-07  3.693566E-02  5.122620E-07  2.846281E-07  2.380145E-07  5.794891E-05  7.877727E-05  6.081316E-08  5.227071E-08  6.779432E-08  1.960876E-07
 3.451500E+02  6.795515E-01  5.528648E-04  6.052658E-08  8.098659E-08  9.048405E-08  1.098622E-07  1.982264E-01  8.362145E-05  6.180899E-08  8.160031E-02  5.874203E-05  7.215352E-08  9.190207E-09  3.243644E-03  8.371330E-08  3.310252E-07  2.108656E-07  3.654529E-02  4.949508E-07  2.773009E-07  2.317610E-07  5.728912E-05  7.788084E-05  5.823661E-08  4.993357E-08  6.478124E-08  1.887101E-07
 3.461500E+02  6.797726E-01  5.476328E-04  5.892807E-08  7.886426E-08  8.811686E-08  1.070094E-07  1.982520E-01  8.246225E-05  5.890508E-08  8.179390E-02  5.819070E-05  6.925279E-08  9.039334E-09  3.196349E-03  8.033033E-08  3.183044E-07  2.041756E-07  3.616079E-02  4.783053E-07  2.702033E-07  2.257066E-07  5.663969E-05  7.699852E-05  5.578122E-08  4.771322E-08  6.191794E-08  1.816500E-07
 3.471500E+02  6.799903E-01  5.424865E-04  5.738222E-08  7.681141E-08  8.582707E-08  1.042493E-07  1.982771E-01  8.132661E-05  5.615438E-08  8.198458E-02  5.764527E-05  6.648029E-08  8.891299E-09  3.150051E-03  7.710435E-08  3.061494E-07  1.977400E-07  3.578206E-02  4.622973E-07  2.633271E-07  2.198443E-07  5.600046E-05  7.613007E-05  5.344081E-08  4.560326E-08  5.919627E-08  1.748920E-07
 3.481500E+02  6.802046E-01  5.374243E-04  5.588698E-08  7.482539E-08  8.361172E-08  1.015784E-07  1.983016E-01  8.021394E-05  5.354802E-08  8.217241E-02  5.710572E-05  6.382993E-08  8.746052E-09  3.104724E-03  7.402723E-08  2.945321E-07  1.915479E-07  3.540901E-02  4.468999E-07  2.566644E-07  2.141671E-07  5.537125E-05  7.527525E-05  5.120951E-08  4.359769E-08  5.660856E-08  1.684219E-07
 3.491500E+02  6.804156E-01  5.324444E-04  5.444044E-08  7.290366E-08  8.146799E-08  9.899345E-08  1.983256E-01  7.912366E-05  5.107764E-08  8.235744E-02  5.657203E-05  6.129594E-08  8.603546E-09  3.060343E-03  7.109130E-08  2.834257E-07  1.855886E-07  3.504154E-02  4.320876E-07  2.502076E-07  2.086682E-07  5.475187E-05  7.443381E-05  4.908181E-08  4.169085E-08  5.414756E-08  1.622259E-07
 3.501500E+02  6.806232E-01  5.275451E-04  5.304073E-08  7.104378E-08  7.939317E-08  9.649108E-08  1.983492E-01  7.805521E-05  4.873543E-08  8.253969E-02  5.604416E-05  5.887282E-08  8.463732E-09  3.016884E-03  6.828932E-08  2.728050E-07  1.798522E-07  3.467956E-02  4.178357E-07  2.439494E-07  2.033413E-07  5.414217E-05  7.360554E-05  4.705246E-08  3.987741E-08  5.180649E-08  1.562912E-07
 3.511500E+02  6.808276E-01  5.227247E-04  5.168608E-08  6.924342E-08  7.738466E-08  9.406824E-08  1.983722E-01  7.700805E-05  4.651407E-08  8.271923E-02  5.552209E-05  5.655534E-08  8.326561E-09  2.974322E-03  6.561446E-08  2.626461E-07  1.743291E-07  3.432298E-02  4.041211E-07  2.378828E-07  1.981802E-07  5.354198E-05  7.279019E-05  4.511653E-08  3.815236E-08  4.957892E-08  1.506055E-07
 3.521500E+02  6.810289E-01  5.179817E-04  5.037480E-08  6.750035E-08  7.543999E-08  9.172198E-08  1.983948E-01  7.598166E-05  4.440669E-08  8.289610E-02  5.500580E-05  5.433856E-08  8.191986E-09  2.932635E-03  6.306026E-08  2.529266E-07  1.690102E-07  3.397172E-02  3.909213E-07  2.320011E-07  1.931791E-07  5.295112E-05  7.198755E-05  4.326933E-08  3.651097E-08  4.745883E-08  1.451572E-07
 3.531500E+02  6.812270E-01  5.133144E-04  4.910526E-08  6.581244E-08  7.355678E-08  8.944945E-08  1.984169E-01  7.497551E-05  4.240683E-08  8.307033E-02  5.449525E-05  5.221776E-08  8.059961E-09  2.891800E-03  6.062064E-08  2.436249E-07  1.638868E-07  3.362568E-02  3.782150E-07  2.262979E-07  1.883321E-07  5.236945E-05  7.119739E-05  4.150643E-08  3.494878E-08  4.544050E-08  1.399353E-07
 3.541500E+02  6.814221E-01  5.087213E-04  4.787591E-08  6.417765E-08  7.173275E-08  8.724794E-08  1.984386E-01  7.398912E-05  4.050845E-08  8.324198E-02  5.399040E-05  5.018845E-08  7.930437E-09  2.851797E-03  5.828985E-08  2.347210E-07  1.589507E-07  3.328477E-02  3.659818E-07  2.207668E-07  1.836339E-07  5.179679E-05  7.041950E-05  3.982364E-08  3.346160E-08  4.351859E-08  1.349293E-07
 3.551500E+02  6.816142E-01  5.042009E-04  4.668526E-08  6.259402E-08  6.996573E-08  8.511484E-08  1.984598E-01  7.302200E-05  3.870587E-08  8.341109E-02  5.349123E-05  4.824639E-08  7.803370E-09  2.812603E-03  5.606245E-08  2.261956E-07  1.541940E-07  3.294892E-02  3.542023E-07  2.154020E-07  1.790793E-07  5.123300E-05  6.965366E-05  3.821698E-08  3.204548E-08  4.168803E-08  1.301292E-07
 3.561500E+02  6.818033E-01  4.997517E-04  4.553187E-08  6.105966E-08  6.825362E-08  8.304766E-08  1.984807E-01  7.207369E-05  3.699376E-08  8.357770E-02  5.299768E-05  4.638751E-08  7.678714E-09  2.774199E-03  5.393330E-08  2.180307E-07  1.496092E-07  3.261803E-02  3.428578E-07  2.101976E-07  1.746631E-07  5.067791E-05  6.889966E-05  3.668271E-08  3.069669E-08  3.994404E-08  1.255257E-07
 3.571500E+02  6.819895E-01  4.953724E-04  4.441439E-08  5.957278E-08  6.659442E-08  8.104400E-08  1.985011E-01  7.114372E-05  3.536709E-08  8.374185E-02  5.250974E-05  4.460797E-08  7.556423E-09  2.736565E-03  5.189756E-08  2.102091E-07  1.451893E-07  3.229203E-02  3.319307E-07  2.051482E-07  1.703806E-07  5.013138E-05  6.815729E-05  3.521726E-08  2.941171E-08  3.828213E-08  1.211097E-07
 3.581500E+02  6.821729E-01  4.910614E-04  4.333150E-08  5.813165E-08  6.498621E-08  7.910158E-08  1.985211E-01  7.023166E-05  3.382117E-08  8.390358E-02  5.202735E-05  4.290411E-08  7.436453E-09  2.699682E-03  4.995062E-08  2.027146E-07  1.409273E-07  3.197083E-02  3.214038E-07  2.002485E-07  1.662271E-07  4.959325E-05  6.742635E-05  3.381726E-08  2.818722E-08  3.669804E-08  1.168727E-07
 3.591500E+02  6.823534E-01  4.868175E-04  4.228195E-08  5.673463E-08  6.342716E-08  7.721819E-08  1.985407E-01  6.933708E-05  3.235157E-08  8.406293E-02  5.155047E-05  4.127246E-08  7.318760E-09  2.663530E-03  4.808814E-08  1.955316E-07  1.368168E-07  3.165436E-02  3.112610E-07  1.954932E-07  1.621981E-07  4.906339E-05  6.670665E-05  3.247952E-08  2.702008E-08  3.518777E-08  1.128066E-07
 3.601500E+02  6.825313E-01  4.826393E-04  4.126452E-08  5.538013E-08  6.191549E-08  7.539173E-08  1.985599E-01  6.845955E-05  3.095411E-08  8.421995E-02  5.107907E-05  3.970968E-08  7.203301E-09  2.628093E-03  4.630602E-08  1.886457E-07  1.328516E-07  3.134253E-02  3.014868E-07  1.908777E-07  1.582894E-07  4.854164E-05  6.599797E-05  3.120101E-08  2.590735E-08  3.374752E-08  1.089038E-07
 3.611500E+02  6.827064E-01  4.785255E-04  4.027808E-08  5.406662E-08  6.044951E-08  7.362017E-08  1.985788E-01  6.759868E-05  2.962490E-08  8.437466E-02  5.061310E-05  3.821265E-08  7.090033E-09  2.593353E-03  4.460036E-08  1.820430E-07  1.290258E-07  3.103527E-02  2.920662E-07  1.863970E-07  1.544968E-07  4.802787E-05  6.530014E-05  2.997886E-08  2.484623E-08  3.237373E-08  1.051569E-07
 3.621500E+02  6.828789E-01  4.744748E-04  3.932150E-08  5.279264E-08  5.902761E-08  7.190156E-08  1.985972E-01  6.675407E-05  2.836023E-08  8.452712E-02  5.015251E-05  3.677836E-08  6.978914E-09  2.559292E-03  4.296748E-08  1.757102E-07  1.253336E-07  3.073250E-02  2.829850E-07  1.820466E-07  1.508163E-07  4.752193E-05  6.461296E-05  2.881036E-08  2.383408E-08  3.106302E-08  1.015589E-07
 3.631500E+02  6.830488E-01  4.704861E-04  3.839373E-08  5.155681E-08  5.764821E-08  7.023404E-08  1.986154E-01  6.592533E-05  2.715666E-08  8.467735E-02  4.969726E-05  3.540395E-08  6.869902E-09  2.525894E-03  4.140389E-08  1.696351E-07  1.217699E-07  3.043415E-02  2.742297E-07  1.778222E-07  1.472442E-07  4.702369E-05  6.393624E-05  2.769292E-08  2.286842E-08  2.981218E-08  9.810319E-08
 3.641500E+02  6.832161E-01  4.665580E-04  3.749374E-08  5.035776E-08  5.630983E-08  6.861583E-08  1.986331E-01  6.511209E-05  2.601090E-08  8.482539E-02  4.924730E-05  3.408672E-08  6.762957E-09  2.493143E-03  3.990630E-08  1.638057E-07  1.183293E-07  3.014014E-02  2.657874E-07  1.737196E-07  1.437766E-07  4.653302E-05  6.326980E-05  2.662412E-08  2.194689E-08  2.861822E-08  9.478355E-08
 3.651500E+02  6.833809E-01  4.626895E-04  3.662055E-08  4.919422E-08  5.501103E-08  6.704520E-08  1.986506E-01  6.431399E-05  2.491989E-08  8.497129E-02  4.880258E-05  3.282409E-08  6.658038E-09  2.461023E-03  3.847156E-08  1.582108E-07  1.150071E-07  2.985040E-02  2.576455E-07  1.697347E-07  1.404102E-07  4.604978E-05  6.261347E-05  2.560162E-08  2.106727E-08  2.747827E-08  9.159396E-08
 3.661500E+02  6.835433E-01  4.588794E-04  3.577324E-08  4.806494E-08  5.375042E-08  6.552051E-08  1.986677E-01  6.353068E-05  2.388074E-08  8.511507E-02  4.836307E-05  3.161359E-08  6.555106E-09  2.429519E-03  3.709672E-08  1.528397E-07  1.117984E-07  2.956486E-02  2.497921E-07  1.658635E-07  1.371415E-07  4.557384E-05  6.196706E-05  2.462322E-08  2.022747E-08  2.638964E-08  8.852870E-08
 3.671500E+02  6.837032E-01  4.551265E-04  3.495088E-08  4.696874E-08  5.252669E-08  6.404017E-08  1.986845E-01  6.276181E-05  2.289070E-08  8.525677E-02  4.792870E-05  3.045289E-08  6.454121E-09  2.398617E-03  3.577897E-08  1.476824E-07  1.086988E-07  2.928345E-02  2.422159E-07  1.621024E-07  1.339671E-07  4.510508E-05  6.133040E-05  2.368685E-08  1.942548E-08  2.534978E-08  8.558234E-08
 3.681500E+02  6.838607E-01  4.514297E-04  3.415263E-08  4.590448E-08  5.133856E-08  6.260265E-08  1.987009E-01  6.200706E-05  2.194722E-08  8.539643E-02  4.749943E-05  2.933976E-08  6.355046E-09  2.368302E-03  3.451563E-08  1.427292E-07  1.057041E-07  2.900610E-02  2.349060E-07  1.584477E-07  1.308841E-07  4.464336E-05  6.070332E-05  2.279053E-08  1.865943E-08  2.435628E-08  8.274973E-08
 3.691500E+02  6.840160E-01  4.477880E-04  3.337764E-08  4.487104E-08  5.018482E-08  6.120650E-08  1.987171E-01  6.126609E-05  2.104786E-08  8.553408E-02  4.707522E-05  2.827208E-08  6.257842E-09  2.338560E-03  3.330418E-08  1.379709E-07  1.028101E-07  2.873275E-02  2.278519E-07  1.548958E-07  1.278892E-07  4.418858E-05  6.008566E-05  2.193236E-08  1.792755E-08  2.340685E-08  8.002594E-08
 3.701500E+02  6.841689E-01  4.442004E-04  3.262511E-08  4.386739E-08  4.906428E-08  5.985031E-08  1.987329E-01  6.053859E-05  2.019033E-08  8.566975E-02  4.665601E-05  2.724782E-08  6.162473E-09  2.309378E-03  3.214222E-08  1.333990E-07  1.000129E-07  2.846331E-02  2.210437E-07  1.514436E-07  1.249797E-07  4.374060E-05  5.947724E-05  2.111057E-08  1.722815E-08  2.249934E-08  7.740628E-08
 3.711500E+02  6.843195E-01  4.406657E-04  3.189428E-08  4.289251E-08  4.797581E-08  5.853272E-08  1.987485E-01  5.982425E-05  1.937249E-08  8.580348E-02  4.624174E-05  2.626506E-08  6.068902E-09  2.280742E-03  3.102747E-08  1.290050E-07  9.730877E-08  2.819774E-02  2.144719E-07  1.480876E-07  1.221526E-07  4.329931E-05  5.887791E-05  2.032347E-08  1.655963E-08  2.163169E-08  7.488629E-08
 3.721500E+02  6.844679E-01  4.371830E-04  3.118441E-08  4.194542E-08  4.691834E-08  5.725244E-08  1.987638E-01  5.912278E-05  1.859229E-08  8.593530E-02  4.583238E-05  2.532198E-08  5.977093E-09  2.252640E-03  2.995777E-08  1.247813E-07  9.469414E-08  2.793597E-02  2.081271E-07  1.448249E-07  1.194053E-07  4.286459E-05  5.828752E-05  1.956945E-08  1.592050E-08  2.080198E-08  7.246170E-08
 3.731500E+02  6.846142E-01  4.337514E-04  3.049479E-08  4.102518E-08  4.589081E-08  5.600821E-08  1.987788E-01  5.843388E-05  1.784781E-08  8.606524E-02  4.542787E-05  2.441682E-08  5.887011E-09  2.225060E-03  2.893107E-08  1.207202E-07  9.216557E-08  2.767793E-02  2.020007E-07  1.416523E-07  1.167352E-07  4.243633E-05  5.770589E-05  1.884698E-08  1.530933E-08  2.000837E-08  7.012847E-08
