#         T/K            c1          c2-1          c3-4          c3-5          c3-7          c3-9            m1          m2-1          m3-1            w1            w2          w3-1          w3-2          c1m1        c1m2-1        c1m2-7        c2m1-1        c1w1-2        c1w2-1        c2w1-1        c2w1-9        m1w1-1        m1w1-4        m1w2-1        m2w1-1        m2w1-3      c1m1w1-1
 2.731500E+02  3.562769E-01  4.580300E-04  1.559040E-07  2.046278E-07  2.276647E-07  2.714618E-07  4.871953E-02  2.176779E-05  1.049748E-07  3.035470E-01  3.447714E-03  3.982917E-04  5.588458E-06  1.980295E-03  1.681847E-07  5.518673E-07  4.105621E-07  2.844112E-01  1.775475E-04  5.610910E-06  4.926973E-06  2.178575E-04  2.965628E-04  2.107055E-05  1.224492E-06  1.550835E-06  5.243841E-06
 2.741500E+02  3.581703E-01  4.537321E-04  1.503938E-07  1.974624E-07  2.197090E-07  2.620582E-07  4.874709E-02  2.123148E-05  9.670624E-08  3.054914E-01  3.403751E-03  3.740018E-04  5.451574E-06  1.937136E-03  1.572385E-07  5.176205E-07  3.909261E-07  2.806829E-01  1.687133E-04  5.409591E-06  4.746096E-06  2.138868E-04  2.911391E-04  1.967018E-05  1.135773E-06  1.439045E-06  4.939771E-06
 2.751500E+02  3.600385E-01  4.494728E-04  1.451039E-07  1.905809E-07  2.120679E-07  2.530235E-07  4.877388E-02  2.071245E-05  8.914533E-08  3.074089E-01  3.360224E-03  3.512868E-04  5.318066E-06  1.895171E-03  1.470765E-07  4.857249E-07  3.723466E-07  2.770033E-01  1.603541E-04  5.216292E-06  4.572586E-06  2.100043E-04  2.858368E-04  1.836994E-05  1.054017E-06  1.335987E-06  4.654996E-06
 2.761500E+02  3.618817E-01  4.452521E-04  1.400245E-07  1.839709E-07  2.047278E-07  2.443417E-07  4.879992E-02  2.021006E-05  8.222708E-08  3.092997E-01  3.317140E-03  3.300398E-04  5.187871E-06  1.854363E-03  1.376378E-07  4.560049E-07  3.547613E-07  2.733722E-01  1.524430E-04  5.030672E-06  4.406122E-06  2.062081E-04  2.806531E-04  1.716223E-05  9.786378E-07  1.240931E-06  4.388199E-06
 2.771500E+02  3.636999E-01  4.410703E-04  1.351466E-07  1.776209E-07  1.976757E-07  2.359979E-07  4.882524E-02  1.972368E-05  7.589284E-08  3.111640E-01  3.274507E-03  3.101613E-04  5.060925E-06  1.814673E-03  1.288666E-07  4.282994E-07  3.381118E-07  2.697896E-01  1.449545E-04  4.852404E-06  4.246398E-06  2.024961E-04  2.755851E-04  1.604005E-05  9.091042E-07  1.153213E-06  4.138158E-06
 2.781500E+02  3.654932E-01  4.369274E-04  1.304613E-07  1.715195E-07  1.908992E-07  2.279775E-07  4.884986E-02  1.925270E-05  7.008965E-08  3.130021E-01  3.232331E-03  2.915589E-04  4.937163E-06  1.776067E-03  1.207117E-07  4.024596E-07  3.223433E-07  2.662552E-01  1.378646E-04  4.681176E-06  4.093122E-06  1.988665E-04  2.706304E-04  1.499696E-05  8.449305E-07  1.072225E-06  3.903739E-06
 2.791500E+02  3.672619E-01  4.328235E-04  1.259604E-07  1.656561E-07  1.843865E-07  2.202669E-07  4.887381E-02  1.879656E-05  6.476965E-08  3.148140E-01  3.190617E-03  2.741464E-04  4.816522E-06  1.738511E-03  1.131262E-07  3.783490E-07  3.074046E-07  2.627688E-01  1.311510E-04  4.516692E-06  3.946014E-06  1.953173E-04  2.657861E-04  1.402703E-05  7.856741E-07  9.974148E-07  3.683892E-06
 2.801500E+02  3.690060E-01  4.287587E-04  1.216359E-07  1.600205E-07  1.781265E-07  2.128530E-07  4.889711E-02  1.835469E-05  5.988959E-08  3.166002E-01  3.149371E-03  2.578440E-04  4.698936E-06  1.701971E-03  1.060669E-07  3.558414E-07  2.932476E-07  2.593301E-01  1.247923E-04  4.358665E-06  3.804807E-06  1.918466E-04  2.610497E-04  1.312479E-05  7.309311E-07  9.282763E-07  3.477638E-06
 2.811500E+02  3.707257E-01  4.247332E-04  1.174802E-07  1.546032E-07  1.721083E-07  2.057233E-07  4.891977E-02  1.792658E-05  5.541033E-08  3.183607E-01  3.108596E-03  2.425771E-04  4.584340E-06  1.666415E-03  9.949427E-08  3.348207E-07  2.798274E-07  2.559390E-01  1.187687E-04  4.206825E-06  3.669248E-06  1.884527E-04  2.564187E-04  1.228523E-05  6.803330E-07  8.643484E-07  3.284071E-06
 2.821500E+02  3.724211E-01  4.207469E-04  1.134862E-07  1.493947E-07  1.663217E-07  1.988658E-07  4.894183E-02  1.751172E-05  5.129644E-08  3.200959E-01  3.068295E-03  2.282765E-04  4.472670E-06  1.631814E-03  9.337176E-08  3.151800E-07  2.671017E-07  2.525950E-01  1.130613E-04  4.060910E-06  3.539094E-06  1.851338E-04  2.518906E-04  1.150369E-05  6.335430E-07  8.052098E-07  3.102349E-06
 2.831500E+02  3.740925E-01  4.168000E-04  1.096468E-07  1.443863E-07  1.607570E-07  1.922691E-07  4.896329E-02  1.710961E-05  4.751584E-08  3.218058E-01  3.028472E-03  2.148778E-04  4.363861E-06  1.598137E-03  8.766592E-08  2.968203E-07  2.550310E-07  2.492979E-01  1.076526E-04  3.920673E-06  3.414113E-06  1.818881E-04  2.474630E-04  1.077590E-05  5.902536E-07  7.504753E-07  2.931690E-06
 2.841500E+02  3.757401E-01  4.128923E-04  1.059557E-07  1.395695E-07  1.554049E-07  1.859225E-07  4.898419E-02  1.671980E-05  4.403945E-08  3.234909E-01  2.989128E-03  2.023211E-04  4.257849E-06  1.565355E-03  8.234593E-08  2.796506E-07  2.435781E-07  2.460473E-01  1.025258E-04  3.785875E-06  3.294083E-06  1.787138E-04  2.431334E-04  1.009792E-05  5.501836E-07  6.997925E-07  2.771365E-06
 2.851500E+02  3.773639E-01  4.090240E-04  1.024064E-07  1.349364E-07  1.502564E-07  1.798154E-07  4.900453E-02  1.634184E-05  4.084088E-08  3.251513E-01  2.950265E-03  1.905504E-04  4.154572E-06  1.533441E-03  7.738339E-08  2.635866E-07  2.327083E-07  2.428430E-01  9.766531E-05  3.656289E-06  3.178793E-06  1.756093E-04  2.388995E-04  9.466107E-06  5.130757E-07  6.528391E-07  2.620698E-06
 2.861500E+02  3.789643E-01  4.051950E-04  9.899302E-08  1.304792E-07  1.453030E-07  1.739380E-07  4.902434E-02  1.597529E-05  3.789620E-08  3.267873E-01  2.911884E-03  1.795140E-04  4.053965E-06  1.502369E-03  7.275219E-08  2.485507E-07  2.223886E-07  2.396845E-01  9.305637E-05  3.531698E-06  3.068040E-06  1.725730E-04  2.347590E-04  8.877108E-06  4.786947E-07  6.093202E-07  2.479059E-06
 2.871500E+02  3.805414E-01  4.014054E-04  9.570986E-08  1.261906E-07  1.405367E-07  1.682808E-07  4.904362E-02  1.561976E-05  3.518368E-08  3.283991E-01  2.873986E-03  1.691633E-04  3.955966E-06  1.472111E-03  6.842824E-08  2.344709E-07  2.125885E-07  2.365715E-01  8.868508E-05  3.411894E-06  2.961633E-06  1.696032E-04  2.307098E-04  8.327822E-06  4.468252E-07  5.689655E-07  2.345864E-06
 2.881500E+02  3.820955E-01  3.976550E-04  9.255144E-08  1.220637E-07  1.359497E-07  1.628348E-07  4.906241E-02  1.527484E-05  3.268357E-08  3.299870E-01  2.836571E-03  1.594533E-04  3.860514E-06  1.442645E-03  6.438934E-08  2.212807E-07  2.032791E-07  2.335035E-01  8.453834E-05  3.296679E-06  2.859387E-06  1.666983E-04  2.267495E-04  7.815387E-06  4.172697E-07  5.315274E-07  2.220568E-06
 2.891500E+02  3.836267E-01  3.939438E-04  8.951257E-08  1.180916E-07  1.315345E-07  1.575912E-07  4.908071E-02  1.494015E-05  3.037791E-08  3.315512E-01  2.799638E-03  1.503422E-04  3.767547E-06  1.413945E-03  6.061502E-08  2.089188E-07  1.944332E-07  2.304802E-01  8.060383E-05  3.185862E-06  2.761125E-06  1.638569E-04  2.228761E-04  7.337159E-06  3.898475E-07  4.967790E-07  2.102663E-06
 2.901500E+02  3.851354E-01  3.902717E-04  8.658827E-08  1.142681E-07  1.272841E-07  1.525419E-07  4.909854E-02  1.461533E-05  2.825038E-08  3.330920E-01  2.763187E-03  1.417908E-04  3.677006E-06  1.385988E-03  5.708639E-08  1.973281E-07  1.860254E-07  2.275011E-01  7.686992E-05  3.079261E-06  2.666680E-06  1.610773E-04  2.190875E-04  6.890695E-06  3.643929E-07  4.645123E-07  1.991676E-06
 2.911500E+02  3.866216E-01  3.866388E-04  8.377379E-08  1.105870E-07  1.231918E-07  1.476788E-07  4.911590E-02  1.430004E-05  2.628610E-08  3.346097E-01  2.727217E-03  1.337626E-04  3.588830E-06  1.358752E-03  5.378601E-08  1.864561E-07  1.780316E-07  2.245659E-01  7.332567E-05  2.976704E-06  2.575891E-06  1.583582E-04  2.153817E-04  6.473736E-06  3.407538E-07  4.345363E-07  1.887167E-06
 2.921500E+02  3.880857E-01  3.830448E-04  8.106460E-08  1.070425E-07  1.192510E-07  1.429945E-07  4.913283E-02  1.399394E-05  2.447154E-08  3.361045E-01  2.691725E-03  1.262239E-04  3.502963E-06  1.332215E-03  5.069777E-08  1.762539E-07  1.704294E-07  2.216740E-01  6.996074E-05  2.878022E-06  2.488605E-06  1.556980E-04  2.117566E-04  6.084195E-06  3.187907E-07  4.066756E-07  1.788727E-06
 2.931500E+02  3.895279E-01  3.794896E-04  7.845636E-08  1.036290E-07  1.154557E-07  1.384818E-07  4.914933E-02  1.369671E-05  2.279436E-08  3.375767E-01  2.656711E-03  1.191428E-04  3.419346E-06  1.306356E-03  4.780680E-08  1.666764E-07  1.631974E-07  2.188250E-01  6.676542E-05  2.783059E-06  2.404674E-06  1.530954E-04  2.082103E-04  5.720139E-06  2.983754E-07  3.807694E-07  1.695973E-06
 2.941500E+02  3.909485E-01  3.759732E-04  7.594493E-08  1.003411E-07  1.117998E-07  1.341336E-07  4.916541E-02  1.340804E-05  2.124331E-08  3.390266E-01  2.622173E-03  1.124900E-04  3.337922E-06  1.281154E-03  4.509932E-08  1.576815E-07  1.563158E-07  2.160185E-01  6.373052E-05  2.691661E-06  2.323958E-06  1.505490E-04  2.047410E-04  5.379782E-06  2.793905E-07  3.566697E-07  1.608548E-06
 2.951500E+02  3.923476E-01  3.724953E-04  7.352634E-08  9.717388E-08  1.082777E-07  1.299434E-07  4.918108E-02  1.312762E-05  1.980813E-08  3.404545E-01  2.588107E-03  1.062379E-04  3.258637E-06  1.256591E-03  4.256262E-08  1.492305E-07  1.497657E-07  2.132539E-01  6.084741E-05  2.603682E-06  2.246324E-06  1.480574E-04  2.013466E-04  5.061468E-06  2.617277E-07  3.342405E-07  1.526120E-06
 2.961500E+02  3.937256E-01  3.690559E-04  7.119682E-08  9.412232E-08  1.048841E-07  1.259048E-07  4.919637E-02  1.285519E-05  1.847945E-08  3.418605E-01  2.554512E-03  1.003609E-04  3.181435E-06  1.232648E-03  4.018494E-08  1.412873E-07  1.435295E-07  2.105309E-01  5.810792E-05  2.518984E-06  2.171643E-06  1.456194E-04  1.980256E-04  4.763667E-06  2.452878E-07  3.133569E-07  1.448377E-06
 2.971500E+02  3.950827E-01  3.656547E-04  6.895274E-08  9.118180E-08  1.016137E-07  1.220118E-07  4.921127E-02  1.259046E-05  1.724871E-08  3.432451E-01  2.521384E-03  9.483510E-05  3.106264E-06  1.209305E-03  3.795536E-08  1.338184E-07  1.375904E-07  2.078489E-01  5.550435E-05  2.437434E-06  2.099793E-06  1.432336E-04  1.947759E-04  4.484959E-06  2.299792E-07  2.939039E-07  1.375032E-06
 2.981500E+02  3.964191E-01  3.622916E-04  6.679064E-08  8.834785E-08  9.846169E-08  1.182587E-07  4.922581E-02  1.233318E-05  1.610809E-08  3.446084E-01  2.488720E-03  8.963814E-05  3.033071E-06  1.186546E-03  3.586380E-08  1.267926E-07  1.319328E-07  2.052075E-01  5.302946E-05  2.358902E-06  2.030657E-06  1.408988E-04  1.915961E-04  4.224029E-06  2.157180E-07  2.757754E-07  1.305812E-06
 2.991500E+02  3.977351E-01  3.589664E-04  6.470721E-08  8.561621E-08  9.542323E-08  1.146397E-07  4.923998E-02  1.208308E-05  1.505043E-08  3.459507E-01  2.456517E-03  8.474921E-05  2.961804E-06  1.164353E-03  3.390091E-08  1.201811E-07  1.265419E-07  2.026062E-01  5.067639E-05  2.283269E-06  1.964123E-06  1.386138E-04  1.884843E-04  3.979660E-06  2.024267E-07  2.588741E-07  1.240466E-06
 3.001500E+02  3.990310E-01  3.556789E-04  6.269929E-08  8.298278E-08  9.249384E-08  1.111498E-07  4.925381E-02  1.183993E-05  1.406920E-08  3.472724E-01  2.424772E-03  8.014886E-05  2.892413E-06  1.142709E-03  3.205803E-08  1.139571E-07  1.214036E-07  2.000444E-01  4.843869E-05  2.210416E-06  1.900083E-06  1.363773E-04  1.854389E-04  3.750721E-06  1.900340E-07  2.431102E-07  1.178757E-06
 3.011500E+02  4.003070E-01  3.524288E-04  6.076386E-08  8.044367E-08  8.966918E-08  1.077836E-07  4.926731E-02  1.160350E-05  1.315841E-08  3.485736E-01  2.393480E-03  7.581895E-05  2.824849E-06  1.121599E-03  3.032712E-08  1.080956E-07  1.165050E-07  1.975217E-01  4.631024E-05  2.140232E-06  1.838437E-06  1.341883E-04  1.824584E-04  3.536165E-06  1.784742E-07  2.284007E-07  1.120465E-06
 3.021500E+02  4.015633E-01  3.492161E-04  5.889800E-08  7.799513E-08  8.694510E-08  1.045364E-07  4.928047E-02  1.137355E-05  1.231257E-08  3.498548E-01  2.362638E-03  7.174252E-05  2.759064E-06  1.101008E-03  2.870072E-08  1.025733E-07  1.118334E-07  1.950376E-01  4.428531E-05  2.072610E-06  1.779084E-06  1.320456E-04  1.795411E-04  3.335020E-06  1.676868E-07  2.146694E-07  1.065383E-06
 3.031500E+02  4.028003E-01  3.460403E-04  5.709895E-08  7.563359E-08  8.431763E-08  1.014036E-07  4.929332E-02  1.114987E-05  1.152665E-08  3.511160E-01  2.332242E-03  6.790376E-05  2.695010E-06  1.080919E-03  2.717193E-08  9.736867E-08  1.073773E-07  1.925916E-01  4.235844E-05  2.007447E-06  1.721933E-06  1.299481E-04  1.766855E-04  3.146383E-06  1.576159E-07  2.018459E-07  1.013319E-06
 3.041500E+02  4.040182E-01  3.429013E-04  5.536406E-08  7.335560E-08  8.178297E-08  9.838063E-08  4.930586E-02  1.093226E-05  1.079605E-08  3.523577E-01  2.302288E-03  6.428787E-05  2.632642E-06  1.061319E-03  2.573431E-08  9.246158E-08  1.031256E-07  1.901832E-01  4.052451E-05  1.944645E-06  1.666894E-06  1.278946E-04  1.738902E-04  2.969417E-06  1.482100E-07  1.898652E-07  9.640930E-07
 3.051500E+02  4.052172E-01  3.397989E-04  5.369079E-08  7.115790E-08  7.933749E-08  9.546322E-08  4.931809E-02  1.072052E-05  1.011653E-08  3.535801E-01  2.272770E-03  6.088103E-05  2.571914E-06  1.042193E-03  2.438190E-08  8.783329E-08  9.906775E-08  1.878118E-01  3.877867E-05  1.884111E-06  1.613880E-06  1.258842E-04  1.711538E-04  2.803344E-06  1.394215E-07  1.786671E-07  9.175350E-07
 3.061500E+02  4.063977E-01  3.367327E-04  5.207671E-08  6.903733E-08  7.697770E-08  9.264730E-08  4.933004E-02  1.051445E-05  9.484217E-09  3.547834E-01  2.243686E-03  5.767033E-05  2.512783E-06  1.023529E-03  2.310916E-08  8.346634E-08  9.519402E-08  1.854771E-01  3.711635E-05  1.825754E-06  1.562810E-06  1.239159E-04  1.684747E-04  2.647441E-06  1.312065E-07  1.681965E-07  8.734877E-07
 3.071500E+02  4.075598E-01  3.337026E-04  5.051948E-08  6.699089E-08  7.470025E-08  8.992894E-08  4.934170E-02  1.031387E-05  8.895542E-09  3.559679E-01  2.215031E-03  5.464370E-05  2.455204E-06  1.005313E-03  2.191094E-08  7.934447E-08  9.149507E-08  1.831784E-01  3.553321E-05  1.769489E-06  1.513606E-06  1.219885E-04  1.658516E-04  2.501038E-06  1.235245E-07  1.584019E-07  8.318030E-07
 3.081500E+02  4.087038E-01  3.307081E-04  4.901689E-08  6.501570E-08  7.250197E-08  8.730437E-08  4.935309E-02  1.011860E-05  8.347232E-09  3.571340E-01  2.186799E-03  5.178986E-05  2.399138E-06  9.875313E-04  2.078244E-08  7.545250E-08  8.796211E-08  1.809153E-01  3.402518E-05  1.715232E-06  1.466192E-06  1.201012E-04  1.632832E-04  2.363509E-06  1.163379E-07  1.492360E-07  7.923424E-07
 3.091500E+02  4.098300E-01  3.277492E-04  4.756679E-08  6.310899E-08  7.037977E-08  8.477000E-08  4.936421E-02  9.928469E-06  7.836276E-09  3.582818E-01  2.158986E-03  4.909824E-05  2.344542E-06  9.701728E-04  1.971920E-08  7.177628E-08  8.458682E-08  1.786873E-01  3.258839E-05  1.662904E-06  1.420497E-06  1.182530E-04  1.607682E-04  2.234275E-06  1.096122E-07  1.406551E-07  7.549761E-07
 3.101500E+02  4.109386E-01  3.248254E-04  4.616715E-08  6.126812E-08  6.833072E-08  8.232236E-08  4.937508E-02  9.743313E-06  7.359905E-09  3.594117E-01  2.131588E-03  4.655898E-05  2.291376E-06  9.532253E-04  1.871708E-08  6.830262E-08  8.136135E-08  1.764939E-01  3.121918E-05  1.612431E-06  1.376452E-06  1.164430E-04  1.583053E-04  2.112794E-06  1.033152E-07  1.326186E-07  7.195825E-07
 3.111500E+02  4.120300E-01  3.219365E-04  4.481601E-08  5.949055E-08  6.635203E-08  7.995815E-08  4.938569E-02  9.562973E-06  6.915570E-09  3.605239E-01  2.104600E-03  4.416284E-05  2.239602E-06  9.366772E-04  1.777222E-08  6.501919E-08  7.827828E-08  1.743346E-01  2.991411E-05  1.563739E-06  1.333991E-06  1.146702E-04  1.558932E-04  1.998565E-06  9.741730E-08  1.250890E-07  6.860477E-07
 3.121500E+02  4.131043E-01  3.190822E-04  4.351149E-08  5.777385E-08  6.444098E-08  7.767420E-08  4.939605E-02  9.387295E-06  6.500926E-09  3.616186E-01  2.078016E-03  4.190116E-05  2.189182E-06  9.205173E-04  1.688100E-08  6.191447E-08  7.533058E-08  1.722088E-01  2.866991E-05  1.516758E-06  1.293051E-06  1.129338E-04  1.535308E-04  1.891121E-06  9.189101E-08  1.180316E-07  6.542647E-07
 3.131500E+02  4.141618E-01  3.162621E-04  4.225180E-08  5.611570E-08  6.259499E-08  7.546745E-08  4.940617E-02  9.216133E-06  6.113811E-09  3.626962E-01  2.051833E-03  3.976586E-05  2.140078E-06  9.047348E-04  1.604009E-08  5.897772E-08  7.251161E-08  1.701162E-01  2.748350E-05  1.471424E-06  1.253573E-06  1.112329E-04  1.512168E-04  1.790025E-06  8.671091E-08  1.114142E-07  6.241332E-07
 3.141500E+02  4.152027E-01  3.134761E-04  4.103521E-08  5.451387E-08  6.081159E-08  7.333499E-08  4.941607E-02  9.049344E-06  5.752233E-09  3.637569E-01  2.026044E-03  3.774937E-05  2.092255E-06  8.893193E-04  1.524635E-08  5.619888E-08  6.981507E-08  1.680562E-01  2.635196E-05  1.427670E-06  1.215497E-06  1.095666E-04  1.489501E-04  1.694872E-06  8.185342E-08  1.052069E-07  5.955591E-07
 3.151500E+02  4.162274E-01  3.107237E-04  3.986008E-08  5.296621E-08  5.908841E-08  7.127403E-08  4.942574E-02  8.886792E-06  5.414356E-09  3.648009E-01  2.000645E-03  3.584458E-05  2.045678E-06  8.742605E-04  1.449687E-08  5.356857E-08  6.723502E-08  1.660284E-01  2.527253E-05  1.385437E-06  1.178770E-06  1.079343E-04  1.467297E-04  1.605283E-06  7.729670E-08  9.938220E-08  5.684543E-07
 3.161500E+02  4.172360E-01  3.080047E-04  3.872482E-08  5.147067E-08  5.742317E-08  6.928187E-08  4.943518E-02  8.728345E-06  5.098485E-09  3.658286E-01  1.975631E-03  3.404485E-05  2.000312E-06  8.595486E-04  1.378893E-08  5.107799E-08  6.476582E-08  1.640321E-01  2.424259E-05  1.344666E-06  1.143338E-06  1.063350E-04  1.445543E-04  1.520908E-06  7.302051E-08  9.391435E-08  5.427357E-07
 3.171500E+02  4.182287E-01  3.053187E-04  3.762792E-08  5.002529E-08  5.581368E-08  6.735595E-08  4.944442E-02  8.573875E-06  4.803058E-09  3.668401E-01  1.950997E-03  3.234396E-05  1.956123E-06  8.451742E-04  1.311999E-08  4.871893E-08  6.240214E-08  1.620671E-01  2.325967E-05  1.305301E-06  1.109150E-06  1.047680E-04  1.424229E-04  1.441417E-06  6.900605E-08  8.877957E-08  5.183256E-07
 3.181500E+02  4.192060E-01  3.026654E-04  3.656793E-08  4.862817E-08  5.425786E-08  6.549379E-08  4.945345E-02  8.423261E-06  4.526630E-09  3.678357E-01  1.926739E-03  3.073606E-05  1.913081E-06  8.311280E-04  1.248768E-08  4.648369E-08  6.013892E-08  1.601327E-01  2.232143E-05  1.267287E-06  1.076158E-06  1.032325E-04  1.403346E-04  1.366504E-06  6.523589E-08  8.395577E-08  4.951509E-07
 3.191500E+02  4.201679E-01  3.000445E-04  3.554345E-08  4.727752E-08  5.275369E-08  6.369303E-08  4.946227E-02  8.276383E-06  4.267867E-09  3.688157E-01  1.902850E-03  2.921569E-05  1.871152E-06  8.174010E-04  1.188979E-08  4.436507E-08  5.797138E-08  1.582286E-01  2.142566E-05  1.230574E-06  1.044316E-06  1.017278E-04  1.382882E-04  1.295884E-06  6.169385E-08  7.942245E-08  4.731428E-07
 3.201500E+02  4.211147E-01  2.974557E-04  3.455314E-08  4.597160E-08  5.129925E-08  6.195139E-08  4.947090E-02  8.133129E-06  4.025537E-09  3.697802E-01  1.879326E-03  2.777773E-05  1.830306E-06  8.039845E-04  1.132425E-08  4.235633E-08  5.589496E-08  1.563542E-01  2.057025E-05  1.195111E-06  1.013578E-06  1.002531E-04  1.362828E-04  1.229289E-06  5.836489E-08  7.516054E-08  4.522368E-07
 3.211500E+02  4.220467E-01  2.948987E-04  3.359573E-08  4.470873E-08  4.989269E-08  6.026668E-08  4.947934E-02  7.993388E-06  3.798499E-09  3.707297E-01  1.856162E-03  2.641736E-05  1.790514E-06  7.908702E-04  1.078912E-08  4.045114E-08  5.390539E-08  1.545091E-01  1.975322E-05  1.160851E-06  9.839030E-07  9.880786E-05  1.343175E-04  1.166472E-06  5.523506E-08  7.115232E-08  4.323722E-07
 3.221500E+02  4.229641E-01  2.923730E-04  3.266999E-08  4.348733E-08  4.853224E-08  5.863682E-08  4.948759E-02  7.857054E-06  3.585700E-09  3.716642E-01  1.833352E-03  2.513007E-05  1.751745E-06  7.780500E-04  1.028261E-08  3.864358E-08  5.199856E-08  1.526928E-01  1.897269E-05  1.127749E-06  9.552489E-07  9.739128E-05  1.323912E-04  1.107199E-06  5.229136E-08  6.738134E-08  4.134920E-07
 3.231500E+02  4.238671E-01  2.898784E-04  3.177474E-08  4.230587E-08  4.721620E-08  5.705978E-08  4.949566E-02  7.724025E-06  3.386162E-09  3.725841E-01  1.810893E-03  2.391164E-05  1.713973E-06  7.655158E-04  9.803011E-09  3.692811E-08  5.017063E-08  1.509049E-01  1.822687E-05  1.095761E-06  9.275768E-07  9.600271E-05  1.305032E-04  1.051254E-06  4.952173E-08  6.383228E-08  3.955424E-07
 3.241500E+02  4.247560E-01  2.874146E-04  3.090884E-08  4.116286E-08  4.594293E-08  5.553366E-08  4.950355E-02  7.594202E-06  3.198982E-09  3.734895E-01  1.788778E-03  2.275809E-05  1.677168E-06  7.532602E-04  9.348753E-09  3.529949E-08  4.841790E-08  1.491450E-01  1.751408E-05  1.064845E-06  9.008492E-07  9.464151E-05  1.286524E-04  9.984329E-07  4.691494E-08  6.049088E-08  3.784729E-07
 3.251500E+02  4.256309E-01  2.849812E-04  3.007122E-08  4.005690E-08  4.471086E-08  5.405658E-08  4.951127E-02  7.467490E-06  3.023322E-09  3.743807E-01  1.767003E-03  2.166569E-05  1.641305E-06  7.412755E-04  8.918350E-09  3.375287E-08  4.673692E-08  1.474125E-01  1.683271E-05  1.034961E-06  8.750301E-07  9.330705E-05  1.268381E-04  9.485474E-07  4.446055E-08  5.734389E-08  3.622360E-07
 3.261500E+02  4.264922E-01  2.825779E-04  2.926083E-08  3.898664E-08  4.351849E-08  5.262677E-08  4.951882E-02  7.343798E-06  2.858408E-09  3.752580E-01  1.745563E-03  2.063094E-05  1.606358E-06  7.295548E-04  8.510419E-09  3.228363E-08  4.512436E-08  1.457070E-01  1.618125E-05  1.006071E-06  8.500850E-07  9.199870E-05  1.250593E-04  9.014198E-07  4.214884E-08  5.437895E-08  3.467869E-07
 3.271500E+02  4.273399E-01  2.802043E-04  2.847667E-08  3.795076E-08  4.236438E-08  5.124252E-08  4.952622E-02  7.223035E-06  2.703519E-09  3.761215E-01  1.724453E-03  1.965057E-05  1.572300E-06  7.180909E-04  8.123659E-09  3.088748E-08  4.357709E-08  1.440282E-01  1.555825E-05  9.781365E-07  8.259807E-07  9.071587E-05  1.233153E-04  8.568844E-07  3.997074E-08  5.158456E-08  3.320835E-07
 3.281500E+02  4.281745E-01  2.778601E-04  2.771778E-08  3.694804E-08  4.124714E-08  4.990219E-08  4.953345E-02  7.105116E-06  2.557988E-09  3.769715E-01  1.703668E-03  1.872148E-05  1.539109E-06  7.068771E-04  7.756854E-09  2.956038E-08  4.209213E-08  1.423755E-01  1.496236E-05  9.511234E-07  8.026856E-07  8.945797E-05  1.216053E-04  8.147861E-07  3.791783E-08  4.895000E-08  3.180860E-07
 3.291500E+02  4.289960E-01  2.755450E-04  2.698324E-08  3.597725E-08  4.016544E-08  4.860420E-08  4.954053E-02  6.989959E-06  2.421195E-09  3.778083E-01  1.683204E-03  1.784078E-05  1.506758E-06  6.959069E-04  7.408863E-09  2.829852E-08  4.066666E-08  1.407486E-01  1.439227E-05  9.249972E-07  7.801691E-07  8.822442E-05  1.199284E-04  7.749799E-07  3.598224E-08  4.646527E-08  3.047571E-07
 3.301500E+02  4.298046E-01  2.732587E-04  2.627218E-08  3.503726E-08  3.911799E-08  4.734704E-08  4.954745E-02  6.877484E-06  2.292566E-09  3.786319E-01  1.663055E-03  1.700573E-05  1.475226E-06  6.851739E-04  7.078617E-09  2.709833E-08  3.929798E-08  1.391470E-01  1.384676E-05  8.997252E-07  7.584021E-07  8.701467E-05  1.182840E-04  7.373300E-07  3.415665E-08  4.412107E-08  2.920615E-07
 3.311500E+02  4.306007E-01  2.710008E-04  2.558372E-08  3.412696E-08  3.810357E-08  4.612926E-08  4.955423E-02  6.767613E-06  2.171567E-09  3.794427E-01  1.643216E-03  1.621379E-05  1.444489E-06  6.746718E-04  6.765112E-09  2.595646E-08  3.798355E-08  1.375704E-01  1.332468E-05  8.752760E-07  7.373565E-07  8.582818E-05  1.166712E-04  7.017091E-07  3.243422E-08  4.190868E-08  2.799659E-07
 3.321500E+02  4.313843E-01  2.687710E-04  2.491708E-08  3.324528E-08  3.712100E-08  4.494944E-08  4.956087E-02  6.660271E-06  2.057701E-09  3.802408E-01  1.623683E-03  1.546253E-05  1.414526E-06  6.643948E-04  6.467408E-09  2.486975E-08  3.672093E-08  1.360182E-01  1.282490E-05  8.516196E-07  7.170056E-07  8.466442E-05  1.150894E-04  6.679983E-07  3.080858E-08  3.982001E-08  2.684391E-07
 3.331500E+02  4.321558E-01  2.665689E-04  2.427145E-08  3.239120E-08  3.616914E-08  4.380626E-08  4.956737E-02  6.555387E-06  1.950507E-09  3.810265E-01  1.604452E-03  1.474971E-05  1.385315E-06  6.543369E-04  6.184620E-09  2.383522E-08  3.550781E-08  1.344902E-01  1.234638E-05  8.287269E-07  6.973234E-07  8.352286E-05  1.135378E-04  6.360858E-07  2.927377E-08  3.784748E-08  2.574514E-07
 3.341500E+02  4.329152E-01  2.643942E-04  2.364609E-08  3.156375E-08  3.524691E-08  4.269841E-08  4.957373E-02  6.452891E-06  1.849557E-09  3.818000E-01  1.585517E-03  1.407318E-05  1.356836E-06  6.444926E-04  5.915919E-09  2.285009E-08  3.434201E-08  1.329858E-01  1.188813E-05  8.065702E-07  6.782854E-07  8.240302E-05  1.120158E-04  6.058672E-07  2.782424E-08  3.598402E-08  2.469749E-07
 3.351500E+02  4.336629E-01  2.622467E-04  2.304028E-08  3.076197E-08  3.435325E-08  4.162467E-08  4.957996E-02  6.352714E-06  1.754450E-09  3.825615E-01  1.566873E-03  1.343095E-05  1.329068E-06  6.348564E-04  5.660526E-09  2.191172E-08  3.322143E-08  1.315048E-01  1.144921E-05  7.851229E-07  6.598677E-07  8.130439E-05  1.105226E-04  5.772444E-07  2.645480E-08  3.422303E-08  2.369833E-07
 3.361500E+02  4.343990E-01  2.601258E-04  2.245331E-08  2.998496E-08  3.348716E-08  4.058382E-08  4.958606E-02  6.254793E-06  1.664816E-09  3.833111E-01  1.548517E-03  1.282112E-05  1.301992E-06  6.254229E-04  5.417709E-09  2.101763E-08  3.214409E-08  1.300467E-01  1.102870E-05  7.643593E-07  6.420476E-07  8.022649E-05  1.090577E-04  5.501255E-07  2.516061E-08  3.255832E-08  2.274519E-07
 3.371500E+02  4.351236E-01  2.580315E-04  2.188453E-08  2.923186E-08  3.264767E-08  3.957473E-08  4.959204E-02  6.159063E-06  1.580309E-09  3.840491E-01  1.530444E-03  1.224194E-05  1.275588E-06  6.161870E-04  5.186778E-09  2.016550E-08  3.110811E-08  1.286111E-01  1.062577E-05  7.442548E-07  6.248033E-07  7.916887E-05  1.076204E-04  5.244243E-07  2.393714E-08  3.098413E-08  2.183570E-07
 3.381500E+02  4.358371E-01  2.559632E-04  2.133330E-08  2.850182E-08  3.183385E-08  3.859629E-08  4.959789E-02  6.065465E-06  1.500606E-09  3.847757E-01  1.512649E-03  1.169172E-05  1.249839E-06  6.071437E-04  4.967088E-09  1.935311E-08  3.011167E-08  1.271977E-01  1.023960E-05  7.247857E-07  6.081136E-07  7.813107E-05  1.062100E-04  5.000598E-07  2.278015E-08  2.949506E-08  2.096765E-07
 3.391500E+02  4.365395E-01  2.539208E-04  2.079898E-08  2.779404E-08  3.104480E-08  3.764743E-08  4.960363E-02  5.973939E-06  1.425408E-09  3.854910E-01  1.495128E-03  1.116889E-05  1.224726E-06  5.982880E-04  4.758030E-09  1.857841E-08  2.915308E-08  1.258061E-01  9.869414E-06  7.059295E-07  5.919585E-07  7.711264E-05  1.048261E-04  4.769562E-07  2.168568E-08  2.808606E-08  2.013896E-07
 3.401500E+02  4.372311E-01  2.519038E-04  2.028101E-08  2.710774E-08  3.027967E-08  3.672715E-08  4.960924E-02  5.884427E-06  1.354434E-09  3.861953E-01  1.477877E-03  1.067198E-05  1.200231E-06  5.896154E-04  4.559032E-09  1.783943E-08  2.823070E-08  1.244360E-01  9.514493E-06  6.876641E-07  5.763186E-07  7.611315E-05  1.034679E-04  4.550421E-07  2.065002E-08  2.675241E-08  1.934764E-07
 3.411500E+02  4.379120E-01  2.499119E-04  1.977879E-08  2.644219E-08  2.953763E-08  3.583445E-08  4.961475E-02  5.796875E-06  1.287424E-09  3.868888E-01  1.460891E-03  1.019958E-05  1.176339E-06  5.811211E-04  4.369553E-09  1.713434E-08  2.734298E-08  1.230869E-01  9.174136E-06  6.699688E-07  5.611753E-07  7.513218E-05  1.021349E-04  4.342506E-07  1.966972E-08  2.548968E-08  1.859182E-07
 3.421500E+02  4.385825E-01  2.479449E-04  1.929180E-08  2.579666E-08  2.881788E-08  3.496839E-08  4.962014E-02  5.711229E-06  1.224134E-09  3.875715E-01  1.444165E-03  9.750386E-06  1.153031E-06  5.728008E-04  4.189089E-09  1.646140E-08  2.648844E-08  1.217585E-01  8.847684E-06  6.528232E-07  5.465107E-07  7.416932E-05  1.008265E-04  4.145189E-07  1.874151E-08  2.429374E-08  1.786974E-07
 3.431500E+02  4.392426E-01  2.460024E-04  1.881949E-08  2.517046E-08  2.811966E-08  3.412807E-08  4.962542E-02  5.627438E-06  1.164336E-09  3.882438E-01  1.427697E-03  9.323153E-06  1.130293E-06  5.646501E-04  4.017159E-09  1.581895E-08  2.566568E-08  1.204505E-01  8.534507E-06  6.362081E-07  5.323078E-07  7.322416E-05  9.954223E-05  3.957879E-07  1.786237E-08  2.316070E-08  1.717972E-07
 3.441500E+02  4.398927E-01  2.440841E-04  1.836136E-08  2.456294E-08  2.744222E-08  3.331260E-08  4.963060E-02  5.545451E-06  1.107819E-09  3.889058E-01  1.411480E-03  8.916713E-06  1.108109E-06  5.566649E-04  3.853316E-09  1.520547E-08  2.487334E-08  1.191625E-01  8.234008E-06  6.201048E-07  5.185501E-07  7.229633E-05  9.828152E-05  3.780020E-07  1.702944E-08  2.208692E-08  1.652018E-07
 3.451500E+02  4.405328E-01  2.421897E-04  1.791693E-08  2.397346E-08  2.678487E-08  3.252115E-08  4.963568E-02  5.465220E-06  1.054385E-09  3.895576E-01  1.395513E-03  8.529966E-06  1.086463E-06  5.488409E-04  3.697135E-09  1.461948E-08  2.411016E-08  1.178941E-01  7.945619E-06  6.044953E-07  5.052216E-07  7.138542E-05  9.704386E-05  3.611091E-07  1.624006E-08  2.106901E-08  1.588962E-07
 3.461500E+02  4.411631E-01  2.403189E-04  1.748573E-08  2.340140E-08  2.614692E-08  3.175289E-08  4.964066E-02  5.386698E-06  1.003847E-09  3.901995E-01  1.379789E-03  8.161872E-06  1.065342E-06  5.411743E-04  3.548216E-09  1.405960E-08  2.337490E-08  1.166452E-01  7.668799E-06  5.893626E-07  4.923072E-07  7.049109E-05  9.582872E-05  3.450601E-07  1.549172E-08  2.010376E-08  1.528663E-07
 3.471500E+02  4.417838E-01  2.384714E-04  1.706730E-08  2.284617E-08  2.552771E-08  3.100707E-08  4.964553E-02  5.309840E-06  9.560342E-10  3.908315E-01  1.364306E-03  7.811451E-06  1.044730E-06  5.336612E-04  3.406183E-09  1.352454E-08  2.266642E-08  1.154152E-01  7.403034E-06  5.746900E-07  4.797923E-07  6.961295E-05  9.463563E-05  3.298087E-07  1.478207E-08  1.918818E-08  1.470987E-07
 3.481500E+02  4.423950E-01  2.366468E-04  1.666122E-08  2.230720E-08  2.492661E-08  3.028291E-08  4.965032E-02  5.234601E-06  9.107833E-10  3.914540E-01  1.349059E-03  7.477778E-06  1.024614E-06  5.262978E-04  3.270680E-09  1.301305E-08  2.198359E-08  1.142040E-01  7.147834E-06  5.604615E-07  4.676629E-07  6.875066E-05  9.346409E-05  3.153116E-07  1.410893E-08  1.831946E-08  1.415806E-07
 3.491500E+02  4.429969E-01  2.348449E-04  1.626706E-08  2.178396E-08  2.434302E-08  2.957971E-08  4.965501E-02  5.160939E-06  8.679432E-10  3.920669E-01  1.334045E-03  7.159981E-06  1.004981E-06  5.190806E-04  3.141372E-09  1.252397E-08  2.132537E-08  1.130111E-01  6.902732E-06  5.466620E-07  4.559053E-07  6.790387E-05  9.231363E-05  3.015279E-07  1.347021E-08  1.749495E-08  1.363001E-07
 3.501500E+02  4.435898E-01  2.330655E-04  1.588442E-08  2.127590E-08  2.377634E-08  2.889675E-08  4.965960E-02  5.088812E-06  8.273723E-10  3.926706E-01  1.319260E-03  6.857236E-06  9.858167E-07  5.120059E-04  3.017942E-09  1.205620E-08  2.069073E-08  1.118363E-01  6.667286E-06  5.332765E-07  4.445067E-07  6.707225E-05  9.118381E-05  2.884191E-07  1.286400E-08  1.671218E-08  1.312457E-07
 3.511500E+02  4.441736E-01  2.313081E-04  1.551292E-08  2.078253E-08  2.322602E-08  2.823338E-08  4.966411E-02  5.018181E-06  7.889381E-10  3.932651E-01  1.304699E-03  6.568764E-06  9.671095E-07  5.050704E-04  2.900093E-09  1.160869E-08  2.007872E-08  1.106792E-01  6.441072E-06  5.202910E-07  4.334546E-07  6.625547E-05  9.007416E-05  2.759488E-07  1.228845E-08  1.596882E-08  1.264068E-07
 3.521500E+02  4.447486E-01  2.295725E-04  1.515218E-08  2.030335E-08  2.269150E-08  2.758894E-08  4.966853E-02  4.949007E-06  7.525162E-10  3.938507E-01  1.290359E-03  6.293831E-06  9.488469E-07  4.982706E-04  2.787541E-09  1.118047E-08  1.948841E-08  1.095396E-01  6.223688E-06  5.076919E-07  4.227369E-07  6.545321E-05  8.898425E-05  2.640831E-07  1.174187E-08  1.526269E-08  1.217729E-07
 3.531500E+02  4.453150E-01  2.278584E-04  1.480184E-08  1.983790E-08  2.217228E-08  2.696282E-08  4.967287E-02  4.881251E-06  7.179905E-10  3.944274E-01  1.276237E-03  6.031743E-06  9.310168E-07  4.916034E-04  2.680022E-09  1.077059E-08  1.891893E-08  1.084172E-01  6.014751E-06  4.954659E-07  4.123420E-07  6.466515E-05  8.791366E-05  2.527897E-07  1.122265E-08  1.459172E-08  1.173345E-07
 3.541500E+02  4.458728E-01  2.261655E-04  1.446156E-08  1.938572E-08  2.166784E-08  2.635441E-08  4.967713E-02  4.814878E-06  6.852519E-10  3.949954E-01  1.262329E-03  5.781844E-06  9.136076E-07  4.850656E-04  2.577282E-09  1.037818E-08  1.836944E-08  1.073116E-01  5.813895E-06  4.836004E-07  4.022590E-07  6.389099E-05  8.686198E-05  2.420383E-07  1.072928E-08  1.395400E-08  1.130823E-07
 3.551500E+02  4.464223E-01  2.244936E-04  1.413101E-08  1.894638E-08  2.117769E-08  2.576313E-08  4.968130E-02  4.749852E-06  6.541981E-10  3.955549E-01  1.248631E-03  5.543515E-06  8.966081E-07  4.786541E-04  2.479085E-09  1.000239E-08  1.783914E-08  1.062226E-01  5.620773E-06  4.720833E-07  3.924771E-07  6.313043E-05  8.582878E-05  2.318004E-07  1.026034E-08  1.334770E-08  1.090076E-07
 3.561500E+02  4.469635E-01  2.228423E-04  1.380986E-08  1.851945E-08  2.070138E-08  2.518843E-08  4.968539E-02  4.686139E-06  6.247335E-10  3.961060E-01  1.235140E-03  5.316170E-06  8.800072E-07  4.723658E-04  2.385205E-09  9.642430E-09  1.732725E-08  1.051500E-01  5.435054E-06  4.609029E-07  3.829860E-07  6.238319E-05  8.481369E-05  2.220489E-07  9.814505E-09  1.277111E-08  1.051022E-07
 3.571500E+02  4.474966E-01  2.212114E-04  1.349780E-08  1.810453E-08  2.023845E-08  2.462977E-08  4.968941E-02  4.623705E-06  5.967680E-10  3.966489E-01  1.221853E-03  5.099254E-06  8.637945E-07  4.661980E-04  2.295431E-09  9.297557E-09  1.683305E-08  1.040933E-01  5.256420E-06  4.500479E-07  3.737758E-07  6.164898E-05  8.381632E-05  2.127586E-07  9.390508E-09  1.222264E-08  1.013582E-07
 3.581500E+02  4.480218E-01  2.196006E-04  1.319455E-08  1.770123E-08  1.978846E-08  2.408663E-08  4.969335E-02  4.562519E-06  5.702174E-10  3.971836E-01  1.208765E-03  4.892245E-06  8.479595E-07  4.601478E-04  2.209560E-09  8.967055E-09  1.635585E-08  1.030523E-01  5.084570E-06  4.395074E-07  3.648370E-07  6.092752E-05  8.283628E-05  2.039053E-07  8.987174E-09  1.170075E-08  9.776808E-08
 3.591500E+02  4.485392E-01  2.180097E-04  1.289981E-08  1.730918E-08  1.935101E-08  2.355852E-08  4.969722E-02  4.502549E-06  5.450025E-10  3.977104E-01  1.195873E-03  4.694647E-06  8.324922E-07  4.542124E-04  2.127402E-09  8.650249E-09  1.589496E-08  1.020269E-01  4.919217E-06  4.292710E-07  3.561604E-07  6.021855E-05  8.187321E-05  1.954665E-07  8.603391E-09  1.120404E-08  9.432483E-08
 3.601500E+02  4.490488E-01  2.164383E-04  1.261330E-08  1.692801E-08  1.892567E-08  2.304495E-08  4.970102E-02  4.443764E-06  5.210490E-10  3.982294E-01  1.183175E-03  4.505992E-06  8.173828E-07  4.483891E-04  2.048778E-09  8.346500E-09  1.544975E-08  1.010166E-01  4.760087E-06  4.193286E-07  3.477373E-07  5.952180E-05  8.092676E-05  1.874209E-07  8.238113E-09  1.073116E-08  9.102172E-08
 3.611500E+02  4.495510E-01  2.148863E-04  1.233477E-08  1.655737E-08  1.851207E-08  2.254546E-08  4.970475E-02  4.386136E-06  4.982869E-10  3.987406E-01  1.170667E-03  4.325835E-06  8.026220E-07  4.426753E-04  1.973517E-09  8.055202E-09  1.501961E-08  1.000213E-01  4.606918E-06  4.096704E-07  3.395591E-07  5.883701E-05  7.999657E-05  1.797482E-07  7.890353E-09  1.028085E-08  8.785237E-08
 3.621500E+02  4.500457E-01  2.133533E-04  1.206395E-08  1.619693E-08  1.810983E-08  2.205960E-08  4.970840E-02  4.329635E-06  4.766508E-10  3.992444E-01  1.158346E-03  4.153758E-06  7.882005E-07  4.370686E-04  1.901457E-09  7.775778E-09  1.460396E-08  9.904073E-02  4.459462E-06  4.002873E-07  3.316176E-07  5.816393E-05  7.908230E-05  1.724294E-07  7.559185E-09  9.851906E-09  8.481071E-08
 3.631500E+02  4.505331E-01  2.118390E-04  1.180059E-08  1.584636E-08  1.771859E-08  2.158694E-08  4.971199E-02  4.274234E-06  4.560788E-10  3.997406E-01  1.146209E-03  3.989362E-06  7.741093E-07  4.315664E-04  1.832447E-09  7.507683E-09  1.420224E-08  9.807458E-02  4.317479E-06  3.911700E-07  3.239050E-07  5.750233E-05  7.818362E-05  1.654466E-07  7.243733E-09  9.443221E-09  8.189098E-08
 3.641500E+02  4.510133E-01  2.103433E-04  1.154446E-08  1.550534E-08  1.733800E-08  2.112706E-08  4.971552E-02  4.219906E-06  4.365131E-10  4.002296E-01  1.134252E-03  3.832272E-06  7.603398E-07  4.261664E-04  1.766340E-09  7.250398E-09  1.381390E-08  9.712262E-02  4.180742E-06  3.823101E-07  3.164137E-07  5.685196E-05  7.730021E-05  1.587827E-07  6.943173E-09  9.053731E-09  7.908770E-08
 3.651500E+02  4.514865E-01  2.088659E-04  1.129533E-08  1.517358E-08  1.696772E-08  2.067957E-08  4.971898E-02  4.166624E-06  4.178991E-10  4.007114E-01  1.122473E-03  3.682132E-06  7.468836E-07  4.208662E-04  1.703000E-09  7.003431E-09  1.343844E-08  9.618462E-02  4.049035E-06  3.736990E-07  3.091364E-07  5.621258E-05  7.643174E-05  1.524217E-07  6.656727E-09  8.682440E-09  7.639567E-08
 3.661500E+02  4.519527E-01  2.074065E-04  1.105297E-08  1.485077E-08  1.660743E-08  2.024407E-08  4.972238E-02  4.114364E-06  4.001855E-10  4.011861E-01  1.110868E-03  3.538604E-06  7.337325E-07  4.156635E-04  1.642296E-09  6.766315E-09  1.307537E-08  9.526034E-02  3.922151E-06  3.653288E-07  3.020660E-07  5.558397E-05  7.557791E-05  1.463485E-07  6.383663E-09  8.328407E-09  7.380994E-08
 3.671500E+02  4.524122E-01  2.059649E-04  1.081717E-08  1.453665E-08  1.625682E-08  1.982020E-08  4.972572E-02  4.063100E-06  3.833240E-10  4.016539E-01  1.099435E-03  3.401367E-06  7.208785E-07  4.105561E-04  1.584106E-09  6.538606E-09  1.272421E-08  9.434955E-02  3.799891E-06  3.571917E-07  2.951959E-07  5.496591E-05  7.473841E-05  1.405485E-07  6.123287E-09  7.990742E-09  7.132580E-08
 3.681500E+02  4.528649E-01  2.045408E-04  1.058773E-08  1.423094E-08  1.591558E-08  1.940758E-08  4.972899E-02  4.012809E-06  3.672691E-10  4.021149E-01  1.088171E-03  3.270119E-06  7.083139E-07  4.055419E-04  1.528312E-09  6.319881E-09  1.238452E-08  9.345202E-02  3.682067E-06  3.492802E-07  2.885193E-07  5.435819E-05  7.391295E-05  1.350084E-07  5.874948E-09  7.668608E-09  6.893876E-08
 3.691500E+02  4.533111E-01  2.031340E-04  1.036444E-08  1.393338E-08  1.558342E-08  1.900588E-08  4.973221E-02  3.963467E-06  3.519780E-10  4.025692E-01  1.077073E-03  3.144574E-06  6.960311E-07  4.006187E-04  1.474803E-09  6.109741E-09  1.205587E-08  9.256751E-02  3.568499E-06  3.415870E-07  2.820301E-07  5.376058E-05  7.310124E-05  1.297151E-07  5.638030E-09  7.361214E-09  6.664458E-08
 3.701500E+02  4.537508E-01  2.017443E-04  1.014712E-08  1.364371E-08  1.526006E-08  1.861475E-08  4.973537E-02  3.915052E-06  3.374105E-10  4.030169E-01  1.066138E-03  3.024457E-06  6.840230E-07  3.957846E-04  1.423474E-09  5.907804E-09  1.173784E-08  9.169582E-02  3.459014E-06  3.341052E-07  2.757222E-07  5.317288E-05  7.230300E-05  1.246567E-07  5.411951E-09  7.067811E-09  6.443918E-08
 3.711500E+02  4.541841E-01  2.003715E-04  9.935574E-09  1.336169E-08  1.494522E-08  1.823387E-08  4.973848E-02  3.867542E-06  3.235284E-10  4.034581E-01  1.055363E-03  2.909511E-06  6.722823E-07  3.910375E-04  1.374224E-09  5.713707E-09  1.143004E-08  9.083672E-02  3.353447E-06  3.268281E-07  2.695897E-07  5.259490E-05  7.151795E-05  1.198215E-07  5.196161E-09  6.787694E-09  6.231872E-08
 3.721500E+02  4.546112E-01  1.990152E-04  9.729628E-09  1.308709E-08  1.463866E-08  1.786293E-08  4.974153E-02  3.820915E-06  3.102959E-10  4.038929E-01  1.044746E-03  2.799492E-06  6.608023E-07  3.863755E-04  1.326960E-09  5.527106E-09  1.113209E-08  8.999000E-02  3.251641E-06  3.197492E-07  2.636270E-07  5.202643E-05  7.074584E-05  1.151987E-07  4.990141E-09  6.520196E-09  6.027951E-08
 3.731500E+02  4.550322E-01  1.976752E-04  9.529108E-09  1.281968E-08  1.434011E-08  1.750162E-08  4.974453E-02  3.775151E-06  2.976794E-10  4.043215E-01  1.034283E-03  2.694166E-06  6.495762E-07  3.817967E-04  1.281590E-09  5.347673E-09  1.084362E-08  8.915545E-02  3.153445E-06  3.128622E-07  2.578287E-07  5.146728E-05  6.998638E-05  1.107779E-07  4.793401E-09  6.264686E-09  5.831805E-08
