#         T/K            c1          c2-1          c3-4          c3-5          c3-7          c3-9            m1          m2-1          m3-1            w1            w2          w3-1          w3-2          c1m1        c1m2-1        c1m2-7        c2m1-1        c1w1-2        c1w2-1        c2w1-1        c2w1-9        m1w1-1        m1w1-4        m1w2-1        m2w1-1        m2w1-3      c1m1w1-1
 2.731500E+02  5.813829E-01  1.118600E-03  5.698285E-07  7.479137E-07  8.321134E-07  9.921918E-07  1.934995E-01  3.149194E-04  5.531953E-06  8.784159E-02  2.647959E-04  8.118712E-06  1.139142E-07  1.177098E-02  3.641478E-06  1.194884E-05  3.652312E-06  1.231763E-01  2.040802E-05  3.636804E-06  3.193499E-06  2.296440E-04  3.126074E-04  5.894733E-06  4.701611E-06  5.954653E-06  8.272527E-06
 2.741500E+02  5.823343E-01  1.101380E-03  5.450322E-07  7.156102E-07  7.962327E-07  9.497078E-07  1.936533E-01  3.076839E-04  5.112428E-06  8.864087E-02  2.631479E-04  7.704115E-06  1.122977E-07  1.148923E-02  3.402030E-06  1.119930E-05  3.461627E-06  1.215922E-01  1.947359E-05  3.498718E-06  3.069594E-06  2.263953E-04  3.081654E-04  5.547516E-06  4.385540E-06  5.556557E-06  7.806292E-06
 2.751500E+02  5.832713E-01  1.084552E-03  5.214963E-07  6.849384E-07  7.621617E-07  9.093542E-07  1.938024E-01  3.006624E-04  4.727393E-06  8.943052E-02  2.614632E-04  7.311008E-06  1.106800E-07  1.121620E-02  3.179919E-06  1.050179E-05  3.282237E-06  1.200272E-01  1.858437E-05  3.366525E-06  2.951086E-06  2.231892E-04  3.037828E-04  5.221866E-06  4.092305E-06  5.187077E-06  7.368677E-06
 2.761500E+02  5.841941E-01  1.068105E-03  4.991483E-07  6.558050E-07  7.297974E-07  8.710101E-07  1.939469E-01  2.938476E-04  4.373812E-06  9.021051E-02  2.597443E-04  6.938302E-06  1.090627E-07  1.095156E-02  2.973785E-06  9.852389E-06  3.113401E-06  1.184812E-01  1.773810E-05  3.239952E-06  2.837718E-06  2.200261E-04  2.994596E-04  4.916393E-06  3.820156E-06  4.844030E-06  6.957804E-06
 2.771500E+02  5.851029E-01  1.052029E-03  4.779206E-07  6.281230E-07  6.990430E-07  8.345624E-07  1.940870E-01  2.872327E-04  4.048933E-06  9.098084E-02  2.579935E-04  6.584956E-06  1.074472E-07  1.069501E-02  2.782384E-06  9.247497E-06  2.954433E-06  1.169544E-01  1.693266E-05  3.118740E-06  2.729248E-06  2.169058E-04  2.951959E-04  4.629802E-06  3.567483E-06  4.525408E-06  6.571920E-06
 2.781500E+02  5.859978E-01  1.036313E-03  4.577497E-07  6.018105E-07  6.698081E-07  7.999050E-07  1.942229E-01  2.808109E-04  3.750260E-06  9.174151E-02  2.562131E-04  6.249981E-06  1.058351E-07  1.044627E-02  2.604573E-06  8.683792E-06  2.804693E-06  1.154467E-01  1.616602E-05  3.002641E-06  2.625446E-06  2.138284E-04  2.909916E-04  4.360878E-06  3.332806E-06  4.229365E-06  6.209399E-06
 2.791500E+02  5.868790E-01  1.020946E-03  4.385762E-07  5.767910E-07  6.420077E-07  7.669382E-07  1.943546E-01  2.745757E-04  3.475525E-06  9.249251E-02  2.544053E-04  5.932434E-06  1.042279E-07  1.020505E-02  2.439305E-06  8.158221E-06  2.663590E-06  1.139582E-01  1.543626E-05  2.891421E-06  2.526093E-06  2.107940E-04  2.868467E-04  4.108489E-06  3.114764E-06  3.954199E-06  5.868723E-06
 2.801500E+02  5.877466E-01  1.005919E-03  4.203443E-07  5.529925E-07  6.155622E-07  7.355688E-07  1.944824E-01  2.685209E-04  3.222671E-06  9.323387E-02  2.525721E-04  5.631418E-06  1.026267E-07  9.971089E-03  2.285621E-06  7.667975E-06  2.530570E-06  1.124887E-01  1.474154E-05  2.784856E-06  2.430983E-06  2.078023E-04  2.827610E-04  3.871577E-06  2.912101E-06  3.698344E-06  5.548479E-06
 2.811500E+02  5.886008E-01  9.912231E-04  4.030017E-07  5.303475E-07  5.903967E-07  7.057089E-07  1.946064E-01  2.626404E-04  2.989828E-06  9.396560E-02  2.507158E-04  5.346080E-06  1.010328E-07  9.744126E-03  2.142639E-06  7.210466E-06  2.405120E-06  1.110383E-01  1.408012E-05  2.682735E-06  2.339917E-06  2.048534E-04  2.787344E-04  3.649154E-06  2.723665E-06  3.460358E-06  5.247353E-06
 2.821500E+02  5.894418E-01  9.768484E-04  3.864992E-07  5.087928E-07  5.664411E-07  6.772763E-07  1.947267E-01  2.569285E-04  2.775295E-06  9.468772E-02  2.488383E-04  5.075607E-06  9.944744E-08  9.523915E-03  2.009550E-06  6.783311E-06  2.286763E-06  1.096069E-01  1.345036E-05  2.584855E-06  2.252708E-06  2.019471E-04  2.747666E-04  3.440294E-06  2.548392E-06  3.238913E-06  4.964119E-06
 2.831500E+02  5.902696E-01  9.627863E-04  3.707909E-07  4.882688E-07  5.436296E-07  6.501935E-07  1.948435E-01  2.513796E-04  2.577525E-06  9.540028E-02  2.469416E-04  4.819228E-06  9.787162E-08  9.310220E-03  1.885608E-06  6.384314E-06  2.175053E-06  1.081945E-01  1.285068E-05  2.491024E-06  2.169178E-06  1.990832E-04  2.708573E-04  3.244135E-06  2.385303E-06  3.032783E-06  4.697634E-06
 2.841500E+02  5.910846E-01  9.490283E-04  3.558334E-07  4.687198E-07  5.219001E-07  6.243880E-07  1.949568E-01  2.459882E-04  2.395111E-06  9.610329E-02  2.450276E-04  4.576210E-06  9.630639E-08  9.102812E-03  1.770131E-06  6.011448E-06  2.069576E-06  1.068010E-01  1.227959E-05  2.401060E-06  2.089158E-06  1.962614E-04  2.670062E-04  3.059870E-06  2.233495E-06  2.840840E-06  4.446832E-06
 2.851500E+02  5.918867E-01  9.355662E-04  3.415861E-07  4.500931E-07  5.011944E-07  5.997913E-07  1.950669E-01  2.407491E-04  2.226770E-06  9.679682E-02  2.430980E-04  4.345855E-06  9.475269E-08  8.901473E-03  1.662490E-06  5.662845E-06  1.969945E-06  1.054262E-01  1.173568E-05  2.314787E-06  2.012486E-06  1.934816E-04  2.632130E-04  2.886745E-06  2.092137E-06  2.662042E-06  4.210722E-06
 2.861500E+02  5.926763E-01  9.223919E-04  3.280108E-07  4.323395E-07  4.814579E-07  5.763391E-07  1.951737E-01  2.356574E-04  2.071336E-06  9.748090E-02  2.411547E-04  4.127501E-06  9.321138E-08  8.705993E-03  1.562106E-06  5.336780E-06  1.875800E-06  1.040702E-01  1.121760E-05  2.232041E-06  1.939009E-06  1.907435E-04  2.594772E-04  2.724054E-06  1.960461E-06  2.495428E-06  3.988375E-06
 2.871500E+02  5.934534E-01  9.094979E-04  3.150714E-07  4.154125E-07  4.626390E-07  5.539710E-07  1.952775E-01  2.307081E-04  1.927742E-06  9.815558E-02  2.391994E-04  3.920521E-06  9.168329E-08  8.516169E-03  1.468446E-06  5.031661E-06  1.786806E-06  1.027329E-01  1.072407E-05  2.152664E-06  1.868582E-06  1.880468E-04  2.557985E-04  2.571140E-06  1.837759E-06  2.340113E-06  3.778929E-06
 2.881500E+02  5.942182E-01  8.968765E-04  3.027343E-07  3.992683E-07  4.446893E-07  5.326300E-07  1.953784E-01  2.258967E-04  1.795017E-06  9.882093E-02  2.372336E-04  3.724316E-06  9.016916E-08  8.331808E-03  1.381019E-06  4.746015E-06  1.702648E-06  1.014140E-01  1.025389E-05  2.076506E-06  1.801066E-06  1.853912E-04  2.521763E-04  2.427386E-06  1.723378E-06  2.195277E-06  3.581576E-06
 2.891500E+02  5.949709E-01  8.845206E-04  2.909676E-07  3.838660E-07  4.275632E-07  5.122626E-07  1.954763E-01  2.212186E-04  1.672276E-06  9.947700E-02  2.352590E-04  3.538322E-06  8.866967E-08  8.152722E-03  1.299373E-06  4.478484E-06  1.623034E-06  1.001135E-01  9.805886E-06  2.003424E-06  1.736329E-06  1.827764E-04  2.486103E-04  2.292216E-06  1.616716E-06  2.060166E-06  3.395564E-06
 2.901500E+02  5.957116E-01  8.724232E-04  2.797413E-07  3.691667E-07  4.112177E-07  4.928181E-07  1.955715E-01  2.166695E-04  1.558709E-06  1.001239E-01  2.332770E-04  3.362001E-06  8.718546E-08  7.978733E-03  1.223092E-06  4.227809E-06  1.547691E-06  9.883128E-02  9.378977E-06  1.933280E-06  1.674246E-06  1.802020E-04  2.450998E-04  2.165093E-06  1.517215E-06  1.934080E-06  3.220189E-06
 2.911500E+02  5.964405E-01  8.605775E-04  2.690273E-07  3.551340E-07  3.956125E-07  4.742491E-07  1.956640E-01  2.122451E-04  1.453577E-06  1.007616E-01  2.312891E-04  3.194842E-06  8.571711E-08  7.809667E-03  1.151790E-06  3.992827E-06  1.476363E-06  9.756719E-02  8.972121E-06  1.865947E-06  1.614698E-06  1.776677E-04  2.416444E-04  2.045512E-06  1.424361E-06  1.816375E-06  3.054794E-06
 2.921500E+02  5.971577E-01  8.489769E-04  2.587990E-07  3.417334E-07  3.807093E-07  4.565106E-07  1.957540E-01  2.079415E-04  1.356203E-06  1.013902E-01  2.292967E-04  3.036364E-06  8.426512E-08  7.645360E-03  1.085113E-06  3.772462E-06  1.408812E-06  9.632109E-02  8.584330E-06  1.801299E-06  1.557570E-06  1.751730E-04  2.382435E-04  1.933003E-06  1.337679E-06  1.706454E-06  2.898766E-06
 2.931500E+02  5.978635E-01  8.376152E-04  2.490314E-07  3.289327E-07  3.664723E-07  4.395604E-07  1.958414E-01  2.037549E-04  1.265971E-06  1.020099E-01  2.273011E-04  2.886107E-06  8.282998E-08  7.485651E-03  1.022734E-06  3.565718E-06  1.344815E-06  9.509284E-02  8.214666E-06  1.739220E-06  1.502755E-06  1.727176E-04  2.348966E-04  1.827126E-06  1.256731E-06  1.603767E-06  2.751532E-06
 2.941500E+02  5.985580E-01  8.264861E-04  2.397008E-07  3.167013E-07  3.528675E-07  4.233585E-07  1.959264E-01  1.996813E-04  1.182315E-06  1.026206E-01  2.253035E-04  2.743637E-06  8.141210E-08  7.330387E-03  9.643490E-07  3.371670E-06  1.284164E-06  9.388227E-02  7.862239E-06  1.679597E-06  1.450150E-06  1.703010E-04  2.316030E-04  1.727468E-06  1.181109E-06  1.507802E-06  2.612555E-06
 2.951500E+02  5.992413E-01  8.155837E-04  2.307851E-07  3.050102E-07  3.398631E-07  4.078674E-07  1.960091E-01  1.957172E-04  1.104717E-06  1.032225E-01  2.233053E-04  2.608542E-06  8.001186E-08  7.179421E-03  9.096793E-07  3.189463E-06  1.226662E-06  9.268924E-02  7.526204E-06  1.622323E-06  1.399657E-06  1.679229E-04  2.283622E-04  1.633646E-06  1.110438E-06  1.418089E-06  2.481335E-06
 2.961500E+02  5.999136E-01  8.049022E-04  2.222632E-07  2.938324E-07  3.274287E-07  3.930515E-07  1.960896E-01  1.918591E-04  1.032703E-06  1.038156E-01  2.213075E-04  2.480433E-06  7.862959E-08  7.032609E-03  8.584663E-07  3.018305E-06  1.172127E-06  9.151357E-02  7.205757E-06  1.567296E-06  1.351183E-06  1.655828E-04  2.251735E-04  1.545298E-06  1.044370E-06  1.334191E-06  2.357403E-06
 2.971500E+02  6.005750E-01  7.944360E-04  2.141154E-07  2.831421E-07  3.155359E-07  3.788771E-07  1.961678E-01  1.881037E-04  9.658389E-07  1.044000E-01  2.193113E-04  2.358939E-06  7.726558E-08  6.889817E-03  8.104707E-07  2.857458E-06  1.120388E-06  9.035511E-02  6.900135E-06  1.514420E-06  1.304638E-06  1.632803E-04  2.220364E-04  1.462086E-06  9.825846E-07  1.255702E-06  2.240320E-06
 2.981500E+02  6.012258E-01  7.841797E-04  2.063228E-07  2.729152E-07  3.041578E-07  3.653127E-07  1.962440E-01  1.844477E-04  9.037265E-07  1.049759E-01  2.173176E-04  2.243711E-06  7.592007E-08  6.750911E-03  7.654714E-07  2.706241E-06  1.071285E-06  8.921367E-02  6.608616E-06  1.463600E-06  1.259938E-06  1.610148E-04  2.189501E-04  1.383696E-06  9.247831E-07  1.182249E-06  2.129676E-06
 2.991500E+02  6.018660E-01  7.741280E-04  1.988680E-07  2.631286E-07  2.932691E-07  3.523282E-07  1.963181E-01  1.808880E-04  8.460005E-07  1.055433E-01  2.153276E-04  2.134416E-06  7.459329E-08  6.615765E-03  7.232635E-07  2.564020E-06  1.024667E-06  8.808908E-02  6.330510E-06  1.414750E-06  1.217002E-06  1.587860E-04  2.159141E-04  1.309832E-06  8.706898E-07  1.113485E-06  2.025088E-06
 3.001500E+02  6.024959E-01  7.642758E-04  1.917341E-07  2.537609E-07  2.828456E-07  3.398953E-07  1.963902E-01  1.774215E-04  7.923255E-07  1.061022E-01  2.133421E-04  2.030740E-06  7.328539E-08  6.484258E-03  6.836573E-07  2.430206E-06  9.803945E-07  8.698117E-02  6.065165E-06  1.367784E-06  1.175753E-06  1.565934E-04  2.129277E-04  1.240217E-06  8.200491E-07  1.049087E-06  1.926195E-06
 3.011500E+02  6.031155E-01  7.546182E-04  1.849054E-07  2.447914E-07  2.728648E-07  3.279873E-07  1.964604E-01  1.740453E-04  7.423939E-07  1.066529E-01  2.113620E-04  1.932387E-06  7.199654E-08  6.356272E-03  6.464771E-07  2.304252E-06  9.383343E-07  8.588974E-02  5.811961E-06  1.322622E-06  1.136118E-06  1.544366E-04  2.099903E-04  1.174592E-06  7.726241E-07  9.887583E-07  1.832661E-06
 3.021500E+02  6.037251E-01  7.451502E-04  1.783670E-07  2.362009E-07  2.633050E-07  3.165788E-07  1.965288E-01  1.707567E-04  6.959229E-07  1.071953E-01  2.093883E-04  1.839073E-06  7.072683E-08  6.231693E-03  6.115600E-07  2.185650E-06  8.983629E-07  8.481462E-02  5.570309E-06  1.279188E-06  1.098028E-06  1.523149E-04  2.071011E-04  1.112715E-06  7.281954E-07  9.322218E-07  1.744170E-06
 3.031500E+02  6.043248E-01  7.358674E-04  1.721049E-07  2.279711E-07  2.541461E-07  3.056459E-07  1.965953E-01  1.675529E-04  6.526525E-07  1.077296E-01  2.074216E-04  1.750533E-06  6.947634E-08  6.110413E-03  5.787549E-07  2.073927E-06  8.603639E-07  8.375562E-02  5.339648E-06  1.237408E-06  1.061415E-06  1.502281E-04  2.042595E-04  1.054360E-06  6.865592E-07  8.792209E-07  1.660427E-06
 3.041500E+02  6.049148E-01  7.267651E-04  1.661057E-07  2.200847E-07  2.453688E-07  2.951659E-07  1.966602E-01  1.644312E-04  6.123439E-07  1.082559E-01  2.054629E-04  1.666514E-06  6.824514E-08  5.992326E-03  5.479215E-07  1.968644E-06  8.242283E-07  8.271255E-02  5.119449E-06  1.197213E-06  1.026216E-06  1.481755E-04  2.014648E-04  9.993124E-07  6.475267E-07  8.295176E-07  1.581155E-06
 3.051500E+02  6.054951E-01  7.178389E-04  1.603567E-07  2.125252E-07  2.369550E-07  2.851172E-07  1.967233E-01  1.613893E-04  5.747773E-07  1.087742E-01  2.035127E-04  1.586776E-06  6.703324E-08  5.877333E-03  5.189298E-07  1.869391E-06  7.898535E-07  8.168521E-02  4.909205E-06  1.158536E-06  9.923710E-07  1.461567E-04  1.987164E-04  9.473741E-07  6.109225E-07  7.828909E-07  1.506095E-06
 3.061500E+02  6.060660E-01  7.090847E-04  1.548461E-07  2.052773E-07  2.288873E-07  2.754797E-07  1.967849E-01  1.584245E-04  5.397502E-07  1.092847E-01  2.015718E-04  1.511094E-06  6.584064E-08  5.765334E-03  4.916590E-07  1.775788E-06  7.571432E-07  8.067341E-02  4.708439E-06  1.121312E-06  9.598215E-07  1.441712E-04  1.960137E-04  8.983582E-07  5.765839E-07  7.391355E-07  1.435002E-06
 3.071500E+02  6.066276E-01  7.004981E-04  1.495626E-07  1.983261E-07  2.211496E-07  2.662340E-07  1.968448E-01  1.555346E-04  5.070764E-07  1.097875E-01  1.996408E-04  1.439254E-06  6.466732E-08  5.656236E-03  4.659968E-07  1.687480E-06  7.260069E-07  7.967696E-02  4.516694E-06  1.085483E-06  9.285128E-07  1.422186E-04  1.933558E-04  8.520899E-07  5.443598E-07  6.980609E-07  1.367649E-06
 3.081500E+02  6.071800E-01  6.920753E-04  1.444954E-07  1.916578E-07  2.137263E-07  2.573619E-07  1.969032E-01  1.527173E-04  4.765843E-07  1.102826E-01  1.977203E-04  1.371052E-06  6.351325E-08  5.549949E-03  4.418389E-07  1.604136E-06  6.963595E-07  7.869566E-02  4.333538E-06  1.050988E-06  8.983923E-07  1.402983E-04  1.907422E-04  8.084052E-07  5.141097E-07  6.594898E-07  1.303820E-06
 3.091500E+02  6.077234E-01  6.838124E-04  1.396344E-07  1.852591E-07  2.066028E-07  2.488460E-07  1.969602E-01  1.499704E-04  4.481156E-07  1.107702E-01  1.958109E-04  1.306297E-06  6.237835E-08  5.446386E-03  4.190884E-07  1.525448E-06  6.681209E-07  7.772932E-02  4.158560E-06  1.017774E-06  8.694098E-07  1.384099E-04  1.881721E-04  7.671505E-07  4.857033E-07  6.232576E-07  1.243316E-06
 3.101500E+02  6.082580E-01  6.757054E-04  1.349700E-07  1.791177E-07  1.997653E-07  2.406699E-07  1.970157E-01  1.472918E-04  4.215244E-07  1.112503E-01  1.939131E-04  1.244807E-06  6.126254E-08  5.345461E-03  3.976550E-07  1.451128E-06  6.412160E-07  7.677774E-02  3.991369E-06  9.857874E-07  8.415176E-07  1.365529E-04  1.856450E-04  7.281817E-07  4.590191E-07  5.892112E-07  1.185946E-06
 3.111500E+02  6.087838E-01  6.677508E-04  1.304930E-07  1.732216E-07  1.932005E-07  2.328182E-07  1.970698E-01  1.446793E-04  3.966763E-07  1.117231E-01  1.920274E-04  1.186411E-06  6.016572E-08  5.247094E-03  3.774549E-07  1.380909E-06  6.155737E-07  7.584072E-02  3.831595E-06  9.549771E-07  8.146699E-07  1.347268E-04  1.831601E-04  6.913638E-07  4.339446E-07  5.572080E-07  1.131535E-06
 3.121500E+02  6.093010E-01  6.599449E-04  1.261949E-07  1.675596E-07  1.868960E-07  2.252759E-07  1.971226E-01  1.421312E-04  3.734468E-07  1.121887E-01  1.901542E-04  1.130946E-06  5.908778E-08  5.151206E-03  3.584099E-07  1.314540E-06  5.911275E-07  7.491806E-02  3.678885E-06  9.252953E-07  7.888232E-07  1.329311E-04  1.807167E-04  6.565700E-07  4.103748E-07  5.271157E-07  1.079914E-06
 3.131500E+02  6.098098E-01  6.522843E-04  1.220675E-07  1.621210E-07  1.808400E-07  2.180292E-07  1.971740E-01  1.396453E-04  3.517215E-07  1.126471E-01  1.882940E-04  1.078258E-06  5.802858E-08  5.057722E-03  3.404472E-07  1.251788E-06  5.678145E-07  7.400957E-02  3.532905E-06  8.966957E-07  7.639359E-07  1.311654E-04  1.783143E-04  6.236815E-07  3.882122E-07  4.988108E-07  1.030929E-06
 3.141500E+02  6.103104E-01  6.447655E-04  1.181030E-07  1.568958E-07  1.750212E-07  2.110646E-07  1.972242E-01  1.372200E-04  3.313942E-07  1.130984E-01  1.864472E-04  1.028202E-06  5.698799E-08  4.966570E-03  3.234990E-07  1.192435E-06  5.455754E-07  7.311506E-02  3.393336E-06  8.691344E-07  7.399682E-07  1.294291E-04  1.759521E-04  5.925870E-07  3.673658E-07  4.721785E-07  9.844312E-07
 3.151500E+02  6.108027E-01  6.373854E-04  1.142939E-07  1.518742E-07  1.694289E-07  2.043696E-07  1.972732E-01  1.348533E-04  3.123672E-07  1.135429E-01  1.846141E-04  9.806393E-07  5.596584E-08  4.877677E-03  3.075023E-07  1.136277E-06  5.243546E-07  7.223431E-02  3.259875E-06  8.425691E-07  7.168821E-07  1.277218E-04  1.736296E-04  5.631816E-07  3.477512E-07  4.471119E-07  9.402832E-07
 3.161500E+02  6.112870E-01  6.301406E-04  1.106334E-07  1.470472E-07  1.640529E-07  1.979322E-07  1.973209E-01  1.325437E-04  2.945497E-07  1.139804E-01  1.827951E-04  9.354403E-07  5.496197E-08  4.790977E-03  2.923980E-07  1.083123E-06  5.040995E-07  7.136715E-02  3.132235E-06  8.169597E-07  6.946415E-07  1.260431E-04  1.713460E-04  5.353673E-07  3.292896E-07  4.235114E-07  8.983551E-07
 3.171500E+02  6.117635E-01  6.230281E-04  1.071147E-07  1.424061E-07  1.588838E-07  1.917409E-07  1.973675E-01  1.302894E-04  2.778580E-07  1.144113E-01  1.809905E-04  8.924815E-07  5.397620E-08  4.706405E-03  2.781313E-07  1.032795E-06  4.847604E-07  7.051337E-02  3.010143E-06  7.922676E-07  6.732117E-07  1.243924E-04  1.691007E-04  5.090519E-07  3.119076E-07  4.012840E-07  8.585245E-07
 3.181500E+02  6.122321E-01  6.160449E-04  1.037315E-07  1.379426E-07  1.539122E-07  1.857850E-07  1.974130E-01  1.280887E-04  2.622147E-07  1.148355E-01  1.792005E-04  8.516460E-07  5.300834E-08  4.623895E-03  2.646509E-07  9.851268E-07  4.662906E-07  6.967278E-02  2.893340E-06  7.684559E-07  6.525596E-07  1.227693E-04  1.668931E-04  4.841489E-07  2.955369E-07  3.803432E-07  8.206766E-07
 3.191500E+02  6.126932E-01  6.091880E-04  1.004779E-07  1.336490E-07  1.491296E-07  1.800541E-07  1.974574E-01  1.259402E-04  2.475480E-07  1.152531E-01  1.774255E-04  8.128236E-07  5.205819E-08  4.543389E-03  2.519089E-07  9.399625E-07  4.486460E-07  6.884518E-02  2.781578E-06  7.454896E-07  6.326536E-07  1.211734E-04  1.647225E-04  4.605771E-07  2.801136E-07  3.606082E-07  7.847032E-07
 3.201500E+02  6.131467E-01  6.024545E-04  9.734809E-08  1.295178E-07  1.445276E-07  1.745384E-07  1.975007E-01  1.238424E-04  2.337913E-07  1.156642E-01  1.756657E-04  7.759095E-07  5.112555E-08  4.464826E-03  2.398607E-07  8.971561E-07  4.317849E-07  6.803038E-02  2.674622E-06  7.233350E-07  6.134635E-07  1.196041E-04  1.625884E-04  4.382601E-07  2.655785E-07  3.420039E-07  7.505026E-07
 3.211500E+02  6.135929E-01  5.958417E-04  9.433667E-08  1.255419E-07  1.400985E-07  1.692286E-07  1.975430E-01  1.217938E-04  2.208832E-07  1.160691E-01  1.739212E-04  7.408050E-07  5.021021E-08  4.388149E-03  2.284645E-07  8.565709E-07  4.156681E-07  6.722820E-02  2.572249E-06  7.019598E-07  5.949604E-07  1.180611E-04  1.604900E-04  4.171262E-07  2.518759E-07  3.244598E-07  7.179788E-07
 3.221500E+02  6.140318E-01  5.893468E-04  9.143850E-08  1.217146E-07  1.358346E-07  1.641158E-07  1.975843E-01  1.197929E-04  2.087664E-07  1.164676E-01  1.721923E-04  7.074163E-07  4.931195E-08  4.313304E-03  2.176813E-07  8.180789E-07  4.002582E-07  6.643843E-02  2.474247E-06  6.813332E-07  5.771167E-07  1.165439E-04  1.584269E-04  3.971081E-07  2.389542E-07  3.079105E-07  6.870417E-07
 3.231500E+02  6.144636E-01  5.829673E-04  8.864866E-08  1.180296E-07  1.317289E-07  1.591917E-07  1.976246E-01  1.178385E-04  1.973880E-07  1.168600E-01  1.704791E-04  6.756549E-07  4.843055E-08  4.240236E-03  2.074746E-07  7.815602E-07  3.855203E-07  6.566090E-02  2.380414E-06  6.614257E-07  5.599061E-07  1.150521E-04  1.563983E-04  3.781426E-07  2.267651E-07  2.922947E-07  6.576063E-07
 3.241500E+02  6.148883E-01  5.767005E-04  8.596249E-08  1.144806E-07  1.277747E-07  1.544481E-07  1.976640E-01  1.159292E-04  1.866988E-07  1.172463E-01  1.687819E-04  6.454369E-07  4.756579E-08  4.168896E-03  1.978103E-07  7.469023E-07  3.714213E-07  6.489542E-02  2.290558E-06  6.422092E-07  5.433032E-07  1.135852E-04  1.544038E-04  3.601700E-07  2.152635E-07  2.775551E-07  6.295925E-07
 3.251500E+02  6.153062E-01  5.705439E-04  8.337554E-08  1.110619E-07  1.239654E-07  1.498774E-07  1.977025E-01  1.140637E-04  1.766534E-07  1.176266E-01  1.671006E-04  6.166829E-07  4.671742E-08  4.099232E-03  1.886566E-07  7.139999E-07  3.579296E-07  6.414179E-02  2.204497E-06  6.236567E-07  5.272840E-07  1.121428E-04  1.524426E-04  3.431346E-07  2.044073E-07  2.636384E-07  6.029248E-07
 3.261500E+02  6.157174E-01  5.644951E-04  8.088360E-08  1.077679E-07  1.202950E-07  1.454724E-07  1.977401E-01  1.122408E-04  1.672092E-07  1.180010E-01  1.654355E-04  5.893178E-07  4.588522E-08  4.031197E-03  1.799836E-07  6.827541E-07  3.450157E-07  6.339984E-02  2.122056E-06  6.057422E-07  5.118253E-07  1.107244E-04  1.505143E-04  3.269837E-07  1.941570E-07  2.504946E-07  5.775321E-07
 3.271500E+02  6.161219E-01  5.585518E-04  7.848262E-08  1.045935E-07  1.167576E-07  1.412260E-07  1.977768E-01  1.104594E-04  1.583270E-07  1.183697E-01  1.637866E-04  5.632705E-07  4.506894E-08  3.964745E-03  1.717632E-07  6.530719E-07  3.326516E-07  6.266938E-02  2.043071E-06  5.884410E-07  4.969050E-07  1.093297E-04  1.486182E-04  3.116678E-07  1.844760E-07  2.380770E-07  5.533474E-07
 3.281500E+02  6.165198E-01  5.527116E-04  7.616878E-08  1.015336E-07  1.133476E-07  1.371318E-07  1.978127E-01  1.087182E-04  1.499702E-07  1.187326E-01  1.621541E-04  5.384736E-07  4.426836E-08  3.899830E-03  1.639694E-07  6.248664E-07  3.208106E-07  6.195024E-02  1.967383E-06  5.717295E-07  4.825021E-07  1.079583E-04  1.467538E-04  2.971405E-07  1.753298E-07  2.263420E-07  5.303074E-07
 3.291500E+02  6.169114E-01  5.469724E-04  7.393842E-08  9.858345E-08  1.100597E-07  1.331833E-07  1.978477E-01  1.070161E-04  1.421047E-07  1.190899E-01  1.605379E-04  5.148633E-07  4.348322E-08  3.836409E-03  1.565775E-07  5.980557E-07  3.094678E-07  6.124223E-02  1.894844E-06  5.555849E-07  4.685962E-07  1.066097E-04  1.449205E-04  2.833580E-07  1.666864E-07  2.152487E-07  5.083524E-07
 3.301500E+02  6.172966E-01  5.413318E-04  7.178806E-08  9.573845E-08  1.068889E-07  1.293746E-07  1.978820E-01  1.053522E-04  1.346991E-07  1.194417E-01  1.589381E-04  4.923793E-07  4.271328E-08  3.774440E-03  1.495647E-07  5.725629E-07  2.985992E-07  6.054518E-02  1.825310E-06  5.399856E-07  4.551681E-07  1.052835E-04  1.431178E-04  2.702791E-07  1.585156E-07  2.047589E-07  4.874261E-07
 3.311500E+02  6.176756E-01  5.357877E-04  6.971439E-08  9.299428E-08  1.038304E-07  1.256999E-07  1.979155E-01  1.037252E-04  1.277238E-07  1.197881E-01  1.573549E-04  4.709644E-07  4.195831E-08  3.713882E-03  1.429092E-07  5.483158E-07  2.881824E-07  5.985891E-02  1.758647E-06  5.249106E-07  4.421991E-07  1.039794E-04  1.413451E-04  2.578650E-07  1.507893E-07  1.948368E-07  4.674755E-07
 3.321500E+02  6.180486E-01  5.303382E-04  6.771423E-08  9.034682E-08  1.008794E-07  1.221539E-07  1.979483E-01  1.021343E-04  1.211515E-07  1.201291E-01  1.557881E-04  4.505645E-07  4.121804E-08  3.654696E-03  1.365910E-07  5.252466E-07  2.781961E-07  5.918325E-02  1.694725E-06  5.103401E-07  4.296715E-07  1.026969E-04  1.396019E-04  2.460793E-07  1.434811E-07  1.854490E-07  4.484503E-07
 3.331500E+02  6.184155E-01  5.249811E-04  6.578458E-08  8.779210E-08  9.803171E-08  1.187311E-07  1.979803E-01  1.005784E-04  1.149566E-07  1.204648E-01  1.542378E-04  4.311284E-07  4.049225E-08  3.596845E-03  1.305911E-07  5.032915E-07  2.686200E-07  5.851804E-02  1.633421E-06  4.962548E-07  4.175684E-07  1.014356E-04  1.378877E-04  2.348875E-07  1.365664E-07  1.765641E-07  4.303032E-07
 3.341500E+02  6.187766E-01  5.197145E-04  6.392255E-08  8.532637E-08  9.528308E-08  1.154268E-07  1.980116E-01  9.905654E-05  1.091155E-07  1.207954E-01  1.527040E-04  4.126074E-07  3.978068E-08  3.540290E-03  1.248915E-07  4.823903E-07  2.594349E-07  5.786309E-02  1.574618E-06  4.826366E-07  4.058734E-07  1.001953E-04  1.362019E-04  2.242574E-07  1.300222E-07  1.681527E-07  4.129894E-07
 3.351500E+02  6.191319E-01  5.145365E-04  6.212540E-08  8.294604E-08  9.262950E-08  1.122360E-07  1.980422E-01  9.756787E-05  1.036059E-07  1.211208E-01  1.511867E-04  3.949555E-07  3.908309E-08  3.484997E-03  1.194757E-07  4.624866E-07  2.506228E-07  5.721825E-02  1.518204E-06  4.694678E-07  3.945710E-07  9.897546E-05  1.345441E-04  2.141585E-07  1.238266E-07  1.601872E-07  3.964666E-07
 3.361500E+02  6.194816E-01  5.094451E-04  6.039051E-08  8.064766E-08  9.006717E-08  1.091544E-07  1.980722E-01  9.611147E-05  9.840726E-08  1.214413E-01  1.496858E-04  3.781293E-07  3.839923E-08  3.430930E-03  1.143279E-07  4.435273E-07  2.421663E-07  5.658334E-02  1.464075E-06  4.567317E-07  3.836462E-07  9.777577E-05  1.329137E-04  2.045620E-07  1.179596E-07  1.526420E-07  3.806951E-07
 3.371500E+02  6.198256E-01  5.044387E-04  5.871537E-08  7.842797E-08  8.759245E-08  1.061775E-07  1.981014E-01  9.468649E-05  9.350030E-08  1.217568E-01  1.482014E-04  3.620874E-07  3.772887E-08  3.378057E-03  1.094334E-07  4.254623E-07  2.340491E-07  5.595822E-02  1.412128E-06  4.444120E-07  3.730847E-07  9.659587E-05  1.313102E-04  1.954408E-07  1.124020E-07  1.454926E-07  3.656369E-07
 3.381500E+02  6.201642E-01  4.995153E-04  5.709761E-08  7.628384E-08  8.520186E-08  1.033012E-07  1.981301E-01  9.329207E-05  8.886707E-08  1.220674E-01  1.467334E-04  3.467908E-07  3.707176E-08  3.326346E-03  1.047783E-07  4.082444E-07  2.262557E-07  5.534270E-02  1.362267E-06  4.324932E-07  3.628728E-07  9.543539E-05  1.297332E-04  1.867695E-07  1.071361E-07  1.387166E-07  3.512564E-07
 3.391500E+02  6.204974E-01  4.946733E-04  5.553493E-08  7.421228E-08  8.289207E-08  1.005216E-07  1.981581E-01  9.192743E-05  8.449081E-08  1.223733E-01  1.452817E-04  3.322023E-07  3.642766E-08  3.275764E-03  1.003495E-07  3.918291E-07  2.187714E-07  5.473665E-02  1.314400E-06  4.209607E-07  3.529974E-07  9.429398E-05  1.281822E-04  1.785241E-07  1.021450E-07  1.322925E-07  3.375199E-07
 3.401500E+02  6.208254E-01  4.899110E-04  5.402516E-08  7.221043E-08  8.065991E-08  9.783490E-08  1.981856E-01  9.059176E-05  8.035586E-08  1.226745E-01  1.438463E-04  3.182868E-07  3.579633E-08  3.226282E-03  9.613492E-08  3.761748E-07  2.115823E-07  5.413990E-02  1.268441E-06  4.098000E-07  3.434458E-07  9.317131E-05  1.266566E-04  1.706818E-07  9.741327E-08  1.262003E-07  3.243954E-07
 3.411500E+02  6.211481E-01  4.852266E-04  5.256622E-08  7.027557E-08  7.850235E-08  9.523745E-08  1.982124E-01  8.928431E-05  7.644762E-08  1.229711E-01  1.424272E-04  3.050110E-07  3.517755E-08  3.177870E-03  9.212290E-08  3.612418E-07  2.046749E-07  5.355230E-02  1.224305E-06  3.989976E-07  3.342060E-07  9.206703E-05  1.251561E-04  1.632212E-07  9.292603E-08  1.204214E-07  3.118527E-07
 3.421500E+02  6.214658E-01  4.806187E-04  5.115612E-08  6.840509E-08  7.641648E-08  9.272582E-08  1.982387E-01  8.800434E-05  7.275242E-08  1.232632E-01  1.410241E-04  2.923435E-07  3.457106E-08  3.130499E-03  8.830261E-08  3.469930E-07  1.980368E-07  5.297369E-02  1.181913E-06  3.885403E-07  3.252664E-07  9.098081E-05  1.236802E-04  1.561223E-07  8.866948E-08  1.149381E-07  2.998633E-07
 3.431500E+02  6.217784E-01  4.760855E-04  4.979296E-08  6.659649E-08  7.439953E-08  9.029670E-08  1.982644E-01  8.675114E-05  6.925750E-08  1.235508E-01  1.396372E-04  2.802542E-07  3.397664E-08  3.084143E-03  8.466386E-08  3.333932E-07  1.916559E-07  5.240393E-02  1.141190E-06  3.784156E-07  3.166159E-07  8.991232E-05  1.222284E-04  1.493659E-07  8.463066E-08  1.097338E-07  2.884001E-07
 3.441500E+02  6.220861E-01  4.716257E-04  4.847492E-08  6.484740E-08  7.244885E-08  8.794694E-08  1.982896E-01  8.552401E-05  6.595093E-08  1.238340E-01  1.382662E-04  2.687149E-07  3.339407E-08  3.038774E-03  8.119701E-08  3.204094E-07  1.855209E-07  5.184287E-02  1.102063E-06  3.686114E-07  3.082439E-07  8.886124E-05  1.208003E-04  1.429342E-07  8.079738E-08  1.047930E-07  2.774374E-07
 3.451500E+02  6.223890E-01  4.672377E-04  4.720026E-08  6.315553E-08  7.056190E-08  8.567350E-08  1.983143E-01  8.432228E-05  6.282154E-08  1.241128E-01  1.369111E-04  2.576985E-07  3.282311E-08  2.994366E-03  7.789301E-08  3.080102E-07  1.796209E-07  5.129036E-02  1.064464E-06  3.591162E-07  3.001400E-07  8.782725E-05  1.193955E-04  1.368101E-07  7.715818E-08  1.001010E-07  2.669511E-07
 3.461500E+02  6.226871E-01  4.629200E-04  4.596731E-08  6.151870E-08  6.873626E-08  8.347351E-08  1.983384E-01  8.314530E-05  5.985888E-08  1.243875E-01  1.355718E-04  2.471797E-07  3.226353E-08  2.950895E-03  7.474333E-08  2.961662E-07  1.739457E-07  5.074626E-02  1.028327E-06  3.499187E-07  2.922946E-07  8.681005E-05  1.180134E-04  1.309776E-07  7.370231E-08  9.564426E-08  2.569182E-07
 3.471500E+02  6.229806E-01  4.586713E-04  4.477450E-08  5.993481E-08  6.696960E-08  8.134418E-08  1.983620E-01  8.199244E-05  5.705318E-08  1.246579E-01  1.342481E-04  2.371342E-07  3.171513E-08  2.908335E-03  7.173991E-08  2.848494E-07  1.684854E-07  5.021043E-02  9.935888E-07  3.410083E-07  2.846982E-07  8.580932E-05  1.166538E-04  1.254217E-07  7.041964E-08  9.140970E-08  2.473168E-07
 3.481500E+02  6.232695E-01  4.544901E-04  4.362029E-08  5.840188E-08  6.525969E-08  7.928287E-08  1.983852E-01  8.086308E-05  5.439529E-08  1.249243E-01  1.329401E-04  2.275391E-07  3.117767E-08  2.866664E-03  6.887518E-08  2.740336E-07  1.632307E-07  4.968273E-02  9.601903E-07  3.323748E-07  2.773417E-07  8.482476E-05  1.153163E-04  1.201280E-07  6.730066E-08  8.738520E-08  2.381264E-07
 3.491500E+02  6.235539E-01  4.503750E-04  4.250322E-08  5.691799E-08  6.360442E-08  7.728705E-08  1.984078E-01  7.975664E-05  5.187662E-08  1.251866E-01  1.316475E-04  2.183726E-07  3.065095E-08  2.825858E-03  6.614198E-08  2.636938E-07  1.581728E-07  4.916303E-02  9.280744E-07  3.240083E-07  2.702166E-07  8.385609E-05  1.140003E-04  1.150832E-07  6.433641E-08  8.355934E-08  2.293274E-07
 3.501500E+02  6.238339E-01  4.463248E-04  4.142191E-08  5.548131E-08  6.200173E-08  7.535426E-08  1.984301E-01  7.867252E-05  4.948915E-08  1.254450E-01  1.303702E-04  2.096141E-07  3.013474E-08  2.785896E-03  6.353356E-08  2.538064E-07  1.533032E-07  4.865118E-02  8.971868E-07  3.158994E-07  2.633144E-07  8.290301E-05  1.127055E-04  1.102743E-07  6.151849E-08  7.992135E-08  2.209013E-07
 3.511500E+02  6.241096E-01  4.423382E-04  4.037502E-08  5.409008E-08  6.044968E-08  7.348220E-08  1.984518E-01  7.761017E-05  4.722534E-08  1.256995E-01  1.291082E-04  2.012439E-07  2.962885E-08  2.746755E-03  6.104355E-08  2.443494E-07  1.486139E-07  4.814706E-02  8.674756E-07  3.080389E-07  2.566273E-07  8.196523E-05  1.114315E-04  1.056895E-07  5.883895E-08  7.646112E-08  2.128305E-07
 3.521500E+02  6.243810E-01  4.384139E-04  3.936126E-08  5.274262E-08  5.894640E-08  7.166863E-08  1.984731E-01  7.656905E-05  4.507813E-08  1.259501E-01  1.278613E-04  1.932435E-07  2.913305E-08  2.708415E-03  5.866594E-08  2.353015E-07  1.440973E-07  4.765053E-02  8.388913E-07  3.004181E-07  2.501474E-07  8.104248E-05  1.101780E-04  1.013174E-07  5.629035E-08  7.316908E-08  2.050983E-07
 3.531500E+02  6.246482E-01  4.345507E-04  3.837941E-08  5.143732E-08  5.749009E-08  6.991140E-08  1.984940E-01  7.554863E-05  4.304091E-08  1.261970E-01  1.266294E-04  1.855952E-07  2.864715E-08  2.670855E-03  5.639506E-08  2.266430E-07  1.397460E-07  4.716148E-02  8.113866E-07  2.930287E-07  2.438676E-07  8.013449E-05  1.089446E-04  9.714705E-08  5.386565E-08  7.003628E-08  1.976888E-07
 3.541500E+02  6.249113E-01  4.307473E-04  3.742831E-08  5.017264E-08  5.607904E-08  6.820846E-08  1.985145E-01  7.454839E-05  4.110744E-08  1.264402E-01  1.254123E-04  1.782823E-07  2.817095E-08  2.634056E-03  5.422554E-08  2.183549E-07  1.355531E-07  4.667976E-02  7.849165E-07  2.858626E-07  2.377806E-07  7.924098E-05  1.077308E-04  9.316844E-08  5.155824E-08  6.705423E-08  1.905872E-07
 3.551500E+02  6.251703E-01  4.270026E-04  3.650681E-08  4.894709E-08  5.471160E-08  6.655786E-08  1.985346E-01  7.356785E-05  3.927191E-08  1.266797E-01  1.242099E-04  1.712888E-07  2.770425E-08  2.597999E-03  5.215231E-08  2.104194E-07  1.315120E-07  4.620526E-02  7.594378E-07  2.789120E-07  2.318797E-07  7.836169E-05  1.065364E-04  8.937190E-08  4.936188E-08  6.421496E-08  1.837791E-07
 3.561500E+02  6.254254E-01  4.233155E-04  3.561384E-08  4.775927E-08  5.338619E-08  6.495771E-08  1.985542E-01  7.260651E-05  3.752884E-08  1.269156E-01  1.230221E-04  1.645997E-07  2.724686E-08  2.562666E-03  5.017060E-08  2.028196E-07  1.276163E-07  4.573786E-02  7.349095E-07  2.721694E-07  2.261584E-07  7.749635E-05  1.053609E-04  8.574833E-08  4.727070E-08  6.151095E-08  1.772510E-07
 3.571500E+02  6.256766E-01  4.196848E-04  3.474837E-08  4.660780E-08  5.210130E-08  6.340619E-08  1.985735E-01  7.166391E-05  3.587309E-08  1.271480E-01  1.218488E-04  1.582006E-07  2.679858E-08  2.528037E-03  4.827587E-08  1.955396E-07  1.238601E-07  4.527743E-02  7.112922E-07  2.656277E-07  2.206103E-07  7.664472E-05  1.042041E-04  8.228911E-08  4.527916E-08  5.893511E-08  1.709900E-07
 3.581500E+02  6.259240E-01  4.161095E-04  3.390941E-08  4.549139E-08  5.085548E-08  6.190157E-08  1.985924E-01  7.073958E-05  3.429981E-08  1.273770E-01  1.206898E-04  1.520778E-07  2.635923E-08  2.494096E-03  4.646384E-08  1.885642E-07  1.202377E-07  4.482385E-02  6.885484E-07  2.592801E-07  2.152295E-07  7.580655E-05  1.030656E-04  7.898610E-08  4.338203E-08  5.648076E-08  1.649840E-07
 3.591500E+02  6.261676E-01  4.125884E-04  3.309600E-08  4.440878E-08  4.964732E-08  6.044219E-08  1.986109E-01  6.983310E-05  3.280449E-08  1.276026E-01  1.195449E-04  1.462184E-07  2.592861E-08  2.460826E-03  4.473047E-08  1.818790E-07  1.167434E-07  4.437702E-02  6.666422E-07  2.531198E-07  2.100101E-07  7.498159E-05  1.019451E-04  7.583157E-08  4.157439E-08  5.414158E-08  1.592214E-07
 3.601500E+02  6.264075E-01  4.091206E-04  3.230724E-08  4.335877E-08  4.847550E-08  5.902646E-08  1.986291E-01  6.894402E-05  3.138283E-08  1.278248E-01  1.184141E-04  1.406102E-07  2.550656E-08  2.428211E-03  4.307192E-08  1.754704E-07  1.133722E-07  4.393681E-02  6.455395E-07  2.471405E-07  2.049466E-07  7.416959E-05  1.008421E-04  7.281823E-08  3.985159E-08  5.191162E-08  1.536911E-07
 3.611500E+02  6.266437E-01  4.057050E-04  3.154224E-08  4.234021E-08  4.733873E-08  5.765282E-08  1.986469E-01  6.807193E-05  3.003084E-08  1.280437E-01  1.172971E-04  1.352414E-07  2.509289E-08  2.396234E-03  4.148458E-08  1.693255E-07  1.101191E-07  4.350311E-02  6.252075E-07  2.413360E-07  2.000336E-07  7.337033E-05  9.975651E-05  6.993914E-08  3.820924E-08  4.978526E-08  1.483827E-07
 3.621500E+02  6.268765E-01  4.023406E-04  3.080017E-08  4.135199E-08  4.623578E-08  5.631983E-08  1.986644E-01  6.721643E-05  2.874474E-08  1.282594E-01  1.161939E-04  1.301009E-07  2.468743E-08  2.364879E-03  3.996501E-08  1.634320E-07  1.069792E-07  4.307582E-02  6.056148E-07  2.357006E-07  1.952659E-07  7.258357E-05  9.868788E-05  6.718777E-08  3.664321E-08  4.775719E-08  1.432862E-07
 3.631500E+02  6.271057E-01  3.990264E-04  3.008021E-08  4.039305E-08  4.516547E-08  5.502605E-08  1.986815E-01  6.637712E-05  2.752098E-08  1.284720E-01  1.151043E-04  1.251782E-07  2.429000E-08  2.334133E-03  3.850996E-08  1.577784E-07  1.039480E-07  4.265482E-02  5.867316E-07  2.302284E-07  1.906386E-07  7.180908E-05  9.763594E-05  6.455790E-08  3.514958E-08  4.582240E-08  1.383922E-07
 3.641500E+02  6.273314E-01  3.957615E-04  2.938161E-08  3.946238E-08  4.412666E-08  5.377014E-08  1.986983E-01  6.555361E-05  2.635620E-08  1.286814E-01  1.140281E-04  1.204633E-07  2.390044E-08  2.303979E-03  3.711636E-08  1.523537E-07  1.010212E-07  4.224001E-02  5.685293E-07  2.249140E-07  1.861470E-07  7.104664E-05  9.660037E-05  6.204364E-08  3.372468E-08  4.397617E-08  1.336916E-07
 3.651500E+02  6.275538E-01  3.925450E-04  2.870360E-08  3.855898E-08  4.311826E-08  5.255078E-08  1.987148E-01  6.474554E-05  2.524727E-08  1.288877E-01  1.129653E-04  1.159465E-07  2.351859E-08  2.274405E-03  3.578128E-08  1.471472E-07  9.819473E-08  4.183128E-02  5.509806E-07  2.197522E-07  1.817864E-07  7.029603E-05  9.558088E-05  5.963943E-08  3.236500E-08  4.221401E-08  1.291760E-07
 3.661500E+02  6.277729E-01  3.893759E-04  2.804548E-08  3.768192E-08  4.213922E-08  5.136672E-08  1.987310E-01  6.395254E-05  2.419122E-08  1.290910E-01  1.119156E-04  1.116189E-07  2.314427E-08  2.245395E-03  3.450196E-08  1.421492E-07  9.546451E-08  4.142853E-02  5.340592E-07  2.147378E-07  1.775524E-07  6.955704E-05  9.457718E-05  5.733997E-08  3.106725E-08  4.053170E-08  1.248371E-07
 3.671500E+02  6.279887E-01  3.862534E-04  2.740656E-08  3.683030E-08  4.118854E-08  5.021677E-08  1.987469E-01  6.317425E-05  2.318526E-08  1.292914E-01  1.108789E-04  1.074717E-07  2.277733E-08  2.216937E-03  3.327580E-08  1.373502E-07  9.282678E-08  4.103165E-02  5.177402E-07  2.098660E-07  1.734407E-07  6.882946E-05  9.358898E-05  5.514026E-08  2.982832E-08  3.892524E-08  1.206672E-07
 3.681500E+02  6.282013E-01  3.831766E-04  2.678618E-08  3.600324E-08  4.026524E-08  4.909976E-08  1.987625E-01  6.241034E-05  2.222675E-08  1.294888E-01  1.098551E-04  1.034969E-07  2.241762E-08  2.189018E-03  3.210029E-08  1.327413E-07  9.027794E-08  4.064056E-02  5.019998E-07  2.051322E-07  1.694473E-07  6.811307E-05  9.261600E-05  5.303554E-08  2.864527E-08  3.739086E-08  1.166589E-07
 3.691500E+02  6.284108E-01  3.801447E-04  2.618371E-08  3.519992E-08  3.936841E-08  4.801457E-08  1.987777E-01  6.166048E-05  2.131321E-08  1.296834E-01  1.088440E-04  9.968655E-08  2.206498E-08  2.161624E-03  3.097309E-08  1.283138E-07  8.781452E-08  4.025514E-02  4.868149E-07  2.005317E-07  1.655683E-07  6.740769E-05  9.165796E-05  5.102131E-08  2.751532E-08  3.592498E-08  1.128052E-07
 3.701500E+02  6.286171E-01  3.771568E-04  2.559853E-08  3.441952E-08  3.849714E-08  4.696015E-08  1.987927E-01  6.092433E-05  2.044230E-08  1.298751E-01  1.078454E-04  9.603326E-08  2.171926E-08  2.134744E-03  2.989196E-08  1.240598E-07  8.543322E-08  3.987531E-02  4.721636E-07  1.960602E-07  1.617998E-07  6.671310E-05  9.071460E-05  4.909329E-08  2.643582E-08  3.452422E-08  1.090995E-07
 3.711500E+02  6.288205E-01  3.742120E-04  2.503007E-08  3.366128E-08  3.765057E-08  4.593545E-08  1.988075E-01  6.020159E-05  1.961183E-08  1.300641E-01  1.068593E-04  9.252996E-08  2.138031E-08  2.108365E-03  2.885478E-08  1.199715E-07  8.313088E-08  3.950097E-02  4.580252E-07  1.917136E-07  1.581382E-07  6.602911E-05  8.978565E-05  4.724742E-08  2.540429E-08  3.318538E-08  1.055353E-07
 3.721500E+02  6.290208E-01  3.713097E-04  2.447776E-08  3.292446E-08  3.682788E-08  4.493949E-08  1.988219E-01  5.949194E-05  1.881969E-08  1.302504E-01  1.058855E-04  8.916993E-08  2.104800E-08  2.082476E-03  2.785954E-08  1.160416E-07  8.090445E-08  3.913202E-02  4.443793E-07  1.874877E-07  1.545800E-07  6.535554E-05  8.887084E-05  4.547985E-08  2.441838E-08  3.190544E-08  1.021065E-07
 3.731500E+02  6.292182E-01  3.684491E-04  2.394106E-08  3.220833E-08  3.602828E-08  4.397132E-08  1.988361E-01  5.879510E-05  1.806394E-08  1.304340E-01  1.049238E-04  8.594676E-08  2.072217E-08  2.057066E-03  2.690432E-08  1.122633E-07  7.875106E-08  3.876839E-02  4.312070E-07  1.833787E-07  1.511218E-07  6.469219E-05  8.796992E-05  4.378693E-08  2.347584E-08  3.068151E-08  9.880743E-08
