#         T/K            c1          c2-1          c3-4          c3-5          c3-7          c3-9            m1          m2-1          m3-1            w1            w2          w3-1          w3-2          c1m1        c1m2-1        c1m2-7        c2m1-1        c1w1-2        c1w2-1        c2w1-1        c2w1-9        m1w1-1        m1w1-4        m1w2-1        m2w1-1        m2w1-3      c1m1w1-1
 2.731500E+02  4.667247E-01  7.753716E-04  3.410484E-07  4.476343E-07  4.980287E-07  5.938373E-07  4.851690E-02  2.129433E-05  1.008775E-07  2.166789E-01  1.732934E-03  1.409653E-04  1.977894E-06  2.548370E-03  2.126076E-07  6.976330E-07  6.827384E-07  2.623494E-01  1.153209E-04  6.688203E-06  5.872950E-06  1.527646E-04  2.079538E-04  1.040366E-05  8.434621E-07  1.068256E-06  4.751628E-06
 2.741500E+02  4.684592E-01  7.658467E-04  3.275914E-07  4.301172E-07  4.785753E-07  5.708215E-07  4.855012E-02  2.077980E-05  9.301118E-08  2.184038E-01  1.716558E-03  1.330496E-04  1.939375E-06  2.489785E-03  1.986004E-07  6.537817E-07  6.484201E-07  2.589628E-01  1.098019E-04  6.440892E-06  5.650906E-06  1.502674E-04  2.045415E-04  9.748288E-06  7.841370E-07  9.935155E-07  4.478657E-06
 2.751500E+02  4.701712E-01  7.564865E-04  3.147513E-07  4.133974E-07  4.600059E-07  5.488445E-07  4.858237E-02  2.028140E-05  8.581042E-08  2.201068E-01  1.700146E-03  1.255973E-04  1.901395E-06  2.432935E-03  1.856096E-07  6.129816E-07  6.160560E-07  2.556188E-01  1.045656E-04  6.203838E-06  5.438266E-06  1.478157E-04  2.011918E-04  9.136936E-06  7.293141E-07  9.244199E-07  4.222816E-06
 2.761500E+02  4.718609E-01  7.472872E-04  3.024961E-07  3.974340E-07  4.422751E-07  5.278535E-07  4.861368E-02  1.979854E-05  7.921487E-08  2.217879E-01  1.683710E-03  1.185810E-04  1.863965E-06  2.377761E-03  1.735551E-07  5.750020E-07  5.855231E-07  2.523172E-01  9.959673E-05  5.976579E-06  5.234597E-06  1.454087E-04  1.979039E-04  8.566498E-06  6.786295E-07  8.605150E-07  3.982952E-06
 2.771500E+02  4.735283E-01  7.382455E-04  2.907959E-07  3.821882E-07  4.253403E-07  5.077985E-07  4.864409E-02  1.933067E-05  7.316999E-08  2.234471E-01  1.667263E-03  1.119743E-04  1.827093E-06  2.324205E-03  1.623639E-07  5.396307E-07  5.567069E-07  2.490582E-01  9.488114E-05  5.758677E-06  5.039490E-06  1.430458E-04  1.946769E-04  8.034094E-06  6.317502E-07  8.013851E-07  3.757992E-06
 2.781500E+02  4.751735E-01  7.293580E-04  2.796223E-07  3.676238E-07  4.091610E-07  4.886323E-07  4.867363E-02  1.887723E-05  6.762647E-08  2.250844E-01  1.650814E-03  1.057530E-04  1.790787E-06  2.272210E-03  1.519689E-07  5.066728E-07  5.295005E-07  2.458414E-01  9.040529E-05  5.549714E-06  4.852553E-06  1.407266E-04  1.915098E-04  7.537056E-06  5.883716E-07  7.466495E-07  3.546941E-06
 2.791500E+02  4.767966E-01  7.206214E-04  2.689486E-07  3.537063E-07  3.936992E-07  4.703105E-07  4.870233E-02  1.843772E-05  6.253969E-08  2.267001E-01  1.634375E-03  9.989392E-05  1.755052E-06  2.221723E-03  1.423086E-07  4.759490E-07  5.038044E-07  2.426668E-01  8.615641E-05  5.349290E-06  4.673414E-06  1.384502E-04  1.884019E-04  7.072908E-06  5.482147E-07  6.959597E-07  3.348874E-06
 2.801500E+02  4.783976E-01  7.120325E-04  2.587496E-07  3.404033E-07  3.789191E-07  4.527910E-07  4.873021E-02  1.801163E-05  5.786925E-08  2.282942E-01  1.617956E-03  9.437543E-05  1.719893E-06  2.172693E-03  1.333267E-07  4.472944E-07  4.795258E-07  2.395343E-01  8.212242E-05  5.157028E-06  4.501722E-06  1.362161E-04  1.853521E-04  6.639357E-06  5.110241E-07  6.489963E-07  3.162932E-06
 2.811500E+02  4.799769E-01  7.035883E-04  2.490014E-07  3.276842E-07  3.647866E-07  4.360342E-07  4.875731E-02  1.759848E-05  5.357853E-08  2.298667E-01  1.601565E-03  8.917719E-05  1.685314E-06  2.125070E-03  1.249714E-07  4.205569E-07  4.565780E-07  2.364437E-01  7.829192E-05  4.972565E-06  4.337138E-06  1.340237E-04  1.823597E-04  6.234275E-06  4.765658E-07  6.054667E-07  2.988314E-06
 2.821500E+02  4.815343E-01  6.952858E-04  2.396816E-07  3.155201E-07  3.512699E-07  4.200026E-07  4.878365E-02  1.719782E-05  4.963437E-08  2.314179E-01  1.585212E-03  8.428007E-05  1.651317E-06  2.078807E-03  1.171952E-07  3.955967E-07  4.348802E-07  2.333947E-01  7.465412E-05  4.795558E-06  4.179342E-06  1.318722E-04  1.794236E-04  5.855688E-06  4.446253E-07  5.651024E-07  2.824279E-06
 2.831500E+02  4.830702E-01  6.871222E-04  2.307690E-07  3.038837E-07  3.383385E-07  4.046607E-07  4.880925E-02  1.680920E-05  4.600666E-08  2.329478E-01  1.568906E-03  7.966609E-05  1.617904E-06  2.033857E-03  1.099544E-07  3.722850E-07  4.143570E-07  2.303872E-01  7.119882E-05  4.625679E-06  4.028031E-06  1.297610E-04  1.765429E-04  5.501767E-06  4.150057E-07  5.276572E-07  2.670135E-06
 2.841500E+02  4.845847E-01  6.790946E-04  2.222435E-07  2.927490E-07  3.259639E-07  3.899750E-07  4.883415E-02  1.643220E-05  4.266810E-08  2.344566E-01  1.552653E-03  7.531835E-05  1.585076E-06  1.990178E-03  1.032091E-07  3.505029E-07  3.949378E-07  2.274209E-01  6.791638E-05  4.462614E-06  3.882913E-06  1.276896E-04  1.737168E-04  5.170812E-06  3.875268E-07  4.929052E-07  2.525238E-06
 2.851500E+02  4.860778E-01  6.712003E-04  2.140860E-07  2.820918E-07  3.141191E-07  3.759138E-07  4.885836E-02  1.606640E-05  3.959388E-08  2.359445E-01  1.536463E-03  7.122098E-05  1.552831E-06  1.947725E-03  9.692225E-08  3.301407E-07  3.765567E-07  2.244956E-01  6.479768E-05  4.306066E-06  3.743712E-06  1.256571E-04  1.709443E-04  4.861247E-06  3.620229E-07  4.606391E-07  2.388990E-06
 2.861500E+02  4.875498E-01  6.634367E-04  2.062788E-07  2.718889E-07  3.027783E-07  3.624471E-07  4.888190E-02  1.571142E-05  3.676147E-08  2.374115E-01  1.520342E-03  6.735906E-05  1.521170E-06  1.906459E-03  9.105997E-08  3.110974E-07  3.591520E-07  2.216110E-01  6.183409E-05  4.155751E-06  3.610165E-06  1.236630E-04  1.682245E-04  4.571609E-06  3.383421E-07  4.306683E-07  2.260834E-06
 2.871500E+02  4.890008E-01  6.558011E-04  1.988048E-07  2.621183E-07  2.919175E-07  3.495465E-07  4.890480E-02  1.536689E-05  3.415038E-08  2.388578E-01  1.504297E-03  6.371858E-05  1.490090E-06  1.866341E-03  8.559103E-08  2.932795E-07  3.426663E-07  2.187667E-01  5.901748E-05  4.011398E-06  3.482022E-06  1.217066E-04  1.655565E-04  4.300539E-06  3.163446E-07  4.028179E-07  2.140250E-06
 2.881500E+02  4.904311E-01  6.482910E-04  1.916480E-07  2.527595E-07  2.815136E-07  3.371851E-07  4.892709E-02  1.503242E-05  3.174197E-08  2.402837E-01  1.488333E-03  6.028638E-05  1.459589E-06  1.827332E-03  8.048667E-08  2.766009E-07  3.270456E-07  2.159626E-01  5.634013E-05  3.872748E-06  3.359043E-06  1.197873E-04  1.629393E-04  4.046774E-06  2.959023E-07  3.769269E-07  2.026754E-06
 2.891500E+02  4.918407E-01  6.409041E-04  1.847932E-07  2.437929E-07  2.715449E-07  3.253374E-07  4.894877E-02  1.470769E-05  2.951929E-08  2.416892E-01  1.472458E-03  5.705008E-05  1.429664E-06  1.789396E-03  7.572040E-08  2.609817E-07  3.122395E-07  2.131982E-01  5.379475E-05  3.739556E-06  3.241001E-06  1.179044E-04  1.603721E-04  3.809145E-06  2.768972E-07  3.528475E-07  1.919897E-06
 2.901500E+02  4.932300E-01  6.336379E-04  1.782260E-07  2.351998E-07  2.619909E-07  3.139793E-07  4.896987E-02  1.439234E-05  2.746688E-08  2.430746E-01  1.456676E-03  5.399806E-05  1.400311E-06  1.752499E-03  7.126779E-08  2.463483E-07  2.982006E-07  2.104733E-01  5.137445E-05  3.611585E-06  3.127680E-06  1.160572E-04  1.578540E-04  3.586560E-06  2.592209E-07  3.304436E-07  1.819258E-06
 2.911500E+02  4.945990E-01  6.264900E-04  1.719328E-07  2.269627E-07  2.528321E-07  3.030880E-07  4.899041E-02  1.408607E-05  2.557067E-08  2.444401E-01  1.440994E-03  5.111940E-05  1.371525E-06  1.716606E-03  6.710632E-08  2.326326E-07  2.848849E-07  2.077875E-01  4.907272E-05  3.488613E-06  3.018873E-06  1.142452E-04  1.553840E-04  3.378010E-06  2.427737E-07  3.095900E-07  1.724446E-06
 2.921500E+02  4.959479E-01  6.194583E-04  1.659006E-07  2.190649E-07  2.440500E-07  2.926417E-07  4.901040E-02  1.378855E-05  2.381782E-08  2.457857E-01  1.425414E-03  4.840385E-05  1.343303E-06  1.681685E-03  6.321522E-08  2.197716E-07  2.722508E-07  2.051404E-01  4.688338E-05  3.370426E-06  2.914382E-06  1.124676E-04  1.529613E-04  3.182553E-06  2.274638E-07  2.901715E-07  1.635094E-06
 2.931500E+02  4.972771E-01  6.125405E-04  1.601173E-07  2.114906E-07  2.356271E-07  2.826198E-07  4.902987E-02  1.349950E-05  2.219664E-08  2.471118E-01  1.409943E-03  4.584176E-05  1.315638E-06  1.647705E-03  5.957529E-08  2.077067E-07  2.602594E-07  2.025317E-01  4.480061E-05  3.256818E-06  2.814021E-06  1.107239E-04  1.505850E-04  2.999316E-06  2.132066E-07  2.720819E-07  1.550863E-06
 2.941500E+02  4.985867E-01  6.057344E-04  1.545711E-07  2.042249E-07  2.275467E-07  2.730029E-07  4.904882E-02  1.321862E-05  2.069643E-08  2.484185E-01  1.394585E-03  4.342409E-05  1.288526E-06  1.614636E-03  5.616882E-08  1.963840E-07  2.488744E-07  1.999610E-01  4.281888E-05  3.147597E-06  2.717609E-06  1.090135E-04  1.482542E-04  2.827485E-06  1.999245E-07  2.552234E-07  1.471433E-06
 2.951500E+02  4.998768E-01  5.990379E-04  1.492513E-07  1.972535E-07  2.197932E-07  2.637723E-07  4.906728E-02  1.294564E-05  1.930743E-08  2.497061E-01  1.379342E-03  4.114233E-05  1.261959E-06  1.582449E-03  5.297945E-08  1.857534E-07  2.380616E-07  1.974280E-01  4.093299E-05  3.042574E-06  2.624977E-06  1.073356E-04  1.459681E-04  2.666305E-06  1.875456E-07  2.395059E-07  1.396509E-06
 2.961500E+02  5.011477E-01  5.924490E-04  1.441472E-07  1.905629E-07  2.123515E-07  2.549107E-07  4.908526E-02  1.268030E-05  1.802074E-08  2.509746E-01  1.364219E-03  3.898849E-05  1.235933E-06  1.551115E-03  4.999205E-08  1.757684E-07  2.277890E-07  1.949322E-01  3.913798E-05  2.941575E-06  2.535962E-06  1.056897E-04  1.437258E-04  2.515072E-06  1.760039E-07  2.248463E-07  1.325812E-06
 2.971500E+02  5.023997E-01  5.859657E-04  1.392490E-07  1.841403E-07  2.052074E-07  2.464011E-07  4.910278E-02  1.242233E-05  1.682820E-08  2.522244E-01  1.349220E-03  3.695507E-05  1.210440E-06  1.520607E-03  4.719261E-08  1.663859E-07  2.180263E-07  1.924732E-01  3.742920E-05  2.844428E-06  2.450409E-06  1.040752E-04  1.415265E-04  2.373133E-06  1.652384E-07  2.111678E-07  1.259085E-06
 2.981500E+02  5.036329E-01  5.795859E-04  1.345474E-07  1.779736E-07  1.983476E-07  2.382279E-07  4.911985E-02  1.217149E-05  1.572235E-08  2.534556E-01  1.334347E-03  3.503499E-05  1.185473E-06  1.490901E-03  4.456821E-08  1.575661E-07  2.087455E-07  1.900507E-01  3.580222E-05  2.750972E-06  2.368169E-06  1.024915E-04  1.393694E-04  2.239877E-06  1.551929E-07  1.983997E-07  1.196083E-06
 2.991500E+02  5.048476E-01  5.733079E-04  1.300333E-07  1.720513E-07  1.917591E-07  2.303759E-07  4.913648E-02  1.192755E-05  1.469637E-08  2.546685E-01  1.319602E-03  3.322165E-05  1.161026E-06  1.461970E-03  4.210685E-08  1.492718E-07  1.999198E-07  1.876642E-01  3.425285E-05  2.661053E-06  2.289102E-06  1.009380E-04  1.372536E-04  2.114739E-06  1.458156E-07  1.864767E-07  1.136583E-06
 3.001500E+02  5.060440E-01  5.671296E-04  1.256983E-07  1.663623E-07  1.854298E-07  2.228308E-07  4.915269E-02  1.169028E-05  1.374402E-08  2.558632E-01  1.304989E-03  3.150881E-05  1.137090E-06  1.433791E-03  3.979745E-08  1.414685E-07  1.915245E-07  1.853133E-01  3.277714E-05  2.574523E-06  2.213071E-06  9.941414E-05  1.351782E-04  1.997190E-06  1.370584E-07  1.753386E-07  1.080371E-06
 3.011500E+02  5.072222E-01  5.610492E-04  1.215344E-07  1.608962E-07  1.793482E-07  2.155791E-07  4.916848E-02  1.145946E-05  1.285956E-08  2.570400E-01  1.290510E-03  2.989062E-05  1.113659E-06  1.406339E-03  3.762971E-08  1.341243E-07  1.835360E-07  1.829976E-01  3.137134E-05  2.491241E-06  2.139950E-06  9.791929E-05  1.331427E-04  1.886738E-06  1.288773E-07  1.649295E-07  1.027250E-06
 3.021500E+02  5.083826E-01  5.550650E-04  1.175339E-07  1.556432E-07  1.735033E-07  2.086077E-07  4.918389E-02  1.123488E-05  1.203775E-08  2.581991E-01  1.276167E-03  2.836157E-05  1.090725E-06  1.379594E-03  3.559411E-08  1.272095E-07  1.759323E-07  1.807167E-01  3.003191E-05  2.411074E-06  2.069615E-06  9.645290E-05  1.311460E-04  1.782925E-06  1.212312E-07  1.551979E-07  9.770351E-07
 3.031500E+02  5.095254E-01  5.491752E-04  1.136896E-07  1.505938E-07  1.678846E-07  2.019044E-07  4.919890E-02  1.101633E-05  1.127378E-08  2.593407E-01  1.261961E-03  2.691650E-05  1.068280E-06  1.353532E-03  3.368182E-08  1.206964E-07  1.686927E-07  1.784702E-01  2.875548E-05  2.333891E-06  2.001948E-06  9.501441E-05  1.291875E-04  1.685325E-06  1.140825E-07  1.460963E-07  9.295532E-07
 3.041500E+02  5.106507E-01  5.433780E-04  1.099944E-07  1.457391E-07  1.624822E-07  1.954575E-07  4.921354E-02  1.080362E-05  1.056324E-08  2.604651E-01  1.247895E-03  2.555054E-05  1.046316E-06  1.328134E-03  3.188464E-08  1.145593E-07  1.617977E-07  1.762576E-01  2.753887E-05  2.259571E-06  1.936839E-06  9.360329E-05  1.272665E-04  1.593539E-06  1.073963E-07  1.375806E-07  8.846421E-07
 3.051500E+02  5.117589E-01  5.376719E-04  1.064420E-07  1.410705E-07  1.572866E-07  1.892559E-07  4.922782E-02  1.059656E-05  9.902057E-09  2.615724E-01  1.233969E-03  2.425914E-05  1.024825E-06  1.303379E-03  3.019496E-08  1.087742E-07  1.552288E-07  1.740784E-01  2.637908E-05  2.187996E-06  1.874179E-06  9.221897E-05  1.253821E-04  1.507197E-06  1.011401E-07  1.296100E-07  8.421500E-07
 3.061500E+02  5.128501E-01  5.320550E-04  1.030260E-07  1.365800E-07  1.522889E-07  1.832888E-07  4.924175E-02  1.039497E-05  9.286521E-09  2.626629E-01  1.220186E-03  2.303799E-05  1.003800E-06  1.279246E-03  2.860572E-08  1.033190E-07  1.489689E-07  1.719324E-01  2.527325E-05  2.119053E-06  1.813868E-06  9.086094E-05  1.235336E-04  1.425952E-06  9.528408E-08  1.221467E-07  8.019348E-07
 3.071500E+02  5.139246E-01  5.265259E-04  9.974043E-08  1.322599E-07  1.474804E-07  1.775464E-07  4.925534E-02  1.019868E-05  8.713206E-09  2.637368E-01  1.206545E-03  2.188306E-05  9.832308E-07  1.255719E-03  2.711037E-08  9.817279E-08  1.430017E-07  1.698190E-01  2.421868E-05  2.052636E-06  1.755808E-06  8.952866E-05  1.217202E-04  1.349483E-06  8.980061E-08  1.151560E-07  7.638634E-07
 3.081500E+02  5.149825E-01  5.210829E-04  9.657969E-08  1.281027E-07  1.428532E-07  1.720189E-07  4.926859E-02  1.000752E-05  8.178966E-09  2.647944E-01  1.193049E-03  2.079055E-05  9.631110E-07  1.232778E-03  2.570280E-08  9.331631E-08  1.373117E-07  1.677378E-01  2.321282E-05  1.988642E-06  1.699905E-06  8.822162E-05  1.199414E-04  1.277488E-06  8.466403E-08  1.086054E-07  7.278109E-07
 3.091500E+02  5.160242E-01  5.157245E-04  9.353838E-08  1.241015E-07  1.383993E-07  1.666971E-07  4.928153E-02  9.821314E-06  7.680905E-09  2.658357E-01  1.179697E-03  1.975689E-05  9.434318E-07  1.210405E-03  2.437735E-08  8.873155E-08  1.318846E-07  1.656884E-01  2.225324E-05  1.926972E-06  1.646071E-06  8.693930E-05  1.181964E-04  1.209686E-06  7.985060E-08  1.024648E-07  6.936605E-07
 3.101500E+02  5.170498E-01  5.104491E-04  9.061136E-08  1.202497E-07  1.341114E-07  1.615725E-07  4.929415E-02  9.639920E-06  7.216360E-09  2.668612E-01  1.166491E-03  1.877873E-05  9.241853E-07  1.188585E-03  2.312874E-08  8.440171E-08  1.267068E-07  1.636703E-01  2.133764E-05  1.867533E-06  1.594220E-06  8.568121E-05  1.164844E-04  1.145814E-06  7.533830E-08  9.670657E-08  6.613023E-07
 3.111500E+02  5.180597E-01  5.052554E-04  8.779377E-08  1.165409E-07  1.299824E-07  1.566366E-07  4.930647E-02  9.463184E-06  6.782877E-09  2.678709E-01  1.153430E-03  1.785291E-05  9.053631E-07  1.167300E-03  2.195208E-08  8.031112E-08  1.217653E-07  1.616831E-01  2.046386E-05  1.810236E-06  1.544272E-06  8.444686E-05  1.148048E-04  1.085630E-06  7.110673E-08  9.130483E-08  6.306336E-07
 3.121500E+02  5.190539E-01  5.001417E-04  8.508094E-08  1.129691E-07  1.260058E-07  1.518816E-07  4.931849E-02  9.290960E-06  6.378197E-09  2.688651E-01  1.140516E-03  1.697645E-05  8.869573E-07  1.146535E-03  2.084280E-08  7.644517E-08  1.170481E-07  1.597265E-01  1.962982E-05  1.754994E-06  1.496149E-06  8.323576E-05  1.131571E-04  1.028902E-06  6.713698E-08  8.623569E-08  6.015579E-07
 3.131500E+02  5.200327E-01  4.951067E-04  8.246844E-08  1.095285E-07  1.221749E-07  1.472998E-07  4.933023E-02  9.123108E-06  6.000235E-09  2.698440E-01  1.127747E-03  1.614657E-05  8.689597E-07  1.126274E-03  1.979666E-08  7.279021E-08  1.125437E-07  1.577998E-01  1.883358E-05  1.701725E-06  1.449777E-06  8.204745E-05  1.115404E-04  9.754187E-07  6.341148E-08  8.147692E-08  5.739845E-07
 3.141500E+02  5.209964E-01  4.901490E-04  7.995205E-08  1.062136E-07  1.184839E-07  1.428842E-07  4.934169E-02  8.959492E-06  5.647070E-09  2.708079E-01  1.115125E-03  1.536064E-05  8.513622E-07  1.106503E-03  1.880968E-08  6.933350E-08  1.082414E-07  1.559028E-01  1.807328E-05  1.650351E-06  1.405085E-06  8.088145E-05  1.099541E-04  9.249796E-07  5.991394E-08  7.700792E-08  5.478286E-07
 3.151500E+02  5.219452E-01  4.852673E-04  7.752774E-08  1.030191E-07  1.149268E-07  1.386278E-07  4.935288E-02  8.799983E-06  5.316931E-09  2.717570E-01  1.102650E-03  1.461618E-05  8.341569E-07  1.087208E-03  1.787819E-08  6.606314E-08  1.041309E-07  1.540350E-01  1.734717E-05  1.600797E-06  1.362005E-06  7.973731E-05  1.083977E-04  8.773983E-07  5.662923E-08  7.280954E-08  5.230101E-07
 3.161500E+02  5.228792E-01  4.804601E-04  7.519167E-08  9.994018E-08  1.114981E-07  1.345241E-07  4.936381E-02  8.644454E-06  5.008181E-09  2.726914E-01  1.090321E-03  1.391087E-05  8.173358E-07  1.068374E-03  1.699873E-08  6.296798E-08  1.002026E-07  1.521960E-01  1.665358E-05  1.552991E-06  1.320472E-06  7.861458E-05  1.068705E-04  8.325004E-07  5.354329E-08  6.886398E-08  4.994543E-07
 3.171500E+02  5.237988E-01  4.757261E-04  7.294018E-08  9.697197E-08  1.081925E-07  1.305668E-07  4.937448E-02  8.492785E-06  4.719310E-09  2.736114E-01  1.078137E-03  1.324251E-05  8.008910E-07  1.049988E-03  1.616812E-08  6.003765E-08  9.644746E-08  1.503853E-01  1.599093E-05  1.506864E-06  1.280424E-06  7.751283E-05  1.053720E-04  7.901229E-07  5.064307E-08  6.515471E-08  4.770906E-07
 3.181500E+02  5.247041E-01  4.710641E-04  7.076978E-08  9.410994E-08  1.050050E-07  1.267499E-07  4.938491E-02  8.344858E-06  4.448921E-09  2.745173E-01  1.066099E-03  1.260904E-05  7.848148E-07  1.032038E-03  1.538334E-08  5.726240E-08  9.285683E-08  1.486025E-01  1.535773E-05  1.462350E-06  1.241802E-06  7.643162E-05  1.039014E-04  7.501133E-07  4.791642E-08  6.166636E-08  4.558528E-07
 3.191500E+02  5.255954E-01  4.664728E-04  6.867713E-08  9.134975E-08  1.019308E-07  1.230678E-07  4.939510E-02  8.200560E-06  4.195724E-09  2.754091E-01  1.054207E-03  1.200853E-05  7.690995E-07  1.014511E-03  1.464162E-08  5.463313E-08  8.942262E-08  1.468473E-01  1.475256E-05  1.419386E-06  1.204550E-06  7.537053E-05  1.024583E-04  7.123287E-07  4.535207E-08  5.838462E-08  4.356787E-07
 3.201500E+02  5.264728E-01  4.619510E-04  6.665906E-08  8.868727E-08  9.896524E-08  1.195151E-07  4.940505E-02  8.059783E-06  3.958528E-09  2.762872E-01  1.042458E-03  1.143913E-05  7.537373E-07  9.973953E-04  1.394033E-08  5.214133E-08  8.613713E-08  1.451191E-01  1.417406E-05  1.377911E-06  1.168613E-06  7.432914E-05  1.010421E-04  6.766358E-07  4.293951E-08  5.529619E-08  4.165098E-07
 3.211500E+02  5.273366E-01  4.574974E-04  6.471253E-08  8.611854E-08  9.610394E-08  1.160864E-07  4.941478E-02  7.922421E-06  3.736226E-09  2.771517E-01  1.030854E-03  1.089914E-05  7.387209E-07  9.806785E-04  1.327705E-08  4.977901E-08  8.299311E-08  1.434177E-01  1.362096E-05  1.337869E-06  1.133938E-06  7.330705E-05  9.965218E-05  6.429095E-07  4.066897E-08  5.238867E-08  3.982910E-07
 3.221500E+02  5.281869E-01  4.531108E-04  6.283464E-08  8.363978E-08  9.334272E-08  1.127770E-07  4.942428E-02  7.788373E-06  3.527799E-09  2.780029E-01  1.019393E-03  1.038692E-05  7.240426E-07  9.643497E-04  1.264950E-08  4.753871E-08  7.998368E-08  1.417425E-01  1.309205E-05  1.299203E-06  1.100477E-06  7.230386E-05  9.828804E-05  6.110327E-07  3.853135E-08  4.965054E-08  3.809707E-07
 3.231500E+02  5.290241E-01  4.487900E-04  6.102263E-08  8.124740E-08  9.067758E-08  1.095820E-07  4.943357E-02  7.657541E-06  3.332300E-09  2.788409E-01  1.008075E-03  9.900963E-06  7.096953E-07  9.483980E-04  1.205554E-08  4.541342E-08  7.710234E-08  1.400932E-01  1.258618E-05  1.261860E-06  1.068182E-06  7.131918E-05  9.694913E-05  5.808960E-07  3.651820E-08  4.707106E-08  3.645000E-07
 3.241500E+02  5.298483E-01  4.445340E-04  5.927384E-08  7.893795E-08  8.810468E-08  1.064968E-07  4.944265E-02  7.529829E-06  3.148852E-09  2.796659E-01  9.968983E-04  9.439814E-06  6.956717E-07  9.328129E-04  1.149319E-08  4.339659E-08  7.434293E-08  1.384694E-01  1.210224E-05  1.225789E-06  1.037007E-06  7.035263E-05  9.563494E-05  5.523964E-07  3.462162E-08  4.464020E-08  3.488331E-07
 3.251500E+02  5.306597E-01  4.403416E-04  5.758577E-08  7.670813E-08  8.562037E-08  1.035172E-07  4.945153E-02  7.405147E-06  2.976643E-09  2.804782E-01  9.858626E-04  9.002122E-06  6.819646E-07  9.175842E-04  1.096060E-08  4.148205E-08  7.169962E-08  1.368707E-01  1.163921E-05  1.190943E-06  1.006908E-06  6.940384E-05  9.434494E-05  5.254380E-07  3.283426E-08  4.234865E-08  3.339268E-07
 3.261500E+02  5.314585E-01  4.362116E-04  5.595598E-08  7.455481E-08  8.322116E-08  1.006391E-07  4.946021E-02  7.283406E-06  2.814921E-09  2.812780E-01  9.749668E-04  8.586610E-06  6.685670E-07  9.027019E-04  1.045600E-08  3.966405E-08  6.916690E-08  1.352967E-01  1.119611E-05  1.157273E-06  9.778446E-07  6.847243E-05  9.307864E-05  4.999304E-07  3.114927E-08  4.018769E-08  3.197404E-07
 3.271500E+02  5.322448E-01  4.321430E-04  5.438218E-08  7.247496E-08  8.090369E-08  9.785836E-08  4.946870E-02  7.164521E-06  2.662986E-09  2.820654E-01  9.642099E-04  8.192073E-06  6.554721E-07  8.881565E-04  9.977778E-09  3.793715E-08  6.673951E-08  1.337470E-01  1.077198E-05  1.124736E-06  9.497758E-07  6.755804E-05  9.183554E-05  4.757891E-07  2.956025E-08  3.814922E-08  3.062357E-07
 3.281500E+02  5.330191E-01  4.281347E-04  5.286217E-08  7.046572E-08  7.866479E-08  9.517133E-08  4.947700E-02  7.048409E-06  2.520191E-09  2.828407E-01  9.535910E-04  7.817376E-06  6.426729E-07  8.739388E-04  9.524403E-09  3.629629E-08  6.441252E-08  1.322212E-01  1.036595E-05  1.093289E-06  9.226636E-07  6.666034E-05  9.061516E-05  4.529349E-07  2.806125E-08  3.622566E-08  2.933765E-07
 3.291500E+02  5.337813E-01  4.241857E-04  5.139383E-08  6.852433E-08  7.650139E-08  9.257434E-08  4.948512E-02  6.934990E-06  2.385933E-09  2.836040E-01  9.431089E-04  7.461448E-06  6.301630E-07  8.600397E-04  9.094443E-09  3.473668E-08  6.218121E-08  1.307189E-01  9.977180E-06  1.062889E-06  8.964713E-07  6.577896E-05  8.941703E-05  4.312934E-07  2.664671E-08  3.440994E-08  2.811288E-07
 3.301500E+02  5.345317E-01  4.202950E-04  4.997515E-08  6.664817E-08  7.441057E-08  9.006394E-08  4.949306E-02  6.824188E-06  2.259653E-09  2.843556E-01  9.327626E-04  7.123280E-06  6.179356E-07  8.464506E-04  8.686557E-09  3.325384E-08  6.004114E-08  1.292398E-01  9.604855E-06  1.033499E-06  8.711637E-07  6.491357E-05  8.824069E-05  4.107948E-07  2.531144E-08  3.269546E-08  2.694606E-07
 3.311500E+02  5.352705E-01  4.164615E-04  4.860420E-08  6.483472E-08  7.238953E-08  8.763679E-08  4.950083E-02  6.715928E-06  2.140832E-09  2.850955E-01  9.225509E-04  6.801920E-06  6.059844E-07  8.331631E-04  8.299488E-09  3.184357E-08  5.798808E-08  1.277835E-01  9.248218E-06  1.005080E-06  8.467072E-07  6.406385E-05  8.708568E-05  3.913737E-07  2.405057E-08  3.107606E-08  2.583414E-07
 3.321500E+02  5.359978E-01  4.126843E-04  4.727914E-08  6.308157E-08  7.043559E-08  8.528974E-08  4.950843E-02  6.610138E-06  2.028987E-09  2.858241E-01  9.124726E-04  6.496471E-06  5.943030E-07  8.201690E-04  7.932056E-09  3.050190E-08  5.601801E-08  1.263497E-01  8.906547E-06  9.775964E-07  8.230694E-07  6.322946E-05  8.595156E-05  3.729686E-07  2.285960E-08  2.954598E-08  2.477429E-07
 3.331500E+02  5.367139E-01  4.089623E-04  4.599820E-08  6.138640E-08  6.854619E-08  8.301973E-08  4.951586E-02  6.506749E-06  1.923670E-09  2.865415E-01  9.025265E-04  6.206085E-06  5.828852E-07  8.074604E-04  7.583156E-09  2.922511E-08  5.412713E-08  1.249379E-01  8.579152E-06  9.510127E-07  8.002195E-07  6.241010E-05  8.483790E-05  3.555218E-07  2.173428E-08  2.809983E-08  2.376381E-07
 3.341500E+02  5.374190E-01  4.052947E-04  4.475969E-08  5.974703E-08  6.671889E-08  8.082385E-08  4.952314E-02  6.405692E-06  1.824461E-09  2.872478E-01  8.927113E-04  5.929962E-06  5.717249E-07  7.950297E-04  7.251750E-09  2.800970E-08  5.231183E-08  1.235478E-01  8.265379E-06  9.252958E-07  7.781277E-07  6.160545E-05  8.374428E-05  3.389791E-07  2.067067E-08  2.673259E-08  2.280015E-07
 3.351500E+02  5.381132E-01  4.016805E-04  4.356200E-08  5.816133E-08  6.495132E-08  7.869931E-08  4.953026E-02  6.306904E-06  1.730973E-09  2.879433E-01  8.830259E-04  5.667349E-06  5.608162E-07  7.828694E-04  6.936862E-09  2.685237E-08  5.056868E-08  1.221791E-01  7.964606E-06  9.004139E-07  7.567657E-07  6.081521E-05  8.267027E-05  3.232896E-07  1.966506E-08  2.543953E-08  2.188091E-07
 3.361500E+02  5.387967E-01  3.981188E-04  4.240358E-08  5.662727E-08  6.324124E-08  7.664345E-08  4.953724E-02  6.210320E-06  1.642844E-09  2.886281E-01  8.734688E-04  5.417532E-06  5.501533E-07  7.709725E-04  6.637578E-09  2.575003E-08  4.889442E-08  1.208313E-01  7.676242E-06  8.763362E-07  7.361062E-07  6.003908E-05  8.161548E-05  3.084055E-07  1.871399E-08  2.421626E-08  2.100384E-07
 3.371500E+02  5.394697E-01  3.946086E-04  4.128295E-08  5.514293E-08  6.158650E-08  7.465370E-08  4.954406E-02  6.115880E-06  1.559736E-09  2.893024E-01  8.640389E-04  5.179841E-06  5.397303E-07  7.593319E-04  6.353038E-09  2.469976E-08  4.728596E-08  1.195043E-01  7.399725E-06  8.530333E-07  7.161230E-07  5.927677E-05  8.057950E-05  2.942817E-07  1.781423E-08  2.305866E-08  2.016678E-07
 3.381500E+02  5.401324E-01  3.911492E-04  4.019867E-08  5.370644E-08  5.998503E-08  7.272761E-08  4.955074E-02  6.023526E-06  1.481335E-09  2.899664E-01  8.547348E-04  4.953640E-06  5.295416E-07  7.479408E-04  6.082434E-09  2.369880E-08  4.574036E-08  1.181975E-01  7.134520E-06  8.304768E-07  6.967911E-07  5.852799E-05  7.956195E-05  2.808761E-07  1.696275E-08  2.196286E-08  1.936772E-07
 3.391500E+02  5.407849E-01  3.877397E-04  3.914941E-08  5.231602E-08  5.843485E-08  7.086282E-08  4.955728E-02  5.933199E-06  1.407348E-09  2.906203E-01  8.455550E-04  4.738329E-06  5.195818E-07  7.367928E-04  5.825006E-09  2.274457E-08  4.425482E-08  1.169108E-01  6.880116E-06  8.086397E-07  6.780863E-07  5.779248E-05  7.856245E-05  2.681488E-07  1.615671E-08  2.092525E-08  1.860475E-07
 3.401500E+02  5.414273E-01  3.843791E-04  3.813384E-08  5.096997E-08  5.693407E-08  6.905709E-08  4.956369E-02  5.844844E-06  1.337502E-09  2.912641E-01  8.364984E-04  4.533343E-06  5.098455E-07  7.258815E-04  5.580040E-09  2.183463E-08  4.282670E-08  1.156437E-01  6.636031E-06  7.874959E-07  6.599857E-07  5.706995E-05  7.758062E-05  2.560626E-07  1.539346E-08  1.994245E-08  1.787606E-07
 3.411500E+02  5.420600E-01  3.810667E-04  3.715073E-08  4.966666E-08  5.548087E-08  6.730826E-08  4.956996E-02  5.758409E-06  1.271543E-09  2.918982E-01  8.275635E-04  4.338147E-06  5.003273E-07  7.152008E-04  5.346865E-09  2.096668E-08  4.145345E-08  1.143959E-01  6.401803E-06  7.670204E-07  6.424671E-07  5.636014E-05  7.661610E-05  2.445822E-07  1.467050E-08  1.901128E-08  1.717994E-07
 3.421500E+02  5.426830E-01  3.778016E-04  3.619887E-08  4.840451E-08  5.407350E-08  6.561424E-08  4.957610E-02  5.673841E-06  1.209232E-09  2.925226E-01  8.187488E-04  4.152235E-06  4.910223E-07  7.047446E-04  5.124847E-09  2.013854E-08  4.013269E-08  1.131672E-01  6.176993E-06  7.471892E-07  6.255092E-07  5.566279E-05  7.566854E-05  2.336745E-07  1.398552E-08  1.812877E-08  1.651478E-07
 3.431500E+02  5.432964E-01  3.745831E-04  3.527712E-08  4.718203E-08  5.271029E-08  6.397306E-08  4.958212E-02  5.591091E-06  1.150348E-09  2.931374E-01  8.100532E-04  3.975129E-06  4.819252E-07  6.945073E-04  4.913392E-09  1.934818E-08  3.886213E-08  1.119571E-01  5.961184E-06  7.279791E-07  6.090916E-07  5.497764E-05  7.473759E-05  2.233084E-07  1.333631E-08  1.729212E-08  1.587904E-07
 3.441500E+02  5.439006E-01  3.714104E-04  3.438438E-08  4.599776E-08  5.138964E-08  6.238279E-08  4.958801E-02  5.510109E-06  1.094683E-09  2.937430E-01  8.014751E-04  3.806379E-06  4.730311E-07  6.844831E-04  4.711939E-09  1.859366E-08  3.763958E-08  1.107655E-01  5.753978E-06  7.093681E-07  5.931948E-07  5.430445E-05  7.382290E-05  2.134546E-07  1.272084E-08  1.649873E-08  1.527129E-07
 3.451500E+02  5.444955E-01  3.682826E-04  3.351959E-08  4.485033E-08  5.011002E-08  6.084163E-08  4.959379E-02  5.430848E-06  1.042043E-09  2.943393E-01  7.930132E-04  3.645557E-06  4.643353E-07  6.746666E-04  4.519962E-09  1.787316E-08  3.646299E-08  1.095919E-01  5.554997E-06  6.913349E-07  5.777999E-07  5.364297E-05  7.292415E-05  2.040853E-07  1.213717E-08  1.574614E-08  1.469015E-07
 3.461500E+02  5.450814E-01  3.651991E-04  3.268173E-08  4.373842E-08  4.886994E-08  5.934780E-08  4.959945E-02  5.353264E-06  9.922483E-10  2.949267E-01  7.846660E-04  3.492260E-06  4.558330E-07  6.650526E-04  4.336962E-09  1.718496E-08  3.533037E-08  1.084360E-01  5.363880E-06  6.738590E-07  5.628889E-07  5.299297E-05  7.204100E-05  1.951747E-07  1.158351E-08  1.503204E-08  1.413433E-07
 3.471500E+02  5.456584E-01  3.621590E-04  3.186985E-08  4.266074E-08  4.766800E-08  5.789962E-08  4.960499E-02  5.277311E-06  9.451283E-10  2.955051E-01  7.764322E-04  3.346106E-06  4.475196E-07  6.556360E-04  4.162471E-09  1.652744E-08  3.423987E-08  1.072977E-01  5.180283E-06  6.569207E-07  5.484445E-07  5.235420E-05  7.117314E-05  1.866981E-07  1.105816E-08  1.435428E-08  1.360261E-07
 3.481500E+02  5.462266E-01  3.591617E-04  3.108300E-08  4.161608E-08  4.650283E-08  5.649548E-08  4.961042E-02  5.202947E-06  9.005251E-10  2.960748E-01  7.683103E-04  3.206734E-06  4.393905E-07  6.464117E-04  3.996047E-09  1.589906E-08  3.318967E-08  1.061766E-01  5.003878E-06  6.405013E-07  5.344500E-07  5.172644E-05  7.032027E-05  1.786325E-07  1.055953E-08  1.371081E-08  1.309381E-07
 3.491500E+02  5.467863E-01  3.562065E-04  3.032028E-08  4.060326E-08  4.537312E-08  5.513382E-08  4.961575E-02  5.130131E-06  8.582905E-10  2.966360E-01  7.602990E-04  3.073804E-06  4.314415E-07  6.373749E-04  3.837273E-09  1.529838E-08  3.217809E-08  1.050723E-01  4.834355E-06  6.245824E-07  5.208894E-07  5.110947E-05  6.948206E-05  1.709561E-07  1.008613E-08  1.309974E-08  1.260685E-07
 3.501500E+02  5.473376E-01  3.532925E-04  2.958085E-08  3.962116E-08  4.427763E-08  5.381314E-08  4.962097E-02  5.058822E-06  8.182858E-10  2.971887E-01  7.523969E-04  2.946990E-06  4.236681E-07  6.285209E-04  3.685757E-09  1.472401E-08  3.120350E-08  1.039847E-01  4.671416E-06  6.091467E-07  5.077475E-07  5.050307E-05  6.865823E-05  1.636484E-07  9.636554E-09  1.251927E-08  1.214068E-07
 3.511500E+02  5.478805E-01  3.504192E-04  2.886388E-08  3.866870E-08  4.321514E-08  5.253202E-08  4.962608E-02  4.988982E-06  7.803812E-10  2.977331E-01  7.446026E-04  2.825989E-06  4.160662E-07  6.198453E-04  3.541127E-09  1.417467E-08  3.026435E-08  1.029134E-01  4.514778E-06  5.941774E-07  4.950093E-07  4.990702E-05  6.784848E-05  1.566899E-07  9.209484E-09  1.196771E-08  1.169430E-07
 3.521500E+02  5.484153E-01  3.475859E-04  2.816857E-08  3.774483E-08  4.218452E-08  5.128907E-08  4.963110E-02  4.920572E-06  7.444551E-10  2.982693E-01  7.369146E-04  2.710510E-06  4.086317E-07  6.113435E-04  3.403035E-09  1.364913E-08  2.935918E-08  1.018581E-01  4.364170E-06  5.796583E-07  4.826607E-07  4.932112E-05  6.705253E-05  1.500625E-07  8.803682E-09  1.144348E-08  1.126679E-07
 3.531500E+02  5.489420E-01  3.447919E-04  2.749417E-08  3.684856E-08  4.118463E-08  5.008298E-08  4.963602E-02  4.853557E-06  7.103935E-10  2.987975E-01  7.293316E-04  2.600279E-06  4.013605E-07  6.030112E-04  3.271148E-09  1.314623E-08  2.848656E-08  1.008187E-01  4.219335E-06  5.655739E-07  4.706882E-07  4.874516E-05  6.627010E-05  1.437488E-07  8.417983E-09  1.094509E-08  1.085725E-07
 3.541500E+02  5.494609E-01  3.420365E-04  2.683994E-08  3.597893E-08  4.021443E-08  4.891247E-08  4.964084E-02  4.787899E-06  6.780895E-10  2.993179E-01  7.218522E-04  2.495037E-06  3.942488E-07  5.948444E-04  3.145155E-09  1.266488E-08  2.764516E-08  9.979475E-02  4.080028E-06  5.519094E-07  4.590785E-07  4.817895E-05  6.550092E-05  1.377326E-07  8.051289E-09  1.047113E-08  1.046484E-07
 3.551500E+02  5.499720E-01  3.393191E-04  2.620518E-08  3.513502E-08  3.927288E-08  4.777632E-08  4.964556E-02  4.723566E-06  6.474431E-10  2.998304E-01  7.144750E-04  2.394539E-06  3.872927E-07  5.868389E-04  3.024761E-09  1.220403E-08  2.683371E-08  9.878608E-02  3.946013E-06  5.386504E-07  4.478191E-07  4.762228E-05  6.474472E-05  1.319986E-07  7.702571E-09  1.002029E-08  1.008876E-07
 3.561500E+02  5.504755E-01  3.366391E-04  2.558922E-08  3.431594E-08  3.835900E-08  4.667335E-08  4.965020E-02  4.660523E-06  6.183603E-10  3.003354E-01  7.071987E-04  2.298551E-06  3.804885E-07  5.789909E-04  2.909687E-09  1.176270E-08  2.605097E-08  9.779241E-02  3.817069E-06  5.257830E-07  4.368978E-07  4.707496E-05  6.400123E-05  1.265322E-07  7.370857E-09  9.591321E-09  9.728261E-08
 3.571500E+02  5.509716E-01  3.339959E-04  2.499142E-08  3.352085E-08  3.747184E-08  4.560243E-08  4.965475E-02  4.598739E-06  5.907528E-10  3.008329E-01  7.000219E-04  2.206853E-06  3.738325E-07  5.712964E-04  2.799671E-09  1.133996E-08  2.529578E-08  9.681349E-02  3.692981E-06  5.132939E-07  4.263031E-07  4.653681E-05  6.327021E-05  1.213198E-07  7.055235E-09  9.183057E-09  9.382610E-08
 3.581500E+02  5.514602E-01  3.313888E-04  2.441114E-08  3.274892E-08  3.661048E-08  4.456249E-08  4.965921E-02  4.538181E-06  5.645381E-10  3.013230E-01  6.929433E-04  2.119235E-06  3.673213E-07  5.637519E-04  2.694462E-09  1.093493E-08  2.456704E-08  9.584907E-02  3.573546E-06  5.011704E-07  4.160237E-07  4.600765E-05  6.255141E-05  1.163483E-07  6.754844E-09  8.794396E-09  9.051129E-08
 3.591500E+02  5.519416E-01  3.288172E-04  2.384779E-08  3.199936E-08  3.577407E-08  4.355246E-08  4.966358E-02  4.478819E-06  5.396383E-10  3.018058E-01  6.859615E-04  2.035501E-06  3.609512E-07  5.563536E-04  2.593825E-09  1.054678E-08  2.386367E-08  9.489891E-02  3.458569E-06  4.894002E-07  4.060488E-07  4.548729E-05  6.184458E-05  1.116056E-07  6.468873E-09  8.424298E-09  8.733168E-08
 3.601500E+02  5.524159E-01  3.262807E-04  2.330079E-08  3.127143E-08  3.496174E-08  4.257136E-08  4.966788E-02  4.420624E-06  5.159807E-10  3.022815E-01  6.790751E-04  1.955462E-06  3.547190E-07  5.490981E-04  2.497538E-09  1.017470E-08  2.318467E-08  9.396277E-02  3.347867E-06  4.779714E-07  3.963681E-07  4.497557E-05  6.114948E-05  1.070801E-07  6.196560E-09  8.071785E-09  8.428111E-08
 3.611500E+02  5.528832E-01  3.237785E-04  2.276959E-08  3.056439E-08  3.417270E-08  4.161820E-08  4.967209E-02  4.363567E-06  4.934965E-10  3.027503E-01  6.722829E-04  1.878940E-06  3.486214E-07  5.419819E-04  2.405389E-09  9.817951E-09  2.252906E-08  9.304040E-02  3.241260E-06  4.668726E-07  3.869716E-07  4.447230E-05  6.046588E-05  1.027609E-07  5.937184E-09  7.735935E-09  8.135371E-08
 3.621500E+02  5.533436E-01  3.213102E-04  2.225366E-08  2.987754E-08  3.340616E-08  4.069206E-08  4.967622E-02  4.307619E-06  4.721213E-10  3.032121E-01  6.655835E-04  1.805767E-06  3.426550E-07  5.350018E-04  2.317179E-09  9.475819E-09  2.189592E-08  9.213158E-02  3.138582E-06  4.560929E-07  3.778497E-07  4.397733E-05  5.979356E-05  9.863766E-08  5.690067E-09  7.415879E-09  7.854393E-08
 3.631500E+02  5.537973E-01  3.188751E-04  2.175248E-08  2.921021E-08  3.266137E-08  3.979205E-08  4.968028E-02  4.252754E-06  4.517947E-10  3.036672E-01  6.589757E-04  1.735781E-06  3.368169E-07  5.281545E-04  2.232718E-09  9.147628E-09  2.128436E-08  9.123607E-02  3.039669E-06  4.456216E-07  3.689932E-07  4.349048E-05  5.913228E-05  9.470058E-08  5.454569E-09  7.110795E-09  7.584647E-08
 3.641500E+02  5.542443E-01  3.164728E-04  2.126557E-08  2.856175E-08  3.193762E-08  3.891729E-08  4.968426E-02  4.198946E-06  4.324597E-10  3.041156E-01  6.524581E-04  1.668833E-06  3.311038E-07  5.214370E-04  2.151828E-09  8.832735E-09  2.069353E-08  9.035366E-02  2.944369E-06  4.354486E-07  3.603931E-07  4.301161E-05  5.848183E-05  9.094043E-08  5.230088E-09  6.819909E-09  7.325631E-08
 3.651500E+02  5.546848E-01  3.141027E-04  2.079244E-08  2.793153E-08  3.123420E-08  3.806697E-08  4.968816E-02  4.146168E-06  4.140626E-10  3.045575E-01  6.460295E-04  1.604777E-06  3.255129E-07  5.148461E-04  2.074340E-09  8.530532E-09  2.012263E-08  8.948411E-02  2.852533E-06  4.255640E-07  3.520409E-07  4.254055E-05  5.784200E-05  8.734846E-08  5.016054E-09  6.542492E-09  7.076865E-08
 3.661500E+02  5.551189E-01  3.117643E-04  2.033265E-08  2.731896E-08  3.055045E-08  3.724028E-08  4.969200E-02  4.094397E-06  3.965530E-10  3.049930E-01  6.396886E-04  1.543476E-06  3.200411E-07  5.083789E-04  2.000091E-09  8.240442E-09  1.957089E-08  8.862723E-02  2.764021E-06  4.159585E-07  3.439283E-07  4.207714E-05  5.721257E-05  8.391640E-08  4.811929E-09  6.277854E-09  6.837896E-08
 3.671500E+02  5.555466E-01  3.094570E-04  1.988574E-08  2.672345E-08  2.988572E-08  3.643646E-08  4.969576E-02  4.043607E-06  3.798836E-10  3.054222E-01  6.334342E-04  1.484802E-06  3.146858E-07  5.020324E-04  1.928931E-09  7.961915E-09  1.903755E-08  8.778278E-02  2.678699E-06  4.066229E-07  3.360475E-07  4.162124E-05  5.659335E-05  8.063641E-08  4.617207E-09  6.025343E-09  6.608291E-08
 3.681500E+02  5.559681E-01  3.071805E-04  1.945131E-08  2.614446E-08  2.923939E-08  3.565475E-08  4.969946E-02  3.993775E-06  3.640095E-10  3.058451E-01  6.272649E-04  1.428630E-06  3.094440E-07  4.958041E-04  1.860713E-09  7.694430E-09  1.852192E-08  8.695056E-02  2.596438E-06  3.975484E-07  3.283908E-07  4.117271E-05  5.598414E-05  7.750106E-08  4.431407E-09  5.784345E-09  6.387639E-08
 3.691500E+02  5.563836E-01  3.049340E-04  1.902893E-08  2.558144E-08  2.861088E-08  3.489445E-08  4.970309E-02  3.944879E-06  3.488887E-10  3.062619E-01  6.211797E-04  1.374845E-06  3.043131E-07  4.896910E-04  1.795303E-09  7.437492E-09  1.802331E-08  8.613037E-02  2.517115E-06  3.887266E-07  3.209508E-07  4.073139E-05  5.538473E-05  7.450333E-08  4.254080E-09  5.554278E-09  6.175546E-08
 3.701500E+02  5.567930E-01  3.027173E-04  1.861822E-08  2.503387E-08  2.799959E-08  3.415487E-08  4.970665E-02  3.896897E-06  3.344816E-10  3.066727E-01  6.151772E-04  1.323334E-06  2.992904E-07  4.836905E-04  1.732568E-09  7.190630E-09  1.754108E-08  8.532199E-02  2.440612E-06  3.801494E-07  3.137204E-07  4.029716E-05  5.479495E-05  7.163657E-08  4.084795E-09  5.334594E-09  5.971642E-08
 3.711500E+02  5.571966E-01  3.005298E-04  1.821881E-08  2.450126E-08  2.740497E-08  3.343534E-08  4.971015E-02  3.849807E-06  3.207507E-10  3.070776E-01  6.092563E-04  1.273993E-06  2.943734E-07  4.778001E-04  1.672387E-09  6.953398E-09  1.707461E-08  8.452524E-02  2.366818E-06  3.718088E-07  3.066928E-07  3.986986E-05  5.421459E-05  6.889446E-08  3.923151E-09  5.124774E-09  5.775570E-08
 3.721500E+02  5.575943E-01  2.983710E-04  1.783032E-08  2.398314E-08  2.682650E-08  3.273523E-08  4.971358E-02  3.803587E-06  3.076608E-10  3.074767E-01  6.034158E-04  1.226720E-06  2.895595E-07  4.720172E-04  1.614642E-09  6.725368E-09  1.662330E-08  8.373992E-02  2.295625E-06  3.636973E-07  2.998614E-07  3.944937E-05  5.364348E-05  6.627102E-08  3.768764E-09  4.924326E-09  5.586992E-08
 3.731500E+02  5.579864E-01  2.962405E-04  1.745240E-08  2.347902E-08  2.626366E-08  3.205393E-08  4.971696E-02  3.758219E-06  2.951787E-10  3.078701E-01  5.976546E-04  1.181422E-06  2.848464E-07  4.663395E-04  1.559221E-09  6.506138E-09  1.618658E-08  8.296584E-02  2.226930E-06  3.558077E-07  2.932199E-07  3.903556E-05  5.308144E-05  6.376059E-08  3.621274E-09  4.732787E-09  5.405587E-08
