#         T/K            c1          c2-1          c3-4          c3-5          c3-7          c3-9            m1          m2-1          m3-1            w1            w2          w3-1          w3-2          c1m1        c1m2-1        c1m2-7        c2m1-1        c1w1-2        c1w2-1        c2w1-1        c2w1-9        m1w1-1        m1w1-4        m1w2-1        m2w1-1        m2w1-3      c1m1w1-1
 2.731500E+02  1.108069E-01  4.202343E-05  4.219620E-09  5.538353E-09  6.161858E-09  7.347249E-09  4.913038E-02  2.099655E-05  9.685123E-08  6.424001E-01  1.464637E-02  3.396403E-03  4.765515E-05  5.891086E-04  4.785623E-08  1.570315E-07  3.602988E-08  1.775599E-01  2.225010E-04  1.033356E-06  9.073960E-07  4.410001E-04  6.003201E-04  8.561721E-05  2.370874E-06  3.002744E-06  3.131368E-06
 2.741500E+02  1.118778E-01  4.202036E-05  4.129488E-09  5.421888E-09  6.032732E-09  7.195551E-09  4.914952E-02  2.048675E-05  8.930372E-08  6.440145E-01  1.435829E-02  3.156944E-03  4.601666E-05  5.790775E-04  4.498396E-08  1.480847E-07  3.464791E-08  1.754359E-01  2.110086E-04  1.002474E-06  8.795187E-07  4.315219E-04  5.873804E-04  7.941003E-05  2.192970E-06  2.778532E-06  2.954824E-06
 2.751500E+02  1.129381E-01  4.200958E-05  4.040894E-09  5.307350E-09  5.905727E-09  7.046270E-09  4.916806E-02  1.999333E-05  8.239670E-08  6.455922E-01  1.407713E-02  2.935699E-03  4.444301E-05  5.692430E-04  4.230096E-08  1.397003E-07  3.332346E-08  1.733326E-01  2.001610E-04  9.725474E-07  8.525322E-07  4.223067E-04  5.748014E-04  7.369045E-05  2.029574E-06  2.572524E-06  2.789154E-06
 2.761500E+02  1.139876E-01  4.199122E-05  3.953831E-09  5.194733E-09  5.780838E-09  6.899406E-09  4.918600E-02  1.951564E-05  7.607165E-08  6.471349E-01  1.380273E-02  2.731199E-03  4.293151E-05  5.596010E-04  3.979369E-08  1.318397E-07  3.205395E-08  1.712503E-01  1.899197E-04  9.435486E-07  8.264087E-07  4.133461E-04  5.625718E-04  6.841756E-05  1.879416E-06  2.383135E-06  2.633637E-06
 2.771500E+02  1.150262E-01  4.196544E-05  3.868292E-09  5.084031E-09  5.658059E-09  6.754954E-09  4.920338E-02  1.905310E-05  7.027575E-08  6.486440E-01  1.353495E-02  2.542095E-03  4.147955E-05  5.501476E-04  3.744968E-08  1.244673E-07  3.083695E-08  1.691891E-01  1.802488E-04  9.154497E-07  8.011213E-07  4.046325E-04  5.506808E-04  6.355406E-05  1.741345E-06  2.208924E-06  2.487605E-06
 2.781500E+02  1.160538E-01  4.193239E-05  3.784272E-09  4.975240E-09  5.537385E-09  6.612911E-09  4.922023E-02  1.860511E-05  6.496131E-08  6.501207E-01  1.327362E-02  2.367155E-03  4.008464E-05  5.408787E-04  3.525739E-08  1.175501E-07  2.967012E-08  1.671495E-01  1.711145E-04  8.882235E-07  7.766439E-07  3.961582E-04  5.391178E-04  5.906594E-05  1.614315E-06  2.048582E-06  2.350434E-06
 2.791500E+02  1.170704E-01  4.189225E-05  3.701764E-09  4.868354E-09  5.418810E-09  6.473275E-09  4.923656E-02  1.817114E-05  6.008521E-08  6.515664E-01  1.301861E-02  2.205250E-03  3.874438E-05  5.317906E-04  3.320617E-08  1.110576E-07  2.855127E-08  1.651316E-01  1.624850E-04  8.618440E-07  7.529511E-07  3.879158E-04  5.278725E-04  5.492217E-05  1.497378E-06  1.900924E-06  2.221547E-06
 2.801500E+02  1.180757E-01  4.184519E-05  3.620761E-09  4.763365E-09  5.302328E-09  6.336040E-09  4.925240E-02  1.775064E-05  5.560848E-08  6.529820E-01  1.276975E-02  2.055342E-03  3.745645E-05  5.228798E-04  3.128618E-08  1.049612E-07  2.747829E-08  1.631355E-01  1.543305E-04  8.362856E-07  7.300183E-07  3.798979E-04  5.169351E-04  5.109446E-05  1.389671E-06  1.764870E-06  2.100403E-06
 2.811500E+02  1.190698E-01  4.179139E-05  3.541254E-09  4.660267E-09  5.187931E-09  6.201202E-09  4.926777E-02  1.734313E-05  5.149585E-08  6.543689E-01  1.252690E-02  1.916484E-03  3.621864E-05  5.141426E-04  2.948831E-08  9.923483E-08  2.644919E-08  1.611615E-01  1.466233E-04  8.115236E-07  7.078216E-07  3.720978E-04  5.062959E-04  4.755695E-05  1.290410E-06  1.639438E-06  1.986502E-06
 2.821500E+02  1.200525E-01  4.173103E-05  3.463237E-09  4.559051E-09  5.075611E-09  6.068752E-09  4.928270E-02  1.694812E-05  4.771539E-08  6.557278E-01  1.228990E-02  1.787805E-03  3.502884E-05  5.055756E-04  2.780414E-08  9.385394E-08  2.546205E-08  1.592097E-01  1.393370E-04  7.875339E-07  6.863379E-07  3.645085E-04  4.959456E-04  4.428604E-05  1.198882E-06  1.523735E-06  1.879377E-06
 2.831500E+02  1.210239E-01  4.166430E-05  3.386700E-09  4.459710E-09  4.965359E-09  5.938684E-09  4.929718E-02  1.656514E-05  4.423814E-08  6.570597E-01  1.205861E-02  1.668508E-03  3.388501E-05  4.971754E-04  2.622587E-08  8.879587E-08  2.451506E-08  1.572801E-01  1.324471E-04  7.642931E-07  6.655447E-07  3.571236E-04  4.858751E-04  4.126015E-05  1.114439E-06  1.416949E-06  1.778593E-06
 2.841500E+02  1.219840E-01  4.159140E-05  3.311633E-09  4.362232E-09  4.857165E-09  5.810989E-09  4.931126E-02  1.619375E-05  4.103786E-08  6.583656E-01  1.183289E-02  1.557861E-03  3.278520E-05  4.889387E-04  2.474629E-08  8.403953E-08  2.360649E-08  1.553729E-01  1.259305E-04  7.417783E-07  6.454200E-07  3.499367E-04  4.760756E-04  3.845957E-05  1.036490E-06  1.318339E-06  1.683746E-06
 2.851500E+02  1.229326E-01  4.151250E-05  3.238027E-09  4.266607E-09  4.751016E-09  5.685654E-09  4.932493E-02  1.583354E-05  3.809073E-08  6.596463E-01  1.161259E-02  1.455191E-03  3.172754E-05  4.808624E-04  2.335869E-08  7.956536E-08  2.273468E-08  1.534881E-01  1.197655E-04  7.199675E-07  6.259427E-07  3.429416E-04  4.665388E-04  3.586627E-05  9.644972E-07  1.227229E-06  1.594457E-06
 2.861500E+02  1.238698E-01  4.142781E-05  3.165871E-09  4.172823E-09  4.646900E-09  5.562668E-09  4.933822E-02  1.548410E-05  3.537513E-08  6.609024E-01  1.139756E-02  1.359884E-03  3.071026E-05  4.729432E-04  2.205687E-08  7.535511E-08  2.189807E-08  1.516257E-01  1.139317E-04  6.988390E-07  6.070923E-07  3.361324E-04  4.572564E-04  3.346376E-05  8.979691E-07  1.143006E-06  1.510376E-06
 2.871500E+02  1.247956E-01  4.133753E-05  3.095152E-09  4.080867E-09  4.544803E-09  5.442017E-09  4.935115E-02  1.514503E-05  3.287141E-08  6.621348E-01  1.118768E-02  1.271372E-03  2.973165E-05  4.651781E-04  2.083508E-08  7.139186E-08  2.109514E-08  1.497859E-01  1.084102E-04  6.783719E-07  5.888486E-07  3.295033E-04  4.482204E-04  3.123691E-05  8.364587E-07  1.065106E-06  1.431174E-06
 2.881500E+02  1.257100E-01  4.124184E-05  3.025857E-09  3.990724E-09  4.444710E-09  5.323686E-09  4.936371E-02  1.481597E-05  3.056171E-08  6.633441E-01  1.098281E-02  1.189135E-03  2.879007E-05  4.575642E-04  1.968798E-08  6.765981E-08  2.032446E-08  1.479685E-01  1.031828E-04  6.585458E-07  5.711923E-07  3.230487E-04  4.394233E-04  2.917192E-05  7.795576E-07  9.930177E-07  1.356546E-06
 2.891500E+02  1.266130E-01  4.114094E-05  2.957975E-09  3.902379E-09  4.346605E-09  5.207658E-09  4.937594E-02  1.449656E-05  2.842978E-08  6.645310E-01  1.078282E-02  1.112697E-03  2.788397E-05  4.500984E-04  1.861062E-08  6.414428E-08  1.958466E-08  1.461735E-01  9.823278E-05  6.393409E-07  5.541045E-07  3.167633E-04  4.308576E-04  2.725610E-05  7.268930E-07  9.262729E-07  1.286205E-06
 2.901500E+02  1.275046E-01  4.103502E-05  2.891489E-09  3.815817E-09  4.250469E-09  5.093914E-09  4.938783E-02  1.418646E-05  2.646082E-08  6.656960E-01  1.058757E-02  1.041617E-03  2.701185E-05  4.427778E-04  1.759838E-08  6.083159E-08  1.887442E-08  1.444010E-01  9.354430E-05  6.207378E-07  5.375671E-07  3.106419E-04  4.225161E-04  2.547785E-05  6.781243E-07  8.644435E-07  1.219886E-06
 2.911500E+02  1.283849E-01  4.092428E-05  2.826387E-09  3.731019E-09  4.156284E-09  4.982436E-09  4.939941E-02  1.388534E-05  2.464136E-08  6.668399E-01  1.039694E-02  9.754918E-04  2.617229E-05  4.355996E-04  1.664701E-08  5.770898E-08  1.819249E-08  1.426509E-01  8.910246E-05  6.027180E-07  5.215622E-07  3.046794E-04  4.143920E-04  2.382651E-05  6.329401E-07  8.071384E-07  1.157339E-06
 2.921500E+02  1.292539E-01  4.080891E-05  2.762652E-09  3.647968E-09  4.064031E-09  4.873201E-09  4.941068E-02  1.359288E-05  2.295912E-08  6.679630E-01  1.021081E-02  9.139499E-04  2.536393E-05  4.285610E-04  1.575251E-08  5.476457E-08  1.753769E-08  1.409231E-01  8.489328E-05  5.852630E-07  5.060726E-07  2.988709E-04  4.064784E-04  2.229231E-05  5.910558E-07  7.539995E-07  1.098333E-06
 2.931500E+02  1.301116E-01  4.068909E-05  2.700268E-09  3.566644E-09  3.973689E-09  4.766189E-09  4.942166E-02  1.330879E-05  2.140290E-08  6.690660E-01  1.002906E-02  8.566493E-04  2.458546E-05  4.216593E-04  1.491120E-08  5.198727E-08  1.690885E-08  1.392175E-01  8.090362E-05  5.683553E-07  4.910816E-07  2.932117E-04  3.987690E-04  2.086629E-05  5.522108E-07  7.046993E-07  1.042650E-06
 2.941500E+02  1.309582E-01  4.056501E-05  2.639218E-09  3.487028E-09  3.885236E-09  4.661375E-09  4.943235E-02  1.303278E-05  1.996247E-08  6.701493E-01  9.851570E-03  8.032753E-04  2.383564E-05  4.148917E-04  1.411964E-08  4.936673E-08  1.630489E-08  1.375341E-01  7.712113E-05  5.519777E-07  4.765730E-07  2.876974E-04  3.912576E-04  1.954020E-05  5.161666E-07  6.589378E-07  9.900878E-07
 2.951500E+02  1.317936E-01  4.043686E-05  2.579486E-09  3.409100E-09  3.798650E-09  4.558735E-09  4.944276E-02  1.276456E-05  1.862852E-08  6.712134E-01  9.678228E-03  7.535378E-04  2.311328E-05  4.082557E-04  1.337463E-08  4.689332E-08  1.572476E-08  1.358727E-01  7.353417E-05  5.361134E-07  4.625312E-07  2.823234E-04  3.839379E-04  1.830649E-05  4.827046E-07  6.164400E-07  9.404566E-07
 2.961500E+02  1.326178E-01  4.030482E-05  2.521053E-09  3.332837E-09  3.713907E-09  4.458244E-09  4.945291E-02  1.250387E-05  1.739250E-08  6.722588E-01  9.508921E-03  7.071699E-04  2.241725E-05  4.017487E-04  1.267319E-08  4.455800E-08  1.516747E-08  1.342332E-01  7.013184E-05  5.207463E-07  4.489409E-07  2.770855E-04  3.768044E-04  1.715821E-05  4.516247E-07  5.769539E-07  8.935790E-07
 2.971500E+02  1.334311E-01  4.016906E-05  2.463902E-09  3.258218E-09  3.630984E-09  4.359874E-09  4.946280E-02  1.225046E-05  1.624664E-08  6.732859E-01  9.343544E-03  6.639254E-04  2.174646E-05  3.953680E-04  1.201255E-08  4.235237E-08  1.463205E-08  1.326155E-01  6.690386E-05  5.058606E-07  4.357873E-07  2.719797E-04  3.698511E-04  1.608895E-05  4.227433E-07  5.402483E-07  8.492895E-07
 2.981500E+02  1.342335E-01  4.002977E-05  2.408014E-09  3.185220E-09  3.549856E-09  4.263600E-09  4.947245E-02  1.200407E-05  1.518380E-08  6.742950E-01  9.181989E-03  6.235771E-04  2.109988E-05  3.891112E-04  1.139013E-08  4.026856E-08  1.411759E-08  1.310195E-01  6.384055E-05  4.914410E-07  4.230561E-07  2.670020E-04  3.630729E-04  1.509283E-05  3.958919E-07  5.061110E-07  8.074329E-07
 2.991500E+02  1.350249E-01  3.988710E-05  2.353370E-09  3.113820E-09  3.470496E-09  4.169391E-09  4.948185E-02  1.176448E-05  1.419746E-08  6.752867E-01  9.024155E-03  5.859158E-04  2.047651E-05  3.829758E-04  1.080351E-08  3.829921E-08  1.362322E-08  1.294450E-01  6.093281E-05  4.774727E-07  4.107335E-07  2.621484E-04  3.564642E-04  1.416445E-05  3.709160E-07  4.743472E-07  7.678641E-07
 3.001500E+02  1.358056E-01  3.974124E-05  2.299950E-09  3.043993E-09  3.392880E-09  4.077221E-09  4.949102E-02  1.153144E-05  1.328165E-08  6.762613E-01  8.869944E-03  5.507482E-04  1.987541E-05  3.769595E-04  1.025047E-08  3.643747E-08  1.314810E-08  1.278919E-01  5.817210E-05  4.639413E-07  3.988060E-07  2.574154E-04  3.500202E-04  1.329881E-05  3.476735E-07  4.447780E-07  7.304473E-07
 3.011500E+02  1.365755E-01  3.959234E-05  2.247735E-09  2.975717E-09  3.316981E-09  3.987058E-09  4.949996E-02  1.130475E-05  1.243089E-08  6.772192E-01  8.719257E-03  5.178958E-04  1.929567E-05  3.710597E-04  9.728894E-09  3.467690E-08  1.269143E-08  1.263600E-01  5.555034E-05  4.508329E-07  3.872607E-07  2.527992E-04  3.437358E-04  1.249132E-05  3.260340E-07  4.172388E-07  6.950551E-07
 3.021500E+02  1.373349E-01  3.944058E-05  2.196705E-09  2.908967E-09  3.242772E-09  3.898872E-09  4.950869E-02  1.108420E-05  1.164017E-08  6.781607E-01  8.572001E-03  4.871939E-04  1.873644E-05  3.652743E-04  9.236842E-09  3.301148E-08  1.225244E-08  1.248491E-01  5.305995E-05  4.381338E-07  3.760848E-07  2.482966E-04  3.376063E-04  1.173776E-05  3.058775E-07  3.915785E-07  6.615685E-07
 3.031500E+02  1.380837E-01  3.928609E-05  2.146841E-09  2.843717E-09  3.170225E-09  3.812634E-09  4.951720E-02  1.086958E-05  1.090488E-08  6.790861E-01  8.428084E-03  4.584903E-04  1.819687E-05  3.596008E-04  8.772489E-09  3.143559E-08  1.183040E-08  1.233591E-01  5.069379E-05  4.258311E-07  3.652663E-07  2.439040E-04  3.316272E-04  1.103422E-05  2.870939E-07  3.676579E-07  6.298759E-07
 3.041500E+02  1.388221E-01  3.912905E-05  2.098121E-09  2.779943E-09  3.099313E-09  3.728311E-09  4.952551E-02  1.066070E-05  1.022082E-08  6.799958E-01  8.287419E-03  4.316443E-04  1.767620E-05  3.540371E-04  8.334135E-09  2.994397E-08  1.142462E-08  1.218897E-01  4.844511E-05  4.139118E-07  3.547932E-07  2.396183E-04  3.257939E-04  1.037710E-05  2.695816E-07  3.453489E-07  5.998726E-07
 3.051500E+02  1.395502E-01  3.896960E-05  2.050526E-09  2.717619E-09  3.030009E-09  3.645873E-09  4.953362E-02  1.045737E-05  9.584092E-09  6.808902E-01  8.149918E-03  4.065257E-04  1.717365E-05  3.485809E-04  7.920190E-09  2.853167E-08  1.103441E-08  1.204408E-01  4.630759E-05  4.023638E-07  3.446542E-07  2.354363E-04  3.201021E-04  9.763080E-06  2.532471E-07  3.245335E-07  5.714606E-07
 3.061500E+02  1.402680E-01  3.880788E-05  2.004035E-09  2.656720E-09  2.962284E-09  3.565288E-09  4.954153E-02  1.025941E-05  8.991145E-09  6.817695E-01  8.015499E-03  3.830143E-04  1.668851E-05  3.432301E-04  7.529170E-09  2.719408E-08  1.065914E-08  1.190123E-01  4.427523E-05  3.911750E-07  3.348381E-07  2.313551E-04  3.145478E-04  9.189091E-06  2.380045E-07  3.051031E-07  5.445479E-07
 3.071500E+02  1.409757E-01  3.864404E-05  1.958628E-09  2.597220E-09  2.896110E-09  3.486523E-09  4.954926E-02  1.006665E-05  8.438705E-09  6.826340E-01  7.884079E-03  3.609986E-04  1.622008E-05  3.379825E-04  7.159690E-09  2.592686E-08  1.029819E-08  1.176038E-01  4.234243E-05  3.803338E-07  3.253343E-07  2.273716E-04  3.091270E-04  8.652302E-06  2.237744E-07  2.869575E-07  5.190482E-07
 3.081500E+02  1.416733E-01  3.847821E-05  1.914283E-09  2.539094E-09  2.831459E-09  3.409546E-09  4.955681E-02  9.878918E-06  7.923762E-09  6.834840E-01  7.755579E-03  3.403755E-04  1.576771E-05  3.328360E-04  6.810452E-09  2.472596E-08  9.950975E-09  1.162152E-01  4.050385E-05  3.698290E-07  3.161324E-07  2.234830E-04  3.038356E-04  8.150095E-06  2.104837E-07  2.700043E-07  4.948807E-07
 3.091500E+02  1.423611E-01  3.831054E-05  1.870982E-09  2.482315E-09  2.768302E-09  3.334325E-09  4.956418E-02  9.696059E-06  7.443548E-09  6.843199E-01  7.629923E-03  3.210496E-04  1.533078E-05  3.277886E-04  6.480244E-09  2.358756E-08  9.616933E-09  1.148463E-01  3.875451E-05  3.596497E-07  3.072224E-07  2.196867E-04  2.986701E-04  7.680050E-06  1.980650E-07  2.541583E-07  4.719695E-07
 3.101500E+02  1.430390E-01  3.814114E-05  1.828702E-09  2.426859E-09  2.706612E-09  3.260827E-09  4.957138E-02  9.517917E-06  6.995511E-09  6.851418E-01  7.507037E-03  3.029324E-04  1.490866E-05  3.228383E-04  6.167933E-09  2.250810E-08  9.295524E-09  1.134969E-01  3.708967E-05  3.497855E-07  2.985944E-07  2.159800E-04  2.936268E-04  7.239931E-06  1.864561E-07  2.393408E-07  4.502431E-07
 3.111500E+02  1.437072E-01  3.797015E-05  1.787425E-09  2.372698E-09  2.646359E-09  3.189021E-09  4.957842E-02  9.344343E-06  6.577307E-09  6.859501E-01  7.386848E-03  2.859418E-04  1.450079E-05  3.179830E-04  5.872457E-09  2.148423E-08  8.986233E-09  1.121668E-01  3.550488E-05  3.402259E-07  2.902393E-07  2.123602E-04  2.887021E-04  6.827665E-06  1.755994E-07  2.254790E-07  4.296348E-07
 3.121500E+02  1.443658E-01  3.779770E-05  1.747128E-09  2.319809E-09  2.587515E-09  3.118872E-09  4.958529E-02  9.175193E-06  6.186770E-09  6.867449E-01  7.269285E-03  2.700019E-04  1.410661E-05  3.132209E-04  5.592823E-09  2.051280E-08  8.688567E-09  1.108557E-01  3.399595E-05  3.309613E-07  2.821477E-07  2.088250E-04  2.838927E-04  6.441337E-06  1.654420E-07  2.125059E-07  4.100816E-07
 3.131500E+02  1.450149E-01  3.762388E-05  1.707793E-09  2.268164E-09  2.530053E-09  3.050351E-09  4.959201E-02  9.010329E-06  5.821908E-09  6.875267E-01  7.154280E-03  2.550421E-04  1.372559E-05  3.085500E-04  5.328100E-09  1.959086E-08  8.402052E-09  1.095635E-01  3.255890E-05  3.219820E-07  2.743111E-07  2.053719E-04  2.791952E-04  6.079172E-06  1.559348E-07  2.003595E-07  3.915245E-07
 3.141500E+02  1.456547E-01  3.744884E-05  1.669399E-09  2.217740E-09  2.473944E-09  2.983423E-09  4.959858E-02  8.849619E-06  5.480880E-09  6.882956E-01  7.041767E-03  2.409970E-04  1.335724E-05  3.039684E-04  5.077419E-09  1.871564E-08  8.126237E-09  1.082899E-01  3.119000E-05  3.132787E-07  2.667209E-07  2.019986E-04  2.746067E-04  5.739526E-06  1.470325E-07  1.889822E-07  3.739079E-07
 3.151500E+02  1.462852E-01  3.727266E-05  1.631926E-09  2.168509E-09  2.419161E-09  2.918057E-09  4.960500E-02  8.692933E-06  5.161989E-09  6.890518E-01  6.931682E-03  2.278058E-04  1.300105E-05  2.994743E-04  4.839962E-09  1.788454E-08  7.860689E-09  1.070347E-01  2.988572E-05  3.048426E-07  2.593688E-07  1.987029E-04  2.701238E-04  5.420874E-06  1.386931E-07  1.783210E-07  3.571798E-07
 3.161500E+02  1.469065E-01  3.709547E-05  1.595355E-09  2.120449E-09  2.365675E-09  2.854221E-09  4.961127E-02  8.540148E-06  4.863669E-09  6.897956E-01  6.823962E-03  2.154121E-04  1.265658E-05  2.950659E-04  4.614965E-09  1.709510E-08  7.604993E-09  1.057977E-01  2.864271E-05  2.966648E-07  2.522471E-07  1.954827E-04  2.657438E-04  5.121804E-06  1.308779E-07  1.683268E-07  3.412910E-07
 3.171500E+02  1.475188E-01  3.691737E-05  1.559666E-09  2.073533E-09  2.313460E-09  2.791883E-09  4.961741E-02  8.391145E-06  4.584471E-09  6.905273E-01  6.718546E-03  2.037635E-04  1.232337E-05  2.907415E-04  4.401711E-09  1.634503E-08  7.358751E-09  1.045786E-01  2.745782E-05  2.887370E-07  2.453479E-07  1.923357E-04  2.614636E-04  4.841005E-06  1.235509E-07  1.589541E-07  3.261955E-07
 3.181500E+02  1.481221E-01  3.673845E-05  1.524839E-09  2.027736E-09  2.262488E-09  2.731013E-09  4.962341E-02  8.245809E-06  4.323058E-09  6.912469E-01  6.615376E-03  1.928112E-04  1.200100E-05  2.864992E-04  4.199527E-09  1.563216E-08  7.121585E-09  1.033772E-01  2.632808E-05  2.810512E-07  2.386638E-07  1.892599E-04  2.572806E-04  4.577262E-06  1.166788E-07  1.501606E-07  3.118498E-07
 3.191500E+02  1.487167E-01  3.655881E-05  1.490855E-09  1.983036E-09  2.212732E-09  2.671578E-09  4.962927E-02  8.104029E-06  4.078193E-09  6.919549E-01  6.514394E-03  1.825101E-04  1.168906E-05  2.823375E-04  4.007782E-09  1.495447E-08  6.893130E-09  1.021934E-01  2.525068E-05  2.735993E-07  2.321878E-07  1.862535E-04  2.531921E-04  4.329444E-06  1.102309E-07  1.419073E-07  2.982131E-07
 3.201500E+02  1.493026E-01  3.637855E-05  1.457696E-09  1.939407E-09  2.164165E-09  2.613547E-09  4.963501E-02  7.965698E-06  3.848733E-09  6.926514E-01  6.415544E-03  1.728179E-04  1.138716E-05  2.782546E-04  3.825884E-09  1.431004E-08  6.673038E-09  1.010268E-01  2.422296E-05  2.663739E-07  2.259128E-07  1.833145E-04  2.491954E-04  4.096504E-06  1.041786E-07  1.341580E-07  2.852469E-07
 3.211500E+02  1.498798E-01  3.619776E-05  1.425342E-09  1.896826E-09  2.116762E-09  2.556892E-09  4.964063E-02  7.830712E-06  3.633619E-09  6.933365E-01  6.318773E-03  1.636955E-04  1.109494E-05  2.742489E-04  3.653278E-09  1.369706E-08  6.460974E-09  9.987734E-02  2.324240E-05  2.593675E-07  2.198323E-07  1.804410E-04  2.452880E-04  3.877468E-06  9.849528E-08  1.268790E-07  2.729152E-07
 3.221500E+02  1.504486E-01  3.601652E-05  1.393777E-09  1.855269E-09  2.070496E-09  2.501581E-09  4.964612E-02  7.698973E-06  3.431871E-09  6.940105E-01  6.224027E-03  1.551064E-04  1.081202E-05  2.703188E-04  3.489442E-09  1.311385E-08  6.256620E-09  9.874466E-02  2.230664E-05  2.525731E-07  2.139396E-07  1.776312E-04  2.414674E-04  3.671430E-06  9.315651E-08  1.200392E-07  2.611837E-07
 3.231500E+02  1.510091E-01  3.583491E-05  1.362980E-09  1.814713E-09  2.025342E-09  2.447584E-09  4.965150E-02  7.570383E-06  3.242580E-09  6.946737E-01  6.131256E-03  1.470166E-04  1.053806E-05  2.664627E-04  3.333886E-09  1.255880E-08  6.059668E-09  9.762859E-02  2.141341E-05  2.459837E-07  2.082287E-07  1.748836E-04  2.377314E-04  3.477548E-06  8.813941E-08  1.136095E-07  2.500204E-07
 3.241500E+02  1.515613E-01  3.565302E-05  1.332935E-09  1.775136E-09  1.981275E-09  2.394872E-09  4.965676E-02  7.444850E-06  3.064907E-09  6.953261E-01  6.040411E-03  1.393945E-04  1.027275E-05  2.626792E-04  3.186149E-09  1.203042E-08  5.869826E-09  9.652890E-02  2.056061E-05  2.395928E-07  2.026933E-07  1.721962E-04  2.340776E-04  3.295040E-06  8.342282E-08  1.075632E-07  2.393951E-07
 3.251500E+02  1.521054E-01  3.547092E-05  1.303623E-09  1.736514E-09  1.938269E-09  2.343417E-09  4.966191E-02  7.322285E-06  2.898071E-09  6.959681E-01  5.951443E-03  1.322107E-04  1.001575E-05  2.589666E-04  3.045799E-09  1.152729E-08  5.686812E-09  9.544537E-02  1.974621E-05  2.333938E-07  1.973278E-07  1.695676E-04  2.305038E-04  3.123177E-06  7.898705E-08  1.018751E-07  2.292793E-07
 3.261500E+02  1.526415E-01  3.528868E-05  1.275028E-09  1.698826E-09  1.896300E-09  2.293189E-09  4.966695E-02  7.202600E-06  2.741348E-09  6.965997E-01  5.864305E-03  1.254376E-04  9.766771E-06  2.553235E-04  2.912429E-09  1.104808E-08  5.510358E-09  9.437776E-02  1.896832E-05  2.273806E-07  1.921265E-07  1.669962E-04  2.270078E-04  2.961281E-06  7.481382E-08  9.652217E-08  2.196460E-07
 3.271500E+02  1.531696E-01  3.510639E-05  1.247133E-09  1.662050E-09  1.855344E-09  2.244161E-09  4.967188E-02  7.085712E-06  2.594069E-09  6.972212E-01  5.778953E-03  1.190497E-04  9.525518E-06  2.517486E-04  2.785657E-09  1.059152E-08  5.340205E-09  9.332588E-02  1.822513E-05  2.215471E-07  1.870840E-07  1.644804E-04  2.235876E-04  2.808719E-06  7.088614E-08  9.148268E-08  2.104700E-07
 3.281500E+02  1.536900E-01  3.492409E-05  1.219920E-09  1.626164E-09  1.815377E-09  2.196304E-09  4.967671E-02  6.971541E-06  2.455610E-09  6.978328E-01  5.695341E-03  1.130230E-04  9.291714E-06  2.482402E-04  2.665122E-09  1.015644E-08  5.176106E-09  9.228948E-02  1.751494E-05  2.158876E-07  1.821949E-07  1.620187E-04  2.202412E-04  2.664904E-06  6.718819E-08  8.673655E-08  2.017273E-07
 3.291500E+02  1.542027E-01  3.474187E-05  1.193374E-09  1.591147E-09  1.776376E-09  2.149593E-09  4.968144E-02  6.860007E-06  2.325392E-09  6.984346E-01  5.613427E-03  1.073352E-04  9.065090E-06  2.447972E-04  2.550488E-09  9.741714E-09  5.017825E-09  9.126835E-02  1.683614E-05  2.103963E-07  1.774543E-07  1.596098E-04  2.169665E-04  2.529288E-06  6.370526E-08  8.226509E-08  1.933955E-07
 3.301500E+02  1.547079E-01  3.455978E-05  1.167478E-09  1.556979E-09  1.738318E-09  2.103999E-09  4.968607E-02  6.751037E-06  2.202878E-09  6.990268E-01  5.533170E-03  1.019656E-04  8.845390E-06  2.414181E-04  2.441434E-09  9.346287E-09  4.865135E-09  9.026227E-02  1.618719E-05  2.050680E-07  1.728572E-07  1.572522E-04  2.137618E-04  2.401359E-06  6.042367E-08  7.805088E-08  1.854531E-07
 3.311500E+02  1.552056E-01  3.437788E-05  1.142216E-09  1.523639E-09  1.701180E-09  2.059496E-09  4.969060E-02  6.644556E-06  2.087568E-09  6.996095E-01  5.454528E-03  9.689470E-05  8.632367E-06  2.381015E-04  2.337661E-09  8.969164E-09  4.717817E-09  8.927103E-02  1.556665E-05  1.998972E-07  1.683989E-07  1.549446E-04  2.106251E-04  2.280640E-06  5.733067E-08  7.407771E-08  1.778803E-07
 3.321500E+02  1.556959E-01  3.419623E-05  1.117574E-09  1.491108E-09  1.664941E-09  2.016060E-09  4.969504E-02  6.540495E-06  1.978999E-09  7.001830E-01  5.377463E-03  9.210433E-05  8.425786E-06  2.348462E-04  2.238887E-09  8.609407E-09  4.575664E-09  8.829440E-02  1.497315E-05  1.948789E-07  1.640747E-07  1.526857E-04  2.075547E-04  2.166686E-06  5.441437E-08  7.033045E-08  1.706579E-07
 3.331500E+02  1.561790E-01  3.401489E-05  1.093535E-09  1.459365E-09  1.629578E-09  1.973664E-09  4.969939E-02  6.438785E-06  1.876738E-09  7.007475E-01  5.301936E-03  8.757753E-05  8.225419E-06  2.316509E-04  2.144846E-09  8.266129E-09  4.438476E-09  8.733218E-02  1.440539E-05  1.900083E-07  1.598805E-07  1.504742E-04  2.045489E-04  2.059083E-06  5.166373E-08  6.679503E-08  1.637681E-07
 3.341500E+02  1.566549E-01  3.383390E-05  1.070085E-09  1.428392E-09  1.595071E-09  1.932283E-09  4.970366E-02  6.339361E-06  1.780383E-09  7.013030E-01  5.227909E-03  8.329846E-05  8.031048E-06  2.285144E-04  2.055286E-09  7.938492E-09  4.306062E-09  8.638415E-02  1.386213E-05  1.852805E-07  1.558117E-07  1.483089E-04  2.016060E-04  1.957443E-06  4.906841E-08  6.345830E-08  1.571940E-07
 3.351500E+02  1.571238E-01  3.365331E-05  1.047210E-09  1.398170E-09  1.561398E-09  1.891894E-09  4.970783E-02  6.242159E-06  1.689559E-09  7.018497E-01  5.155348E-03  7.925229E-05  7.842463E-06  2.254354E-04  1.969973E-09  7.625704E-09  4.178237E-09  8.545011E-02  1.334220E-05  1.806911E-07  1.518644E-07  1.461887E-04  1.987243E-04  1.861404E-06  4.661881E-08  6.030802E-08  1.509196E-07
 3.361500E+02  1.575858E-01  3.347318E-05  1.024894E-09  1.368680E-09  1.528540E-09  1.852471E-09  4.971192E-02  6.147116E-06  1.603919E-09  7.023878E-01  5.084215E-03  7.542515E-05  7.659464E-06  2.224128E-04  1.888684E-09  7.327019E-09  4.054826E-09  8.452983E-02  1.284450E-05  1.762354E-07  1.480345E-07  1.441123E-04  1.959023E-04  1.770627E-06  4.430594E-08  5.733274E-08  1.449298E-07
 3.371500E+02  1.580410E-01  3.329355E-05  1.003124E-09  1.339905E-09  1.496476E-09  1.813992E-09  4.971593E-02  6.054174E-06  1.523137E-09  7.029175E-01  5.014478E-03  7.180407E-05  7.481857E-06  2.194453E-04  1.811207E-09  7.041729E-09  3.935660E-09  8.362312E-02  1.236798E-05  1.719094E-07  1.443183E-07  1.420786E-04  1.931385E-04  1.684797E-06  4.212143E-08  5.452179E-08  1.392103E-07
 3.381500E+02  1.584895E-01  3.311445E-05  9.818873E-10  1.311826E-09  1.465186E-09  1.776435E-09  4.971986E-02  5.963275E-06  1.446910E-09  7.034389E-01  4.946103E-03  6.837690E-05  7.309456E-06  2.165319E-04  1.737346E-09  6.769168E-09  3.820577E-09  8.272978E-02  1.191163E-05  1.677088E-07  1.407119E-07  1.400866E-04  1.904313E-04  1.603618E-06  4.005746E-08  5.186521E-08  1.337477E-07
 3.391500E+02  1.589314E-01  3.293594E-05  9.611692E-10  1.284427E-09  1.434652E-09  1.739775E-09  4.972371E-02  5.874363E-06  1.374957E-09  7.039521E-01  4.879058E-03  6.513227E-05  7.142083E-06  2.136713E-04  1.666914E-09  6.508703E-09  3.709422E-09  8.184959E-02  1.147452E-05  1.636296E-07  1.372119E-07  1.381352E-04  1.877794E-04  1.526813E-06  3.810673E-08  4.935367E-08  1.285292E-07
 3.401500E+02  1.593667E-01  3.275805E-05  9.409569E-10  1.257690E-09  1.404855E-09  1.703992E-09  4.972749E-02  5.787384E-06  1.307014E-09  7.044573E-01  4.813310E-03  6.205953E-05  6.979567E-06  2.108626E-04  1.599733E-09  6.259737E-09  3.602046E-09  8.098236E-02  1.105575E-05  1.596679E-07  1.338147E-07  1.362233E-04  1.851814E-04  1.454124E-06  3.626241E-08  4.697848E-08  1.235426E-07
 3.411500E+02  1.597956E-01  3.258082E-05  9.212378E-10  1.231599E-09  1.375776E-09  1.669063E-09  4.973119E-02  5.702286E-06  1.242836E-09  7.049546E-01  4.748830E-03  5.914870E-05  6.821741E-06  2.081046E-04  1.535639E-09  6.021705E-09  3.498306E-09  8.012789E-02  1.065445E-05  1.558201E-07  1.305171E-07  1.343501E-04  1.826358E-04  1.385308E-06  3.451811E-08  4.473149E-08  1.187766E-07
 3.421500E+02  1.602183E-01  3.240427E-05  9.019993E-10  1.206138E-09  1.347397E-09  1.634968E-09  4.973482E-02  5.619018E-06  1.182192E-09  7.054442E-01  4.685588E-03  5.639044E-05  6.668448E-06  2.053963E-04  1.474473E-09  5.794072E-09  3.398066E-09  7.928598E-02  1.026983E-05  1.520825E-07  1.273158E-07  1.325145E-04  1.801415E-04  1.320140E-06  3.286789E-08  4.260510E-08  1.142204E-07
 3.431500E+02  1.606347E-01  3.222846E-05  8.832292E-10  1.181291E-09  1.319701E-09  1.601686E-09  4.973838E-02  5.537530E-06  1.124869E-09  7.059261E-01  4.623555E-03  5.377597E-05  6.519534E-06  2.027366E-04  1.416087E-09  5.576332E-09  3.301193E-09  7.845644E-02  9.901111E-06  1.484516E-07  1.242077E-07  1.307155E-04  1.776970E-04  1.258406E-06  3.130616E-08  4.059218E-08  1.098637E-07
 3.441500E+02  1.610449E-01  3.205340E-05  8.649156E-10  1.157042E-09  1.292671E-09  1.569197E-09  4.974187E-02  5.457777E-06  1.070667E-09  7.064006E-01  4.562702E-03  5.129707E-05  6.374854E-06  2.001246E-04  1.360341E-09  5.368006E-09  3.207562E-09  7.763908E-02  9.547568E-06  1.449240E-07  1.211897E-07  1.289524E-04  1.753012E-04  1.199907E-06  2.982770E-08  3.868608E-08  1.056968E-07
 3.451500E+02  1.614492E-01  3.187913E-05  8.470469E-10  1.133377E-09  1.266291E-09  1.537480E-09  4.974529E-02  5.379711E-06  1.019398E-09  7.068678E-01  4.503002E-03  4.894604E-05  6.234266E-06  1.975593E-04  1.307102E-09  5.168639E-09  3.117052E-09  7.683371E-02  9.208506E-06  1.414964E-07  1.182591E-07  1.272241E-04  1.729529E-04  1.144459E-06  2.842763E-08  3.688054E-08  1.017106E-07
 3.461500E+02  1.618475E-01  3.170567E-05  8.296116E-10  1.110281E-09  1.240542E-09  1.506518E-09  4.974864E-02  5.303288E-06  9.708879E-10  7.073278E-01  4.444429E-03  4.671562E-05  6.097633E-06  1.950397E-04  1.256246E-09  4.977803E-09  3.029547E-09  7.604013E-02  8.883265E-06  1.381659E-07  1.154129E-07  1.255299E-04  1.706509E-04  1.091885E-06  2.710137E-08  3.516973E-08  9.789639E-08
 3.471500E+02  1.622400E-01  3.153305E-05  8.125988E-10  1.087739E-09  1.215411E-09  1.476291E-09  4.975193E-02  5.228465E-06  9.249732E-10  7.077807E-01  4.386956E-03  4.459903E-05  5.964826E-06  1.925648E-04  1.207653E-09  4.795089E-09  2.944934E-09  7.525818E-02  8.571221E-06  1.349291E-07  1.126485E-07  1.238689E-04  1.683941E-04  1.042021E-06  2.584463E-08  3.354817E-08  9.424586E-08
 3.481500E+02  1.626268E-01  3.136130E-05  7.959975E-10  1.065737E-09  1.190881E-09  1.446780E-09  4.975516E-02  5.155199E-06  8.815008E-10  7.082267E-01  4.330558E-03  4.258990E-05  5.835718E-06  1.901338E-04  1.161212E-09  4.620111E-09  2.863109E-09  7.448765E-02  8.271776E-06  1.317833E-07  1.099632E-07  1.222402E-04  1.661813E-04  9.947147E-07  2.465342E-08  3.201074E-08  9.075125E-08
 3.491500E+02  1.630079E-01  3.119044E-05  7.797972E-10  1.044262E-09  1.166936E-09  1.417968E-09  4.975833E-02  5.083452E-06  8.403274E-10  7.086658E-01  4.275211E-03  4.068221E-05  5.710188E-06  1.877457E-04  1.116816E-09  4.452504E-09  2.783966E-09  7.372838E-02  7.984365E-06  1.287256E-07  1.073546E-07  1.206433E-04  1.640115E-04  9.498209E-07  2.352395E-08  3.055261E-08  8.740515E-08
 3.501500E+02  1.633834E-01  3.102049E-05  7.639876E-10  1.023300E-09  1.143563E-09  1.389837E-09  4.976144E-02  5.013183E-06  8.013191E-10  7.090982E-01  4.220890E-03  3.887036E-05  5.588119E-06  1.853996E-04  1.074366E-09  4.291921E-09  2.707409E-09  7.298018E-02  7.708450E-06  1.257532E-07  1.048202E-07  1.190771E-04  1.618837E-04  9.072043E-07  2.245271E-08  2.916929E-08  8.420054E-08
 3.511500E+02  1.637535E-01  3.085147E-05  7.485587E-10  1.002838E-09  1.120746E-09  1.362371E-09  4.976449E-02  4.944353E-06  7.643502E-10  7.095240E-01  4.167572E-03  3.714904E-05  5.469399E-06  1.830948E-04  1.033766E-09  4.138032E-09  2.633343E-09  7.224289E-02  7.443518E-06  1.228634E-07  1.023575E-07  1.175411E-04  1.597968E-04  8.667377E-07  2.143638E-08  2.785654E-08  8.113076E-08
 3.521500E+02  1.641182E-01  3.068340E-05  7.335006E-10  9.828634E-10  1.098471E-09  1.335551E-09  4.976748E-02  4.876927E-06  7.293032E-10  7.099434E-01  4.115235E-03  3.551328E-05  5.353920E-06  1.808303E-04  9.949272E-10  3.990525E-09  2.561676E-09  7.151632E-02  7.189082E-06  1.200538E-07  9.996447E-08  1.160345E-04  1.577500E-04  8.283017E-07  2.047186E-08  2.661038E-08  7.818951E-08
 3.531500E+02  1.644775E-01  3.051631E-05  7.188037E-10  9.633638E-10  1.076725E-09  1.309363E-09  4.977041E-02  4.810869E-06  6.960677E-10  7.103564E-01  4.063856E-03  3.395841E-05  5.241577E-06  1.786054E-04  9.577638E-10  3.849104E-09  2.492321E-09  7.080031E-02  6.944679E-06  1.173217E-07  9.763876E-08  1.145565E-04  1.557421E-04  7.917839E-07  1.955625E-08  2.542709E-08  7.537077E-08
 3.541500E+02  1.648317E-01  3.035019E-05  7.044589E-10  9.443270E-10  1.055495E-09  1.283789E-09  4.977329E-02  4.746143E-06  6.645404E-10  7.107631E-01  4.013414E-03  3.248002E-05  5.132271E-06  1.764192E-04  9.221954E-10  3.713487E-09  2.425195E-09  7.009468E-02  6.709868E-06  1.146648E-07  9.537826E-08  1.131066E-04  1.537723E-04  7.570789E-07  1.868679E-08  2.430316E-08  7.266888E-08
 3.551500E+02  1.651807E-01  3.018508E-05  6.904569E-10  9.257412E-10  1.034766E-09  1.258815E-09  4.977612E-02  4.682716E-06  6.346243E-10  7.111637E-01  3.963888E-03  3.107397E-05  5.025904E-06  1.742709E-04  8.881457E-10  3.583409E-09  2.360217E-09  6.939928E-02  6.484228E-06  1.120809E-07  9.318095E-08  1.116841E-04  1.518397E-04  7.240874E-07  1.786093E-08  2.323531E-08  7.007844E-08
 3.561500E+02  1.655247E-01  3.002099E-05  6.767889E-10  9.075949E-10  1.014526E-09  1.234426E-09  4.977890E-02  4.620556E-06  6.062285E-10  7.115583E-01  3.915258E-03  2.973637E-05  4.922382E-06  1.721598E-04  8.555424E-10  3.458615E-09  2.297310E-09  6.871393E-02  6.267359E-06  1.095675E-07  9.104482E-08  1.102882E-04  1.499435E-04  6.927161E-07  1.707625E-08  2.222045E-08  6.759430E-08
 3.571500E+02  1.658637E-01  2.985792E-05  6.634463E-10  8.898769E-10  9.947636E-10  1.210606E-09  4.978163E-02  4.559630E-06  5.792676E-10  7.119469E-01  3.867503E-03  2.846354E-05  4.821617E-06  1.700851E-04  8.243169E-10  3.338865E-09  2.236399E-09  6.803848E-02  6.058881E-06  1.071226E-07  8.896796E-08  1.089185E-04  1.480827E-04  6.628773E-07  1.633048E-08  2.125567E-08  6.521162E-08
 3.581500E+02  1.661978E-01  2.969590E-05  6.504207E-10  8.725761E-10  9.754654E-10  1.187342E-09  4.978430E-02  4.499908E-06  5.536615E-10  7.123297E-01  3.820604E-03  2.725203E-05  4.723520E-06  1.680460E-04  7.944041E-10  3.223930E-09  2.177413E-09  6.737277E-02  5.858430E-06  1.047441E-07  8.694853E-08  1.075742E-04  1.462565E-04  6.344883E-07  1.562150E-08  2.033824E-08  6.292576E-08
 3.591500E+02  1.665271E-01  2.953493E-05  6.377040E-10  8.556820E-10  9.566198E-10  1.164619E-09  4.978693E-02  4.441360E-06  5.293348E-10  7.127068E-01  3.774542E-03  2.609859E-05  4.628010E-06  1.660419E-04  7.657426E-10  3.113593E-09  2.120283E-09  6.671664E-02  5.665662E-06  1.024299E-07  8.498472E-08  1.062548E-04  1.444642E-04  6.074713E-07  1.494729E-08  1.946558E-08  6.073234E-08
 3.601500E+02  1.668516E-01  2.937502E-05  6.252880E-10  8.391840E-10  9.382154E-10  1.142423E-09  4.978951E-02  4.383958E-06  5.062169E-10  7.130782E-01  3.729299E-03  2.500015E-05  4.535004E-06  1.640721E-04  7.382737E-10  3.007647E-09  2.064944E-09  6.606994E-02  5.480246E-06  1.001781E-07  8.307483E-08  1.049597E-04  1.427049E-04  5.817532E-07  1.430597E-08  1.863529E-08  5.862716E-08
 3.611500E+02  1.671715E-01  2.921619E-05  6.131651E-10  8.230721E-10  9.202409E-10  1.120742E-09  4.979204E-02  4.327672E-06  4.842414E-10  7.134442E-01  3.684857E-03  2.395381E-05  4.444426E-06  1.621358E-04  7.119420E-10  2.905897E-09  2.011333E-09  6.543252E-02  5.301870E-06  9.798670E-08  8.121716E-08  1.036884E-04  1.409779E-04  5.572649E-07  1.369576E-08  1.784509E-08  5.660628E-08
 3.621500E+02  1.674869E-01  2.905844E-05  6.013277E-10  8.073365E-10  9.026852E-10  1.099561E-09  4.979453E-02  4.272476E-06  4.633457E-10  7.138047E-01  3.641198E-03  2.295685E-05  4.356200E-06  1.602324E-04  6.866948E-10  2.808155E-09  1.959387E-09  6.480422E-02  5.130233E-06  9.585396E-08  7.941012E-08  1.024403E-04  1.392824E-04  5.339416E-07  1.311501E-08  1.709282E-08  5.466591E-08
 3.631500E+02  1.677977E-01  2.890178E-05  5.897685E-10  7.919674E-10  8.855378E-10  1.078870E-09  4.979697E-02  4.218342E-06  4.434710E-10  7.141598E-01  3.598306E-03  2.200670E-05  4.270254E-06  1.583612E-04  6.624822E-10  2.714243E-09  1.909049E-09  6.418490E-02  4.965051E-06  9.377807E-08  7.765213E-08  1.012149E-04  1.376178E-04  5.117218E-07  1.256213E-08  1.637649E-08  5.280247E-08
 3.641500E+02  1.681041E-01  2.874621E-05  5.784801E-10  7.769555E-10  8.687883E-10  1.058654E-09  4.979937E-02  4.165247E-06  4.245623E-10  7.145097E-01  3.556163E-03  2.110093E-05  4.186518E-06  1.565215E-04  6.392568E-10  2.623994E-09  1.860262E-09  6.357441E-02  4.806052E-06  9.175732E-08  7.594169E-08  1.000116E-04  1.359833E-04  4.905479E-07  1.203564E-08  1.569418E-08  5.101255E-08
 3.651500E+02  1.684061E-01  2.859174E-05  5.674558E-10  7.622917E-10  8.524263E-10  1.038903E-09  4.980173E-02  4.113163E-06  4.065674E-10  7.148545E-01  3.514754E-03  2.023725E-05  4.104924E-06  1.547129E-04  6.169734E-10  2.537247E-09  1.812973E-09  6.297262E-02  4.652976E-06  8.979005E-08  7.427735E-08  9.883002E-05  1.343783E-04  4.703655E-07  1.153415E-08  1.504411E-08  4.929289E-08
 3.661500E+02  1.687038E-01  2.843839E-05  5.566886E-10  7.479671E-10  8.364422E-10  1.019604E-09  4.980405E-02  4.062068E-06  3.894374E-10  7.151942E-01  3.474063E-03  1.941351E-05  4.025408E-06  1.529345E-04  5.955892E-10  2.453847E-09  1.767129E-09  6.237937E-02  4.505575E-06  8.787465E-08  7.265769E-08  9.766960E-05  1.328020E-04  4.511231E-07  1.105634E-08  1.442459E-08  4.764041E-08
 3.671500E+02  1.689973E-01  2.828614E-05  5.461719E-10  7.339730E-10  8.208262E-10  1.000745E-09  4.980632E-02  4.011937E-06  3.731262E-10  7.155289E-01  3.434075E-03  1.862766E-05  3.947907E-06  1.511858E-04  5.750637E-10  2.373651E-09  1.722679E-09  6.179454E-02  4.363614E-06  8.600957E-08  7.108135E-08  9.652988E-05  1.312539E-04  4.327723E-07  1.060098E-08  1.383403E-08  4.605217E-08
 3.681500E+02  1.692866E-01  2.813501E-05  5.358993E-10  7.203011E-10  8.055690E-10  9.823173E-10  4.980856E-02  3.962748E-06  3.575905E-10  7.158587E-01  3.394773E-03  1.787778E-05  3.872361E-06  1.494663E-04  5.553581E-10  2.296519E-09  1.679577E-09  6.121799E-02  4.226866E-06  8.419330E-08  6.954701E-08  9.541041E-05  1.297332E-04  4.152675E-07  1.016690E-08  1.327092E-08  4.452536E-08
 3.691500E+02  1.695719E-01  2.798500E-05  5.258645E-10  7.069430E-10  7.906615E-10  9.643081E-10  4.981076E-02  3.914478E-06  3.427893E-10  7.161838E-01  3.356145E-03  1.716205E-05  3.798709E-06  1.477753E-04  5.364358E-10  2.222320E-09  1.637775E-09  6.064957E-02  4.095118E-06  8.242439E-08  6.805341E-08  9.431072E-05  1.282395E-04  3.985653E-07  9.752988E-09  1.273385E-08  4.305734E-08
 3.701500E+02  1.698531E-01  2.783612E-05  5.160614E-10  6.938908E-10  7.760947E-10  9.467073E-10  4.981292E-02  3.867105E-06  3.286842E-10  7.165041E-01  3.318175E-03  1.647874E-05  3.726897E-06  1.461123E-04  5.182617E-10  2.150927E-09  1.597229E-09  6.008917E-02  3.968164E-06  8.070143E-08  6.659930E-08  9.323038E-05  1.267721E-04  3.826251E-07  9.358213E-09  1.222149E-08  4.164554E-08
 3.711500E+02  1.701304E-01  2.768835E-05  5.064840E-10  6.811367E-10  7.618600E-10  9.295047E-10  4.981504E-02  3.820609E-06  3.152387E-10  7.168197E-01  3.280850E-03  1.582624E-05  3.656870E-06  1.444767E-04  5.008027E-10  2.082222E-09  1.557897E-09  5.953665E-02  3.845807E-06  7.902306E-08  6.518351E-08  9.216897E-05  1.253303E-04  3.674082E-07  8.981591E-09  1.173257E-08  4.028757E-08
 3.721500E+02  1.704037E-01  2.754172E-05  4.971266E-10  6.686732E-10  7.479491E-10  9.126902E-10  4.981712E-02  3.774969E-06  3.024187E-10  7.171308E-01  3.244156E-03  1.520301E-05  3.588574E-06  1.428680E-04  4.840272E-10  2.016089E-09  1.519735E-09  5.899188E-02  3.727861E-06  7.738796E-08  6.380487E-08  9.112607E-05  1.239137E-04  3.528784E-07  8.622196E-09  1.126590E-08  3.898111E-08
 3.731500E+02  1.706733E-01  2.739621E-05  4.879835E-10  6.564928E-10  7.343536E-10  8.962541E-10  4.981917E-02  3.730165E-06  2.901918E-10  7.174374E-01  3.208080E-03  1.460758E-05  3.521958E-06  1.412857E-04  4.679051E-10  1.952420E-09  1.482706E-09  5.845474E-02  3.614146E-06  7.579486E-08  6.246228E-08  9.010127E-05  1.225218E-04  3.390013E-07  8.279155E-09  1.082036E-08  3.772397E-08
