#         T/K            c1          c2-1          c3-4          c3-5          c3-7          c3-9            m1          m2-1          m3-1            w1            w2          w3-1          w3-2          c1m1        c1m2-1        c1m2-7        c2m1-1        c1w1-2        c1w2-1        c2w1-1        c2w1-9        m1w1-1        m1w1-4        m1w2-1        m2w1-1        m2w1-3      c1m1w1-1
 2.731500E+02  7.436198E-02  1.759409E-05  1.102148E-09  1.446596E-09  1.609453E-09  1.919073E-09  5.920834E-01  2.834787E-03  1.464932E-04  2.712762E-01  2.428002E-03  2.210300E-04  3.101287E-06  4.429139E-03  4.030902E-06  1.322667E-05  1.689966E-07  4.677804E-02  2.301135E-05  1.698394E-07  1.491370E-07  2.086337E-03  2.840067E-03  1.590083E-04  1.256591E-04  1.591490E-04  9.242111E-06
 2.741500E+02  7.477478E-02  1.746663E-05  1.067539E-09  1.401645E-09  1.559558E-09  1.860165E-09  5.922769E-01  2.768286E-03  1.353131E-04  2.717757E-01  2.379358E-03  2.054310E-04  2.994430E-06  4.339905E-03  3.780365E-06  1.244475E-05  1.614949E-07  4.604386E-02  2.174680E-05  1.636305E-07  1.435610E-07  2.041975E-03  2.779502E-03  1.475587E-04  1.163624E-04  1.474332E-04  8.695954E-06
 2.751500E+02  7.518005E-02  1.733851E-05  1.034052E-09  1.358134E-09  1.511257E-09  1.803118E-09  5.924634E-01  2.703841E-03  1.250615E-04  2.722638E-01  2.331936E-03  1.910227E-04  2.891857E-06  4.252825E-03  3.546889E-06  1.171372E-05  1.543588E-07  4.532244E-02  2.055811E-05  1.576686E-07  1.382118E-07  1.998836E-03  2.720615E-03  1.370034E-04  1.078132E-04  1.366553E-04  8.185083E-06
 2.761500E+02  7.557792E-02  1.720984E-05  1.001654E-09  1.316021E-09  1.464503E-09  1.747879E-09  5.926432E-01  2.641377E-03  1.156555E-04  2.727408E-01  2.285702E-03  1.777080E-04  2.793379E-06  4.167844E-03  3.329224E-06  1.102998E-05  1.475692E-07  4.461365E-02  1.944043E-05  1.519434E-07  1.330799E-07  1.956883E-03  2.663355E-03  1.272676E-04  9.994699E-05  1.267347E-04  7.707049E-06
 2.771500E+02  7.596846E-02  1.708072E-05  9.703124E-10  1.275265E-09  1.419253E-09  1.694395E-09  5.928167E-01  2.580822E-03  1.070200E-04  2.732070E-01  2.240624E-03  1.653983E-04  2.698817E-06  4.084911E-03  3.126213E-06  1.039024E-05  1.411084E-07  4.391733E-02  1.838920E-05  1.464454E-07  1.281562E-07  1.916078E-03  2.607668E-03  1.182831E-04  9.270524E-05  1.175981E-04  7.259585E-06
 2.781500E+02  7.635180E-02  1.695123E-05  9.399958E-10  1.235827E-09  1.375461E-09  1.642617E-09  5.929843E-01  2.522107E-03  9.908723E-05  2.736627E-01  2.196670E-03  1.540125E-04  2.607998E-06  4.003975E-03  2.936793E-06  9.791433E-06  1.349593E-07  4.323333E-02  1.740019E-05  1.411652E-07  1.234319E-07  1.876385E-03  2.553507E-03  1.099877E-04  8.603465E-05  1.091788E-04  6.840587E-06
 2.791500E+02  7.672804E-02  1.682148E-05  9.106729E-10  1.197666E-09  1.333084E-09  1.592494E-09  5.931461E-01  2.465165E-03  9.179555E-05  2.741083E-01  2.153811E-03  1.434764E-04  2.520759E-06  3.924984E-03  2.759981E-06  9.230716E-06  1.291059E-07  4.256150E-02  1.646947E-05  1.360939E-07  1.188986E-07  1.837769E-03  2.500821E-03  1.023248E-04  7.988681E-05  1.014165E-04  6.448107E-06
 2.801500E+02  7.709728E-02  1.669154E-05  8.823132E-10  1.160745E-09  1.292080E-09  1.543977E-09  5.933025E-01  2.409934E-03  8.508919E-05  2.745440E-01  2.112016E-03  1.337221E-04  2.436944E-06  3.847891E-03  2.594871E-06  8.705469E-06  1.235330E-07  4.190167E-02  1.559333E-05  1.312229E-07  1.145483E-07  1.800196E-03  2.449565E-03  9.524254E-05  7.421765E-05  9.425578E-05  6.080338E-06
 2.811500E+02  7.745964E-02  1.656150E-05  8.548870E-10  1.125025E-09  1.252408E-09  1.497019E-09  5.934537E-01  2.356351E-03  7.891752E-05  2.749700E-01  2.071256E-03  1.246875E-04  2.356405E-06  3.772648E-03  2.440626E-06  8.213258E-06  1.182262E-07  4.125369E-02  1.476835E-05  1.265440E-07  1.103733E-07  1.763634E-03  2.399694E-03  8.869371E-05  6.898707E-05  8.764659E-05  5.735604E-06
 2.821500E+02  7.781522E-02  1.643144E-05  8.283650E-10  1.090471E-09  1.214026E-09  1.451573E-09  5.936000E-01  2.304359E-03  7.323462E-05  2.753867E-01  2.031501E-03  1.163157E-04  2.278998E-06  3.699207E-03  2.296473E-06  7.751832E-06  1.131720E-07  4.061739E-02  1.399131E-05  1.220492E-07  1.063662E-07  1.728051E-03  2.351163E-03  8.263516E-05  6.415855E-05  8.154316E-05  5.412348E-06
 2.831500E+02  7.816413E-02  1.630143E-05  8.027190E-10  1.057045E-09  1.176894E-09  1.407593E-09  5.937415E-01  2.253901E-03  6.799874E-05  2.757944E-01  1.992726E-03  1.085546E-04  2.204588E-06  3.627523E-03  2.161698E-06  7.319101E-06  1.083575E-07  3.999259E-02  1.325922E-05  1.177311E-07  1.025199E-07  1.693415E-03  2.303931E-03  7.702742E-05  5.969882E-05  7.590380E-05  5.109128E-06
 2.841500E+02  7.850649E-02  1.617155E-05  7.779211E-10  1.024713E-09  1.140975E-09  1.365034E-09  5.938786E-01  2.204922E-03  6.317197E-05  2.761932E-01  1.954901E-03  1.013564E-04  2.133046E-06  3.557552E-03  2.035640E-06  6.913127E-06  1.037704E-07  3.937914E-02  1.256927E-05  1.135823E-07  9.882771E-08  1.659699E-03  2.257958E-03  7.183443E-05  5.557753E-05  7.069048E-05  4.824603E-06
 2.851500E+02  7.884239E-02  1.604186E-05  7.539443E-10  9.934395E-10  1.106230E-09  1.323851E-09  5.940113E-01  2.157371E-03  5.871980E-05  2.765834E-01  1.918002E-03  9.467725E-05  2.064248E-06  3.489249E-03  1.917689E-06  6.532114E-06  9.939926E-08  3.877686E-02  1.191887E-05  1.095958E-07  9.528304E-08  1.626873E-03  2.213203E-03  6.702318E-05  5.176700E-05  6.586849E-05  4.557529E-06
 2.861500E+02  7.917195E-02  1.591243E-05  7.307623E-10  9.631921E-10  1.072621E-09  1.284003E-09  5.941399E-01  2.111198E-03  5.461087E-05  2.769652E-01  1.882003E-03  8.847706E-05  1.998078E-06  3.422573E-03  1.807280E-06  6.174395E-06  9.523313E-08  3.818557E-02  1.130555E-05  1.057650E-07  9.187971E-08  1.594910E-03  2.169629E-03  6.256349E-05  4.824197E-05  6.140616E-05  4.306747E-06
 2.871500E+02  7.949528E-02  1.578332E-05  7.083492E-10  9.339377E-10  1.040113E-09  1.245447E-09  5.942645E-01  2.066355E-03  5.081659E-05  2.773388E-01  1.846879E-03  8.271890E-05  1.934422E-06  3.357481E-03  1.703891E-06  5.838419E-06  9.126168E-08  3.760510E-02  1.072704E-05  1.020835E-07  8.861176E-08  1.563782E-03  2.127199E-03  5.842768E-05  4.497937E-05  5.727454E-05  4.071185E-06
 2.881500E+02  7.981249E-02  1.565458E-05  6.866802E-10  9.056445E-10  1.008671E-09  1.208143E-09  5.943854E-01  2.022797E-03  4.731095E-05  2.777045E-01  1.812605E-03  7.736892E-05  1.873173E-06  3.293934E-03  1.607037E-06  5.522751E-06  8.747509E-08  3.703529E-02  1.018121E-05  9.854512E-08  8.547349E-08  1.533465E-03  2.085878E-03  5.459043E-05  4.195811E-05  5.344717E-05  3.849842E-06
 2.891500E+02  8.012369E-02  1.552629E-05  6.657308E-10  8.782814E-10  9.782601E-10  1.172051E-09  5.945026E-01  1.980478E-03  4.407021E-05  2.780624E-01  1.779159E-03  7.239601E-05  1.814230E-06  3.231891E-03  1.516270E-06  5.226053E-06  8.386408E-08  3.647596E-02  9.666065E-06  9.514396E-08  8.245946E-08  1.503933E-03  2.045632E-03  5.102850E-05  3.915894E-05  4.989986E-05  3.641789E-06
 2.901500E+02  8.042898E-02  1.539847E-05  6.454775E-10  8.518183E-10  9.488473E-10  1.137133E-09  5.946163E-01  1.939357E-03  4.107275E-05  2.784128E-01  1.746516E-03  6.777160E-05  1.757495E-06  3.171313E-03  1.431176E-06  4.947084E-06  8.041988E-08  3.592693E-02  9.179738E-06  9.187439E-08  7.956442E-08  1.475163E-03  2.006427E-03  4.772061E-05  3.656421E-05  4.661047E-05  3.446162E-06
 2.911500E+02  8.072846E-02  1.527120E-05  6.258971E-10  8.262259E-10  9.204000E-10  1.103349E-09  5.947267E-01  1.899392E-03  3.829880E-05  2.787558E-01  1.714657E-03  6.346940E-05  1.702874E-06  3.112164E-03  1.351368E-06  4.684690E-06  7.713414E-08  3.538803E-02  8.720486E-06  8.873098E-08  7.678338E-08  1.447131E-03  1.968231E-03  4.464722E-05  3.415780E-05  4.355873E-05  3.262157E-06
 2.921500E+02  8.102225E-02  1.514450E-05  6.069675E-10  8.014755E-10  8.928866E-10  1.070665E-09  5.948339E-01  1.860544E-03  3.573035E-05  2.790917E-01  1.683557E-03  5.946526E-05  1.650279E-06  3.054406E-03  1.276490E-06  4.437797E-06  7.399899E-08  3.485909E-02  8.286676E-06  8.570857E-08  7.411156E-08  1.419815E-03  1.931015E-03  4.179038E-05  3.192495E-05  4.072609E-05  3.089025E-06
 2.931500E+02  8.131045E-02  1.501843E-05  5.886667E-10  7.775395E-10  8.662766E-10  1.039044E-09  5.949380E-01  1.822777E-03  3.335091E-05  2.794205E-01  1.653198E-03  5.573695E-05  1.599626E-06  2.998004E-03  1.206212E-06  4.205407E-06  7.100695E-08  3.433994E-02  7.876784E-06  8.280217E-08  7.154437E-08  1.393192E-03  1.894747E-03  3.913364E-05  2.985211E-05  3.809553E-05  2.926069E-06
 2.941500E+02  8.159317E-02  1.489302E-05  5.709739E-10  7.543909E-10  8.405400E-10  1.008451E-09  5.950390E-01  1.786052E-03  3.114544E-05  2.797425E-01  1.623559E-03  5.226399E-05  1.550832E-06  2.942923E-03  1.140225E-06  3.986589E-06  6.815094E-08  3.383040E-02  7.489378E-06  8.000704E-08  6.907743E-08  1.367243E-03  1.859399E-03  3.666186E-05  2.792689E-05  3.565145E-05  2.772640E-06
 2.951500E+02  8.187050E-02  1.476831E-05  5.538685E-10  7.320036E-10  8.156480E-10  9.788538E-10  5.951373E-01  1.750337E-03  2.910015E-05  2.800578E-01  1.594619E-03  4.902754E-05  1.503822E-06  2.889128E-03  1.078245E-06  3.780478E-06  6.542425E-08  3.333031E-02  7.123122E-06  7.731860E-08  6.670653E-08  1.341947E-03  1.824943E-03  3.436113E-05  2.613792E-05  3.337955E-05  2.628132E-06
 2.961500E+02  8.214255E-02  1.464434E-05  5.373307E-10  7.103522E-10  7.915725E-10  9.502184E-10  5.952328E-01  1.715596E-03  2.720245E-05  2.803666E-01  1.566360E-03  4.601023E-05  1.458522E-06  2.836587E-03  1.020007E-06  3.586269E-06  6.282051E-08  3.283950E-02  6.776762E-06  7.473249E-08  6.442767E-08  1.317283E-03  1.791353E-03  3.221867E-05  2.447476E-05  3.126669E-05  2.491983E-06
 2.971500E+02  8.240942E-02  1.452115E-05  5.213414E-10  6.894120E-10  7.682863E-10  9.225134E-10  5.953256E-01  1.681798E-03  2.544079E-05  2.806691E-01  1.538763E-03  4.319608E-05  1.414860E-06  2.785267E-03  9.652639E-07  3.403209E-06  6.033370E-08  3.235781E-02  6.449124E-06  7.224453E-08  6.223700E-08  1.293234E-03  1.758603E-03  3.022270E-05  2.292784E-05  2.930082E-05  2.363666E-06
 2.981500E+02  8.267120E-02  1.439875E-05  5.058818E-10  6.691592E-10  7.457628E-10  8.957080E-10  5.954159E-01  1.648912E-03  2.380461E-05  2.809654E-01  1.511810E-03  4.057031E-05  1.372771E-06  2.735137E-03  9.137883E-07  3.230600E-06  5.795810E-08  3.188505E-02  6.139109E-06  6.985070E-08  6.013085E-08  1.269782E-03  1.726666E-03  2.836240E-05  2.148835E-05  2.747086E-05  2.242691E-06
 2.991500E+02  8.292800E-02  1.427719E-05  4.909340E-10  6.495707E-10  7.239766E-10  8.697724E-10  5.955037E-01  1.616907E-03  2.228421E-05  2.812556E-01  1.485484E-03  3.811932E-05  1.332189E-06  2.686165E-03  8.653671E-07  3.067787E-06  5.568830E-08  3.142109E-02  5.845686E-06  6.754717E-08  5.810570E-08  1.246907E-03  1.695520E-03  2.662779E-05  2.014821E-05  2.576662E-05  2.128601E-06
 3.001500E+02  8.317992E-02  1.415648E-05  4.764805E-10  6.306240E-10  7.029028E-10  8.446776E-10  5.955891E-01  1.585756E-03  2.087071E-05  2.815399E-01  1.459768E-03  3.583055E-05  1.293053E-06  2.638323E-03  8.198028E-07  2.914164E-06  5.351915E-08  3.096574E-02  5.567889E-06  6.533026E-08  5.615818E-08  1.224595E-03  1.665141E-03  2.500968E-05  1.890000E-05  2.417873E-05  2.020969E-06
 3.011500E+02  8.342704E-02  1.403665E-05  4.625044E-10  6.122974E-10  6.825174E-10  8.203955E-10  5.956722E-01  1.555431E-03  1.955594E-05  2.818185E-01  1.434645E-03  3.369240E-05  1.255306E-06  2.591581E-03  7.769113E-07  2.769161E-06  5.144579E-08  3.051885E-02  5.304813E-06  6.319644E-08  5.428507E-08  1.202826E-03  1.635505E-03  2.349960E-05  1.773687E-05  2.269859E-05  1.919397E-06
 3.021500E+02  8.366947E-02  1.391773E-05  4.489893E-10  5.945699E-10  6.627970E-10  7.968988E-10  5.957532E-01  1.525904E-03  1.833242E-05  2.820914E-01  1.410099E-03  3.169416E-05  1.218890E-06  2.545910E-03  7.365215E-07  2.632248E-06  4.946359E-08  3.008026E-02  5.055606E-06  6.114234E-08  5.248329E-08  1.181587E-03  1.606592E-03  2.208974E-05  1.665254E-05  2.131826E-05  1.823513E-06
 3.031500E+02  8.390729E-02  1.379973E-05  4.359194E-10  5.774212E-10  6.437191E-10  7.741613E-10  5.958320E-01  1.497151E-03  1.719329E-05  2.823588E-01  1.386115E-03  2.982594E-05  1.183752E-06  2.501284E-03  6.984739E-07  2.502932E-06  4.756817E-08  2.964982E-02  4.819473E-06  5.916473E-08  5.074989E-08  1.160862E-03  1.578380E-03  2.077290E-05  1.564122E-05  2.003044E-05  1.732970E-06
 3.041500E+02  8.414060E-02  1.368268E-05  4.232793E-10  5.608315E-10  6.252619E-10  7.521573E-10  5.959087E-01  1.469146E-03  1.613220E-05  2.826208E-01  1.362677E-03  2.807859E-05  1.149842E-06  2.457674E-03  6.626202E-07  2.380749E-06  4.575536E-08  2.922737E-02  4.595665E-06  5.726052E-08  4.908206E-08  1.140634E-03  1.550849E-03  1.954242E-05  1.469756E-05  1.882839E-05  1.647443E-06
 3.051500E+02  8.436948E-02  1.356658E-05  4.110544E-10  5.447817E-10  6.074044E-10  7.308623E-10  5.959834E-01  1.441867E-03  1.514336E-05  2.828776E-01  1.339771E-03  2.644365E-05  1.117110E-06  2.415056E-03  6.288221E-07  2.265267E-06  4.402123E-08  2.881275E-02  4.383481E-06  5.542674E-08  4.747708E-08  1.120892E-03  1.523978E-03  1.839217E-05  1.381667E-05  1.770591E-05  1.566628E-06
 3.061500E+02  8.459403E-02  1.345146E-05  3.992301E-10  5.292535E-10  5.901259E-10  7.102522E-10  5.960562E-01  1.415289E-03  1.422142E-05  2.831293E-01  1.317384E-03  2.491330E-05  1.085510E-06  2.373404E-03  5.969506E-07  2.156084E-06  4.236202E-08  2.840582E-02  4.182260E-06  5.366055E-08  4.593239E-08  1.101619E-03  1.497749E-03  1.731647E-05  1.299399E-05  1.665728E-05  1.490242E-06
 3.071500E+02  8.481433E-02  1.333733E-05  3.877928E-10  5.142291E-10  5.734069E-10  6.903039E-10  5.961272E-01  1.389392E-03  1.336145E-05  2.833759E-01  1.295500E-03  2.348029E-05  1.054996E-06  2.332692E-03  5.668856E-07  2.052821E-06  4.077419E-08  2.800643E-02  3.991385E-06  5.195924E-08  4.444550E-08  1.082803E-03  1.472143E-03  1.631009E-05  1.222536E-05  1.567721E-05  1.418020E-06
 3.081500E+02  8.503047E-02  1.322420E-05  3.767290E-10  4.996910E-10  5.572282E-10  6.709951E-10  5.961963E-01  1.364153E-03  1.255893E-05  2.836177E-01  1.274107E-03  2.213792E-05  1.025527E-06  2.292897E-03  5.385149E-07  1.955127E-06  3.925436E-08  2.761443E-02  3.810274E-06  5.032020E-08  4.301406E-08  1.064430E-03  1.447143E-03  1.536817E-05  1.150691E-05  1.476084E-05  1.349713E-06
 3.091500E+02  8.524253E-02  1.311209E-05  3.660258E-10  4.856228E-10  5.415714E-10  6.523040E-10  5.962637E-01  1.339552E-03  1.180968E-05  2.838547E-01  1.253192E-03  2.087997E-05  9.970615E-07  2.253995E-03  5.117340E-07  1.862670E-06  3.779933E-08  2.722969E-02  3.638381E-06  4.874093E-08  4.163580E-08  1.046489E-03  1.422730E-03  1.448623E-05  1.083509E-05  1.390366E-05  1.285089E-06
 3.101500E+02  8.545059E-02  1.300099E-05  3.556708E-10  4.720083E-10  5.264185E-10  6.342098E-10  5.963294E-01  1.315570E-03  1.110985E-05  2.840870E-01  1.232742E-03  1.970071E-05  9.695600E-07  2.215963E-03  4.864453E-07  1.775142E-06  3.640606E-08  2.685204E-02  3.475191E-06  4.721905E-08  4.030855E-08  1.028967E-03  1.398889E-03  1.366013E-05  1.020660E-05  1.310151E-05  1.223932E-06
 3.111500E+02  8.565474E-02  1.289093E-05  3.456519E-10  4.588320E-10  5.117524E-10  6.166922E-10  5.963935E-01  1.292187E-03  1.045590E-05  2.843148E-01  1.212744E-03  1.859478E-05  9.429853E-07  2.178780E-03  4.625575E-07  1.692255E-06  3.507165E-08  2.648137E-02  3.320224E-06  4.575227E-08  3.903025E-08  1.011851E-03  1.375604E-03  1.288602E-05  9.618404E-06  1.235054E-05  1.166036E-06
 3.121500E+02  8.585505E-02  1.278191E-05  3.359574E-10  4.460788E-10  4.975564E-10  5.997317E-10  5.964559E-01  1.269386E-03  9.844539E-06  2.845381E-01  1.193188E-03  1.755725E-05  9.173017E-07  2.142423E-03  4.399856E-07  1.613736E-06  3.379337E-08  2.611753E-02  3.173024E-06  4.433840E-08  3.779892E-08  9.951312E-04  1.352857E-03  1.216035E-05  9.067689E-06  1.164721E-05  1.111212E-06
 3.131500E+02  8.605161E-02  1.267393E-05  3.265761E-10  4.337342E-10  4.838144E-10  5.833093E-10  5.965169E-01  1.247148E-03  9.272755E-06  2.847570E-01  1.174061E-03  1.658352E-05  8.924748E-07  2.106871E-03  4.186500E-07  1.539332E-06  3.256862E-08  2.576038E-02  3.033165E-06  4.297534E-08  3.661265E-08  9.787958E-04  1.330635E-03  1.147983E-05  8.551856E-06  1.098821E-05  1.059282E-06
 3.141500E+02  8.624448E-02  1.256700E-05  3.174972E-10  4.217842E-10  4.705109E-10  5.674068E-10  5.965764E-01  1.225456E-03  8.737755E-06  2.849717E-01  1.155353E-03  1.566934E-05  8.684719E-07  2.072104E-03  3.984764E-07  1.468806E-06  3.139490E-08  2.540979E-02  2.900246E-06  4.166107E-08  3.546962E-08  9.628342E-04  1.308923E-03  1.084140E-05  8.068500E-06  1.037051E-05  1.010076E-06
 3.151500E+02  8.643376E-02  1.246112E-05  3.087102E-10  4.102152E-10  4.576308E-10  5.520065E-10  5.966344E-01  1.204294E-03  8.236957E-06  2.851822E-01  1.137052E-03  1.481076E-05  8.452616E-07  2.038103E-03  3.793953E-07  1.401934E-06  3.026989E-08  2.506564E-02  2.773888E-06  4.039368E-08  3.436811E-08  9.472361E-04  1.287706E-03  1.024223E-05  7.615392E-06  9.791290E-06  9.634396E-07
 3.161500E+02  8.661950E-02  1.235630E-05  3.002050E-10  3.990142E-10  4.451596E-10  5.370914E-10  5.966910E-01  1.183646E-03  7.767979E-06  2.853886E-01  1.119147E-03  1.400410E-05  8.228137E-07  2.004847E-03  3.613416E-07  1.338509E-06  2.919133E-08  2.472779E-02  2.653736E-06  3.917132E-08  3.330644E-08  9.319913E-04  1.266971E-03  9.679683E-06  7.190472E-06  9.247928E-06  9.192243E-07
 3.171500E+02  8.680178E-02  1.225254E-05  2.919719E-10  3.881686E-10  4.330834E-10  5.226450E-10  5.967463E-01  1.163497E-03  7.328614E-06  2.855911E-01  1.101630E-03  1.324596E-05  8.010994E-07  1.972317E-03  3.442546E-07  1.278333E-06  2.815711E-08  2.439612E-02  2.539455E-06  3.799221E-08  3.228303E-08  9.170903E-04  1.246705E-03  9.151335E-06  6.791826E-06  8.738007E-06  8.772924E-07
 3.181500E+02  8.698068E-02  1.214984E-05  2.840014E-10  3.776662E-10  4.213886E-10  5.086515E-10  5.968003E-01  1.143832E-03  6.916822E-06  2.857897E-01  1.084489E-03  1.253315E-05  7.800912E-07  1.940496E-03  3.280773E-07  1.221223E-06  2.716520E-08  2.407050E-02  2.430730E-06  3.685467E-08  3.129635E-08  9.025234E-04  1.226894E-03  8.654917E-06  6.417685E-06  8.259283E-06  8.375142E-07
 3.191500E+02  8.715626E-02  1.204820E-05  2.762845E-10  3.674952E-10  4.100623E-10  4.950954E-10  5.968530E-01  1.124636E-03  6.530714E-06  2.859844E-01  1.067715E-03  1.186274E-05  7.597625E-07  1.909366E-03  3.127565E-07  1.167007E-06  2.621369E-08  2.375082E-02  2.327264E-06  3.575706E-08  3.034493E-08  8.882817E-04  1.207526E-03  8.188329E-06  6.066405E-06  7.809671E-06  7.997681E-07
 3.201500E+02  8.732859E-02  1.194761E-05  2.688124E-10  3.576443E-10  3.990917E-10  4.819619E-10  5.969045E-01  1.105897E-03  6.168542E-06  2.861755E-01  1.051299E-03  1.123198E-05  7.400882E-07  1.878908E-03  2.982422E-07  1.115522E-06  2.530075E-08  2.343695E-02  2.228777E-06  3.469784E-08  2.942739E-08  8.743563E-04  1.188589E-03  7.749617E-06  5.736461E-06  7.387241E-06  7.639401E-07
 3.211500E+02  8.749775E-02  1.184809E-05  2.615766E-10  3.481025E-10  3.884649E-10  4.692368E-10  5.969547E-01  1.087599E-03  5.828684E-06  2.863629E-01  1.035231E-03  1.063833E-05  7.210437E-07  1.849107E-03  2.844876E-07  1.066616E-06  2.442464E-08  2.312878E-02  2.135005E-06  3.367552E-08  2.854238E-08  8.607387E-04  1.170071E-03  7.336965E-06  5.426441E-06  6.990196E-06  7.299227E-07
 3.221500E+02  8.766378E-02  1.174962E-05  2.545691E-10  3.388593E-10  3.781700E-10  4.569062E-10  5.970038E-01  1.069731E-03  5.509638E-06  2.865468E-01  1.019504E-03  1.007940E-05  7.026060E-07  1.819945E-03  2.714490E-07  1.020146E-06  2.358371E-08  2.282619E-02  2.045699E-06  3.268866E-08  2.768862E-08  8.474205E-04  1.151962E-03  6.948686E-06  5.135030E-06  6.616872E-06  6.976154E-07
 3.231500E+02  8.782677E-02  1.165221E-05  2.477820E-10  3.299045E-10  3.681957E-10  4.449568E-10  5.970518E-01  1.052281E-03  5.210012E-06  2.867272E-01  1.004107E-03  9.552987E-06  6.847526E-07  1.791407E-03  2.590853E-07  9.759786E-07  2.277640E-08  2.252907E-02  1.960625E-06  3.173590E-08  2.686488E-08  8.343938E-04  1.134250E-03  6.583210E-06  4.861009E-06  6.265720E-06  6.669233E-07
 3.241500E+02  8.798676E-02  1.155585E-05  2.412076E-10  3.212283E-10  3.585312E-10  4.333757E-10  5.970987E-01  1.035235E-03  4.928512E-06  2.869041E-01  9.890327E-04  9.057029E-06  6.674621E-07  1.763478E-03  2.473579E-07  9.339866E-07  2.200119E-08  2.223731E-02  1.879562E-06  3.081593E-08  2.607000E-08  8.216507E-04  1.116924E-03  6.239076E-06  4.603243E-06  5.935300E-06  6.377575E-07
 3.251500E+02  8.814384E-02  1.146054E-05  2.348388E-10  3.128211E-10  3.491658E-10  4.221505E-10  5.971445E-01  1.018583E-03  4.663940E-06  2.870778E-01  9.742733E-04  8.589607E-06  6.507141E-07  1.736141E-03  2.362308E-07  8.940516E-07  2.125668E-08  2.195080E-02  1.802302E-06  2.992748E-08  2.530283E-08  8.091838E-04  1.099974E-03  5.914923E-06  4.360679E-06  5.624274E-06  6.100344E-07
 3.261500E+02  8.829804E-02  1.136627E-05  2.286684E-10  3.046739E-10  3.400895E-10  4.112691E-10  5.971893E-01  1.002314E-03  4.415183E-06  2.872482E-01  9.598206E-04  8.148933E-06  6.344888E-07  1.709383E-03  2.256699E-07  8.560619E-07  2.054150E-08  2.166944E-02  1.728646E-06  2.906935E-08  2.456231E-08  7.969856E-04  1.083390E-03  5.609485E-06  4.132337E-06  5.331397E-06  5.836752E-07
 3.271500E+02  8.844944E-02  1.127304E-05  2.226896E-10  2.967777E-10  3.312925E-10  4.007202E-10  5.972331E-01  9.864159E-04  4.181204E-06  2.874155E-01  9.456671E-04  7.733337E-06  6.187673E-07  1.683188E-03  2.156436E-07  8.199124E-07  1.985437E-08  2.139312E-02  1.658411E-06  2.824038E-08  2.384740E-08  7.850492E-04  1.067163E-03  5.321582E-06  3.917306E-06  5.055511E-06  5.586058E-07
 3.281500E+02  8.859809E-02  1.118084E-05  2.168959E-10  2.891241E-10  3.227653E-10  3.904923E-10  5.972759E-01  9.708789E-04  3.961045E-06  2.875796E-01  9.318052E-04  7.341264E-06  6.035314E-07  1.657544E-03  2.061219E-07  7.855042E-07  1.919405E-08  2.112173E-02  1.591420E-06  2.743947E-08  2.315711E-08  7.733676E-04  1.051282E-03  5.050114E-06  3.714736E-06  4.795536E-06  5.347567E-07
 3.291500E+02  8.874405E-02  1.108967E-05  2.112810E-10  2.817049E-10  3.144987E-10  3.805749E-10  5.973177E-01  9.556927E-04  3.753810E-06  2.877407E-01  9.182278E-04  6.971262E-06  5.887639E-07  1.632436E-03  1.970767E-07  7.527443E-07  1.855938E-08  2.085519E-02  1.527507E-06  2.666555E-08  2.249049E-08  7.619343E-04  1.035740E-03  4.794055E-06  3.523837E-06  4.550468E-06  5.120622E-07
 3.301500E+02  8.888738E-02  1.099953E-05  2.058388E-10  2.745121E-10  3.064840E-10  3.709575E-10  5.973586E-01  9.408477E-04  3.558668E-06  2.878988E-01  9.049278E-04  6.621975E-06  5.744480E-07  1.607851E-03  1.884817E-07  7.215450E-07  1.794925E-08  2.059339E-02  1.466516E-06  2.591760E-08  2.184663E-08  7.507426E-04  1.020527E-03  4.552450E-06  3.343873E-06  4.319371E-06  4.904605E-07
 3.311500E+02  8.902813E-02  1.091040E-05  2.005635E-10  2.675381E-10  2.987127E-10  3.616300E-10  5.973987E-01  9.263342E-04  3.374847E-06  2.880540E-01  8.918983E-04  6.292136E-06  5.605676E-07  1.583776E-03  1.803121E-07  6.918237E-07  1.736259E-08  2.033623E-02  1.408300E-06  2.519465E-08  2.122466E-08  7.397864E-04  1.005634E-03  4.324407E-06  3.174159E-06  4.101372E-06  4.698935E-07
 3.321500E+02  8.916634E-02  1.082229E-05  1.954492E-10  2.607755E-10  2.911767E-10  3.525828E-10  5.974378E-01  9.121432E-04  3.201627E-06  2.882064E-01  8.791328E-04  5.980564E-06  5.471074E-07  1.560199E-03  1.725446E-07  6.635025E-07  1.679839E-08  2.008362E-02  1.352718E-06  2.449575E-08  2.062375E-08  7.290597E-04  9.910541E-04  4.109092E-06  3.014054E-06  3.895658E-06  4.503063E-07
 3.331500E+02  8.930209E-02  1.073517E-05  1.904907E-10  2.542173E-10  2.838679E-10  3.438066E-10  5.974761E-01  8.982657E-04  3.038336E-06  2.883559E-01  8.666248E-04  5.686154E-06  5.340525E-07  1.537108E-03  1.651573E-07  6.365082E-07  1.625569E-08  1.983548E-02  1.299639E-06  2.382001E-08  2.004309E-08  7.185564E-04  9.767781E-04  3.905728E-06  2.862964E-06  3.701470E-06  4.316473E-07
 3.341500E+02  8.943541E-02  1.064906E-05  1.856826E-10  2.478566E-10  2.767789E-10  3.352923E-10  5.975136E-01  8.846932E-04  2.884352E-06  2.885028E-01  8.543680E-04  5.407873E-06  5.213888E-07  1.514491E-03  1.581296E-07  6.107717E-07  1.573357E-08  1.959170E-02  1.248937E-06  2.316656E-08  1.948192E-08  7.082709E-04  9.627985E-04  3.713589E-06  2.720331E-06  3.518100E-06  4.138679E-07
 3.351500E+02  8.956635E-02  1.056393E-05  1.810199E-10  2.416867E-10  2.699022E-10  3.270313E-10  5.975503E-01  8.714173E-04  2.739091E-06  2.886470E-01  8.423563E-04  5.144755E-06  5.091026E-07  1.492336E-03  1.514421E-07  5.862276E-07  1.523115E-08  1.935220E-02  1.200495E-06  2.253458E-08  1.893951E-08  6.981976E-04  9.491078E-04  3.531997E-06  2.585637E-06  3.344887E-06  3.969220E-07
 3.361500E+02  8.969497E-02  1.047978E-05  1.764976E-10  2.357012E-10  2.632308E-10  3.190151E-10  5.975862E-01  8.584301E-04  2.602013E-06  2.887885E-01  8.305838E-04  4.895897E-06  4.971809E-07  1.470633E-03  1.450765E-07  5.628145E-07  1.474759E-08  1.911690E-02  1.154200E-06  2.192326E-08  1.841513E-08  6.883312E-04  9.356987E-04  3.360317E-06  2.458397E-06  3.181213E-06  3.807664E-07
 3.371500E+02  8.982131E-02  1.039661E-05  1.721111E-10  2.298941E-10  2.567578E-10  3.112357E-10  5.976213E-01  8.457237E-04  2.472610E-06  2.889275E-01  8.190447E-04  4.660453E-06  4.856109E-07  1.449369E-03  1.390157E-07  5.404743E-07  1.428211E-08  1.888570E-02  1.109948E-06  2.133185E-08  1.790813E-08  6.786665E-04  9.225639E-04  3.197957E-06  2.338158E-06  3.026502E-06  3.653603E-07
 3.381500E+02  8.994542E-02  1.031440E-05  1.678557E-10  2.242595E-10  2.504767E-10  3.036852E-10  5.976557E-01  8.332906E-04  2.350410E-06  2.890641E-01  8.077334E-04  4.437633E-06  4.743807E-07  1.428535E-03  1.332435E-07  5.191524E-07  1.383394E-08  1.865854E-02  1.067638E-06  2.075962E-08  1.741785E-08  6.691983E-04  9.096967E-04  3.044361E-06  2.224499E-06  2.880215E-06  3.506651E-07
 3.391500E+02  9.006735E-02  1.023315E-05  1.637272E-10  2.187914E-10  2.443811E-10  2.963562E-10  5.976893E-01  8.211234E-04  2.234974E-06  2.891981E-01  7.966444E-04  4.226695E-06  4.634785E-07  1.408120E-03  1.277445E-07  4.987968E-07  1.340236E-08  1.843531E-02  1.027176E-06  2.020586E-08  1.694366E-08  6.599217E-04  8.970902E-04  2.899013E-06  2.117023E-06  2.741847E-06  3.366444E-07
 3.401500E+02  9.018714E-02  1.015285E-05  1.597212E-10  2.134846E-10  2.384648E-10  2.892413E-10  5.977223E-01  8.092152E-04  2.125890E-06  2.893298E-01  7.857725E-04  4.026947E-06  4.528933E-07  1.388115E-03  1.225046E-07  4.793588E-07  1.298668E-08  1.821595E-02  9.884710E-07  1.966990E-08  1.648498E-08  6.508320E-04  8.847379E-04  2.761424E-06  2.015361E-06  2.610929E-06  3.232638E-07
 3.411500E+02  9.030483E-02  1.007349E-05  1.558338E-10  2.083335E-10  2.327220E-10  2.823336E-10  5.977546E-01  7.975591E-04  2.022774E-06  2.894592E-01  7.751125E-04  3.837737E-06  4.426141E-07  1.368509E-03  1.175100E-07  4.607923E-07  1.258623E-08  1.800038E-02  9.514392E-07  1.915108E-08  1.604122E-08  6.419245E-04  8.726336E-04  2.631142E-06  1.919167E-06  2.487019E-06  3.104908E-07
 3.421500E+02  9.042048E-02  9.995058E-06  1.520609E-10  2.033332E-10  2.271469E-10  2.756262E-10  5.977862E-01  7.861483E-04  1.925266E-06  2.895862E-01  7.646594E-04  3.658458E-06  4.326307E-07  1.349293E-03  1.127481E-07  4.430535E-07  1.220039E-08  1.778852E-02  9.159997E-07  1.864880E-08  1.561184E-08  6.331947E-04  8.607711E-04  2.507740E-06  1.828120E-06  2.369705E-06  2.982949E-07
 3.431500E+02  9.053411E-02  9.917550E-06  1.483987E-10  1.984786E-10  2.217341E-10  2.691127E-10  5.978172E-01  7.749766E-04  1.833032E-06  2.897110E-01  7.544083E-04  3.488537E-06  4.229331E-07  1.330457E-03  1.082067E-07  4.261014E-07  1.182855E-08  1.758030E-02  8.820765E-07  1.816244E-08  1.519630E-08  6.246383E-04  8.491444E-04  2.390819E-06  1.741915E-06  2.258601E-06  2.866471E-07
 3.441500E+02  9.064577E-02  9.840955E-06  1.448437E-10  1.937649E-10  2.164781E-10  2.627866E-10  5.978475E-01  7.640376E-04  1.745757E-06  2.898336E-01  7.443544E-04  3.327440E-06  4.135118E-07  1.311993E-03  1.038746E-07  4.098969E-07  1.147014E-08  1.737564E-02  8.495974E-07  1.769145E-08  1.479411E-08  6.162509E-04  8.377477E-04  2.280006E-06  1.660270E-06  2.153345E-06  2.755199E-07
 3.451500E+02  9.075550E-02  9.765265E-06  1.413923E-10  1.891876E-10  2.113740E-10  2.566421E-10  5.978772E-01  7.533253E-04  1.663148E-06  2.899541E-01  7.344931E-04  3.174663E-06  4.043575E-07  1.293892E-03  9.974103E-08  3.944033E-07  1.112462E-08  1.717447E-02  8.184937E-07  1.723526E-08  1.440478E-08  6.080286E-04  8.265754E-04  2.174950E-06  1.582920E-06  2.053598E-06  2.648876E-07
 3.461500E+02  9.086334E-02  9.690471E-06  1.380410E-10  1.847422E-10  2.064167E-10  2.506731E-10  5.979063E-01  7.428339E-04  1.584931E-06  2.900724E-01  7.248200E-04  3.029736E-06  3.954613E-07  1.276145E-03  9.579582E-08  3.795855E-07  1.079146E-08  1.697673E-02  7.887006E-07  1.679334E-08  1.402784E-08  5.999671E-04  8.156220E-04  2.075322E-06  1.509615E-06  1.959043E-06  2.547255E-07
 3.471500E+02  9.096933E-02  9.616562E-06  1.347866E-10  1.804244E-10  2.016015E-10  2.448740E-10  5.979348E-01  7.325577E-04  1.510847E-06  2.901887E-01  7.153306E-04  2.892216E-06  3.868147E-07  1.258745E-03  9.202942E-08  3.654107E-07  1.047016E-08  1.678233E-02  7.601566E-07  1.636520E-08  1.366284E-08  5.920627E-04  8.048823E-04  1.980815E-06  1.440124E-06  1.869383E-06  2.450105E-07
 3.481500E+02  9.107350E-02  9.543530E-06  1.316260E-10  1.762301E-10  1.969238E-10  2.392393E-10  5.979628E-01  7.224912E-04  1.440658E-06  2.903030E-01  7.060207E-04  2.761687E-06  3.784096E-07  1.241682E-03  8.843283E-08  3.518476E-07  1.016024E-08  1.659123E-02  7.328032E-07  1.595033E-08  1.330935E-08  5.843116E-04  7.943510E-04  1.891138E-06  1.374227E-06  1.784338E-06  2.357208E-07
 3.491500E+02  9.117590E-02  9.471366E-06  1.285560E-10  1.721552E-10  1.923791E-10  2.337638E-10  5.979902E-01  7.126290E-04  1.374136E-06  2.904153E-01  6.968861E-04  2.637759E-06  3.702379E-07  1.224949E-03  8.499749E-08  3.388666E-07  9.861242E-09  1.640334E-02  7.065849E-07  1.554828E-08  1.296696E-08  5.767101E-04  7.840231E-04  1.806020E-06  1.311720E-06  1.703646E-06  2.268356E-07
 3.501500E+02  9.127656E-02  9.400060E-06  1.255738E-10  1.681960E-10  1.879632E-10  2.284424E-10  5.980170E-01  7.029660E-04  1.311072E-06  2.905257E-01  6.879228E-04  2.520066E-06  3.622921E-07  1.208538E-03  8.171537E-08  3.264399E-07  9.572735E-09  1.621862E-02  6.814492E-07  1.515858E-08  1.263527E-08  5.692546E-04  7.738938E-04  1.725206E-06  1.252412E-06  1.627063E-06  2.183352E-07
 3.511500E+02  9.137551E-02  9.329604E-06  1.226765E-10  1.643486E-10  1.836718E-10  2.232701E-10  5.980434E-01  6.934971E-04  1.251266E-06  2.906341E-01  6.791269E-04  2.408262E-06  3.545649E-07  1.192442E-03  7.857882E-08  3.145408E-07  9.294300E-09  1.603698E-02  6.573461E-07  1.478081E-08  1.231390E-08  5.619416E-04  7.639583E-04  1.648456E-06  1.196120E-06  1.554356E-06  2.102012E-07
 3.521500E+02  9.147279E-02  9.259987E-06  1.198613E-10  1.606096E-10  1.795011E-10  2.182423E-10  5.980692E-01  6.842174E-04  1.194533E-06  2.907407E-01  6.704946E-04  2.302024E-06  3.470491E-07  1.176654E-03  7.558066E-08  3.031443E-07  9.025536E-09  1.585838E-02  6.342283E-07  1.441455E-08  1.200248E-08  5.547678E-04  7.542121E-04  1.575546E-06  1.142677E-06  1.485311E-06  2.024157E-07
 3.531500E+02  9.156843E-02  9.191200E-06  1.171255E-10  1.569754E-10  1.754471E-10  2.133542E-10  5.980945E-01  6.751223E-04  1.140698E-06  2.908455E-01  6.620221E-04  2.201048E-06  3.397380E-07  1.161166E-03  7.271406E-08  2.922265E-07  8.766064E-09  1.568275E-02  6.120507E-07  1.405939E-08  1.170066E-08  5.477299E-04  7.446506E-04  1.506264E-06  1.091924E-06  1.419723E-06  1.949623E-07
 3.541500E+02  9.166247E-02  9.123234E-06  1.144668E-10  1.534427E-10  1.715062E-10  2.086016E-10  5.981193E-01  6.662072E-04  1.089599E-06  2.909486E-01  6.537058E-04  2.105046E-06  3.326250E-07  1.145971E-03  6.997258E-08  2.817649E-07  8.515517E-09  1.551004E-02  5.907704E-07  1.371496E-08  1.140811E-08  5.408246E-04  7.352695E-04  1.440411E-06  1.043711E-06  1.357401E-06  1.878250E-07
 3.551500E+02  9.175494E-02  9.056079E-06  1.118825E-10  1.500083E-10  1.676748E-10  2.039800E-10  5.981436E-01  6.574675E-04  1.041083E-06  2.910498E-01  6.455421E-04  2.013749E-06  3.257037E-07  1.131064E-03  6.735012E-08  2.717381E-07  8.273548E-09  1.534018E-02  5.703470E-07  1.338088E-08  1.112450E-08  5.340489E-04  7.260646E-04  1.377800E-06  9.978974E-07  1.298166E-06  1.809889E-07
 3.561500E+02  9.184586E-02  8.989727E-06  1.093703E-10  1.466690E-10  1.639493E-10  1.994855E-10  5.981675E-01  6.488990E-04  9.950034E-07  2.911494E-01  6.375277E-04  1.926903E-06  3.189682E-07  1.116436E-03  6.484090E-08  2.621258E-07  8.039821E-09  1.517312E-02  5.507417E-07  1.305680E-08  1.084951E-08  5.273998E-04  7.170317E-04  1.318255E-06  9.543521E-07  1.241850E-06  1.744398E-07
 3.571500E+02  9.193527E-02  8.924167E-06  1.069279E-10  1.434218E-10  1.603264E-10  1.951139E-10  5.981909E-01  6.404975E-04  9.512269E-07  2.912473E-01  6.296592E-04  1.844270E-06  3.124124E-07  1.102083E-03  6.243947E-08  2.529088E-07  7.814017E-09  1.500881E-02  5.319178E-07  1.274236E-08  1.058284E-08  5.208743E-04  7.081668E-04  1.261610E-06  9.129509E-07  1.188292E-06  1.681642E-07
 3.581500E+02  9.202320E-02  8.859391E-06  1.045531E-10  1.402639E-10  1.568030E-10  1.908615E-10  5.982139E-01  6.322588E-04  9.096257E-07  2.913436E-01  6.219333E-04  1.765624E-06  3.060308E-07  1.087997E-03  6.014063E-08  2.440687E-07  7.595831E-09  1.484718E-02  5.138405E-07  1.243725E-08  1.032422E-08  5.144695E-04  6.994662E-04  1.207710E-06  8.735773E-07  1.137344E-06  1.621494E-07
 3.591500E+02  9.210968E-02  8.795389E-06  1.022438E-10  1.371924E-10  1.533759E-10  1.867246E-10  5.982364E-01  6.241791E-04  8.700804E-07  2.914382E-01  6.143469E-04  1.690754E-06  2.998179E-07  1.074172E-03  5.793949E-08  2.355883E-07  7.384970E-09  1.468820E-02  4.964766E-07  1.214115E-08  1.007335E-08  5.081827E-04  6.909259E-04  1.156408E-06  8.361215E-07  1.088866E-06  1.563832E-07
 3.601500E+02  9.219474E-02  8.732152E-06  9.999781E-11  1.342047E-10  1.500420E-10  1.826995E-10  5.982585E-01  6.162545E-04  8.324788E-07  2.915313E-01  6.068968E-04  1.619459E-06  2.937684E-07  1.060604E-03  5.583140E-08  2.274511E-07  7.181152E-09  1.453180E-02  4.797943E-07  1.185374E-08  9.829969E-09  5.020112E-04  6.825423E-04  1.107565E-06  8.004803E-07  1.042725E-06  1.508540E-07
 3.611500E+02  9.227841E-02  8.669671E-06  9.781326E-11  1.312980E-10  1.467986E-10  1.787828E-10  5.982802E-01  6.084813E-04  7.967150E-07  2.916228E-01  5.995800E-04  1.551551E-06  2.878772E-07  1.047285E-03  5.381195E-08  2.196415E-07  6.984110E-09  1.437793E-02  4.637639E-07  1.157474E-08  9.593827E-09  4.959524E-04  6.743118E-04  1.061052E-06  7.665566E-07  9.987955E-07  1.455511E-07
 3.621500E+02  9.236071E-02  8.607936E-06  9.568817E-11  1.284700E-10  1.436426E-10  1.749712E-10  5.983015E-01  6.008557E-04  7.626898E-07  2.917128E-01  5.923937E-04  1.486854E-06  2.821395E-07  1.034211E-03  5.187697E-08  2.121446E-07  6.793587E-09  1.422655E-02  4.483565E-07  1.130386E-08  9.364671E-09  4.900036E-04  6.662309E-04  1.016745E-06  7.342588E-07  9.569613E-07  1.404641E-07
 3.631500E+02  9.244167E-02  8.546939E-06  9.362070E-11  1.257180E-10  1.405716E-10  1.712613E-10  5.983224E-01  5.933744E-04  7.303095E-07  2.918014E-01  5.853349E-04  1.425199E-06  2.765505E-07  1.021375E-03  5.002251E-08  2.049463E-07  6.609336E-09  1.407761E-02  4.335452E-07  1.104083E-08  9.142265E-09  4.841623E-04  6.582962E-04  9.745294E-07  7.035007E-07  9.171116E-07  1.355830E-07
 3.641500E+02  9.252131E-02  8.486670E-06  9.160904E-11  1.230399E-10  1.375827E-10  1.676501E-10  5.983429E-01  5.860339E-04  6.994863E-07  2.918885E-01  5.784008E-04  1.366429E-06  2.711056E-07  1.008773E-03  4.824480E-08  1.980332E-07  6.431122E-09  1.393107E-02  4.193038E-07  1.078539E-08  8.926380E-09  4.784263E-04  6.505045E-04  9.342958E-07  6.742012E-07  8.791421E-07  1.308985E-07
 3.651500E+02  9.259967E-02  8.427121E-06  8.965148E-11  1.204333E-10  1.346735E-10  1.641346E-10  5.983630E-01  5.788308E-04  6.701371E-07  2.919742E-01  5.715888E-04  1.310395E-06  2.658005E-07  9.963996E-04  4.654028E-08  1.913926E-07  6.258717E-09  1.378686E-02  4.056078E-07  1.053729E-08  8.716796E-09  4.727930E-04  6.428524E-04  8.959413E-07  6.462836E-07  8.429546E-07  1.264018E-07
 3.661500E+02  9.267676E-02  8.368282E-06  8.774633E-11  1.178960E-10  1.318416E-10  1.607119E-10  5.983827E-01  5.717619E-04  6.421838E-07  2.920585E-01  5.648961E-04  1.256956E-06  2.606309E-07  9.842493E-04  4.490557E-08  1.850124E-07  6.091906E-09  1.364495E-02  3.924337E-07  1.029627E-08  8.513300E-09  4.672603E-04  6.353370E-04  8.593687E-07  6.196759E-07  8.084564E-07  1.220844E-07
 3.671500E+02  9.275262E-02  8.310145E-06  8.589198E-11  1.154259E-10  1.290846E-10  1.573790E-10  5.984021E-01  5.648242E-04  6.155530E-07  2.921414E-01  5.583202E-04  1.205979E-06  2.555926E-07  9.723175E-04  4.333746E-08  1.788811E-07  5.930480E-09  1.350530E-02  3.797592E-07  1.006212E-08  8.315690E-09  4.618258E-04  6.279550E-04  8.244866E-07  5.943099E-07  7.755602E-07  1.179383E-07
 3.681500E+02  9.282727E-02  8.252701E-06  8.408686E-11  1.130210E-10  1.264002E-10  1.541334E-10  5.984212E-01  5.580144E-04  5.901752E-07  2.922230E-01  5.518586E-04  1.157339E-06  2.506818E-07  9.605992E-04  4.183291E-08  1.729876E-07  5.774241E-09  1.336786E-02  3.675628E-07  9.834596E-09  8.123767E-09  4.564873E-04  6.207036E-04  7.912085E-07  5.701216E-07  7.441834E-07  1.139558E-07
 3.691500E+02  9.290072E-02  8.195940E-06  8.232948E-11  1.106792E-10  1.237862E-10  1.509723E-10  5.984399E-01  5.513297E-04  5.659851E-07  2.923032E-01  5.455088E-04  1.110918E-06  2.458946E-07  9.490899E-04  4.038903E-08  1.673217E-07  5.622998E-09  1.323259E-02  3.558243E-07  9.613490E-09  7.937344E-09  4.512429E-04  6.135799E-04  7.594527E-07  5.470502E-07  7.142483E-07  1.101297E-07
 3.701500E+02  9.297301E-02  8.139856E-06  8.061837E-11  1.083986E-10  1.212404E-10  1.478933E-10  5.984582E-01  5.447671E-04  5.429211E-07  2.923822E-01  5.392685E-04  1.066604E-06  2.412273E-07  9.377849E-04  3.900305E-08  1.618733E-07  5.476567E-09  1.309945E-02  3.445243E-07  9.398590E-09  7.756239E-09  4.460903E-04  6.065811E-04  7.291420E-07  5.250386E-07  6.856814E-07  1.064531E-07
 3.711500E+02  9.304415E-02  8.084438E-06  7.895212E-11  1.061775E-10  1.187608E-10  1.448938E-10  5.984763E-01  5.383239E-04  5.209249E-07  2.924599E-01  5.331352E-04  1.024291E-06  2.366764E-07  9.266798E-04  3.767238E-08  1.566331E-07  5.334772E-09  1.296839E-02  3.336444E-07  9.189694E-09  7.580275E-09  4.410276E-04  5.997043E-04  7.002037E-07  5.040328E-07  6.584133E-07  1.029195E-07
 3.721500E+02  9.311417E-02  8.029678E-06  7.732938E-11  1.040139E-10  1.163455E-10  1.419714E-10  5.984940E-01  5.319973E-04  4.999418E-07  2.925364E-01  5.271068E-04  9.838788E-07  2.322384E-07  9.157704E-04  3.639453E-08  1.515919E-07  5.197446E-09  1.283939E-02  3.231669E-07  8.986608E-09  7.409284E-09  4.360528E-04  5.929470E-04  6.725690E-07  4.839820E-07  6.323784E-07  9.952245E-08
 3.731500E+02  9.318309E-02  7.975568E-06  7.574883E-11  1.019062E-10  1.139924E-10  1.391240E-10  5.985114E-01  5.257846E-04  4.799199E-07  2.926117E-01  5.211809E-04  9.452732E-07  2.279099E-07  9.050523E-04  3.516715E-08  1.467414E-07  5.064426E-09  1.271238E-02  3.130751E-07  8.789145E-09  7.243104E-09  4.311640E-04  5.863066E-04  6.461726E-07  4.648378E-07  6.075150E-07  9.625616E-08
