#         T/K            c1          c2-1          c3-4          c3-5          c3-7          c3-9            m1          m2-1          m3-1            w1            w2          w3-1          w3-2          c1m1        c1m2-1        c1m2-7        c2m1-1        c1w1-2        c1w2-1        c2w1-1        c2w1-9        m1w1-1        m1w1-4        m1w2-1        m2w1-1        m2w1-3      c1m1w1-1
 2.731500E+02  2.651714E-02  2.253220E-06  5.069179E-11  6.653420E-11  7.402458E-11  8.826511E-11  1.477698E-01  1.778325E-04  2.309916E-06  7.511829E-01  1.875005E-02  4.760187E-03  6.679050E-05  3.969932E-04  9.081424E-08  2.979904E-07  5.440048E-09  4.651972E-02  6.381996E-05  6.065889E-08  5.326492E-08  1.452134E-03  1.976746E-03  3.086465E-04  2.198387E-05  2.784287E-05  2.310225E-06
 2.741500E+02  2.679163E-02  2.257832E-06  4.978571E-11  6.536707E-11  7.273149E-11  8.675060E-11  1.478248E-01  1.736403E-04  2.133026E-06  7.522499E-01  1.835511E-02  4.416813E-03  6.438094E-05  3.907880E-04  8.554833E-08  2.816204E-07  5.246362E-09  4.597922E-02  6.052448E-05  5.895120E-08  5.172074E-08  1.420426E-03  1.933461E-03  2.860744E-04  2.034219E-05  2.577392E-05  2.182348E-06
 2.751500E+02  2.706367E-02  2.261986E-06  4.888934E-11  6.421175E-11  7.145130E-11  8.525033E-11  1.478778E-01  1.695797E-04  1.970914E-06  7.532753E-01  1.797024E-02  4.100114E-03  6.207088E-05  3.846918E-04  8.061843E-08  2.662450E-07  5.060117E-09  4.544342E-02  5.741358E-05  5.729237E-08  5.022232E-08  1.389608E-03  1.891395E-03  2.652895E-04  1.883381E-05  2.387222E-05  2.062206E-06
 2.761500E+02  2.733319E-02  2.265683E-06  4.800282E-11  6.306841E-11  7.018422E-11  8.376457E-11  1.479288E-01  1.656459E-04  1.822248E-06  7.542615E-01  1.759521E-02  3.807898E-03  5.985606E-05  3.787022E-04  7.600115E-08  2.517979E-07  4.881001E-09  4.491241E-02  5.447630E-05  5.568105E-08  4.876834E-08  1.359651E-03  1.850511E-03  2.461409E-04  1.744710E-05  2.212326E-05  1.949295E-06
 2.771500E+02  2.760015E-02  2.268929E-06  4.712626E-11  6.193725E-11  6.893045E-11  8.229360E-11  1.479780E-01  1.618340E-04  1.685823E-06  7.552108E-01  1.722980E-02  3.538158E-03  5.773238E-05  3.728172E-04  7.167488E-08  2.382178E-07  4.708718E-09  4.438629E-02  5.170239E-05  5.411596E-08  4.735755E-08  1.330530E-03  1.810772E-03  2.284910E-04  1.617152E-05  2.051383E-05  1.843147E-06
 2.781500E+02  2.786452E-02  2.271728E-06  4.625980E-11  6.081847E-11  6.769025E-11  8.083773E-11  1.480254E-01  1.581394E-04  1.560551E-06  7.561256E-01  1.687376E-02  3.289059E-03  5.569586E-05  3.670347E-04  6.761962E-08  2.254476E-07  4.542985E-09  4.386516E-02  4.908218E-05  5.259585E-08  4.598871E-08  1.302218E-03  1.772143E-03  2.122143E-04  1.499750E-05  1.903197E-05  1.743323E-06
 2.791500E+02  2.812626E-02  2.274087E-06  4.540359E-11  5.971227E-11  6.646383E-11  7.939726E-11  1.480712E-01  1.545577E-04  1.445446E-06  7.570076E-01  1.652688E-02  3.058924E-03  5.374272E-05  3.613530E-04  6.381688E-08  2.134346E-07  4.383536E-09  4.334908E-02  4.660662E-05  5.111950E-08  4.466062E-08  1.274691E-03  1.734589E-03  1.971968E-04  1.391633E-05  1.766681E-05  1.649419E-06
 2.801500E+02  2.838534E-02  2.276010E-06  4.455776E-11  5.861886E-11  6.525144E-11  7.797250E-11  1.481153E-01  1.510847E-04  1.339619E-06  7.578589E-01  1.618892E-02  2.846216E-03  5.186930E-05  3.557700E-04  6.024956E-08  2.021298E-07  4.230115E-09  4.283814E-02  4.426722E-05  4.968572E-08  4.337212E-08  1.247923E-03  1.698075E-03  1.833340E-04  1.292012E-05  1.640845E-05  1.561056E-06
 2.811500E+02  2.864173E-02  2.277505E-06  4.372245E-11  5.753845E-11  6.405331E-11  7.656376E-11  1.481580E-01  1.477164E-04  1.242260E-06  7.586810E-01  1.585965E-02  2.649530E-03  5.007210E-05  3.502842E-04  5.690179E-08  1.914874E-07  4.082479E-09  4.233238E-02  4.205599E-05  4.829334E-08  4.212210E-08  1.221892E-03  1.662571E-03  1.705309E-04  1.200169E-05  1.524789E-05  1.477881E-06
 2.821500E+02  2.889541E-02  2.278580E-06  4.289780E-11  5.647124E-11  6.286967E-11  7.517133E-11  1.481992E-01  1.444490E-04  1.152638E-06  7.594756E-01  1.553885E-02  2.467578E-03  4.834778E-05  3.448936E-04  5.375886E-08  1.814651E-07  3.940397E-09  4.183187E-02  3.996544E-05  4.694126E-08  4.090943E-08  1.196574E-03  1.628043E-03  1.587007E-04  1.115449E-05  1.417695E-05  1.399566E-06
 2.831500E+02  2.914636E-02  2.279242E-06  4.208394E-11  5.541742E-11  6.170074E-11  7.379551E-11  1.482391E-01  1.412787E-04  1.070088E-06  7.602441E-01  1.522629E-02  2.299184E-03  4.669313E-05  3.395968E-04  5.080716E-08  1.720235E-07  3.803647E-09  4.133665E-02  3.798854E-05  4.562836E-08  3.973307E-08  1.171946E-03  1.594461E-03  1.477640E-04  1.037258E-05  1.318817E-05  1.325803E-06
 2.841500E+02  2.939455E-02  2.279499E-06  4.128099E-11  5.437717E-11  6.054673E-11  7.243657E-11  1.482777E-01  1.382021E-04  9.940064E-07  7.609880E-01  1.492176E-02  2.143267E-03  4.510508E-05  3.343920E-04  4.803403E-08  1.631258E-07  3.672018E-09  4.084677E-02  3.611868E-05  4.435357E-08  3.859196E-08  1.147989E-03  1.561795E-03  1.376484E-04  9.650523E-06  1.227475E-05  1.256309E-06
 2.851500E+02  2.963998E-02  2.279360E-06  4.048907E-11  5.335068E-11  5.940784E-11  7.109478E-11  1.483150E-01  1.352158E-04  9.238458E-07  7.617084E-01  1.462502E-02  1.998839E-03  4.358069E-05  3.292778E-04  4.542772E-08  1.547378E-07  3.545306E-09  4.036226E-02  3.434967E-05  4.311585E-08  3.748510E-08  1.124679E-03  1.530017E-03  1.282876E-04  8.983392E-06  1.143050E-05  1.190816E-06
 2.861500E+02  2.988263E-02  2.278834E-06  3.970827E-11  5.233808E-11  5.828424E-11  6.977036E-11  1.483511E-01  1.323166E-04  8.591075E-07  7.624066E-01  1.433588E-02  1.864994E-03  4.211717E-05  3.242526E-04  4.297733E-08  1.468278E-07  3.423320E-09  3.988315E-02  3.267567E-05  4.191418E-08  3.641149E-08  1.101998E-03  1.499099E-03  1.196212E-04  8.366676E-06  1.064976E-05  1.129075E-06
 2.871500E+02  3.012250E-02  2.277929E-06  3.893870E-11  5.133953E-11  5.717611E-11  6.846355E-11  1.483861E-01  1.295013E-04  7.993384E-07  7.630836E-01  1.405413E-02  1.740902E-03  4.071184E-05  3.193149E-04  4.067272E-08  1.393660E-07  3.305873E-09  3.940946E-02  3.109121E-05  4.074755E-08  3.537018E-08  1.079925E-03  1.469013E-03  1.115938E-04  7.796265E-06  9.927385E-06  1.070854E-06
 2.881500E+02  3.035958E-02  2.276654E-06  3.818043E-11  5.035517E-11  5.608359E-11  6.717456E-11  1.484200E-01  1.267671E-04  7.441256E-07  7.637406E-01  1.377955E-02  1.625800E-03  3.936213E-05  3.144632E-04  3.850446E-08  1.323246E-07  3.192788E-09  3.894121E-02  2.959116E-05  3.961499E-08  3.436022E-08  1.058442E-03  1.439733E-03  1.041546E-04  7.268407E-06  9.258657E-06  1.015937E-06
 2.891500E+02  3.059385E-02  2.275021E-06  3.743354E-11  4.938509E-11  5.500682E-11  6.590356E-11  1.484528E-01  1.241111E-04  6.930935E-07  7.643783E-01  1.351195E-02  1.518991E-03  3.806561E-05  3.096962E-04  3.646379E-08  1.256779E-07  3.083896E-09  3.847841E-02  2.817069E-05  3.851556E-08  3.338070E-08  1.037530E-03  1.411235E-03  9.725725E-05  6.779674E-06  8.639274E-06  9.641202E-07
 2.901500E+02  3.082533E-02  2.273036E-06  3.669807E-11  4.842941E-11  5.394591E-11  6.465071E-11  1.484847E-01  1.215306E-04  6.458992E-07  7.649978E-01  1.325112E-02  1.419832E-03  3.681995E-05  3.050124E-04  3.454254E-08  1.194017E-07  2.979032E-09  3.802108E-02  2.682525E-05  3.744832E-08  3.243073E-08  1.017171E-03  1.383494E-03  9.085924E-05  6.326933E-06  8.065300E-06  9.152151E-07
 2.911500E+02  3.105402E-02  2.270712E-06  3.597409E-11  4.748820E-11  5.290095E-11  6.341616E-11  1.485156E-01  1.190229E-04  6.022303E-07  7.655998E-01  1.299689E-02  1.327735E-03  3.562292E-05  3.004104E-04  3.273313E-08  1.134736E-07  2.878041E-09  3.756921E-02  2.555059E-05  3.641236E-08  3.150945E-08  9.973488E-04  1.356486E-03  8.492160E-05  5.907320E-06  7.533137E-06  8.690444E-07
 2.921500E+02  3.127990E-02  2.268057E-06  3.526162E-11  4.656152E-11  5.187203E-11  6.220002E-11  1.485456E-01  1.165856E-04  5.618015E-07  7.661851E-01  1.274907E-02  1.242160E-03  3.447240E-05  2.958890E-04  3.102847E-08  1.078724E-07  2.780774E-09  3.712280E-02  2.434270E-05  3.540682E-08  3.061601E-08  9.780461E-04  1.330189E-03  7.940861E-05  5.518215E-06  7.039490E-06  8.254428E-07
 2.931500E+02  3.150300E-02  2.265081E-06  3.456069E-11  4.564944E-11  5.085920E-11  6.100240E-11  1.485747E-01  1.142162E-04  5.243526E-07  7.667545E-01  1.250746E-02  1.162609E-03  3.336636E-05  2.914467E-04  2.942197E-08  1.025784E-07  2.687085E-09  3.668185E-02  2.319780E-05  3.443081E-08  2.974959E-08  9.592469E-04  1.304579E-03  7.428751E-05  5.157220E-06  6.581344E-06  7.842556E-07
 2.941500E+02  3.172332E-02  2.261794E-06  3.387131E-11  4.475198E-11  4.986251E-11  5.982336E-11  1.486029E-01  1.119125E-04  4.896453E-07  7.673087E-01  1.227190E-02  1.088626E-03  3.230288E-05  2.870822E-04  2.790748E-08  9.757342E-08  2.596837E-09  3.624635E-02  2.211237E-05  3.348350E-08  2.890938E-08  9.409358E-04  1.279637E-03  6.952822E-05  4.822137E-06  6.155936E-06  7.453379E-07
 2.951500E+02  3.194086E-02  2.258205E-06  3.319348E-11  4.386916E-11  4.888199E-11  5.866296E-11  1.486304E-01  1.096723E-04  4.574623E-07  7.678482E-01  1.204222E-02  1.019792E-03  3.128011E-05  2.827944E-04  2.647928E-08  9.284008E-08  2.509898E-09  3.581628E-02  2.108306E-05  3.256407E-08  2.809461E-08  9.230977E-04  1.255341E-03  6.510315E-05  4.510954E-06  5.760733E-06  7.085544E-07
 2.961500E+02  3.215563E-02  2.254326E-06  3.252718E-11  4.300099E-11  4.791764E-11  5.752123E-11  1.486571E-01  1.074933E-04  4.276045E-07  7.683737E-01  1.181824E-02  9.557208E-04  3.029630E-05  2.785818E-04  2.513202E-08  8.836234E-08  2.426141E-09  3.539164E-02  2.010673E-05  3.167171E-08  2.730451E-08  9.057182E-04  1.231672E-03  6.098693E-05  4.221825E-06  5.393412E-06  6.737781E-07
 2.971500E+02  3.236765E-02  2.250165E-06  3.187239E-11  4.214745E-11  4.696946E-11  5.639819E-11  1.486830E-01  1.053736E-04  3.998896E-07  7.688858E-01  1.159981E-02  8.960565E-04  2.934977E-05  2.744433E-04  2.386070E-08  8.412514E-08  2.345442E-09  3.497239E-02  1.918046E-05  3.080564E-08  2.653836E-08  8.887833E-04  1.208610E-03  5.715627E-05  3.953058E-06  5.051842E-06  6.408903E-07
 2.981500E+02  3.257693E-02  2.245732E-06  3.122908E-11  4.130852E-11  4.603741E-11  5.529383E-11  1.487082E-01  1.033112E-04  3.741509E-07  7.693849E-01  1.138676E-02  8.404723E-04  2.843892E-05  2.703775E-04  2.266067E-08  8.011436E-08  2.267686E-09  3.455852E-02  1.830145E-05  2.996511E-08  2.579542E-08  8.722794E-04  1.186137E-03  5.358974E-05  3.703099E-06  4.734067E-06  6.097798E-07
 2.991500E+02  3.278348E-02  2.241036E-06  3.059721E-11  4.048416E-11  4.512148E-11  5.420812E-11  1.487327E-01  1.013042E-04  3.502355E-07  7.698716E-01  1.117895E-02  7.886672E-04  2.756224E-05  2.663833E-04  2.152758E-08  7.631679E-08  2.192758E-09  3.415000E-02  1.746710E-05  2.914937E-08  2.507499E-08  8.561934E-04  1.164235E-03  5.026764E-05  3.470521E-06  4.438288E-06  5.803424E-07
 3.001500E+02  3.298732E-02  2.236089E-06  2.997672E-11  3.967432E-11  4.422159E-11  5.314103E-11  1.487565E-01  9.935082E-05  3.280031E-07  7.703464E-01  1.097622E-02  7.403637E-04  2.671826E-05  2.624595E-04  2.045736E-08  7.272006E-08  2.120552E-09  3.374681E-02  1.667496E-05  2.835769E-08  2.437640E-08  8.405126E-04  1.142886E-03  4.717184E-05  3.254016E-06  4.162856E-06  5.524804E-07
 3.011500E+02  3.318846E-02  2.230898E-06  2.936755E-11  3.887893E-11  4.333768E-11  5.209250E-11  1.487797E-01  9.744927E-05  3.073253E-07  7.708096E-01  1.077842E-02  6.953062E-04  2.590560E-05  2.586049E-04  1.944622E-08  6.931255E-08  2.050962E-09  3.334891E-02  1.592270E-05  2.758938E-08  2.369898E-08  8.252250E-04  1.122074E-03  4.428565E-05  3.052377E-06  3.906250E-06  5.261022E-07
 3.021500E+02  3.338693E-02  2.225473E-06  2.876964E-11  3.809793E-11  4.246967E-11  5.106244E-11  1.488022E-01  9.559789E-05  2.880838E-07  7.712618E-01  1.058543E-02  6.532588E-04  2.512294E-05  2.548183E-04  1.849059E-08  6.608339E-08  1.983890E-09  3.295627E-02  1.520816E-05  2.684374E-08  2.304209E-08  8.103186E-04  1.101782E-03  4.159370E-05  2.864498E-06  3.667075E-06  5.011219E-07
 3.031500E+02  3.358274E-02  2.219824E-06  2.818289E-11  3.733120E-11  4.161747E-11  5.005077E-11  1.488242E-01  9.379505E-05  2.701705E-07  7.717033E-01  1.039710E-02  6.140041E-04  2.436901E-05  2.510984E-04  1.758717E-08  6.302237E-08  1.919238E-09  3.256886E-02  1.452928E-05  2.612010E-08  2.240511E-08  7.957820E-04  1.081995E-03  3.908182E-05  2.689360E-06  3.444045E-06  4.774591E-07
 3.041500E+02  3.377591E-02  2.213959E-06  2.760722E-11  3.657868E-11  4.078097E-11  4.905737E-11  1.488455E-01  9.203922E-05  2.534855E-07  7.721344E-01  1.021330E-02  5.773415E-04  2.364262E-05  2.474443E-04  1.673284E-08  6.011992E-08  1.856916E-09  3.218663E-02  1.388412E-05  2.541781E-08  2.178741E-08  7.816043E-04  1.062698E-03  3.673695E-05  2.526024E-06  3.235977E-06  4.550382E-07
 3.051500E+02  3.396646E-02  2.207888E-06  2.704254E-11  3.584023E-11  3.996006E-11  4.808214E-11  1.488664E-01  9.032888E-05  2.379375E-07  7.725556E-01  1.003390E-02  5.430857E-04  2.294261E-05  2.438548E-04  1.592469E-08  5.736705E-08  1.796833E-09  3.180955E-02  1.327088E-05  2.473625E-08  2.118841E-08  7.677747E-04  1.043876E-03  3.454705E-05  2.373627E-06  3.041779E-06  4.337882E-07
 3.061500E+02  3.415442E-02  2.201619E-06  2.648875E-11  3.511575E-11  3.915461E-11  4.712493E-11  1.488866E-01  8.866260E-05  2.234421E-07  7.729672E-01  9.858779E-03  5.110655E-04  2.226789E-05  2.403286E-04  1.516000E-08  5.475532E-08  1.738906E-09  3.143758E-02  1.268783E-05  2.407478E-08  2.060754E-08  7.542831E-04  1.025515E-03  3.250102E-05  2.231374E-06  2.860447E-06  4.136426E-07
 3.071500E+02  3.433981E-02  2.195161E-06  2.594574E-11  3.440510E-11  3.836447E-11  4.618560E-11  1.489064E-01  8.703898E-05  2.099218E-07  7.733695E-01  9.687816E-03  4.811231E-04  2.161741E-05  2.368649E-04  1.443622E-08  5.227681E-08  1.683052E-09  3.107068E-02  1.213336E-05  2.343282E-08  2.004424E-08  7.411193E-04  1.007602E-03  3.058858E-05  2.098530E-06  2.691054E-06  3.945390E-07
 3.081500E+02  3.452264E-02  2.188522E-06  2.541339E-11  3.370817E-11  3.758951E-11  4.526400E-11  1.489256E-01  8.545670E-05  1.973053E-07  7.737628E-01  9.520893E-03  4.531121E-04  2.099018E-05  2.334623E-04  1.375096E-08  4.992408E-08  1.629192E-09  3.070879E-02  1.160593E-05  2.280978E-08  1.949796E-08  7.282738E-04  9.901222E-04  2.880028E-05  1.974418E-06  2.532745E-06  3.764185E-07
 3.091500E+02  3.470294E-02  2.181712E-06  2.489159E-11  3.302479E-11  3.682957E-11  4.435995E-11  1.489444E-01  8.391446E-05  1.855268E-07  7.741474E-01  9.357897E-03  4.268976E-04  2.038524E-05  2.301199E-04  1.310198E-08  4.769014E-08  1.577251E-09  3.035189E-02  1.110412E-05  2.220508E-08  1.896817E-08  7.157373E-04  9.730644E-04  2.712735E-05  1.858415E-06  2.384731E-06  3.592260E-07
 3.101500E+02  3.488075E-02  2.174737E-06  2.438022E-11  3.235483E-11  3.608449E-11  4.347328E-11  1.489627E-01  8.241102E-05  1.745258E-07  7.745236E-01  9.198719E-03  4.023547E-04  1.980167E-05  2.268366E-04  1.248719E-08  4.556841E-08  1.527157E-09  2.999991E-02  1.062658E-05  2.161819E-08  1.845437E-08  7.035007E-04  9.564157E-04  2.556172E-05  1.749945E-06  2.246284E-06  3.429097E-07
 3.111500E+02  3.505607E-02  2.167605E-06  2.387915E-11  3.169813E-11  3.535410E-11  4.260380E-11  1.489805E-01  8.094518E-05  1.642463E-07  7.748916E-01  9.043251E-03  3.793675E-04  1.923863E-05  2.236114E-04  1.190461E-08  4.355271E-08  1.478839E-09  2.965282E-02  1.017201E-05  2.104855E-08  1.795606E-08  6.915555E-04  9.401643E-04  2.409590E-05  1.648475E-06  2.116729E-06  3.274210E-07
 3.121500E+02  3.522894E-02  2.160326E-06  2.338824E-11  3.105452E-11  3.463822E-11  4.175132E-11  1.489979E-01  7.951580E-05  1.546369E-07  7.752518E-01  8.891392E-03  3.578291E-04  1.869526E-05  2.204432E-04  1.135241E-08  4.163724E-08  1.432231E-09  2.931057E-02  9.739215E-06  2.049566E-08  1.747275E-08  6.798931E-04  9.242986E-04  2.272297E-05  1.553513E-06  1.995446E-06  3.127139E-07
 3.131500E+02  3.539938E-02  2.152905E-06  2.290735E-11  3.042385E-11  3.393667E-11  4.091564E-11  1.490149E-01  7.812175E-05  1.456498E-07  7.756042E-01  8.743040E-03  3.376404E-04  1.817078E-05  2.173311E-04  1.082884E-08  3.981651E-08  1.387267E-09  2.897309E-02  9.327058E-06  1.995900E-08  1.700398E-08  6.685055E-04  9.088076E-04  2.143652E-05  1.464605E-06  1.881859E-06  2.987454E-07
 3.141500E+02  3.556742E-02  2.145351E-06  2.243636E-11  2.980594E-11  3.324927E-11  4.009655E-11  1.490315E-01  7.676198E-05  1.372413E-07  7.759492E-01  8.598099E-03  3.187094E-04  1.766444E-05  2.142739E-04  1.033229E-08  3.808540E-08  1.343886E-09  2.864036E-02  8.934461E-06  1.943809E-08  1.654930E-08  6.573848E-04  8.936804E-04  2.023064E-05  1.381330E-06  1.775436E-06  2.854749E-07
 3.151500E+02  3.573309E-02  2.137671E-06  2.197512E-11  2.920061E-11  3.257583E-11  3.929384E-11  1.490476E-01  7.543543E-05  1.293706E-07  7.762870E-01  8.456475E-03  3.009510E-04  1.717551E-05  2.112707E-04  9.861233E-09  3.643904E-08  1.302029E-09  2.831230E-02  8.560411E-06  1.893243E-08  1.610826E-08  6.465234E-04  8.789067E-04  1.909983E-05  1.303300E-06  1.675683E-06  2.728645E-07
 3.161500E+02  3.589641E-02  2.129872E-06  2.152348E-11  2.860770E-11  3.191614E-11  3.850727E-11  1.490634E-01  7.414112E-05  1.220003E-07  7.766178E-01  8.318077E-03  2.842863E-04  1.670329E-05  2.083206E-04  9.414229E-09  3.487289E-08  1.261637E-09  2.798888E-02  8.203949E-06  1.844158E-08  1.568044E-08  6.359138E-04  8.644764E-04  1.803900E-05  1.230154E-06  1.582146E-06  2.608780E-07
 3.171500E+02  3.605740E-02  2.121961E-06  2.108130E-11  2.802701E-11  3.127000E-11  3.773664E-11  1.490788E-01  7.287809E-05  1.150957E-07  7.769417E-01  8.182817E-03  2.686419E-04  1.624714E-05  2.054225E-04  8.989937E-09  3.338265E-08  1.222657E-09  2.767004E-02  7.864172E-06  1.796507E-08  1.526542E-08  6.255491E-04  8.503798E-04  1.704343E-05  1.161559E-06  1.494401E-06  2.494819E-07
 3.181500E+02  3.621611E-02  2.113943E-06  2.064844E-11  2.745837E-11  3.063723E-11  3.698171E-11  1.490938E-01  7.164539E-05  1.086246E-07  7.772591E-01  8.050608E-03  2.539499E-04  1.580640E-05  2.025756E-04  8.587092E-09  3.196428E-08  1.185035E-09  2.735573E-02  7.540223E-06  1.750248E-08  1.486280E-08  6.154223E-04  8.366073E-04  1.610875E-05  1.097207E-06  1.412058E-06  2.386441E-07
 3.191500E+02  3.637254E-02  2.105827E-06  2.022473E-11  2.690159E-11  3.001761E-11  3.624225E-11  1.491085E-01  7.044215E-05  1.025573E-07  7.775700E-01  7.921369E-03  2.401472E-04  1.538050E-05  1.997789E-04  8.204505E-09  3.061395E-08  1.148720E-09  2.704589E-02  7.231295E-06  1.705337E-08  1.447220E-08  6.055268E-04  8.231501E-04  1.523090E-05  1.036811E-06  1.334753E-06  2.283349E-07
 3.201500E+02  3.652673E-02  2.097618E-06  1.981003E-11  2.635647E-11  2.941093E-11  3.551802E-11  1.491228E-01  6.926748E-05  9.686638E-08  7.778746E-01  7.795018E-03  2.271752E-04  1.496883E-05  1.970315E-04  7.841060E-09  2.932808E-08  1.113664E-09  2.674047E-02  6.936625E-06  1.661733E-08  1.409323E-08  5.958560E-04  8.099991E-04  1.440611E-05  9.801050E-07  1.262149E-06  2.185259E-07
 3.211500E+02  3.667871E-02  2.089322E-06  1.940420E-11  2.582284E-11  2.881698E-11  3.480878E-11  1.491368E-01  6.812056E-05  9.152627E-08  7.781732E-01  7.671477E-03  2.149795E-04  1.457086E-05  1.943324E-04  7.495705E-09  2.810329E-08  1.079819E-09  2.643942E-02  6.655491E-06  1.619397E-08  1.372553E-08  5.864038E-04  7.971459E-04  1.363088E-05  9.268436E-07  1.193935E-06  2.091906E-07
 3.221500E+02  3.682851E-02  2.080945E-06  1.900707E-11  2.530049E-11  2.823556E-11  3.411430E-11  1.491505E-01  6.700058E-05  8.651336E-08  7.784658E-01  7.550672E-03  2.035094E-04  1.418605E-05  1.916808E-04  7.167452E-09  2.693636E-08  1.047141E-09  2.614268E-02  6.387212E-06  1.578290E-08  1.336875E-08  5.771641E-04  7.845823E-04  1.290197E-05  8.767982E-07  1.129820E-06  2.003038E-07
 3.231500E+02  3.697615E-02  2.072493E-06  1.861849E-11  2.478924E-11  2.766646E-11  3.343433E-11  1.491638E-01  6.590676E-05  8.180573E-08  7.787527E-01  7.432529E-03  1.927178E-04  1.381390E-05  1.890758E-04  6.855373E-09  2.582430E-08  1.015586E-09  2.585021E-02  6.131141E-06  1.538373E-08  1.302254E-08  5.681311E-04  7.723002E-04  1.221634E-05  8.297565E-07  1.069536E-06  1.918419E-07
 3.241500E+02  3.712166E-02  2.063972E-06  1.823832E-11  2.428889E-11  2.710945E-11  3.276864E-11  1.491769E-01  6.483834E-05  7.738306E-08  7.790339E-01  7.316976E-03  1.825611E-04  1.345393E-05  1.865165E-04  6.558590E-09  2.476426E-08  9.851116E-10  2.556193E-02  5.886669E-06  1.499611E-08  1.268657E-08  5.592991E-04  7.602919E-04  1.157120E-05  7.855215E-07  1.012831E-06  1.837826E-07
 3.251500E+02  3.726507E-02  2.055387E-06  1.786640E-11  2.379925E-11  2.656434E-11  3.211697E-11  1.491897E-01  6.379459E-05  7.322648E-08  7.793097E-01  7.203946E-03  1.729984E-04  1.310566E-05  1.840022E-04  6.276280E-09  2.375355E-08  9.556787E-10  2.527781E-02  5.653218E-06  1.461968E-08  1.236052E-08  5.506626E-04  7.485499E-04  1.096394E-05  7.439102E-07  9.594732E-07  1.761049E-07
 3.261500E+02  3.740640E-02  2.046742E-06  1.750257E-11  2.332013E-11  2.603090E-11  3.147908E-11  1.492021E-01  6.277482E-05  6.931848E-08  7.795802E-01  7.093370E-03  1.639919E-04  1.276867E-05  1.815319E-04  6.007668E-09  2.278964E-08  9.272485E-10  2.499779E-02  5.430242E-06  1.425410E-08  1.204408E-08  5.422164E-04  7.370669E-04  1.039212E-05  7.047524E-07  9.092469E-07  1.687889E-07
 3.271500E+02  3.754569E-02  2.038044E-06  1.714669E-11  2.285134E-11  2.550892E-11  3.085472E-11  1.492143E-01  6.177834E-05  6.564280E-08  7.798454E-01  6.985185E-03  1.555062E-04  1.244251E-05  1.791048E-04  5.752022E-09  2.187013E-08  8.997839E-10  2.472181E-02  5.217224E-06  1.389903E-08  1.173694E-08  5.339552E-04  7.258360E-04  9.853485E-06  6.678899E-07  8.619507E-07  1.618159E-07
 3.281500E+02  3.768295E-02  2.029297E-06  1.679861E-11  2.239269E-11  2.499820E-11  3.024366E-11  1.492263E-01  6.080450E-05  6.218431E-08  7.801057E-01  6.879327E-03  1.475085E-04  1.212680E-05  1.767201E-04  5.508654E-09  2.099278E-08  8.732493E-10  2.444981E-02  5.013675E-06  1.355415E-08  1.143881E-08  5.258740E-04  7.148503E-04  9.345926E-06  6.331754E-07  8.173974E-07  1.551682E-07
 3.291500E+02  3.781823E-02  2.020506E-06  1.645817E-11  2.194397E-11  2.449852E-11  2.964566E-11  1.492379E-01  5.985266E-05  5.892896E-08  7.803609E-01  6.775736E-03  1.399681E-04  1.182113E-05  1.743771E-04  5.276913E-09  2.015543E-08  8.476105E-10  2.418176E-02  4.819130E-06  1.321916E-08  1.114941E-08  5.179682E-04  7.041033E-04  8.867484E-06  6.004719E-07  7.754129E-07  1.488291E-07
 3.301500E+02  3.795154E-02  2.011676E-06  1.612522E-11  2.150501E-11  2.400967E-11  2.906045E-11  1.492493E-01  5.892220E-05  5.586368E-08  7.806114E-01  6.674352E-03  1.328565E-04  1.152514E-05  1.720749E-04  5.056190E-09  1.935609E-08  8.228346E-10  2.391758E-02  4.633152E-06  1.289374E-08  1.086847E-08  5.102329E-04  6.935885E-04  8.416331E-06  5.696520E-07  7.358348E-07  1.427828E-07
 3.311500E+02  3.808292E-02  2.002810E-06  1.579962E-11  2.107562E-11  2.353144E-11  2.848782E-11  1.492605E-01  5.801254E-05  5.297632E-08  7.808571E-01  6.575118E-03  1.261470E-04  1.123846E-05  1.698128E-04  4.845906E-09  1.859283E-08  7.988899E-10  2.365724E-02  4.455323E-06  1.257760E-08  1.059571E-08  5.026637E-04  6.832998E-04  7.990764E-06  5.405966E-07  6.985120E-07  1.370145E-07
 3.321500E+02  3.821238E-02  1.993913E-06  1.548121E-11  2.065561E-11  2.306363E-11  2.792751E-11  1.492714E-01  5.712309E-05  5.025555E-08  7.810983E-01  6.477979E-03  1.198147E-04  1.096076E-05  1.675900E-04  4.645517E-09  1.786386E-08  7.757460E-10  2.340066E-02  4.285251E-06  1.227046E-08  1.033089E-08  4.952562E-04  6.732311E-04  7.589193E-06  5.131953E-07  6.633037E-07  1.315100E-07
 3.331500E+02  3.833997E-02  1.984989E-06  1.516987E-11  2.024478E-11  2.260603E-11  2.737929E-11  1.492821E-01  5.625330E-05  4.769084E-08  7.813350E-01  6.382880E-03  1.138365E-04  1.069170E-05  1.654058E-04  4.454510E-09  1.716746E-08  7.533736E-10  2.314781E-02  4.122561E-06  1.197204E-08  1.007375E-08  4.880061E-04  6.633768E-04  7.210138E-06  4.873447E-07  6.300785E-07  1.262561E-07
 3.341500E+02  3.846569E-02  1.976043E-06  1.486543E-11  1.984297E-11  2.215843E-11  2.684292E-11  1.492926E-01  5.540263E-05  4.527237E-08  7.815674E-01  6.289770E-03  1.081906E-04  1.043097E-05  1.632594E-04  4.272401E-09  1.650204E-08  7.317447E-10  2.289863E-02  3.966901E-06  1.168208E-08  9.824044E-09  4.809093E-04  6.537311E-04  6.852214E-06  4.629487E-07  5.987138E-07  1.212402E-07
 3.351500E+02  3.858959E-02  1.967077E-06  1.456775E-11  1.944997E-11  2.172065E-11  2.631817E-11  1.493028E-01  5.457056E-05  4.299099E-08  7.817954E-01  6.198596E-03  1.028569E-04  1.017828E-05  1.611502E-04  4.098731E-09  1.586606E-08  7.108322E-10  2.265307E-02  3.817933E-06  1.140031E-08  9.581552E-09  4.739617E-04  6.442886E-04  6.514132E-06  4.399174E-07  5.690954E-07  1.164503E-07
 3.361500E+02  3.871168E-02  1.958096E-06  1.427671E-11  1.906563E-11  2.129246E-11  2.580480E-11  1.493128E-01  5.375659E-05  4.083818E-08  7.820194E-01  6.109311E-03  9.781653E-05  9.933321E-06  1.590774E-04  3.933069E-09  1.525807E-08  6.906102E-10  2.241107E-02  3.675341E-06  1.112649E-08  9.346042E-09  4.671596E-04  6.350439E-04  6.194685E-06  4.181672E-07  5.411164E-07  1.118753E-07
 3.371500E+02  3.883200E-02  1.949103E-06  1.399215E-11  1.868975E-11  2.087369E-11  2.530259E-11  1.493226E-01  5.296022E-05  3.880598E-08  7.822392E-01  6.021866E-03  9.305173E-05  9.695826E-06  1.570403E-04  3.775007E-09  1.467672E-08  6.710535E-10  2.217259E-02  3.538823E-06  1.086036E-08  9.117296E-09  4.604991E-04  6.259921E-04  5.892747E-06  3.976199E-07  5.146774E-07  1.075044E-07
 3.381500E+02  3.895057E-02  1.940101E-06  1.371393E-11  1.832216E-11  2.046413E-11  2.481131E-11  1.493322E-01  5.218099E-05  3.688696E-08  7.824551E-01  5.936214E-03  8.854603E-05  9.465526E-06  1.550383E-04  3.624160E-09  1.412070E-08  6.521382E-10  2.193757E-02  3.408092E-06  1.060171E-08  8.895104E-09  4.539766E-04  6.171280E-04  5.607265E-06  3.782023E-07  4.896851E-07  1.033277E-07
 3.391500E+02  3.906741E-02  1.931095E-06  1.344193E-11  1.796269E-11  2.006359E-11  2.433072E-11  1.493416E-01  5.141843E-05  3.507422E-08  7.826671E-01  5.852311E-03  8.428399E-05  9.242166E-06  1.530707E-04  3.480163E-09  1.358880E-08  6.338412E-10  2.170596E-02  3.282876E-06  1.035030E-08  8.679259E-09  4.475886E-04  6.084470E-04  5.337256E-06  3.598464E-07  4.660526E-07  9.933559E-08
 3.401500E+02  3.918255E-02  1.922086E-06  1.317601E-11  1.761116E-11  1.967187E-11  2.386062E-11  1.493508E-01  5.067211E-05  3.336127E-08  7.828753E-01  5.770112E-03  8.025116E-05  9.025501E-06  1.511368E-04  3.342673E-09  1.307984E-08  6.161403E-10  2.147771E-02  3.162919E-06  1.010590E-08  8.469565E-09  4.413317E-04  5.999442E-04  5.081797E-06  3.424883E-07  4.436986E-07  9.551903E-08
 3.411500E+02  3.929602E-02  1.913078E-06  1.291604E-11  1.726740E-11  1.928881E-11  2.340079E-11  1.493598E-01  4.994160E-05  3.174209E-08  7.830798E-01  5.689576E-03  7.643404E-05  8.815293E-06  1.492361E-04  3.211364E-09  1.259273E-08  5.990139E-10  2.125278E-02  3.047975E-06  9.868303E-09  8.265830E-09  4.352024E-04  5.916152E-04  4.840030E-06  3.260685E-07  4.225471E-07  9.186949E-08
 3.421500E+02  3.940783E-02  1.904074E-06  1.266189E-11  1.693126E-11  1.891419E-11  2.295099E-11  1.493687E-01  4.922647E-05  3.021103E-08  7.832807E-01  5.610660E-03  7.281995E-05  8.611319E-06  1.473677E-04  3.085928E-09  1.212643E-08  5.824417E-10  2.103110E-02  2.937811E-06  9.637306E-09  8.067868E-09  4.291977E-04  5.834555E-04  4.611147E-06  3.105311E-07  4.025269E-07  8.837889E-08
 3.431500E+02  3.951803E-02  1.895076E-06  1.241342E-11  1.660256E-11  1.854786E-11  2.251104E-11  1.493773E-01  4.852632E-05  2.876281E-08  7.834781E-01  5.533326E-03  6.939706E-05  8.413359E-06  1.455313E-04  2.966075E-09  1.167995E-08  5.664038E-10  2.081264E-02  2.832208E-06  9.412705E-09  7.875500E-09  4.233142E-04  5.754609E-04  4.394394E-06  2.958242E-07  3.835714E-07  8.503956E-08
 3.441500E+02  3.962662E-02  1.886087E-06  1.217052E-11  1.628114E-11  1.818962E-11  2.208070E-11  1.493858E-01  4.784077E-05  2.739250E-08  7.836720E-01  5.457533E-03  6.615426E-05  8.221205E-06  1.437261E-04  2.851530E-09  1.125235E-08  5.508811E-10  2.059735E-02  2.730956E-06  9.194306E-09  7.688552E-09  4.175491E-04  5.676273E-04  4.189065E-06  2.818988E-07  3.656184E-07  8.184423E-08
 3.451500E+02  3.973364E-02  1.877111E-06  1.193306E-11  1.596684E-11  1.783930E-11  2.165978E-11  1.493941E-01  4.716943E-05  2.609550E-08  7.838625E-01  5.383243E-03  6.308115E-05  8.034658E-06  1.419515E-04  2.742031E-09  1.084274E-08  5.358554E-10  2.038517E-02  2.633856E-06  8.981920E-09  7.506857E-09  4.118994E-04  5.599505E-04  3.994497E-06  2.687092E-07  3.486095E-07  7.878602E-08
 3.461500E+02  3.983911E-02  1.868148E-06  1.170092E-11  1.565950E-11  1.749673E-11  2.124807E-11  1.494023E-01  4.651194E-05  2.486747E-08  7.840497E-01  5.310422E-03  6.016797E-05  7.853523E-06  1.402070E-04  2.637332E-09  1.045028E-08  5.213091E-10  2.017607E-02  2.540718E-06  8.775367E-09  7.330252E-09  4.063621E-04  5.524268E-04  3.810071E-06  2.562127E-07  3.324899E-07  7.585840E-08
 3.471500E+02  3.994304E-02  1.859202E-06  1.147398E-11  1.535898E-11  1.716173E-11  2.084538E-11  1.494102E-01  4.586794E-05  2.370440E-08  7.842336E-01  5.239031E-03  5.740558E-05  7.677617E-06  1.384920E-04  2.537200E-09  1.007417E-08  5.072252E-10  1.996999E-02  2.451364E-06  8.574468E-09  7.158580E-09  4.009346E-04  5.450523E-04  3.635205E-06  2.443692E-07  3.172086E-07  7.305519E-08
 3.481500E+02  4.004548E-02  1.850274E-06  1.125212E-11  1.506512E-11  1.683414E-11  2.045150E-11  1.494181E-01  4.523709E-05  2.260248E-08  7.844144E-01  5.169037E-03  5.478541E-05  7.506761E-06  1.368059E-04  2.441413E-09  9.713647E-09  4.935874E-10  1.976688E-02  2.365621E-06  8.379054E-09  6.991688E-09  3.956141E-04  5.378233E-04  3.469354E-06  2.331411E-07  3.027174E-07  7.037052E-08
 3.491500E+02  4.014643E-02  1.841368E-06  1.103523E-11  1.477778E-11  1.651379E-11  2.006625E-11  1.494257E-01  4.461905E-05  2.155818E-08  7.845921E-01  5.100407E-03  5.229940E-05  7.340785E-06  1.351482E-04  2.349763E-09  9.367995E-09  4.803801E-10  1.956671E-02  2.283328E-06  8.188958E-09  6.829431E-09  3.903979E-04  5.307363E-04  3.312005E-06  2.224932E-07  2.889714E-07  6.779882E-08
 3.501500E+02  4.024593E-02  1.832484E-06  1.082319E-11  1.449679E-11  1.620052E-11  1.968943E-11  1.494333E-01  4.401350E-05  2.056818E-08  7.847668E-01  5.033106E-03  4.993999E-05  7.179523E-06  1.335183E-04  2.262050E-09  9.036529E-09  4.675881E-10  1.936943E-02  2.204330E-06  8.004022E-09  6.671664E-09  3.852836E-04  5.237878E-04  3.162680E-06  2.123924E-07  2.759282E-07  6.533482E-08
 3.511500E+02  4.034398E-02  1.823625E-06  1.061590E-11  1.422203E-11  1.589418E-11  1.932085E-11  1.494406E-01  4.342012E-05  1.962936E-08  7.849384E-01  4.967104E-03  4.770011E-05  7.022817E-06  1.319157E-04  2.178087E-09  8.718598E-09  4.551969E-10  1.917498E-02  2.128481E-06  7.824089E-09  6.518250E-09  3.802687E-04  5.169744E-04  3.020926E-06  2.028078E-07  2.635483E-07  6.297349E-08
 3.521500E+02  4.044063E-02  1.814792E-06  1.041324E-11  1.395335E-11  1.559460E-11  1.896033E-11  1.494479E-01  4.283861E-05  1.873881E-08  7.851072E-01  4.902369E-03  4.557307E-05  6.870516E-06  1.303399E-04  2.097695E-09  8.413586E-09  4.431926E-10  1.898334E-02  2.055639E-06  7.649010E-09  6.369057E-09  3.753507E-04  5.102928E-04  2.886323E-06  1.937102E-07  2.517945E-07  6.071008E-08
 3.531500E+02  4.053588E-02  1.805988E-06  1.021511E-11  1.369062E-11  1.530163E-11  1.860770E-11  1.494550E-01  4.226866E-05  1.789379E-08  7.852732E-01  4.838872E-03  4.355263E-05  6.722473E-06  1.287904E-04  2.020706E-09  8.120905E-09  4.315616E-10  1.879444E-02  1.985673E-06  7.478639E-09  6.223955E-09  3.705273E-04  5.037399E-04  2.758470E-06  1.850724E-07  2.406317E-07  5.854007E-08
 3.541500E+02  4.062977E-02  1.797214E-06  1.002141E-11  1.343369E-11  1.501513E-11  1.826277E-11  1.494619E-01  4.171000E-05  1.709173E-08  7.854363E-01  4.776583E-03  4.163290E-05  6.578548E-06  1.272667E-04  1.946960E-09  7.839998E-09  4.202911E-10  1.860826E-02  1.918456E-06  7.312835E-09  6.082819E-09  3.657964E-04  4.973126E-04  2.636997E-06  1.768688E-07  2.300272E-07  5.645917E-08
 3.551500E+02  4.072230E-02  1.788471E-06  9.832021E-12  1.318244E-11  1.473494E-11  1.792538E-11  1.494687E-01  4.116234E-05  1.633021E-08  7.855968E-01  4.715473E-03  3.980836E-05  6.438604E-06  1.257682E-04  1.876303E-09  7.570337E-09  4.093685E-10  1.842475E-02  1.853868E-06  7.151462E-09  5.945528E-09  3.611555E-04  4.910079E-04  2.521551E-06  1.690752E-07  2.199502E-07  5.446331E-08
 3.561500E+02  4.081351E-02  1.779762E-06  9.646858E-12  1.293674E-11  1.446092E-11  1.759534E-11  1.494754E-01  4.062541E-05  1.560698E-08  7.857545E-01  4.655515E-03  3.807380E-05  6.302511E-06  1.242945E-04  1.808593E-09  7.311416E-09  3.987820E-10  1.824387E-02  1.791792E-06  6.994388E-09  5.811967E-09  3.566027E-04  4.848227E-04  2.411802E-06  1.616691E-07  2.103717E-07  5.254862E-08
 3.571500E+02  4.090341E-02  1.771087E-06  9.465819E-12  1.269645E-11  1.419294E-11  1.727251E-11  1.494820E-01  4.009895E-05  1.491991E-08  7.859097E-01  4.596682E-03  3.642433E-05  6.170145E-06  1.228452E-04  1.743691E-09  7.062758E-09  3.885198E-10  1.806557E-02  1.732121E-06  6.841485E-09  5.682020E-09  3.521358E-04  4.787545E-04  2.307441E-06  1.546291E-07  2.012644E-07  5.071141E-08
 3.581500E+02  4.099203E-02  1.762448E-06  9.288806E-12  1.246146E-11  1.393084E-11  1.695670E-11  1.494884E-01  3.958270E-05  1.426700E-08  7.860622E-01  4.538948E-03  3.485535E-05  6.041383E-06  1.214197E-04  1.681469E-09  6.823907E-09  3.785709E-10  1.788982E-02  1.674751E-06  6.692630E-09  5.555580E-09  3.477528E-04  4.728002E-04  2.208175E-06  1.479353E-07  1.926027E-07  4.894819E-08
 3.591500E+02  4.107938E-02  1.753847E-06  9.115727E-12  1.223164E-11  1.367450E-11  1.664777E-11  1.494948E-01  3.907642E-05  1.364638E-08  7.862123E-01  4.482287E-03  3.336253E-05  5.916110E-06  1.200176E-04  1.621803E-09  6.594429E-09  3.689247E-10  1.771657E-02  1.619581E-06  6.547702E-09  5.432541E-09  3.434517E-04  4.669574E-04  2.113729E-06  1.415688E-07  1.843625E-07  4.725564E-08
 3.601500E+02  4.116549E-02  1.745283E-06  8.946489E-12  1.200687E-11  1.342379E-11  1.634555E-11  1.495010E-01  3.857986E-05  1.305627E-08  7.863599E-01  4.426675E-03  3.194179E-05  5.794213E-06  1.186385E-04  1.564576E-09  6.373913E-09  3.595706E-10  1.754579E-02  1.566518E-06  6.406585E-09  5.312799E-09  3.392307E-04  4.612233E-04  2.023846E-06  1.355120E-07  1.765212E-07  4.563060E-08
 3.611500E+02  4.125037E-02  1.736759E-06  8.781002E-12  1.178703E-11  1.317857E-11  1.604989E-11  1.495070E-01  3.809279E-05  1.249503E-08  7.865052E-01  4.372087E-03  3.058929E-05  5.675584E-06  1.172820E-04  1.509676E-09  6.161965E-09  3.504990E-10  1.737744E-02  1.515472E-06  6.269167E-09  5.196256E-09  3.350878E-04  4.555954E-04  1.938281E-06  1.297482E-07  1.690572E-07  4.407005E-08
 3.621500E+02  4.133405E-02  1.728276E-06  8.619178E-12  1.157202E-11  1.293871E-11  1.576065E-11  1.495130E-01  3.761499E-05  1.196108E-08  7.866480E-01  4.318501E-03  2.930141E-05  5.560119E-06  1.159475E-04  1.456997E-09  5.958213E-09  3.417000E-10  1.721147E-02  1.466356E-06  6.135339E-09  5.082816E-09  3.310212E-04  4.500714E-04  1.856805E-06  1.242618E-07  1.619507E-07  4.257115E-08
 3.631500E+02  4.141654E-02  1.719835E-06  8.460931E-12  1.136172E-11  1.270409E-11  1.547767E-11  1.495189E-01  3.714622E-05  1.145296E-08  7.867886E-01  4.265892E-03  2.807475E-05  5.447719E-06  1.146347E-04  1.406441E-09  5.762301E-09  3.331647E-10  1.704786E-02  1.419090E-06  6.004996E-09  4.972385E-09  3.270293E-04  4.446487E-04  1.779203E-06  1.190379E-07  1.551825E-07  4.113116E-08
 3.641500E+02  4.149786E-02  1.711436E-06  8.306176E-12  1.115601E-11  1.247460E-11  1.520081E-11  1.495247E-01  3.668628E-05  1.096929E-08  7.869269E-01  4.214240E-03  2.690608E-05  5.338286E-06  1.133432E-04  1.357910E-09  5.573890E-09  3.248840E-10  1.688656E-02  1.373595E-06  5.878035E-09  4.864875E-09  3.231102E-04  4.393250E-04  1.705269E-06  1.140626E-07  1.487349E-07  3.974750E-08
 3.651500E+02  4.157803E-02  1.703081E-06  8.154832E-12  1.095479E-11  1.225011E-11  1.492993E-11  1.495303E-01  3.623496E-05  1.050876E-08  7.870629E-01  4.163522E-03  2.579238E-05  5.231727E-06  1.120726E-04  1.311314E-09  5.392658E-09  3.168494E-10  1.672754E-02  1.329796E-06  5.754358E-09  4.760198E-09  3.192624E-04  4.340981E-04  1.634814E-06  1.093230E-07  1.425911E-07  3.841771E-08
 3.661500E+02  4.165707E-02  1.694770E-06  8.006817E-12  1.075796E-11  1.203050E-11  1.466489E-11  1.495359E-01  3.579205E-05  1.007014E-08  7.871968E-01  4.113717E-03  2.473080E-05  5.127952E-06  1.108225E-04  1.266567E-09  5.218297E-09  3.090527E-10  1.657075E-02  1.287623E-06  5.633868E-09  4.658270E-09  3.154841E-04  4.289658E-04  1.567655E-06  1.048065E-07  1.367352E-07  3.713944E-08
 3.671500E+02  4.173499E-02  1.686504E-06  7.862053E-12  1.056542E-11  1.181566E-11  1.440556E-11  1.495413E-01  3.535736E-05  9.652293E-09  7.873286E-01  4.064805E-03  2.371863E-05  5.026875E-06  1.095925E-04  1.223586E-09  5.050514E-09  3.014860E-10  1.641617E-02  1.247008E-06  5.516474E-09  4.559009E-09  3.117738E-04  4.239259E-04  1.503621E-06  1.005016E-07  1.311522E-07  3.591045E-08
 3.681500E+02  4.181183E-02  1.678284E-06  7.720463E-12  1.037706E-11  1.160548E-11  1.415181E-11  1.495467E-01  3.493070E-05  9.254114E-09  7.874583E-01  4.016766E-03  2.275333E-05  4.928412E-06  1.083822E-04  1.182295E-09  4.889030E-09  2.941415E-10  1.626376E-02  1.207886E-06  5.402085E-09  4.462337E-09  3.081300E-04  4.189764E-04  1.442553E-06  9.639728E-08  1.258280E-07  3.472862E-08
 3.691500E+02  4.188758E-02  1.670111E-06  7.581972E-12  1.019278E-11  1.139984E-11  1.390350E-11  1.495519E-01  3.451187E-05  8.874580E-09  7.875859E-01  3.969580E-03  2.183250E-05  4.832483E-06  1.071912E-04  1.142617E-09  4.733580E-09  2.870120E-10  1.611349E-02  1.170196E-06  5.290613E-09  4.368176E-09  3.045512E-04  4.141151E-04  1.384297E-06  9.248318E-08  1.207494E-07  3.359192E-08
 3.701500E+02  4.196227E-02  1.661985E-06  7.446506E-12  1.001250E-11  1.119866E-11  1.366051E-11  1.495571E-01  3.410071E-05  8.512723E-09  7.877115E-01  3.923229E-03  2.095387E-05  4.739009E-06  1.060192E-04  1.104484E-09  4.583909E-09  2.800903E-10  1.596532E-02  1.133879E-06  5.181976E-09  4.276455E-09  3.010359E-04  4.093402E-04  1.328710E-06  8.874954E-08  1.159037E-07  3.249842E-08
 3.711500E+02  4.203592E-02  1.653907E-06  7.313995E-12  9.836107E-12  1.100181E-11  1.342272E-11  1.495622E-01  3.369702E-05  8.167630E-09  7.878352E-01  3.877694E-03  2.011531E-05  4.647917E-06  1.048659E-04  1.067826E-09  4.439775E-09  2.733695E-10  1.581921E-02  1.098879E-06  5.076091E-09  4.187100E-09  2.975828E-04  4.046497E-04  1.275656E-06  8.518711E-08  1.112791E-07  3.144627E-08
 3.721500E+02  4.210854E-02  1.645877E-06  7.184367E-12  9.663522E-12  1.080920E-11  1.319000E-11  1.495672E-01  3.330065E-05  7.838438E-09  7.879569E-01  3.832957E-03  1.931478E-05  4.559133E-06  1.037308E-04  1.032581E-09  4.300948E-09  2.668431E-10  1.567514E-02  1.065141E-06  4.972879E-09  4.100042E-09  2.941903E-04  4.000417E-04  1.225008E-06  8.178720E-08  1.068644E-07  3.043373E-08
 3.731500E+02  4.218016E-02  1.637896E-06  7.057555E-12  9.494653E-12  1.062073E-11  1.296225E-11  1.495721E-01  3.291142E-05  7.524335E-09  7.880767E-01  3.789001E-03  1.855039E-05  4.472587E-06  1.026137E-04  9.986873E-10  4.167207E-09  2.605047E-10  1.553308E-02  1.032615E-06  4.872263E-09  4.015215E-09  2.908573E-04  3.955144E-04  1.176645E-06  7.854156E-08  1.026491E-07  2.945911E-08
