#         T/K            c1          c2-1          c3-4          c3-5          c3-7          c3-9            m1          m2-1          m3-1            w1            w2          w3-1          w3-2          c1m1        c1m2-1        c1m2-7        c2m1-1        c1w1-2        c1w2-1        c2w1-1        c2w1-9        m1w1-1        m1w1-4        m1w2-1        m2w1-1        m2w1-3      c1m1w1-1
 2.731500E+02  1.834536E-01  1.116258E-04  1.798291E-08  2.360300E-08  2.626021E-08  3.131204E-08  3.929426E-01  1.301547E-03  4.653185E-05  2.824088E-01  2.743021E-03  2.709848E-04  3.802206E-06  7.559410E-03  4.759530E-06  1.561753E-05  7.417695E-07  1.252365E-01  6.685664E-05  1.169364E-06  1.026825E-06  1.502603E-03  2.045448E-03  1.242777E-04  6.261050E-05  7.929704E-05  1.711801E-05
 2.741500E+02  1.844511E-01  1.107253E-04  1.739134E-08  2.283429E-08  2.540686E-08  3.030407E-08  3.931024E-01  1.270452E-03  4.293913E-05  2.834375E-01  2.696116E-03  2.529162E-04  3.686591E-06  7.402403E-03  4.458537E-06  1.467726E-05  7.078854E-07  1.234042E-01  6.332652E-05  1.127027E-06  9.887950E-07  1.472527E-03  2.004379E-03  1.156138E-04  5.802187E-05  7.351473E-05  1.611542E-05
 2.751500E+02  1.854322E-01  1.098258E-04  1.682073E-08  2.209251E-08  2.458333E-08  2.933099E-08  3.932571E-01  1.240334E-03  3.964823E-05  2.844479E-01  2.650144E-03  2.361447E-04  3.574951E-06  7.249408E-03  4.178451E-06  1.379947E-05  6.757193E-07  1.216007E-01  5.999931E-05  1.086370E-06  9.523090E-07  1.443220E-03  1.964366E-03  1.076036E-04  5.379844E-05  6.819057E-05  1.517709E-05
 2.761500E+02  1.863969E-01  1.089276E-04  1.627032E-08  2.137673E-08  2.378859E-08  2.839159E-08  3.934069E-01  1.211160E-03  3.663190E-05  2.854401E-01  2.605091E-03  2.205713E-04  3.467143E-06  7.100314E-03  3.917701E-06  1.297966E-05  6.451774E-07  1.198257E-01  5.686257E-05  1.047325E-06  9.173015E-07  1.414660E-03  1.925379E-03  1.001944E-04  4.990904E-05  6.328560E-05  1.429857E-05
 2.771500E+02  1.873455E-01  1.080312E-04  1.573939E-08  2.068602E-08  2.302163E-08  2.748471E-08  3.935522E-01  1.182892E-03  3.386550E-05  2.864147E-01  2.560939E-03  2.061049E-04  3.363029E-06  6.955010E-03  3.674845E-06  1.221367E-05  6.161709E-07  1.180790E-01  5.390467E-05  1.009824E-06  8.837097E-07  1.386826E-03  1.887388E-03  9.333797E-05  4.632532E-05  5.876439E-05  1.347578E-05
 2.781500E+02  1.882781E-01  1.071370E-04  1.522726E-08  2.001951E-08  2.228148E-08  2.660921E-08  3.936930E-01  1.155499E-03  3.132677E-05  2.873718E-01  2.517671E-03  1.926619E-04  3.262473E-06  6.813393E-03  3.448555E-06  1.149768E-05  5.886166E-07  1.163603E-01  5.111470E-05  9.738037E-07  8.514735E-07  1.359697E-03  1.850364E-03  8.699014E-05  4.302147E-05  5.459468E-05  1.270490E-05
 2.791500E+02  1.891949E-01  1.062453E-04  1.473323E-08  1.937633E-08  2.156718E-08  2.576401E-08  3.938295E-01  1.128948E-03  2.899552E-05  2.883118E-01  2.475271E-03  1.801650E-04  3.165347E-06  6.675359E-03  3.237607E-06  1.082813E-05  5.624356E-07  1.146693E-01  4.848247E-05  9.392022E-07  8.205353E-07  1.333253E-03  1.814279E-03  8.111054E-05  3.997403E-05  5.074711E-05  1.198240E-05
 2.801500E+02  1.900963E-01  1.053565E-04  1.425668E-08  1.875566E-08  2.087782E-08  2.494804E-08  3.939620E-01  1.103208E-03  2.685350E-05  2.892349E-01  2.433722E-03  1.685434E-04  3.071526E-06  6.540809E-03  3.040876E-06  1.020176E-05  5.375540E-07  1.130058E-01  4.599844E-05  9.059610E-07  7.908400E-07  1.307474E-03  1.779107E-03  7.566219E-05  3.716160E-05  4.719492E-05  1.130502E-05
 2.811500E+02  1.909822E-01  1.044710E-04  1.379696E-08  1.815670E-08  2.021252E-08  2.416029E-08  3.940906E-01  1.078250E-03  2.488418E-05  2.901415E-01  2.393007E-03  1.577317E-04  2.980890E-06  6.409646E-03  2.857323E-06  9.615538E-06  5.139018E-07  1.113694E-01  4.365368E-05  8.740237E-07  7.623350E-07  1.282341E-03  1.744820E-03  7.061118E-05  3.456471E-05  4.391372E-05  1.066971E-05
 2.821500E+02  1.918530E-01  1.035890E-04  1.335347E-08  1.757868E-08  1.957042E-08  2.339975E-08  3.942153E-01  1.054046E-03  2.307254E-05  2.910319E-01  2.353111E-03  1.476696E-04  2.893322E-06  6.281775E-03  2.685992E-06  9.066668E-06  4.914132E-07  1.097599E-01  4.143981E-05  8.433363E-07  7.349699E-07  1.257835E-03  1.711394E-03  6.592646E-05  3.216559E-05  4.088128E-05  1.007366E-05
 2.831500E+02  1.927089E-01  1.027109E-04  1.292562E-08  1.702085E-08  1.895070E-08  2.266548E-08  3.943365E-01  1.030567E-03  2.140497E-05  2.919064E-01  2.314017E-03  1.383018E-04  2.808711E-06  6.157105E-03  2.526000E-06  8.552561E-06  4.700261E-07  1.081769E-01  3.934900E-05  8.138472E-07  7.086963E-07  1.233939E-03  1.678803E-03  6.157953E-05  2.994802E-05  3.807728E-05  9.514236E-06
 2.841500E+02  1.935500E-01  1.018370E-04  1.251285E-08  1.648249E-08  1.835257E-08  2.195654E-08  3.944542E-01  1.007789E-03  1.986912E-05  2.927652E-01  2.275709E-03  1.295770E-04  2.726950E-06  6.035547E-03  2.376534E-06  8.070819E-06  4.496818E-07  1.066201E-01  3.737390E-05  7.855068E-07  6.834680E-07  1.210636E-03  1.647024E-03  5.754427E-05  2.789723E-05  3.548320E-05  8.989019E-06
 2.851500E+02  1.943767E-01  1.009676E-04  1.211461E-08  1.596289E-08  1.777524E-08  2.127205E-08  3.945685E-01  9.856867E-04  1.845377E-05  2.936086E-01  2.238171E-03  1.214482E-04  2.647936E-06  5.917015E-03  2.236841E-06  7.619225E-06  4.303252E-07  1.050892E-01  3.550765E-05  7.582676E-07  6.592410E-07  1.187908E-03  1.616033E-03  5.379668E-05  2.599971E-05  3.308211E-05  8.495744E-06
 2.861500E+02  1.951890E-01  1.001028E-04  1.173038E-08  1.546140E-08  1.721798E-08  2.061113E-08  3.946796E-01  9.642353E-04  1.714870E-05  2.944369E-01  2.201388E-03  1.138718E-04  2.571567E-06  5.801425E-03  2.106229E-06  7.195722E-06  4.119040E-07  1.035839E-01  3.374379E-05  7.320843E-07  6.359729E-07  1.165739E-03  1.585808E-03  5.031474E-05  2.424311E-05  3.085853E-05  8.032311E-06
 2.871500E+02  1.959871E-01  9.924299E-05  1.135963E-08  1.497735E-08  1.668006E-08  1.997296E-08  3.947876E-01  9.434122E-04  1.594464E-05  2.952503E-01  2.165345E-03  1.068076E-04  2.497749E-06  5.688695E-03  1.984055E-06  6.798407E-06  3.943691E-07  1.021038E-01  3.207628E-05  7.069132E-07  6.136233E-07  1.144113E-03  1.556327E-03  4.707823E-05  2.261615E-05  2.879831E-05  7.596766E-06
 2.881500E+02  1.967715E-01  9.838835E-05  1.100190E-08  1.451011E-08  1.616079E-08  1.935671E-08  3.948926E-01  9.231954E-04  1.483316E-05  2.960492E-01  2.130026E-03  1.002187E-04  2.426389E-06  5.578746E-03  1.869727E-06  6.425512E-06  3.776740E-07  1.006486E-01  3.049945E-05  6.827127E-07  5.921535E-07  1.123015E-03  1.527568E-03  4.406854E-05  2.110853E-05  2.688851E-05  7.187292E-06
 2.891500E+02  1.975421E-01  9.753910E-05  1.065669E-08  1.405909E-08  1.565950E-08  1.876162E-08  3.949947E-01  9.035635E-04  1.380655E-05  2.968338E-01  2.095416E-03  9.407083E-05  2.357397E-06  5.471502E-03  1.762697E-06  6.075400E-06  3.617748E-07  9.921791E-02  2.900800E-05  6.594427E-07  5.715264E-07  1.102429E-03  1.499511E-03  4.126859E-05  1.971080E-05  2.511728E-05  6.802200E-06
 2.901500E+02  1.982992E-01  9.669543E-05  1.032355E-08  1.362370E-08  1.517555E-08  1.818692E-08  3.950939E-01  8.844962E-04  1.285781E-05  2.976042E-01  2.061501E-03  8.833235E-05  2.290689E-06  5.366887E-03  1.662459E-06  5.746552E-06  3.466302E-07  9.781145E-02  2.759694E-05  6.370651E-07  5.517067E-07  1.082342E-03  1.472136E-03  3.866266E-05  1.841432E-05  2.347377E-05  6.439914E-06
 2.911500E+02  1.990431E-01  9.585754E-05  1.000205E-08  1.320337E-08  1.470830E-08  1.763189E-08  3.951905E-01  8.659741E-04  1.198055E-05  2.983609E-01  2.028267E-03  8.297407E-05  2.226181E-06  5.264829E-03  1.568544E-06  5.437557E-06  3.322011E-07  9.642884E-02  2.626161E-05  6.155432E-07  5.326605E-07  1.062740E-03  1.445424E-03  3.623627E-05  1.721116E-05  2.194803E-05  6.098972E-06
 2.921500E+02  1.997740E-01  9.502559E-05  9.691747E-09  1.279755E-08  1.425716E-08  1.709583E-08  3.952845E-01  8.479782E-04  1.116895E-05  2.991040E-01  1.995698E-03  7.796900E-05  2.163795E-06  5.165257E-03  1.480516E-06  5.147105E-06  3.184505E-07  9.506975E-02  2.499760E-05  5.948419E-07  5.143554E-07  1.043608E-03  1.419356E-03  3.397612E-05  1.609409E-05  2.053095E-05  5.778009E-06
 2.931500E+02  2.004920E-01  9.419974E-05  9.392244E-09  1.240573E-08  1.382154E-08  1.657806E-08  3.953760E-01  8.304905E-04  1.041769E-05  2.998338E-01  1.963782E-03  7.329219E-05  2.103453E-06  5.068104E-03  1.397975E-06  4.873981E-06  3.053435E-07  9.373382E-02  2.380082E-05  5.749276E-07  4.967603E-07  1.024934E-03  1.393914E-03  3.186994E-05  1.505644E-05  1.921416E-05  5.475755E-06
 2.941500E+02  2.011974E-01  9.338014E-05  9.103143E-09  1.202739E-08  1.340089E-08  1.607793E-08  3.954651E-01  8.134938E-04  9.721916E-06  3.005505E-01  1.932504E-03  6.892054E-05  2.045083E-06  4.973302E-03  1.320547E-06  4.617052E-06  2.928472E-07  9.242072E-02  2.266739E-05  5.557681E-07  4.798457E-07  1.006704E-03  1.369080E-03  2.990642E-05  1.409212E-05  1.798999E-05  5.191024E-06
 2.951500E+02  2.018904E-01  9.256693E-05  8.824062E-09  1.166206E-08  1.299465E-08  1.559480E-08  3.955518E-01  7.969713E-04  9.077186E-06  3.012543E-01  1.901852E-03  6.483269E-05  1.988614E-06  4.880788E-03  1.247887E-06  4.375269E-06  2.809304E-07  9.113009E-02  2.159370E-05  5.373327E-07  4.635831E-07  9.889075E-04  1.344838E-03  2.807515E-05  1.319552E-05  1.685139E-05  4.922713E-06
 2.961500E+02  2.025711E-01  9.176023E-05  8.554636E-09  1.130924E-08  1.260232E-08  1.512806E-08  3.956363E-01  7.809070E-04  8.479446E-06  3.019455E-01  1.871811E-03  6.100887E-05  1.933978E-06  4.790497E-03  1.179676E-06  4.147653E-06  2.695636E-07  8.986159E-02  2.057633E-05  5.195917E-07  4.479455E-07  9.715308E-04  1.321170E-03  2.636654E-05  1.236150E-05  1.579190E-05  4.669793E-06
 2.971500E+02  2.032399E-01  9.096016E-05  8.294510E-09  1.096850E-08  1.222339E-08  1.467713E-08  3.957185E-01  7.652856E-04  7.924984E-06  3.026244E-01  1.842368E-03  5.743075E-05  1.881108E-06  4.702371E-03  1.115614E-06  3.933296E-06  2.587189E-07  8.861487E-02  1.961208E-05  5.025170E-07  4.329068E-07  9.545629E-04  1.298061E-03  2.477171E-05  1.158533E-05  1.480557E-05  4.431304E-06
 2.981500E+02  2.038968E-01  9.016681E-05  8.043344E-09  1.063940E-08  1.185737E-08  1.424145E-08  3.957986E-01  7.500922E-04  7.410402E-06  3.032911E-01  1.813512E-03  5.408139E-05  1.829943E-06  4.616349E-03  1.055428E-06  3.731351E-06  2.483702E-07  8.738959E-02  1.869796E-05  4.860814E-07  4.184423E-07  9.379924E-04  1.275495E-03  2.328250E-05  1.086267E-05  1.388692E-05  4.206349E-06
 2.991500E+02  2.045422E-01  8.938029E-05  7.800811E-09  1.032150E-08  1.150380E-08  1.382045E-08  3.958767E-01  7.353127E-04  6.932591E-06  3.039459E-01  1.785229E-03  5.094506E-05  1.780421E-06  4.532374E-03  9.988604E-07  3.541031E-06  2.384924E-07  8.618541E-02  1.783114E-05  4.702591E-07  4.045282E-07  9.218084E-04  1.253457E-03  2.189135E-05  1.018954E-05  1.303092E-05  3.994093E-06
 3.001500E+02  2.051761E-01  8.860066E-05  7.566593E-09  1.001442E-08  1.116222E-08  1.341363E-08  3.959528E-01  7.209333E-04  6.488700E-06  3.045889E-01  1.757508E-03  4.800720E-05  1.732484E-06  4.450391E-03  9.456741E-07  3.361600E-06  2.290619E-07  8.500198E-02  1.700895E-05  4.550252E-07  3.911417E-07  9.060003E-04  1.231933E-03  2.059129E-05  9.562244E-06  1.223296E-05  3.793754E-06
 3.011500E+02  2.057988E-01  8.782802E-05  7.340387E-09  9.717746E-09  1.083220E-08  1.302046E-08  3.960270E-01  7.069408E-04  6.076115E-06  3.052205E-01  1.730336E-03  4.525429E-05  1.686077E-06  4.370345E-03  8.956479E-07  3.192376E-06  2.200566E-07  8.383897E-02  1.622892E-05  4.403560E-07  3.782611E-07  8.905579E-04  1.210908E-03  1.937588E-05  8.977413E-06  1.148876E-05  3.604604E-06
 3.021500E+02  2.064105E-01  8.706242E-05  7.121900E-09  9.431111E-09  1.051333E-08  1.264047E-08  3.960993E-01  6.933226E-04  5.692439E-06  3.058407E-01  1.703701E-03  4.267381E-05  1.641143E-06  4.292184E-03  8.485766E-07  3.032721E-06  2.114552E-07  8.269603E-02  1.548869E-05  4.262287E-07  3.658657E-07  8.754710E-04  1.190369E-03  1.823916E-05  8.431928E-06  1.079439E-05  3.425961E-06
 3.031500E+02  2.070114E-01  8.630393E-05  6.910850E-09  9.154149E-09  1.020520E-08  1.227317E-08  3.961698E-01  6.800666E-04  5.335474E-06  3.064499E-01  1.677592E-03  4.025413E-05  1.597633E-06  4.215856E-03  8.042690E-07  2.882041E-06  2.032379E-07  8.157285E-02  1.478605E-05  4.126215E-07  3.539354E-07  8.607300E-04  1.170302E-03  1.717563E-05  7.922921E-06  1.014624E-05  3.257189E-06
 3.041500E+02  2.076017E-01  8.555259E-05  6.706964E-09  8.886511E-09  9.907428E-09  1.191812E-08  3.962385E-01  6.671609E-04  5.003198E-06  3.070483E-01  1.651998E-03  3.798446E-05  1.555496E-06  4.141314E-03  7.625477E-07  2.739781E-06  1.953856E-07  8.046907E-02  1.411893E-05  3.995135E-07  3.424514E-07  8.463257E-04  1.150696E-03  1.618018E-05  7.447746E-06  9.540975E-06  3.097692E-06
 3.051500E+02  2.081815E-01  8.480844E-05  6.509982E-09  8.627860E-09  9.619632E-09  1.157487E-08  3.963056E-01  6.545943E-04  4.693756E-06  3.076359E-01  1.626907E-03  3.585478E-05  1.514682E-06  4.068507E-03  7.232472E-07  2.605424E-06  1.878806E-07  7.938438E-02  1.348537E-05  3.868847E-07  3.313952E-07  8.322488E-04  1.131536E-03  1.524811E-05  7.003964E-06  8.975507E-06  2.946913E-06
 3.061500E+02  2.087511E-01  8.407152E-05  6.319652E-09  8.377870E-09  9.341456E-09  1.124301E-08  3.963710E-01  6.423560E-04  4.405442E-06  3.082131E-01  1.602309E-03  3.385579E-05  1.475148E-06  3.997391E-03  6.862137E-07  2.478487E-06  1.807058E-07  7.831845E-02  1.288355E-05  3.747160E-07  3.207496E-07  8.184905E-04  1.112811E-03  1.437505E-05  6.589323E-06  8.446997E-06  2.804333E-06
 3.071500E+02  2.093106E-01  8.334187E-05  6.135731E-09  8.136229E-09  9.072553E-09  1.092212E-08  3.964348E-01  6.304354E-04  4.136688E-06  3.087801E-01  1.578193E-03  3.197884E-05  1.436846E-06  3.927918E-03  6.513038E-07  2.358519E-06  1.738452E-07  7.727096E-02  1.231172E-05  3.629891E-07  3.104978E-07  8.050423E-04  1.094509E-03  1.355695E-05  6.201747E-06  7.952823E-06  2.669463E-06
 3.081500E+02  2.098603E-01  8.261949E-05  5.957985E-09  7.902635E-09  8.812588E-09  1.061182E-08  3.964970E-01  6.188225E-04  3.886049E-06  3.093369E-01  1.554549E-03  3.021589E-05  1.399735E-06  3.860046E-03  6.183840E-07  2.245099E-06  1.672836E-07  7.624159E-02  1.176826E-05  3.516863E-07  3.006239E-07  7.918959E-04  1.076619E-03  1.279007E-05  5.839317E-06  7.490561E-06  2.541848E-06
 3.091500E+02  2.104002E-01  8.190441E-05  5.786192E-09  7.676799E-09  8.561242E-09  1.031172E-08  3.965578E-01  6.075076E-04  3.652198E-06  3.098839E-01  1.531366E-03  2.855948E-05  1.363773E-06  3.793732E-03  5.873298E-07  2.137833E-06  1.610065E-07  7.523001E-02  1.125163E-05  3.407909E-07  2.911126E-07  7.790432E-04  1.059131E-03  1.207093E-05  5.500262E-06  7.057972E-06  2.421061E-06
 3.101500E+02  2.109306E-01  8.119664E-05  5.620133E-09  7.458441E-09  8.318204E-09  1.002147E-08  3.966171E-01  5.964813E-04  3.433910E-06  3.104211E-01  1.508635E-03  2.700264E-05  1.328921E-06  3.728934E-03  5.580252E-07  2.036353E-06  1.550004E-07  7.423593E-02  1.076039E-05  3.302866E-07  2.819493E-07  7.664764E-04  1.042032E-03  1.139632E-05  5.182941E-06  6.652984E-06  2.306703E-06
 3.111500E+02  2.114517E-01  8.049618E-05  5.459602E-09  7.247292E-09  8.083175E-09  9.740708E-09  3.966750E-01  5.857346E-04  3.230057E-06  3.109489E-01  1.486346E-03  2.553893E-05  1.295139E-06  3.665612E-03  5.303619E-07  1.940315E-06  1.492521E-07  7.325903E-02  1.029317E-05  3.201581E-07  2.731199E-07  7.541880E-04  1.025313E-03  1.076324E-05  4.885842E-06  6.273682E-06  2.198397E-06
 3.121500E+02  2.119636E-01  7.980303E-05  5.304398E-09  7.043093E-09  7.855869E-09  9.469104E-09  3.967315E-01  5.752589E-04  3.039600E-06  3.114673E-01  1.464488E-03  2.416231E-05  1.262392E-06  3.603726E-03  5.042389E-07  1.849398E-06  1.437495E-07  7.229901E-02  9.848695E-06  3.103906E-07  2.646110E-07  7.421705E-04  1.008963E-03  1.016891E-05  4.607563E-06  5.918294E-06  2.095794E-06
 3.131500E+02  2.124664E-01  7.911718E-05  5.154328E-09  6.845596E-09  7.636009E-09  9.206330E-09  3.967867E-01  5.650456E-04  2.861578E-06  3.119765E-01  1.443054E-03  2.286720E-05  1.230643E-06  3.543239E-03  4.795621E-07  1.763299E-06  1.384809E-07  7.135557E-02  9.425752E-06  3.009699E-07  2.564100E-07  7.304169E-04  9.929738E-04  9.610779E-06  4.346807E-06  5.585178E-06  1.998565E-06
 3.141500E+02  2.129605E-01  7.843863E-05  5.009207E-09  6.654560E-09  7.423329E-09  8.952072E-09  3.968406E-01  5.550869E-04  2.695108E-06  3.124768E-01  1.422033E-03  2.164836E-05  1.199859E-06  3.484115E-03  4.562433E-07  1.681738E-06  1.334353E-07  7.042841E-02  9.023201E-06  2.918824E-07  2.485044E-07  7.189203E-04  9.773347E-04  9.086437E-06  4.102373E-06  5.272816E-06  1.906400E-06
 3.151500E+02  2.134458E-01  7.776736E-05  4.868857E-09  6.469754E-09  7.217573E-09  8.706030E-09  3.968933E-01  5.453749E-04  2.539372E-06  3.129682E-01  1.401417E-03  2.050095E-05  1.170005E-06  3.426316E-03  4.342005E-07  1.604449E-06  1.286021E-07  6.951723E-02  8.639966E-06  2.831151E-07  2.408825E-07  7.076738E-04  9.620368E-04  8.593669E-06  3.873149E-06  4.979800E-06  1.819011E-06
 3.161500E+02  2.139227E-01  7.710335E-05  4.733106E-09  6.290955E-09  7.018494E-09  8.467913E-09  3.969447E-01  5.359020E-04  2.393615E-06  3.134510E-01  1.381197E-03  1.942044E-05  1.141052E-06  3.369808E-03  4.133566E-07  1.531187E-06  1.239714E-07  6.862176E-02  8.275032E-06  2.746555E-07  2.335330E-07  6.966711E-04  9.470713E-04  8.130410E-06  3.658105E-06  4.704822E-06  1.736125E-06
 3.171500E+02  2.143912E-01  7.644658E-05  4.601788E-09  6.117950E-09  6.825855E-09  8.237442E-09  3.969950E-01  5.266611E-04  2.257139E-06  3.139253E-01  1.361365E-03  1.840260E-05  1.112967E-06  3.314558E-03  3.936401E-07  1.461718E-06  1.195338E-07  6.774170E-02  7.927441E-06  2.664916E-07  2.264453E-07  6.859057E-04  9.324293E-04  7.694739E-06  3.456285E-06  4.446675E-06  1.657488E-06
 3.181500E+02  2.148515E-01  7.579703E-05  4.474745E-09  5.950533E-09  6.639427E-09  8.014346E-09  3.970441E-01  5.176452E-04  2.129299E-06  3.143913E-01  1.341912E-03  1.744350E-05  1.085722E-06  3.260533E-03  3.749836E-07  1.395825E-06  1.152802E-07  6.687677E-02  7.596291E-06  2.586121E-07  2.196089E-07  6.753716E-04  9.181026E-04  7.284871E-06  3.266803E-06  4.204234E-06  1.582860E-06
 3.191500E+02  2.153037E-01  7.515466E-05  4.351823E-09  5.788505E-09  6.458989E-09  7.798366E-09  3.970920E-01  5.088475E-04  2.009499E-06  3.148492E-01  1.322829E-03  1.653946E-05  1.059288E-06  3.207700E-03  3.573244E-07  1.333306E-06  1.112023E-07  6.602670E-02  7.280728E-06  2.510058E-07  2.130140E-07  6.650627E-04  9.040830E-04  6.899145E-06  3.088837E-06  3.976457E-06  1.512018E-06
 3.201500E+02  2.157481E-01  7.451944E-05  4.232876E-09  5.631675E-09  6.284330E-09  7.589252E-09  3.971389E-01  5.002615E-04  1.897187E-06  3.152990E-01  1.304109E-03  1.568707E-05  1.033639E-06  3.156029E-03  3.406038E-07  1.273968E-06  1.072919E-07  6.519122E-02  6.979948E-06  2.436624E-07  2.066511E-07  6.549733E-04  8.903625E-04  6.536013E-06  2.921623E-06  3.762378E-06  1.444749E-06
 3.211500E+02  2.161847E-01  7.389134E-05  4.117761E-09  5.479859E-09  6.115246E-09  7.386765E-09  3.971848E-01  4.918810E-04  1.791850E-06  3.157410E-01  1.285745E-03  1.488311E-05  1.008746E-06  3.105490E-03  3.247668E-07  1.217632E-06  1.035412E-07  6.437006E-02  6.693190E-06  2.365716E-07  2.005111E-07  6.450978E-04  8.769335E-04  6.194037E-06  2.764454E-06  3.561096E-06  1.380855E-06
 3.221500E+02  2.166138E-01  7.327032E-05  4.006343E-09  5.332880E-09  5.951541E-09  7.190671E-09  3.972296E-01  4.836999E-04  1.693016E-06  3.161753E-01  1.267728E-03  1.412462E-05  9.845865E-07  3.056054E-03  3.097617E-07  1.164131E-06  9.994317E-08  6.356295E-02  6.419736E-06  2.297239E-07  1.945854E-07  6.354307E-04  8.637885E-04  5.871874E-06  2.616670E-06  3.371777E-06  1.320151E-06
 3.231500E+02  2.170354E-01  7.265633E-05  3.898489E-09  5.190569E-09  5.793024E-09  7.000749E-09  3.972734E-01  4.757123E-04  1.600246E-06  3.166020E-01  1.250051E-03  1.340879E-05  9.611344E-07  3.007692E-03  2.955405E-07  1.113306E-06  9.649070E-08  6.276964E-02  6.158908E-06  2.231099E-07  1.888656E-07  6.259668E-04  8.509202E-04  5.568275E-06  2.477661E-06  3.193644E-06  1.262460E-06
 3.241500E+02  2.174497E-01  7.204934E-05  3.794075E-09  5.052760E-09  5.639515E-09  6.816782E-09  3.973162E-01  4.679126E-04  1.513133E-06  3.170214E-01  1.232706E-03  1.273303E-05  9.383667E-07  2.960376E-03  2.820579E-07  1.065008E-06  9.317723E-08  6.198987E-02  5.910065E-06  2.167207E-07  1.833438E-07  6.167008E-04  8.383217E-04  5.282076E-06  2.346857E-06  3.025975E-06  1.207618E-06
 3.251500E+02  2.178568E-01  7.144929E-05  3.692977E-09  4.919296E-09  5.490838E-09  6.638564E-09  3.973581E-01  4.602954E-04  1.431299E-06  3.174335E-01  1.215687E-03  1.209489E-05  9.162605E-07  2.914080E-03  2.692714E-07  1.019099E-06  8.999652E-08  6.122338E-02  5.672601E-06  2.105479E-07  1.780123E-07  6.076278E-04  8.259861E-04  5.012188E-06  2.223729E-06  2.868100E-06  1.155470E-06
 3.261500E+02  2.182569E-01  7.085615E-05  3.595080E-09  4.790024E-09  5.346823E-09  6.465895E-09  3.973991E-01  4.528553E-04  1.354394E-06  3.178384E-01  1.198986E-03  1.149211E-05  8.947940E-07  2.868778E-03  2.571415E-07  9.754469E-07  8.694260E-08  6.046994E-02  5.445943E-06  2.045832E-07  1.728637E-07  5.987429E-04  8.139068E-04  4.757600E-06  2.107786E-06  2.719391E-06  1.105870E-06
 3.271500E+02  2.186501E-01  7.026985E-05  3.500271E-09  4.664799E-09  5.207309E-09  6.298584E-09  3.974391E-01  4.455872E-04  1.282094E-06  3.182364E-01  1.182597E-03  1.092256E-05  8.739462E-07  2.824445E-03  2.456308E-07  9.339287E-07  8.400981E-08  5.972929E-02  5.229550E-06  1.988188E-07  1.678912E-07  5.900414E-04  8.020773E-04  4.517365E-06  1.998568E-06  2.579268E-06  1.058680E-06
 3.281500E+02  2.190365E-01  6.969035E-05  3.408440E-09  4.543480E-09  5.072138E-09  6.136445E-09  3.974783E-01  4.384863E-04  1.214097E-06  3.186275E-01  1.166513E-03  1.038424E-05  8.536968E-07  2.781055E-03  2.347044E-07  8.944286E-07  8.119277E-08  5.900121E-02  5.022909E-06  1.932472E-07  1.630879E-07  5.815188E-04  7.904913E-04  4.290601E-06  1.895650E-06  2.447188E-06  1.013772E-06
 3.291500E+02  2.194163E-01  6.911760E-05  3.319485E-09  4.425930E-09  4.941161E-09  5.979300E-09  3.975167E-01  4.315478E-04  1.150121E-06  3.190119E-01  1.150728E-03  9.875290E-06  8.340261E-07  2.738586E-03  2.243295E-07  8.568375E-07  7.848635E-08  5.828544E-02  4.825536E-06  1.878611E-07  1.584474E-07  5.731705E-04  7.791429E-04  4.076485E-06  1.798634E-06  2.322646E-06  9.710227E-07
 3.301500E+02  2.197896E-01  6.855155E-05  3.233304E-09  4.312019E-09  4.814233E-09  5.826978E-09  3.975542E-01  4.247671E-04  1.089907E-06  3.193898E-01  1.135234E-03  9.393973E-06  8.149153E-07  2.697013E-03  2.144752E-07  8.210529E-07  7.588568E-08  5.758178E-02  4.636972E-06  1.826536E-07  1.539635E-07  5.649924E-04  7.680261E-04  3.874245E-06  1.707150E-06  2.205172E-06  9.303186E-07
 3.311500E+02  2.201565E-01  6.799212E-05  3.149801E-09  4.201622E-09  4.691212E-09  5.679313E-09  3.975909E-01  4.181398E-04  1.033212E-06  3.197611E-01  1.120026E-03  8.938652E-06  7.963462E-07  2.656315E-03  2.051126E-07  7.869783E-07  7.338611E-08  5.688998E-02  4.456783E-06  1.776181E-07  1.496303E-07  5.569801E-04  7.571351E-04  3.683163E-06  1.620853E-06  2.094325E-06  8.915512E-07
 3.321500E+02  2.205171E-01  6.743928E-05  3.068883E-09  4.094617E-09  4.571965E-09  5.536146E-09  3.976269E-01  4.116615E-04  9.798105E-07  3.201261E-01  1.105098E-03  8.507801E-06  7.783012E-07  2.616469E-03  1.962146E-07  7.545227E-07  7.098323E-08  5.620982E-02  4.284559E-06  1.727481E-07  1.454421E-07  5.491296E-04  7.464645E-04  3.502567E-06  1.539420E-06  1.989697E-06  8.546186E-07
 3.331500E+02  2.208716E-01  6.689296E-05  2.990460E-09  3.990887E-09  4.456363E-09  5.397324E-09  3.976620E-01  4.053281E-04  9.294927E-07  3.204850E-01  1.090444E-03  8.099987E-06  7.607634E-07  2.577455E-03  1.877555E-07  7.236005E-07  6.867283E-08  5.554109E-02  4.119911E-06  1.680377E-07  1.413935E-07  5.414370E-04  7.360087E-04  3.331827E-06  1.462552E-06  1.890904E-06  8.194247E-07
 3.341500E+02  2.212201E-01  6.635310E-05  2.914447E-09  3.890320E-09  4.344280E-09  5.262699E-09  3.976965E-01  3.991355E-04  8.820631E-07  3.208377E-01  1.076058E-03  7.713868E-06  7.437165E-07  2.539251E-03  1.797115E-07  6.941310E-07  6.645090E-08  5.488357E-02  3.962469E-06  1.634808E-07  1.374792E-07  5.338983E-04  7.257625E-04  3.170357E-06  1.389967E-06  1.797592E-06  7.858791E-07
 3.351500E+02  2.215627E-01  6.581963E-05  2.840759E-09  3.792808E-09  4.235596E-09  5.132128E-09  3.977302E-01  3.930799E-04  8.373400E-07  3.211844E-01  1.061933E-03  7.348186E-06  7.271446E-07  2.501837E-03  1.720599E-07  6.660382E-07  6.431364E-08  5.423705E-02  3.811886E-06  1.590718E-07  1.336942E-07  5.265098E-04  7.157208E-04  3.017605E-06  1.321406E-06  1.709425E-06  7.538961E-07
 3.361500E+02  2.218995E-01  6.529251E-05  2.769317E-09  3.698246E-09  4.130195E-09  5.005474E-09  3.977632E-01  3.871576E-04  7.951537E-07  3.215253E-01  1.048066E-03  7.001763E-06  7.110327E-07  2.465194E-03  1.647794E-07  6.392504E-07  6.225740E-08  5.360133E-02  3.667831E-06  1.548054E-07  1.300337E-07  5.192680E-04  7.058787E-04  2.873057E-06  1.256623E-06  1.626094E-06  7.233952E-07
 3.371500E+02  2.222306E-01  6.477167E-05  2.700045E-09  3.606535E-09  4.027967E-09  4.882605E-09  3.977955E-01  3.813648E-04  7.553462E-07  3.218605E-01  1.034450E-03  6.673492E-06  6.953661E-07  2.429303E-03  1.578501E-07  6.137000E-07  6.027873E-08  5.297620E-02  3.529990E-06  1.506764E-07  1.264931E-07  5.121692E-04  6.962312E-04  2.736231E-06  1.195389E-06  1.547306E-06  6.943002E-07
 3.381500E+02  2.225561E-01  6.425705E-05  2.632867E-09  3.517577E-09  3.928802E-09  4.763395E-09  3.978272E-01  3.756981E-04  7.177702E-07  3.221900E-01  1.021080E-03  6.362336E-06  6.801306E-07  2.394145E-03  1.512532E-07  5.893233E-07  5.837432E-08  5.236145E-02  3.398067E-06  1.466796E-07  1.230679E-07  5.052100E-04  6.867737E-04  2.606676E-06  1.137492E-06  1.472791E-06  6.665394E-07
 3.391500E+02  2.228762E-01  6.374858E-05  2.567714E-09  3.431280E-09  3.832599E-09  4.647719E-09  3.978582E-01  3.701541E-04  6.822883E-07  3.225140E-01  1.007950E-03  6.067321E-06  6.653125E-07  2.359703E-03  1.449710E-07  5.660600E-07  5.654102E-08  5.175690E-02  3.271780E-06  1.428104E-07  1.197539E-07  4.983870E-04  6.775017E-04  2.483968E-06  1.082732E-06  1.402293E-06  6.400449E-07
 3.401500E+02  2.231909E-01  6.324620E-05  2.504515E-09  3.347553E-09  3.739256E-09  4.535460E-09  3.978885E-01  3.647293E-04  6.487721E-07  3.228325E-01  9.950564E-04  5.787533E-06  6.508988E-07  2.325958E-03  1.389868E-07  5.438535E-07  5.477585E-08  5.116235E-02  3.150862E-06  1.390642E-07  1.165471E-07  4.916971E-04  6.684107E-04  2.367711E-06  1.030923E-06  1.335576E-06  6.147525E-07
 3.411500E+02  2.235003E-01  6.274984E-05  2.443204E-09  3.266310E-09  3.648679E-09  4.426503E-09  3.979183E-01  3.594207E-04  6.171020E-07  3.231458E-01  9.823933E-04  5.522114E-06  6.368767E-07  2.292895E-03  1.332848E-07  5.226500E-07  5.307593E-08  5.057762E-02  3.035059E-06  1.354364E-07  1.134435E-07  4.851370E-04  6.594964E-04  2.257534E-06  9.818895E-07  1.272415E-06  5.906018E-07
 3.421500E+02  2.238047E-01  6.225945E-05  2.383719E-09  3.187468E-09  3.560774E-09  4.320739E-09  3.979474E-01  3.542252E-04  5.871660E-07  3.234538E-01  9.699561E-04  5.270257E-06  6.232339E-07  2.260495E-03  1.278503E-07  5.023990E-07  5.143854E-08  5.000252E-02  2.924132E-06  1.319230E-07  1.104393E-07  4.787037E-04  6.507545E-04  2.153087E-06  9.354687E-07  1.212604E-06  5.675355E-07
 3.431500E+02  2.241039E-01  6.177496E-05  2.325997E-09  3.110946E-09  3.475452E-09  4.218062E-09  3.979760E-01  3.491397E-04  5.588598E-07  3.237567E-01  9.577400E-04  5.031205E-06  6.099585E-07  2.228744E-03  1.226693E-07  4.830527E-07  4.986108E-08  4.943686E-02  2.817853E-06  1.285197E-07  1.075309E-07  4.723942E-04  6.421810E-04  2.054046E-06  8.915076E-07  1.155946E-06  5.454995E-07
 3.441500E+02  2.243982E-01  6.129630E-05  2.269979E-09  3.036668E-09  3.392628E-09  4.118370E-09  3.980040E-01  3.441613E-04  5.320856E-07  3.240546E-01  9.457405E-04  4.804246E-06  5.970393E-07  2.197626E-03  1.177286E-07  4.645658E-07  4.834107E-08  4.888047E-02  2.716005E-06  1.252227E-07  1.047150E-07  4.662055E-04  6.337720E-04  1.960102E-06  8.498629E-07  1.102259E-06  5.244427E-07
 3.451500E+02  2.246876E-01  6.082341E-05  2.215608E-09  2.964558E-09  3.312217E-09  4.021565E-09  3.980314E-01  3.392873E-04  5.067523E-07  3.243476E-01  9.339530E-04  4.588712E-06  5.844651E-07  2.167125E-03  1.130159E-07  4.468956E-07  4.687612E-08  4.833318E-02  2.618383E-06  1.220282E-07  1.019880E-07  4.601349E-04  6.255235E-04  1.870968E-06  8.104005E-07  1.051372E-06  5.043166E-07
 3.461500E+02  2.249723E-01  6.035622E-05  2.162829E-09  2.894545E-09  3.234141E-09  3.927551E-09  3.980583E-01  3.345149E-04  4.827743E-07  3.246358E-01  9.223730E-04  4.383972E-06  5.722252E-07  2.137227E-03  1.085193E-07  4.300017E-07  4.546400E-08  4.779481E-02  2.524792E-06  1.189326E-07  9.934695E-08  4.541795E-04  6.174318E-04  1.786373E-06  7.729946E-07  1.003123E-06  4.850756E-07
 3.471500E+02  2.252522E-01  5.989468E-05  2.111590E-09  2.826559E-09  3.158323E-09  3.836236E-09  3.980846E-01  3.298414E-04  4.600719E-07  3.249192E-01  9.109964E-04  4.189436E-06  5.603094E-07  2.107917E-03  1.042280E-07  4.138461E-07  4.410252E-08  4.726520E-02  2.435046E-06  1.159324E-07  9.678864E-08  4.483367E-04  6.094933E-04  1.706065E-06  7.375273E-07  9.573629E-07  4.666762E-07
 3.481500E+02  2.255276E-01  5.943871E-05  2.061839E-09  2.760534E-09  3.084688E-09  3.747534E-09  3.981104E-01  3.252643E-04  4.385702E-07  3.251980E-01  8.998187E-04  4.004547E-06  5.487077E-07  2.079181E-03  1.001313E-07  3.983924E-07  4.278964E-08  4.674418E-02  2.348971E-06  1.130242E-07  9.431015E-08  4.426039E-04  6.017044E-04  1.629803E-06  7.038881E-07  9.139495E-07  4.490776E-07
 3.491500E+02  2.257985E-01  5.898825E-05  2.013527E-09  2.696405E-09  3.013164E-09  3.661358E-09  3.981358E-01  3.207811E-04  4.181992E-07  3.254722E-01  8.888360E-04  3.828780E-06  5.374106E-07  2.051006E-03  9.621956E-08  3.836066E-07  4.152338E-08  4.623159E-02  2.266398E-06  1.102048E-07  9.190866E-08  4.369786E-04  5.940615E-04  1.557365E-06  6.719732E-07  8.727505E-07  4.322408E-07
 3.501500E+02  2.260649E-01  5.854324E-05  1.966606E-09  2.634110E-09  2.943683E-09  3.577627E-09  3.981606E-01  3.163894E-04  3.988935E-07  3.257420E-01  8.780442E-04  3.661643E-06  5.264087E-07  2.023379E-03  9.248335E-08  3.694563E-07  4.030186E-08  4.572727E-02  2.187169E-06  1.074712E-07  8.958143E-08  4.314582E-04  5.865615E-04  1.488540E-06  6.416854E-07  8.336415E-07  4.161292E-07
 3.511500E+02  2.263271E-01  5.810362E-05  1.921032E-09  2.573590E-09  2.876178E-09  3.496262E-09  3.981849E-01  3.120869E-04  3.805915E-07  3.260074E-01  8.674394E-04  3.502671E-06  5.156931E-07  1.996286E-03  8.891391E-08  3.559108E-07  3.912329E-08  4.523106E-02  2.111133E-06  1.048204E-07  8.732586E-08  4.260404E-04  5.792009E-04  1.423130E-06  6.129332E-07  7.965056E-07  4.007079E-07
 3.521500E+02  2.265850E-01  5.766931E-05  1.876759E-09  2.514787E-09  2.810585E-09  3.417185E-09  3.982088E-01  3.078712E-04  3.632357E-07  3.262685E-01  8.570177E-04  3.351427E-06  5.052552E-07  1.969715E-03  8.550292E-08  3.429412E-07  3.798595E-08  4.474282E-02  2.038147E-06  1.022494E-07  8.513942E-08  4.207228E-04  5.719766E-04  1.360947E-06  5.856309E-07  7.612330E-07  3.859440E-07
 3.531500E+02  2.268387E-01  5.724026E-05  1.833746E-09  2.457645E-09  2.746842E-09  3.340325E-09  3.982322E-01  3.037403E-04  3.467721E-07  3.265253E-01  8.467754E-04  3.207498E-06  4.950866E-07  1.943653E-03  8.224252E-08  3.305199E-07  3.688819E-08  4.426239E-02  1.968073E-06  9.975559E-08  8.301969E-08  4.155031E-04  5.648854E-04  1.301818E-06  5.596978E-07  7.277207E-07  3.718061E-07
 3.541500E+02  2.270883E-01  5.681640E-05  1.791951E-09  2.402110E-09  2.684890E-09  3.265609E-09  3.982551E-01  2.996919E-04  3.311500E-07  3.267781E-01  8.367087E-04  3.070498E-06  4.851791E-07  1.918090E-03  7.912530E-08  3.186210E-07  3.582846E-08  4.378963E-02  1.900783E-06  9.733628E-08  8.096436E-08  4.103792E-04  5.579245E-04  1.245577E-06  5.350584E-07  6.958718E-07  3.582646E-07
 3.551500E+02  2.273339E-01  5.639766E-05  1.751335E-09  2.348131E-09  2.624670E-09  3.192969E-09  3.982777E-01  2.957241E-04  3.163220E-07  3.270268E-01  8.268141E-04  2.940058E-06  4.755250E-07  1.893013E-03  7.614421E-08  3.072197E-07  3.480524E-08  4.332440E-02  1.836152E-06  9.498893E-08  7.897117E-08  4.053488E-04  5.510907E-04  1.192069E-06  5.116413E-07  6.655950E-07  3.452915E-07
 3.561500E+02  2.275756E-01  5.598400E-05  1.711860E-09  2.295657E-09  2.566128E-09  3.122339E-09  3.982998E-01  2.918347E-04  3.022435E-07  3.272715E-01  8.170881E-04  2.815836E-06  4.661168E-07  1.868411E-03  7.329262E-08  2.962927E-07  3.381710E-08  4.286655E-02  1.774063E-06  9.271107E-08  7.703800E-08  4.004099E-04  5.443812E-04  1.141147E-06  4.893798E-07  6.368049E-07  3.328601E-07
 3.571500E+02  2.278134E-01  5.557534E-05  1.673489E-09  2.244641E-09  2.509209E-09  3.053655E-09  3.983214E-01  2.880219E-04  2.888726E-07  3.275123E-01  8.075273E-04  2.697504E-06  4.569471E-07  1.844274E-03  7.056423E-08  2.858178E-07  3.286268E-08  4.241595E-02  1.714405E-06  9.050037E-08  7.516276E-08  3.955604E-04  5.377934E-04  1.092675E-06  4.682108E-07  6.094207E-07  3.209451E-07
 3.581500E+02  2.280474E-01  5.517161E-05  1.636187E-09  2.195037E-09  2.453863E-09  2.986856E-09  3.983427E-01  2.842837E-04  2.761700E-07  3.277492E-01  7.981282E-04  2.584757E-06  4.480088E-07  1.820589E-03  6.795307E-08  2.757739E-07  3.194065E-08  4.197245E-02  1.657072E-06  8.835453E-08  7.334347E-08  3.907982E-04  5.313243E-04  1.046522E-06  4.480752E-07  5.833667E-07  3.095225E-07
 3.591500E+02  2.282777E-01  5.477277E-05  1.599919E-09  2.146798E-09  2.400039E-09  2.921882E-09  3.983636E-01  2.806184E-04  2.640987E-07  3.279825E-01  7.888877E-04  2.477304E-06  4.392952E-07  1.797348E-03  6.545352E-08  2.661412E-07  3.104977E-08  4.153594E-02  1.601960E-06  8.627138E-08  7.157821E-08  3.861216E-04  5.249714E-04  1.002565E-06  4.289174E-07  5.585714E-07  2.985696E-07
 3.601500E+02  2.285044E-01  5.437875E-05  1.564653E-09  2.099883E-09  2.347688E-09  2.858676E-09  3.983841E-01  2.770241E-04  2.526242E-07  3.282120E-01  7.798025E-04  2.374872E-06  4.307997E-07  1.774540E-03  6.306022E-08  2.569005E-07  3.018884E-08  4.110628E-02  1.548975E-06  8.424882E-08  6.986515E-08  3.815285E-04  5.187321E-04  9.606901E-07  4.106847E-07  5.349677E-07  2.880648E-07
 3.611500E+02  2.287274E-01  5.398948E-05  1.530357E-09  2.054249E-09  2.296766E-09  2.797182E-09  3.984042E-01  2.734991E-04  2.417136E-07  3.284379E-01  7.708695E-04  2.277204E-06  4.225158E-07  1.752155E-03  6.076812E-08  2.480341E-07  2.935669E-08  4.068333E-02  1.498025E-06  8.228481E-08  6.820251E-08  3.770172E-04  5.126039E-04  9.207880E-07  3.933280E-07  5.124921E-07  2.779875E-07
 3.621500E+02  2.289470E-01  5.360491E-05  1.496999E-09  2.009856E-09  2.247226E-09  2.737347E-09  3.984239E-01  2.700417E-04  2.313364E-07  3.286603E-01  7.620857E-04  2.184054E-06  4.144374E-07  1.730183E-03  5.857242E-08  2.395248E-07  2.855224E-08  4.026699E-02  1.449021E-06  8.037742E-08  6.658859E-08  3.725858E-04  5.065844E-04  8.827562E-07  3.768006E-07  4.910852E-07  2.683182E-07
 3.631500E+02  2.291631E-01  5.322498E-05  1.464552E-09  1.966665E-09  2.199026E-09  2.679120E-09  3.984432E-01  2.666504E-04  2.214637E-07  3.288791E-01  7.534479E-04  2.095194E-06  4.065586E-07  1.708616E-03  5.646857E-08  2.313563E-07  2.777442E-08  3.985712E-02  1.401881E-06  7.852475E-08  6.502175E-08  3.682325E-04  5.006711E-04  8.464981E-07  3.610587E-07  4.706906E-07  2.590385E-07
 3.641500E+02  2.293759E-01  5.284963E-05  1.432985E-09  1.924639E-09  2.152123E-09  2.622450E-09  3.984623E-01  2.633235E-04  2.120683E-07  3.290946E-01  7.449534E-04  2.010406E-06  3.988735E-07  1.687444E-03  5.445227E-08  2.235134E-07  2.702223E-08  3.945361E-02  1.356525E-06  7.672501E-08  6.350040E-08  3.639557E-04  4.948617E-04  8.119221E-07  3.460611E-07  4.512554E-07  2.501307E-07
 3.651500E+02  2.295853E-01  5.247880E-05  1.402271E-09  1.883741E-09  2.106478E-09  2.567290E-09  3.984809E-01  2.600594E-04  2.031247E-07  3.293067E-01  7.365992E-04  1.929484E-06  3.913766E-07  1.666657E-03  5.251942E-08  2.159813E-07  2.629469E-08  3.905634E-02  1.312877E-06  7.497645E-08  6.202303E-08  3.597538E-04  4.891540E-04  7.789423E-07  3.317688E-07  4.327296E-07  2.415781E-07
 3.661500E+02  2.297915E-01  5.211242E-05  1.372385E-09  1.843937E-09  2.062051E-09  2.513593E-09  3.984992E-01  2.568568E-04  1.946088E-07  3.295155E-01  7.283826E-04  1.852234E-06  3.840624E-07  1.646249E-03  5.066615E-08  2.087462E-07  2.559090E-08  3.866519E-02  1.270865E-06  7.327738E-08  6.058818E-08  3.556250E-04  4.835457E-04  7.474771E-07  3.181452E-07  4.150662E-07  2.333649E-07
 3.671500E+02  2.299944E-01  5.175046E-05  1.343299E-09  1.805192E-09  2.018806E-09  2.461313E-09  3.985172E-01  2.537141E-04  1.864979E-07  3.297211E-01  7.203008E-04  1.778473E-06  3.769258E-07  1.626210E-03  4.888878E-08  2.017949E-07  2.490994E-08  3.828005E-02  1.230420E-06  7.162620E-08  5.919442E-08  3.515678E-04  4.780347E-04  7.174497E-07  3.051555E-07  3.982206E-07  2.254759E-07
 3.681500E+02  2.301943E-01  5.139283E-05  1.314989E-09  1.767474E-09  1.976704E-09  2.410409E-09  3.985349E-01  2.506298E-04  1.787707E-07  3.299235E-01  7.123512E-04  1.708026E-06  3.699616E-07  1.606531E-03  4.718381E-08  1.951147E-07  2.425099E-08  3.790081E-02  1.191476E-06  7.002135E-08  5.784042E-08  3.475807E-04  4.726190E-04  6.887875E-07  2.927671E-07  3.821508E-07  2.178968E-07
 3.691500E+02  2.303910E-01  5.103950E-05  1.287432E-09  1.730752E-09  1.935713E-09  2.360838E-09  3.985523E-01  2.476028E-04  1.714070E-07  3.301228E-01  7.045311E-04  1.640730E-06  3.631650E-07  1.587206E-03  4.554794E-08  1.886938E-07  2.361321E-08  3.752736E-02  1.153972E-06  6.846132E-08  5.652485E-08  3.436621E-04  4.672964E-04  6.614218E-07  2.809492E-07  3.668174E-07  2.106139E-07
 3.701500E+02  2.305848E-01  5.069040E-05  1.260603E-09  1.694994E-09  1.895797E-09  2.312559E-09  3.985693E-01  2.446315E-04  1.643879E-07  3.303190E-01  6.968381E-04  1.576429E-06  3.565312E-07  1.568226E-03  4.397800E-08  1.825207E-07  2.299583E-08  3.715960E-02  1.117846E-06  6.694466E-08  5.524646E-08  3.398106E-04  4.620650E-04  6.352878E-07  2.696727E-07  3.521828E-07  2.036141E-07
 3.711500E+02  2.307755E-01  5.034549E-05  1.234481E-09  1.660172E-09  1.856923E-09  2.265533E-09  3.985860E-01  2.417148E-04  1.576955E-07  3.305122E-01  6.892695E-04  1.514975E-06  3.500557E-07  1.549583E-03  4.247102E-08  1.765847E-07  2.239809E-08  3.679742E-02  1.083043E-06  6.546999E-08  5.400403E-08  3.360248E-04  4.569228E-04  6.103242E-07  2.589101E-07  3.382117E-07  1.968852E-07
 3.721500E+02  2.309634E-01  5.000469E-05  1.209045E-09  1.626257E-09  1.819061E-09  2.219723E-09  3.986025E-01  2.388513E-04  1.513128E-07  3.307025E-01  6.818229E-04  1.456230E-06  3.437339E-07  1.531271E-03  4.102415E-08  1.708754E-07  2.181929E-08  3.644073E-02  1.049507E-06  6.403594E-08  5.279639E-08  3.323033E-04  4.518679E-04  5.864728E-07  2.486353E-07  3.248708E-07  1.904153E-07
 3.731500E+02  2.311484E-01  4.966796E-05  1.184272E-09  1.593222E-09  1.782180E-09  2.175092E-09  3.986186E-01  2.360399E-04  1.452240E-07  3.308900E-01  6.744961E-04  1.400062E-06  3.375616E-07  1.513282E-03  3.963470E-08  1.653831E-07  2.125872E-08  3.608941E-02  1.017186E-06  6.264124E-08  5.162243E-08  3.286447E-04  4.468986E-04  5.636788E-07  2.388240E-07  3.121285E-07  1.841932E-07
