#         T/K            c1          c2-1          c3-4          c3-5          c3-7          c3-9            m1          m2-1          m3-1            w1            w2          w3-1          w3-2          c1m1        c1m2-1        c1m2-7        c2m1-1        c1w1-2        c1w2-1        c2w1-1        c2w1-9        m1w1-1        m1w1-4        m1w2-1        m2w1-1        m2w1-3      c1m1w1-1
 2.731500E+02  4.401411E-01  6.357486E-04  2.431285E-07  3.191121E-07  3.550375E-07  4.233381E-07  3.406405E-01  9.677956E-04  2.967771E-05  9.768337E-02  3.247159E-04  1.097870E-05  1.540429E-07  1.555644E-02  8.401229E-06  2.756710E-05  3.623651E-06  1.028321E-01  1.878772E-05  2.279304E-06  2.001471E-06  4.458033E-04  6.068585E-04  1.261898E-05  1.593319E-05  2.017959E-05  1.205612E-05
 2.741500E+02  4.410539E-01  6.265261E-04  2.328666E-07  3.057466E-07  3.401927E-07  4.057654E-07  3.408611E-01  9.453076E-04  2.741647E-05  9.841581E-02  3.216808E-04  1.036913E-05  1.511439E-07  1.518890E-02  7.850356E-06  2.584294E-05  3.437150E-06  1.013957E-01  1.787945E-05  2.191318E-06  1.922550E-06  4.387469E-04  5.972150E-04  1.183695E-05  1.483494E-05  1.879613E-05  1.136251E-05
 2.751500E+02  4.419505E-01  6.174947E-04  2.231074E-07  2.930315E-07  3.260693E-07  3.890414E-07  3.410748E-01  9.234997E-04  2.534234E-05  9.913766E-02  3.186348E-04  9.794666E-06  1.482797E-07  1.483256E-02  7.339283E-06  2.423822E-05  3.261520E-06  9.997981E-02  1.701807E-05  2.107145E-06  1.847117E-06  4.318107E-04  5.877374E-04  1.110646E-05  1.381833E-05  1.751500E-05  1.071247E-05
 2.761500E+02  4.428312E-01  6.086496E-04  2.138233E-07  2.809314E-07  3.126279E-07  3.731201E-07  3.412819E-01  9.023480E-04  2.343870E-05  9.984898E-02  3.155806E-04  9.253264E-06  1.454514E-07  1.448700E-02  6.864892E-06  2.274394E-05  3.096063E-06  9.858441E-02  1.620106E-05  2.026607E-06  1.775007E-06  4.249933E-04  5.784239E-04  1.042395E-05  1.287688E-05  1.632813E-05  1.010305E-05
 2.771500E+02  4.436963E-01  5.999861E-04  2.049884E-07  2.694128E-07  2.998316E-07  3.579582E-07  3.414827E-01  8.818295E-04  2.169052E-05  1.005499E-01  3.125203E-04  8.742993E-06  1.426601E-07  1.415186E-02  6.424328E-06  2.135182E-05  2.940127E-06  9.720935E-02  1.542605E-05  1.949533E-06  1.706060E-06  4.182936E-04  5.692726E-04  9.786115E-06  1.200468E-05  1.522812E-05  9.531523E-06
 2.781500E+02  4.445460E-01  5.914999E-04  1.965782E-07  2.584443E-07  2.876455E-07  3.435149E-07  3.416773E-01  8.619221E-04  2.008416E-05  1.012403E-01  3.094563E-04  8.262032E-06  1.399066E-07  1.382675E-02  6.014975E-06  2.005427E-05  2.793107E-06  9.585451E-02  1.469076E-05  1.875761E-06  1.640126E-06  4.117101E-04  5.602817E-04  9.189887E-06  1.119630E-05  1.420821E-05  8.995366E-06
 2.791500E+02  4.453805E-01  5.831867E-04  1.885698E-07  2.479965E-07  2.760370E-07  3.297520E-07  3.418661E-01  8.426046E-04  1.860728E-05  1.019205E-01  3.063907E-04  7.808666E-06  1.371917E-07  1.351134E-02  5.634432E-06  1.884428E-05  2.654439E-06  9.451975E-02  1.399309E-05  1.805139E-06  1.577062E-06  4.052414E-04  5.514491E-04  8.632413E-06  1.044675E-05  1.326217E-05  8.492223E-06
 2.801500E+02  4.462002E-01  5.750421E-04  1.809417E-07  2.380415E-07  2.649753E-07  3.166334E-07  3.420491E-01  8.238566E-04  1.724865E-05  1.025904E-01  3.033256E-04  7.381282E-06  1.345161E-07  1.320528E-02  5.280497E-06  1.771541E-05  2.523599E-06  9.320493E-02  1.333102E-05  1.737520E-06  1.516732E-06  3.988862E-04  5.427729E-04  8.111047E-06  9.751479E-06  1.238429E-05  8.019909E-06
 2.811500E+02  4.470053E-01  5.670621E-04  1.736735E-07  2.285532E-07  2.544314E-07  3.041251E-07  3.422267E-01  8.056583E-04  1.599809E-05  1.032502E-01  3.002629E-04  6.978357E-06  1.318804E-07  1.290824E-02  4.951148E-06  1.666173E-05  2.400096E-06  9.190990E-02  1.270263E-05  1.672764E-06  1.459007E-06  3.926430E-04  5.342508E-04  7.623328E-06  9.106278E-06  1.156933E-05  7.576392E-06
 2.821500E+02  4.477959E-01  5.592428E-04  1.667462E-07  2.195069E-07  2.443780E-07  2.921952E-07  3.423990E-01  7.879910E-04  1.484636E-05  1.038999E-01  2.972045E-04  6.598460E-06  1.292850E-07  1.261992E-02  4.644529E-06  1.567779E-05  2.283475E-06  9.063451E-02  1.210615E-05  1.610742E-06  1.403766E-06  3.865103E-04  5.258809E-04  7.166970E-06  8.507299E-06  1.081246E-05  7.159781E-06
 2.831500E+02  4.485724E-01  5.515802E-04  1.601417E-07  2.108795E-07  2.347894E-07  2.808136E-07  3.425663E-01  7.708362E-04  1.378505E-05  1.045397E-01  2.941522E-04  6.240243E-06  1.267304E-07  1.234001E-02  4.358934E-06  1.475853E-05  2.173312E-06  8.937857E-02  1.153986E-05  1.551325E-06  1.350891E-06  3.804867E-04  5.176611E-04  6.739848E-06  7.951003E-06  1.010927E-05  6.768319E-06
 2.841500E+02  4.493350E-01  5.440706E-04  1.538432E-07  2.026492E-07  2.256415E-07  2.699518E-07  3.427286E-01  7.541766E-04  1.280653E-05  1.051696E-01  2.911076E-04  5.902436E-06  1.242168E-07  1.206822E-02  4.092794E-06  1.389932E-05  2.069209E-06  8.814192E-02  1.100216E-05  1.494396E-06  1.300272E-06  3.745706E-04  5.095891E-04  6.339989E-06  7.434139E-06  9.455671E-06  6.400369E-06
 2.851500E+02  4.500839E-01  5.367104E-04  1.478347E-07  1.947953E-07  2.169114E-07  2.595830E-07  3.428863E-01  7.379953E-04  1.190383E-05  1.057897E-01  2.880724E-04  5.583845E-06  1.217446E-07  1.180427E-02  3.844666E-06  1.309587E-05  1.970797E-06  8.692436E-02  1.049154E-05  1.439841E-06  1.251804E-06  3.687604E-04  5.016628E-04  5.965556E-06  6.953718E-06  8.847932E-06  6.054409E-06
 2.861500E+02  4.508194E-01  5.294960E-04  1.421011E-07  1.872985E-07  2.085776E-07  2.496821E-07  3.430393E-01  7.222761E-04  1.107063E-05  1.064001E-01  2.850480E-04  5.283346E-06  1.193138E-07  1.154790E-02  3.613223E-06  1.234422E-05  1.877731E-06  8.572573E-02  1.000655E-05  1.387551E-06  1.205387E-06  3.630546E-04  4.938800E-04  5.614843E-06  6.506988E-06  8.282605E-06  5.729020E-06
 2.871500E+02  4.515416E-01  5.224238E-04  1.366282E-07  1.801403E-07  2.006197E-07  2.402251E-07  3.431880E-01  7.070033E-04  1.030116E-05  1.070010E-01  2.820358E-04  4.999879E-06  1.169246E-07  1.129885E-02  3.397242E-06  1.164073E-05  1.789688E-06  8.454581E-02  9.545839E-06  1.337424E-06  1.160927E-06  3.574517E-04  4.862385E-04  5.286262E-06  6.091422E-06  7.756520E-06  5.422883E-06
 2.881500E+02  4.522509E-01  5.154907E-04  1.314028E-07  1.733036E-07  1.930187E-07  2.311897E-07  3.433324E-01  6.921620E-04  9.590163E-06  1.075923E-01  2.790372E-04  4.732450E-06  1.145770E-07  1.105687E-02  3.195598E-06  1.098201E-05  1.706367E-06  8.338441E-02  9.108127E-06  1.289362E-06  1.118333E-06  3.519501E-04  4.787361E-04  4.978336E-06  5.704689E-06  7.266759E-06  5.134767E-06
 2.891500E+02  4.529475E-01  5.086932E-04  1.264120E-07  1.667721E-07  1.857565E-07  2.225545E-07  3.434728E-01  6.777377E-04  8.932846E-06  1.081744E-01  2.760534E-04  4.480121E-06  1.122710E-07  1.082173E-02  3.007251E-06  1.036494E-05  1.627487E-06  8.224133E-02  8.692199E-06  1.243272E-06  1.077520E-06  3.465482E-04  4.713707E-04  4.689693E-06  5.344647E-06  6.810633E-06  4.863526E-06
 2.901500E+02  4.536315E-01  5.020282E-04  1.216442E-07  1.605304E-07  1.788161E-07  2.142996E-07  3.436091E-01  6.637164E-04  8.324834E-06  1.087471E-01  2.730857E-04  4.242010E-06  1.100064E-07  1.059319E-02  2.831246E-06  9.786647E-06  1.552783E-06  8.111635E-02  8.296909E-06  1.199065E-06  1.038406E-06  3.412445E-04  4.641399E-04  4.419053E-06  5.009319E-06  6.385664E-06  4.608091E-06
 2.911500E+02  4.543032E-01  4.954926E-04  1.170879E-07  1.545639E-07  1.721812E-07  2.064060E-07  3.437417E-01  6.500847E-04  7.762136E-06  1.093108E-01  2.701351E-04  4.017289E-06  1.077832E-07  1.037104E-02  2.666699E-06  9.244454E-06  1.482011E-06  8.000927E-02  7.921173E-06  1.156656E-06  1.000913E-06  3.360373E-04  4.570416E-04  4.165228E-06  4.696888E-06  5.989568E-06  4.367466E-06
 2.921500E+02  4.549628E-01  4.890834E-04  1.127327E-07  1.488589E-07  1.658367E-07  1.988557E-07  3.438706E-01  6.368299E-04  7.241103E-06  1.098654E-01  2.672026E-04  3.805176E-06  1.056012E-07  1.015506E-02  2.512797E-06  8.735892E-06  1.414940E-06  7.891987E-02  7.563965E-06  1.115966E-06  9.649676E-07  3.309251E-04  4.500737E-04  3.927111E-06  4.405673E-06  5.620240E-06  4.140720E-06
 2.931500E+02  4.556106E-01  4.827977E-04  1.085684E-07  1.434024E-07  1.597683E-07  1.916320E-07  3.439959E-01  6.239394E-04  6.758402E-06  1.104111E-01  2.642892E-04  3.604938E-06  1.034601E-07  9.945053E-03  2.368786E-06  8.258672E-06  1.351354E-06  7.784794E-02  7.224316E-06  1.076918E-06  9.305000E-07  3.259063E-04  4.432338E-04  3.703669E-06  4.134130E-06  5.275737E-06  3.926988E-06
 2.941500E+02  4.562467E-01  4.766325E-04  1.045857E-07  1.381823E-07  1.539623E-07  1.847187E-07  3.441177E-01  6.114013E-04  6.310985E-06  1.109480E-01  2.613959E-04  3.415884E-06  1.013597E-07  9.740819E-03  2.233972E-06  7.810675E-06  1.291051E-06  7.679324E-02  6.901309E-06  1.039439E-06  8.974432E-07  3.209794E-04  4.365199E-04  3.493943E-06  3.880830E-06  4.954265E-06  3.725460E-06
 2.951500E+02  4.568714E-01  4.705851E-04  1.007755E-07  1.331869E-07  1.484058E-07  1.781009E-07  3.442362E-01  5.992040E-04  5.896063E-06  1.114762E-01  2.585234E-04  3.237364E-06  9.929973E-08  9.542169E-03  2.107713E-06  7.389937E-06  1.233843E-06  7.575556E-02  6.594079E-06  1.003460E-06  8.657337E-07  3.161428E-04  4.299297E-04  3.297039E-06  3.644457E-06  4.654170E-06  3.535380E-06
 2.961500E+02  4.574848E-01  4.646528E-04  9.712937E-08  1.284052E-07  1.430868E-07  1.717641E-07  3.443515E-01  5.873366E-04  5.511083E-06  1.119958E-01  2.556725E-04  3.068768E-06  9.727976E-08  9.348921E-03  1.989414E-06  6.994636E-06  1.179552E-06  7.473468E-02  6.301804E-06  9.689141E-07  8.353110E-07  3.113949E-04  4.234611E-04  3.112125E-06  3.423794E-06  4.373922E-06  3.356043E-06
 2.971500E+02  4.580872E-01  4.588330E-04  9.363935E-08  1.238269E-07  1.379937E-07  1.656948E-07  3.444637E-01  5.757882E-04  5.153707E-06  1.125070E-01  2.528439E-04  2.909519E-06  9.529946E-08  9.160901E-03  1.878527E-06  6.623081E-06  1.128012E-06  7.373036E-02  6.023710E-06  9.357390E-07  8.061177E-07  3.067342E-04  4.171120E-04  2.938422E-06  3.217719E-06  4.112110E-06  3.186790E-06
 2.981500E+02  4.586788E-01  4.531231E-04  9.029785E-08  1.194422E-07  1.331156E-07  1.598802E-07  3.445729E-01  5.645487E-04  4.821791E-06  1.130098E-01  2.500384E-04  2.759077E-06  9.335843E-08  8.977940E-03  1.774543E-06  6.273706E-06  1.079068E-06  7.274239E-02  5.759063E-06  9.038746E-07  7.780988E-07  3.021592E-04  4.108802E-04  2.775209E-06  3.025193E-06  3.867428E-06  3.027005E-06
 2.991500E+02  4.592597E-01  4.475205E-04  8.709769E-08  1.152418E-07  1.284423E-07  1.543083E-07  3.446791E-01  5.536080E-04  4.513372E-06  1.135045E-01  2.472565E-04  2.616934E-06  9.145625E-08  8.799875E-03  1.676991E-06  5.945053E-06  1.032573E-06  7.177054E-02  5.507169E-06  8.732636E-07  7.512024E-07  2.976684E-04  4.047636E-04  2.621811E-06  2.845258E-06  3.638669E-06  2.876113E-06
 3.001500E+02  4.598302E-01  4.420229E-04  8.403211E-08  1.112169E-07  1.239640E-07  1.489673E-07  3.447826E-01  5.429567E-04  4.226648E-06  1.139910E-01  2.444987E-04  2.482610E-06  8.959247E-08  8.626549E-03  1.585436E-06  5.635770E-06  9.883914E-07  7.081457E-02  5.267372E-06  8.438517E-07  7.253786E-07  2.932602E-04  3.987601E-04  2.477599E-06  2.677027E-06  3.424716E-06  2.733575E-06
 3.011500E+02  4.603904E-01  4.366279E-04  8.109466E-08  1.073591E-07  1.196713E-07  1.438466E-07  3.448833E-01  5.325855E-04  3.959964E-06  1.144696E-01  2.417656E-04  2.355656E-06  8.776661E-08  8.457812E-03  1.499473E-06  5.344602E-06  9.463933E-07  6.987426E-02  5.039051E-06  8.155867E-07  7.005804E-07  2.889332E-04  3.928678E-04  2.341987E-06  2.519680E-06  3.224536E-06  2.598889E-06
 3.021500E+02  4.609406E-01  4.313331E-04  7.827928E-08  1.036606E-07  1.155557E-07  1.389358E-07  3.449814E-01  5.224856E-04  3.711801E-06  1.149402E-01  2.390576E-04  2.235647E-06  8.597820E-08  8.293518E-03  1.418727E-06  5.070378E-06  9.064583E-07  6.894938E-02  4.821618E-06  7.884193E-07  6.767625E-07  2.846858E-04  3.870845E-04  2.214427E-06  2.372457E-06  3.037174E-06  2.471585E-06
 3.031500E+02  4.614809E-01  4.261364E-04  7.558020E-08  1.001139E-07  1.116088E-07  1.342250E-07  3.450769E-01  5.126484E-04  3.480765E-06  1.154032E-01  2.363752E-04  2.122185E-06  8.422673E-08  8.133527E-03  1.342852E-06  4.812014E-06  8.684729E-07  6.803970E-02  4.614517E-06  7.623022E-07  6.538820E-07  2.805168E-04  3.814082E-04  2.094410E-06  2.234657E-06  2.861744E-06  2.351220E-06
 3.041500E+02  4.620116E-01  4.210354E-04  7.299196E-08  9.671199E-08  1.078226E-07  1.297050E-07  3.451699E-01  5.030656E-04  3.265574E-06  1.158585E-01  2.337187E-04  2.014896E-06  8.251167E-08  7.977704E-03  1.271524E-06  4.568498E-06  8.323307E-07  6.714500E-02  4.417221E-06  7.371904E-07  6.318982E-07  2.764245E-04  3.758369E-04  1.981459E-06  2.105628E-06  2.697426E-06  2.237385E-06
 3.051500E+02  4.625327E-01  4.160282E-04  7.050938E-08  9.344804E-08  1.041899E-07  1.253670E-07  3.452605E-01  4.937293E-04  3.065047E-06  1.163063E-01  2.310884E-04  1.913426E-06  8.083251E-08  7.825918E-03  1.204445E-06  4.338888E-06  7.979313E-07  6.626505E-02  4.229234E-06  7.130409E-07  6.107720E-07  2.724075E-04  3.703687E-04  1.875129E-06  1.984768E-06  2.543460E-06  2.129692E-06
 3.061500E+02  4.630445E-01  4.111125E-04  6.812755E-08  9.031570E-08  1.007034E-07  1.212026E-07  3.453489E-01  4.846319E-04  2.878099E-06  1.167467E-01  2.284846E-04  1.817443E-06  7.918869E-08  7.678044E-03  1.141336E-06  4.122310E-06  7.651806E-07  6.539963E-02  4.050082E-06  6.898129E-07  5.904664E-07  2.684646E-04  3.650015E-04  1.775007E-06  1.871519E-06  2.399141E-06  2.027779E-06
 3.071500E+02  4.635472E-01  4.062865E-04  6.584183E-08  8.730895E-08  9.735653E-08  1.172040E-07  3.454349E-01  4.757659E-04  2.703732E-06  1.171798E-01  2.259076E-04  1.726634E-06  7.757967E-08  7.533961E-03  1.081939E-06  3.917946E-06  7.339900E-07  6.454850E-02  3.879321E-06  6.674671E-07  5.709458E-07  2.645942E-04  3.597336E-04  1.680703E-06  1.765363E-06  2.263816E-06  1.931310E-06
 3.081500E+02  4.640409E-01  4.015480E-04  6.364778E-08  8.442203E-08  9.414285E-08  1.133636E-07  3.455188E-01  4.671242E-04  2.541026E-06  1.176057E-01  2.233575E-04  1.640707E-06  7.600489E-08  7.393552E-03  1.026014E-06  3.725037E-06  7.042760E-07  6.371145E-02  3.716526E-06  6.459664E-07  5.521766E-07  2.607950E-04  3.545630E-04  1.591856E-06  1.665819E-06  2.136880E-06  1.839966E-06
 3.091500E+02  4.645258E-01  3.968952E-04  6.154123E-08  8.164950E-08  9.105633E-08  1.096742E-07  3.456006E-01  4.587000E-04  2.389134E-06  1.180246E-01  2.208347E-04  1.559384E-06  7.446377E-08  7.256704E-03  9.733384E-07  3.542873E-06  6.759602E-07  6.288825E-02  3.561298E-06  6.252751E-07  5.341266E-07  2.570657E-04  3.494878E-04  1.508128E-06  1.572443E-06  2.017770E-06  1.753449E-06
 3.101500E+02  4.650020E-01  3.923261E-04  5.951819E-08  7.898619E-08  8.809123E-08  1.061291E-07  3.456803E-01  4.504865E-04  2.247272E-06  1.184365E-01  2.183392E-04  1.482405E-06  7.295576E-08  7.123309E-03  9.237037E-07  3.370792E-06  6.489687E-07  6.207868E-02  3.413259E-06  6.053593E-07  5.167651E-07  2.534049E-04  3.445063E-04  1.429203E-06  1.484822E-06  1.905963E-06  1.671482E-06
 3.111500E+02  4.654698E-01  3.878391E-04  5.757489E-08  7.642720E-08  8.524210E-08  1.027218E-07  3.457580E-01  4.424775E-04  2.114722E-06  1.188416E-01  2.158711E-04  1.409524E-06  7.148028E-08  6.993261E-03  8.769169E-07  3.208178E-06  6.232319E-07  6.128253E-02  3.272048E-06  5.861866E-07  5.000629E-07  2.498113E-04  3.396165E-04  1.354785E-06  1.402571E-06  1.800976E-06  1.593803E-06
 3.121500E+02  4.659293E-01  3.834321E-04  5.570774E-08  7.396784E-08  8.250375E-08  9.944624E-08  3.458338E-01  4.346666E-04  1.990818E-06  1.192400E-01  2.134306E-04  1.340511E-06  7.003675E-08  6.866459E-03  8.327980E-07  3.054454E-06  5.986842E-07  6.049957E-02  3.137326E-06  5.677261E-07  4.839920E-07  2.462836E-04  3.348167E-04  1.284599E-06  1.325334E-06  1.702357E-06  1.520165E-06
 3.131500E+02  4.663806E-01  3.791036E-04  5.391334E-08  7.160370E-08  7.987127E-08  9.629654E-08  3.459078E-01  4.270479E-04  1.874946E-06  1.196318E-01  2.110176E-04  1.275148E-06  6.862460E-08  6.742806E-03  7.911794E-07  2.909083E-06  5.752639E-07  5.972959E-02  3.008772E-06  5.499482E-07  4.685259E-07  2.428206E-04  3.301052E-04  1.218386E-06  1.252780E-06  1.609688E-06  1.450340E-06
 3.141500E+02  4.668239E-01  3.748519E-04  5.218844E-08  6.933054E-08  7.733997E-08  9.326718E-08  3.459799E-01  4.196158E-04  1.766539E-06  1.200171E-01  2.086324E-04  1.213231E-06  6.724324E-08  6.622206E-03  7.519050E-07  2.771563E-06  5.529126E-07  5.897238E-02  2.886079E-06  5.328247E-07  4.536390E-07  2.394209E-04  3.254803E-04  1.155904E-06  1.184603E-06  1.522580E-06  1.384111E-06
 3.151500E+02  4.672594E-01  3.706752E-04  5.052996E-08  6.714438E-08  7.490540E-08  9.035290E-08  3.460502E-01  4.123645E-04  1.665073E-06  1.203959E-01  2.062748E-04  1.154568E-06  6.589211E-08  6.504569E-03  7.148291E-07  2.641423E-06  5.315755E-07  5.822773E-02  2.768958E-06  5.163286E-07  4.393072E-07  2.360834E-04  3.209402E-04  1.096928E-06  1.120514E-06  1.440672E-06  1.321276E-06
 3.161500E+02  4.676872E-01  3.665720E-04  4.893499E-08  6.504140E-08  7.256334E-08  8.754870E-08  3.461189E-01  4.052888E-04  1.570064E-06  1.207685E-01  2.039448E-04  1.098977E-06  6.457062E-08  6.389808E-03  6.798161E-07  2.518226E-06  5.112006E-07  5.749542E-02  2.657136E-06  5.004342E-07  4.255074E-07  2.328069E-04  3.164832E-04  1.041246E-06  1.060250E-06  1.363626E-06  1.261642E-06
 3.171500E+02  4.681075E-01  3.625406E-04  4.740073E-08  6.301797E-08  7.030975E-08  8.484980E-08  3.461859E-01  3.983835E-04  1.481065E-06  1.211349E-01  2.016425E-04  1.046287E-06  6.327820E-08  6.277836E-03  6.467393E-07  2.401560E-06  4.917391E-07  5.677525E-02  2.550354E-06  4.851170E-07  4.122173E-07  2.295901E-04  3.121078E-04  9.886600E-07  1.003561E-06  1.291129E-06  1.205033E-06
 3.181500E+02  4.685203E-01  3.585796E-04  4.592455E-08  6.107065E-08  6.814080E-08  8.225167E-08  3.462513E-01  3.916434E-04  1.397659E-06  1.214953E-01  1.993677E-04  9.963379E-07  6.201428E-08  6.168571E-03  6.154804E-07  2.291042E-06  4.731449E-07  5.606702E-02  2.448363E-06  4.703533E-07  3.994159E-07  2.264319E-04  3.078123E-04  9.389852E-07  9.502189E-07  1.222891E-06  1.151279E-06
 3.191500E+02  4.689259E-01  3.546874E-04  4.450393E-08  5.919616E-08  6.605286E-08  7.975000E-08  3.463151E-01  3.850639E-04  1.319465E-06  1.218497E-01  1.971205E-04  9.489772E-07  6.077830E-08  6.061935E-03  5.859292E-07  2.186312E-06  4.553743E-07  5.537052E-02  2.350932E-06  4.561209E-07  3.870832E-07  2.233311E-04  3.035952E-04  8.920479E-07  9.000082E-07  1.158638E-06  1.100223E-06
 3.201500E+02  4.693244E-01  3.508626E-04  4.313646E-08  5.739136E-08  6.404245E-08  7.734068E-08  3.463775E-01  3.786403E-04  1.246127E-06  1.221981E-01  1.949007E-04  9.040625E-07  5.956969E-08  5.957851E-03  5.579826E-07  2.087034E-06  4.383861E-07  5.468555E-02  2.257839E-06  4.423981E-07  3.751997E-07  2.202866E-04  2.994549E-04  8.476855E-07  8.527294E-07  1.098119E-06  1.051715E-06
 3.211500E+02  4.697159E-01  3.471038E-04  4.181987E-08  5.565330E-08  6.210627E-08  7.501978E-08  3.464383E-01  3.723679E-04  1.177315E-06  1.225409E-01  1.927082E-04  8.614591E-07  5.838790E-08  5.856245E-03  5.315442E-07  1.992893E-06  4.221415E-07  5.401191E-02  2.168873E-06  4.291646E-07  3.637472E-07  2.172973E-04  2.953898E-04  8.057457E-07  8.081965E-07  1.041097E-06  1.005617E-06
 3.221500E+02  4.701005E-01  3.434096E-04  4.055198E-08  5.397913E-08  6.024117E-08  7.278358E-08  3.464978E-01  3.662425E-04  1.112725E-06  1.228779E-01  1.905429E-04  8.210405E-07  5.723237E-08  5.757044E-03  5.065242E-07  1.903594E-06  4.066037E-07  5.334942E-02  2.083837E-06  4.164006E-07  3.527082E-07  2.143621E-04  2.913984E-04  7.660860E-07  7.662363E-07  9.873531E-07  9.617961E-07
 3.231500E+02  4.704785E-01  3.397785E-04  3.933074E-08  5.236615E-08  5.844415E-08  7.062853E-08  3.465558E-01  3.602598E-04  1.052073E-06  1.232094E-01  1.884048E-04  7.826870E-07  5.610255E-08  5.660180E-03  4.828382E-07  1.818860E-06  3.917379E-07  5.269787E-02  2.002540E-06  4.040875E-07  3.420657E-07  2.114799E-04  2.874794E-04  7.285725E-07  7.266872E-07  9.366818E-07  9.201290E-07
 3.241500E+02  4.708498E-01  3.362094E-04  3.815416E-08  5.081180E-08  5.671236E-08  6.855125E-08  3.466125E-01  3.544158E-04  9.950975E-07  1.235354E-01  1.862935E-04  7.462861E-07  5.499791E-08  5.565587E-03  4.604077E-07  1.738431E-06  3.775113E-07  5.205708E-02  1.924805E-06  3.922073E-07  3.318038E-07  2.086497E-04  2.836312E-04  6.930798E-07  6.893984E-07  8.888921E-07  8.804992E-07
 3.251500E+02  4.712148E-01  3.327008E-04  3.702037E-08  4.931363E-08  5.504307E-08  6.654849E-08  3.466679E-01  3.487064E-04  9.415546E-07  1.238560E-01  1.842091E-04  7.117315E-07  5.391792E-08  5.473198E-03  4.391590E-07  1.662065E-06  3.638928E-07  5.142685E-02  1.850460E-06  3.807428E-07  3.219072E-07  2.058704E-04  2.798524E-04  6.594905E-07  6.542295E-07  8.438057E-07  8.427972E-07
 3.261500E+02  4.715733E-01  3.292516E-04  3.592758E-08  4.786930E-08  5.343369E-08  6.461718E-08  3.467220E-01  3.431280E-04  8.912183E-07  1.241714E-01  1.821512E-04  6.789232E-07  5.286203E-08  5.382952E-03  4.190231E-07  1.589532E-06  3.508530E-07  5.080701E-02  1.779345E-06  3.696776E-07  3.123612E-07  2.031411E-04  2.761417E-04  6.276941E-07  6.210492E-07  8.012560E-07  8.069196E-07
 3.271500E+02  4.719257E-01  3.258604E-04  3.487408E-08  4.647658E-08  5.188174E-08  6.275439E-08  3.467749E-01  3.376768E-04  8.438784E-07  1.244815E-01  1.801198E-04  6.477668E-07  5.182974E-08  5.294789E-03  3.999354E-07  1.520620E-06  3.383640E-07  5.019738E-02  1.711306E-06  3.589961E-07  3.031518E-07  2.004606E-04  2.724977E-04  5.975873E-07  5.897352E-07  7.610875E-07  7.727693E-07
 3.281500E+02  4.722720E-01  3.225262E-04  3.385826E-08  4.513334E-08  5.038486E-08  6.095730E-08  3.468265E-01  3.323492E-04  7.993399E-07  1.247866E-01  1.781147E-04  6.181732E-07  5.082053E-08  5.208648E-03  3.818355E-07  1.455127E-06  3.263994E-07  4.959776E-02  1.646198E-06  3.486831E-07  2.942656E-07  1.978281E-04  2.689190E-04  5.690729E-07  5.601730E-07  7.231550E-07  7.402544E-07
 3.291500E+02  4.726124E-01  3.192477E-04  3.287855E-08  4.383757E-08  4.894080E-08  5.922326E-08  3.468770E-01  3.271417E-04  7.574212E-07  1.250866E-01  1.761356E-04  5.900585E-07  4.983390E-08  5.124475E-03  3.646668E-07  1.392863E-06  3.149344E-07  4.900800E-02  1.583883E-06  3.387244E-07  2.856899E-07  1.952426E-04  2.654043E-04  5.420598E-07  5.322559E-07  6.873228E-07  7.092887E-07
 3.301500E+02  4.729468E-01  3.160238E-04  3.193348E-08  4.258733E-08  4.754740E-08  5.754971E-08  3.469264E-01  3.220512E-04  7.179537E-07  1.253818E-01  1.741823E-04  5.633435E-07  4.886934E-08  5.042215E-03  3.483760E-07  1.333652E-06  3.039452E-07  4.842790E-02  1.524230E-06  3.291062E-07  2.774123E-07  1.927032E-04  2.619524E-04  5.164624E-07  5.058841E-07  6.534641E-07  6.797908E-07
 3.311500E+02  4.732756E-01  3.128533E-04  3.102164E-08  4.138077E-08  4.620263E-08  5.593420E-08  3.469747E-01  3.170742E-04  6.807804E-07  1.256720E-01  1.722547E-04  5.379534E-07  4.792637E-08  4.961813E-03  3.329134E-07  1.277326E-06  2.934095E-07  4.785730E-02  1.467114E-06  3.198152E-07  2.694211E-07  1.902089E-04  2.585619E-04  4.922003E-07  4.809642E-07  6.214602E-07  6.516838E-07
 3.321500E+02  4.735987E-01  3.097352E-04  3.014168E-08  4.021614E-08  4.490452E-08  5.437442E-08  3.470219E-01  3.122077E-04  6.457552E-07  1.259576E-01  1.703524E-04  5.138178E-07  4.700451E-08  4.883219E-03  3.182322E-07  1.223729E-06  2.833060E-07  4.729604E-02  1.412417E-06  3.108389E-07  2.617051E-07  1.877588E-04  2.552317E-04  4.691981E-07  4.574092E-07  5.912003E-07  6.248953E-07
 3.331500E+02  4.739163E-01  3.066684E-04  2.929231E-08  3.909174E-08  4.365119E-08  5.286814E-08  3.470680E-01  3.074487E-04  6.127420E-07  1.262384E-01  1.684754E-04  4.908700E-07  4.610328E-08  4.806384E-03  3.042886E-07  1.172713E-06  2.736146E-07  4.674394E-02  1.360028E-06  3.021652E-07  2.542537E-07  1.853521E-04  2.519605E-04  4.473847E-07  4.351373E-07  5.625806E-07  5.993570E-07
 3.341500E+02  4.742285E-01  3.036519E-04  2.847231E-08  3.800597E-08  4.244088E-08  5.141325E-08  3.471131E-01  3.027943E-04  5.816141E-07  1.265147E-01  1.666232E-04  4.690473E-07  4.522222E-08  4.731258E-03  2.910414E-07  1.124140E-06  2.643161E-07  4.620084E-02  1.309839E-06  2.937825E-07  2.470564E-07  1.829878E-04  2.487472E-04  4.266937E-07  4.140724E-07  5.355040E-07  5.750044E-07
 3.351500E+02  4.745354E-01  3.006846E-04  2.768049E-08  3.695730E-08  4.127185E-08  5.000771E-08  3.471573E-01  2.982415E-04  5.522534E-07  1.267865E-01  1.647958E-04  4.482904E-07  4.436087E-08  4.657796E-03  2.784521E-07  1.077879E-06  2.553926E-07  4.566657E-02  1.261748E-06  2.856797E-07  2.401036E-07  1.806652E-04  2.455906E-04  4.070622E-07  3.941429E-07  5.098795E-07  5.517766E-07
 3.361500E+02  4.748371E-01  2.977656E-04  2.691576E-08  3.594427E-08  4.014250E-08  4.864958E-08  3.472004E-01  2.937876E-04  5.245499E-07  1.270539E-01  1.629929E-04  4.285432E-07  4.351878E-08  4.585953E-03  2.664841E-07  1.033807E-06  2.468267E-07  4.514099E-02  1.215660E-06  2.778462E-07  2.333857E-07  1.783834E-04  2.424895E-04  3.884313E-07  3.752820E-07  4.856221E-07  5.296161E-07
 3.371500E+02  4.751337E-01  2.948939E-04  2.617702E-08  3.496547E-08  3.905126E-08  4.733701E-08  3.472427E-01  2.894301E-04  4.984010E-07  1.273169E-01  1.612141E-04  4.097528E-07  4.269552E-08  4.515684E-03  2.551036E-07  9.918084E-07  2.386022E-07  4.462394E-02  1.171482E-06  2.702719E-07  2.268937E-07  1.761415E-04  2.394428E-04  3.707458E-07  3.574271E-07  4.626520E-07  5.084687E-07
 3.381500E+02  4.754253E-01  2.920685E-04  2.546326E-08  3.401956E-08  3.799664E-08  4.606824E-08  3.472840E-01  2.851663E-04  4.737108E-07  1.275757E-01  1.594593E-04  3.918694E-07  4.189064E-08  4.446948E-03  2.442783E-07  9.517740E-07  2.307036E-07  4.411525E-02  1.129129E-06  2.629469E-07  2.206191E-07  1.739389E-04  2.364495E-04  3.539534E-07  3.405194E-07  4.408944E-07  4.882831E-07
 3.391500E+02  4.757120E-01  2.892885E-04  2.477350E-08  3.310526E-08  3.697722E-08  4.484156E-08  3.473245E-01  2.809936E-04  4.503901E-07  1.278303E-01  1.577283E-04  3.748457E-07  4.110373E-08  4.379703E-03  2.339782E-07  9.136013E-07  2.231162E-07  4.361479E-02  1.088516E-06  2.558619E-07  2.145535E-07  1.717746E-04  2.335085E-04  3.380051E-07  3.245041E-07  4.202793E-07  4.690108E-07
 3.401500E+02  4.759938E-01  2.865530E-04  2.410682E-08  3.222135E-08  3.599163E-08  4.365536E-08  3.473640E-01  2.769098E-04  4.283553E-07  1.280808E-01  1.560206E-04  3.586372E-07  4.033438E-08  4.313910E-03  2.241748E-07  8.771933E-07  2.158261E-07  4.312240E-02  1.049565E-06  2.490081E-07  2.086890E-07  1.696480E-04  2.306186E-04  3.228548E-07  3.093296E-07  4.007410E-07  4.506060E-07
 3.411500E+02  4.762710E-01  2.838612E-04  2.346230E-08  3.136665E-08  3.503857E-08  4.250808E-08  3.474028E-01  2.729125E-04  4.075286E-07  1.283272E-01  1.543362E-04  3.432018E-07  3.958216E-08  4.249530E-03  2.148415E-07  8.424587E-07  2.088199E-07  4.263794E-02  1.012201E-06  2.423767E-07  2.030181E-07  1.675582E-04  2.277790E-04  3.084589E-07  2.949475E-07  3.822179E-07  4.330255E-07
 3.421500E+02  4.765435E-01  2.812121E-04  2.283910E-08  3.054005E-08  3.411680E-08  4.139825E-08  3.474407E-01  2.689993E-04  3.878371E-07  1.285697E-01  1.526746E-04  3.284996E-07  3.884669E-08  4.186526E-03  2.059532E-07  8.093115E-07  2.020850E-07  4.216126E-02  9.763533E-07  2.359595E-07  1.975334E-07  1.655046E-04  2.249885E-04  2.947767E-07  2.813126E-07  3.646523E-07  4.162282E-07
 3.431500E+02  4.768115E-01  2.786049E-04  2.223640E-08  2.974047E-08  3.322513E-08  4.032444E-08  3.474778E-01  2.651681E-04  3.692129E-07  1.288083E-01  1.510357E-04  3.144929E-07  3.812758E-08  4.124863E-03  1.974863E-07  7.776704E-07  1.956095E-07  4.169223E-02  9.419533E-07  2.297487E-07  1.922280E-07  1.634864E-04  2.222463E-04  2.817695E-07  2.683824E-07  3.479898E-07  4.001754E-07
 3.441500E+02  4.770751E-01  2.760389E-04  2.165342E-08  2.896689E-08  3.236241E-08  3.928530E-08  3.475142E-01  2.614168E-04  3.515922E-07  1.290431E-01  1.494192E-04  3.011464E-07  3.742444E-08  4.064503E-03  1.894183E-07  7.474588E-07  1.893819E-07  4.123070E-02  9.089368E-07  2.237366E-07  1.870952E-07  1.615029E-04  2.195513E-04  2.694012E-07  2.561168E-07  3.321797E-07  3.848306E-07
 3.451500E+02  4.773343E-01  2.735131E-04  2.108940E-08  2.821833E-08  3.152755E-08  3.827952E-08  3.475497E-01  2.577433E-04  3.349157E-07  1.292742E-01  1.478249E-04  2.884262E-07  3.673689E-08  4.005415E-03  1.817285E-07  7.186041E-07  1.833915E-07  4.077654E-02  8.772422E-07  2.179160E-07  1.821286E-07  1.595535E-04  2.169026E-04  2.576373E-07  2.444786E-07  3.171739E-07  3.701590E-07
 3.461500E+02  4.775892E-01  2.710269E-04  2.054364E-08  2.749384E-08  3.071950E-08  3.730585E-08  3.475846E-01  2.541455E-04  3.191275E-07  1.295015E-01  1.462523E-04  2.763005E-07  3.606458E-08  3.947565E-03  1.743970E-07  6.910382E-07  1.776279E-07  4.032961E-02  8.468112E-07  2.122800E-07  1.773220E-07  1.576373E-04  2.142992E-04  2.464459E-07  2.334324E-07  3.029277E-07  3.561277E-07
 3.471500E+02  4.778399E-01  2.685794E-04  2.001544E-08  2.679253E-08  2.993727E-08  3.636311E-08  3.476187E-01  2.506216E-04  3.041757E-07  1.297252E-01  1.447014E-04  2.647394E-07  3.540714E-08  3.890921E-03  1.674051E-07  6.646964E-07  1.720812E-07  3.988979E-02  8.175879E-07  2.068217E-07  1.726696E-07  1.557539E-04  2.117404E-04  2.357964E-07  2.229453E-07  2.893989E-07  3.427058E-07
 3.481500E+02  4.780865E-01  2.661699E-04  1.950415E-08  2.611352E-08  2.917989E-08  3.545014E-08  3.476522E-01  2.471696E-04  2.900115E-07  1.299454E-01  1.431718E-04  2.537143E-07  3.476423E-08  3.835451E-03  1.607354E-07  6.395177E-07  1.667422E-07  3.945695E-02  7.895193E-07  2.015348E-07  1.681656E-07  1.539025E-04  2.092251E-04  2.256602E-07  2.129862E-07  2.765477E-07  3.298638E-07
 3.491500E+02  4.783291E-01  2.637977E-04  1.900914E-08  2.545600E-08  2.844644E-08  3.456585E-08  3.476849E-01  2.437878E-04  2.765890E-07  1.301621E-01  1.416632E-04  2.431982E-07  3.413549E-08  3.781127E-03  1.543712E-07  6.154445E-07  1.616020E-07  3.903096E-02  7.625550E-07  1.964132E-07  1.638047E-07  1.520826E-04  2.067525E-04  2.160103E-07  2.035259E-07  2.643370E-07  3.175738E-07
 3.501500E+02  4.785677E-01  2.614620E-04  1.852980E-08  2.481917E-08  2.773604E-08  3.370920E-08  3.477170E-01  2.404743E-04  2.638656E-07  1.303754E-01  1.401754E-04  2.331657E-07  3.352060E-08  3.727919E-03  1.482968E-07  5.924223E-07  1.566520E-07  3.861169E-02  7.366468E-07  1.914508E-07  1.595817E-07  1.502933E-04  2.043217E-04  2.068212E-07  1.945370E-07  2.527316E-07  3.058094E-07
 3.511500E+02  4.788024E-01  2.591621E-04  1.806556E-08  2.420228E-08  2.704785E-08  3.287917E-08  3.477484E-01  2.372274E-04  2.518011E-07  1.305853E-01  1.387081E-04  2.235927E-07  3.291923E-08  3.675797E-03  1.424976E-07  5.703995E-07  1.518843E-07  3.819902E-02  7.117489E-07  1.866421E-07  1.554916E-07  1.485343E-04  2.019320E-04  1.980688E-07  1.859937E-07  2.416985E-07  2.945456E-07
 3.521500E+02  4.790333E-01  2.568974E-04  1.761586E-08  2.360459E-08  2.638105E-08  3.207480E-08  3.477792E-01  2.340455E-04  2.403578E-07  1.307919E-01  1.372610E-04  2.144563E-07  3.233105E-08  3.624737E-03  1.369596E-07  5.493273E-07  1.472911E-07  3.779285E-02  6.878175E-07  1.819815E-07  1.515295E-07  1.468048E-04  1.995826E-04  1.897305E-07  1.778717E-07  2.312067E-07  2.837586E-07
 3.531500E+02  4.792605E-01  2.546672E-04  1.718017E-08  2.302541E-08  2.573488E-08  3.129515E-08  3.478094E-01  2.309270E-04  2.295005E-07  1.309953E-01  1.358340E-04  2.057349E-07  3.175576E-08  3.574709E-03  1.316696E-07  5.291597E-07  1.428651E-07  3.739303E-02  6.648111E-07  1.774639E-07  1.476909E-07  1.451044E-04  1.972725E-04  1.817849E-07  1.701481E-07  2.212270E-07  2.734259E-07
 3.541500E+02  4.794840E-01  2.524708E-04  1.675798E-08  2.246407E-08  2.510858E-08  3.053935E-08  3.478390E-01  2.278702E-04  2.191961E-07  1.311955E-01  1.344266E-04  1.974079E-07  3.119305E-08  3.525689E-03  1.266152E-07  5.098529E-07  1.385994E-07  3.699947E-02  6.426899E-07  1.730841E-07  1.439714E-07  1.434323E-04  1.950011E-04  1.742116E-07  1.628015E-07  2.117320E-07  2.635262E-07
 3.551500E+02  4.797040E-01  2.503077E-04  1.634881E-08  2.191993E-08  2.450144E-08  2.980654E-08  3.478680E-01  2.248736E-04  2.094134E-07  1.313926E-01  1.330387E-04  1.894560E-07  3.064261E-08  3.477651E-03  1.217847E-07  4.913656E-07  1.344872E-07  3.661205E-02  6.214162E-07  1.688373E-07  1.403667E-07  1.417881E-04  1.927676E-04  1.669916E-07  1.558116E-07  2.026956E-07  2.540392E-07
 3.561500E+02  4.799204E-01  2.481770E-04  1.595218E-08  2.139237E-08  2.391279E-08  2.909591E-08  3.478964E-01  2.219358E-04  2.001234E-07  1.315866E-01  1.316699E-04  1.818608E-07  3.010417E-08  3.430572E-03  1.171669E-07  4.736587E-07  1.305223E-07  3.623066E-02  6.009537E-07  1.647189E-07  1.368727E-07  1.401712E-04  1.905712E-04  1.601069E-07  1.491594E-07  1.940935E-07  2.449458E-07
 3.571500E+02  4.801333E-01  2.460784E-04  1.556764E-08  2.088080E-08  2.334194E-08  2.840665E-08  3.479243E-01  2.190553E-04  1.912986E-07  1.317776E-01  1.303201E-04  1.746050E-07  2.957742E-08  3.384427E-03  1.127513E-07  4.566950E-07  1.266985E-07  3.585518E-02  5.812682E-07  1.607244E-07  1.334856E-07  1.385811E-04  1.884112E-04  1.535403E-07  1.428269E-07  1.859027E-07  2.362277E-07
 3.581500E+02  4.803428E-01  2.440111E-04  1.519478E-08  2.038465E-08  2.278829E-08  2.773804E-08  3.479516E-01  2.162307E-04  1.829133E-07  1.319657E-01  1.289890E-04  1.676719E-07  2.906210E-08  3.339194E-03  1.085281E-07  4.404395E-07  1.230102E-07  3.548552E-02  5.623267E-07  1.568496E-07  1.302015E-07  1.370172E-04  1.862869E-04  1.472758E-07  1.367971E-07  1.781015E-07  2.278676E-07
 3.591500E+02  4.805490E-01  2.419745E-04  1.483316E-08  1.990338E-08  2.225122E-08  2.708933E-08  3.479784E-01  2.134607E-04  1.749433E-07  1.321508E-01  1.276762E-04  1.610459E-07  2.855794E-08  3.294849E-03  1.044878E-07  4.248587E-07  1.194517E-07  3.512157E-02  5.440981E-07  1.530902E-07  1.270169E-07  1.354791E-04  1.841976E-04  1.412981E-07  1.310542E-07  1.706696E-07  2.198490E-07
 3.601500E+02  4.807520E-01  2.399682E-04  1.448239E-08  1.943647E-08  2.173015E-08  2.645983E-08  3.480047E-01  2.107439E-04  1.673658E-07  1.323331E-01  1.263816E-04  1.547122E-07  2.806466E-08  3.251373E-03  1.006215E-07  4.099212E-07  1.160179E-07  3.476321E-02  5.265523E-07  1.494423E-07  1.239282E-07  1.339662E-04  1.821426E-04  1.355929E-07  1.255831E-07  1.635875E-07  2.121565E-07
 3.611500E+02  4.809517E-01  2.379914E-04  1.414210E-08  1.898341E-08  2.122452E-08  2.584889E-08  3.480304E-01  2.080791E-04  1.601595E-07  1.325126E-01  1.251049E-04  1.486568E-07  2.758201E-08  3.208742E-03  9.692086E-08  3.955969E-07  1.127038E-07  3.441037E-02  5.096609E-07  1.459021E-07  1.209322E-07  1.324781E-04  1.801212E-04  1.301464E-07  1.203696E-07  1.568373E-07  2.047751E-07
 3.621500E+02  4.811483E-01  2.360438E-04  1.381191E-08  1.854373E-08  2.073380E-08  2.525585E-08  3.480557E-01  2.054649E-04  1.533043E-07  1.326893E-01  1.238458E-04  1.428663E-07  2.710973E-08  3.166938E-03  9.337789E-08  3.818575E-07  1.095044E-07  3.406292E-02  4.933967E-07  1.424659E-07  1.180257E-07  1.310142E-04  1.781328E-04  1.249458E-07  1.154004E-07  1.504016E-07  1.976907E-07
 3.631500E+02  4.813418E-01  2.341247E-04  1.349148E-08  1.811695E-08  2.025746E-08  2.468010E-08  3.480805E-01  2.029003E-04  1.467812E-07  1.328633E-01  1.226041E-04  1.373280E-07  2.664758E-08  3.125940E-03  8.998503E-08  3.686760E-07  1.064153E-07  3.372079E-02  4.777336E-07  1.391302E-07  1.152055E-07  1.295741E-04  1.761768E-04  1.199789E-07  1.106627E-07  1.442643E-07  1.908901E-07
 3.641500E+02  4.815323E-01  2.322337E-04  1.318046E-08  1.770265E-08  1.979502E-08  2.412104E-08  3.481048E-01  2.003841E-04  1.405724E-07  1.330347E-01  1.213795E-04  1.320299E-07  2.619532E-08  3.085728E-03  8.673515E-08  3.560268E-07  1.034320E-07  3.338386E-02  4.626469E-07  1.358915E-07  1.124688E-07  1.281574E-04  1.742524E-04  1.152342E-07  1.061448E-07  1.384102E-07  1.843604E-07
 3.651500E+02  4.817198E-01  2.303701E-04  1.287853E-08  1.730037E-08  1.934600E-08  2.357812E-08  3.481287E-01  1.979150E-04  1.346612E-07  1.332035E-01  1.201719E-04  1.269607E-07  2.575271E-08  3.046285E-03  8.362148E-08  3.438857E-07  1.005505E-07  3.305206E-02  4.481129E-07  1.327467E-07  1.098125E-07  1.267635E-04  1.723592E-04  1.107008E-07  1.018353E-07  1.328248E-07  1.780895E-07
 3.661500E+02  4.819044E-01  2.285336E-04  1.258538E-08  1.690973E-08  1.890994E-08  2.305077E-08  3.481521E-01  1.954919E-04  1.290318E-07  1.333697E-01  1.189809E-04  1.221096E-07  2.531953E-08  3.007591E-03  8.063760E-08  3.322296E-07  9.776663E-08  3.272528E-02  4.341090E-07  1.296925E-07  1.072341E-07  1.253920E-04  1.704964E-04  1.063682E-07  9.772359E-08  1.274945E-07  1.720660E-07
 3.671500E+02  4.820861E-01  2.267236E-04  1.230072E-08  1.653032E-08  1.848640E-08  2.253849E-08  3.481751E-01  1.931139E-04  1.236692E-07  1.335334E-01  1.178063E-04  1.174663E-07  2.489555E-08  2.969630E-03  7.777742E-08  3.210365E-07  9.507664E-08  3.240343E-02  4.206134E-07  1.267260E-07  1.047309E-07  1.240426E-04  1.686636E-04  1.022268E-07  9.379972E-08  1.224064E-07  1.662790E-07
 3.681500E+02  4.822651E-01  2.249396E-04  1.202424E-08  1.616176E-08  1.807496E-08  2.204075E-08  3.481976E-01  1.907799E-04  1.185595E-07  1.336947E-01  1.166479E-04  1.130210E-07  2.448055E-08  2.932383E-03  7.503518E-08  3.102858E-07  9.247687E-08  3.208644E-02  4.076057E-07  1.238442E-07  1.023002E-07  1.227148E-04  1.668600E-04  9.826712E-08  9.005417E-08  1.175483E-07  1.607179E-07
 3.691500E+02  4.824412E-01  2.231812E-04  1.175568E-08  1.580369E-08  1.767521E-08  2.155707E-08  3.482197E-01  1.884887E-04  1.136894E-07  1.338535E-01  1.155054E-04  1.087645E-07  2.407431E-08  2.895835E-03  7.240540E-08  2.999576E-07  8.996383E-08  3.177420E-02  3.950660E-07  1.210443E-07  9.993980E-08  1.214081E-04  1.650853E-04  9.448053E-08  8.647798E-08  1.129087E-07  1.553729E-07
 3.701500E+02  4.826147E-01  2.214479E-04  1.149477E-08  1.545575E-08  1.728676E-08  2.108699E-08  3.482415E-01  1.862395E-04  1.090466E-07  1.340099E-01  1.143786E-04  1.046880E-07  2.367664E-08  2.859968E-03  6.988289E-08  2.900330E-07  8.753417E-08  3.146665E-02  3.829755E-07  1.183236E-07  9.764722E-08  1.201222E-04  1.633388E-04  9.085865E-08  8.306267E-08  1.084768E-07  1.502347E-07
 3.711500E+02  4.827855E-01  2.197393E-04  1.124125E-08  1.511761E-08  1.690924E-08  2.063006E-08  3.482628E-01  1.840313E-04  1.046191E-07  1.341640E-01  1.132673E-04  1.007832E-07  2.328733E-08  2.824767E-03  6.746272E-08  2.804944E-07  8.518471E-08  3.116369E-02  3.713162E-07  1.156795E-07  9.542021E-08  1.188566E-04  1.616199E-04  8.739357E-08  7.980025E-08  1.042423E-07  1.452941E-07
 3.721500E+02  4.829537E-01  2.180549E-04  1.099487E-08  1.478894E-08  1.654228E-08  2.018583E-08  3.482837E-01  1.818631E-04  1.003960E-07  1.343159E-01  1.121713E-04  9.704211E-08  2.290618E-08  2.790217E-03  6.514022E-08  2.713246E-07  8.291237E-08  3.086523E-02  3.600708E-07  1.131095E-07  9.325661E-08  1.176110E-04  1.599282E-04  8.407783E-08  7.668314E-08  1.001954E-07  1.405426E-07
 3.731500E+02  4.831193E-01  2.163943E-04  1.075541E-08  1.446944E-08  1.618553E-08  1.975390E-08  3.483043E-01  1.797340E-04  9.636668E-08  1.344654E-01  1.110902E-04  9.345727E-08  2.253299E-08  2.756302E-03  6.291095E-08  2.625075E-07  8.071424E-08  3.057122E-02  3.492229E-07  1.106112E-07  9.115431E-08  1.163851E-04  1.582631E-04  8.090432E-08  7.370418E-08  9.632692E-08  1.359722E-07
