#         T/K            c1          c2-1          c3-4          c3-5          c3-7          c3-9            m1          m2-1          m3-1            w1            w2          w3-1          w3-2          c1m1        c1m2-1        c1m2-7        c2m1-1        c1w1-2        c1w2-1        c2w1-1        c2w1-9        m1w1-1        m1w1-4        m1w2-1        m2w1-1        m2w1-3      c1m1w1-1
 2.731500E+02  1.796117E-01  1.139104E-04  1.912709E-08  2.510477E-08  2.793105E-08  3.330430E-08  4.903010E-02  2.157292E-05  1.024506E-07  5.179202E-01  9.821555E-03  1.894359E-03  2.657988E-05  9.831319E-04  8.222489E-08  2.698060E-07  1.005502E-07  2.393899E-01  2.495088E-04  2.329779E-06  2.045793E-06  3.660533E-04  4.982973E-04  5.910983E-05  2.026108E-06  2.566092E-06  4.346539E-06
 2.741500E+02  1.811282E-01  1.135803E-04  1.863548E-08  2.446781E-08  2.722441E-08  3.247196E-08  4.905054E-02  2.104171E-05  9.439756E-08  5.197513E-01  9.644097E-03  1.764755E-03  2.572366E-05  9.648555E-04  7.713769E-08  2.539330E-07  9.638375E-08  2.363848E-01  2.366247E-04  2.255149E-06  1.978551E-06  3.584151E-04  4.878686E-04  5.489307E-05  1.874560E-06  2.375101E-06  4.097472E-06
 2.751500E+02  1.826273E-01  1.132352E-04  1.815592E-08  2.384616E-08  2.653470E-08  3.165921E-08  4.907039E-02  2.052772E-05  8.703315E-08  5.215510E-01  9.470517E-03  1.644721E-03  2.489914E-05  9.469826E-04  7.239585E-08  2.390897E-07  9.240644E-08  2.334138E-01  2.244641E-04  2.183056E-06  1.913661E-06  3.509826E-04  4.777223E-04  5.100234E-05  1.735328E-06  2.199563E-06  3.864007E-06
 2.761500E+02  1.841087E-01  1.128754E-04  1.768817E-08  2.323957E-08  2.586162E-08  3.086573E-08  4.908966E-02  2.003030E-05  8.029408E-08  5.233199E-01  9.300737E-03  1.533506E-03  2.410507E-05  9.295039E-04  6.797403E-08  2.252034E-07  8.860912E-08  2.304771E-01  2.129838E-04  2.113416E-06  1.851039E-06  3.437497E-04  4.678498E-04  4.741066E-05  1.607339E-06  2.038136E-06  3.645092E-06
 2.771500E+02  1.855725E-01  1.125016E-04  1.723203E-08  2.264776E-08  2.520487E-08  3.009119E-08  4.910839E-02  1.954881E-05  7.412323E-08  5.250589E-01  9.134677E-03  1.430420E-03  2.334026E-05  9.124100E-04  6.384884E-08  2.122073E-07  8.498306E-08  2.275749E-01  2.021432E-04  2.046145E-06  1.790607E-06  3.367104E-04  4.582428E-04  4.409344E-05  1.489617E-06  1.889603E-06  3.439753E-06
 2.781500E+02  1.870187E-01  1.121143E-04  1.678725E-08  2.207046E-08  2.456416E-08  2.933526E-08  4.912658E-02  1.908264E-05  6.846906E-08  5.267687E-01  8.972259E-03  1.334829E-03  2.260355E-05  8.956920E-04  5.999877E-08  2.000393E-07  8.151999E-08  2.247072E-01  1.919044E-04  1.981162E-06  1.732286E-06  3.298587E-04  4.488931E-04  4.102823E-05  1.381278E-06  1.752856E-06  3.247083E-06
 2.791500E+02  1.884471E-01  1.117141E-04  1.635364E-08  2.150740E-08  2.393920E-08  2.859761E-08  4.914426E-02  1.863122E-05  6.328501E-08  5.284498E-01  8.813405E-03  1.246152E-03  2.189384E-05  8.793411E-04  5.640396E-08  1.886422E-07  7.821206E-08  2.218742E-01  1.822317E-04  1.918390E-06  1.676004E-06  3.231890E-04  4.397929E-04  3.819451E-05  1.281518E-06  1.626890E-06  3.066240E-06
 2.801500E+02  1.898579E-01  1.113014E-04  1.593097E-08  2.095831E-08  2.332969E-08  2.787792E-08  4.916146E-02  1.819398E-05  5.852898E-08  5.301030E-01  8.658036E-03  1.163856E-03  2.121005E-05  8.633488E-04  5.304608E-08  1.779630E-07  7.505183E-08  2.190759E-01  1.730916E-04  1.857753E-06  1.621687E-06  3.166958E-04  4.309346E-04  3.557354E-05  1.189607E-06  1.510791E-06  2.896444E-06
 2.811500E+02  1.912509E-01  1.108770E-04  1.551902E-08  2.042293E-08  2.273534E-08  2.717584E-08  4.917818E-02  1.777040E-05  5.416291E-08  5.317288E-01  8.506075E-03  1.087449E-03  2.055115E-05  8.477068E-04  4.990822E-08  1.679525E-07  7.203226E-08  2.163124E-01  1.644528E-04  1.799177E-06  1.569266E-06  3.103736E-04  4.223107E-04  3.314819E-05  1.104881E-06  1.403727E-06  2.736965E-06
 2.821500E+02  1.926262E-01  1.104412E-04  1.511758E-08  1.990099E-08  2.215585E-08  2.649107E-08  4.919444E-02  1.735996E-05  5.015235E-08  5.333277E-01  8.357445E-03  1.016483E-03  1.991616E-05  8.324070E-04  4.697478E-08  1.585652E-07  6.914663E-08  2.135837E-01  1.562859E-04  1.742593E-06  1.518675E-06  3.042173E-04  4.139141E-04  3.090278E-05  1.026735E-06  1.304942E-06  2.587129E-06
 2.831500E+02  1.939838E-01  1.099947E-04  1.472644E-08  1.939223E-08  2.159095E-08  2.582328E-08  4.921027E-02  1.696217E-05  4.646609E-08  5.349004E-01  8.212071E-03  9.505412E-04  1.930413E-05  8.174415E-04  4.423131E-08  1.497589E-07  6.638858E-08  2.108896E-01  1.485632E-04  1.687932E-06  1.469847E-06  2.982219E-04  4.057378E-04  2.882299E-05  9.546193E-07  1.213746E-06  2.446307E-06
 2.841500E+02  1.953238E-01  1.095380E-04  1.434538E-08  1.889638E-08  2.104034E-08  2.517213E-08  4.922568E-02  1.657658E-05  4.307585E-08  5.364474E-01  8.069878E-03  8.892441E-04  1.871415E-05  8.028025E-04  4.166450E-08  1.414946E-07  6.375208E-08  2.082303E-01  1.412589E-04  1.635127E-06  1.422721E-06  2.923824E-04  3.977752E-04  2.689568E-05  8.880326E-07  1.129511E-06  2.313913E-06
 2.851500E+02  1.966463E-01  1.090715E-04  1.397420E-08  1.841319E-08  2.050373E-08  2.453730E-08  4.924067E-02  1.620273E-05  3.995600E-08  5.379691E-01  7.930791E-03  8.322410E-04  1.814535E-05  7.884826E-04  3.926199E-08  1.337359E-07  6.123138E-08  2.056055E-01  1.343486E-04  1.584115E-06  1.377236E-06  2.866943E-04  3.900198E-04  2.510883E-05  8.265183E-07  1.051664E-06  2.189402E-06
 2.861500E+02  1.979512E-01  1.085959E-04  1.361267E-08  1.794239E-08  1.998083E-08  2.391847E-08  4.925527E-02  1.584019E-05  3.708327E-08  5.394660E-01  7.794740E-03  7.792096E-04  1.759689E-05  7.744743E-04  3.701240E-08  1.264492E-07  5.882103E-08  2.030151E-01  1.278095E-04  1.534834E-06  1.333334E-06  2.811528E-04  3.824651E-04  2.345145E-05  7.696599E-07  9.796835E-07  2.072268E-06
 2.871500E+02  1.992387E-01  1.081116E-04  1.326060E-08  1.748372E-08  1.947137E-08  2.331531E-08  4.926950E-02  1.548856E-05  3.443651E-08  5.409386E-01  7.661652E-03  7.298531E-04  1.706797E-05  7.607705E-04  3.490515E-08  1.196033E-07  5.651584E-08  2.004591E-01  1.216202E-04  1.487224E-06  1.290958E-06  2.757536E-04  3.751053E-04  2.191343E-05  7.170773E-07  9.130914E-07  1.962039E-06
 2.881500E+02  2.005089E-01  1.076192E-04  1.291778E-08  1.703692E-08  1.897505E-08  2.272751E-08  4.928335E-02  1.514743E-05  3.199654E-08  5.423874E-01  7.531457E-03  6.838984E-04  1.655781E-05  7.473641E-04  3.293047E-08  1.131690E-07  5.431091E-08  1.979373E-01  1.157605E-04  1.441227E-06  1.250054E-06  2.704925E-04  3.679343E-04  2.048552E-05  6.684238E-07  8.514530E-07  1.858273E-06
 2.891500E+02  2.017618E-01  1.071190E-04  1.258400E-08  1.660174E-08  1.849159E-08  2.215473E-08  4.929685E-02  1.481644E-05  2.974591E-08  5.438127E-01  7.404088E-03  6.410937E-04  1.606569E-05  7.342484E-04  3.107931E-08  1.071195E-07  5.220154E-08  1.954495E-01  1.102117E-04  1.396787E-06  1.210568E-06  2.653652E-04  3.609465E-04  1.915923E-05  6.233824E-07  7.943703E-07  1.760561E-06
 2.901500E+02  2.029975E-01  1.066116E-04  1.225905E-08  1.617792E-08  1.802071E-08  2.159667E-08  4.931000E-02  1.449521E-05  2.766873E-08  5.452149E-01  7.279477E-03  6.012073E-04  1.559088E-05  7.214164E-04  2.934327E-08  1.014296E-07  5.018328E-08  1.929955E-01  1.049558E-04  1.353850E-06  1.172451E-06  2.603678E-04  3.541363E-04  1.792677E-05  5.816637E-07  7.414798E-07  1.668521E-06
 2.911500E+02  2.042163E-01  1.060975E-04  1.194274E-08  1.576521E-08  1.756214E-08  2.105300E-08  4.932282E-02  1.418340E-05  2.575055E-08  5.465946E-01  7.157558E-03  5.640252E-04  1.513271E-05  7.088619E-04  2.771458E-08  9.607612E-08  4.825190E-08  1.905752E-01  9.997630E-05  1.312363E-06  1.135654E-06  2.554964E-04  3.474985E-04  1.678099E-05  5.430030E-07  6.924486E-07  1.581796E-06
 2.921500E+02  2.054180E-01  1.055772E-04  1.163486E-08  1.536336E-08  1.711560E-08  2.052341E-08  4.933532E-02  1.388069E-05  2.397822E-08  5.479520E-01  7.038267E-03  5.293505E-04  1.469053E-05  6.965782E-04  2.618601E-08  9.103727E-08  4.640338E-08  1.881882E-01  9.525746E-05  1.272276E-06  1.100128E-06  2.507472E-04  3.410279E-04  1.571531E-05  5.071580E-07  6.469725E-07  1.500053E-06
 2.931500E+02  2.066031E-01  1.050509E-04  1.133523E-08  1.497212E-08  1.668082E-08  2.000758E-08  4.934750E-02  1.358674E-05  2.233973E-08  5.492876E-01  6.921541E-03  4.970012E-04  1.426371E-05  6.845591E-04  2.475088E-08  8.629289E-08  4.463389E-08  1.858344E-01  9.078456E-05  1.233541E-06  1.065829E-06  2.461166E-04  3.347195E-04  1.472368E-05  4.739071E-07  6.047728E-07  1.422983E-06
 2.941500E+02  2.077714E-01  1.045193E-04  1.104363E-08  1.459124E-08  1.625751E-08  1.950521E-08  4.935939E-02  1.330126E-05  2.082414E-08  5.506017E-01  6.807319E-03  4.668095E-04  1.385167E-05  6.727986E-04  2.340297E-08  8.182421E-08  4.293979E-08  1.835136E-01  8.654377E-05  1.196110E-06  1.032712E-06  2.416012E-04  3.285685E-04  1.380057E-05  4.430474E-07  5.655939E-07  1.350295E-06
 2.951500E+02  2.089232E-01  1.039827E-04  1.075989E-08  1.422049E-08  1.584543E-08  1.901599E-08  4.937098E-02  1.302394E-05  1.942148E-08  5.518947E-01  6.695541E-03  4.386207E-04  1.345382E-05  6.612906E-04  2.213652E-08  7.761373E-08  4.131761E-08  1.812253E-01  8.252207E-05  1.159937E-06  1.000734E-06  2.371975E-04  3.225702E-04  1.294084E-05  4.143928E-07  5.292021E-07  1.281720E-06
 2.961500E+02  2.100587E-01  1.034415E-04  1.048381E-08  1.385961E-08  1.544430E-08  1.853962E-08  4.938228E-02  1.275451E-05  1.812263E-08  5.531670E-01  6.586147E-03  4.122914E-04  1.306962E-05  6.500293E-04  2.094615E-08  7.364514E-08  3.976407E-08  1.789695E-01  7.870723E-05  1.124979E-06  9.698561E-07  2.329022E-04  3.167201E-04  1.213981E-05  3.877728E-07  4.953825E-07  1.217004E-06
 2.971500E+02  2.111779E-01  1.028961E-04  1.021520E-08  1.350838E-08  1.505385E-08  1.807579E-08  4.939332E-02  1.249269E-05  1.691927E-08  5.544188E-01  6.479080E-03  3.876897E-04  1.269853E-05  6.390090E-04  1.982690E-08  6.990326E-08  3.827601E-08  1.767457E-01  7.508772E-05  1.091192E-06  9.400373E-07  2.287121E-04  3.110138E-04  1.139314E-05  3.630310E-07  4.639384E-07  1.155911E-06
 2.981500E+02  2.122810E-01  1.023469E-04  9.953875E-09  1.316657E-08  1.467384E-08  1.762421E-08  4.940408E-02  1.223823E-05  1.580378E-08  5.556506E-01  6.374285E-03  3.646933E-04  1.234007E-05  6.282241E-04  1.877413E-08  6.637392E-08  3.685046E-08  1.745538E-01  7.165273E-05  1.058537E-06  9.112397E-07  2.246243E-04  3.054472E-04  1.069685E-05  3.400240E-07  4.346890E-07  1.098222E-06
 2.991500E+02  2.133682E-01  1.017943E-04  9.699658E-09  1.283393E-08  1.430401E-08  1.718458E-08  4.941459E-02  1.199087E-05  1.476922E-08  5.568626E-01  6.271707E-03  3.431893E-04  1.199373E-05  6.176691E-04  1.778354E-08  6.304391E-08  3.548457E-08  1.723933E-01  6.839206E-05  1.026973E-06  8.834266E-07  2.206357E-04  3.000161E-04  1.004726E-05  3.186199E-07  4.074682E-07  1.043730E-06
 3.001500E+02  2.144396E-01  1.012386E-04  9.452368E-09  1.251025E-08  1.394411E-08  1.675662E-08  4.942484E-02  1.175037E-05  1.380921E-08  5.580552E-01  6.171292E-03  3.230732E-04  1.165907E-05  6.073387E-04  1.685113E-08  5.990092E-08  3.417565E-08  1.702641E-01  6.529613E-05  9.964614E-07  8.565627E-07  2.167435E-04  2.947166E-04  9.440977E-06  2.986978E-07  3.821235E-07  9.922425E-07
 3.011500E+02  2.154954E-01  1.006802E-04  9.211828E-09  1.219530E-08  1.359389E-08  1.634004E-08  4.943485E-02  1.151650E-05  1.291792E-08  5.592287E-01  6.072989E-03  3.042484E-04  1.133563E-05  5.972277E-04  1.597315E-08  5.693344E-08  3.292111E-08  1.681657E-01  6.235590E-05  9.669662E-07  8.306138E-07  2.129448E-04  2.895450E-04  8.874882E-06  2.801464E-07  3.585147E-07  9.435789E-07
 3.021500E+02  2.165358E-01  1.001194E-04  8.977864E-09  1.188885E-08  1.325310E-08  1.593457E-08  4.944463E-02  1.128904E-05  1.209002E-08  5.603834E-01  5.976747E-03  2.866253E-04  1.102300E-05  5.873310E-04  1.514616E-08  5.413073E-08  3.171850E-08  1.660979E-01  5.956288E-05  9.384514E-07  8.055469E-07  2.092370E-04  2.844974E-04  8.346089E-06  2.628635E-07  3.365128E-07  8.975708E-07
 3.031500E+02  2.175610E-01  9.955655E-05  8.750308E-09  1.159071E-08  1.292152E-08  1.553991E-08  4.945417E-02  1.106778E-05  1.132060E-08  5.615197E-01  5.882516E-03  2.701211E-04  1.072075E-05  5.776437E-04  1.436690E-08  5.148277E-08  3.056549E-08  1.640604E-01  5.690906E-05  9.108827E-07  7.813303E-07  2.056174E-04  2.795703E-04  7.851937E-06  2.467549E-07  3.159991E-07  8.540602E-07
 3.041500E+02  2.185710E-01  9.899194E-05  8.528991E-09  1.130064E-08  1.259890E-08  1.515581E-08  4.946350E-02  1.085251E-05  1.060519E-08  5.626377E-01  5.790248E-03  2.546591E-04  1.042850E-05  5.681608E-04  1.363238E-08  4.898018E-08  2.945986E-08  1.620527E-01  5.438692E-05  8.842267E-07  7.579335E-07  2.020836E-04  2.747603E-04  7.389967E-06  2.317341E-07  2.968642E-07  8.128994E-07
 3.051500E+02  2.195661E-01  9.842587E-05  8.313750E-09  1.101844E-08  1.228501E-08  1.478200E-08  4.947260E-02  1.064303E-05  9.939669E-09  5.637379E-01  5.699897E-03  2.401681E-04  1.014588E-05  5.588776E-04  1.293978E-08  4.661422E-08  2.839949E-08  1.600745E-01  5.198933E-05  8.584515E-07  7.353269E-07  1.986332E-04  2.700641E-04  6.957908E-06  2.177213E-07  2.790076E-07  7.739500E-07
 3.061500E+02  2.205465E-01  9.785864E-05  8.104425E-09  1.074392E-08  1.197964E-08  1.441821E-08  4.948150E-02  1.043915E-05  9.320246E-09  5.648205E-01  5.611416E-03  2.265822E-04  9.872527E-06  5.497895E-04  1.228648E-08  4.437669E-08  2.738235E-08  1.581256E-01  4.970962E-05  8.335263E-07  7.134822E-07  1.952636E-04  2.654783E-04  6.553660E-06  2.046431E-07  2.623364E-07  7.370825E-07
 3.071500E+02  2.215123E-01  9.729052E-05  7.900858E-09  1.047686E-08  1.168254E-08  1.406419E-08  4.949019E-02  1.024069E-05  8.743453E-09  5.658858E-01  5.524761E-03  2.138403E-04  9.608092E-06  5.408919E-04  1.167006E-08  4.225993E-08  2.640654E-08  1.562056E-01  4.754147E-05  8.094211E-07  6.923721E-07  1.919728E-04  2.610000E-04  6.175282E-06  1.924317E-07  2.467651E-07  7.021754E-07
 3.081500E+02  2.224637E-01  9.672177E-05  7.702894E-09  1.021707E-08  1.139352E-08  1.371969E-08  4.949868E-02  1.004748E-05  8.206100E-09  5.669341E-01  5.439888E-03  2.018857E-04  9.352246E-06  5.321805E-04  1.108823E-08  4.025680E-08  2.547021E-08  1.543141E-01  4.547894E-05  7.861073E-07  6.719700E-07  1.887584E-04  2.566259E-04  5.820977E-06  1.810247E-07  2.322149E-07  6.691148E-07
 3.091500E+02  2.234009E-01  9.615267E-05  7.510383E-09  9.964361E-09  1.111235E-08  1.338445E-08  4.950698E-02  9.859343E-06  7.705252E-09  5.679656E-01  5.356755E-03  1.906656E-04  9.104672E-06  5.236508E-04  1.053886E-08  3.836058E-08  2.457163E-08  1.524507E-01  4.351642E-05  7.635571E-07  6.522507E-07  1.856184E-04  2.523532E-04  5.489083E-06  1.703645E-07  2.186128E-07  6.377940E-07
 3.101500E+02  2.243241E-01  9.558345E-05  7.323177E-09  9.718539E-09  1.083883E-08  1.305823E-08  4.951509E-02  9.676116E-06  7.238210E-09  5.689807E-01  5.275320E-03  1.801313E-04  8.865066E-06  5.152988E-04  1.001997E-08  3.656500E-08  2.370912E-08  1.506152E-01  4.164863E-05  7.417437E-07  6.331897E-07  1.825506E-04  2.481792E-04  5.178062E-06  1.603979E-07  2.058917E-07  6.081130E-07
 3.111500E+02  2.252334E-01  9.501434E-05  7.141132E-09  9.479422E-09  1.057275E-08  1.274080E-08  4.952302E-02  9.497644E-06  6.802490E-09  5.699796E-01  5.195544E-03  1.702372E-04  8.633134E-06  5.071202E-04  9.529705E-09  3.486418E-08  2.288111E-08  1.488071E-01  3.987057E-05  7.206415E-07  6.147634E-07  1.795530E-04  2.441009E-04  4.886487E-06  1.510759E-07  1.939895E-07  5.799779E-07
 3.121500E+02  2.261291E-01  9.444557E-05  6.964106E-09  9.246827E-09  1.031391E-08  1.243192E-08  4.953077E-02  9.323776E-06  6.395802E-09  5.709626E-01  5.117386E-03  1.609414E-04  8.408597E-06  4.991110E-04  9.066338E-09  3.325262E-08  2.208609E-08  1.470262E-01  3.817754E-05  7.002255E-07  5.969490E-07  1.766237E-04  2.401158E-04  4.613038E-06  1.423531E-07  1.828488E-07  5.533006E-07
 3.131500E+02  2.270112E-01  9.387737E-05  6.791961E-09  9.020579E-09  1.006212E-08  1.213136E-08  4.953835E-02  9.154366E-06  6.016041E-09  5.719298E-01  5.040810E-03  1.522045E-04  8.191185E-06  4.912674E-04  8.628249E-09  3.172516E-08  2.132261E-08  1.452720E-01  3.656510E-05  6.804717E-07  5.797248E-07  1.737609E-04  2.362213E-04  4.356490E-06  1.341875E-07  1.724164E-07  5.279983E-07
 3.141500E+02  2.278801E-01  9.330992E-05  6.624563E-09  8.800505E-09  9.817184E-09  1.183891E-08  4.954576E-02  8.989275E-06  5.661262E-09  5.728817E-01  4.965777E-03  1.439901E-04  7.980640E-06  4.835854E-04  8.213923E-09  3.027697E-08  2.058931E-08  1.435442E-01  3.502906E-05  6.613570E-07  5.630696E-07  1.709627E-04  2.324149E-04  4.115707E-06  1.265403E-07  1.626434E-07  5.039936E-07
 3.151500E+02  2.287358E-01  9.274343E-05  6.461779E-09  8.586434E-09  9.578915E-09  1.155434E-08  4.955300E-02  8.828367E-06  5.329673E-09  5.738184E-01  4.892252E-03  1.362644E-04  7.776714E-06  4.760613E-04  7.821946E-09  2.890351E-08  1.988487E-08  1.418424E-01  3.356546E-05  6.428592E-07  5.469631E-07  1.682273E-04  2.286941E-04  3.889636E-06  1.193759E-07  1.534844E-07  4.812135E-07
 3.161500E+02  2.295786E-01  9.217810E-05  6.303482E-09  8.378204E-09  9.347130E-09  1.127745E-08  4.956009E-02  8.671511E-06  5.019622E-09  5.747402E-01  4.820198E-03  1.289957E-04  7.579169E-06  4.686915E-04  7.450993E-09  2.760053E-08  1.920805E-08  1.401663E-01  3.217056E-05  6.249567E-07  5.313859E-07  1.655530E-04  2.250567E-04  3.677298E-06  1.126608E-07  1.448971E-07  4.595895E-07
 3.171500E+02  2.304086E-01  9.161408E-05  6.149546E-09  8.175652E-09  9.121652E-09  1.100801E-08  4.956702E-02  8.518584E-06  4.729582E-09  5.756474E-01  4.749582E-03  1.221548E-04  7.387777E-06  4.614725E-04  7.099826E-09  2.636404E-08  1.855765E-08  1.385156E-01  3.084084E-05  6.076288E-07  5.163190E-07  1.629382E-04  2.215003E-04  3.477787E-06  1.063644E-07  1.368429E-07  4.390572E-07
 3.181500E+02  2.312261E-01  9.105156E-05  5.999848E-09  7.978622E-09  8.902307E-09  1.074583E-08  4.957381E-02  8.369464E-06  4.458143E-09  5.765401E-01  4.680369E-03  1.157143E-04  7.202317E-06  4.544006E-04  6.767285E-09  2.519029E-08  1.793254E-08  1.368898E-01  2.957295E-05  5.908555E-07  5.017443E-07  1.603813E-04  2.180229E-04  3.290258E-06  1.004583E-07  1.292854E-07  4.195562E-07
 3.191500E+02  2.320311E-01  9.049071E-05  5.854269E-09  7.786959E-09  8.688925E-09  1.049071E-08  4.958044E-02  8.224033E-06  4.204004E-09  5.774187E-01  4.612528E-03  1.096488E-04  7.022578E-06  4.474725E-04  6.452282E-09  2.407578E-08  1.733164E-08  1.352886E-01  2.836374E-05  5.746175E-07  4.876444E-07  1.578806E-04  2.146222E-04  3.113928E-06  9.491595E-08  1.221914E-07  4.010297E-07
 3.201500E+02  2.328239E-01  8.993166E-05  5.712694E-09  7.600515E-09  8.481339E-09  1.024246E-08  4.958693E-02  8.082181E-06  3.965959E-09  5.782833E-01  4.546026E-03  1.039345E-04  6.848359E-06  4.406850E-04  6.153800E-09  2.301719E-08  1.675392E-08  1.337118E-01  2.721025E-05  5.588964E-07  4.740024E-07  1.554348E-04  2.112961E-04  2.948068E-06  8.971303E-08  1.155297E-07  3.834241E-07
 3.211500E+02  2.336047E-01  8.937457E-05  5.575008E-09  7.419143E-09  8.279390E-09  1.000089E-08  4.959329E-02  7.943798E-06  3.742895E-09  5.791342E-01  4.480833E-03  9.854929E-05  6.679465E-06  4.340347E-04  5.870886E-09  2.201143E-08  1.619838E-08  1.321588E-01  2.610965E-05  5.436742E-07  4.608022E-07  1.530423E-04  2.080428E-04  2.792001E-06  8.482682E-08  1.092716E-07  3.666892E-07
 3.221500E+02  2.343735E-01  8.881958E-05  5.441102E-09  7.242702E-09  8.082918E-09  9.765809E-09  4.959950E-02  7.808780E-06  3.533782E-09  5.799716E-01  4.416917E-03  9.347262E-05  6.515708E-06  4.275185E-04  5.602645E-09  2.105558E-08  1.566409E-08  1.306294E-01  2.505928E-05  5.289336E-07  4.480282E-07  1.507018E-04  2.048602E-04  2.645096E-06  8.023626E-08  1.033904E-07  3.507776E-07
 3.231500E+02  2.351307E-01  8.826681E-05  5.310868E-09  7.071053E-09  7.891771E-09  9.537040E-09  4.960559E-02  7.677026E-06  3.337665E-09  5.807958E-01  4.354250E-03  8.868526E-05  6.356909E-06  4.211333E-04  5.348238E-09  2.014690E-08  1.515015E-08  1.291233E-01  2.405662E-05  5.146581E-07  4.356652E-07  1.484118E-04  2.017465E-04  2.506767E-06  7.592181E-08  9.786133E-08  3.356448E-07
 3.241500E+02  2.358764E-01  8.771640E-05  5.184201E-09  6.904060E-09  7.705799E-09  9.314409E-09  4.961154E-02  7.548438E-06  3.153662E-09  5.816069E-01  4.292802E-03  8.416926E-05  6.202895E-06  4.148762E-04  5.106880E-09  1.928282E-08  1.465570E-08  1.276400E-01  2.309930E-05  5.008316E-07  4.236990E-07  1.461711E-04  1.986999E-04  2.376468E-06  7.186533E-08  9.266125E-08  3.212488E-07
 3.251500E+02  2.366107E-01  8.716846E-05  5.060999E-09  6.741593E-09  7.524857E-09  9.097745E-09  4.961738E-02  7.422924E-06  2.980955E-09  5.824053E-01  4.232547E-03  7.990788E-05  6.053500E-06  4.087440E-04  4.877833E-09  1.846091E-08  1.417992E-08  1.261793E-01  2.218505E-05  4.874385E-07  4.121154E-07  1.439782E-04  1.957185E-04  2.253690E-06  6.804995E-08  8.776880E-08  3.075502E-07
 3.261500E+02  2.373338E-01  8.662310E-05  4.941164E-09  6.583524E-09  7.348802E-09  8.886881E-09  4.962308E-02  7.300391E-06  2.818783E-09  5.831910E-01  4.173456E-03  7.588549E-05  5.908564E-06  4.027341E-04  4.660403E-09  1.767889E-08  1.372204E-08  1.247408E-01  2.131176E-05  4.744642E-07  4.009012E-07  1.418321E-04  1.928008E-04  2.137959E-06  6.446002E-08  8.316406E-08  2.945117E-07
 3.271500E+02  2.380459E-01  8.608042E-05  4.824599E-09  6.429728E-09  7.177496E-09  8.681655E-09  4.962867E-02  7.180753E-06  2.666444E-09  5.839643E-01  4.115502E-03  7.208750E-05  5.767934E-06  3.968436E-04  4.453940E-09  1.693461E-08  1.328130E-08  1.233241E-01  2.047739E-05  4.618941E-07  3.900433E-07  1.397314E-04  1.899450E-04  2.028833E-06  6.108095E-08  7.882851E-08  2.820984E-07
 3.281500E+02  2.387472E-01  8.554053E-05  4.711210E-09  6.280083E-09  7.010805E-09  8.481909E-09  4.963415E-02  7.063924E-06  2.523284E-09  5.847255E-01  4.058661E-03  6.850026E-05  5.631463E-06  3.910698E-04  4.257834E-09  1.622606E-08  1.285700E-08  1.219290E-01  1.968004E-05  4.497145E-07  3.795294E-07  1.376751E-04  1.871495E-04  1.925902E-06  5.789921E-08  7.474494E-08  2.702771E-07
 3.291500E+02  2.394378E-01  8.500352E-05  4.600906E-09  6.134472E-09  6.848598E-09  8.287489E-09  4.963951E-02  6.949824E-06  2.388698E-09  5.854747E-01  4.002907E-03  6.511104E-05  5.499008E-06  3.854099E-04  4.071511E-09  1.555134E-08  1.244845E-08  1.205551E-01  1.891790E-05  4.379120E-07  3.693475E-07  1.356619E-04  1.844128E-04  1.828780E-06  5.490217E-08  7.089731E-08  2.590167E-07
 3.301500E+02  2.401178E-01  8.446946E-05  4.493597E-09  5.992780E-09  6.690748E-09  8.098246E-09  4.964476E-02  6.838373E-06  2.262123E-09  5.862121E-01  3.948214E-03  6.190791E-05  5.370433E-06  3.798615E-04  3.894431E-09  1.490864E-08  1.205500E-08  1.192021E-01  1.818925E-05  4.264737E-07  3.594859E-07  1.336907E-04  1.817333E-04  1.737110E-06  5.207810E-08  6.727068E-08  2.482878E-07
 3.311500E+02  2.407876E-01  8.393846E-05  4.389199E-09  5.854895E-09  6.537131E-09  7.914034E-09  4.964990E-02  6.729495E-06  2.143036E-09  5.869379E-01  3.894560E-03  5.887974E-05  5.245607E-06  3.744219E-04  3.726088E-09  1.429630E-08  1.167603E-08  1.178697E-01  1.749248E-05  4.153873E-07  3.499336E-07  1.317605E-04  1.791097E-04  1.650556E-06  4.941607E-08  6.385115E-08  2.380629E-07
 3.321500E+02  2.414471E-01  8.341057E-05  4.287626E-09  5.720709E-09  6.387627E-09  7.734712E-09  4.965494E-02  6.623117E-06  2.030952E-09  5.876524E-01  3.841920E-03  5.601610E-05  5.124402E-06  3.690888E-04  3.566004E-09  1.371270E-08  1.131096E-08  1.165574E-01  1.682604E-05  4.046407E-07  3.406799E-07  1.298702E-04  1.765403E-04  1.568806E-06  4.690589E-08  6.062575E-08  2.283156E-07
 3.331500E+02  2.420966E-01  8.288587E-05  4.188798E-09  5.590115E-09  6.242117E-09  7.560141E-09  4.965987E-02  6.519167E-06  1.925419E-09  5.883557E-01  3.790272E-03  5.330723E-05  5.006698E-06  3.638596E-04  3.413732E-09  1.315635E-08  1.095920E-08  1.152651E-01  1.618848E-05  3.942226E-07  3.317144E-07  1.280189E-04  1.740240E-04  1.491569E-06  4.453807E-08  5.758240E-08  2.190214E-07
 3.341500E+02  2.427363E-01  8.236443E-05  4.092635E-09  5.463013E-09  6.100490E-09  7.390187E-09  4.966471E-02  6.417576E-06  1.826017E-09  5.890480E-01  3.739594E-03  5.074400E-05  4.892377E-06  3.587321E-04  3.268849E-09  1.262585E-08  1.062023E-08  1.139925E-01  1.557841E-05  3.841217E-07  3.230272E-07  1.262055E-04  1.715593E-04  1.418572E-06  4.230375E-08  5.470983E-08  2.101570E-07
 3.351500E+02  2.433662E-01  8.184631E-05  3.999060E-09  5.339301E-09  5.962633E-09  7.224720E-09  4.966945E-02  6.318278E-06  1.732354E-09  5.897295E-01  3.689863E-03  4.831787E-05  4.781327E-06  3.537039E-04  3.130959E-09  1.211984E-08  1.029352E-08  1.127391E-01  1.499453E-05  3.743274E-07  3.146088E-07  1.244291E-04  1.691450E-04  1.349561E-06  4.019470E-08  5.199752E-08  2.017005E-07
 3.361500E+02  2.439866E-01  8.133156E-05  3.907999E-09  5.218883E-09  5.828440E-09  7.063614E-09  4.967409E-02  6.221209E-06  1.644068E-09  5.904004E-01  3.641060E-03  4.602082E-05  4.673439E-06  3.487727E-04  2.999687E-09  1.163708E-08  9.978572E-09  1.115047E-01  1.443559E-05  3.648293E-07  3.064498E-07  1.226887E-04  1.667797E-04  1.284296E-06  3.820319E-08  4.943566E-08  1.936309E-07
 3.371500E+02  2.445976E-01  8.082025E-05  3.819379E-09  5.101665E-09  5.697806E-09  6.906745E-09  4.967864E-02  6.126307E-06  1.560818E-09  5.910608E-01  3.593163E-03  4.384536E-05  4.568608E-06  3.439365E-04  2.874682E-09  1.117637E-08  9.674919E-09  1.102890E-01  1.390041E-05  3.556175E-07  2.985415E-07  1.209835E-04  1.644623E-04  1.222555E-06  3.632204E-08  4.701509E-08  1.859289E-07
 3.381500E+02  2.451993E-01  8.031240E-05  3.733129E-09  4.987554E-09  5.570628E-09  6.753993E-09  4.968310E-02  6.033510E-06  1.482290E-09  5.917110E-01  3.546152E-03  4.178443E-05  4.466735E-06  3.391931E-04  2.755611E-09  1.073660E-08  9.382108E-09  1.090916E-01  1.338788E-05  3.466824E-07  2.908753E-07  1.193126E-04  1.621915E-04  1.164130E-06  3.454455E-08  4.472725E-08  1.785757E-07
 3.391500E+02  2.457919E-01  7.980808E-05  3.649181E-09  4.876463E-09  5.446810E-09  6.605241E-09  4.968748E-02  5.942762E-06  1.408189E-09  5.923511E-01  3.500008E-03  3.983146E-05  4.367721E-06  3.345403E-04  2.642162E-09  1.031670E-08  9.099704E-09  1.079124E-01  1.289693E-05  3.380147E-07  2.834428E-07  1.176751E-04  1.599662E-04  1.108825E-06  3.286443E-08  4.256415E-08  1.715540E-07
 3.401500E+02  2.463756E-01  7.930732E-05  3.567469E-09  4.768305E-09  5.326254E-09  6.460378E-09  4.969176E-02  5.854006E-06  1.338241E-09  5.929813E-01  3.454711E-03  3.798025E-05  4.271475E-06  3.299762E-04  2.534041E-09  9.915671E-09  8.827292E-09  1.067510E-01  1.242657E-05  3.296055E-07  2.762363E-07  1.160702E-04  1.577853E-04  1.056458E-06  3.127584E-08  4.051831E-08  1.648471E-07
 3.411500E+02  2.469504E-01  7.881016E-05  3.487927E-09  4.662995E-09  5.208867E-09  6.319291E-09  4.969596E-02  5.767187E-06  1.272189E-09  5.936018E-01  3.410243E-03  3.622501E-05  4.177905E-06  3.254988E-04  2.430970E-09  9.532569E-09  8.564478E-09  1.056071E-01  1.197582E-05  3.214462E-07  2.692479E-07  1.144972E-04  1.556478E-04  1.006857E-06  2.977329E-08  3.858274E-08  1.584394E-07
 3.421500E+02  2.475166E-01  7.831663E-05  3.410494E-09  4.560453E-09  5.094559E-09  6.181876E-09  4.970009E-02  5.682253E-06  1.209795E-09  5.942127E-01  3.366586E-03  3.456029E-05  4.086925E-06  3.211061E-04  2.332686E-09  9.166498E-09  8.310881E-09  1.044805E-01  1.154378E-05  3.135286E-07  2.624704E-07  1.129552E-04  1.535524E-04  9.598625E-07  2.835165E-08  3.675091E-08  1.523161E-07
 3.431500E+02  2.480742E-01  7.782676E-05  3.335107E-09  4.460600E-09  4.983243E-09  6.048027E-09  4.970413E-02  5.599153E-06  1.150836E-09  5.948142E-01  3.323722E-03  3.298098E-05  3.998452E-06  3.167963E-04  2.238943E-09  8.816614E-09  8.066140E-09  1.033707E-01  1.112960E-05  3.058446E-07  2.558966E-07  1.114435E-04  1.514982E-04  9.153237E-07  2.700615E-08  3.501670E-08  1.464632E-07
 3.441500E+02  2.486235E-01  7.734058E-05  3.261710E-09  4.363357E-09  4.874832E-09  5.917645E-09  4.970809E-02  5.517837E-06  1.095104E-09  5.954064E-01  3.281633E-03  3.148227E-05  3.912405E-06  3.125675E-04  2.149508E-09  8.482118E-09  7.829906E-09  1.022777E-01  1.073245E-05  2.983864E-07  2.495196E-07  1.099613E-04  1.494843E-04  8.730997E-07  2.573229E-08  3.337439E-08  1.408675E-07
 3.451500E+02  2.491645E-01  7.685811E-05  3.190243E-09  4.268652E-09  4.769245E-09  5.790631E-09  4.971197E-02  5.438258E-06  1.042405E-09  5.959896E-01  3.240304E-03  3.005967E-05  3.828706E-06  3.084179E-04  2.064160E-09  8.162254E-09  7.601847E-09  1.012011E-01  1.035156E-05  2.911468E-07  2.433329E-07  1.085080E-04  1.475095E-04  8.330585E-07  2.452588E-08  3.181861E-08  1.355163E-07
 3.461500E+02  2.496974E-01  7.637937E-05  3.120651E-09  4.176411E-09  4.666400E-09  5.666889E-09  4.971578E-02  5.360368E-06  9.925557E-10  5.965638E-01  3.199717E-03  2.870894E-05  3.747282E-06  3.043457E-04  1.982692E-09  7.856305E-09  7.381645E-09  1.001406E-01  9.986181E-06  2.841184E-07  2.373302E-07  1.070828E-04  1.455731E-04  7.950761E-07  2.338299E-08  3.034435E-08  1.303978E-07
 3.471500E+02  2.502223E-01  7.590438E-05  3.052881E-09  4.086564E-09  4.566220E-09  5.546329E-09  4.971952E-02  5.284124E-06  9.453875E-10  5.971292E-01  3.159856E-03  2.742609E-05  3.668059E-06  3.003494E-04  1.904907E-09  7.563597E-09  7.168996E-09  9.909600E-02  9.635618E-06  2.772943E-07  2.315052E-07  1.056851E-04  1.436740E-04  7.590361E-07  2.229994E-08  2.894691E-08  1.255008E-07
 3.481500E+02  2.507394E-01  7.543316E-05  2.986880E-09  3.999043E-09  4.468628E-09  5.428859E-09  4.972319E-02  5.209482E-06  9.007411E-10  5.976860E-01  3.120706E-03  2.620739E-05  3.590968E-06  2.964271E-04  1.830620E-09  7.283486E-09  6.963607E-09  9.806700E-02  9.299200E-06  2.706680E-07  2.258520E-07  1.043142E-04  1.418114E-04  7.248294E-07  2.127328E-08  2.762186E-08  1.208146E-07
 3.491500E+02  2.512487E-01  7.496571E-05  2.922597E-09  3.913782E-09  4.373552E-09  5.314393E-09  4.972679E-02  5.136400E-06  8.584679E-10  5.982344E-01  3.082252E-03  2.504932E-05  3.515942E-06  2.925773E-04  1.759656E-09  7.015368E-09  6.765200E-09  9.705336E-02  8.976292E-06  2.642328E-07  2.203650E-07  1.029694E-04  1.399844E-04  6.923533E-07  2.029977E-08  2.636509E-08  1.163291E-07
 3.501500E+02  2.517504E-01  7.450206E-05  2.859982E-09  3.830716E-09  4.280919E-09  5.202847E-09  4.973032E-02  5.064836E-06  8.184288E-10  5.987744E-01  3.044478E-03  2.394856E-05  3.442917E-06  2.887983E-04  1.691849E-09  6.758666E-09  6.573507E-09  9.605483E-02  8.666292E-06  2.579827E-07  2.150386E-07  1.016503E-04  1.381922E-04  6.615116E-07  1.937638E-08  2.517270E-08  1.120347E-07
 3.511500E+02  2.522447E-01  7.404220E-05  2.798989E-09  3.749783E-09  4.190661E-09  5.094137E-09  4.973378E-02  4.994752E-06  7.804936E-10  5.993062E-01  3.007370E-03  2.290201E-05  3.371829E-06  2.850887E-04  1.627042E-09  6.512837E-09  6.388270E-09  9.507114E-02  8.368623E-06  2.519116E-07  2.098676E-07  1.003561E-04  1.364339E-04  6.322138E-07  1.850027E-08  2.404107E-08  1.079224E-07
 3.521500E+02  2.527316E-01  7.358614E-05  2.739571E-09  3.670922E-09  4.102710E-09  4.988185E-09  4.973718E-02  4.926110E-06  7.445401E-10  5.998300E-01  2.970915E-03  2.190673E-05  3.302619E-06  2.814469E-04  1.565088E-09  6.277364E-09  6.209246E-09  9.410207E-02  8.082739E-06  2.460137E-07  2.048468E-07  9.908632E-05  1.347088E-04  6.043747E-07  1.766877E-08  2.296677E-08  1.039836E-07
 3.531500E+02  2.532113E-01  7.313389E-05  2.681682E-09  3.594076E-09  4.017001E-09  4.884913E-09  4.974052E-02  4.858871E-06  7.104542E-10  6.003458E-01  2.935097E-03  2.095996E-05  3.235229E-06  2.778714E-04  1.505846E-09  6.051759E-09  6.036198E-09  9.314736E-02  7.808121E-06  2.402835E-07  1.999714E-07  9.784032E-05  1.330160E-04  5.779145E-07  1.687937E-08  2.194661E-08  1.002100E-07
 3.541500E+02  2.536839E-01  7.268544E-05  2.625278E-09  3.519185E-09  3.933470E-09  4.784246E-09  4.974379E-02  4.793000E-06  6.781286E-10  6.008539E-01  2.899904E-03  2.005910E-05  3.169603E-06  2.743608E-04  1.449183E-09  5.835557E-09  5.868900E-09  9.220678E-02  7.544273E-06  2.347156E-07  1.952365E-07  9.661759E-05  1.313549E-04  5.527578E-07  1.612972E-08  2.097756E-08  9.659406E-08
 3.551500E+02  2.541495E-01  7.224080E-05  2.570319E-09  3.446197E-09  3.852056E-09  4.686110E-09  4.974701E-02  4.728462E-06  6.474631E-10  6.013544E-01  2.865323E-03  1.920172E-05  3.105686E-06  2.709137E-04  1.394976E-09  5.628319E-09  5.707137E-09  9.128009E-02  7.290723E-06  2.293047E-07  1.906376E-07  9.541757E-05  1.297247E-04  5.288339E-07  1.541762E-08  2.005681E-08  9.312832E-08
 3.561500E+02  2.546082E-01  7.179997E-05  2.516761E-09  3.375055E-09  3.772699E-09  4.590436E-09  4.975016E-02  4.665224E-06  6.183634E-10  6.018473E-01  2.831340E-03  1.838549E-05  3.043426E-06  2.675288E-04  1.343103E-09  5.429628E-09  5.550702E-09  9.036707E-02  7.047024E-06  2.240458E-07  1.861702E-07  9.423975E-05  1.281246E-04  5.060763E-07  1.474099E-08  1.918169E-08  8.980585E-08
 3.571500E+02  2.550602E-01  7.136293E-05  2.464567E-09  3.305710E-09  3.695342E-09  4.497154E-09  4.975326E-02  4.603252E-06  5.907410E-10  6.023329E-01  2.797943E-03  1.760826E-05  2.982772E-06  2.642046E-04  1.293454E-09  5.239088E-09  5.399394E-09  8.946749E-02  6.812747E-06  2.189342E-07  1.818302E-07  9.308361E-05  1.265540E-04  4.844222E-07  1.409787E-08  1.834971E-08  8.662003E-08
 3.581500E+02  2.555055E-01  7.092970E-05  2.413695E-09  3.238109E-09  3.619928E-09  4.406197E-09  4.975630E-02  4.542515E-06  5.645132E-10  6.028112E-01  2.765119E-03  1.686796E-05  2.923677E-06  2.609399E-04  1.245922E-09  5.056323E-09  5.253025E-09  8.858112E-02  6.587486E-06  2.139651E-07  1.776133E-07  9.194866E-05  1.250122E-04  4.638127E-07  1.348643E-08  1.755851E-08  8.356460E-08
 3.591500E+02  2.559443E-01  7.050025E-05  2.364111E-09  3.172204E-09  3.546403E-09  4.317501E-09  4.975928E-02  4.482981E-06  5.396020E-10  6.032824E-01  2.732858E-03  1.616267E-05  2.866093E-06  2.577333E-04  1.200405E-09  4.880977E-09  5.111410E-09  8.770775E-02  6.370852E-06  2.091340E-07  1.735156E-07  9.083442E-05  1.234986E-04  4.441920E-07  1.290495E-08  1.680589E-08  8.063357E-08
 3.601500E+02  2.563767E-01  7.007458E-05  2.315776E-09  3.107947E-09  3.474713E-09  4.231003E-09  4.976221E-02  4.424622E-06  5.159343E-10  6.037466E-01  2.701147E-03  1.549056E-05  2.809974E-06  2.545838E-04  1.156808E-09  4.712711E-09  4.974375E-09  8.684715E-02  6.162476E-06  2.044365E-07  1.695334E-07  8.974042E-05  1.220125E-04  4.255080E-07  1.235181E-08  1.608976E-08  7.782129E-08
 3.611500E+02  2.568028E-01  6.965268E-05  2.268655E-09  3.045292E-09  3.404808E-09  4.146642E-09  4.976509E-02  4.367406E-06  4.934414E-10  6.042039E-01  2.669975E-03  1.484992E-05  2.755277E-06  2.514900E-04  1.115041E-09  4.551204E-09  4.841751E-09  8.599912E-02  5.962007E-06  1.998685E-07  1.656628E-07  8.866620E-05  1.205532E-04  4.077112E-07  1.182547E-08  1.540816E-08  7.512239E-08
 3.621500E+02  2.572226E-01  6.923453E-05  2.222715E-09  2.984195E-09  3.336637E-09  4.064359E-09  4.976792E-02  4.311307E-06  4.720587E-10  6.046544E-01  2.639330E-03  1.423912E-05  2.701958E-06  2.484507E-04  1.075017E-09  4.396150E-09  4.713378E-09  8.516344E-02  5.769107E-06  1.954259E-07  1.619004E-07  8.761132E-05  1.191203E-04  3.907551E-07  1.132451E-08  1.475927E-08  7.253174E-08
 3.631500E+02  2.576364E-01  6.882014E-05  2.177922E-09  2.924611E-09  3.270152E-09  3.984096E-09  4.977070E-02  4.256297E-06  4.517257E-10  6.050983E-01  2.609202E-03  1.365663E-05  2.649979E-06  2.454648E-04  1.036655E-09  4.247259E-09  4.589099E-09  8.433991E-02  5.583457E-06  1.911047E-07  1.582426E-07  8.657534E-05  1.177130E-04  3.745958E-07  1.084757E-08  1.414132E-08  7.004448E-08
 3.641500E+02  2.580441E-01  6.840947E-05  2.134244E-09  2.866499E-09  3.205306E-09  3.905797E-09  4.977342E-02  4.202350E-06  4.323851E-10  6.055356E-01  2.579580E-03  1.310101E-05  2.599297E-06  2.425313E-04  9.998774E-10  4.104254E-09  4.468767E-09  8.352834E-02  5.404751E-06  1.869012E-07  1.546862E-07  8.555784E-05  1.163309E-04  3.591919E-07  1.039337E-08  1.355270E-08  6.765600E-08
 3.651500E+02  2.584459E-01  6.800253E-05  2.091649E-09  2.809817E-09  3.142055E-09  3.829408E-09  4.977610E-02  4.149439E-06  4.139834E-10  6.059665E-01  2.550454E-03  1.257088E-05  2.549876E-06  2.396488E-04  9.646111E-10  3.966875E-09  4.352238E-09  8.272851E-02  5.232699E-06  1.828118E-07  1.512280E-07  8.455841E-05  1.149733E-04  3.445045E-07  9.960713E-09  1.299186E-08  6.536190E-08
 3.661500E+02  2.588419E-01  6.759928E-05  2.050108E-09  2.754526E-09  3.080352E-09  3.754878E-09  4.977874E-02  4.097539E-06  3.964699E-10  6.063912E-01  2.521814E-03  1.206496E-05  2.501679E-06  2.368165E-04  9.307865E-10  3.834871E-09  4.239377E-09  8.194023E-02  5.067022E-06  1.788328E-07  1.478649E-07  8.357666E-05  1.136397E-04  3.304966E-07  9.548470E-09  1.245735E-08  6.315800E-08
 3.671500E+02  2.592322E-01  6.719972E-05  2.009591E-09  2.700588E-09  3.020157E-09  3.682153E-09  4.978132E-02  4.046626E-06  3.797973E-10  6.068096E-01  2.493649E-03  1.158202E-05  2.454669E-06  2.340332E-04  8.983373E-10  3.708005E-09  4.130050E-09  8.116332E-02  4.907455E-06  1.749609E-07  1.445938E-07  8.261218E-05  1.123297E-04  3.171335E-07  9.155572E-09  1.194780E-08  6.104032E-08
 3.681500E+02  2.596169E-01  6.680383E-05  1.970068E-09  2.647965E-09  2.961426E-09  3.611186E-09  4.978386E-02  3.996677E-06  3.639206E-10  6.072219E-01  2.465951E-03  1.112092E-05  2.408812E-06  2.312979E-04  8.672007E-10  3.586052E-09  4.024132E-09  8.039758E-02  4.753746E-06  1.711927E-07  1.414120E-07  8.166460E-05  1.110425E-04  3.043824E-07  8.781013E-09  1.146191E-08  5.900509E-08
 3.691500E+02  2.599961E-01  6.641159E-05  1.931514E-09  2.596620E-09  2.904120E-09  3.541928E-09  4.978636E-02  3.947668E-06  3.487978E-10  6.076282E-01  2.438709E-03  1.068057E-05  2.364075E-06  2.286096E-04  8.373172E-10  3.468797E-09  3.921502E-09  7.964282E-02  4.605653E-06  1.675252E-07  1.383166E-07  8.073356E-05  1.097779E-04  2.922122E-07  8.423845E-09  1.099847E-08  5.704869E-08
 3.701500E+02  2.603698E-01  6.602298E-05  1.893900E-09  2.546518E-09  2.848199E-09  3.474333E-09  4.978881E-02  3.899577E-06  3.343891E-10  6.080286E-01  2.411915E-03  1.025992E-05  2.320425E-06  2.259674E-04  8.086301E-10  3.356035E-09  3.822043E-09  7.889887E-02  4.462945E-06  1.639551E-07  1.353049E-07  7.981869E-05  1.085352E-04  2.805937E-07  8.083172E-09  1.055633E-08  5.516770E-08
 3.711500E+02  2.607382E-01  6.563797E-05  1.857201E-09  2.497626E-09  2.793626E-09  3.408354E-09  4.979122E-02  3.852383E-06  3.206571E-10  6.084232E-01  2.385560E-03  9.858021E-06  2.277830E-06  2.233702E-04  7.810855E-10  3.247573E-09  3.725642E-09  7.816554E-02  4.325402E-06  1.604796E-07  1.323743E-07  7.891964E-05  1.073140E-04  2.694991E-07  7.758149E-09  1.013440E-08  5.335886E-08
 3.721500E+02  2.611014E-01  6.525656E-05  1.821391E-09  2.449910E-09  2.740364E-09  3.343949E-09  4.979359E-02  3.806063E-06  3.075665E-10  6.088122E-01  2.359634E-03  9.473933E-06  2.236262E-06  2.208172E-04  7.546324E-10  3.143224E-09  3.632193E-09  7.744266E-02  4.192814E-06  1.570958E-07  1.295224E-07  7.803607E-05  1.061139E-04  2.589022E-07  7.447979E-09  9.731646E-09  5.161905E-08
 3.731500E+02  2.614594E-01  6.487871E-05  1.786446E-09  2.403338E-09  2.688376E-09  3.281074E-09  4.979592E-02  3.760599E-06  2.950840E-10  6.091955E-01  2.334130E-03  9.106788E-06  2.195690E-06  2.183074E-04  7.292220E-10  3.042813E-09  3.541592E-09  7.673006E-02  4.064981E-06  1.538008E-07  1.267467E-07  7.716764E-05  1.049343E-04  2.487784E-07  7.151909E-09  9.347113E-09  4.994532E-08
