#         T/K            c1          c2-1          c3-4          c3-5          c3-7          c3-9            m1          m2-1          m3-1            w1            w2          w3-1          w3-2          c1m1        c1m2-1        c1m2-7        c2m1-1        c1w1-2        c1w2-1        c2w1-1        c2w1-9        m1w1-1        m1w1-4        m1w2-1        m2w1-1        m2w1-3      c1m1w1-1
 2.731500E+02  1.180925E-01  4.725485E-05  5.006420E-09  6.571048E-09  7.310813E-09  8.717235E-09  1.474480E-01  1.872271E-04  2.566008E-06  5.545642E-01  1.080602E-02  2.141630E-03  3.004936E-05  1.865448E-03  4.502549E-07  1.477429E-06  1.203787E-07  1.617298E-01  1.732075E-04  9.931032E-07  8.720498E-07  1.131142E-03  1.539789E-03  1.876847E-04  1.806837E-05  2.288383E-05  8.474451E-06
 2.741500E+02  1.191326E-01  4.717728E-05  4.888276E-09  6.418153E-09  7.141238E-09  8.517723E-09  1.475046E-01  1.827028E-04  2.366615E-06  5.559902E-01  1.059609E-02  1.991503E-03  2.902882E-05  1.832353E-03  4.229765E-07  1.392415E-06  1.155942E-07  1.596895E-01  1.641835E-04  9.620937E-07  8.440914E-07  1.107033E-03  1.506874E-03  1.741423E-04  1.671769E-05  2.118160E-05  7.992369E-06
 2.751500E+02  1.201607E-01  4.709195E-05  4.772568E-09  6.268339E-09  6.975062E-09  8.322121E-09  1.475593E-01  1.783228E-04  2.184087E-06  5.573864E-01  1.039118E-02  1.852742E-03  2.804832E-05  1.799939E-03  3.975104E-07  1.312791E-06  1.110163E-07  1.576721E-01  1.556706E-04  9.320983E-07  8.170746E-07  1.083588E-03  1.474871E-03  1.616591E-04  1.547673E-05  1.961706E-05  7.540239E-06
 2.761500E+02  1.211767E-01  4.699908E-05  4.659273E-09  6.121577E-09  6.812255E-09  8.130398E-09  1.476123E-01  1.740816E-04  2.016887E-06  5.587539E-01  1.019117E-02  1.724431E-03  2.710620E-05  1.768190E-03  3.737261E-07  1.238185E-06  1.066354E-07  1.556776E-01  1.476381E-04  9.030848E-07  7.909684E-07  1.060788E-03  1.443752E-03  1.501466E-04  1.433594E-05  1.817825E-05  7.116062E-06
 2.771500E+02  1.221808E-01  4.689891E-05  4.548365E-09  5.977840E-09  6.652785E-09  7.942522E-09  1.476637E-01  1.699739E-04  1.863632E-06  5.600937E-01  9.995954E-03  1.605732E-03  2.620084E-05  1.737093E-03  3.515037E-07  1.168253E-06  1.024425E-07  1.537064E-01  1.400571E-04  8.750218E-07  7.657425E-07  1.038611E-03  1.413488E-03  1.395240E-04  1.328663E-05  1.685430E-05  6.717980E-06
 2.781500E+02  1.231727E-01  4.679166E-05  4.439819E-09  5.837098E-09  6.496622E-09  7.758461E-09  1.477134E-01  1.659947E-04  1.723068E-06  5.614066E-01  9.805410E-03  1.495877E-03  2.533069E-05  1.706634E-03  3.307321E-07  1.102679E-06  9.842918E-08  1.517584E-01  1.329006E-04  8.478790E-07  7.413675E-07  1.017040E-03  1.384053E-03  1.297177E-04  1.232092E-05  1.563538E-05  6.344266E-06
 2.791500E+02  1.241524E-01  4.667758E-05  4.333608E-09  5.699319E-09  6.343731E-09  7.578180E-09  1.477617E-01  1.621393E-04  1.594065E-06  5.626936E-01  9.619428E-03  1.394164E-03  2.449428E-05  1.676799E-03  3.113088E-07  1.041168E-06  9.458717E-08  1.498338E-01  1.261433E-04  8.216268E-07  7.178153E-07  9.960541E-04  1.355422E-03  1.206604E-04  1.143166E-05  1.451251E-05  5.993317E-06
 2.801500E+02  1.251200E-01  4.655688E-05  4.229705E-09  5.564474E-09  6.194080E-09  7.401644E-09  1.478085E-01  1.584030E-04  1.475598E-06  5.639554E-01  9.437893E-03  1.299948E-03  2.369018E-05  1.647577E-03  2.931392E-07  9.834455E-07  9.090872E-08  1.479327E-01  1.197613E-04  7.962365E-07  6.950582E-07  9.756364E-04  1.327569E-03  1.122908E-04  1.061232E-05  1.347756E-05  5.663640E-06
 2.811500E+02  1.260754E-01  4.642982E-05  4.128082E-09  5.432528E-09  6.047633E-09  7.228814E-09  1.478539E-01  1.547815E-04  1.366739E-06  5.651929E-01  9.260696E-03  1.212639E-03  2.291703E-05  1.618954E-03  2.761356E-07  9.292589E-07  8.738647E-08  1.460550E-01  1.137324E-04  7.716802E-07  6.730697E-07  9.557689E-04  1.300470E-03  1.045529E-04  9.857011E-06  1.252312E-05  5.353846E-06
 2.821500E+02  1.270187E-01  4.629662E-05  4.028711E-09  5.303449E-09  5.904353E-09  7.059653E-09  1.478979E-01  1.512704E-04  1.266648E-06  5.664067E-01  9.087726E-03  1.131695E-03  2.217353E-05  1.590917E-03  2.602171E-07  8.783728E-07  8.401338E-08  1.442009E-01  1.080357E-04  7.479310E-07  6.518239E-07  9.364346E-04  1.274101E-03  9.739545E-05  9.160334E-06  1.164245E-05  5.062644E-06
 2.831500E+02  1.279498E-01  4.615753E-05  3.931563E-09  5.177203E-09  5.764203E-09  6.894119E-09  1.479407E-01  1.478659E-04  1.174565E-06  5.675974E-01  8.918877E-03  1.056619E-03  2.145842E-05  1.563455E-03  2.453087E-07  8.305689E-07  8.078275E-08  1.423703E-01  1.026515E-04  7.249627E-07  6.312959E-07  9.176169E-04  1.248439E-03  9.077179E-05  8.517391E-06  1.082940E-05  4.788831E-06
 2.841500E+02  1.288688E-01  4.601279E-05  3.836608E-09  5.053752E-09  5.627144E-09  6.732172E-09  1.479823E-01  1.445639E-04  1.089797E-06  5.687658E-01  8.754041E-03  9.869562E-04  2.077051E-05  1.536555E-03  2.313409E-07  7.856443E-07  7.768820E-08  1.405632E-01  9.756156E-05  7.027497E-07  6.114613E-07  8.992998E-04  1.223463E-03  8.463908E-05  7.923718E-06  1.007838E-05  4.531287E-06
 2.851500E+02  1.297757E-01  4.586263E-05  3.743815E-09  4.933061E-09  5.493136E-09  6.573766E-09  1.480226E-01  1.413608E-04  1.011718E-06  5.699125E-01  8.593116E-03  9.222881E-04  2.010865E-05  1.510206E-03  2.182494E-07  7.434105E-07  7.472366E-08  1.387796E-01  9.274857E-05  6.812674E-07  5.922967E-07  8.814678E-04  1.199152E-03  7.895821E-05  7.375246E-06  9.384287E-06  4.288970E-06
 2.861500E+02  1.306705E-01  4.570727E-05  3.653153E-09  4.815092E-09  5.362138E-09  6.418858E-09  1.480619E-01  1.382530E-04  9.397575E-07  5.710379E-01  8.436001E-03  8.622305E-04  1.947176E-05  1.484397E-03  2.059747E-07  7.036923E-07  7.188332E-08  1.370193E-01  8.819636E-05  6.604918E-07  5.737794E-07  8.641059E-04  1.175483E-03  7.369336E-05  6.868266E-06  8.742468E-06  4.060908E-06
 2.871500E+02  1.315533E-01  4.554697E-05  3.564589E-09  4.699806E-09  5.234108E-09  6.267401E-09  1.481000E-01  1.352372E-04  8.733984E-07  5.721427E-01  8.282595E-03  8.064308E-04  1.885878E-05  1.459116E-03  1.944615E-07  6.663267E-07  6.916166E-08  1.352824E-01  8.388974E-05  6.403997E-07  5.558874E-07  8.471997E-04  1.152438E-03  6.881173E-05  6.399392E-06  8.148674E-06  3.846194E-06
 2.881500E+02  1.324241E-01  4.538193E-05  3.478092E-09  4.587164E-09  5.109002E-09  6.119347E-09  1.481371E-01  1.323100E-04  8.121694E-07  5.732274E-01  8.132802E-03  7.545648E-04  1.826871E-05  1.434352E-03  1.836586E-07  6.311621E-07  6.655343E-08  1.335688E-01  7.981447E-05  6.209684E-07  5.385994E-07  8.307351E-04  1.129998E-03  6.428329E-05  5.965533E-06  7.599028E-06  3.643986E-06
 2.891500E+02  1.332831E-01  4.521239E-05  3.393629E-09  4.477126E-09  4.986778E-09  5.974648E-09  1.481732E-01  1.294683E-04  7.556419E-07  5.742924E-01  7.986527E-03  7.063346E-04  1.770061E-05  1.410095E-03  1.735185E-07  5.980575E-07  6.405358E-08  1.318783E-01  7.595718E-05  6.021762E-07  5.218946E-07  8.146985E-04  1.108143E-03  6.008052E-05  5.563867E-06  7.089983E-06  3.453495E-06
 2.901500E+02  1.341302E-01  4.503856E-05  3.311165E-09  4.369651E-09  4.867389E-09  5.833254E-09  1.482083E-01  1.267091E-04  7.034258E-07  5.753383E-01  7.843676E-03  6.614662E-04  1.715355E-05  1.386333E-03  1.639970E-07  5.668814E-07  6.165733E-08  1.302108E-01  7.230530E-05  5.840019E-07  5.057533E-07  7.990769E-04  1.086856E-03  5.617815E-05  5.191815E-06  6.618301E-06  3.273988E-06
 2.911500E+02  1.349655E-01  4.486067E-05  3.230667E-09  4.264696E-09  4.750790E-09  5.695113E-09  1.482424E-01  1.240295E-04  6.551654E-07  5.763654E-01  7.704161E-03  6.197077E-04  1.662666E-05  1.363057E-03  1.550531E-07  5.375115E-07  5.936012E-08  1.285662E-01  6.884706E-05  5.664249E-07  4.901559E-07  7.838576E-04  1.066118E-03  5.255305E-05  4.847017E-06  6.181017E-06  3.104779E-06
 2.921500E+02  1.357892E-01  4.467893E-05  3.152102E-09  4.162220E-09  4.636936E-09  5.560175E-09  1.482757E-01  1.214267E-04  6.105366E-07  5.773742E-01  7.567892E-03  5.808270E-04  1.611910E-05  1.340257E-03  1.466489E-07  5.098339E-07  5.715758E-08  1.269444E-01  6.557138E-05  5.494252E-07  4.750839E-07  7.690283E-04  1.045915E-03  4.918396E-05  4.527318E-06  5.775419E-06  2.945229E-06
 2.931500E+02  1.366013E-01  4.449355E-05  3.075433E-09  4.062181E-09  4.525779E-09  5.428386E-09  1.483080E-01  1.188982E-04  5.692436E-07  5.783652E-01  7.434785E-03  5.446107E-04  1.563009E-05  1.317921E-03  1.387489E-07  4.837421E-07  5.504555E-08  1.253451E-01  6.246785E-05  5.329837E-07  4.605191E-07  7.545772E-04  1.026228E-03  4.605136E-05  4.230740E-06  5.399025E-06  2.794740E-06
 2.941500E+02  1.374019E-01  4.430472E-05  3.000627E-09  3.964535E-09  4.417272E-09  5.299694E-09  1.483396E-01  1.164412E-04  5.310167E-07  5.793386E-01  7.304754E-03  5.108622E-04  1.515885E-05  1.296041E-03  1.313202E-07  4.591372E-07  5.302007E-08  1.237684E-01  5.952671E-05  5.170816E-07  4.464441E-07  7.404928E-04  1.007042E-03  4.313733E-05  3.955477E-06  5.049559E-06  2.652754E-06
 2.951500E+02  1.381911E-01  4.411266E-05  2.927649E-09  3.869239E-09  4.311368E-09  5.174044E-09  1.483703E-01  1.140535E-04  4.956091E-07  5.802950E-01  7.177719E-03  4.794002E-04  1.470465E-05  1.274608E-03  1.243324E-07  4.359268E-07  5.107734E-08  1.222138E-01  5.673877E-05  5.017009E-07  4.328419E-07  7.267641E-04  9.883429E-04  4.042539E-05  3.699870E-06  4.724935E-06  2.518752E-06
 2.961500E+02  1.389689E-01  4.391755E-05  2.856463E-09  3.776249E-09  4.208019E-09  5.051384E-09  1.484002E-01  1.117325E-04  4.627958E-07  5.812346E-01  7.053601E-03  4.500577E-04  1.426680E-05  1.253610E-03  1.177569E-07  4.140245E-07  4.921376E-08  1.206814E-01  5.409540E-05  4.868240E-07  4.196961E-07  7.133804E-04  9.701150E-04  3.790041E-05  3.462401E-06  4.423243E-06  2.392245E-06
 2.971500E+02  1.397356E-01  4.371959E-05  2.787035E-09  3.685522E-09  4.107176E-09  4.931657E-09  1.484294E-01  1.094761E-04  4.323707E-07  5.821578E-01  6.932323E-03  4.226807E-04  1.384464E-05  1.233040E-03  1.115672E-07  3.933500E-07  4.742587E-08  1.191709E-01  5.158850E-05  4.724340E-07  4.069910E-07  7.003313E-04  9.523443E-04  3.554844E-05  3.241676E-06  4.142726E-06  2.272780E-06
 2.981500E+02  1.404911E-01  4.351895E-05  2.719329E-09  3.597014E-09  4.008791E-09  4.814810E-09  1.484578E-01  1.072820E-04  4.041454E-07  5.830649E-01  6.813809E-03  3.971271E-04  1.343753E-05  1.212888E-03  1.057388E-07  3.738279E-07  4.571038E-08  1.176821E-01  4.921042E-05  4.585144E-07  3.947113E-07  6.876069E-04  9.350171E-04  3.335667E-05  3.036416E-06  3.881775E-06  2.159929E-06
 2.991500E+02  1.412356E-01  4.331583E-05  2.653310E-09  3.510681E-09  3.912817E-09  4.700787E-09  1.484855E-01  1.051482E-04  3.779475E-07  5.839564E-01  6.697986E-03  3.732660E-04  1.304485E-05  1.193145E-03  1.002486E-07  3.553882E-07  4.406414E-08  1.162148E-01  4.695401E-05  4.450494E-07  3.828422E-07  6.751974E-04  9.181202E-04  3.131329E-05  2.845447E-06  3.638910E-06  2.053297E-06
 3.001500E+02  1.419693E-01  4.311039E-05  2.588944E-09  3.426479E-09  3.819204E-09  4.589533E-09  1.485125E-01  1.030727E-04  3.536190E-07  5.848324E-01  6.584784E-03  3.509761E-04  1.266603E-05  1.173802E-03  9.507527E-08  3.379653E-07  4.248417E-08  1.147688E-01  4.481250E-05  4.320235E-07  3.713694E-07  6.630937E-04  9.016407E-04  2.940742E-05  2.667691E-06  3.412772E-06  1.952509E-06
 3.011500E+02  1.426922E-01  4.290281E-05  2.526196E-09  3.344364E-09  3.727905E-09  4.480994E-09  1.485388E-01  1.010536E-04  3.310152E-07  5.856934E-01  6.474134E-03  3.301458E-04  1.230051E-05  1.154852E-03  9.019891E-08  3.214978E-07  4.096758E-08  1.133438E-01  4.277956E-05  4.194221E-07  3.602791E-07  6.512865E-04  8.855664E-04  2.762905E-05  2.502157E-06  3.202111E-06  1.857218E-06
 3.021500E+02  1.434044E-01  4.269325E-05  2.465030E-09  3.264293E-09  3.638872E-09  4.375114E-09  1.485645E-01  9.908887E-05  3.100032E-07  5.865395E-01  6.365968E-03  3.106717E-04  1.194777E-05  1.136285E-03  8.560091E-08  3.059284E-07  3.951165E-08  1.119398E-01  4.084920E-05  4.072305E-07  3.495581E-07  6.397673E-04  8.698851E-04  2.596894E-05  2.347932E-06  3.005778E-06  1.767098E-06
 3.031500E+02  1.441061E-01  4.248187E-05  2.405413E-09  3.186223E-09  3.552056E-09  4.271839E-09  1.485896E-01  9.717685E-05  2.904615E-07  5.873712E-01  6.260222E-03  2.924583E-04  1.160728E-05  1.118093E-03  8.126393E-08  2.912035E-07  3.811377E-08  1.105564E-01  3.901580E-05  3.954350E-07  3.391934E-07  6.285276E-04  8.545855E-04  2.441857E-05  2.204180E-06  2.822715E-06  1.681843E-06
 3.041500E+02  1.447973E-01  4.226882E-05  2.347310E-09  3.110110E-09  3.467411E-09  4.171114E-09  1.486141E-01  9.531581E-05  2.722783E-07  5.881887E-01  6.156831E-03  2.754175E-04  1.127858E-05  1.100269E-03  7.717182E-08  2.772730E-07  3.677144E-08  1.091934E-01  3.727408E-05  3.840221E-07  3.291726E-07  6.175591E-04  8.396561E-04  2.297006E-05  2.070127E-06  2.651947E-06  1.601167E-06
 3.051500E+02  1.454782E-01  4.205426E-05  2.290687E-09  3.035911E-09  3.384889E-09  4.072884E-09  1.486380E-01  9.350407E-05  2.553509E-07  5.889922E-01  6.055735E-03  2.594674E-04  1.096118E-05  1.082804E-03  7.330947E-08  2.640898E-07  3.548228E-08  1.078506E-01  3.561903E-05  3.729788E-07  3.194838E-07  6.068542E-04  8.250864E-04  2.161618E-05  1.945063E-06  2.492579E-06  1.524802E-06
 3.061500E+02  1.461490E-01  4.183833E-05  2.235511E-09  2.963585E-09  3.304443E-09  3.977097E-09  1.486613E-01  9.174005E-05  2.395852E-07  5.897821E-01  5.956874E-03  2.445326E-04  1.065465E-05  1.065690E-03  6.966280E-08  2.516101E-07  3.424402E-08  1.065278E-01  3.404598E-05  3.622925E-07  3.101153E-07  5.964050E-04  8.108658E-04  2.035020E-05  1.828335E-06  2.343782E-06  1.452498E-06
 3.071500E+02  1.468097E-01  4.162117E-05  2.181749E-09  2.893088E-09  3.226027E-09  3.883698E-09  1.486840E-01  9.002222E-05  2.248943E-07  5.905585E-01  5.860189E-03  2.305430E-04  1.035856E-05  1.048920E-03  6.621864E-08  2.397927E-07  3.305448E-08  1.052247E-01  3.255050E-05  3.519511E-07  3.010560E-07  5.862042E-04  7.969841E-04  1.916594E-05  1.719337E-06  2.204795E-06  1.384018E-06
 3.081500E+02  1.474605E-01  4.140291E-05  2.129368E-09  2.824380E-09  3.149595E-09  3.792634E-09  1.487062E-01  8.834909E-05  2.111986E-07  5.913218E-01  5.765625E-03  2.174338E-04  1.007251E-05  1.032487E-03  6.296470E-08  2.285990E-07  3.191159E-08  1.039410E-01  3.112841E-05  3.419428E-07  2.922952E-07  5.762448E-04  7.834317E-04  1.805767E-05  1.617513E-06  2.074914E-06  1.319142E-06
 3.091500E+02  1.481014E-01  4.118368E-05  2.078335E-09  2.757420E-09  3.075102E-09  3.703854E-09  1.487279E-01  8.671925E-05  1.984248E-07  5.920723E-01  5.673126E-03  2.051450E-04  9.796095E-06  1.016383E-03  5.988949E-08  2.179929E-07  3.081337E-08  1.026767E-01  2.977580E-05  3.322564E-07  2.838222E-07  5.665198E-04  7.701991E-04  1.702009E-05  1.522350E-06  1.953490E-06  1.257663E-06
 3.101500E+02  1.487327E-01  4.096362E-05  2.028618E-09  2.692166E-09  3.002502E-09  3.617305E-09  1.487491E-01  8.513132E-05  1.865052E-07  5.928100E-01  5.582639E-03  1.936210E-04  9.528957E-06  1.000601E-03  5.698228E-08  2.079405E-07  2.975792E-08  1.014313E-01  2.848896E-05  3.228808E-07  2.756273E-07  5.570224E-04  7.572771E-04  1.604832E-05  1.433375E-06  1.839924E-06  1.199386E-06
 3.111500E+02  1.493544E-01  4.074284E-05  1.980187E-09  2.628578E-09  2.931751E-09  3.532936E-09  1.487698E-01  8.358400E-05  1.753778E-07  5.935354E-01  5.494112E-03  1.828101E-04  9.270734E-06  9.851346E-04  5.423301E-08  1.984101E-07  2.874345E-08  1.002047E-01  2.726440E-05  3.138055E-07  2.677006E-07  5.477464E-04  7.446570E-04  1.513780E-05  1.350149E-06  1.733663E-06  1.144130E-06
 3.121500E+02  1.499666E-01  4.052145E-05  1.933009E-09  2.566618E-09  2.862806E-09  3.450696E-09  1.487900E-01  8.207600E-05  1.649852E-07  5.942486E-01  5.407494E-03  1.726645E-04  9.021085E-06  9.699761E-04  5.163229E-08  1.893718E-07  2.776821E-08  9.899659E-02  2.609882E-05  3.050202E-07  2.600327E-07  5.386854E-04  7.323300E-04  1.428435E-05  1.272268E-06  1.634195E-06  1.091723E-06
 3.131500E+02  1.505696E-01  4.029957E-05  1.887054E-09  2.506245E-09  2.795624E-09  3.370535E-09  1.488098E-01  8.060610E-05  1.552745E-07  5.949498E-01  5.322738E-03  1.631397E-04  8.779682E-06  9.551191E-04  4.917132E-08  1.807978E-07  2.683056E-08  9.780678E-02  2.498914E-05  2.965151E-07  2.526147E-07  5.298333E-04  7.202881E-04  1.348407E-05  1.199358E-06  1.541046E-06  1.042004E-06
 3.141500E+02  1.511634E-01  4.007731E-05  1.842293E-09  2.447422E-09  2.730161E-09  3.292405E-09  1.488291E-01  7.917312E-05  1.461969E-07  5.956393E-01  5.239796E-03  1.541944E-04  8.546212E-06  9.405570E-04  4.684188E-08  1.726617E-07  2.592892E-08  9.663500E-02  2.393240E-05  2.882807E-07  2.454379E-07  5.211844E-04  7.085231E-04  1.273337E-05  1.131074E-06  1.453779E-06  9.948229E-07
 3.151500E+02  1.517481E-01  3.985477E-05  1.798694E-09  2.390111E-09  2.666377E-09  3.216256E-09  1.488480E-01  7.777593E-05  1.377074E-07  5.963173E-01  5.158621E-03  1.457905E-04  8.320376E-06  9.262835E-04  4.463626E-08  1.649391E-07  2.506178E-08  9.548102E-02  2.292586E-05  2.803077E-07  2.384938E-07  5.127330E-04  6.970273E-04  1.202890E-05  1.067096E-06  1.371990E-06  9.500375E-07
 3.161500E+02  1.523239E-01  3.963205E-05  1.756231E-09  2.334275E-09  2.604230E-09  3.142040E-09  1.488664E-01  7.641343E-05  1.297646E-07  5.969840E-01  5.079169E-03  1.378923E-04  8.101886E-06  9.122922E-04  4.254723E-08  1.576066E-07  2.422771E-08  9.434457E-02  2.196689E-05  2.725872E-07  2.317744E-07  5.044735E-04  6.857933E-04  1.136755E-05  1.007127E-06  1.295303E-06  9.075146E-07
 3.171500E+02  1.528909E-01  3.940924E-05  1.714873E-09  2.279876E-09  2.543679E-09  3.069712E-09  1.488844E-01  7.508455E-05  1.223299E-07  5.976395E-01  5.001395E-03  1.304667E-04  7.890466E-06  8.985770E-04  4.056803E-08  1.506427E-07  2.342532E-08  9.322543E-02  2.105305E-05  2.651107E-07  2.252719E-07  4.964007E-04  6.748137E-04  1.074646E-05  9.508949E-07  1.223372E-06  8.671289E-07
 3.181500E+02  1.534492E-01  3.918644E-05  1.674593E-09  2.226880E-09  2.484686E-09  2.999225E-09  1.489021E-01  7.378829E-05  1.153680E-07  5.982843E-01  4.925259E-03  1.234830E-04  7.685853E-06  8.851319E-04  3.869233E-08  1.440269E-07  2.265331E-08  9.212334E-02  2.018200E-05  2.578698E-07  2.189786E-07  4.885095E-04  6.640816E-04  1.016296E-05  8.981448E-07  1.155873E-06  8.287627E-07
 3.191500E+02  1.539989E-01  3.896372E-05  1.635363E-09  2.175251E-09  2.427211E-09  2.930533E-09  1.489193E-01  7.252365E-05  1.088459E-07  5.989183E-01  4.850718E-03  1.169125E-04  7.487794E-06  8.719509E-04  3.691417E-08  1.377400E-07  2.191041E-08  9.103807E-02  1.935154E-05  2.508567E-07  2.128874E-07  4.807948E-04  6.535901E-04  9.614567E-06  8.486415E-07  1.092511E-06  7.923051E-07
 3.201500E+02  1.545402E-01  3.874118E-05  1.597157E-09  2.124954E-09  2.371215E-09  2.863591E-09  1.489362E-01  7.128969E-05  1.027334E-07  5.995418E-01  4.777733E-03  1.107288E-04  7.296046E-06  8.590283E-04  3.522799E-08  1.317640E-07  2.119541E-08  8.996938E-02  1.855961E-05  2.440634E-07  2.069912E-07  4.732519E-04  6.433326E-04  9.098979E-06  8.021670E-07  1.033006E-06  7.576520E-07
 3.211500E+02  1.550733E-01  3.851890E-05  1.559947E-09  2.075956E-09  2.316662E-09  2.798357E-09  1.489527E-01  7.008549E-05  9.700230E-08  6.001550E-01  4.706265E-03  1.049070E-04  7.110378E-06  8.463585E-04  3.362855E-08  1.260819E-07  2.050718E-08  8.891701E-02  1.780423E-05  2.374827E-07  2.012833E-07  4.658760E-04  6.333028E-04  8.614056E-06  7.585190E-07  9.771039E-07  7.247053E-07
 3.221500E+02  1.555981E-01  3.829695E-05  1.523709E-09  2.028224E-09  2.263515E-09  2.734787E-09  1.489688E-01  6.891016E-05  9.162667E-08  6.007582E-01  4.636276E-03  9.942406E-05  6.930565E-06  8.339359E-04  3.211094E-08  1.206777E-07  1.984462E-08  8.788074E-02  1.708356E-05  2.311073E-07  1.957572E-07  4.586628E-04  6.234946E-04  8.157809E-06  7.175098E-07  9.245653E-07  6.933727E-07
 3.231500E+02  1.561148E-01  3.807540E-05  1.488417E-09  1.981724E-09  2.211738E-09  2.672838E-09  1.489846E-01  6.776286E-05  8.658238E-08  6.013514E-01  4.567729E-03  9.425851E-05  6.756396E-06  8.217552E-04  3.067055E-08  1.155365E-07  1.920666E-08  8.686033E-02  1.639584E-05  2.249303E-07  1.904066E-07  4.516077E-04  6.139018E-04  7.728388E-06  6.789650E-07  8.751691E-07  6.635672E-07
 3.241500E+02  1.566237E-01  3.785432E-05  1.454046E-09  1.936425E-09  2.161294E-09  2.612471E-09  1.490000E-01  6.664276E-05  8.184710E-08  6.019348E-01  4.500589E-03  8.939033E-05  6.587664E-06  8.098110E-04  2.930307E-08  1.106440E-07  1.859231E-08  8.585554E-02  1.573943E-05  2.189449E-07  1.852254E-07  4.447066E-04  6.045187E-04  7.324072E-06  6.427229E-07  8.287100E-07  6.352071E-07
 3.251500E+02  1.571247E-01  3.763377E-05  1.420571E-09  1.892297E-09  2.112151E-09  2.553645E-09  1.490151E-01  6.554905E-05  7.740012E-08  6.025087E-01  4.434822E-03  8.480086E-05  6.424173E-06  7.980982E-04  2.800442E-08  1.059870E-07  1.800060E-08  8.486614E-02  1.511274E-05  2.131447E-07  1.802078E-07  4.379553E-04  5.953397E-04  6.943258E-06  6.086331E-07  7.849968E-07  6.082152E-07
 3.261500E+02  1.576180E-01  3.741383E-05  1.387970E-09  1.849308E-09  2.064274E-09  2.496319E-09  1.490299E-01  6.448099E-05  7.322223E-08  6.030732E-01  4.370392E-03  8.047273E-05  6.265734E-06  7.866118E-04  2.677079E-08  1.015530E-07  1.743062E-08  8.389189E-02  1.451430E-05  2.075235E-07  1.753482E-07  4.313498E-04  5.863594E-04  6.584454E-06  5.765558E-07  7.438521E-07  5.825189E-07
 3.271500E+02  1.581037E-01  3.719455E-05  1.356219E-09  1.807428E-09  2.017630E-09  2.440456E-09  1.490444E-01  6.343781E-05  6.929563E-08  6.036285E-01  4.307269E-03  7.638969E-05  6.112166E-06  7.753467E-04  2.559860E-08  9.733006E-08  1.688149E-08  8.293256E-02  1.394271E-05  2.020752E-07  1.706410E-07  4.248864E-04  5.775725E-04  6.246270E-06  5.463610E-07  7.051106E-07  5.580496E-07
 3.281500E+02  1.585820E-01  3.697599E-05  1.325295E-09  1.766629E-09  1.972186E-09  2.386018E-09  1.490586E-01  6.241881E-05  6.560374E-08  6.041748E-01  4.245420E-03  7.253662E-05  5.963296E-06  7.642983E-04  2.448445E-08  9.330713E-08  1.635236E-08  8.198793E-02  1.339665E-05  1.967940E-07  1.660812E-07  4.185612E-04  5.689739E-04  5.927411E-06  5.179279E-07  6.686187E-07  5.347430E-07
 3.291500E+02  1.590529E-01  3.675819E-05  1.295176E-09  1.726883E-09  1.927912E-09  2.332967E-09  1.490724E-01  6.142329E-05  6.213122E-08  6.047121E-01  4.184813E-03  6.889938E-05  5.818956E-06  7.534616E-04  2.342519E-08  8.947370E-08  1.584243E-08  8.105777E-02  1.287484E-05  1.916744E-07  1.616637E-07  4.123706E-04  5.605586E-04  5.626671E-06  4.911440E-07  6.342334E-07  5.125379E-07
 3.301500E+02  1.595165E-01  3.654122E-05  1.265842E-09  1.688160E-09  1.884777E-09  2.281268E-09  1.490860E-01  6.045058E-05  5.886377E-08  6.052408E-01  4.125420E-03  6.546477E-05  5.678987E-06  7.428323E-04  2.241784E-08  8.581987E-08  1.535093E-08  8.014184E-02  1.237611E-05  1.867109E-07  1.573835E-07  4.063112E-04  5.523218E-04  5.342922E-06  4.659045E-07  6.018213E-07  4.913772E-07
 3.311500E+02  1.599731E-01  3.632512E-05  1.237270E-09  1.650434E-09  1.842750E-09  2.230885E-09  1.490993E-01  5.950004E-05  5.578813E-08  6.057608E-01  4.067210E-03  6.222047E-05  5.543234E-06  7.324057E-04  2.145957E-08  8.233631E-08  1.487712E-08  7.923994E-02  1.189934E-05  1.818982E-07  1.532360E-07  4.003794E-04  5.442588E-04  5.075115E-06  4.421119E-07  5.712586E-07  4.712065E-07
 3.321500E+02  1.604226E-01  3.610993E-05  1.209440E-09  1.613679E-09  1.801801E-09  2.181783E-09  1.491123E-01  5.857104E-05  5.289195E-08  6.062725E-01  4.010155E-03  5.915497E-05  5.411549E-06  7.221774E-04  2.054775E-08  7.901423E-08  1.442030E-08  7.835184E-02  1.144344E-05  1.772314E-07  1.492167E-07  3.945721E-04  5.363653E-04  4.822270E-06  4.196753E-07  5.424293E-07  4.519747E-07
 3.331500E+02  1.608653E-01  3.589570E-05  1.182332E-09  1.577869E-09  1.761903E-09  2.133929E-09  1.491251E-01  5.766297E-05  5.016375E-08  6.067759E-01  3.954228E-03  5.625749E-05  5.283792E-06  7.121431E-04  1.967989E-08  7.584531E-08  1.397979E-08  7.747732E-02  1.100742E-05  1.727056E-07  1.453213E-07  3.888859E-04  5.286367E-04  4.583472E-06  3.985100E-07  5.152259E-07  4.336336E-07
 3.341500E+02  1.613012E-01  3.568247E-05  1.155927E-09  1.542978E-09  1.723028E-09  2.087291E-09  1.491376E-01  5.677525E-05  4.759284E-08  6.072711E-01  3.899401E-03  5.351798E-05  5.159825E-06  7.022986E-04  1.885364E-08  7.282172E-08  1.355495E-08  7.661617E-02  1.059032E-05  1.683161E-07  1.415454E-07  3.833179E-04  5.210688E-04  4.357865E-06  3.785371E-07  4.895476E-07  4.161377E-07
 3.351500E+02  1.617303E-01  3.547028E-05  1.130206E-09  1.508982E-09  1.685147E-09  2.041835E-09  1.491498E-01  5.590731E-05  4.516927E-08  6.077585E-01  3.845649E-03  5.092702E-05  5.039517E-06  6.926398E-04  1.806681E-08  6.993604E-08  1.314515E-08  7.576817E-02  1.019123E-05  1.640583E-07  1.378851E-07  3.778648E-04  5.136575E-04  4.144653E-06  3.596829E-07  4.653006E-07  3.994438E-07
 3.361500E+02  1.621530E-01  3.525916E-05  1.105150E-09  1.475857E-09  1.648234E-09  1.997531E-09  1.491618E-01  5.505861E-05  4.288376E-08  6.082380E-01  3.792945E-03  4.847580E-05  4.922743E-06  6.831627E-04  1.731730E-08  6.718129E-08  1.274981E-08  7.493312E-02  9.809281E-06  1.599279E-07  1.343365E-07  3.725240E-04  5.063989E-04  3.943089E-06  3.418786E-07  4.423975E-07  3.835113E-07
 3.371500E+02  1.625691E-01  3.504914E-05  1.080740E-09  1.443579E-09  1.612264E-09  1.954348E-09  1.491736E-01  5.422862E-05  4.072769E-08  6.087098E-01  3.741266E-03  4.615607E-05  4.809381E-06  6.738633E-04  1.660316E-08  6.455087E-08  1.236836E-08  7.411080E-02  9.443669E-06  1.559207E-07  1.308957E-07  3.672924E-04  4.992890E-04  3.752475E-06  3.250601E-07  4.207563E-07  3.683018E-07
 3.381500E+02  1.629789E-01  3.484027E-05  1.056960E-09  1.412125E-09  1.577211E-09  1.912257E-09  1.491851E-01  5.341682E-05  3.869300E-08  6.091741E-01  3.690587E-03  4.396012E-05  4.699315E-06  6.647378E-04  1.592255E-08  6.203852E-08  1.200026E-08  7.330101E-02  9.093617E-06  1.520327E-07  1.275593E-07  3.621673E-04  4.923241E-04  3.572159E-06  3.091674E-07  4.003008E-07  3.537790E-07
 3.391500E+02  1.633824E-01  3.463257E-05  1.033792E-09  1.381474E-09  1.543050E-09  1.871227E-09  1.491964E-01  5.262271E-05  3.677218E-08  6.096310E-01  3.640884E-03  4.188072E-05  4.592433E-06  6.557825E-04  1.527370E-08  5.963836E-08  1.164498E-08  7.250355E-02  8.758392E-06  1.482598E-07  1.243235E-07  3.571462E-04  4.855005E-04  3.401531E-06  2.941447E-07  3.809595E-07  3.399086E-07
 3.401500E+02  1.637798E-01  3.442606E-05  1.011220E-09  1.351604E-09  1.509758E-09  1.831232E-09  1.492074E-01  5.184583E-05  3.495823E-08  6.100806E-01  3.592135E-03  3.991109E-05  4.488627E-06  6.469936E-04  1.465499E-08  5.734480E-08  1.130202E-08  7.171822E-02  8.437297E-06  1.445983E-07  1.211852E-07  3.522262E-04  4.788147E-04  3.240020E-06  2.799396E-07  3.626659E-07  3.266581E-07
 3.411500E+02  1.641712E-01  3.422078E-05  9.892264E-10  1.322493E-09  1.477310E-09  1.792242E-09  1.492183E-01  5.108569E-05  3.324460E-08  6.105231E-01  3.544318E-03  3.804488E-05  4.387794E-06  6.383676E-04  1.406486E-08  5.515257E-08  1.097092E-08  7.094482E-02  8.129673E-06  1.410446E-07  1.181409E-07  3.474051E-04  4.722632E-04  3.087092E-06  2.665032E-07  3.453574E-07  3.139967E-07
 3.421500E+02  1.645565E-01  3.401675E-05  9.677963E-10  1.294121E-09  1.445684E-09  1.754232E-09  1.492289E-01  5.034187E-05  3.162521E-08  6.109586E-01  3.497410E-03  3.627616E-05  4.289834E-06  6.299010E-04  1.350184E-08  5.305668E-08  1.065121E-08  7.018315E-02  7.834891E-06  1.375951E-07  1.151877E-07  3.426802E-04  4.658428E-04  2.942245E-06  2.537897E-07  3.289757E-07  3.018955E-07
 3.431500E+02  1.649361E-01  3.381398E-05  9.469141E-10  1.266467E-09  1.414858E-09  1.717175E-09  1.492393E-01  4.961390E-05  3.009434E-08  6.113872E-01  3.451392E-03  3.459932E-05  4.194652E-06  6.215904E-04  1.296455E-08  5.105242E-08  1.034245E-08  6.943303E-02  7.552358E-06  1.342464E-07  1.123224E-07  3.380492E-04  4.595501E-04  2.805011E-06  2.417565E-07  3.134663E-07  2.903270E-07
 3.441500E+02  1.653098E-01  3.361251E-05  9.265648E-10  1.239514E-09  1.384810E-09  1.681045E-09  1.492495E-01  4.890139E-05  2.864667E-08  6.118091E-01  3.406241E-03  3.300915E-05  4.102155E-06  6.134323E-04  1.245169E-08  4.913530E-08  1.004423E-08  6.869426E-02  7.281508E-06  1.309952E-07  1.095421E-07  3.335098E-04  4.533820E-04  2.674950E-06  2.303635E-07  2.987780E-07  2.792651E-07
 3.451500E+02  1.656779E-01  3.341234E-05  9.067337E-10  1.213240E-09  1.355519E-09  1.645818E-09  1.492595E-01  4.820391E-05  2.727723E-08  6.122243E-01  3.361939E-03  3.150073E-05  4.012254E-06  6.054237E-04  1.196203E-08  4.730111E-08  9.756135E-09  6.796666E-02  7.021804E-06  1.278384E-07  1.068441E-07  3.290599E-04  4.473355E-04  2.551650E-06  2.195732E-07  2.848630E-07  2.686852E-07
 3.461500E+02  1.660405E-01  3.321351E-05  8.874067E-10  1.187629E-09  1.326965E-09  1.611470E-09  1.492694E-01  4.752107E-05  2.598135E-08  6.126330E-01  3.318467E-03  3.006945E-05  3.924864E-06  5.975612E-04  1.149438E-08  4.554584E-08  9.477790E-09  6.725004E-02  6.772736E-06  1.247729E-07  1.042255E-07  3.246971E-04  4.414076E-04  2.434725E-06  2.093505E-07  2.716764E-07  2.585639E-07
 3.471500E+02  1.663975E-01  3.301602E-05  8.685698E-10  1.162661E-09  1.299127E-09  1.577976E-09  1.492790E-01  4.685249E-05  2.475469E-08  6.130353E-01  3.275804E-03  2.871097E-05  3.839903E-06  5.898417E-04  1.104767E-08  4.386570E-08  9.208823E-09  6.654422E-02  6.533820E-06  1.217958E-07  1.016838E-07  3.204193E-04  4.355954E-04  2.323812E-06  1.996626E-07  2.591763E-07  2.488793E-07
 3.481500E+02  1.667492E-01  3.281989E-05  8.502098E-10  1.138320E-09  1.271987E-09  1.545315E-09  1.492884E-01  4.619780E-05  2.359317E-08  6.134313E-01  3.233933E-03  2.742124E-05  3.757291E-06  5.822622E-04  1.062083E-08  4.225709E-08  8.948878E-09  6.584902E-02  6.304596E-06  1.189041E-07  9.921651E-08  3.162246E-04  4.298962E-04  2.218571E-06  1.904787E-07  2.473232E-07  2.396103E-07
 3.491500E+02  1.670956E-01  3.262513E-05  8.323134E-10  1.114589E-09  1.245524E-09  1.513463E-09  1.492977E-01  4.555663E-05  2.249298E-08  6.138212E-01  3.192835E-03  2.619643E-05  3.676952E-06  5.748198E-04  1.021290E-08  4.071662E-08  8.697616E-09  6.516427E-02  6.084625E-06  1.160952E-07  9.682110E-08  3.121109E-04  4.243071E-04  2.118684E-06  1.817698E-07  2.360803E-07  2.307371E-07
 3.501500E+02  1.674367E-01  3.243175E-05  8.148679E-10  1.091450E-09  1.219722E-09  1.482398E-09  1.493068E-01  4.492864E-05  2.145054E-08  6.142050E-01  3.152494E-03  2.503296E-05  3.598813E-06  5.675115E-04  9.822930E-09  3.924104E-08  8.454711E-09  6.448980E-02  5.873493E-06  1.133663E-07  9.449524E-08  3.080763E-04  4.188255E-04  2.023851E-06  1.735089E-07  2.254130E-07  2.222409E-07
 3.511500E+02  1.677728E-01  3.223978E-05  7.978610E-10  1.068888E-09  1.194562E-09  1.452101E-09  1.493157E-01  4.431348E-05  2.046252E-08  6.145828E-01  3.112892E-03  2.392744E-05  3.522802E-06  5.603344E-04  9.450047E-09  3.782731E-08  8.219850E-09  6.382542E-02  5.670802E-06  1.107150E-07  9.223668E-08  3.041189E-04  4.134489E-04  1.933789E-06  1.656706E-07  2.152887E-07  2.141039E-07
 3.521500E+02  1.681038E-01  3.204921E-05  7.812807E-10  1.046887E-09  1.170026E-09  1.422549E-09  1.493245E-01  4.371083E-05  1.952578E-08  6.149548E-01  3.074014E-03  2.287671E-05  3.448853E-06  5.532858E-04  9.093415E-09  3.647251E-08  7.992734E-09  6.317097E-02  5.476177E-06  1.081387E-07  9.004322E-08  3.002368E-04  4.081748E-04  1.848235E-06  1.582311E-07  2.056769E-07  2.063091E-07
 3.531500E+02  1.684298E-01  3.186005E-05  7.651153E-10  1.025432E-09  1.146097E-09  1.393723E-09  1.493330E-01  4.312038E-05  1.863738E-08  6.153211E-01  3.035841E-03  2.187778E-05  3.376898E-06  5.463631E-04  8.752246E-09  3.517391E-08  7.773074E-09  6.252630E-02  5.289261E-06  1.056350E-07  8.791276E-08  2.964284E-04  4.030008E-04  1.766940E-06  1.511679E-07  1.965490E-07  1.988405E-07
 3.541500E+02  1.687510E-01  3.167232E-05  7.493533E-10  1.004508E-09  1.122760E-09  1.365604E-09  1.493415E-01  4.254180E-05  1.779457E-08  6.156817E-01  2.998360E-03  2.092784E-05  3.306874E-06  5.395634E-04  8.425790E-09  3.392889E-08  7.560596E-09  6.189123E-02  5.109711E-06  1.032017E-07  8.584324E-08  2.926917E-04  3.979244E-04  1.689670E-06  1.444602E-07  1.878781E-07  1.916830E-07
 3.551500E+02  1.690674E-01  3.148601E-05  7.339838E-10  9.841007E-10  1.099998E-09  1.338172E-09  1.493497E-01  4.197481E-05  1.699476E-08  6.160368E-01  2.961554E-03  2.002424E-05  3.238721E-06  5.328843E-04  8.113342E-09  3.273497E-08  7.355034E-09  6.126560E-02  4.937205E-06  1.008365E-07  8.383271E-08  2.890253E-04  3.929434E-04  1.616206E-06  1.380880E-07  1.796390E-07  1.848220E-07
 3.561500E+02  1.693791E-01  3.130114E-05  7.189959E-10  9.641959E-10  1.077796E-09  1.311409E-09  1.493579E-01  4.141911E-05  1.623553E-08  6.163865E-01  2.925409E-03  1.916451E-05  3.172379E-06  5.263232E-04  7.814228E-09  3.158979E-08  7.156133E-09  6.064925E-02  4.771433E-06  9.853728E-08  8.187927E-08  2.854273E-04  3.880555E-04  1.546341E-06  1.320330E-07  1.718078E-07  1.782438E-07
 3.571500E+02  1.696862E-01  3.111771E-05  7.043794E-10  9.447802E-10  1.056138E-09  1.285298E-09  1.493658E-01  4.087442E-05  1.551461E-08  6.167308E-01  2.889910E-03  1.834629E-05  3.107792E-06  5.198777E-04  7.527815E-09  3.049114E-08  6.963652E-09  6.004204E-02  4.612102E-06  9.630191E-08  7.998109E-08  2.818963E-04  3.832587E-04  1.479880E-06  1.262777E-07  1.643624E-07  1.719355E-07
 3.581500E+02  1.699887E-01  3.093572E-05  6.901239E-10  9.258402E-10  1.035010E-09  1.259820E-09  1.493736E-01  4.034046E-05  1.482986E-08  6.170698E-01  2.855043E-03  1.756737E-05  3.044905E-06  5.135453E-04  7.253500E-09  2.943688E-08  6.777354E-09  5.944381E-02  4.458931E-06  9.412841E-08  7.813639E-08  2.784306E-04  3.785507E-04  1.416641E-06  1.208056E-07  1.572816E-07  1.658847E-07
 3.591500E+02  1.702868E-01  3.075518E-05  6.762197E-10  9.073631E-10  1.014397E-09  1.234959E-09  1.493813E-01  3.981698E-05  1.417927E-08  6.174037E-01  2.820794E-03  1.682569E-05  2.983665E-06  5.073237E-04  6.990712E-09  2.842500E-08  6.597016E-09  5.885440E-02  4.311656E-06  9.201483E-08  7.634348E-08  2.750288E-04  3.739296E-04  1.356451E-06  1.156014E-07  1.505457E-07  1.600796E-07
 3.601500E+02  1.705804E-01  3.057609E-05  6.626572E-10  8.893363E-10  9.942861E-10  1.210698E-09  1.493889E-01  3.930370E-05  1.356096E-08  6.177326E-01  2.787149E-03  1.611927E-05  2.924021E-06  5.012105E-04  6.738908E-09  2.745359E-08  6.422422E-09  5.827367E-02  4.170021E-06  8.995931E-08  7.460070E-08  2.716895E-04  3.693932E-04  1.299148E-06  1.106507E-07  1.441362E-07  1.545091E-07
 3.611500E+02  1.708697E-01  3.039845E-05  6.494270E-10  8.717477E-10  9.746629E-10  1.187021E-09  1.493963E-01  3.880039E-05  1.297316E-08  6.180565E-01  2.754097E-03  1.544627E-05  2.865924E-06  4.952036E-04  6.497577E-09  2.652083E-08  6.253365E-09  5.770147E-02  4.033785E-06  8.796004E-08  7.290647E-08  2.684111E-04  3.649398E-04  1.244579E-06  1.059396E-07  1.380355E-07  1.491626E-07
 3.621500E+02  1.711548E-01  3.022226E-05  6.365202E-10  8.545855E-10  9.555145E-10  1.163913E-09  1.494035E-01  3.830680E-05  1.241419E-08  6.183755E-01  2.721623E-03  1.480494E-05  2.809327E-06  4.893006E-04  6.266230E-09  2.562498E-08  6.089645E-09  5.713766E-02  3.902717E-06  8.601526E-08  7.125926E-08  2.651923E-04  3.605673E-04  1.192599E-06  1.014555E-07  1.322272E-07  1.440300E-07
 3.631500E+02  1.714357E-01  3.004752E-05  6.239279E-10  8.378382E-10  9.368283E-10  1.141358E-09  1.494107E-01  3.782269E-05  1.188250E-08  6.186897E-01  2.689715E-03  1.419364E-05  2.754183E-06  4.834996E-04  6.044405E-09  2.476442E-08  5.931072E-09  5.658210E-02  3.776598E-06  8.412329E-08  6.965757E-08  2.620317E-04  3.562740E-04  1.143073E-06  9.718620E-08  1.266958E-07  1.391017E-07
 3.641500E+02  1.717125E-01  2.987423E-05  6.116416E-10  8.214946E-10  9.185917E-10  1.119342E-09  1.494177E-01  3.734784E-05  1.137661E-08  6.189992E-01  2.658362E-03  1.361083E-05  2.700448E-06  4.777983E-04  5.831664E-09  2.393757E-08  5.777461E-09  5.603465E-02  3.655218E-06  8.228249E-08  6.809998E-08  2.589280E-04  3.520581E-04  1.095874E-06  9.312031E-08  1.214267E-07  1.343687E-07
 3.651500E+02  1.719853E-01  2.970239E-05  5.996530E-10  8.055438E-10  9.007927E-10  1.097849E-09  1.494246E-01  3.688202E-05  1.089513E-08  6.193040E-01  2.627551E-03  1.305502E-05  2.648081E-06  4.721947E-04  5.627589E-09  2.314294E-08  5.628638E-09  5.549517E-02  3.538378E-06  8.049130E-08  6.658510E-08  2.558800E-04  3.479177E-04  1.050879E-06  8.924712E-08  1.164060E-07  1.298222E-07
 3.661500E+02  1.722541E-01  2.953200E-05  5.879540E-10  7.899754E-10  8.834195E-10  1.076868E-09  1.494313E-01  3.642501E-05  1.043676E-08  6.196044E-01  2.597271E-03  1.252485E-05  2.597039E-06  4.666869E-04  5.431785E-09  2.237913E-08  5.484431E-09  5.496354E-02  3.425886E-06  7.874818E-08  6.511161E-08  2.528864E-04  3.438513E-04  1.007976E-06  8.555651E-08  1.116208E-07  1.254541E-07
 3.671500E+02  1.725189E-01  2.936305E-05  5.765368E-10  7.747790E-10  8.664609E-10  1.056383E-09  1.494380E-01  3.597661E-05  1.000027E-08  6.199002E-01  2.567510E-03  1.201901E-05  2.547283E-06  4.612728E-04  5.243876E-09  2.164479E-08  5.344678E-09  5.443961E-02  3.317562E-06  7.705166E-08  6.367822E-08  2.499459E-04  3.398572E-04  9.670560E-07  8.203895E-08  1.070589E-07  1.212564E-07
 3.681500E+02  1.727800E-01  2.919554E-05  5.653939E-10  7.599447E-10  8.499056E-10  1.036382E-09  1.494445E-01  3.553661E-05  9.584496E-09  6.201917E-01  2.538258E-03  1.153626E-05  2.498775E-06  4.559505E-04  5.063506E-09  2.093863E-08  5.209224E-09  5.392327E-02  3.213232E-06  7.540033E-08  6.228367E-08  2.470575E-04  3.359337E-04  9.280183E-07  7.868545E-08  1.027086E-07  1.172218E-07
 3.691500E+02  1.730372E-01  2.902947E-05  5.545177E-10  7.454628E-10  8.337429E-10  1.016851E-09  1.494509E-01  3.510482E-05  9.188353E-09  6.204788E-01  2.509503E-03  1.107543E-05  2.451476E-06  4.507183E-04  4.890334E-09  2.025944E-08  5.077916E-09  5.341437E-02  3.112730E-06  7.379280E-08  6.092677E-08  2.442199E-04  3.320793E-04  8.907668E-07  7.548752E-08  9.855920E-08  1.133431E-07
 3.701500E+02  1.732908E-01  2.886483E-05  5.439012E-10  7.313239E-10  8.179625E-10  9.977791E-10  1.494572E-01  3.468103E-05  8.810812E-09  6.207617E-01  2.481236E-03  1.063544E-05  2.405352E-06  4.455741E-04  4.724038E-09  1.960605E-08  4.950611E-09  5.291281E-02  3.015898E-06  7.222775E-08  5.960635E-08  2.414320E-04  3.282925E-04  8.552111E-07  7.243716E-08  9.460030E-08  1.096135E-07
 3.711500E+02  1.735407E-01  2.870162E-05  5.335373E-10  7.175189E-10  8.025540E-10  9.791532E-10  1.494634E-01  3.426507E-05  8.450902E-09  6.210405E-01  2.453446E-03  1.021523E-05  2.360368E-06  4.405163E-04  4.564313E-09  1.897736E-08  4.827169E-09  5.241844E-02  2.922587E-06  7.070389E-08  5.832130E-08  2.386928E-04  3.245718E-04  8.212656E-07  6.952683E-08  9.082222E-08  1.060267E-07
 3.721500E+02  1.737870E-01  2.853984E-05  5.234193E-10  7.040389E-10  7.875077E-10  9.609619E-10  1.494695E-01  3.385674E-05  8.107711E-09  6.213152E-01  2.426123E-03  9.813822E-06  2.316491E-06  4.355431E-04  4.410865E-09  1.837231E-08  4.707457E-09  5.193117E-02  2.832651E-06  6.921998E-08  5.707053E-08  2.360011E-04  3.209157E-04  7.888495E-07  6.674938E-08  8.721579E-08  1.025765E-07
 3.731500E+02  1.740298E-01  2.837947E-05  5.135406E-10  6.908753E-10  7.728138E-10  9.431936E-10  1.494755E-01  3.345588E-05  7.780374E-09  6.215858E-01  2.399258E-03  9.430286E-06  2.273687E-06  4.306528E-04  4.263418E-09  1.778990E-08  4.591346E-09  5.145085E-02  2.745953E-06  6.777482E-08  5.585299E-08  2.333560E-04  3.173228E-04  7.578864E-07  6.409809E-08  8.377234E-08  9.925702E-08
