#         T/K            c1          c2-1          c3-4          c3-5          c3-7          c3-9            m1          m2-1          m3-1            w1            w2          w3-1          w3-2          c1m1        c1m2-1        c1m2-7        c2m1-1        c1w1-2        c1w2-1        c2w1-1        c2w1-9        m1w1-1        m1w1-4        m1w2-1        m2w1-1        m2w1-3      c1m1w1-1
 2.731500E+02  1.590031E-01  8.631189E-05  1.240488E-08  1.628171E-08  1.811470E-08  2.159952E-08  1.964135E-01  3.347278E-04  6.157033E-06  4.507600E-01  7.193015E-03  1.167458E-03  1.638068E-05  3.370985E-03  1.092000E-06  3.583197E-06  2.950969E-07  1.783302E-01  1.564059E-04  1.485492E-06  1.304419E-06  1.233960E-03  1.679752E-03  1.676736E-04  2.645413E-05  3.350450E-05  1.254113E-05
 2.741500E+02  1.602198E-01  8.596315E-05  1.206783E-08  1.584468E-08  1.762978E-08  2.102795E-08  1.964918E-01  3.266115E-04  5.677552E-06  4.521992E-01  7.061211E-03  1.087391E-03  1.585017E-05  3.307060E-03  1.024463E-06  3.372476E-06  2.826590E-07  1.759677E-01  1.482371E-04  1.436375E-06  1.260201E-06  1.208288E-03  1.644701E-03  1.557346E-04  2.448687E-05  3.102530E-05  1.181896E-05
 2.751500E+02  1.614205E-01  8.560474E-05  1.173973E-08  1.541908E-08  1.715750E-08  2.047105E-08  1.965677E-01  3.187545E-04  5.238696E-06  4.536125E-01  6.932351E-03  1.013253E-03  1.533945E-05  3.244577E-03  9.615075E-07  3.175410E-06  2.707957E-07  1.736354E-01  1.405326E-04  1.388993E-06  1.217587E-06  1.183305E-03  1.610596E-03  1.447171E-04  2.267858E-05  2.874554E-05  1.114224E-05
 2.761500E+02  1.626052E-01  8.523711E-05  1.142041E-08  1.500468E-08  1.669761E-08  1.992852E-08  1.966413E-01  3.111469E-04  4.836766E-06  4.550006E-01  6.806371E-03  9.445771E-04  1.484774E-05  3.183501E-03  9.027972E-07  2.991040E-06  2.594785E-07  1.713333E-01  1.332644E-04  1.343284E-06  1.176518E-06  1.158992E-03  1.577410E-03  1.345451E-04  2.101547E-05  2.664801E-05  1.050790E-05
 2.771500E+02  1.637741E-01  8.486071E-05  1.110966E-08  1.460124E-08  1.624983E-08  1.940010E-08  1.967126E-01  3.037795E-04  4.468420E-06  4.563641E-01  6.683207E-03  8.809344E-04  1.437427E-05  3.123799E-03  8.480230E-07  2.818479E-06  2.486806E-07  1.690613E-01  1.264059E-04  1.299190E-06  1.136937E-06  1.135328E-03  1.545114E-03  1.251490E-04  1.948503E-05  2.471707E-05  9.913081E-06
 2.781500E+02  1.649270E-01  8.447601E-05  1.080731E-08  1.420853E-08  1.581393E-08  1.888547E-08  1.967819E-01  2.966431E-04  4.130639E-06  4.577035E-01  6.562796E-03  8.219313E-04  1.391832E-05  3.065439E-03  7.968995E-07  2.656908E-06  2.383766E-07  1.668195E-01  1.199327E-04  1.256653E-06  1.098791E-06  1.112293E-03  1.513681E-03  1.164654E-04  1.807589E-05  2.293848E-05  9.355140E-06
 2.791500E+02  1.660642E-01  8.408344E-05  1.051316E-08  1.382632E-08  1.538964E-08  1.838436E-08  1.968491E-01  2.897291E-04  3.820693E-06  4.590193E-01  6.445076E-03  7.672067E-04  1.347918E-05  3.008390E-03  7.491637E-07  2.505567E-06  2.285424E-07  1.646077E-01  1.138215E-04  1.215616E-06  1.062025E-06  1.089869E-03  1.483084E-03  1.084366E-04  1.677771E-05  2.129934E-05  8.831614E-06
 2.801500E+02  1.671855E-01  8.368346E-05  1.022704E-08  1.345438E-08  1.497671E-08  1.789649E-08  1.969143E-01  2.830294E-04  3.536113E-06  4.603122E-01  6.329983E-03  7.164292E-04  1.305617E-05  2.952620E-03  7.045729E-07  2.363754E-06  2.191550E-07  1.624260E-01  1.080508E-04  1.176028E-06  1.026589E-06  1.068036E-03  1.453299E-03  1.010094E-04  1.558111E-05  1.978788E-05  8.340217E-06
 2.811500E+02  1.682911E-01  8.327648E-05  9.948748E-09  1.309249E-08  1.457490E-08  1.742157E-08  1.969777E-01  2.765360E-04  3.274662E-06  4.615825E-01  6.217458E-03  6.692945E-04  1.264865E-05  2.898100E-03  6.629027E-07  2.230818E-06  2.101928E-07  1.602743E-01  1.026002E-04  1.137835E-06  9.924350E-07  1.046776E-03  1.424299E-03  9.413550E-05  1.447753E-05  1.839339E-05  7.878826E-06
 2.821500E+02  1.693812E-01  8.286295E-05  9.678118E-09  1.274040E-08  1.418395E-08  1.695931E-08  1.970393E-01  2.702413E-04  3.034314E-06  4.628307E-01  6.107440E-03  6.255230E-04  1.225600E-05  2.844800E-03  6.239462E-07  2.106154E-06  2.016353E-07  1.581523E-01  9.745066E-05  1.100988E-06  9.595144E-07  1.026073E-03  1.396061E-03  8.777071E-05  1.345919E-05  1.710614E-05  7.445465E-06
 2.831500E+02  1.704557E-01  8.244326E-05  9.414965E-09  1.239791E-08  1.380361E-08  1.650944E-08  1.970991E-01  2.641380E-04  2.813235E-06  4.640574E-01  5.999869E-03  5.848580E-04  1.187763E-05  2.792692E-03  5.875119E-07  1.989205E-06  1.934627E-07  1.560600E-01  9.258441E-05  1.065439E-06  9.277819E-07  1.005909E-03  1.368563E-03  8.187448E-05  1.251901E-05  1.591724E-05  7.038298E-06
 2.841500E+02  1.715147E-01  8.201785E-05  9.159112E-09  1.206479E-08  1.343365E-08  1.607168E-08  1.971573E-01  2.582192E-04  2.609756E-06  4.652629E-01  5.894689E-03  5.470633E-04  1.151295E-05  2.741747E-03  5.534231E-07  1.879450E-06  1.856566E-07  1.539971E-01  8.798471E-05  1.031141E-06  8.971936E-07  9.862682E-04  1.341780E-03  7.640977E-05  1.165052E-05  1.481859E-05  6.655616E-06
 2.851500E+02  1.725585E-01  8.158709E-05  8.910384E-09  1.174082E-08  1.307382E-08  1.564575E-08  1.972138E-01  2.524782E-04  2.422368E-06  4.664476E-01  5.791840E-03  5.119219E-04  1.116144E-05  2.691937E-03  5.215159E-07  1.776410E-06  1.781995E-07  1.519636E-01  8.363589E-05  9.980479E-07  8.677069E-07  9.671345E-04  1.315693E-03  7.134260E-05  1.084783E-05  1.380281E-05  6.295830E-06
 2.861500E+02  1.735870E-01  8.115138E-05  8.668607E-09  1.142579E-08  1.272388E-08  1.523138E-08  1.972688E-01  2.469086E-04  2.249697E-06  4.676120E-01  5.691269E-03  4.792341E-04  1.082255E-05  2.643237E-03  4.916392E-07  1.679637E-06  1.710745E-07  1.499593E-01  7.952323E-05  9.661173E-07  8.392810E-07  9.484929E-04  1.290279E-03  6.664188E-05  1.010557E-05  1.286316E-05  5.957459E-06
 2.871500E+02  1.746004E-01  8.071110E-05  8.433610E-09  1.111947E-08  1.238359E-08  1.482830E-08  1.973223E-01  2.415043E-04  2.090494E-06  4.687564E-01  5.592919E-03  4.488161E-04  1.049578E-05  2.595620E-03  4.636527E-07  1.588716E-06  1.642657E-07  1.479839E-01  7.563296E-05  9.353071E-07  8.118765E-07  9.303284E-04  1.265518E-03  6.227909E-05  9.418828E-06  1.199348E-05  5.639127E-06
 2.881500E+02  1.755989E-01  8.026662E-05  8.205223E-09  1.082165E-08  1.205273E-08  1.443625E-08  1.973744E-01  2.362594E-04  1.943626E-06  4.698812E-01  5.496737E-03  4.204989E-04  1.018067E-05  2.549060E-03  4.374266E-07  1.503262E-06  1.577582E-07  1.460372E-01  7.195212E-05  9.055765E-07  7.854553E-07  9.126268E-04  1.241390E-03  5.822807E-05  8.783132E-06  1.118815E-05  5.339549E-06
 2.891500E+02  1.765826E-01  7.981830E-05  7.983281E-09  1.053214E-08  1.173106E-08  1.405495E-08  1.974251E-01  2.311682E-04  1.808060E-06  4.709868E-01  5.402670E-03  3.941266E-04  9.876737E-06  2.503532E-03  4.128408E-07  1.422918E-06  1.515376E-07  1.441189E-01  6.846859E-05  8.768866E-07  7.599809E-07  8.953742E-04  1.217877E-03  5.446482E-05  8.194384E-06  1.044203E-05  5.057531E-06
 2.901500E+02  1.775516E-01  7.936647E-05  7.767618E-09  1.025071E-08  1.141834E-08  1.368415E-08  1.974744E-01  2.262253E-04  1.682855E-06  4.720736E-01  5.310667E-03  3.695558E-04  9.583548E-06  2.459012E-03  3.897839E-07  1.347349E-06  1.455902E-07  1.422289E-01  6.517095E-05  8.491995E-07  7.354179E-07  8.785572E-04  1.194960E-03  5.096733E-05  7.648841E-06  9.750411E-06  4.791959E-06
 2.911500E+02  1.785060E-01  7.891148E-05  7.558074E-09  9.977161E-09  1.111437E-08  1.332359E-08  1.975225E-01  2.214255E-04  1.567156E-06  4.731419E-01  5.220678E-03  3.466542E-04  9.300678E-06  2.415475E-03  3.681525E-07  1.276248E-06  1.399033E-07  1.403669E-01  6.204852E-05  8.224789E-07  7.117324E-07  8.621628E-04  1.172621E-03  4.771535E-05  7.143077E-06  9.109000E-06  4.541793E-06
 2.921500E+02  1.794460E-01  7.845366E-05  7.354489E-09  9.711299E-09  1.081891E-08  1.297301E-08  1.975693E-01  2.167638E-04  1.460182E-06  4.741920E-01  5.132654E-03  3.253000E-04  9.027720E-06  2.372900E-03  3.478509E-07  1.209325E-06  1.344643E-07  1.385327E-01  5.909125E-05  7.966897E-07  6.888916E-07  8.461786E-04  1.150843E-03  4.469031E-05  6.673960E-06  8.513853E-06  4.306066E-06
 2.931500E+02  1.803718E-01  7.799331E-05  7.156706E-09  9.452924E-09  1.053174E-08  1.263216E-08  1.976149E-01  2.122354E-04  1.361221E-06  4.752243E-01  5.046546E-03  3.053806E-04  8.764287E-06  2.331261E-03  3.287902E-07  1.146313E-06  1.292618E-07  1.367258E-01  5.628971E-05  7.717979E-07  6.668641E-07  8.305924E-04  1.129609E-03  4.187512E-05  6.238619E-06  7.961363E-06  4.083873E-06
 2.941500E+02  1.812834E-01  7.753074E-05  6.964573E-09  9.201840E-09  1.025266E-08  1.230080E-08  1.976593E-01  2.078358E-04  1.269624E-06  4.762390E-01  4.962308E-03  2.867923E-04  8.510006E-06  2.290539E-03  3.108878E-07  1.086962E-06  1.242847E-07  1.349462E-01  5.363502E-05  7.477711E-07  6.456195E-07  8.153924E-04  1.108903E-03  3.925407E-05  5.834424E-06  7.448221E-06  3.874372E-06
 2.951500E+02  1.821811E-01  7.706625E-05  6.777937E-09  8.957856E-09  9.981450E-09  1.197867E-08  1.977026E-01  2.035604E-04  1.184796E-06  4.772366E-01  4.879894E-03  2.694394E-04  8.264520E-06  2.250709E-03  2.940672E-07  1.031041E-06  1.195222E-07  1.331934E-01  5.111889E-05  7.245776E-07  6.251285E-07  8.005673E-04  1.088710E-03  3.681270E-05  5.458965E-06  6.971395E-06  3.676777E-06
 2.961500E+02  1.830651E-01  7.660012E-05  6.596651E-09  8.720784E-09  9.717902E-09  1.166555E-08  1.977447E-01  1.994051E-04  1.106197E-06  4.782173E-01  4.799260E-03  2.532335E-04  8.027487E-06  2.211752E-03  2.782572E-07  9.783321E-07  1.149646E-07  1.314673E-01  4.873346E-05  7.021872E-07  6.053630E-07  7.861061E-04  1.069014E-03  3.453771E-05  5.110032E-06  6.528103E-06  3.490353E-06
 2.971500E+02  1.839354E-01  7.613262E-05  6.420569E-09  8.490439E-09  9.461814E-09  1.136119E-08  1.977859E-01  1.953657E-04  1.033330E-06  4.791814E-01  4.720362E-03  2.380928E-04  7.798581E-06  2.173647E-03  2.633917E-07  9.286340E-07  1.106022E-07  1.297675E-01  4.647141E-05  6.805706E-07  5.862960E-07  7.719983E-04  1.049801E-03  3.241684E-05  4.785595E-06  6.115791E-06  3.314413E-06
 2.981500E+02  1.847922E-01  7.566401E-05  6.249549E-09  8.266641E-09  9.212985E-09  1.106537E-08  1.978260E-01  1.914383E-04  9.657422E-07  4.801292E-01  4.643158E-03  2.239420E-04  7.577488E-06  2.136373E-03  2.494090E-07  8.817587E-07  1.064259E-07  1.280936E-01  4.432581E-05  6.596997E-07  5.679013E-07  7.582335E-04  1.031056E-03  3.043882E-05  4.483793E-06  5.732112E-06  3.148316E-06
 2.991500E+02  1.856358E-01  7.519454E-05  6.083452E-09  8.049212E-09  8.971220E-09  1.077786E-08  1.978651E-01  1.876192E-04  9.030194E-07  4.810609E-01  4.567607E-03  2.107112E-04  7.363907E-06  2.099910E-03  2.362522E-07  8.375308E-07  1.024272E-07  1.264455E-01  4.229017E-05  6.395472E-07  5.501539E-07  7.448017E-04  1.012767E-03  2.859324E-05  4.202915E-06  5.374912E-06  2.991465E-06
 3.001500E+02  1.864662E-01  7.472446E-05  5.922140E-09  7.837977E-09  8.736326E-09  1.049843E-08  1.979032E-01  1.839048E-04  8.447813E-07  4.819770E-01  4.493667E-03  1.983359E-04  7.157550E-06  2.064239E-03  2.238680E-07  7.957865E-07  9.859782E-08  1.248228E-01  4.035838E-05  6.200871E-07  5.330296E-07  7.316935E-04  9.949193E-04  2.687050E-05  3.941388E-06  5.042210E-06  2.843299E-06
 3.011500E+02  1.872836E-01  7.425399E-05  5.765480E-09  7.632767E-09  8.508114E-09  1.022687E-08  1.979404E-01  1.802915E-04  7.906801E-07  4.828776E-01  4.421300E-03  1.867565E-04  6.958141E-06  2.029342E-03  2.122068E-07  7.563732E-07  9.493003E-08  1.232251E-01  3.852468E-05  6.012940E-07  5.165052E-07  7.188994E-04  9.775008E-04  2.526176E-05  3.697769E-06  4.732184E-06  2.703294E-06
 3.021500E+02  1.880883E-01  7.378337E-05  5.613341E-09  7.433415E-09  8.286401E-09  9.962965E-09  1.979767E-01  1.767761E-04  7.403967E-07  4.837631E-01  4.350468E-03  1.759176E-04  6.765415E-06  1.995199E-03  2.012227E-07  7.191482E-07  9.141640E-08  1.216522E-01  3.678367E-05  5.831438E-07  5.005583E-07  7.064105E-04  9.604992E-04  2.375885E-05  3.470726E-06  4.443156E-06  2.570962E-06
 3.031500E+02  1.888803E-01  7.331280E-05  5.465595E-09  7.239758E-09  8.071007E-09  9.706502E-09  1.980122E-01  1.733552E-04  6.936387E-07  4.846336E-01  4.281133E-03  1.657682E-04  6.579120E-06  1.961793E-03  1.908726E-07  6.839784E-07  8.804988E-08  1.201037E-01  3.513025E-05  5.656131E-07  4.851675E-07  6.942180E-04  9.439023E-04  2.235424E-05  3.259036E-06  4.173584E-06  2.445843E-06
 3.041500E+02  1.896599E-01  7.284248E-05  5.322118E-09  7.051635E-09  7.861754E-09  9.457278E-09  1.980467E-01  1.700258E-04  6.501375E-07  4.854895E-01  4.213259E-03  1.562608E-04  6.399012E-06  1.929106E-03  1.811166E-07  6.507393E-07  8.482375E-08  1.185794E-01  3.355965E-05  5.486792E-07  4.703119E-07  6.823135E-04  9.276986E-04  2.104095E-05  3.061573E-06  3.922044E-06  2.327510E-06
 3.051500E+02  1.904272E-01  7.237262E-05  5.182787E-09  6.868892E-09  7.658470E-09  9.215092E-09  1.980805E-01  1.667849E-04  6.096465E-07  4.863311E-01  4.146811E-03  1.473516E-04  6.224859E-06  1.897121E-03  1.719174E-07  6.193146E-07  8.173163E-08  1.170788E-01  3.206733E-05  5.323206E-07  4.559718E-07  6.706890E-04  9.118770E-04  1.981256E-05  2.877299E-06  3.687228E-06  2.215561E-06
 3.061500E+02  1.911824E-01  7.190339E-05  5.047483E-09  6.691375E-09  7.460987E-09  8.979748E-09  1.981134E-01  1.636297E-04  5.719395E-07  4.871585E-01  4.081753E-03  1.389999E-04  6.056436E-06  1.865821E-03  1.632402E-07  5.895956E-07  7.876746E-08  1.156018E-01  3.064906E-05  5.165163E-07  4.421279E-07  6.593363E-04  8.964265E-04  1.866311E-05  2.705256E-06  3.467927E-06  2.109620E-06
 3.071500E+02  1.919257E-01  7.143498E-05  4.916091E-09  6.518936E-09  7.269141E-09  8.751056E-09  1.981456E-01  1.605573E-04  5.368082E-07  4.879720E-01  4.018053E-03  1.311680E-04  5.893530E-06  1.835190E-03  1.550526E-07  5.614807E-07  7.592543E-08  1.141479E-01  2.930084E-05  5.012461E-07  4.287618E-07  6.482480E-04  8.813368E-04  1.758711E-05  2.544564E-06  3.263027E-06  2.009335E-06
 3.081500E+02  1.926571E-01  7.096754E-05  4.788495E-09  6.351431E-09  7.082770E-09  8.528828E-09  1.981770E-01  1.575652E-04  5.040613E-07  4.887719E-01  3.955677E-03  1.238208E-04  5.735935E-06  1.805212E-03  1.473244E-07  5.348746E-07  7.320007E-08  1.127168E-01  2.801889E-05  4.864908E-07  4.158558E-07  6.374166E-04  8.665977E-04  1.657946E-05  2.394408E-06  3.071500E-06  1.914376E-06
 3.091500E+02  1.933770E-01  7.050125E-05  4.664587E-09  6.188716E-09  6.901717E-09  8.312880E-09  1.982077E-01  1.546507E-04  4.735227E-07  4.895583E-01  3.894595E-03  1.169260E-04  5.583454E-06  1.775872E-03  1.400274E-07  5.096884E-07  7.058612E-08  1.113083E-01  2.679966E-05  4.722317E-07  4.033929E-07  6.268350E-04  8.521993E-04  1.563544E-05  2.254038E-06  2.892396E-06  1.824435E-06
 3.101500E+02  1.940855E-01  7.003626E-05  4.544259E-09  6.030655E-09  6.725831E-09  8.103036E-09  1.982377E-01  1.518114E-04  4.450302E-07  4.903317E-01  3.834773E-03  1.104533E-04  5.435899E-06  1.747153E-03  1.331352E-07  4.858388E-07  6.807859E-08  1.099219E-01  2.563981E-05  4.584508E-07  3.913566E-07  6.164961E-04  8.381322E-04  1.475071E-05  2.122759E-06  2.724840E-06  1.739221E-06
 3.111500E+02  1.947826E-01  6.957271E-05  4.427404E-09  5.877112E-09  6.554962E-09  7.899120E-09  1.982670E-01  1.490450E-04  4.184346E-07  4.910920E-01  3.776184E-03  1.043747E-04  5.293088E-06  1.719042E-03  1.266232E-07  4.632477E-07  6.567274E-08  1.085575E-01  2.453618E-05  4.451307E-07  3.797312E-07  6.063934E-04  8.243871E-04  1.392121E-05  1.999932E-06  2.568019E-06  1.658462E-06
 3.121500E+02  1.954687E-01  6.911073E-05  4.313922E-09  5.727956E-09  6.388964E-09  7.700964E-09  1.982956E-01  1.463490E-04  3.935983E-07  4.918397E-01  3.718796E-03  9.866430E-05  5.154847E-06  1.691524E-03  1.204684E-07  4.418420E-07  6.336404E-08  1.072145E-01  2.348579E-05  4.322549E-07  3.685015E-07  5.965203E-04  8.109552E-04  1.314320E-05  1.884964E-06  2.421187E-06  1.581904E-06
 3.131500E+02  1.961439E-01  6.865047E-05  4.203713E-09  5.583060E-09  6.227696E-09  7.508402E-09  1.983235E-01  1.437214E-04  3.703946E-07  4.925750E-01  3.662581E-03  9.329789E-05  5.021010E-06  1.664585E-03  1.146492E-07  4.215532E-07  6.114819E-08  1.058928E-01  2.248583E-05  4.198074E-07  3.576530E-07  5.868704E-04  7.978278E-04  1.241321E-05  1.777308E-06  2.283649E-06  1.509308E-06
 3.141500E+02  1.968083E-01  6.819204E-05  4.096679E-09  5.442298E-09  6.071020E-09  7.321272E-09  1.983509E-01  1.411601E-04  3.487064E-07  4.932979E-01  3.607512E-03  8.825301E-05  4.891415E-06  1.638210E-03  1.091457E-07  4.023170E-07  5.902109E-08  1.045921E-01  2.153367E-05  4.077726E-07  3.471716E-07  5.774377E-04  7.849965E-04  1.172802E-05  1.676457E-06  2.154765E-06  1.440449E-06
 3.151500E+02  1.974621E-01  6.773556E-05  3.992728E-09  5.305550E-09  5.918803E-09  7.139419E-09  1.983776E-01  1.386628E-04  3.284258E-07  4.940088E-01  3.553561E-03  8.350877E-05  4.765910E-06  1.612388E-03  1.039390E-07  3.840734E-07  5.697881E-08  1.033119E-01  2.062679E-05  3.961358E-07  3.370438E-07  5.682163E-04  7.724534E-04  1.108462E-05  1.581943E-06  2.033942E-06  1.375115E-06
 3.161500E+02  1.981055E-01  6.728114E-05  3.891766E-09  5.172698E-09  5.770912E-09  6.962688E-09  1.984037E-01  1.362278E-04  3.094532E-07  4.947079E-01  3.500701E-03  7.904572E-05  4.644346E-06  1.587104E-03  9.901148E-08  3.667658E-07  5.501765E-08  1.020520E-01  1.976284E-05  3.848827E-07  3.272566E-07  5.592005E-04  7.601904E-04  1.048026E-05  1.493332E-06  1.920629E-06  1.313110E-06
 3.171500E+02  1.987386E-01  6.682888E-05  3.793705E-09  5.043626E-09  5.627222E-09  6.790931E-09  1.984292E-01  1.338530E-04  2.916966E-07  4.953954E-01  3.448907E-03  7.484579E-05  4.526583E-06  1.562346E-03  9.434675E-08  3.503411E-07  5.313404E-08  1.008121E-01  1.893960E-05  3.739994E-07  3.177976E-07  5.503846E-04  7.482001E-04  9.912358E-06  1.410222E-06  1.814318E-06  1.254247E-06
 3.181500E+02  1.993616E-01  6.637889E-05  3.698458E-09  4.918224E-09  5.487607E-09  6.624003E-09  1.984542E-01  1.315367E-04  2.750708E-07  4.960715E-01  3.398153E-03  7.089213E-05  4.412483E-06  1.538101E-03  8.992937E-08  3.347498E-07  5.132462E-08  9.959183E-02  1.815496E-05  3.634727E-07  3.086548E-07  5.417633E-04  7.364751E-04  9.378514E-06  1.332241E-06  1.714537E-06  1.198351E-06
 3.191500E+02  1.999746E-01  6.593125E-05  3.605941E-09  4.796383E-09  5.351949E-09  6.461763E-09  1.984786E-01  1.292770E-04  2.594972E-07  4.967364E-01  3.348415E-03  6.716906E-05  4.301917E-06  1.514357E-03  8.574493E-08  3.199451E-07  4.958614E-08  9.839094E-02  1.740694E-05  3.532900E-07  2.998166E-07  5.333315E-04  7.250082E-04  8.876507E-06  1.259044E-06  1.620848E-06  1.145259E-06
 3.201500E+02  2.005779E-01  6.548605E-05  3.516073E-09  4.677997E-09  5.220130E-09  6.304074E-09  1.985024E-01  1.270723E-04  2.449032E-07  4.973903E-01  3.299670E-03  6.366196E-05  4.194759E-06  1.491103E-03  8.177990E-08  3.058831E-07  4.791555E-08  9.720911E-02  1.669367E-05  3.434388E-07  2.912719E-07  5.250840E-04  7.137926E-04  8.404268E-06  1.190309E-06  1.532844E-06  1.094815E-06
 3.211500E+02  2.011715E-01  6.504337E-05  3.428773E-09  4.562963E-09  5.092037E-09  6.150803E-09  1.985258E-01  1.249210E-04  2.312214E-07  4.980333E-01  3.251893E-03  6.035724E-05  4.090887E-06  1.468326E-03  7.802162E-08  2.925227E-07  4.630990E-08  9.604603E-02  1.601337E-05  3.339075E-07  2.830101E-07  5.170160E-04  7.028215E-04  7.959875E-06  1.125742E-06  1.450150E-06  1.046874E-06
 3.221500E+02  2.017557E-01  6.460329E-05  3.343964E-09  4.451182E-09  4.967558E-09  6.001820E-09  1.985486E-01  1.228214E-04  2.183894E-07  4.986658E-01  3.205063E-03  5.724218E-05  3.990188E-06  1.446017E-03  7.445821E-08  2.798251E-07  4.476641E-08  9.490140E-02  1.536437E-05  3.246845E-07  2.750209E-07  5.091227E-04  6.920885E-04  7.541537E-06  1.065064E-06  1.372415E-06  1.001301E-06
 3.231500E+02  2.023305E-01  6.416588E-05  3.261572E-09  4.342557E-09  4.846586E-09  5.856998E-09  1.985710E-01  1.207719E-04  2.063496E-07  4.992878E-01  3.159156E-03  5.430495E-05  3.892548E-06  1.424162E-03  7.107854E-08  2.677540E-07  4.328242E-08  9.377493E-02  1.474508E-05  3.157590E-07  2.672944E-07  5.013995E-04  6.815872E-04  7.147589E-06  1.008022E-06  1.299315E-06  9.579659E-07
 3.241500E+02  2.028962E-01  6.373121E-05  3.181523E-09  4.236994E-09  4.729018E-09  5.716216E-09  1.985928E-01  1.187712E-04  1.950485E-07  4.998996E-01  3.114152E-03  5.153452E-05  3.797861E-06  1.402753E-03  6.787218E-08  2.562752E-07  4.185537E-08  9.266633E-02  1.415402E-05  3.071205E-07  2.598211E-07  4.938419E-04  6.713116E-04  6.776481E-06  9.543755E-07  1.230547E-06  9.167482E-07
 3.251500E+02  2.034528E-01  6.329933E-05  3.103748E-09  4.134402E-09  4.614752E-09  5.579354E-09  1.986142E-01  1.168178E-04  1.844365E-07  5.005013E-01  3.070030E-03  4.892056E-05  3.706025E-06  1.381778E-03  6.482930E-08  2.453564E-07  4.048285E-08  9.157531E-02  1.358976E-05  2.987587E-07  2.525920E-07  4.864457E-04  6.612558E-04  6.426766E-06  9.039051E-07  1.165830E-06  8.775339E-07
 3.261500E+02  2.040006E-01  6.287031E-05  3.028176E-09  4.034691E-09  4.503689E-09  5.446296E-09  1.986352E-01  1.149103E-04  1.744677E-07  5.010932E-01  3.026769E-03  4.645346E-05  3.616940E-06  1.361228E-03  6.194073E-08  2.349675E-07  3.916255E-08  9.050157E-02  1.305097E-05  2.906639E-07  2.455981E-07  4.792065E-04  6.514139E-04  6.097100E-06  8.564048E-07  1.104904E-06  8.402158E-07
 3.271500E+02  2.045397E-01  6.244419E-05  2.954743E-09  3.937776E-09  4.395734E-09  5.316930E-09  1.986557E-01  1.130474E-04  1.650993E-07  5.016753E-01  2.984350E-03  4.412425E-05  3.530512E-06  1.341092E-03  5.919781E-08  2.250798E-07  3.789225E-08  8.944485E-02  1.253638E-05  2.828268E-07  2.388311E-07  4.721205E-04  6.417805E-04  5.786228E-06  8.116836E-07  1.047525E-06  8.046927E-07
 3.281500E+02  2.050701E-01  6.202102E-05  2.883382E-09  3.843573E-09  4.290794E-09  5.191147E-09  1.986757E-01  1.112277E-04  1.562917E-07  5.022480E-01  2.942753E-03  4.192451E-05  3.446649E-06  1.321360E-03  5.659245E-08  2.156666E-07  3.666986E-08  8.840485E-02  1.204480E-05  2.752382E-07  2.322829E-07  4.651835E-04  6.323502E-04  5.492979E-06  7.695634E-07  9.934674E-07  7.708697E-07
 3.291500E+02  2.055922E-01  6.160086E-05  2.814032E-09  3.752001E-09  4.188779E-09  5.068842E-09  1.986953E-01  1.094501E-04  1.480082E-07  5.028113E-01  2.901958E-03  3.984641E-05  3.365263E-06  1.302024E-03  5.411702E-08  2.067027E-07  3.549336E-08  8.738130E-02  1.157509E-05  2.678894E-07  2.259456E-07  4.583918E-04  6.231177E-04  5.216262E-06  7.298788E-07  9.425209E-07  7.386568E-07
 3.301500E+02  2.061059E-01  6.118373E-05  2.746632E-09  3.662981E-09  4.089602E-09  4.949910E-09  1.987146E-01  1.077133E-04  1.402146E-07  5.033654E-01  2.861949E-03  3.788262E-05  3.286269E-06  1.283074E-03  5.176436E-08  1.981641E-07  3.436084E-08  8.637393E-02  1.112618E-05  2.607721E-07  2.198116E-07  4.517417E-04  6.140780E-04  4.955059E-06  6.924756E-07  8.944893E-07  7.079694E-07
 3.311500E+02  2.066115E-01  6.076968E-05  2.681123E-09  3.576436E-09  3.993177E-09  4.834253E-09  1.987334E-01  1.060162E-04  1.328792E-07  5.039104E-01  2.822706E-03  3.602628E-05  3.209588E-06  1.264501E-03  4.952773E-08  1.900286E-07  3.327045E-08  8.538246E-02  1.069706E-05  2.538781E-07  2.138739E-07  4.452295E-04  6.052261E-04  4.708418E-06  6.572101E-07  8.491899E-07  6.787279E-07
 3.321500E+02  2.071091E-01  6.035874E-05  2.617447E-09  3.492294E-09  3.899424E-09  4.721773E-09  1.987518E-01  1.043577E-04  1.259723E-07  5.044467E-01  2.784213E-03  3.427097E-05  3.135139E-06  1.246297E-03  4.740081E-08  1.822749E-07  3.222046E-08  8.440664E-02  1.028675E-05  2.471998E-07  2.081253E-07  4.388517E-04  5.965572E-04  4.475451E-06  6.239486E-07  8.064522E-07  6.508570E-07
 3.331500E+02  2.075988E-01  5.995094E-05  2.555549E-09  3.410481E-09  3.808261E-09  4.612376E-09  1.987699E-01  1.027366E-04  1.194666E-07  5.049742E-01  2.746452E-03  3.261071E-05  3.062849E-06  1.228452E-03  4.537764E-08  1.748832E-07  3.120920E-08  8.344620E-02  9.894347E-06  2.407295E-07  2.025593E-07  4.326050E-04  5.880667E-04  4.255331E-06  5.925663E-07  7.661175E-07  6.242856E-07
 3.341500E+02  2.080808E-01  5.954630E-05  2.495376E-09  3.330928E-09  3.719612E-09  4.505971E-09  1.987876E-01  1.011520E-04  1.133365E-07  5.054932E-01  2.709407E-03  3.103986E-05  2.992644E-06  1.210959E-03  4.345262E-08  1.678346E-07  3.023506E-08  8.250088E-02  9.518992E-06  2.344602E-07  1.971694E-07  4.264861E-04  5.797501E-04  4.047280E-06  5.629468E-07  7.280376E-07  5.989469E-07
 3.351500E+02  2.085551E-01  5.914486E-05  2.436875E-09  3.253567E-09  3.633402E-09  4.402470E-09  1.988049E-01  9.960268E-05  1.075582E-07  5.060038E-01  2.673062E-03  2.955318E-05  2.924454E-06  1.193809E-03  4.162048E-08  1.611115E-07  2.929654E-08  8.157042E-02  9.159862E-06  2.283848E-07  1.919493E-07  4.204917E-04  5.716031E-04  3.850576E-06  5.349815E-07  6.920742E-07  5.747775E-07
 3.361500E+02  2.090220E-01  5.874664E-05  2.379996E-09  3.178333E-09  3.549557E-09  4.301786E-09  1.988219E-01  9.808784E-05  1.021095E-07  5.065062E-01  2.637400E-03  2.814573E-05  2.858214E-06  1.176995E-03  3.987624E-08  1.546972E-07  2.839216E-08  8.065458E-02  8.816183E-06  2.224967E-07  1.868931E-07  4.146187E-04  5.636213E-04  3.664539E-06  5.085691E-07  6.580982E-07  5.517177E-07
 3.371500E+02  2.094815E-01  5.835164E-05  2.324690E-09  3.105162E-09  3.468007E-09  4.203836E-09  1.988385E-01  9.660646E-05  9.696979E-08  5.070004E-01  2.602407E-03  2.681291E-05  2.793858E-06  1.160509E-03  3.821524E-08  1.485757E-07  2.752054E-08  7.975311E-02  8.487219E-06  2.167894E-07  1.819951E-07  4.088641E-04  5.558007E-04  3.488538E-06  4.836150E-07  6.259891E-07  5.297111E-07
 3.381500E+02  2.099337E-01  5.795989E-05  2.270910E-09  3.033992E-09  3.388684E-09  4.108539E-09  1.988548E-01  9.515762E-05  9.211979E-08  5.074868E-01  2.568067E-03  2.555038E-05  2.731323E-06  1.144343E-03  3.663307E-08  1.427323E-07  2.668035E-08  7.886575E-02  8.172271E-06  2.112568E-07  1.772498E-07  4.032251E-04  5.481373E-04  3.321977E-06  4.600309E-07  5.956343E-07  5.087045E-07
 3.391500E+02  2.103789E-01  5.757141E-05  2.218609E-09  2.964765E-09  3.311521E-09  4.015818E-09  1.988708E-01  9.374045E-05  8.754156E-08  5.079653E-01  2.534366E-03  2.435410E-05  2.670551E-06  1.128490E-03  3.512557E-08  1.371528E-07  2.587032E-08  7.799228E-02  7.870679E-06  2.058927E-07  1.726517E-07  3.976987E-04  5.406271E-04  3.164303E-06  4.377341E-07  5.669283E-07  4.886474E-07
 3.401500E+02  2.108171E-01  5.718619E-05  2.167743E-09  2.897421E-09  3.236454E-09  3.925595E-09  1.988864E-01  9.235407E-05  8.321837E-08  5.084362E-01  2.501290E-03  2.322027E-05  2.611483E-06  1.112943E-03  3.368885E-08  1.318240E-07  2.508924E-08  7.713245E-02  7.581815E-06  2.006916E-07  1.681959E-07  3.922821E-04  5.332665E-04  3.014996E-06  4.166475E-07  5.397729E-07  4.694924E-07
 3.411500E+02  2.112484E-01  5.680426E-05  2.118269E-09  2.831904E-09  3.163420E-09  3.837797E-09  1.989017E-01  9.099765E-05  7.913459E-08  5.088996E-01  2.468825E-03  2.214530E-05  2.554063E-06  1.097695E-03  3.231920E-08  1.267334E-07  2.433595E-08  7.628603E-02  7.305082E-06  1.956479E-07  1.638774E-07  3.869728E-04  5.260517E-04  2.873568E-06  3.966989E-07  5.140760E-07  4.511944E-07
 3.421500E+02  2.116730E-01  5.642561E-05  2.070144E-09  2.768161E-09  3.092360E-09  3.752353E-09  1.989168E-01  8.967039E-05  7.527564E-08  5.093556E-01  2.436958E-03  2.112588E-05  2.498239E-06  1.082739E-03  3.101315E-08  1.218689E-07  2.360932E-08  7.545279E-02  7.039916E-06  1.907561E-07  1.596914E-07  3.817680E-04  5.189792E-04  2.739564E-06  3.778208E-07  4.897514E-07  4.337109E-07
 3.431500E+02  2.120910E-01  5.605025E-05  2.023329E-09  2.706138E-09  3.023214E-09  3.669193E-09  1.989315E-01  8.837150E-05  7.162790E-08  5.098043E-01  2.405674E-03  2.015884E-05  2.443958E-06  1.068069E-03  2.976742E-08  1.172195E-07  2.290832E-08  7.463250E-02  6.785780E-06  1.860113E-07  1.556335E-07  3.766653E-04  5.120455E-04  2.612556E-06  3.599502E-07  4.667185E-07  4.170017E-07
 3.441500E+02  2.125024E-01  5.567819E-05  1.977785E-09  2.645785E-09  2.955925E-09  3.588250E-09  1.989459E-01  8.710024E-05  6.817864E-08  5.102459E-01  2.374961E-03  1.924124E-05  2.391171E-06  1.053678E-03  2.857891E-08  1.127745E-07  2.223190E-08  7.382495E-02  6.542165E-06  1.814083E-07  1.516990E-07  3.716621E-04  5.052473E-04  2.492142E-06  3.430278E-07  4.449019E-07  4.010285E-07
 3.451500E+02  2.129074E-01  5.530942E-05  1.933472E-09  2.587051E-09  2.890439E-09  3.509459E-09  1.989601E-01  8.585586E-05  6.491598E-08  5.106806E-01  2.344808E-03  1.837032E-05  2.339830E-06  1.039559E-03  2.744469E-08  1.085238E-07  2.157912E-08  7.302990E-02  6.308587E-06  1.769425E-07  1.478840E-07  3.667562E-04  4.985812E-04  2.377947E-06  3.269984E-07  4.242308E-07  3.857556E-07
 3.461500E+02  2.133062E-01  5.494395E-05  1.890355E-09  2.529889E-09  2.826703E-09  3.432756E-09  1.989740E-01  8.463765E-05  6.182880E-08  5.111084E-01  2.315201E-03  1.754346E-05  2.289889E-06  1.025708E-03  2.636202E-08  1.044580E-07  2.094903E-08  7.224715E-02  6.084585E-06  1.726093E-07  1.441842E-07  3.619450E-04  4.920442E-04  2.269618E-06  3.118100E-07  4.046392E-07  3.711486E-07
 3.471500E+02  2.136988E-01  5.458177E-05  1.848398E-09  2.474251E-09  2.764664E-09  3.358081E-09  1.989876E-01  8.344493E-05  5.890670E-08  5.115294E-01  2.286128E-03  1.675824E-05  2.241303E-06  1.012117E-03  2.532827E-08  1.005681E-07  2.034075E-08  7.147648E-02  5.869723E-06  1.684041E-07  1.405958E-07  3.572265E-04  4.856332E-04  2.166824E-06  2.974142E-07  3.860648E-07  3.571754E-07
 3.481500E+02  2.140853E-01  5.422287E-05  1.807565E-09  2.420094E-09  2.704272E-09  3.285374E-09  1.990010E-01  8.227704E-05  5.613994E-08  5.119438E-01  2.257579E-03  1.601234E-05  2.194029E-06  9.987805E-04  2.434100E-08  9.684548E-08  1.975342E-08  7.071769E-02  5.663587E-06  1.643228E-07  1.371150E-07  3.525984E-04  4.793450E-04  2.069254E-06  2.837653E-07  3.684495E-07  3.438053E-07
 3.491500E+02  2.144658E-01  5.386726E-05  1.767824E-09  2.367373E-09  2.645479E-09  3.214577E-09  1.990141E-01  8.113332E-05  5.351944E-08  5.123517E-01  2.229541E-03  1.530361E-05  2.148026E-06  9.856935E-04  2.339786E-08  9.328221E-08  1.918624E-08  6.997056E-02  5.465782E-06  1.603613E-07  1.337381E-07  3.480585E-04  4.731769E-04  1.976615E-06  2.708208E-07  3.517387E-07  3.310093E-07
 3.501500E+02  2.148405E-01  5.351492E-05  1.729142E-09  2.316046E-09  2.588239E-09  3.145635E-09  1.990269E-01  8.001315E-05  5.103666E-08  5.127533E-01  2.202004E-03  1.463001E-05  2.103254E-06  9.728501E-04  2.249667E-08  8.987060E-08  1.863842E-08  6.923490E-02  5.275932E-06  1.565154E-07  1.304617E-07  3.436048E-04  4.671260E-04  1.888635E-06  2.585405E-07  3.358812E-07  3.187601E-07
 3.511500E+02  2.152094E-01  5.316584E-05  1.691488E-09  2.266072E-09  2.532504E-09  3.078493E-09  1.990395E-01  7.891592E-05  4.868361E-08  5.131485E-01  2.174956E-03  1.398964E-05  2.059674E-06  9.602449E-04  2.163533E-08  8.660342E-08  1.810921E-08  6.851051E-02  5.093681E-06  1.527815E-07  1.272823E-07  3.392353E-04  4.611896E-04  1.805055E-06  2.468869E-07  3.208290E-07  3.070315E-07
 3.521500E+02  2.155727E-01  5.282002E-05  1.654830E-09  2.217411E-09  2.478231E-09  3.013100E-09  1.990519E-01  7.784105E-05  4.645283E-08  5.135377E-01  2.148388E-03  1.338069E-05  2.017249E-06  9.478727E-04  2.081190E-08  8.347384E-08  1.759790E-08  6.779719E-02  4.918691E-06  1.491559E-07  1.241968E-07  3.349479E-04  4.553648E-04  1.725633E-06  2.358247E-07  3.065370E-07  2.957990E-07
 3.531500E+02  2.159304E-01  5.247745E-05  1.619141E-09  2.170024E-09  2.425377E-09  2.949404E-09  1.990640E-01  7.678796E-05  4.433729E-08  5.139207E-01  2.122289E-03  1.280147E-05  1.975943E-06  9.357283E-04  2.002450E-08  8.047534E-08  1.710381E-08  6.709476E-02  4.750638E-06  1.456349E-07  1.212019E-07  3.307408E-04  4.496493E-04  1.650140E-06  2.253209E-07  2.929628E-07  2.850391E-07
 3.541500E+02  2.162826E-01  5.213810E-05  1.584390E-09  2.123875E-09  2.373901E-09  2.887356E-09  1.990760E-01  7.575611E-05  4.233042E-08  5.142979E-01  2.096649E-03  1.225039E-05  1.935722E-06  9.238066E-04  1.927137E-08  7.760177E-08  1.662627E-08  6.640301E-02  4.589216E-06  1.422152E-07  1.182946E-07  3.266121E-04  4.440403E-04  1.578364E-06  2.153443E-07  2.800667E-07  2.747297E-07
 3.551500E+02  2.166295E-01  5.180197E-05  1.550551E-09  2.078927E-09  2.323763E-09  2.826908E-09  1.990876E-01  7.474494E-05  4.042606E-08  5.146692E-01  2.071458E-03  1.172594E-05  1.896553E-06  9.121029E-04  1.855085E-08  7.484729E-08  1.616466E-08  6.572177E-02  4.434132E-06  1.388934E-07  1.154721E-07  3.225600E-04  4.385355E-04  1.510102E-06  2.058658E-07  2.678111E-07  2.648497E-07
 3.561500E+02  2.169711E-01  5.146905E-05  1.517597E-09  2.035145E-09  2.274923E-09  2.768015E-09  1.990991E-01  7.375396E-05  3.861842E-08  5.150348E-01  2.046707E-03  1.122670E-05  1.858402E-06  9.006122E-04  1.786137E-08  7.220636E-08  1.571838E-08  6.505085E-02  4.285109E-06  1.356664E-07  1.127316E-07  3.185828E-04  4.331324E-04  1.445166E-06  1.968578E-07  2.561610E-07  2.553791E-07
 3.571500E+02  2.173075E-01  5.113932E-05  1.485501E-09  1.992495E-09  2.227343E-09  2.710630E-09  1.991104E-01  7.278264E-05  3.690208E-08  5.153948E-01  2.022386E-03  1.075136E-05  1.821239E-06  8.893300E-04  1.720142E-08  6.967372E-08  1.528685E-08  6.439008E-02  4.141882E-06  1.325310E-07  1.100702E-07  3.146787E-04  4.278288E-04  1.383375E-06  1.882947E-07  2.450834E-07  2.462990E-07
 3.581500E+02  2.176388E-01  5.081276E-05  1.454239E-09  1.950944E-09  2.180988E-09  2.654711E-09  1.991214E-01  7.183050E-05  3.527193E-08  5.157492E-01  1.998486E-03  1.029864E-05  1.785034E-06  8.782517E-04  1.656960E-08  6.724439E-08  1.486951E-08  6.373928E-02  4.004199E-06  1.294844E-07  1.074856E-07  3.108460E-04  4.226222E-04  1.324562E-06  1.801521E-07  2.345471E-07  2.375915E-07
 3.591500E+02  2.179651E-01  5.048936E-05  1.423786E-09  1.910460E-09  2.135822E-09  2.600216E-09  1.991323E-01  7.089706E-05  3.372319E-08  5.160982E-01  1.974999E-03  9.867356E-06  1.749758E-06  8.673729E-04  1.596455E-08  6.491362E-08  1.446584E-08  6.309827E-02  3.871819E-06  1.265237E-07  1.049750E-07  3.070832E-04  4.175106E-04  1.268570E-06  1.724073E-07  2.245230E-07  2.292393E-07
 3.601500E+02  2.182865E-01  5.016910E-05  1.394119E-09  1.871013E-09  2.091810E-09  2.547104E-09  1.991429E-01  6.998187E-05  3.225136E-08  5.164419E-01  1.951915E-03  9.456401E-06  1.715383E-06  8.566893E-04  1.538502E-08  6.267693E-08  1.407533E-08  6.246689E-02  3.744514E-06  1.236460E-07  1.025361E-07  3.033886E-04  4.124918E-04  1.215248E-06  1.650387E-07  2.149834E-07  2.212264E-07
 3.611500E+02  2.186031E-01  4.985196E-05  1.365214E-09  1.832572E-09  2.048919E-09  2.495334E-09  1.991534E-01  6.908447E-05  3.085222E-08  5.167804E-01  1.929227E-03  9.064714E-06  1.681881E-06  8.461966E-04  1.482980E-08  6.053003E-08  1.369749E-08  6.184496E-02  3.622067E-06  1.208488E-07  1.001667E-07  2.997607E-04  4.075637E-04  1.164456E-06  1.580262E-07  2.059024E-07  2.135373E-07
 3.621500E+02  2.189149E-01  4.953791E-05  1.337049E-09  1.795109E-09  2.007117E-09  2.444870E-09  1.991636E-01  6.820443E-05  2.952179E-08  5.171138E-01  1.906926E-03  8.691302E-06  1.649227E-06  8.358907E-04  1.429775E-08  5.846889E-08  1.333184E-08  6.123233E-02  3.504270E-06  1.181295E-07  9.786427E-08  2.961980E-04  4.027242E-04  1.116061E-06  1.513507E-07  1.972558E-07  2.061573E-07
 3.631500E+02  2.192221E-01  4.922696E-05  1.309604E-09  1.758595E-09  1.966372E-09  2.395673E-09  1.991737E-01  6.734133E-05  2.825634E-08  5.174421E-01  1.885005E-03  8.335223E-06  1.617395E-06  8.257677E-04  1.378777E-08  5.648962E-08  1.297796E-08  6.062884E-02  3.390925E-06  1.154856E-07  9.562684E-08  2.926991E-04  3.979713E-04  1.069939E-06  1.449943E-07  1.890204E-07  1.990726E-07
 3.641500E+02  2.195247E-01  4.891906E-05  1.282857E-09  1.723003E-09  1.926654E-09  2.347707E-09  1.991836E-01  6.649475E-05  2.705235E-08  5.177654E-01  1.863454E-03  7.995591E-06  1.586361E-06  8.158235E-04  1.329886E-08  5.458858E-08  1.263539E-08  6.003432E-02  3.281843E-06  1.129147E-07  9.345227E-08  2.892626E-04  3.933032E-04  1.025971E-06  1.389402E-07  1.811746E-07  1.922698E-07
 3.651500E+02  2.198228E-01  4.861420E-05  1.256788E-09  1.688306E-09  1.887935E-09  2.300938E-09  1.991933E-01  6.566430E-05  2.590651E-08  5.180839E-01  1.842267E-03  7.671569E-06  1.556101E-06  8.060544E-04  1.283002E-08  5.276229E-08  1.230373E-08  5.944862E-02  3.176844E-06  1.104144E-07  9.133852E-08  2.858869E-04  3.887179E-04  9.840472E-07  1.331723E-07  1.736981E-07  1.857365E-07
 3.661500E+02  2.201164E-01  4.831237E-05  1.231378E-09  1.654480E-09  1.850184E-09  2.255332E-09  1.992029E-01  6.484959E-05  2.481572E-08  5.183976E-01  1.821436E-03  7.362364E-06  1.526593E-06  7.964566E-04  1.238034E-08  5.100742E-08  1.198259E-08  5.887158E-02  3.075757E-06  1.079827E-07  8.928367E-08  2.825709E-04  3.842136E-04  9.440614E-07  1.276758E-07  1.665715E-07  1.794607E-07
 3.671500E+02  2.204057E-01  4.801353E-05  1.206607E-09  1.621499E-09  1.813376E-09  2.210855E-09  1.992123E-01  6.405025E-05  2.377703E-08  5.187066E-01  1.800953E-03  7.067230E-06  1.497814E-06  7.870265E-04  1.194894E-08  4.932083E-08  1.167158E-08  5.830307E-02  2.978418E-06  1.056172E-07  8.728582E-08  2.793132E-04  3.797886E-04  9.059148E-07  1.224365E-07  1.597767E-07  1.734309E-07
 3.681500E+02  2.206908E-01  4.771767E-05  1.182458E-09  1.589339E-09  1.777483E-09  2.167476E-09  1.992215E-01  6.326591E-05  2.278770E-08  5.190110E-01  1.780812E-03  6.785459E-06  1.469743E-06  7.777606E-04  1.153498E-08  4.769951E-08  1.137033E-08  5.774293E-02  2.884672E-06  1.033160E-07  8.534316E-08  2.761125E-04  3.754410E-04  8.695138E-07  1.174411E-07  1.532966E-07  1.676364E-07
 3.691500E+02  2.209716E-01  4.742476E-05  1.158913E-09  1.557978E-09  1.742478E-09  2.125165E-09  1.992305E-01  6.249621E-05  2.184511E-08  5.193108E-01  1.761006E-03  6.516384E-06  1.442360E-06  7.686554E-04  1.113768E-08  4.614063E-08  1.107851E-08  5.719101E-02  2.794369E-06  1.010771E-07  8.345396E-08  2.729676E-04  3.711692E-04  8.347700E-07  1.126769E-07  1.471150E-07  1.620669E-07
 3.701500E+02  2.212483E-01  4.713478E-05  1.135953E-09  1.527391E-09  1.708338E-09  2.083890E-09  1.992394E-01  6.174082E-05  2.094683E-08  5.196063E-01  1.741528E-03  6.259372E-06  1.415644E-06  7.597075E-04  1.075627E-08  4.464147E-08  1.079576E-08  5.664717E-02  2.707367E-06  9.889846E-08  8.161651E-08  2.698772E-04  3.669715E-04  8.016000E-07  1.081321E-07  1.412166E-07  1.567125E-07
 3.711500E+02  2.215210E-01  4.684771E-05  1.113564E-09  1.497558E-09  1.675038E-09  2.043624E-09  1.992482E-01  6.099939E-05  2.009053E-08  5.198973E-01  1.722371E-03  6.013827E-06  1.389577E-06  7.509135E-04  1.039005E-08  4.319943E-08  1.052177E-08  5.611128E-02  2.623530E-06  9.677826E-08  7.982919E-08  2.668403E-04  3.628464E-04  7.699247E-07  1.037956E-07  1.355872E-07  1.515639E-07
 3.721500E+02  2.217897E-01  4.656353E-05  1.091728E-09  1.468458E-09  1.642554E-09  2.004338E-09  1.992568E-01  6.027160E-05  1.927404E-08  5.201840E-01  1.703529E-03  5.779182E-06  1.364139E-06  7.422703E-04  1.003834E-08  4.181207E-08  1.025623E-08  5.558320E-02  2.542729E-06  9.471469E-08  7.809043E-08  2.638555E-04  3.587922E-04  7.396696E-07  9.965665E-08  1.302129E-07  1.466123E-07
 3.731500E+02  2.220544E-01  4.628220E-05  1.070430E-09  1.440069E-09  1.610863E-09  1.966004E-09  1.992652E-01  5.955713E-05  1.849530E-08  5.204666E-01  1.684995E-03  5.554902E-06  1.339313E-06  7.337748E-04  9.700478E-09  4.047703E-08  9.998835E-09  5.506280E-02  2.464840E-06  9.270602E-08  7.639871E-08  2.609218E-04  3.548075E-04  7.107641E-07  9.570536E-08  1.250811E-07  1.418491E-07
