#         T/K            c1          c2-1          c3-4          c3-5          c3-7          c3-9            m1          m2-1          m3-1            w1            w2          w3-1          w3-2          c1m1        c1m2-1        c1m2-7        c2m1-1        c1w1-2        c1w2-1        c2w1-1        c2w1-9        m1w1-1        m1w1-4        m1w2-1        m2w1-1        m2w1-3      c1m1w1-1
 2.731500E+02  6.292988E-01  1.313155E-03  7.254907E-07  9.522241E-07  1.059425E-06  1.263233E-06  1.448318E-01  1.767745E-04  2.328814E-06  8.493774E-02  2.480642E-04  7.368724E-06  1.033911E-07  9.555280E-03  2.216891E-06  7.274324E-06  3.215475E-06  1.291737E-01  2.073481E-05  4.136313E-06  3.632120E-06  1.665297E-04  2.266918E-04  4.141456E-06  2.556933E-06  3.238389E-06  6.506108E-06
 2.741500E+02  6.302433E-01  1.292604E-03  6.936545E-07  9.107466E-07  1.013354E-06  1.208679E-06  1.449544E-01  1.727324E-04  2.152580E-06  8.575140E-02  2.467578E-04  7.002572E-06  1.020718E-07  9.325882E-03  2.071094E-06  6.817928E-06  3.046994E-06  1.275573E-01  1.980203E-05  3.980166E-06  3.491992E-06  1.642621E-04  2.235908E-04  3.901507E-06  2.386470E-06  3.023700E-06  6.141966E-06
 2.751500E+02  6.311747E-01  1.272533E-03  6.634522E-07  8.713847E-07  9.696290E-07  1.156889E-06  1.450731E-01  1.688088E-04  1.990793E-06  8.655587E-02  2.454104E-04  6.654740E-06  1.007449E-07  9.103598E-03  1.935851E-06  6.393210E-06  2.888531E-06  1.259592E-01  1.891341E-05  3.830647E-06  3.357934E-06  1.620214E-04  2.205273E-04  3.676177E-06  2.228207E-06  2.824296E-06  5.800006E-06
 2.761500E+02  6.320928E-01  1.252927E-03  6.347891E-07  8.340165E-07  9.281159E-07  1.107702E-06  1.451882E-01  1.649997E-04  1.842188E-06  8.735109E-02  2.440242E-04  6.324344E-06  9.941189E-08  8.888170E-03  1.810334E-06  5.997782E-06  2.739426E-06  1.243795E-01  1.806683E-05  3.687449E-06  3.229658E-06  1.598078E-04  2.175014E-04  3.464544E-06  2.081219E-06  2.639024E-06  5.478784E-06
 2.771500E+02  6.329980E-01  1.233773E-03  6.075765E-07  7.985276E-07  8.886877E-07  1.060972E-06  1.452997E-01  1.613014E-04  1.705614E-06  8.813703E-02  2.426014E-04  6.010537E-06  9.807436E-08  8.679351E-03  1.693787E-06  5.629450E-06  2.599068E-06  1.228182E-01  1.726026E-05  3.550281E-06  3.106895E-06  1.576215E-04  2.145135E-04  3.265748E-06  1.944653E-06  2.466823E-06  5.176952E-06
 2.781500E+02  6.338903E-01  1.215058E-03  5.817313E-07  7.648110E-07  8.512258E-07  1.016559E-06  1.454079E-01  1.577101E-04  1.580028E-06  8.891368E-02  2.411442E-04  5.712509E-06  9.673378E-08  8.476901E-03  1.585514E-06  5.286194E-06  2.466888E-06  1.212753E-01  1.649175E-05  3.418868E-06  2.989386E-06  1.554626E-04  2.115636E-04  3.078982E-06  1.817726E-06  2.306712E-06  4.893259E-06
 2.791500E+02  6.347697E-01  1.196768E-03  5.571758E-07  7.327665E-07  8.156192E-07  9.743334E-07  1.455129E-01  1.542223E-04  1.464483E-06  8.968101E-02  2.396548E-04  5.429488E-06  9.539154E-08  8.280594E-03  1.484879E-06  4.966157E-06  2.342359E-06  1.197510E-01  1.575948E-05  3.292947E-06  2.876887E-06  1.533313E-04  2.086519E-04  2.903493E-06  1.699716E-06  2.157793E-06  4.626536E-06
 2.801500E+02  6.356365E-01  1.178893E-03  5.338371E-07  7.023002E-07  7.817637E-07  9.341720E-07  1.456146E-01  1.508347E-04  1.358118E-06  9.043901E-02  2.381351E-04  5.160736E-06  9.404898E-08  8.090209E-03  1.391297E-06  4.667629E-06  2.224989E-06  1.182452E-01  1.506167E-05  3.172267E-06  2.769165E-06  1.512276E-04  2.057786E-04  2.738573E-06  1.589958E-06  2.019233E-06  4.375694E-06
 2.811500E+02  6.364907E-01  1.161419E-03  5.116469E-07  6.733238E-07  7.495617E-07  8.959609E-07  1.457134E-01  1.475439E-04  1.260152E-06  9.118769E-02  2.365873E-04  4.905545E-06  9.270738E-08  7.905537E-03  1.304232E-06  4.389036E-06  2.114323E-06  1.167579E-01  1.439667E-05  3.056591E-06  2.665999E-06  1.491516E-04  2.029435E-04  2.583563E-06  1.487838E-06  1.890266E-06  4.139721E-06
 2.821500E+02  6.373325E-01  1.144335E-03  4.905411E-07  6.457549E-07  7.189217E-07  8.595926E-07  1.458092E-01  1.443467E-04  1.169873E-06  9.192704E-02  2.350132E-04  4.663245E-06  9.136794E-08  7.726375E-03  1.223191E-06  4.128926E-06  2.009936E-06  1.152891E-01  1.376289E-05  2.945693E-06  2.567179E-06  1.471033E-04  2.001468E-04  2.437842E-06  1.392792E-06  1.770187E-06  3.917669E-06
 2.831500E+02  6.381619E-01  1.127631E-03  4.704598E-07  6.195158E-07  6.897576E-07  8.249660E-07  1.459022E-01  1.412401E-04  1.086633E-06  9.265709E-02  2.334148E-04  4.433193E-06  9.003179E-08  7.552529E-03  1.147720E-06  3.885964E-06  1.911432E-06  1.138389E-01  1.315881E-05  2.839356E-06  2.472505E-06  1.450827E-04  1.973884E-04  2.300833E-06  1.304297E-06  1.658343E-06  3.708657E-06
 2.841500E+02  6.389792E-01  1.111295E-03  4.513465E-07  5.945338E-07  6.619888E-07  7.919865E-07  1.459925E-01  1.382211E-04  1.009843E-06  9.337783E-02  2.317939E-04  4.214777E-06  8.870002E-08  7.383813E-03  1.077404E-06  3.658915E-06  1.818442E-06  1.124071E-01  1.258300E-05  2.737377E-06  2.381787E-06  1.430897E-04  1.946682E-04  2.171992E-06  1.221875E-06  1.554134E-06  3.511862E-06
 2.851500E+02  6.397843E-01  1.095318E-03  4.331482E-07  5.707404E-07  6.355394E-07  7.605651E-07  1.460801E-01  1.352868E-04  9.389654E-07  9.408931E-02  2.301524E-04  4.007413E-06  8.737364E-08  7.220049E-03  1.011860E-06  3.446642E-06  1.730625E-06  1.109938E-01  1.203408E-05  2.639560E-06  2.294844E-06  1.411244E-04  1.919861E-04  2.050811E-06  1.145080E-06  1.457003E-06  3.326516E-06
 2.861500E+02  6.405775E-01  1.079689E-03  4.158153E-07  5.480715E-07  6.103383E-07  7.306181E-07  1.461652E-01  1.324346E-04  8.735111E-07  9.479154E-02  2.284919E-04  3.810547E-06  8.605361E-08  7.061063E-03  9.507358E-07  3.248095E-06  1.647659E-06  1.095988E-01  1.151076E-05  2.545719E-06  2.211506E-06  1.391866E-04  1.893420E-04  1.936817E-06  1.073504E-06  1.366440E-06  3.151903E-06
 2.871500E+02  6.413589E-01  1.064399E-03  3.993010E-07  5.264667E-07  5.863185E-07  7.020668E-07  1.462479E-01  1.296616E-04  8.130338E-07  9.548457E-02  2.268143E-04  3.623649E-06  8.474081E-08  6.906691E-03  8.937063E-07  3.062304E-06  1.569248E-06  1.082221E-01  1.101181E-05  2.455678E-06  2.131607E-06  1.372763E-04  1.867357E-04  1.829562E-06  1.006767E-06  1.281969E-06  2.987354E-06
 2.881500E+02  6.421286E-01  1.049439E-03  3.835615E-07  5.058692E-07  5.634171E-07  6.748371E-07  1.463282E-01  1.269654E-04  7.571262E-07  9.616843E-02  2.251210E-04  3.446216E-06  8.343608E-08  6.756774E-03  8.404730E-07  2.888373E-06  1.495111E-06  1.068637E-01  1.053603E-05  2.369267E-06  2.054993E-06  1.353932E-04  1.841671E-04  1.728632E-06  9.445225E-07  1.203154E-06  2.832243E-06
 2.891500E+02  6.428867E-01  1.034800E-03  3.685553E-07  4.862255E-07  5.415748E-07  6.488596E-07  1.464062E-01  1.243435E-04  7.054166E-07  9.684316E-02  2.234136E-04  3.277767E-06  8.214021E-08  6.611159E-03  7.907606E-07  2.725475E-06  1.424991E-06  1.055234E-01  1.008231E-05  2.286327E-06  1.981516E-06  1.335373E-04  1.816358E-04  1.633636E-06  8.864462E-07  1.129590E-06  2.685988E-06
 2.901500E+02  6.436333E-01  1.020472E-03  3.542438E-07  4.674855E-07  5.207359E-07  6.240685E-07  1.464820E-01  1.217935E-04  6.575655E-07  9.750882E-02  2.216938E-04  3.117847E-06  8.085393E-08  6.469700E-03  7.443152E-07  2.572842E-06  1.358645E-06  1.042011E-01  9.649587E-06  2.206705E-06  1.911035E-06  1.317085E-04  1.791418E-04  1.544208E-06  8.322403E-07  1.060904E-06  2.548044E-06
 2.911500E+02  6.443687E-01  1.006449E-03  3.405903E-07  4.496018E-07  5.008479E-07  6.004023E-07  1.465557E-01  1.193130E-04  6.132627E-07  9.816545E-02  2.199629E-04  2.966022E-06  7.957791E-08  6.332255E-03  7.009025E-07  2.429768E-06  1.295846E-06  1.028968E-01  9.236847E-06  2.130254E-06  1.843416E-06  1.299064E-04  1.766847E-04  1.460007E-06  7.816293E-07  9.967498E-07  2.417900E-06
 2.921500E+02  6.450929E-01  9.927201E-04  3.275603E-07  4.325299E-07  4.818615E-07  5.778026E-07  1.466273E-01  1.168999E-04  5.722244E-07  9.881312E-02  2.182224E-04  2.821880E-06  7.831277E-08  6.198689E-03  6.603066E-07  2.295596E-06  1.236382E-06  1.016103E-01  8.843125E-06  2.056837E-06  1.778532E-06  1.281311E-04  1.742643E-04  1.380711E-06  7.343583E-07  9.368079E-07  2.295082E-06
 2.931500E+02  6.458060E-01  9.792793E-04  3.151216E-07  4.162278E-07  4.637300E-07  5.562148E-07  1.466969E-01  1.145520E-04  5.341913E-07  9.945188E-02  2.164737E-04  2.685027E-06  7.705910E-08  6.068871E-03  6.223278E-07  2.169720E-06  1.180057E-06  1.003415E-01  8.467506E-06  1.986321E-06  1.716260E-06  1.263821E-04  1.718802E-04  1.306022E-06  6.901915E-07  8.807823E-07  2.179143E-06
 2.941500E+02  6.465083E-01  9.661186E-04  3.032434E-07  4.006560E-07  4.464096E-07  5.355872E-07  1.467646E-01  1.122672E-04  4.989259E-07  1.000818E-01  2.147179E-04  2.555093E-06  7.581742E-08  5.942677E-03  5.867820E-07  2.051576E-06  1.126685E-06  9.909031E-02  8.109117E-06  1.918579E-06  1.656485E-06  1.246595E-04  1.695322E-04  1.235657E-06  6.489109E-07  8.283992E-07  2.069667E-06
 2.951500E+02  6.471998E-01  9.532305E-04  2.918972E-07  3.857771E-07  4.298590E-07  5.158709E-07  1.468304E-01  1.100435E-04  4.662108E-07  1.007029E-01  2.129565E-04  2.431721E-06  7.458823E-08  5.819985E-03  5.534987E-07  1.940644E-06  1.076093E-06  9.785656E-02  7.767131E-06  1.853492E-06  1.599098E-06  1.229628E-04  1.672199E-04  1.169353E-06  6.103145E-07  7.794048E-07  1.966264E-06
 2.961500E+02  6.478806E-01  9.406079E-04  2.810556E-07  3.715560E-07  4.140391E-07  4.970202E-07  1.468944E-01  1.078791E-04  4.358468E-07  1.013154E-01  2.111906E-04  2.314577E-06  7.337196E-08  5.700679E-03  5.223205E-07  1.836441E-06  1.028120E-06  9.664012E-02  7.440758E-06  1.790945E-06  1.543993E-06  1.212919E-04  1.649430E-04  1.106864E-06  5.742153E-07  7.335643E-07  1.868571E-06
 2.971500E+02  6.485510E-01  9.282439E-04  2.706932E-07  3.579596E-07  3.989131E-07  4.789916E-07  1.469567E-01  1.057719E-04  4.076514E-07  1.019192E-01  2.094213E-04  2.203340E-06  7.216901E-08  5.584647E-03  4.931018E-07  1.738518E-06  9.826137E-07  9.544085E-02  7.129251E-06  1.730829E-06  1.491069E-06  1.196466E-04  1.627012E-04  1.047959E-06  5.404402E-07  6.906600E-07  1.776245E-06
 2.981500E+02  6.492110E-01  9.161320E-04  2.607858E-07  3.449565E-07  3.844462E-07  4.617440E-07  1.470174E-01  1.037203E-04  3.814572E-07  1.025144E-01  2.076498E-04  2.097707E-06  7.097976E-08  5.471783E-03  4.657079E-07  1.646460E-06  9.394326E-07  9.425859E-02  6.831897E-06  1.673039E-06  1.440233E-06  1.180265E-04  1.604940E-04  9.924200E-07  5.088288E-07  6.504902E-07  1.688968E-06
 2.991500E+02  6.498608E-01  9.042655E-04  2.513105E-07  3.325171E-07  3.706057E-07  4.452390E-07  1.470763E-01  1.017225E-04  3.571105E-07  1.031012E-01  2.058771E-04  1.997390E-06  6.980452E-08  5.361982E-03  4.400140E-07  1.559881E-06  8.984435E-07  9.309319E-02  6.548018E-06  1.617477E-06  1.391393E-06  1.164314E-04  1.583212E-04  9.400452E-07  4.792323E-07  6.128679E-07  1.606440E-06
 3.001500E+02  6.505004E-01  8.926382E-04  2.422459E-07  3.206135E-07  3.573606E-07  4.294398E-07  1.471338E-01  9.977681E-05  3.344705E-07  1.036796E-01  2.041043E-04  1.902116E-06  6.864359E-08  5.255144E-03  4.159045E-07  1.478421E-06  8.595221E-07  9.194449E-02  6.276970E-06  1.564047E-06  1.344462E-06  1.148611E-04  1.561823E-04  8.906437E-07  4.515129E-07  5.776195E-07  1.528381E-06
 3.011500E+02  6.511302E-01  8.812441E-04  2.335717E-07  3.092194E-07  3.446816E-07  4.143121E-07  1.471896E-01  9.788162E-05  3.134077E-07  1.042496E-01  2.023322E-04  1.811625E-06  6.749722E-08  5.151175E-03  3.932725E-07  1.401749E-06  8.225515E-07  9.081233E-02  6.018142E-06  1.512659E-06  1.299358E-06  1.133153E-04  1.540769E-04  8.440374E-07  4.255427E-07  5.445843E-07  1.454528E-06
 3.021500E+02  6.517501E-01  8.700772E-04  2.252686E-07  2.983098E-07  3.325410E-07  3.998230E-07  1.472440E-01  9.603537E-05  2.938031E-07  1.048114E-01  2.005619E-04  1.725671E-06  6.636563E-08  5.049981E-03  3.720185E-07  1.329554E-06  7.874220E-07  8.969654E-02  5.770950E-06  1.463226E-06  1.256002E-06  1.117937E-04  1.520047E-04  8.000588E-07  4.012033E-07  5.136127E-07  1.384636E-06
 3.031500E+02  6.523604E-01  8.591318E-04  2.173185E-07  2.878612E-07  3.209127E-07  3.859419E-07  1.472970E-01  9.423655E-05  2.755474E-07  1.053651E-01  1.987941E-04  1.644021E-06  6.524902E-08  4.951473E-03  3.520507E-07  1.261549E-06  7.540309E-07  8.859695E-02  5.534841E-06  1.415666E-06  1.214320E-06  1.102959E-04  1.499653E-04  7.585513E-07  3.783844E-07  4.845662E-07  1.318473E-06
 3.041500E+02  6.529611E-01  8.484024E-04  2.097042E-07  2.778513E-07  3.097719E-07  3.726393E-07  1.473486E-01  9.248372E-05  2.585399E-07  1.059107E-01  1.970297E-04  1.566453E-06  6.414755E-08  4.855566E-03  3.332837E-07  1.197465E-06  7.222818E-07  8.751339E-02  5.309288E-06  1.369901E-06  1.174240E-06  1.088218E-04  1.479582E-04  7.193677E-07  3.569839E-07  4.573162E-07  1.255825E-06
 3.051500E+02  6.535524E-01  8.378837E-04  2.024095E-07  2.682589E-07  2.990952E-07  3.598878E-07  1.473989E-01  9.077546E-05  2.426883E-07  1.064483E-01  1.952696E-04  1.492756E-06  6.306136E-08  4.762177E-03  3.156381E-07  1.137054E-06  6.920839E-07  8.644568E-02  5.093792E-06  1.325856E-06  1.135693E-06  1.073710E-04  1.459830E-04  6.823702E-07  3.369070E-07  4.317429E-07  1.196486E-06
 3.061500E+02  6.541344E-01  8.275703E-04  1.954190E-07  2.590642E-07  2.888606E-07  3.476612E-07  1.474478E-01  8.911042E-05  2.279073E-07  1.069781E-01  1.935144E-04  1.422732E-06  6.199056E-08  4.671226E-03  2.990404E-07  1.080083E-06  6.633523E-07  8.539364E-02  4.887876E-06  1.283457E-06  1.098615E-06  1.059433E-04  1.440393E-04  6.474294E-07  3.180656E-07  4.077352E-07  1.140268E-06
 3.071500E+02  6.547073E-01  8.174573E-04  1.887183E-07  2.502482E-07  2.790470E-07  3.359346E-07  1.474955E-01  8.748728E-05  2.141185E-07  1.075000E-01  1.917649E-04  1.356191E-06  6.093523E-08  4.582638E-03  2.834222E-07  1.026336E-06  6.360069E-07  8.435710E-02  4.691087E-06  1.242639E-06  1.062943E-06  1.045383E-04  1.421268E-04  6.144239E-07  3.003778E-07  3.851901E-07  1.086992E-06
 3.081500E+02  6.552712E-01  8.075398E-04  1.822936E-07  2.417931E-07  2.696345E-07  3.246846E-07  1.475420E-01  8.590479E-05  2.012496E-07  1.080143E-01  1.900217E-04  1.292955E-06  5.989544E-08  4.496337E-03  2.687200E-07  9.756122E-07  6.099725E-07  8.333587E-02  4.502994E-06  1.203334E-06  1.028618E-06  1.031557E-04  1.402449E-04  5.832398E-07  2.837674E-07  3.640112E-07  1.036490E-06
 3.091500E+02  6.558262E-01  7.978130E-04  1.761318E-07  2.336819E-07  2.606044E-07  3.138890E-07  1.475873E-01  8.436171E-05  1.892340E-07  1.085209E-01  1.882855E-04  1.232852E-06  5.887122E-08  4.412253E-03  2.548748E-07  9.277234E-07  5.851786E-07  8.232977E-02  4.323189E-06  1.165480E-06  9.955841E-07  1.017952E-04  1.383933E-04  5.537704E-07  2.681638E-07  3.441095E-07  9.886047E-07
 3.101500E+02  6.563725E-01  7.882722E-04  1.702206E-07  2.258987E-07  2.519389E-07  3.035267E-07  1.476315E-01  8.285687E-05  1.780102E-07  1.090201E-01  1.865569E-04  1.175723E-06  5.786261E-08  4.330316E-03  2.418315E-07  8.824948E-07  5.615586E-07  8.133861E-02  4.151282E-06  1.129018E-06  9.637868E-07  1.004565E-04  1.365716E-04  5.259153E-07  2.535011E-07  3.254018E-07  9.431883E-07
 3.111500E+02  6.569101E-01  7.789131E-04  1.645484E-07  2.184280E-07  2.436209E-07  2.935778E-07  1.476745E-01  8.138913E-05  1.675215E-07  1.095118E-01  1.848364E-04  1.121415E-06  5.686959E-08  4.250461E-03  2.295391E-07  8.397629E-07  5.390500E-07  8.036222E-02  3.986903E-06  1.093891E-06  9.331746E-07  9.913938E-05  1.347792E-04  4.995804E-07  2.397181E-07  3.078108E-07  9.001019E-07
 3.121500E+02  6.574393E-01  7.697311E-04  1.591040E-07  2.112557E-07  2.356346E-07  2.840232E-07  1.477165E-01  7.995739E-05  1.577156E-07  1.099961E-01  1.831246E-04  1.069781E-06  5.589215E-08  4.172624E-03  2.179500E-07  7.993755E-07  5.175939E-07  7.940039E-02  3.829700E-06  1.060044E-06  9.036982E-07  9.784345E-05  1.330159E-04  4.746773E-07  2.267579E-07  2.912645E-07  8.592152E-07
 3.131500E+02  6.579601E-01  7.607222E-04  1.538769E-07  2.043679E-07  2.279648E-07  2.748450E-07  1.477574E-01  7.856057E-05  1.485442E-07  1.104733E-01  1.814220E-04  1.020687E-06  5.493026E-08  4.096743E-03  2.070199E-07  7.611902E-07  4.971349E-07  7.845295E-02  3.679337E-06  1.027426E-06  8.753109E-07  9.656842E-05  1.312811E-04  4.511230E-07  2.145673E-07  2.756959E-07  8.204055E-07
 3.141500E+02  6.584728E-01  7.518822E-04  1.488572E-07  1.977516E-07  2.205969E-07  2.660262E-07  1.477974E-01  7.719766E-05  1.399626E-07  1.109433E-01  1.797291E-04  9.740003E-07  5.398388E-08  4.022758E-03  1.967074E-07  7.250742E-07  4.776207E-07  7.751970E-02  3.535495E-06  9.959857E-07  8.479675E-07  9.531399E-05  1.295744E-04  4.288396E-07  2.030971E-07  2.610425E-07  7.835576E-07
 3.151500E+02  6.589773E-01  7.432071E-04  1.440354E-07  1.913947E-07  2.135175E-07  2.575505E-07  1.478363E-01  7.586765E-05  1.319296E-07  1.114062E-01  1.780463E-04  9.295989E-07  5.305293E-08  3.950612E-03  1.869741E-07  6.909033E-07  4.590021E-07  7.660046E-02  3.397873E-06  9.656765E-07  8.216254E-07  9.407984E-05  1.278955E-04  4.077540E-07  1.923012E-07  2.472462E-07  7.485631E-07
 3.161500E+02  6.594738E-01  7.346930E-04  1.394026E-07  1.852854E-07  2.067133E-07  2.494026E-07  1.478743E-01  7.456959E-05  1.244069E-07  1.118622E-01  1.763739E-04  8.873657E-07  5.213734E-08  3.880250E-03  1.777842E-07  6.585616E-07  4.412329E-07  7.569505E-02  3.266181E-06  9.364526E-07  7.962435E-07  9.286569E-05  1.262438E-04  3.877974E-07  1.821367E-07  2.342527E-07  7.153200E-07
 3.171500E+02  6.599625E-01  7.263362E-04  1.349502E-07  1.794125E-07  2.001722E-07  2.415679E-07  1.479113E-01  7.330255E-05  1.173593E-07  1.123114E-01  1.747125E-04  8.471899E-07  5.123702E-08  3.811618E-03  1.691042E-07  6.279405E-07  4.242692E-07  7.480327E-02  3.140145E-06  9.082706E-07  7.717827E-07  9.167122E-05  1.246191E-04  3.689051E-07  1.725637E-07  2.220114E-07  6.837324E-07
 3.181500E+02  6.604435E-01  7.181330E-04  1.306701E-07  1.737656E-07  1.938825E-07  2.340324E-07  1.479475E-01  7.206562E-05  1.107540E-07  1.127537E-01  1.730623E-04  8.089666E-07  5.035188E-08  3.744664E-03  1.609028E-07  5.989386E-07  4.080698E-07  7.392494E-02  3.019504E-06  8.810889E-07  7.482056E-07  9.049614E-05  1.230208E-04  3.510164E-07  1.635450E-07  2.104753E-07  6.537101E-07
 3.191500E+02  6.609169E-01  7.100798E-04  1.265547E-07  1.683347E-07  1.878329E-07  2.267832E-07  1.479828E-01  7.085793E-05  1.045609E-07  1.131894E-01  1.714237E-04  7.725962E-07  4.948179E-08  3.679339E-03  1.531509E-07  5.714609E-07  3.925959E-07  7.305986E-02  2.904009E-06  8.548678E-07  7.254764E-07  8.934014E-05  1.214485E-04  3.340744E-07  1.550457E-07  1.996003E-07  6.251681E-07
 3.201500E+02  6.613828E-01  7.021732E-04  1.225967E-07  1.631102E-07  1.820130E-07  2.198075E-07  1.480173E-01  6.967866E-05  9.875192E-08  1.136185E-01  1.697970E-04  7.379846E-07  4.862664E-08  3.615594E-03  1.458213E-07  5.454185E-07  3.778106E-07  7.220786E-02  2.793425E-06  8.295691E-07  7.035610E-07  8.820292E-05  1.199019E-04  3.180254E-07  1.470335E-07  1.893453E-07  5.980265E-07
 3.211500E+02  6.618413E-01  6.944098E-04  1.187892E-07  1.580830E-07  1.764127E-07  2.130934E-07  1.480509E-01  6.852698E-05  9.330100E-08  1.140412E-01  1.681825E-04  7.050423E-07  4.778629E-08  3.553384E-03  1.388886E-07  5.207283E-07  3.636795E-07  7.136875E-02  2.687526E-06  8.051564E-07  6.824268E-07  8.708420E-05  1.183806E-04  3.028188E-07  1.394782E-07  1.796720E-07  5.722099E-07
 3.221500E+02  6.622926E-01  6.867864E-04  1.151255E-07  1.532446E-07  1.710223E-07  2.066298E-07  1.480837E-01  6.740211E-05  8.818412E-08  1.144574E-01  1.665804E-04  6.736846E-07  4.696062E-08  3.492662E-03  1.323290E-07  4.973123E-07  3.501696E-07  7.054234E-02  2.586098E-06  7.815948E-07  6.620424E-07  8.598367E-05  1.168840E-04  2.884074E-07  1.323514E-07  1.705447E-07  5.476474E-07
 3.231500E+02  6.627368E-01  6.792998E-04  1.115994E-07  1.485869E-07  1.658329E-07  2.004056E-07  1.481158E-01  6.630330E-05  8.337892E-08  1.148674E-01  1.649910E-04  6.438314E-07  4.614946E-08  3.433386E-03  1.261204E-07  4.750974E-07  3.372502E-07  6.972845E-02  2.488937E-06  7.588511E-07  6.423780E-07  8.490104E-05  1.154119E-04  2.747465E-07  1.256268E-07  1.619299E-07  5.242721E-07
 3.241500E+02  6.631740E-01  6.719468E-04  1.082049E-07  1.441019E-07  1.608358E-07  1.944108E-07  1.481471E-01  6.522979E-05  7.886468E-08  1.152711E-01  1.634145E-04  6.154065E-07  4.535268E-08  3.375514E-03  1.202418E-07  4.540152E-07  3.248920E-07  6.892689E-02  2.395850E-06  7.368933E-07  6.234051E-07  8.383602E-05  1.139638E-04  2.617942E-07  1.192799E-07  1.537963E-07  5.020210E-07
 3.251500E+02  6.636042E-01  6.647245E-04  1.049364E-07  1.397824E-07  1.560228E-07  1.886356E-07  1.481777E-01  6.418089E-05  7.462216E-08  1.156687E-01  1.618511E-04  5.883378E-07  4.457011E-08  3.319005E-03  1.146740E-07  4.340015E-07  3.130674E-07  6.813750E-02  2.306651E-06  7.156908E-07  6.050962E-07  8.278834E-05  1.125393E-04  2.495110E-07  1.132875E-07  1.461148E-07  4.808347E-07
 3.261500E+02  6.640277E-01  6.576299E-04  1.017884E-07  1.356212E-07  1.513859E-07  1.830705E-07  1.482076E-01  6.315590E-05  7.063348E-08  1.160603E-01  1.603010E-04  5.625571E-07  4.380159E-08  3.263820E-03  1.093988E-07  4.149960E-07  3.017502E-07  6.736007E-02  2.221165E-06  6.952144E-07  5.874253E-07  8.175769E-05  1.111381E-04  2.378597E-07  1.076281E-07  1.388580E-07  4.606573E-07
 3.271500E+02  6.644445E-01  6.506602E-04  9.875587E-08  1.316116E-07  1.469179E-07  1.777069E-07  1.482368E-01  6.215416E-05  6.688206E-08  1.164460E-01  1.587643E-04  5.379995E-07  4.304694E-08  3.209922E-03  1.043990E-07  3.969422E-07  2.909159E-07  6.659445E-02  2.139225E-06  6.754360E-07  5.703673E-07  8.074382E-05  1.097597E-04  2.268054E-07  1.022817E-07  1.320005E-07  4.414358E-07
 3.281500E+02  6.648548E-01  6.438126E-04  9.583386E-08  1.277473E-07  1.426114E-07  1.725362E-07  1.482653E-01  6.117503E-05  6.335246E-08  1.168258E-01  1.572412E-04  5.146037E-07  4.230600E-08  3.157273E-03  9.965883E-08  3.797871E-07  2.805410E-07  6.584044E-02  2.060671E-06  6.563288E-07  5.538983E-07  7.974642E-05  1.084038E-04  2.163152E-07  9.722943E-08  1.255183E-07  4.231205E-07
 3.291500E+02  6.652586E-01  6.370845E-04  9.301772E-08  1.240222E-07  1.384599E-07  1.675503E-07  1.482931E-01  6.021787E-05  6.003033E-08  1.171998E-01  1.557319E-04  4.923114E-07  4.157858E-08  3.105837E-03  9.516327E-08  3.634809E-07  2.706034E-07  6.509787E-02  1.985351E-06  6.378670E-07  5.379953E-07  7.876524E-05  1.070700E-04  2.063581E-07  9.245369E-08  1.193891E-07  4.056643E-07
 3.301500E+02  6.656561E-01  6.304731E-04  9.030302E-08  1.204305E-07  1.344568E-07  1.627418E-07  1.483204E-01  5.928208E-05  5.690234E-08  1.175682E-01  1.542363E-04  4.710675E-07  4.086451E-08  3.055582E-03  9.089834E-08  3.479767E-07  2.610821E-07  6.436657E-02  1.913120E-06  6.200261E-07  5.226363E-07  7.779999E-05  1.057579E-04  1.969049E-07  8.793803E-08  1.135919E-07  3.890228E-07
 3.311500E+02  6.660473E-01  6.239759E-04  8.768552E-08  1.169666E-07  1.305960E-07  1.581032E-07  1.483470E-01  5.836709E-05  5.395606E-08  1.179310E-01  1.527548E-04  4.508196E-07  4.016361E-08  3.006474E-03  8.685092E-08  3.332306E-07  2.519575E-07  6.364637E-02  1.843842E-06  6.027824E-07  5.078004E-07  7.685042E-05  1.044672E-04  1.879281E-07  8.366702E-08  1.081073E-07  3.731543E-07
 3.321500E+02  6.664324E-01  6.175905E-04  8.516121E-08  1.136252E-07  1.268716E-07  1.536275E-07  1.483730E-01  5.747232E-05  5.117995E-08  1.182883E-01  1.512872E-04  4.315183E-07  3.947568E-08  2.958481E-03  8.300868E-08  3.192013E-07  2.432107E-07  6.293709E-02  1.777384E-06  5.861134E-07  4.934675E-07  7.591625E-05  1.031975E-04  1.794018E-07  7.962624E-08  1.029167E-07  3.580190E-07
 3.331500E+02  6.668115E-01  6.113143E-04  8.272623E-08  1.104014E-07  1.232780E-07  1.493082E-07  1.483985E-01  5.659722E-05  4.856323E-08  1.186402E-01  1.498337E-04  4.131164E-07  3.880054E-08  2.911571E-03  7.936009E-08  3.058499E-07  2.348239E-07  6.223856E-02  1.713622E-06  5.699973E-07  4.796182E-07  7.499722E-05  1.019484E-04  1.713017E-07  7.580216E-08  9.800315E-08  3.435796E-07
 3.341500E+02  6.671846E-01  6.051451E-04  8.037692E-08  1.072903E-07  1.198100E-07  1.451389E-07  1.484234E-01  5.574126E-05  4.609588E-08  1.189867E-01  1.483943E-04  3.955694E-07  3.813800E-08  2.865715E-03  7.589430E-08  2.931398E-07  2.267802E-07  6.155062E-02  1.652436E-06  5.544133E-07  4.662340E-07  7.409308E-05  1.007195E-04  1.636047E-07  7.218214E-08  9.335040E-08  3.298008E-07
 3.351500E+02  6.675519E-01  5.990806E-04  7.810979E-08  1.042874E-07  1.164624E-07  1.411135E-07  1.484477E-01  5.490394E-05  4.376855E-08  1.193280E-01  1.469692E-04  3.788349E-07  3.748786E-08  2.820884E-03  7.260114E-08  2.810367E-07  2.190638E-07  6.087311E-02  1.593713E-06  5.393417E-07  4.532974E-07  7.320357E-05  9.951062E-05  1.562892E-07  6.875428E-08  8.894338E-08  3.166493E-07
 3.361500E+02  6.679135E-01  5.931184E-04  7.592150E-08  1.013883E-07  1.132303E-07  1.372263E-07  1.484715E-01  5.408474E-05  4.157253E-08  1.196642E-01  1.455582E-04  3.628730E-07  3.684995E-08  2.777049E-03  6.947105E-08  2.695082E-07  2.116594E-07  6.020584E-02  1.537346E-06  5.247631E-07  4.407913E-07  7.232844E-05  9.832130E-05  1.493348E-07  6.550748E-08  8.476794E-08  3.040935E-07
 3.371500E+02  6.682694E-01  5.872564E-04  7.380887E-08  9.858882E-08  1.101091E-07  1.334717E-07  1.484948E-01  5.328318E-05  3.949971E-08  1.199953E-01  1.441616E-04  3.476456E-07  3.622406E-08  2.734184E-03  6.649505E-08  2.585238E-07  2.045526E-07  5.954868E-02  1.483230E-06  5.106594E-07  4.286995E-07  7.146743E-05  9.715122E-05  1.427221E-07  6.243130E-08  8.081079E-08  2.921036E-07
 3.381500E+02  6.686198E-01  5.814926E-04  7.176886E-08  9.588500E-08  1.070945E-07  1.298445E-07  1.485175E-01  5.249881E-05  3.754248E-08  1.203213E-01  1.427791E-04  3.331166E-07  3.561000E-08  2.692263E-03  6.366470E-08  2.480548E-07  1.977299E-07  5.890144E-02  1.431267E-06  4.970129E-07  4.170064E-07  7.062032E-05  9.600005E-05  1.364330E-07  5.951594E-08  7.705947E-08  2.806514E-07
 3.391500E+02  6.689648E-01  5.758247E-04  6.979858E-08  9.327303E-08  1.041822E-07  1.263397E-07  1.485398E-01  5.173115E-05  3.569379E-08  1.206425E-01  1.414110E-04  3.192518E-07  3.500758E-08  2.651258E-03  6.097208E-08  2.380742E-07  1.911783E-07  5.826399E-02  1.381365E-06  4.838069E-07  4.056971E-07  6.978685E-05  9.486746E-05  1.304503E-07  5.675224E-08  7.350229E-08  2.697102E-07
 3.401500E+02  6.693044E-01  5.702508E-04  6.789525E-08  9.074929E-08  1.013680E-07  1.229524E-07  1.485616E-01  5.097978E-05  3.394702E-08  1.209588E-01  1.400571E-04  3.060188E-07  3.441661E-08  2.611147E-03  5.840971E-08  2.285565E-07  1.848855E-07  5.763615E-02  1.333432E-06  4.710250E-07  3.947573E-07  6.896678E-05  9.375312E-05  1.247579E-07  5.413158E-08  7.012826E-08  2.592549E-07
 3.411500E+02  6.696387E-01  5.647689E-04  6.605623E-08  8.831030E-08  9.864830E-08  1.196781E-07  1.485829E-01  5.024427E-05  3.229600E-08  1.212703E-01  1.387174E-04  2.933867E-07  3.383689E-08  2.571905E-03  5.597058E-08  2.194776E-07  1.788398E-07  5.701777E-02  1.287385E-06  4.586519E-07  3.841733E-07  6.815989E-05  9.265671E-05  1.193406E-07  5.164586E-08  6.692708E-08  2.492614E-07
 3.421500E+02  6.699679E-01  5.593771E-04  6.427899E-08  8.595275E-08  9.601927E-08  1.165124E-07  1.486038E-01  4.952420E-05  3.073497E-08  1.215772E-01  1.373920E-04  2.813264E-07  3.326823E-08  2.533508E-03  5.364809E-08  2.108149E-07  1.730302E-07  5.640871E-02  1.243142E-06  4.466727E-07  3.739319E-07  6.736595E-05  9.157793E-05  1.141839E-07  4.928749E-08  6.388906E-08  2.397073E-07
 3.431500E+02  6.702920E-01  5.540736E-04  6.256111E-08  8.367348E-08  9.347741E-08  1.134510E-07  1.486242E-01  4.881918E-05  2.925853E-08  1.218794E-01  1.360807E-04  2.698101E-07  3.271045E-08  2.495935E-03  5.143602E-08  2.025471E-07  1.674461E-07  5.580882E-02  1.200625E-06  4.350729E-07  3.640204E-07  6.658472E-05  9.051645E-05  1.092742E-07  4.704934E-08  6.100510E-08  2.305710E-07
 3.441500E+02  6.706111E-01  5.488564E-04  6.090029E-08  8.146946E-08  9.101936E-08  1.104900E-07  1.486442E-01  4.812880E-05  2.786165E-08  1.221771E-01  1.347836E-04  2.588115E-07  3.216334E-08  2.459164E-03  4.932852E-08  1.946540E-07  1.620776E-07  5.521793E-02  1.159761E-06  4.238390E-07  3.544268E-07  6.581598E-05  8.947197E-05  1.045986E-07  4.492470E-08  5.826665E-08  2.218324E-07
 3.451500E+02  6.709253E-01  5.437238E-04  5.929432E-08  7.933779E-08  8.864189E-08  1.076255E-07  1.486638E-01  4.745271E-05  2.653961E-08  1.224703E-01  1.335005E-04  2.483056E-07  3.162674E-08  2.423173E-03  4.732007E-08  1.871165E-07  1.569151E-07  5.463591E-02  1.120479E-06  4.129578E-07  3.451395E-07  6.505952E-05  8.844420E-05  1.001451E-07  4.290727E-08  5.566568E-08  2.134723E-07
 3.461500E+02  6.712346E-01  5.386741E-04  5.774109E-08  7.727570E-08  8.634193E-08  1.048539E-07  1.486830E-01  4.679052E-05  2.528800E-08  1.227592E-01  1.322316E-04  2.382689E-07  3.110043E-08  2.387943E-03  4.540548E-08  1.799167E-07  1.519496E-07  5.406262E-02  1.082712E-06  4.024166E-07  3.361472E-07  6.431511E-05  8.743283E-05  9.590222E-08  4.099113E-08  5.319462E-08  2.054724E-07
 3.471500E+02  6.715392E-01  5.337056E-04  5.623858E-08  7.528055E-08  8.411652E-08  1.021716E-07  1.487017E-01  4.614190E-05  2.410269E-08  1.230437E-01  1.309766E-04  2.286786E-07  3.058425E-08  2.353452E-03  4.357986E-08  1.730375E-07  1.471725E-07  5.349790E-02  1.046395E-06  3.922032E-07  3.274393E-07  6.358255E-05  8.643758E-05  9.185908E-08  3.917070E-08  5.084636E-08  1.978156E-07
 3.481500E+02  6.718392E-01  5.288166E-04  5.478485E-08  7.334978E-08  8.196284E-08  9.957524E-08  1.487201E-01  4.550648E-05  2.297982E-08  1.233240E-01  1.297355E-04  2.195136E-07  3.007801E-08  2.319683E-03  4.183858E-08  1.664631E-07  1.425755E-07  5.294163E-02  1.011467E-06  3.823061E-07  3.190056E-07  6.286163E-05  8.545816E-05  8.800548E-08  3.744076E-08  4.861421E-08  1.904854E-07
 3.491500E+02  6.721346E-01  5.240055E-04  5.337807E-08  7.148099E-08  7.987819E-08  9.706165E-08  1.487381E-01  4.488394E-05  2.191576E-08  1.236001E-01  1.285083E-04  2.107535E-07  2.958152E-08  2.286616E-03  4.017730E-08  1.601782E-07  1.381510E-07  5.239366E-02  9.778694E-07  3.727140E-07  3.108361E-07  6.215213E-05  8.449428E-05  8.433176E-08  3.579637E-08  4.649188E-08  1.834665E-07
 3.501500E+02  6.724254E-01  5.192708E-04  5.201645E-08  6.967183E-08  7.785999E-08  9.462771E-08  1.487558E-01  4.427396E-05  2.090712E-08  1.238721E-01  1.272949E-04  2.023790E-07  2.909461E-08  2.254234E-03  3.859190E-08  1.541685E-07  1.338915E-07  5.185385E-02  9.455469E-07  3.634161E-07  3.029214E-07  6.145386E-05  8.354568E-05  8.082876E-08  3.423288E-08  4.447344E-08  1.767441E-07
 3.511500E+02  6.727119E-01  5.146108E-04  5.069830E-08  6.792009E-08  7.590575E-08  9.227049E-08  1.487731E-01  4.367622E-05  1.995073E-08  1.241400E-01  1.260951E-04  1.943719E-07  2.861709E-08  2.222518E-03  3.707852E-08  1.484205E-07  1.297900E-07  5.132208E-02  9.144458E-07  3.544021E-07  2.952524E-07  6.076662E-05  8.261208E-05  7.748786E-08  3.274595E-08  4.255330E-08  1.703042E-07
 3.521500E+02  6.729940E-01  5.100242E-04  4.942201E-08  6.622364E-08  7.401311E-08  8.998714E-08  1.487900E-01  4.309041E-05  1.904359E-08  1.244040E-01  1.249090E-04  1.867147E-07  2.814879E-08  2.191453E-03  3.563349E-08  1.429213E-07  1.258397E-07  5.079820E-02  8.845152E-07  3.456620E-07  2.878204E-07  6.009022E-05  8.169322E-05  7.430088E-08  3.133144E-08  4.072621E-08  1.641338E-07
 3.531500E+02  6.732718E-01  5.055094E-04  4.818601E-08  6.458044E-08  7.217980E-08  8.777495E-08  1.488066E-01  4.251624E-05  1.818291E-08  1.246640E-01  1.237364E-04  1.793911E-07  2.768953E-08  2.161020E-03  3.425336E-08  1.376589E-07  1.220342E-07  5.028209E-02  8.557065E-07  3.371864E-07  2.806169E-07  5.942445E-05  8.078882E-05  7.126009E-08  2.998549E-08  3.898723E-08  1.582201E-07
 3.541500E+02  6.735454E-01  5.010650E-04  4.698883E-08  6.298852E-08  7.040363E-08  8.563133E-08  1.488228E-01  4.195342E-05  1.736606E-08  1.249202E-01  1.225773E-04  1.723853E-07  2.723915E-08  2.131206E-03  3.293487E-08  1.326218E-07  1.183675E-07  4.977363E-02  8.279732E-07  3.289659E-07  2.736340E-07  5.876913E-05  7.989864E-05  6.835817E-08  2.870446E-08  3.733167E-08  1.525514E-07
 3.551500E+02  6.738149E-01  4.966896E-04  4.582903E-08  6.144601E-08  6.868252E-08  8.355379E-08  1.488388E-01  4.140168E-05  1.659059E-08  1.251726E-01  1.214314E-04  1.656824E-07  2.679747E-08  2.101993E-03  3.167493E-08  1.277991E-07  1.148338E-07  4.927267E-02  8.012708E-07  3.209919E-07  2.668638E-07  5.812408E-05  7.902242E-05  6.558821E-08  2.748489E-08  3.575514E-08  1.471163E-07
 3.561500E+02  6.740803E-01  4.923819E-04  4.470524E-08  5.995112E-08  6.701447E-08  8.153993E-08  1.488544E-01  4.086073E-05  1.585418E-08  1.254213E-01  1.202988E-04  1.592682E-07  2.636432E-08  2.073367E-03  3.047064E-08  1.231806E-07  1.114274E-07  4.877911E-02  7.755572E-07  3.132558E-07  2.602990E-07  5.748912E-05  7.815990E-05  6.294365E-08  2.632355E-08  3.425350E-08  1.419040E-07
 3.571500E+02  6.743418E-01  4.881405E-04  4.361616E-08  5.850212E-08  6.539756E-08  7.958746E-08  1.488697E-01  4.033032E-05  1.515466E-08  1.256664E-01  1.191794E-04  1.531294E-07  2.593954E-08  2.045313E-03  2.931924E-08  1.187565E-07  1.081432E-07  4.829281E-02  7.507916E-07  3.057494E-07  2.539323E-07  5.686405E-05  7.731086E-05  6.041830E-08  2.521739E-08  3.282282E-08  1.369045E-07
 3.581500E+02  6.745993E-01  4.839641E-04  4.256053E-08  5.709736E-08  6.382996E-08  7.769418E-08  1.488847E-01  3.981019E-05  1.448998E-08  1.259078E-01  1.180730E-04  1.472531E-07  2.552297E-08  2.017817E-03  2.821812E-08  1.145176E-07  1.049761E-07  4.781366E-02  7.269354E-07  2.984649E-07  2.477569E-07  5.624872E-05  7.647504E-05  5.800629E-08  2.416351E-08  3.145942E-08  1.321080E-07
 3.591500E+02  6.748530E-01  4.798516E-04  4.153715E-08  5.573525E-08  6.230989E-08  7.585799E-08  1.488994E-01  3.930009E-05  1.385823E-08  1.261457E-01  1.169795E-04  1.416271E-07  2.511445E-08  1.990866E-03  2.716483E-08  1.104552E-07  1.019213E-07  4.734154E-02  7.039515E-07  2.913947E-07  2.417663E-07  5.564294E-05  7.565221E-05  5.570205E-08  2.315921E-08  3.015982E-08  1.275053E-07
 3.601500E+02  6.751029E-01  4.758015E-04  4.054486E-08  5.441428E-08  6.083566E-08  7.407687E-08  1.489138E-01  3.879978E-05  1.325761E-08  1.263801E-01  1.158988E-04  1.362400E-07  2.471381E-08  1.964445E-03  2.615703E-08  1.065609E-07  9.897413E-08  4.687633E-02  6.818046E-07  2.845315E-07  2.359539E-07  5.504654E-05  7.484213E-05  5.350031E-08  2.220191E-08  2.892073E-08  1.230876E-07
 3.611500E+02  6.753490E-01  4.718128E-04  3.958255E-08  5.313298E-08  5.940565E-08  7.234887E-08  1.489279E-01  3.830903E-05  1.268642E-08  1.266111E-01  1.148308E-04  1.310806E-07  2.432090E-08  1.938543E-03  2.519252E-08  1.028270E-07  9.613035E-08  4.641791E-02  6.604609E-07  2.778685E-07  2.303138E-07  5.445936E-05  7.404459E-05  5.139610E-08  2.128919E-08  2.773904E-08  1.188467E-07
 3.621500E+02  6.755915E-01  4.678842E-04  3.864915E-08  5.188996E-08  5.801831E-08  7.067213E-08  1.489418E-01  3.782760E-05  1.214307E-08  1.268387E-01  1.137754E-04  1.261387E-07  2.393557E-08  1.913145E-03  2.426921E-08  9.924597E-08  9.338573E-08  4.596618E-02  6.398881E-07  2.713988E-07  2.248400E-07  5.388124E-05  7.325936E-05  4.938467E-08  2.041877E-08  2.661183E-08  1.147746E-07
 3.631500E+02  6.758305E-01  4.640146E-04  3.774366E-08  5.068386E-08  5.667213E-08  6.904486E-08  1.489554E-01  3.735528E-05  1.162605E-08  1.270631E-01  1.127325E-04  1.214041E-07  2.355766E-08  1.888241E-03  2.338513E-08  9.581075E-08  9.073629E-08  4.552102E-02  6.200551E-07  2.651159E-07  2.195269E-07  5.331201E-05  7.248621E-05  4.746155E-08  1.958848E-08  2.553632E-08  1.108639E-07
 3.641500E+02  6.760659E-01  4.602029E-04  3.686508E-08  4.951341E-08  5.536568E-08  6.746534E-08  1.489688E-01  3.689185E-05  1.113396E-08  1.272841E-01  1.117020E-04  1.168675E-07  2.318704E-08  1.863818E-03  2.253840E-08  9.251466E-08  8.817823E-08  4.508233E-02  6.009324E-07  2.590136E-07  2.143691E-07  5.275151E-05  7.172494E-05  4.562250E-08  1.879629E-08  2.450990E-08  1.071074E-07
 3.651500E+02  6.762978E-01  4.564479E-04  3.601247E-08  4.837735E-08  5.409757E-08  6.593192E-08  1.489819E-01  3.643711E-05  1.066546E-08  1.275020E-01  1.106837E-04  1.125200E-07  2.282355E-08  1.839864E-03  2.172725E-08  8.935131E-08  8.570791E-08  4.464999E-02  5.824917E-07  2.530860E-07  2.093613E-07  5.219960E-05  7.097532E-05  4.386348E-08  1.804026E-08  2.353011E-08  1.034982E-07
 3.661500E+02  6.765263E-01  4.527486E-04  3.518494E-08  4.727451E-08  5.286649E-08  6.444301E-08  1.489947E-01  3.599084E-05  1.021930E-08  1.277167E-01  1.096775E-04  1.083528E-07  2.246704E-08  1.816368E-03  2.094999E-08  8.631467E-08  8.332186E-08  4.422390E-02  5.647059E-07  2.473272E-07  2.044984E-07  5.165611E-05  7.023716E-05  4.218067E-08  1.731858E-08  2.259459E-08  1.000300E-07
 3.671500E+02  6.767515E-01  4.491040E-04  3.438161E-08  4.620373E-08  5.167115E-08  6.299710E-08  1.490073E-01  3.555285E-05  9.794297E-09  1.279283E-01  1.086833E-04  1.043579E-07  2.211739E-08  1.793320E-03  2.020505E-08  8.339900E-08  8.101677E-08  4.380395E-02  5.475492E-07  2.417317E-07  1.997756E-07  5.112090E-05  6.951025E-05  4.057046E-08  1.662953E-08  2.170114E-08  9.669644E-08
 3.681500E+02  6.769733E-01  4.455130E-04  3.360166E-08  4.516392E-08  5.051034E-08  6.159271E-08  1.490197E-01  3.512294E-05  9.389346E-09  1.281369E-01  1.077010E-04  1.005275E-07  2.177444E-08  1.770709E-03  1.949090E-08  8.059885E-08  7.878946E-08  4.339005E-02  5.309967E-07  2.362941E-07  1.951883E-07  5.059382E-05  6.879439E-05  3.902940E-08  1.597148E-08  2.084767E-08  9.349180E-08
 3.691500E+02  6.771920E-01  4.419746E-04  3.284427E-08  4.415402E-08  4.938288E-08  6.022844E-08  1.490318E-01  3.470094E-05  9.003396E-09  1.283425E-01  1.067305E-04  9.685425E-08  2.143807E-08  1.748524E-03  1.880611E-08  7.790905E-08  7.663689E-08  4.298209E-02  5.150247E-07  2.310093E-07  1.907320E-07  5.007473E-05  6.808939E-05  3.755423E-08  1.534288E-08  2.003221E-08  9.041045E-08
 3.701500E+02  6.774074E-01  4.384878E-04  3.210869E-08  4.317301E-08  4.828763E-08  5.890294E-08  1.490437E-01  3.428665E-05  8.635458E-09  1.285451E-01  1.057716E-04  9.333113E-08  2.110813E-08  1.726755E-03  1.814933E-08  7.532466E-08  7.455618E-08  4.257998E-02  4.996105E-07  2.258722E-07  1.864023E-07  4.956349E-05  6.739504E-05  3.614186E-08  1.474228E-08  1.925289E-08  8.744707E-08
 3.711500E+02  6.776197E-01  4.350517E-04  3.139416E-08  4.221993E-08  4.722352E-08  5.761489E-08  1.490554E-01  3.387991E-05  8.284600E-09  1.287449E-01  1.048242E-04  8.995143E-08  2.078451E-08  1.705393E-03  1.751926E-08  7.284103E-08  7.254454E-08  4.218362E-02  4.847324E-07  2.208781E-07  1.821951E-07  4.905995E-05  6.671117E-05  3.478936E-08  1.416831E-08  1.850793E-08  8.459660E-08
 3.721500E+02  6.778290E-01  4.316653E-04  3.069999E-08  4.129383E-08  4.618950E-08  5.636307E-08  1.490669E-01  3.348053E-05  7.949943E-09  1.289417E-01  1.038882E-04  8.670879E-08  2.046706E-08  1.684428E-03  1.691468E-08  7.045368E-08  7.059933E-08  4.179290E-02  4.703695E-07  2.160224E-07  1.781063E-07  4.856398E-05  6.603758E-05  3.349392E-08  1.361965E-08  1.779565E-08  8.185420E-08
 3.731500E+02  6.780352E-01  4.283277E-04  3.002548E-08  4.039381E-08  4.518456E-08  5.514625E-08  1.490781E-01  3.308835E-05  7.630656E-09  1.291358E-01  1.029635E-04  8.359714E-08  2.015567E-08  1.663852E-03  1.633443E-08  6.815841E-08  6.871801E-08  4.140775E-02  4.565019E-07  2.113006E-07  1.741321E-07  4.807545E-05  6.537410E-05  3.225291E-08  1.309508E-08  1.711448E-08  7.921527E-08
