#         T/K            c1          c2-1          c3-4          c3-5          c3-7          c3-9            m1          m2-1          m3-1            w1            w2          w3-1          w3-2          c1m1        c1m2-1        c1m2-7        c2m1-1        c1w1-2        c1w2-1        c2w1-1        c2w1-9        m1w1-1        m1w1-4        m1w2-1        m2w1-1        m2w1-3      c1m1w1-1
 2.731500E+02  7.159888E-02  1.636612E-05  9.904724E-10  1.300019E-09  1.446374E-09  1.724622E-09  5.426227E-01  2.389015E-03  1.135270E-04  3.170095E-01  3.326891E-03  3.551154E-04  4.982648E-06  3.921552E-03  3.281891E-06  1.076893E-05  1.445574E-07  5.281122E-02  3.046177E-05  1.852448E-07  1.626646E-07  2.241963E-03  3.051916E-03  2.003515E-04  1.241713E-04  1.572646E-04  9.594860E-06
 2.741500E+02  7.203971E-02  1.626638E-05  9.610155E-10  1.261783E-09  1.403939E-09  1.674550E-09  5.428020E-01  2.332880E-03  1.048542E-04  3.175777E-01  3.259766E-03  3.299741E-04  4.809813E-06  3.844695E-03  3.079499E-06  1.013754E-05  1.382946E-07  5.200869E-02  2.879963E-05  1.786625E-07  1.567493E-07  2.194090E-03  2.986558E-03  1.858901E-04  1.149692E-04  1.456680E-04  9.032046E-06
 2.751500E+02  7.247301E-02  1.616544E-05  9.324379E-10  1.224673E-09  1.362749E-09  1.625930E-09  5.429748E-01  2.278483E-03  9.690246E-05  3.181327E-01  3.194343E-03  3.067584E-04  4.643960E-06  3.769621E-03  2.890775E-06  9.546880E-06  1.323285E-07  5.121929E-02  2.723643E-05  1.723326E-07  1.510662E-07  2.147544E-03  2.923021E-03  1.725611E-04  1.065082E-04  1.350013E-04  8.505305E-06
 2.761500E+02  7.289887E-02  1.606340E-05  9.047177E-10  1.188662E-09  1.322774E-09  1.578726E-09  5.431415E-01  2.225762E-03  8.960722E-05  3.186750E-01  3.130574E-03  2.853108E-04  4.484780E-06  3.696289E-03  2.714726E-06  8.994105E-06  1.266441E-07  5.044293E-02  2.576588E-05  1.662453E-07  1.456062E-07  2.102284E-03  2.861247E-03  1.602695E-04  9.872445E-05  1.251845E-04  8.012154E-06
 2.771500E+02  7.331737E-02  1.596037E-05  8.778328E-10  1.153721E-09  1.283985E-09  1.532904E-09  5.433024E-01  2.174654E-03  8.291022E-05  3.192049E-01  3.068415E-03  2.654874E-04  4.331977E-06  3.624659E-03  2.550433E-06  8.476590E-06  1.212273E-07  4.967947E-02  2.438211E-05  1.603911E-07  1.403602E-07  2.058268E-03  2.801180E-03  1.489289E-04  9.155961E-05  1.161448E-04  7.550293E-06
 2.781500E+02  7.372860E-02  1.585644E-05  8.517616E-10  1.119824E-09  1.246351E-09  1.488430E-09  5.434577E-01  2.125101E-03  7.675867E-05  3.197229E-01  3.007822E-03  2.471567E-04  4.185271E-06  3.554689E-03  2.397051E-06  7.991902E-06  1.160649E-07  4.892879E-02  2.307964E-05  1.547609E-07  1.353197E-07  2.015458E-03  2.742766E-03  1.384602E-04  8.496082E-05  1.078161E-04  7.117587E-06
 2.791500E+02  7.413265E-02  1.575170E-05  8.264827E-10  1.086944E-09  1.209843E-09  1.445270E-09  5.436077E-01  2.077048E-03  7.110475E-05  3.202293E-01  2.948751E-03  2.301984E-04  4.044392E-06  3.486341E-03  2.253796E-06  7.537787E-06  1.111440E-07  4.819076E-02  2.185334E-05  1.493460E-07  1.304763E-07  1.973815E-03  2.685951E-03  1.287917E-04  7.888003E-05  1.001384E-04  6.712058E-06
 2.801500E+02  7.452960E-02  1.564625E-05  8.019750E-10  1.055054E-09  1.174431E-09  1.403392E-09  5.437527E-01  2.030440E-03  6.590512E-05  3.207245E-01  2.891160E-03  2.145027E-04  3.909085E-06  3.419576E-03  2.119947E-06  7.112157E-06  1.064527E-07  4.746525E-02  2.069845E-05  1.441379E-07  1.258222E-07  1.933303E-03  2.630685E-03  1.198576E-04  7.327349E-05  9.305671E-05  6.331868E-06
 2.811500E+02  7.491955E-02  1.554017E-05  7.782176E-10  1.024129E-09  1.140087E-09  1.362761E-09  5.438930E-01  1.985226E-03  6.112044E-05  3.212087E-01  2.835008E-03  1.999687E-04  3.779105E-06  3.354356E-03  1.994837E-06  6.713077E-06  1.019795E-07  4.675210E-02  1.961051E-05  1.391285E-07  1.213497E-07  1.893885E-03  2.576920E-03  1.115980E-04  6.810141E-05  8.652138E-05  5.975313E-06
 2.821500E+02  7.530261E-02  1.543354E-05  7.551901E-10  9.941423E-10  1.106783E-09  1.323346E-09  5.440286E-01  1.941355E-03  5.671504E-05  3.216823E-01  2.780255E-03  1.865044E-04  3.654219E-06  3.290645E-03  1.877849E-06  6.338751E-06  9.771380E-08  4.605117E-02  1.858533E-05  1.343100E-07  1.170515E-07  1.855528E-03  2.524608E-03  1.039583E-04  6.332755E-05  8.048698E-05  5.640809E-06
 2.831500E+02  7.567885E-02  1.532645E-05  7.328721E-10  9.650683E-10  1.074489E-09  1.285114E-09  5.441599E-01  1.898781E-03  5.265649E-05  3.221457E-01  2.726862E-03  1.740253E-04  3.534204E-06  3.228406E-03  1.768413E-06  5.987515E-06  9.364521E-08  4.536232E-02  1.761904E-05  1.296748E-07  1.129205E-07  1.818199E-03  2.473702E-03  9.688842E-05  5.891889E-05  7.491215E-05  5.326887E-06
 2.841500E+02  7.604838E-02  1.521897E-05  7.112438E-10  9.368822E-10  1.043180E-09  1.248034E-09  5.442870E-01  1.857457E-03  4.891534E-05  3.225990E-01  2.674791E-03  1.624542E-04  3.418850E-06  3.167604E-03  1.666003E-06  5.657823E-06  8.976402E-08  4.468539E-02  1.670800E-05  1.252158E-07  1.089500E-07  1.781864E-03  2.424159E-03  9.034263E-05  5.484533E-05  6.975917E-05  5.032179E-06
 2.851500E+02  7.641129E-02  1.511118E-05  6.902857E-10  9.095592E-10  1.012826E-09  1.212073E-09  5.444102E-01  1.817339E-03  4.546482E-05  3.230425E-01  2.624005E-03  1.517200E-04  3.307952E-06  3.108204E-03  1.570129E-06  5.348240E-06  8.606102E-08  4.402022E-02  1.584880E-05  1.209259E-07  1.051335E-07  1.746493E-03  2.375935E-03  8.427916E-05  5.107943E-05  6.499362E-05  4.755417E-06
 2.861500E+02  7.676769E-02  1.500315E-05  6.699785E-10  8.830752E-10  9.834019E-10  1.177202E-09  5.445295E-01  1.778386E-03  4.228054E-05  3.234766E-01  2.574468E-03  1.417579E-04  3.201320E-06  3.050171E-03  1.480340E-06  5.057435E-06  8.252745E-08  4.336665E-02  1.503826E-05  1.167986E-07  1.014647E-07  1.712057E-03  2.328990E-03  7.865974E-05  4.759612E-05  6.058408E-05  4.495421E-06
 2.871500E+02  7.711768E-02  1.489494E-05  6.503036E-10  8.574062E-10  9.548811E-10  1.143389E-09  5.446452E-01  1.740557E-03  3.934034E-05  3.239015E-01  2.526146E-03  1.325082E-04  3.098768E-06  2.993474E-03  1.396217E-06  4.784169E-06  7.915502E-08  4.272452E-02  1.427342E-05  1.128273E-07  9.793768E-08  1.678525E-03  2.283283E-03  7.344937E-05  4.437254E-05  5.650184E-05  4.251092E-06
 2.881500E+02  7.746134E-02  1.478664E-05  6.312423E-10  8.325289E-10  9.272378E-10  1.110606E-09  5.447573E-01  1.703812E-03  3.662399E-05  3.243174E-01  2.479004E-03  1.239160E-04  3.000122E-06  2.938080E-03  1.317374E-06  4.527294E-06  7.593584E-08  4.209367E-02  1.355150E-05  1.090059E-07  9.454666E-08  1.645871E-03  2.238777E-03  6.861596E-05  4.138779E-05  5.272069E-05  4.021410E-06
 2.891500E+02  7.779879E-02  1.467829E-05  6.127767E-10  8.084204E-10  9.004465E-10  1.078823E-09  5.448661E-01  1.668115E-03  3.411309E-05  3.247245E-01  2.433010E-03  1.159313E-04  2.905215E-06  2.883955E-03  1.243450E-06  4.285738E-06  7.286244E-08  4.147393E-02  1.286989E-05  1.053284E-07  9.128613E-08  1.614066E-03  2.195433E-03  6.413012E-05  3.862277E-05  4.921664E-05  3.805426E-06
 2.901500E+02  7.813012E-02  1.456995E-05  5.948890E-10  7.850582E-10  8.744826E-10  1.048011E-09  5.449717E-01  1.633429E-03  3.179084E-05  3.251231E-01  2.388132E-03  1.085076E-04  2.813887E-06  2.831071E-03  1.174114E-06  4.058508E-06  6.992773E-08  4.086515E-02  1.222617E-05  1.017892E-07  8.815082E-08  1.583085E-03  2.153215E-03  5.996491E-05  3.606002E-05  4.596775E-05  3.602254E-06
 2.911500E+02  7.845544E-02  1.446169E-05  5.775620E-10  7.624203E-10  8.493217E-10  1.018143E-09  5.450742E-01  1.599721E-03  2.964191E-05  3.255134E-01  2.344337E-03  1.016028E-04  2.725986E-06  2.779395E-03  1.109055E-06  3.844679E-06  6.712497E-08  4.026715E-02  1.161805E-05  9.838286E-08  8.513563E-08  1.552902E-03  2.112090E-03  5.609560E-05  3.368353E-05  4.295394E-05  3.411071E-06
 2.921500E+02  7.877483E-02  1.435356E-05  5.607787E-10  7.404852E-10  8.249401E-10  9.891900E-10  5.451737E-01  1.566956E-03  2.765231E-05  3.258956E-01  2.301598E-03  9.517758E-05  2.641367E-06  2.728899E-03  1.047987E-06  3.643390E-06  6.444778E-08  3.967976E-02  1.104341E-05  9.510399E-08  8.223571E-08  1.523494E-03  2.072023E-03  5.249951E-05  3.147870E-05  4.015682E-05  3.231112E-06
 2.931500E+02  7.908840E-02  1.424560E-05  5.445226E-10  7.192319E-10  8.013145E-10  9.611261E-10  5.452704E-01  1.535103E-03  2.580926E-05  3.262699E-01  2.259883E-03  8.919620E-05  2.559891E-06  2.679554E-03  9.906440E-07  3.453838E-06  6.189009E-08  3.910283E-02  1.050026E-05  9.194761E-08  7.944639E-08  1.494836E-03  2.032983E-03  4.915582E-05  2.943210E-05  3.755954E-05  3.061661E-06
 2.941500E+02  7.939625E-02  1.413788E-05  5.287776E-10  6.986398E-10  7.784222E-10  9.339246E-10  5.453643E-01  1.504131E-03  2.410106E-05  3.266364E-01  2.219164E-03  8.362560E-05  2.481428E-06  2.631331E-03  9.367796E-07  3.275279E-06  5.944614E-08  3.853618E-02  9.986712E-06  8.890885E-08  7.676318E-08  1.466906E-03  1.994936E-03  4.604540E-05  2.753147E-05  3.514665E-05  2.902052E-06
 2.951500E+02  7.969848E-02  1.403043E-05  5.135280E-10  6.786888E-10  7.562411E-10  9.075599E-10  5.454555E-01  1.474011E-03  2.251704E-05  3.269955E-01  2.179415E-03  7.843537E-05  2.405850E-06  2.584202E-03  8.861639E-07  3.107015E-06  5.711047E-08  3.797965E-02  9.501033E-06  8.598307E-08  7.418179E-08  1.439681E-03  1.957855E-03  4.315066E-05  2.576553E-05  3.290399E-05  2.751666E-06
 2.961500E+02  7.999519E-02  1.392329E-05  4.987584E-10  6.593595E-10  7.347494E-10  8.820069E-10  5.455442E-01  1.444714E-03  2.104742E-05  3.273473E-01  2.140607E-03  7.359750E-05  2.333037E-06  2.538141E-03  8.385837E-07  2.948399E-06  5.487790E-08  3.743307E-02  9.041577E-06  8.316579E-08  7.169811E-08  1.413141E-03  1.921709E-03  4.045545E-05  2.412396E-05  3.081854E-05  2.609923E-06
 2.971500E+02  8.028646E-02  1.381652E-05  4.844539E-10  6.406326E-10  7.139262E-10  8.572410E-10  5.456305E-01  1.416214E-03  1.968325E-05  3.276919E-01  2.102716E-03  6.908619E-05  2.262875E-06  2.493121E-03  7.938410E-07  2.798827E-06  5.274348E-08  3.689627E-02  8.606808E-06  8.045273E-08  6.930818E-08  1.387265E-03  1.886469E-03  3.794489E-05  2.259728E-05  2.887838E-05  2.476284E-06
 2.981500E+02  8.057240E-02  1.371015E-05  4.705998E-10  6.224897E-10  6.937507E-10  8.332382E-10  5.457144E-01  1.388483E-03  1.841631E-05  3.280295E-01  2.065716E-03  6.487765E-05  2.195254E-06  2.449116E-03  7.517513E-07  2.657735E-06  5.070255E-08  3.636910E-02  8.195286E-06  7.783976E-08  6.700822E-08  1.362032E-03  1.852110E-03  3.560530E-05  2.117677E-05  2.707253E-05  2.350245E-06
 2.991500E+02  8.085310E-02  1.360421E-05  4.571822E-10  6.049125E-10  6.742030E-10  8.099753E-10  5.457960E-01  1.361497E-03  1.723910E-05  3.283603E-01  2.029583E-03  6.094993E-05  2.130070E-06  2.406102E-03  7.121433E-07  2.524598E-06  4.875067E-08  3.585139E-02  7.805659E-06  7.532294E-08  6.479461E-08  1.337425E-03  1.818604E-03  3.342409E-05  1.985444E-05  2.539091E-05  2.231335E-06
 3.001500E+02  8.112866E-02  1.349875E-05  4.441870E-10  5.878834E-10  6.552636E-10  7.874296E-10  5.458754E-01  1.335232E-03  1.614473E-05  3.286844E-01  1.994292E-03  5.728280E-05  2.067223E-06  2.364053E-03  6.748575E-07  2.398925E-06  4.688360E-08  3.534297E-02  7.436662E-06  7.289847E-08  6.266385E-08  1.313424E-03  1.785926E-03  3.138965E-05  1.862292E-05  2.382427E-05  2.119116E-06
 3.011500E+02  8.139916E-02  1.339379E-05  4.316011E-10  5.713853E-10  6.369133E-10  7.655788E-10  5.459527E-01  1.309663E-03  1.512687E-05  3.290021E-01  1.959821E-03  5.385759E-05  2.006617E-06  2.322946E-03  6.397454E-07  2.280258E-06  4.509735E-08  3.484369E-02  7.087105E-06  7.056272E-08  6.061263E-08  1.290011E-03  1.754052E-03  2.949129E-05  1.747547E-05  2.236407E-05  2.013178E-06
 3.021500E+02  8.166471E-02  1.328936E-05  4.194112E-10  5.554014E-10  6.191339E-10  7.444015E-10  5.460279E-01  1.284769E-03  1.417970E-05  3.293134E-01  1.926147E-03  5.065703E-05  1.948161E-06  2.282758E-03  6.066687E-07  2.168169E-06  4.338811E-08  3.435338E-02  6.755874E-06  6.831219E-08  5.863774E-08  1.267170E-03  1.722958E-03  2.771915E-05  1.640586E-05  2.100246E-05  1.913138E-06
 3.031500E+02  8.192539E-02  1.318550E-05  4.076048E-10  5.399155E-10  6.019071E-10  7.238766E-10  5.461012E-01  1.260528E-03  1.329791E-05  3.296185E-01  1.893250E-03  4.766521E-05  1.891769E-06  2.243466E-03  5.754986E-07  2.062258E-06  4.175226E-08  3.387189E-02  6.441921E-06  6.614353E-08  5.673612E-08  1.244882E-03  1.692620E-03  2.606414E-05  1.540835E-05  1.973222E-05  1.818637E-06
 3.041500E+02  8.218130E-02  1.308223E-05  3.961695E-10  5.249118E-10  5.852157E-10  7.039838E-10  5.461726E-01  1.236919E-03  1.247659E-05  3.299175E-01  1.861107E-03  4.486739E-05  1.837357E-06  2.205047E-03  5.461151E-07  1.962154E-06  4.018636E-08  3.339906E-02  6.144266E-06  6.405353E-08  5.490483E-08  1.223133E-03  1.663017E-03  2.451787E-05  1.447767E-05  1.854670E-05  1.729342E-06
 3.051500E+02  8.243251E-02  1.297957E-05  3.850934E-10  5.103750E-10  5.690426E-10  6.847032E-10  5.462421E-01  1.213922E-03  1.171123E-05  3.302107E-01  1.829698E-03  4.224996E-05  1.784846E-06  2.167480E-03  5.184063E-07  1.867505E-06  3.868716E-08  3.293473E-02  5.861984E-06  6.203910E-08  5.314106E-08  1.201907E-03  1.634127E-03  2.307259E-05  1.360896E-05  1.743974E-05  1.644939E-06
 3.061500E+02  8.267913E-02  1.287756E-05  3.743649E-10  4.962901E-10  5.533712E-10  6.660157E-10  5.463098E-01  1.191517E-03  1.099769E-05  3.304980E-01  1.799004E-03  3.980034E-05  1.734160E-06  2.130744E-03  4.922678E-07  1.777987E-06  3.725153E-08  3.247875E-02  5.594209E-06  6.009729E-08  5.144211E-08  1.181187E-03  1.605930E-03  2.172114E-05  1.279775E-05  1.640571E-05  1.565136E-06
 3.071500E+02  8.292124E-02  1.277620E-05  3.639728E-10  4.826428E-10  5.381857E-10  6.479023E-10  5.463758E-01  1.169687E-03  1.033216E-05  3.307797E-01  1.769005E-03  3.750687E-05  1.685227E-06  2.094818E-03  4.676023E-07  1.693294E-06  3.587654E-08  3.203097E-02  5.340128E-06  5.822525E-08  4.980540E-08  1.160961E-03  1.578405E-03  2.045692E-05  1.203988E-05  1.543937E-05  1.489659E-06
 3.081500E+02  8.315891E-02  1.267553E-05  3.539061E-10  4.694189E-10  5.234704E-10  6.303450E-10  5.464401E-01  1.148412E-03  9.711114E-06  3.310560E-01  1.739683E-03  3.535878E-05  1.637977E-06  2.059682E-03  4.443190E-07  1.613140E-06  3.455939E-08  3.159123E-02  5.098975E-06  5.642027E-08  4.822844E-08  1.141213E-03  1.551533E-03  1.927382E-05  1.133156E-05  1.453591E-05  1.418252E-06
 3.091500E+02  8.339225E-02  1.257556E-05  3.441543E-10  4.566048E-10  5.092102E-10  6.133261E-10  5.465029E-01  1.127676E-03  9.131326E-06  3.313268E-01  1.711020E-03  3.334607E-05  1.592343E-06  2.025317E-03  4.223331E-07  1.537258E-06  3.329740E-08  3.115940E-02  4.870031E-06  5.467972E-08  4.670887E-08  1.121930E-03  1.525295E-03  1.816618E-05  1.066926E-05  1.369087E-05  1.350674E-06
 3.101500E+02  8.362132E-02  1.247630E-05  3.347070E-10  4.441874E-10  4.953906E-10  5.968285E-10  5.465640E-01  1.107462E-03  8.589811E-06  3.315923E-01  1.682998E-03  3.145950E-05  1.548263E-06  1.991703E-03  4.015654E-07  1.465398E-06  3.208804E-08  3.073532E-02  4.652620E-06  5.300111E-08  4.524441E-08  1.103099E-03  1.499673E-03  1.712878E-05  1.004973E-05  1.290015E-05  1.286701E-06
 3.111500E+02  8.384622E-02  1.237778E-05  3.255545E-10  4.321539E-10  4.819973E-10  5.808356E-10  5.466237E-01  1.087754E-03  8.083818E-06  3.318527E-01  1.655600E-03  2.969049E-05  1.505675E-06  1.958823E-03  3.819420E-07  1.397325E-06  3.092890E-08  3.031885E-02  4.446107E-06  5.138203E-08  4.383288E-08  1.084707E-03  1.474650E-03  1.615678E-05  9.469970E-06  1.215995E-05  1.226123E-06
 3.121500E+02  8.406701E-02  1.228001E-05  3.166869E-10  4.204917E-10  4.690166E-10  5.653311E-10  5.466818E-01  1.068537E-03  7.610809E-06  3.321081E-01  1.628810E-03  2.803111E-05  1.464523E-06  1.926657E-03  3.633937E-07  1.332819E-06  2.981769E-08  2.990985E-02  4.249892E-06  4.982017E-08  4.247218E-08  1.066741E-03  1.450209E-03  1.524570E-05  8.927192E-06  1.146674E-05  1.168742E-06
 3.131500E+02  8.428379E-02  1.218299E-05  3.080950E-10  4.091890E-10  4.564352E-10  5.502996E-10  5.467386E-01  1.049795E-03  7.168442E-06  3.323585E-01  1.602611E-03  2.647397E-05  1.424749E-06  1.895189E-03  3.458559E-07  1.271676E-06  2.875223E-08  2.950817E-02  4.063414E-06  4.831333E-08  4.116032E-08  1.049190E-03  1.426333E-03  1.439138E-05  8.418832E-06  1.081729E-05  1.114374E-06
 3.141500E+02  8.449663E-02  1.208675E-05  2.997699E-10  3.982340E-10  4.442400E-10  5.357258E-10  5.467940E-01  1.031514E-03  6.754554E-06  3.326042E-01  1.576989E-03  2.501224E-05  1.386301E-06  1.864401E-03  3.292682E-07  1.213701E-06  2.773044E-08  2.911368E-02  3.886142E-06  4.685937E-08  3.989537E-08  1.032041E-03  1.403007E-03  1.358998E-05  7.942514E-06  1.020858E-05  1.062844E-06
 3.151500E+02  8.470561E-02  1.199130E-05  2.917026E-10  3.876154E-10  4.324187E-10  5.215950E-10  5.468480E-01  1.013680E-03  6.367146E-06  3.328451E-01  1.551927E-03  2.363958E-05  1.349129E-06  1.834276E-03  3.135742E-07  1.158714E-06  2.675036E-08  2.872624E-02  3.717579E-06  4.545626E-08  3.867550E-08  1.015285E-03  1.380214E-03  1.283794E-05  7.496037E-06  9.637832E-06  1.013992E-06
 3.161500E+02  8.491079E-02  1.189664E-05  2.838848E-10  3.773223E-10  4.209590E-10  5.078931E-10  5.469008E-01  9.962796E-04  6.004371E-06  3.330814E-01  1.527412E-03  2.235007E-05  1.313183E-06  1.804798E-03  2.987209E-07  1.106545E-06  2.581010E-08  2.834572E-02  3.557254E-06  4.410205E-08  3.749893E-08  9.989089E-04  1.357941E-03  1.213194E-05  7.077365E-06  9.102458E-06  9.676625E-07
 3.171500E+02  8.511227E-02  1.180278E-05  2.763082E-10  3.673441E-10  4.098493E-10  4.946061E-10  5.469523E-01  9.793002E-04  5.664519E-06  3.333133E-01  1.503428E-03  2.113827E-05  1.278417E-06  1.775951E-03  2.846589E-07  1.057034E-06  2.490789E-08  2.797198E-02  3.404726E-06  4.279487E-08  3.636398E-08  9.829033E-04  1.336172E-03  1.146891E-05  6.684610E-06  8.600068E-06  9.237143E-07
 3.181500E+02  8.531010E-02  1.170973E-05  2.689649E-10  3.576706E-10  3.990782E-10  4.817209E-10  5.470026E-01  9.627290E-04  5.346011E-06  3.335407E-01  1.479964E-03  1.999906E-05  1.244786E-06  1.747720E-03  2.713418E-07  1.010033E-06  2.404201E-08  2.760490E-02  3.259578E-06  4.153291E-08  3.526903E-08  9.672579E-04  1.314894E-03  1.084601E-05  6.316022E-06  8.128447E-06  8.820125E-07
 3.191500E+02  8.550437E-02  1.161750E-05  2.618473E-10  3.482919E-10  3.886346E-10  4.692243E-10  5.470517E-01  9.465540E-04  5.047382E-06  3.337639E-01  1.457004E-03  1.892773E-05  1.212247E-06  1.720090E-03  2.587263E-07  9.654006E-07  2.321085E-08  2.724435E-02  3.121417E-06  4.031445E-08  3.421252E-08  9.519627E-04  1.294093E-03  1.026060E-05  5.969980E-06  7.685537E-06  8.424309E-07
 3.201500E+02  8.569513E-02  1.152609E-05  2.549480E-10  3.391982E-10  3.785080E-10  4.571040E-10  5.470997E-01  9.307636E-04  4.767280E-06  3.339828E-01  1.434536E-03  1.791987E-05  1.180760E-06  1.693045E-03  2.467716E-07  9.230052E-07  2.241288E-08  2.689020E-02  2.989874E-06  3.913784E-08  3.319296E-08  9.370082E-04  1.273757E-03  9.710207E-06  5.644978E-06  7.269431E-06  8.048511E-07
 3.211500E+02  8.588247E-02  1.143552E-05  2.482596E-10  3.303805E-10  3.686879E-10  4.453477E-10  5.471465E-01  9.153464E-04  4.504447E-06  3.341976E-01  1.412547E-03  1.697140E-05  1.150286E-06  1.666572E-03  2.354397E-07  8.827228E-07  2.164661E-08  2.654233E-02  2.864600E-06  3.800148E-08  3.220893E-08  9.223852E-04  1.253873E-03  9.192554E-06  5.339621E-06  6.878357E-06  7.691617E-07
 3.221500E+02  8.606644E-02  1.134577E-05  2.417754E-10  3.218295E-10  3.591646E-10  4.339438E-10  5.471923E-01  9.002916E-04  4.257720E-06  3.344085E-01  1.391025E-03  1.607850E-05  1.120786E-06  1.640656E-03  2.246948E-07  8.444370E-07  2.091066E-08  2.620062E-02  2.745265E-06  3.690385E-08  3.125905E-08  9.080846E-04  1.234427E-03  8.705517E-06  5.052612E-06  6.510670E-06  7.352580E-07
 3.231500E+02  8.624712E-02  1.125686E-05  2.354886E-10  3.135368E-10  3.499282E-10  4.228809E-10  5.472370E-01  8.855887E-04  4.026022E-06  3.346153E-01  1.369959E-03  1.523762E-05  1.092224E-06  1.615285E-03  2.145035E-07  8.080383E-07  2.020370E-08  2.586494E-02  2.631560E-06  3.584350E-08  3.034202E-08  8.940979E-04  1.215410E-03  8.247119E-06  4.782747E-06  6.164842E-06  7.030418E-07
 3.241500E+02  8.642457E-02  1.116879E-05  2.293927E-10  3.054938E-10  3.409695E-10  4.121479E-10  5.472807E-01  8.712276E-04  3.808350E-06  3.348184E-01  1.349336E-03  1.444548E-05  1.064567E-06  1.590444E-03  2.048343E-07  7.734238E-07  1.952445E-08  2.553518E-02  2.523193E-06  3.481901E-08  2.945656E-08  8.804165E-04  1.196808E-03  7.815524E-06  4.528906E-06  5.839452E-06  6.724204E-07
 3.251500E+02  8.659885E-02  1.108156E-05  2.234814E-10  2.976924E-10  3.322794E-10  4.017343E-10  5.473235E-01  8.571985E-04  3.603777E-06  3.350176E-01  1.329145E-03  1.369899E-05  1.037780E-06  1.566121E-03  1.956577E-07  7.404966E-07  1.887172E-08  2.521123E-02  2.419885E-06  3.382903E-08  2.860149E-08  8.670324E-04  1.178611E-03  7.409021E-06  4.290051E-06  5.533180E-06  6.433069E-07
 3.261500E+02  8.677003E-02  1.099517E-05  2.177487E-10  2.901247E-10  3.238492E-10  3.916298E-10  5.473652E-01  8.434919E-04  3.411440E-06  3.352132E-01  1.309376E-03  1.299527E-05  1.011833E-06  1.542304E-03  1.869460E-07  7.091657E-07  1.824434E-08  2.489298E-02  2.321378E-06  3.287229E-08  2.777562E-08  8.539377E-04  1.160808E-03  7.026016E-06  4.065214E-06  5.244796E-06  6.156195E-07
 3.271500E+02  8.693817E-02  1.090963E-05  2.121887E-10  2.827833E-10  3.156705E-10  3.818244E-10  5.474060E-01  8.300985E-04  3.230538E-06  3.354052E-01  1.290018E-03  1.233167E-05  9.866937E-07  1.518980E-03  1.786733E-07  6.793453E-07  1.764123E-08  2.458030E-02  2.227425E-06  3.194752E-08  2.697787E-08  8.411246E-04  1.143389E-03  6.665027E-06  3.853495E-06  4.973159E-06  5.892810E-07
 3.281500E+02  8.710333E-02  1.082492E-05  2.067958E-10  2.756606E-10  3.077352E-10  3.723084E-10  5.474460E-01  8.170097E-04  3.060327E-06  3.355936E-01  1.271060E-03  1.170569E-05  9.623342E-07  1.496137E-03  1.708151E-07  6.509546E-07  1.706133E-08  2.427309E-02  2.137792E-06  3.105355E-08  2.620715E-08  8.285858E-04  1.126344E-03  6.324670E-06  3.654057E-06  4.717202E-06  5.642190E-07
 3.291500E+02  8.726557E-02  1.074107E-05  2.015644E-10  2.687496E-10  3.000352E-10  3.630727E-10  5.474850E-01  8.042168E-04  2.900115E-06  3.357786E-01  1.252493E-03  1.111499E-05  9.387260E-07  1.473763E-03  1.633485E-07  6.239176E-07  1.650366E-08  2.397126E-02  2.052262E-06  3.018923E-08  2.546246E-08  8.163141E-04  1.109662E-03  6.003656E-06  3.466120E-06  4.475936E-06  5.403652E-07
 3.301500E+02  8.742495E-02  1.065805E-05  1.964894E-10  2.620434E-10  2.925631E-10  3.541081E-10  5.475232E-01  7.917116E-04  2.749258E-06  3.359602E-01  1.234306E-03  1.055741E-05  9.158423E-07  1.451849E-03  1.562518E-07  5.981627E-07  1.596725E-08  2.367468E-02  1.970625E-06  2.935346E-08  2.474280E-08  8.043025E-04  1.093334E-03  5.700783E-06  3.288959E-06  4.248437E-06  5.176552E-07
 3.311500E+02  8.758152E-02  1.057587E-05  1.915654E-10  2.555354E-10  2.853114E-10  3.454060E-10  5.475605E-01  7.794860E-04  2.607158E-06  3.361386E-01  1.216491E-03  1.003093E-05  8.936570E-07  1.430381E-03  1.495050E-07  5.736224E-07  1.545121E-08  2.338325E-02  1.892687E-06  2.854518E-08  2.404724E-08  7.925442E-04  1.077351E-03  5.414931E-06  3.121896E-06  4.033843E-06  4.960285E-07
 3.321500E+02  8.773535E-02  1.049453E-05  1.867878E-10  2.492191E-10  2.782730E-10  3.369579E-10  5.475971E-01  7.675323E-04  2.473259E-06  3.363137E-01  1.199039E-03  9.533637E-06  8.721456E-07  1.409350E-03  1.430888E-07  5.502330E-07  1.495467E-08  2.309689E-02  1.818262E-06  2.776339E-08  2.337488E-08  7.810327E-04  1.061704E-03  5.145052E-06  2.964302E-06  3.831354E-06  4.754279E-07
 3.331500E+02  8.788647E-02  1.041403E-05  1.821516E-10  2.430884E-10  2.714410E-10  3.287558E-10  5.476328E-01  7.558430E-04  2.347040E-06  3.364856E-01  1.181939E-03  9.063777E-06  8.512841E-07  1.388746E-03  1.369853E-07  5.279346E-07  1.447681E-08  2.281548E-02  1.747174E-06  2.700711E-08  2.272485E-08  7.697617E-04  1.046385E-03  4.890169E-06  2.815588E-06  3.640219E-06  4.557995E-07
 3.341500E+02  8.803496E-02  1.033436E-05  1.776522E-10  2.371373E-10  2.648087E-10  3.207916E-10  5.476678E-01  7.444109E-04  2.228019E-06  3.366544E-01  1.165185E-03  8.619692E-06  8.310497E-07  1.368558E-03  1.311777E-07  5.066707E-07  1.401685E-08  2.253893E-02  1.679257E-06  2.627541E-08  2.209632E-08  7.587249E-04  1.031384E-03  4.649371E-06  2.675206E-06  3.459742E-06  4.370926E-07
 3.351500E+02  8.818086E-02  1.025553E-05  1.732853E-10  2.313599E-10  2.583698E-10  3.130580E-10  5.477020E-01  7.332289E-04  2.115745E-06  3.368202E-01  1.148766E-03  8.199838E-06  8.114204E-07  1.348775E-03  1.256501E-07  4.863877E-07  1.357402E-08  2.226715E-02  1.614355E-06  2.556740E-08  2.148848E-08  7.479163E-04  1.016694E-03  4.421805E-06  2.542644E-06  3.289270E-06  4.192594E-07
 3.361500E+02  8.832422E-02  1.017752E-05  1.690464E-10  2.257507E-10  2.521180E-10  3.055473E-10  5.477356E-01  7.222903E-04  2.009799E-06  3.369831E-01  1.132676E-03  7.802767E-06  7.923751E-07  1.329390E-03  1.203876E-07  4.670354E-07  1.314762E-08  2.200003E-02  1.552320E-06  2.488220E-08  2.090059E-08  7.373302E-04  1.002307E-03  4.206675E-06  2.417425E-06  3.128194E-06  4.022545E-07
 3.371500E+02  8.846510E-02  1.010033E-05  1.649315E-10  2.203043E-10  2.460473E-10  2.982527E-10  5.477684E-01  7.115884E-04  1.909789E-06  3.371430E-01  1.116906E-03  7.427128E-06  7.738935E-07  1.310391E-03  1.153760E-07  4.485663E-07  1.273696E-08  2.173750E-02  1.493011E-06  2.421900E-08  2.033189E-08  7.269609E-04  9.882143E-04  4.003235E-06  2.299101E-06  2.975946E-06  3.860355E-07
 3.381500E+02  8.860354E-02  1.002396E-05  1.609366E-10  2.150153E-10  2.401519E-10  2.911671E-10  5.478005E-01  7.011170E-04  1.815350E-06  3.373001E-01  1.101448E-03  7.071654E-06  7.559563E-07  1.291771E-03  1.106021E-07  4.309354E-07  1.234139E-08  2.147945E-02  1.436294E-06  2.357699E-08  1.978169E-08  7.168030E-04  9.744097E-04  3.810789E-06  2.187257E-06  2.831995E-06  3.705620E-07
 3.391500E+02  8.873960E-02  9.948411E-06  1.570577E-10  2.098789E-10  2.344261E-10  2.842840E-10  5.478319E-01  6.908698E-04  1.726141E-06  3.374544E-01  1.086295E-03  6.735161E-06  7.385445E-07  1.273520E-03  1.060533E-07  4.141004E-07  1.196029E-08  2.122581E-02  1.382045E-06  2.295542E-08  1.924931E-08  7.068511E-04  9.608855E-04  3.628686E-06  2.081503E-06  2.695844E-06  3.557960E-07
 3.401500E+02  8.887331E-02  9.873669E-06  1.532911E-10  2.048900E-10  2.288646E-10  2.775970E-10  5.478627E-01  6.808409E-04  1.641844E-06  3.376060E-01  1.071440E-03  6.416539E-06  7.216403E-07  1.255629E-03  1.017180E-07  3.980211E-07  1.159306E-08  2.097648E-02  1.330144E-06  2.235356E-08  1.873410E-08  6.971001E-04  9.476346E-04  3.456316E-06  1.981474E-06  2.567029E-06  3.417017E-07
 3.411500E+02  8.900473E-02  9.799732E-06  1.496332E-10  2.000441E-10  2.234621E-10  2.710997E-10  5.478929E-01  6.710246E-04  1.562161E-06  3.377549E-01  1.056875E-03  6.114748E-06  7.052263E-07  1.238091E-03  9.758488E-08  3.826599E-07  1.123913E-08  2.073138E-02  1.280478E-06  2.177069E-08  1.823543E-08  6.875450E-04  9.346503E-04  3.293108E-06  1.886830E-06  2.445115E-06  3.282450E-07
 3.421500E+02  8.913390E-02  9.726596E-06  1.460806E-10  1.953364E-10  2.182136E-10  2.647863E-10  5.479224E-01  6.614151E-04  1.486815E-06  3.379012E-01  1.042594E-03  5.828814E-06  6.892860E-07  1.220896E-03  9.364360E-08  3.679808E-07  1.089797E-08  2.049043E-02  1.232939E-06  2.120614E-08  1.775271E-08  6.781809E-04  9.219258E-04  3.138527E-06  1.797254E-06  2.329695E-06  3.153941E-07
 3.431500E+02  8.926087E-02  9.654255E-06  1.426297E-10  1.907627E-10  2.131141E-10  2.586508E-10  5.479513E-01  6.520071E-04  1.415546E-06  3.380450E-01  1.028589E-03  5.557824E-06  6.738033E-07  1.204037E-03  8.988421E-08  3.539502E-07  1.056905E-08  2.025355E-02  1.187428E-06  2.065925E-08  1.728536E-08  6.690032E-04  9.094548E-04  2.992074E-06  1.712445E-06  2.220390E-06  3.031186E-07
 3.441500E+02  8.938568E-02  9.582703E-06  1.392774E-10  1.863186E-10  2.081590E-10  2.526878E-10  5.479796E-01  6.427953E-04  1.348111E-06  3.381862E-01  1.014855E-03  5.300921E-06  6.587627E-07  1.187506E-03  8.629740E-08  3.405359E-07  1.025188E-08  2.002065E-02  1.143846E-06  2.012941E-08  1.683282E-08  6.600071E-04  8.972310E-04  2.853278E-06  1.632126E-06  2.116842E-06  2.913898E-07
 3.451500E+02  8.950838E-02  9.511935E-06  1.360206E-10  1.820001E-10  2.033436E-10  2.468918E-10  5.480074E-01  6.337746E-04  1.284284E-06  3.383250E-01  1.001384E-03  5.057303E-06  6.441496E-07  1.171296E-03  8.287435E-08  3.277078E-07  9.945987E-09  1.979167E-02  1.102104E-06  1.961602E-08  1.639456E-08  6.511884E-04  8.852484E-04  2.721700E-06  1.556035E-06  2.018719E-06  2.801808E-07
 3.461500E+02  8.962900E-02  9.441945E-06  1.328561E-10  1.778031E-10  1.986636E-10  2.412576E-10  5.480346E-01  6.249400E-04  1.223851E-06  3.384614E-01  9.881718E-04  4.826215E-06  6.299497E-07  1.155398E-03  7.960675E-08  3.154372E-07  9.650917E-09  1.956651E-02  1.062114E-06  1.911848E-08  1.597008E-08  6.425426E-04  8.735010E-04  2.596926E-06  1.483927E-06  1.925707E-06  2.694658E-07
 3.471500E+02  8.974758E-02  9.372726E-06  1.297810E-10  1.737240E-10  1.941146E-10  2.357800E-10  5.480613E-01  6.162869E-04  1.166615E-06  3.385955E-01  9.752109E-04  4.606951E-06  6.161492E-07  1.139807E-03  7.648673E-08  3.036971E-07  9.366237E-09  1.934511E-02  1.023795E-06  1.863625E-08  1.555887E-08  6.340655E-04  8.619832E-04  2.478571E-06  1.415572E-06  1.837513E-06  2.592206E-07
 3.481500E+02  8.986418E-02  9.304273E-06  1.267926E-10  1.697588E-10  1.896926E-10  2.304543E-10  5.480874E-01  6.078105E-04  1.112388E-06  3.387272E-01  9.624958E-04  4.398846E-06  6.027350E-07  1.124514E-03  7.350688E-08  2.924617E-07  9.091535E-09  1.912740E-02  9.870692E-07  1.816879E-08  1.516048E-08  6.257532E-04  8.506893E-04  2.366271E-06  1.350756E-06  1.753863E-06  2.494223E-07
 3.491500E+02  8.997881E-02  9.236579E-06  1.238880E-10  1.659041E-10  1.853936E-10  2.252756E-10  5.481130E-01  5.995063E-04  1.060997E-06  3.388567E-01  9.500208E-04  4.201276E-06  5.896944E-07  1.109513E-03  7.066018E-08  2.817069E-07  8.826416E-09  1.891330E-02  9.518621E-07  1.771559E-08  1.477445E-08  6.176015E-04  8.396140E-04  2.259686E-06  1.289277E-06  1.674497E-06  2.400493E-07
 3.501500E+02  9.009154E-02  9.169638E-06  1.210647E-10  1.621564E-10  1.812137E-10  2.202394E-10  5.481381E-01  5.913700E-04  1.012278E-06  3.389840E-01  9.377805E-04  4.013655E-06  5.770151E-07  1.094797E-03  6.794000E-08  2.714095E-07  8.570500E-09  1.870274E-02  9.181038E-07  1.727615E-08  1.440034E-08  6.096068E-04  8.287520E-04  2.158494E-06  1.230946E-06  1.599175E-06  2.310808E-07
 3.511500E+02  9.020238E-02  9.103443E-06  1.183200E-10  1.585123E-10  1.771492E-10  2.153414E-10  5.481627E-01  5.833973E-04  9.660781E-07  3.391091E-01  9.257693E-04  3.835434E-06  5.646854E-07  1.080360E-03  6.534007E-08  2.615478E-07  8.323426E-09  1.849566E-02  8.857277E-07  1.684999E-08  1.403773E-08  6.017651E-04  8.180983E-04  2.062397E-06  1.175584E-06  1.527669E-06  2.224975E-07
 3.521500E+02  9.031139E-02  9.037988E-06  1.156514E-10  1.549686E-10  1.731966E-10  2.105771E-10  5.481869E-01  5.755841E-04  9.222531E-07  3.392321E-01  9.139820E-04  3.666094E-06  5.526938E-07  1.066195E-03  6.285447E-08  2.521012E-07  8.084848E-09  1.829198E-02  8.546707E-07  1.643667E-08  1.368622E-08  5.940730E-04  8.076478E-04  1.971111E-06  1.123026E-06  1.459766E-06  2.142810E-07
 3.531500E+02  9.041859E-02  8.973265E-06  1.130567E-10  1.515222E-10  1.693522E-10  2.059425E-10  5.482105E-01  5.679264E-04  8.806685E-07  3.393530E-01  9.024135E-04  3.505148E-06  5.410296E-07  1.052297E-03  6.047758E-08  2.430500E-07  7.854436E-09  1.809164E-02  8.248726E-07  1.603573E-08  1.334543E-08  5.865267E-04  7.973958E-04  1.884371E-06  1.073114E-06  1.395266E-06  2.064136E-07
 3.541500E+02  9.052402E-02  8.909269E-06  1.105334E-10  1.481701E-10  1.656129E-10  2.014336E-10  5.482337E-01  5.604204E-04  8.411980E-07  3.394719E-01  8.910589E-04  3.352139E-06  5.296822E-07  1.038658E-03  5.820410E-08  2.343757E-07  7.631871E-09  1.789458E-02  7.962764E-07  1.564675E-08  1.301498E-08  5.791230E-04  7.873375E-04  1.801927E-06  1.025702E-06  1.333980E-06  1.988789E-07
 3.551500E+02  9.062771E-02  8.845991E-06  1.080794E-10  1.449093E-10  1.619753E-10  1.970465E-10  5.482565E-01  5.530623E-04  8.037230E-07  3.395888E-01  8.799132E-04  3.206637E-06  5.186414E-07  1.025274E-03  5.602900E-08  2.260607E-07  7.416851E-09  1.770073E-02  7.688279E-07  1.526934E-08  1.269451E-08  5.718585E-04  7.774684E-04  1.723546E-06  9.806518E-07  1.275732E-06  1.916612E-07
 3.561500E+02  9.072971E-02  8.783426E-06  1.056926E-10  1.417370E-10  1.584362E-10  1.927775E-10  5.482788E-01  5.458484E-04  7.681319E-07  3.397038E-01  8.689718E-04  3.068235E-06  5.078974E-07  1.012139E-03  5.394753E-08  2.180882E-07  7.209085E-09  1.751003E-02  7.424754E-07  1.490309E-08  1.238368E-08  5.647298E-04  7.677841E-04  1.649006E-06  9.378333E-07  1.220355E-06  1.847455E-07
 3.571500E+02  9.083004E-02  8.721566E-06  1.033707E-10  1.386505E-10  1.549928E-10  1.886229E-10  5.483007E-01  5.387752E-04  7.343202E-07  3.398168E-01  8.582300E-04  2.936552E-06  4.974409E-07  9.992465E-04  5.195518E-08  2.104425E-07  7.008295E-09  1.732242E-02  7.171701E-07  1.454762E-08  1.208215E-08  5.577339E-04  7.582803E-04  1.578100E-06  8.971246E-07  1.167693E-06  1.781178E-07
 3.581500E+02  9.092873E-02  8.660405E-06  1.011118E-10  1.356472E-10  1.516419E-10  1.845794E-10  5.483222E-01  5.318393E-04  7.021896E-07  3.399280E-01  8.476834E-04  2.811230E-06  4.872628E-07  9.865918E-04  5.004769E-08  2.031085E-07  6.814214E-09  1.713784E-02  6.928652E-07  1.420257E-08  1.178962E-08  5.508677E-04  7.489527E-04  1.510632E-06  8.584107E-07  1.117599E-06  1.717645E-07
 3.591500E+02  9.102582E-02  8.599934E-06  9.891399E-11  1.327245E-10  1.483809E-10  1.806435E-10  5.483433E-01  5.250373E-04  6.716477E-07  3.400373E-01  8.373275E-04  2.691929E-06  4.773543E-07  9.741693E-04  4.822102E-08  1.960719E-07  6.626589E-09  1.695623E-02  6.695164E-07  1.386760E-08  1.150576E-08  5.441282E-04  7.397973E-04  1.446418E-06  8.215838E-07  1.069934E-06  1.656731E-07
 3.601500E+02  9.112134E-02  8.540148E-06  9.677537E-11  1.298799E-10  1.452069E-10  1.768120E-10  5.483640E-01  5.183660E-04  6.426076E-07  3.401448E-01  8.271582E-04  2.578331E-06  4.677069E-07  9.619741E-04  4.647133E-08  1.893192E-07  6.445173E-09  1.677754E-02  6.470817E-07  1.354237E-08  1.123030E-08  5.375124E-04  7.308102E-04  1.385285E-06  7.865422E-07  1.024568E-06  1.598315E-07
 3.611500E+02  9.121531E-02  8.481039E-06  9.469411E-11  1.271111E-10  1.421173E-10  1.730817E-10  5.483843E-01  5.118222E-04  6.149877E-07  3.402506E-01  8.171714E-04  2.470135E-06  4.583126E-07  9.500010E-04  4.479499E-08  1.828374E-07  6.269733E-09  1.660170E-02  6.255207E-07  1.322654E-08  1.096294E-08  5.310176E-04  7.219875E-04  1.327071E-06  7.531902E-07  9.813796E-07  1.542280E-07
 3.621500E+02  9.130777E-02  8.422600E-06  9.266847E-11  1.244157E-10  1.391096E-10  1.694495E-10  5.484042E-01  5.054029E-04  5.887110E-07  3.403546E-01  8.073629E-04  2.367058E-06  4.491635E-07  9.382451E-04  4.318856E-08  1.766144E-07  6.100046E-09  1.642867E-02  6.047954E-07  1.291981E-08  1.070340E-08  5.246409E-04  7.133254E-04  1.271620E-06  7.214377E-07  9.402516E-07  1.488520E-07
 3.631500E+02  9.139876E-02  8.364823E-06  9.069674E-11  1.217916E-10  1.361812E-10  1.659125E-10  5.484237E-01  4.991050E-04  5.637054E-07  3.404570E-01  7.977288E-04  2.268833E-06  4.402519E-07  9.267016E-04  4.164878E-08  1.706384E-07  5.935894E-09  1.625839E-02  5.848694E-07  1.262188E-08  1.045144E-08  5.183797E-04  7.048202E-04  1.218787E-06  6.911999E-07  9.010758E-07  1.436931E-07
 3.641500E+02  9.148828E-02  8.307702E-06  8.877729E-11  1.192366E-10  1.333298E-10  1.624679E-10  5.484429E-01  4.929258E-04  5.399028E-07  3.405577E-01  7.882654E-04  2.175207E-06  4.315707E-07  9.153659E-04  4.017254E-08  1.648985E-07  5.777073E-09  1.609081E-02  5.657080E-07  1.233245E-08  1.020678E-08  5.122315E-04  6.964685E-04  1.168438E-06  6.623968E-07  8.637496E-07  1.387413E-07
 3.651500E+02  9.157638E-02  8.251230E-06  8.690852E-11  1.167486E-10  1.305531E-10  1.591128E-10  5.484617E-01  4.868624E-04  5.172390E-07  3.406567E-01  7.789688E-04  2.085943E-06  4.231127E-07  9.042335E-04  3.875690E-08  1.593842E-07  5.623385E-09  1.592588E-02  5.472782E-07  1.205125E-08  9.969199E-09  5.061935E-04  6.882668E-04  1.120441E-06  6.349532E-07  8.281762E-07  1.339875E-07
 3.661500E+02  9.166308E-02  8.195400E-06  8.508892E-11  1.143255E-10  1.278488E-10  1.558447E-10  5.484802E-01  4.809121E-04  4.956537E-07  3.407542E-01  7.698355E-04  2.000817E-06  4.148711E-07  8.932999E-04  3.739908E-08  1.540854E-07  5.474640E-09  1.576354E-02  5.295488E-07  1.177801E-08  9.738449E-09  5.002635E-04  6.802116E-04  1.074676E-06  6.087978E-07  7.942644E-07  1.294227E-07
 3.671500E+02  9.174841E-02  8.140203E-06  8.331698E-11  1.119655E-10  1.252147E-10  1.526609E-10  5.484984E-01  4.750722E-04  4.750901E-07  3.408500E-01  7.608619E-04  1.919617E-06  4.068394E-07  8.825607E-04  3.609642E-08  1.489927E-07  5.330656E-09  1.560375E-02  5.124896E-07  1.151246E-08  9.514307E-09  4.944389E-04  6.722998E-04  1.031028E-06  5.838639E-07  7.619283E-07  1.250384E-07
 3.681500E+02  9.183240E-02  8.085634E-06  8.159129E-11  1.096667E-10  1.226488E-10  1.495590E-10  5.485162E-01  4.693402E-04  4.554945E-07  3.409444E-01  7.520446E-04  1.842142E-06  3.990113E-07  8.720119E-04  3.484642E-08  1.440970E-07  5.191260E-09  1.544646E-02  4.960723E-07  1.125437E-08  9.296554E-09  4.887174E-04  6.645281E-04  9.893878E-07  5.600881E-07  7.310867E-07  1.208268E-07
 3.691500E+02  9.191506E-02  8.031686E-06  7.991046E-11  1.074272E-10  1.201491E-10  1.465364E-10  5.485337E-01  4.637135E-04  4.368164E-07  3.410372E-01  7.433801E-04  1.768204E-06  3.913805E-07  8.616492E-04  3.364667E-08  1.393898E-07  5.056283E-09  1.529162E-02  4.802696E-07  1.100348E-08  9.084982E-09  4.830968E-04  6.568934E-04  9.496541E-07  5.374109E-07  7.016629E-07  1.167801E-07
 3.701500E+02  9.199643E-02  7.978350E-06  7.827313E-11  1.052453E-10  1.177135E-10  1.435910E-10  5.485509E-01  4.581897E-04  4.190082E-07  3.411286E-01  7.348653E-04  1.697624E-06  3.839412E-07  8.514687E-04  3.249491E-08  1.348628E-07  4.925566E-09  1.513919E-02  4.650556E-07  1.075956E-08  8.879388E-09  4.775747E-04  6.493927E-04  9.117299E-07  5.157760E-07  6.735848E-07  1.128910E-07
 3.711500E+02  9.207652E-02  7.925621E-06  7.667803E-11  1.031192E-10  1.153401E-10  1.407203E-10  5.485678E-01  4.527665E-04  4.020249E-07  3.412185E-01  7.264968E-04  1.630233E-06  3.766877E-07  8.414664E-04  3.138899E-08  1.305082E-07  4.798954E-09  1.498912E-02  4.504057E-07  1.052240E-08  8.679576E-09  4.721491E-04  6.420231E-04  8.755239E-07  4.951303E-07  6.467840E-07  1.091527E-07
 3.721500E+02  9.215537E-02  7.873491E-06  7.512389E-11  1.010474E-10  1.130272E-10  1.379223E-10  5.485844E-01  4.474414E-04  3.858241E-07  3.413071E-01  7.182716E-04  1.565873E-06  3.696144E-07  8.316385E-04  3.032685E-08  1.263186E-07  4.676299E-09  1.484137E-02  4.362961E-07  1.029176E-08  8.485360E-09  4.668179E-04  6.347817E-04  8.409498E-07  4.754236E-07  6.211960E-07  1.055587E-07
 3.731500E+02  9.223300E-02  7.821954E-06  7.360951E-11  9.902817E-11  1.107730E-10  1.351948E-10  5.486007E-01  4.422124E-04  3.703658E-07  3.413942E-01  7.101867E-04  1.504392E-06  3.627161E-07  8.219814E-04  2.930654E-08  1.222870E-07  4.557460E-09  1.469589E-02  4.227046E-07  1.006746E-08  8.296557E-09  4.615789E-04  6.276656E-04  8.079261E-07  4.566086E-07  5.967599E-07  1.021025E-07
