#         T/K            c1          c2-1          c3-4          c3-5          c3-7          c3-9            m1          m2-1          m3-1            w1            w2          w3-1          w3-2          c1m1        c1m2-1        c1m2-7        c2m1-1        c1w1-2        c1w2-1        c2w1-1        c2w1-9        m1w1-1        m1w1-4        m1w2-1        m2w1-1        m2w1-3      c1m1w1-1
 2.731500E+02  5.165715E-01  8.977409E-04  4.130748E-07  5.421706E-07  6.032079E-07  7.192504E-07  1.939332E-01  3.215764E-04  5.755401E-06  1.218599E-01  5.180508E-04  2.240003E-05  3.142964E-07  1.065598E-02  3.358695E-06  1.102094E-05  2.986459E-06  1.543461E-01  3.606368E-05  4.116202E-06  3.614461E-06  3.245847E-04  4.418472E-04  1.174999E-05  6.770675E-06  8.575150E-06  1.056135E-05
 2.741500E+02  5.177272E-01  8.847632E-04  3.956158E-07  5.194311E-07  5.779515E-07  6.893526E-07  1.940748E-01  3.140695E-04  5.315266E-06  1.228885E-01  5.140279E-04  2.120407E-05  3.090776E-07  1.040391E-02  3.137765E-06  1.032935E-05  2.832352E-06  1.523155E-01  3.437116E-05  3.960123E-06  3.474408E-06  3.196842E-04  4.351488E-04  1.103728E-05  6.307450E-06  7.991650E-06  9.960016E-06
 2.751500E+02  5.188659E-01  8.720602E-04  3.790173E-07  4.978050E-07  5.539300E-07  6.609078E-07  1.942120E-01  3.067892E-04  4.911643E-06  1.239038E-01  5.099596E-04  2.007375E-05  3.038929E-07  1.015955E-02  2.932842E-06  9.685807E-06  2.687263E-06  1.503108E-01  3.276307E-05  3.810695E-06  3.340444E-06  3.148592E-04  4.285547E-04  1.037039E-05  5.878346E-06  7.450919E-06  9.396028E-06
 2.761500E+02  5.199875E-01  8.596245E-04  3.632314E-07  4.772309E-07  5.310753E-07  6.338362E-07  1.943451E-01  2.997278E-04  4.541287E-06  1.249060E-01  5.058503E-04  1.900548E-05  2.987457E-07  9.922605E-03  2.742669E-06  9.086683E-06  2.550609E-06  1.483320E-01  3.123505E-05  3.667609E-06  3.212282E-06  3.101091E-04  4.220642E-04  9.746229E-06  5.480694E-06  6.949623E-06  8.866895E-06
 2.771500E+02  5.210922E-01  8.474492E-04  3.482133E-07  4.576509E-07  5.093233E-07  6.080628E-07  1.944742E-01  2.928775E-04  4.201260E-06  1.258951E-01  5.017042E-04  1.799583E-05  2.936393E-07  9.692825E-03  2.566096E-06  8.528645E-06  2.421848E-06  1.463791E-01  2.978296E-05  3.530573E-06  3.089648E-06  3.054335E-04  4.156768E-04  9.161952E-06  5.112040E-06  6.484702E-06  8.370309E-06
 2.781500E+02  5.221803E-01  8.355274E-04  3.339208E-07  4.390108E-07  4.886139E-07  5.835174E-07  1.945994E-01  2.862312E-04  3.888897E-06  1.268710E-01  4.975254E-04  1.704159E-05  2.885767E-07  9.469951E-03  2.402066E-06  8.008625E-06  2.300474E-06  1.444520E-01  2.840289E-05  3.399310E-06  2.972285E-06  3.008319E-04  4.093916E-04  8.614892E-06  4.770134E-06  6.053348E-06  7.904120E-06
 2.791500E+02  5.232519E-01  8.238525E-04  3.203143E-07  4.212596E-07  4.688906E-07  5.601337E-07  1.947208E-01  2.797818E-04  3.601784E-06  1.278338E-01  4.933178E-04  1.613969E-05  2.835607E-07  9.253739E-03  2.249615E-06  7.523804E-06  2.186019E-06  1.425506E-01  2.709114E-05  3.273554E-06  2.859945E-06  2.963038E-04  4.032078E-04  8.102569E-06  4.452911E-06  5.652980E-06  7.466330E-06
 2.801500E+02  5.243071E-01  8.124182E-04  3.073567E-07  4.043493E-07  4.501004E-07  5.378495E-07  1.948387E-01  2.735225E-04  3.337731E-06  1.287836E-01  4.890853E-04  1.528725E-05  2.785940E-07  9.043955E-03  2.107853E-06  7.071584E-06  2.078046E-06  1.406749E-01  2.584419E-05  3.153055E-06  2.752395E-06  2.918486E-04  3.971245E-04  7.622674E-06  4.158473E-06  5.281225E-06  7.055082E-06
 2.811500E+02  5.253461E-01  8.012182E-04  2.950129E-07  3.882350E-07  4.321933E-07  5.166063E-07  1.949531E-01  2.674469E-04  3.094747E-06  1.297204E-01  4.848315E-04  1.448152E-05  2.736788E-07  8.840373E-03  1.975968E-06  6.649578E-06  1.976147E-06  1.388248E-01  2.465870E-05  3.037573E-06  2.649412E-06  2.874655E-04  3.911408E-04  7.173057E-06  3.885074E-06  4.935903E-06  6.668645E-06
 2.821500E+02  5.263692E-01  7.902466E-04  2.832501E-07  3.728742E-07  4.151224E-07  4.963491E-07  1.950641E-01  2.615486E-04  2.871028E-06  1.306443E-01  4.805600E-04  1.371992E-05  2.688173E-07  8.642777E-03  1.853210E-06  6.255583E-06  1.879944E-06  1.370001E-01  2.353152E-05  2.926880E-06  2.550784E-06  2.831541E-04  3.852557E-04  6.751715E-06  3.631112E-06  4.615010E-06  6.305409E-06
 2.831500E+02  5.273765E-01  7.794976E-04  2.720374E-07  3.582271E-07  3.988435E-07  4.770261E-07  1.951719E-01  2.558216E-04  2.664931E-06  1.315554E-01  4.762739E-04  1.300000E-05  2.640114E-07  8.450959E-03  1.738895E-06  5.887570E-06  1.789083E-06  1.352007E-01  2.245966E-05  2.820760E-06  2.456312E-06  2.789134E-04  3.794682E-04  6.356781E-06  3.395113E-06  4.316701E-06  5.963876E-06
 2.841500E+02  5.283681E-01  7.689655E-04  2.613456E-07  3.442562E-07  3.833150E-07  4.585883E-07  1.952766E-01  2.502601E-04  2.474963E-06  1.324537E-01  4.719767E-04  1.231945E-05  2.592629E-07  8.264720E-03  1.632389E-06  5.543669E-06  1.703235E-06  1.334264E-01  2.144027E-05  2.719007E-06  2.365803E-06  2.747429E-04  3.737773E-04  5.986517E-06  3.175720E-06  4.039279E-06  5.642649E-06
 2.851500E+02  5.293443E-01  7.586450E-04  2.511475E-07  3.309260E-07  3.684977E-07  4.409900E-07  1.953783E-01  2.448585E-04  2.299766E-06  1.333393E-01  4.676714E-04  1.167607E-05  2.545734E-07  8.083867E-03  1.533113E-06  5.222154E-06  1.622093E-06  1.316771E-01  2.047067E-05  2.621424E-06  2.279077E-06  2.706416E-04  3.681817E-04  5.639303E-06  2.971685E-06  3.781181E-06  5.340427E-06
 2.861500E+02  5.303052E-01  7.485307E-04  2.414171E-07  3.182034E-07  3.543547E-07  4.241877E-07  1.954771E-01  2.396114E-04  2.138104E-06  1.342124E-01  4.633609E-04  1.106780E-05  2.499442E-07  7.908217E-03  1.440531E-06  4.921433E-06  1.545371E-06  1.299527E-01  1.954832E-05  2.527825E-06  2.195960E-06  2.666090E-04  3.626805E-04  5.313630E-06  2.781859E-06  3.540969E-06  5.055998E-06
 2.871500E+02  5.312510E-01  7.386176E-04  2.321303E-07  3.060570E-07  3.408513E-07  4.081406E-07  1.955730E-01  2.345136E-04  1.988851E-06  1.350729E-01  4.590481E-04  1.049269E-05  2.453766E-07  7.737592E-03  1.354153E-06  4.640035E-06  1.472800E-06  1.282530E-01  1.867079E-05  2.438031E-06  2.116289E-06  2.626441E-04  3.572725E-04  5.008091E-06  2.605185E-06  3.317316E-06  4.788232E-06
 2.881500E+02  5.321819E-01  7.289006E-04  2.232641E-07  2.944571E-07  3.279547E-07  3.928103E-07  1.956663E-01  2.295601E-04  1.850981E-06  1.359210E-01  4.547356E-04  9.948884E-06  2.408717E-07  7.571821E-03  1.273525E-06  4.376603E-06  1.404130E-06  1.265777E-01  1.783581E-05  2.351873E-06  2.039907E-06  2.587461E-04  3.519565E-04  4.721375E-06  2.440687E-06  3.109001E-06  4.536077E-06
 2.891500E+02  5.330981E-01  7.193750E-04  2.147969E-07  2.833759E-07  3.156339E-07  3.781603E-07  1.957570E-01  2.247461E-04  1.723558E-06  1.367569E-01  4.504260E-04  9.434645E-06  2.364304E-07  7.410740E-03  1.198230E-06  4.129880E-06  1.339129E-06  1.249266E-01  1.704120E-05  2.269191E-06  1.966664E-06  2.549143E-04  3.467312E-04  4.452258E-06  2.287468E-06  2.914899E-06  4.298548E-06
 2.901500E+02  5.339999E-01  7.100361E-04  2.067083E-07  2.727871E-07  3.038598E-07  3.641564E-07  1.958451E-01  2.200669E-04  1.605729E-06  1.375805E-01  4.461218E-04  8.948324E-06  2.320534E-07  7.254193E-03  1.127883E-06  3.898707E-06  1.277578E-06  1.232996E-01  1.628490E-05  2.189830E-06  1.896421E-06  2.511476E-04  3.415956E-04  4.199602E-06  2.144700E-06  2.733970E-06  4.074730E-06
 2.911500E+02  5.348872E-01  7.008794E-04  1.989793E-07  2.626659E-07  2.926048E-07  3.507663E-07  1.959307E-01  2.155182E-04  1.496714E-06  1.383921E-01  4.418253E-04  8.488365E-06  2.277415E-07  7.102027E-03  1.062130E-06  3.682009E-06  1.219273E-06  1.216965E-01  1.556499E-05  2.113644E-06  1.829042E-06  2.474453E-04  3.365484E-04  3.962343E-06  2.011618E-06  2.565257E-06  3.863767E-06
 2.921500E+02  5.357605E-01  6.919004E-04  1.915916E-07  2.529888E-07  2.818430E-07  3.379594E-07  1.960141E-01  2.110955E-04  1.395801E-06  1.391916E-01  4.375386E-04  8.053301E-06  2.234951E-07  6.954095E-03  1.000642E-06  3.478794E-06  1.164024E-06  1.201170E-01  1.487959E-05  2.040493E-06  1.764399E-06  2.438065E-04  3.315884E-04  3.739489E-06  1.887519E-06  2.407875E-06  3.664860E-06
 2.931500E+02  5.366198E-01  6.830949E-04  1.845281E-07  2.437336E-07  2.715498E-07  3.257069E-07  1.960951E-01  2.067948E-04  1.302342E-06  1.399794E-01  4.332639E-04  7.641745E-06  2.193147E-07  6.810259E-03  9.431181E-07  3.288141E-06  1.111651E-06  1.185609E-01  1.422698E-05  1.970245E-06  1.702370E-06  2.402304E-04  3.267142E-04  3.530115E-06  1.771752E-06  2.261007E-06  3.477265E-06
 2.941500E+02  5.374653E-01  6.744588E-04  1.777727E-07  2.348796E-07  2.617021E-07  3.139813E-07  1.961739E-01  2.026120E-04  1.215740E-06  1.407554E-01  4.290031E-04  7.252387E-06  2.152005E-07  6.670383E-03  8.892782E-07  3.109199E-06  1.061988E-06  1.170280E-01  1.360549E-05  1.902773E-06  1.642838E-06  2.367159E-04  3.219247E-04  3.333360E-06  1.663717E-06  2.123900E-06  3.300284E-06
 2.951500E+02  5.382973E-01  6.659880E-04  1.713101E-07  2.264069E-07  2.522779E-07  3.027570E-07  1.962506E-01  1.985433E-04  1.135452E-06  1.415198E-01  4.247582E-04  6.883992E-06  2.111528E-07  6.534336E-03  8.388648E-07  2.941178E-06  1.014879E-06  1.155180E-01  1.301356E-05  1.837956E-06  1.585694E-06  2.332623E-04  3.172186E-04  3.148417E-06  1.562860E-06  1.995858E-06  3.133266E-06
 2.961500E+02  5.391159E-01  6.576787E-04  1.651260E-07  2.182969E-07  2.432565E-07  2.920097E-07  1.963252E-01  1.945850E-04  1.060981E-06  1.422727E-01  4.205307E-04  6.535394E-06  2.071716E-07  6.401994E-03  7.916392E-07  2.783346E-06  9.701759E-07  1.140307E-01  1.244969E-05  1.775679E-06  1.530832E-06  2.298685E-04  3.125947E-04  2.974535E-06  1.468669E-06  1.876236E-06  2.975605E-06
 2.971500E+02  5.399213E-01  6.495270E-04  1.592066E-07  2.105318E-07  2.346184E-07  2.817161E-07  1.963978E-01  1.907335E-04  9.918708E-07  1.430142E-01  4.163226E-04  6.205492E-06  2.032570E-07  6.273236E-03  7.473809E-07  2.635024E-06  9.277424E-07  1.125658E-01  1.191247E-05  1.715833E-06  1.478150E-06  2.265338E-04  3.080516E-04  2.811012E-06  1.380671E-06  1.764439E-06  2.826731E-06
 2.981500E+02  5.407137E-01  6.415292E-04  1.535391E-07  2.030951E-07  2.263449E-07  2.718545E-07  1.964685E-01  1.869854E-04  9.277040E-07  1.437445E-01  4.121352E-04  5.893247E-06  1.994088E-07  6.147946E-03  7.058859E-07  2.495583E-06  8.874495E-07  1.111231E-01  1.140056E-05  1.658312E-06  1.427555E-06  2.232572E-04  3.035882E-04  2.657194E-06  1.298427E-06  1.659917E-06  2.686113E-06
 2.991500E+02  5.414933E-01  6.336817E-04  1.481114E-07  1.959709E-07  2.184187E-07  2.624043E-07  1.965373E-01  1.833374E-04  8.680978E-07  1.444638E-01  4.079701E-04  5.597679E-06  1.956269E-07  6.026012E-03  6.669650E-07  2.364438E-06  8.491764E-07  1.097023E-01  1.091271E-05  1.603018E-06  1.378954E-06  2.200378E-04  2.992031E-04  2.512469E-06  1.221533E-06  1.562161E-06  2.553254E-06
 3.001500E+02  5.422603E-01  6.259812E-04  1.429117E-07  1.891443E-07  2.108230E-07  2.533458E-07  1.966043E-01  1.797863E-04  8.127013E-07  1.451720E-01  4.038286E-04  5.317863E-06  1.919111E-07  5.907327E-03  6.304435E-07  2.241046E-06  8.128100E-07  1.083031E-01  1.044770E-05  1.549854E-06  1.332261E-06  2.168747E-04  2.948951E-04  2.376266E-06  1.149615E-06  1.470700E-06  2.427689E-06
 3.011500E+02  5.430148E-01  6.184241E-04  1.379294E-07  1.826011E-07  2.035423E-07  2.446607E-07  1.966696E-01  1.763289E-04  7.611924E-07  1.458694E-01  3.997120E-04  5.052925E-06  1.882610E-07  5.791787E-03  5.961592E-07  2.124902E-06  7.782439E-07  1.069254E-01  1.000440E-05  1.498730E-06  1.287393E-06  2.137671E-04  2.906630E-04  2.248052E-06  1.082326E-06  1.385096E-06  2.308983E-06
 3.021500E+02  5.437571E-01  6.110072E-04  1.331539E-07  1.763278E-07  1.965615E-07  2.363312E-07  1.967331E-01  1.729623E-04  7.132755E-07  1.465561E-01  3.956217E-04  4.802044E-06  1.846763E-07  5.679291E-03  5.639617E-07  2.015539E-06  7.453782E-07  1.055689E-01  9.581726E-06  1.449560E-06  1.244272E-06  2.107139E-04  2.865056E-04  2.127327E-06  1.019345E-06  1.304946E-06  2.196728E-06
 3.031500E+02  5.444873E-01  6.037272E-04  1.285755E-07  1.703119E-07  1.898666E-07  2.283409E-07  1.967950E-01  1.696837E-04  6.686791E-07  1.472323E-01  3.915585E-04  4.564440E-06  1.811566E-07  5.569745E-03  5.337118E-07  1.912518E-06  7.141194E-07  1.042332E-01  9.178657E-06  1.402261E-06  1.202821E-06  2.077143E-04  2.824214E-04  2.013626E-06  9.603751E-07  1.229875E-06  2.090543E-06
 3.041500E+02  5.452057E-01  5.965812E-04  1.241850E-07  1.645412E-07  1.834443E-07  2.206739E-07  1.968553E-01  1.664903E-04  6.271536E-07  1.478980E-01  3.875237E-04  4.339382E-06  1.777013E-07  5.463054E-03  5.052802E-07  1.815437E-06  6.843793E-07  1.029181E-01  8.794223E-06  1.356753E-06  1.162970E-06  2.047675E-04  2.784095E-04  1.906514E-06  9.051412E-07  1.159536E-06  1.990071E-06
 3.051500E+02  5.459123E-01  5.895659E-04  1.199736E-07  1.590043E-07  1.772819E-07  2.133153E-07  1.969141E-01  1.633794E-04  5.884696E-07  1.485534E-01  3.835182E-04  4.126177E-06  1.743100E-07  5.359130E-03  4.785468E-07  1.723916E-06  6.560753E-07  1.016233E-01  8.427501E-06  1.312963E-06  1.124649E-06  2.018726E-04  2.744684E-04  1.805584E-06  8.533879E-07  1.093608E-06  1.894977E-06
 3.061500E+02  5.466074E-01  5.826786E-04  1.159329E-07  1.536905E-07  1.713673E-07  2.062509E-07  1.969713E-01  1.603485E-04  5.524161E-07  1.491987E-01  3.795429E-04  3.924172E-06  1.709820E-07  5.257886E-03  4.534002E-07  1.637604E-06  6.291295E-07  1.003486E-01  8.077618E-06  1.270817E-06  1.087794E-06  1.990285E-04  2.705971E-04  1.710455E-06  8.048785E-07  1.031791E-06  1.804948E-06
 3.071500E+02  5.472912E-01  5.759162E-04  1.120550E-07  1.485895E-07  1.656893E-07  1.994673E-07  1.970272E-01  1.573950E-04  5.187988E-07  1.498340E-01  3.755986E-04  3.732751E-06  1.677168E-07  5.159239E-03  4.297370E-07  1.556175E-06  6.034687E-07  9.909373E-02  7.743748E-06  1.230247E-06  1.052343E-06  1.962346E-04  2.667942E-04  1.620771E-06  7.593937E-07  9.738101E-07  1.719688E-06
 3.081500E+02  5.479639E-01  5.692760E-04  1.083324E-07  1.436915E-07  1.602369E-07  1.929518E-07  1.970816E-01  1.545166E-04  4.874391E-07  1.504593E-01  3.716860E-04  3.551334E-06  1.645137E-07  5.063109E-03  4.074609E-07  1.479323E-06  5.790242E-07  9.785837E-02  7.425104E-06  1.191188E-06  1.018236E-06  1.934900E-04  2.630587E-04  1.536200E-06  7.167298E-07  9.194069E-07  1.638923E-06
 3.091500E+02  5.486255E-01  5.627553E-04  1.047581E-07  1.389873E-07  1.550000E-07  1.866921E-07  1.971346E-01  1.517110E-04  4.581721E-07  1.510750E-01  3.678060E-04  3.379372E-06  1.613719E-07  4.969418E-03  3.864825E-07  1.406765E-06  5.557313E-07  9.664227E-02  7.120942E-06  1.153576E-06  9.854157E-07  1.907937E-04  2.593892E-04  1.456430E-06  6.766979E-07  8.683431E-07  1.562395E-06
 3.101500E+02  5.492764E-01  5.563515E-04  1.013253E-07  1.344681E-07  1.499687E-07  1.806768E-07  1.971863E-01  1.489759E-04  4.308461E-07  1.516810E-01  3.639590E-04  3.216347E-06  1.582909E-07  4.878092E-03  3.667186E-07  1.338235E-06  5.335289E-07  9.544516E-02  6.830555E-06  1.117354E-06  9.538292E-07  1.881450E-04  2.557848E-04  1.381169E-06  6.391224E-07  8.203972E-07  1.489859E-06
 3.111500E+02  5.499166E-01  5.500619E-04  9.802751E-08  1.301256E-07  1.451339E-07  1.748950E-07  1.972368E-01  1.463093E-04  4.053211E-07  1.522775E-01  3.601458E-04  3.061772E-06  1.552697E-07  4.789058E-03  3.480919E-07  1.273485E-06  5.123596E-07  9.426677E-02  6.553273E-06  1.082462E-06  9.234244E-07  1.855429E-04  2.522441E-04  1.310145E-06  6.038404E-07  7.753633E-07  1.421090E-06
 3.121500E+02  5.505464E-01  5.438841E-04  9.485875E-08  1.259519E-07  1.404868E-07  1.693363E-07  1.972860E-01  1.437090E-04  3.814679E-07  1.528647E-01  3.563668E-04  2.915186E-06  1.523077E-07  4.702248E-03  3.305303E-07  1.212286E-06  4.921693E-07  9.310683E-02  6.288460E-06  1.048847E-06  8.941521E-07  1.829867E-04  2.487662E-04  1.243103E-06  5.707006E-07  7.330499E-07  1.355873E-06
 3.131500E+02  5.511658E-01  5.378156E-04  9.181322E-08  1.219395E-07  1.360190E-07  1.639909E-07  1.973340E-01  1.411730E-04  3.591675E-07  1.534427E-01  3.526225E-04  2.776153E-06  1.494041E-07  4.617595E-03  3.139666E-07  1.154422E-06  4.729072E-07  9.196507E-02  6.035511E-06  1.016456E-06  8.659654E-07  1.804756E-04  2.453497E-04  1.179803E-06  5.395621E-07  6.932791E-07  1.294007E-06
 3.141500E+02  5.517752E-01  5.318540E-04  8.888544E-08  1.180813E-07  1.317226E-07  1.588493E-07  1.973808E-01  1.386994E-04  3.383098E-07  1.540117E-01  3.489133E-04  2.644264E-06  1.465581E-07  4.535032E-03  2.983385E-07  1.099692E-06  4.545251E-07  9.084122E-02  5.793856E-06  9.852405E-07  8.388192E-07  1.780088E-04  2.419937E-04  1.120021E-06  5.102941E-07  6.558856E-07  1.235304E-06
 3.151500E+02  5.523746E-01  5.259969E-04  8.607018E-08  1.143703E-07  1.275901E-07  1.539026E-07  1.974265E-01  1.362863E-04  3.187931E-07  1.545717E-01  3.452396E-04  2.519131E-06  1.437687E-07  4.454499E-03  2.835876E-07  1.047908E-06  4.369777E-07  8.973502E-02  5.562949E-06  9.551517E-07  8.126706E-07  1.755854E-04  2.386969E-04  1.063548E-06  4.827751E-07  6.207153E-07  1.179588E-06
 3.161500E+02  5.529642E-01  5.202422E-04  8.336250E-08  1.108003E-07  1.236142E-07  1.491423E-07  1.974711E-01  1.339320E-04  3.005236E-07  1.551229E-01  3.416018E-04  2.400389E-06  1.410353E-07  4.375934E-03  2.696596E-07  9.988934E-07  4.202224E-07  8.864621E-02  5.342274E-06  9.261445E-07  7.874788E-07  1.732046E-04  2.354584E-04  1.010188E-06  4.568916E-07  5.876250E-07  1.126691E-06
 3.171500E+02  5.535442E-01  5.145877E-04  8.075767E-08  1.073651E-07  1.197883E-07  1.445605E-07  1.975146E-01  1.316346E-04  2.834144E-07  1.556654E-01  3.380000E-04  2.287693E-06  1.383569E-07  4.299280E-03  2.565039E-07  9.524852E-07  4.042188E-07  8.757453E-02  5.131344E-06  8.981754E-07  7.632045E-07  1.708657E-04  2.322771E-04  9.597557E-07  4.325384E-07  5.564813E-07  1.076457E-06
 3.181500E+02  5.541147E-01  5.090311E-04  7.825123E-08  1.040588E-07  1.161057E-07  1.401493E-07  1.975571E-01  1.293926E-04  2.673851E-07  1.561995E-01  3.344346E-04  2.180717E-06  1.357327E-07  4.224480E-03  2.440733E-07  9.085294E-07  3.889289E-07  8.651970E-02  4.929691E-06  8.712028E-07  7.398104E-07  1.685680E-04  2.291519E-04  9.120790E-07  4.096175E-07  5.271599E-07  1.028740E-06
 3.191500E+02  5.546760E-01  5.035704E-04  7.583890E-08  1.008759E-07  1.125603E-07  1.359016E-07  1.975985E-01  1.272042E-04  2.523615E-07  1.567251E-01  3.309057E-04  2.079154E-06  1.331617E-07  4.151479E-03  2.323235E-07  8.668822E-07  3.743168E-07  8.548148E-02  4.736874E-06  8.451868E-07  7.172607E-07  1.663106E-04  2.260817E-04  8.669960E-07  3.880373E-07  4.995452E-07  9.834008E-07
 3.201500E+02  5.552280E-01  4.982036E-04  7.351663E-08  9.781099E-08  1.091463E-07  1.318102E-07  1.976390E-01  1.250680E-04  2.382746E-07  1.572424E-01  3.274135E-04  1.982713E-06  1.306432E-07  4.080225E-03  2.212134E-07  8.274091E-07  3.603485E-07  8.445961E-02  4.552476E-06  8.200894E-07  6.955213E-07  1.640928E-04  2.230656E-04  8.243549E-07  3.677128E-07  4.735293E-07  9.403098E-07
 3.211500E+02  5.557711E-01  4.929286E-04  7.128056E-08  9.485918E-08  1.058581E-07  1.278687E-07  1.976786E-01  1.229823E-04  2.250608E-07  1.577516E-01  3.239582E-04  1.891121E-06  1.281763E-07  4.010668E-03  2.107045E-07  7.899841E-07  3.469920E-07  8.345382E-02  4.376096E-06  7.958742E-07  6.745595E-07  1.619138E-04  2.201025E-04  7.840135E-07  3.485647E-07  4.490117E-07  8.993445E-07
 3.221500E+02  5.563054E-01  4.877435E-04  6.912701E-08  9.201561E-08  1.026902E-07  1.240707E-07  1.977172E-01  1.209458E-04  2.126610E-07  1.582528E-01  3.205398E-04  1.804119E-06  1.257600E-07  3.942758E-03  2.007608E-07  7.544891E-07  3.342170E-07  8.246388E-02  4.207357E-06  7.725063E-07  6.543441E-07  1.597731E-04  2.171915E-04  7.458383E-07  3.305190E-07  4.258985E-07  8.603896E-07
 3.231500E+02  5.568309E-01  4.826465E-04  6.705248E-08  8.927573E-08  9.963774E-08  1.204101E-07  1.977549E-01  1.189570E-04  2.010204E-07  1.587461E-01  3.171584E-04  1.721463E-06  1.233934E-07  3.876448E-03  1.913487E-07  7.208137E-07  3.219949E-07  8.148952E-02  4.045900E-06  7.499525E-07  6.348452E-07  1.576698E-04  2.143315E-04  7.097039E-07  3.135067E-07  4.041024E-07  8.233369E-07
 3.241500E+02  5.573479E-01  4.776356E-04  6.505363E-08  8.663519E-08  9.669576E-08  1.168813E-07  1.977918E-01  1.170146E-04  1.900883E-07  1.592316E-01  3.138140E-04  1.642921E-06  1.210758E-07  3.811692E-03  1.824368E-07  6.888540E-07  3.102985E-07  8.053051E-02  3.891384E-06  7.281808E-07  6.160343E-07  1.556032E-04  2.115216E-04  6.754927E-07  2.974636E-07  3.835418E-07  7.880841E-07
 3.251500E+02  5.578566E-01  4.727091E-04  6.312730E-08  8.408983E-08  9.385970E-08  1.134788E-07  1.978278E-01  1.151171E-04  1.798175E-07  1.597095E-01  3.105067E-04  1.568276E-06  1.188062E-07  3.748446E-03  1.739956E-07  6.585130E-07  2.991024E-07  7.958660E-02  3.743484E-06  7.071606E-07  5.978842E-07  1.535727E-04  2.087608E-04  6.430945E-07  2.823296E-07  3.641403E-07  7.545351E-07
 3.261500E+02  5.583569E-01  4.678652E-04  6.127044E-08  8.163570E-08  9.112514E-08  1.101973E-07  1.978629E-01  1.132635E-04  1.701643E-07  1.601799E-01  3.072363E-04  1.497321E-06  1.165838E-07  3.686666E-03  1.659976E-07  6.296994E-07  2.883823E-07  7.865753E-02  3.601892E-06  6.868628E-07  5.803686E-07  1.515775E-04  2.060483E-04  6.124055E-07  2.680487E-07  3.458270E-07  7.225993E-07
 3.271500E+02  5.588492E-01  4.631022E-04  5.948018E-08  7.926904E-08  8.848791E-08  1.070320E-07  1.978973E-01  1.114523E-04  1.610880E-07  1.606429E-01  3.040029E-04  1.429864E-06  1.144076E-07  3.626312E-03  1.584171E-07  6.023277E-07  2.781153E-07  7.774308E-02  3.466315E-06  6.672593E-07  5.634626E-07  1.496171E-04  2.033831E-04  5.833284E-07  2.545685E-07  3.285354E-07  6.921913E-07
 3.281500E+02  5.593335E-01  4.584185E-04  5.775375E-08  7.698624E-08  8.594402E-08  1.039780E-07  1.979309E-01  1.096824E-04  1.525510E-07  1.610986E-01  3.008065E-04  1.365719E-06  1.122769E-07  3.567343E-03  1.512298E-07  5.763175E-07  2.682796E-07  7.684301E-02  3.336475E-06  6.483234E-07  5.471423E-07  1.476907E-04  2.007643E-04  5.557718E-07  2.418401E-07  3.122033E-07  6.632305E-07
 3.291500E+02  5.598100E-01  4.538124E-04  5.608855E-08  7.478389E-08  8.348963E-08  1.010308E-07  1.979638E-01  1.079527E-04  1.445182E-07  1.615471E-01  2.976468E-04  1.304713E-06  1.101906E-07  3.509721E-03  1.444132E-07  5.515933E-07  2.588548E-07  7.595708E-02  3.212107E-06  6.300294E-07  5.313848E-07  1.457977E-04  1.981909E-04  5.296498E-07  2.298179E-07  2.967728E-07  6.356410E-07
 3.301500E+02  5.602788E-01  4.492823E-04  5.448206E-08  7.265870E-08  8.112113E-08  9.818617E-08  1.979959E-01  1.062621E-04  1.369570E-07  1.619886E-01  2.945237E-04  1.246682E-06  1.081481E-07  3.453407E-03  1.379460E-07  5.280845E-07  2.498213E-07  7.508506E-02  3.092960E-06  6.123527E-07  5.161682E-07  1.439374E-04  1.956623E-04  5.048816E-07  2.184592E-07  2.821897E-07  6.093513E-07
 3.311500E+02  5.607400E-01  4.448266E-04  5.293189E-08  7.060756E-08  7.883504E-08  9.543992E-08  1.980273E-01  1.046093E-04  1.298371E-07  1.624232E-01  2.914373E-04  1.191471E-06  1.061484E-07  3.398366E-03  1.318085E-07  5.057243E-07  2.411607E-07  7.422673E-02  2.978794E-06  5.952697E-07  5.014715E-07  1.421093E-04  1.931774E-04  4.813914E-07  2.077241E-07  2.684031E-07  5.842938E-07
 3.321500E+02  5.611939E-01  4.404440E-04  5.143576E-08  6.862748E-08  7.662805E-08  9.278812E-08  1.980580E-01  1.029935E-04  1.231303E-07  1.628510E-01  2.883872E-04  1.138933E-06  1.041906E-07  3.344563E-03  1.259818E-07  4.844501E-07  2.328555E-07  7.338184E-02  2.869382E-06  5.787579E-07  4.872746E-07  1.403128E-04  1.907355E-04  4.591077E-07  1.975752E-07  2.553655E-07  5.604048E-07
 3.331500E+02  5.616404E-01  4.361327E-04  4.999151E-08  6.671563E-08  7.449699E-08  9.022703E-08  1.980880E-01  1.014136E-04  1.168102E-07  1.632721E-01  2.853733E-04  1.088930E-06  1.022741E-07  3.291963E-03  1.204487E-07  4.642032E-07  2.248892E-07  7.255020E-02  2.764507E-06  5.627956E-07  4.735584E-07  1.385472E-04  1.883357E-04  4.379636E-07  1.879777E-07  2.430327E-07  5.376241E-07
 3.341500E+02  5.620797E-01  4.318915E-04  4.859704E-08  6.486927E-08  7.243884E-08  8.775304E-08  1.981173E-01  9.986853E-05  1.108525E-07  1.636866E-01  2.823955E-04  1.041332E-06  1.003978E-07  3.240533E-03  1.151925E-07  4.449282E-07  2.172461E-07  7.173156E-02  2.663964E-06  5.473622E-07  4.603043E-07  1.368119E-04  1.859772E-04  4.178958E-07  1.788988E-07  2.313630E-07  5.158948E-07
 3.351500E+02  5.625120E-01  4.277190E-04  4.725037E-08  6.308581E-08  7.045071E-08  8.536274E-08  1.981460E-01  9.835744E-05  1.052344E-07  1.640946E-01  2.794535E-04  9.960126E-07  9.856109E-08  3.190243E-03  1.101980E-07  4.265729E-07  2.099112E-07  7.092572E-02  2.567557E-06  5.324377E-07  4.474948E-07  1.351064E-04  1.836593E-04  3.988449E-07  1.703080E-07  2.203174E-07  4.951635E-07
 3.361500E+02  5.629374E-01  4.236136E-04  4.594962E-08  6.136278E-08  6.852985E-08  8.305282E-08  1.981741E-01  9.687938E-05  9.993458E-08  1.644963E-01  2.765471E-04  9.528566E-07  9.676309E-08  3.141060E-03  1.054506E-07  4.090885E-07  2.028704E-07  7.013246E-02  2.475098E-06  5.180031E-07  4.351130E-07  1.334300E-04  1.813811E-04  3.807552E-07  1.621765E-07  2.098596E-07  4.753793E-07
 3.371500E+02  5.633561E-01  4.195742E-04  4.469296E-08  5.969780E-08  6.667362E-08  8.082018E-08  1.982016E-01  9.543346E-05  9.493333E-08  1.648917E-01  2.736761E-04  9.117526E-07  9.500300E-08  3.092955E-03  1.009368E-07  3.924286E-07  1.961103E-07  6.935157E-02  2.386412E-06  5.040401E-07  4.231426E-07  1.317823E-04  1.791419E-04  3.635740E-07  1.544777E-07  1.999552E-07  4.564945E-07
 3.381500E+02  5.637680E-01  4.155993E-04  4.347867E-08  5.808860E-08  6.487949E-08  7.866179E-08  1.982285E-01  9.401881E-05  9.021218E-08  1.652809E-01  2.708402E-04  8.725958E-07  9.328006E-08  3.045898E-03  9.664370E-08  3.765499E-07  1.896181E-07  6.858284E-02  2.301329E-06  4.905313E-07  4.115682E-07  1.301627E-04  1.769409E-04  3.472518E-07  1.471862E-07  1.905723E-07  4.384637E-07
 3.391500E+02  5.641734E-01  4.116878E-04  4.230509E-08  5.653302E-08  6.314506E-08  7.657480E-08  1.982548E-01  9.263460E-05  8.575388E-08  1.656641E-01  2.680393E-04  8.352872E-07  9.159347E-08  2.999863E-03  9.255937E-08  3.614113E-07  1.833818E-07  6.782607E-02  2.219688E-06  4.774599E-07  4.003749E-07  1.285706E-04  1.747775E-04  3.317420E-07  1.402785E-07  1.816808E-07  4.212443E-07
 3.401500E+02  5.645723E-01  4.078383E-04  4.117064E-08  5.502898E-08  6.146803E-08  7.455647E-08  1.982806E-01  9.128001E-05  8.154237E-08  1.660413E-01  2.652729E-04  7.997329E-07  8.994250E-08  2.954821E-03  8.867249E-08  3.469744E-07  1.773899E-07  6.708106E-02  2.141337E-06  4.648096E-07  3.895483E-07  1.270056E-04  1.726508E-04  3.170006E-07  1.337327E-07  1.732526E-07  4.047957E-07
 3.411500E+02  5.649649E-01  4.040496E-04  4.007381E-08  5.357451E-08  5.984619E-08  7.260418E-08  1.983058E-01  8.995426E-05  7.756264E-08  1.664127E-01  2.625409E-04  7.658442E-07  8.832638E-08  2.910747E-03  8.497242E-08  3.332026E-07  1.716314E-07  6.634760E-02  2.066129E-06  4.525652E-07  3.790750E-07  1.254670E-04  1.705601E-04  3.029862E-07  1.275278E-07  1.652613E-07  3.890797E-07
 3.421500E+02  5.653513E-01  4.003206E-04  3.901314E-08  5.216771E-08  5.827742E-08  7.071540E-08  1.983305E-01  8.865660E-05  7.380067E-08  1.667783E-01  2.598429E-04  7.335370E-07  8.674437E-08  2.867614E-03  8.144916E-08  3.200617E-07  1.660960E-07  6.562550E-02  1.993927E-06  4.407117E-07  3.689416E-07  1.239544E-04  1.685049E-04  2.896599E-07  1.216444E-07  1.576820E-07  3.740602E-07
 3.431500E+02  5.657316E-01  3.966500E-04  3.798726E-08  5.080675E-08  5.675972E-08  6.888774E-08  1.983547E-01  8.738628E-05  7.024336E-08  1.671383E-01  2.571788E-04  7.027319E-07  8.519576E-08  2.825399E-03  7.809329E-08  3.075193E-07  1.607737E-07  6.491456E-02  1.924597E-06  4.292348E-07  3.591357E-07  1.224673E-04  1.664843E-04  2.769849E-07  1.160645E-07  1.504914E-07  3.597030E-07
 3.441500E+02  5.661059E-01  3.930367E-04  3.699484E-08  4.948991E-08  5.529115E-08  6.711890E-08  1.983783E-01  8.614258E-05  6.687846E-08  1.674928E-01  2.545481E-04  6.733535E-07  8.367983E-08  2.784076E-03  7.489595E-08  2.955449E-07  1.556554E-07  6.421460E-02  1.858014E-06  4.181211E-07  3.496453E-07  1.210053E-04  1.644977E-04  2.649265E-07  1.107706E-07  1.436678E-07  3.459755E-07
 3.451500E+02  5.664744E-01  3.894797E-04  3.603462E-08  4.821553E-08  5.386986E-08  6.540667E-08  1.984015E-01  8.492482E-05  6.369453E-08  1.678417E-01  2.519506E-04  6.453305E-07  8.219587E-08  2.743624E-03  7.184877E-08  2.841097E-07  1.507319E-07  6.352543E-02  1.794058E-06  4.073572E-07  3.404586E-07  1.195677E-04  1.625445E-04  2.534522E-07  1.057469E-07  1.371906E-07  3.328472E-07
 3.461500E+02  5.668370E-01  3.859778E-04  3.510537E-08  4.698200E-08  5.249407E-08  6.374895E-08  1.984242E-01  8.373232E-05  6.068084E-08  1.681854E-01  2.493860E-04  6.185956E-07  8.074320E-08  2.704018E-03  6.894390E-08  2.731863E-07  1.459949E-07  6.284686E-02  1.732615E-06  3.969307E-07  3.315648E-07  1.181542E-04  1.606241E-04  2.425310E-07  1.009782E-07  1.310405E-07  3.202889E-07
 3.471500E+02  5.671940E-01  3.825299E-04  3.420593E-08  4.578781E-08  5.116210E-08  6.214371E-08  1.984464E-01  8.256444E-05  5.782739E-08  1.685237E-01  2.468539E-04  5.930846E-07  7.932114E-08  2.665238E-03  6.617392E-08  2.627492E-07  1.414362E-07  6.217871E-02  1.673575E-06  3.868295E-07  3.229530E-07  1.167643E-04  1.587357E-04  2.321340E-07  9.645033E-08  1.251994E-07  3.082733E-07
 3.481500E+02  5.675453E-01  3.791351E-04  3.333520E-08  4.463149E-08  4.987232E-08  6.058902E-08  1.984682E-01  8.142053E-05  5.512478E-08  1.688568E-01  2.443540E-04  5.687371E-07  7.792902E-08  2.627262E-03  6.353182E-08  2.527740E-07  1.370482E-07  6.152081E-02  1.616835E-06  3.770419E-07  3.146130E-07  1.153975E-04  1.568788E-04  2.222337E-07  9.214990E-08  1.196502E-07  2.967742E-07
 3.491500E+02  5.678912E-01  3.757923E-04  3.249210E-08  4.351165E-08  4.862316E-08  5.908301E-08  1.984895E-01  8.029999E-05  5.256423E-08  1.691849E-01  2.418861E-04  5.454956E-07  7.656619E-08  2.590070E-03  6.101101E-08  2.432377E-07  1.328236E-07  6.087298E-02  1.562297E-06  3.675568E-07  3.065352E-07  1.140534E-04  1.550527E-04  2.128042E-07  8.806439E-08  1.143769E-07  2.857669E-07
 3.501500E+02  5.682318E-01  3.725004E-04  3.167562E-08  4.242694E-08  4.741314E-08  5.762392E-08  1.985104E-01  7.920223E-05  5.013752E-08  1.695079E-01  2.394497E-04  5.233059E-07  7.523202E-08  2.553641E-03  5.860528E-08  2.341188E-07  1.287554E-07  6.023504E-02  1.509865E-06  3.583635E-07  2.987099E-07  1.127315E-04  1.532570E-04  2.038210E-07  8.418201E-08  1.093645E-07  2.752280E-07
 3.511500E+02  5.685670E-01  3.692587E-04  3.088477E-08  4.137607E-08  4.624083E-08  5.621003E-08  1.985309E-01  7.812666E-05  4.783693E-08  1.698260E-01  2.370446E-04  5.021164E-07  7.392586E-08  2.517957E-03  5.630874E-08  2.253966E-07  1.248370E-07  5.960683E-02  1.459449E-06  3.494517E-07  2.911283E-07  1.114315E-04  1.514909E-04  1.952612E-07  8.049168E-08  1.045988E-07  2.651354E-07
 3.521500E+02  5.688970E-01  3.660660E-04  3.011862E-08  4.035782E-08  4.510486E-08  5.483971E-08  1.985509E-01  7.707273E-05  4.565524E-08  1.701393E-01  2.346704E-04  4.818782E-07  7.264711E-08  2.482998E-03  5.411586E-08  2.170517E-07  1.210621E-07  5.898817E-02  1.410964E-06  3.408116E-07  2.837816E-07  1.101529E-04  1.497540E-04  1.871028E-07  7.698295E-08  1.000664E-07  2.554679E-07
 3.531500E+02  5.692220E-01  3.629214E-04  2.937626E-08  3.937101E-08  4.400391E-08  5.351139E-08  1.985706E-01  7.603989E-05  4.358566E-08  1.704478E-01  2.323268E-04  4.625451E-07  7.139516E-08  2.448747E-03  5.202139E-08  2.090659E-07  1.174245E-07  5.837891E-02  1.364328E-06  3.324335E-07  2.766615E-07  1.088954E-04  1.480456E-04  1.793254E-07  7.364600E-08  9.575475E-08  2.462057E-07
 3.541500E+02  5.695419E-01  3.598242E-04  2.865684E-08  3.841450E-08  4.293671E-08  5.222356E-08  1.985899E-01  7.502762E-05  4.162185E-08  1.707517E-01  2.300134E-04  4.440732E-07  7.016941E-08  2.415185E-03  5.002040E-08  2.014217E-07  1.139187E-07  5.777888E-02  1.319463E-06  3.243084E-07  2.697599E-07  1.076584E-04  1.463652E-04  1.719095E-07  7.047160E-08  9.165205E-08  2.373297E-07
 3.551500E+02  5.698569E-01  3.567733E-04  2.795953E-08  3.748719E-08  4.190207E-08  5.097478E-08  1.986088E-01  7.403541E-05  3.975782E-08  1.710510E-01  2.277300E-04  4.264208E-07  6.896929E-08  2.382296E-03  4.810822E-08  1.941026E-07  1.105391E-07  5.718792E-02  1.276293E-06  3.164275E-07  2.630691E-07  1.064416E-04  1.447124E-04  1.648367E-07  6.745102E-08  8.774715E-08  2.288221E-07
 3.561500E+02  5.701671E-01  3.537679E-04  2.728353E-08  3.658806E-08  4.089881E-08  4.976367E-08  1.986273E-01  7.306276E-05  3.798800E-08  1.713457E-01  2.254761E-04  4.095485E-07  6.779423E-08  2.350062E-03  4.628042E-08  1.870932E-07  1.072806E-07  5.660588E-02  1.234749E-06  3.087824E-07  2.565818E-07  1.052447E-04  1.430864E-04  1.580897E-07  6.457607E-08  8.402955E-08  2.206658E-07
 3.571500E+02  5.704725E-01  3.508071E-04  2.662808E-08  3.571610E-08  3.992583E-08  4.858890E-08  1.986454E-01  7.210918E-05  3.630711E-08  1.716360E-01  2.232514E-04  3.934188E-07  6.664367E-08  2.318468E-03  4.453285E-08  1.803787E-07  1.041380E-07  5.603260E-02  1.194762E-06  3.013649E-07  2.502909E-07  1.040672E-04  1.414870E-04  1.516520E-07  6.183903E-08  8.048935E-08  2.128446E-07
 3.581500E+02  5.707733E-01  3.478902E-04  2.599245E-08  3.487034E-08  3.898206E-08  4.744918E-08  1.986632E-01  7.117422E-05  3.471021E-08  1.719220E-01  2.210556E-04  3.779963E-07  6.551706E-08  2.287497E-03  4.286154E-08  1.739450E-07  1.011068E-07  5.546793E-02  1.156267E-06  2.941673E-07  2.441895E-07  1.029088E-04  1.399134E-04  1.455080E-07  5.923260E-08  7.711724E-08  2.053430E-07
 3.591500E+02  5.710695E-01  3.450163E-04  2.537594E-08  3.404987E-08  3.806646E-08  4.634329E-08  1.986807E-01  7.025741E-05  3.319269E-08  1.722036E-01  2.188883E-04  3.632471E-07  6.441387E-08  2.257136E-03  4.126278E-08  1.677790E-07  9.818232E-08  5.491173E-02  1.119202E-06  2.871820E-07  2.382711E-07  1.017691E-04  1.383653E-04  1.396432E-07  5.674993E-08  7.390442E-08  1.981466E-07
 3.601500E+02  5.713612E-01  3.421846E-04  2.477788E-08  3.325380E-08  3.717805E-08  4.527006E-08  1.986978E-01  6.935832E-05  3.175016E-08  1.724811E-01  2.167492E-04  3.491394E-07  6.333357E-08  2.227368E-03  3.973302E-08  1.618680E-07  9.536028E-08  5.436384E-02  1.083508E-06  2.804018E-07  2.325293E-07  1.006477E-04  1.368422E-04  1.340436E-07  5.438454E-08  7.084258E-08  1.912415E-07
 3.611500E+02  5.716484E-01  3.393943E-04  2.419762E-08  3.248128E-08  3.631589E-08  4.422835E-08  1.987146E-01  6.847652E-05  3.037853E-08  1.727544E-01  2.146379E-04  3.356427E-07  6.227565E-08  2.198179E-03  3.826892E-08  1.562003E-07  9.263654E-08  5.382413E-02  1.049130E-06  2.738198E-07  2.269580E-07  9.954440E-05  1.353436E-04  1.286960E-07  5.213032E-08  6.792392E-08  1.846144E-07
 3.621500E+02  5.719314E-01  3.366447E-04  2.363454E-08  3.173149E-08  3.547907E-08  4.321707E-08  1.987311E-01  6.761159E-05  2.907395E-08  1.730236E-01  2.125542E-04  3.227282E-07  6.123962E-08  2.169556E-03  3.686733E-08  1.507644E-07  9.000717E-08  5.329246E-02  1.016012E-06  2.674292E-07  2.215515E-07  9.845875E-05  1.338689E-04  1.235881E-07  4.998151E-08  6.514104E-08  1.782528E-07
 3.631500E+02  5.722100E-01  3.339351E-04  2.308804E-08  3.100365E-08  3.466671E-08  4.223519E-08  1.987472E-01  6.676312E-05  2.783279E-08  1.732889E-01  2.104976E-04  3.103686E-07  6.022498E-08  2.141484E-03  3.552524E-08  1.455498E-07  8.746841E-08  5.276868E-02  9.841038E-07  2.612237E-07  2.163041E-07  9.739044E-05  1.324179E-04  1.187079E-07  4.793269E-08  6.248697E-08  1.721449E-07
 3.641500E+02  5.724845E-01  3.312647E-04  2.255755E-08  3.029700E-08  3.387797E-08  4.128170E-08  1.987631E-01  6.593073E-05  2.665163E-08  1.735502E-01  2.084679E-04  2.985379E-07  5.923124E-08  2.113951E-03  3.423982E-08  1.405462E-07  8.501665E-08  5.225265E-02  9.533555E-07  2.551971E-07  2.112104E-07  9.633913E-05  1.309900E-04  1.140445E-07  4.597870E-08  5.995512E-08  1.662793E-07
 3.651500E+02  5.727549E-01  3.286327E-04  2.204252E-08  2.961082E-08  3.311205E-08  4.035563E-08  1.987786E-01  6.511402E-05  2.552727E-08  1.738077E-01  2.064646E-04  2.872114E-07  5.825795E-08  2.086944E-03  3.300837E-08  1.357439E-07  8.264847E-08  5.174426E-02  9.237204E-07  2.493433E-07  2.062652E-07  9.530452E-05  1.295847E-04  1.095871E-07  4.411472E-08  5.753929E-08  1.606453E-07
 3.661500E+02  5.730212E-01  3.260386E-04  2.154242E-08  2.894441E-08  3.236817E-08  3.945605E-08  1.987939E-01  6.431264E-05  2.445668E-08  1.740614E-01  2.044875E-04  2.763656E-07  5.730464E-08  2.060450E-03  3.182836E-08  1.311339E-07  8.036057E-08  5.124336E-02  8.951535E-07  2.436567E-07  2.014635E-07  9.428629E-05  1.282017E-04  1.053258E-07  4.233615E-08  5.523361E-08  1.552326E-07
 3.671500E+02  5.732835E-01  3.234816E-04  2.105675E-08  2.829711E-08  3.164559E-08  3.858208E-08  1.988089E-01  6.352622E-05  2.343701E-08  1.743113E-01  2.025362E-04  2.659782E-07  5.637085E-08  2.034457E-03  3.069735E-08  1.267074E-07  7.814981E-08  5.074982E-02  8.676116E-07  2.381317E-07  1.968005E-07  9.328412E-05  1.268405E-04  1.012512E-07  4.063869E-08  5.303251E-08  1.500314E-07
 3.681500E+02  5.735420E-01  3.209610E-04  2.058500E-08  2.766826E-08  3.094358E-08  3.773285E-08  1.988236E-01  6.275441E-05  2.246558E-08  1.745576E-01  2.006104E-04  2.560282E-07  5.545617E-08  2.008953E-03  2.961308E-08  1.224561E-07  7.601321E-08  5.026353E-02  8.410539E-07  2.327631E-07  1.922715E-07  9.229772E-05  1.255008E-04  9.735416E-08  3.901823E-08  5.093075E-08  1.450325E-07
 3.691500E+02  5.737966E-01  3.184763E-04  2.012673E-08  2.705725E-08  3.026146E-08  3.690754E-08  1.988380E-01  6.199686E-05  2.153986E-08  1.748002E-01  1.987098E-04  2.464953E-07  5.456014E-08  1.983927E-03  2.857335E-08  1.183723E-07  7.394787E-08  4.978435E-02  8.154409E-07  2.275456E-07  1.878722E-07  9.132680E-05  1.241821E-04  9.362624E-08  3.747093E-08  4.892339E-08  1.402271E-07
 3.701500E+02  5.740474E-01  3.160267E-04  1.968146E-08  2.646349E-08  2.959857E-08  3.610536E-08  1.988522E-01  6.125325E-05  2.065745E-08  1.750394E-01  1.968339E-04  2.373604E-07  5.368236E-08  1.959368E-03  2.757612E-08  1.144484E-07  7.195107E-08  4.931217E-02  7.907351E-07  2.224743E-07  1.835982E-07  9.037106E-05  1.228840E-04  9.005936E-08  3.599313E-08  4.700572E-08  1.356067E-07
 3.711500E+02  5.742946E-01  3.136117E-04  1.924877E-08  2.588639E-08  2.895426E-08  3.532554E-08  1.988661E-01  6.052325E-05  1.981612E-08  1.752750E-01  1.949826E-04  2.286054E-07  5.282241E-08  1.935264E-03  2.661941E-08  1.106774E-07  7.002017E-08  4.884686E-02  7.669006E-07  2.175446E-07  1.794453E-07  8.943022E-05  1.216062E-04  8.664585E-08  3.458138E-08  4.517332E-08  1.311634E-07
 3.721500E+02  5.745381E-01  3.112305E-04  1.882824E-08  2.532542E-08  2.832792E-08  3.456735E-08  1.988797E-01  5.980656E-05  1.901374E-08  1.755072E-01  1.931554E-04  2.202130E-07  5.197989E-08  1.911606E-03  2.570139E-08  1.070524E-07  6.815265E-08  4.838830E-02  7.439029E-07  2.127517E-07  1.754096E-07  8.850400E-05  1.203482E-04  8.337845E-08  3.323240E-08  4.342198E-08  1.268896E-07
 3.731500E+02  5.747780E-01  3.088827E-04  1.841946E-08  2.478003E-08  2.771896E-08  3.383007E-08  1.988931E-01  5.910286E-05  1.824831E-08  1.757361E-01  1.913521E-04  2.121668E-07  5.115442E-08  1.888382E-03  2.482028E-08  1.035672E-07  6.634611E-08  4.793639E-02  7.217091E-07  2.080913E-07  1.714873E-07  8.759213E-05  1.191098E-04  8.025026E-08  3.194312E-08  4.174773E-08  1.227779E-07
