#         T/K            c1          c2-1          c3-4          c3-5          c3-7          c3-9            m1          m2-1          m3-1            w1            w2          w3-1          w3-2          c1m1        c1m2-1        c1m2-7        c2m1-1        c1w1-2        c1w2-1        c2w1-1        c2w1-9        m1w1-1        m1w1-4        m1w2-1        m2w1-1        m2w1-3      c1m1w1-1
 2.731500E+02  4.557204E-02  6.456819E-06  2.422121E-10  3.179092E-10  3.536993E-10  4.217424E-10  8.905489E-01  6.266527E-03  4.759435E-04  4.684377E-02  7.074344E-05  1.086639E-06  1.524670E-08  3.989315E-03  5.335963E-06  1.750899E-05  9.115097E-08  4.837115E-03  4.014980E-07  1.051688E-08  9.234935E-09  5.294882E-04  7.207762E-04  6.809082E-06  4.687026E-05  5.936181E-05  1.404582E-06
 2.741500E+02  4.566548E-02  6.367839E-06  2.323360E-10  3.050499E-10  3.394176E-10  4.048409E-10  8.907965E-01  6.121183E-03  4.398807E-04  4.690817E-02  6.928710E-05  1.009284E-06  1.471166E-08  3.896583E-03  4.990086E-06  1.642709E-05  8.655904E-08  4.744161E-03  3.780401E-07  1.006473E-08  8.830272E-09  5.181540E-04  7.053025E-04  6.317251E-06  4.341019E-05  5.500148E-05  1.317273E-06
 2.751500E+02  4.575641E-02  6.280366E-06  2.229149E-10  2.927786E-10  3.257879E-10  3.887057E-10  8.910344E-01  5.980278E-03  4.067908E-04  4.697079E-02  6.786825E-05  9.378799E-07  1.419839E-08  3.806573E-03  4.668868E-06  1.541909E-05  8.222646E-08  4.653448E-03  3.560878E-07  9.634527E-09  8.445598E-09  5.071336E-04  6.902594E-04  5.863930E-06  4.022761E-05  5.098928E-05  1.235924E-06
 2.761500E+02  4.584490E-02  6.194381E-06  2.139260E-10  2.810662E-10  3.127780E-10  3.732993E-10  8.912631E-01  5.843653E-03  3.764103E-04  4.703170E-02  6.648586E-05  8.719389E-07  1.370594E-08  3.719195E-03  4.370407E-06  1.447951E-05  7.813725E-08  4.564919E-03  3.355370E-07  9.225124E-09  8.079840E-09  4.964172E-04  6.756331E-04  5.445892E-06  3.729864E-05  4.729538E-05  1.160099E-06
 2.771500E+02  4.593102E-02  6.109869E-06  2.053479E-10  2.698853E-10  3.003575E-10  3.585861E-10  8.914833E-01  5.711153E-03  3.485008E-04  4.709096E-02  6.513891E-05  8.110145E-07  1.323338E-08  3.634364E-03  4.092958E-06  1.360331E-05  7.427651E-08  4.478520E-03  3.162913E-07  8.835425E-09  7.731990E-09  4.859951E-04  6.614104E-04  5.060195E-06  3.460158E-05  4.389265E-05  1.089390E-06
 2.781500E+02  4.601484E-02  6.026810E-06  1.971604E-10  2.592097E-10  2.884974E-10  3.445323E-10  8.916952E-01  5.582632E-03  3.228460E-04  4.714862E-02  6.382641E-05  7.546990E-07  1.277983E-08  3.551993E-03  3.834920E-06  1.278584E-05  7.063030E-08  4.394197E-03  2.982615E-07  8.464398E-09  7.401091E-09  4.758582E-04  6.475786E-04  4.704159E-06  3.211672E-05  4.075644E-05  1.023426E-06
 2.791500E+02  4.609643E-02  5.945185E-06  1.893440E-10  2.490147E-10  2.771704E-10  3.311059E-10  8.918994E-01  5.457947E-03  2.992498E-04  4.720473E-02  6.254740E-05  7.026197E-07  1.234444E-08  3.472003E-03  3.594822E-06  1.202283E-05  6.718560E-08  4.311896E-03  2.813644E-07  8.111069E-09  7.086246E-09  4.659973E-04  6.341253E-04  4.375337E-06  2.982611E-05  3.786430E-05  9.618619E-07
 2.801500E+02  4.617586E-02  5.864975E-06  1.818806E-10  2.392768E-10  2.663503E-10  3.182765E-10  8.920962E-01  5.336963E-03  2.775345E-04  4.725936E-02  6.130094E-05  6.544358E-07  1.192640E-08  3.394315E-03  3.371310E-06  1.131033E-05  6.393022E-08  4.231567E-03  2.655234E-07  7.774516E-09  6.786604E-09  4.564039E-04  6.210385E-04  4.071500E-06  2.771343E-05  3.519582E-05  9.043804E-07
 2.811500E+02  4.625319E-02  5.786161E-06  1.747528E-10  2.299736E-10  2.560126E-10  3.060152E-10  8.922860E-01  5.219550E-03  2.575385E-04  4.731254E-02  6.008611E-05  6.098356E-07  1.152497E-08  3.318854E-03  3.163144E-06  1.064469E-05  6.085278E-08  4.153158E-03  2.506669E-07  7.453870E-09  6.501364E-09  4.470696E-04  6.083066E-04  3.790609E-06  2.576382E-05  3.273237E-05  8.506885E-07
 2.821500E+02  4.632848E-02  5.708723E-06  1.679442E-10  2.210840E-10  2.461338E-10  2.942946E-10  8.924692E-01  5.105581E-03  2.391152E-04  4.736433E-02  5.890203E-05  5.685337E-07  1.113940E-08  3.245547E-03  2.969178E-06  1.002257E-05  5.794262E-08  4.076620E-03  2.367290E-07  7.148306E-09  6.229768E-09  4.379863E-04  5.959185E-04  3.530805E-06  2.396373E-05  3.045702E-05  8.005155E-07
 2.831500E+02  4.640181E-02  5.632640E-06  1.614392E-10  2.125880E-10  2.366916E-10  2.830886E-10  8.926460E-01  4.994937E-03  2.221312E-04  4.741477E-02  5.774782E-05  5.302688E-07  1.076900E-08  3.174322E-03  2.788362E-06  9.440869E-06  5.518977E-08  4.001905E-03  2.236480E-07  6.857050E-09  5.971103E-09  4.291461E-04  5.838634E-04  3.290387E-06  2.230082E-05  2.835428E-05  7.536115E-07
 2.841500E+02  4.647321E-02  5.557893E-06  1.552229E-10  2.044665E-10  2.276650E-10  2.723727E-10  8.928167E-01  4.887501E-03  2.064653E-04  4.746390E-02  5.662265E-05  4.948017E-07  1.041311E-08  3.105113E-03  2.619728E-06  8.896717E-06  5.258491E-08  3.928966E-03  2.113669E-07  6.579365E-09  5.724694E-09  4.205415E-04  5.721308E-04  3.067800E-06  2.076385E-05  2.641006E-05  7.097455E-07
 2.851500E+02  4.654276E-02  5.484461E-06  1.492814E-10  1.967015E-10  2.190340E-10  2.621232E-10  8.929817E-01  4.783163E-03  1.920071E-04  4.751177E-02  5.552570E-05  4.619130E-07  1.007109E-08  3.037854E-03  2.462382E-06  8.387472E-06  5.011929E-08  3.857755E-03  1.998328E-07  6.314558E-09  5.489903E-09  4.121651E-04  5.607107E-04  2.861623E-06  1.934252E-05  2.461148E-05  6.687040E-07
 2.861500E+02  4.661051E-02  5.412324E-06  1.436013E-10  1.892758E-10  2.107796E-10  2.523180E-10  8.931412E-01  4.681815E-03  1.786562E-04  4.755841E-02  5.445616E-05  4.314017E-07  9.742347E-09  2.972481E-03  2.315504E-06  7.910692E-06  4.778474E-08  3.788229E-03  1.889962E-07  6.061972E-09  5.266129E-09  4.040099E-04  5.495933E-04  2.670554E-06  1.802747E-05  2.294678E-05  6.302897E-07
 2.871500E+02  4.667651E-02  5.341460E-06  1.381700E-10  1.821732E-10  2.028837E-10  2.429360E-10  8.932955E-01  4.583354E-03  1.663210E-04  4.760386E-02  5.341327E-05  4.030833E-07  9.426300E-09  2.908933E-03  2.178336E-06  7.464117E-06  4.557359E-08  3.720344E-03  1.788115E-07  5.820987E-09  5.052803E-09  3.960690E-04  5.387692E-04  2.493403E-06  1.681013E-05  2.140520E-05  5.943197E-07
 2.881500E+02  4.674081E-02  5.271850E-06  1.329757E-10  1.753781E-10  1.953292E-10  2.339570E-10  8.934447E-01  4.487682E-03  1.549180E-04  4.764817E-02  5.239628E-05  3.767886E-07  9.122402E-09  2.847151E-03  2.050179E-06  7.045656E-06  4.347866E-08  3.654056E-03  1.692360E-07  5.591015E-09  4.849388E-09  3.883358E-04  5.282294E-04  2.329078E-06  1.568266E-05  1.997692E-05  5.606251E-07
 2.891500E+02  4.680347E-02  5.203472E-06  1.280068E-10  1.688760E-10  1.880999E-10  2.253621E-10  8.935892E-01  4.394705E-03  1.443712E-04  4.769135E-02  5.140445E-05  3.523623E-07  8.830132E-09  2.787079E-03  1.930389E-06  6.653376E-06  4.149323E-08  3.589323E-03  1.602302E-07  5.371501E-09  4.655377E-09  3.808040E-04  5.179649E-04  2.176579E-06  1.463792E-05  1.865296E-05  5.290494E-07
 2.901500E+02  4.686453E-02  5.136307E-06  1.232526E-10  1.626529E-10  1.811804E-10  2.171331E-10  8.937290E-01  4.304330E-03  1.346110E-04  4.773346E-02  5.043708E-05  3.296617E-07  8.548990E-09  2.728662E-03  1.818371E-06  6.285484E-06  3.961098E-08  3.526106E-03  1.517571E-07  5.161920E-09  4.470290E-09  3.734673E-04  5.079675E-04  2.034989E-06  1.366934E-05  1.742509E-05  4.994475E-07
 2.911500E+02  4.692404E-02  5.070333E-06  1.187028E-10  1.566956E-10  1.745560E-10  2.092528E-10  8.938645E-01  4.216470E-03  1.255741E-04  4.777452E-02  4.949347E-05  3.085557E-07  8.278501E-09  2.671846E-03  1.713574E-06  5.940323E-06  3.782599E-08  3.464363E-03  1.437825E-07  4.961776E-09  4.293674E-09  3.663199E-04  4.982288E-04  1.903467E-06  1.277094E-05  1.628577E-05  4.716852E-07
 2.921500E+02  4.698204E-02  5.005530E-06  1.143479E-10  1.509917E-10  1.682128E-10  2.017049E-10  8.939957E-01  4.131042E-03  1.172024E-04  4.781457E-02  4.857297E-05  2.889239E-07  8.018211E-09  2.616581E-03  1.615492E-06  5.616355E-06  3.613273E-08  3.404058E-03  1.362745E-07  4.770597E-09  4.125100E-09  3.593559E-04  4.887409E-04  1.781242E-06  1.193722E-05  1.522810E-05  4.456379E-07
 2.931500E+02  4.703858E-02  4.941878E-06  1.101785E-10  1.455291E-10  1.621376E-10  1.944739E-10  8.941229E-01  4.047962E-03  1.094430E-04  4.785363E-02  4.767492E-05  2.706554E-07  7.767689E-09  2.562817E-03  1.523654E-06  5.312155E-06  3.452597E-08  3.345151E-03  1.292033E-07  4.587940E-09  3.964163E-09  3.525698E-04  4.794962E-04  1.667603E-06  1.116314E-05  1.424576E-05  4.211903E-07
 2.941500E+02  4.709371E-02  4.879356E-06  1.061859E-10  1.402965E-10  1.563180E-10  1.875450E-10  8.942463E-01  3.967155E-03  1.022475E-04  4.789173E-02  4.679869E-05  2.536483E-07  7.526522E-09  2.510506E-03  1.437627E-06  5.026401E-06  3.300084E-08  3.287607E-03  1.225412E-07  4.413384E-09  3.810480E-09  3.459562E-04  4.704874E-04  1.561901E-06  1.044411E-05  1.333294E-05  3.982351E-07
 2.951500E+02  4.714746E-02  4.817944E-06  1.023618E-10  1.352833E-10  1.507419E-10  1.809043E-10  8.943659E-01  3.888544E-03  9.557143E-05  4.792891E-02  4.594368E-05  2.378089E-07  7.294316E-09  2.459603E-03  1.357010E-06  4.757867E-06  3.155274E-08  3.231389E-03  1.162624E-07  4.246528E-09  3.663687E-09  3.395099E-04  4.617071E-04  1.463537E-06  9.775875E-06  1.248432E-05  3.766730E-07
 2.961500E+02  4.719987E-02  4.757623E-06  9.869824E-11  1.304792E-10  1.453980E-10  1.745385E-10  8.944820E-01  3.812058E-03  8.937421E-05  4.796518E-02  4.510928E-05  2.230507E-07  7.070694E-09  2.410063E-03  1.281430E-06  4.505416E-06  3.017737E-08  3.176464E-03  1.103429E-07  4.086997E-09  3.523443E-09  3.332258E-04  4.531487E-04  1.371961E-06  9.154565E-06  1.169502E-05  3.564118E-07
 2.971500E+02  4.725098E-02  4.698373E-06  9.518783E-11  1.258746E-10  1.402757E-10  1.684348E-10  8.945947E-01  3.737626E-03  8.361864E-05  4.800058E-02  4.429494E-05  2.092942E-07  6.855300E-09  2.361844E-03  1.210544E-06  4.267989E-06  2.887067E-08  3.122796E-03  1.047601E-07  3.934432E-09  3.389423E-09  3.270992E-04  4.448053E-04  1.286667E-06  8.576610E-06  1.096055E-05  3.373657E-07
 2.981500E+02  4.730084E-02  4.640174E-06  9.182341E-11  1.214601E-10  1.353646E-10  1.625814E-10  8.947040E-01  3.665183E-03  7.827059E-05  4.803514E-02  4.350007E-05  1.964661E-07  6.647790E-09  2.314903E-03  1.144033E-06  4.044606E-06  2.762886E-08  3.070353E-03  9.949310E-08  3.788495E-09  3.261319E-09  3.211253E-04  4.366706E-04  1.207188E-06  8.038737E-06  1.027678E-05  3.194550E-07
 2.991500E+02  4.734947E-02  4.583007E-06  8.859823E-11  1.172272E-10  1.306551E-10  1.569667E-10  8.948102E-01  3.594663E-03  7.329880E-05  4.806887E-02  4.272416E-05  1.844987E-07  6.447838E-09  2.269202E-03  1.081602E-06  3.834355E-06  2.644834E-08  3.019103E-03  9.452245E-08  3.648865E-09  3.138842E-09  3.152996E-04  4.287383E-04  1.133097E-06  7.537935E-06  9.639915E-06  3.026060E-07
 3.001500E+02  4.739691E-02  4.526853E-06  8.550585E-11  1.131674E-10  1.261380E-10  1.515799E-10  8.949133E-01  3.526005E-03  6.867455E-05  4.810180E-02  4.196666E-05  1.733299E-07  6.255131E-09  2.224702E-03  1.022976E-06  3.636386E-06  2.532577E-08  2.969014E-03  8.982988E-08  3.515239E-09  3.021715E-09  3.096178E-04  4.210023E-04  1.063998E-06  7.071436E-06  9.046474E-06  2.867496E-07
 3.011500E+02  4.744320E-02  4.471693E-06  8.254019E-11  1.092728E-10  1.218045E-10  1.464107E-10  8.950136E-01  3.459149E-03  6.437149E-05  4.813395E-02  4.122708E-05  1.629019E-07  6.069373E-09  2.181364E-03  9.679016E-07  3.449912E-06  2.425798E-08  2.920058E-03  8.539835E-08  3.387327E-09  2.909678E-09  3.040754E-04  4.134570E-04  9.995279E-07  6.636694E-06  8.493245E-06  2.718219E-07
 3.021500E+02  4.748837E-02  4.417508E-06  7.969545E-11  1.055360E-10  1.176462E-10  1.414493E-10  8.951110E-01  3.394038E-03  6.036541E-05  4.816535E-02  4.050491E-05  1.531619E-07  5.890278E-09  2.139155E-03  9.161433E-07  3.274197E-06  2.324199E-08  2.872203E-03  8.121196E-08  3.264857E-09  2.802484E-09  2.986686E-04  4.060967E-04  9.393503E-07  6.231364E-06  7.977273E-06  2.577634E-07
 3.031500E+02  4.753245E-02  4.364280E-06  7.696610E-11  1.019497E-10  1.136553E-10  1.366862E-10  8.952056E-01  3.330615E-03  5.663405E-05  4.819601E-02  3.979968E-05  1.440606E-07  5.717576E-09  2.098038E-03  8.674820E-07  3.108560E-06  2.227502E-08  2.825421E-03  7.725585E-08  3.147571E-09  2.699900E-09  2.933932E-04  3.989158E-04  8.831559E-07  5.853290E-06  7.495835E-06  2.445187E-07
 3.041500E+02  4.757548E-02  4.311990E-06  7.434691E-11  9.850727E-11  1.098242E-10  1.321127E-10  8.952977E-01  3.268829E-03  5.315696E-05  4.822596E-02  3.911092E-05  1.355529E-07  5.551006E-09  2.057981E-03  8.217146E-07  2.952363E-06  2.135443E-08  2.779685E-03  7.351614E-08  3.035221E-09  2.601704E-09  2.882456E-04  3.919093E-04  8.306591E-07  5.500483E-06  7.046423E-06  2.320361E-07
 3.051500E+02  4.761747E-02  4.260622E-06  7.183291E-11  9.520215E-11  1.061456E-10  1.277203E-10  8.953872E-01  3.208627E-03  4.991532E-05  4.825522E-02  3.843819E-05  1.275969E-07  5.390320E-09  2.018950E-03  7.786523E-07  2.805015E-06  2.047775E-08  2.734967E-03  6.997983E-08  2.927577E-09  2.507685E-09  2.832218E-04  3.850719E-04  7.815964E-07  5.171110E-06  6.626724E-06  2.202676E-07
 3.061500E+02  4.765847E-02  4.210157E-06  6.941935E-11  9.202822E-11  1.026129E-10  1.235008E-10  8.954743E-01  3.149961E-03  4.689180E-05  4.828381E-02  3.778104E-05  1.201538E-07  5.235282E-09  1.980916E-03  7.381197E-07  2.665962E-06  1.964263E-08  2.691241E-03  6.663480E-08  2.824417E-09  2.417646E-09  2.783185E-04  3.783988E-04  7.357241E-07  4.863482E-06  6.234604E-06  2.091684E-07
 3.071500E+02  4.769849E-02  4.160578E-06  6.710173E-11  8.897963E-11  9.921948E-11  1.194468E-10  8.955591E-01  3.092781E-03  4.407045E-05  4.831174E-02  3.713905E-05  1.131880E-07  5.085666E-09  1.943847E-03  6.999536E-07  2.534691E-06  1.884687E-08  2.648481E-03  6.346967E-08  2.725531E-09  2.331396E-09  2.735321E-04  3.718853E-04  6.928173E-07  4.576039E-06  5.868094E-06  1.986966E-07
 3.081500E+02  4.773758E-02  4.111868E-06  6.487577E-11  8.605082E-11  9.595919E-11  1.155508E-10  8.956416E-01  3.037043E-03  4.143657E-05  4.833904E-02  3.651180E-05  1.066662E-07  4.941254E-09  1.907714E-03  6.640023E-07  2.410720E-06  1.808842E-08  2.606662E-03  6.047382E-08  2.630720E-09  2.248758E-09  2.688592E-04  3.655267E-04  6.526681E-07  4.307344E-06  5.525375E-06  1.888134E-07
 3.091500E+02  4.777574E-02  4.064010E-06  6.273739E-11  8.323649E-11  9.282616E-11  1.118059E-10  8.957219E-01  2.982702E-03  3.897661E-05  4.836571E-02  3.589891E-05  1.005578E-07  4.801841E-09  1.872490E-03  6.301245E-07  2.293602E-06  1.736531E-08  2.565759E-03  5.763729E-08  2.539796E-09  2.169561E-09  2.642967E-04  3.593185E-04  6.150841E-07  4.056066E-06  5.204770E-06  1.794825E-07
 3.101500E+02  4.781302E-02  4.016988E-06  6.068271E-11  8.053161E-11  8.981479E-11  1.082056E-10  8.958001E-01  2.929715E-03  3.667807E-05  4.839179E-02  3.529997E-05  9.483444E-08  4.667227E-09  1.838147E-03  5.981887E-07  2.182918E-06  1.667570E-08  2.525750E-03  5.495078E-08  2.452580E-09  2.093645E-09  2.598413E-04  3.532566E-04  5.798874E-07  3.820979E-06  4.904726E-06  1.706699E-07
 3.111500E+02  4.784943E-02  3.970785E-06  5.870803E-11  7.793137E-11  8.691976E-11  1.047435E-10  8.958762E-01  2.878041E-03  3.452942E-05  4.841728E-02  3.471462E-05  8.946979E-08  4.537225E-09  1.804659E-03  5.680726E-07  2.078279E-06  1.601786E-08  2.486612E-03  5.240553E-08  2.368901E-09  2.020857E-09  2.554900E-04  3.473367E-04  5.469133E-07  3.600947E-06  4.623808E-06  1.623439E-07
 3.121500E+02  4.788499E-02  3.925385E-06  5.680985E-11  7.543121E-11  8.413599E-11  1.014137E-10  8.959504E-01  2.827640E-03  3.252003E-05  4.844220E-02  3.414249E-05  8.443948E-08  4.411653E-09  1.772000E-03  5.396621E-07  1.979319E-06  1.539016E-08  2.448322E-03  4.999339E-08  2.288597E-09  1.951051E-09  2.512400E-04  3.415548E-04  5.160093E-07  3.394923E-06  4.360690E-06  1.544751E-07
 3.131500E+02  4.791974E-02  3.880773E-06  5.498483E-11  7.302677E-11  8.145866E-11  9.821037E-11  8.960226E-01  2.778474E-03  3.064005E-05  4.846656E-02  3.358323E-05  7.972091E-08  4.290338E-09  1.740146E-03  5.128508E-07  1.885698E-06  1.479103E-08  2.410857E-03  4.770668E-08  2.211516E-09  1.884091E-09  2.470883E-04  3.359070E-04  4.870342E-07  3.201936E-06  4.114143E-06  1.470358E-07
 3.141500E+02  4.795369E-02  3.836934E-06  5.322977E-11  7.071392E-11  7.888316E-11  9.512818E-11  8.960930E-01  2.730506E-03  2.888042E-05  4.849039E-02  3.303648E-05  7.529311E-08  4.173114E-09  1.709073E-03  4.875396E-07  1.797098E-06  1.421904E-08  2.374199E-03  4.553821E-08  2.137511E-09  1.819845E-09  2.430322E-04  3.303896E-04  4.598571E-07  3.021088E-06  3.883031E-06  1.400001E-07
 3.151500E+02  4.798687E-02  3.793852E-06  5.154165E-11  6.848871E-11  7.640512E-11  9.216190E-11  8.961617E-01  2.683699E-03  2.723273E-05  4.851369E-02  3.250193E-05  7.113664E-08  4.059823E-09  1.678759E-03  4.636361E-07  1.713220E-06  1.367279E-08  2.338325E-03  4.348125E-08  2.066444E-09  1.758190E-09  2.390690E-04  3.249989E-04  4.343566E-07  2.851547E-06  3.666302E-06  1.333441E-07
 3.161500E+02  4.801929E-02  3.751512E-06  4.991757E-11  6.634738E-11  7.402035E-11  8.930661E-11  8.962286E-01  2.638020E-03  2.568922E-05  4.853648E-02  3.197924E-05  6.723345E-08  3.950314E-09  1.649180E-03  4.410540E-07  1.633785E-06  1.315099E-08  2.303216E-03  4.152946E-08  1.998182E-09  1.699007E-09  2.351962E-04  3.197314E-04  4.104203E-07  2.692543E-06  3.462979E-06  1.270450E-07
 3.171500E+02  4.805098E-02  3.709900E-06  4.835478E-11  6.428635E-11  7.172489E-11  8.655759E-11  8.962938E-01  2.593435E-03  2.424271E-05  4.855878E-02  3.146811E-05  6.356676E-08  3.844441E-09  1.620316E-03  4.197127E-07  1.558534E-06  1.265241E-08  2.268852E-03  3.967691E-08  1.932602E-09  1.642185E-09  2.314113E-04  3.145836E-04  3.879437E-07  2.543363E-06  3.272158E-06  1.210819E-07
 3.181500E+02  4.808196E-02  3.669001E-06  4.685066E-11  6.230220E-11  6.951493E-11  8.391035E-11  8.963574E-01  2.549912E-03  2.288655E-05  4.858059E-02  3.096822E-05  6.012101E-08  3.742065E-09  1.592146E-03  3.995371E-07  1.487222E-06  1.217590E-08  2.235215E-03  3.791804E-08  1.869582E-09  1.587617E-09  2.277118E-04  3.095522E-04  3.668300E-07  2.403345E-06  3.093001E-06  1.154349E-07
 3.191500E+02  4.811224E-02  3.628802E-06  4.540272E-11  6.039167E-11  6.738686E-11  8.136062E-11  8.964195E-01  2.507420E-03  2.161457E-05  4.860193E-02  3.047929E-05  5.688172E-08  3.643053E-09  1.564650E-03  3.804569E-07  1.419621E-06  1.172035E-08  2.202287E-03  3.624760E-08  1.809011E-09  1.535202E-09  2.240954E-04  3.046341E-04  3.469890E-07  2.271876E-06  2.924731E-06  1.100856E-07
 3.201500E+02  4.814185E-02  3.589288E-06  4.400857E-11  5.855167E-11  6.533723E-11  7.890431E-11  8.964800E-01  2.465929E-03  2.042108E-05  4.862281E-02  3.000102E-05  5.383545E-08  3.547278E-09  1.537808E-03  3.624064E-07  1.355517E-06  1.128472E-08  2.170049E-03  3.466068E-08  1.750781E-09  1.484844E-09  2.205598E-04  2.998262E-04  3.283373E-07  2.148385E-06  2.766625E-06  1.050166E-07
 3.211500E+02  4.817081E-02  3.550447E-06  4.266593E-11  5.677923E-11  6.336276E-11  7.653752E-11  8.965390E-01  2.425409E-03  1.930079E-05  4.864324E-02  2.953314E-05  5.096968E-08  3.454618E-09  1.511602E-03  3.453243E-07  1.294708E-06  1.086804E-08  2.138484E-03  3.315267E-08  1.694788E-09  1.436452E-09  2.171028E-04  2.951254E-04  3.107971E-07  2.032346E-06  2.618014E-06  1.002118E-07
 3.221500E+02  4.819912E-02  3.512264E-06  4.137265E-11  5.507153E-11  6.146030E-11  7.425654E-11  8.965967E-01  2.385834E-03  1.824879E-05  4.866324E-02  2.907537E-05  4.827277E-08  3.364956E-09  1.486013E-03  3.291532E-07  1.237007E-06  1.046938E-08  2.107576E-03  3.171923E-08  1.640935E-09  1.389938E-09  2.137224E-04  2.905288E-04  2.942962E-07  1.923266E-06  2.478273E-06  9.565582E-08
 3.231500E+02  4.822681E-02  3.474728E-06  4.012666E-11  5.342587E-11  5.962687E-11  7.205782E-11  8.966529E-01  2.347175E-03  1.726053E-05  4.868282E-02  2.862746E-05  4.573389E-08  3.278179E-09  1.461025E-03  3.138394E-07  1.182238E-06  1.008786E-08  2.077308E-03  3.035626E-08  1.589130E-09  1.345221E-09  2.104163E-04  2.860336E-04  2.787675E-07  1.820691E-06  2.346826E-06  9.133455E-08
 3.241500E+02  4.825390E-02  3.437824E-06  3.892599E-11  5.183969E-11  5.785961E-11  6.993799E-11  8.967078E-01  2.309407E-03  1.633179E-05  4.870198E-02  2.818915E-05  4.334297E-08  3.194181E-09  1.436619E-03  2.993326E-07  1.130235E-06  9.722649E-09  2.047665E-03  2.905995E-08  1.539283E-09  1.302220E-09  2.071828E-04  2.816371E-04  2.641485E-07  1.724197E-06  2.223134E-06  8.723460E-08
 3.251500E+02  4.828039E-02  3.401542E-06  3.776876E-11  5.031054E-11  5.615580E-11  6.789381E-11  8.967614E-01  2.272505E-03  1.545866E-05  4.872074E-02  2.776019E-05  4.109059E-08  3.112858E-09  1.412780E-03  2.855858E-07  1.080843E-06  9.372963E-09  2.018630E-03  2.782667E-08  1.491312E-09  1.260862E-09  2.040197E-04  2.773366E-04  2.503810E-07  1.633389E-06  2.106697E-06  8.334341E-08
 3.261500E+02  4.830632E-02  3.365868E-06  3.665317E-11  4.883607E-11  5.451284E-11  6.592219E-11  8.968138E-01  2.236443E-03  1.463749E-05  4.873911E-02  2.734035E-05  3.896803E-08  3.034112E-09  1.389492E-03  2.725550E-07  1.033917E-06  9.038057E-09  1.990189E-03  2.665302E-08  1.445134E-09  1.221074E-09  2.009252E-04  2.731296E-04  2.374109E-07  1.547902E-06  1.997049E-06  7.964923E-08
 3.271500E+02  4.833168E-02  3.330790E-06  3.557752E-11  4.741405E-11  5.292824E-11  6.402020E-11  8.968649E-01  2.201198E-03  1.386489E-05  4.875710E-02  2.692939E-05  3.696711E-08  2.957849E-09  1.366738E-03  2.601988E-07  9.893185E-07  8.717225E-09  1.962326E-03  2.553582E-08  1.400675E-09  1.182790E-09  1.978976E-04  2.690136E-04  2.251878E-07  1.467395E-06  1.893759E-06  7.614101E-08
 3.281500E+02  4.835650E-02  3.296297E-06  3.454018E-11  4.604235E-11  5.139963E-11  6.218501E-11  8.969149E-01  2.166748E-03  1.313773E-05  4.877471E-02  2.652707E-05  3.508025E-08  2.883976E-09  1.344506E-03  2.484786E-07  9.469201E-07  8.409800E-09  1.935029E-03  2.447205E-08  1.357860E-09  1.145945E-09  1.949350E-04  2.649862E-04  2.136646E-07  1.391550E-06  1.796421E-06  7.280839E-08
 3.291500E+02  4.838079E-02  3.262377E-06  3.353958E-11  4.471893E-11  4.992475E-11  6.041395E-11  8.969637E-01  2.133071E-03  1.245308E-05  4.879197E-02  2.613320E-05  3.330034E-08  2.812408E-09  1.322779E-03  2.373581E-07  9.066010E-07  8.115148E-09  1.908283E-03  2.345887E-08  1.316622E-09  1.110476E-09  1.920357E-04  2.610450E-04  2.027975E-07  1.320073E-06  1.704661E-06  6.964164E-08
 3.301500E+02  4.840456E-02  3.229019E-06  3.257423E-11  4.344185E-11  4.850144E-11  5.870444E-11  8.970113E-01  2.100144E-03  1.180821E-05  4.880886E-02  2.574754E-05  3.162077E-08  2.743062E-09  1.301544E-03  2.268033E-07  8.682474E-07  7.832669E-09  1.882075E-03  2.249361E-08  1.276892E-09  1.076326E-09  1.891981E-04  2.571877E-04  1.925458E-07  1.252687E-06  1.618129E-06  6.663159E-08
 3.311500E+02  4.842783E-02  3.196213E-06  3.164271E-11  4.220924E-11  4.712763E-11  5.705404E-11  8.970579E-01  2.067947E-03  1.120060E-05  4.882542E-02  2.536990E-05  3.003536E-08  2.675856E-09  1.280788E-03  2.167823E-07  8.317528E-07  7.561795E-09  1.856391E-03  2.157375E-08  1.238610E-09  1.043439E-09  1.864206E-04  2.534123E-04  1.828713E-07  1.189137E-06  1.536499E-06  6.376966E-08
 3.321500E+02  4.845061E-02  3.163946E-06  3.074367E-11  4.101933E-11  4.580135E-11  5.546039E-11  8.971035E-01  2.036461E-03  1.062789E-05  4.884164E-02  2.500007E-05  2.853836E-08  2.610714E-09  1.260497E-03  2.072652E-07  7.970167E-07  7.301985E-09  1.831220E-03  2.069692E-08  1.201713E-09  1.011760E-09  1.837016E-04  2.497165E-04  1.737384E-07  1.129183E-06  1.459466E-06  6.104775E-08
 3.331500E+02  4.847291E-02  3.132209E-06  2.987580E-11  3.987043E-11  4.452070E-11  5.392125E-11  8.971480E-01  2.005666E-03  1.008788E-05  4.885753E-02  2.463785E-05  2.712437E-08  2.547563E-09  1.240658E-03  1.982238E-07  7.639446E-07  7.052728E-09  1.806547E-03  1.986088E-08  1.166145E-09  9.812407E-10  1.810396E-04  2.460983E-04  1.651140E-07  1.072602E-06  1.386747E-06  5.845827E-08
 3.341500E+02  4.849475E-02  3.100991E-06  2.903786E-11  3.876090E-11  4.328390E-11  5.243449E-11  8.971915E-01  1.975542E-03  9.578512E-06  4.887310E-02  2.428307E-05  2.578836E-08  2.486331E-09  1.221260E-03  1.896317E-07  7.324476E-07  6.813539E-09  1.782363E-03  1.906352E-08  1.131852E-09  9.518311E-10  1.784331E-04  2.425557E-04  1.569671E-07  1.019188E-06  1.318076E-06  5.599405E-08
 3.351500E+02  4.851613E-02  3.070282E-06  2.822868E-11  3.768920E-11  4.208920E-11  5.099805E-11  8.972341E-01  1.946072E-03  9.097893E-06  4.888836E-02  2.393552E-05  2.452564E-08  2.426951E-09  1.202291E-03  1.814642E-07  7.024421E-07  6.583955E-09  1.758654E-03  1.830286E-08  1.098780E-09  9.234855E-10  1.758808E-04  2.390867E-04  1.492687E-07  9.687440E-07  1.253207E-06  5.364838E-08
 3.361500E+02  4.853708E-02  3.040073E-06  2.744710E-11  3.665385E-11  4.093496E-11  4.960998E-11  8.972757E-01  1.917239E-03  8.644238E-06  4.890331E-02  2.359504E-05  2.333181E-08  2.369358E-09  1.183738E-03  1.736979E-07  6.738492E-07  6.363540E-09  1.735409E-03  1.757699E-08  1.066880E-09  8.961598E-10  1.733811E-04  2.356895E-04  1.419919E-07  9.210905E-07  1.191909E-06  5.141491E-08
 3.371500E+02  4.855759E-02  3.010352E-06  2.669206E-11  3.565343E-11  3.981961E-11  4.826839E-11  8.973164E-01  1.889025E-03  8.215888E-06  4.891797E-02  2.326144E-05  2.220275E-08  2.313488E-09  1.165591E-03  1.663110E-07  6.465947E-07  6.151877E-09  1.712618E-03  1.688417E-08  1.036105E-09  8.698120E-10  1.709329E-04  2.323623E-04  1.351112E-07  8.760578E-07  1.133965E-06  4.928768E-08
 3.381500E+02  4.857768E-02  2.981112E-06  2.596252E-11  3.468658E-11  3.874164E-11  4.697149E-11  8.973562E-01  1.861414E-03  7.811291E-06  4.893234E-02  2.293457E-05  2.113463E-08  2.259281E-09  1.147840E-03  1.592828E-07  6.206086E-07  5.948573E-09  1.690269E-03  1.622270E-08  1.006408E-09  8.444022E-10  1.685347E-04  2.291032E-04  1.286031E-07  8.334879E-07  1.079175E-06  4.726107E-08
 3.391500E+02  4.859736E-02  2.952342E-06  2.525748E-11  3.375200E-11  3.769960E-11  4.571758E-11  8.973951E-01  1.834389E-03  7.429002E-06  4.894642E-02  2.261425E-05  2.012383E-08  2.206680E-09  1.130472E-03  1.525939E-07  5.958249E-07  5.753252E-09  1.668353E-03  1.559101E-08  9.777475E-10  8.198920E-10  1.661854E-04  2.259105E-04  1.224454E-07  7.932328E-07  1.027350E-06  4.532978E-08
 3.401500E+02  4.861664E-02  2.924034E-06  2.457599E-11  3.284845E-11  3.669211E-11  4.450499E-11  8.974332E-01  1.807936E-03  7.067670E-06  4.896024E-02  2.230032E-05  1.916700E-08  2.155629E-09  1.113479E-03  1.462262E-07  5.721814E-07  5.565558E-09  1.646858E-03  1.498760E-08  9.500805E-10  7.962449E-10  1.638836E-04  2.227826E-04  1.166175E-07  7.551544E-07  9.783136E-07  4.348882E-08
 3.411500E+02  4.863554E-02  2.896178E-06  2.391715E-11  3.197474E-11  3.571785E-11  4.333216E-11  8.974705E-01  1.782039E-03  6.726032E-06  4.897378E-02  2.199263E-05  1.826097E-08  2.106075E-09  1.096851E-03  1.401625E-07  5.496195E-07  5.385153E-09  1.625776E-03  1.441106E-08  9.233680E-10  7.734260E-10  1.616283E-04  2.197179E-04  1.111000E-07  7.191234E-07  9.319009E-07  4.173350E-08
 3.421500E+02  4.865405E-02  2.868765E-06  2.328009E-11  3.112973E-11  3.477555E-11  4.219759E-11  8.975070E-01  1.756684E-03  6.402907E-06  4.898706E-02  2.169103E-05  1.740279E-08  2.057966E-09  1.080577E-03  1.343865E-07  5.280838E-07  5.211713E-09  1.605095E-03  1.386006E-08  8.975720E-10  7.514021E-10  1.594182E-04  2.167147E-04  1.058746E-07  6.850189E-07  8.879577E-07  4.005936E-08
 3.431500E+02  4.867220E-02  2.841788E-06  2.266397E-11  3.031234E-11  3.386400E-11  4.109983E-11  8.975427E-01  1.731857E-03  6.097194E-06  4.900008E-02  2.139537E-05  1.658970E-08  2.011253E-09  1.064648E-03  1.288832E-07  5.075221E-07  5.044933E-09  1.584808E-03  1.333332E-08  8.726563E-10  7.301413E-10  1.572523E-04  2.137716E-04  1.009245E-07  6.527276E-07  8.463394E-07  3.846224E-08
 3.441500E+02  4.868998E-02  2.815238E-06  2.206801E-11  2.952152E-11  3.298205E-11  4.003749E-11  8.975777E-01  1.707543E-03  5.807860E-06  4.901285E-02  2.110551E-05  1.581908E-08  1.965889E-09  1.049057E-03  1.236381E-07  4.878850E-07  4.884522E-09  1.564904E-03  1.282966E-08  8.485865E-10  7.096133E-10  1.551294E-04  2.108870E-04  9.623378E-08  6.221436E-07  8.069108E-07  3.693817E-08
 3.451500E+02  4.870741E-02  2.789106E-06  2.149144E-11  2.875627E-11  3.212857E-11  3.900926E-11  8.976119E-01  1.683731E-03  5.533940E-06  4.902538E-02  2.082131E-05  1.508852E-08  1.921827E-09  1.033793E-03  1.186377E-07  4.691259E-07  4.730202E-09  1.545376E-03  1.234794E-08  8.253294E-10  6.897890E-10  1.530485E-04  2.080596E-04  9.178740E-08  5.931677E-07  7.695451E-07  3.548343E-08
 3.461500E+02  4.872450E-02  2.763385E-06  2.093353E-11  2.801563E-11  3.130251E-11  3.801386E-11  8.976455E-01  1.660406E-03  5.274529E-06  4.903767E-02  2.054263E-05  1.439572E-08  1.879025E-09  1.018849E-03  1.138694E-07  4.512009E-07  4.581710E-09  1.526213E-03  1.188710E-08  8.028533E-10  6.706406E-10  1.510086E-04  2.052878E-04  8.757142E-08  5.657067E-07  7.341236E-07  3.409451E-08
 3.471500E+02  4.874125E-02  2.738066E-06  2.039358E-11  2.729870E-11  3.050285E-11  3.705009E-11  8.976783E-01  1.637557E-03  5.028782E-06  4.904973E-02  2.026935E-05  1.373854E-08  1.837439E-09  1.004216E-03  1.093210E-07  4.340684E-07  4.438795E-09  1.507408E-03  1.144613E-08  7.811281E-10  6.521417E-10  1.490087E-04  2.025705E-04  8.357272E-08  5.396737E-07  7.005348E-07  3.276808E-08
 3.481500E+02  4.875768E-02  2.713143E-06  1.987092E-11  2.660457E-11  2.972860E-11  3.611676E-11  8.977104E-01  1.615171E-03  4.795906E-06  4.906156E-02  2.000133E-05  1.311498E-08  1.797029E-09  9.898857E-04  1.049813E-07  4.176891E-07  4.301217E-09  1.488953E-03  1.102406E-08  7.601248E-10  6.342668E-10  1.470477E-04  1.999061E-04  7.977898E-08  5.149867E-07  6.686743E-07  3.150100E-08
 3.491500E+02  4.877378E-02  2.688607E-06  1.936491E-11  2.593243E-11  2.897883E-11  3.521278E-11  8.977419E-01  1.593237E-03  4.575158E-06  4.907317E-02  1.973845E-05  1.252313E-08  1.757757E-09  9.758513E-04  1.008396E-07  4.020259E-07  4.168749E-09  1.470840E-03  1.061999E-08  7.398157E-10  6.169917E-10  1.451248E-04  1.972936E-04  7.617864E-08  4.915693E-07  6.384441E-07  3.029030E-08
 3.501500E+02  4.878957E-02  2.664451E-06  1.887493E-11  2.528145E-11  2.825264E-11  3.433706E-11  8.977728E-01  1.571743E-03  4.365843E-06  4.908457E-02  1.948059E-05  1.196124E-08  1.719584E-09  9.621050E-04  9.688584E-08  3.870435E-07  4.041174E-09  1.453060E-03  1.023305E-08  7.201742E-10  6.002932E-10  1.432390E-04  1.947315E-04  7.276085E-08  4.693495E-07  6.097524E-07  2.913319E-08
 3.511500E+02  4.880506E-02  2.640668E-06  1.840040E-11  2.465087E-11  2.754918E-11  3.348858E-11  8.978030E-01  1.550679E-03  4.167307E-06  4.909575E-02  1.922763E-05  1.142763E-08  1.682474E-09  9.486394E-04  9.311041E-08  3.727088E-07  3.918285E-09  1.435607E-03  9.862444E-09  7.011751E-10  5.841491E-10  1.413895E-04  1.922187E-04  6.951543E-08  4.482597E-07  5.825127E-07  2.802700E-08
 3.521500E+02  4.882026E-02  2.617251E-06  1.794075E-11  2.403993E-11  2.686760E-11  3.266635E-11  8.978326E-01  1.530033E-03  3.978939E-06  4.910672E-02  1.897947E-05  1.092075E-08  1.646392E-09  9.354475E-04  8.950434E-08  3.589904E-07  3.799887E-09  1.418472E-03  9.507387E-09  6.827940E-10  5.685381E-10  1.395754E-04  1.897541E-04  6.643280E-08  4.282368E-07  5.566441E-07  2.696924E-08
 3.531500E+02  4.883516E-02  2.594192E-06  1.749543E-11  2.344794E-11  2.620713E-11  3.186943E-11  8.978616E-01  1.509795E-03  3.800164E-06  4.911749E-02  1.873597E-05  1.043911E-08  1.611306E-09  9.225224E-04  8.605916E-08  3.458584E-07  3.685790E-09  1.401649E-03  9.167149E-09  6.650076E-10  5.534399E-10  1.377958E-04  1.873364E-04  6.350398E-08  4.092211E-07  5.320704E-07  2.595753E-08
 3.541500E+02  4.884978E-02  2.571486E-06  1.706394E-11  2.287420E-11  2.556699E-11  3.109692E-11  8.978901E-01  1.489956E-03  3.630442E-06  4.912806E-02  1.849705E-05  9.981330E-09  1.577182E-09  9.098576E-04  8.276682E-08  3.332846E-07  3.575816E-09  1.385130E-03  8.841038E-09  6.477937E-10  5.388351E-10  1.360500E-04  1.849646E-04  6.072050E-08  3.911568E-07  5.087202E-07  2.498963E-08
 3.551500E+02  4.886413E-02  2.549126E-06  1.664576E-11  2.231807E-11  2.494647E-11  3.034793E-11  8.979179E-01  1.470504E-03  3.469269E-06  4.913844E-02  1.826259E-05  9.546118E-09  1.543989E-09  8.974464E-04  7.961974E-08  3.212424E-07  3.469794E-09  1.368910E-03  8.528394E-09  6.311310E-10  5.247049E-10  1.343371E-04  1.826376E-04  5.807441E-08  3.739914E-07  4.865260E-07  2.406341E-08
 3.561500E+02  4.887820E-02  2.527104E-06  1.624041E-11  2.177890E-11  2.434486E-11  2.962163E-11  8.979453E-01  1.451432E-03  3.316169E-06  4.914864E-02  1.803249E-05  9.132244E-09  1.511698E-09  8.852828E-04  7.661075E-08  3.097066E-07  3.367562E-09  1.352980E-03  8.228593E-09  6.149989E-10  5.110315E-10  1.326563E-04  1.803543E-04  5.555824E-08  3.576755E-07  4.654249E-07  2.317687E-08
 3.571500E+02  4.889201E-02  2.505416E-06  1.584745E-11  2.125610E-11  2.376149E-11  2.891723E-11  8.979721E-01  1.432729E-03  3.170695E-06  4.915864E-02  1.780665E-05  8.738557E-09  1.480279E-09  8.733604E-04  7.373306E-08  2.986530E-07  3.268964E-09  1.337336E-03  7.941042E-09  5.993778E-10  4.977979E-10  1.310070E-04  1.781137E-04  5.316495E-08  3.421628E-07  4.453572E-07  2.232809E-08
 3.581500E+02  4.890556E-02  2.484053E-06  1.546643E-11  2.074909E-11  2.319571E-11  2.823395E-11  8.979983E-01  1.414387E-03  3.032427E-06  4.916847E-02  1.758497E-05  8.363973E-09  1.449705E-09  8.616736E-04  7.098024E-08  2.880591E-07  3.173852E-09  1.321970E-03  7.665179E-09  5.842491E-10  4.849876E-10  1.293884E-04  1.759148E-04  5.088793E-08  3.274095E-07  4.262672E-07  2.151528E-08
 3.591500E+02  4.891886E-02  2.463012E-06  1.509693E-11  2.025731E-11  2.264691E-11  2.757105E-11  8.980241E-01  1.396397E-03  2.900971E-06  4.917812E-02  1.736736E-05  8.007469E-09  1.419948E-09  8.502164E-04  6.834624E-08  2.779033E-07  3.082085E-09  1.306876E-03  7.400470E-09  5.695946E-10  4.725850E-10  1.277997E-04  1.737566E-04  4.872093E-08  3.133745E-07  4.081021E-07  2.073673E-08
 3.601500E+02  4.893192E-02  2.442284E-06  1.473854E-11  1.978023E-11  2.211448E-11  2.692782E-11  8.980493E-01  1.378750E-03  2.775957E-06  4.918760E-02  1.715373E-05  7.668085E-09  1.390984E-09  8.389833E-04  6.582529E-08  2.681651E-07  2.993527E-09  1.292048E-03  7.146407E-09  5.553971E-10  4.605750E-10  1.262403E-04  1.716383E-04  4.665810E-08  3.000194E-07  3.908124E-07  1.999081E-08
 3.611500E+02  4.894473E-02  2.421866E-06  1.439086E-11  1.931734E-11  2.159787E-11  2.630358E-11  8.980741E-01  1.361439E-03  2.657034E-06  4.919691E-02  1.694398E-05  7.344912E-09  1.362786E-09  8.279689E-04  6.341196E-08  2.588253E-07  2.908050E-09  1.277481E-03  6.902508E-09  5.416400E-10  4.489432E-10  1.247095E-04  1.695588E-04  4.469389E-08  2.873076E-07  3.743514E-07  1.927600E-08
 3.621500E+02  4.895732E-02  2.401750E-06  1.405353E-11  1.886813E-11  2.109651E-11  2.569767E-11  8.980984E-01  1.344454E-03  2.543875E-06  4.920606E-02  1.673804E-05  7.037099E-09  1.335332E-09  8.171679E-04  6.110109E-08  2.498655E-07  2.825530E-09  1.263168E-03  6.668316E-09  5.283074E-10  4.376758E-10  1.232067E-04  1.675173E-04  4.282311E-08  2.752049E-07  3.586752E-07  1.859083E-08
 3.631500E+02  4.896967E-02  2.381932E-06  1.372619E-11  1.843214E-11  2.060989E-11  2.510947E-11  8.981222E-01  1.327790E-03  2.436170E-06  4.921504E-02  1.653581E-05  6.743838E-09  1.308597E-09  8.065753E-04  5.888780E-08  2.412681E-07  2.745851E-09  1.249105E-03  6.443395E-09  5.153842E-10  4.267594E-10  1.217312E-04  1.655130E-04  4.104084E-08  2.636790E-07  3.437425E-07  1.793392E-08
 3.641500E+02  4.898179E-02  2.362406E-06  1.340849E-11  1.800892E-11  2.013749E-11  2.453836E-11  8.981456E-01  1.311437E-03  2.333630E-06  4.922387E-02  1.633721E-05  6.464370E-09  1.282560E-09  7.961859E-04  5.676746E-08  2.330167E-07  2.668898E-09  1.235286E-03  6.227332E-09  5.028556E-10  4.161815E-10  1.202823E-04  1.635449E-04  3.934245E-08  2.526995E-07  3.295141E-07  1.730398E-08
 3.651500E+02  4.899370E-02  2.343167E-06  1.310010E-11  1.759802E-11  1.967883E-11  2.398376E-11  8.981686E-01  1.295389E-03  2.235978E-06  4.923254E-02  1.614216E-05  6.197981E-09  1.257198E-09  7.859950E-04  5.473569E-08  2.250955E-07  2.594566E-09  1.221705E-03  6.019735E-09  4.907076E-10  4.059298E-10  1.188596E-04  1.616123E-04  3.772358E-08  2.422377E-07  3.159533E-07  1.669974E-08
 3.661500E+02  4.900540E-02  2.324209E-06  1.280069E-11  1.719902E-11  1.923344E-11  2.344512E-11  8.981911E-01  1.279638E-03  2.142958E-06  4.924106E-02  1.595058E-05  5.943992E-09  1.232492E-09  7.759978E-04  5.278833E-08  2.174897E-07  2.522750E-09  1.208358E-03  5.820228E-09  4.789268E-10  3.959926E-10  1.174624E-04  1.597144E-04  3.618010E-08  2.322667E-07  3.030253E-07  1.612003E-08
 3.671500E+02  4.901688E-02  2.305527E-06  1.250997E-11  1.681152E-11  1.880088E-11  2.292189E-11  8.982132E-01  1.264178E-03  2.054326E-06  4.924944E-02  1.576240E-05  5.701768E-09  1.208420E-09  7.661899E-04  5.092144E-08  2.101849E-07  2.453354E-09  1.195239E-03  5.628457E-09  4.675001E-10  3.863586E-10  1.160901E-04  1.578504E-04  3.470815E-08  2.227609E-07  2.906976E-07  1.556374E-08
 3.681500E+02  4.902816E-02  2.287116E-06  1.222763E-11  1.643513E-11  1.838069E-11  2.241356E-11  8.982349E-01  1.249002E-03  1.969853E-06  4.925767E-02  1.557754E-05  5.470704E-09  1.184965E-09  7.565667E-04  4.913128E-08  2.031679E-07  2.386283E-09  1.182343E-03  5.444082E-09  4.564153E-10  3.770171E-10  1.147422E-04  1.560194E-04  3.330404E-08  2.136962E-07  2.789391E-07  1.502979E-08
 3.691500E+02  4.903925E-02  2.268972E-06  1.195340E-11  1.606948E-11  1.797248E-11  2.191963E-11  8.982561E-01  1.234104E-03  1.889322E-06  4.926576E-02  1.539593E-05  5.250234E-09  1.162106E-09  7.471239E-04  4.741429E-08  1.964256E-07  2.321447E-09  1.169667E-03  5.266782E-09  4.456602E-10  3.679578E-10  1.134181E-04  1.542209E-04  3.196431E-08  2.050501E-07  2.677207E-07  1.451718E-08
 3.701500E+02  4.905013E-02  2.251089E-06  1.168699E-11  1.571421E-11  1.757584E-11  2.143962E-11  8.982770E-01  1.219476E-03  1.812529E-06  4.927371E-02  1.521749E-05  5.039820E-09  1.139825E-09  7.378573E-04  4.576713E-08  1.899460E-07  2.258761E-09  1.157205E-03  5.096250E-09  4.352236E-10  3.591707E-10  1.121174E-04  1.524541E-04  3.068570E-08  1.968010E-07  2.570150E-07  1.402495E-08
 3.711500E+02  4.906082E-02  2.233463E-06  1.142815E-11  1.536897E-11  1.719038E-11  2.097307E-11  8.982975E-01  1.205113E-03  1.739282E-06  4.928152E-02  1.504217E-05  4.838955E-09  1.118107E-09  7.287629E-04  4.418658E-08  1.837176E-07  2.198141E-09  1.144952E-03  4.932194E-09  4.250943E-10  3.506463E-10  1.108394E-04  1.507182E-04  2.946512E-08  1.889288E-07  2.467958E-07  1.355218E-08
 3.721500E+02  4.907133E-02  2.216090E-06  1.117663E-11  1.503342E-11  1.681574E-11  2.051953E-11  8.983177E-01  1.191008E-03  1.669399E-06  4.928921E-02  1.486988E-05  4.647159E-09  1.096932E-09  7.198365E-04  4.266962E-08  1.777292E-07  2.139510E-09  1.132905E-03  4.774336E-09  4.152618E-10  3.423753E-10  1.095838E-04  1.490126E-04  2.829965E-08  1.814143E-07  2.370388E-07  1.309801E-08
 3.731500E+02  4.908166E-02  2.198964E-06  1.093218E-11  1.470725E-11  1.645155E-11  2.007857E-11  8.983374E-01  1.177157E-03  1.602709E-06  4.929676E-02  1.470057E-05  4.463979E-09  1.076287E-09  7.110745E-04  4.121336E-08  1.719703E-07  2.082793E-09  1.121058E-03  4.622412E-09  4.057159E-10  3.343491E-10  1.083499E-04  1.473367E-04  2.718652E-08  1.742396E-07  2.277207E-07  1.266161E-08
