#         T/K            c1          c2-1          c3-4          c3-5          c3-7          c3-9            m1          m2-1          m3-1            w1            w2          w3-1          w3-2          c1m1        c1m2-1        c1m2-7        c2m1-1        c1w1-2        c1w2-1        c2w1-1        c2w1-9        m1w1-1        m1w1-4        m1w2-1        m2w1-1        m2w1-3      c1m1w1-1
 2.731500E+02  1.536722E-01  8.115965E-05  1.134859E-08  1.489530E-08  1.657221E-08  1.976030E-08  1.472934E-01  1.894984E-04  2.631403E-06  4.933587E-01  8.674327E-03  1.551220E-03  2.176527E-05  2.459510E-03  6.014731E-07  1.973624E-06  2.094769E-07  1.898987E-01  1.835091E-04  1.539030E-06  1.351432E-06  1.019578E-03  1.387920E-03  1.526481E-04  1.650117E-05  2.089895E-05  1.008175E-05
 2.741500E+02  1.549250E-01  8.090577E-05  1.105498E-08  1.451484E-08  1.615012E-08  1.926308E-08  1.473521E-01  1.848892E-04  2.426105E-06  4.948936E-01  8.513336E-03  1.444258E-03  2.105198E-05  2.413880E-03  5.644666E-07  1.858193E-06  2.008160E-07  1.874463E-01  1.739559E-04  1.489270E-06  1.306609E-06  9.982071E-04  1.358743E-03  1.417340E-04  1.527045E-05  1.934794E-05  9.503672E-06
 2.751500E+02  1.561623E-01  8.064112E-05  1.076857E-08  1.414354E-08  1.573816E-08  1.877759E-08  1.474090E-01  1.804278E-04  2.238234E-06  4.964005E-01  8.355998E-03  1.345260E-03  2.036564E-05  2.369250E-03  5.299572E-07  1.750201E-06  1.925465E-07  1.850233E-01  1.649438E-04  1.441217E-06  1.263366E-06  9.774155E-04  1.330360E-03  1.316658E-04  1.413948E-05  1.792207E-05  8.961816E-06
 2.761500E+02  1.573842E-01  8.036613E-05  1.048923E-08  1.378125E-08  1.533614E-08  1.830362E-08  1.474642E-01  1.761084E-04  2.066200E-06  4.978801E-01  8.202232E-03  1.253596E-03  1.970518E-05  2.325597E-03  4.977628E-07  1.649128E-06  1.846496E-07  1.826300E-01  1.564401E-04  1.394813E-06  1.221649E-06  9.571853E-04  1.302747E-03  1.223734E-04  1.309958E-05  1.661051E-05  8.453742E-06
 2.771500E+02  1.585907E-01  8.008121E-05  1.021683E-08  1.342781E-08  1.494391E-08  1.784100E-08  1.475177E-01  1.719258E-04  1.908567E-06  4.993330E-01  8.051959E-03  1.168686E-03  1.906954E-05  2.282897E-03  4.677154E-07  1.554493E-06  1.771074E-07  1.802662E-01  1.484142E-04  1.350002E-06  1.181404E-06  9.374995E-04  1.275881E-03  1.137928E-04  1.214287E-05  1.540343E-05  7.977186E-06
 2.781500E+02  1.597816E-01  7.978678E-05  9.951248E-09  1.308306E-08  1.456129E-08  1.738953E-08  1.475696E-01  1.678748E-04  1.764037E-06  5.007600E-01  7.905098E-03  1.090001E-03  1.845772E-05  2.241130E-03  4.396603E-07  1.465852E-06  1.699028E-07  1.779322E-01  1.408376E-04  1.306730E-06  1.142577E-06  9.183414E-04  1.249738E-03  1.058656E-04  1.126221E-05  1.429186E-05  7.530045E-06
 2.791500E+02  1.609571E-01  7.948326E-05  9.692355E-09  1.274685E-08  1.418811E-08  1.694902E-08  1.476200E-01  1.639504E-04  1.631439E-06  5.021616E-01  7.761573E-03  1.017052E-03  1.786875E-05  2.200274E-03  4.134547E-07  1.382793E-06  1.630198E-07  1.756280E-01  1.336833E-04  1.264943E-06  1.105119E-06  8.996948E-04  1.224297E-03  9.853847E-05  1.045110E-05  1.326770E-05  7.110366E-06
 2.801500E+02  1.621172E-01  7.917106E-05  9.440023E-09  1.241901E-08  1.382419E-08  1.651928E-08  1.476690E-01  1.601480E-04  1.509712E-06  5.035386E-01  7.621304E-03  9.493937E-04  1.730170E-05  2.160310E-03  3.889666E-07  1.304934E-06  1.564430E-07  1.733534E-01  1.269262E-04  1.224590E-06  1.068981E-06  8.815442E-04  1.199536E-03  9.176273E-05  9.703640E-06  1.232354E-05  6.716332E-06
 2.811500E+02  1.632618E-01  7.885060E-05  9.194124E-09  1.209941E-08  1.346937E-08  1.610012E-08  1.477165E-01  1.564630E-04  1.397895E-06  5.048914E-01  7.484215E-03  8.866154E-04  1.675569E-05  2.121215E-03  3.660742E-07  1.231922E-06  1.501580E-07  1.711086E-01  1.205427E-04  1.185623E-06  1.034116E-06  8.638742E-04  1.175433E-03  8.549383E-05  9.014448E-06  1.145266E-05  6.346255E-06
 2.821500E+02  1.643911E-01  7.852228E-05  8.954532E-09  1.178786E-08  1.312348E-08  1.569134E-08  1.477627E-01  1.528911E-04  1.295119E-06  5.062207E-01  7.350230E-03  8.283408E-04  1.622985E-05  2.082971E-03  3.446649E-07  1.163430E-06  1.441509E-07  1.688934E-01  1.145107E-04  1.147993E-06  1.000479E-06  8.466703E-04  1.151969E-03  7.969108E-05  8.378640E-06  1.064894E-05  5.998565E-06
 2.831500E+02  1.655050E-01  7.818650E-05  8.721119E-09  1.148424E-08  1.278634E-08  1.529275E-08  1.478076E-01  1.494281E-04  1.200595E-06  5.075268E-01  7.219275E-03  7.742240E-04  1.572338E-05  2.045559E-03  3.246348E-07  1.099152E-06  1.384086E-07  1.667077E-01  1.088094E-04  1.111654E-06  9.680259E-07  8.299183E-04  1.129123E-03  7.431725E-05  7.791764E-06  9.906804E-06  5.671803E-06
 2.841500E+02  1.666037E-01  7.784367E-05  8.493759E-09  1.118836E-08  1.245777E-08  1.490417E-08  1.478513E-01  1.460701E-04  1.113611E-06  5.088104E-01  7.091276E-03  7.239473E-04  1.523548E-05  2.008960E-03  3.058875E-07  1.038808E-06  1.329187E-07  1.645515E-01  1.034195E-04  1.076561E-06  9.367139E-07  8.136042E-04  1.106878E-03  6.933826E-05  7.249765E-06  9.221160E-06  5.364609E-06
 2.851500E+02  1.676873E-01  7.749416E-05  8.272325E-09  1.090008E-08  1.213762E-08  1.452538E-08  1.478937E-01  1.428133E-04  1.033516E-06  5.100719E-01  6.966161E-03  6.772188E-04  1.476540E-05  1.973154E-03  2.883340E-07  9.821358E-07  1.276692E-07  1.624247E-01  9.832258E-05  1.042671E-06  9.065024E-07  7.977149E-04  1.085214E-03  6.472292E-05  6.748943E-06  8.587376E-06  5.075718E-06
 2.861500E+02  1.687557E-01  7.713836E-05  8.056694E-09  1.061925E-08  1.182570E-08  1.415620E-08  1.479350E-01  1.396539E-04  9.597213E-07  5.113118E-01  6.843861E-03  6.337700E-04  1.431243E-05  1.938125E-03  2.718920E-07  9.288922E-07  1.226490E-07  1.603270E-01  9.350163E-05  1.009942E-06  8.773518E-07  7.822373E-04  1.064114E-03  6.044266E-05  6.285928E-06  8.001222E-06  4.803952E-06
 2.871500E+02  1.698092E-01  7.677664E-05  7.846739E-09  1.034570E-08  1.152185E-08  1.379645E-08  1.479752E-01  1.365886E-04  8.916926E-07  5.125304E-01  6.724305E-03  5.933539E-04  1.387587E-05  1.903854E-03  2.564851E-07  8.788517E-07  1.178473E-07  1.582584E-01  8.894056E-05  9.783325E-07  8.492239E-07  7.671591E-04  1.043560E-03  5.647131E-05  5.857641E-06  7.458835E-06  4.548214E-06
 2.881500E+02  1.708478E-01  7.640937E-05  7.642336E-09  1.007928E-08  1.122590E-08  1.344591E-08  1.480143E-01  1.336139E-04  8.289430E-07  5.137283E-01  6.607426E-03  5.557433E-04  1.345506E-05  1.870325E-03  2.420426E-07  8.318046E-07  1.132539E-07  1.562186E-01  8.462431E-05  9.478045E-07  8.220819E-07  7.524681E-04  1.023536E-03  5.278485E-05  5.461272E-06  6.956689E-06  4.307484E-06
 2.891500E+02  1.718716E-01  7.603691E-05  7.443363E-09  9.819835E-09  1.093767E-08  1.310440E-08  1.480524E-01  1.307266E-04  7.710298E-07  5.149058E-01  6.493158E-03  5.207291E-04  1.304937E-05  1.837520E-03  2.284989E-07  7.875558E-07  1.088592E-07  1.542076E-01  8.053872E-05  9.183199E-07  7.958903E-07  7.381527E-04  1.004026E-03  4.936127E-05  5.094254E-06  6.491560E-06  4.080807E-06
 2.901500E+02  1.728807E-01  7.565960E-05  7.249696E-09  9.567218E-09  1.065700E-08  1.277173E-08  1.480895E-01  1.279236E-04  7.175503E-07  5.160633E-01  6.381436E-03  4.881188E-04  1.265820E-05  1.805422E-03  2.157934E-07  7.459240E-07  1.046539E-07  1.522250E-01  7.667051E-05  8.898418E-07  7.706147E-07  7.242015E-04  9.850147E-04  4.618037E-05  4.754241E-06  6.060501E-06  3.867296E-06
 2.911500E+02  1.738753E-01  7.527779E-05  7.061214E-09  9.321272E-09  1.038372E-08  1.244771E-08  1.481256E-01  1.252020E-04  6.681374E-07  5.172012E-01  6.272197E-03  4.577348E-04  1.228095E-05  1.774017E-03  2.038698E-07  7.067406E-07  1.006293E-07  1.502708E-01  7.300722E-05  8.623351E-07  7.462219E-07  7.106037E-04  9.664864E-04  4.322360E-05  4.439085E-06  5.660813E-06  3.666123E-06
 2.921500E+02  1.748554E-01  7.489180E-05  6.877796E-09  9.081847E-09  1.011766E-08  1.213214E-08  1.481607E-01  1.225589E-04  6.224567E-07  5.183200E-01  6.165379E-03  4.294138E-04  1.191709E-05  1.743287E-03  1.926756E-07  6.698486E-07  9.677705E-08  1.483446E-01  6.953714E-05  8.357654E-07  7.226802E-07  6.973486E-04  9.484268E-04  4.047393E-05  4.146824E-06  5.290031E-06  3.476516E-06
 2.931500E+02  1.758212E-01  7.450196E-05  6.699325E-09  8.848793E-09  9.858665E-09  1.182485E-08  1.481950E-01  1.199915E-04  5.802030E-07  5.194198E-01  6.060922E-03  4.030051E-04  1.156607E-05  1.713217E-03  1.821625E-07  6.351018E-07  9.308921E-08  1.464462E-01  6.624926E-05  8.100999E-07  6.999585E-07  6.844260E-04  9.308219E-04  3.791571E-05  3.875660E-06  4.945892E-06  3.297754E-06
 2.941500E+02  1.767729E-01  7.410858E-05  6.525682E-09  8.621962E-09  9.606563E-09  1.152563E-08  1.482284E-01  1.174973E-04  5.410983E-07  5.205012E-01  5.958767E-03  3.783696E-04  1.122738E-05  1.683793E-03  1.722853E-07  6.023642E-07  8.955824E-08  1.445754E-01  6.313324E-05  7.853065E-07  6.780272E-07  6.718261E-04  9.136581E-04  3.553455E-05  3.623946E-06  4.626326E-06  3.129165E-06
 2.951500E+02  1.777105E-01  7.371195E-05  6.356750E-09  8.401207E-09  9.361195E-09  1.123431E-08  1.482609E-01  1.150738E-04  5.048883E-07  5.215643E-01  5.858857E-03  3.553791E-04  1.090055E-05  1.654999E-03  1.630023E-07  5.715088E-07  8.617694E-08  1.427319E-01  6.017939E-05  7.613545E-07  6.568577E-07  6.595392E-04  8.969223E-04  3.331722E-05  3.390172E-06  4.329434E-06  2.970120E-06
 2.961500E+02  1.786343E-01  7.331239E-05  6.192415E-09  8.186384E-09  9.122400E-09  1.095070E-08  1.482927E-01  1.127184E-04  4.713409E-07  5.226097E-01  5.761135E-03  3.339154E-04  1.058510E-05  1.626821E-03  1.542744E-07  5.424175E-07  8.293848E-08  1.409154E-01  5.737857E-05  7.382142E-07  6.364223E-07  6.475562E-04  8.806017E-04  3.125153E-05  3.172955E-06  4.053474E-06  2.820033E-06
 2.971500E+02  1.795442E-01  7.291016E-05  6.032564E-09  7.977349E-09  8.890021E-09  1.067462E-08  1.483236E-01  1.104290E-04  4.402441E-07  5.236375E-01  5.665547E-03  3.138691E-04  1.028058E-05  1.599245E-03  1.460656E-07  5.149801E-07  7.983636E-08  1.391258E-01  5.472219E-05  7.158569E-07  6.166943E-07  6.358680E-04  8.646840E-04  2.932629E-05  2.971026E-06  3.796847E-06  2.678356E-06
 2.981500E+02  1.804406E-01  7.250555E-05  5.877084E-09  7.773960E-09  8.663903E-09  1.040589E-08  1.483537E-01  1.082032E-04  4.114037E-07  5.246481E-01  5.572040E-03  2.951393E-04  9.986579E-06  1.572257E-03  1.383422E-07  4.890938E-07  7.686437E-08  1.373627E-01  5.220219E-05  6.942548E-07  5.976480E-07  6.244661E-04  8.491575E-04  2.753116E-05  2.783219E-06  3.558087E-06  2.544577E-06
 2.991500E+02  1.813235E-01  7.209881E-05  5.725866E-09  7.576078E-09  8.443891E-09  1.014434E-08  1.483832E-01  1.060389E-04  3.846423E-07  5.256418E-01  5.480562E-03  2.776327E-04  9.702671E-06  1.545843E-03  1.310729E-07  4.646627E-07  7.401662E-08  1.356259E-01  4.981099E-05  6.733812E-07  5.792587E-07  6.133421E-04  8.340105E-04  2.585664E-05  2.608465E-06  3.335844E-06  2.418217E-06
 3.001500E+02  1.821931E-01  7.169022E-05  5.578801E-09  7.383567E-09  8.229833E-09  9.889782E-09  1.484119E-01  1.039340E-04  3.597973E-07  5.266190E-01  5.391063E-03  2.612632E-04  9.428470E-06  1.519991E-03  1.242287E-07  4.415973E-07  7.128749E-08  1.339150E-01  4.754144E-05  6.532104E-07  5.615026E-07  6.024879E-04  8.192321E-04  2.429395E-05  2.445779E-06  3.128881E-06  2.298829E-06
 3.011500E+02  1.830496E-01  7.128000E-05  5.435783E-09  7.196291E-09  8.021581E-09  9.642053E-09  1.484399E-01  1.018866E-04  3.367198E-07  5.275798E-01  5.303493E-03  2.459510E-04  9.163599E-06  1.494686E-03  1.177823E-07  4.198140E-07  6.867163E-08  1.322297E-01  4.538683E-05  6.337174E-07  5.443565E-07  5.918956E-04  8.048114E-04  2.283502E-05  2.294260E-06  2.936057E-06  2.185995E-06
 3.021500E+02  1.838931E-01  7.086840E-05  5.296708E-09  7.014116E-09  7.818988E-09  9.400982E-09  1.484672E-01  9.989481E-05  3.152732E-07  5.285247E-01  5.217805E-03  2.316223E-04  8.907700E-06  1.469918E-03  1.117087E-07  3.992347E-07  6.616394E-08  1.305698E-01  4.334084E-05  6.148782E-07  5.277985E-07  5.815577E-04  7.907381E-04  2.147239E-05  2.153074E-06  2.756324E-06  2.079322E-06
 3.031500E+02  1.847238E-01  7.045565E-05  5.161471E-09  6.836913E-09  7.621909E-09  9.166400E-09  1.484939E-01  9.795670E-05  2.953325E-07  5.294538E-01  5.133951E-03  2.182090E-04  8.660427E-06  1.445672E-03  1.059841E-07  3.797866E-07  6.375958E-08  1.289350E-01  4.139752E-05  5.966697E-07  5.118070E-07  5.714668E-04  7.770021E-04  2.019917E-05  2.021459E-06  2.588719E-06  1.978444E-06
 3.041500E+02  1.855417E-01  7.004197E-05  5.029973E-09  6.664553E-09  7.430202E-09  8.938143E-09  1.485199E-01  9.607054E-05  2.767827E-07  5.303675E-01  5.051887E-03  2.056478E-04  8.421450E-06  1.421938E-03  1.005868E-07  3.614015E-07  6.145391E-08  1.273250E-01  3.955127E-05  5.790694E-07  4.963615E-07  5.616159E-04  7.635937E-04  1.900900E-05  1.898709E-06  2.432352E-06  1.883018E-06
 3.051500E+02  1.863472E-01  6.962757E-05  4.902115E-09  6.496909E-09  7.243728E-09  8.716051E-09  1.485453E-01  9.423465E-05  2.595186E-07  5.312660E-01  4.971569E-03  1.938802E-04  8.190454E-06  1.398703E-03  9.549631E-08  3.440157E-07  5.924254E-08  1.257394E-01  3.779681E-05  5.620559E-07  4.814422E-07  5.519982E-04  7.505035E-04  1.789601E-05  1.784177E-06  2.286404E-06  1.792723E-06
 3.061500E+02  1.871403E-01  6.921266E-05  4.777798E-09  6.333857E-09  7.062350E-09  8.499964E-09  1.485701E-01  9.244738E-05  2.434431E-07  5.321496E-01  4.892952E-03  1.828520E-04  7.967134E-06  1.375955E-03  9.069351E-08  3.275695E-07  5.712127E-08  1.241780E-01  3.612918E-05  5.456083E-07  4.670300E-07  5.426069E-04  7.377225E-04  1.685478E-05  1.677265E-06  2.150122E-06  1.707258E-06
 3.071500E+02  1.879212E-01  6.879742E-05  4.656929E-09  6.175278E-09  6.885933E-09  8.289726E-09  1.485944E-01  9.070716E-05  2.284673E-07  5.330185E-01  4.815996E-03  1.725128E-04  7.751200E-06  1.353684E-03  8.616065E-08  3.120072E-07  5.508611E-08  1.226404E-01  3.454371E-05  5.297066E-07  4.531066E-07  5.334357E-04  7.252418E-04  1.588029E-05  1.577422E-06  2.022810E-06  1.626341E-06
 3.081500E+02  1.886901E-01  6.838205E-05  4.539414E-09  6.021050E-09  6.714347E-09  8.085186E-09  1.486180E-01  8.901249E-05  2.145094E-07  5.338730E-01  4.740659E-03  1.628162E-04  7.542375E-06  1.331879E-03  8.188111E-08  2.972767E-07  5.313324E-08  1.211264E-01  3.303597E-05  5.143314E-07  4.396541E-07  5.244784E-04  7.130529E-04  1.496789E-05  1.484140E-06  1.903826E-06  1.549708E-06
 3.091500E+02  1.894471E-01  6.796673E-05  4.425161E-09  5.871059E-09  6.547463E-09  7.886193E-09  1.486412E-01  8.736190E-05  2.014942E-07  5.347135E-01  4.666902E-03  1.537189E-04  7.340390E-06  1.310528E-03  7.783941E-08  2.833291E-07  5.125903E-08  1.196356E-01  3.160182E-05  4.994643E-07  4.266557E-07  5.157289E-04  7.011476E-04  1.411329E-05  1.396951E-06  1.792576E-06  1.477110E-06
 3.101500E+02  1.901925E-01  6.755162E-05  4.314082E-09  5.725189E-09  6.385153E-09  7.692599E-09  1.486637E-01  8.575400E-05  1.893522E-07  5.355400E-01  4.594686E-03  1.451807E-04  7.144992E-06  1.289622E-03  7.402107E-08  2.701187E-07  4.946004E-08  1.181677E-01  3.023733E-05  4.850871E-07  4.140947E-07  5.071815E-04  6.895179E-04  1.331252E-05  1.315421E-06  1.688515E-06  1.408316E-06
 3.111500E+02  1.909262E-01  6.713689E-05  4.206089E-09  5.583330E-09  6.227295E-09  7.504263E-09  1.486858E-01  8.418743E-05  1.780198E-07  5.363528E-01  4.523974E-03  1.371644E-04  6.955933E-06  1.269149E-03  7.041256E-08  2.576025E-07  4.773294E-08  1.167224E-01  2.893882E-05  4.711825E-07  4.019554E-07  4.988304E-04  6.781560E-04  1.256189E-05  1.239152E-06  1.591137E-06  1.343108E-06
 3.121500E+02  1.916486E-01  6.672270E-05  4.101098E-09  5.445371E-09  6.073769E-09  7.321042E-09  1.487074E-01  8.266089E-05  1.674380E-07  5.371523E-01  4.454729E-03  1.296355E-04  6.772980E-06  1.249100E-03  6.700125E-08  2.457406E-07  4.607462E-08  1.152994E-01  2.770280E-05  4.577340E-07  3.902227E-07  4.906703E-04  6.670546E-04  1.185798E-05  1.167773E-06  1.499973E-06  1.281281E-06
 3.131500E+02  1.923598E-01  6.630920E-05  3.999024E-09  5.311207E-09  5.924454E-09  7.142799E-09  1.487285E-01  8.117313E-05  1.575529E-07  5.379386E-01  4.386915E-03  1.225618E-04  6.595906E-06  1.229466E-03  6.377531E-08  2.344951E-07  4.448205E-08  1.138984E-01  2.652599E-05  4.447253E-07  3.788817E-07  4.826958E-04  6.562064E-04  1.119765E-05  1.100943E-06  1.414593E-06  1.222644E-06
 3.141500E+02  1.930599E-01  6.589652E-05  3.899786E-09  5.180732E-09  5.779237E-09  6.969400E-09  1.487491E-01  7.972294E-05  1.483142E-07  5.387119E-01  4.320497E-03  1.159135E-04  6.424496E-06  1.210235E-03  6.072370E-08  2.238309E-07  4.295240E-08  1.125191E-01  2.540528E-05  4.321410E-07  3.679185E-07  4.749019E-04  6.456044E-04  1.057796E-05  1.038347E-06  1.334597E-06  1.167015E-06
 3.151500E+02  1.937491E-01  6.548481E-05  3.803306E-09  5.053846E-09  5.638005E-09  6.800713E-09  1.487692E-01  7.830916E-05  1.396761E-07  5.394726E-01  4.255442E-03  1.096628E-04  6.258542E-06  1.191400E-03  5.783607E-08  2.137148E-07  4.148292E-08  1.111611E-01  2.433774E-05  4.199661E-07  3.573193E-07  4.672835E-04  6.352418E-04  9.996180E-06  9.796924E-07  1.259614E-06  1.114227E-06
 3.161500E+02  1.944276E-01  6.507418E-05  3.709505E-09  4.930448E-09  5.500646E-09  6.636608E-09  1.487889E-01  7.693067E-05  1.315958E-07  5.402207E-01  4.191718E-03  1.037839E-04  6.097844E-06  1.172951E-03  5.510276E-08  2.041158E-07  4.007103E-08  1.098241E-01  2.332063E-05  4.081863E-07  3.470712E-07  4.598360E-04  6.251120E-04  9.449794E-06  9.247088E-07  1.189302E-06  1.064120E-06
 3.171500E+02  1.950955E-01  6.466478E-05  3.618308E-09  4.810441E-09  5.367055E-09  6.476962E-09  1.488081E-01  7.558637E-05  1.240341E-07  5.409566E-01  4.129291E-03  9.825282E-05  5.942212E-06  1.154879E-03  5.251469E-08  1.950047E-07  3.871425E-08  1.085079E-01  2.235132E-05  3.967876E-07  3.371614E-07  4.525546E-04  6.152087E-04  8.936457E-06  8.731455E-07  1.123343E-06  1.016544E-06
 3.181500E+02  1.957530E-01  6.425670E-05  3.529642E-09  4.693731E-09  5.237125E-09  6.321649E-09  1.488270E-01  7.427524E-05  1.169547E-07  5.416804E-01  4.068131E-03  9.304717E-05  5.791462E-06  1.137176E-03  5.006339E-08  1.863541E-07  3.741020E-08  1.072121E-01  2.142736E-05  3.857567E-07  3.275780E-07  4.454349E-04  6.055258E-04  8.453992E-06  8.247708E-07  1.061444E-06  9.713598E-07
 3.191500E+02  1.964002E-01  6.385007E-05  3.443433E-09  4.580226E-09  5.110754E-09  6.170552E-09  1.488454E-01  7.299625E-05  1.103239E-07  5.423923E-01  4.008207E-03  8.814616E-05  5.645419E-06  1.119832E-03  4.774090E-08  1.781384E-07  3.615663E-08  1.059365E-01  2.054643E-05  3.750807E-07  3.183091E-07  4.384724E-04  5.960573E-04  8.000377E-06  7.793694E-07  1.003332E-06  9.284351E-07
 3.201500E+02  1.970374E-01  6.344498E-05  3.359613E-09  4.469834E-09  4.987843E-09  6.023554E-09  1.488634E-01  7.174845E-05  1.041107E-07  5.430926E-01  3.949491E-03  8.353042E-05  5.503914E-06  1.102840E-03  4.553979E-08  1.703335E-07  3.495139E-08  1.046807E-01  1.970631E-05  3.647472E-07  3.093436E-07  4.316631E-04  5.867973E-04  7.573733E-06  7.367420E-07  9.487540E-07  8.876458E-07
 3.211500E+02  1.976645E-01  6.304154E-05  3.278114E-09  4.362468E-09  4.868294E-09  5.880539E-09  1.488810E-01  7.053090E-05  9.828646E-08  5.437815E-01  3.891953E-03  7.918190E-05  5.366783E-06  1.086192E-03  4.345307E-08  1.629165E-07  3.379242E-08  1.034444E-01  1.890495E-05  3.547441E-07  3.006706E-07  4.250027E-04  5.777404E-04  7.172312E-06  6.967036E-07  8.974749E-07  8.488751E-07
 3.221500E+02  1.982819E-01  6.263985E-05  3.198868E-09  4.258043E-09  4.752013E-09  5.741398E-09  1.488983E-01  6.934269E-05  9.282447E-08  5.444592E-01  3.835565E-03  7.508376E-05  5.233873E-06  1.069879E-03  4.147420E-08  1.558663E-07  3.267777E-08  1.022273E-01  1.814037E-05  3.450600E-07  2.922798E-07  4.184873E-04  5.688810E-04  6.794488E-06  6.590824E-07  8.492772E-07  8.120133E-07
 3.231500E+02  1.988896E-01  6.223997E-05  3.121811E-09  4.156475E-09  4.638906E-09  5.606021E-09  1.489151E-01  6.818295E-05  8.770012E-08  5.451258E-01  3.780300E-03  7.122033E-05  5.105032E-06  1.053894E-03  3.959704E-08  1.491627E-07  3.160556E-08  1.010292E-01  1.741072E-05  3.356838E-07  2.841610E-07  4.121130E-04  5.602139E-04  6.438748E-06  6.237190E-07  8.039584E-07  7.769569E-07
 3.241500E+02  1.994879E-01  6.184201E-05  3.046880E-09  4.057684E-09  4.528885E-09  5.474304E-09  1.489316E-01  6.705084E-05  8.289060E-08  5.457815E-01  3.726131E-03  6.757698E-05  4.980118E-06  1.038230E-03  3.781582E-08  1.427869E-07  3.057400E-08  9.984972E-02  1.671425E-05  3.266047E-07  2.763047E-07  4.058762E-04  5.517341E-04  6.103685E-06  5.904655E-07  7.613306E-07  7.436088E-07
 3.251500E+02  2.000767E-01  6.144605E-05  2.974015E-09  3.961589E-09  4.421861E-09  5.346143E-09  1.489478E-01  6.594555E-05  7.837474E-08  5.464267E-01  3.673034E-03  6.414005E-05  4.858993E-06  1.022878E-03  3.612515E-08  1.367212E-07  2.958139E-08  9.868859E-02  1.604929E-05  3.178125E-07  2.687014E-07  3.997732E-04  5.434365E-04  5.787986E-06  5.591842E-07  7.212191E-07  7.118773E-07
 3.261500E+02  2.006564E-01  6.105214E-05  2.903154E-09  3.868114E-09  4.317749E-09  5.221439E-09  1.489636E-01  6.486629E-05  7.413291E-08  5.470613E-01  3.620982E-03  6.089682E-05  4.741523E-06  1.007833E-03  3.451994E-08  1.309488E-07  2.862611E-08  9.754551E-02  1.541429E-05  3.092972E-07  2.613424E-07  3.938005E-04  5.353164E-04  5.490430E-06  5.297472E-07  6.834613E-07  6.816760E-07
 3.271500E+02  2.012271E-01  6.066037E-05  2.834241E-09  3.777184E-09  4.216465E-09  5.100093E-09  1.489791E-01  6.381230E-05  7.014693E-08  5.476857E-01  3.569951E-03  5.783539E-05  4.627581E-06  9.930862E-04  3.299543E-08  1.254540E-07  2.770659E-08  9.642021E-02  1.480775E-05  3.010491E-07  2.542189E-07  3.879547E-04  5.273692E-04  5.209879E-06  5.020356E-07  6.479061E-07  6.529237E-07
 3.281500E+02  2.017888E-01  6.027080E-05  2.767219E-09  3.688727E-09  4.117930E-09  4.982012E-09  1.489942E-01  6.278286E-05  6.639988E-08  5.483000E-01  3.519918E-03  5.494465E-05  4.517045E-06  9.786316E-04  3.154713E-08  1.202221E-07  2.682135E-08  9.531241E-02  1.422826E-05  2.930592E-07  2.473227E-07  3.822326E-04  5.195903E-04  4.945270E-06  4.759388E-07  6.144129E-07  6.255437E-07
 3.291500E+02  2.023418E-01  5.988349E-05  2.702034E-09  3.602671E-09  4.022065E-09  4.867101E-09  1.490091E-01  6.177725E-05  6.287608E-08  5.489043E-01  3.470858E-03  5.221423E-05  4.409798E-06  9.644625E-04  3.017085E-08  1.152391E-07  2.596897E-08  9.422182E-02  1.367450E-05  2.853184E-07  2.406457E-07  3.766308E-04  5.119754E-04  4.695614E-06  4.513538E-07  5.828507E-07  5.994639E-07
 3.301500E+02  2.028861E-01  5.949849E-05  2.638631E-09  3.518947E-09  3.928793E-09  4.755273E-09  1.490236E-01  6.079479E-05  5.956096E-08  5.494990E-01  3.422750E-03  4.963444E-05  4.305725E-06  9.505723E-04  2.886262E-08  1.104918E-07  2.514810E-08  9.314817E-02  1.314521E-05  2.778183E-07  2.341804E-07  3.711464E-04  5.045203E-04  4.459988E-06  4.281846E-07  5.530976E-07  5.746160E-07
 3.311500E+02  2.034220E-01  5.911586E-05  2.576959E-09  3.437489E-09  3.838040E-09  4.646438E-09  1.490378E-01  5.983482E-05  5.644097E-08  5.500840E-01  3.375572E-03  4.719620E-05  4.204718E-06  9.369546E-04  2.761873E-08  1.059679E-07  2.435745E-08  9.209119E-02  1.263920E-05  2.705505E-07  2.279192E-07  3.657763E-04  4.972207E-04  4.237528E-06  4.063421E-07  5.250400E-07  5.509359E-07
 3.321500E+02  2.039495E-01  5.873566E-05  2.516968E-09  3.358231E-09  3.749733E-09  4.540513E-09  1.490518E-01  5.889670E-05  5.350351E-08  5.506597E-01  3.329302E-03  4.489105E-05  4.106673E-06  9.236034E-04  2.643568E-08  1.016557E-07  2.359576E-08  9.105060E-02  1.215533E-05  2.635072E-07  2.218551E-07  3.605175E-04  4.900729E-04  4.027431E-06  3.857430E-07  4.985719E-07  5.283629E-07
 3.331500E+02  2.044689E-01  5.835792E-05  2.458609E-09  3.281111E-09  3.663802E-09  4.437414E-09  1.490654E-01  5.797982E-05  5.073688E-08  5.512261E-01  3.283919E-03  4.271106E-05  4.011489E-06  9.105124E-04  2.531017E-08  9.754414E-08  2.286187E-08  9.002614E-02  1.169254E-05  2.566805E-07  2.159811E-07  3.553674E-04  4.830728E-04  3.828944E-06  3.663097E-07  4.735946E-07  5.068399E-07
 3.341500E+02  2.049801E-01  5.798268E-05  2.401835E-09  3.206065E-09  3.580180E-09  4.337061E-09  1.490788E-01  5.708359E-05  4.813017E-08  5.517835E-01  3.239402E-03  4.064880E-05  3.919069E-06  8.976760E-04  2.423911E-08  9.362294E-08  2.215465E-08  8.901755E-02  1.124981E-05  2.500633E-07  2.102907E-07  3.503230E-04  4.762167E-04  3.641366E-06  3.479698E-07  4.500161E-07  4.863129E-07
 3.351500E+02  2.054834E-01  5.760999E-05  2.346599E-09  3.133035E-09  3.498799E-09  4.239376E-09  1.490919E-01  5.620741E-05  4.567324E-08  5.523319E-01  3.195733E-03  3.869733E-05  3.829320E-06  8.850882E-04  2.321958E-08  8.988225E-08  2.147300E-08  8.802456E-02  1.082618E-05  2.436482E-07  2.047776E-07  3.453818E-04  4.695011E-04  3.464040E-06  3.306561E-07  4.277503E-07  4.667309E-07
 3.361500E+02  2.059789E-01  5.723988E-05  2.292856E-09  3.061963E-09  3.419595E-09  4.144282E-09  1.491047E-01  5.535074E-05  4.335664E-08  5.528716E-01  3.152892E-03  3.685014E-05  3.742151E-06  8.727435E-04  2.224884E-08  8.631284E-08  2.081590E-08  8.704693E-02  1.042074E-05  2.374285E-07  1.994355E-07  3.405411E-04  4.629223E-04  3.296352E-06  3.143053E-07  4.067172E-07  4.480458E-07
 3.371500E+02  2.064668E-01  5.687239E-05  2.240564E-09  2.992791E-09  3.342506E-09  4.051706E-09  1.491173E-01  5.451303E-05  4.117156E-08  5.534028E-01  3.110859E-03  3.510115E-05  3.657478E-06  8.606365E-04  2.132429E-08  8.290597E-08  2.018236E-08  8.608439E-02  1.003262E-05  2.313975E-07  1.942586E-07  3.357985E-04  4.564769E-04  3.137728E-06  2.988589E-07  3.868416E-07  4.302121E-07
 3.381500E+02  2.069471E-01  5.650754E-05  2.189679E-09  2.925466E-09  3.267470E-09  3.961576E-09  1.491296E-01  5.369377E-05  3.910982E-08  5.539254E-01  3.069618E-03  3.344465E-05  3.575217E-06  8.487617E-04  2.044351E-08  7.965340E-08  1.957145E-08  8.513670E-02  9.661009E-06  2.255489E-07  1.892413E-07  3.311514E-04  4.501616E-04  2.987632E-06  2.842619E-07  3.680538E-07  4.131868E-07
 3.391500E+02  2.074199E-01  5.614536E-05  2.140161E-09  2.859934E-09  3.194429E-09  3.873823E-09  1.491417E-01  5.289244E-05  3.716374E-08  5.544398E-01  3.029149E-03  3.187529E-05  3.495287E-06  8.371140E-04  1.960419E-08  7.654735E-08  1.898224E-08  8.420361E-02  9.305124E-06  2.198765E-07  1.843779E-07  3.265976E-04  4.439732E-04  2.845561E-06  2.704630E-07  3.502883E-07  3.969294E-07
 3.401500E+02  2.078855E-01  5.578588E-05  2.091971E-09  2.796143E-09  3.123325E-09  3.788378E-09  1.491535E-01  5.210857E-05  3.532621E-08  5.549461E-01  2.989435E-03  3.038805E-05  3.417612E-06  8.256882E-04  1.880416E-08  7.358046E-08  1.841388E-08  8.328488E-02  8.964228E-06  2.143745E-07  1.796633E-07  3.221347E-04  4.379085E-04  2.711044E-06  2.574142E-07  3.334839E-07  3.814015E-07
 3.411500E+02  2.083439E-01  5.542911E-05  2.045068E-09  2.734043E-09  3.054103E-09  3.705176E-09  1.491651E-01  5.134167E-05  3.359056E-08  5.554443E-01  2.950460E-03  2.897823E-05  3.342119E-06  8.144795E-04  1.804140E-08  7.074578E-08  1.786555E-08  8.238027E-02  8.637622E-06  2.090370E-07  1.750923E-07  3.177605E-04  4.319644E-04  2.583640E-06  2.450709E-07  3.175836E-07  3.665667E-07
 3.421500E+02  2.087952E-01  5.507509E-05  1.999417E-09  2.673586E-09  2.986708E-09  3.624152E-09  1.491765E-01  5.059129E-05  3.195058E-08  5.559347E-01  2.912206E-03  2.764142E-05  3.268735E-06  8.034830E-04  1.731396E-08  6.803674E-08  1.733645E-08  8.148954E-02  8.324641E-06  2.038586E-07  1.706601E-07  3.134729E-04  4.261381E-04  2.462937E-06  2.333910E-07  3.025337E-07  3.523909E-07
 3.431500E+02  2.092396E-01  5.472381E-05  1.954980E-09  2.614724E-09  2.921088E-09  3.545245E-09  1.491876E-01  4.985698E-05  3.040047E-08  5.564174E-01  2.874659E-03  2.637348E-05  3.197391E-06  7.926940E-04  1.662003E-08  6.544713E-08  1.682583E-08  8.061246E-02  8.024655E-06  1.988339E-07  1.663620E-07  3.092696E-04  4.204266E-04  2.348549E-06  2.223354E-07  2.882844E-07  3.388414E-07
 3.441500E+02  2.096772E-01  5.437531E-05  1.911723E-09  2.557410E-09  2.857191E-09  3.468395E-09  1.491986E-01  4.913831E-05  2.893481E-08  5.568925E-01  2.837802E-03  2.517052E-05  3.128022E-06  7.821078E-04  1.595790E-08  6.297106E-08  1.633295E-08  7.974880E-02  7.737064E-06  1.939579E-07  1.621934E-07  3.051487E-04  4.148271E-04  2.240111E-06  2.118673E-07  2.747887E-07  3.258875E-07
 3.451500E+02  2.101081E-01  5.402959E-05  1.869610E-09  2.501601E-09  2.794969E-09  3.393542E-09  1.492093E-01  4.843488E-05  2.754853E-08  5.573601E-01  2.801619E-03  2.402889E-05  3.060564E-06  7.717199E-04  1.532595E-08  6.060297E-08  1.585713E-08  7.889834E-02  7.461300E-06  1.892257E-07  1.581499E-07  3.011081E-04  4.093370E-04  2.137285E-06  2.019525E-07  2.620027E-07  3.135002E-07
 3.461500E+02  2.105324E-01  5.368666E-05  1.828609E-09  2.447253E-09  2.734373E-09  3.320630E-09  1.492198E-01  4.774627E-05  2.623690E-08  5.578205E-01  2.766096E-03  2.294516E-05  2.994955E-06  7.615261E-04  1.472264E-08  5.833762E-08  1.539771E-08  7.806085E-02  7.196821E-06  1.846324E-07  1.542274E-07  2.971460E-04  4.039535E-04  2.039751E-06  1.925587E-07  2.498854E-07  3.016520E-07
 3.471500E+02  2.109502E-01  5.334653E-05  1.788688E-09  2.394325E-09  2.675356E-09  3.249604E-09  1.492301E-01  4.707210E-05  2.499548E-08  5.582736E-01  2.731219E-03  2.191612E-05  2.931136E-06  7.515219E-04  1.414653E-08  5.617000E-08  1.495405E-08  7.723611E-02  6.943114E-06  1.801734E-07  1.504217E-07  2.932604E-04  3.986742E-04  1.947210E-06  1.836558E-07  2.383983E-07  2.903167E-07
 3.481500E+02  2.113616E-01  5.300921E-05  1.749815E-09  2.342775E-09  2.617874E-09  3.180410E-09  1.492402E-01  4.641199E-05  2.382014E-08  5.587197E-01  2.696973E-03  2.093873E-05  2.869050E-06  7.417033E-04  1.359626E-08  5.409541E-08  1.452553E-08  7.642392E-02  6.699691E-06  1.758445E-07  1.467289E-07  2.894496E-04  3.934965E-04  1.859381E-06  1.752156E-07  2.275052E-07  2.794696E-07
 3.491500E+02  2.117668E-01  5.267471E-05  1.711961E-09  2.292564E-09  2.561882E-09  3.112996E-09  1.492501E-01  4.576556E-05  2.270700E-08  5.591589E-01  2.663344E-03  2.001015E-05  2.808641E-06  7.320661E-04  1.307053E-08  5.210938E-08  1.411158E-08  7.562405E-02  6.466089E-06  1.716412E-07  1.431454E-07  2.857117E-04  3.884180E-04  1.775999E-06  1.672116E-07  2.171723E-07  2.690874E-07
 3.501500E+02  2.121658E-01  5.234302E-05  1.675094E-09  2.243653E-09  2.507338E-09  3.047312E-09  1.492599E-01  4.513248E-05  2.165243E-08  5.595913E-01  2.630320E-03  1.912771E-05  2.749857E-06  7.226063E-04  1.256813E-08  5.020767E-08  1.371165E-08  7.483630E-02  6.241865E-06  1.675595E-07  1.396674E-07  2.820450E-04  3.834363E-04  1.696818E-06  1.596189E-07  2.073679E-07  2.591479E-07
 3.511500E+02  2.125588E-01  5.201415E-05  1.639188E-09  2.196006E-09  2.454200E-09  2.983308E-09  1.492694E-01  4.451238E-05  2.065303E-08  5.600170E-01  2.597886E-03  1.828889E-05  2.692647E-06  7.133202E-04  1.208790E-08  4.838629E-08  1.332518E-08  7.406046E-02  6.026600E-06  1.635954E-07  1.362914E-07  2.784479E-04  3.785492E-04  1.621604E-06  1.524143E-07  1.980621E-07  2.496301E-07
 3.521500E+02  2.129458E-01  5.168811E-05  1.604214E-09  2.149586E-09  2.402429E-09  2.920938E-09  1.492788E-01  4.390494E-05  1.970561E-08  5.604361E-01  2.566030E-03  1.749132E-05  2.636961E-06  7.042039E-04  1.162875E-08  4.664142E-08  1.295167E-08  7.329633E-02  5.819896E-06  1.597451E-07  1.330140E-07  2.749186E-04  3.737544E-04  1.550138E-06  1.455758E-07  1.892269E-07  2.405139E-07
 3.531500E+02  2.133270E-01  5.136488E-05  1.570145E-09  2.104359E-09  2.351984E-09  2.860154E-09  1.492880E-01  4.330984E-05  1.880720E-08  5.608488E-01  2.534740E-03  1.673277E-05  2.582751E-06  6.952536E-04  1.118965E-08  4.496947E-08  1.259064E-08  7.254371E-02  5.621372E-06  1.560049E-07  1.298321E-07  2.714557E-04  3.690499E-04  1.482215E-06  1.390830E-07  1.808361E-07  2.317806E-07
 3.541500E+02  2.137024E-01  5.104447E-05  1.536956E-09  2.060289E-09  2.302830E-09  2.800912E-09  1.492970E-01  4.272676E-05  1.795498E-08  5.612552E-01  2.504003E-03  1.601114E-05  2.529971E-06  6.864659E-04  1.076962E-08  4.336702E-08  1.224160E-08  7.180241E-02  5.430668E-06  1.523712E-07  1.267424E-07  2.680575E-04  3.644333E-04  1.417641E-06  1.329166E-07  1.728650E-07  2.234122E-07
 3.551500E+02  2.140722E-01  5.072687E-05  1.504621E-09  2.017345E-09  2.254928E-09  2.743169E-09  1.493058E-01  4.215539E-05  1.714634E-08  5.616553E-01  2.473807E-03  1.532446E-05  2.478578E-06  6.778371E-04  1.036774E-08  4.183082E-08  1.190412E-08  7.107224E-02  5.247439E-06  1.488406E-07  1.237419E-07  2.647226E-04  3.599028E-04  1.356235E-06  1.270584E-07  1.652905E-07  2.153917E-07
 3.561500E+02  2.144364E-01  5.041209E-05  1.473115E-09  1.975493E-09  2.208243E-09  2.686882E-09  1.493145E-01  4.159545E-05  1.637882E-08  5.620493E-01  2.444141E-03  1.467087E-05  2.428528E-06  6.693639E-04  9.983134E-09  4.035781E-08  1.157774E-08  7.035299E-02  5.071358E-06  1.454097E-07  1.208278E-07  2.614495E-04  3.554563E-04  1.297825E-06  1.214915E-07  1.580907E-07  2.077030E-07
 3.571500E+02  2.147952E-01  5.010010E-05  1.442416E-09  1.934704E-09  2.162741E-09  2.632010E-09  1.493231E-01  4.104663E-05  1.565011E-08  5.624373E-01  2.414994E-03  1.404860E-05  2.379781E-06  6.610429E-04  9.614967E-09  3.894507E-08  1.126207E-08  6.964450E-02  4.902115E-06  1.420755E-07  1.179971E-07  2.582368E-04  3.510920E-04  1.242249E-06  1.161999E-07  1.512452E-07  2.003306E-07
 3.581500E+02  2.151486E-01  4.979091E-05  1.412499E-09  1.894947E-09  2.118389E-09  2.578515E-09  1.493314E-01  4.050868E-05  1.495803E-08  5.628194E-01  2.386354E-03  1.345602E-05  2.332295E-06  6.528708E-04  9.262455E-09  3.758982E-08  1.095671E-08  6.894657E-02  4.739411E-06  1.388347E-07  1.152473E-07  2.550831E-04  3.468078E-04  1.189357E-06  1.111685E-07  1.447347E-07  1.932602E-07
 3.591500E+02  2.154968E-01  4.948451E-05  1.383343E-09  1.856193E-09  2.075153E-09  2.526356E-09  1.493396E-01  3.998131E-05  1.430055E-08  5.631958E-01  2.358211E-03  1.289156E-05  2.286034E-06  6.448445E-04  8.924856E-09  3.628944E-08  1.066126E-08  6.825902E-02  4.582964E-06  1.356844E-07  1.125756E-07  2.519871E-04  3.426020E-04  1.139005E-06  1.063833E-07  1.385410E-07  1.864778E-07
 3.601500E+02  2.158398E-01  4.918089E-05  1.354926E-09  1.818413E-09  2.033003E-09  2.475497E-09  1.493477E-01  3.946427E-05  1.367576E-08  5.635664E-01  2.330554E-03  1.235375E-05  2.240959E-06  6.369608E-04  8.601462E-09  3.504143E-08  1.037537E-08  6.758169E-02  4.432506E-06  1.326218E-07  1.099795E-07  2.489474E-04  3.384728E-04  1.091058E-06  1.018308E-07  1.326472E-07  1.799704E-07
 3.611500E+02  2.161776E-01  4.888004E-05  1.327226E-09  1.781580E-09  1.991907E-09  2.425901E-09  1.493556E-01  3.895730E-05  1.308185E-08  5.639314E-01  2.303373E-03  1.184120E-05  2.197034E-06  6.292166E-04  8.291606E-09  3.384342E-08  1.009868E-08  6.691439E-02  4.287779E-06  1.296440E-07  1.074566E-07  2.459628E-04  3.344184E-04  1.045390E-06  9.749857E-08  1.270371E-07  1.737254E-07
 3.621500E+02  2.165105E-01  4.858195E-05  1.300224E-09  1.745668E-09  1.951836E-09  2.377533E-09  1.493634E-01  3.846015E-05  1.251715E-08  5.642910E-01  2.276659E-03  1.135261E-05  2.154226E-06  6.216091E-04  7.994652E-09  3.269316E-08  9.830863E-09  6.625695E-02  4.148539E-06  1.267484E-07  1.050046E-07  2.430320E-04  3.304372E-04  1.001881E-06  9.337484E-08  1.216957E-07  1.677311E-07
 3.631500E+02  2.168385E-01  4.828660E-05  1.273900E-09  1.710650E-09  1.912762E-09  2.330359E-09  1.493711E-01  3.797259E-05  1.198005E-08  5.646451E-01  2.250400E-03  1.088675E-05  2.112501E-06  6.141352E-04  7.710000E-09  3.158849E-08  9.571590E-09  6.560920E-02  4.014553E-06  1.239324E-07  1.026212E-07  2.401538E-04  3.265275E-04  9.604184E-07  8.944850E-08  1.166086E-07  1.619761E-07
 3.641500E+02  2.171616E-01  4.799399E-05  1.248235E-09  1.676501E-09  1.874657E-09  2.284346E-09  1.493786E-01  3.749438E-05  1.146906E-08  5.649940E-01  2.224588E-03  1.044244E-05  2.071826E-06  6.067922E-04  7.437077E-09  3.052740E-08  9.320550E-09  6.497099E-02  3.885599E-06  1.211935E-07  1.003041E-07  2.373270E-04  3.226877E-04  9.208957E-07  8.570909E-08  1.117626E-07  1.564499E-07
 3.651500E+02  2.174800E-01  4.770410E-05  1.223209E-09  1.643198E-09  1.837492E-09  2.239461E-09  1.493859E-01  3.702530E-05  1.098279E-08  5.653376E-01  2.199214E-03  1.001859E-05  2.032170E-06  5.995774E-04  7.175342E-09  2.950794E-08  9.077448E-09  6.434215E-02  3.761464E-06  1.185293E-07  9.805140E-08  2.345506E-04  3.189163E-04  8.832127E-07  8.214676E-08  1.071449E-07  1.511421E-07
 3.661500E+02  2.177937E-01  4.741692E-05  1.198805E-09  1.610716E-09  1.801243E-09  2.195673E-09  1.493932E-01  3.656512E-05  1.051989E-08  5.656762E-01  2.174268E-03  9.614152E-06  1.993503E-06  5.924880E-04  6.924281E-09  2.852827E-08  8.841996E-09  6.372252E-02  3.641947E-06  1.159374E-07  9.586089E-08  2.318233E-04  3.152117E-04  8.472746E-07  7.875223E-08  1.027436E-07  1.460431E-07
 3.671500E+02  2.181028E-01  4.713243E-05  1.175006E-09  1.579032E-09  1.765884E-09  2.152953E-09  1.494003E-01  3.611364E-05  1.007913E-08  5.660097E-01  2.149742E-03  9.228155E-06  1.955796E-06  5.855213E-04  6.683406E-09  2.758664E-08  8.613920E-09  6.311193E-02  3.526855E-06  1.134156E-07  9.373067E-08  2.291441E-04  3.115724E-04  8.129920E-07  7.551673E-08  9.854752E-08  1.411437E-07
 3.681500E+02  2.184073E-01  4.685063E-05  1.151795E-09  1.548125E-09  1.731389E-09  2.111270E-09  1.494073E-01  3.567065E-05  9.659337E-09  5.663382E-01  2.125626E-03  8.859666E-06  1.919020E-06  5.786749E-04  6.452252E-09  2.668138E-08  8.392957E-09  6.251025E-02  3.416003E-06  1.109618E-07  9.165883E-08  2.265119E-04  3.079971E-04  7.802806E-07  7.243202E-08  9.454599E-08  1.364352E-07
 3.691500E+02  2.187075E-01  4.657148E-05  1.129154E-09  1.517972E-09  1.697735E-09  2.070595E-09  1.494142E-01  3.523594E-05  9.259399E-09  5.666620E-01  2.101913E-03  8.507808E-06  1.883149E-06  5.719462E-04  6.230380E-09  2.581091E-08  8.178854E-09  6.191731E-02  3.309217E-06  1.085738E-07  8.964354E-08  2.239258E-04  3.044843E-04  7.490607E-07  6.949030E-08  9.072902E-08  1.319092E-07
 3.701500E+02  2.190033E-01  4.629498E-05  1.107069E-09  1.488553E-09  1.664899E-09  2.030902E-09  1.494209E-01  3.480932E-05  8.878275E-09  5.669809E-01  2.078594E-03  8.171752E-06  1.848155E-06  5.653328E-04  6.017371E-09  2.497373E-08  7.971366E-09  6.133298E-02  3.206329E-06  1.062495E-07  8.768303E-08  2.213846E-04  3.010326E-04  7.192569E-07  6.668423E-08  8.708718E-08  1.275577E-07
 3.711500E+02  2.192948E-01  4.602111E-05  1.085523E-09  1.459848E-09  1.632859E-09  1.992164E-09  1.494275E-01  3.439060E-05  8.514983E-09  5.672952E-01  2.055662E-03  7.850714E-06  1.814015E-06  5.588322E-04  5.812826E-09  2.416838E-08  7.770262E-09  6.075709E-02  3.107178E-06  1.039872E-07  8.577560E-08  2.188875E-04  2.976408E-04  6.907982E-07  6.400687E-08  8.361155E-08  1.233732E-07
 3.721500E+02  2.195821E-01  4.574986E-05  1.064502E-09  1.431837E-09  1.601591E-09  1.954353E-09  1.494340E-01  3.397960E-05  8.168598E-09  5.676048E-01  2.033107E-03  7.543951E-06  1.780702E-06  5.524422E-04  5.616368E-09  2.339352E-08  7.575315E-09  6.018952E-02  3.011613E-06  1.017848E-07  8.391960E-08  2.164334E-04  2.943074E-04  6.636173E-07  6.145166E-08  8.029371E-08  1.193485E-07
 3.731500E+02  2.198652E-01  4.548120E-05  1.043992E-09  1.404500E-09  1.571076E-09  1.917446E-09  1.494404E-01  3.357614E-05  7.838244E-09  5.679100E-01  2.010924E-03  7.250762E-06  1.748193E-06  5.461604E-04  5.427638E-09  2.264782E-08  7.386311E-09  5.963012E-02  2.919486E-06  9.964054E-08  8.211342E-08  2.140215E-04  2.910313E-04  6.376505E-07  5.901243E-08  7.712569E-08  1.154767E-07
