#         T/K            c1          c2-1          c3-4          c3-5          c3-7          c3-9            w1            w2          w3-1          w3-2        c1w1-2        c1w2-1        c2w1-1        c2w1-9
 2.731500E+02  7.753997E-01  2.000629E-03  1.366673E-06  1.793792E-06  1.995736E-06  2.379667E-06  7.719313E-02  2.056049E-04  5.569971E-06  7.815264E-08  1.451557E-01  2.124964E-05  5.747189E-06  5.046641E-06
 2.741500E+02  7.762706E-01  1.968010E-03  1.305455E-06  1.714021E-06  1.907127E-06  2.274729E-06  7.803206E-02  2.050627E-04  5.314435E-06  7.746498E-08  1.434809E-01  2.034146E-05  5.534097E-06  4.855331E-06
 2.751500E+02  7.771330E-01  1.936194E-03  1.247451E-06  1.638414E-06  1.823137E-06  2.175231E-06  7.886327E-02  2.044738E-04  5.070402E-06  7.675989E-08  1.418216E-01  1.947371E-05  5.329892E-06  4.672167E-06
 2.761500E+02  7.779867E-01  1.905156E-03  1.192471E-06  1.566725E-06  1.743494E-06  2.080853E-06  7.968665E-02  2.038401E-04  4.837396E-06  7.603868E-08  1.401779E-01  1.864456E-05  5.134169E-06  4.496771E-06
 2.771500E+02  7.788317E-01  1.874873E-03  1.140335E-06  1.498724E-06  1.667941E-06  1.991295E-06  8.050212E-02  2.031632E-04  4.614958E-06  7.530261E-08  1.385501E-01  1.785230E-05  4.946546E-06  4.328783E-06
 2.781500E+02  7.796679E-01  1.845320E-03  1.090878E-06  1.434194E-06  1.596242E-06  1.906280E-06  8.130958E-02  2.024448E-04  4.402644E-06  7.455294E-08  1.369382E-01  1.709527E-05  4.766656E-06  4.167864E-06
 2.791500E+02  7.804953E-01  1.816475E-03  1.043943E-06  1.372936E-06  1.528172E-06  1.825544E-06  8.210896E-02  2.016868E-04  4.200023E-06  7.379086E-08  1.353426E-01  1.637188E-05  4.594152E-06  4.013687E-06
 2.801500E+02  7.813138E-01  1.788317E-03  9.993845E-07  1.314761E-06  1.463522E-06  1.748843E-06  8.290020E-02  2.008907E-04  4.006681E-06  7.301755E-08  1.337632E-01  1.568062E-05  4.428705E-06  3.865947E-06
 2.811500E+02  7.821234E-01  1.760824E-03  9.570653E-07  1.259492E-06  1.402099E-06  1.675947E-06  8.368322E-02  2.000583E-04  3.822218E-06  7.223414E-08  1.322003E-01  1.502005E-05  4.269997E-06  3.724348E-06
 2.821500E+02  7.829241E-01  1.733977E-03  9.168580E-07  1.206964E-06  1.343718E-06  1.606643E-06  8.445799E-02  1.991912E-04  3.646250E-06  7.144174E-08  1.306539E-01  1.438878E-05  4.117731E-06  3.588613E-06
 2.831500E+02  7.837158E-01  1.707755E-03  8.786427E-07  1.157024E-06  1.288209E-06  1.540728E-06  8.522445E-02  1.982910E-04  3.478404E-06  7.064141E-08  1.291241E-01  1.378549E-05  3.971619E-06  3.458477E-06
 2.841500E+02  7.844985E-01  1.682141E-03  8.423074E-07  1.109525E-06  1.235410E-06  1.478013E-06  8.598258E-02  1.973593E-04  3.318324E-06  6.983418E-08  1.276110E-01  1.320891E-05  3.831391E-06  3.333686E-06
 2.851500E+02  7.852723E-01  1.657116E-03  8.077469E-07  1.064333E-06  1.185172E-06  1.418323E-06  8.673233E-02  1.963977E-04  3.165666E-06  6.902103E-08  1.261146E-01  1.265785E-05  3.696787E-06  3.214002E-06
 2.861500E+02  7.860371E-01  1.632663E-03  7.748626E-07  1.021319E-06  1.137352E-06  1.361491E-06  8.747369E-02  1.954077E-04  3.020099E-06  6.820292E-08  1.246350E-01  1.213114E-05  3.567560E-06  3.099195E-06
 2.871500E+02  7.867928E-01  1.608765E-03  7.435620E-07  9.803648E-07  1.091818E-06  1.307360E-06  8.820665E-02  1.943910E-04  2.881306E-06  6.738076E-08  1.231722E-01  1.162768E-05  3.443476E-06  2.989047E-06
 2.881500E+02  7.875396E-01  1.585407E-03  7.137583E-07  9.413571E-07  1.048446E-06  1.255785E-06  8.893118E-02  1.933488E-04  2.748983E-06  6.655542E-08  1.217263E-01  1.114642E-05  3.324309E-06  2.883352E-06
 2.891500E+02  7.882775E-01  1.562572E-03  6.853700E-07  9.041909E-07  1.007119E-06  1.206627E-06  8.964729E-02  1.922827E-04  2.622835E-06  6.572775E-08  1.202972E-01  1.068635E-05  3.209847E-06  2.781913E-06
 2.901500E+02  7.890063E-01  1.540245E-03  6.583205E-07  8.687669E-07  9.677265E-07  1.159758E-06  9.035498E-02  1.911941E-04  2.502584E-06  6.489855E-08  1.188850E-01  1.024652E-05  3.099885E-06  2.684541E-06
 2.911500E+02  7.897263E-01  1.518413E-03  6.325378E-07  8.349921E-07  9.301653E-07  1.115056E-06  9.105425E-02  1.900844E-04  2.387959E-06  6.406857E-08  1.174896E-01  9.826003E-06  2.994230E-06  2.591058E-06
 2.921500E+02  7.904373E-01  1.497060E-03  6.079544E-07  8.027787E-07  8.943384E-07  1.072406E-06  9.174512E-02  1.889549E-04  2.278704E-06  6.323855E-08  1.161110E-01  9.423927E-06  2.892696E-06  2.501293E-06
 2.931500E+02  7.911395E-01  1.476174E-03  5.845065E-07  7.720445E-07  8.601544E-07  1.031701E-06  9.242761E-02  1.878070E-04  2.174570E-06  6.240918E-08  1.147492E-01  9.039456E-06  2.795106E-06  2.415083E-06
 2.941500E+02  7.918329E-01  1.455742E-03  5.621344E-07  7.427118E-07  8.275272E-07  9.928391E-07  9.310174E-02  1.866418E-04  2.075321E-06  6.158112E-08  1.134040E-01  8.671792E-06  2.701293E-06  2.332274E-06
 2.951500E+02  7.925174E-01  1.435751E-03  5.407816E-07  7.147077E-07  7.963758E-07  9.557253E-07  9.376753E-02  1.854607E-04  1.980731E-06  6.075499E-08  1.120756E-01  8.320174E-06  2.611095E-06  2.252719E-06
 2.961500E+02  7.931932E-01  1.416189E-03  5.203952E-07  6.879634E-07  7.666238E-07  9.202695E-07  9.442502E-02  1.842649E-04  1.890583E-06  5.993137E-08  1.107638E-01  7.983873E-06  2.524358E-06  2.176276E-06
 2.971500E+02  7.938604E-01  1.397043E-03  5.009252E-07  6.624140E-07  7.381995E-07  8.863870E-07  9.507423E-02  1.830554E-04  1.804670E-06  5.911083E-08  1.094685E-01  7.662196E-06  2.440937E-06  2.102811E-06
 2.981500E+02  7.945188E-01  1.378304E-03  4.823245E-07  6.379986E-07  7.110350E-07  8.539977E-07  9.571522E-02  1.818335E-04  1.722794E-06  5.829389E-08  1.081896E-01  7.354482E-06  2.360692E-06  2.032197E-06
 2.991500E+02  7.951687E-01  1.359959E-03  4.645487E-07  6.146594E-07  6.850664E-07  8.230264E-07  9.634802E-02  1.806002E-04  1.644765E-06  5.748104E-08  1.069271E-01  7.060098E-06  2.283489E-06  1.964312E-06
 3.001500E+02  7.958101E-01  1.341998E-03  4.475560E-07  5.923423E-07  6.602335E-07  7.934019E-07  9.697268E-02  1.793566E-04  1.570403E-06  5.667274E-08  1.056809E-01  6.778441E-06  2.209200E-06  1.899038E-06
 3.011500E+02  7.964429E-01  1.324411E-03  4.313069E-07  5.709959E-07  6.364793E-07  7.650571E-07  9.758924E-02  1.781037E-04  1.499535E-06  5.586943E-08  1.044509E-01  6.508937E-06  2.137706E-06  1.836266E-06
 3.021500E+02  7.970674E-01  1.307188E-03  4.157642E-07  5.505719E-07  6.137502E-07  7.379285E-07  9.819777E-02  1.768425E-04  1.431996E-06  5.507151E-08  1.032369E-01  6.251035E-06  2.068888E-06  1.775890E-06
 3.031500E+02  7.976835E-01  1.290319E-03  4.008927E-07  5.310246E-07  5.919954E-07  7.119564E-07  9.879831E-02  1.755740E-04  1.367628E-06  5.427936E-08  1.020389E-01  6.004213E-06  2.002637E-06  1.717807E-06
 3.041500E+02  7.982914E-01  1.273795E-03  3.866591E-07  5.123108E-07  5.711671E-07  6.870840E-07  9.939093E-02  1.742990E-04  1.306281E-06  5.349332E-08  1.008567E-01  5.767971E-06  1.938845E-06  1.661922E-06
 3.051500E+02  7.988910E-01  1.257607E-03  3.730321E-07  4.943898E-07  5.512199E-07  6.632580E-07  9.997567E-02  1.730185E-04  1.247812E-06  5.271374E-08  9.969030E-02  5.541831E-06  1.877414E-06  1.608143E-06
 3.061500E+02  7.994825E-01  1.241746E-03  3.599821E-07  4.772230E-07  5.321111E-07  6.404278E-07  1.005526E-01  1.717333E-04  1.192084E-06  5.194090E-08  9.853946E-02  5.325341E-06  1.818244E-06  1.556381E-06
 3.071500E+02  8.000659E-01  1.226204E-03  3.474810E-07  4.607740E-07  5.138003E-07  6.185456E-07  1.011218E-01  1.704442E-04  1.138967E-06  5.117508E-08  9.740408E-02  5.118065E-06  1.761244E-06  1.506554E-06
 3.081500E+02  8.006414E-01  1.210973E-03  3.355024E-07  4.450083E-07  4.962491E-07  5.975660E-07  1.016834E-01  1.691520E-04  1.088335E-06  5.041654E-08  9.628403E-02  4.919591E-06  1.706326E-06  1.458579E-06
 3.091500E+02  8.012089E-01  1.196045E-03  3.240211E-07  4.298933E-07  4.794213E-07  5.774464E-07  1.022373E-01  1.678575E-04  1.040071E-06  4.966551E-08  9.517918E-02  4.729523E-06  1.653405E-06  1.412382E-06
 3.101500E+02  8.017687E-01  1.181411E-03  3.130135E-07  4.153981E-07  4.632826E-07  5.581460E-07  1.027837E-01  1.665613E-04  9.940611E-07  4.892220E-08  9.408938E-02  4.547484E-06  1.602400E-06  1.367889E-06
 3.111500E+02  8.023206E-01  1.167065E-03  3.024571E-07  4.014935E-07  4.478007E-07  5.396265E-07  1.033226E-01  1.652642E-04  9.501981E-07  4.818680E-08  9.301449E-02  4.373117E-06  1.553234E-06  1.325030E-06
 3.121500E+02  8.028649E-01  1.152999E-03  2.923306E-07  3.881518E-07  4.329446E-07  5.218516E-07  1.038542E-01  1.639669E-04  9.083793E-07  4.745948E-08  9.195435E-02  4.206077E-06  1.505834E-06  1.283738E-06
 3.131500E+02  8.034016E-01  1.139207E-03  2.826139E-07  3.753467E-07  4.186854E-07  5.047867E-07  1.043784E-01  1.626699E-04  8.685069E-07  4.674041E-08  9.090884E-02  4.046039E-06  1.460128E-06  1.243949E-06
 3.141500E+02  8.039309E-01  1.125681E-03  2.732878E-07  3.630535E-07  4.049953E-07  4.883991E-07  1.048954E-01  1.613739E-04  8.304878E-07  4.602971E-08  8.987778E-02  3.892691E-06  1.416049E-06  1.205603E-06
 3.151500E+02  8.044526E-01  1.112416E-03  2.643345E-07  3.512485E-07  3.918483E-07  4.726579E-07  1.054052E-01  1.600794E-04  7.942333E-07  4.532751E-08  8.886103E-02  3.745734E-06  1.373532E-06  1.168641E-06
 3.161500E+02  8.049671E-01  1.099404E-03  2.557366E-07  3.399094E-07  3.792194E-07  4.575336E-07  1.059080E-01  1.587870E-04  7.596589E-07  4.463390E-08  8.785843E-02  3.604886E-06  1.332516E-06  1.133007E-06
 3.171500E+02  8.054743E-01  1.086639E-03  2.474779E-07  3.290150E-07  3.670852E-07  4.429984E-07  1.064037E-01  1.574973E-04  7.266844E-07  4.394899E-08  8.686983E-02  3.469877E-06  1.292942E-06  1.098648E-06
 3.181500E+02  8.059744E-01  1.074116E-03  2.395430E-07  3.185452E-07  3.554232E-07  4.290256E-07  1.068925E-01  1.562107E-04  6.952331E-07  4.327285E-08  8.589506E-02  3.340446E-06  1.254752E-06  1.065514E-06
 3.191500E+02  8.064673E-01  1.061829E-03  2.319172E-07  3.084808E-07  3.442123E-07  4.155903E-07  1.073745E-01  1.549276E-04  6.652321E-07  4.260553E-08  8.493397E-02  3.216350E-06  1.217892E-06  1.033554E-06
 3.201500E+02  8.069533E-01  1.049771E-03  2.245867E-07  2.988038E-07  3.334322E-07  4.026684E-07  1.078497E-01  1.536486E-04  6.366121E-07  4.194709E-08  8.398640E-02  3.097351E-06  1.182311E-06  1.002723E-06
 3.211500E+02  8.074323E-01  1.037938E-03  2.175383E-07  2.894969E-07  3.230640E-07  3.902374E-07  1.083182E-01  1.523741E-04  6.093072E-07  4.129757E-08  8.305218E-02  2.983227E-06  1.147959E-06  9.729764E-07
 3.221500E+02  8.079046E-01  1.026324E-03  2.107594E-07  2.805438E-07  3.130894E-07  3.782756E-07  1.087801E-01  1.511045E-04  5.832544E-07  4.065699E-08  8.213116E-02  2.873763E-06  1.114788E-06  9.442708E-07
 3.231500E+02  8.083701E-01  1.014924E-03  2.042381E-07  2.719289E-07  3.034910E-07  3.667625E-07  1.092355E-01  1.498401E-04  5.583940E-07  4.002536E-08  8.122317E-02  2.768756E-06  1.082753E-06  9.165657E-07
 3.241500E+02  8.088289E-01  1.003733E-03  1.979632E-07  2.636375E-07  2.942526E-07  3.556788E-07  1.096844E-01  1.485814E-04  5.346692E-07  3.940270E-08  8.032806E-02  2.668010E-06  1.051810E-06  8.898218E-07
 3.251500E+02  8.092812E-01  9.927461E-04  1.919238E-07  2.556555E-07  2.853584E-07  3.450057E-07  1.101270E-01  1.473286E-04  5.120256E-07  3.878900E-08  7.944565E-02  2.571339E-06  1.021917E-06  8.640017E-07
 3.261500E+02  8.097271E-01  9.819585E-04  1.861097E-07  2.479694E-07  2.767937E-07  3.347257E-07  1.105632E-01  1.460821E-04  4.904120E-07  3.818425E-08  7.857578E-02  2.478567E-06  9.930338E-07  8.390695E-07
 3.271500E+02  8.101665E-01  9.713655E-04  1.805112E-07  2.405667E-07  2.685443E-07  3.248220E-07  1.109933E-01  1.448422E-04  4.697792E-07  3.758843E-08  7.771830E-02  2.389524E-06  9.651223E-07  8.149910E-07
 3.281500E+02  8.105996E-01  9.609627E-04  1.751191E-07  2.334352E-07  2.605967E-07  3.152787E-07  1.114173E-01  1.436091E-04  4.500806E-07  3.700150E-08  7.687304E-02  2.304049E-06  9.381456E-07  7.917331E-07
 3.291500E+02  8.110265E-01  9.507458E-04  1.699245E-07  2.265634E-07  2.529381E-07  3.060804E-07  1.118352E-01  1.423832E-04  4.312718E-07  3.642343E-08  7.603984E-02  2.221987E-06  9.120683E-07  7.692645E-07
 3.301500E+02  8.114473E-01  9.407105E-04  1.649190E-07  2.199403E-07  2.455564E-07  2.972128E-07  1.122471E-01  1.411647E-04  4.133107E-07  3.585419E-08  7.521853E-02  2.143191E-06  8.868568E-07  7.475549E-07
 3.311500E+02  8.118620E-01  9.308527E-04  1.600947E-07  2.135555E-07  2.384399E-07  2.886621E-07  1.126532E-01  1.399539E-04  3.961571E-07  3.529371E-08  7.440897E-02  2.067520E-06  8.624784E-07  7.265754E-07
 3.321500E+02  8.122708E-01  9.211683E-04  1.554440E-07  2.073991E-07  2.315776E-07  2.804149E-07  1.130535E-01  1.387508E-04  3.797728E-07  3.474196E-08  7.361098E-02  1.994842E-06  8.389021E-07  7.062983E-07
 3.331500E+02  8.126736E-01  9.116536E-04  1.509596E-07  2.014615E-07  2.249589E-07  2.724590E-07  1.134481E-01  1.375558E-04  3.641215E-07  3.419886E-08  7.282441E-02  1.925026E-06  8.160981E-07  6.866971E-07
 3.341500E+02  8.130707E-01  9.023046E-04  1.466346E-07  1.957337E-07  2.185738E-07  2.647822E-07  1.138370E-01  1.363691E-04  3.491685E-07  3.366435E-08  7.204910E-02  1.857953E-06  7.940378E-07  6.677462E-07
 3.351500E+02  8.134621E-01  8.931178E-04  1.424624E-07  1.902071E-07  2.124126E-07  2.573732E-07  1.142203E-01  1.351907E-04  3.348810E-07  3.313837E-08  7.128490E-02  1.793503E-06  7.726936E-07  6.494214E-07
 3.361500E+02  8.138478E-01  8.840895E-04  1.384368E-07  1.848735E-07  2.064664E-07  2.502211E-07  1.145982E-01  1.340210E-04  3.212277E-07  3.262084E-08  7.053165E-02  1.731567E-06  7.520393E-07  6.316991E-07
 3.371500E+02  8.142280E-01  8.752162E-04  1.345517E-07  1.797250E-07  2.007262E-07  2.433156E-07  1.149706E-01  1.328599E-04  3.081788E-07  3.211169E-08  6.978918E-02  1.672038E-06  7.320495E-07  6.145569E-07
 3.381500E+02  8.146027E-01  8.664946E-04  1.308015E-07  1.747541E-07  1.951839E-07  2.366467E-07  1.153378E-01  1.317077E-04  2.957060E-07  3.161082E-08  6.905736E-02  1.614813E-06  7.127001E-07  5.979734E-07
 3.391500E+02  8.149720E-01  8.579212E-04  1.271808E-07  1.699538E-07  1.898315E-07  2.302050E-07  1.156996E-01  1.305645E-04  2.837823E-07  3.111817E-08  6.833602E-02  1.559796E-06  6.939677E-07  5.819279E-07
 3.401500E+02  8.153360E-01  8.494930E-04  1.236842E-07  1.653172E-07  1.846613E-07  2.239814E-07  1.160563E-01  1.294303E-04  2.723821E-07  3.063364E-08  6.762502E-02  1.506895E-06  6.758299E-07  5.664005E-07
 3.411500E+02  8.156947E-01  8.412067E-04  1.203069E-07  1.608378E-07  1.796662E-07  2.179674E-07  1.164079E-01  1.283054E-04  2.614810E-07  3.015714E-08  6.692420E-02  1.456020E-06  6.582654E-07  5.513723E-07
 3.421500E+02  8.160483E-01  8.330594E-04  1.170441E-07  1.565094E-07  1.748393E-07  2.121547E-07  1.167545E-01  1.271897E-04  2.510557E-07  2.968858E-08  6.623341E-02  1.407086E-06  6.412534E-07  5.368251E-07
 3.431500E+02  8.163968E-01  8.250480E-04  1.138913E-07  1.523260E-07  1.701739E-07  2.065355E-07  1.170961E-01  1.260834E-04  2.410842E-07  2.922787E-08  6.555252E-02  1.360014E-06  6.247743E-07  5.227413E-07
 3.441500E+02  8.167403E-01  8.171696E-04  1.108442E-07  1.482820E-07  1.656637E-07  2.011021E-07  1.174328E-01  1.249865E-04  2.315455E-07  2.877491E-08  6.488137E-02  1.314725E-06  6.088089E-07  5.091041E-07
 3.451500E+02  8.170789E-01  8.094214E-04  1.078986E-07  1.443720E-07  1.613028E-07  1.958475E-07  1.177647E-01  1.238992E-04  2.224195E-07  2.832961E-08  6.421981E-02  1.271146E-06  5.933391E-07  4.958975E-07
 3.461500E+02  8.174126E-01  8.018008E-04  1.050506E-07  1.405907E-07  1.570853E-07  1.907648E-07  1.180919E-01  1.228213E-04  2.136872E-07  2.789187E-08  6.356771E-02  1.229206E-06  5.783473E-07  4.831059E-07
 3.471500E+02  8.177416E-01  7.943049E-04  1.022964E-07  1.369333E-07  1.530057E-07  1.858473E-07  1.184144E-01  1.217531E-04  2.053304E-07  2.746158E-08  6.292492E-02  1.188838E-06  5.638166E-07  4.707145E-07
 3.481500E+02  8.180658E-01  7.869311E-04  9.963246E-08  1.333949E-07  1.490587E-07  1.810889E-07  1.187323E-01  1.206945E-04  1.973319E-07  2.703865E-08  6.229131E-02  1.149977E-06  5.497309E-07  4.587089E-07
 3.491500E+02  8.183854E-01  7.796770E-04  9.705523E-08  1.299711E-07  1.452394E-07  1.764834E-07  1.190457E-01  1.196456E-04  1.896753E-07  2.662298E-08  6.166673E-02  1.112561E-06  5.360745E-07  4.470756E-07
 3.501500E+02  8.187004E-01  7.725401E-04  9.456144E-08  1.266574E-07  1.415428E-07  1.720251E-07  1.193546E-01  1.186064E-04  1.823450E-07  2.621446E-08  6.105106E-02  1.076531E-06  5.228325E-07  4.358012E-07
 3.511500E+02  8.190109E-01  7.655179E-04  9.214794E-08  1.234498E-07  1.379644E-07  1.677085E-07  1.196591E-01  1.175769E-04  1.753260E-07  2.581299E-08  6.044414E-02  1.041831E-06  5.099904E-07  4.248732E-07
 3.521500E+02  8.193170E-01  7.586080E-04  8.981170E-08  1.203443E-07  1.344997E-07  1.635283E-07  1.199593E-01  1.165571E-04  1.686042E-07  2.541848E-08  5.984586E-02  1.008407E-06  4.975346E-07  4.142793E-07
 3.531500E+02  8.196187E-01  7.518083E-04  8.754983E-08  1.173371E-07  1.311445E-07  1.594795E-07  1.202553E-01  1.155470E-04  1.621661E-07  2.503080E-08  5.925607E-02  9.762080E-07  4.854516E-07  4.040079E-07
 3.541500E+02  8.199162E-01  7.451163E-04  8.535955E-08  1.144245E-07  1.278947E-07  1.555572E-07  1.205470E-01  1.145466E-04  1.559988E-07  2.464987E-08  5.867466E-02  9.451837E-07  4.737287E-07  3.940477E-07
 3.551500E+02  8.202094E-01  7.385300E-04  8.323820E-08  1.116030E-07  1.247465E-07  1.517568E-07  1.208346E-01  1.135560E-04  1.500902E-07  2.427558E-08  5.810148E-02  9.152871E-07  4.623535E-07  3.843879E-07
 3.561500E+02  8.204984E-01  7.320473E-04  8.118325E-08  1.088693E-07  1.216961E-07  1.480738E-07  1.211182E-01  1.125751E-04  1.444285E-07  2.390783E-08  5.753641E-02  8.864731E-07  4.513142E-07  3.750182E-07
 3.571500E+02  8.207834E-01  7.256659E-04  7.919226E-08  1.062201E-07  1.187399E-07  1.445040E-07  1.213977E-01  1.116038E-04  1.390026E-07  2.354652E-08  5.697934E-02  8.586985E-07  4.405994E-07  3.659285E-07
 3.581500E+02  8.210643E-01  7.193840E-04  7.726288E-08  1.036525E-07  1.158746E-07  1.410433E-07  1.216733E-01  1.106422E-04  1.338020E-07  2.319153E-08  5.643013E-02  8.319218E-07  4.301981E-07  3.571093E-07
 3.591500E+02  8.213413E-01  7.131994E-04  7.539289E-08  1.011635E-07  1.130969E-07  1.376877E-07  1.219450E-01  1.096903E-04  1.288166E-07  2.284278E-08  5.588866E-02  8.061036E-07  4.200998E-07  3.485512E-07
 3.601500E+02  8.216143E-01  7.071104E-04  7.358013E-08  9.875012E-08  1.104035E-07  1.344335E-07  1.222129E-01  1.087480E-04  1.240368E-07  2.250016E-08  5.535481E-02  7.812058E-07  4.102944E-07  3.402455E-07
 3.611500E+02  8.218835E-01  7.011149E-04  7.182254E-08  9.640981E-08  1.077916E-07  1.312771E-07  1.224771E-01  1.078152E-04  1.194534E-07  2.216356E-08  5.482847E-02  7.571922E-07  4.007719E-07  3.321835E-07
 3.621500E+02  8.221489E-01  6.952112E-04  7.011816E-08  9.413993E-08  1.052581E-07  1.282150E-07  1.227375E-01  1.068920E-04  1.150578E-07  2.183290E-08  5.430951E-02  7.340280E-07  3.915232E-07  3.243570E-07
 3.631500E+02  8.224106E-01  6.893975E-04  6.846509E-08  9.193797E-08  1.028004E-07  1.252439E-07  1.229943E-01  1.059782E-04  1.108416E-07  2.150807E-08  5.379783E-02  7.116800E-07  3.825389E-07  3.167581E-07
 3.641500E+02  8.226686E-01  6.836720E-04  6.686150E-08  8.980155E-08  1.004157E-07  1.223606E-07  1.232475E-01  1.050739E-04  1.067969E-07  2.118897E-08  5.329330E-02  6.901163E-07  3.738105E-07  3.093791E-07
 3.651500E+02  8.229230E-01  6.780330E-04  6.530566E-08  8.772836E-08  9.810151E-08  1.195621E-07  1.234971E-01  1.041791E-04  1.029161E-07  2.087550E-08  5.279582E-02  6.693063E-07  3.653295E-07  3.022128E-07
 3.661500E+02  8.231739E-01  6.724787E-04  6.379589E-08  8.571620E-08  9.585535E-08  1.168454E-07  1.237433E-01  1.032935E-04  9.919216E-08  2.056758E-08  5.230528E-02  6.492209E-07  3.570878E-07  2.952521E-07
 3.671500E+02  8.234212E-01  6.670077E-04  6.233059E-08  8.376296E-08  9.367488E-08  1.142077E-07  1.239861E-01  1.024173E-04  9.561811E-08  2.026510E-08  5.182157E-02  6.298320E-07  3.490776E-07  2.884900E-07
 3.681500E+02  8.236651E-01  6.616183E-04  6.090821E-08  8.186659E-08  9.155781E-08  1.116463E-07  1.242254E-01  1.015503E-04  9.218742E-08  1.996796E-08  5.134457E-02  6.111129E-07  3.412914E-07  2.819202E-07
 3.691500E+02  8.239057E-01  6.563088E-04  5.952726E-08  8.002514E-08  8.950198E-08  1.091586E-07  1.244615E-01  1.006926E-04  8.889388E-08  1.967609E-08  5.087419E-02  5.930377E-07  3.337219E-07  2.755363E-07
 3.701500E+02  8.241428E-01  6.510779E-04  5.818633E-08  7.823674E-08  8.750529E-08  1.067420E-07  1.246943E-01  9.984389E-05  8.573151E-08  1.938937E-08  5.041032E-02  5.755818E-07  3.263621E-07  2.693322E-07
 3.711500E+02  8.243767E-01  6.459240E-04  5.688404E-08  7.649957E-08  8.556574E-08  1.043942E-07  1.249239E-01  9.900429E-05  8.269466E-08  1.910773E-08  4.995286E-02  5.587217E-07  3.192054E-07  2.633020E-07
 3.721500E+02  8.246074E-01  6.408457E-04  5.561908E-08  7.481191E-08  8.368138E-08  1.021128E-07  1.251503E-01  9.817370E-05  7.977791E-08  1.883107E-08  4.950171E-02  5.424346E-07  3.122451E-07  2.574401E-07
 3.731500E+02  8.248349E-01  6.358416E-04  5.439019E-08  7.317208E-08  8.185037E-08  9.989566E-08  1.253736E-01  9.735204E-05  7.697610E-08  1.855930E-08  4.905677E-02  5.266989E-07  3.054751E-07  2.517410E-07
 3.741500E+02  8.250593E-01  6.309101E-04  5.319615E-08  7.157848E-08  8.007091E-08  9.774058E-08  1.255939E-01  9.653925E-05  7.428429E-08  1.829234E-08  4.861793E-02  5.114938E-07  2.988894E-07  2.461996E-07
 3.751500E+02  8.252806E-01  6.260501E-04  5.203578E-08  7.002957E-08  7.834129E-08  9.564553E-08  1.258111E-01  9.573526E-05  7.169780E-08  1.803010E-08  4.818512E-02  4.967993E-07  2.924820E-07  2.408107E-07
 3.761500E+02  8.254988E-01  6.212602E-04  5.090798E-08  6.852387E-08  7.665985E-08  9.360851E-08  1.260254E-01  9.494000E-05  6.921213E-08  1.777249E-08  4.775822E-02  4.825962E-07  2.862474E-07  2.355694E-07
 3.771500E+02  8.257141E-01  6.165390E-04  4.981165E-08  6.705994E-08  7.502501E-08  9.162762E-08  1.262367E-01  9.415340E-05  6.682299E-08  1.751942E-08  4.733715E-02  4.688663E-07  2.801801E-07  2.304712E-07
 3.781500E+02  8.259264E-01  6.118854E-04  4.874575E-08  6.563642E-08  7.343522E-08  8.970103E-08  1.264452E-01  9.337539E-05  6.452631E-08  1.727083E-08  4.692181E-02  4.555918E-07  2.742750E-07  2.255114E-07
 3.791500E+02  8.261359E-01  6.072981E-04  4.770929E-08  6.425197E-08  7.188903E-08  8.782697E-08  1.266508E-01  9.260589E-05  6.231818E-08  1.702661E-08  4.651212E-02  4.427559E-07  2.685269E-07  2.206857E-07
 3.801500E+02  8.263425E-01  6.027758E-04  4.670130E-08  6.290533E-08  7.038501E-08  8.600374E-08  1.268536E-01  9.184483E-05  6.019487E-08  1.678671E-08  4.610799E-02  4.303424E-07  2.629311E-07  2.159899E-07
 3.811500E+02  8.265463E-01  5.983174E-04  4.572086E-08  6.159528E-08  6.892179E-08  8.422970E-08  1.270537E-01  9.109214E-05  5.815283E-08  1.655102E-08  4.570933E-02  4.183357E-07  2.574827E-07  2.114198E-07
 3.821500E+02  8.267474E-01  5.939217E-04  4.476707E-08  6.032063E-08  6.749807E-08  8.250328E-08  1.272511E-01  9.034774E-05  5.618865E-08  1.631948E-08  4.531605E-02  4.067209E-07  2.521774E-07  2.069716E-07
 3.831500E+02  8.269457E-01  5.895876E-04  4.383906E-08  5.908024E-08  6.611257E-08  8.082294E-08  1.274459E-01  8.961155E-05  5.429909E-08  1.609201E-08  4.492806E-02  3.954836E-07  2.470106E-07  2.026415E-07
 3.841500E+02  8.271414E-01  5.853140E-04  4.293603E-08  5.787303E-08  6.476407E-08  7.918724E-08  1.276380E-01  8.888350E-05  5.248105E-08  1.586853E-08  4.454530E-02  3.846101E-07  2.419782E-07  1.984258E-07
 3.851500E+02  8.273344E-01  5.810998E-04  4.205715E-08  5.669793E-08  6.345141E-08  7.759476E-08  1.278275E-01  8.816350E-05  5.073156E-08  1.564897E-08  4.416766E-02  3.740872E-07  2.370761E-07  1.943211E-07
 3.861500E+02  8.275249E-01  5.769440E-04  4.120167E-08  5.555394E-08  6.217345E-08  7.604413E-08  1.280146E-01  8.745149E-05  4.904780E-08  1.543326E-08  4.379508E-02  3.639022E-07  2.323004E-07  1.903238E-07
 3.871500E+02  8.277128E-01  5.728454E-04  4.036885E-08  5.444006E-08  6.092909E-08  7.453406E-08  1.281991E-01  8.674738E-05  4.742706E-08  1.522132E-08  4.342747E-02  3.540428E-07  2.276471E-07  1.864307E-07
 3.881500E+02  8.278982E-01  5.688032E-04  3.955798E-08  5.335536E-08  5.971728E-08  7.306327E-08  1.283811E-01  8.605110E-05  4.586675E-08  1.501309E-08  4.306476E-02  3.444974E-07  2.231128E-07  1.826387E-07
 3.891500E+02  8.280812E-01  5.648163E-04  3.876835E-08  5.229893E-08  5.853701E-08  7.163055E-08  1.285608E-01  8.536257E-05  4.436440E-08  1.480848E-08  4.270686E-02  3.352548E-07  2.186937E-07  1.789446E-07
 3.901500E+02  8.282617E-01  5.608837E-04  3.799932E-08  5.126989E-08  5.738731E-08  7.023472E-08  1.287381E-01  8.468170E-05  4.291765E-08  1.460744E-08  4.235371E-02  3.263041E-07  2.143865E-07  1.753456E-07
 3.911500E+02  8.284398E-01  5.570044E-04  3.725024E-08  5.026739E-08  5.626722E-08  6.887465E-08  1.289130E-01  8.400842E-05  4.152424E-08  1.440990E-08  4.200523E-02  3.176349E-07  2.101878E-07  1.718387E-07
 3.921500E+02  8.286156E-01  5.531777E-04  3.652050E-08  4.929062E-08  5.517584E-08  6.754924E-08  1.290856E-01  8.334266E-05  4.018201E-08  1.421580E-08  4.166135E-02  3.092373E-07  2.060945E-07  1.684211E-07
 3.931500E+02  8.287891E-01  5.494024E-04  3.580949E-08  4.833878E-08  5.411228E-08  6.625744E-08  1.292559E-01  8.268432E-05  3.888889E-08  1.402506E-08  4.132198E-02  3.011017E-07  2.021034E-07  1.650903E-07
 3.941500E+02  8.289602E-01  5.456779E-04  3.511666E-08  4.741113E-08  5.307571E-08  6.499824E-08  1.294241E-01  8.203334E-05  3.764292E-08  1.383762E-08  4.098708E-02  2.932189E-07  1.982115E-07  1.618437E-07
 3.951500E+02  8.291292E-01  5.420031E-04  3.444143E-08  4.650692E-08  5.206531E-08  6.377064E-08  1.295900E-01  8.138964E-05  3.644218E-08  1.365342E-08  4.065656E-02  2.855800E-07  1.944160E-07  1.586786E-07
 3.961500E+02  8.292959E-01  5.383772E-04  3.378328E-08  4.562544E-08  5.108028E-08  6.257370E-08  1.297537E-01  8.075313E-05  3.528489E-08  1.347240E-08  4.033035E-02  2.781765E-07  1.907140E-07  1.555928E-07
 3.971500E+02  8.294605E-01  5.347994E-04  3.314170E-08  4.476602E-08  5.011986E-08  6.140650E-08  1.299153E-01  8.012375E-05  3.416931E-08  1.329451E-08  4.000839E-02  2.710002E-07  1.871028E-07  1.525840E-07
 3.981500E+02  8.296229E-01  5.312689E-04  3.251618E-08  4.392800E-08  4.918333E-08  6.026816E-08  1.300749E-01  7.950140E-05  3.309377E-08  1.311967E-08  3.969062E-02  2.640432E-07  1.835798E-07  1.496497E-07
 3.991500E+02  8.297832E-01  5.277848E-04  3.190624E-08  4.311073E-08  4.826996E-08  5.915783E-08  1.302323E-01  7.888602E-05  3.205670E-08  1.294783E-08  3.937696E-02  2.572980E-07  1.801425E-07  1.467880E-07
