#         T/K            c1          c2-1          c3-4          c3-5          c3-7          c3-9            m1          m2-1          m3-1            w1            w2          w3-1          w3-2          c1m1        c1m2-1        c1m2-7        c2m1-1        c1w1-2        c1w2-1        c2w1-1        c2w1-9        m1w1-1        m1w1-4        m1w2-1        m2w1-1        m2w1-3      c1m1w1-1
 2.731500E+02  2.314914E-01  1.687067E-04  3.255271E-08  4.272622E-08  4.753631E-08  5.668114E-08  6.875761E-01  3.782632E-03  2.246088E-04  3.912687E-02  4.997741E-05  6.492877E-07  9.110199E-09  1.584305E-02  1.656752E-05  5.436328E-05  1.861998E-06  2.078199E-02  1.458977E-06  2.324156E-07  2.040855E-07  3.457671E-04  4.706822E-04  3.760800E-06  2.392924E-05  3.030670E-05  4.717935E-06
 2.741500E+02  2.318570E-01  1.661875E-04  3.116714E-08  4.092147E-08  4.553179E-08  5.430811E-08  6.878819E-01  3.695286E-03  2.075988E-04  3.930989E-02  4.926074E-05  6.087753E-07  8.873712E-09  1.546655E-02  1.548441E-05  5.097384E-05  1.766022E-06  2.043558E-02  1.381531E-06  2.228453E-07  1.955130E-07  3.394607E-04  4.620682E-04  3.511187E-06  2.223308E-05  2.816971E-05  4.435886E-06
 2.751500E+02  2.322135E-01  1.637195E-04  2.984933E-08  3.920440E-08  4.362450E-08  5.204948E-08  6.881774E-01  3.610588E-03  1.919898E-04  3.948928E-02  4.855276E-05  5.709399E-07  8.643355E-09  1.510150E-02  1.447932E-05  4.781842E-05  1.675628E-06  2.009584E-02  1.308532E-06  2.137183E-07  1.873449E-07  3.332915E-04  4.536430E-04  3.279341E-06  2.066697E-05  2.619578E-05  4.172284E-06
 2.761500E+02  2.325609E-01  1.613016E-04  2.859562E-08  3.757030E-08  4.180923E-08  4.989914E-08  6.884629E-01  3.528443E-03  1.776578E-04  3.966509E-02  4.785357E-05  5.355972E-07  8.419013E-09  1.474751E-02  1.354614E-05  4.487946E-05  1.590461E-06  1.976269E-02  1.239711E-06  2.050124E-07  1.795605E-07  3.272568E-04  4.454026E-04  3.063924E-06  1.922024E-05  2.437163E-05  3.925833E-06
 2.771500E+02  2.328997E-01  1.589328E-04  2.740255E-08  3.601472E-08  4.008106E-08  4.785134E-08  6.887390E-01  3.448760E-03  1.644904E-04  3.983740E-02  4.716325E-05  5.025758E-07  8.200566E-09  1.440419E-02  1.267931E-05  4.214079E-05  1.510188E-06  1.943601E-02  1.174815E-06  1.967066E-07  1.721404E-07  3.213536E-04  4.373431E-04  2.863704E-06  1.788318E-05  2.268510E-05  3.695333E-06
 2.781500E+02  2.332299E-01  1.566121E-04  2.626689E-08  3.453348E-08  3.843536E-08  4.590066E-08  6.890060E-01  3.371453E-03  1.523860E-04  4.000628E-02  4.648188E-05  4.717166E-07  7.987896E-09  1.407116E-02  1.187369E-05  3.958756E-05  1.434499E-06  1.911569E-02  1.113606E-06  1.887808E-07  1.650660E-07  3.155791E-04  4.294605E-04  2.677545E-06  1.664690E-05  2.112508E-05  3.479673E-06
 2.791500E+02  2.335520E-01  1.543382E-04  2.518556E-08  3.312265E-08  3.686776E-08  4.404199E-08  6.892644E-01  3.296437E-03  1.412521E-04  4.017177E-02  4.580952E-05  4.428716E-07  7.780881E-09  1.374808E-02  1.112461E-05  3.720609E-05  1.363107E-06  1.880164E-02  1.055863E-06  1.812163E-07  1.583199E-07  3.099306E-04  4.217510E-04  2.504400E-06  1.550326E-05  1.968142E-05  3.277824E-06
 2.801500E+02  2.338660E-01  1.521103E-04  2.415568E-08  3.177850E-08  3.537415E-08  4.227050E-08  6.895144E-01  3.223634E-03  1.310051E-04  4.033396E-02  4.514621E-05  4.159033E-07  7.579401E-09  1.343458E-02  1.042775E-05  3.498379E-05  1.295742E-06  1.849373E-02  1.001376E-06  1.739951E-07  1.518855E-07  3.044053E-04  4.142107E-04  2.343303E-06  1.444484E-05  1.834483E-05  3.088832E-06
 2.811500E+02  2.341723E-01  1.499273E-04  2.317453E-08  3.049753E-08  3.395065E-08  4.058165E-08  6.897564E-01  3.152964E-03  1.215689E-04  4.049289E-02  4.449198E-05  3.906839E-07  7.383335E-09  1.313035E-02  9.779155E-06  3.290907E-05  1.232154E-06  1.819187E-02  9.499509E-07  1.671003E-07  1.457471E-07  2.990005E-04  4.068359E-04  2.193365E-06  1.346484E-05  1.710679E-05  2.911815E-06
 2.821500E+02  2.344710E-01  1.477883E-04  2.223955E-08  2.927645E-08  3.259359E-08  3.897115E-08  6.899908E-01  3.084355E-03  1.128744E-04  4.064864E-02  4.384685E-05  3.670945E-07  7.192560E-09  1.283506E-02  9.175196E-06  3.097122E-05  1.172109E-06  1.789595E-02  9.014042E-07  1.605158E-07  1.398899E-07  2.937137E-04  3.996230E-04  2.053766E-06  1.255703E-05  1.595953E-05  2.745955E-06
 2.831500E+02  2.347624E-01  1.456922E-04  2.134832E-08  2.811212E-08  3.129952E-08  3.743495E-08  6.902178E-01  3.017734E-03  1.048587E-04  4.080127E-02  4.321083E-05  3.450246E-07  7.006955E-09  1.254841E-02  8.612530E-06  2.916040E-05  1.115390E-06  1.760587E-02  8.555643E-07  1.542263E-07  1.342999E-07  2.885421E-04  3.925682E-04  1.923746E-06  1.171571E-05  1.489589E-05  2.590491E-06
 2.841500E+02  2.350466E-01  1.436381E-04  2.049856E-08  2.700163E-08  3.006519E-08  3.596923E-08  6.904378E-01  2.953033E-03  9.746477E-05  4.095082E-02  4.258391E-05  3.243714E-07  6.826401E-09  1.227009E-02  8.088085E-06  2.746751E-05  1.061793E-06  1.732151E-02  8.122703E-07  1.482175E-07  1.289638E-07  2.834831E-04  3.856681E-04  1.802609E-06  1.093567E-05  1.390935E-05  2.444720E-06
 2.851500E+02  2.353239E-01  1.416251E-04  1.968812E-08  2.594218E-08  2.888752E-08  3.457039E-08  6.906511E-01  2.890186E-03  9.064057E-05  4.109738E-02  4.196608E-05  3.050394E-07  6.650776E-09  1.199984E-02  7.599037E-06  2.588417E-05  1.011127E-06  1.704276E-02  7.713713E-07  1.424757E-07  1.238689E-07  2.785343E-04  3.789190E-04  1.689707E-06  1.021210E-05  1.299391E-05  2.307990E-06
 2.861500E+02  2.355945E-01  1.396523E-04  1.891497E-08  2.493116E-08  2.776361E-08  3.323500E-08  6.908578E-01  2.829131E-03  8.433875E-05  4.124099E-02  4.135732E-05  2.869398E-07  6.479962E-09  1.173736E-02  7.142783E-06  2.440261E-05  9.632164E-07  1.676954E-02  7.327259E-07  1.369878E-07  1.190034E-07  2.736932E-04  3.723175E-04  1.584444E-06  9.540632E-06  1.214406E-05  2.179693E-06
 2.871500E+02  2.358585E-01  1.377188E-04  1.817720E-08  2.396610E-08  2.669071E-08  3.195986E-08  6.910582E-01  2.769805E-03  7.851616E-05  4.138171E-02  4.075759E-05  2.699897E-07  6.313842E-09  1.148241E-02  6.716927E-06  2.301570E-05  9.178942E-07  1.650172E-02  6.962012E-07  1.317416E-07  1.143559E-07  2.689574E-04  3.658603E-04  1.486271E-06  8.917227E-06  1.135476E-05  2.059267E-06
 2.881500E+02  2.361162E-01  1.358236E-04  1.747299E-08  2.304467E-08  2.566624E-08  3.074193E-08  6.912527E-01  2.712150E-03  7.313344E-05  4.151961E-02  4.016687E-05  2.541124E-07  6.152297E-09  1.123473E-02  6.319262E-06  2.171680E-05  8.750059E-07  1.623922E-02  6.616727E-07  1.267253E-07  1.099157E-07  2.643243E-04  3.595441E-04  1.394679E-06  8.338193E-06  1.062138E-05  1.946189E-06
 2.891500E+02  2.363676E-01  1.339660E-04  1.680064E-08  2.216465E-08  2.468775E-08  2.957834E-08  6.914413E-01  2.656111E-03  6.815472E-05  4.165474E-02  3.958511E-05  2.392362E-07  5.995214E-09  1.099406E-02  5.947752E-06  2.049982E-05  8.344065E-07  1.598191E-02  6.290236E-07  1.219280E-07  1.056727E-07  2.597917E-04  3.533655E-04  1.309196E-06  7.800136E-06  9.939639E-06  1.839973E-06
 2.901500E+02  2.366130E-01  1.321451E-04  1.615853E-08  2.132396E-08  2.375293E-08  2.846636E-08  6.916244E-01  2.601632E-03  6.354723E-05  4.178715E-02  3.901224E-05  2.252946E-07  5.842477E-09  1.076019E-02  5.600522E-06  1.935908E-05  7.959606E-07  1.572972E-02  5.981442E-07  1.173391E-07  1.016172E-07  2.553573E-04  3.473214E-04  1.229388E-06  7.299937E-06  9.305644E-06  1.740168E-06
 2.911500E+02  2.368526E-01  1.303601E-04  1.554515E-08  2.052063E-08  2.285959E-08  2.740343E-08  6.918021E-01  2.548662E-03  5.928106E-05  4.191691E-02  3.844823E-05  2.122255E-07  5.693976E-09  1.053288E-02  5.275838E-06  1.828937E-05  7.595416E-07  1.548253E-02  5.689316E-07  1.129486E-07  9.774013E-08  2.510188E-04  3.414087E-04  1.154853E-06  6.834732E-06  8.715791E-06  1.646355E-06
 2.921500E+02  2.370865E-01  1.286102E-04  1.495905E-08  1.975281E-08  2.200568E-08  2.638713E-08  6.919747E-01  2.497150E-03  5.532887E-05  4.204406E-02  3.789299E-05  1.999712E-07  5.549599E-09  1.031192E-02  4.972103E-06  1.728582E-05  7.250306E-07  1.524024E-02  5.412892E-07  1.087472E-07  9.403287E-08  2.467740E-04  3.356242E-04  1.085219E-06  6.401886E-06  8.166773E-06  1.558143E-06
 2.931500E+02  2.373148E-01  1.268946E-04  1.439887E-08  1.901872E-08  2.118924E-08  2.541515E-08  6.921423E-01  2.447048E-03  5.166567E-05  4.216866E-02  3.734647E-05  1.884781E-07  5.409238E-09  1.009709E-02  4.687840E-06  1.634396E-05  6.923168E-07  1.500276E-02  5.151262E-07  1.047258E-07  9.048722E-08  2.426207E-04  3.299651E-04  1.020141E-06  5.998977E-06  7.655546E-06  1.475168E-06
 2.941500E+02  2.375378E-01  1.252125E-04  1.386332E-08  1.831671E-08  2.040842E-08  2.448533E-08  6.923050E-01  2.398310E-03  4.826860E-05  4.229076E-02  3.680858E-05  1.776960E-07  5.272786E-09  9.888193E-03  4.421685E-06  1.545961E-05  6.612960E-07  1.476999E-02  4.903576E-07  1.008759E-07  8.709539E-08  2.385568E-04  3.244283E-04  9.593007E-07  5.623774E-06  7.179306E-06  1.397094E-06
 2.951500E+02  2.377555E-01  1.235632E-04  1.335119E-08  1.764519E-08  1.966147E-08  2.359560E-08  6.924632E-01  2.350891E-03  4.511672E-05  4.241042E-02  3.627926E-05  1.675785E-07  5.140138E-09  9.685039E-03  4.172376E-06  1.462893E-05  6.318708E-07  1.454184E-02  4.669033E-07  9.718939E-08  8.385003E-08  2.345802E-04  3.190110E-04  9.024027E-07  5.274225E-06  6.735472E-06  1.323605E-06
 2.961500E+02  2.379681E-01  1.219459E-04  1.286132E-08  1.700269E-08  1.894675E-08  2.274403E-08  6.926169E-01  2.304748E-03  4.219089E-05  4.252768E-02  3.575841E-05  1.580820E-07  5.011191E-09  9.487439E-03  3.938747E-06  1.384835E-05  6.039500E-07  1.431820E-02  4.446881E-07  9.365869E-08  8.074415E-08  2.306889E-04  3.137103E-04  8.491737E-07  4.948440E-06  6.321668E-06  1.254409E-06
 2.971500E+02  2.381758E-01  1.203599E-04  1.239263E-08  1.638778E-08  1.826268E-08  2.192876E-08  6.927662E-01  2.259839E-03  3.947354E-05  4.264260E-02  3.524595E-05  1.491662E-07  4.885845E-09  9.295211E-03  3.719719E-06  1.311453E-05  5.774477E-07  1.409900E-02  4.236416E-07  9.027647E-08  7.777111E-08  2.268809E-04  3.085236E-04  7.993602E-07  4.644676E-06  5.935702E-06  1.189233E-06
 2.981500E+02  2.383787E-01  1.188046E-04  1.194409E-08  1.579914E-08  1.760778E-08  2.114805E-08  6.929115E-01  2.216125E-03  3.694857E-05  4.275523E-02  3.474180E-05  1.407933E-07  4.764001E-09  9.108183E-03  3.514293E-06  1.242440E-05  5.522838E-07  1.388414E-02  4.036973E-07  8.703581E-08  7.492463E-08  2.231542E-04  3.034481E-04  7.527273E-07  4.361328E-06  5.575551E-06  1.127823E-06
 2.991500E+02  2.385768E-01  1.172792E-04  1.151471E-08  1.523549E-08  1.698066E-08  2.040026E-08  6.930527E-01  2.173568E-03  3.460123E-05  4.286561E-02  3.424586E-05  1.329283E-07  4.645561E-09  8.926188E-03  3.321543E-06  1.177511E-05  5.283829E-07  1.367353E-02  3.847929E-07  8.393014E-08  7.219873E-08  2.195070E-04  2.984812E-04  7.090575E-07  4.096915E-06  5.239354E-06  1.069941E-06
 3.001500E+02  2.387704E-01  1.157831E-04  1.110359E-08  1.469564E-08  1.637998E-08  1.968381E-08  6.931900E-01  2.132129E-03  3.241797E-05  4.297379E-02  3.375804E-05  1.255384E-07  4.530432E-09  8.749063E-03  3.140614E-06  1.116398E-05  5.056743E-07  1.346707E-02  3.668699E-07  8.095322E-08  6.958775E-08  2.159373E-04  2.936204E-04  6.681486E-07  3.850070E-06  4.925387E-06  1.015367E-06
 3.011500E+02  2.389596E-01  1.143156E-04  1.070983E-08  1.417846E-08  1.580448E-08  1.899721E-08  6.933236E-01  2.091775E-03  3.038634E-05  4.307983E-02  3.327824E-05  1.185931E-07  4.418521E-09  8.576654E-03  2.970709E-06  1.058856E-05  4.840916E-07  1.326469E-02  3.498731E-07  7.809912E-08  6.708632E-08  2.124433E-04  2.888631E-04  6.298134E-07  3.619534E-06  4.632065E-06  9.638944E-07
 3.021500E+02  2.391444E-01  1.128761E-04  1.033261E-08  1.368287E-08  1.525298E-08  1.833907E-08  6.934536E-01  2.052469E-03  2.849493E-05  4.318375E-02  3.280635E-05  1.120639E-07  4.309737E-09  8.408811E-03  2.811093E-06  1.004654E-05  4.635724E-07  1.306630E-02  3.337506E-07  7.536220E-08  6.468932E-08  2.090233E-04  2.842069E-04  5.938781E-07  3.404143E-06  4.357918E-06  9.153313E-07
 3.031500E+02  2.393250E-01  1.114640E-04  9.971152E-09  1.320784E-08  1.472433E-08  1.770805E-08  6.935801E-01  2.014180E-03  2.673322E-05  4.328562E-02  3.234229E-05  1.059242E-07  4.203992E-09  8.245389E-03  2.661082E-06  9.535797E-06  4.440583E-07  1.287181E-02  3.184539E-07  7.273711E-08  6.239191E-08  2.056755E-04  2.796493E-04  5.601812E-07  3.202820E-06  4.101592E-06  8.694980E-07
 3.041500E+02  2.395016E-01  1.100785E-04  9.624706E-09  1.275242E-08  1.421747E-08  1.710287E-08  6.937032E-01  1.976875E-03  2.509157E-05  4.338547E-02  3.188595E-05  1.001493E-07  4.101200E-09  8.086250E-03  2.520041E-06  9.054332E-06  4.254942E-07  1.268115E-02  3.039371E-07  7.021876E-08  6.018948E-08  2.023983E-04  2.751881E-04  5.285729E-07  3.014572E-06  3.861834E-06  8.262271E-07
 3.051500E+02  2.396741E-01  1.087193E-04  9.292565E-09  1.231569E-08  1.373138E-08  1.652235E-08  6.938231E-01  1.940523E-03  2.356108E-05  4.348336E-02  3.143723E-05  9.471615E-08  4.001276E-09  7.931259E-03  2.387382E-06  8.600297E-06  4.078283E-07  1.249423E-02  2.901569E-07  6.780230E-08  5.807766E-08  1.991898E-04  2.708210E-04  4.989139E-07  2.838481E-06  3.637484E-06  7.853618E-07
 3.061500E+02  2.398428E-01  1.073855E-04  8.974062E-09  1.189678E-08  1.326510E-08  1.596535E-08  6.939398E-01  1.905096E-03  2.213358E-05  4.357931E-02  3.099602E-05  8.960306E-08  3.904139E-09  7.780286E-03  2.262557E-06  8.171968E-06  3.910120E-07  1.231097E-02  2.770729E-07  6.548314E-08  5.605229E-08  1.960487E-04  2.665457E-04  4.710750E-07  2.673697E-06  3.427471E-06  7.467562E-07
 3.071500E+02  2.400077E-01  1.060768E-04  8.668562E-09  1.149487E-08  1.281771E-08  1.543077E-08  6.940534E-01  1.870564E-03  2.080154E-05  4.367337E-02  3.056221E-05  8.478994E-08  3.809709E-09  7.633207E-03  2.145058E-06  7.767740E-06  3.749996E-07  1.213130E-02  2.646468E-07  6.325691E-08  5.410943E-08  1.929732E-04  2.623600E-04  4.449358E-07  2.519434E-06  3.230802E-06  7.102735E-07
 3.081500E+02  2.401689E-01  1.047926E-04  8.375463E-09  1.110916E-08  1.238833E-08  1.491760E-08  6.941641E-01  1.836900E-03  1.955801E-05  4.376558E-02  3.013571E-05  8.025798E-08  3.717908E-09  7.489902E-03  2.034412E-06  7.386116E-06  3.597480E-07  1.195513E-02  2.528427E-07  6.111943E-08  5.224532E-08  1.899618E-04  2.582619E-04  4.203848E-07  2.374965E-06  3.046559E-06  6.757859E-07
 3.091500E+02  2.403265E-01  1.035322E-04  8.094193E-09  1.073893E-08  1.197616E-08  1.442487E-08  6.942719E-01  1.804077E-03  1.839661E-05  4.385599E-02  2.971640E-05  7.598962E-08  3.628660E-09  7.350254E-03  1.930180E-06  7.025699E-06  3.452167E-07  1.178240E-02  2.416267E-07  5.906675E-08  5.045639E-08  1.870129E-04  2.542492E-04  3.973178E-07  2.239616E-06  2.873890E-06  6.431741E-07
 3.101500E+02  2.404807E-01  1.022952E-04  7.824211E-09  1.038346E-08  1.158040E-08  1.395164E-08  6.943770E-01  1.772069E-03  1.731142E-05  4.394463E-02  2.930418E-05  7.196846E-08  3.541890E-09  7.214151E-03  1.831953E-06  6.685187E-06  3.313675E-07  1.161303E-02  2.309669E-07  5.709511E-08  4.873925E-08  1.841252E-04  2.503200E-04  3.756383E-07  2.112763E-06  2.712008E-06  6.123262E-07
 3.111500E+02  2.406314E-01  1.010811E-04  7.565001E-09  1.004208E-08  1.120031E-08  1.349704E-08  6.944794E-01  1.740853E-03  1.629701E-05  4.403154E-02  2.889894E-05  6.817918E-08  3.457528E-09  7.081485E-03  1.739349E-06  6.363365E-06  3.181646E-07  1.144694E-02  2.208333E-07  5.520091E-08  4.709068E-08  1.812972E-04  2.464722E-04  3.552561E-07  1.993828E-06  2.560182E-06  5.831378E-07
 3.121500E+02  2.407789E-01  9.988930E-05  7.316074E-09  9.714165E-09  1.083518E-08  1.306023E-08  6.945792E-01  1.710404E-03  1.534836E-05  4.411676E-02  2.850058E-05  6.460745E-08  3.375502E-09  6.952151E-03  1.652015E-06  6.059098E-06  3.055739E-07  1.128408E-02  2.111975E-07  5.338075E-08  4.550761E-08  1.785275E-04  2.427039E-04  3.360876E-07  1.882275E-06  2.417733E-06  5.555109E-07
 3.131500E+02  2.409231E-01  9.871938E-05  7.076967E-09  9.399103E-09  1.048435E-08  1.264042E-08  6.946764E-01  1.680698E-03  1.446081E-05  4.420032E-02  2.810898E-05  6.123989E-08  3.295745E-09  6.826049E-03  1.569620E-06  5.771328E-06  2.935637E-07  1.112436E-02  2.020329E-07  5.163138E-08  4.398712E-08  1.758147E-04  2.390134E-04  3.180548E-07  1.777606E-06  2.284032E-06  5.293540E-07
 3.141500E+02  2.410642E-01  9.757085E-05  6.847239E-09  9.096322E-09  1.014718E-08  1.223686E-08  6.947713E-01  1.651715E-03  1.363009E-05  4.428227E-02  2.772405E-05  5.806399E-08  3.218191E-09  6.703082E-03  1.491856E-06  5.499064E-06  2.821039E-07  1.096772E-02  1.933143E-07  4.994969E-08  4.252643E-08  1.731575E-04  2.353986E-04  3.010849E-07  1.679361E-06  2.158498E-06  5.045811E-07
 3.151500E+02  2.412022E-01  9.644323E-05  6.626469E-09  8.805275E-09  9.823050E-09  1.184883E-08  6.948637E-01  1.623432E-03  1.285223E-05  4.436263E-02  2.734568E-05  5.506803E-08  3.142775E-09  6.583154E-03  1.418437E-06  5.241381E-06  2.711661E-07  1.081410E-02  1.850180E-07  4.833276E-08  4.112291E-08  1.705545E-04  2.318578E-04  2.851103E-07  1.587111E-06  2.040586E-06  4.811119E-07
 3.161500E+02  2.413373E-01  9.533607E-05  6.414261E-09  8.525444E-09  9.511398E-09  1.147564E-08  6.949539E-01  1.595828E-03  1.212355E-05  4.444144E-02  2.697376E-05  5.224107E-08  3.069434E-09  6.466177E-03  1.349094E-06  4.997414E-06  2.607236E-07  1.066342E-02  1.771217E-07  4.677777E-08  3.977403E-08  1.680046E-04  2.283894E-04  2.700679E-07  1.500459E-06  1.929796E-06  4.588710E-07
 3.171500E+02  2.414694E-01  9.424892E-05  6.210234E-09  8.256335E-09  9.211671E-09  1.111664E-08  6.950419E-01  1.568885E-03  1.144068E-05  4.451873E-02  2.660818E-05  4.957288E-08  2.998108E-09  6.352061E-03  1.283578E-06  4.766354E-06  2.507510E-07  1.051564E-02  1.696043E-07  4.528205E-08  3.847741E-08  1.655063E-04  2.249915E-04  2.558989E-07  1.419036E-06  1.825658E-06  4.377878E-07
 3.181500E+02  2.415988E-01  9.318135E-05  6.014029E-09  7.997480E-09  8.923348E-09  1.077123E-08  6.951277E-01  1.542581E-03  1.080047E-05  4.459454E-02  2.624885E-05  4.705387E-08  2.928737E-09  6.240723E-03  1.221655E-06  4.547444E-06  2.412246E-07  1.037067E-02  1.624458E-07  4.384306E-08  3.723077E-08  1.630587E-04  2.216626E-04  2.425483E-07  1.342499E-06  1.727739E-06  4.177959E-07
 3.191500E+02  2.417253E-01  9.213293E-05  5.825303E-09  7.748430E-09  8.645933E-09  1.043881E-08  6.952114E-01  1.516900E-03  1.020001E-05  4.466891E-02  2.589566E-05  4.467507E-08  2.861264E-09  6.132081E-03  1.163109E-06  4.339976E-06  2.321219E-07  1.022847E-02  1.556275E-07  4.245836E-08  3.603193E-08  1.606604E-04  2.184010E-04  2.299651E-07  1.270529E-06  1.635634E-06  3.988333E-07
 3.201500E+02  2.418492E-01  9.110324E-05  5.643731E-09  7.508762E-09  8.378954E-09  1.011882E-08  6.952931E-01  1.491822E-03  9.636609E-06  4.474185E-02  2.554850E-05  4.242808E-08  2.795634E-09  6.026055E-03  1.107735E-06  4.143285E-06  2.234217E-07  1.008897E-02  1.491318E-07  4.112565E-08  3.487884E-08  1.583103E-04  2.152051E-04  2.181015E-07  1.202830E-06  1.548968E-06  3.808417E-07
 3.211500E+02  2.419705E-01  9.009189E-05  5.469001E-09  7.278071E-09  8.121960E-09  9.810726E-09  6.953729E-01  1.467330E-03  9.107768E-06  4.481340E-02  2.520728E-05  4.030504E-08  2.731791E-09  5.922569E-03  1.055344E-06  3.956751E-06  2.151038E-07  9.952120E-03  1.429418E-07  3.984272E-08  3.376952E-08  1.560073E-04  2.120734E-04  2.069129E-07  1.139125E-06  1.467390E-06  3.637662E-07
 3.221500E+02  2.420892E-01  8.909847E-05  5.300820E-09  7.055971E-09  7.874525E-09  9.514027E-09  6.954507E-01  1.443408E-03  8.611174E-06  4.488360E-02  2.487189E-05  3.829858E-08  2.669684E-09  5.821550E-03  1.005758E-06  3.779790E-06  2.071493E-07  9.817854E-03  1.370417E-07  3.860747E-08  3.270209E-08  1.537504E-04  2.090044E-04  1.963576E-07  1.079158E-06  1.390577E-06  3.475556E-07
 3.231500E+02  2.422055E-01  8.812260E-05  5.138905E-09  6.842096E-09  7.636241E-09  9.228237E-09  6.955267E-01  1.420039E-03  8.144677E-06  4.495247E-02  2.454224E-05  3.640181E-08  2.609261E-09  5.722926E-03  9.588113E-07  3.611858E-06  1.995403E-07  9.686120E-03  1.314168E-07  3.741790E-08  3.167477E-08  1.515383E-04  2.059966E-04  1.863969E-07  1.022691E-06  1.318223E-06  3.321614E-07
 3.241500E+02  2.423193E-01  8.716390E-05  4.982990E-09  6.636097E-09  7.406719E-09  8.952895E-09  6.956009E-01  1.397207E-03  7.706283E-06  4.502003E-02  2.421822E-05  3.460826E-08  2.550473E-09  5.626628E-03  9.143481E-07  3.452442E-06  1.922598E-07  9.556863E-03  1.260528E-07  3.627209E-08  3.068586E-08  1.493701E-04  2.030486E-04  1.769943E-07  9.695004E-07  1.250048E-06  3.175384E-07
 3.251500E+02  2.424307E-01  8.622201E-05  4.832818E-09  6.437641E-09  7.185590E-09  8.687563E-09  6.956734E-01  1.374897E-03  7.294143E-06  4.508633E-02  2.389973E-05  3.291187E-08  2.493271E-09  5.532590E-03  8.722231E-07  3.301062E-06  1.852918E-07  9.430030E-03  1.209364E-07  3.516821E-08  2.973372E-08  1.472448E-04  2.001591E-04  1.681160E-07  9.193794E-07  1.185788E-06  3.036440E-07
 3.261500E+02  2.425399E-01  8.529657E-05  4.688148E-09  6.246410E-09  6.972501E-09  8.431822E-09  6.957442E-01  1.353095E-03  6.906537E-06  4.515138E-02  2.358669E-05  3.130695E-08  2.437609E-09  5.440746E-03  8.323001E-07  3.157267E-06  1.786211E-07  9.305569E-03  1.160552E-07  3.410454E-08  2.881682E-08  1.451614E-04  1.973266E-04  1.597302E-07  8.721347E-07  1.125198E-06  2.904381E-07
 3.271500E+02  2.426468E-01  8.438722E-05  4.548748E-09  6.062102E-09  6.767116E-09  8.185274E-09  6.958133E-01  1.331787E-03  6.541866E-06  4.521522E-02  2.327899E-05  2.978819E-08  2.383441E-09  5.351036E-03  7.944516E-07  3.020635E-06  1.722334E-07  9.183428E-03  1.113972E-07  3.307940E-08  2.793367E-08  1.431189E-04  1.945498E-04  1.518072E-07  8.275864E-07  1.068048E-06  2.778830E-07
 3.281500E+02  2.427515E-01  8.349362E-05  4.414398E-09  5.884430E-09  6.569115E-09  7.947538E-09  6.958808E-01  1.310957E-03  6.198647E-06  4.527787E-02  2.297654E-05  2.835058E-08  2.330724E-09  5.263398E-03  7.585582E-07  2.890769E-06  1.661151E-07  9.063558E-03  1.069511E-07  3.209121E-08  2.708287E-08  1.411164E-04  1.918275E-04  1.443192E-07  7.855666E-07  1.014127E-06  2.659433E-07
 3.291500E+02  2.428541E-01  8.261545E-05  4.284887E-09  5.713118E-09  6.378193E-09  7.718252E-09  6.959468E-01  1.290594E-03  5.875497E-06  4.533935E-02  2.267925E-05  2.698943E-08  2.279416E-09  5.177774E-03  7.245080E-07  2.767294E-06  1.602533E-07  8.945909E-03  1.027064E-07  3.113846E-08  2.626307E-08  1.391529E-04  1.891584E-04  1.372404E-07  7.459187E-07  9.632339E-07  2.545856E-07
 3.301500E+02  2.429546E-01  8.175238E-05  4.160014E-09  5.547904E-09  6.194058E-09  7.497070E-09  6.960113E-01  1.270685E-03  5.571132E-06  4.539969E-02  2.238702E-05  2.570035E-08  2.229473E-09  5.094108E-03  6.921959E-07  2.649862E-06  1.546358E-07  8.830434E-03  9.865302E-08  3.021971E-08  2.547299E-08  1.372276E-04  1.865412E-04  1.305464E-07  7.084963E-07  9.151838E-07  2.437787E-07
 3.311500E+02  2.430530E-01  8.090408E-05  4.039588E-09  5.388538E-09  6.016432E-09  7.283662E-09  6.960743E-01  1.251216E-03  5.284356E-06  4.545892E-02  2.209976E-05  2.447921E-08  2.180858E-09  5.012345E-03  6.615236E-07  2.538141E-06  1.492510E-07  8.717086E-03  9.478139E-08  2.933357E-08  2.471140E-08  1.353396E-04  1.839749E-04  1.242144E-07  6.731632E-07  8.698030E-07  2.334929E-07
 3.321500E+02  2.431495E-01  8.007025E-05  3.923428E-09  5.234782E-09  5.845050E-09  7.077712E-09  6.961359E-01  1.232176E-03  5.014054E-06  4.551705E-02  2.181739E-05  2.332213E-08  2.133529E-09  4.932432E-03  6.323987E-07  2.431824E-06  1.440882E-07  8.605821E-03  9.108255E-08  2.847873E-08  2.397714E-08  1.334880E-04  1.814581E-04  1.182232E-07  6.397918E-07  8.269294E-07  2.237004E-07
 3.331500E+02  2.432441E-01  7.925058E-05  3.811358E-09  5.086407E-09  5.679659E-09  6.878919E-09  6.961962E-01  1.213554E-03  4.759191E-06  4.557412E-02  2.153982E-05  2.222547E-08  2.087451E-09  4.854318E-03  6.047345E-07  2.330617E-06  1.391367E-07  8.496592E-03  8.754798E-08  2.765392E-08  2.326910E-08  1.316720E-04  1.789899E-04  1.125527E-07  6.082631E-07  7.864116E-07  2.143751E-07
 3.341500E+02  2.433367E-01  7.844478E-05  3.703213E-09  4.943197E-09  5.520017E-09  6.686997E-09  6.962550E-01  1.195337E-03  4.518798E-06  4.563015E-02  2.126695E-05  2.118581E-08  2.042586E-09  4.777954E-03  5.784496E-07  2.234247E-06  1.343869E-07  8.389356E-03  8.416963E-08  2.685794E-08  2.258619E-08  1.298908E-04  1.765689E-04  1.071843E-07  5.784659E-07  7.481078E-07  2.054922E-07
 3.351500E+02  2.434275E-01  7.765256E-05  3.598835E-09  4.804944E-09  5.365893E-09  6.501671E-09  6.963126E-01  1.177515E-03  4.291975E-06  4.568515E-02  2.099871E-05  2.019994E-08  1.998898E-09  4.703292E-03  5.534677E-07  2.142456E-06  1.298294E-07  8.284072E-03  8.093985E-08  2.608965E-08  2.192742E-08  1.281436E-04  1.741943E-04  1.021004E-07  5.502961E-07  7.118858E-07  1.970285E-07
 3.361500E+02  2.435166E-01  7.687364E-05  3.498071E-09  4.671450E-09  5.217067E-09  6.322678E-09  6.963689E-01  1.160077E-03  4.077881E-06  4.573915E-02  2.073500E-05  1.926484E-08  1.956354E-09  4.630285E-03  5.297169E-07  2.055001E-06  1.254554E-07  8.180697E-03  7.785143E-08  2.534794E-08  2.129180E-08  1.264296E-04  1.718650E-04  9.728459E-08  5.236565E-07  6.776215E-07  1.889621E-07
 3.371500E+02  2.436038E-01  7.610774E-05  3.400777E-09  4.542525E-09  5.073329E-09  6.149769E-09  6.964240E-01  1.143014E-03  3.875733E-06  4.579218E-02  2.047575E-05  1.837767E-08  1.914921E-09  4.558889E-03  5.071298E-07  1.971652E-06  1.212564E-07  8.079190E-03  7.489752E-08  2.463177E-08  2.067842E-08  1.247481E-04  1.695798E-04  9.272145E-08  4.984561E-07  6.451993E-07  1.812723E-07
 3.381500E+02  2.436894E-01  7.535459E-05  3.306815E-09  4.417988E-09  4.934476E-09  5.982703E-09  6.964778E-01  1.126314E-03  3.684798E-06  4.584424E-02  2.022088E-05  1.753577E-08  1.874564E-09  4.489059E-03  4.856430E-07  1.892196E-06  1.172245E-07  7.979513E-03  7.207163E-08  2.394012E-08  2.008637E-08  1.230984E-04  1.673378E-04  8.839651E-08  4.746097E-07  6.145105E-07  1.739395E-07
 3.391500E+02  2.437732E-01  7.461394E-05  3.216053E-09  4.297667E-09  4.800317E-09  5.821253E-09  6.965305E-01  1.109969E-03  3.504395E-06  4.589537E-02  1.997030E-05  1.673662E-08  1.835255E-09  4.420754E-03  4.651968E-07  1.816428E-06  1.133522E-07  7.881625E-03  6.936761E-08  2.327204E-08  1.951482E-08  1.214797E-04  1.651381E-04  8.429621E-08  4.520377E-07  5.854536E-07  1.669454E-07
 3.401500E+02  2.438555E-01  7.388552E-05  3.128365E-09  4.181396E-09  4.670669E-09  5.665199E-09  6.965821E-01  1.093970E-03  3.333884E-06  4.594558E-02  1.972393E-05  1.597786E-08  1.796961E-09  4.353933E-03  4.457351E-07  1.744156E-06  1.096321E-07  7.785489E-03  6.677964E-08  2.262661E-08  1.896295E-08  1.198913E-04  1.629797E-04  8.040780E-08  4.306655E-07  5.579335E-07  1.602726E-07
 3.411500E+02  2.439361E-01  7.316909E-05  3.043630E-09  4.069017E-09  4.545355E-09  5.514332E-09  6.966325E-01  1.078306E-03  3.172669E-06  4.599490E-02  1.948170E-05  1.525729E-08  1.759654E-09  4.288556E-03  4.272052E-07  1.675201E-06  1.060576E-07  7.691069E-03  6.430220E-08  2.200295E-08  1.842998E-08  1.183327E-04  1.608617E-04  7.671932E-08  4.104231E-07  5.318610E-07  1.539048E-07
 3.421500E+02  2.440152E-01  7.246440E-05  2.961734E-09  3.960380E-09  4.424207E-09  5.368452E-09  6.966819E-01  1.062970E-03  3.020194E-06  4.604333E-02  1.924353E-05  1.457279E-08  1.723305E-09  4.224585E-03  4.095573E-07  1.609392E-06  1.026220E-07  7.598327E-03  6.193004E-08  2.140022E-08  1.791518E-08  1.168030E-04  1.587831E-04  7.321955E-08  3.912451E-07  5.071526E-07  1.478263E-07
 3.431500E+02  2.440928E-01  7.177121E-05  2.882565E-09  3.855339E-09  4.307065E-09  5.227368E-09  6.967302E-01  1.047952E-03  2.875938E-06  4.609091E-02  1.900935E-05  1.392242E-08  1.687886E-09  4.161983E-03  3.927446E-07  1.546568E-06  9.931937E-08  7.507228E-03  5.965821E-08  2.081760E-08  1.741784E-08  1.153016E-04  1.567431E-04  6.989791E-08  3.730701E-07  4.837300E-07  1.420226E-07
 3.441500E+02  2.441689E-01  7.108929E-05  2.806019E-09  3.753757E-09  4.193774E-09  5.090896E-09  6.967775E-01  1.033245E-03  2.739413E-06  4.613764E-02  1.877908E-05  1.330432E-08  1.653371E-09  4.100713E-03  3.767231E-07  1.486577E-06  9.614369E-08  7.417738E-03  5.748198E-08  2.025434E-08  1.693728E-08  1.138280E-04  1.547408E-04  6.674450E-08  3.558404E-07  4.615196E-07  1.364799E-07
 3.451500E+02  2.442435E-01  7.041841E-05  2.731995E-09  3.655501E-09  4.084188E-09  4.958862E-09  6.968238E-01  1.018841E-03  2.610163E-06  4.618355E-02  1.855264E-05  1.271674E-08  1.619733E-09  4.040742E-03  3.614512E-07  1.429277E-06  9.308942E-08  7.329823E-03  5.539689E-08  1.970969E-08  1.647285E-08  1.123815E-04  1.527754E-04  6.375000E-08  3.395022E-07  4.404527E-07  1.311851E-07
 3.461500E+02  2.443168E-01  6.975835E-05  2.660396E-09  3.560445E-09  3.978167E-09  4.831097E-09  6.968691E-01  1.004732E-03  2.487762E-06  4.622865E-02  1.832997E-05  1.215804E-08  1.586948E-09  3.982034E-03  3.468899E-07  1.374532E-06  9.015127E-08  7.243450E-03  5.339869E-08  1.918295E-08  1.602393E-08  1.109615E-04  1.508461E-04  6.090564E-08  3.240049E-07  4.204645E-07  1.261259E-07
 3.471500E+02  2.443886E-01  6.910889E-05  2.591130E-09  3.468467E-09  3.875574E-09  4.707441E-09  6.969135E-01  9.909097E-04  2.371811E-06  4.627296E-02  1.811100E-05  1.162667E-08  1.554990E-09  3.924558E-03  3.330022E-07  1.322213E-06  8.732419E-08  7.158586E-03  5.148336E-08  1.867344E-08  1.558992E-08  1.095675E-04  1.489520E-04  5.820318E-08  3.093007E-07  4.014943E-07  1.212905E-07
 3.481500E+02  2.444591E-01  6.846983E-05  2.524108E-09  3.379452E-09  3.776282E-09  4.587740E-09  6.969570E-01  9.773678E-04  2.261934E-06  4.631650E-02  1.789566E-05  1.112118E-08  1.523837E-09  3.868282E-03  3.197533E-07  1.272202E-06  8.460338E-08  7.075201E-03  4.964706E-08  1.818050E-08  1.517026E-08  1.081988E-04  1.470924E-04  5.563487E-08  2.953453E-07  3.834852E-07  1.166680E-07
 3.491500E+02  2.445283E-01  6.784095E-05  2.459246E-09  3.293288E-09  3.680166E-09  4.471846E-09  6.969996E-01  9.640989E-04  2.157782E-06  4.635928E-02  1.768387E-05  1.064018E-08  1.493464E-09  3.813173E-03  3.071104E-07  1.224383E-06  8.198427E-08  6.993263E-03  4.788618E-08  1.770353E-08  1.476440E-08  1.068549E-04  1.452666E-04  5.319340E-08  2.820965E-07  3.663835E-07  1.122479E-07
 3.501500E+02  2.445962E-01  6.722204E-05  2.396464E-09  3.209869E-09  3.587108E-09  4.359619E-09  6.970413E-01  9.510962E-04  2.059026E-06  4.640132E-02  1.747558E-05  1.018239E-08  1.463851E-09  3.759204E-03  2.950425E-07  1.178648E-06  7.946252E-08  6.912741E-03  4.619725E-08  1.724192E-08  1.437181E-08  1.055353E-04  1.434737E-04  5.087191E-08  2.695152E-07  3.501390E-07  1.080203E-07
 3.511500E+02  2.446628E-01  6.661293E-05  2.335682E-09  3.129094E-09  3.496995E-09  4.250922E-09  6.970821E-01  9.383530E-04  1.965357E-06  4.644263E-02  1.727072E-05  9.746586E-09  1.434976E-09  3.706344E-03  2.835204E-07  1.134895E-06  7.703398E-08  6.833608E-03  4.457700E-08  1.679511E-08  1.399201E-08  1.042394E-04  1.417132E-04  4.866395E-08  2.575643E-07  3.347044E-07  1.039759E-07
 3.521500E+02  2.447282E-01  6.601340E-05  2.276828E-09  3.050864E-09  3.409718E-09  4.145627E-09  6.971221E-01  9.258628E-04  1.876487E-06  4.648324E-02  1.706922E-05  9.331605E-09  1.406816E-09  3.654565E-03  2.725165E-07  1.093029E-06  7.469470E-08  6.755834E-03  4.302231E-08  1.636254E-08  1.362450E-08  1.029667E-04  1.399842E-04  4.656340E-08  2.462091E-07  3.200353E-07  1.001058E-07
 3.531500E+02  2.447924E-01  6.542327E-05  2.219829E-09  2.975086E-09  3.325173E-09  4.043610E-09  6.971614E-01  9.136193E-04  1.792144E-06  4.652314E-02  1.687103E-05  8.936365E-09  1.379353E-09  3.603841E-03  2.620047E-07  1.052956E-06  7.244093E-08  6.679391E-03  4.153023E-08  1.594370E-08  1.326884E-08  1.017167E-04  1.382861E-04  4.456455E-08  2.354169E-07  3.060897E-07  9.640164E-08
 3.541500E+02  2.448554E-01  6.484236E-05  2.164618E-09  2.901671E-09  3.243260E-09  3.944750E-09  6.971998E-01  9.016166E-04  1.712075E-06  4.656237E-02  1.667607E-05  8.559837E-09  1.352567E-09  3.554144E-03  2.519605E-07  1.014592E-06  7.026908E-08  6.604251E-03  4.009794E-08  1.553807E-08  1.292458E-08  1.004890E-04  1.366182E-04  4.266198E-08  2.251569E-07  2.928285E-07  9.285541E-08
 3.551500E+02  2.449173E-01  6.427049E-05  2.111130E-09  2.830531E-09  3.163884E-09  3.848934E-09  6.972374E-01  8.898486E-04  1.636039E-06  4.660092E-02  1.648429E-05  8.201052E-09  1.326438E-09  3.505449E-03  2.423604E-07  9.778535E-07  6.817573E-08  6.530388E-03  3.872276E-08  1.514519E-08  1.259129E-08  9.928299E-05  1.349799E-04  4.085061E-08  2.154003E-07  2.802146E-07  8.945963E-08
 3.561500E+02  2.449780E-01  6.370748E-05  2.059300E-09  2.761586E-09  3.086952E-09  3.756051E-09  6.972744E-01  8.783097E-04  1.563813E-06  4.663883E-02  1.629564E-05  7.859097E-09  1.300948E-09  3.457730E-03  2.331825E-07  9.426636E-07  6.615764E-08  6.457776E-03  3.740215E-08  1.476458E-08  1.226858E-08  9.809827E-05  1.333705E-04  3.912562E-08  2.061198E-07  2.682132E-07  8.620716E-08
 3.571500E+02  2.450377E-01  6.315316E-05  2.009070E-09  2.694755E-09  3.012376E-09  3.665998E-09  6.973105E-01  8.669943E-04  1.495186E-06  4.667609E-02  1.611004E-05  7.533105E-09  1.276080E-09  3.410965E-03  2.244061E-07  9.089486E-07  6.421169E-08  6.386388E-03  3.613368E-08  1.439580E-08  1.195606E-08  9.693438E-05  1.317894E-04  3.748250E-08  1.972898E-07  2.567914E-07  8.309122E-08
 3.581500E+02  2.450963E-01  6.260735E-05  1.960382E-09  2.629962E-09  2.940073E-09  3.578673E-09  6.973460E-01  8.558969E-04  1.429960E-06  4.671272E-02  1.592745E-05  7.222262E-09  1.251815E-09  3.365128E-03  2.160114E-07  8.766390E-07  6.233493E-08  6.316201E-03  3.491507E-08  1.403843E-08  1.165336E-08  9.579087E-05  1.302360E-04  3.591697E-08  1.888863E-07  2.459185E-07  8.010541E-08
 3.591500E+02  2.451538E-01  6.206991E-05  1.913179E-09  2.567136E-09  2.869960E-09  3.493979E-09  6.973808E-01  8.450123E-04  1.367949E-06  4.674874E-02  1.574780E-05  6.925794E-09  1.228137E-09  3.320197E-03  2.079798E-07  8.456687E-07  6.052452E-08  6.247189E-03  3.374410E-08  1.369206E-08  1.136012E-08  9.466730E-05  1.287098E-04  3.442500E-08  1.808865E-07  2.355652E-07  7.724365E-08
 3.601500E+02  2.452103E-01  6.154066E-05  1.867410E-09  2.506206E-09  2.801962E-09  3.411824E-09  6.974149E-01  8.343353E-04  1.308977E-06  4.678416E-02  1.557105E-05  6.642975E-09  1.205030E-09  3.276150E-03  2.002937E-07  8.159751E-07  5.877778E-08  6.179329E-03  3.261870E-08  1.335629E-08  1.107599E-08  9.356325E-05  1.272100E-04  3.300278E-08  1.732689E-07  2.257042E-07  7.450016E-08
 3.611500E+02  2.452658E-01  6.101945E-05  1.823023E-09  2.447105E-09  2.736001E-09  3.332117E-09  6.974483E-01  8.238612E-04  1.252879E-06  4.681899E-02  1.539714E-05  6.373114E-09  1.182477E-09  3.232966E-03  1.929365E-07  7.874989E-07  5.709212E-08  6.112597E-03  3.153688E-08  1.303075E-08  1.080065E-08  9.247831E-05  1.257363E-04  3.164673E-08  1.660135E-07  2.163096E-07  7.186946E-08
 3.621500E+02  2.453203E-01  6.050612E-05  1.779970E-09  2.389769E-09  2.672008E-09  3.254774E-09  6.974811E-01  8.135849E-04  1.199502E-06  4.685324E-02  1.522602E-05  6.115560E-09  1.160464E-09  3.190623E-03  1.858923E-07  7.601838E-07  5.546509E-08  6.046970E-03  3.049675E-08  1.271508E-08  1.053379E-08  9.141207E-05  1.242880E-04  3.035346E-08  1.591013E-07  2.073571E-07  6.934636E-08
 3.631500E+02  2.453738E-01  6.000053E-05  1.738203E-09  2.334136E-09  2.609913E-09  3.179712E-09  6.975133E-01  8.035018E-04  1.148698E-06  4.688692E-02  1.505763E-05  5.869697E-09  1.138976E-09  3.149101E-03  1.791462E-07  7.339764E-07  5.389434E-08  5.982427E-03  2.949651E-08  1.240892E-08  1.027510E-08  9.036415E-05  1.228645E-04  2.911977E-08  1.525143E-07  1.988237E-07  6.692592E-08
 3.641500E+02  2.454265E-01  5.950253E-05  1.697677E-09  2.280146E-09  2.549650E-09  3.106852E-09  6.975448E-01  7.936074E-04  1.100330E-06  4.692005E-02  1.489192E-05  5.634943E-09  1.117998E-09  3.108380E-03  1.726840E-07  7.088259E-07  5.237763E-08  5.918946E-03  2.853443E-08  1.211196E-08  1.002430E-08  8.933415E-05  1.214654E-04  2.794263E-08  1.462355E-07  1.906876E-07  6.460346E-08
 3.651500E+02  2.454781E-01  5.901198E-05  1.658349E-09  2.227743E-09  2.491155E-09  3.036119E-09  6.975758E-01  7.838973E-04  1.054270E-06  4.695263E-02  1.472885E-05  5.410745E-09  1.097516E-09  3.068441E-03  1.664922E-07  6.846841E-07  5.091281E-08  5.856504E-03  2.760890E-08  1.182386E-08  9.781096E-09  8.832170E-05  1.200902E-04  2.681919E-08  1.402492E-07  1.829285E-07  6.237452E-08
 3.661500E+02  2.455289E-01  5.852873E-05  1.620178E-09  2.176872E-09  2.434368E-09  2.967438E-09  6.976062E-01  7.743670E-04  1.010395E-06  4.698469E-02  1.456836E-05  5.196583E-09  1.077516E-09  3.029265E-03  1.605583E-07  6.615055E-07  4.949785E-08  5.795082E-03  2.671834E-08  1.154432E-08  9.545230E-09  8.732644E-05  1.187384E-04  2.574673E-08  1.345401E-07  1.755270E-07  6.023489E-08
 3.671500E+02  2.455789E-01  5.805264E-05  1.583123E-09  2.127480E-09  2.379231E-09  2.900741E-09  6.976360E-01  7.650126E-04  9.685908E-07  4.701622E-02  1.441041E-05  4.991963E-09  1.057986E-09  2.990835E-03  1.548700E-07  6.392465E-07  4.813078E-08  5.734659E-03  2.586128E-08  1.127305E-08  9.316444E-09  8.634802E-05  1.174094E-04  2.472272E-08  1.290942E-07  1.684648E-07  5.818053E-08
 3.681500E+02  2.456279E-01  5.758360E-05  1.547146E-09  2.079516E-09  2.325685E-09  2.835959E-09  6.976652E-01  7.558298E-04  9.287484E-07  4.704723E-02  1.425495E-05  4.796416E-09  1.038913E-09  2.953132E-03  1.494161E-07  6.178659E-07  4.680973E-08  5.675216E-03  2.503629E-08  1.100975E-08  9.094490E-09  8.538607E-05  1.161028E-04  2.374474E-08  1.238980E-07  1.617248E-07  5.620763E-08
 3.691500E+02  2.456761E-01  5.712145E-05  1.512211E-09  2.032932E-09  2.273679E-09  2.773029E-09  6.976939E-01  7.468147E-04  8.907660E-07  4.707775E-02  1.410193E-05  4.609501E-09  1.020283E-09  2.916140E-03  1.441855E-07  5.973245E-07  4.553291E-08  5.616732E-03  2.424204E-08  1.075416E-08  8.879131E-09  8.444026E-05  1.148181E-04  2.281050E-08  1.189388E-07  1.552907E-07  5.431257E-08
 3.701500E+02  2.457235E-01  5.666608E-05  1.478281E-09  1.987682E-09  2.223159E-09  2.711886E-09  6.977220E-01  7.379635E-04  8.545474E-07  4.710777E-02  1.395132E-05  4.430797E-09  1.002086E-09  2.879841E-03  1.391680E-07  5.775850E-07  4.429863E-08  5.559188E-03  2.347722E-08  1.050601E-08  8.670140E-09  8.351026E-05  1.135549E-04  2.191784E-08  1.142046E-07  1.491471E-07  5.249188E-08
 3.711500E+02  2.457701E-01  5.621736E-05  1.445324E-09  1.943720E-09  2.174075E-09  2.652473E-09  6.977497E-01  7.292724E-04  8.200017E-07  4.713732E-02  1.380305E-05  4.259909E-09  9.843101E-10  2.844219E-03  1.343538E-07  5.586120E-07  4.310523E-08  5.502568E-03  2.274062E-08  1.026505E-08  8.467297E-09  8.259575E-05  1.123128E-04  2.106472E-08  1.096842E-07  1.432795E-07  5.074229E-08
 3.721500E+02  2.458159E-01  5.577516E-05  1.413305E-09  1.901003E-09  2.126380E-09  2.594730E-09  6.977768E-01  7.207378E-04  7.870432E-07  4.716639E-02  1.365710E-05  4.096458E-09  9.669430E-10  2.809260E-03  1.297337E-07  5.403717E-07  4.195115E-08  5.446851E-03  2.203105E-08  1.003103E-08  8.270392E-09  8.169640E-05  1.110912E-04  2.024920E-08  1.053669E-07  1.376741E-07  4.906067E-08
 3.731500E+02  2.458609E-01  5.533937E-05  1.382193E-09  1.859489E-09  2.080027E-09  2.538603E-09  6.978034E-01  7.123562E-04  7.555909E-07  4.719499E-02  1.351341E-05  3.940089E-09  9.499743E-10  2.774947E-03  1.252988E-07  5.228322E-07  4.083489E-08  5.392021E-03  2.134741E-08  9.803732E-09  8.079221E-09  8.081191E-05  1.098899E-04  1.946945E-08  1.012425E-07  1.323179E-07  4.744405E-08
