#         T/K            c1          c2-1          c3-4          c3-5          c3-7          c3-9            m1          m2-1          m3-1            w1            w2          w3-1          w3-2          c1m1        c1m2-1        c1m2-7        c2m1-1        c1w1-2        c1w2-1        c2w1-1        c2w1-9        m1w1-1        m1w1-4        m1w2-1        m2w1-1        m2w1-3      c1m1w1-1
 2.731500E+02  2.184901E-01  1.704498E-04  3.520612E-08  4.620889E-08  5.141106E-08  6.130129E-08  4.896642E-02  2.175802E-05  1.043517E-07  4.595727E-01  7.819919E-03  1.353365E-03  1.898915E-05  1.207768E-03  1.020117E-07  3.347326E-07  1.519466E-07  2.612964E-01  2.443678E-04  3.128084E-06  2.746789E-06  3.280277E-04  4.465341E-04  4.752875E-05  1.833595E-06  2.322273E-06  4.791217E-06
 2.741500E+02  2.201785E-01  1.696873E-04  3.421720E-08  4.492611E-08  4.998760E-08  5.962278E-08  4.898804E-02  2.121984E-05  9.612509E-08  4.614871E-01  7.687024E-03  1.262740E-03  1.840611E-05  1.184312E-03  9.560601E-08  3.147297E-07  1.454002E-07  2.579533E-01  2.318004E-04  3.024504E-06  2.653543E-06  3.213403E-04  4.374030E-04  4.418035E-05  1.697044E-06  2.150185E-06  4.514944E-06
 2.751500E+02  2.218464E-01  1.689093E-04  3.325646E-08  4.367936E-08  4.860399E-08  5.799063E-08  4.900904E-02  2.069917E-05  8.860383E-08  4.633713E-01  7.556790E-03  1.178656E-03  1.784346E-05  1.161407E-03  8.964199E-08  2.960456E-07  1.391650E-07  2.546505E-01  2.199359E-04  2.924613E-06  2.563707E-06  3.148281E-04  4.285124E-04  4.108746E-05  1.571539E-06  1.991956E-06  4.256096E-06
 2.761500E+02  2.234935E-01  1.681164E-04  3.232318E-08  4.246775E-08  4.725924E-08  5.640371E-08  4.902946E-02  2.019535E-05  8.172297E-08  4.652259E-01  7.429168E-03  1.100613E-03  1.730045E-05  1.139039E-03  8.408666E-08  2.785858E-07  1.332251E-07  2.513881E-01  2.087323E-04  2.828278E-06  2.477152E-06  3.084862E-04  4.198554E-04  3.822923E-05  1.456121E-06  1.846389E-06  4.013489E-06
 2.771500E+02  2.251200E-01  1.673095E-04  3.141665E-08  4.129037E-08  4.595238E-08  5.486090E-08  4.904932E-02  1.970771E-05  7.542387E-08  4.670513E-01  7.304112E-03  1.028148E-03  1.677636E-05  1.117195E-03  7.890972E-08  2.622634E-07  1.275654E-07  2.481661E-01  1.981504E-04  2.735370E-06  2.393756E-06  3.023094E-04  4.114250E-04  3.558663E-05  1.349921E-06  1.712396E-06  3.786029E-06
 2.781500E+02  2.267258E-01  1.664893E-04  3.053617E-08  4.014637E-08  4.468244E-08  5.336111E-08  4.906862E-02  1.923565E-05  6.965363E-08  4.688480E-01  7.181575E-03  9.608358E-04  1.627048E-05  1.095861E-03  7.408329E-08  2.469979E-07  1.221717E-07  2.449845E-01  1.881535E-04  2.645765E-06  2.313401E-06  2.962928E-04  4.032144E-04  3.314223E-05  1.252147E-06  1.588987E-06  3.572696E-06
 2.791500E+02  2.283109E-01  1.656567E-04  2.968107E-08  3.903489E-08  4.344849E-08  5.190329E-08  4.908740E-02  1.877857E-05  6.436449E-08  4.706166E-01  7.061509E-03  8.982870E-04  1.578215E-05  1.075025E-03  6.958168E-08  2.327149E-07  1.170305E-07  2.418434E-01  1.787070E-04  2.559342E-06  2.235972E-06  2.904318E-04  3.952172E-04  3.088011E-05  1.162081E-06  1.475264E-06  3.372545E-06
 2.801500E+02  2.298754E-01  1.648123E-04  2.885067E-08  3.795509E-08  4.224961E-08  5.048636E-08  4.910568E-02  1.833592E-05  5.951326E-08  4.723575E-01  6.943867E-03  8.401418E-04  1.531070E-05  1.054674E-03  6.538122E-08  2.193459E-07  1.121290E-07  2.387427E-01  1.697786E-04  2.475986E-06  2.161361E-06  2.847218E-04  3.874269E-04  2.878572E-05  1.079071E-06  1.370411E-06  3.184699E-06
 2.811500E+02  2.314194E-01  1.639570E-04  2.804433E-08  3.690615E-08  4.108489E-08  4.910931E-08  4.912346E-02  1.790713E-05  5.506090E-08  4.740711E-01  6.828601E-03  7.860693E-04  1.485552E-05  1.034795E-03  6.146009E-08  2.068271E-07  1.074553E-07  2.356823E-01  1.613378E-04  2.395585E-06  2.089461E-06  2.791583E-04  3.798375E-04  2.684570E-05  1.002521E-06  1.273682E-06  3.008342E-06
 2.821500E+02  2.329429E-01  1.630914E-04  2.726140E-08  3.588727E-08  3.995345E-08  4.777111E-08  4.914077E-02  1.749170E-05  5.097208E-08  4.757579E-01  6.715665E-03  7.357649E-04  1.441600E-05  1.015377E-03  5.779817E-08  1.950999E-07  1.029979E-07  2.326622E-01  1.533561E-04  2.318032E-06  2.020171E-06  2.737369E-04  3.724429E-04  2.504786E-05  9.318917E-07  1.184400E-06  2.842716E-06
 2.831500E+02  2.344459E-01  1.622164E-04  2.650125E-08  3.489765E-08  3.885441E-08  4.647077E-08  4.915762E-02  1.708914E-05  4.721482E-08  4.774184E-01  6.605012E-03  6.889482E-04  1.399155E-05  9.964085E-04  5.437686E-08  1.841098E-07  9.874607E-08  2.296821E-01  1.458068E-04  2.243223E-06  1.953393E-06  2.684536E-04  3.652374E-04  2.338102E-05  8.666895E-07  1.101948E-06  2.687116E-06
 2.841500E+02  2.359287E-01  1.613325E-04  2.576327E-08  3.393653E-08  3.778692E-08  4.520732E-08  4.917403E-02  1.669896E-05  4.376012E-08  4.790529E-01  6.496595E-03  6.453605E-04  1.358162E-05  9.778776E-04  5.117904E-08  1.738064E-07  9.468948E-08  2.267419E-01  1.386648E-04  2.171057E-06  1.889033E-06  2.633043E-04  3.582155E-04  2.183492E-05  8.064655E-07  1.025764E-06  2.540886E-06
 2.851500E+02  2.373912E-01  1.604405E-04  2.504685E-08  3.300314E-08  3.675015E-08  4.397978E-08  4.919001E-02  1.632070E-05  4.058172E-08  4.806619E-01  6.390369E-03  6.047636E-04  1.318566E-05  9.597735E-04  4.818887E-08  1.641430E-07  9.081851E-08  2.238415E-01  1.319065E-04  2.101438E-06  1.826999E-06  2.582849E-04  3.513716E-04  2.040016E-05  7.508104E-07  9.553335E-07  2.403418E-06
 2.861500E+02  2.388337E-01  1.595411E-04  2.435141E-08  3.209674E-08  3.574327E-08  4.278723E-08  4.920558E-02  1.595394E-05  3.765577E-08  4.822456E-01  6.286289E-03  5.669380E-04  1.280316E-05  9.420855E-04  4.539170E-08  1.550763E-07  8.712396E-08  2.209807E-01  1.255098E-04  2.034272E-06  1.767204E-06  2.533918E-04  3.447006E-04  1.906814E-05  6.993506E-07  8.901883E-07  2.274143E-06
 2.871500E+02  2.402561E-01  1.586349E-04  2.367637E-08  3.121660E-08  3.476549E-08  4.162873E-08  4.922075E-02  1.559826E-05  3.496062E-08  4.838046E-01  6.184310E-03  5.316810E-04  1.243362E-05  9.248032E-04  4.277402E-08  1.465661E-07  8.359715E-08  2.181592E-01  1.194538E-04  1.969471E-06  1.709564E-06  2.486212E-04  3.381973E-04  1.783093E-05  6.517453E-07  8.299007E-07  2.152534E-06
 2.881500E+02  2.416588E-01  1.577225E-04  2.302116E-08  3.036200E-08  3.381600E-08  4.050337E-08  4.923554E-02  1.525324E-05  3.247663E-08  4.853392E-01  6.084388E-03  4.988058E-04  1.207655E-05  9.079165E-04  4.032332E-08  1.385753E-07  8.022984E-08  2.153767E-01  1.137192E-04  1.906947E-06  1.653998E-06  2.439696E-04  3.318568E-04  1.668129E-05  6.076830E-07  7.740801E-07  2.038098E-06
 2.891500E+02  2.430417E-01  1.568046E-04  2.238522E-08  2.953224E-08  3.289403E-08  3.941027E-08  4.924994E-02  1.491851E-05  3.018591E-08  4.868497E-01  5.986479E-03  4.681399E-04  1.173150E-05  8.914153E-04  3.802802E-08  1.310693E-07  7.701422E-08  2.126330E-01  1.082874E-04  1.846617E-06  1.600427E-06  2.394335E-04  3.256744E-04  1.561253E-05  5.668794E-07  7.223690E-07  1.930378E-06
 2.901500E+02  2.444051E-01  1.558818E-04  2.176802E-08  2.872664E-08  3.199884E-08  3.834856E-08  4.926399E-02  1.459371E-05  2.807223E-08  4.883366E-01  5.890541E-03  4.395242E-04  1.139801E-05  8.752901E-04  3.587740E-08  1.240159E-07  7.394289E-08  2.099279E-01  1.031414E-04  1.788400E-06  1.548778E-06  2.350094E-04  3.196455E-04  1.461853E-05  5.290742E-07  6.744409E-07  1.828947E-06
 2.911500E+02  2.457490E-01  1.549547E-04  2.116903E-08  2.794453E-08  3.112968E-08  3.731738E-08  4.927768E-02  1.427846E-05  2.612078E-08  4.898002E-01  5.796532E-03  4.128114E-04  1.107566E-05  8.595315E-04  3.386156E-08  1.173854E-07  7.100883E-08  2.072611E-01  9.826486E-05  1.732220E-06  1.498977E-06  2.306943E-04  3.137655E-04  1.369366E-05  4.940297E-07  6.299969E-07  1.733406E-06
 2.921500E+02  2.470738E-01  1.540237E-04  2.058773E-08  2.718525E-08  3.028582E-08  3.631589E-08  4.929104E-02  1.397245E-05  2.431812E-08  4.912407E-01  5.704411E-03  3.878659E-04  1.076405E-05  8.441302E-04  3.197131E-08  1.111502E-07  6.820539E-08  2.046321E-01  9.364263E-05  1.678002E-06  1.450955E-06  2.264849E-04  3.080302E-04  1.283274E-05  4.615280E-07  5.887631E-07  1.643385E-06
 2.931500E+02  2.483795E-01  1.530895E-04  2.002361E-08  2.644815E-08  2.946656E-08  3.534327E-08  4.930406E-02  1.367533E-05  2.265195E-08  4.926587E-01  5.614137E-03  3.645621E-04  1.046277E-05  8.290773E-04  3.019811E-08  1.052844E-07  6.552626E-08  2.020408E-01  8.926039E-05  1.625673E-06  1.404646E-06  2.223783E-04  3.024353E-04  1.203100E-05  4.313698E-07  5.504891E-07  1.558539E-06
 2.941500E+02  2.496663E-01  1.521526E-04  1.947618E-08  2.573262E-08  2.867120E-08  3.439873E-08  4.931676E-02  1.338681E-05  2.111110E-08  4.940543E-01  5.525671E-03  3.427838E-04  1.017145E-05  8.143642E-04  2.853409E-08  9.976424E-08  6.296545E-08  1.994867E-01  8.510469E-05  1.575164E-06  1.359984E-06  2.183713E-04  2.969768E-04  1.128406E-05  4.033724E-07  5.149449E-07  1.478543E-06
 2.951500E+02  2.509344E-01  1.512135E-04  1.894495E-08  2.503803E-08  2.789907E-08  3.348149E-08  4.932916E-02  1.310657E-05  1.968537E-08  4.954280E-01  5.438972E-03  3.224239E-04  9.889713E-06  7.999824E-04  2.697192E-08  9.456735E-08  6.051728E-08  1.969696E-01  8.116288E-05  1.526409E-06  1.316908E-06  2.144613E-04  2.916507E-04  1.058786E-05  3.773685E-07  4.819201E-07  1.403098E-06
 2.961500E+02  2.521840E-01  1.502727E-04  1.842947E-08  2.436379E-08  2.714950E-08  3.259076E-08  4.934125E-02  1.283433E-05  1.836543E-08  4.967800E-01  5.354004E-03  3.033828E-04  9.617220E-06  7.859235E-04  2.550481E-08  8.967305E-08  5.817636E-08  1.944891E-01  7.742306E-05  1.479344E-06  1.275358E-06  2.106454E-04  2.864534E-04  9.938703E-06  3.532044E-07  4.512212E-07  1.331921E-06
 2.971500E+02  2.534152E-01  1.493306E-04  1.792925E-08  2.370931E-08  2.642184E-08  3.172581E-08  4.935305E-02  1.256982E-05  1.714279E-08  4.981108E-01  5.270728E-03  2.855689E-04  9.353630E-06  7.721797E-04  2.412644E-08  8.506206E-08  5.593757E-08  1.920448E-01  7.387403E-05  1.433905E-06  1.235277E-06  2.069209E-04  2.813810E-04  9.333144E-06  3.307394E-07  4.226711E-07  1.264751E-06
 2.981500E+02  2.546283E-01  1.483877E-04  1.744387E-08  2.307402E-08  2.571548E-08  3.088591E-08  4.936456E-02  1.231276E-05  1.600967E-08  4.994205E-01  5.189108E-03  2.688968E-04  9.098618E-06  7.587429E-04  2.283097E-08  8.071643E-08  5.379606E-08  1.896363E-01  7.050527E-05  1.390035E-06  1.196609E-06  2.032852E-04  2.764300E-04  8.768023E-06  3.098440E-07  3.961067E-07  1.201343E-06
 2.991500E+02  2.558235E-01  1.474445E-04  1.697289E-08  2.245737E-08  2.502978E-08  3.007033E-08  4.937580E-02  1.206291E-05  1.495896E-08  5.007096E-01  5.109108E-03  2.532880E-04  8.851875E-06  7.456056E-04  2.161295E-08  7.661944E-08  5.174723E-08  1.872633E-01  6.730686E-05  1.347676E-06  1.159303E-06  1.997360E-04  2.715970E-04  8.240422E-06  2.903995E-07  3.713784E-07  1.141466E-06
 3.001500E+02  2.570009E-01  1.465013E-04  1.651586E-08  2.185882E-08  2.436416E-08  2.927839E-08  4.938677E-02  1.182002E-05  1.398417E-08  5.019784E-01  5.030693E-03  2.386692E-04  8.613099E-06  7.327603E-04  2.046733E-08  7.275549E-08  4.978669E-08  1.849254E-01  6.426946E-05  1.306771E-06  1.123306E-06  1.962706E-04  2.668787E-04  7.747649E-06  2.722968E-07  3.483488E-07  1.084907E-06
 3.011500E+02  2.581607E-01  1.455585E-04  1.607240E-08  2.127782E-08  2.371802E-08  2.850940E-08  4.939749E-02  1.158385E-05  1.307934E-08  5.032271E-01  4.953827E-03  2.249730E-04  8.382004E-06  7.201997E-04  1.938940E-08  6.911005E-08  4.791029E-08  1.826221E-01  6.138429E-05  1.267268E-06  1.088570E-06  1.928867E-04  2.622717E-04  7.287217E-06  2.554355E-07  3.268912E-07  1.031466E-06
 3.021500E+02  2.593033E-01  1.446166E-04  1.564208E-08  2.071388E-08  2.309080E-08  2.776269E-08  4.940795E-02  1.135418E-05  1.223902E-08  5.044560E-01  4.878477E-03  2.121364E-04  8.158314E-06  7.079168E-04  1.837481E-08  6.566958E-08  4.611408E-08  1.803532E-01  5.864306E-05  1.229116E-06  1.055047E-06  1.895822E-04  2.577730E-04  6.856831E-06  2.397234E-07  3.068893E-07  9.809556E-07
 3.031500E+02  2.604287E-01  1.436759E-04  1.522451E-08  2.016647E-08  2.248193E-08  2.703763E-08  4.941817E-02  1.113079E-05  1.145822E-08  5.056655E-01  4.804610E-03  2.001014E-04  7.941761E-06  6.959048E-04  1.741947E-08  6.242142E-08  4.439431E-08  1.781181E-01  5.603800E-05  1.192266E-06  1.022693E-06  1.863546E-04  2.533795E-04  6.454369E-06  2.250754E-07  2.882359E-07  9.332004E-07
 3.041500E+02  2.615372E-01  1.427367E-04  1.481932E-08  1.963513E-08  2.189088E-08  2.633359E-08  4.942814E-02  1.091348E-05  1.073236E-08  5.068559E-01  4.732194E-03  1.888140E-04  7.732091E-06  6.841568E-04  1.651960E-08  5.935377E-08  4.274743E-08  1.759166E-01  5.356174E-05  1.156669E-06  9.914631E-07  1.832020E-04  2.490882E-04  6.077870E-06  2.114135E-07  2.708323E-07  8.880366E-07
 3.051500E+02  2.626290E-01  1.417994E-04  1.442613E-08  1.911935E-08  2.131712E-08  2.564993E-08  4.943789E-02  1.070203E-05  1.005724E-08  5.080274E-01  4.661196E-03  1.782240E-04  7.529059E-06  6.726664E-04  1.567168E-08  5.645562E-08  4.117005E-08  1.737481E-01  5.120737E-05  1.122280E-06  9.613157E-07  1.801223E-04  2.448965E-04  5.725519E-06  1.986655E-07  2.545877E-07  8.453109E-07
 3.061500E+02  2.637042E-01  1.408643E-04  1.404458E-08  1.861870E-08  2.076014E-08  2.498608E-08  4.944741E-02  1.049626E-05  9.428996E-09  5.091804E-01  4.591587E-03  1.682850E-04  7.332427E-06  6.614271E-04  1.487243E-08  5.371668E-08  3.965895E-08  1.716123E-01  4.896837E-05  1.089056E-06  9.322106E-07  1.771133E-04  2.408014E-04  5.395640E-06  1.867650E-07  2.394182E-07  8.048794E-07
 3.071500E+02  2.647632E-01  1.399317E-04  1.367432E-08  1.813270E-08  2.021943E-08  2.434144E-08  4.945672E-02  1.029598E-05  8.844100E-09  5.103151E-01  4.523334E-03  1.589536E-04  7.141970E-06  6.504329E-04  1.411879E-08  5.112732E-08  3.821108E-08  1.695087E-01  4.683857E-05  1.056953E-06  9.041089E-07  1.741733E-04  2.368003E-04  5.086678E-06  1.756510E-07  2.252464E-07  7.666078E-07
 3.081500E+02  2.658061E-01  1.390019E-04  1.331500E-08  1.766093E-08  1.969451E-08  2.371545E-08  4.946581E-02  1.010102E-05  8.299295E-09  5.114318E-01  4.456410E-03  1.501899E-04  6.957468E-06  6.396776E-04  1.340790E-08  4.867857E-08  3.682353E-08  1.674370E-01  4.481220E-05  1.025931E-06  8.769734E-07  1.713002E-04  2.328906E-04  4.797197E-06  1.652669E-07  2.120011E-07  7.303699E-07
 3.091500E+02  2.668331E-01  1.380752E-04  1.296629E-08  1.720295E-08  1.918490E-08  2.310755E-08  4.947469E-02  9.911192E-06  7.791590E-09  5.125308E-01  4.390784E-03  1.419565E-04  6.778712E-06  6.291553E-04  1.273711E-08  4.636203E-08  3.549354E-08  1.653967E-01  4.288377E-05  9.959514E-07  8.507682E-07  1.684923E-04  2.290699E-04  4.525864E-06  1.555606E-07  1.996163E-07  6.960477E-07
 3.101500E+02  2.678445E-01  1.371517E-04  1.262787E-08  1.675836E-08  1.869016E-08  2.251722E-08  4.948338E-02  9.726342E-06  7.318235E-09  5.136124E-01  4.326429E-03  1.342186E-04  6.605499E-06  6.188604E-04  1.210393E-08  4.416984E-08  3.421849E-08  1.633874E-01  4.104812E-05  9.669753E-07  8.254587E-07  1.657478E-04  2.253357E-04  4.271444E-06  1.464840E-07  1.880314E-07  6.635303E-07
 3.111500E+02  2.688405E-01  1.362319E-04  1.229942E-08  1.632674E-08  1.820982E-08  2.194392E-08  4.949187E-02  9.546306E-06  6.876701E-09  5.146768E-01  4.263317E-03  1.269441E-04  6.437636E-06  6.087871E-04  1.150606E-08  4.209464E-08  3.299587E-08  1.614087E-01  3.930039E-05  9.389668E-07  8.010119E-07  1.630650E-04  2.216856E-04  4.032795E-06  1.379927E-07  1.771900E-07  6.327139E-07
 3.121500E+02  2.698212E-01  1.353159E-04  1.198064E-08  1.590770E-08  1.774345E-08  2.138714E-08  4.950016E-02  9.370932E-06  6.464656E-09  5.157244E-01  4.201420E-03  1.201029E-04  6.274936E-06  5.989302E-04  1.094134E-08  4.012955E-08  3.182331E-08  1.594601E-01  3.763599E-05  9.118909E-07  7.773959E-07  1.604422E-04  2.181173E-04  3.808854E-06  1.300456E-07  1.670402E-07  6.035011E-07
 3.131500E+02  2.707869E-01  1.344039E-04  1.167123E-08  1.550086E-08  1.729064E-08  2.084640E-08  4.950828E-02  9.200072E-06  6.079956E-09  5.167553E-01  4.140712E-03  1.136671E-04  6.117219E-06  5.892842E-04  1.040774E-08  3.826814E-08  3.069856E-08  1.575414E-01  3.605057E-05  8.857139E-07  7.545800E-07  1.578777E-04  2.146287E-04  3.598637E-06  1.226048E-07  1.575340E-07  5.758005E-07
 3.141500E+02  2.717378E-01  1.334961E-04  1.137091E-08  1.510586E-08  1.685097E-08  2.032122E-08  4.951621E-02  9.033584E-06  5.720621E-09  5.177699E-01  4.081168E-03  1.076107E-04  5.964312E-06  5.798441E-04  9.903375E-09  3.650438E-08  2.961946E-08  1.556519E-01  3.454005E-05  8.604035E-07  7.325348E-07  1.553702E-04  2.112177E-04  3.401231E-06  1.156351E-07  1.486269E-07  5.495264E-07
 3.151500E+02  2.726741E-01  1.325928E-04  1.107939E-08  1.472233E-08  1.642404E-08  1.981112E-08  4.952397E-02  8.871329E-06  5.384828E-09  5.187684E-01  4.022761E-03  1.019094E-04  5.816050E-06  5.706048E-04  9.426494E-09  3.483260E-08  2.858396E-08  1.537914E-01  3.310055E-05  8.359283E-07  7.112319E-07  1.529179E-04  2.078820E-04  3.215787E-06  1.091042E-07  1.402778E-07  5.245982E-07
 3.161500E+02  2.735960E-01  1.316941E-04  1.079641E-08  1.434993E-08  1.600947E-08  1.931566E-08  4.953156E-02  8.713176E-06  5.070894E-09  5.197511E-01  3.965468E-03  9.654077E-05  5.672271E-06  5.615614E-04  8.975448E-09  3.324753E-08  2.759012E-08  1.519594E-01  3.172842E-05  8.122583E-07  6.906440E-07  1.505195E-04  2.046198E-04  3.041517E-06  1.029817E-07  1.324486E-07  5.009403E-07
 3.171500E+02  2.745037E-01  1.308002E-04  1.052169E-08  1.398830E-08  1.560688E-08  1.883439E-08  4.953898E-02  8.558998E-06  4.777268E-09  5.207182E-01  3.909264E-03  9.148369E-05  5.532823E-06  5.527091E-04  8.548696E-09  3.174418E-08  2.663609E-08  1.501555E-01  3.042022E-05  7.893648E-07  6.707451E-07  1.481735E-04  2.014290E-04  2.877690E-06  9.724006E-08  1.251040E-07  4.784816E-07
 3.181500E+02  2.753975E-01  1.299112E-04  1.025500E-08  1.363714E-08  1.521591E-08  1.836688E-08  4.954624E-02  8.408672E-06  4.502515E-09  5.216700E-01  3.854125E-03  8.671857E-05  5.397556E-06  5.440432E-04  8.144799E-09  3.031790E-08  2.572009E-08  1.483794E-01  2.917268E-05  7.672198E-07  6.515099E-07  1.458785E-04  1.983078E-04  2.723623E-06  9.185329E-08  1.182112E-07  4.571556E-07
 3.191500E+02  2.762775E-01  1.290274E-04  9.996072E-09  1.329611E-08  1.483620E-08  1.791273E-08  4.955334E-02  8.262079E-06  4.245311E-09  5.226068E-01  3.800028E-03  8.222714E-05  5.266329E-06  5.355594E-04  7.762409E-09  2.896433E-08  2.484046E-08  1.466305E-01  2.798273E-05  7.457967E-07  6.329141E-07  1.436333E-04  1.952543E-04  2.578685E-06  8.679751E-08  1.117400E-07  4.368993E-07
 3.201500E+02  2.771439E-01  1.281488E-04  9.744673E-09  1.296491E-08  1.446741E-08  1.747152E-08  4.956029E-02  8.119105E-06  4.004431E-09  5.235287E-01  3.746951E-03  7.799234E-05  5.139003E-06  5.272531E-04  7.400265E-09  2.767937E-08  2.399559E-08  1.449084E-01  2.684744E-05  7.250696E-07  6.149346E-07  1.414364E-04  1.922668E-04  2.442287E-06  8.205053E-08  1.056622E-07  4.176539E-07
 3.211500E+02  2.779970E-01  1.272757E-04  9.500571E-09  1.264323E-08  1.410921E-08  1.704288E-08  4.956709E-02  7.979641E-06  3.778743E-09  5.244360E-01  3.694872E-03  7.399826E-05  5.015448E-06  5.191200E-04  7.057186E-09  2.645917E-08  2.318396E-08  1.432129E-01  2.576407E-05  7.050137E-07  5.975488E-07  1.392867E-04  1.893436E-04  2.313880E-06  7.759178E-08  9.995166E-08  3.993639E-07
 3.221500E+02  2.788370E-01  1.264080E-04  9.263540E-09  1.233079E-08  1.376126E-08  1.662640E-08  4.957374E-02  7.843579E-06  3.567200E-09  5.253290E-01  3.643769E-03  7.023005E-05  4.895535E-06  5.111560E-04  6.732066E-09  2.530011E-08  2.240412E-08  1.415435E-01  2.473001E-05  6.856052E-07  5.807353E-07  1.371828E-04  1.864829E-04  2.192955E-06  7.340214E-08  9.458417E-08  3.819771E-07
 3.231500E+02  2.796640E-01  1.255460E-04  9.033361E-09  1.202729E-08  1.342327E-08  1.622174E-08  4.958026E-02  7.710818E-06  3.368834E-09  5.262079E-01  3.593621E-03  6.667383E-05  4.779142E-06  5.033570E-04  6.423867E-09  2.419881E-08  2.165468E-08  1.398997E-01  2.374280E-05  6.668212E-07  5.644734E-07  1.351237E-04  1.836831E-04  2.079037E-06  6.946388E-08  8.953722E-08  3.654445E-07
 3.241500E+02  2.804783E-01  1.246898E-04  8.809822E-09  1.173248E-08  1.309493E-08  1.582853E-08  4.958663E-02  7.581259E-06  3.182745E-09  5.270729E-01  3.544408E-03  6.331664E-05  4.666151E-06  4.957190E-04  6.131619E-09  2.315208E-08  2.093432E-08  1.382812E-01  2.280010E-05  6.486394E-07  5.487431E-07  1.331082E-04  1.809427E-04  1.971683E-06  6.576052E-08  8.478988E-08  3.497199E-07
 3.251500E+02  2.812800E-01  1.238394E-04  8.592718E-09  1.144608E-08  1.277593E-08  1.544643E-08  4.959287E-02  7.454806E-06  3.008103E-09  5.279243E-01  3.496109E-03  6.014639E-05  4.556448E-06  4.882382E-04  5.854410E-09  2.215691E-08  2.024180E-08  1.366877E-01  2.189972E-05  6.310388E-07  5.335253E-07  1.311351E-04  1.782601E-04  1.870480E-06  6.227676E-08  8.032270E-08  3.347597E-07
 3.261500E+02  2.820693E-01  1.229949E-04  8.381850E-09  1.116784E-08  1.246600E-08  1.507509E-08  4.959898E-02  7.331368E-06  2.844136E-09  5.287622E-01  3.448705E-03  5.715174E-05  4.449925E-06  4.809108E-04  5.591386E-09  2.121050E-08  1.957591E-08  1.351186E-01  2.103956E-05  6.139986E-07  5.188016E-07  1.292034E-04  1.756339E-04  1.775045E-06  5.899835E-08  7.611761E-08  3.205231E-07
 3.271500E+02  2.828465E-01  1.221565E-04  8.177024E-09  1.089749E-08  1.216486E-08  1.471420E-08  4.960496E-02  7.210855E-06  2.690132E-09  5.295870E-01  3.402176E-03  5.432214E-05  4.346475E-06  4.737332E-04  5.341745E-09  2.031019E-08  1.893551E-08  1.335737E-01  2.021764E-05  5.974993E-07  5.045543E-07  1.273120E-04  1.730626E-04  1.685019E-06  5.591207E-08  7.215777E-08  3.069714E-07
 3.281500E+02  2.836117E-01  1.213241E-04  7.978055E-09  1.063481E-08  1.187223E-08  1.436343E-08  4.961082E-02  7.093182E-06  2.545426E-09  5.303988E-01  3.356505E-03  5.164767E-05  4.245997E-06  4.667017E-04  5.104734E-09  1.945349E-08  1.831952E-08  1.320526E-01  1.943210E-05  5.815219E-07  4.907662E-07  1.254599E-04  1.705448E-04  1.600066E-06  5.300559E-08  6.842753E-08  2.940684E-07
 3.291500E+02  2.843651E-01  1.204980E-04  7.784761E-09  1.037956E-08  1.158787E-08  1.402248E-08  4.961655E-02  6.978266E-06  2.409404E-09  5.311978E-01  3.311672E-03  4.911908E-05  4.148394E-06  4.598129E-04  4.879648E-09  1.863806E-08  1.772689E-08  1.305549E-01  1.868117E-05  5.660481E-07  4.774211E-07  1.236461E-04  1.680792E-04  1.519875E-06  5.026746E-08  6.491233E-08  2.817797E-07
 3.301500E+02  2.851069E-01  1.196780E-04  7.596967E-09  1.013151E-08  1.131151E-08  1.369106E-08  4.962217E-02  6.866027E-06  2.281494E-09  5.319843E-01  3.267660E-03  4.672771E-05  4.053570E-06  4.530634E-04  4.665821E-09  1.786168E-08  1.715664E-08  1.290801E-01  1.796315E-05  5.510602E-07  4.645032E-07  1.218697E-04  1.656643E-04  1.444155E-06  4.768700E-08  6.159858E-08  2.700731E-07
 3.311500E+02  2.858373E-01  1.188644E-04  7.414503E-09  9.890446E-09  1.104292E-08  1.336887E-08  4.962767E-02  6.756388E-06  2.161166E-09  5.327585E-01  3.224452E-03  4.446545E-05  3.961435E-06  4.464499E-04  4.462632E-09  1.712228E-08  1.660782E-08  1.276281E-01  1.727647E-05  5.365415E-07  4.519972E-07  1.201296E-04  1.632991E-04  1.372633E-06  4.525427E-08  5.847364E-08  2.589181E-07
 3.321500E+02  2.865565E-01  1.180571E-04  7.237205E-09  9.656145E-09  1.078185E-08  1.305564E-08  4.963306E-02  6.649273E-06  2.047928E-09  5.335205E-01  3.182029E-03  4.232471E-05  3.871902E-06  4.399692E-04  4.269494E-09  1.641790E-08  1.607954E-08  1.261983E-01  1.661961E-05  5.224755E-07  4.398887E-07  1.184250E-04  1.609822E-04  1.305054E-06  4.296001E-08  5.552571E-08  2.482860E-07
 3.331500E+02  2.872646E-01  1.172562E-04  7.064913E-09  9.428404E-09  1.052808E-08  1.275109E-08  4.963834E-02  6.544612E-06  1.941321E-09  5.342707E-01  3.140376E-03  4.029836E-05  3.784885E-06  4.336181E-04  4.085857E-09  1.574669E-08  1.557093E-08  1.247905E-01  1.599114E-05  5.088466E-07  4.281635E-07  1.167551E-04  1.587124E-04  1.241181E-06  4.079558E-08  5.274381E-08  2.381498E-07
 3.341500E+02  2.879619E-01  1.164618E-04  6.897473E-09  9.207023E-09  1.028139E-08  1.245496E-08  4.964351E-02  6.442333E-06  1.840918E-09  5.350091E-01  3.099477E-03  3.837976E-05  3.700304E-06  4.273937E-04  3.911203E-09  1.510692E-08  1.508117E-08  1.234042E-01  1.538972E-05  4.956396E-07  4.168082E-07  1.151188E-04  1.564885E-04  1.180791E-06  3.875293E-08  5.011769E-08  2.284838E-07
 3.351500E+02  2.886484E-01  1.156738E-04  6.734737E-09  8.991809E-09  1.004155E-08  1.216701E-08  4.964858E-02  6.342370E-06  1.746325E-09  5.357360E-01  3.059315E-03  3.656264E-05  3.618081E-06  4.212929E-04  3.745045E-09  1.449695E-08  1.460949E-08  1.220392E-01  1.481404E-05  4.828400E-07  4.058098E-07  1.135155E-04  1.543094E-04  1.123678E-06  3.682455E-08  4.763776E-08  2.192639E-07
 3.361500E+02  2.893245E-01  1.148923E-04  6.576558E-09  8.782573E-09  9.808363E-09  1.188697E-08  4.965354E-02  6.244658E-06  1.657170E-09  5.364516E-01  3.019875E-03  3.484116E-05  3.538138E-06  4.153128E-04  3.586925E-09  1.391523E-08  1.415512E-08  1.206950E-01  1.426291E-05  4.704338E-07  3.951557E-07  1.119443E-04  1.521741E-04  1.069645E-06  3.500343E-08  4.529511E-08  2.104673E-07
 3.371500E+02  2.899902E-01  1.141173E-04  6.422798E-09  8.579134E-09  9.581625E-09  1.161462E-08  4.965841E-02  6.149133E-06  1.573112E-09  5.371560E-01  2.981141E-03  3.320982E-05  3.460404E-06  4.094506E-04  3.436411E-09  1.336030E-08  1.371737E-08  1.193715E-01  1.373515E-05  4.584075E-07  3.848340E-07  1.104044E-04  1.500813E-04  1.018512E-06  3.328302E-08  4.308140E-08  2.020726E-07
 3.381500E+02  2.906457E-01  1.133489E-04  6.273321E-09  8.381315E-09  9.361139E-09  1.134972E-08  4.966318E-02  6.055735E-06  1.493830E-09  5.378495E-01  2.943099E-03  3.166346E-05  3.384808E-06  4.037036E-04  3.293098E-09  1.283079E-08  1.329554E-08  1.180681E-01  1.322968E-05  4.467481E-07  3.748329E-07  1.088951E-04  1.480302E-04  9.701078E-07  3.165722E-08  4.098882E-08  1.940593E-07
 3.391500E+02  2.912912E-01  1.125870E-04  6.127996E-09  8.188945E-09  9.146716E-09  1.109205E-08  4.966785E-02  5.964405E-06  1.419025E-09  5.385323E-01  2.905734E-03  3.019726E-05  3.311282E-06  3.980691E-04  3.156602E-09  1.232540E-08  1.288899E-08  1.167846E-01  1.274545E-05  4.354430E-07  3.651415E-07  1.074156E-04  1.460196E-04  9.242730E-07  3.012030E-08  3.901010E-08  1.864083E-07
 3.401500E+02  2.919268E-01  1.118317E-04  5.986695E-09  8.001860E-09  8.938173E-09  1.084139E-08  4.967243E-02  5.875085E-06  1.348420E-09  5.392045E-01  2.869033E-03  2.880667E-05  3.239761E-06  3.925445E-04  3.026564E-09  1.184291E-08  1.249710E-08  1.155207E-01  1.228146E-05  4.244802E-07  3.557490E-07  1.059652E-04  1.440486E-04  8.808581E-07  2.866694E-08  3.713844E-08  1.791014E-07
 3.411500E+02  2.925528E-01  1.110830E-04  5.849295E-09  7.819899E-09  8.735332E-09  1.059753E-08  4.967693E-02  5.787720E-06  1.281755E-09  5.398663E-01  2.832981E-03  2.748743E-05  3.170181E-06  3.871273E-04  2.902644E-09  1.138215E-08  1.211926E-08  1.142760E-01  1.183680E-05  4.138481E-07  3.466450E-07  1.045432E-04  1.421162E-04  8.397230E-07  2.729214E-08  3.536746E-08  1.721214E-07
 3.421500E+02  2.931692E-01  1.103408E-04  5.715678E-09  7.642907E-09  8.538020E-09  1.036026E-08  4.968133E-02  5.702258E-06  1.218788E-09  5.405178E-01  2.797564E-03  2.623554E-05  3.102482E-06  3.818149E-04  2.784523E-09  1.094203E-08  1.175492E-08  1.130502E-01  1.141055E-05  4.035355E-07  3.378196E-07  1.031489E-04  1.402216E-04  8.007365E-07  2.599123E-08  3.369121E-08  1.654522E-07
 3.431500E+02  2.937763E-01  1.096053E-04  5.585729E-09  7.470734E-09  8.346071E-09  1.012940E-08  4.968565E-02  5.618647E-06  1.159294E-09  5.411594E-01  2.762770E-03  2.504724E-05  3.036604E-06  3.766050E-04  2.671898E-09  1.052152E-08  1.140353E-08  1.118430E-01  1.100189E-05  3.935316E-07  3.292632E-07  1.017816E-04  1.383637E-04  7.637754E-07  2.475986E-08  3.210412E-08  1.590783E-07
 3.441500E+02  2.943742E-01  1.088763E-04  5.459335E-09  7.303234E-09  8.159324E-09  9.904747E-09  4.968988E-02  5.536835E-06  1.103062E-09  5.417911E-01  2.728586E-03  2.391900E-05  2.972492E-06  3.714951E-04  2.564486E-09  1.011965E-08  1.106457E-08  1.106542E-01  1.060999E-05  3.838260E-07  3.209667E-07  1.004408E-04  1.365418E-04  7.287243E-07  2.359394E-08  3.060098E-08  1.529852E-07
 3.451500E+02  2.949630E-01  1.081539E-04  5.336389E-09  7.140268E-09  7.977621E-09  9.686115E-09  4.969403E-02  5.456776E-06  1.049895E-09  5.424131E-01  2.694999E-03  2.284749E-05  2.910089E-06  3.664831E-04  2.462017E-09  9.735486E-09  1.073754E-08  1.094833E-01  1.023410E-05  3.744087E-07  3.129211E-07  9.912568E-05  1.347549E-04  6.954749E-07  2.248963E-08  2.917689E-08  1.471592E-07
 3.461500E+02  2.955429E-01  1.074381E-04  5.216786E-09  6.981698E-09  7.800812E-09  9.473328E-09  4.969811E-02  5.378422E-06  9.996083E-10  5.430255E-01  2.661996E-03  2.182959E-05  2.849343E-06  3.615667E-04  2.364238E-09  9.368160E-09  1.042198E-08  1.083301E-01  9.873498E-06  3.652700E-07  3.051179E-07  9.783577E-05  1.330023E-04  6.639254E-07  2.144336E-08  2.782728E-08  1.415873E-07
 3.471500E+02  2.961140E-01  1.067288E-04  5.100426E-09  6.827392E-09  7.628750E-09  9.266211E-09  4.970210E-02  5.301728E-06  9.520305E-10  5.436286E-01  2.629566E-03  2.086237E-05  2.790204E-06  3.567437E-04  2.270911E-09  9.016844E-09  1.011742E-08  1.071944E-01  9.527483E-06  3.564007E-07  2.975488E-07  9.657043E-05  1.312831E-04  6.339805E-07  2.045177E-08  2.654785E-08  1.362571E-07
 3.481500E+02  2.966766E-01  1.060260E-04  4.987209E-09  6.677223E-09  7.461292E-09  9.064595E-09  4.970602E-02  5.226649E-06  9.070007E-10  5.442225E-01  2.597697E-03  1.994306E-05  2.732621E-06  3.520120E-04  2.181809E-09  8.680759E-09  9.823435E-09  1.060757E-01  9.195403E-06  3.477918E-07  2.902060E-07  9.532910E-05  1.295965E-04  6.055503E-07  1.951171E-08  2.533460E-08  1.311569E-07
 3.491500E+02  2.972306E-01  1.053298E-04  4.877042E-09  6.531067E-09  7.298302E-09  8.868318E-09  4.970986E-02  5.153144E-06  8.643684E-10  5.448074E-01  2.566377E-03  1.906905E-05  2.676547E-06  3.473694E-04  2.096719E-09  8.359164E-09  9.539610E-09  1.049738E-01  8.876634E-06  3.394347E-07  2.830819E-07  9.411120E-05  1.279418E-04  5.785508E-07  1.862024E-08  2.418374E-08  1.262758E-07
 3.501500E+02  2.977763E-01  1.046401E-04  4.769832E-09  6.388805E-09  7.139646E-09  8.677223E-09  4.971363E-02  5.081171E-06  8.239928E-10  5.453833E-01  2.535596E-03  1.823791E-05  2.621937E-06  3.428142E-04  2.015439E-09  8.051360E-09  9.265547E-09  1.038886E-01  8.570582E-06  3.313210E-07  2.761689E-07  9.291620E-05  1.263183E-04  5.529028E-07  1.777459E-08  2.309174E-08  1.216033E-07
 3.511500E+02  2.983139E-01  1.039568E-04  4.665491E-09  6.250319E-09  6.985196E-09  8.491154E-09  4.971733E-02  5.010689E-06  7.857421E-10  5.459505E-01  2.505341E-03  1.744733E-05  2.568745E-06  3.383441E-04  1.937781E-09  7.756683E-09  9.000865E-09  1.028195E-01  8.276682E-06  3.234427E-07  2.694602E-07  9.174356E-05  1.247252E-04  5.285318E-07  1.697215E-08  2.205528E-08  1.171293E-07
 3.521500E+02  2.988434E-01  1.032800E-04  4.563932E-09  6.115499E-09  6.834826E-09  8.309966E-09  4.972096E-02  4.941661E-06  7.494930E-10  5.465092E-01  2.475603E-03  1.669513E-05  2.516928E-06  3.339574E-04  1.863562E-09  7.474507E-09  8.745201E-09  1.017665E-01  7.994396E-06  3.157921E-07  2.629488E-07  9.059277E-05  1.231617E-04  5.053679E-07  1.621051E-08  2.107125E-08  1.128446E-07
 3.531500E+02  2.993650E-01  1.026097E-04  4.465073E-09  5.984234E-09  6.688415E-09  8.133514E-09  4.972452E-02  4.874049E-06  7.151296E-10  5.470593E-01  2.446371E-03  1.597927E-05  2.466446E-06  3.296521E-04  1.792614E-09  7.204235E-09  8.498206E-09  1.007292E-01  7.723213E-06  3.083617E-07  2.566281E-07  8.946332E-05  1.216273E-04  4.833453E-07  1.548737E-08  2.013672E-08  1.087402E-07
 3.541500E+02  2.998788E-01  1.019457E-04  4.368833E-09  5.856420E-09  6.545847E-09  7.961658E-09  4.972802E-02  4.807816E-06  6.825438E-10  5.476012E-01  2.417634E-03  1.529783E-05  2.417258E-06  3.254266E-04  1.724775E-09  6.945305E-09  8.259548E-09  9.970731E-02  7.462647E-06  3.011443E-07  2.504920E-07  8.835473E-05  1.201213E-04  4.624021E-07  1.480058E-08  1.924893E-08  1.048076E-07
 3.551500E+02  3.003849E-01  1.012881E-04  4.275134E-09  5.731955E-09  6.407008E-09  7.794266E-09  4.973145E-02  4.742926E-06  6.516339E-10  5.481350E-01  2.389383E-03  1.464898E-05  2.369326E-06  3.212788E-04  1.659892E-09  6.697182E-09  8.028906E-09  9.870066E-02  7.212232E-06  2.941330E-07  2.445341E-07  8.726652E-05  1.186429E-04  4.424801E-07  1.414813E-08  1.840532E-08  1.010388E-07
 3.561500E+02  3.008835E-01  1.006368E-04  4.183899E-09  5.610739E-09  6.271788E-09  7.631205E-09  4.973482E-02  4.679347E-06  6.223047E-10  5.486607E-01  2.361607E-03  1.403102E-05  2.322611E-06  3.172073E-04  1.597823E-09  6.459359E-09  7.805975E-09  9.770896E-02  6.971529E-06  2.873212E-07  2.387487E-07  8.619822E-05  1.171917E-04  4.235243E-07  1.352812E-08  1.760345E-08  9.742613E-08
 3.571500E+02  3.013748E-01  9.999184E-05  4.095058E-09  5.492678E-09  6.140081E-09  7.472350E-09  4.973813E-02  4.617044E-06  5.944669E-10  5.491786E-01  2.334298E-03  1.344232E-05  2.277079E-06  3.132102E-04  1.538431E-09  6.231356E-09  7.590462E-09  9.673194E-02  6.740116E-06  2.807022E-07  2.331300E-07  8.514940E-05  1.157669E-04  4.054832E-07  1.293877E-08  1.684104E-08  9.396245E-08
 3.581500E+02  3.018587E-01  9.935313E-05  4.008537E-09  5.377679E-09  6.011784E-09  7.317578E-09  4.974137E-02  4.555985E-06  5.680365E-10  5.496887E-01  2.307446E-03  1.288137E-05  2.232693E-06  3.092859E-04  1.481585E-09  6.012717E-09  7.382086E-09  9.576938E-02  6.517593E-06  2.742700E-07  2.276727E-07  8.411959E-05  1.143679E-04  3.883081E-07  1.237841E-08  1.611594E-08  9.064087E-08
 3.591500E+02  3.023356E-01  9.872065E-05  3.924270E-09  5.265651E-09  5.886797E-09  7.166770E-09  4.974456E-02  4.496140E-06  5.429349E-10  5.501912E-01  2.281041E-03  1.234673E-05  2.189420E-06  3.054328E-04  1.427165E-09  5.803010E-09  7.180579E-09  9.482102E-02  6.303578E-06  2.680186E-07  2.223714E-07  8.310839E-05  1.129943E-04  3.719531E-07  1.184547E-08  1.542614E-08  8.745486E-08
 3.601500E+02  3.028054E-01  9.809436E-05  3.842188E-09  5.156509E-09  5.765024E-09  7.019813E-09  4.974769E-02  4.437477E-06  5.190882E-10  5.506862E-01  2.255075E-03  1.183704E-05  2.147228E-06  3.016494E-04  1.375054E-09  5.601823E-09  6.985683E-09  9.388662E-02  6.097708E-06  2.619420E-07  2.172211E-07  8.211538E-05  1.116453E-04  3.563750E-07  1.133845E-08  1.476973E-08  8.439824E-08
 3.611500E+02  3.032682E-01  9.747423E-05  3.762230E-09  5.050167E-09  5.646370E-09  6.876593E-09  4.975076E-02  4.379968E-06  4.964269E-10  5.511739E-01  2.229539E-03  1.135102E-05  2.106085E-06  2.979342E-04  1.325143E-09  5.408768E-09  6.797151E-09  9.296596E-02  5.899635E-06  2.560348E-07  2.122168E-07  8.114014E-05  1.103206E-04  3.415332E-07  1.085597E-08  1.414493E-08  8.146513E-08
 3.621500E+02  3.037243E-01  9.686021E-05  3.684331E-09  4.946545E-09  5.530746E-09  6.737005E-09  4.975377E-02  4.323583E-06  4.748858E-10  5.516544E-01  2.204424E-03  1.088745E-05  2.065960E-06  2.942856E-04  1.277327E-09  5.223475E-09  6.614746E-09  9.205879E-02  5.709029E-06  2.502916E-07  2.073538E-07  8.018228E-05  1.090194E-04  3.273893E-07  1.039671E-08  1.355006E-08  7.864995E-08
 3.631500E+02  3.041738E-01  9.625226E-05  3.608432E-09  4.845563E-09  5.418064E-09  6.600942E-09  4.975674E-02  4.268296E-06  4.544035E-10  5.521278E-01  2.179723E-03  1.044521E-05  2.026823E-06  2.907022E-04  1.231509E-09  5.045591E-09  6.438240E-09  9.116490E-02  5.525575E-06  2.447072E-07  2.026277E-07  7.924142E-05  1.077414E-04  3.139069E-07  9.959437E-09  1.298352E-08  7.594738E-08
 3.641500E+02  3.046166E-01  9.565033E-05  3.534474E-09  4.747146E-09  5.308237E-09  6.468304E-09  4.975965E-02  4.214079E-06  4.349225E-10  5.525942E-01  2.155426E-03  1.002320E-05  1.988647E-06  2.871825E-04  1.187593E-09  4.874783E-09  6.267417E-09  9.028405E-02  5.348973E-06  2.392764E-07  1.980339E-07  7.831719E-05  1.064860E-04  3.010519E-07  9.542986E-09  1.244383E-08  7.335237E-08
 3.651500E+02  3.050530E-01  9.505439E-05  3.462402E-09  4.651218E-09  5.201185E-09  6.338993E-09  4.976251E-02  4.160906E-06  4.163884E-10  5.530537E-01  2.131526E-03  9.620404E-06  1.951403E-06  2.837253E-04  1.145493E-09  4.710733E-09  6.102067E-09  8.941603E-02  5.178935E-06  2.339946E-07  1.935682E-07  7.740922E-05  1.052526E-04  2.887921E-07  9.146259E-09  1.192956E-08  7.086014E-08
 3.661500E+02  3.054831E-01  9.446439E-05  3.392160E-09  4.557708E-09  5.096828E-09  6.212914E-09  4.976531E-02  4.108752E-06  3.987503E-10  5.535065E-01  2.108016E-03  9.235864E-06  1.915064E-06  2.803292E-04  1.105122E-09  4.553141E-09  5.941991E-09  8.856062E-02  5.015187E-06  2.288570E-07  1.892265E-07  7.651715E-05  1.040409E-04  2.770970E-07  8.768222E-09  1.143941E-08  6.846612E-08
 3.671500E+02  3.059069E-01  9.388029E-05  3.323695E-09  4.466548E-09  4.995087E-09  6.089975E-09  4.976807E-02  4.057592E-06  3.819600E-10  5.539527E-01  2.084886E-03  8.868663E-06  1.879606E-06  2.769928E-04  1.066403E-09  4.401719E-09  5.786995E-09  8.771761E-02  4.857470E-06  2.238590E-07  1.850050E-07  7.564064E-05  1.028503E-04  2.659378E-07  8.407899E-09  1.097211E-08  6.616597E-08
 3.681500E+02  3.063246E-01  9.330204E-05  3.256957E-09  4.377668E-09  4.895889E-09  5.970086E-09  4.977078E-02  4.007402E-06  3.659726E-10  5.543924E-01  2.062131E-03  8.517941E-06  1.845002E-06  2.737149E-04  1.029258E-09  4.256194E-09  5.636896E-09  8.688680E-02  4.705533E-06  2.189964E-07  1.808998E-07  7.477936E-05  1.016804E-04  2.552874E-07  8.064371E-09  1.052648E-08  6.395555E-08
 3.691500E+02  3.067362E-01  9.272959E-05  3.191894E-09  4.291005E-09  4.799160E-09  5.853161E-09  4.977344E-02  3.958160E-06  3.507452E-10  5.548257E-01  2.039742E-03  8.182882E-06  1.811228E-06  2.704943E-04  9.936168E-10  4.116307E-09  5.491516E-09  8.606797E-02  4.559138E-06  2.142650E-07  1.769071E-07  7.393296E-05  1.005307E-04  2.451202E-07  7.736770E-09  1.010140E-08  6.183095E-08
 3.701500E+02  3.071419E-01  9.216290E-05  3.128460E-09  4.206496E-09  4.704831E-09  5.739116E-09  4.977606E-02  3.909842E-06  3.362379E-10  5.552527E-01  2.017713E-03  7.862712E-06  1.778262E-06  2.673296E-04  9.594097E-10  3.981812E-09  5.350686E-09  8.526092E-02  4.418059E-06  2.096606E-07  1.730236E-07  7.310113E-05  9.940088E-05  2.354118E-07  7.424278E-09  9.695837E-09  5.978841E-08
 3.711500E+02  3.075418E-01  9.160192E-05  3.066608E-09  4.124077E-09  4.612833E-09  5.627870E-09  4.977863E-02  3.862426E-06  3.224128E-10  5.556735E-01  1.996037E-03  7.556702E-06  1.746079E-06  2.642198E-04  9.265723E-10  3.852473E-09  5.214242E-09  8.446547E-02  4.282079E-06  2.051794E-07  1.692457E-07  7.228357E-05  9.829039E-05  2.261393E-07  7.126122E-09  9.308784E-09  5.782438E-08
 3.721500E+02  3.079360E-01  9.104661E-05  3.006292E-09  4.043692E-09  4.523100E-09  5.519345E-09  4.978116E-02  3.815892E-06  3.092342E-10  5.560882E-01  1.974706E-03  7.264161E-06  1.714659E-06  2.611637E-04  8.950428E-10  3.728067E-09  5.082028E-09  8.368140E-02  4.150990E-06  2.008175E-07  1.655701E-07  7.147996E-05  9.719885E-05  2.172812E-07  6.841572E-09  8.939305E-09  5.593546E-08
 3.731500E+02  3.083245E-01  9.049690E-05  2.947468E-09  3.965281E-09  4.435568E-09  5.413463E-09  4.978364E-02  3.770218E-06  2.966687E-10  5.564970E-01  1.953714E-03  6.984433E-06  1.683980E-06  2.581600E-04  8.647626E-10  3.608382E-09  4.953894E-09  8.290854E-02  4.024594E-06  1.965713E-07  1.619937E-07  7.069000E-05  9.612588E-05  2.088168E-07  6.569939E-09  8.586515E-09  5.411843E-08
