#         T/K            c1          c2-1          c3-4          c3-5          c3-7          c3-9            m1          m2-1          m3-1            w1            w2          w3-1          w3-2          c1m1        c1m2-1        c1m2-7        c2m1-1        c1w1-2        c1w2-1        c2w1-1        c2w1-9        m1w1-1        m1w1-4        m1w2-1        m2w1-1        m2w1-3      c1m1w1-1
 2.731500E+02  1.082748E-01  3.792322E-05  3.516738E-09  4.615803E-09  5.135448E-09  6.123383E-09  4.926203E-01  1.995098E-03  8.721189E-05  3.050468E-01  3.121360E-03  3.248523E-04  4.558025E-06  5.455196E-03  4.199598E-06  1.378021E-05  3.081277E-07  7.786793E-02  4.379239E-05  4.185204E-07  3.675052E-07  1.984512E-03  2.701456E-03  1.729136E-04  1.011062E-04  1.280524E-04  1.301374E-05
 2.741500E+02  1.089159E-01  3.766708E-05  3.408420E-09  4.475148E-09  4.979329E-09  5.939103E-09  4.927941E-01  1.947927E-03  8.052350E-05  3.057791E-01  3.061500E-03  3.022858E-04  4.406218E-06  5.346106E-03  3.938329E-06  1.296476E-05  2.945321E-07  7.669823E-02  4.142727E-05  4.035473E-07  3.540516E-07  1.942981E-03  2.644753E-03  1.605685E-04  9.363791E-05  1.186409E-04  1.225045E-05
 2.751500E+02  1.095461E-01  3.740915E-05  3.303542E-09  4.338905E-09  4.828094E-09  5.760520E-09  4.929620E-01  1.902227E-03  7.439329E-05  3.064962E-01  3.003059E-03  2.814132E-04  4.260263E-06  5.239635E-03  3.694880E-06  1.220246E-05  2.815959E-07  7.554747E-02  3.920145E-05  3.891556E-07  3.411327E-07  1.902574E-03  2.589592E-03  1.491790E-04  8.676911E-05  1.099815E-04  1.153610E-05
 2.761500E+02  1.101656E-01  3.714964E-05  3.202005E-09  4.206948E-09  4.681604E-09  5.587475E-09  4.931243E-01  1.857942E-03  6.877119E-05  3.071986E-01  2.946003E-03  2.620989E-04  4.119914E-06  5.135719E-03  3.467938E-06  1.148956E-05  2.692850E-07  7.441550E-02  3.710616E-05  3.753222E-07  3.287266E-07  1.863256E-03  2.535927E-03  1.386660E-04  8.044815E-05  1.020098E-04  1.086732E-05
 2.771500E+02  1.107744E-01  3.688877E-05  3.103711E-09  4.079156E-09  4.539724E-09  5.419814E-09  4.932811E-01  1.815021E-03  6.361188E-05  3.078866E-01  2.890296E-03  2.442188E-04  3.984936E-06  5.034292E-03  3.256297E-06  1.082259E-05  2.575671E-07  7.330213E-02  3.513322E-05  3.620247E-07  3.168123E-07  1.824996E-03  2.483710E-03  1.289572E-04  7.462811E-05  9.466693E-05  1.024099E-05
 2.781500E+02  1.113728E-01  3.662672E-05  3.008565E-09  3.955407E-09  4.402322E-09  5.257385E-09  4.934328E-01  1.773415E-03  5.887440E-05  3.085607E-01  2.835906E-03  2.276590E-04  3.855104E-06  4.935294E-03  3.058842E-06  1.019835E-05  2.464117E-07  7.220719E-02  3.327498E-05  3.492419E-07  3.053698E-07  1.787759E-03  2.432898E-03  1.199867E-04  6.926634E-05  8.789969E-05  9.654219E-06
 2.791500E+02  1.119608E-01  3.636368E-05  2.916474E-09  3.835584E-09  4.269267E-09  5.100038E-09  4.935796E-01  1.733075E-03  5.452161E-05  3.092210E-01  2.782798E-03  2.123154E-04  3.730203E-06  4.838663E-03  2.874546E-06  9.613879E-06  2.357900E-07  7.113048E-02  3.152430E-05  3.369531E-07  2.943795E-07  1.751514E-03  2.383446E-03  1.116942E-04  6.432406E-05  8.165953E-05  9.104307E-06
 2.801500E+02  1.125385E-01  3.609985E-05  2.827345E-09  3.719571E-09  4.140431E-09  4.947627E-09  4.937217E-01  1.693956E-03  5.051987E-05  3.098681E-01  2.730940E-03  1.980925E-04  3.610027E-06  4.744340E-03  2.702463E-06  9.066425E-06  2.256747E-07  7.007181E-02  2.987451E-05  3.251386E-07  2.838231E-07  1.716231E-03  2.335312E-03  1.040248E-04  5.976598E-05  7.590229E-05  8.588764E-06
 2.811500E+02  1.131062E-01  3.583540E-05  2.741089E-09  3.607255E-09  4.015690E-09  4.800007E-09  4.938593E-01  1.656014E-03  4.683869E-05  3.105022E-01  2.680300E-03  1.849026E-04  3.494380E-06  4.652265E-03  2.541715E-06  8.553447E-06  2.160398E-07  6.903098E-02  2.831937E-05  3.137794E-07  2.736826E-07  1.681881E-03  2.288456E-03  9.692819E-05  5.555996E-05  7.058774E-05  8.105276E-06
 2.821500E+02  1.136638E-01  3.557049E-05  2.657619E-09  3.498525E-09  3.894922E-09  4.657039E-09  4.939926E-01  1.619206E-03  4.345039E-05  3.111236E-01  2.630848E-03  1.726655E-04  3.383072E-06  4.562383E-03  2.391497E-06  8.072588E-06  2.068610E-07  6.800776E-02  2.685305E-05  3.028573E-07  2.639410E-07  1.648435E-03  2.242839E-03  9.035847E-05  5.167675E-05  6.567925E-05  7.651694E-06
 2.831500E+02  1.142117E-01  3.530529E-05  2.576848E-09  3.393272E-09  3.778007E-09  4.518584E-09  4.941217E-01  1.583492E-03  4.032985E-05  3.117326E-01  2.582552E-03  1.613075E-04  3.275924E-06  4.474637E-03  2.251060E-06  7.621666E-06  1.981151E-07  6.700195E-02  2.547010E-05  2.923547E-07  2.545818E-07  1.615864E-03  2.198421E-03  8.427360E-05  4.808966E-05  6.114338E-05  7.226022E-06
 2.841500E+02  1.147499E-01  3.503996E-05  2.498694E-09  3.291392E-09  3.664829E-09  4.384508E-09  4.942470E-01  1.548833E-03  3.745424E-05  3.123295E-01  2.535383E-03  1.507608E-04  3.172764E-06  4.388974E-03  2.119717E-06  7.198657E-06  1.897801E-07  6.601334E-02  2.416542E-05  2.822548E-07  2.455894E-07  1.584143E-03  2.155167E-03  7.863511E-05  4.477437E-05  5.694966E-05  6.826407E-06
 2.851500E+02  1.152785E-01  3.477464E-05  2.423075E-09  3.192780E-09  3.555272E-09  4.254678E-09  4.943685E-01  1.515193E-03  3.480283E-05  3.129145E-01  2.489312E-03  1.409634E-04  3.073426E-06  4.305341E-03  1.996828E-06  6.801681E-06  1.818353E-07  6.504168E-02  2.293425E-05  2.725414E-07  2.369487E-07  1.553246E-03  2.113041E-03  7.340781E-05  4.170869E-05  5.307027E-05  6.451126E-06
 2.861500E+02  1.157977E-01  3.450948E-05  2.349911E-09  3.097335E-09  3.449226E-09  4.128967E-09  4.944863E-01  1.482534E-03  3.235674E-05  3.134880E-01  2.444311E-03  1.318582E-04  2.977754E-06  4.223685E-03  1.881804E-06  6.428998E-06  1.742610E-07  6.408676E-02  2.177213E-05  2.631991E-07  2.286451E-07  1.523147E-03  2.072008E-03  6.855942E-05  3.887237E-05  4.947980E-05  6.098577E-06
 2.871500E+02  1.163077E-01  3.424461E-05  2.279125E-09  3.004960E-09  3.346581E-09  4.007248E-09  4.946007E-01  1.450823E-03  3.009881E-05  3.140502E-01  2.400352E-03  1.233926E-04  2.885597E-06  4.143957E-03  1.774099E-06  6.078990E-06  1.670386E-07  6.314835E-02  2.067489E-05  2.542129E-07  2.206650E-07  1.493823E-03  2.032035E-03  6.406039E-05  3.624689E-05  4.615503E-05  5.767273E-06
 2.881500E+02  1.168086E-01  3.398016E-05  2.210642E-09  2.915557E-09  3.247232E-09  3.889397E-09  4.947117E-01  1.420026E-03  2.801341E-05  3.146014E-01  2.357407E-03  1.155186E-04  2.796811E-06  4.066108E-03  1.673208E-06  5.750155E-06  1.601505E-07  6.222622E-02  1.963861E-05  2.455685E-07  2.129948E-07  1.465250E-03  1.993089E-03  5.988362E-05  3.381535E-05  4.307474E-05  5.455827E-06
 2.891500E+02  1.173005E-01  3.371625E-05  2.144387E-09  2.829034E-09  3.151075E-09  3.775297E-09  4.948195E-01  1.390113E-03  2.608628E-05  3.151417E-01  2.315452E-03  1.081915E-04  2.711259E-06  3.990088E-03  1.578663E-06  5.441099E-06  1.535800E-07  6.132013E-02  1.865965E-05  2.372523E-07  2.056220E-07  1.437405E-03  1.955141E-03  5.600423E-05  3.156228E-05  4.021952E-05  5.162952E-06
 2.901500E+02  1.177835E-01  3.345300E-05  2.080289E-09  2.745299E-09  3.058010E-09  3.664829E-09  4.949242E-01  1.361052E-03  2.430445E-05  3.156715E-01  2.274459E-03  1.013707E-04  2.628808E-06  3.915852E-03  1.490030E-06  5.150525E-06  1.473112E-07  6.042985E-02  1.773459E-05  2.292509E-07  1.985343E-07  1.410267E-03  1.918159E-03  5.239943E-05  2.947355E-05  3.757161E-05  4.887448E-06
 2.911500E+02  1.182579E-01  3.319052E-05  2.018279E-09  2.664263E-09  2.967938E-09  3.557880E-09  4.950260E-01  1.332814E-03  2.265606E-05  3.161910E-01  2.234405E-03  9.501856E-05  2.549333E-06  3.843354E-03  1.406909E-06  4.877228E-06  1.413292E-07  5.955514E-02  1.686020E-05  2.215519E-07  1.917200E-07  1.383814E-03  1.882114E-03  4.904825E-05  2.753620E-05  3.511474E-05  4.628199E-06
 2.921500E+02  1.187238E-01  3.292891E-05  1.958289E-09  2.585840E-09  2.880764E-09  3.454340E-09  4.951249E-01  1.305371E-03  2.113031E-05  3.167004E-01  2.195265E-03  8.910041E-05  2.472714E-06  3.772549E-03  1.328925E-06  4.620089E-06  1.356198E-07  5.869576E-02  1.603350E-05  2.141431E-07  1.851679E-07  1.358026E-03  1.846979E-03  4.593145E-05  2.573839E-05  3.283401E-05  4.384165E-06
 2.931500E+02  1.191812E-01  3.266827E-05  1.900253E-09  2.509947E-09  2.796395E-09  3.354099E-09  4.952210E-01  1.278696E-03  1.971732E-05  3.171998E-01  2.157015E-03  8.358438E-05  2.398835E-06  3.703395E-03  1.255734E-06  4.378064E-06  1.301694E-07  5.785148E-02  1.525168E-05  2.070127E-07  1.788672E-07  1.332883E-03  1.812726E-03  4.303135E-05  2.406925E-05  3.071577E-05  4.154378E-06
 2.941500E+02  1.196304E-01  3.240869E-05  1.844108E-09  2.436500E-09  2.714741E-09  3.257054E-09  4.953145E-01  1.252763E-03  1.840807E-05  3.176896E-01  2.119633E-03  7.844105E-05  2.327586E-06  3.635848E-03  1.187016E-06  4.150184E-06  1.249654E-07  5.702206E-02  1.451208E-05  2.001498E-07  1.728077E-07  1.308367E-03  1.779329E-03  4.033169E-05  2.251881E-05  2.874750E-05  3.937934E-06
 2.951500E+02  1.200714E-01  3.215027E-05  1.789790E-09  2.365422E-09  2.635714E-09  3.163103E-09  4.954055E-01  1.227547E-03  1.719432E-05  3.181700E-01  2.083096E-03  7.364331E-05  2.258863E-06  3.569867E-03  1.122473E-06  3.935546E-06  1.199957E-07  5.620727E-02  1.381225E-05  1.935435E-07  1.669795E-07  1.284457E-03  1.746763E-03  3.781751E-05  2.107796E-05  2.691770E-05  3.733992E-06
 2.961500E+02  1.205045E-01  3.189309E-05  1.737240E-09  2.296635E-09  2.559228E-09  3.072145E-09  4.954939E-01  1.203025E-03  1.606851E-05  3.186411E-01  2.047382E-03  6.916616E-05  2.192564E-06  3.505413E-03  1.061828E-06  3.733309E-06  1.152487E-07  5.540686E-02  1.314986E-05  1.871837E-07  1.613731E-07  1.261138E-03  1.715002E-03  3.547505E-05  1.973831E-05  2.521584E-05  3.541768E-06
 2.971500E+02  1.209297E-01  3.163721E-05  1.686400E-09  2.230064E-09  2.485201E-09  2.984084E-09  4.955800E-01  1.179172E-03  1.502374E-05  3.191031E-01  2.012470E-03  6.498652E-05  2.128593E-06  3.442446E-03  1.004825E-06  3.542690E-06  1.107137E-07  5.462061E-02  1.252274E-05  1.810604E-07  1.559794E-07  1.238391E-03  1.684024E-03  3.329163E-05  1.849217E-05  2.363221E-05  3.360529E-06
 2.981500E+02  1.213472E-01  3.138272E-05  1.637212E-09  2.165636E-09  2.413552E-09  2.898828E-09  4.956638E-01  1.155967E-03  1.405369E-05  3.195562E-01  1.978339E-03  6.108306E-05  2.066858E-06  3.380928E-03  9.512263E-07  3.362958E-06  1.063803E-07  5.384828E-02  1.192886E-05  1.751643E-07  1.507899E-07  1.216200E-03  1.653805E-03  3.125560E-05  1.733246E-05  2.215793E-05  3.189593E-06
 2.991500E+02  1.217572E-01  3.112969E-05  1.589622E-09  2.103281E-09  2.344204E-09  2.816284E-09  4.957454E-01  1.133389E-03  1.315257E-05  3.200007E-01  1.944970E-03  5.743612E-05  2.007270E-06  3.320822E-03  9.008093E-07  3.193432E-06  1.022388E-07  5.308963E-02  1.136630E-05  1.694862E-07  1.457961E-07  1.194548E-03  1.624323E-03  2.935618E-05  1.625270E-05  2.078482E-05  3.028323E-06
 3.001500E+02  1.221597E-01  3.087817E-05  1.543577E-09  2.042931E-09  2.277081E-09  2.736366E-09  4.958248E-01  1.111416E-03  1.231505E-05  3.204367E-01  1.912343E-03  5.402751E-05  1.949746E-06  3.262092E-03  8.533683E-07  3.033479E-06  9.827982E-08  5.234444E-02  1.083326E-05  1.640175E-07  1.409902E-07  1.173420E-03  1.595556E-03  2.758346E-05  1.524691E-05  1.950534E-05  2.876124E-06
 3.011500E+02  1.225549E-01  3.062823E-05  1.499024E-09  1.984519E-09  2.212109E-09  2.658986E-09  4.959021E-01  1.090030E-03  1.153627E-05  3.208644E-01  1.880438E-03  5.084043E-05  1.894204E-06  3.204703E-03  8.087114E-07  2.882507E-06  9.449467E-08  5.161247E-02  1.032807E-05  1.587499E-07  1.363645E-07  1.152800E-03  1.567484E-03  2.592831E-05  1.430959E-05  1.831257E-05  2.732439E-06
 3.021500E+02  1.229430E-01  3.037992E-05  1.455914E-09  1.927981E-09  2.149217E-09  2.584062E-09  4.959775E-01  1.069211E-03  1.081176E-05  3.212839E-01  1.849238E-03  4.785932E-05  1.840567E-06  3.148620E-03  7.666602E-07  2.739961E-06  9.087497E-08  5.089350E-02  9.849132E-06  1.536754E-07  1.319117E-07  1.132675E-03  1.540087E-03  2.438227E-05  1.343571E-05  1.720014E-05  2.596750E-06
 3.031500E+02  1.233240E-01  3.013330E-05  1.414198E-09  1.873255E-09  2.088337E-09  2.511514E-09  4.960509E-01  1.048940E-03  1.013740E-05  3.216955E-01  1.818724E-03  4.506981E-05  1.788761E-06  3.093809E-03  7.270486E-07  2.605327E-06  8.741281E-08  5.018730E-02  9.394968E-06  1.487863E-07  1.276248E-07  1.113030E-03  1.513345E-03  2.293757E-05  1.262059E-05  1.616217E-05  2.468571E-06
 3.041500E+02  1.236981E-01  2.988840E-05  1.373830E-09  1.820280E-09  2.029401E-09  2.441263E-09  4.961225E-01  1.029201E-03  9.509436E-06  3.220993E-01  1.788879E-03  4.245861E-05  1.738716E-06  3.040239E-03  6.897220E-07  2.478123E-06  8.410069E-08  4.949365E-02  8.964181E-06  1.440752E-07  1.234971E-07  1.093851E-03  1.487240E-03  2.158700E-05  1.185995E-05  1.519325E-05  2.347449E-06
 3.051500E+02  1.240654E-01  2.964528E-05  1.334763E-09  1.768999E-09  1.972345E-09  2.373234E-09  4.961922E-01  1.009976E-03  8.924389E-06  3.224954E-01  1.759686E-03  4.001339E-05  1.690363E-06  2.987878E-03  6.545360E-07  2.357899E-06  8.093149E-08  4.881233E-02  8.555459E-06  1.395352E-07  1.195222E-07  1.075125E-03  1.461753E-03  2.032393E-05  1.114984E-05  1.428840E-05  2.232960E-06
 3.061500E+02  1.244261E-01  2.940398E-05  1.296955E-09  1.719354E-09  1.917106E-09  2.307353E-09  4.962602E-01  9.912491E-04  8.379073E-06  3.228841E-01  1.731128E-03  3.772275E-05  1.643636E-06  2.936694E-03  6.213566E-07  2.244234E-06  7.789842E-08  4.814311E-02  8.167571E-06  1.351596E-07  1.156940E-07  1.056838E-03  1.436866E-03  1.914220E-05  1.048661E-05  1.344302E-05  2.124707E-06
 3.071500E+02  1.247802E-01  2.916452E-05  1.260361E-09  1.671291E-09  1.863624E-09  2.243550E-09  4.963265E-01  9.730042E-04  7.870553E-06  3.232655E-01  1.703190E-03  3.557611E-05  1.598475E-06  2.886658E-03  5.900583E-07  2.136735E-06  7.499508E-08  4.748578E-02  7.799357E-06  1.309417E-07  1.120065E-07  1.038980E-03  1.412563E-03  1.803613E-05  9.866906E-06  1.265285E-05  2.022319E-06
 3.081500E+02  1.251279E-01  2.892695E-05  1.224943E-09  1.624756E-09  1.811840E-09  2.181755E-09  4.963911E-01  9.552263E-04  7.396130E-06  3.236397E-01  1.675856E-03  3.356368E-05  1.554820E-06  2.837741E-03  5.605243E-07  2.035034E-06  7.221537E-08  4.684013E-02  7.449727E-06  1.268755E-07  1.084541E-07  1.021537E-03  1.388828E-03  1.700048E-05  9.287617E-06  1.191397E-05  1.925448E-06
 3.091500E+02  1.254694E-01  2.869130E-05  1.190658E-09  1.579700E-09  1.761697E-09  2.121903E-09  4.964542E-01  9.379007E-04  6.953316E-06  3.240069E-01  1.649110E-03  3.167639E-05  1.512612E-06  2.789913E-03  5.326459E-07  1.938787E-06  6.955350E-08  4.620594E-02  7.117658E-06  1.229549E-07  1.050314E-07  1.004498E-03  1.365643E-03  1.603038E-05  8.745881E-06  1.122277E-05  1.833770E-06
 3.101500E+02  1.258046E-01  2.845759E-05  1.157470E-09  1.536071E-09  1.713140E-09  2.063928E-09  4.965157E-01  9.210134E-04  6.539817E-06  3.243672E-01  1.622937E-03  2.990580E-05  1.471799E-06  2.743149E-03  5.063211E-07  1.847674E-06  6.700396E-08  4.558301E-02  6.802185E-06  1.191744E-07  1.017332E-07  9.878524E-04  1.342994E-03  1.512132E-05  8.239051E-06  1.057590E-05  1.746980E-06
 3.111500E+02  1.261338E-01  2.822586E-05  1.125341E-09  1.493823E-09  1.666116E-09  2.007769E-09  4.965757E-01  9.045509E-04  6.153522E-06  3.247208E-01  1.597324E-03  2.824411E-05  1.432326E-06  2.697419E-03  4.814551E-07  1.761391E-06  6.456154E-08  4.497112E-02  6.502400E-06  1.155283E-07  9.855467E-08  9.715882E-04  1.320867E-03  1.426913E-05  7.764680E-06  9.970263E-06  1.664793E-06
 3.121500E+02  1.264571E-01  2.799611E-05  1.094235E-09  1.452908E-09  1.620574E-09  1.953365E-09  4.966343E-01  8.884999E-04  5.792480E-06  3.250679E-01  1.572256E-03  2.668405E-05  1.394143E-06  2.652699E-03  4.579591E-07  1.679657E-06  6.222127E-08  4.437008E-02  6.217451E-06  1.120115E-07  9.549092E-08  9.556953E-04  1.299245E-03  1.346995E-05  7.320507E-06  9.402999E-06  1.586941E-06
 3.131500E+02  1.267746E-01  2.776837E-05  1.064117E-09  1.413282E-09  1.576464E-09  1.900658E-09  4.966914E-01  8.728480E-04  5.454894E-06  3.254084E-01  1.547720E-03  2.521888E-05  1.357204E-06  2.608963E-03  4.357504E-07  1.602208E-06  5.997845E-08  4.377969E-02  5.946532E-06  1.086190E-07  9.253745E-08  9.401634E-04  1.278116E-03  1.272020E-05  6.904439E-06  8.871461E-06  1.513173E-06
 3.141500E+02  1.270863E-01  2.754267E-05  1.034954E-09  1.374902E-09  1.533737E-09  1.849592E-09  4.967472E-01  8.575829E-04  5.139102E-06  3.257427E-01  1.523703E-03  2.384235E-05  1.321460E-06  2.566185E-03  4.147515E-07  1.528797E-06  5.782857E-08  4.319974E-02  5.688889E-06  1.053459E-07  8.968990E-08  9.249826E-04  1.257466E-03  1.201656E-05  6.514541E-06  8.373197E-06  1.443255E-06
 3.151500E+02  1.273924E-01  2.731900E-05  1.006714E-09  1.337725E-09  1.492349E-09  1.800111E-09  4.968017E-01  8.426930E-04  4.843570E-06  3.260708E-01  1.500191E-03  2.254865E-05  1.286869E-06  2.524342E-03  3.948900E-07  1.459190E-06  5.576740E-08  4.263004E-02  5.443806E-06  1.021875E-07  8.694409E-08  9.101433E-04  1.237281E-03  1.135593E-05  6.149019E-06  7.905939E-06  1.376967E-06
 3.161500E+02  1.276931E-01  2.709740E-05  9.793645E-10  1.301712E-09  1.452252E-09  1.752163E-09  4.968549E-01  8.281668E-04  4.566880E-06  3.263929E-01  1.477172E-03  2.133236E-05  1.253387E-06  2.483411E-03  3.760981E-07  1.393171E-06  5.379088E-08  4.207040E-02  5.210614E-06  9.913955E-08  8.429601E-08  8.956363E-04  1.217549E-03  1.073546E-05  5.806213E-06  7.467582E-06  1.314101E-06
 3.171500E+02  1.279883E-01  2.687786E-05  9.528758E-10  1.266822E-09  1.413406E-09  1.705698E-09  4.969069E-01  8.139935E-04  4.307723E-06  3.267090E-01  1.454634E-03  2.018845E-05  1.220973E-06  2.443367E-03  3.583126E-07  1.330535E-06  5.189516E-08  4.152064E-02  4.988678E-06  9.619769E-08  8.174183E-08  8.814525E-04  1.198258E-03  1.015250E-05  5.484584E-06  7.056179E-06  1.254463E-06
 3.181500E+02  1.282783E-01  2.666040E-05  9.272189E-10  1.233019E-09  1.375766E-09  1.660665E-09  4.969576E-01  8.001626E-04  4.064885E-06  3.270194E-01  1.432566E-03  1.911226E-05  1.189589E-06  2.404190E-03  3.414742E-07  1.271091E-06  5.007658E-08  4.098055E-02  4.777402E-06  9.335786E-08  7.927789E-08  8.675832E-04  1.179396E-03  9.604570E-06  5.182708E-06  6.669920E-06  1.197872E-06
 3.191500E+02  1.285631E-01  2.644502E-05  9.023654E-10  1.200266E-09  1.339293E-09  1.617018E-09  4.970072E-01  7.866638E-04  3.837245E-06  3.273240E-01  1.410954E-03  1.809942E-05  1.159197E-06  2.365857E-03  3.255274E-07  1.214659E-06  4.833166E-08  4.044997E-02  4.576225E-06  9.061616E-08  7.690064E-08  8.540199E-04  1.160950E-03  9.089387E-06  4.899259E-06  6.307130E-06  1.144157E-06
 3.201500E+02  1.288428E-01  2.623173E-05  8.782881E-10  1.168528E-09  1.303949E-09  1.574710E-09  4.970556E-01  7.734874E-04  3.623763E-06  3.276231E-01  1.389790E-03  1.714588E-05  1.129762E-06  2.328347E-03  3.104201E-07  1.161071E-06  4.665709E-08  3.992871E-02  4.384614E-06  8.796883E-08  7.460673E-08  8.407545E-04  1.142911E-03  8.604816E-06  4.633012E-06  5.966252E-06  1.093156E-06
 3.211500E+02  1.291175E-01  2.602053E-05  8.549609E-10  1.137770E-09  1.269694E-09  1.533696E-09  4.971029E-01  7.606239E-04  3.423479E-06  3.279168E-01  1.369060E-03  1.624788E-05  1.101247E-06  2.291640E-03  2.961038E-07  1.110168E-06  4.504972E-08  3.941659E-02  4.202071E-06  8.541227E-08  7.239292E-08  8.277790E-04  1.125267E-03  8.148875E-06  4.382827E-06  5.645840E-06  1.044719E-06
 3.221500E+02  1.293873E-01  2.581143E-05  8.323582E-10  1.107960E-09  1.236493E-09  1.493935E-09  4.971492E-01  7.480640E-04  3.235501E-06  3.282051E-01  1.348756E-03  1.540189E-05  1.073621E-06  2.255716E-03  2.825327E-07  1.061800E-06  4.350655E-08  3.891345E-02  4.028123E-06  8.294304E-08  7.025610E-08  8.150857E-04  1.108007E-03  7.719722E-06  4.147646E-06  5.344554E-06  9.987039E-07
 3.231500E+02  1.296524E-01  2.560442E-05  8.104556E-10  1.079066E-09  1.204310E-09  1.455383E-09  4.971944E-01  7.357990E-04  3.059001E-06  3.284882E-01  1.328866E-03  1.460463E-05  1.046852E-06  2.220555E-03  2.696642E-07  1.015829E-06  4.202474E-08  3.841910E-02  3.862324E-06  8.055782E-08  6.819331E-08  8.026671E-04  1.091121E-03  7.315640E-06  3.926487E-06  5.061145E-06  9.549776E-07
 3.241500E+02  1.299128E-01  2.539951E-05  7.892295E-10  1.051057E-09  1.173111E-09  1.418002E-09  4.972385E-01  7.238204E-04  2.893214E-06  3.287662E-01  1.309380E-03  1.385306E-05  1.020908E-06  2.186138E-03  2.574580E-07  9.721231E-07  4.060155E-08  3.793337E-02  3.704254E-06  7.825343E-08  6.620169E-08  7.905160E-04  1.074600E-03  6.935032E-06  3.718437E-06  4.794454E-06  9.134145E-07
 3.251500E+02  1.301685E-01  2.519668E-05  7.686571E-10  1.023903E-09  1.142864E-09  1.381752E-09  4.972817E-01  7.121199E-04  2.737429E-06  3.290392E-01  1.290289E-03  1.314432E-05  9.957606E-07  2.152447E-03  2.458767E-07  9.305580E-07  3.923442E-08  3.745612E-02  3.553516E-06  7.602683E-08  6.427852E-08  7.786254E-04  1.058434E-03  6.576410E-06  3.522646E-06  4.543403E-06  8.738967E-07
 3.261500E+02  1.304198E-01  2.499595E-05  7.487163E-10  9.975769E-10  1.113537E-09  1.346596E-09  4.973240E-01  7.006894E-04  2.590985E-06  3.293073E-01  1.271584E-03  1.247575E-05  9.713816E-07  2.119464E-03  2.348848E-07  8.910177E-07  3.792087E-08  3.698716E-02  3.409734E-06  7.387510E-08  6.242118E-08  7.669885E-04  1.042613E-03  6.238388E-06  3.338324E-06  4.306989E-06  8.363133E-07
 3.271500E+02  1.306666E-01  2.479730E-05  7.293859E-10  9.720502E-10  1.085098E-09  1.312498E-09  4.973653E-01  6.895214E-04  2.453269E-06  3.295706E-01  1.253254E-03  1.184488E-05  9.477439E-07  2.087172E-03  2.244493E-07  8.533930E-07  3.665857E-08  3.652635E-02  3.272556E-06  7.179542E-08  6.062715E-08  7.555987E-04  1.027129E-03  5.919674E-06  3.164739E-06  4.084279E-06  8.005598E-07
 3.281500E+02  1.309091E-01  2.460073E-05  7.106454E-10  9.472963E-10  1.057519E-09  1.279423E-09  4.974057E-01  6.786083E-04  2.323711E-06  3.298291E-01  1.235292E-03  1.124939E-05  9.248214E-07  2.055554E-03  2.145390E-07  8.175808E-07  3.544529E-08  3.607352E-02  3.141646E-06  6.978510E-08  5.889403E-08  7.444496E-04  1.011972E-03  5.619064E-06  3.001204E-06  3.874403E-06  7.665378E-07
 3.291500E+02  1.311473E-01  2.440623E-05  6.924750E-10  9.232895E-10  1.030772E-09  1.247337E-09  4.974452E-01  6.679430E-04  2.201784E-06  3.300831E-01  1.217688E-03  1.068711E-05  9.025891E-07  2.024592E-03  2.051248E-07  7.834842E-07  3.427889E-08  3.562852E-02  3.016687E-06  6.784157E-08  5.721952E-08  7.335349E-04  9.971352E-04  5.335434E-06  2.847084E-06  3.676551E-06  7.341548E-07
 3.301500E+02  1.313814E-01  2.421379E-05  6.748556E-10  9.000051E-10  1.004827E-09  1.216207E-09  4.974838E-01  6.575184E-04  2.086993E-06  3.303325E-01  1.200433E-03  1.015603E-05  8.810229E-07  1.994272E-03  1.961791E-07  7.510120E-07  3.315735E-08  3.519120E-02  2.897382E-06  6.596233E-08  5.560138E-08  7.228487E-04  9.826091E-04  5.067736E-06  2.701786E-06  3.489969E-06  7.033236E-07
 3.311500E+02  1.316114E-01  2.402341E-05  6.577687E-10  8.774191E-10  9.796595E-10  1.186003E-09  4.975217E-01  6.473280E-04  1.978881E-06  3.305776E-01  1.183520E-03  9.654259E-06  8.600998E-07  1.964577E-03  1.876762E-07  7.200782E-07  3.207874E-08  3.476142E-02  2.783446E-06  6.414501E-08  5.403751E-08  7.123850E-04  9.683860E-04  4.814993E-06  2.564756E-06  3.313955E-06  6.739620E-07
 3.321500E+02  1.318374E-01  2.383508E-05  6.411967E-10  8.555082E-10  9.552430E-10  1.156694E-09  4.975587E-01  6.373651E-04  1.877023E-06  3.308183E-01  1.166940E-03  9.180032E-06  8.397975E-07  1.935493E-03  1.795918E-07  6.906017E-07  3.104123E-08  3.433902E-02  2.674614E-06  6.238732E-08  5.252586E-08  7.021384E-04  9.544583E-04  4.576290E-06  2.435479E-06  3.147851E-06  6.459925E-07
 3.331500E+02  1.320595E-01  2.364878E-05  6.251224E-10  8.342503E-10  9.315529E-10  1.128250E-09  4.975949E-01  6.276234E-04  1.781022E-06  3.310547E-01  1.150685E-03  8.731699E-06  8.200948E-07  1.907004E-03  1.719032E-07  6.625063E-07  3.004305E-08  3.392386E-02  2.570631E-06  6.068706E-08  5.106448E-08  6.921031E-04  9.408184E-04  4.350774E-06  2.313475E-06  2.991047E-06  6.193421E-07
 3.341500E+02  1.322777E-01  2.346450E-05  6.095291E-10  8.136238E-10  9.085652E-10  1.100644E-09  4.976303E-01  6.180970E-04  1.690507E-06  3.312871E-01  1.134749E-03  8.307715E-06  8.009710E-07  1.879095E-03  1.645888E-07  6.357199E-07  2.908253E-08  3.351580E-02  2.471259E-06  5.904213E-08  4.965150E-08  6.822739E-04  9.274591E-04  4.137648E-06  2.198295E-06  2.842971E-06  5.939421E-07
 3.351500E+02  1.324922E-01  2.328224E-05  5.944009E-10  7.936078E-10  8.862569E-10  1.073847E-09  4.976650E-01  6.087798E-04  1.605136E-06  3.315153E-01  1.119123E-03  7.906637E-06  7.824065E-07  1.851754E-03  1.576285E-07  6.101748E-07  2.815809E-08  3.311471E-02  2.376272E-06  5.745051E-08  4.828510E-08  6.726456E-04  9.143732E-04  3.936167E-06  2.089522E-06  2.703091E-06  5.697274E-07
 3.361500E+02  1.327029E-01  2.310198E-05  5.797225E-10  7.741823E-10  8.646055E-10  1.047834E-09  4.976990E-01  5.996661E-04  1.524587E-06  3.317395E-01  1.103799E-03  7.527113E-06  7.643823E-07  1.824967E-03  1.510032E-07  5.858067E-07  2.726819E-08  3.272045E-02  2.285454E-06  5.591025E-08  4.696358E-08  6.632132E-04  9.015538E-04  3.745634E-06  1.986763E-06  2.570909E-06  5.466368E-07
 3.371500E+02  1.329100E-01  2.292371E-05  5.654789E-10  7.553279E-10  8.435897E-10  1.022579E-09  4.977322E-01  5.907505E-04  1.448562E-06  3.319599E-01  1.088772E-03  7.167877E-06  7.468800E-07  1.798719E-03  1.446952E-07  5.625554E-07  2.641140E-08  3.233288E-02  2.198603E-06  5.441949E-08  4.568526E-08  6.539717E-04  8.889944E-04  3.565398E-06  1.889655E-06  2.445960E-06  5.246124E-07
 3.381500E+02  1.331136E-01  2.274740E-05  5.516558E-10  7.370260E-10  8.231886E-10  9.980579E-10  4.977648E-01  5.820276E-04  1.376781E-06  3.321764E-01  1.074035E-03  6.827742E-06  7.298822E-07  1.772998E-03  1.386875E-07  5.403638E-07  2.558631E-08  3.195189E-02  2.115527E-06  5.297643E-08  4.444857E-08  6.449165E-04  8.766884E-04  3.394849E-06  1.797856E-06  2.327810E-06  5.035997E-07
 3.391500E+02  1.333137E-01  2.257306E-05  5.382393E-10  7.192584E-10  8.033821E-10  9.742460E-10  4.977967E-01  5.734922E-04  1.308984E-06  3.323892E-01  1.059579E-03  6.505599E-06  7.133719E-07  1.747792E-03  1.329643E-07  5.191780E-07  2.479162E-08  3.157733E-02  2.036044E-06  5.157935E-08  4.325196E-08  6.360429E-04  8.646295E-04  3.233416E-06  1.711047E-06  2.216051E-06  4.835472E-07
 3.401500E+02  1.335104E-01  2.240067E-05  5.252161E-10  7.020077E-10  7.841510E-10  9.511209E-10  4.978279E-01  5.651393E-04  1.244927E-06  3.325983E-01  1.045400E-03  6.200407E-06  6.973329E-07  1.723089E-03  1.275106E-07  4.989472E-07  2.402607E-08  3.120909E-02  1.959981E-06  5.022660E-08  4.209398E-08  6.273464E-04  8.528117E-04  3.080565E-06  1.628932E-06  2.110305E-06  4.644061E-07
 3.411500E+02  1.337038E-01  2.223020E-05  5.125733E-10  6.852571E-10  7.654765E-10  9.286605E-10  4.978585E-01  5.569641E-04  1.184385E-06  3.328038E-01  1.031490E-03  5.911188E-06  6.817494E-07  1.698875E-03  1.223123E-07  4.796234E-07  2.328844E-08  3.084705E-02  1.887175E-06  4.891659E-08  4.097322E-08  6.188227E-04  8.412290E-04  2.935796E-06  1.551231E-06  2.010216E-06  4.461306E-07
 3.421500E+02  1.338938E-01  2.206165E-05  5.002984E-10  6.689905E-10  7.473405E-10  9.068432E-10  4.978884E-01  5.489618E-04  1.127145E-06  3.330058E-01  1.017844E-03  5.637028E-06  6.666064E-07  1.675141E-03  1.173561E-07  4.611612E-07  2.257760E-08  3.049107E-02  1.817470E-06  4.764778E-08  3.988833E-08  6.104676E-04  8.298756E-04  2.798639E-06  1.477683E-06  1.915451E-06  4.286770E-07
 3.431500E+02  1.340807E-01  2.189500E-05  4.883795E-10  6.531920E-10  7.297258E-10  8.856485E-10  4.979178E-01  5.411278E-04  1.073009E-06  3.332043E-01  1.004455E-03  5.377069E-06  6.518894E-07  1.651874E-03  1.126295E-07  4.435177E-07  2.189244E-08  3.014106E-02  1.750721E-06  4.641873E-08  3.883800E-08  6.022769E-04  8.187459E-04  2.668657E-06  1.408045E-06  1.825699E-06  4.120044E-07
 3.441500E+02  1.342644E-01  2.173024E-05  4.768050E-10  6.378466E-10  7.126154E-10  8.650563E-10  4.979465E-01  5.334579E-04  1.021792E-06  3.333994E-01  9.913173E-04  5.130504E-06  6.375844E-07  1.629063E-03  1.081207E-07  4.266523E-07  2.123191E-08  2.979688E-02  1.686786E-06  4.522800E-08  3.782100E-08  5.942467E-04  8.078345E-04  2.545435E-06  1.342088E-06  1.740668E-06  3.960739E-07
 3.451500E+02  1.344450E-01  2.156734E-05  4.655636E-10  6.229397E-10  6.959931E-10  8.450476E-10  4.979747E-01  5.259477E-04  9.733197E-07  3.335912E-01  9.784258E-04  4.896577E-06  6.236779E-07  1.606698E-03  1.038185E-07  4.105266E-07  2.059503E-08  2.945844E-02  1.625535E-06  4.407425E-08  3.683612E-08  5.863731E-04  7.971362E-04  2.428589E-06  1.279598E-06  1.660084E-06  3.808487E-07
 3.461500E+02  1.346225E-01  2.140629E-05  4.546446E-10  6.084572E-10  6.798432E-10  8.256036E-10  4.980023E-01  5.185930E-04  9.274314E-07  3.337798E-01  9.657745E-04  4.674578E-06  6.101569E-07  1.584769E-03  9.971233E-08  3.951044E-07  1.998082E-08  2.912561E-02  1.566842E-06  4.295617E-08  3.588221E-08  5.786523E-04  7.866457E-04  2.317756E-06  1.220374E-06  1.583693E-06  3.662942E-07
 3.471500E+02  1.347971E-01  2.124707E-05  4.440376E-10  5.943854E-10  6.641507E-10  8.067063E-10  4.980294E-01  5.113898E-04  8.839748E-07  3.339652E-01  9.533581E-04  4.463840E-06  5.970090E-07  1.563264E-03  9.579228E-08  3.803514E-07  1.938838E-08  2.879829E-02  1.510588E-06  4.187252E-08  3.495818E-08  5.710807E-04  7.763581E-04  2.212596E-06  1.164230E-06  1.511253E-06  3.523775E-07
 3.481500E+02  1.349688E-01  2.108967E-05  4.337325E-10  5.807113E-10  6.489009E-10  7.883386E-10  4.980559E-01  5.043343E-04  8.428082E-07  3.341475E-01  9.411713E-04  4.263736E-06  5.842222E-07  1.542175E-03  9.204895E-08  3.662350E-07  1.881684E-08  2.847637E-02  1.456659E-06  4.082208E-08  3.406295E-08  5.636547E-04  7.662686E-04  2.112790E-06  1.110987E-06  1.442539E-06  3.390673E-07
 3.491500E+02  1.351377E-01  2.093408E-05  4.237196E-10  5.674220E-10  6.340798E-10  7.704835E-10  4.980819E-01  4.974226E-04  8.037983E-07  3.343267E-01  9.292089E-04  4.073679E-06  5.717847E-07  1.521491E-03  8.847346E-08  3.527245E-07  1.826535E-08  2.815975E-02  1.404950E-06  3.980370E-08  3.319551E-08  5.563709E-04  7.563724E-04  2.018038E-06  1.060482E-06  1.377341E-06  3.263344E-07
 3.501500E+02  1.353037E-01  2.078026E-05  4.139895E-10  5.545055E-10  6.196736E-10  7.531249E-10  4.981074E-01  4.906511E-04  7.668208E-07  3.345029E-01  9.174660E-04  3.893113E-06  5.596855E-07  1.501204E-03  8.505741E-08  3.397908E-07  1.773313E-08  2.784833E-02  1.355357E-06  3.881626E-08  3.235487E-08  5.492258E-04  7.466649E-04  1.928058E-06  1.012559E-06  1.315460E-06  3.141508E-07
 3.511500E+02  1.354670E-01  2.062821E-05  4.045332E-10  5.419498E-10  6.056692E-10  7.362472E-10  4.981324E-01  4.840163E-04  7.317589E-07  3.346761E-01  9.059375E-04  3.721519E-06  5.479138E-07  1.481304E-03  8.179288E-08  3.274063E-07  1.721941E-08  2.754200E-02  1.307784E-06  3.785870E-08  3.154009E-08  5.422162E-04  7.371417E-04  1.842587E-06  9.670732E-07  1.256710E-06  3.024900E-07
 3.521500E+02  1.356276E-01  2.047790E-05  3.953421E-10  5.297436E-10  5.920540E-10  7.198352E-10  4.981570E-01  4.775146E-04  6.985030E-07  3.348465E-01  8.946189E-04  3.558406E-06  5.364591E-07  1.461782E-03  7.867238E-08  3.155447E-07  1.672345E-08  2.724067E-02  1.262140E-06  3.692998E-08  3.075027E-08  5.353390E-04  7.277985E-04  1.761375E-06  9.238874E-07  1.200916E-06  2.913271E-07
 3.531500E+02  1.357855E-01  2.032933E-05  3.864075E-10  5.178758E-10  5.788157E-10  7.038745E-10  4.981810E-01  4.711428E-04  6.669505E-07  3.350141E-01  8.835053E-04  3.403315E-06  5.253114E-07  1.442629E-03  7.568880E-08  3.041815E-07  1.624457E-08  2.694425E-02  1.218336E-06  3.602911E-08  2.998454E-08  5.285911E-04  7.186310E-04  1.684188E-06  8.828736E-07  1.147915E-06  2.806384E-07
 3.541500E+02  1.359409E-01  2.018247E-05  3.777215E-10  5.063357E-10  5.659423E-10  6.883509E-10  4.982046E-01  4.648976E-04  6.370052E-07  3.351789E-01  8.725924E-04  3.255812E-06  5.144612E-07  1.423838E-03  7.283544E-08  2.932930E-07  1.578209E-08  2.665264E-02  1.176291E-06  3.515513E-08  2.924205E-08  5.219693E-04  7.096351E-04  1.610808E-06  8.439112E-07  1.097551E-06  2.704013E-07
 3.551500E+02  1.360938E-01  2.003730E-05  3.692762E-10  4.951130E-10  5.534226E-10  6.732507E-10  4.982277E-01  4.587758E-04  6.085766E-07  3.353410E-01  8.618756E-04  3.115488E-06  5.038990E-07  1.405399E-03  7.010594E-08  2.828570E-07  1.533538E-08  2.636574E-02  1.135924E-06  3.430713E-08  2.852200E-08  5.154709E-04  7.008069E-04  1.541026E-06  8.068872E-07  1.049681E-06  2.605945E-07
 3.561500E+02  1.362441E-01  1.989381E-05  3.610639E-10  4.841979E-10  5.412454E-10  6.585609E-10  4.982504E-01  4.527745E-04  5.815799E-07  3.355004E-01  8.513508E-04  2.981959E-06  4.936158E-07  1.387305E-03  6.749431E-08  2.728525E-07  1.490383E-08  2.608347E-02  1.097162E-06  3.348423E-08  2.782362E-08  5.090930E-04  6.921424E-04  1.474649E-06  7.716951E-07  1.004167E-06  2.511979E-07
 3.571500E+02  1.363920E-01  1.975197E-05  3.530774E-10  4.735807E-10  5.294001E-10  6.442687E-10  4.982726E-01  4.468905E-04  5.559354E-07  3.356572E-01  8.410136E-04  2.854863E-06  4.836031E-07  1.369548E-03  6.499485E-08  2.632592E-07  1.448684E-08  2.580574E-02  1.059932E-06  3.268557E-08  2.714617E-08  5.028327E-04  6.836380E-04  1.411494E-06  7.382348E-07  9.608825E-07  2.421922E-07
 3.581500E+02  1.365375E-01  1.961178E-05  3.453095E-10  4.632522E-10  5.178763E-10  6.303619E-10  4.982945E-01  4.411211E-04  5.315683E-07  3.358115E-01  8.308601E-04  2.733860E-06  4.738524E-07  1.352121E-03  6.260217E-08  2.540584E-07  1.408386E-08  2.553246E-02  1.024167E-06  3.191034E-08  2.648891E-08  4.966874E-04  6.752899E-04  1.351388E-06  7.064122E-07  9.197057E-07  2.335593E-07
 3.591500E+02  1.366807E-01  1.947321E-05  3.377535E-10  4.532033E-10  5.066641E-10  6.168286E-10  4.983159E-01  4.354635E-04  5.084082E-07  3.359632E-01  8.208861E-04  2.618627E-06  4.643557E-07  1.335016E-03  6.031117E-08  2.452318E-07  1.369436E-08  2.526354E-02  9.898025E-07  3.115775E-08  2.585117E-08  4.906545E-04  6.670945E-04  1.294168E-06  6.761388E-07  8.805235E-07  2.252820E-07
 3.601500E+02  1.368216E-01  1.933624E-05  3.304027E-10  4.434255E-10  4.957538E-10  6.036573E-10  4.983369E-01  4.299149E-04  4.863890E-07  3.361125E-01  8.110880E-04  2.508861E-06  4.551051E-07  1.318225E-03  5.811701E-08  2.367624E-07  1.331782E-08  2.499892E-02  9.567767E-07  3.042704E-08  2.523228E-08  4.847314E-04  6.590484E-04  1.239683E-06  6.473313E-07  8.432290E-07  2.173437E-07
 3.611500E+02  1.369602E-01  1.920086E-05  3.232508E-10  4.339104E-10  4.851362E-10  5.908370E-10  4.983575E-01  4.244727E-04  4.654485E-07  3.362594E-01  8.014618E-04  2.404277E-06  4.460932E-07  1.301743E-03  5.601510E-08  2.286340E-07  1.295374E-08  2.473849E-02  9.250313E-07  2.971747E-08  2.463160E-08  4.789157E-04  6.511482E-04  1.187786E-06  6.199111E-07  8.077218E-07  2.097290E-07
 3.621500E+02  1.370966E-01  1.906704E-05  3.162916E-10  4.246499E-10  4.748023E-10  5.783569E-10  4.983778E-01  4.191343E-04  4.455283E-07  3.364040E-01  7.920039E-04  2.304605E-06  4.373127E-07  1.285561E-03  5.400111E-08  2.208310E-07  1.260166E-08  2.448219E-02  8.945105E-07  2.902836E-08  2.404851E-08  4.732048E-04  6.433906E-04  1.138343E-06  5.938045E-07  7.739069E-07  2.024232E-07
 3.631500E+02  1.372308E-01  1.893478E-05  3.095192E-10  4.156362E-10  4.647433E-10  5.662067E-10  4.983977E-01  4.138973E-04  4.265734E-07  3.365462E-01  7.827106E-04  2.209591E-06  4.287565E-07  1.269673E-03  5.207092E-08  2.133388E-07  1.226113E-08  2.422994E-02  8.651614E-07  2.835901E-08  2.348243E-08  4.675966E-04  6.357724E-04  1.091226E-06  5.689418E-07  7.416953E-07  1.954121E-07
 3.641500E+02  1.373629E-01  1.880405E-05  3.029278E-10  4.068617E-10  4.549510E-10  5.543764E-10  4.984172E-01  4.087592E-04  4.085319E-07  3.366861E-01  7.735785E-04  2.118995E-06  4.204180E-07  1.254074E-03  5.022060E-08  2.061434E-07  1.193171E-08  2.398166E-02  8.369334E-07  2.770877E-08  2.293279E-08  4.620886E-04  6.282905E-04  1.046314E-06  5.452575E-07  7.110027E-07  1.886825E-07
 3.651500E+02  1.374929E-01  1.867484E-05  2.965118E-10  3.983192E-10  4.454171E-10  5.428563E-10  4.984363E-01  4.037177E-04  3.913551E-07  3.368238E-01  7.646041E-04  2.032590E-06  4.122905E-07  1.238755E-03  4.844646E-08  1.992316E-07  1.161299E-08  2.373727E-02  8.097785E-07  2.707703E-08  2.239903E-08  4.566786E-04  6.209418E-04  1.003492E-06  5.226897E-07  6.817497E-07  1.822216E-07
 3.661500E+02  1.376208E-01  1.854712E-05  2.902660E-10  3.900016E-10  4.361339E-10  5.316370E-10  4.984551E-01  3.987705E-04  3.749971E-07  3.369593E-01  7.557841E-04  1.950162E-06  4.043678E-07  1.223712E-03  4.674498E-08  1.925909E-07  1.130457E-08  2.349670E-02  7.836508E-07  2.646316E-08  2.188062E-08  4.513645E-04  6.137233E-04  9.626525E-07  5.011802E-07  6.538617E-07  1.760175E-07
 3.671500E+02  1.377467E-01  1.842089E-05  2.841851E-10  3.819021E-10  4.270937E-10  5.207096E-10  4.984736E-01  3.939154E-04  3.594147E-07  3.370927E-01  7.471153E-04  1.871509E-06  3.966437E-07  1.208938E-03  4.511282E-08  1.862091E-07  1.100607E-08  2.325988E-02  7.585065E-07  2.586660E-08  2.137707E-08  4.461441E-04  6.066323E-04  9.236949E-07  4.806740E-07  6.272680E-07  1.700586E-07
 3.681500E+02  1.378707E-01  1.829611E-05  2.782641E-10  3.740142E-10  4.182893E-10  5.100653E-10  4.984917E-01  3.891502E-04  3.445670E-07  3.372240E-01  7.385944E-04  1.796441E-06  3.891124E-07  1.194427E-03  4.354680E-08  1.800749E-07  1.071713E-08  2.302674E-02  7.343042E-07  2.528676E-08  2.088787E-08  4.410154E-04  5.996658E-04  8.865229E-07  4.611194E-07  6.019021E-07  1.643341E-07
 3.691500E+02  1.379927E-01  1.817278E-05  2.724981E-10  3.663314E-10  4.097135E-10  4.996956E-10  4.985095E-01  3.844728E-04  3.304157E-07  3.373532E-01  7.302183E-04  1.724776E-06  3.817681E-07  1.180173E-03  4.204392E-08  1.741775E-07  1.043739E-08  2.279721E-02  7.110040E-07  2.472313E-08  2.041256E-08  4.359764E-04  5.928212E-04  8.510459E-07  4.424672E-07  5.777011E-07  1.588337E-07
 3.701500E+02  1.381129E-01  1.805088E-05  2.668826E-10  3.588476E-10  4.013596E-10  4.895923E-10  4.985270E-01  3.798813E-04  3.169245E-07  3.374804E-01  7.219840E-04  1.656345E-06  3.746054E-07  1.166172E-03  4.060132E-08  1.685065E-07  1.016652E-08  2.257123E-02  6.885682E-07  2.417516E-08  1.995068E-08  4.310251E-04  5.860958E-04  8.171783E-07  4.246715E-07  5.546056E-07  1.535475E-07
 3.711500E+02  1.382311E-01  1.793039E-05  2.614129E-10  3.515569E-10  3.932208E-10  4.797477E-10  4.985442E-01  3.753735E-04  3.040593E-07  3.376056E-01  7.138886E-04  1.590985E-06  3.676189E-07  1.152417E-03  3.921627E-08  1.630522E-07  9.904192E-09  2.234872E-02  6.669606E-07  2.364236E-08  1.950180E-08  4.261596E-04  5.794870E-04  7.848393E-07  4.076886E-07  5.325597E-07  1.484661E-07
 3.721500E+02  1.383476E-01  1.781130E-05  2.560847E-10  3.444534E-10  3.852908E-10  4.701539E-10  4.985611E-01  3.709476E-04  2.917878E-07  3.377289E-01  7.059292E-04  1.528546E-06  3.608035E-07  1.138903E-03  3.788620E-08  1.578051E-07  9.650102E-09  2.212963E-02  6.461467E-07  2.312424E-08  1.906549E-08  4.213780E-04  5.729923E-04  7.539524E-07  3.914773E-07  5.115104E-07  1.435805E-07
 3.731500E+02  1.384622E-01  1.769358E-05  2.508937E-10  3.375318E-10  3.775634E-10  4.608036E-10  4.985777E-01  3.666017E-04  2.800797E-07  3.378502E-01  6.981029E-04  1.468881E-06  3.541542E-07  1.125626E-03  3.660865E-08  1.527563E-07  9.403952E-09  2.191389E-02  6.260937E-07  2.262033E-08  1.864134E-08  4.166786E-04  5.666091E-04  7.244454E-07  3.759987E-07  4.914077E-07  1.388824E-07
