#         T/K            c1          c2-1          c3-4          c3-5          c3-7          c3-9            m1          m2-1          m3-1            w1            w2          w3-1          w3-2          c1m1        c1m2-1        c1m2-7        c2m1-1        c1w1-2        c1w2-1        c2w1-1        c2w1-9        m1w1-1        m1w1-4        m1w2-1        m2w1-1        m2w1-3      c1m1w1-1
 2.731500E+02  4.243035E-01  6.355402E-04  2.520383E-07  3.308063E-07  3.680483E-07  4.388519E-07  9.722234E-02  8.480306E-05  7.983924E-07  2.248145E-01  1.850117E-03  1.548598E-04  2.172849E-06  4.604186E-03  7.633851E-07  2.504909E-06  1.112147E-06  2.454173E-01  1.110050E-04  5.640946E-06  4.953348E-06  3.149960E-04  4.287945E-04  2.207384E-05  3.456388E-06  4.377562E-06  8.833690E-06
 2.741500E+02  4.259829E-01  6.280797E-04  2.423024E-07  3.181355E-07  3.539774E-07  4.222071E-07  9.728425E-02  8.275187E-05  7.361321E-07  2.264716E-01  1.830616E-03  1.459277E-04  2.127091E-06  4.499523E-03  7.132947E-07  2.348127E-06  1.056850E-06  2.421827E-01  1.056091E-04  5.432557E-06  4.766245E-06  3.096724E-04  4.215209E-04  2.066100E-05  3.211543E-06  4.069082E-06  8.324110E-06
 2.751500E+02  4.276394E-01  6.207362E-04  2.330009E-07  3.060257E-07  3.405286E-07  4.062931E-07  9.734435E-02  8.076528E-05  6.791433E-07  2.281064E-01  1.811160E-03  1.375364E-04  2.082138E-06  4.397916E-03  6.668242E-07  2.202209E-06  1.004664E-06  2.389907E-01  1.004948E-04  5.232785E-06  4.587044E-06  3.044522E-04  4.143897E-04  1.934487E-05  2.985437E-06  3.784100E-06  7.846664E-06
 2.761500E+02  4.292730E-01  6.135077E-04  2.241120E-07  2.944492E-07  3.276709E-07  3.910739E-07  9.740272E-02  7.884094E-05  6.269475E-07  2.297191E-01  1.791758E-03  1.296522E-04  2.037993E-06  4.299260E-03  6.236901E-07  2.066335E-06  9.553939E-07  2.358410E-01  9.564674E-05  5.041246E-06  4.415384E-06  2.993337E-04  4.073987E-04  1.811847E-05  2.776541E-06  3.520706E-06  7.399175E-06
 2.771500E+02  4.308838E-01  6.063922E-04  2.156153E-07  2.833796E-07  3.153754E-07  3.765154E-07  9.745941E-02  7.697656E-05  5.791121E-07  2.313099E-01  1.772423E-03  1.222435E-04  1.994655E-06  4.203457E-03  5.836328E-07  1.939755E-06  9.088607E-07  2.327334E-01  9.105038E-05  4.857573E-06  4.250922E-06  2.943152E-04  4.005455E-04  1.697533E-05  2.583455E-06  3.277153E-06  6.979621E-06
 2.781500E+02  4.324720E-01  5.993875E-04  2.074913E-07  2.727920E-07  3.036144E-07  3.625854E-07  9.751448E-02  7.516997E-05  5.352461E-07  2.328787E-01  1.753162E-03  1.152806E-04  1.952124E-06  4.110408E-03  5.464141E-07  1.821775E-06  8.648963E-07  2.296680E-01  8.669197E-05  4.681415E-06  4.093331E-06  2.893950E-04  3.938275E-04  1.590949E-05  2.404902E-06  3.051845E-06  6.586127E-06
 2.791500E+02  4.340377E-01  5.924918E-04  1.997218E-07  2.626630E-07  2.923618E-07  3.492535E-07  9.756798E-02  7.341907E-05  4.949958E-07  2.344257E-01  1.733985E-03  1.087359E-04  1.910397E-06  4.020022E-03  5.118158E-07  1.711761E-06  8.233440E-07  2.266443E-01  8.255856E-05  4.512441E-06  3.942300E-06  2.845714E-04  3.872424E-04  1.491543E-05  2.239714E-06  2.843321E-06  6.216950E-06
 2.801500E+02  4.355811E-01  5.857032E-04  1.922894E-07  2.529702E-07  2.815931E-07  3.364910E-07  9.761997E-02  7.172184E-05  4.580410E-07  2.359512E-01  1.714901E-03  1.025832E-04  1.869472E-06  3.932208E-03  4.796377E-07  1.609125E-06  7.840574E-07  2.236623E-01  7.863789E-05  4.350332E-06  3.797532E-06  2.798426E-04  3.807878E-04  1.398803E-05  2.086820E-06  2.650243E-06  5.870472E-06
 2.811500E+02  4.371024E-01  5.790198E-04  1.851777E-07  2.436925E-07  2.712849E-07  3.242704E-07  9.767050E-02  7.007636E-05  4.240917E-07  2.374551E-01  1.695916E-03  9.679838E-05  1.829343E-06  3.846882E-03  4.496957E-07  1.513328E-06  7.469000E-07  2.207217E-01  7.491844E-05  4.194786E-06  3.658748E-06  2.752070E-04  3.744612E-04  1.312256E-05  1.945242E-06  2.471388E-06  5.545188E-06
 2.821500E+02  4.386018E-01  5.724399E-04  1.783711E-07  2.348102E-07  2.614151E-07  3.125660E-07  9.771962E-02  6.848076E-05  3.928850E-07  2.389378E-01  1.677040E-03  9.135850E-05  1.790006E-06  3.763960E-03  4.218211E-07  1.423873E-06  7.117441E-07  2.178223E-01  7.138930E-05  4.045515E-06  3.525677E-06  2.706629E-04  3.682605E-04  1.231464E-05  1.814084E-06  2.305634E-06  5.239702E-06
 2.831500E+02  4.400793E-01  5.659615E-04  1.718552E-07  2.263041E-07  2.519629E-07  3.013534E-07  9.776737E-02  6.693328E-05  3.641825E-07  2.403993E-01  1.658278E-03  8.624221E-05  1.751456E-06  3.683363E-03  3.958586E-07  1.340303E-06  6.784704E-07  2.149637E-01  6.804018E-05  3.902243E-06  3.398065E-06  2.662086E-04  3.621830E-04  1.156022E-05  1.692525E-06  2.151954E-06  4.952713E-06
 2.841500E+02  4.415353E-01  5.595831E-04  1.656158E-07  2.181565E-07  2.429083E-07  2.906093E-07  9.781381E-02  6.543219E-05  3.377679E-07  2.418398E-01  1.639637E-03  8.142951E-05  1.713685E-06  3.605014E-03  3.716656E-07  1.262194E-06  6.469671E-07  2.121457E-01  6.486137E-05  3.764710E-06  3.275667E-06  2.618423E-04  3.562266E-04  1.085553E-05  1.579813E-06  2.009404E-06  4.683012E-06
 2.851500E+02  4.429699E-01  5.533028E-04  1.596399E-07  2.103505E-07  2.342326E-07  2.803117E-07  9.785897E-02  6.397586E-05  3.134449E-07  2.432595E-01  1.621123E-03  7.690164E-05  1.676687E-06  3.528839E-03  3.491108E-07  1.189156E-06  6.171301E-07  2.093679E-01  6.184372E-05  3.632665E-06  3.158254E-06  2.575625E-04  3.503889E-04  1.019711E-05  1.475256E-06  1.877121E-06  4.429476E-06
 2.861500E+02  4.443833E-01  5.471191E-04  1.539149E-07  2.028699E-07  2.259181E-07  2.704399E-07  9.790290E-02  6.256271E-05  2.910350E-07  2.446586E-01  1.602742E-03  7.264104E-05  1.640453E-06  3.454767E-03  3.280735E-07  1.120831E-06  5.888616E-07  2.066301E-01  5.897855E-05  3.505869E-06  3.045602E-06  2.533675E-04  3.446676E-04  9.581730E-06  1.378223E-06  1.754311E-06  4.191056E-06
 2.871500E+02  4.457757E-01  5.410304E-04  1.484292E-07  1.956995E-07  2.179478E-07  2.609740E-07  9.794564E-02  6.119121E-05  2.703761E-07  2.460372E-01  1.584499E-03  6.863126E-05  1.604975E-06  3.382730E-03  3.084425E-07  1.056885E-06  5.620702E-07  2.039320E-01  5.625770E-05  3.384095E-06  2.937503E-06  2.492557E-04  3.390604E-04  9.006395E-06  1.288134E-06  1.640247E-06  3.966779E-06
 2.881500E+02  4.471473E-01  5.350350E-04  1.431713E-07  1.888249E-07  2.103057E-07  2.518953E-07  9.798723E-02  5.985991E-05  2.513206E-07  2.473956E-01  1.566399E-03  6.485688E-05  1.570245E-06  3.312662E-03  2.901153E-07  9.970115E-07  5.366702E-07  2.012731E-01  5.367346E-05  3.267127E-06  2.833755E-06  2.452254E-04  3.335650E-04  8.468339E-06  1.204453E-06  1.534259E-06  3.755738E-06
 2.891500E+02  4.484984E-01  5.291313E-04  1.381308E-07  1.822324E-07  2.029767E-07  2.431860E-07  9.802769E-02  5.856742E-05  2.337342E-07  2.487340E-01  1.548446E-03  6.130346E-05  1.536253E-06  3.244499E-03  2.729975E-07  9.409268E-07  5.125815E-07  1.986531E-01  5.121854E-05  3.154757E-06  2.734168E-06  2.412751E-04  3.281794E-04  7.964993E-06  1.126693E-06  1.435735E-06  3.557087E-06
 2.901500E+02  4.498291E-01  5.233180E-04  1.332975E-07  1.759089E-07  1.959464E-07  2.348292E-07  9.806708E-02  5.731238E-05  2.174948E-07  2.500525E-01  1.530645E-03  5.795747E-05  1.502989E-06  3.178180E-03  2.570021E-07  8.883682E-07  4.897289E-07  1.960717E-01  4.888606E-05  3.046788E-06  2.638559E-06  2.374031E-04  3.229012E-04  7.493974E-06  1.054404E-06  1.344108E-06  3.370039E-06
 2.911500E+02  4.511397E-01  5.175933E-04  1.286619E-07  1.698422E-07  1.892010E-07  2.268088E-07  9.810542E-02  5.609351E-05  2.024910E-07  2.513514E-01  1.512999E-03  5.480624E-05  1.470443E-06  3.113647E-03  2.420488E-07  8.390931E-07  4.680419E-07  1.935285E-01  4.666952E-05  2.943033E-06  2.546754E-06  2.336079E-04  3.177283E-04  7.053071E-06  9.871704E-07  1.258860E-06  3.193860E-06
 2.921500E+02  4.524304E-01  5.119560E-04  1.242148E-07  1.640205E-07  1.827277E-07  2.191097E-07  9.814275E-02  5.490955E-05  1.886212E-07  2.526308E-01  1.495511E-03  5.183788E-05  1.438604E-06  3.050841E-03  2.280635E-07  7.928766E-07  4.474545E-07  1.910230E-01  4.456278E-05  2.843310E-06  2.458589E-06  2.298881E-04  3.126586E-04  6.640233E-06  9.246136E-07  1.179513E-06  3.027865E-06
 2.931500E+02  4.537014E-01  5.064045E-04  1.199477E-07  1.584328E-07  1.765140E-07  2.117173E-07  9.817910E-02  5.375933E-05  1.757928E-07  2.538911E-01  1.478185E-03  4.904127E-05  1.407463E-06  2.989710E-03  2.149777E-07  7.495105E-07  4.279046E-07  1.885550E-01  4.256005E-05  2.747449E-06  2.373905E-06  2.262420E-04  3.076899E-04  6.253556E-06  8.663834E-07  1.105628E-06  2.871416E-06
 2.941500E+02  4.549530E-01  5.009374E-04  1.158524E-07  1.530683E-07  1.705482E-07  2.046180E-07  9.821450E-02  5.264168E-05  1.639213E-07  2.551323E-01  1.461023E-03  4.640598E-05  1.377007E-06  2.930199E-03  2.027282E-07  7.088021E-07  4.093342E-07  1.861239E-01  4.065584E-05  2.655285E-06  2.292552E-06  2.226681E-04  3.028203E-04  5.891272E-06  8.121577E-07  1.036800E-06  2.723917E-06
 2.951500E+02  4.561854E-01  4.955534E-04  1.119211E-07  1.479171E-07  1.648193E-07  1.977985E-07  9.824898E-02  5.155550E-05  1.529295E-07  2.563548E-01  1.444029E-03  4.392222E-05  1.347227E-06  2.872257E-03  1.912566E-07  6.705726E-07  3.916885E-07  1.837294E-01  3.884498E-05  2.566663E-06  2.214386E-06  2.191651E-04  2.980476E-04  5.551738E-06  7.616401E-07  9.726558E-07  2.584812E-06
 2.961500E+02  4.573989E-01  4.902510E-04  1.081464E-07  1.429697E-07  1.593166E-07  1.912466E-07  9.828257E-02  5.049973E-05  1.427468E-07  2.575587E-01  1.427203E-03  4.158085E-05  1.318111E-06  2.815837E-03  1.805089E-07  6.346563E-07  3.749164E-07  1.813711E-01  3.712259E-05  2.481433E-06  2.139270E-06  2.157314E-04  2.933698E-04  5.233430E-06  7.145574E-07  9.128524E-07  2.453584E-06
 2.971500E+02  4.585936E-01  4.850289E-04  1.045212E-07  1.382169E-07  1.540300E-07  1.849503E-07  9.831530E-02  4.947335E-05  1.333089E-07  2.587442E-01  1.410549E-03  3.937326E-05  1.289646E-06  2.760889E-03  1.704352E-07  6.008994E-07  3.589696E-07  1.790485E-01  3.548403E-05  2.399453E-06  2.067074E-06  2.123657E-04  2.887851E-04  4.934928E-06  6.706581E-07  8.570730E-07  2.329747E-06
 2.981500E+02  4.597698E-01  4.798859E-04  1.010390E-07  1.336502E-07  1.489501E-07  1.788985E-07  9.834719E-02  4.847538E-05  1.245567E-07  2.599117E-01  1.394068E-03  3.729141E-05  1.261823E-06  2.707369E-03  1.609891E-07  5.691594E-07  3.438030E-07  1.767613E-01  3.392494E-05  2.320586E-06  1.997672E-06  2.090665E-04  2.842914E-04  4.654917E-06  6.297101E-07  8.050257E-07  2.212848E-06
 2.991500E+02  4.609278E-01  4.748206E-04  9.769340E-08  1.292613E-07  1.440677E-07  1.730803E-07  9.837827E-02  4.750487E-05  1.164363E-07  2.610613E-01  1.377761E-03  3.532774E-05  1.234629E-06  2.655233E-03  1.521278E-07  5.393037E-07  3.293738E-07  1.745089E-01  3.244118E-05  2.244703E-06  1.930947E-06  2.058324E-04  2.798868E-04  4.392172E-06  5.914994E-07  7.564410E-07  2.102466E-06
 3.001500E+02  4.620678E-01  4.698317E-04  9.447830E-08  1.250424E-07  1.393741E-07  1.674858E-07  9.840856E-02  4.656090E-05  1.088983E-07  2.621932E-01  1.361630E-03  3.347519E-05  1.208053E-06  2.604438E-03  1.438117E-07  5.112094E-07  3.156422E-07  1.722910E-01  3.102887E-05  2.171678E-06  1.866784E-06  2.026621E-04  2.755695E-04  4.145552E-06  5.558286E-07  7.110704E-07  1.998204E-06
 3.011500E+02  4.631900E-01  4.649180E-04  9.138799E-08  1.209862E-07  1.348612E-07  1.621050E-07  9.843809E-02  4.564262E-05  1.018973E-07  2.633076E-01  1.345676E-03  3.172711E-05  1.182083E-06  2.554942E-03  1.360040E-07  4.847620E-07  3.025706E-07  1.701072E-01  2.968430E-05  2.101395E-06  1.805076E-06  1.995543E-04  2.713376E-04  3.913999E-06  5.225155E-07  6.686842E-07  1.899693E-06
 3.021500E+02  4.642946E-01  4.600782E-04  8.841702E-08  1.170854E-07  1.305210E-07  1.569290E-07  9.846688E-02  4.474916E-05  9.539187E-08  2.644049E-01  1.329900E-03  3.007727E-05  1.156708E-06  2.506707E-03  1.286707E-07  4.598553E-07  2.901234E-07  1.679569E-01  2.840399E-05  2.033738E-06  1.745718E-06  1.965076E-04  2.671894E-04  3.696526E-06  4.913918E-07  6.290703E-07  1.806588E-06
 3.031500E+02  4.653820E-01  4.553112E-04  8.556019E-08  1.133335E-07  1.263461E-07  1.519487E-07  9.849496E-02  4.387973E-05  8.934400E-08  2.654852E-01  1.314302E-03  2.851985E-05  1.131915E-06  2.459693E-03  1.217801E-07  4.363904E-07  2.782674E-07  1.658399E-01  2.718463E-05  1.968601E-06  1.688612E-06  1.935208E-04  2.631230E-04  3.492217E-06  4.623021E-07  5.920329E-07  1.718565E-06
 3.041500E+02  4.664523E-01  4.506158E-04  8.281253E-08  1.097239E-07  1.223294E-07  1.471559E-07  9.852234E-02  4.303354E-05  8.371874E-08  2.665488E-01  1.298883E-03  2.704935E-05  1.107694E-06  2.413865E-03  1.153029E-07  4.142754E-07  2.669711E-07  1.637555E-01  2.602310E-05  1.905878E-06  1.633663E-06  1.905926E-04  2.591367E-04  3.300216E-06  4.351028E-07  5.573907E-07  1.635323E-06
 3.051500E+02  4.675058E-01  4.459907E-04  8.016935E-08  1.062507E-07  1.184642E-07  1.425426E-07  9.854904E-02  4.220984E-05  7.848401E-08  2.675958E-01  1.283643E-03  2.566065E-05  1.084032E-06  2.369186E-03  1.092119E-07  3.934248E-07  2.562052E-07  1.617034E-01  2.491646E-05  1.845472E-06  1.580783E-06  1.877217E-04  2.552288E-04  3.119728E-06  4.096610E-07  5.249762E-07  1.556577E-06
 3.061500E+02  4.685428E-01  4.414349E-04  7.762616E-08  1.029079E-07  1.147439E-07  1.381012E-07  9.857509E-02  4.140791E-05  7.361039E-08  2.686265E-01  1.268582E-03  2.434892E-05  1.060919E-06  2.325622E-03  1.034818E-07  3.737587E-07  2.459416E-07  1.596832E-01  2.386190E-05  1.787288E-06  1.529884E-06  1.849071E-04  2.513976E-04  2.950012E-06  3.858538E-07  4.946345E-07  1.482063E-06
 3.071500E+02  4.695634E-01  4.369471E-04  7.517868E-08  9.968999E-08  1.111624E-07  1.338244E-07  9.860050E-02  4.062704E-05  6.907080E-08  2.696412E-01  1.253701E-03  2.310964E-05  1.038343E-06  2.283140E-03  9.808913E-08  3.552030E-07  2.361542E-07  1.576943E-01  2.285679E-05  1.731235E-06  1.480884E-06  1.821473E-04  2.476416E-04  2.790378E-06  3.635678E-07  4.662219E-07  1.411532E-06
 3.081500E+02  4.705679E-01  4.325264E-04  7.282283E-08  9.659175E-08  1.077139E-07  1.297053E-07  9.862530E-02  3.986657E-05  6.484036E-08  2.706400E-01  1.238999E-03  2.193856E-05  1.016292E-06  2.241707E-03  9.301200E-08  3.376884E-07  2.268182E-07  1.557364E-01  2.189862E-05  1.677227E-06  1.433705E-06  1.794414E-04  2.439590E-04  2.640182E-06  3.426976E-07  4.396057E-07  1.344752E-06
 3.091500E+02  4.715565E-01  4.281715E-04  7.055474E-08  9.360813E-08  1.043927E-07  1.257374E-07  9.864950E-02  3.912585E-05  6.089617E-08  2.716232E-01  1.224476E-03  2.083170E-05  9.947562E-07  2.201293E-03  8.823013E-08  3.211505E-07  2.179103E-07  1.538091E-01  2.098502E-05  1.625181E-06  1.388273E-06  1.767881E-04  2.403483E-04  2.498825E-06  3.231459E-07  4.146629E-07  1.281505E-06
 3.101500E+02  4.725296E-01  4.238815E-04  6.837071E-08  9.073431E-08  1.011936E-07  1.219143E-07  9.867312E-02  3.840425E-05  5.721717E-08  2.725911E-01  1.210132E-03  1.978531E-05  9.737235E-07  2.161868E-03  8.372464E-08  3.055291E-07  2.094085E-07  1.519118E-01  2.011376E-05  1.575018E-06  1.344514E-06  1.741864E-04  2.368080E-04  2.365746E-06  3.048224E-07  3.912794E-07  1.221586E-06
 3.111500E+02  4.734872E-01  4.196552E-04  6.626720E-08  8.796571E-08  9.811143E-08  1.182301E-07  9.869617E-02  3.770118E-05  5.378397E-08  2.735438E-01  1.195966E-03  1.879587E-05  9.531833E-07  2.123402E-03  7.947794E-08  2.907680E-07  2.012920E-07  1.500442E-01  1.928272E-05  1.526662E-06  1.302362E-06  1.716351E-04  2.333366E-04  2.240425E-06  2.876435E-07  3.693495E-07  1.164804E-06
 3.121500E+02  4.744297E-01  4.154917E-04  6.424086E-08  8.529797E-08  9.514139E-08  1.146791E-07  9.871868E-02  3.701605E-05  5.057867E-08  2.744815E-01  1.181977E-03  1.786010E-05  9.331247E-07  2.085867E-03  7.547368E-08  2.768149E-07  1.935413E-07  1.482059E-01  1.848988E-05  1.480042E-06  1.261750E-06  1.691331E-04  2.299325E-04  2.122374E-06  2.715317E-07  3.487753E-07  1.110979E-06
 3.131500E+02  4.753572E-01  4.113898E-04  6.228847E-08  8.272693E-08  9.227883E-08  1.112557E-07  9.874065E-02  3.634832E-05  4.758482E-08  2.754046E-01  1.168165E-03  1.697489E-05  9.135370E-07  2.049237E-03  7.169660E-08  2.636208E-07  1.861378E-07  1.463963E-01  1.773334E-05  1.435087E-06  1.222616E-06  1.666794E-04  2.265943E-04  2.011139E-06  2.564150E-07  3.294657E-07  1.059943E-06
 3.141500E+02  4.762701E-01  4.073486E-04  6.040698E-08  8.024860E-08  8.951933E-08  1.079547E-07  9.876210E-02  3.569743E-05  4.478720E-08  2.763131E-01  1.154529E-03  1.613732E-05  8.944097E-07  2.013486E-03  6.813251E-08  2.511402E-07  1.790642E-07  1.446151E-01  1.701131E-05  1.391732E-06  1.184900E-06  1.642730E-04  2.233206E-04  1.906297E-06  2.422269E-07  3.113364E-07  1.011536E-06
 3.151500E+02  4.771685E-01  4.033671E-04  5.859346E-08  7.785919E-08  8.685870E-08  1.047713E-07  9.878306E-02  3.506287E-05  4.217182E-08  2.772074E-01  1.141068E-03  1.534468E-05  8.757325E-07  1.978587E-03  6.476817E-08  2.393301E-07  1.723037E-07  1.428618E-01  1.632207E-05  1.349913E-06  1.148545E-06  1.619129E-04  2.201101E-04  1.807450E-06  2.289054E-07  2.943091E-07  9.656116E-07
 3.161500E+02  4.780526E-01  3.994443E-04  5.684512E-08  7.555507E-08  8.429289E-08  1.017006E-07  9.880352E-02  3.444414E-05  3.972573E-08  2.780876E-01  1.127781E-03  1.459437E-05  8.574950E-07  1.944517E-03  6.159124E-08  2.281509E-07  1.658410E-07  1.411360E-01  1.566401E-05  1.309569E-06  1.113495E-06  1.595980E-04  2.169613E-04  1.714230E-06  2.163930E-07  2.783110E-07  9.220289E-07
 3.171500E+02  4.789227E-01  3.955792E-04  5.515931E-08  7.333278E-08  8.181808E-08  9.873805E-08  9.882351E-02  3.384076E-05  3.743697E-08  2.789540E-01  1.114667E-03  1.388399E-05  8.396872E-07  1.911251E-03  5.859020E-08  2.175651E-07  1.596612E-07  1.394373E-01  1.503559E-05  1.270643E-06  1.079700E-06  1.573273E-04  2.138729E-04  1.626291E-06  2.046364E-07  2.632744E-07  8.806573E-07
 3.181500E+02  4.797791E-01  3.917710E-04  5.353347E-08  7.118903E-08  7.943058E-08  9.587938E-08  9.884304E-02  3.325226E-05  3.529452E-08  2.798067E-01  1.101725E-03  1.321128E-05  8.222992E-07  1.878768E-03  5.575429E-08  2.075377E-07  1.537505E-07  1.377654E-01  1.443538E-05  1.233078E-06  1.047109E-06  1.551001E-04  2.108436E-04  1.543309E-06  1.935859E-07  2.491366E-07  8.413736E-07
 3.191500E+02  4.806218E-01  3.880186E-04  5.196519E-08  6.912064E-08  7.712690E-08  9.312042E-08  9.886212E-02  3.267819E-05  3.328816E-08  2.806461E-01  1.088954E-03  1.257408E-05  8.053213E-07  1.847044E-03  5.307350E-08  1.980363E-07  1.480955E-07  1.361196E-01  1.386198E-05  1.196822E-06  1.015673E-06  1.529152E-04  2.078721E-04  1.464983E-06  1.831954E-07  2.358391E-07  8.040621E-07
 3.201500E+02  4.814512E-01  3.843212E-04  5.045215E-08  6.712460E-08  7.490368E-08  9.045720E-08  9.888076E-02  3.211811E-05  3.140845E-08  2.814722E-01  1.076351E-03  1.197041E-05  7.887438E-07  1.816059E-03  5.053845E-08  1.890300E-07  1.426839E-07  1.344998E-01  1.331410E-05  1.161824E-06  9.853477E-07  1.507718E-04  2.049573E-04  1.391030E-06  1.734220E-07  2.233276E-07  7.686140E-07
 3.211500E+02  4.822674E-01  3.806778E-04  4.899213E-08  6.519804E-08  7.275773E-08  8.788594E-08  9.889899E-02  3.157162E-05  2.964668E-08  2.822854E-01  1.063917E-03  1.139836E-05  7.725573E-07  1.785791E-03  4.814038E-08  1.804904E-07  1.375039E-07  1.329053E-01  1.279049E-05  1.128034E-06  9.560885E-07  1.486690E-04  2.020978E-04  1.321187E-06  1.642260E-07  2.115515E-07  7.349270E-07
 3.221500E+02  4.830707E-01  3.770876E-04  4.758301E-08  6.333819E-08  7.068597E-08  8.540302E-08  9.891679E-02  3.103830E-05  2.799474E-08  2.830857E-01  1.051650E-03  1.085617E-05  7.567527E-07  1.756221E-03  4.587111E-08  1.723905E-07  1.325442E-07  1.313360E-01  1.229000E-05  1.095407E-06  9.278536E-07  1.466060E-04  1.992925E-04  1.255207E-06  1.555700E-07  2.004637E-07  7.029050E-07
 3.231500E+02  4.838613E-01  3.735497E-04  4.622277E-08  6.154242E-08  6.868549E-08  8.300497E-08  9.893420E-02  3.051776E-05  2.644517E-08  2.838735E-01  1.039547E-03  1.034217E-05  7.413209E-07  1.727329E-03  4.372300E-08  1.647053E-07  1.277944E-07  1.297913E-01  1.181150E-05  1.063896E-06  9.006028E-07  1.445818E-04  1.965402E-04  1.192858E-06  1.474198E-07  1.900204E-07  6.724573E-07
 3.241500E+02  4.846393E-01  3.700633E-04  4.490948E-08  5.980821E-08  6.675348E-08  8.068848E-08  9.895122E-02  3.000964E-05  2.499102E-08  2.846489E-01  1.027608E-03  9.854781E-06  7.262529E-07  1.699096E-03  4.168889E-08  1.574110E-07  1.232443E-07  1.282708E-01  1.135394E-05  1.033460E-06  8.742978E-07  1.425957E-04  1.938397E-04  1.133924E-06  1.397429E-07  1.801808E-07  6.434988E-07
 3.251500E+02  4.854051E-01  3.666275E-04  4.364129E-08  5.813315E-08  6.488728E-08  7.845038E-08  9.896786E-02  2.951355E-05  2.362588E-08  2.854121E-01  1.015832E-03  9.392526E-06  7.115400E-07  1.671504E-03  3.976207E-08  1.504857E-07  1.188846E-07  1.267742E-01  1.091632E-05  1.004057E-06  8.489016E-07  1.406469E-04  1.911900E-04  1.078202E-06  1.325095E-07  1.709068E-07  6.159493E-07
 3.261500E+02  4.861587E-01  3.632414E-04  4.241643E-08  5.651494E-08  6.308431E-08  7.628765E-08  9.898413E-02  2.902916E-05  2.234377E-08  2.861634E-01  1.004216E-03  8.954016E-06  6.971738E-07  1.644536E-03  3.793630E-08  1.439085E-07  1.147062E-07  1.253011E-01  1.049769E-05  9.756477E-07  8.243791E-07  1.387344E-04  1.885900E-04  1.025503E-06  1.256917E-07  1.621631E-07  5.897332E-07
 3.271500E+02  4.869004E-01  3.599043E-04  4.123321E-08  5.495137E-08  6.134214E-08  7.419736E-08  9.900004E-02  2.855612E-05  2.113918E-08  2.869028E-01  9.927586E-04  8.537939E-06  6.831458E-07  1.618174E-03  3.620569E-08  1.376600E-07  1.107006E-07  1.238511E-01  1.009715E-05  9.481945E-07  8.006964E-07  1.368577E-04  1.860385E-04  9.756493E-07  1.192634E-07  1.539164E-07  5.647794E-07
 3.281500E+02  4.876304E-01  3.566154E-04  4.009002E-08  5.344033E-08  5.965841E-08  7.217676E-08  9.901560E-02  2.809411E-05  2.000698E-08  2.876306E-01  9.814589E-04  8.143062E-06  6.694479E-07  1.592403E-03  3.456476E-08  1.317219E-07  1.068597E-07  1.224238E-01  9.713839E-06  9.216610E-07  7.778213E-07  1.350158E-04  1.835346E-04  9.284738E-07  1.132004E-07  1.461360E-07  5.410209E-07
 3.291500E+02  4.883489E-01  3.533738E-04  3.898529E-08  5.197980E-08  5.803088E-08  7.022317E-08  9.903082E-02  2.764280E-05  1.894239E-08  2.883471E-01  9.703149E-04  7.768224E-06  6.560720E-07  1.567205E-03  3.300835E-08  1.260770E-07  1.031758E-07  1.210189E-01  9.346955E-06  8.960127E-07  7.557227E-07  1.332081E-04  1.810772E-04  8.838205E-07  1.074800E-07  1.387931E-07  5.183945E-07
 3.301500E+02  4.890560E-01  3.501789E-04  3.791756E-08  5.056786E-08  5.645741E-08  6.833406E-08  9.904571E-02  2.720190E-05  1.794100E-08  2.890523E-01  9.593250E-04  7.412329E-06  6.430103E-07  1.542565E-03  3.153163E-08  1.207093E-07  9.964178E-08  1.196359E-01  8.995722E-06  8.712162E-07  7.343710E-07  1.314338E-04  1.786653E-04  8.415432E-07  1.020810E-07  1.318608E-07  4.968407E-07
 3.311500E+02  4.897520E-01  3.470298E-04  3.688540E-08  4.920264E-08  5.493593E-08  6.650698E-08  9.906028E-02  2.677110E-05  1.699870E-08  2.897464E-01  9.484875E-04  7.074348E-06  6.302550E-07  1.518469E-03  3.013008E-08  1.156034E-07  9.625062E-08  1.182746E-01  8.659409E-06  8.472396E-07  7.137378E-07  1.296922E-04  1.762980E-04  8.015045E-07  9.698379E-08  1.253140E-07  4.763034E-07
 3.321500E+02  4.904371E-01  3.439257E-04  3.588746E-08  4.788237E-08  5.346448E-08  6.473959E-08  9.907453E-02  2.635012E-05  1.611166E-08  2.904298E-01  9.378006E-04  6.753309E-06  6.177988E-07  1.494902E-03  2.879945E-08  1.107453E-07  9.299583E-08  1.169346E-01  8.337321E-06  8.240523E-07  6.937957E-07  1.279826E-04  1.739743E-04  7.635756E-07  9.216989E-08  1.191294E-07  4.567295E-07
 3.331500E+02  4.911114E-01  3.408660E-04  3.492244E-08  4.660536E-08  5.204117E-08  6.302966E-08  9.908848E-02  2.593868E-05  1.527634E-08  2.911024E-01  9.272627E-04  6.448297E-06  6.056341E-07  1.471849E-03  2.753576E-08  1.061215E-07  8.987116E-08  1.156154E-01  8.028797E-06  8.016249E-07  6.745188E-07  1.263043E-04  1.716933E-04  7.276358E-07  8.762210E-08  1.132849E-07  4.380691E-07
 3.341500E+02  4.917751E-01  3.378499E-04  3.398908E-08  4.536999E-08  5.066420E-08  6.137505E-08  9.910213E-02  2.553651E-05  1.448942E-08  2.917646E-01  9.168719E-04  6.158448E-06  5.937540E-07  1.449298E-03  2.633527E-08  1.017193E-07  8.687074E-08  1.143169E-01  7.733210E-06  7.799294E-07  6.558818E-07  1.246567E-04  1.694540E-04  6.935716E-07  8.332433E-08  1.077602E-07  4.202751E-07
 3.351500E+02  4.924284E-01  3.348768E-04  3.308621E-08  4.417468E-08  4.933182E-08  5.977369E-08  9.911549E-02  2.514337E-05  1.374782E-08  2.924164E-01  9.066266E-04  5.882950E-06  5.821512E-07  1.427234E-03  2.519447E-08  9.752698E-08  8.398896E-08  1.130385E-01  7.449964E-06  7.589387E-07  6.378609E-07  1.230391E-04  1.672555E-04  6.612765E-07  7.926156E-08  1.025360E-07  4.033029E-07
 3.361500E+02  4.930715E-01  3.319458E-04  3.221267E-08  4.301796E-08  4.804239E-08  5.822362E-08  9.912857E-02  2.475898E-05  1.304869E-08  2.930581E-01  8.965249E-04  5.621035E-06  5.708190E-07  1.405645E-03  2.411005E-08  9.353329E-08  8.122048E-08  1.117801E-01  7.178492E-06  7.386269E-07  6.204329E-07  1.214509E-04  1.650971E-04  6.306505E-07  7.541973E-08  9.759459E-08  3.871107E-07
 3.371500E+02  4.937045E-01  3.290564E-04  3.136737E-08  4.189838E-08  4.679430E-08  5.672294E-08  9.914138E-02  2.438312E-05  1.238935E-08  2.936899E-01  8.865652E-04  5.371979E-06  5.597507E-07  1.384518E-03  2.307892E-08  8.972775E-08  7.856027E-08  1.105412E-01  6.918257E-06  7.189691E-07  6.035759E-07  1.198915E-04  1.629778E-04  6.015998E-07  7.178569E-08  9.291908E-08  3.716586E-07
 3.381500E+02  4.943277E-01  3.262078E-04  3.054926E-08  4.081458E-08  4.558604E-08  5.526985E-08  9.915391E-02  2.401555E-05  1.176731E-08  2.943118E-01  8.767456E-04  5.135101E-06  5.489397E-07  1.363842E-03  2.209817E-08  8.610043E-08  7.600349E-08  1.093215E-01  6.668745E-06  6.999414E-07  5.872686E-07  1.183602E-04  1.608968E-04  5.740360E-07  6.834714E-08  8.849384E-08  3.569092E-07
 3.391500E+02  4.949411E-01  3.233994E-04  2.975734E-08  3.976524E-08  4.441615E-08  5.386261E-08  9.916619E-02  2.365604E-05  1.118026E-08  2.949241E-01  8.670645E-04  4.909757E-06  5.383797E-07  1.343605E-03  2.116506E-08  8.264202E-08  7.354559E-08  1.081207E-01  6.429471E-06  6.815210E-07  5.714907E-07  1.168564E-04  1.588533E-04  5.478763E-07  6.509255E-08  8.430418E-08  3.428271E-07
 3.401500E+02  4.955450E-01  3.206305E-04  2.899064E-08  3.874910E-08  4.328321E-08  5.249954E-08  9.917821E-02  2.330438E-05  1.062603E-08  2.955269E-01  8.575199E-04  4.695338E-06  5.280644E-07  1.323794E-03  2.027701E-08  7.934371E-08  7.118222E-08  1.069385E-01  6.199971E-06  6.636858E-07  5.562228E-07  1.153797E-04  1.568466E-04  5.230427E-07  6.201116E-08  8.033636E-08  3.293789E-07
 3.411500E+02  4.961395E-01  3.179005E-04  2.824823E-08  3.776495E-08  4.218588E-08  5.117906E-08  9.918998E-02  2.296034E-05  1.010260E-08  2.961203E-01  8.481102E-04  4.491273E-06  5.179876E-07  1.304401E-03  1.943161E-08  7.619721E-08  6.890923E-08  1.057745E-01  5.979805E-06  6.464147E-07  5.414461E-07  1.139293E-04  1.548758E-04  4.994619E-07  5.909284E-08  7.657750E-08  3.165328E-07
 3.421500E+02  4.967248E-01  3.152087E-04  2.752924E-08  3.681162E-08  4.112288E-08  4.989962E-08  9.920151E-02  2.262372E-05  9.608102E-09  2.967047E-01  8.388336E-04  4.297018E-06  5.081436E-07  1.285412E-03  1.862655E-08  7.319470E-08  6.672271E-08  1.046286E-01  5.768554E-06  6.296875E-07  5.271427E-07  1.125048E-04  1.529401E-04  4.770649E-07  5.632815E-08  7.301553E-08  3.042590E-07
 3.431500E+02  4.973010E-01  3.125546E-04  2.683280E-08  3.588801E-08  4.009297E-08  4.865975E-08  9.921280E-02  2.229433E-05  9.140764E-09  2.972800E-01  8.296884E-04  4.112063E-06  4.985264E-07  1.266819E-03  1.785971E-08  7.032880E-08  6.461889E-08  1.035002E-01  5.565820E-06  6.134846E-07  5.132953E-07  1.111056E-04  1.510389E-04  4.557869E-07  5.370822E-08  6.963913E-08  2.925291E-07
 3.441500E+02  4.978683E-01  3.099374E-04  2.615810E-08  3.499304E-08  3.909495E-08  4.745804E-08  9.922387E-02  2.197197E-05  8.698948E-09  2.978465E-01  8.206727E-04  3.935926E-06  4.891304E-07  1.248611E-03  1.712906E-08  6.759255E-08  6.259422E-08  1.023892E-01  5.371223E-06  5.977873E-07  4.998875E-07  1.097311E-04  1.491714E-04  4.355669E-07  5.122472E-08  6.643768E-08  2.813164E-07
 3.451500E+02  4.984269E-01  3.073567E-04  2.550436E-08  3.412569E-08  3.812768E-08  4.629314E-08  9.923471E-02  2.165646E-05  8.281120E-09  2.984042E-01  8.117848E-04  3.768151E-06  4.799500E-07  1.230778E-03  1.643270E-08  6.497937E-08  6.064531E-08  1.012953E-01  5.184402E-06  5.825776E-07  4.869033E-07  1.083810E-04  1.473369E-04  4.163473E-07  4.886987E-08  6.340124E-08  2.705956E-07
 3.461500E+02  4.989768E-01  3.048118E-04  2.487083E-08  3.328498E-08  3.719007E-08  4.516373E-08  9.924533E-02  2.134761E-05  7.885846E-09  2.989535E-01  8.030230E-04  3.608306E-06  4.709800E-07  1.213312E-03  1.576882E-08  6.248306E-08  5.876892E-08  1.002181E-01  5.005014E-06  5.678384E-07  4.743276E-07  1.070545E-04  1.455347E-04  3.980741E-07  4.663633E-08  6.052046E-08  2.603426E-07
 3.471500E+02  4.995183E-01  3.023021E-04  2.425678E-08  3.246995E-08  3.628108E-08  4.406857E-08  9.925574E-02  2.104524E-05  7.511784E-09  2.994943E-01  7.943856E-04  3.455985E-06  4.622151E-07  1.196202E-03  1.513574E-08  6.009776E-08  5.696197E-08  9.915745E-02  4.832731E-06  5.535529E-07  4.621456E-07  1.057514E-04  1.437642E-04  3.806964E-07  4.451726E-08  5.778657E-08  2.505348E-07
 3.481500E+02  5.000515E-01  2.998271E-04  2.366153E-08  3.167971E-08  3.539968E-08  4.300646E-08  9.926594E-02  2.074920E-05  7.157680E-09  3.000268E-01  7.858707E-04  3.310802E-06  4.536500E-07  1.179439E-03  1.453187E-08  5.781793E-08  5.522153E-08  9.811295E-02  4.667241E-06  5.397053E-07  4.503434E-07  1.044710E-04  1.420246E-04  3.641661E-07  4.250621E-08  5.519134E-08  2.411506E-07
 3.491500E+02  5.005765E-01  2.973862E-04  2.308440E-08  3.091337E-08  3.454490E-08  4.197623E-08  9.927594E-02  2.045931E-05  6.822360E-09  3.005513E-01  7.774768E-04  3.172396E-06  4.452800E-07  1.163016E-03  1.395569E-08  5.563833E-08  5.354480E-08  9.708438E-02  4.508249E-06  5.262802E-07  4.389074E-07  1.032129E-04  1.403154E-04  3.484381E-07  4.059712E-08  5.272704E-08  2.321697E-07
 3.501500E+02  5.010935E-01  2.949789E-04  2.252476E-08  3.017010E-08  3.371583E-08  4.097678E-08  9.928574E-02  2.017541E-05  6.504726E-09  3.010677E-01  7.692021E-04  3.040421E-06  4.370999E-07  1.146923E-03  1.340579E-08  5.355401E-08  5.192913E-08  9.607145E-02  4.355470E-06  5.132629E-07  4.278246E-07  1.019767E-04  1.386359E-04  3.334697E-07  3.878431E-08  5.038639E-08  2.235728E-07
 3.511500E+02  5.016026E-01  2.926046E-04  2.198200E-08  2.944910E-08  3.291156E-08  4.000705E-08  9.929535E-02  1.989734E-05  6.203749E-09  3.015764E-01  7.610450E-04  2.914552E-06  4.291052E-07  1.131153E-03  1.288083E-08  5.156030E-08  5.037196E-08  9.507390E-02  4.208637E-06  5.006392E-07  4.170826E-07  1.007619E-04  1.369855E-04  3.192207E-07  3.706244E-08  4.816258E-08  2.153416E-07
 3.521500E+02  5.021040E-01  2.902627E-04  2.145552E-08  2.874959E-08  3.213122E-08  3.906601E-08  9.930477E-02  1.962497E-05  5.918465E-09  3.020773E-01  7.530036E-04  2.794482E-06  4.212912E-07  1.115698E-03  1.237955E-08  4.965277E-08  4.887088E-08  9.409147E-02  4.067491E-06  4.883954E-07  4.066694E-07  9.956796E-05  1.353636E-04  3.056534E-07  3.542650E-08  4.604918E-08  2.074588E-07
 3.531500E+02  5.025977E-01  2.879529E-04  2.094475E-08  2.807083E-08  3.137400E-08  3.815267E-08  9.931401E-02  1.935814E-05  5.647971E-09  3.025706E-01  7.450765E-04  2.679921E-06  4.136534E-07  1.100549E-03  1.190074E-08  4.782723E-08  4.742358E-08  9.312389E-02  3.931789E-06  4.765186E-07  3.965735E-07  9.839459E-05  1.337696E-04  2.927319E-07  3.387175E-08  4.404015E-08  1.999078E-07
 3.541500E+02  5.030840E-01  2.856744E-04  2.044917E-08  2.741210E-08  3.063910E-08  3.726608E-08  9.932306E-02  1.909671E-05  5.391421E-09  3.030565E-01  7.372619E-04  2.570592E-06  4.061874E-07  1.085699E-03  1.144329E-08  4.607972E-08  4.602784E-08  9.217091E-02  3.801297E-06  4.649960E-07  3.867839E-07  9.724132E-05  1.322029E-04  2.804226E-07  3.239378E-08  4.212982E-08  1.926732E-07
 3.551500E+02  5.035629E-01  2.834269E-04  1.996823E-08  2.677273E-08  2.992576E-08  3.640534E-08  9.933195E-02  1.884055E-05  5.148021E-09  3.035351E-01  7.295582E-04  2.466235E-06  3.988889E-07  1.071142E-03  1.100612E-08  4.440649E-08  4.468157E-08  9.123228E-02  3.675793E-06  4.538156E-07  3.772898E-07  9.610774E-05  1.306630E-04  2.686936E-07  3.098839E-08  4.031285E-08  1.857402E-07
 3.561500E+02  5.040345E-01  2.812098E-04  1.950144E-08  2.615204E-08  2.923323E-08  3.556956E-08  9.934066E-02  1.858952E-05  4.917025E-09  3.040064E-01  7.219638E-04  2.366604E-06  3.917537E-07  1.056870E-03  1.058823E-08  4.280397E-08  4.338276E-08  9.030776E-02  3.555065E-06  4.429657E-07  3.680810E-07  9.499344E-05  1.291493E-04  2.575150E-07  2.965167E-08  3.858420E-08  1.790946E-07
 3.571500E+02  5.044991E-01  2.790227E-04  1.904831E-08  2.554940E-08  2.856082E-08  3.475791E-08  9.934920E-02  1.834349E-05  4.697736E-09  3.044707E-01  7.144770E-04  2.271466E-06  3.847778E-07  1.042875E-03  1.018867E-08  4.126882E-08  4.212949E-08  8.939709E-02  3.438910E-06  4.324350E-07  3.591478E-07  9.389804E-05  1.276613E-04  2.468583E-07  2.837991E-08  3.693914E-08  1.727233E-07
 3.581500E+02  5.049567E-01  2.768651E-04  1.860839E-08  2.496420E-08  2.790784E-08  3.396958E-08  9.935758E-02  1.810234E-05  4.489498E-09  3.049281E-01  7.070963E-04  2.180599E-06  3.779572E-07  1.029152E-03  9.806528E-09  3.979783E-08  4.091993E-08  8.850006E-02  3.327136E-06  4.222129E-07  3.504807E-07  9.282115E-05  1.261984E-04  2.366970E-07  2.716964E-08  3.537322E-08  1.666135E-07
 3.591500E+02  5.054074E-01  2.747364E-04  1.818121E-08  2.439586E-08  2.727364E-08  3.320378E-08  9.936581E-02  1.786595E-05  4.291695E-09  3.053786E-01  6.998202E-04  2.093793E-06  3.712881E-07  1.015694E-03  9.440963E-09  3.838799E-08  3.975233E-08  8.761641E-02  3.219559E-06  4.122888E-07  3.420705E-07  9.176239E-05  1.247603E-04  2.270055E-07  2.601758E-08  3.388222E-08  1.607532E-07
 3.601500E+02  5.058514E-01  2.726363E-04  1.776636E-08  2.384381E-08  2.665759E-08  3.245976E-08  9.937387E-02  1.763419E-05  4.103748E-09  3.058224E-01  6.926470E-04  2.010851E-06  3.647666E-07  1.002495E-03  9.091165E-09  3.703643E-08  3.862501E-08  8.674592E-02  3.116003E-06  4.026528E-07  3.339085E-07  9.072139E-05  1.233462E-04  2.177602E-07  2.492063E-08  3.246220E-08  1.551311E-07
 3.611500E+02  5.062888E-01  2.705643E-04  1.736342E-08  2.330750E-08  2.605909E-08  3.173681E-08  9.938179E-02  1.740696E-05  3.925115E-09  3.062597E-01  6.855753E-04  1.931585E-06  3.583892E-07  9.895476E-04  8.756371E-09  3.574043E-08  3.753639E-08  8.588836E-02  3.016300E-06  3.932953E-07  3.259863E-07  8.969781E-05  1.219558E-04  2.089383E-07  2.387590E-08  3.110943E-08  1.497363E-07
 3.621500E+02  5.067197E-01  2.685199E-04  1.697198E-08  2.278641E-08  2.547755E-08  3.103422E-08  9.938956E-02  1.718415E-05  3.755284E-09  3.066904E-01  6.786035E-04  1.855816E-06  3.521523E-07  9.768470E-04  8.435858E-09  3.449741E-08  3.648494E-08  8.504352E-02  2.920290E-06  3.842069E-07  3.182958E-07  8.869128E-05  1.205887E-04  2.005186E-07  2.288063E-08  2.982038E-08  1.445586E-07
 3.631500E+02  5.071441E-01  2.665027E-04  1.659167E-08  2.228004E-08  2.491241E-08  3.035132E-08  9.939718E-02  1.696564E-05  3.593774E-09  3.071148E-01  6.717300E-04  1.783376E-06  3.460523E-07  9.643872E-04  8.128944E-09  3.330494E-08  3.546919E-08  8.421117E-02  2.827822E-06  3.753788E-07  3.108292E-07  8.770147E-05  1.192442E-04  1.924810E-07  2.193224E-08  2.859174E-08  1.395881E-07
 3.641500E+02  5.075623E-01  2.645122E-04  1.622212E-08  2.178790E-08  2.436313E-08  2.968747E-08  9.940466E-02  1.675133E-05  3.440136E-09  3.075329E-01  6.649535E-04  1.714105E-06  3.400860E-07  9.521623E-04  7.834979E-09  3.216069E-08  3.448776E-08  8.339111E-02  2.738748E-06  3.668024E-07  3.035789E-07  8.672803E-05  1.179220E-04  1.848063E-07  2.102828E-08  2.742038E-08  1.348156E-07
 3.651500E+02  5.079743E-01  2.625481E-04  1.586297E-08  2.130952E-08  2.382919E-08  2.904205E-08  9.941201E-02  1.654112E-05  3.293943E-09  3.079448E-01  6.582725E-04  1.647850E-06  3.342499E-07  9.401670E-04  7.553350E-09  3.106246E-08  3.353931E-08  8.258311E-02  2.652930E-06  3.584693E-07  2.965378E-07  8.577065E-05  1.166216E-04  1.774764E-07  2.016647E-08  2.630335E-08  1.302322E-07
 3.661500E+02  5.083803E-01  2.606099E-04  1.551388E-08  2.084446E-08  2.331010E-08  2.841447E-08  9.941921E-02  1.633491E-05  3.154796E-09  3.083507E-01  6.516854E-04  1.584469E-06  3.285410E-07  9.283960E-04  7.283475E-09  3.000816E-08  3.262257E-08  8.178698E-02  2.570234E-06  3.503716E-07  2.896989E-07  8.482900E-05  1.153426E-04  1.704745E-07  1.934463E-08  2.523785E-08  1.258295E-07
 3.671500E+02  5.087802E-01  2.586973E-04  1.517452E-08  2.039228E-08  2.280536E-08  2.780413E-08  9.942629E-02  1.613261E-05  3.022318E-09  3.087507E-01  6.451910E-04  1.523824E-06  3.229560E-07  9.168439E-04  7.024802E-09  2.899579E-08  3.173631E-08  8.100250E-02  2.490534E-06  3.425017E-07  2.830555E-07  8.390277E-05  1.140845E-04  1.637841E-07  1.856070E-08  2.422127E-08  1.215996E-07
 3.681500E+02  5.091743E-01  2.568097E-04  1.484458E-08  1.995257E-08  2.231451E-08  2.721050E-08  9.943324E-02  1.593412E-05  2.896155E-09  3.091448E-01  6.387876E-04  1.465786E-06  3.174919E-07  9.055058E-04  6.776809E-09  2.802349E-08  3.087936E-08  8.022949E-02  2.413708E-06  3.348520E-07  2.766011E-07  8.299166E-05  1.128470E-04  1.573902E-07  1.781276E-08  2.325111E-08  1.175348E-07
 3.691500E+02  5.095627E-01  2.549468E-04  1.452374E-08  1.952491E-08  2.183712E-08  2.663302E-08  9.944006E-02  1.573935E-05  2.775973E-09  3.095332E-01  6.324741E-04  1.410232E-06  3.121457E-07  8.943768E-04  6.538998E-09  2.708944E-08  3.005062E-08  7.946775E-02  2.339639E-06  3.274155E-07  2.703295E-07  8.209536E-05  1.116296E-04  1.512782E-07  1.709897E-08  2.232503E-08  1.136279E-07
 3.701500E+02  5.099453E-01  2.531083E-04  1.421172E-08  1.910893E-08  2.137273E-08  2.607120E-08  9.944676E-02  1.554822E-05  2.661457E-09  3.099159E-01  6.262490E-04  1.357045E-06  3.069147E-07  8.834520E-04  6.310900E-09  2.619196E-08  2.924900E-08  7.871707E-02  2.268218E-06  3.201854E-07  2.642348E-07  8.121358E-05  1.104319E-04  1.454344E-07  1.641762E-08  2.144081E-08  1.098721E-07
 3.711500E+02  5.103224E-01  2.512937E-04  1.390823E-08  1.870425E-08  2.092094E-08  2.552452E-08  9.945334E-02  1.536063E-05  2.552311E-09  3.102930E-01  6.201109E-04  1.306115E-06  3.017958E-07  8.727269E-04  6.092068E-09  2.532941E-08  2.847349E-08  7.797728E-02  2.199338E-06  3.131548E-07  2.583111E-07  8.034604E-05  1.092536E-04  1.398458E-07  1.576706E-08  2.059635E-08  1.062606E-07
 3.721500E+02  5.106941E-01  2.495027E-04  1.361299E-08  1.831051E-08  2.048135E-08  2.499252E-08  9.945980E-02  1.517651E-05  2.448256E-09  3.106648E-01  6.140584E-04  1.257337E-06  2.967865E-07  8.621968E-04  5.882078E-09  2.450026E-08  2.772310E-08  7.724819E-02  2.132898E-06  3.063176E-07  2.525529E-07  7.949245E-05  1.080943E-04  1.345001E-07  1.514575E-08  1.978968E-08  1.027874E-07
 3.731500E+02  5.110603E-01  2.477348E-04  1.332575E-08  1.792737E-08  2.005358E-08  2.447472E-08  9.946614E-02  1.499578E-05  2.349027E-09  3.110311E-01  6.080904E-04  1.210611E-06  2.918840E-07  8.518574E-04  5.680526E-09  2.370304E-08  2.699689E-08  7.652962E-02  2.068800E-06  2.996674E-07  2.469549E-07  7.865255E-05  1.069535E-04  1.293857E-07  1.455224E-08  1.901890E-08  9.944644E-08
