#         T/K            c1          c2-1          c3-4          c3-5          c3-7          c3-9            m1          m2-1          m3-1            w1            w2          w3-1          w3-2          c1m1        c1m2-1        c1m2-7        c2m1-1        c1w1-2        c1w2-1        c2w1-1        c2w1-9        m1w1-1        m1w1-4        m1w2-1        m2w1-1        m2w1-3      c1m1w1-1
 2.731500E+02  6.776140E-01  1.524904E-03  9.085724E-07  1.192523E-06  1.326777E-06  1.582016E-06  9.635828E-02  7.836917E-05  6.879564E-07  8.220220E-02  2.327047E-04  6.700260E-06  9.401180E-08  6.855979E-03  1.059915E-06  3.477918E-06  2.488125E-06  1.348211E-01  2.097695E-05  4.655842E-06  4.088322E-06  1.073927E-04  1.461905E-04  2.588777E-06  1.098761E-06  1.391595E-06  4.524865E-06
 2.741500E+02  6.785426E-01  1.500679E-03  8.683981E-07  1.140179E-06  1.268635E-06  1.513166E-06  9.644475E-02  7.658665E-05  6.360192E-07  8.302702E-02  2.316924E-04  6.376190E-06  9.294147E-08  6.690994E-03  9.902215E-07  3.259755E-06  2.357359E-06  1.331794E-01  2.004952E-05  4.481116E-06  3.931500E-06  1.059857E-04  1.442660E-04  2.441210E-06  1.026119E-06  1.300112E-06  4.273373E-06
 2.751500E+02  6.794593E-01  1.477031E-03  8.303036E-07  1.090529E-06  1.213481E-06  1.447834E-06  9.652855E-02  7.485585E-05  5.883266E-07  8.384311E-02  2.306362E-04  6.067772E-06  9.185889E-08  6.531135E-03  9.255697E-07  3.056724E-06  2.234392E-06  1.315551E-01  1.916510E-05  4.313763E-06  3.781432E-06  1.045936E-04  1.423623E-04  2.302463E-06  9.586274E-07  1.215079E-06  4.037083E-06
 2.761500E+02  6.803642E-01  1.453943E-03  7.941670E-07  1.043415E-06  1.161140E-06  1.385816E-06  9.660978E-02  7.317509E-05  5.445078E-07  8.465041E-02  2.295380E-04  5.774287E-06  9.076559E-08  6.376217E-03  8.655649E-07  2.867686E-06  2.118709E-06  1.299483E-01  1.832166E-05  4.153446E-06  3.637802E-06  1.032164E-04  1.404795E-04  2.171991E-06  8.958984E-07  1.136016E-06  3.815012E-06
 2.771500E+02  6.812573E-01  1.431397E-03  7.598746E-07  9.986904E-07  1.111450E-06  1.326921E-06  9.668853E-02  7.154273E-05  5.042262E-07  8.544886E-02  2.284001E-04  5.495046E-06  8.966306E-08  6.226061E-03  8.098457E-07  2.691593E-06  2.009832E-06  1.283591E-01  1.751726E-05  3.999841E-06  3.500310E-06  1.018546E-04  1.386180E-04  2.049288E-06  8.375767E-07  1.062479E-06  3.606247E-06
 2.781500E+02  6.821387E-01  1.409379E-03  7.273196E-07  9.562181E-07  1.064260E-06  1.270971E-06  9.676489E-02  6.995720E-05  4.671764E-07  8.623842E-02  2.272243E-04  5.229386E-06  8.855272E-08  6.080495E-03  7.580804E-07  2.527483E-06  1.907319E-06  1.267876E-01  1.675008E-05  3.852643E-06  3.368670E-06  1.005082E-04  1.367781E-04  1.933875E-06  7.833343E-07  9.940591E-07  3.409933E-06
 2.791500E+02  6.830084E-01  1.387871E-03  6.964023E-07  9.158695E-07  1.019425E-06  1.217799E-06  9.683895E-02  6.841699E-05  4.330808E-07  8.701905E-02  2.260128E-04  4.976672E-06  8.743593E-08  5.939355E-03  7.099649E-07  2.374467E-06  1.810757E-06  1.252339E-01  1.601835E-05  3.711562E-06  3.242611E-06  9.917737E-05  1.349597E-04  1.825306E-06  7.328687E-07  9.303782E-07  3.225276E-06
 2.801500E+02  6.838665E-01  1.366859E-03  6.670295E-07  8.775242E-07  9.768139E-07  1.167248E-06  9.691079E-02  6.692061E-05  4.016871E-07  8.779071E-02  2.247674E-04  4.736295E-06  8.631400E-08  5.802482E-03  6.652204E-07  2.231731E-06  1.719764E-06  1.236981E-01  1.532040E-05  3.576320E-06  3.121875E-06  9.786228E-05  1.331633E-04  1.723161E-06  6.859009E-07  8.710883E-07  3.051534E-06
 2.811500E+02  6.847130E-01  1.346328E-03  6.391136E-07  8.410693E-07  9.363003E-07  1.119172E-06  9.698049E-02  6.546665E-05  3.727658E-07  8.855339E-02  2.234902E-04  4.507674E-06  8.518820E-08  5.669724E-03  6.235904E-07  2.098523E-06  1.633983E-06  1.221802E-01  1.465463E-05  3.446653E-06  3.006217E-06  9.656302E-05  1.313888E-04  1.627047E-06  6.421739E-07  8.158681E-07  2.888017E-06
 2.821500E+02  6.855482E-01  1.326265E-03  6.125727E-07  8.063989E-07  8.977673E-07  1.073433E-06  9.704812E-02  6.405373E-05  3.461081E-07  8.930707E-02  2.221829E-04  4.290248E-06  8.405973E-08  5.540936E-03  5.848397E-07  1.974149E-06  1.553083E-06  1.206802E-01  1.401952E-05  3.322311E-06  2.895403E-06  9.527969E-05  1.296363E-04  1.536595E-06  6.014500E-07  7.644208E-07  2.734078E-06
 2.831500E+02  6.863719E-01  1.306655E-03  5.873299E-07  7.734140E-07  8.611050E-07  1.029901E-06  9.711375E-02  6.268054E-05  3.215241E-07  9.005174E-02  2.208474E-04  4.083484E-06  8.292972E-08  5.415977E-03  5.487521E-07  1.857971E-06  1.476756E-06  1.191982E-01  1.341362E-05  3.203055E-06  2.789213E-06  9.401234E-05  1.279060E-04  1.451459E-06  5.635102E-07  7.164725E-07  2.589116E-06
 2.841500E+02  6.871844E-01  1.287486E-03  5.633132E-07  7.420214E-07  8.262101E-07  9.884568E-07  9.717747E-02  6.134577E-05  2.988404E-07  9.078741E-02  2.194855E-04  3.886872E-06  8.179927E-08  5.294714E-03  5.151287E-07  1.749401E-06  1.404714E-06  1.177341E-01  1.283555E-05  3.088658E-06  2.687436E-06  9.276102E-05  1.261979E-04  1.371315E-06  5.281521E-07  6.717701E-07  2.452569E-06
 2.851500E+02  6.879856E-01  1.268745E-03  5.404550E-07  7.121339E-07  7.929859E-07  9.489851E-07  9.723932E-02  6.004821E-05  2.778995E-07  9.151407E-02  2.180989E-04  3.699922E-06  8.066941E-08  5.177017E-03  4.837865E-07  1.647894E-06  1.336691E-06  1.162880E-01  1.228399E-05  2.978903E-06  2.589871E-06  9.152578E-05  1.245119E-04  1.295858E-06  4.951888E-07  6.300797E-07  2.323911E-06
 2.861500E+02  6.887757E-01  1.250421E-03  5.186916E-07  6.836692E-07  7.613413E-07  9.113794E-07  9.729939E-02  5.878664E-05  2.585574E-07  9.223173E-02  2.166894E-04  3.522168E-06  7.954114E-08  5.062761E-03  4.545572E-07  1.552950E-06  1.272437E-06  1.148597E-01  1.175770E-05  2.873584E-06  2.496327E-06  9.030661E-05  1.228482E-04  1.224804E-06  4.644477E-07  5.911854E-07  2.202654E-06
 2.871500E+02  6.895548E-01  1.232500E-03  4.979637E-07  6.565505E-07  7.311910E-07  8.755394E-07  9.735772E-02  5.755993E-05  2.406830E-07  9.294042E-02  2.152585E-04  3.353164E-06  7.841538E-08  4.951829E-03  4.272858E-07  1.464104E-06  1.211719E-06  1.134494E-01  1.125546E-05  2.772506E-06  2.406624E-06  8.910352E-05  1.212067E-04  1.157885E-06  4.357692E-07  5.548874E-07  2.088338E-06
 2.881500E+02  6.903229E-01  1.214973E-03  4.782151E-07  6.307054E-07  7.024547E-07  8.413705E-07  9.741439E-02  5.636694E-05  2.241564E-07  9.364016E-02  2.138080E-04  3.192484E-06  7.729301E-08  4.844105E-03  4.018295E-07  1.380929E-06  1.154321E-06  1.120569E-01  1.077616E-05  2.675480E-06  2.320588E-06  8.791650E-05  1.195874E-04  1.094850E-06  4.090060E-07  5.210009E-07  1.980537E-06
 2.891500E+02  6.910802E-01  1.197828E-03  4.593933E-07  6.060656E-07  6.750568E-07  8.087841E-07  9.746944E-02  5.520661E-05  2.088684E-07  9.433097E-02  2.123392E-04  3.039723E-06  7.617486E-08  4.739479E-03  3.780567E-07  1.303029E-06  1.100042E-06  1.106822E-01  1.031869E-05  2.582329E-06  2.238056E-06  8.674551E-05  1.179902E-04  1.035464E-06  3.840216E-07  4.893551E-07  1.878851E-06
 2.901500E+02  6.918267E-01  1.181054E-03  4.414487E-07  5.825673E-07  6.489264E-07  7.776967E-07  9.752293E-02  5.407790E-05  1.947189E-07  9.501289E-02  2.108539E-04  2.894491E-06  7.506172E-08  4.637845E-03  3.558461E-07  1.230038E-06  1.048691E-06  1.093253E-01  9.882034E-06  2.492884E-06  2.158870E-06  8.559051E-05  1.164150E-04  9.795061E-07  3.606899E-07  4.597918E-07  1.782906E-06
 2.911500E+02  6.925626E-01  1.164641E-03  4.243348E-07  5.601501E-07  6.239966E-07  7.480295E-07  9.757491E-02  5.297980E-05  1.816168E-07  9.568595E-02  2.093533E-04  2.756421E-06  7.395433E-08  4.539101E-03  3.350858E-07  1.161618E-06  1.000094E-06  1.079859E-01  9.465203E-06  2.406982E-06  2.082882E-06  8.445144E-05  1.148617E-04  9.267701E-07  3.388942E-07  4.321648E-07  1.692352E-06
 2.921500E+02  6.932879E-01  1.148580E-03  4.080078E-07  5.387575E-07  6.002047E-07  7.197086E-07  9.762544E-02  5.191134E-05  1.694784E-07  9.635019E-02  2.078389E-04  2.625158E-06  7.285336E-08  4.443150E-03  3.156724E-07  1.097454E-06  9.540845E-07  1.066642E-01  9.067262E-06  2.324469E-06  2.009951E-06  8.332824E-05  1.133303E-04  8.770617E-07  3.185265E-07  4.063387E-07  1.606863E-06
 2.931500E+02  6.940028E-01  1.132860E-03  3.924265E-07  5.183360E-07  5.774913E-07  6.926643E-07  9.767457E-02  5.087158E-05  1.582273E-07  9.700567E-02  2.063121E-04  2.500368E-06  7.175947E-08  4.349898E-03  2.975106E-07  1.037258E-06  9.105100E-07  1.053599E-01  8.687319E-06  2.245198E-06  1.939940E-06  8.222084E-05  1.118206E-04  8.301988E-07  2.994869E-07  3.821878E-07  1.526133E-06
 2.941500E+02  6.947074E-01  1.117473E-03  3.775521E-07  4.988353E-07  5.558007E-07  6.668309E-07  9.772233E-02  4.985963E-05  1.477937E-07  9.765243E-02  2.047743E-04  2.381731E-06  7.067325E-08  4.259254E-03  2.805122E-07  9.807598E-07  8.692262E-07  1.040730E-01  8.324525E-06  2.169029E-06  1.872722E-06  8.112914E-05  1.103326E-04  7.860107E-07  2.816828E-07  3.595960E-07  1.449876E-06
 2.951500E+02  6.954017E-01  1.102410E-03  3.633481E-07  4.802081E-07  5.350804E-07  6.421464E-07  9.776878E-02  4.887461E-05  1.381134E-07  9.829052E-02  2.032265E-04  2.268941E-06  6.959527E-08  4.171131E-03  2.645960E-07  9.277105E-07  8.300987E-07  1.028034E-01  7.978071E-06  2.095829E-06  1.808174E-06  8.005305E-05  1.088659E-04  7.443373E-07  2.650284E-07  3.384557E-07  1.377824E-06
 2.961500E+02  6.960858E-01  1.087662E-03  3.497799E-07  4.624097E-07  5.152807E-07  6.185526E-07  9.781396E-02  4.791568E-05  1.291277E-07  9.892001E-02  2.016702E-04  2.161708E-06  6.852604E-08  4.085445E-03  2.496864E-07  8.778793E-07  7.930015E-07  1.015509E-01  7.647188E-06  2.025470E-06  1.746179E-06  7.899246E-05  1.074206E-04  7.050283E-07  2.494443E-07  3.186670E-07  1.309727E-06
 2.971500E+02  6.967600E-01  1.073220E-03  3.368151E-07  4.453979E-07  4.963551E-07  5.959942E-07  9.785791E-02  4.698202E-05  1.207828E-07  9.954094E-02  2.001065E-04  2.059757E-06  6.746605E-08  4.002116E-03  2.357140E-07  8.310517E-07  7.578170E-07  1.003154E-01  7.331142E-06  1.957831E-06  1.686626E-06  7.794727E-05  1.059965E-04  6.679427E-07  2.348569E-07  3.001373E-07  1.245349E-06
 2.981500E+02  6.974242E-01  1.059077E-03  3.244231E-07  4.291332E-07  4.782593E-07  5.744194E-07  9.790067E-02  4.607285E-05  1.130293E-07  1.001534E-01  1.985364E-04  1.962823E-06  6.641573E-08  3.921067E-03  2.226144E-07  7.870290E-07  7.244348E-07  9.909688E-02  7.029237E-06  1.892795E-06  1.629409E-06  7.691736E-05  1.045933E-04  6.329484E-07  2.211978E-07  2.827808E-07  1.184471E-06
 2.991500E+02  6.980787E-01  1.045225E-03  3.125749E-07  4.135779E-07  4.609518E-07  5.537791E-07  9.794228E-02  4.518740E-05  1.058220E-07  1.007574E-01  1.969611E-04  1.870658E-06  6.537549E-08  3.842221E-03  2.103277E-07  7.456266E-07  6.927516E-07  9.789511E-02  6.740808E-06  1.830252E-06  1.574427E-06  7.590259E-05  1.032108E-04  5.999210E-07  2.084037E-07  2.665178E-07  1.126887E-06
 3.001500E+02  6.987235E-01  1.031656E-03  3.012433E-07  3.986968E-07  4.443933E-07  5.340270E-07  9.798278E-02  4.432495E-05  9.911921E-08  1.013531E-01  1.953817E-04  1.783022E-06  6.434571E-08  3.765509E-03  1.987989E-07  7.066730E-07  6.626705E-07  9.670997E-02  6.465222E-06  1.770096E-06  1.521583E-06  7.490284E-05  1.018490E-04  5.687443E-07  1.964159E-07  2.512745E-07  1.072404E-06
 3.011500E+02  6.993587E-01  1.018362E-03  2.904026E-07  3.844563E-07  4.285468E-07  5.151193E-07  9.802219E-02  4.348479E-05  9.288275E-08  1.019405E-01  1.937991E-04  1.699689E-06  6.332672E-08  3.690860E-03  1.879766E-07  6.700090E-07  6.341009E-07  9.554133E-02  6.201878E-06  1.712227E-06  1.470785E-06  7.391797E-05  1.005076E-04  5.393088E-07  1.851799E-07  2.369822E-07  1.020840E-06
 3.021500E+02  6.999844E-01  1.005338E-03  2.800284E-07  3.708250E-07  4.133772E-07  4.970147E-07  9.806057E-02  4.266624E-05  8.707751E-08  1.025197E-01  1.922143E-04  1.620444E-06  6.231883E-08  3.618207E-03  1.778135E-07  6.354864E-07  6.069576E-07  9.438904E-02  5.950203E-06  1.656549E-06  1.421947E-06  7.294784E-05  9.918644E-05  5.115120E-07  1.746450E-07  2.235772E-07  9.720261E-07
 3.031500E+02  7.006009E-01  9.925754E-04  2.700977E-07  3.577729E-07  3.988514E-07  4.796740E-07  9.809794E-02  4.186863E-05  8.167121E-08  1.030908E-01  1.906283E-04  1.545083E-06  6.132231E-08  3.547488E-03  1.682655E-07  6.029676E-07  5.811608E-07  9.325294E-02  5.709651E-06  1.602970E-06  1.374984E-06  7.199230E-05  9.788524E-05  4.852574E-07  1.647643E-07  2.110003E-07  9.258030E-07
 3.041500E+02  7.012081E-01  9.800679E-04  2.605890E-07  3.452720E-07  3.849382E-07  4.630604E-07  9.813433E-02  4.109132E-05  7.663416E-08  1.036538E-01  1.890418E-04  1.473411E-06  6.033742E-08  3.478639E-03  1.592918E-07  5.723245E-07  5.566355E-07  9.213288E-02  5.479703E-06  1.551401E-06  1.329816E-06  7.105120E-05  9.660383E-05  4.604547E-07  1.554941E-07  1.991966E-07  8.820213E-07
 3.051500E+02  7.018062E-01  9.678092E-04  2.514816E-07  3.332955E-07  3.716078E-07  4.471389E-07  9.816977E-02  4.033371E-05  7.193904E-08  1.042089E-01  1.874557E-04  1.405243E-06  5.936437E-08  3.411602E-03  1.508545E-07  5.434379E-07  5.333114E-07  9.102871E-02  5.259865E-06  1.501760E-06  1.286368E-06  7.012438E-05  9.534198E-05  4.370190E-07  1.467939E-07  1.881149E-07  8.405410E-07
 3.061500E+02  7.023953E-01  9.557929E-04  2.427561E-07  3.218182E-07  3.588323E-07  4.318763E-07  9.820430E-02  3.959519E-05  6.756069E-08  1.047560E-01  1.858709E-04  1.340403E-06  5.840335E-08  3.346319E-03  1.429184E-07  5.161968E-07  5.111224E-07  8.994025E-02  5.049667E-06  1.453966E-06  1.244567E-06  6.921170E-05  9.409947E-05  4.148704E-07  1.386260E-07  1.777077E-07  8.012305E-07
 3.071500E+02  7.029755E-01  9.440130E-04  2.343942E-07  3.108163E-07  3.465853E-07  4.172415E-07  9.823793E-02  3.887519E-05  6.347592E-08  1.052954E-01  1.842881E-04  1.278724E-06  5.745455E-08  3.282735E-03  1.354507E-07  4.904978E-07  4.900066E-07  8.886736E-02  4.848659E-06  1.407944E-06  1.204344E-06  6.831297E-05  9.287609E-05  3.939341E-07  1.309553E-07  1.679308E-07  7.639664E-07
 3.081500E+02  7.035470E-01  9.324636E-04  2.263786E-07  3.002671E-07  3.348416E-07  4.032047E-07  9.827071E-02  3.817315E-05  5.966339E-08  1.058270E-01  1.827080E-04  1.220048E-06  5.651809E-08  3.220796E-03  1.284212E-07  4.662446E-07  4.699055E-07  8.780985E-02  4.656417E-06  1.363620E-06  1.165632E-06  6.742805E-05  9.167159E-05  3.741398E-07  1.237492E-07  1.587430E-07  7.286327E-07
 3.091500E+02  7.041098E-01  9.211390E-04  2.186927E-07  2.901494E-07  3.235775E-07  3.897379E-07  9.830265E-02  3.748854E-05  5.610341E-08  1.063510E-01  1.811314E-04  1.164225E-06  5.559410E-08  3.160451E-03  1.218015E-07  4.433474E-07  4.507643E-07  8.676755E-02  4.472533E-06  1.320924E-06  1.128368E-06  6.655677E-05  9.048575E-05  3.554214E-07  1.169774E-07  1.501062E-07  6.951205E-07
 3.101500E+02  7.046641E-01  9.100336E-04  2.113211E-07  2.804428E-07  3.127705E-07  3.768144E-07  9.833379E-02  3.682084E-05  5.277781E-08  1.068674E-01  1.795588E-04  1.111110E-06  5.468269E-08  3.101650E-03  1.155653E-07  4.217224E-07  4.325314E-07  8.574031E-02  4.296621E-06  1.279790E-06  1.092493E-06  6.569895E-05  8.931833E-05  3.377167E-07  1.106118E-07  1.419847E-07  6.633276E-07
 3.111500E+02  7.052100E-01  8.991420E-04  2.042489E-07  2.711281E-07  3.023992E-07  3.644091E-07  9.836414E-02  3.616955E-05  4.966983E-08  1.073764E-01  1.779909E-04  1.060569E-06  5.378394E-08  3.044347E-03  1.096883E-07  4.012917E-07  4.151584E-07  8.472795E-02  4.128314E-06  1.240154E-06  1.057948E-06  6.485444E-05  8.816910E-05  3.209675E-07  1.046260E-07  1.343454E-07  6.331578E-07
 3.121500E+02  7.057476E-01  8.884591E-04  1.974622E-07  2.621871E-07  2.924436E-07  3.524981E-07  9.839373E-02  3.553418E-05  4.676400E-08  1.078780E-01  1.764283E-04  1.012471E-06  5.289791E-08  2.988494E-03  1.041476E-07  3.819822E-07  3.985996E-07  8.373028E-02  3.967262E-06  1.201956E-06  1.024679E-06  6.402305E-05  8.703782E-05  3.051190E-07  9.899568E-08  1.271574E-07  6.045207E-07
 3.131500E+02  7.062770E-01  8.779798E-04  1.909478E-07  2.536027E-07  2.828844E-07  3.410587E-07  9.842259E-02  3.491427E-05  4.404604E-08  1.083723E-01  1.748716E-04  9.666959E-07  5.202464E-08  2.934047E-03  9.892207E-08  3.637260E-07  3.828119E-07  8.274715E-02  3.813129E-06  1.165138E-06  9.926337E-07  6.320462E-05  8.592425E-05  2.901195E-07  9.369795E-08  1.203918E-07  5.773314E-07
 3.141500E+02  7.067984E-01  8.676991E-04  1.846931E-07  2.453585E-07  2.737036E-07  3.300694E-07  9.845073E-02  3.430935E-05  4.150272E-08  1.088593E-01  1.733212E-04  9.231258E-07  5.116416E-08  2.880964E-03  9.399195E-08  3.464595E-07  3.677550E-07  8.177836E-02  3.665600E-06  1.129642E-06  9.617609E-07  6.239897E-05  8.482816E-05  2.759207E-07  8.871164E-08  1.140219E-07  5.515099E-07
 3.151500E+02  7.073118E-01  8.576123E-04  1.786862E-07  2.374389E-07  2.648837E-07  3.195099E-07  9.847817E-02  3.371900E-05  3.912185E-08  1.093393E-01  1.717777E-04  8.816508E-07  5.031649E-08  2.829202E-03  8.933884E-08  3.301232E-07  3.533906E-07  8.082374E-02  3.524372E-06  1.095418E-06  9.320133E-07  6.160594E-05  8.374929E-05  2.624770E-07  8.401698E-08  1.080226E-07  5.269811E-07
 3.161500E+02  7.078174E-01  8.477148E-04  1.729159E-07  2.298292E-07  2.564086E-07  3.093606E-07  9.850495E-02  3.314279E-05  3.689213E-08  1.098122E-01  1.702416E-04  8.421659E-07  4.948162E-08  2.778723E-03  8.494557E-08  3.146617E-07  3.396829E-07  7.988312E-02  3.389156E-06  1.062413E-06  9.033449E-07  6.082534E-05  8.268742E-05  2.497457E-07  7.959552E-08  1.023707E-07  5.036743E-07
 3.171500E+02  7.083153E-01  8.380021E-04  1.673713E-07  2.225155E-07  2.482626E-07  2.996033E-07  9.853107E-02  3.258031E-05  3.480312E-08  1.102782E-01  1.687132E-04  8.045718E-07  4.865953E-08  2.729488E-03  8.079614E-08  3.000232E-07  3.265979E-07  7.895631E-02  3.259679E-06  1.030580E-06  8.757121E-07  6.005701E-05  8.164229E-05  2.376863E-07  7.543008E-08  9.704439E-08  4.815228E-07
 3.181500E+02  7.088056E-01  8.284697E-04  1.620423E-07  2.154845E-07  2.404311E-07  2.902206E-07  9.855656E-02  3.203117E-05  3.284514E-08  1.107374E-01  1.671931E-04  7.687740E-07  4.785020E-08  2.681459E-03  7.687561E-08  2.861590E-07  3.141037E-07  7.804314E-02  3.135680E-06  9.998708E-07  8.490730E-07  5.930077E-05  8.061368E-05  2.262612E-07  7.150464E-08  9.202337E-08  4.604641E-07
 3.191500E+02  7.092883E-01  8.191136E-04  1.569193E-07  2.087236E-07  2.329001E-07  2.811957E-07  9.858144E-02  3.149498E-05  3.100925E-08  1.111898E-01  1.656815E-04  7.346829E-07  4.705358E-08  2.634600E-03  7.317005E-08  2.730237E-07  3.021702E-07  7.714343E-02  3.016909E-06  9.702419E-07  8.233877E-07  5.855644E-05  7.960133E-05  2.154346E-07  6.780421E-08  8.728871E-08  4.404391E-07
 3.201500E+02  7.097637E-01  8.099294E-04  1.519931E-07  2.022208E-07  2.256562E-07  2.725131E-07  9.860572E-02  3.097137E-05  2.928714E-08  1.116355E-01  1.641790E-04  7.022133E-07  4.626963E-08  2.588877E-03  6.966643E-08  2.605749E-07  2.907689E-07  7.625699E-02  2.903130E-06  9.416505E-07  7.986178E-07  5.782386E-05  7.860502E-05  2.051729E-07  6.431485E-08  8.282271E-08  4.213922E-07
 3.211500E+02  7.102318E-01  8.009133E-04  1.472550E-07  1.959648E-07  2.186869E-07  2.641576E-07  9.862942E-02  3.045998E-05  2.767114E-08  1.120747E-01  1.626857E-04  6.712847E-07  4.549827E-08  2.544257E-03  6.635261E-08  2.487727E-07  2.798730E-07  7.538366E-02  2.794118E-06  9.140559E-07  7.747268E-07  5.710284E-05  7.762449E-05  1.954448E-07  6.102351E-08  7.860885E-08  4.032711E-07
 3.221500E+02  7.106928E-01  7.920612E-04  1.426966E-07  1.899448E-07  2.119800E-07  2.561150E-07  9.865256E-02  2.996048E-05  2.615410E-08  1.125073E-01  1.612021E-04  6.418203E-07  4.473944E-08  2.500706E-03  6.321721E-08  2.375798E-07  2.694571E-07  7.452325E-02  2.689657E-06  8.874190E-07  7.516797E-07  5.639323E-05  7.665953E-05  1.862205E-07  5.791801E-08  7.463171E-08  3.860265E-07
 3.231500E+02  7.111466E-01  7.833696E-04  1.383102E-07  1.841504E-07  2.055243E-07  2.483718E-07  9.867516E-02  2.947251E-05  2.472941E-08  1.129336E-01  1.597284E-04  6.137473E-07  4.399306E-08  2.458195E-03  6.024962E-08  2.269613E-07  2.594974E-07  7.367559E-02  2.589542E-06  8.617025E-07  7.294431E-07  5.569484E-05  7.570988E-05  1.774720E-07  5.498699E-08  7.087687E-08  3.696118E-07
 3.241500E+02  7.115936E-01  7.748346E-04  1.340882E-07  1.785720E-07  1.993088E-07  2.409151E-07  9.869722E-02  2.899576E-05  2.339095E-08  1.133535E-01  1.582650E-04  5.869969E-07  4.325902E-08  2.416692E-03  5.743989E-08  2.168845E-07  2.499711E-07  7.284049E-02  2.493580E-06  8.368706E-07  7.079849E-07  5.500751E-05  7.477531E-05  1.691730E-07  5.221980E-08  6.733083E-08  3.539833E-07
 3.251500E+02  7.120337E-01  7.664527E-04  1.300235E-07  1.732001E-07  1.933232E-07  2.337327E-07  9.871877E-02  2.852991E-05  2.213300E-08  1.137672E-01  1.568120E-04  5.615035E-07  4.253725E-08  2.376168E-03  5.477875E-08  2.073186E-07  2.408570E-07  7.201778E-02  2.401583E-06  8.128891E-07  6.872746E-07  5.433107E-05  7.385560E-05  1.612987E-07  4.960652E-08  6.398101E-08  3.390996E-07
 3.261500E+02  7.124670E-01  7.582203E-04  1.261094E-07  1.680261E-07  1.875576E-07  2.268128E-07  9.873982E-02  2.807467E-05  2.095029E-08  1.141748E-01  1.553697E-04  5.372049E-07  4.182763E-08  2.336595E-03  5.225748E-08  1.982348E-07  2.321348E-07  7.120730E-02  2.313376E-06  7.897252E-07  6.672828E-07  5.366535E-05  7.295050E-05  1.538260E-07  4.713785E-08  6.081560E-08  3.249216E-07
 3.271500E+02  7.128938E-01  7.501342E-04  1.223394E-07  1.630413E-07  1.820028E-07  2.201444E-07  9.876039E-02  2.762973E-05  1.983789E-08  1.145764E-01  1.539383E-04  5.140422E-07  4.113004E-08  2.297947E-03  4.986794E-08  1.896061E-07  2.237854E-07  7.040885E-02  2.228788E-06  7.673475E-07  6.479814E-07  5.301018E-05  7.205980E-05  1.467326E-07  4.480510E-08  5.782358E-08  3.114126E-07
 3.281500E+02  7.133140E-01  7.421911E-04  1.187073E-07  1.582379E-07  1.766497E-07  2.137168E-07  9.878048E-02  2.719480E-05  1.879124E-08  1.149719E-01  1.525180E-04  4.919593E-07  4.044438E-08  2.260196E-03  4.760252E-08  1.814071E-07  2.157907E-07  6.962227E-02  2.147661E-06  7.457259E-07  6.293436E-07  5.236540E-05  7.118325E-05  1.399980E-07  4.260015E-08  5.499463E-08  2.985380E-07
 3.291500E+02  7.137277E-01  7.343877E-04  1.152074E-07  1.536081E-07  1.714900E-07  2.075200E-07  9.880011E-02  2.676963E-05  1.780608E-08  1.153616E-01  1.511091E-04  4.709031E-07  3.977053E-08  2.223317E-03  4.545406E-08  1.736140E-07  2.081336E-07  6.884739E-02  2.069839E-06  7.248316E-07  6.113437E-07  5.173085E-05  7.032065E-05  1.336027E-07  4.051538E-08  5.231909E-08  2.862649E-07
 3.301500E+02  7.141352E-01  7.267208E-04  1.118340E-07  1.491448E-07  1.665154E-07  2.015444E-07  9.881930E-02  2.635393E-05  1.687847E-08  1.157455E-01  1.497116E-04  4.508232E-07  3.910834E-08  2.187286E-03  4.341587E-08  1.662044E-07  2.007979E-07  6.808403E-02  1.995177E-06  7.046370E-07  5.939571E-07  5.110635E-05  6.947175E-05  1.275282E-07  3.854367E-08  4.978789E-08  2.745623E-07
 3.311500E+02  7.145364E-01  7.191876E-04  1.085819E-07  1.448409E-07  1.617184E-07  1.957808E-07  9.883805E-02  2.594745E-05  1.600472E-08  1.161237E-01  1.483257E-04  4.316716E-07  3.845770E-08  2.152078E-03  4.148166E-08  1.591573E-07  1.937684E-07  6.733203E-02  1.923537E-06  6.851155E-07  5.771601E-07  5.049175E-05  6.863635E-05  1.217572E-07  3.667835E-08  4.739258E-08  2.634012E-07
 3.321500E+02  7.149315E-01  7.117850E-04  1.054460E-07  1.406899E-07  1.570915E-07  1.902205E-07  9.885638E-02  2.554994E-05  1.518142E-08  1.164963E-01  1.469517E-04  4.134030E-07  3.781847E-08  2.117671E-03  3.964557E-08  1.524529E-07  1.870304E-07  6.659122E-02  1.854785E-06  6.662418E-07  5.609302E-07  4.988690E-05  6.781422E-05  1.162735E-07  3.491318E-08  4.512520E-08  2.527538E-07
 3.331500E+02  7.153205E-01  7.045101E-04  1.024215E-07  1.366855E-07  1.526277E-07  1.848551E-07  9.887430E-02  2.516115E-05  1.440537E-08  1.168633E-01  1.455895E-04  3.959742E-07  3.719051E-08  2.084042E-03  3.790205E-08  1.460726E-07  1.805703E-07  6.586143E-02  1.788795E-06  6.479917E-07  5.452457E-07  4.929162E-05  6.700515E-05  1.110615E-07  3.324230E-08  4.297832E-08  2.425942E-07
 3.341500E+02  7.157036E-01  6.973602E-04  9.950374E-08  1.328216E-07  1.483205E-07  1.796767E-07  9.889183E-02  2.478086E-05  1.367360E-08  1.172249E-01  1.442392E-04  3.793442E-07  3.657368E-08  2.051170E-03  3.624592E-08  1.399990E-07  1.743750E-07  6.514249E-02  1.725445E-06  6.303416E-07  5.300859E-07  4.870578E-05  6.620892E-05  1.061068E-07  3.166022E-08  4.094495E-08  2.328976E-07
 3.351500E+02  7.160809E-01  6.903326E-04  9.668846E-08  1.290925E-07  1.441633E-07  1.746778E-07  9.890896E-02  2.440883E-05  1.298335E-08  1.175812E-01  1.429011E-04  3.634742E-07  3.596783E-08  2.019033E-03  3.467233E-08  1.342155E-07  1.684321E-07  6.443424E-02  1.664622E-06  6.132694E-07  5.154310E-07  4.812920E-05  6.542532E-05  1.013957E-07  3.016181E-08  3.901856E-08  2.236408E-07
 3.361500E+02  7.164525E-01  6.834245E-04  9.397144E-08  1.254928E-07  1.401502E-07  1.698511E-07  9.892572E-02  2.404484E-05  1.233203E-08  1.179321E-01  1.415752E-04  3.483273E-07  3.537282E-08  1.987613E-03  3.317669E-08  1.287067E-07  1.627300E-07  6.373652E-02  1.606215E-06  5.967535E-07  5.012619E-07  4.756175E-05  6.465414E-05  9.691526E-08  2.874224E-08  3.719301E-08  2.148018E-07
 3.371500E+02  7.168184E-01  6.766334E-04  9.134869E-08  1.220173E-07  1.362753E-07  1.651897E-07  9.894211E-02  2.368868E-05  1.171724E-08  1.182778E-01  1.402614E-04  3.338684E-07  3.478850E-08  1.956888E-03  3.175471E-08  1.234580E-07  1.572575E-07  6.304917E-02  1.550120E-06  5.807734E-07  4.875603E-07  4.700326E-05  6.389517E-05  9.265324E-08  2.739699E-08  3.546254E-08  2.063597E-07
 3.381500E+02  7.171787E-01  6.699568E-04  8.881642E-08  1.186610E-07  1.325331E-07  1.606870E-07  9.895814E-02  2.334014E-05  1.113672E-08  1.186184E-01  1.389600E-04  3.200643E-07  3.421471E-08  1.926841E-03  3.040237E-08  1.184558E-07  1.520041E-07  6.237202E-02  1.496237E-06  5.653093E-07  4.743088E-07  4.645359E-05  6.314822E-05  8.859816E-08  2.612181E-08  3.382174E-08  1.982948E-07
 3.391500E+02  7.175336E-01  6.633923E-04  8.637099E-08  1.154190E-07  1.289183E-07  1.563368E-07  9.897383E-02  2.299903E-05  1.058839E-08  1.189539E-01  1.376710E-04  3.068834E-07  3.365132E-08  1.897452E-03  2.911585E-08  1.136870E-07  1.469598E-07  6.170493E-02  1.444471E-06  5.503423E-07  4.614906E-07  4.591260E-05  6.241307E-05  8.473915E-08  2.491272E-08  3.226554E-08  1.905886E-07
 3.401500E+02  7.178830E-01  6.569374E-04  8.400894E-08  1.122870E-07  1.254259E-07  1.521329E-07  9.898917E-02  2.266514E-05  1.007027E-08  1.192845E-01  1.363943E-04  2.942956E-07  3.309816E-08  1.868704E-03  2.789160E-08  1.091395E-07  1.421151E-07  6.104774E-02  1.394730E-06  5.358542E-07  4.490895E-07  4.538013E-05  6.168953E-05  8.106596E-08  2.376598E-08  3.078917E-08  1.832233E-07
 3.411500E+02  7.182272E-01  6.505898E-04  8.172697E-08  1.092605E-07  1.220510E-07  1.480698E-07  9.900419E-02  2.233829E-05  9.580554E-09  1.196102E-01  1.351300E-04  2.822726E-07  3.255508E-08  1.840580E-03  2.672626E-08  1.048018E-07  1.374609E-07  6.040028E-02  1.346929E-06  5.218277E-07  4.370902E-07  4.485605E-05  6.097741E-05  7.756891E-08  2.267808E-08  2.938817E-08  1.761823E-07
 3.421500E+02  7.185662E-01  6.443473E-04  7.952192E-08  1.063353E-07  1.187890E-07  1.441418E-07  9.901889E-02  2.201829E-05  9.117520E-09  1.199310E-01  1.338782E-04  2.707872E-07  3.202193E-08  1.813064E-03  2.561668E-08  1.006630E-07  1.329888E-07  5.976242E-02  1.300984E-06  5.082459E-07  4.254779E-07  4.434021E-05  6.027651E-05  7.423885E-08  2.164571E-08  2.805832E-08  1.694498E-07
 3.431500E+02  7.189001E-01  6.382077E-04  7.739076E-08  1.035077E-07  1.156355E-07  1.403437E-07  9.903327E-02  2.170497E-05  8.679572E-09  1.202471E-01  1.326388E-04  2.598138E-07  3.149855E-08  1.786138E-03  2.455987E-08  9.671299E-08  1.286906E-07  5.913399E-02  1.256816E-06  4.950927E-07  4.142383E-07  4.383247E-05  5.958664E-05  7.106713E-08  2.066579E-08  2.679567E-08  1.630108E-07
 3.441500E+02  7.192289E-01  6.321687E-04  7.533062E-08  1.007737E-07  1.125864E-07  1.366706E-07  9.904736E-02  2.139815E-05  8.265218E-09  1.205585E-01  1.314119E-04  2.493279E-07  3.098479E-08  1.759787E-03  2.355305E-08  9.294206E-08  1.245586E-07  5.851486E-02  1.214351E-06  4.823529E-07  4.033578E-07  4.333271E-05  5.890762E-05  6.804559E-08  1.973540E-08  2.559651E-08  1.568510E-07
 3.451500E+02  7.195528E-01  6.262284E-04  7.333873E-08  9.812968E-08  1.096375E-07  1.331176E-07  9.906114E-02  2.109767E-05  7.873059E-09  1.208654E-01  1.301974E-04  2.393064E-07  3.048050E-08  1.733997E-03  2.259357E-08  8.934112E-08  1.205854E-07  5.790487E-02  1.173516E-06  4.700114E-07  3.928234E-07  4.284077E-05  5.823925E-05  6.516653E-08  1.885180E-08  2.445735E-08  1.509572E-07
 3.461500E+02  7.198718E-01  6.203846E-04  7.141245E-08  9.557228E-08  1.067851E-07  1.296801E-07  9.907464E-02  2.080337E-05  7.501787E-09  1.211677E-01  1.289954E-04  2.297272E-07  2.998552E-08  1.708753E-03  2.167894E-08  8.590159E-08  1.167640E-07  5.730388E-02  1.134242E-06  4.580542E-07  3.826225E-07  4.235653E-05  5.758136E-05  6.242264E-08  1.801241E-08  2.337489E-08  1.453165E-07
 3.471500E+02  7.201860E-01  6.146354E-04  6.954927E-08  9.309814E-08  1.040254E-07  1.263538E-07  9.908785E-02  2.051508E-05  7.150180E-09  1.214656E-01  1.278057E-04  2.205694E-07  2.949970E-08  1.684039E-03  2.080684E-08  8.261534E-08  1.130878E-07  5.671174E-02  1.096465E-06  4.464675E-07  3.727431E-07  4.187986E-05  5.693376E-05  5.980704E-08  1.721481E-08  2.234605E-08  1.399169E-07
 3.481500E+02  7.204955E-01  6.089787E-04  6.774678E-08  9.070411E-08  1.013550E-07  1.231344E-07  9.910079E-02  2.023267E-05  6.817090E-09  1.217590E-01  1.266285E-04  2.118131E-07  2.902288E-08  1.659843E-03  1.997505E-08  7.947471E-08  1.095505E-07  5.612833E-02  1.060120E-06  4.352383E-07  3.631735E-07  4.141063E-05  5.629628E-05  5.731322E-08  1.645672E-08  2.136791E-08  1.347470E-07
 3.491500E+02  7.208004E-01  6.034129E-04  6.600266E-08  8.838715E-08  9.877040E-08  1.200180E-07  9.911347E-02  1.995597E-05  6.501443E-09  1.220482E-01  1.254636E-04  2.034394E-07  2.855491E-08  1.636151E-03  1.918149E-08  7.647247E-08  1.061461E-07  5.555349E-02  1.025150E-06  4.243539E-07  3.539028E-07  4.094871E-05  5.566875E-05  5.493500E-08  1.573601E-08  2.043773E-08  1.297959E-07
 3.501500E+02  7.211007E-01  5.979358E-04  6.431470E-08  8.614436E-08  9.626844E-08  1.170006E-07  9.912588E-02  1.968484E-05  6.202235E-09  1.223331E-01  1.243110E-04  1.954304E-07  2.809565E-08  1.612951E-03  1.842420E-08  7.360175E-08  1.028689E-07  5.498709E-02  9.914953E-07  4.138021E-07  3.449202E-07  4.049397E-05  5.505099E-05  5.266656E-08  1.505064E-08  1.955294E-08  1.250532E-07
 3.511500E+02  7.213965E-01  5.925459E-04  6.268080E-08  8.397296E-08  9.384602E-08  1.140785E-07  9.913804E-02  1.941915E-05  5.918520E-09  1.226139E-01  1.231707E-04  1.877689E-07  2.764494E-08  1.590228E-03  1.770132E-08  7.085609E-08  9.971338E-08  5.442899E-02  9.591028E-07  4.035714E-07  3.362154E-07  4.004629E-05  5.444284E-05  5.050239E-08  1.439872E-08  1.871111E-08  1.205093E-07
 3.521500E+02  7.216880E-01  5.872412E-04  6.109893E-08  8.187029E-08  9.150017E-08  1.112484E-07  9.914996E-02  1.915876E-05  5.649416E-09  1.228905E-01  1.220426E-04  1.804388E-07  2.720263E-08  1.567972E-03  1.701111E-08  6.822937E-08  9.667439E-08  5.387907E-02  9.279200E-07  3.936506E-07  3.277788E-07  3.960555E-05  5.384412E-05  4.843728E-08  1.377846E-08  1.790995E-08  1.161549E-07
 3.531500E+02  7.219751E-01  5.820201E-04  5.956715E-08  7.983380E-08  8.922807E-08  1.085067E-07  9.916163E-02  1.890354E-05  5.394093E-09  1.231632E-01  1.209267E-04  1.734246E-07  2.676858E-08  1.546171E-03  1.635191E-08  6.571579E-08  9.374699E-08  5.333719E-02  8.978970E-07  3.840288E-07  3.196007E-07  3.917163E-05  5.325468E-05  4.646627E-08  1.318817E-08  1.714730E-08  1.119812E-07
 3.541500E+02  7.222579E-01  5.768810E-04  5.808360E-08  7.786106E-08  8.702699E-08  1.058502E-07  9.917307E-02  1.865336E-05  5.151772E-09  1.234318E-01  1.198229E-04  1.667116E-07  2.634263E-08  1.524812E-03  1.572217E-08  6.330987E-08  9.092648E-08  5.280321E-02  8.689864E-07  3.746957E-07  3.116721E-07  3.874442E-05  5.267436E-05  4.458471E-08  1.262626E-08  1.642112E-08  1.079799E-07
 3.551500E+02  7.225366E-01  5.718221E-04  5.664651E-08  7.594973E-08  8.489435E-08  1.032758E-07  9.918428E-02  1.840810E-05  4.921724E-09  1.236965E-01  1.187311E-04  1.602859E-07  2.592464E-08  1.503885E-03  1.512041E-08  6.100643E-08  8.820838E-08  5.227702E-02  8.411425E-07  3.656415E-07  3.039842E-07  3.832379E-05  5.210299E-05  4.278816E-08  1.209123E-08  1.572951E-08  1.041429E-07
 3.561500E+02  7.228111E-01  5.668419E-04  5.525417E-08  7.409756E-08  8.282763E-08  1.007806E-07  9.919527E-02  1.816764E-05  4.703261E-09  1.239574E-01  1.176514E-04  1.541343E-07  2.551448E-08  1.483380E-03  1.454523E-08  5.880054E-08  8.558842E-08  5.175849E-02  8.143219E-07  3.568564E-07  2.965288E-07  3.790963E-05  5.154042E-05  4.107243E-08  1.158168E-08  1.507064E-08  1.004628E-07
 3.571500E+02  7.230816E-01  5.619388E-04  5.390495E-08  7.230241E-08  8.082445E-08  9.836165E-08  9.920604E-02  1.793185E-05  4.495741E-09  1.242145E-01  1.165835E-04  1.482441E-07  2.511199E-08  1.463284E-03  1.399533E-08  5.668757E-08  8.306253E-08  5.124749E-02  7.884829E-07  3.483314E-07  2.892977E-07  3.750184E-05  5.098650E-05  3.943357E-08  1.109626E-08  1.444283E-08  9.693250E-08
 3.581500E+02  7.233481E-01  5.571113E-04  5.259728E-08  7.056222E-08  7.888251E-08  9.601624E-08  9.921660E-02  1.770063E-05  4.298557E-09  1.244678E-01  1.155275E-04  1.426033E-07  2.471703E-08  1.443589E-03  1.346946E-08  5.466309E-08  8.062681E-08  5.074389E-02  7.635860E-07  3.400575E-07  2.822832E-07  3.710029E-05  5.044108E-05  3.786780E-08  1.063372E-08  1.384445E-08  9.354511E-08
 3.591500E+02  7.236107E-01  5.523580E-04  5.132966E-08  6.887500E-08  7.699963E-08  9.374175E-08  9.922695E-02  1.747387E-05  4.111141E-09  1.247175E-01  1.144832E-04  1.372005E-07  2.432948E-08  1.424284E-03  1.296643E-08  5.272293E-08  7.827758E-08  5.024759E-02  7.395929E-07  3.320263E-07  2.754778E-07  3.670489E-05  4.990401E-05  3.637157E-08  1.019287E-08  1.327399E-08  9.029420E-08
 3.601500E+02  7.238694E-01  5.476773E-04  5.010065E-08  6.723888E-08  7.517368E-08  9.153564E-08  9.923710E-02  1.725146E-05  3.932959E-09  1.249636E-01  1.134506E-04  1.320248E-07  2.394918E-08  1.405360E-03  1.248515E-08  5.086314E-08  7.601129E-08  4.975847E-02  7.164675E-07  3.242295E-07  2.688743E-07  3.631552E-05  4.937514E-05  3.494151E-08  9.772597E-09  1.273002E-08  8.717364E-08
 3.611500E+02  7.241243E-01  5.430679E-04  4.890887E-08  6.565202E-08  7.340265E-08  8.939551E-08  9.924705E-02  1.703329E-05  3.763507E-09  1.252061E-01  1.124296E-04  1.270659E-07  2.357600E-08  1.386808E-03  1.202454E-08  4.907995E-08  7.382458E-08  4.927639E-02  6.941748E-07  3.166592E-07  2.624658E-07  3.593208E-05  4.885434E-05  3.357441E-08  9.371843E-09  1.221117E-08  8.417759E-08
 3.621500E+02  7.243756E-01  5.385283E-04  4.775300E-08  6.411269E-08  7.168459E-08  8.731903E-08  9.925681E-02  1.681927E-05  3.602312E-09  1.254452E-01  1.114201E-04  1.223140E-07  2.320982E-08  1.368618E-03  1.158362E-08  4.736981E-08  7.171422E-08  4.880126E-02  6.726817E-07  3.093079E-07  2.562458E-07  3.555447E-05  4.834146E-05  3.226724E-08  8.989608E-09  1.171618E-08  8.130049E-08
 3.631500E+02  7.246231E-01  5.340572E-04  4.663176E-08  6.261921E-08  7.001763E-08  8.530397E-08  9.926638E-02  1.660929E-05  3.448931E-09  1.256808E-01  1.104220E-04  1.177597E-07  2.285049E-08  1.350781E-03  1.116145E-08  4.572935E-08  6.967714E-08  4.833295E-02  6.519562E-07  3.021682E-07  2.502078E-07  3.518259E-05  4.783636E-05  3.101713E-08  8.624950E-09  1.124383E-08  7.853708E-08
 3.641500E+02  7.248671E-01  5.296534E-04  4.554394E-08  6.116997E-08  6.840000E-08  8.334819E-08  9.927576E-02  1.640326E-05  3.302942E-09  1.259130E-01  1.094353E-04  1.133941E-07  2.249789E-08  1.333289E-03  1.075711E-08  4.415535E-08  6.771042E-08  4.787136E-02  6.319681E-07  2.952332E-07  2.443457E-07  3.481633E-05  4.733891E-05  2.982135E-08  8.276978E-09  1.079298E-08  7.588231E-08
 3.651500E+02  7.251075E-01  5.253155E-04  4.448836E-08  5.976344E-08  6.682996E-08  8.144964E-08  9.928497E-02  1.620109E-05  3.163953E-09  1.261419E-01  1.084598E-04  1.092087E-07  2.215190E-08  1.316135E-03  1.036978E-08  4.264477E-08  6.581124E-08  4.741638E-02  6.126880E-07  2.884960E-07  2.386535E-07  3.445561E-05  4.684898E-05  2.867731E-08  7.944851E-09  1.036255E-08  7.333143E-08
 3.661500E+02  7.253445E-01  5.210422E-04  4.346389E-08  5.839812E-08  6.530588E-08  7.960634E-08  9.929401E-02  1.600269E-05  3.031591E-09  1.263676E-01  1.074954E-04  1.051955E-07  2.181237E-08  1.299308E-03  9.998641E-09  4.119473E-08  6.397693E-08  4.696790E-02  5.940882E-07  2.819500E-07  2.331257E-07  3.410032E-05  4.636643E-05  2.758256E-08  7.627774E-09  9.951529E-09  7.087987E-08
 3.671500E+02  7.255780E-01  5.168323E-04  4.246947E-08  5.707259E-08  6.382616E-08  7.781640E-08  9.930287E-02  1.580796E-05  2.905507E-09  1.265900E-01  1.065421E-04  1.013466E-07  2.147919E-08  1.282803E-03  9.642935E-09  3.980248E-08  6.220494E-08  4.652581E-02  5.761419E-07  2.755891E-07  2.277566E-07  3.375036E-05  4.589114E-05  2.653478E-08  7.324993E-09  9.558939E-09  6.852330E-08
 3.681500E+02  7.258082E-01  5.126847E-04  4.150404E-08  5.578549E-08  6.238928E-08  7.607799E-08  9.931157E-02  1.561683E-05  2.785371E-09  1.268093E-01  1.055998E-04  9.765495E-08  2.115224E-08  1.266611E-03  9.301940E-09  3.846542E-08  6.049281E-08  4.609000E-02  5.588235E-07  2.694072E-07  2.225411E-07  3.340566E-05  4.542298E-05  2.553175E-08  7.035797E-09  9.183872E-09  6.625761E-08
 3.691500E+02  7.260350E-01  5.085981E-04  4.056662E-08  5.453551E-08  6.099378E-08  7.438935E-08  9.932010E-02  1.542921E-05  2.670871E-09  1.270254E-01  1.046683E-04  9.411341E-08  2.083140E-08  1.250724E-03  8.974972E-09  3.718108E-08  5.883822E-08  4.566039E-02  5.421087E-07  2.633984E-07  2.174740E-07  3.306611E-05  4.496182E-05  2.457138E-08  6.759515E-09  8.825464E-09  6.407886E-08
 3.701500E+02  7.262586E-01  5.045715E-04  3.965624E-08  5.332138E-08  5.963826E-08  7.274882E-08  9.932848E-02  1.524502E-05  2.561715E-09  1.272385E-01  1.037475E-04  9.071536E-08  2.051654E-08  1.235136E-03  8.661382E-09  3.594710E-08  5.723892E-08  4.523686E-02  5.259738E-07  2.575571E-07  2.125505E-07  3.273163E-05  4.450755E-05  2.365167E-08  6.495508E-09  8.482898E-09  6.198332E-08
 3.711500E+02  7.264791E-01  5.006036E-04  3.877199E-08  5.214188E-08  5.832135E-08  7.115476E-08  9.933670E-02  1.506417E-05  2.457626E-09  1.274486E-01  1.028374E-04  8.745448E-08  2.020755E-08  1.219839E-03  8.360552E-09  3.476124E-08  5.569278E-08  4.481931E-02  5.103966E-07  2.518779E-07  2.077658E-07  3.240212E-05  4.406004E-05  2.277074E-08  6.243175E-09  8.155399E-09  5.996742E-08
 3.721500E+02  7.266963E-01  4.966934E-04  3.791298E-08  5.099585E-08  5.704177E-08  6.960562E-08  9.934477E-02  1.488661E-05  2.358343E-09  1.276558E-01  1.019379E-04  8.432473E-08  1.990432E-08  1.204828E-03  8.071897E-09  3.362138E-08  5.419776E-08  4.440766E-02  4.953555E-07  2.463556E-07  2.031154E-07  3.207751E-05  4.361919E-05  2.192678E-08  6.001944E-09  7.842235E-09  5.802776E-08
 3.731500E+02  7.269105E-01  4.928399E-04  3.707836E-08  4.988217E-08  5.579825E-08  6.809991E-08  9.935269E-02  1.471224E-05  2.263620E-09  1.278600E-01  1.010488E-04  8.132038E-08  1.960673E-08  1.190094E-03  7.794863E-09  3.252550E-08  5.275191E-08  4.400179E-02  4.808298E-07  2.409852E-07  1.985950E-07  3.175771E-05  4.318486E-05  2.111810E-08  5.771277E-09  7.542711E-09  5.616111E-08
