#         T/K            c1          c2-1          c3-4          c3-5          c3-7          c3-9            m1          m2-1          m3-1            w1            w2          w3-1          w3-2          c1m1        c1m2-1        c1m2-7        c2m1-1        c1w1-2        c1w2-1        c2w1-1        c2w1-9        m1w1-1        m1w1-4        m1w2-1        m2w1-1        m2w1-3      c1m1w1-1
 2.731500E+02  2.139998E-01  1.551058E-04  2.976457E-08  3.906672E-08  4.346483E-08  5.182641E-08  2.942479E-01  7.452766E-04  2.037422E-05  3.120838E-01  3.420616E-03  3.813311E-04  5.350482E-06  6.742926E-03  3.246369E-06  1.065237E-05  7.881442E-07  1.648543E-01  9.931069E-05  1.833560E-06  1.610060E-06  1.269728E-03  1.728442E-03  1.185064E-04  4.045636E-05  5.123852E-05  1.723042E-05
 2.741500E+02  2.152360E-01  1.539153E-04  2.879845E-08  3.781146E-08  4.207139E-08  5.018072E-08  2.943751E-01  7.273049E-04  1.879207E-05  3.133693E-01  3.364376E-03  3.562128E-04  5.192277E-06  6.603426E-03  3.040549E-06  1.000932E-05  7.522474E-07  1.625288E-01  9.413538E-05  1.768218E-06  1.551343E-06  1.244588E-03  1.694112E-03  1.102907E-04  3.749013E-05  4.750066E-05  1.622576E-05
 2.751500E+02  2.164530E-01  1.527247E-04  2.786611E-08  3.659963E-08  4.072605E-08  4.859127E-08  2.944984E-01  7.099037E-04  1.734358E-05  3.146333E-01  3.309189E-03  3.328742E-04  5.039322E-06  6.467485E-03  2.849066E-06  9.409133E-06  7.181675E-07  1.602376E-01  8.925341E-05  1.705426E-06  1.494972E-06  1.220082E-03  1.660653E-03  1.026912E-04  3.476005E-05  4.405904E-05  1.528521E-05
 2.761500E+02  2.176511E-01  1.515348E-04  2.696638E-08  3.542973E-08  3.942715E-08  4.705614E-08  2.946180E-01  6.930518E-04  1.601662E-05  3.158761E-01  3.255038E-03  3.111814E-04  4.891437E-06  6.335004E-03  2.670839E-06  8.848705E-06  6.858050E-07  1.579806E-01  8.464705E-05  1.645082E-06  1.440848E-06  1.196192E-03  1.628040E-03  9.565855E-05  3.224594E-05  4.088846E-05  1.440435E-05
 2.771500E+02  2.188305E-01  1.503461E-04  2.609810E-08  3.430029E-08  3.817307E-08  4.557346E-08  2.947340E-01  6.767285E-04  1.480022E-05  3.170979E-01  3.201908E-03  2.910110E-04  4.748448E-06  6.205886E-03  2.504877E-06  8.325178E-06  6.550664E-07  1.557574E-01  8.029972E-05  1.587085E-06  1.388877E-06  1.172901E-03  1.596249E-03  8.914751E-05  2.992947E-05  3.796601E-05  1.357911E-05
 2.781500E+02  2.199913E-01  1.491590E-04  2.526015E-08  3.320991E-08  3.696224E-08  4.414142E-08  2.948466E-01  6.609143E-04  1.368447E-05  3.182992E-01  3.149781E-03  2.722494E-04  4.610183E-06  6.080037E-03  2.350265E-06  7.835916E-06  6.258633E-07  1.535679E-01  7.619586E-05  1.531339E-06  1.338971E-06  1.150193E-03  1.565257E-03  8.311670E-05  2.779397E-05  3.527083E-05  1.280571E-05
 2.791500E+02  2.211338E-01  1.479741E-04  2.445146E-08  3.215720E-08  3.579316E-08  4.275827E-08  2.949560E-01  6.455902E-04  1.266041E-05  3.194803E-01  3.098641E-03  2.547920E-04  4.476480E-06  5.957365E-03  2.206164E-06  7.378482E-06  5.981126E-07  1.514117E-01  7.232090E-05  1.477754E-06  1.291041E-06  1.128050E-03  1.535041E-03  7.752822E-05  2.582425E-05  3.278393E-05  1.208065E-05
 2.801500E+02  2.222580E-01  1.467920E-04  2.367099E-08  3.114085E-08  3.466436E-08  4.142234E-08  2.950622E-01  6.307384E-04  1.171994E-05  3.206414E-01  3.048471E-03  2.385421E-04  4.347180E-06  5.837781E-03  2.071799E-06  6.950626E-06  5.717361E-07  1.492887E-01  6.866121E-05  1.426240E-06  1.245007E-06  1.106457E-03  1.505579E-03  7.234734E-05  2.400648E-05  3.048802E-05  1.140066E-05
 2.811500E+02  2.233642E-01  1.456130E-04  2.291774E-08  3.015959E-08  3.357444E-08  4.013197E-08  2.951653E-01  6.163414E-04  1.085569E-05  3.217830E-01  2.999255E-03  2.234110E-04  4.222129E-06  5.721201E-03  1.946457E-06  6.550270E-06  5.466598E-07  1.471984E-01  6.520397E-05  1.376715E-06  1.200789E-06  1.085398E-03  1.476850E-03  6.754221E-05  2.232806E-05  2.836732E-05  1.076272E-05
 2.821500E+02  2.244527E-01  1.444377E-04  2.219072E-08  2.921217E-08  3.252203E-08  3.888559E-08  2.952656E-01  6.023827E-04  1.006102E-05  3.229052E-01  2.950976E-03  2.093164E-04  4.101180E-06  5.607539E-03  1.829483E-06  6.175490E-06  5.228142E-07  1.451405E-01  6.193721E-05  1.329096E-06  1.158311E-06  1.064858E-03  1.448832E-03  6.308364E-05  2.077750E-05  2.640744E-05  1.016403E-05
 2.831500E+02  2.255235E-01  1.432664E-04  2.148902E-08  2.829740E-08  3.150580E-08  3.768167E-08  2.953630E-01  5.888463E-04  9.329892E-06  3.240084E-01  2.903617E-03  1.961827E-04  3.984190E-06  5.496714E-03  1.720269E-06  5.824508E-06  5.001337E-07  1.431149E-01  5.884967E-05  1.283307E-06  1.117501E-06  1.044824E-03  1.421507E-03  5.894482E-05  1.934433E-05  2.459527E-05  9.601976E-06
 2.841500E+02  2.265770E-01  1.420996E-04  2.081172E-08  2.741412E-08  3.052449E-08  3.651873E-08  2.954576E-01  5.757170E-04  8.656822E-06  3.250930E-01  2.857161E-03  1.839400E-04  3.871020E-06  5.388648E-03  1.618258E-06  5.495679E-06  4.785563E-07  1.411211E-01  5.593081E-05  1.239273E-06  1.078289E-06  1.025279E-03  1.394854E-03  5.510117E-05  1.801899E-05  2.291881E-05  9.074140E-06
 2.851500E+02  2.276133E-01  1.409376E-04  2.015794E-08  2.656123E-08  2.957686E-08  3.539533E-08  2.955497E-01  5.629801E-04  8.036837E-06  3.261591E-01  2.811594E-03  1.725238E-04  3.761537E-06  5.283264E-03  1.522933E-06  5.187480E-06  4.580236E-07  1.391587E-01  5.317075E-05  1.196923E-06  1.040610E-06  1.006212E-03  1.368854E-03  5.153008E-05  1.679273E-05  2.136712E-05  8.578269E-06
 2.861500E+02  2.286327E-01  1.397809E-04  1.952685E-08  2.573765E-08  2.866172E-08  3.431011E-08  2.956393E-01  5.506217E-04  7.465421E-06  3.272071E-01  2.766897E-03  1.618745E-04  3.655613E-06  5.180487E-03  1.433819E-06  4.898501E-06  4.384807E-07  1.372276E-01  5.056020E-05  1.156189E-06  1.004399E-06  9.876079E-04  1.343489E-03  4.821083E-05  1.565757E-05  1.993019E-05  8.112270E-06
 2.871500E+02  2.296353E-01  1.386298E-04  1.891762E-08  2.494233E-08  2.777792E-08  3.326171E-08  2.957264E-01  5.386282E-04  6.938465E-06  3.282373E-01  2.723056E-03  1.519371E-04  3.553124E-06  5.080246E-03  1.350476E-06  4.627434E-06  4.198755E-07  1.353272E-01  4.809047E-05  1.117004E-06  9.695952E-07  9.694544E-04  1.318740E-03  4.512432E-05  1.460624E-05  1.859887E-05  7.674195E-06
 2.881500E+02  2.306214E-01  1.374845E-04  1.832948E-08  2.417427E-08  2.692435E-08  3.224885E-08  2.958111E-01  5.269867E-04  6.452234E-06  3.292500E-01  2.680054E-03  1.426607E-04  3.453948E-06  4.982470E-03  1.272497E-06  4.373069E-06  4.021589E-07  1.334572E-01  4.575339E-05  1.079307E-06  9.361408E-07  9.517388E-04  1.294592E-03  4.225303E-05  1.363204E-05  1.736479E-05  7.262233E-06
 2.891500E+02  2.315912E-01  1.363455E-04  1.776167E-08  2.343250E-08  2.609993E-08  3.127027E-08  2.958936E-01  5.156848E-04  6.003327E-06  3.302454E-01  2.637875E-03  1.339983E-04  3.357972E-06  4.887090E-03  1.199507E-06  4.134281E-06  3.852846E-07  1.316173E-01  4.354128E-05  1.043036E-06  9.039798E-07  9.344489E-04  1.271026E-03  3.958083E-05  1.272888E-05  1.622030E-05  6.874698E-06
 2.901500E+02  2.325450E-01  1.352129E-04  1.721344E-08  2.271609E-08  2.530364E-08  3.032479E-08  2.959738E-01  5.047105E-04  5.588647E-06  3.312238E-01  2.596504E-03  1.259065E-04  3.265084E-06  4.794041E-03  1.131159E-06  3.910030E-06  3.692089E-07  1.298071E-01  4.144696E-05  1.008136E-06  8.730587E-07  9.175729E-04  1.248027E-03  3.709288E-05  1.189118E-05  1.515836E-05  6.510020E-06
 2.911500E+02  2.334828E-01  1.340872E-04  1.668411E-08  2.202413E-08  2.453446E-08  2.941122E-08  2.960520E-01  4.940525E-04  5.205373E-06  3.321855E-01  2.555925E-03  1.183449E-04  3.175176E-06  4.703259E-03  1.067132E-06  3.699349E-06  3.538905E-07  1.280262E-01  3.946367E-05  9.745490E-07  8.433263E-07  9.010993E-04  1.225578E-03  3.477550E-05  1.111380E-05  1.417255E-05  6.166738E-06
 2.921500E+02  2.344051E-01  1.329684E-04  1.617298E-08  2.135575E-08  2.379145E-08  2.852845E-08  2.961281E-01  4.836998E-04  4.850932E-06  3.331308E-01  2.516123E-03  1.112765E-04  3.088144E-06  4.614680E-03  1.007127E-06  3.501339E-06  3.392903E-07  1.262743E-01  3.758506E-05  9.422235E-07  8.147337E-07  8.850170E-04  1.203665E-03  3.261612E-05  1.039207E-05  1.325698E-05  5.843490E-06
 2.931500E+02  2.353120E-01  1.318570E-04  1.567939E-08  2.071010E-08  2.307365E-08  2.767539E-08  2.962022E-01  4.736418E-04  4.522977E-06  3.340600E-01  2.477084E-03  1.046667E-04  3.003888E-06  4.528245E-03  9.508703E-07  3.315169E-06  3.253716E-07  1.245509E-01  3.580517E-05  9.111084E-07  7.872339E-07  8.693152E-04  1.182272E-03  3.060314E-05  9.721679E-06  1.240624E-05  5.539006E-06
 2.941500E+02  2.362036E-01  1.307530E-04  1.520273E-08  2.008638E-08  2.238018E-08  2.685099E-08  2.962743E-01  4.638684E-04  4.219365E-06  3.349732E-01  2.438791E-03  9.848369E-05  2.922313E-06  4.443894E-03  8.981058E-07  3.140063E-06  3.120994E-07  1.228556E-01  3.411841E-05  8.811550E-07  7.607821E-07  8.539833E-04  1.161385E-03  2.872587E-05  9.098679E-06  1.161537E-05  5.252105E-06
 2.951500E+02  2.370804E-01  1.296568E-04  1.474237E-08  1.948381E-08  2.171018E-08  2.605424E-08  2.963447E-01  4.543699E-04  3.938141E-06  3.358708E-01  2.401232E-03  9.269790E-05  2.843324E-06  4.361572E-03  8.485973E-07  2.975301E-06  2.994409E-07  1.211882E-01  3.251949E-05  8.523167E-07  7.353352E-07  8.390113E-04  1.140990E-03  2.697446E-05  8.519453E-06  1.087980E-05  4.981682E-06
 2.961500E+02  2.379424E-01  1.285684E-04  1.429772E-08  1.890162E-08  2.106279E-08  2.528417E-08  2.964132E-01  4.451369E-04  3.677515E-06  3.367531E-01  2.364390E-03  8.728196E-05  2.766833E-06  4.281221E-03  8.021256E-07  2.820215E-06  2.873649E-07  1.195481E-01  3.100350E-05  8.245487E-07  7.108521E-07  8.243892E-04  1.121074E-03  2.533980E-05  7.980673E-06  1.019537E-05  4.726710E-06
 2.971500E+02  2.387899E-01  1.274881E-04  1.386823E-08  1.833908E-08  2.043722E-08  2.453982E-08  2.964800E-01  4.361604E-04  3.435854E-06  3.376202E-01  2.328253E-03  8.221051E-05  2.692754E-06  4.202788E-03  7.584873E-07  2.674182E-06  2.758420E-07  1.179350E-01  2.956576E-05  7.978082E-07  6.872935E-07  8.101076E-04  1.101623E-03  2.381351E-05  7.479286E-06  9.558215E-06  4.486228E-06
 2.981500E+02  2.396231E-01  1.264161E-04  1.345333E-08  1.779550E-08  1.983269E-08  2.382030E-08  2.965451E-01  4.274318E-04  3.211660E-06  3.384725E-01  2.292805E-03  7.746003E-05  2.621002E-06  4.126221E-03  7.174939E-07  2.536622E-06  2.648445E-07  1.163485E-01  2.820191E-05  7.720542E-07  6.646215E-07  7.961571E-04  1.082625E-03  2.238783E-05  7.012484E-06  8.964808E-06  4.259340E-06
 2.991500E+02  2.404422E-01  1.253525E-04  1.305251E-08  1.727020E-08  1.924844E-08  2.312473E-08  2.966085E-01  4.189427E-04  3.003566E-06  3.393102E-01  2.258035E-03  7.300870E-05  2.551498E-06  4.051470E-03  6.789701E-07  2.406997E-06  2.543458E-07  1.147883E-01  2.690784E-05  7.472473E-07  6.428001E-07  7.825287E-04  1.064067E-03  2.105562E-05  6.577684E-06  8.411894E-06  4.045209E-06
 3.001500E+02  2.412476E-01  1.242974E-04  1.266526E-08  1.676253E-08  1.868376E-08  2.245226E-08  2.966704E-01  4.106853E-04  2.810316E-06  3.401335E-01  2.223927E-03  6.883628E-05  2.484165E-06  3.978485E-03  6.427534E-07  2.284804E-06  2.443213E-07  1.132539E-01  2.567968E-05  7.233497E-07  6.217947E-07  7.692137E-04  1.045937E-03  1.981025E-05  6.172510E-06  7.896480E-06  3.843055E-06
 3.011500E+02  2.420393E-01  1.232509E-04  1.229109E-08  1.627184E-08  1.813795E-08  2.180206E-08  2.967307E-01  4.026518E-04  2.630762E-06  3.409427E-01  2.190468E-03  6.492399E-05  2.418927E-06  3.907217E-03  6.086927E-07  2.169576E-06  2.347472E-07  1.117449E-01  2.451378E-05  7.003255E-07  6.015722E-07  7.562036E-04  1.028224E-03  1.864562E-05  5.794777E-06  7.415810E-06  3.652148E-06
 3.021500E+02  2.428176E-01  1.222133E-04  1.192951E-08  1.579755E-08  1.761032E-08  2.117337E-08  2.967896E-01  3.948349E-04  2.463850E-06  3.417380E-01  2.157646E-03  6.125439E-05  2.355713E-06  3.837622E-03  5.766476E-07  2.060877E-06  2.256013E-07  1.102610E-01  2.340673E-05  6.781398E-07  5.821008E-07  7.434903E-04  1.010916E-03  1.755607E-05  5.442470E-06  6.967346E-06  3.471805E-06
 3.031500E+02  2.435827E-01  1.211845E-04  1.158009E-08  1.533906E-08  1.710025E-08  2.056541E-08  2.968470E-01  3.872274E-04  2.308613E-06  3.425197E-01  2.125448E-03  5.781130E-05  2.294454E-06  3.769653E-03  5.464876E-07  1.958299E-06  2.168625E-07  1.088018E-01  2.235530E-05  6.567595E-07  5.633504E-07  7.310657E-04  9.940027E-04  1.653637E-05  5.113735E-06  6.548746E-06  3.301388E-06
 3.041500E+02  2.443349E-01  1.201646E-04  1.124239E-08  1.489580E-08  1.660709E-08  1.997746E-08  2.969030E-01  3.798226E-04  2.164164E-06  3.432880E-01  2.093861E-03  5.457966E-05  2.235083E-06  3.703267E-03  5.180912E-07  1.861466E-06  2.085108E-07  1.073668E-01  2.135645E-05  6.361528E-07  5.452917E-07  7.189221E-04  9.774729E-04  1.558167E-05  4.806860E-06  6.157854E-06  3.140302E-06
 3.051500E+02  2.450743E-01  1.191539E-04  1.091597E-08  1.446724E-08  1.613025E-08  1.940880E-08  2.969576E-01  3.726138E-04  2.029689E-06  3.440431E-01  2.062873E-03  5.154549E-05  2.177535E-06  3.638421E-03  4.913455E-07  1.770022E-06  2.005272E-07  1.059557E-01  2.040733E-05  6.162891E-07  5.278970E-07  7.070519E-04  9.613165E-04  1.468751E-05  4.520270E-06  5.792679E-06  2.987989E-06
 3.061500E+02  2.458011E-01  1.181522E-04  1.060044E-08  1.405285E-08  1.566915E-08  1.885876E-08  2.970109E-01  3.655946E-04  1.904438E-06  3.447853E-01  2.032471E-03  4.869580E-05  2.121749E-06  3.575074E-03  4.661453E-07  1.683637E-06  1.928939E-07  1.045682E-01  1.950525E-05  5.971393E-07  5.111396E-07  6.954481E-04  9.455236E-04  1.384972E-05  4.252509E-06  5.451385E-06  2.843927E-06
 3.071500E+02  2.465156E-01  1.171597E-04  1.029541E-08  1.365213E-08  1.522322E-08  1.832669E-08  2.970630E-01  3.587591E-04  1.787725E-06  3.455148E-01  2.002645E-03  4.601851E-05  2.067665E-06  3.513187E-03  4.423927E-07  1.602004E-06  1.855938E-07  1.032038E-01  1.864766E-05  5.786753E-07  4.949941E-07  6.841033E-04  9.300845E-04  1.306446E-05  4.002235E-06  5.132275E-06  2.707627E-06
 3.081500E+02  2.472180E-01  1.161765E-04  1.000049E-08  1.326458E-08  1.479194E-08  1.781195E-08  2.971138E-01  3.521014E-04  1.678915E-06  3.462318E-01  1.973381E-03  4.350237E-05  2.015224E-06  3.452719E-03  4.199965E-07  1.524835E-06  1.786109E-07  1.018622E-01  1.783218E-05  5.608703E-07  4.794358E-07  6.730109E-04  9.149897E-04  1.232816E-05  3.768208E-06  4.833783E-06  2.578633E-06
 3.091500E+02  2.479085E-01  1.152026E-04  9.715321E-09  1.288975E-08  1.437478E-08  1.731392E-08  2.971634E-01  3.456157E-04  1.577426E-06  3.469366E-01  1.944668E-03  4.113693E-05  1.964373E-06  3.393634E-03  3.988718E-07  1.451861E-06  1.719299E-07  1.005430E-01  1.705655E-05  5.436984E-07  4.644416E-07  6.621641E-04  9.002302E-04  1.163752E-05  3.549281E-06  4.554461E-06  2.456515E-06
 3.101500E+02  2.485873E-01  1.142379E-04  9.439560E-09  1.252718E-08  1.397123E-08  1.683203E-08  2.972118E-01  3.392967E-04  1.482723E-06  3.476292E-01  1.916496E-03  3.891245E-05  1.915056E-06  3.335894E-03  3.789392E-07  1.382830E-06  1.655363E-07  9.924580E-02  1.631866E-05  5.271350E-07  4.499889E-07  6.515565E-04  8.857970E-04  1.098946E-05  3.344397E-06  4.292971E-06  2.340873E-06
 3.111500E+02  2.492545E-01  1.132826E-04  9.172868E-09  1.217643E-08  1.358082E-08  1.636570E-08  2.972591E-01  3.331392E-04  1.394310E-06  3.483101E-01  1.888853E-03  3.681986E-05  1.867222E-06  3.279464E-03  3.601249E-07  1.317508E-06  1.594164E-07  9.797029E-02  1.561649E-05  5.111564E-07  4.360563E-07  6.411818E-04  8.716816E-04  1.038115E-05  3.152575E-06  4.048075E-06  2.231330E-06
 3.121500E+02  2.499105E-01  1.123367E-04  8.914920E-09  1.183709E-08  1.320309E-08  1.591440E-08  2.973053E-01  3.271380E-04  1.311734E-06  3.489793E-01  1.861728E-03  3.485073E-05  1.820822E-06  3.224310E-03  3.423600E-07  1.255674E-06  1.535573E-07  9.671608E-02  1.494817E-05  4.957400E-07  4.226232E-07  6.310339E-04  8.578757E-04  9.809946E-06  2.972911E-06  3.818627E-06  2.127535E-06
 3.131500E+02  2.505553E-01  1.114002E-04  8.665404E-09  1.150875E-08  1.283758E-08  1.547759E-08  2.973504E-01  3.212883E-04  1.234573E-06  3.496371E-01  1.835111E-03  3.299718E-05  1.775808E-06  3.170397E-03  3.255802E-07  1.197124E-06  1.479466E-07  9.548283E-02  1.431191E-05  4.808640E-07  4.096699E-07  6.211070E-04  8.443711E-04  9.273385E-06  2.804567E-06  3.603566E-06  2.029157E-06
 3.141500E+02  2.511892E-01  1.104730E-04  8.424020E-09  1.119102E-08  1.248387E-08  1.505476E-08  2.973945E-01  3.155854E-04  1.162442E-06  3.502837E-01  1.808991E-03  3.125189E-05  1.732133E-06  3.117694E-03  3.097253E-07  1.141664E-06  1.425725E-07  9.427017E-02  1.370603E-05  4.665075E-07  3.971776E-07  6.113952E-04  8.311600E-04  8.769190E-06  2.646766E-06  3.401912E-06  1.935885E-06
 3.151500E+02  2.518123E-01  1.095552E-04  8.190478E-09  1.088353E-08  1.214153E-08  1.464544E-08  2.974376E-01  3.100248E-04  1.094982E-06  3.509193E-01  1.783359E-03  2.960803E-05  1.689753E-06  3.066168E-03  2.947393E-07  1.089115E-06  1.374241E-07  9.307777E-02  1.312894E-05  4.526504E-07  3.851281E-07  6.018931E-04  8.182348E-04  8.295242E-06  2.498789E-06  3.212753E-06  1.847430E-06
 3.161500E+02  2.524249E-01  1.086468E-04  7.964500E-09  1.058593E-08  1.181017E-08  1.424914E-08  2.974797E-01  3.046021E-04  1.031863E-06  3.515441E-01  1.758203E-03  2.805921E-05  1.648624E-06  3.015788E-03  2.805698E-07  1.039308E-06  1.324908E-07  9.190527E-02  1.257915E-05  4.392738E-07  3.735041E-07  5.925953E-04  8.055881E-04  7.849572E-06  2.359972E-06  3.035246E-06  1.763517E-06
 3.171500E+02  2.530272E-01  1.077478E-04  7.745817E-09  1.029785E-08  1.148941E-08  1.386542E-08  2.975208E-01  2.993131E-04  9.727810E-07  3.521582E-01  1.733514E-03  2.659951E-05  1.608706E-06  2.966526E-03  2.671677E-07  9.920835E-07  1.277625E-07  9.075232E-02  1.205525E-05  4.263590E-07  3.622890E-07  5.834964E-04  7.932127E-04  7.430346E-06  2.229695E-06  2.868609E-06  1.683892E-06
 3.181500E+02  2.536192E-01  1.068582E-04  7.534171E-09  1.001897E-08  1.117887E-08  1.349383E-08  2.975610E-01  2.941539E-04  9.174538E-07  3.527620E-01  1.709284E-03  2.522336E-05  1.569958E-06  2.918351E-03  2.544874E-07  9.472947E-07  1.232297E-07  8.961861E-02  1.155589E-05  4.138885E-07  3.514670E-07  5.745914E-04  7.811016E-04  7.035860E-06  2.107387E-06  2.712116E-06  1.608313E-06
 3.191500E+02  2.542013E-01  1.059778E-04  7.329314E-09  9.748966E-09  1.087819E-08  1.313396E-08  2.976003E-01  2.891203E-04  8.656209E-07  3.533555E-01  1.685501E-03  2.392559E-05  1.532341E-06  2.871236E-03  2.424860E-07  9.048022E-07  1.188835E-07  8.850378E-02  1.107983E-05  4.018454E-07  3.410227E-07  5.658753E-04  7.692481E-04  6.664528E-06  1.992517E-06  2.565094E-06  1.536554E-06
 3.201500E+02  2.547736E-01  1.051068E-04  7.131006E-09  9.487524E-09  1.058703E-08  1.278540E-08  2.976387E-01  2.842088E-04  8.170413E-07  3.539389E-01  1.662157E-03  2.270138E-05  1.495819E-06  2.825153E-03  2.311234E-07  8.644758E-07  1.147154E-07  8.740752E-02  1.062586E-05  3.902133E-07  3.309416E-07  5.573434E-04  7.576456E-04  6.314871E-06  1.884590E-06  2.426918E-06  1.468404E-06
 3.211500E+02  2.553362E-01  1.042451E-04  6.939017E-09  9.234347E-09  1.030507E-08  1.244776E-08  2.976762E-01  2.794156E-04  7.714918E-07  3.545125E-01  1.639243E-03  2.154619E-05  1.460356E-06  2.780075E-03  2.203621E-07  8.261930E-07  1.107170E-07  8.632950E-02  1.019287E-05  3.789769E-07  3.212096E-07  5.489909E-04  7.462876E-04  5.985513E-06  1.783150E-06  2.297007E-06  1.403662E-06
 3.221500E+02  2.558893E-01  1.033926E-04  6.753124E-09  8.989147E-09  1.003197E-08  1.212065E-08  2.977129E-01  2.747372E-04  7.287658E-07  3.550764E-01  1.616750E-03  2.045582E-05  1.425916E-06  2.735977E-03  2.101670E-07  7.898392E-07  1.068808E-07  8.526940E-02  9.779788E-06  3.681210E-07  3.118133E-07  5.408134E-04  7.351681E-04  5.675173E-06  1.687772E-06  2.174820E-06  1.342141E-06
 3.231500E+02  2.564332E-01  1.025493E-04  6.573114E-09  8.751646E-09  9.767427E-09  1.180373E-08  2.977488E-01  2.701703E-04  6.886721E-07  3.556308E-01  1.594670E-03  1.942631E-05  1.392467E-06  2.692834E-03  2.005053E-07  7.553066E-07  1.031994E-07  8.422691E-02  9.385611E-06  3.576314E-07  3.027399E-07  5.328065E-04  7.242809E-04  5.382654E-06  1.598058E-06  2.059858E-06  1.283664E-06
 3.241500E+02  2.569679E-01  1.017152E-04  6.398781E-09  8.521578E-09  9.511152E-09  1.149664E-08  2.977840E-01  2.657115E-04  6.510333E-07  3.561759E-01  1.572993E-03  1.845400E-05  1.359976E-06  2.650621E-03  1.913460E-07  7.224941E-07  9.966579E-08  8.320171E-02  9.009387E-06  3.474943E-07  2.939770E-07  5.249658E-04  7.136203E-04  5.106843E-06  1.513644E-06  1.951652E-06  1.228066E-06
 3.251500E+02  2.574936E-01  1.008902E-04  6.229927E-09  8.298684E-09  9.262856E-09  1.119903E-08  2.978183E-01  2.613577E-04  6.156848E-07  3.567117E-01  1.551712E-03  1.753542E-05  1.328413E-06  2.609314E-03  1.826604E-07  6.913065E-07  9.627332E-08  8.219350E-02  8.650220E-06  3.376965E-07  2.855128E-07  5.172872E-04  7.031805E-04  4.846701E-06  1.434186E-06  1.849770E-06  1.175190E-06
 3.261500E+02  2.580106E-01  1.000742E-04  6.066360E-09  8.082716E-09  9.022262E-09  1.091059E-08  2.978519E-01  2.571059E-04  5.824743E-07  3.572386E-01  1.530818E-03  1.666736E-05  1.297747E-06  2.568890E-03  1.744214E-07  6.616545E-07  9.301570E-08  8.120197E-02  8.307257E-06  3.282253E-07  2.773358E-07  5.097666E-04  6.929561E-04  4.601256E-06  1.359366E-06  1.753807E-06  1.124890E-06
 3.271500E+02  2.585189E-01  9.926727E-05  5.907898E-09  7.873437E-09  8.789106E-09  1.063100E-08  2.978848E-01  2.529530E-04  5.512601E-07  3.577567E-01  1.510304E-03  1.584680E-05  1.267949E-06  2.529328E-03  1.666036E-07  6.334543E-07  8.988692E-08  8.022684E-02  7.979694E-06  3.190687E-07  2.694354E-07  5.024003E-04  6.829416E-04  4.369605E-06  1.288890E-06  1.663387E-06  1.077027E-06
 3.281500E+02  2.590187E-01  9.846929E-05  5.754363E-09  7.670615E-09  8.563133E-09  1.035997E-08  2.979170E-01  2.488963E-04  5.219108E-07  3.582661E-01  1.490161E-03  1.507091E-05  1.238992E-06  2.490605E-03  1.591832E-07  6.066267E-07  8.688126E-08  7.926780E-02  7.666770E-06  3.102148E-07  2.618009E-07  4.951842E-04  6.731319E-04  4.150902E-06  1.222480E-06  1.578160E-06  1.031470E-06
 3.291500E+02  2.595102E-01  9.768021E-05  5.605585E-09  7.474029E-09  8.344096E-09  1.009719E-08  2.979485E-01  2.449330E-04  4.943045E-07  3.587670E-01  1.470383E-03  1.433706E-05  1.210849E-06  2.452700E-03  1.521377E-07  5.810977E-07  8.399329E-08  7.832457E-02  7.367765E-06  3.016526E-07  2.544224E-07  4.881148E-04  6.635219E-04  3.944357E-06  1.159881E-06  1.497800E-06  9.880976E-07
 3.301500E+02  2.599935E-01  9.689997E-05  5.461399E-09  7.283465E-09  8.131758E-09  9.842394E-09  2.979793E-01  2.410604E-04  4.683275E-07  3.592596E-01  1.450961E-03  1.364276E-05  1.183493E-06  2.415593E-03  1.454464E-07  5.567972E-07  8.121784E-08  7.739687E-02  7.081996E-06  2.933712E-07  2.472903E-07  4.811884E-04  6.541067E-04  3.749234E-06  1.100853E-06  1.422002E-06  9.467935E-07
 3.311500E+02  2.604688E-01  9.612852E-05  5.321648E-09  7.098718E-09  7.925890E-09  9.595305E-09  2.980094E-01  2.372759E-04  4.438746E-07  3.597439E-01  1.431887E-03  1.298571E-05  1.156899E-06  2.379263E-03  1.390893E-07  5.336596E-07  7.854999E-08  7.648441E-02  6.808816E-06  2.853604E-07  2.403954E-07  4.744016E-04  6.448814E-04  3.564842E-06  1.045174E-06  1.350483E-06  9.074487E-07
 3.321500E+02  2.609362E-01  9.536577E-05  5.186178E-09  6.919590E-09  7.726273E-09  9.355665E-09  2.980390E-01  2.335771E-04  4.208478E-07  3.602202E-01  1.413156E-03  1.236372E-05  1.131044E-06  2.343692E-03  1.330482E-07  5.116229E-07  7.598504E-08  7.558693E-02  6.547614E-06  2.776102E-07  2.337288E-07  4.677509E-04  6.358415E-04  3.390538E-06  9.926351E-07  1.282979E-06  8.699607E-07
 3.331500E+02  2.613959E-01  9.461167E-05  5.054845E-09  6.745889E-09  7.532694E-09  9.123223E-09  2.980679E-01  2.299616E-04  3.991556E-07  3.606887E-01  1.394760E-03  1.177476E-05  1.105904E-06  2.308860E-03  1.273054E-07  4.906287E-07  7.351854E-08  7.470415E-02  6.297810E-06  2.701111E-07  2.272821E-07  4.612330E-04  6.269825E-04  3.225718E-06  9.430426E-07  1.219241E-06  8.342323E-07
 3.341500E+02  2.618480E-01  9.386615E-05  4.927505E-09  6.577431E-09  7.344949E-09  8.897736E-09  2.980962E-01  2.264270E-04  3.787134E-07  3.611493E-01  1.376692E-03  1.121692E-05  1.081456E-06  2.274749E-03  1.218448E-07  4.706223E-07  7.114623E-08  7.383580E-02  6.058855E-06  2.628539E-07  2.210471E-07  4.548447E-04  6.182999E-04  3.069819E-06  8.962155E-07  1.159041E-06  8.001723E-07
 3.351500E+02  2.622926E-01  9.312914E-05  4.804024E-09  6.414039E-09  7.162841E-09  8.678971E-09  2.981239E-01  2.229711E-04  3.594421E-07  3.616024E-01  1.358946E-03  1.068841E-05  1.057679E-06  2.241341E-03  1.166508E-07  4.515517E-07  6.886406E-08  7.298163E-02  5.830227E-06  2.558300E-07  2.150160E-07  4.485829E-04  6.097894E-04  2.922313E-06  8.519850E-07  1.102163E-06  7.676945E-07
 3.361500E+02  2.627299E-01  9.240056E-05  4.684270E-09  6.255543E-09  6.986180E-09  8.466704E-09  2.981510E-01  2.195917E-04  3.412679E-07  3.620480E-01  1.341514E-03  1.018755E-05  1.034551E-06  2.208619E-03  1.117092E-07  4.333682E-07  6.666817E-08  7.214139E-02  5.611435E-06  2.490308E-07  2.091813E-07  4.424446E-04  6.014470E-04  2.782705E-06  8.101931E-07  1.048405E-06  7.367173E-07
 3.371500E+02  2.631601E-01  9.168035E-05  4.568116E-09  6.101776E-09  6.814782E-09  8.260718E-09  2.981776E-01  2.162866E-04  3.241224E-07  3.624863E-01  1.324391E-03  9.712760E-06  1.012052E-06  2.176566E-03  1.070062E-07  4.160257E-07  6.455489E-08  7.131481E-02  5.402008E-06  2.424482E-07  2.035357E-07  4.364267E-04  5.932686E-04  2.650534E-06  7.706924E-07  9.975808E-07  7.071640E-07
 3.381500E+02  2.635831E-01  9.096843E-05  4.455441E-09  5.952582E-09  6.648473E-09  8.060803E-09  2.982036E-01  2.130540E-04  3.079415E-07  3.629174E-01  1.307570E-03  9.262565E-06  9.901636E-07  2.145166E-03  1.025291E-07  3.994809E-07  6.252071E-08  7.050164E-02  5.201505E-06  2.360745E-07  1.980725E-07  4.305264E-04  5.852502E-04  2.525366E-06  7.333453E-07  9.495136E-07  6.789621E-07
 3.391500E+02  2.639993E-01  9.026472E-05  4.346129E-09  5.807806E-09  6.487081E-09  7.866759E-09  2.982291E-01  2.098917E-04  2.926657E-07  3.633414E-01  1.291044E-03  8.835574E-06  9.688655E-07  2.114402E-03  9.826580E-08  3.836929E-07  6.056229E-08  6.970166E-02  5.009503E-06  2.299022E-07  1.927849E-07  4.247410E-04  5.773881E-04  2.406795E-06  6.980228E-07  9.040395E-07  6.520431E-07
 3.401500E+02  2.644087E-01  8.956916E-05  4.240065E-09  5.667302E-09  6.330444E-09  7.678391E-09  2.982541E-01  2.067980E-04  2.782392E-07  3.637585E-01  1.274809E-03  8.430482E-06  9.481398E-07  2.084259E-03  9.420497E-08  3.686229E-07  5.867644E-08  6.891460E-02  4.825603E-06  2.239241E-07  1.876666E-07  4.190676E-04  5.696786E-04  2.294440E-06  6.646044E-07  8.610048E-07  6.263421E-07
 3.411500E+02  2.648114E-01  8.888165E-05  4.137141E-09  5.530926E-09  6.178402E-09  7.495511E-09  2.982786E-01  2.037708E-04  2.646101E-07  3.641689E-01  1.258858E-03  8.046063E-06  9.279689E-07  2.054723E-03  9.033592E-08  3.542345E-07  5.686012E-08  6.814025E-02  4.649426E-06  2.181333E-07  1.827115E-07  4.135037E-04  5.621179E-04  2.187944E-06  6.329776E-07  8.202659E-07  6.017981E-07
 3.421500E+02  2.652076E-01  8.820213E-05  4.037251E-09  5.398543E-09  6.030804E-09  7.317940E-09  2.983026E-01  2.008085E-04  2.517301E-07  3.645725E-01  1.243184E-03  7.681165E-06  9.083357E-07  2.025778E-03  8.664857E-08  3.404932E-07  5.511044E-08  6.737837E-02  4.480614E-06  2.125231E-07  1.779136E-07  4.080467E-04  5.547027E-04  2.086972E-06  6.030368E-07  7.816882E-07  5.783532E-07
 3.431500E+02  2.655973E-01  8.753052E-05  3.940296E-09  5.270020E-09  5.887503E-09  7.145503E-09  2.983261E-01  1.979094E-04  2.395536E-07  3.649696E-01  1.227784E-03  7.334706E-06  8.892236E-07  1.997411E-03  8.313342E-08  3.273666E-07  5.342463E-08  6.662873E-02  4.318823E-06  2.070872E-07  1.732674E-07  4.026941E-04  5.474295E-04  1.991211E-06  5.746833E-07  7.451456E-07  5.559527E-07
 3.441500E+02  2.659808E-01  8.686673E-05  3.846177E-09  5.145230E-09  5.748357E-09  6.978032E-09  2.983491E-01  1.950716E-04  2.280386E-07  3.653603E-01  1.212651E-03  7.005666E-06  8.706169E-07  1.969606E-03  7.978153E-08  3.148238E-07  5.180005E-08  6.589111E-02  4.163730E-06  2.018194E-07  1.687674E-07  3.974434E-04  5.402949E-04  1.900365E-06  5.478245E-07  7.105201E-07  5.345449E-07
 3.451500E+02  2.663580E-01  8.621069E-05  3.754801E-09  5.024050E-09  5.613230E-09  6.815365E-09  2.983717E-01  1.922937E-04  2.171453E-07  3.657447E-01  1.197779E-03  6.693090E-06  8.525001E-07  1.942352E-03  7.658445E-08  3.028358E-07  5.023418E-08  6.516529E-02  4.015026E-06  1.967138E-07  1.644083E-07  3.922922E-04  5.332958E-04  1.814158E-06  5.223739E-07  6.777010E-07  5.140809E-07
 3.461500E+02  2.667292E-01  8.556232E-05  3.666077E-09  4.906361E-09  5.481991E-09  6.657345E-09  2.983938E-01  1.895741E-04  2.068369E-07  3.661228E-01  1.183163E-03  6.396075E-06  8.348583E-07  1.915634E-03  7.353422E-08  2.913752E-07  4.872461E-08  6.445106E-02  3.872421E-06  1.917649E-07  1.601853E-07  3.872383E-04  5.264290E-04  1.732330E-06  4.982504E-07  6.465847E-07  4.945145E-07
 3.471500E+02  2.670945E-01  8.492153E-05  3.579917E-09  4.792050E-09  5.354512E-09  6.503823E-09  2.984155E-01  1.869111E-04  1.970787E-07  3.664950E-01  1.168799E-03  6.113776E-06  8.176771E-07  1.889441E-03  7.062331E-08  2.804159E-07  4.726906E-08  6.374820E-02  3.735634E-06  1.869670E-07  1.560934E-07  3.822794E-04  5.196914E-04  1.654637E-06  4.753776E-07  6.170739E-07  4.758018E-07
 3.481500E+02  2.674538E-01  8.428826E-05  3.496238E-09  4.681007E-09  5.230671E-09  6.354652E-09  2.984368E-01  1.843034E-04  1.878383E-07  3.668611E-01  1.154681E-03  5.845393E-06  8.009427E-07  1.863759E-03  6.784464E-08  2.699334E-07  4.586533E-08  6.305651E-02  3.604402E-06  1.823150E-07  1.521281E-07  3.774134E-04  5.130801E-04  1.580849E-06  4.536844E-07  5.890775E-07  4.579014E-07
 3.491500E+02  2.678075E-01  8.366241E-05  3.414958E-09  4.573124E-09  5.110351E-09  6.209693E-09  2.984576E-01  1.817495E-04  1.790856E-07  3.672214E-01  1.140805E-03  5.590177E-06  7.846416E-07  1.838576E-03  6.519149E-08  2.599044E-07  4.451132E-08  6.237578E-02  3.478475E-06  1.778038E-07  1.482848E-07  3.726380E-04  5.065921E-04  1.510752E-06  4.331037E-07  5.625098E-07  4.407739E-07
 3.501500E+02  2.681555E-01  8.304390E-05  3.335999E-09  4.468301E-09  4.993436E-09  6.068810E-09  2.984781E-01  1.792480E-04  1.707920E-07  3.675760E-01  1.127164E-03  5.347418E-06  7.687608E-07  1.813881E-03  6.265756E-08  2.503070E-07  4.320503E-08  6.170581E-02  3.357613E-06  1.734285E-07  1.445594E-07  3.679513E-04  5.002247E-04  1.444141E-06  4.135728E-07  5.372905E-07  4.243823E-07
 3.511500E+02  2.684980E-01  8.243266E-05  3.259285E-09  4.366437E-09  4.879818E-09  5.931872E-09  2.984981E-01  1.767976E-04  1.629311E-07  3.679249E-01  1.113755E-03  5.116453E-06  7.532879E-07  1.789663E-03  6.023684E-08  2.411202E-07  4.194455E-08  6.104642E-02  3.241589E-06  1.691846E-07  1.409477E-07  3.633511E-04  4.939750E-04  1.380827E-06  3.950326E-07  5.133441E-07  4.086913E-07
 3.521500E+02  2.688350E-01  8.182861E-05  3.184745E-09  4.267439E-09  4.769390E-09  5.798754E-09  2.985178E-01  1.743969E-04  1.554779E-07  3.682683E-01  1.100574E-03  4.896652E-06  7.382106E-07  1.765909E-03  5.792371E-08  2.323245E-07  4.072806E-08  6.039740E-02  3.130188E-06  1.650674E-07  1.374457E-07  3.588356E-04  4.878404E-04  1.320629E-06  3.774277E-07  4.905999E-07  3.936674E-07
 3.531500E+02  2.691667E-01  8.123166E-05  3.112306E-09  4.171213E-09  4.662051E-09  5.669333E-09  2.985371E-01  1.720448E-04  1.484090E-07  3.686062E-01  1.087614E-03  4.687424E-06  7.235173E-07  1.742610E-03  5.571281E-08  2.239011E-07  3.955381E-08  5.975856E-02  3.023204E-06  1.610727E-07  1.340497E-07  3.544029E-04  4.818183E-04  1.263381E-06  3.607063E-07  4.689914E-07  3.792791E-07
 3.541500E+02  2.694932E-01  8.064174E-05  3.041903E-09  4.077671E-09  4.557701E-09  5.543493E-09  2.985560E-01  1.697399E-04  1.417027E-07  3.689388E-01  1.074873E-03  4.488211E-06  7.091965E-07  1.719755E-03  5.359909E-08  2.158323E-07  3.842013E-08  5.912973E-02  2.920442E-06  1.571964E-07  1.307560E-07  3.500510E-04  4.759062E-04  1.208921E-06  3.448193E-07  4.484558E-07  3.654963E-07
 3.551500E+02  2.698145E-01  8.005876E-05  2.973470E-09  3.986728E-09  4.456245E-09  5.421120E-09  2.985746E-01  1.674811E-04  1.353384E-07  3.692662E-01  1.062346E-03  4.298488E-06  6.952374E-07  1.697333E-03  5.157778E-08  2.081013E-07  3.732541E-08  5.851072E-02  2.821716E-06  1.534343E-07  1.275610E-07  3.457781E-04  4.701015E-04  1.157102E-06  3.297209E-07  4.289345E-07  3.522907E-07
 3.561500E+02  2.701308E-01  7.948265E-05  2.906942E-09  3.898300E-09  4.357592E-09  5.302105E-09  2.985928E-01  1.652672E-04  1.292967E-07  3.695885E-01  1.050028E-03  4.117758E-06  6.816293E-07  1.675335E-03  4.964437E-08  2.006923E-07  3.626815E-08  5.790135E-02  2.726848E-06  1.497827E-07  1.244615E-07  3.415825E-04  4.644020E-04  1.107782E-06  3.153679E-07  4.103722E-07  3.396351E-07
 3.571500E+02  2.704422E-01  7.891332E-05  2.842261E-09  3.812309E-09  4.261653E-09  5.186342E-09  2.986107E-01  1.630972E-04  1.235597E-07  3.699057E-01  1.037915E-03  3.945554E-06  6.683619E-07  1.653750E-03  4.779457E-08  1.935901E-07  3.524687E-08  5.730145E-02  2.635671E-06  1.462378E-07  1.214541E-07  3.374626E-04  4.588051E-04  1.060828E-06  3.017197E-07  3.927167E-07  3.275040E-07
 3.581500E+02  2.707487E-01  7.835069E-05  2.779367E-09  3.728677E-09  4.168342E-09  5.073729E-09  2.986282E-01  1.609698E-04  1.181103E-07  3.702180E-01  1.026004E-03  3.781433E-06  6.554254E-07  1.632570E-03  4.602434E-08  1.867806E-07  3.426017E-08  5.671084E-02  2.548023E-06  1.427961E-07  1.185357E-07  3.334164E-04  4.533087E-04  1.016115E-06  2.887380E-07  3.759193E-07  3.158731E-07
 3.591500E+02  2.710504E-01  7.779469E-05  2.718203E-09  3.647331E-09  4.077577E-09  4.964169E-09  2.986454E-01  1.588842E-04  1.129325E-07  3.705254E-01  1.014290E-03  3.624979E-06  6.428100E-07  1.611785E-03  4.432984E-08  1.802500E-07  3.330673E-08  5.612936E-02  2.463753E-06  1.394541E-07  1.157032E-07  3.294426E-04  4.479106E-04  9.735261E-07  2.763870E-07  3.599338E-07  3.047193E-07
 3.601500E+02  2.713475E-01  7.724524E-05  2.658715E-09  3.568197E-09  3.989277E-09  4.857565E-09  2.986623E-01  1.568391E-04  1.080116E-07  3.708280E-01  1.002769E-03  3.475798E-06  6.305066E-07  1.591386E-03  4.270745E-08  1.739855E-07  3.238525E-08  5.555684E-02  2.382714E-06  1.362086E-07  1.129539E-07  3.255394E-04  4.426084E-04  9.329490E-07  2.646327E-07  3.447168E-07  2.940207E-07
 3.611500E+02  2.716399E-01  7.670226E-05  2.600850E-09  3.491208E-09  3.903367E-09  4.753827E-09  2.986789E-01  1.548337E-04  1.033332E-07  3.711260E-01  9.914377E-04  3.333518E-06  6.185060E-07  1.571364E-03  4.115372E-08  1.679750E-07  3.149453E-08  5.499311E-02  2.304768E-06  1.330562E-07  1.102848E-07  3.217053E-04  4.374003E-04  8.942794E-07  2.534434E-07  3.302276E-07  2.837566E-07
 3.621500E+02  2.719279E-01  7.616567E-05  2.544557E-09  3.416296E-09  3.819771E-09  4.652865E-09  2.986952E-01  1.528670E-04  9.888420E-08  3.714194E-01  9.802925E-04  3.197789E-06  6.067997E-07  1.551711E-03  3.966541E-08  1.622069E-07  3.063337E-08  5.443803E-02  2.229782E-06  1.299940E-07  1.076934E-07  3.179389E-04  4.322840E-04  8.574182E-07  2.427890E-07  3.164275E-07  2.739072E-07
 3.631500E+02  2.722114E-01  7.563539E-05  2.489787E-09  3.343397E-09  3.738418E-09  4.554594E-09  2.987112E-01  1.509380E-04  9.465214E-08  3.717082E-01  9.693295E-04  3.068279E-06  5.953792E-07  1.532419E-03  3.823942E-08  1.566700E-07  2.980066E-08  5.389144E-02  2.157632E-06  1.270189E-07  1.051769E-07  3.142385E-04  4.272576E-04  8.222722E-07  2.326412E-07  3.032804E-07  2.644536E-07
 3.641500E+02  2.724905E-01  7.511135E-05  2.436493E-09  3.272449E-09  3.659238E-09  4.458931E-09  2.987268E-01  1.490459E-04  9.062531E-08  3.719926E-01  9.585451E-04  2.944673E-06  5.842363E-07  1.513478E-03  3.687282E-08  1.513540E-07  2.899533E-08  5.335318E-02  2.088195E-06  1.241282E-07  1.027330E-07  3.106029E-04  4.223191E-04  7.887533E-07  2.229734E-07  2.907520E-07  2.553782E-07
 3.651500E+02  2.727654E-01  7.459347E-05  2.384629E-09  3.203391E-09  3.582165E-09  4.365797E-09  2.987422E-01  1.471897E-04  8.679267E-08  3.722727E-01  9.479360E-04  2.826677E-06  5.733631E-07  1.494883E-03  3.556283E-08  1.462489E-07  2.821634E-08  5.282310E-02  2.021359E-06  1.213190E-07  1.003592E-07  3.070305E-04  4.174667E-04  7.567783E-07  2.137605E-07  2.788101E-07  2.466639E-07
 3.661500E+02  2.730361E-01  7.408168E-05  2.334150E-09  3.136165E-09  3.507134E-09  4.275115E-09  2.987574E-01  1.453685E-04  8.314385E-08  3.725485E-01  9.374987E-04  2.714008E-06  5.627520E-07  1.476624E-03  3.430684E-08  1.413453E-07  2.746270E-08  5.230105E-02  1.957013E-06  1.185888E-07  9.805315E-08  3.035201E-04  4.126984E-04  7.262686E-07  2.049788E-07  2.674243E-07  2.382946E-07
 3.671500E+02  2.733027E-01  7.357590E-05  2.285014E-09  3.070716E-09  3.434082E-09  4.186809E-09  2.987722E-01  1.435817E-04  7.966908E-08  3.728201E-01  9.272298E-04  2.606403E-06  5.523956E-07  1.458695E-03  3.310232E-08  1.366342E-07  2.673348E-08  5.178690E-02  1.895054E-06  1.159349E-07  9.581269E-08  3.000703E-04  4.080125E-04  6.971501E-07  1.966059E-07  2.565659E-07  2.302549E-07
 3.681500E+02  2.735652E-01  7.307605E-05  2.237179E-09  3.006988E-09  3.362950E-09  4.100808E-09  2.987868E-01  1.418282E-04  7.635914E-08  3.730876E-01  9.171262E-04  2.503611E-06  5.422867E-07  1.441087E-03  3.194692E-08  1.321070E-07  2.602775E-08  5.128049E-02  1.835382E-06  1.133549E-07  9.363566E-08  2.966798E-04  4.034071E-04  6.693527E-07  1.886208E-07  2.462079E-07  2.225304E-07
 3.691500E+02  2.738238E-01  7.258207E-05  2.190607E-09  2.944930E-09  3.293678E-09  4.017042E-09  2.988011E-01  1.401074E-04  7.320536E-08  3.733510E-01  9.071845E-04  2.405393E-06  5.324184E-07  1.423795E-03  3.083839E-08  1.277558E-07  2.534466E-08  5.078170E-02  1.777903E-06  1.108464E-07  9.151997E-08  2.933474E-04  3.988807E-04  6.428100E-07  1.810035E-07  2.363247E-07  2.151072E-07
 3.701500E+02  2.740785E-01  7.209387E-05  2.145257E-09  2.884490E-09  3.226210E-09  3.935444E-09  2.988152E-01  1.384185E-04  7.019958E-08  3.736105E-01  8.974018E-04  2.311527E-06  5.227839E-07  1.406811E-03  2.977457E-08  1.235726E-07  2.468337E-08  5.029038E-02  1.722525E-06  1.084072E-07  8.946364E-08  2.900717E-04  3.944314E-04  6.174595E-07  1.737354E-07  2.268921E-07  2.079719E-07
 3.711500E+02  2.743293E-01  7.161139E-05  2.101093E-09  2.825621E-09  3.160493E-09  3.855948E-09  2.988290E-01  1.367607E-04  6.733407E-08  3.738661E-01  8.877749E-04  2.221798E-06  5.133768E-07  1.390128E-03  2.875346E-08  1.195502E-07  2.404308E-08  4.980640E-02  1.669162E-06  1.060350E-07  8.746475E-08  2.868517E-04  3.900577E-04  5.932420E-07  1.667986E-07  2.178874E-07  2.011122E-07
 3.721500E+02  2.745764E-01  7.113456E-05  2.058080E-09  2.768274E-09  3.096473E-09  3.778493E-09  2.988426E-01  1.351334E-04  6.460158E-08  3.741178E-01  8.783008E-04  2.136006E-06  5.041908E-07  1.373740E-03  2.777311E-08  1.156816E-07  2.342302E-08  4.932963E-02  1.617733E-06  1.037277E-07  8.552144E-08  2.836861E-04  3.857579E-04  5.701013E-07  1.601764E-07  2.092890E-07  1.945159E-07
 3.731500E+02  2.748198E-01  7.066330E-05  2.016182E-09  2.712405E-09  3.034099E-09  3.703017E-09  2.988559E-01  1.335357E-04  6.199525E-08  3.743658E-01  8.689767E-04  2.053960E-06  4.952196E-07  1.357640E-03  2.683170E-08  1.119602E-07  2.282247E-08  4.885994E-02  1.568157E-06  1.014832E-07  8.363192E-08  2.805737E-04  3.815306E-04  5.479844E-07  1.538530E-07  2.010767E-07  1.881718E-07
