#         T/K            c1          c2-1          c3-4          c3-5          c3-7          c3-9            m1          m2-1          m3-1            w1            w2          w3-1          w3-2          c1m1        c1m2-1        c1m2-7        c2m1-1        c1w1-2        c1w2-1        c2w1-1        c2w1-9        m1w1-1        m1w1-4        m1w2-1        m2w1-1        m2w1-3      c1m1w1-1
 2.731500E+02  2.391716E-01  1.883222E-04  3.926002E-08  5.152972E-08  5.733091E-08  6.835998E-08  4.413373E-01  1.629721E-03  6.495537E-05  1.920810E-01  1.259539E-03  8.400468E-05  1.178675E-06  1.098710E-02  7.712067E-06  2.530574E-05  1.395139E-06  1.102277E-01  3.972652E-05  1.331873E-06  1.169526E-06  1.139363E-03  1.550980E-03  6.361906E-05  5.292691E-05  6.703264E-05  1.679673E-05
 2.741500E+02  2.401244E-01  1.862802E-04  3.781094E-08  4.964458E-08  5.523766E-08  6.588481E-08  4.415366E-01  1.591072E-03  5.995919E-05  1.929662E-01  1.240498E-03  7.864436E-05  1.146346E-06  1.074480E-02  7.215874E-06  2.375426E-05  1.327863E-06  1.085722E-01  3.765371E-05  1.281408E-06  1.124241E-06  1.117784E-03  1.521509E-03  5.931137E-05  4.910855E-05  6.222140E-05  1.580888E-05
 2.751500E+02  2.410600E-01  1.842610E-04  3.642191E-08  4.783690E-08  5.323027E-08  6.351036E-08  4.417295E-01  1.553630E-03  5.538108E-05  1.938359E-01  1.221748E-03  7.364963E-05  1.114968E-06  1.050924E-02  6.754808E-06  2.230797E-05  1.264224E-06  1.069440E-01  3.569827E-05  1.233069E-06  1.080904E-06  1.096713E-03  1.492735E-03  5.531816E-05  4.558888E-05  5.778479E-05  1.488462E-05
 2.761500E+02  2.419786E-01  1.822646E-04  3.509025E-08  4.610326E-08  5.130494E-08  6.123223E-08  4.419165E-01  1.517349E-03  5.118342E-05  1.946904E-01  1.203288E-03  6.899418E-05  1.084514E-06  1.028020E-02  6.326177E-06  2.095913E-05  1.204008E-06  1.053429E-01  3.385314E-05  1.186760E-06  1.039426E-06  1.076137E-03  1.464642E-03  5.161499E-05  4.234287E-05  5.369156E-05  1.401955E-05
 2.771500E+02  2.428806E-01  1.802912E-04  3.381340E-08  4.444039E-08  4.945805E-08  5.904620E-08  4.420977E-01  1.482187E-03  4.733223E-05  1.955298E-01  1.185115E-03  6.465370E-05  1.054959E-06  1.005748E-02  5.927510E-06  1.970060E-05  1.147013E-06  1.037686E-01  3.211170E-05  1.142391E-06  9.997204E-07  1.056043E-03  1.437212E-03  4.817942E-05  3.934773E-05  4.991321E-05  1.320958E-05
 2.781500E+02  2.437662E-01  1.783408E-04  3.258894E-08  4.284517E-08  4.768618E-08  5.694827E-08  4.422733E-01  1.448103E-03  4.379676E-05  1.963545E-01  1.167229E-03  6.060569E-05  1.026277E-06  9.840879E-03  5.556538E-06  1.852581E-05  1.093051E-06  1.022207E-01  3.046775E-05  1.099874E-06  9.617068E-07  1.036420E-03  1.410427E-03  4.499082E-05  3.658267E-05  4.642378E-05  1.245094E-05
 2.791500E+02  2.446357E-01  1.764132E-04  3.141454E-08  4.131465E-08  4.598602E-08  5.493461E-08  4.424437E-01  1.415058E-03  4.054914E-05  1.971647E-01  1.149627E-03  5.682930E-05  9.984430E-07  9.630204E-03  5.211174E-06  1.742870E-05  1.041945E-06  1.006990E-01  2.891547E-05  1.059127E-06  9.253079E-07  1.017255E-03  1.384272E-03  4.203027E-05  3.402873E-05  4.319954E-05  1.174011E-05
 2.801500E+02  2.454893E-01  1.745086E-04  3.028799E-08  3.984598E-08  4.435445E-08  5.300155E-08  4.426089E-01  1.383015E-03  3.756416E-05  1.979605E-01  1.132307E-03  5.330529E-05  9.714328E-07  9.425272E-03  4.889501E-06  1.640367E-05  9.935302E-07  9.920307E-02  2.744940E-05  1.020071E-06  8.904501E-07  9.985369E-04  1.358730E-03  3.928036E-05  3.166862E-05  4.021887E-05  1.107386E-05
 2.811500E+02  2.463272E-01  1.726270E-04  2.920719E-08  3.843646E-08  4.278848E-08  5.114563E-08  4.427692E-01  1.351937E-03  3.481893E-05  1.987422E-01  1.115265E-03  5.001579E-05  9.452226E-07  9.225903E-03  4.589756E-06  1.544557E-05  9.476511E-07  9.773263E-02  2.606444E-05  9.826305E-07  8.570634E-07  9.802545E-04  1.333786E-03  3.672510E-05  2.948654E-05  3.746201E-05  1.044917E-05
 2.821500E+02  2.471498E-01  1.707682E-04  2.817012E-08  3.708352E-08  4.128524E-08  4.936349E-08  4.429248E-01  1.321790E-03  3.229272E-05  1.995100E-01  1.098500E-03  4.694428E-05  9.197892E-07  9.031926E-03  4.310316E-06  1.454963E-05  9.041622E-07  9.628734E-02  2.475580E-05  9.467335E-07  8.250808E-07  9.623965E-04  1.309424E-03  3.434977E-05  2.746807E-05  3.491091E-05  9.863225E-06
 2.831500E+02  2.479573E-01  1.689321E-04  2.717487E-08  3.578469E-08  3.984202E-08  4.765198E-08  4.430759E-01  1.292540E-03  2.996668E-05  2.002641E-01  1.082009E-03  4.407548E-05  8.951098E-07  8.843173E-03  4.049686E-06  1.371147E-05  8.629268E-07  9.486687E-02  2.351898E-05  9.123118E-07  7.944390E-07  9.449520E-04  1.285629E-03  3.214084E-05  2.560003E-05  3.254905E-05  9.313444E-06
 2.841500E+02  2.487500E-01  1.671189E-04  2.621960E-08  3.453763E-08  3.845622E-08  4.600804E-08  4.432226E-01  1.264156E-03  2.782371E-05  2.010048E-01  1.065789E-03  4.139518E-05  8.711621E-07  8.659483E-03  3.806492E-06  1.292702E-05  8.238168E-07  9.347087E-02  2.234976E-05  8.792999E-07  7.650773E-07  9.279106E-04  1.262387E-03  3.008583E-05  2.387038E-05  3.036134E-05  8.797412E-06
 2.851500E+02  2.495280E-01  1.653282E-04  2.530257E-08  3.334008E-08  3.712535E-08  4.442879E-08  4.433650E-01  1.236607E-03  2.584828E-05  2.017323E-01  1.049836E-03  3.889026E-05  8.479246E-07  8.480699E-03  3.579464E-06  1.219252E-05  7.867118E-07  9.209901E-02  2.124419E-05  8.476356E-07  7.369379E-07  9.112620E-04  1.239684E-03  2.817329E-05  2.226808E-05  2.833398E-05  8.312888E-06
 2.861500E+02  2.502917E-01  1.635601E-04  2.442211E-08  3.218993E-08  3.584705E-08  4.291145E-08  4.435034E-01  1.209864E-03  2.402625E-05  2.024468E-01  1.034149E-03  3.654855E-05  8.253760E-07  8.306672E-03  3.367434E-06  1.150451E-05  7.514991E-07  9.075093E-02  2.019855E-05  8.172595E-07  7.099659E-07  8.949961E-04  1.217505E-03  2.639264E-05  2.078306E-05  2.645430E-05  7.857792E-06
 2.871500E+02  2.510413E-01  1.618145E-04  2.357665E-08  3.108512E-08  3.461906E-08  4.145339E-08  4.436379E-01  1.183898E-03  2.234475E-05  2.031485E-01  1.018723E-03  3.435874E-05  8.034959E-07  8.137255E-03  3.169324E-06  1.085976E-05  7.180723E-07  8.942630E-02  1.920937E-05  7.881148E-07  6.841089E-07  8.791032E-04  1.195836E-03  2.473415E-05  1.940607E-05  2.471074E-05  7.430188E-06
 2.881500E+02  2.517770E-01  1.600912E-04  2.276465E-08  3.002370E-08  3.343921E-08  4.005208E-08  4.437686E-01  1.158683E-03  2.079209E-05  2.038377E-01  1.003556E-03  3.231038E-05  7.822642E-07  7.972307E-03  2.984139E-06  1.025531E-05  6.863320E-07  8.812476E-02  1.827337E-05  7.601477E-07  6.593170E-07  8.635737E-04  1.174666E-03  2.318884E-05  1.812865E-05  2.309267E-05  7.028279E-06
 2.891500E+02  2.524991E-01  1.583900E-04  2.198469E-08  2.900383E-08  3.230546E-08  3.870511E-08  4.438957E-01  1.134192E-03  1.935760E-05  2.045144E-01  9.886446E-04  3.039374E-05  7.616613E-07  7.811693E-03  2.810960E-06  9.688395E-06  6.561843E-07  8.684596E-02  1.738748E-05  7.333064E-07  6.355426E-07  8.483983E-04  1.153981E-03  2.174843E-05  1.694305E-05  2.159037E-05  6.650392E-06
 2.901500E+02  2.532079E-01  1.567110E-04  2.123536E-08  2.802371E-08  3.121583E-08  3.741018E-08  4.440193E-01  1.110401E-03  1.803155E-05  2.051790E-01  9.739853E-04  2.859983E-05  7.416683E-07  7.655280E-03  2.648940E-06  9.156477E-06  6.275413E-07  8.558955E-02  1.654882E-05  7.075418E-07  6.127405E-07  8.335680E-04  1.133768E-03  2.040530E-05  1.584216E-05  2.019490E-05  6.294969E-06
 2.911500E+02  2.539036E-01  1.550538E-04  2.051537E-08  2.708166E-08  3.016845E-08  3.616509E-08  4.441394E-01  1.087285E-03  1.680509E-05  2.058317E-01  9.595748E-04  2.692027E-05  7.222666E-07  7.502941E-03  2.497294E-06  8.657187E-06  6.003201E-07  8.435520E-02  1.575468E-05  6.828070E-07  5.908672E-07  8.190740E-04  1.114016E-03  1.915239E-05  1.481945E-05  1.889807E-05  5.960563E-06
 2.921500E+02  2.545863E-01  1.534183E-04  1.982346E-08  2.617606E-08  2.916153E-08  3.496774E-08  4.442563E-01  1.064821E-03  1.567013E-05  2.064727E-01  9.454098E-04  2.534732E-05  7.034384E-07  7.354554E-03  2.355298E-06  8.188336E-06  5.744429E-07  8.314254E-02  1.500252E-05  6.590572E-07  5.698818E-07  8.049076E-04  1.094712E-03  1.798321E-05  1.386894E-05  1.769236E-05  5.645825E-06
 2.931500E+02  2.552564E-01  1.518045E-04  1.915841E-08  2.530536E-08  2.819334E-08  3.381613E-08  4.443700E-01  1.042987E-03  1.461928E-05  2.071021E-01  9.314869E-04  2.387375E-05  6.851660E-07  7.209998E-03  2.222281E-06  7.747890E-06  5.498366E-07  8.195123E-02  1.428995E-05  6.362497E-07  5.497450E-07  7.910606E-04  1.075845E-03  1.689175E-05  1.298513E-05  1.657087E-05  5.349499E-06
 2.941500E+02  2.559142E-01  1.502120E-04  1.851910E-08  2.446809E-08  2.726227E-08  3.270834E-08  4.444806E-01  1.021763E-03  1.364579E-05  2.077201E-01  9.178027E-04  2.249288E-05  6.674326E-07  7.069160E-03  2.097625E-06  7.333964E-06  5.264320E-07  8.078093E-02  1.361472E-05  6.143437E-07  5.304194E-07  7.775248E-04  1.057404E-03  1.587246E-05  1.216297E-05  1.552724E-05  5.070416E-06
 2.951500E+02  2.565597E-01  1.486408E-04  1.790442E-08  2.366283E-08  2.636673E-08  3.164254E-08  4.445883E-01  1.001126E-03  1.274350E-05  2.083271E-01  9.043537E-04  2.119849E-05  6.502216E-07  6.931928E-03  1.980756E-06  6.944807E-06  5.041644E-07  7.963129E-02  1.297472E-05  5.933004E-07  5.118692E-07  7.642923E-04  1.039378E-03  1.492022E-05  1.139781E-05  1.455563E-05  4.807483E-06
 2.961500E+02  2.571932E-01  1.470906E-04  1.731333E-08  2.288825E-08  2.550525E-08  3.061698E-08  4.446932E-01  9.810579E-04  1.190676E-05  2.089231E-01  8.911365E-04  1.998480E-05  6.335169E-07  6.798194E-03  1.871141E-06  6.578794E-06  4.829728E-07  7.850196E-02  1.236798E-05  5.730826E-07  4.940605E-07  7.513553E-04  1.021757E-03  1.403028E-05  1.068540E-05  1.365068E-05  4.559687E-06
 2.971500E+02  2.578151E-01  1.455613E-04  1.674484E-08  2.214306E-08  2.467640E-08  2.962999E-08  4.447952E-01  9.615395E-04  1.113043E-05  2.095084E-01  8.781476E-04  1.884643E-05  6.173031E-07  6.667854E-03  1.768288E-06  6.234414E-06  4.627995E-07  7.739262E-02  1.179262E-05  5.536548E-07  4.769610E-07  7.387064E-04  1.004529E-03  1.319827E-05  1.002179E-05  1.280743E-05  4.326077E-06
 2.981500E+02  2.584254E-01  1.440527E-04  1.619799E-08  2.142602E-08  2.387882E-08  2.867996E-08  4.448946E-01  9.425525E-04  1.040976E-05  2.100831E-01  8.653837E-04  1.777841E-05  6.015650E-07  6.540807E-03  1.671742E-06  5.910264E-06  4.435903E-07  7.630292E-02  1.124689E-05  5.349834E-07  4.605395E-07  7.263382E-04  9.876845E-04  1.242012E-05  9.403387E-06  1.202135E-05  4.105771E-06
 2.991500E+02  2.590244E-01  1.425645E-04  1.567188E-08  2.073597E-08  2.311120E-08  2.776538E-08  4.449914E-01  9.240794E-04  9.740435E-06  2.106475E-01  8.528412E-04  1.677607E-05  5.862879E-07  6.416957E-03  1.581080E-06  5.605039E-06  4.252944E-07  7.523252E-02  1.072914E-05  5.170360E-07  4.447668E-07  7.142436E-04  9.712144E-04  1.169209E-05  8.826848E-06  1.128825E-05  3.897944E-06
 3.001500E+02  2.596124E-01  1.410965E-04  1.516563E-08  2.007178E-08  2.237230E-08  2.688477E-08  4.450857E-01  9.061033E-04  9.118486E-06  2.112018E-01  8.405166E-04  1.583511E-05  5.714576E-07  6.296209E-03  1.495908E-06  5.317525E-06  4.078634E-07  7.418110E-02  1.023782E-05  4.997818E-07  4.296147E-07  7.024157E-04  9.551088E-04  1.101070E-05  8.289113E-06  1.060425E-05  3.701825E-06
 3.011500E+02  2.601894E-01  1.396487E-04  1.467843E-08  1.943238E-08  2.166094E-08  2.603676E-08  4.451776E-01  8.886080E-04  8.540274E-06  2.117460E-01  8.284066E-04  1.495149E-05  5.570602E-07  6.178472E-03  1.415864E-06  5.046591E-06  3.912521E-07  7.314832E-02  9.771465E-06  4.831915E-07  4.150563E-07  6.908477E-04  9.393585E-04  1.037273E-05  7.787356E-06  9.965794E-06  3.516695E-06
 3.021500E+02  2.607558E-01  1.382206E-04  1.420947E-08  1.881676E-08  2.097598E-08  2.521999E-08  4.452671E-01  8.715779E-04  8.002459E-06  2.122805E-01  8.165077E-04  1.412149E-05  5.430824E-07  6.063658E-03  1.340608E-06  4.791188E-06  3.754177E-07  7.213386E-02  9.328705E-06  4.672368E-07  4.010662E-07  6.795331E-04  9.239543E-04  9.775207E-06  7.318971E-06  9.369606E-06  3.341883E-06
 3.031500E+02  2.613118E-01  1.368122E-04  1.375800E-08  1.822392E-08  2.031634E-08  2.443321E-08  4.453544E-01  8.549978E-04  7.501978E-06  2.128053E-01  8.048165E-04  1.334162E-05  5.295113E-07  5.951682E-03  1.269827E-06  4.550334E-06  3.603197E-07  7.113740E-02  8.908244E-06  4.518910E-07  3.876198E-07  6.684655E-04  9.088876E-04  9.215359E-06  6.881555E-06  8.812651E-06  3.176761E-06
 3.041500E+02  2.618575E-01  1.354232E-04  1.332329E-08  1.765293E-08  1.968097E-08  2.367518E-08  4.454394E-01  8.388535E-04  7.036015E-06  2.133207E-01  7.933296E-04  1.260863E-05  5.163341E-07  5.842461E-03  1.203229E-06  4.323118E-06  3.459203E-07  7.015862E-02  8.508865E-06  4.371286E-07  3.746939E-07  6.576387E-04  8.941498E-04  8.690627E-06  6.472890E-06  8.292131E-06  3.020743E-06
 3.051500E+02  2.623932E-01  1.340534E-04  1.290467E-08  1.710291E-08  1.906889E-08  2.294473E-08  4.455224E-01  8.231308E-04  6.601983E-06  2.138268E-01  7.820436E-04  1.191951E-05  5.035387E-07  5.735915E-03  1.140543E-06  4.108689E-06  3.321833E-07  6.919719E-02  8.129419E-06  4.229249E-07  3.622663E-07  6.470466E-04  8.797325E-04  8.198635E-06  6.090930E-06  7.805463E-06  2.873280E-06
 3.061500E+02  2.629190E-01  1.327025E-04  1.250145E-08  1.657299E-08  1.847915E-08  2.224077E-08  4.456032E-01  8.078165E-04  6.197505E-06  2.143239E-01  7.709551E-04  1.127143E-05  4.911132E-07  5.631968E-03  1.081517E-06  3.906255E-06  3.190750E-07  6.825282E-02  7.768825E-06  4.092568E-07  3.503158E-07  6.366833E-04  8.656277E-04  7.737178E-06  5.733781E-06  7.350259E-06  2.733861E-06
 3.071500E+02  2.634351E-01  1.313704E-04  1.211303E-08  1.606237E-08  1.791084E-08  2.156221E-08  4.456820E-01  7.928975E-04  5.820392E-06  2.148120E-01  7.600609E-04  1.066178E-05  4.790461E-07  5.530544E-03  1.025917E-06  3.715077E-06  3.065633E-07  6.732519E-02  7.426067E-06  3.961018E-07  3.388222E-07  6.265432E-04  8.518276E-04  7.304211E-06  5.399697E-06  6.924313E-06  2.602005E-06
 3.081500E+02  2.639417E-01  1.300568E-04  1.173878E-08  1.557024E-08  1.736309E-08  2.090803E-08  4.457589E-01  7.783614E-04  5.468630E-06  2.152914E-01  7.493577E-04  1.008811E-05  4.673265E-07  5.431571E-03  9.735230E-07  3.534463E-06  2.946179E-07  6.641399E-02  7.100184E-06  3.834387E-07  3.277661E-07  6.166206E-04  8.383245E-04  6.897834E-06  5.087063E-06  6.525584E-06  2.477264E-06
 3.091500E+02  2.644391E-01  1.287616E-04  1.137814E-08  1.509588E-08  1.683508E-08  2.027727E-08  4.458340E-01  7.641962E-04  5.140366E-06  2.157621E-01  7.388420E-04  9.548142E-06  4.559433E-07  5.334979E-03  9.241333E-07  3.363770E-06  2.832103E-07  6.551894E-02  6.790273E-06  3.712471E-07  3.171291E-07  6.069101E-04  8.251109E-04  6.516283E-06  4.794383E-06  6.152183E-06  2.359218E-06
 3.101500E+02  2.649273E-01  1.274844E-04  1.103055E-08  1.463857E-08  1.632601E-08  1.966898E-08  4.459071E-01  7.503904E-04  4.833890E-06  2.162245E-01  7.285109E-04  9.039745E-06  4.448863E-07  5.240700E-03  8.775581E-07  3.202397E-06  2.723134E-07  6.463972E-02  6.495481E-06  3.595075E-07  3.068937E-07  5.974064E-04  8.121795E-04  6.157917E-06  4.520275E-06  5.802365E-06  2.247473E-06
 3.111500E+02  2.654067E-01  1.262250E-04  1.069549E-08  1.419761E-08  1.583513E-08  1.908227E-08  4.459785E-01  7.369328E-04  4.547629E-06  2.166786E-01  7.183609E-04  8.560936E-06  4.341453E-07  5.148670E-03  8.336211E-07  3.049781E-06  2.619018E-07  6.377606E-02  6.215004E-06  3.482014E-07  2.970429E-07  5.881045E-04  7.995235E-04  5.821214E-06  4.263460E-06  5.474510E-06  2.141660E-06
 3.121500E+02  2.658772E-01  1.249833E-04  1.037245E-08  1.377237E-08  1.536170E-08  1.851629E-08  4.460482E-01  7.238126E-04  4.280129E-06  2.171246E-01  7.083890E-04  8.109863E-06  4.237106E-07  5.058823E-03  7.921579E-07  2.905399E-06  2.519514E-07  6.292766E-02  5.948084E-06  3.373109E-07  2.875609E-07  5.789993E-04  7.871358E-04  5.504757E-06  4.022752E-06  5.167120E-06  2.041435E-06
 3.131500E+02  2.663392E-01  1.237589E-04  1.006095E-08  1.336220E-08  1.490504E-08  1.797022E-08  4.461163E-01  7.110195E-04  4.030052E-06  2.175626E-01  6.985920E-04  7.684798E-06  4.135725E-07  4.971099E-03  7.530153E-07  2.768758E-06  2.424392E-07  6.209423E-02  5.694007E-06  3.268191E-07  2.784321E-07  5.700859E-04  7.750099E-04  5.207228E-06  3.797055E-06  4.878806E-06  1.946475E-06
 3.141500E+02  2.667928E-01  1.225518E-04  9.760525E-09  1.296652E-08  1.446448E-08  1.744326E-08  4.461827E-01  6.985434E-04  3.796160E-06  2.179929E-01  6.889667E-04  7.284127E-06  4.037221E-07  4.885438E-03  7.160502E-07  2.639400E-06  2.333438E-07  6.127551E-02  5.452098E-06  3.167098E-07  2.696421E-07  5.613597E-04  7.631392E-04  4.927402E-06  3.585349E-06  4.608282E-06  1.856475E-06
 3.151500E+02  2.672382E-01  1.213616E-04  9.470740E-09  1.258475E-08  1.403939E-08  1.693468E-08  4.462475E-01  6.863749E-04  3.577312E-06  2.184155E-01  6.795103E-04  6.906341E-06  3.941502E-07  4.801782E-03  6.811293E-07  2.516896E-06  2.246446E-07  6.047121E-02  5.221721E-06  3.069674E-07  2.611767E-07  5.528159E-04  7.515175E-04  4.664138E-06  3.386693E-06  4.354352E-06  1.771151E-06
 3.161500E+02  2.676754E-01  1.201881E-04  9.191170E-09  1.221634E-08  1.362914E-08  1.644376E-08  4.463108E-01  6.745045E-04  3.372453E-06  2.188306E-01  6.702195E-04  6.550033E-06  3.848484E-07  4.720076E-03  6.481280E-07  2.400844E-06  2.163225E-07  5.968107E-02  5.002274E-06  2.975771E-07  2.530227E-07  5.444502E-04  7.401386E-04  4.416374E-06  3.200211E-06  4.115909E-06  1.690238E-06
 3.171500E+02  2.681048E-01  1.190311E-04  8.921411E-09  1.186077E-08  1.323317E-08  1.596979E-08  4.463726E-01  6.629233E-04  3.180606E-06  2.192383E-01  6.610915E-04  6.213886E-06  3.758083E-07  4.640265E-03  6.169301E-07  2.290868E-06  2.083590E-07  5.890481E-02  4.793191E-06  2.885246E-07  2.451673E-07  5.362582E-04  7.289965E-04  4.183121E-06  3.025092E-06  3.891924E-06  1.613483E-06
 3.181500E+02  2.685264E-01  1.178904E-04  8.661075E-09  1.151753E-08  1.285092E-08  1.551214E-08  4.464330E-01  6.516226E-04  3.000869E-06  2.196388E-01  6.521233E-04  5.896670E-06  3.670218E-07  4.562297E-03  5.874267E-07  2.186616E-06  2.007370E-07  5.814217E-02  4.593936E-06  2.797964E-07  2.375983E-07  5.282356E-04  7.180854E-04  3.963457E-06  2.860581E-06  3.681444E-06  1.540653E-06
 3.191500E+02  2.689404E-01  1.167657E-04  8.409794E-09  1.118615E-08  1.248184E-08  1.507016E-08  4.464919E-01  6.405941E-04  2.832410E-06  2.200322E-01  6.433119E-04  5.597235E-06  3.584811E-07  4.486122E-03  5.595165E-07  2.087757E-06  1.934398E-07  5.739291E-02  4.404003E-06  2.713796E-07  2.303040E-07  5.203783E-04  7.073997E-04  3.756523E-06  2.705979E-06  3.483580E-06  1.471527E-06
 3.201500E+02  2.693469E-01  1.156568E-04  8.167213E-09  1.086616E-08  1.212544E-08  1.464325E-08  4.465495E-01  6.298298E-04  2.674453E-06  2.204187E-01  6.346546E-04  5.314504E-06  3.501787E-07  4.411689E-03  5.331044E-07  1.993982E-06  1.864521E-07  5.665675E-02  4.222914E-06  2.632617E-07  2.232734E-07  5.126823E-04  6.969339E-04  3.561519E-06  2.560636E-06  3.297509E-06  1.405898E-06
 3.211500E+02  2.697461E-01  1.145636E-04  7.932992E-09  1.055712E-08  1.178121E-08  1.423083E-08  4.466058E-01  6.193217E-04  2.526285E-06  2.207984E-01  6.261485E-04  5.047472E-06  3.421071E-07  4.338952E-03  5.081017E-07  1.905001E-06  1.797591E-07  5.593346E-02  4.050219E-06  2.554308E-07  2.164956E-07  5.051437E-04  6.866826E-04  3.377698E-06  2.423947E-06  3.122464E-06  1.343570E-06
 3.221500E+02  2.701382E-01  1.134857E-04  7.706808E-09  1.025860E-08  1.144869E-08  1.383235E-08  4.466608E-01  6.090625E-04  2.387243E-06  2.211714E-01  6.177907E-04  4.795197E-06  3.342594E-07  4.267864E-03  4.844254E-07  1.820543E-06  1.733468E-07  5.522279E-02  3.885490E-06  2.478755E-07  2.099606E-07  4.977587E-04  6.766406E-04  3.204363E-06  2.295352E-06  2.957733E-06  1.284362E-06
 3.231500E+02  2.705233E-01  1.124231E-04  7.488348E-09  9.970217E-09  1.112743E-08  1.344727E-08  4.467146E-01  5.990449E-04  2.256711E-06  2.215379E-01  6.095787E-04  4.556798E-06  3.266286E-07  4.198380E-03  4.619976E-07  1.740352E-06  1.672021E-07  5.452450E-02  3.728324E-06  2.405850E-07  2.036586E-07  4.905235E-04  6.668028E-04  3.040865E-06  2.174326E-06  2.802653E-06  1.228101E-06
 3.241500E+02  2.709015E-01  1.113753E-04  7.277315E-09  9.691566E-09  1.081701E-08  1.307509E-08  4.467671E-01  5.892617E-04  2.134121E-06  2.218979E-01  6.015096E-04  4.331448E-06  3.192082E-07  4.130457E-03  4.407456E-07  1.664190E-06  1.613123E-07  5.383835E-02  3.578340E-06  2.335489E-07  1.975802E-07  4.834347E-04  6.571643E-04  2.886598E-06  2.060385E-06  2.656607E-06  1.174625E-06
 3.251500E+02  2.712730E-01  1.103423E-04  7.073424E-09  9.422279E-09  1.051699E-08  1.271532E-08  4.468185E-01  5.797064E-04  2.018944E-06  2.222517E-01  5.935808E-04  4.118376E-06  3.119916E-07  4.064053E-03  4.206013E-07  1.591830E-06  1.556655E-07  5.316411E-02  3.435178E-06  2.267571E-07  1.917167E-07  4.764885E-04  6.477204E-04  2.740993E-06  1.953076E-06  2.519019E-06  1.123782E-06
 3.261500E+02  2.716378E-01  1.093239E-04  6.876402E-09  9.162002E-09  1.022700E-08  1.236748E-08  4.468687E-01  5.703723E-04  1.910689E-06  2.225993E-01  5.857897E-04  3.916856E-06  3.049726E-07  3.999127E-03  4.015008E-07  1.523063E-06  1.502505E-07  5.250154E-02  3.298495E-06  2.202002E-07  1.860594E-07  4.696817E-04  6.384663E-04  2.603523E-06  1.851977E-06  2.389356E-06  1.075431E-06
 3.271500E+02  2.719962E-01  1.083197E-04  6.685986E-09  8.910392E-09  9.946657E-09  1.203114E-08  4.469178E-01  5.612531E-04  1.808902E-06  2.229408E-01  5.781338E-04  3.726212E-06  2.981453E-07  3.935640E-03  3.833841E-07  1.457689E-06  1.450566E-07  5.185044E-02  3.167970E-06  2.138690E-07  1.806002E-07  4.630110E-04  6.293975E-04  2.473692E-06  1.756697E-06  2.267119E-06  1.029435E-06
 3.281500E+02  2.723483E-01  1.073297E-04  6.501926E-09  8.667122E-09  9.675589E-09  1.170585E-08  4.469658E-01  5.523427E-04  1.713158E-06  2.232765E-01  5.706105E-04  3.545808E-06  2.915038E-07  3.873553E-03  3.661953E-07  1.395524E-06  1.400736E-07  5.121056E-02  3.043298E-06  2.077547E-07  1.753313E-07  4.564730E-04  6.205095E-04  2.351040E-06  1.666868E-06  2.151842E-06  9.856676E-07
 3.291500E+02  2.726942E-01  1.063536E-04  6.323981E-09  8.431879E-09  9.413451E-09  1.139122E-08  4.470128E-01  5.436351E-04  1.623066E-06  2.236062E-01  5.632172E-04  3.375046E-06  2.850424E-07  3.812829E-03  3.498817E-07  1.336391E-06  1.352918E-07  5.058171E-02  2.924189E-06  2.018490E-07  1.702452E-07  4.500646E-04  6.117981E-04  2.235132E-06  1.582151E-06  2.043093E-06  9.440105E-07
 3.301500E+02  2.730339E-01  1.053911E-04  6.151920E-09  8.204363E-09  9.159910E-09  1.108683E-08  4.470587E-01  5.351247E-04  1.538259E-06  2.239303E-01  5.559517E-04  3.213370E-06  2.787558E-07  3.753432E-03  3.343939E-07  1.280126E-06  1.307021E-07  4.996367E-02  2.810370E-06  1.961439E-07  1.653348E-07  4.437828E-04  6.032591E-04  2.125566E-06  1.502227E-06  1.940467E-06  9.043507E-07
 3.311500E+02  2.733677E-01  1.044422E-04  5.985523E-09  7.984284E-09  8.914645E-09  1.079232E-08  4.471036E-01  5.268060E-04  1.458398E-06  2.242488E-01  5.488114E-04  3.060253E-06  2.726385E-07  3.695327E-03  3.196856E-07  1.226574E-06  1.262958E-07  4.935622E-02  2.701581E-06  1.906316E-07  1.605933E-07  4.376246E-04  5.948884E-04  2.021964E-06  1.426800E-06  1.843587E-06  8.665826E-07
 3.321500E+02  2.736957E-01  1.035066E-04  5.824579E-09  7.771367E-09  8.677350E-09  1.050731E-08  4.471476E-01  5.186735E-04  1.383167E-06  2.245619E-01  5.417940E-04  2.915205E-06  2.666855E-07  3.638481E-03  3.057133E-07  1.175589E-06  1.220645E-07  4.875917E-02  2.597579E-06  1.853048E-07  1.560140E-07  4.315871E-04  5.866819E-04  1.923971E-06  1.355593E-06  1.752101E-06  8.306062E-07
 3.331500E+02  2.740179E-01  1.025840E-04  5.668883E-09  7.565346E-09  8.447729E-09  1.023147E-08  4.471906E-01  5.107222E-04  1.312271E-06  2.248695E-01  5.348971E-04  2.777763E-06  2.608919E-07  3.582859E-03  2.924361E-07  1.127034E-06  1.180005E-07  4.817231E-02  2.498129E-06  1.801565E-07  1.515908E-07  4.256674E-04  5.786360E-04  1.831256E-06  1.288348E-06  1.665680E-06  7.963276E-07
 3.341500E+02  2.743346E-01  1.016744E-04  5.518240E-09  7.365968E-09  8.225500E-09  9.964443E-09  4.472326E-01  5.029470E-04  1.245437E-06  2.251719E-01  5.281186E-04  2.647496E-06  2.552528E-07  3.528431E-03  2.798156E-07  1.080781E-06  1.140962E-07  4.759545E-02  2.403013E-06  1.751798E-07  1.473175E-07  4.198628E-04  5.707467E-04  1.743509E-06  1.224824E-06  1.584018E-06  7.636580E-07
 3.351500E+02  2.746457E-01  1.007774E-04  5.372465E-09  7.172987E-09  8.010392E-09  9.705920E-09  4.472738E-01  4.953431E-04  1.182408E-06  2.254691E-01  5.214561E-04  2.523995E-06  2.497636E-07  3.475166E-03  2.678159E-07  1.036707E-06  1.103446E-07  4.702840E-02  2.312022E-06  1.703683E-07  1.431885E-07  4.141706E-04  5.630105E-04  1.660440E-06  1.164795E-06  1.506826E-06  7.325138E-07
 3.361500E+02  2.749514E-01  9.989297E-05  5.231378E-09  6.986171E-09  7.802144E-09  9.455589E-09  4.473141E-01  4.879058E-04  1.122947E-06  2.257612E-01  5.149074E-04  2.406879E-06  2.444198E-07  3.423032E-03  2.564029E-07  9.946974E-07  1.067389E-07  4.647095E-02  2.224957E-06  1.657158E-07  1.391982E-07  4.085882E-04  5.554237E-04  1.581776E-06  1.108050E-06  1.433838E-06  7.028162E-07
 3.371500E+02  2.752519E-01  9.902086E-05  5.094806E-09  6.805293E-09  7.600507E-09  9.213154E-09  4.473536E-01  4.806305E-04  1.066833E-06  2.260484E-01  5.084705E-04  2.295789E-06  2.392171E-07  3.372002E-03  2.455448E-07  9.546451E-07  1.032726E-07  4.592294E-02  2.141632E-06  1.612164E-07  1.353414E-07  4.031131E-04  5.479828E-04  1.507262E-06  1.054393E-06  1.364801E-06  6.744906E-07
 3.381500E+02  2.755472E-01  9.816089E-05  4.962586E-09  6.630139E-09  7.405241E-09  8.978330E-09  4.473922E-01  4.735130E-04  1.013858E-06  2.263307E-01  5.021431E-04  2.190387E-06  2.341513E-07  3.322047E-03  2.352116E-07  9.164478E-07  9.993978E-08  4.538418E-02  2.061869E-06  1.568642E-07  1.316130E-07  3.977427E-04  5.406846E-04  1.436659E-06  1.003639E-06  1.299482E-06  6.474667E-07
 3.391500E+02  2.758374E-01  9.731287E-05  4.834557E-09  6.460501E-09  7.216115E-09  8.750844E-09  4.474300E-01  4.665488E-04  9.638296E-07  2.266082E-01  4.959231E-04  2.090357E-06  2.292182E-07  3.273140E-03  2.253752E-07  8.800096E-07  9.673445E-08  4.485448E-02  1.985499E-06  1.526539E-07  1.280082E-07  3.924747E-04  5.335257E-04  1.369743E-06  9.556168E-07  1.237661E-06  6.216783E-07
 3.401500E+02  2.761226E-01  9.647662E-05  4.710569E-09  6.296182E-09  7.032910E-09  8.530434E-09  4.474671E-01  4.597340E-04  9.165675E-07  2.268811E-01  4.898087E-04  1.995400E-06  2.244140E-07  3.225253E-03  2.160089E-07  8.452400E-07  9.365114E-08  4.433368E-02  1.912363E-06  1.485801E-07  1.245222E-07  3.873067E-04  5.265029E-04  1.306302E-06  9.101645E-07  1.179131E-06  5.970626E-07
 3.411500E+02  2.764030E-01  9.565195E-05  4.590476E-09  6.136989E-09  6.855412E-09  8.316847E-09  4.475033E-01  4.530646E-04  8.719036E-07  2.271494E-01  4.837976E-04  1.905237E-06  2.197349E-07  3.178361E-03  2.070877E-07  8.120535E-07  9.068458E-08  4.382159E-02  1.842308E-06  1.446379E-07  1.211507E-07  3.822364E-04  5.196130E-04  1.246141E-06  8.671313E-07  1.123702E-06  5.735604E-07
 3.421500E+02  2.766786E-01  9.483870E-05  4.474137E-09  5.982739E-09  6.683419E-09  8.109841E-09  4.475388E-01  4.465366E-04  8.296809E-07  2.274131E-01  4.778880E-04  1.819603E-06  2.151770E-07  3.132439E-03  1.985881E-07  7.803696E-07  8.782973E-08  4.331807E-02  1.775191E-06  1.408224E-07  1.178894E-07  3.772616E-04  5.128531E-04  1.189072E-06  8.263759E-07  1.071192E-06  5.511157E-07
 3.431500E+02  2.769495E-01  9.403669E-05  4.361418E-09  5.833257E-09  6.516734E-09  7.909184E-09  4.475736E-01  4.401464E-04  7.897525E-07  2.276724E-01  4.720779E-04  1.738251E-06  2.107370E-07  3.087462E-03  1.904879E-07  7.501120E-07  8.508183E-08  4.282293E-02  1.710874E-06  1.371289E-07  1.147341E-07  3.723801E-04  5.062202E-04  1.134923E-06  7.877661E-07  1.021433E-06  5.296757E-07
 3.441500E+02  2.772158E-01  9.324574E-05  4.252190E-09  5.688374E-09  6.355169E-09  7.714651E-09  4.476077E-01  4.338903E-04  7.519812E-07  2.279275E-01  4.663655E-04  1.660946E-06  2.064112E-07  3.043407E-03  1.827662E-07  7.212090E-07  8.243633E-08  4.233602E-02  1.649230E-06  1.335531E-07  1.116810E-07  3.675898E-04  4.997113E-04  1.083529E-06  7.511776E-07  9.742660E-07  5.091904E-07
 3.451500E+02  2.774776E-01  9.246568E-05  4.146329E-09  5.547927E-09  6.198543E-09  7.526029E-09  4.476411E-01  4.277648E-04  7.162388E-07  2.281782E-01  4.607488E-04  1.587471E-06  2.021964E-07  3.000251E-03  1.754033E-07  6.935926E-07  7.988887E-08  4.185717E-02  1.590133E-06  1.300906E-07  1.087263E-07  3.628887E-04  4.933237E-04  1.034738E-06  7.164944E-07  9.295429E-07  4.896126E-07
 3.461500E+02  2.777350E-01  9.169635E-05  4.043715E-09  5.411760E-09  6.046684E-09  7.343110E-09  4.476738E-01  4.217665E-04  6.824053E-07  2.284248E-01  4.552261E-04  1.517616E-06  1.980893E-07  2.957971E-03  1.683806E-07  6.671986E-07  7.743534E-08  4.138624E-02  1.533467E-06  1.267373E-07  1.058664E-07  3.582747E-04  4.870546E-04  9.884037E-07  6.836073E-07  8.871244E-07  4.708974E-07
 3.471500E+02  2.779881E-01  9.093757E-05  3.944234E-09  5.279723E-09  5.899424E-09  7.165697E-09  4.477058E-01  4.158921E-04  6.503684E-07  2.286674E-01  4.497955E-04  1.451188E-06  1.940868E-07  2.916546E-03  1.616806E-07  6.419665E-07  7.507178E-08  4.092308E-02  1.479121E-06  1.234893E-07  1.030977E-07  3.537458E-04  4.809013E-04  9.443916E-07  6.524141E-07  8.468799E-07  4.530026E-07
 3.481500E+02  2.782370E-01  9.018919E-05  3.847776E-09  5.151671E-09  5.756603E-09  6.993598E-09  4.477372E-01  4.101385E-04  6.200230E-07  2.289059E-01  4.444553E-04  1.388003E-06  1.901858E-07  2.875954E-03  1.552867E-07  6.178388E-07  7.279445E-08  4.046752E-02  1.426989E-06  1.203429E-07  1.004171E-07  3.493002E-04  4.748613E-04  9.025739E-07  6.228189E-07  8.086868E-07  4.358881E-07
 3.491500E+02  2.784817E-01  8.945105E-05  3.754236E-09  5.027468E-09  5.618068E-09  6.826630E-09  4.477680E-01  4.045025E-04  5.912706E-07  2.291405E-01  4.392038E-04  1.327888E-06  1.863834E-07  2.836176E-03  1.491833E-07  5.947614E-07  7.059975E-08  4.001944E-02  1.376971E-06  1.172943E-07  9.782118E-08  3.449360E-04  4.689320E-04  8.628305E-07  5.947316E-07  7.724300E-07  4.195160E-07
 3.501500E+02  2.787223E-01  8.872298E-05  3.663511E-09  4.906978E-09  5.483668E-09  6.664617E-09  4.477982E-01  3.989811E-04  5.640190E-07  2.293712E-01  4.340393E-04  1.270680E-06  1.826767E-07  2.797191E-03  1.433556E-07  5.726830E-07  6.848427E-08  3.957867E-02  1.328972E-06  1.143402E-07  9.530700E-08  3.406515E-04  4.631110E-04  8.250486E-07  5.680676E-07  7.380015E-07  4.038504E-07
 3.511500E+02  2.789590E-01  8.800483E-05  3.575505E-09  4.790074E-09  5.353263E-09  6.507389E-09  4.478278E-01  3.935715E-04  5.381819E-07  2.295982E-01  4.289601E-04  1.216225E-06  1.790630E-07  2.758979E-03  1.377899E-07  5.515549E-07  6.644474E-08  3.914509E-02  1.282900E-06  1.114771E-07  9.287159E-08  3.364447E-04  4.573958E-04  7.891218E-07  5.427477E-07  7.052996E-07  3.888574E-07
 3.521500E+02  2.791917E-01  8.729644E-05  3.490122E-09  4.676633E-09  5.226716E-09  6.354782E-09  4.478568E-01  3.882707E-04  5.136783E-07  2.298215E-01  4.239646E-04  1.164378E-06  1.755395E-07  2.721523E-03  1.324728E-07  5.313314E-07  6.447806E-08  3.871855E-02  1.238670E-06  1.087018E-07  9.051214E-08  3.323140E-04  4.517841E-04  7.549502E-07  5.186971E-07  6.742291E-07  3.745047E-07
 3.531500E+02  2.794206E-01  8.659767E-05  3.407273E-09  4.566537E-09  5.103894E-09  6.206640E-09  4.478852E-01  3.830761E-04  4.904322E-07  2.300411E-01  4.190513E-04  1.115002E-06  1.721038E-07  2.684803E-03  1.273920E-07  5.119688E-07  6.258125E-08  3.829893E-02  1.196199E-06  1.060113E-07  8.822591E-08  3.282578E-04  4.462735E-04  7.224395E-07  4.958458E-07  6.447001E-07  3.607618E-07
 3.541500E+02  2.796458E-01  8.590836E-05  3.326871E-09  4.459671E-09  4.984670E-09  6.062812E-09  4.479131E-01  3.779849E-04  4.683724E-07  2.302572E-01  4.142185E-04  1.067970E-06  1.687533E-07  2.648803E-03  1.225358E-07  4.934260E-07  6.075148E-08  3.788609E-02  1.155409E-06  1.034026E-07  8.601032E-08  3.242743E-04  4.408620E-04  6.915011E-07  4.741279E-07  6.166285E-07  3.475998E-07
 3.551500E+02  2.798672E-01  8.522836E-05  3.248833E-09  4.355926E-09  4.868924E-09  5.923152E-09  4.479404E-01  3.729946E-04  4.474320E-07  2.304697E-01  4.094647E-04  1.023158E-06  1.654855E-07  2.613504E-03  1.178930E-07  4.756639E-07  5.898604E-08  3.747989E-02  1.116227E-06  1.008728E-07  8.386285E-08  3.203621E-04  4.355473E-04  6.620512E-07  4.534814E-07  5.899348E-07  3.349912E-07
 3.561500E+02  2.800851E-01  8.455754E-05  3.173078E-09  4.255196E-09  4.756537E-09  5.787521E-09  4.479672E-01  3.681028E-04  4.275483E-07  2.306789E-01  4.047885E-04  9.804514E-07  1.622981E-07  2.578890E-03  1.134532E-07  4.586456E-07  5.728235E-08  3.708022E-02  1.078580E-06  9.841914E-08  8.178110E-08  3.165195E-04  4.303273E-04  6.340113E-07  4.338481E-07  5.645444E-07  3.229101E-07
 3.571500E+02  2.802993E-01  8.389574E-05  3.099528E-09  4.157380E-09  4.647396E-09  5.655784E-09  4.479935E-01  3.633069E-04  4.086624E-07  2.308847E-01  4.001883E-04  9.397426E-07  1.591889E-07  2.544945E-03  1.092063E-07  4.423361E-07  5.563792E-08  3.668695E-02  1.042403E-06  9.603904E-08  7.976276E-08  3.127450E-04  4.251999E-04  6.073070E-07  4.151731E-07  5.403872E-07  3.113317E-07
 3.581500E+02  2.805102E-01  8.324283E-05  3.028110E-09  4.062381E-09  4.541394E-09  5.527810E-09  4.480193E-01  3.586046E-04  3.907189E-07  2.310872E-01  3.956627E-04  9.009288E-07  1.561555E-07  2.511652E-03  1.051431E-07  4.267021E-07  5.405041E-08  3.629996E-02  1.007631E-06  9.372994E-08  7.780562E-08  3.090372E-04  4.201631E-04  5.818683E-07  3.974049E-07  5.173970E-07  3.002328E-07
 3.591500E+02  2.807176E-01  8.259867E-05  2.958752E-09  3.970104E-09  4.438424E-09  5.403476E-09  4.480446E-01  3.539937E-04  3.736659E-07  2.312864E-01  3.912104E-04  8.639133E-07  1.531960E-07  2.478997E-03  1.012546E-07  4.117121E-07  5.251756E-08  3.591913E-02  9.742024E-07  9.148940E-08  7.590753E-08  3.053946E-04  4.152149E-04  5.576292E-07  3.804948E-07  4.955115E-07  2.895911E-07
 3.601500E+02  2.809217E-01  8.196312E-05  2.891385E-09  3.880458E-09  4.338388E-09  5.282661E-09  4.480694E-01  3.494718E-04  3.574545E-07  2.314825E-01  3.868299E-04  8.286045E-07  1.503081E-07  2.446965E-03  9.753235E-08  3.973363E-07  5.103721E-08  3.554434E-02  9.420599E-07  8.931507E-08  7.406645E-08  3.018158E-04  4.103535E-04  5.345274E-07  3.643970E-07  4.746722E-07  2.793854E-07
 3.611500E+02  2.811224E-01  8.133605E-05  2.825942E-09  3.793357E-09  4.241186E-09  5.165250E-09  4.480938E-01  3.450368E-04  3.420387E-07  2.316755E-01  3.825199E-04  7.949161E-07  1.474899E-07  2.415540E-03  9.396845E-08  3.835462E-07  4.960729E-08  3.517548E-02  9.111478E-07  8.720470E-08  7.228041E-08  2.982995E-04  4.055770E-04  5.125040E-07  3.490685E-07  4.548237E-07  2.695959E-07
 3.621500E+02  2.813200E-01  8.071733E-05  2.762361E-09  3.708717E-09  4.146727E-09  5.051131E-09  4.481177E-01  3.406867E-04  3.273753E-07  2.318654E-01  3.782790E-04  7.627664E-07  1.447395E-07  2.384709E-03  9.055533E-08  3.703150E-07  4.822585E-08  3.481244E-02  8.814135E-07  8.515612E-08  7.054751E-08  2.948442E-04  4.008835E-04  4.915037E-07  3.344687E-07  4.359140E-07  2.602034E-07
 3.631500E+02  2.815144E-01  8.010682E-05  2.700578E-09  3.626457E-09  4.054920E-09  4.940196E-09  4.481411E-01  3.364194E-04  3.134237E-07  2.320523E-01  3.741060E-04  7.320782E-07  1.420549E-07  2.354457E-03  8.728581E-08  3.576170E-07  4.689099E-08  3.445511E-02  8.528066E-07  8.316724E-08  6.886592E-08  2.914488E-04  3.962713E-04  4.714741E-07  3.205593E-07  4.178939E-07  2.511900E-07
 3.641500E+02  2.817058E-01  7.950440E-05  2.640536E-09  3.546498E-09  3.965679E-09  4.832342E-09  4.481642E-01  3.322329E-04  3.001456E-07  2.322363E-01  3.699995E-04  7.027785E-07  1.394344E-07  2.324772E-03  8.415313E-08  3.454282E-07  4.560091E-08  3.410338E-02  8.252793E-07  8.123605E-08  6.723390E-08  2.881118E-04  3.917386E-04  4.523656E-07  3.073042E-07  4.007173E-07  2.425385E-07
 3.651500E+02  2.818941E-01  7.890995E-05  2.582177E-09  3.468767E-09  3.878920E-09  4.727470E-09  4.481867E-01  3.281253E-04  2.875050E-07  2.324174E-01  3.659584E-04  6.747983E-07  1.368761E-07  2.295640E-03  8.115084E-08  3.337254E-07  4.435388E-08  3.375714E-02  7.987858E-07  7.936061E-08  6.564976E-08  2.848322E-04  3.872838E-04  4.341315E-07  2.946693E-07  3.843404E-07  2.342326E-07
 3.661500E+02  2.820794E-01  7.832333E-05  2.525446E-09  3.393191E-09  3.794562E-09  4.625483E-09  4.482089E-01  3.240947E-04  2.754681E-07  2.325957E-01  3.619813E-04  6.480721E-07  1.343783E-07  2.267049E-03  7.827286E-08  3.224868E-07  4.314825E-08  3.341630E-02  7.732826E-07  7.753906E-08  6.411187E-08  2.816087E-04  3.829052E-04  4.167277E-07  2.826227E-07  3.687219E-07  2.262568E-07
 3.671500E+02  2.822618E-01  7.774443E-05  2.470290E-09  3.319699E-09  3.712529E-09  4.526289E-09  4.482307E-01  3.201393E-04  2.640028E-07  2.327712E-01  3.580672E-04  6.225381E-07  1.319394E-07  2.238986E-03  7.551339E-08  3.116914E-07  4.198245E-08  3.308074E-02  7.487282E-07  7.576961E-08  6.261868E-08  2.784400E-04  3.786012E-04  4.001125E-07  2.711338E-07  3.538231E-07  2.185964E-07
 3.681500E+02  2.824413E-01  7.717312E-05  2.416659E-09  3.248226E-09  3.632745E-09  4.429799E-09  4.482521E-01  3.162574E-04  2.530790E-07  2.329440E-01  3.542148E-04  5.981378E-07  1.295577E-07  2.211438E-03  7.286695E-08  3.013197E-07  4.085496E-08  3.275039E-02  7.250829E-07  7.405053E-08  6.116868E-08  2.753251E-04  3.743702E-04  3.842463E-07  2.601743E-07  3.396072E-07  2.112374E-07
 3.691500E+02  2.826181E-01  7.660930E-05  2.364503E-09  3.178706E-09  3.555139E-09  4.335926E-09  4.482730E-01  3.124471E-04  2.426684E-07  2.331141E-01  3.504229E-04  5.748158E-07  1.272318E-07  2.184395E-03  7.032834E-08  2.913528E-07  3.976433E-08  3.242513E-02  7.023089E-07  7.238017E-08  5.976043E-08  2.722628E-04  3.702108E-04  3.690919E-07  2.497170E-07  3.260395E-07  2.041664E-07
 3.701500E+02  2.827921E-01  7.605283E-05  2.313775E-09  3.111078E-09  3.479641E-09  4.244587E-09  4.482937E-01  3.087070E-04  2.327443E-07  2.332815E-01  3.466905E-04  5.525195E-07  1.249600E-07  2.157846E-03  6.789261E-08  2.817729E-07  3.870917E-08  3.210487E-02  6.803700E-07  7.075691E-08  5.839254E-08  2.692520E-04  3.661214E-04  3.546140E-07  2.397365E-07  3.130872E-07  1.973709E-07
 3.711500E+02  2.829633E-01  7.550362E-05  2.264429E-09  3.045280E-09  3.406184E-09  4.155703E-09  4.483139E-01  3.050352E-04  2.232814E-07  2.334464E-01  3.430164E-04  5.311993E-07  1.227409E-07  2.131777E-03  6.555507E-08  2.725628E-07  3.768816E-08  3.178952E-02  6.592320E-07  6.917922E-08  5.706365E-08  2.662917E-04  3.621005E-04  3.407792E-07  2.302088E-07  3.007195E-07  1.908386E-07
 3.721500E+02  2.831320E-01  7.496154E-05  2.216421E-09  2.981255E-09  3.334704E-09  4.069196E-09  4.483338E-01  3.014303E-04  2.142559E-07  2.336088E-01  3.393996E-04  5.108081E-07  1.205730E-07  2.106180E-03  6.331126E-08  2.637066E-07  3.670001E-08  3.147899E-02  6.388618E-07  6.764561E-08  5.577250E-08  2.633808E-04  3.581468E-04  3.275559E-07  2.211109E-07  2.889070E-07  1.845582E-07
 3.731500E+02  2.832980E-01  7.442649E-05  2.169709E-09  2.918948E-09  3.265138E-09  3.984992E-09  4.483533E-01  2.978907E-04  2.056454E-07  2.337687E-01  3.358390E-04  4.913012E-07  1.184551E-07  2.081044E-03  6.115696E-08  2.551887E-07  3.574352E-08  3.117319E-02  6.192281E-07  6.615466E-08  5.451783E-08  2.605183E-04  3.542588E-04  3.149142E-07  2.124215E-07  2.776221E-07  1.785188E-07
