#         T/K            c1          c2-1          c3-4          c3-5          c3-7          c3-9            m1          m2-1          m3-1            w1            w2          w3-1          w3-2          c1m1        c1m2-1        c1m2-7        c2m1-1        c1w1-2        c1w2-1        c2w1-1        c2w1-9        m1w1-1        m1w1-4        m1w2-1        m2w1-1        m2w1-3      c1m1w1-1
 2.731500E+02  3.744675E-01  4.441510E-04  1.394775E-07  1.830676E-07  2.036773E-07  2.428598E-07  5.371422E-01  2.322579E-03  1.083955E-04  3.467415E-02  3.948888E-05  4.574129E-07  6.417991E-09  2.014310E-02  1.655590E-05  5.432517E-05  3.852880E-06  2.997345E-02  1.876153E-06  5.455489E-07  4.790496E-07  2.408366E-04  3.278435E-04  2.335550E-06  1.310013E-05  1.659149E-05  5.348224E-06
 2.741500E+02  3.749442E-01  4.372129E-04  1.333951E-07  1.751436E-07  1.948757E-07  2.324383E-07  5.374547E-01  2.269373E-03  1.002104E-04  3.490622E-02  3.907554E-05  4.313840E-07  6.287996E-09  1.965937E-02  1.547038E-05  5.092763E-05  3.651914E-06  2.952135E-02  1.782842E-06  5.237224E-07  4.594870E-07  2.369302E-04  3.225054E-04  2.189212E-06  1.219721E-05  1.545408E-05  5.036856E-06
 2.751500E+02  3.754095E-01  4.304283E-04  1.276197E-07  1.676170E-07  1.865149E-07  2.225356E-07  5.377570E-01  2.217758E-03  9.269683E-05  3.513448E-02  3.866228E-05  4.068957E-07  6.159920E-09  1.919060E-02  1.446329E-05  4.776547E-05  3.462809E-06  2.907657E-02  1.694496E-06  5.028766E-07  4.408202E-07  2.330930E-04  3.172627E-04  2.052630E-06  1.136141E-05  1.440080E-05  4.745275E-06
 2.761500E+02  3.758636E-01  4.237933E-04  1.221340E-07  1.604655E-07  1.785703E-07  2.131229E-07  5.380496E-01  2.167678E-03  8.579577E-05  3.535896E-02  3.824939E-05  3.838554E-07  6.033795E-09  1.873623E-02  1.352848E-05  4.482095E-05  3.284795E-06  2.863906E-02  1.610840E-06  4.829640E-07  4.230049E-07  2.293240E-04  3.121143E-04  1.925122E-06  1.058741E-05  1.342504E-05  4.472132E-06
 2.771500E+02  3.763070E-01  4.173041E-04  1.169218E-07  1.536684E-07  1.710187E-07  2.041732E-07  5.383328E-01  2.119080E-03  7.945356E-05  3.557970E-02  3.783714E-05  3.621758E-07  5.909650E-09  1.829576E-02  1.266034E-05  4.207776E-05  3.117154E-06  2.820875E-02  1.531615E-06  4.639394E-07  4.059991E-07  2.256226E-04  3.070589E-04  1.806055E-06  9.870352E-06  1.252070E-05  4.216175E-06
 2.781500E+02  3.767398E-01  4.109569E-04  1.119679E-07  1.472059E-07  1.638384E-07  1.956608E-07  5.386070E-01  2.071913E-03  7.362157E-05  3.579674E-02  3.742579E-05  3.417750E-07  5.787506E-09  1.786869E-02  1.185370E-05  3.952092E-05  2.959218E-06  2.778556E-02  1.456575E-06  4.457597E-07  3.897629E-07  2.219878E-04  3.020954E-04  1.694843E-06  9.205762E-06  1.168221E-05  3.976245E-06
 2.791500E+02  3.771625E-01  4.047481E-04  1.072579E-07  1.410596E-07  1.570090E-07  1.875619E-07  5.388726E-01  2.026128E-03  6.825569E-05  3.601012E-02  3.701557E-05  3.225757E-07  5.667383E-09  1.745455E-02  1.110384E-05  3.713663E-05  2.810367E-06  2.736942E-02  1.385487E-06  4.283844E-07  3.742586E-07  2.184187E-04  2.972223E-04  1.590941E-06  8.589548E-06  1.090445E-05  3.751262E-06
 2.801500E+02  3.775752E-01  3.986742E-04  1.027784E-07  1.352122E-07  1.505112E-07  1.798540E-07  5.391300E-01  1.981677E-03  6.331585E-05  3.621990E-02  3.660673E-05  3.045056E-07  5.549294E-09  1.705287E-02  1.040641E-05  3.491221E-05  2.670023E-06  2.696026E-02  1.318135E-06  4.117748E-07  3.594504E-07  2.149144E-04  2.924386E-04  1.493843E-06  8.017949E-06  1.018273E-05  3.540225E-06
 2.811500E+02  3.779782E-01  3.927318E-04  9.851682E-08  1.296475E-07  1.443270E-07  1.725159E-07  5.393793E-01  1.938514E-03  5.876567E-05  3.642610E-02  3.619948E-05  2.874966E-07  5.433250E-09  1.666322E-02  9.757427E-06  3.283595E-05  2.537650E-06  2.655800E-02  1.254312E-06  3.958942E-07  3.453042E-07  2.114741E-04  2.877428E-04  1.403081E-06  7.487517E-06  9.512730E-06  3.342205E-06
 2.821500E+02  3.783718E-01  3.869176E-04  9.446119E-08  1.243500E-07  1.384394E-07  1.655277E-07  5.396210E-01  1.896595E-03  5.457207E-05  3.662878E-02  3.579402E-05  2.714848E-07  5.319258E-09  1.628517E-02  9.153234E-06  3.089709E-05  2.412745E-06  2.616255E-02  1.193824E-06  3.807079E-07  3.317879E-07  2.080968E-04  2.831338E-04  1.318219E-06  6.995085E-06  8.890496E-06  3.156337E-06
 2.831500E+02  3.787563E-01  3.812283E-04  9.060039E-08  1.193054E-07  1.328324E-07  1.588706E-07  5.398554E-01  1.855878E-03  5.070496E-05  3.682798E-02  3.539054E-05  2.564100E-07  5.207321E-09  1.591832E-02  8.590468E-06  2.908571E-05  2.294843E-06  2.577384E-02  1.136488E-06  3.661826E-07  3.188710E-07  2.047815E-04  2.786100E-04  1.238853E-06  6.537742E-06  8.312383E-06  2.981818E-06
 2.841500E+02  3.791318E-01  3.756607E-04  8.692391E-08  1.145001E-07  1.274911E-07  1.525271E-07  5.400826E-01  1.816323E-03  4.713696E-05  3.702374E-02  3.498923E-05  2.422159E-07  5.097437E-09  1.556228E-02  8.066039E-06  2.739264E-05  2.183509E-06  2.539178E-02  1.082130E-06  3.522872E-07  3.065244E-07  2.015274E-04  2.741704E-04  1.164607E-06  6.112816E-06  7.775046E-06  2.817902E-06
 2.851500E+02  3.794987E-01  3.702117E-04  8.342187E-08  1.099214E-07  1.224013E-07  1.464805E-07  5.403030E-01  1.777889E-03  4.384315E-05  3.721612E-02  3.459025E-05  2.288494E-07  4.989605E-09  1.521668E-02  7.577103E-06  2.580945E-05  2.078337E-06  2.501628E-02  1.030587E-06  3.389917E-07  2.947208E-07  1.983334E-04  2.698134E-04  1.095133E-06  5.717847E-06  7.275406E-06  2.663893E-06
 2.861500E+02  3.798571E-01  3.648785E-04  8.008497E-08  1.055572E-07  1.175496E-07  1.407152E-07  5.405168E-01  1.740540E-03  4.080081E-05  3.740515E-02  3.419377E-05  2.162608E-07  4.883818E-09  1.488114E-02  7.121043E-06  2.432834E-05  1.978949E-06  2.464725E-02  9.817056E-07  3.262679E-07  2.834340E-07  1.951987E-04  2.655378E-04  1.030107E-06  5.350576E-06  6.810632E-06  2.519146E-06
 2.871500E+02  3.802073E-01  3.596581E-04  7.690445E-08  1.013963E-07  1.129236E-07  1.352164E-07  5.407243E-01  1.704239E-03  3.798923E-05  3.759089E-02  3.379993E-05  2.044031E-07  4.780067E-09  1.455533E-02  6.695450E-06  2.294211E-05  1.884992E-06  2.428462E-02  9.353407E-07  3.140889E-07  2.726392E-07  1.921223E-04  2.613423E-04  9.692270E-07  5.008922E-06  6.378118E-06  2.383059E-06
 2.881500E+02  3.805495E-01  3.545476E-04  7.387207E-08  9.742793E-08  1.085114E-07  1.299703E-07  5.409256E-01  1.668951E-03  3.538954E-05  3.777339E-02  3.340886E-05  1.932327E-07  4.678342E-09  1.423892E-02  6.298106E-06  2.164410E-05  1.796136E-06  2.392828E-02  8.913550E-07  3.024291E-07  2.623131E-07  1.891032E-04  2.572254E-04  9.122143E-07  4.690971E-06  5.975463E-06  2.255073E-06
 2.891500E+02  3.808839E-01  3.495443E-04  7.098005E-08  9.364214E-08  1.043018E-07  1.249638E-07  5.411211E-01  1.634642E-03  3.298450E-05  3.795269E-02  3.302070E-05  1.827081E-07  4.578629E-09  1.393158E-02  5.926965E-06  2.042817E-05  1.712075E-06  2.357816E-02  8.496192E-07  2.912644E-07  2.524333E-07  1.861405E-04  2.531860E-04  8.588087E-07  4.394961E-06  5.600458E-06  2.134666E-06
 2.901500E+02  3.812107E-01  3.446456E-04  6.822108E-08  9.002942E-08  1.002845E-07  1.201845E-07  5.413109E-01  1.601281E-03  3.075837E-05  3.812883E-02  3.263556E-05  1.727907E-07  4.480914E-09  1.363300E-02  5.580141E-06  1.928864E-05  1.632519E-06  2.323415E-02  8.100114E-07  2.805715E-07  2.429786E-07  1.832332E-04  2.492226E-04  8.087685E-07  4.119268E-06  5.251065E-06  2.021353E-06
 2.911500E+02  3.815302E-01  3.398488E-04  6.558825E-08  8.658086E-08  9.644944E-08  1.156209E-07  5.414952E-01  1.568835E-03  2.869679E-05  3.830188E-02  3.225355E-05  1.634441E-07  4.385178E-09  1.334290E-02  5.255896E-06  1.822023E-05  1.557201E-06  2.289617E-02  7.724164E-07  2.703288E-07  2.339291E-07  1.803804E-04  2.453340E-04  7.618689E-07  3.862397E-06  4.925408E-06  1.914683E-06
 2.921500E+02  3.818424E-01  3.351514E-04  6.307507E-08  8.328803E-08  9.278732E-08  1.112618E-07  5.416743E-01  1.537275E-03  2.678660E-05  3.847187E-02  3.187477E-05  1.546341E-07  4.291403E-09  1.306098E-02  4.952623E-06  1.721810E-05  1.485870E-06  2.256413E-02  7.367256E-07  2.605152E-07  2.252656E-07  1.775812E-04  2.415188E-04  7.179008E-07  3.622967E-06  4.621755E-06  1.814233E-06
 2.931500E+02  3.821476E-01  3.305509E-04  6.067538E-08  8.014299E-08  8.928934E-08  1.070969E-07  5.418482E-01  1.506572E-03  2.501580E-05  3.863885E-02  3.149931E-05  1.463287E-07  4.199569E-09  1.278696E-02  4.668841E-06  1.627772E-05  1.418290E-06  2.223794E-02  7.028363E-07  2.511111E-07  2.169700E-07  1.748346E-04  2.377757E-04  6.766697E-07  3.399708E-06  4.338510E-06  1.719610E-06
 2.941500E+02  3.824460E-01  3.260450E-04  5.838341E-08  7.713824E-08  8.594718E-08  1.031165E-07  5.420173E-01  1.476698E-03  2.337338E-05  3.880287E-02  3.112726E-05  1.384978E-07  4.109654E-09  1.252060E-02  4.403180E-06  1.539492E-05  1.354242E-06  2.191750E-02  6.706519E-07  2.420976E-07  2.090251E-07  1.721396E-04  2.341034E-04  6.379949E-07  3.191446E-06  4.074198E-06  1.630448E-06
 2.951500E+02  3.827378E-01  3.216312E-04  5.619369E-08  7.426670E-08  8.275299E-08  9.931132E-08  5.421815E-01  1.447626E-03  2.184928E-05  3.896398E-02  3.075869E-05  1.311131E-07  4.021636E-09  1.226162E-02  4.154375E-06  1.456582E-05  1.293521E-06  2.160272E-02  6.400808E-07  2.334569E-07  2.014146E-07  1.694954E-04  2.305007E-04  6.017077E-07  2.997099E-06  3.827459E-06  1.546406E-06
 2.961500E+02  3.830230E-01  3.173075E-04  5.410106E-08  7.152170E-08  7.969935E-08  9.567259E-08  5.423412E-01  1.419330E-03  2.043428E-05  3.912223E-02  3.039366E-05  1.241481E-07  3.935489E-09  1.200980E-02  3.921256E-06  1.378685E-05  1.235932E-06  2.129352E-02  6.110369E-07  2.251719E-07  1.941230E-07  1.669011E-04  2.269662E-04  5.676516E-07  2.815667E-06  3.597035E-06  1.467164E-06
 2.971500E+02  3.833020E-01  3.130714E-04  5.210064E-08  6.889691E-08  7.677927E-08  9.219207E-08  5.424965E-01  1.391787E-03  1.911992E-05  3.927766E-02  3.003225E-05  1.175778E-07  3.851189E-09  1.176488E-02  3.702740E-06  1.305467E-05  1.181297E-06  2.098980E-02  5.834386E-07  2.172264E-07  1.871356E-07  1.643557E-04  2.234988E-04  5.356806E-07  2.646227E-06  3.381767E-06  1.392425E-06
 2.981500E+02  3.835748E-01  3.089210E-04  5.018784E-08  6.638637E-08  7.398611E-08  8.886197E-08  5.426475E-01  1.364970E-03  1.789844E-05  3.943032E-02  2.967449E-05  1.113789E-07  3.768710E-09  1.152665E-02  3.497826E-06  1.236619E-05  1.129445E-06  2.069148E-02  5.572092E-07  2.096052E-07  1.804382E-07  1.618583E-04  2.200971E-04  5.056587E-07  2.487926E-06  3.180581E-06  1.321911E-06
 2.991500E+02  3.838416E-01  3.048541E-04  4.835831E-08  6.398445E-08  7.131363E-08  8.567491E-08  5.427943E-01  1.338858E-03  1.676275E-05  3.958026E-02  2.932046E-05  1.055293E-07  3.688024E-09  1.129489E-02  3.305586E-06  1.171853E-05  1.080219E-06  2.039845E-02  5.322759E-07  2.022934E-07  1.740177E-07  1.594081E-04  2.167600E-04  4.774594E-07  2.339975E-06  2.992485E-06  1.255362E-06
 3.001500E+02  3.841026E-01  3.008687E-04  4.660794E-08  6.168581E-08  6.875591E-08  8.262391E-08  5.429372E-01  1.313428E-03  1.570631E-05  3.972753E-02  2.897018E-05  1.000084E-07  3.609106E-09  1.106939E-02  3.125160E-06  1.110905E-05  1.033471E-06  2.011064E-02  5.085703E-07  1.952774E-07  1.678613E-07  1.570041E-04  2.134861E-04  4.509647E-07  2.201646E-06  2.816562E-06  1.192535E-06
 3.011500E+02  3.843579E-01  2.969628E-04  4.493284E-08  5.948540E-08  6.630736E-08  7.970237E-08  5.430762E-01  1.288659E-03  1.472312E-05  3.987216E-02  2.862369E-05  9.479689E-08  3.531926E-09  1.084995E-02  2.955754E-06  1.053525E-05  9.890592E-07  1.982796E-02  4.860274E-07  1.885437E-07  1.619570E-07  1.546455E-04  2.102743E-04  4.260647E-07  2.072265E-06  2.651961E-06  1.133206E-06
 3.021500E+02  3.846077E-01  2.931345E-04  4.332934E-08  5.737848E-08  6.396267E-08  7.690405E-08  5.432115E-01  1.264530E-03  1.380769E-05  4.001421E-02  2.828102E-05  8.987647E-08  3.456457E-09  1.063636E-02  2.796628E-06  9.994849E-06  9.468547E-07  1.955031E-02  4.645863E-07  1.820798E-07  1.562934E-07  1.523314E-04  2.071235E-04  4.026571E-07  1.951207E-06  2.497898E-06  1.077160E-06
 3.031500E+02  3.848520E-01  2.893819E-04  4.179396E-08  5.536050E-08  6.171685E-08  7.422304E-08  5.433431E-01  1.241020E-03  1.295493E-05  4.015372E-02  2.794221E-05  8.523007E-08  3.382669E-09  1.042845E-02  2.647099E-06  9.485690E-06  9.067343E-07  1.927761E-02  4.441890E-07  1.758736E-07  1.508596E-07  1.500610E-04  2.040324E-04  3.806463E-07  1.837896E-06  2.353645E-06  1.024201E-06
 3.041500E+02  3.850911E-01  2.857032E-04  4.032341E-08  5.342722E-08  5.956514E-08  7.165375E-08  5.434713E-01  1.218112E-03  1.216020E-05  4.029074E-02  2.760726E-05  8.084164E-08  3.310533E-09  1.022604E-02  2.506530E-06  9.005788E-06  8.685827E-07  1.900977E-02  4.247809E-07  1.699138E-07  1.456452E-07  1.478335E-04  2.009998E-04  3.599432E-07  1.731796E-06  2.218527E-06  9.741431E-07
 3.051500E+02  3.853250E-01  2.820966E-04  3.891459E-08  5.157458E-08  5.750308E-08  6.919086E-08  5.435960E-01  1.195785E-03  1.141922E-05  4.042530E-02  2.727621E-05  7.669609E-08  3.240020E-09  1.002894E-02  2.374332E-06  8.553289E-06  8.322918E-07  1.874671E-02  4.063105E-07  1.641895E-07  1.406404E-07  1.456479E-04  1.980247E-04  3.404647E-07  1.632412E-06  2.091919E-06  9.268131E-07
 3.061500E+02  3.855540E-01  2.785605E-04  3.756453E-08  4.979875E-08  5.552639E-08  6.682935E-08  5.437175E-01  1.174023E-03  1.072802E-05  4.055746E-02  2.694905E-05  7.277925E-08  3.171101E-09  9.836992E-03  2.249958E-06  8.126465E-06  7.977596E-07  1.848834E-02  3.887289E-07  1.586903E-07  1.358358E-07  1.435035E-04  1.951059E-04  3.221335E-07  1.539285E-06  1.973243E-06  8.820490E-07
 3.071500E+02  3.857780E-01  2.750931E-04  3.627046E-08  4.809611E-08  5.363105E-08  6.456448E-08  5.438359E-01  1.152808E-03  1.008299E-05  4.068726E-02  2.662580E-05  6.907780E-08  3.103745E-09  9.650034E-03  2.132898E-06  7.723709E-06  7.648908E-07  1.823458E-02  3.719902E-07  1.534064E-07  1.312225E-07  1.413996E-04  1.922422E-04  3.048771E-07  1.451990E-06  1.861962E-06  8.396989E-07
 3.081500E+02  3.859973E-01  2.716928E-04  3.502972E-08  4.646321E-08  5.181324E-08  6.239172E-08  5.439511E-01  1.132123E-03  9.480760E-06  4.081474E-02  2.630647E-05  6.557923E-08  3.037923E-09  9.467909E-03  2.022680E-06  7.343522E-06  7.335953E-07  1.798535E-02  3.560507E-07  1.483283E-07  1.267921E-07  1.393352E-04  1.894327E-04  2.886281E-07  1.370132E-06  1.757578E-06  7.996206E-07
 3.091500E+02  3.862120E-01  2.683581E-04  3.383982E-08  4.489680E-08  5.006936E-08  6.030681E-08  5.440634E-01  1.111952E-03  8.918254E-06  4.093994E-02  2.599105E-05  6.227179E-08  2.973605E-09  9.290466E-03  1.918864E-06  6.984507E-06  7.037885E-07  1.774055E-02  3.408693E-07  1.434471E-07  1.225363E-07  1.373096E-04  1.866762E-04  2.733234E-07  1.293344E-06  1.659628E-06  7.616809E-07
 3.101500E+02  3.864221E-01  2.650873E-04  3.269837E-08  4.339379E-08  4.839595E-08  5.830568E-08  5.441728E-01  1.092280E-03  8.392620E-06  4.106290E-02  2.567954E-05  5.914443E-08  2.910762E-09  9.117561E-03  1.821040E-06  6.645362E-06  6.753911E-07  1.750012E-02  3.264069E-07  1.387543E-07  1.184477E-07  1.353221E-04  1.839717E-04  2.589043E-07  1.221288E-06  1.567682E-06  7.257553E-07
 3.111500E+02  3.866278E-01  2.618791E-04  3.160313E-08  4.195124E-08  4.678978E-08  5.638448E-08  5.442795E-01  1.073091E-03  7.901229E-06  4.118367E-02  2.537194E-05  5.618677E-08  2.849364E-09  8.949053E-03  1.728827E-06  6.324870E-06  6.483279E-07  1.726398E-02  3.126269E-07  1.342418E-07  1.145187E-07  1.333719E-04  1.813181E-04  2.453157E-07  1.153647E-06  1.481344E-06  6.917266E-07
 3.121500E+02  3.868292E-01  2.587318E-04  3.055195E-08  4.056638E-08  4.524775E-08  5.453957E-08  5.443834E-01  1.054372E-03  7.441652E-06  4.130229E-02  2.506823E-05  5.338904E-08  2.789381E-09  8.784808E-03  1.641872E-06  6.021896E-06  6.225286E-07  1.703203E-02  2.994944E-07  1.299018E-07  1.107425E-07  1.314582E-04  1.787144E-04  2.325063E-07  1.090129E-06  1.400242E-06  6.594854E-07
 3.131500E+02  3.870264E-01  2.556441E-04  2.954281E-08  3.923657E-08  4.376694E-08  5.276747E-08  5.444847E-01  1.036108E-03  7.011649E-06  4.141879E-02  2.476841E-05  5.074209E-08  2.730785E-09  8.624696E-03  1.559844E-06  5.735381E-06  5.979268E-07  1.680421E-02  2.869764E-07  1.257269E-07  1.071124E-07  1.295804E-04  1.761596E-04  2.204281E-07  1.030462E-06  1.324032E-06  6.289288E-07
 3.141500E+02  3.872196E-01  2.526147E-04  2.857380E-08  3.795931E-08  4.234456E-08  5.106491E-08  5.445835E-01  1.018286E-03  6.609146E-06  4.153322E-02  2.447245E-05  4.823727E-08  2.673546E-09  8.468590E-03  1.482435E-06  5.464336E-06  5.744598E-07  1.658044E-02  2.750418E-07  1.217101E-07  1.036221E-07  1.277377E-04  1.736527E-04  2.090363E-07  9.743921E-07  1.252395E-06  5.999605E-07
 3.151500E+02  3.874087E-01  2.496421E-04  2.764308E-08  3.673221E-08  4.097798E-08  4.942874E-08  5.446799E-01  1.000892E-03  6.232228E-06  4.164562E-02  2.418036E-05  4.586649E-08  2.617636E-09  8.316370E-03  1.409358E-06  5.207834E-06  5.520688E-07  1.636064E-02  2.636611E-07  1.178446E-07  1.002656E-07  1.259293E-04  1.711928E-04  1.982890E-07  9.216853E-07  1.185033E-06  5.724899E-07
 3.161500E+02  3.875939E-01  2.467251E-04  2.674892E-08  3.555303E-08  3.966468E-08  4.785601E-08  5.447738E-01  9.839151E-04  5.879123E-06  4.175601E-02  2.389210E-05  4.362212E-08  2.563026E-09  8.167918E-03  1.340347E-06  4.965012E-06  5.306981E-07  1.614474E-02  2.528064E-07  1.141241E-07  9.703705E-08  1.241547E-04  1.687788E-04  1.881468E-07  8.721226E-07  1.121669E-06  5.464321E-07
 3.171500E+02  3.877754E-01  2.438624E-04  2.588968E-08  3.441962E-08  3.840229E-08  4.634389E-08  5.448655E-01  9.673417E-04  5.548191E-06  4.186445E-02  2.360765E-05  4.149698E-08  2.509687E-09  8.023121E-03  1.275150E-06  4.735061E-06  5.102954E-07  1.593267E-02  2.424513E-07  1.105425E-07  9.393104E-08  1.224131E-04  1.664100E-04  1.785733E-07  8.255005E-07  1.062046E-06  5.217076E-07
 3.181500E+02  3.879531E-01  2.410527E-04  2.506380E-08  3.332994E-08  3.718855E-08  4.488970E-08  5.449549E-01  9.511607E-04  5.237913E-06  4.197097E-02  2.332699E-05  3.948434E-08  2.457593E-09  7.881870E-03  1.213536E-06  4.517224E-06  4.908112E-07  1.572435E-02  2.325709E-07  1.070940E-07  9.094234E-08  1.207038E-04  1.640852E-04  1.695339E-07  7.816297E-07  1.005924E-06  4.982413E-07
 3.191500E+02  3.881272E-01  2.382948E-04  2.426979E-08  3.228205E-08  3.602129E-08  4.349089E-08  5.450421E-01  9.353605E-04  4.946884E-06  4.207560E-02  2.305010E-05  3.757785E-08  2.406715E-09  7.744061E-03  1.155288E-06  4.310793E-06  4.721988E-07  1.551971E-02  2.231413E-07  1.037729E-07  8.806596E-08  1.190263E-04  1.618037E-04  1.609967E-07  7.403340E-07  9.530794E-07  4.759630E-07
 3.201500E+02  3.882978E-01  2.355875E-04  2.350623E-08  3.127412E-08  3.489848E-08  4.214505E-08  5.451272E-01  9.199303E-04  4.673801E-06  4.217838E-02  2.277695E-05  3.577153E-08  2.357027E-09  7.609591E-03  1.100201E-06  4.115106E-06  4.544141E-07  1.531868E-02  2.141404E-07  1.005739E-07  8.529717E-08  1.173798E-04  1.595646E-04  1.529315E-07  7.014492E-07  9.033050E-07  4.548067E-07
 3.211500E+02  3.884649E-01  2.329298E-04  2.277180E-08  3.030440E-08  3.381818E-08  4.084986E-08  5.452103E-01  9.048593E-04  4.417456E-06  4.227935E-02  2.250751E-05  3.405978E-08  2.308501E-09  7.478361E-03  1.048087E-06  3.929542E-06  4.374157E-07  1.512119E-02  2.055467E-07  9.749210E-08  8.263143E-08  1.157637E-04  1.573669E-04  1.453102E-07  6.648225E-07  8.564066E-07  4.347101E-07
 3.221500E+02  3.886286E-01  2.303204E-04  2.206521E-08  2.937121E-08  3.277853E-08  3.960313E-08  5.452914E-01  8.901375E-04  4.176728E-06  4.237854E-02  2.224175E-05  3.243730E-08  2.261111E-09  7.350278E-03  9.987678E-07  3.753519E-06  4.211643E-07  1.492718E-02  1.973403E-07  9.452255E-08  8.006442E-08  1.141774E-04  1.552099E-04  1.381064E-07  6.303113E-07  8.122035E-07  4.156150E-07
 3.231500E+02  3.887891E-01  2.277583E-04  2.138525E-08  2.847299E-08  3.177777E-08  3.840277E-08  5.453706E-01  8.757548E-04  3.950579E-06  4.247598E-02  2.197965E-05  3.089912E-08  2.214831E-09  7.225249E-03  9.520777E-07  3.586492E-06  4.056226E-07  1.473658E-02  1.895021E-07  9.166066E-08  7.759202E-08  1.126204E-04  1.530927E-04  1.312955E-07  5.977828E-07  7.705273E-07  3.974664E-07
 3.241500E+02  3.889464E-01  2.252425E-04  2.073077E-08  2.760821E-08  3.081423E-08  3.724680E-08  5.454479E-01  8.617018E-04  3.738044E-06  4.257172E-02  2.172116E-05  2.944056E-08  2.169636E-09  7.103185E-03  9.078617E-07  3.427951E-06  3.907557E-07  1.454932E-02  1.820141E-07  8.890202E-08  7.521031E-08  1.110919E-04  1.510145E-04  1.248543E-07  5.671132E-07  7.312207E-07  3.802128E-07
 3.251500E+02  3.891005E-01  2.227718E-04  2.010067E-08  2.677545E-08  2.988632E-08  3.613333E-08  5.455233E-01  8.479690E-04  3.538227E-06  4.266577E-02  2.146626E-05  2.805720E-08  2.125501E-09  6.984002E-03  8.659747E-07  3.277414E-06  3.765305E-07  1.436534E-02  1.748592E-07  8.624242E-08  7.291551E-08  1.095914E-04  1.489744E-04  1.187611E-07  5.381867E-07  6.941372E-07  3.638054E-07
 3.261500E+02  3.892516E-01  2.203453E-04  1.949390E-08  2.597334E-08  2.899252E-08  3.506056E-08  5.455971E-01  8.345476E-04  3.350297E-06  4.275818E-02  2.121491E-05  2.674490E-08  2.082400E-09  6.867616E-03  8.262809E-07  3.134434E-06  3.629154E-07  1.418457E-02  1.680211E-07  8.367784E-08  7.070406E-08  1.081184E-04  1.469718E-04  1.129955E-07  5.108957E-07  6.591397E-07  3.481986E-07
 3.271500E+02  3.893997E-01  2.179621E-04  1.890947E-08  2.520059E-08  2.813138E-08  3.402676E-08  5.456691E-01  8.214288E-04  3.173479E-06  4.284898E-02  2.096707E-05  2.549974E-08  2.040310E-09  6.753946E-03  7.886529E-07  2.998588E-06  3.498810E-07  1.400696E-02  1.614846E-07  8.120443E-08  6.857253E-08  1.066723E-04  1.450058E-04  1.075387E-07  4.851394E-07  6.261006E-07  3.333493E-07
 3.281500E+02  3.895449E-01  2.156210E-04  1.834643E-08  2.445594E-08  2.730153E-08  3.303031E-08  5.457394E-01  8.086043E-04  3.007055E-06  4.293819E-02  2.072272E-05  2.431804E-08  1.999206E-09  6.642917E-03  7.529716E-07  2.869479E-06  3.373991E-07  1.383244E-02  1.552351E-07  7.881853E-08  6.651765E-08  1.052525E-04  1.430756E-04  1.023725E-07  4.608238E-07  5.949002E-07  3.192170E-07
 3.291500E+02  3.896873E-01  2.133213E-04  1.780387E-08  2.373823E-08  2.650165E-08  3.206964E-08  5.458081E-01  7.960660E-04  2.850357E-06  4.302585E-02  2.048181E-05  2.319632E-08  1.959065E-09  6.534453E-03  7.191254E-07  2.746735E-06  3.254432E-07  1.366095E-02  1.492587E-07  7.651662E-08  6.453631E-08  1.038585E-04  1.411806E-04  9.748038E-08  4.378611E-07  5.654271E-07  3.057635E-07
 3.301500E+02  3.898268E-01  2.110620E-04  1.728095E-08  2.304633E-08  2.573049E-08  3.114328E-08  5.458753E-01  7.838060E-04  2.702762E-06  4.311199E-02  2.024431E-05  2.213133E-08  1.919865E-09  6.428481E-03  6.870096E-07  2.630008E-06  3.139881E-07  1.349243E-02  1.435424E-07  7.429536E-08  6.262551E-08  1.024897E-04  1.393201E-04  9.284646E-08  4.161692E-07  5.375770E-07  2.929527E-07
 3.311500E+02  3.899637E-01  2.088423E-04  1.677683E-08  2.237916E-08  2.498687E-08  3.024981E-08  5.459409E-01  7.718166E-04  2.563690E-06  4.319664E-02  2.001018E-05  2.111998E-08  1.881583E-09  6.324931E-03  6.565261E-07  2.518967E-06  3.030101E-07  1.332684E-02  1.380739E-07  7.215153E-08  6.078242E-08  1.011457E-04  1.374932E-04  8.845600E-08  3.956715E-07  5.112523E-07  2.807509E-07
 3.321500E+02  3.900979E-01  2.066612E-04  1.629074E-08  2.173571E-08  2.426965E-08  2.938787E-08  5.460050E-01  7.600906E-04  2.432604E-06  4.327982E-02  1.977938E-05  2.015936E-08  1.844197E-09  6.223736E-03  6.275827E-07  2.413304E-06  2.924865E-07  1.316410E-02  1.328412E-07  7.008206E-08  5.900431E-08  9.982593E-05  1.356993E-04  8.429514E-08  3.762962E-07  4.863619E-07  2.691259E-07
 3.331500E+02  3.902295E-01  2.045179E-04  1.582193E-08  2.111499E-08  2.357774E-08  2.855617E-08  5.460677E-01  7.486207E-04  2.309000E-06  4.336157E-02  1.955188E-05  1.924674E-08  1.807684E-09  6.124831E-03  6.000930E-07  2.312729E-06  2.823961E-07  1.300416E-02  1.278332E-07  6.808404E-08  5.728859E-08  9.852990E-05  1.339378E-04  8.035084E-08  3.579762E-07  4.628205E-07  2.580477E-07
 3.341500E+02  3.903586E-01  2.024116E-04  1.536970E-08  2.051609E-08  2.291010E-08  2.775350E-08  5.461290E-01  7.374002E-04  2.192411E-06  4.344191E-02  1.932763E-05  1.837954E-08  1.772025E-09  6.028152E-03  5.739760E-07  2.216968E-06  2.727184E-07  1.284698E-02  1.230393E-07  6.615464E-08  5.563276E-08  9.725713E-05  1.322079E-04  7.661088E-08  3.406488E-07  4.405481E-07  2.474877E-07
 3.351500E+02  3.904852E-01  2.003415E-04  1.493336E-08  1.993811E-08  2.226576E-08  2.697867E-08  5.461889E-01  7.264222E-04  2.082399E-06  4.352088E-02  1.910659E-05  1.755532E-08  1.737198E-09  5.933636E-03  5.491555E-07  2.125763E-06  2.634344E-07  1.269249E-02  1.184495E-07  6.429120E-08  5.403445E-08  9.600713E-05  1.305091E-04  7.306377E-08  3.242553E-07  4.194701E-07  2.374193E-07
 3.361500E+02  3.906095E-01  1.983069E-04  1.451226E-08  1.938020E-08  2.164378E-08  2.623057E-08  5.462476E-01  7.156803E-04  1.978558E-06  4.359849E-02  1.888872E-05  1.677178E-08  1.703183E-09  5.841226E-03  5.255599E-07  2.038874E-06  2.545258E-07  1.254064E-02  1.140542E-07  6.249113E-08  5.249139E-08  9.477944E-05  1.288406E-04  6.969869E-08  3.087407E-07  3.995164E-07  2.278170E-07
 3.371500E+02  3.907313E-01  1.963070E-04  1.410580E-08  1.884156E-08  2.104324E-08  2.550812E-08  5.463049E-01  7.051683E-04  1.880508E-06  4.367477E-02  1.867400E-05  1.602676E-08  1.669960E-09  5.750864E-03  5.031219E-07  1.956070E-06  2.459754E-07  1.239139E-02  1.098443E-07  6.075199E-08  5.100141E-08  9.357361E-05  1.272019E-04  6.650550E-08  2.940534E-07  3.806214E-07  2.186570E-07
 3.381500E+02  3.908509E-01  1.943410E-04  1.371338E-08  1.832142E-08  2.046330E-08  2.481030E-08  5.463609E-01  6.948800E-04  1.787894E-06  4.374976E-02  1.846236E-05  1.531822E-08  1.637510E-09  5.662493E-03  4.817785E-07  1.877139E-06  2.377667E-07  1.224468E-02  1.058112E-07  5.907141E-08  4.956241E-08  9.238919E-05  1.255923E-04  6.347465E-08  2.801452E-07  3.627237E-07  2.099167E-07
 3.391500E+02  3.909682E-01  1.924081E-04  1.333444E-08  1.781904E-08  1.990314E-08  2.413615E-08  5.464158E-01  6.848096E-04  1.700386E-06  4.382347E-02  1.825379E-05  1.464423E-08  1.605814E-09  5.576061E-03  4.614702E-07  1.801877E-06  2.298841E-07  1.210046E-02  1.019467E-07  5.744716E-08  4.817242E-08  9.122573E-05  1.240112E-04  6.059716E-08  2.669710E-07  3.457657E-07  2.015748E-07
 3.401500E+02  3.910833E-01  1.905079E-04  1.296844E-08  1.733371E-08  1.936196E-08  2.348472E-08  5.464694E-01  6.749513E-04  1.617675E-06  4.389593E-02  1.804823E-05  1.400297E-08  1.574854E-09  5.491514E-03  4.421411E-07  1.730093E-06  2.223130E-07  1.195868E-02  9.824306E-08  5.587707E-08  4.682954E-08  9.008282E-05  1.224582E-04  5.786459E-08  2.544883E-07  3.296933E-07  1.936111E-07
 3.411500E+02  3.911962E-01  1.886394E-04  1.261487E-08  1.686477E-08  1.883904E-08  2.285514E-08  5.465219E-01  6.652997E-04  1.539471E-06  4.396716E-02  1.784564E-05  1.339272E-08  1.544610E-09  5.408802E-03  4.237386E-07  1.661607E-06  2.150393E-07  1.181930E-02  9.469286E-08  5.435908E-08  4.553193E-08  8.896002E-05  1.209325E-04  5.526898E-08  2.426574E-07  3.144560E-07  1.860067E-07
 3.421500E+02  3.913071E-01  1.868021E-04  1.227324E-08  1.641157E-08  1.833364E-08  2.224653E-08  5.465733E-01  6.558492E-04  1.465505E-06  4.403720E-02  1.764599E-05  1.281187E-08  1.515066E-09  5.327876E-03  4.062132E-07  1.596251E-06  2.080496E-07  1.168227E-02  9.128908E-08  5.289121E-08  4.427786E-08  8.785694E-05  1.194336E-04  5.280288E-08  2.314411E-07  3.000062E-07  1.787434E-07
 3.431500E+02  3.914159E-01  1.849953E-04  1.194308E-08  1.597349E-08  1.784509E-08  2.165810E-08  5.466235E-01  6.465949E-04  1.395524E-06  4.410605E-02  1.744924E-05  1.225887E-08  1.486205E-09  5.248689E-03  3.895184E-07  1.533863E-06  2.013314E-07  1.154754E-02  8.802506E-08  5.147157E-08  4.306566E-08  8.677317E-05  1.179610E-04  5.045922E-08  2.208043E-07  2.862992E-07  1.718045E-07
 3.441500E+02  3.915227E-01  1.832183E-04  1.162395E-08  1.554995E-08  1.737273E-08  2.108906E-08  5.466727E-01  6.375315E-04  1.329293E-06  4.417375E-02  1.725534E-05  1.173228E-08  1.458009E-09  5.171195E-03  3.736101E-07  1.474293E-06  1.948725E-07  1.141507E-02  8.489445E-08  5.009835E-08  4.189373E-08  8.570832E-05  1.165141E-04  4.823139E-08  2.107143E-07  2.732932E-07  1.651736E-07
 3.451500E+02  3.916275E-01  1.814707E-04  1.131541E-08  1.514039E-08  1.691594E-08  2.053867E-08  5.467209E-01  6.286542E-04  1.266589E-06  4.424032E-02  1.706426E-05  1.123074E-08  1.430461E-09  5.095349E-03  3.584472E-07  1.417398E-06  1.886615E-07  1.128482E-02  8.189121E-08  4.876980E-08  4.076054E-08  8.466200E-05  1.150925E-04  4.611314E-08  2.011402E-07  2.609489E-07  1.588357E-07
 3.461500E+02  3.917304E-01  1.797516E-04  1.101705E-08  1.474427E-08  1.647412E-08  2.000622E-08  5.467681E-01  6.199582E-04  1.207207E-06  4.430577E-02  1.687596E-05  1.075295E-08  1.403547E-09  5.021107E-03  3.439906E-07  1.363043E-06  1.826875E-07  1.115673E-02  7.900960E-08  4.748425E-08  3.966462E-08  8.363383E-05  1.136956E-04  4.409858E-08  1.920532E-07  2.492294E-07  1.527764E-07
 3.471500E+02  3.918315E-01  1.780606E-04  1.072849E-08  1.436108E-08  1.604670E-08  1.949102E-08  5.468142E-01  6.114391E-04  1.150952E-06  4.437014E-02  1.669040E-05  1.029770E-08  1.377249E-09  4.948429E-03  3.302036E-07  1.311101E-06  1.769403E-07  1.103078E-02  7.624418E-08  4.624012E-08  3.860457E-08  8.262345E-05  1.123228E-04  4.218219E-08  1.834260E-07  2.380999E-07  1.469820E-07
 3.481500E+02  3.919307E-01  1.763971E-04  1.044935E-08  1.399032E-08  1.563313E-08  1.899242E-08  5.468594E-01  6.030922E-04  1.097644E-06  4.443343E-02  1.650753E-05  9.863829E-09  1.351554E-09  4.877273E-03  3.170516E-07  1.261453E-06  1.714099E-07  1.090692E-02  7.358975E-08  4.503587E-08  3.757904E-08  8.163050E-05  1.109738E-04  4.035873E-08  1.752330E-07  2.275279E-07  1.414396E-07
 3.491500E+02  3.920281E-01  1.747605E-04  1.017928E-08  1.363153E-08  1.523289E-08  1.850980E-08  5.469037E-01  5.949132E-04  1.047112E-06  4.449568E-02  1.632733E-05  9.450251E-09  1.326445E-09  4.807600E-03  3.045018E-07  1.213983E-06  1.660870E-07  1.078511E-02  7.104136E-08  4.387003E-08  3.658674E-08  8.065463E-05  1.096480E-04  3.862328E-08  1.674504E-07  2.174826E-07  1.361371E-07
 3.501500E+02  3.921237E-01  1.731503E-04  9.917917E-09  1.328425E-08  1.484548E-08  1.804256E-08  5.469471E-01  5.868980E-04  9.991976E-07  4.455691E-02  1.614974E-05  9.055933E-09  1.301908E-09  4.739372E-03  2.925236E-07  1.168585E-06  1.609627E-07  1.066530E-02  6.859432E-08  4.274118E-08  3.562644E-08  7.969548E-05  1.083449E-04  3.697119E-08  1.600556E-07  2.079352E-07  1.310629E-07
 3.511500E+02  3.922177E-01  1.715659E-04  9.664948E-09  1.294805E-08  1.447041E-08  1.759013E-08  5.469895E-01  5.790425E-04  9.537505E-07  4.461712E-02  1.597475E-05  8.679901E-09  1.277929E-09  4.672551E-03  2.810877E-07  1.125157E-06  1.560285E-07  1.054746E-02  6.624416E-08  4.164800E-08  3.469695E-08  7.875273E-05  1.070642E-04  3.539810E-08  1.530272E-07  1.988586E-07  1.262060E-07
 3.521500E+02  3.923099E-01  1.700068E-04  9.420056E-09  1.262252E-08  1.410723E-08  1.715195E-08  5.470312E-01  5.713427E-04  9.106310E-07  4.467635E-02  1.580229E-05  8.321234E-09  1.254495E-09  4.607103E-03  2.701667E-07  1.083604E-06  1.512763E-07  1.043156E-02  6.398660E-08  4.058916E-08  3.379714E-08  7.782604E-05  1.058052E-04  3.389986E-08  1.463454E-07  1.902273E-07  1.215560E-07
 3.531500E+02  3.924006E-01  1.684725E-04  9.182938E-09  1.230727E-08  1.375550E-08  1.672751E-08  5.470719E-01  5.637947E-04  8.697075E-07  4.473461E-02  1.563235E-05  7.979058E-09  1.231590E-09  4.542991E-03  2.597347E-07  1.043833E-06  1.466984E-07  1.031755E-02  6.181761E-08  3.956344E-08  3.292592E-08  7.691509E-05  1.045677E-04  3.247258E-08  1.399914E-07  1.820172E-07  1.171032E-07
 3.541500E+02  3.924896E-01  1.669626E-04  8.953307E-09  1.200191E-08  1.341479E-08  1.631630E-08  5.471119E-01  5.563949E-04  8.308568E-07  4.479192E-02  1.546487E-05  7.652550E-09  1.209204E-09  4.480183E-03  2.497672E-07  1.005760E-06  1.422875E-07  1.020540E-02  5.973330E-08  3.856963E-08  3.208223E-08  7.601956E-05  1.033512E-04  3.111258E-08  1.339475E-07  1.742058E-07  1.128382E-07
 3.551500E+02  3.925770E-01  1.654764E-04  8.730886E-09  1.170608E-08  1.308470E-08  1.591783E-08  5.471510E-01  5.491395E-04  7.939630E-07  4.484829E-02  1.529983E-05  7.340927E-09  1.187321E-09  4.418645E-03  2.402410E-07  9.693025E-07  1.380366E-07  1.009507E-02  5.773001E-08  3.760660E-08  3.126509E-08  7.513915E-05  1.021552E-04  2.981638E-08  1.281970E-07  1.667717E-07  1.087521E-07
 3.561500E+02  3.926629E-01  1.640136E-04  8.515411E-09  1.141943E-08  1.276485E-08  1.553165E-08  5.471894E-01  5.420251E-04  7.589172E-07  4.490376E-02  1.513719E-05  7.043451E-09  1.165931E-09  4.358346E-03  2.311343E-07  9.343833E-07  1.339390E-07  9.986530E-03  5.580422E-08  3.667324E-08  3.047352E-08  7.427355E-05  1.009794E-04  2.858071E-08  1.227242E-07  1.596948E-07  1.048366E-07
 3.571500E+02  3.927473E-01  1.625736E-04  8.306627E-09  1.114163E-08  1.245486E-08  1.515730E-08  5.472270E-01  5.350483E-04  7.256172E-07  4.495832E-02  1.497691E-05  6.759421E-09  1.145020E-09  4.299254E-03  2.224263E-07  9.009294E-07  1.299884E-07  9.879742E-03  5.395260E-08  3.576850E-08  2.970661E-08  7.342247E-05  9.982324E-05  2.740247E-08  1.175145E-07  1.529562E-07  1.010837E-07
 3.581500E+02  3.928303E-01  1.611561E-04  8.104291E-09  1.087236E-08  1.215437E-08  1.479437E-08  5.472638E-01  5.282057E-04  6.939671E-07  4.501201E-02  1.481895E-05  6.488175E-09  1.124578E-09  4.241340E-03  2.140974E-07  8.688715E-07  1.261787E-07  9.774673E-03  5.217197E-08  3.489136E-08  2.896347E-08  7.258562E-05  9.868647E-05  2.627872E-08  1.125538E-07  1.465382E-07  9.748582E-08
 3.591500E+02  3.929117E-01  1.597605E-04  7.908171E-09  1.061132E-08  1.186305E-08  1.444245E-08  5.472999E-01  5.214941E-04  6.638764E-07  4.506483E-02  1.466328E-05  6.229085E-09  1.104591E-09  4.184574E-03  2.061292E-07  8.381441E-07  1.225041E-07  9.671291E-03  5.045928E-08  3.404085E-08  2.824324E-08  7.176271E-05  9.756866E-05  2.520671E-08  1.078291E-07  1.404239E-07  9.403588E-08
 3.601500E+02  3.929918E-01  1.583865E-04  7.718042E-09  1.035820E-08  1.158056E-08  1.410113E-08  5.473354E-01  5.149104E-04  6.352602E-07  4.511681E-02  1.450987E-05  5.981556E-09  1.085049E-09  4.128929E-03  1.985042E-07  8.086848E-07  1.189592E-07  9.569564E-03  4.881165E-08  3.321604E-08  2.754512E-08  7.095346E-05  9.646943E-05  2.418382E-08  1.033279E-07  1.345974E-07  9.072705E-08
 3.611500E+02  3.930705E-01  1.570337E-04  7.533690E-09  1.011273E-08  1.130659E-08  1.377006E-08  5.473701E-01  5.084515E-04  6.080388E-07  4.516796E-02  1.435868E-05  5.745026E-09  1.065941E-09  4.074376E-03  1.912057E-07  7.804346E-07  1.155386E-07  9.469460E-03  4.722632E-08  3.241603E-08  2.686832E-08  7.015762E-05  9.538841E-05  2.320758E-08  9.903871E-08  1.290439E-07  8.755286E-08
 3.621500E+02  3.931479E-01  1.557015E-04  7.354909E-09  9.874625E-09  1.104085E-08  1.344886E-08  5.474042E-01  5.021145E-04  5.821367E-07  4.521829E-02  1.420968E-05  5.518960E-09  1.047256E-09  4.020890E-03  1.842181E-07  7.533376E-07  1.122374E-07  9.370948E-03  4.570066E-08  3.163995E-08  2.621208E-08  6.937490E-05  9.432524E-05  2.227565E-08  9.495040E-08  1.237491E-07  8.450718E-08
 3.631500E+02  3.932239E-01  1.543897E-04  7.181501E-09  9.643639E-09  1.078303E-08  1.313719E-08  5.474376E-01  4.958965E-04  5.574835E-07  4.526783E-02  1.406282E-05  5.302851E-09  1.028983E-09  3.968444E-03  1.775265E-07  7.273406E-07  1.090507E-07  9.273997E-03  4.423215E-08  3.088697E-08  2.557569E-08  6.860506E-05  9.327956E-05  2.138582E-08  9.105263E-08  1.186999E-07  8.158417E-08
 3.641500E+02  3.932986E-01  1.530978E-04  7.013276E-09  9.419517E-09  1.053286E-08  1.283472E-08  5.474703E-01  4.897946E-04  5.340123E-07  4.531658E-02  1.391809E-05  5.096222E-09  1.011113E-09  3.917013E-03  1.711168E-07  7.023932E-07  1.059740E-07  9.178580E-03  4.281840E-08  3.015630E-08  2.495844E-08  6.784784E-05  9.225104E-05  2.053600E-08  8.733559E-08  1.138835E-07  7.877832E-08
 3.651500E+02  3.933721E-01  1.518254E-04  6.850053E-09  9.202019E-09  1.029008E-08  1.254113E-08  5.475025E-01  4.838062E-04  5.116605E-07  4.536457E-02  1.377544E-05  4.898616E-09  9.936351E-10  3.866572E-03  1.649757E-07  6.784474E-07  1.030028E-07  9.084665E-03  4.145713E-08  2.944716E-08  2.435968E-08  6.710299E-05  9.123933E-05  1.972422E-08  8.379004E-08  1.092882E-07  7.608434E-08
 3.661500E+02  3.934443E-01  1.505722E-04  6.691657E-09  8.990915E-09  1.005443E-08  1.225611E-08  5.475340E-01  4.779286E-04  4.903689E-07  4.541180E-02  1.363484E-05  4.709602E-09  9.765400E-10  3.817098E-03  1.590905E-07  6.554580E-07  1.001331E-07  8.992225E-03  4.014617E-08  2.875883E-08  2.377876E-08  6.637026E-05  9.024410E-05  1.894859E-08  8.040723E-08  1.049028E-07  7.349725E-08
 3.671500E+02  3.935153E-01  1.493378E-04  6.537920E-09  8.785984E-09  9.825655E-09  1.197937E-08  5.475649E-01  4.721593E-04  4.700819E-07  4.545829E-02  1.349627E-05  4.528772E-09  9.598182E-10  3.768568E-03  1.534492E-07  6.333817E-07  9.736075E-08  8.901233E-03  3.888341E-08  2.809060E-08  2.321506E-08  6.564943E-05  8.926503E-05  1.820735E-08  7.717891E-08  1.007166E-07  7.101228E-08
 3.681500E+02  3.935851E-01  1.481219E-04  6.388681E-09  8.587012E-09  9.603527E-09  1.171062E-08  5.475953E-01  4.664957E-04  4.507470E-07  4.550405E-02  1.335968E-05  4.355736E-09  9.434604E-10  3.720959E-03  1.480404E-07  6.121774E-07  9.468203E-08  8.811660E-03  3.766689E-08  2.744177E-08  2.266800E-08  6.494026E-05  8.830181E-05  1.749882E-08  7.409729E-08  9.671967E-08  6.862490E-08
 3.691500E+02  3.936538E-01  1.469240E-04  6.243784E-09  8.393796E-09  9.387817E-09  1.144959E-08  5.476251E-01  4.609355E-04  4.323145E-07  4.554910E-02  1.322505E-05  4.190128E-09  9.274578E-10  3.674250E-03  1.428535E-07  5.918063E-07  9.209326E-08  8.723480E-03  3.649471E-08  2.681171E-08  2.213699E-08  6.424252E-05  8.735411E-05  1.682141E-08  7.115499E-08  9.290250E-08  6.633082E-08
 3.701500E+02  3.937213E-01  1.457439E-04  6.103081E-09  8.206140E-09  9.178306E-09  1.119602E-08  5.476543E-01  4.554762E-04  4.147378E-07  4.559346E-02  1.309235E-05  4.031596E-09  9.118015E-10  3.628419E-03  1.378780E-07  5.722312E-07  8.959094E-08  8.636668E-03  3.536504E-08  2.619976E-08  2.162150E-08  6.355599E-05  8.642166E-05  1.617361E-08  6.834506E-08  8.925616E-08  6.412594E-08
 3.711500E+02  3.937877E-01  1.445812E-04  5.966429E-09  8.023855E-09  8.974783E-09  1.094965E-08  5.476830E-01  4.501155E-04  3.979729E-07  4.563712E-02  1.296155E-05  3.879810E-09  8.964831E-10  3.583446E-03  1.331043E-07  5.534170E-07  8.717175E-08  8.551197E-03  3.427616E-08  2.560534E-08  2.112100E-08  6.288045E-05  8.550413E-05  1.555400E-08  6.566089E-08  8.577219E-08  6.200635E-08
 3.721500E+02  3.938530E-01  1.434355E-04  5.833691E-09  7.846760E-09  8.777048E-09  1.071026E-08  5.477111E-01  4.448512E-04  3.819781E-07  4.568012E-02  1.283261E-05  3.734454E-09  8.814944E-10  3.539310E-03  1.285233E-07  5.353302E-07  8.483249E-08  8.467043E-03  3.322642E-08  2.502785E-08  2.063498E-08  6.221569E-05  8.460126E-05  1.496122E-08  6.309627E-08  8.244258E-08  5.996836E-08
 3.731500E+02  3.939172E-01  1.423067E-04  5.704734E-09  7.674679E-09  8.584904E-09  1.047759E-08  5.477387E-01  4.396812E-04  3.667142E-07  4.572245E-02  1.270551E-05  3.595230E-09  8.668271E-10  3.495992E-03  1.241261E-07  5.179389E-07  8.257010E-08  8.384181E-03  3.221424E-08  2.446674E-08  2.016295E-08  6.156151E-05  8.371274E-05  1.439399E-08  6.064530E-08  7.925976E-08  5.800843E-08
