#         T/K            c1          c2-1          c3-4          c3-5          c3-7          c3-9            m1          m2-1          m3-1            w1            w2          w3-1          w3-2          c1m1        c1m2-1        c1m2-7        c2m1-1        c1w1-2        c1w2-1        c2w1-1        c2w1-9        m1w1-1        m1w1-4        m1w2-1        m2w1-1        m2w1-3      c1m1w1-1
 2.731500E+02  3.120940E-01  3.299638E-04  9.236434E-08  1.212304E-07  1.348785E-07  1.608258E-07  2.932316E-01  7.402980E-04  2.017260E-05  2.144855E-01  1.616040E-03  1.238428E-04  1.737647E-06  9.801941E-03  4.703848E-06  1.543482E-05  1.671228E-06  1.652697E-01  6.844001E-05  2.681356E-06  2.354515E-06  8.698193E-04  1.184059E-03  5.580603E-05  2.762466E-05  3.498700E-05  1.721792E-05
 2.741500E+02  3.133796E-01  3.263520E-04  8.892469E-08  1.167553E-07  1.299093E-07  1.549495E-07  2.933838E-01  7.225696E-04  1.861083E-05  2.157110E-01  1.594516E-03  1.162365E-04  1.694302E-06  9.584141E-03  4.399101E-06  1.448160E-05  1.589986E-06  1.629277E-01  6.497197E-05  2.581362E-06  2.264754E-06  8.540225E-04  1.162481E-03  5.210643E-05  2.564418E-05  3.249163E-05  1.621428E-05
 2.751500E+02  3.146444E-01  3.227850E-04  8.563036E-08  1.124678E-07  1.251479E-07  1.493171E-07  2.935316E-01  7.053983E-04  1.718054E-05  2.169174E-01  1.573229E-03  1.091268E-04  1.652050E-06  9.372487E-03  4.116091E-06  1.359352E-05  1.513187E-06  1.606208E-01  6.169397E-05  2.485522E-06  2.178801E-06  8.385744E-04  1.141383E-03  4.867061E-05  2.381749E-05  3.018914E-05  1.527466E-05
 2.761500E+02  3.158887E-01  3.192625E-04  8.247465E-08  1.083592E-07  1.205850E-07  1.439177E-07  2.936749E-01  6.887634E-04  1.586982E-05  2.181048E-01  1.552181E-03  1.024797E-04  1.610871E-06  9.166781E-03  3.853137E-06  1.276575E-05  1.440565E-06  1.583488E-01  5.859500E-05  2.393651E-06  2.096483E-06  8.234671E-04  1.120754E-03  4.547859E-05  2.213182E-05  2.806357E-05  1.439466E-05
 2.771500E+02  3.171126E-01  3.157844E-04  7.945117E-08  1.044213E-07  1.162113E-07  1.387405E-07  2.938140E-01  6.726453E-04  1.466794E-05  2.192735E-01  1.531375E-03  9.626364E-05  1.570741E-06  8.966829E-03  3.608701E-06  1.199384E-05  1.371871E-06  1.561113E-01  5.566468E-05  2.305572E-06  2.017634E-06  8.086929E-04  1.100583E-03  4.251200E-05  2.057552E-05  2.610037E-05  1.357021E-05
 2.781500E+02  3.183165E-01  3.123502E-04  7.655386E-08  1.006465E-07  1.120184E-07  1.337757E-07  2.939490E-01  6.570250E-04  1.356519E-05  2.204236E-01  1.510813E-03  9.044932E-05  1.531639E-06  8.772447E-03  3.381368E-06  1.127367E-05  1.306871E-06  1.539082E-01  5.289330E-05  2.221118E-06  1.942098E-06  7.942444E-04  1.080859E-03  3.975390E-05  1.913794E-05  2.428624E-05  1.279753E-05
 2.791500E+02  3.195005E-01  3.089598E-04  7.377693E-08  9.702731E-08  1.079980E-07  1.290137E-07  2.940800E-01  6.418844E-04  1.255276E-05  2.215555E-01  1.490497E-03  8.500947E-05  1.493545E-06  8.583456E-03  3.169839E-06  1.060148E-05  1.245348E-06  1.517391E-01  5.027169E-05  2.140128E-06  1.869726E-06  7.801141E-04  1.061573E-03  3.718873E-05  1.780939E-05  2.260906E-05  1.207313E-05
 2.801500E+02  3.206649E-01  3.056128E-04  7.111492E-08  9.355668E-08  1.041424E-07  1.244454E-07  2.942073E-01  6.272060E-04  1.162270E-05  2.226691E-01  1.470429E-03  7.991873E-05  1.456435E-06  8.399683E-03  2.972923E-06  9.973786E-06  1.187096E-06  1.496037E-01  4.779126E-05  2.062450E-06  1.800373E-06  7.662947E-04  1.042713E-03  3.480211E-05  1.658101E-05  2.105774E-05  1.139375E-05
 2.811500E+02  3.218100E-01  3.023089E-04  6.856261E-08  9.022793E-08  1.004441E-07  1.200621E-07  2.943309E-01  6.129732E-04  1.076781E-05  2.237649E-01  1.450609E-03  7.515355E-05  1.420288E-06  8.220961E-03  2.789523E-06  9.387375E-06  1.131924E-06  1.475016E-01  4.544393E-05  1.987938E-06  1.733906E-06  7.527790E-04  1.024271E-03  3.258081E-05  1.544469E-05  1.962214E-05  1.075636E-05
 2.821500E+02  3.229360E-01  2.990479E-04  6.611503E-08  8.703470E-08  9.689610E-08  1.158557E-07  2.944510E-01  5.991698E-04  9.981522E-06  2.248431E-01  1.431039E-03  7.069201E-05  1.385083E-06  8.047131E-03  2.618631E-06  8.839290E-06  1.079654E-06  1.454326E-01  4.322210E-05  1.916452E-06  1.670193E-06  7.395601E-04  1.006236E-03  3.051263E-05  1.439303E-05  1.829301E-05  1.015818E-05
 2.831500E+02  3.240432E-01  2.958293E-04  6.376746E-08  8.397093E-08  9.349170E-08  1.118182E-07  2.945677E-01  5.857805E-04  9.257922E-06  2.259037E-01  1.411719E-03  6.651374E-05  1.350799E-06  7.878037E-03  2.459321E-06  8.326797E-06  1.030117E-06  1.433962E-01  4.111863E-05  1.847861E-06  1.609113E-06  7.266310E-04  9.885985E-04  2.858633E-05  1.341926E-05  1.706186E-05  9.596598E-06
 2.841500E+02  3.251319E-01  2.926528E-04  6.151541E-08  8.103086E-08  9.022450E-08  1.079423E-07  2.946812E-01  5.727906E-04  8.591619E-06  2.269471E-01  1.392649E-03  6.259978E-05  1.317413E-06  7.713530E-03  2.310739E-06  7.847376E-06  9.831563E-07  1.413921E-01  3.912679E-05  1.782037E-06  1.550547E-06  7.139850E-04  9.713495E-04  2.679152E-05  1.251719E-05  1.592094E-05  9.069191E-06
 2.851500E+02  3.262022E-01  2.895181E-04  5.935461E-08  7.820898E-08  8.708843E-08  1.042208E-07  2.947914E-01  5.601858E-04  7.977723E-06  2.279736E-01  1.373830E-03  5.893249E-05  1.284905E-06  7.553465E-03  2.172098E-06  7.398695E-06  9.386234E-07  1.394200E-01  3.724026E-05  1.718860E-06  1.494384E-06  7.016155E-04  9.544799E-04  2.511863E-05  1.168115E-05  1.486313E-05  8.573714E-06
 2.861500E+02  3.272545E-01  2.864249E-04  5.728099E-08  7.550007E-08  8.407768E-08  1.006469E-07  2.948986E-01  5.479525E-04  7.411786E-06  2.289832E-01  1.355261E-03  5.549548E-05  1.253255E-06  7.397703E-03  2.042676E-06  6.978602E-06  8.963803E-07  1.374794E-01  3.545311E-05  1.658214E-06  1.440516E-06  6.895160E-04  9.379805E-04  2.355882E-05  1.090594E-05  1.388194E-05  8.108075E-06
 2.871500E+02  3.282890E-01  2.833727E-04  5.529068E-08  7.289914E-08  8.118674E-08  9.721425E-08  2.950029E-01  5.360777E-04  6.889767E-06  2.299762E-01  1.336943E-03  5.227347E-05  1.222440E-06  7.246109E-03  1.921805E-06  6.585106E-06  8.562970E-07  1.355701E-01  3.375974E-05  1.599991E-06  1.388843E-06  6.776803E-04  9.218426E-04  2.210392E-05  1.018681E-05  1.297139E-05  7.670332E-06
 2.881500E+02  3.293060E-01  2.803612E-04  5.337998E-08  7.040146E-08  7.841036E-08  9.391662E-08  2.951043E-01  5.245488E-04  6.407985E-06  2.309530E-01  1.318874E-03  4.925224E-05  1.192442E-06  7.098553E-03  1.808869E-06  6.216367E-06  8.182517E-07  1.336915E-01  3.215489E-05  1.544084E-06  1.339267E-06  6.661020E-04  9.060576E-04  2.074640E-05  9.519387E-06  1.212601E-05  7.258673E-06
 2.891500E+02  3.303057E-01  2.773900E-04  5.154539E-08  6.800250E-08  7.574353E-08  9.074817E-08  2.952029E-01  5.133537E-04  5.963092E-06  2.319136E-01  1.301053E-03  4.641857E-05  1.163240E-06  6.954911E-03  1.703301E-06  5.870680E-06  7.821299E-07  1.318434E-01  3.063361E-05  1.490394E-06  1.291696E-06  6.547751E-04  8.906171E-04  1.947928E-05  8.899675E-06  1.134077E-05  6.871417E-06
 2.901500E+02  3.312885E-01  2.744587E-04  4.978356E-08  6.569795E-08  7.318148E-08  8.770331E-08  2.952989E-01  5.024808E-04  5.552037E-06  2.328583E-01  1.283481E-03  4.376013E-05  1.134815E-06  6.815061E-03  1.604576E-06  5.546469E-06  7.478242E-07  1.300254E-01  2.919124E-05  1.438825E-06  1.246041E-06  6.436938E-04  8.755130E-04  1.829614E-05  8.324002E-06  1.061108E-05  6.506995E-06
 2.911500E+02  3.322545E-01  2.715670E-04  4.809130E-08  6.348372E-08  7.071966E-08  8.477673E-08  2.953923E-01  4.919191E-04  5.172037E-06  2.337874E-01  1.266155E-03  4.126546E-05  1.107146E-06  6.678885E-03  1.512211E-06  5.242273E-06  7.152335E-07  1.282369E-01  2.782339E-05  1.389286E-06  1.202219E-06  6.328522E-04  8.607372E-04  1.719101E-05  7.788999E-06  9.932692E-06  6.163948E-06
 2.921500E+02  3.332040E-01  2.687143E-04  4.646558E-08  6.135589E-08  6.835374E-08  8.196333E-08  2.954832E-01  4.816578E-04  4.820556E-06  2.347010E-01  1.249074E-03  3.892386E-05  1.080215E-06  6.546272E-03  1.425759E-06  4.956739E-06  6.842630E-07  1.264778E-01  2.652594E-05  1.341691E-06  1.160150E-06  6.222445E-04  8.462818E-04  1.615839E-05  7.291568E-06  9.301725E-06  5.840916E-06
 2.931500E+02  3.341372E-01  2.659004E-04  4.490350E-08  5.931072E-08  6.607958E-08  7.925828E-08  2.955717E-01  4.716866E-04  4.495279E-06  2.355994E-01  1.232238E-03  3.672538E-05  1.054002E-06  6.417112E-03  1.344807E-06  4.688611E-06  6.548236E-07  1.247474E-01  2.529500E-05  1.295955E-06  1.119757E-06  6.118654E-04  8.321392E-04  1.519318E-05  6.828868E-06  8.714605E-06  5.536630E-06
 2.941500E+02  3.350545E-01  2.631248E-04  4.340231E-08  5.734467E-08  6.389325E-08  7.665696E-08  2.956579E-01  4.619958E-04  4.194093E-06  2.364829E-01  1.215644E-03  3.466074E-05  1.028490E-06  6.291300E-03  1.268972E-06  4.436727E-06  6.268315E-07  1.230455E-01  2.412690E-05  1.252000E-06  1.080967E-06  6.017093E-04  8.183020E-04  1.429067E-05  6.398283E-06  8.168043E-06  5.249911E-06
 2.951500E+02  3.359561E-01  2.603872E-04  4.195937E-08  5.545434E-08  6.179099E-08  7.415496E-08  2.957418E-01  4.525757E-04  3.915065E-06  2.373516E-01  1.199290E-03  3.272128E-05  1.003661E-06  6.168734E-03  1.197900E-06  4.200007E-06  6.002077E-07  1.213717E-01  2.301820E-05  1.209750E-06  1.043710E-06  5.917711E-04  8.047628E-04  1.344649E-05  5.997409E-06  7.659017E-06  4.979656E-06
 2.961500E+02  3.368422E-01  2.576870E-04  4.057219E-08  5.363651E-08  5.976921E-08  7.174807E-08  2.958236E-01  4.434173E-04  3.656432E-06  2.382058E-01  1.183175E-03  3.089896E-05  9.794952E-07  6.049316E-03  1.131266E-06  3.977450E-06  5.748781E-07  1.197255E-01  2.196565E-05  1.169133E-06  1.007922E-06  5.820454E-04  7.915146E-04  1.265660E-05  5.624034E-06  7.184745E-06  4.724838E-06
 2.971500E+02  3.377131E-01  2.550239E-04  3.923836E-08  5.188807E-08  5.782449E-08  6.943227E-08  2.959032E-01  4.345118E-04  3.416577E-06  2.390456E-01  1.167298E-03  2.918624E-05  9.559770E-07  5.932950E-03  1.068766E-06  3.768125E-06  5.507730E-07  1.181066E-01  2.096619E-05  1.130079E-06  9.735369E-07  5.725273E-04  7.785502E-04  1.191725E-05  5.276121E-06  6.742663E-06  4.484497E-06
 2.981500E+02  3.385691E-01  2.523974E-04  3.795562E-08  5.020610E-08  5.595357E-08  6.720375E-08  2.959807E-01  4.258508E-04  3.194024E-06  2.398714E-01  1.151655E-03  2.757612E-05  9.330887E-07  5.819546E-03  1.010119E-06  3.571168E-06  5.278266E-07  1.165145E-01  2.001694E-05  1.092523E-06  9.404962E-07  5.632118E-04  7.658630E-04  1.122497E-05  4.951796E-06  6.330411E-06  4.257739E-06
 2.991500E+02  3.394103E-01  2.498072E-04  3.672179E-08  4.858779E-08  5.415334E-08  6.505884E-08  2.960563E-01  4.174261E-04  2.987420E-06  2.406833E-01  1.136246E-03  2.606206E-05  9.108136E-07  5.709013E-03  9.550659E-07  3.385776E-06  5.059770E-07  1.149488E-01  1.911517E-05  1.056401E-06  9.087417E-07  5.540941E-04  7.534463E-04  1.057655E-05  4.649331E-06  5.945814E-06  4.043729E-06
 3.001500E+02  3.402370E-01  2.472527E-04  3.553479E-08  4.703045E-08  5.242083E-08  6.299406E-08  2.961300E-01  4.092299E-04  2.795525E-06  2.414815E-01  1.121067E-03  2.463797E-05  8.891353E-07  5.601268E-03  9.033647E-07  3.211203E-06  4.851661E-07  1.134092E-01  1.825833E-05  1.021654E-06  8.782185E-07  5.451696E-04  7.412936E-04  9.968989E-06  4.367134E-06  5.586866E-06  3.841685E-06
 3.011500E+02  3.410495E-01  2.447337E-04  3.439265E-08  4.553153E-08  5.075321E-08  6.100607E-08  2.962018E-01  4.012548E-04  2.617204E-06  2.422664E-01  1.106116E-03  2.329813E-05  8.680378E-07  5.496226E-03  8.547923E-07  3.046754E-06  4.653389E-07  1.118952E-01  1.744400E-05  9.882242E-07  8.488741E-07  5.364336E-04  7.293987E-04  9.399530E-06  4.103736E-06  5.251716E-06  3.650879E-06
 3.021500E+02  3.418480E-01  2.422496E-04  3.329348E-08  4.408858E-08  4.914776E-08  5.909168E-08  2.962717E-01  3.934935E-04  2.451414E-06  2.430380E-01  1.091392E-03  2.203725E-05  8.475055E-07  5.393808E-03  8.091411E-07  2.891783E-06  4.464437E-07  1.104065E-01  1.666990E-05  9.560565E-07  8.206586E-07  5.278816E-04  7.177553E-04  8.865601E-06  3.857782E-06  4.938659E-06  3.470630E-06
 3.031500E+02  3.426327E-01  2.398000E-04  3.223547E-08  4.269929E-08  4.760190E-08  5.724787E-08  2.963400E-01  3.859390E-04  2.297199E-06  2.437966E-01  1.076891E-03  2.085036E-05  8.275231E-07  5.293937E-03  7.662185E-07  2.745690E-06  4.284317E-07  1.089426E-01  1.593389E-05  9.250984E-07  7.935241E-07  5.195094E-04  7.063575E-04  8.364817E-06  3.628024E-06  4.646116E-06  3.300300E-06
 3.041500E+02  3.434040E-01  2.373845E-04  3.121692E-08  4.136141E-08  4.611317E-08  5.547172E-08  2.964065E-01  3.785847E-04  2.153682E-06  2.445424E-01  1.062612E-03  1.973282E-05  8.080756E-07  5.196536E-03  7.258456E-07  2.607913E-06  4.112569E-07  1.075032E-01  1.523393E-05  8.952999E-07  7.674251E-07  5.113125E-04  6.951993E-04  7.894964E-06  3.413306E-06  4.372634E-06  3.139293E-06
 3.051500E+02  3.441619E-01  2.350027E-04  3.023617E-08  4.007283E-08  4.467920E-08  5.376047E-08  2.964714E-01  3.714241E-04  2.020056E-06  2.452756E-01  1.048552E-03  1.868031E-05  7.891484E-07  5.101535E-03  6.878563E-07  2.477932E-06  3.948761E-07  1.060878E-01  1.456812E-05  8.666131E-07  7.423179E-07  5.032869E-04  6.842751E-04  7.453984E-06  3.212562E-06  4.116865E-06  2.987053E-06
 3.061500E+02  3.449068E-01  2.326541E-04  2.929166E-08  3.883152E-08  4.329775E-08  5.211145E-08  2.965347E-01  3.644509E-04  1.895581E-06  2.459965E-01  1.034708E-03  1.768879E-05  7.707272E-07  5.008863E-03  6.520961E-07  2.355260E-06  3.792483E-07  1.046962E-01  1.393465E-05  8.389921E-07  7.181609E-07  4.954286E-04  6.735793E-04  7.039966E-06  3.024808E-06  3.877568E-06  2.843059E-06
 3.071500E+02  3.456388E-01  2.303384E-04  2.838189E-08  3.763554E-08  4.196667E-08  5.052215E-08  2.965964E-01  3.576593E-04  1.779576E-06  2.467052E-01  1.021078E-03  1.675449E-05  7.527983E-07  4.918452E-03  6.184213E-07  2.239444E-06  3.643348E-07  1.033278E-01  1.333181E-05  8.123933E-07  6.949145E-07  4.877334E-04  6.631064E-04  6.651133E-06  2.849133E-06  3.653591E-06  2.706821E-06
 3.081500E+02  3.463583E-01  2.280550E-04  2.750543E-08  3.648303E-08  4.068389E-08  4.899014E-08  2.966567E-01  3.510435E-04  1.671413E-06  2.474019E-01  1.007659E-03  1.587386E-05  7.353480E-07  4.830238E-03  5.866983E-07  2.130061E-06  3.500992E-07  1.019824E-01  1.275802E-05  7.867748E-07  6.725407E-07  4.801977E-04  6.528512E-04  6.285833E-06  2.684693E-06  3.443872E-06  2.577884E-06
 3.091500E+02  3.470653E-01  2.258037E-04  2.666092E-08  3.537223E-08  3.944746E-08  4.751310E-08  2.967155E-01  3.445978E-04  1.570516E-06  2.480869E-01  9.944489E-04  1.504361E-05  7.183630E-07  4.744155E-03  5.568028E-07  2.026717E-06  3.365072E-07  1.006595E-01  1.221173E-05  7.620966E-07  6.510032E-07  4.728176E-04  6.428084E-04  5.942530E-06  2.530711E-06  3.247425E-06  2.455820E-06
 3.101500E+02  3.477602E-01  2.235838E-04  2.584705E-08  3.430144E-08  3.825550E-08  4.608883E-08  2.967728E-01  3.383171E-04  1.476354E-06  2.487603E-01  9.814446E-04  1.426065E-05  7.018306E-07  4.660144E-03  5.286191E-07  1.929044E-06  3.235262E-07  9.935874E-02  1.169153E-05  7.383205E-07  6.302675E-07  4.655894E-04  6.329731E-04  5.619796E-06  2.386465E-06  3.063340E-06  2.340227E-06
 3.111500E+02  3.484431E-01  2.213951E-04  2.506257E-08  3.326905E-08  3.710621E-08  4.471520E-08  2.968288E-01  3.321960E-04  1.388437E-06  2.494224E-01  9.686435E-04  1.352211E-05  6.857381E-07  4.578145E-03  5.020393E-07  1.836698E-06  3.111255E-07  9.807981E-02  1.119606E-05  7.154099E-07  6.103004E-07  4.585096E-04  6.233402E-04  5.316298E-06  2.251286E-06  2.890771E-06  2.230730E-06
 3.121500E+02  3.491143E-01  2.192371E-04  2.430630E-08  3.227351E-08  3.599789E-08  4.339020E-08  2.968835E-01  3.262297E-04  1.306314E-06  2.500733E-01  9.560431E-04  1.282527E-05  6.700733E-07  4.498101E-03  4.769631E-07  1.749358E-06  2.992761E-07  9.682231E-02  1.072404E-05  6.933298E-07  5.910704E-07  4.515747E-04  6.139051E-04  5.030800E-06  2.124555E-06  2.728936E-06  2.126977E-06
 3.131500E+02  3.497740E-01  2.171094E-04  2.357710E-08  3.131335E-08  3.492888E-08  4.211189E-08  2.969368E-01  3.204134E-04  1.229569E-06  2.507132E-01  9.436406E-04  1.216762E-05  6.548243E-07  4.419956E-03  4.532966E-07  1.666724E-06  2.879506E-07  9.558588E-02  1.027426E-05  6.720468E-07  5.725472E-07  4.447812E-04  6.046629E-04  4.762147E-06  2.005701E-06  2.577109E-06  2.028637E-06
 3.141500E+02  3.504224E-01  2.150115E-04  2.287387E-08  3.038715E-08  3.389763E-08  4.087843E-08  2.969889E-01  3.147424E-04  1.157819E-06  2.513424E-01  9.314333E-04  1.154679E-05  6.399795E-07  4.343656E-03  4.309528E-07  1.588516E-06  2.771230E-07  9.437016E-02  9.845585E-06  6.515289E-07  5.547020E-07  4.381258E-04  5.956093E-04  4.509265E-06  1.894190E-06  2.434619E-06  1.935402E-06
 3.151500E+02  3.510596E-01  2.129431E-04  2.219557E-08  2.949355E-08  3.290262E-08  3.968803E-08  2.970398E-01  3.092123E-04  1.090709E-06  2.519609E-01  9.194186E-04  1.096056E-05  6.255276E-07  4.269149E-03  4.098501E-07  1.514470E-06  2.667688E-07  9.317480E-02  9.436933E-06  6.317454E-07  5.375072E-07  4.316054E-04  5.867396E-04  4.271154E-06  1.789529E-06  2.300840E-06  1.846979E-06
 3.161500E+02  3.516859E-01  2.109038E-04  2.154122E-08  2.863127E-08  3.194243E-08  3.853900E-08  2.970895E-01  3.038189E-04  1.027912E-06  2.525690E-01  9.075936E-04  1.040687E-05  6.114575E-07  4.196386E-03  3.899126E-07  1.444343E-06  2.568648E-07  9.199945E-02  9.047286E-06  6.126672E-07  5.209364E-07  4.252167E-04  5.780497E-04  4.046879E-06  1.691262E-06  2.175193E-06  1.763098E-06
 3.171500E+02  3.523015E-01  2.088931E-04  2.090985E-08  2.779907E-08  3.101569E-08  3.742973E-08  2.971380E-01  2.985579E-04  9.691246E-07  2.531670E-01  8.959559E-04  9.883772E-06  5.977586E-07  4.125317E-03  3.710692E-07  1.377905E-06  2.473891E-07  9.084376E-02  8.675679E-06  5.942661E-07  5.049643E-07  4.189567E-04  5.695352E-04  3.835571E-06  1.598962E-06  2.057141E-06  1.683501E-06
 3.181500E+02  3.529066E-01  2.069106E-04  2.030056E-08  2.699577E-08  3.012107E-08  3.635866E-08  2.971855E-01  2.934254E-04  9.140687E-07  2.537548E-01  8.845025E-04  9.389453E-06  5.844204E-07  4.055894E-03  3.532539E-07  1.314939E-06  2.383209E-07  8.970739E-02  8.321201E-06  5.765154E-07  4.895669E-07  4.128223E-04  5.611921E-04  3.636417E-06  1.512237E-06  1.946184E-06  1.607948E-06
 3.191500E+02  3.535013E-01  2.049560E-04  1.971248E-08  2.622023E-08  2.925733E-08  3.532431E-08  2.972318E-01  2.884175E-04  8.624853E-07  2.543328E-01  8.732309E-04  8.922209E-06  5.714328E-07  3.988073E-03  3.364046E-07  1.255246E-06  2.296405E-07  8.859000E-02  7.982989E-06  5.593893E-07  4.747211E-07  4.068106E-04  5.530163E-04  3.448661E-06  1.430719E-06  1.841857E-06  1.536214E-06
 3.201500E+02  3.540860E-01  2.030289E-04  1.914478E-08  2.547137E-08  2.842325E-08  3.432525E-08  2.972771E-01  2.835305E-04  8.141352E-07  2.549011E-01  8.621383E-04  8.480444E-06  5.587860E-07  3.921810E-03  3.204636E-07  1.198637E-06  2.213292E-07  8.749127E-02  7.660227E-06  5.428634E-07  4.604047E-07  4.009188E-04  5.450040E-04  3.271596E-06  1.354069E-06  1.743729E-06  1.468087E-06
 3.211500E+02  3.546606E-01  2.011288E-04  1.859664E-08  2.474815E-08  2.761769E-08  3.336013E-08  2.973213E-01  2.787609E-04  7.687970E-07  2.554598E-01  8.512222E-04  8.062662E-06  5.464704E-07  3.857060E-03  3.053768E-07  1.144935E-06  2.133695E-07  8.641086E-02  7.352145E-06  5.269140E-07  4.465968E-07  3.951441E-04  5.371512E-04  3.104561E-06  1.281969E-06  1.651398E-06  1.403366E-06
 3.221500E+02  3.552255E-01  1.992553E-04  1.806732E-08  2.404959E-08  2.683955E-08  3.242763E-08  2.973645E-01  2.741050E-04  7.262657E-07  2.560093E-01  8.404798E-04  7.667461E-06  5.344766E-07  3.793783E-03  2.910936E-07  1.093973E-06  2.057446E-07  8.534845E-02  7.058011E-06  5.115187E-07  4.332770E-07  3.894838E-04  5.294544E-04  2.946941E-06  1.214126E-06  1.564492E-06  1.341864E-06
 3.231500E+02  3.557808E-01  1.974082E-04  1.755609E-08  2.337472E-08  2.608776E-08  3.152651E-08  2.974068E-01  2.695597E-04  6.863514E-07  2.565495E-01  8.299085E-04  7.293524E-06  5.227956E-07  3.731938E-03  2.775667E-07  1.045598E-06  1.984387E-07  8.430373E-02  6.777134E-06  4.966560E-07  4.204262E-07  3.839352E-04  5.219098E-04  2.798160E-06  1.150264E-06  1.482662E-06  1.283406E-06
 3.241500E+02  3.563267E-01  1.955869E-04  1.706223E-08  2.272263E-08  2.536132E-08  3.065557E-08  2.974481E-01  2.651217E-04  6.488780E-07  2.570807E-01  8.195056E-04  6.939619E-06  5.114186E-07  3.671487E-03  2.647518E-07  9.996633E-07  1.914367E-07  8.327638E-02  6.508860E-06  4.823050E-07  4.080257E-07  3.784957E-04  5.145140E-04  2.657680E-06  1.090131E-06  1.405586E-06  1.227824E-06
 3.251500E+02  3.568633E-01  1.937912E-04  1.658509E-08  2.209247E-08  2.465925E-08  2.981367E-08  2.974885E-01  2.607878E-04  6.136822E-07  2.576031E-01  8.092686E-04  6.604588E-06  5.003370E-07  3.612392E-03  2.526075E-07  9.560318E-07  1.847244E-07  8.226608E-02  6.252569E-06  4.684461E-07  3.960579E-07  3.731629E-04  5.072635E-04  2.524997E-06  1.033488E-06  1.332962E-06  1.174964E-06
 3.261500E+02  3.573909E-01  1.920206E-04  1.612402E-08  2.148338E-08  2.398063E-08  2.899970E-08  2.975280E-01  2.565551E-04  5.806126E-07  2.581167E-01  7.991949E-04  6.287344E-06  4.895425E-07  3.554616E-03  2.410949E-07  9.145753E-07  1.782883E-07  8.127255E-02  6.007673E-06  4.550604E-07  3.845058E-07  3.679342E-04  5.001549E-04  2.399643E-06  9.801137E-07  1.264508E-06  1.124679E-06
 3.271500E+02  3.579095E-01  1.902747E-04  1.567841E-08  2.089457E-08  2.332458E-08  2.821261E-08  2.975666E-01  2.524205E-04  5.495285E-07  2.586218E-01  7.892819E-04  5.986867E-06  4.790270E-07  3.498123E-03  2.301777E-07  8.751733E-07  1.721157E-07  8.029547E-02  5.773617E-06  4.421295E-07  3.733533E-07  3.628074E-04  4.931850E-04  2.281176E-06  9.298029E-07  1.199965E-06  1.076829E-06
 3.281500E+02  3.584195E-01  1.885533E-04  1.524767E-08  2.032527E-08  2.269023E-08  2.745140E-08  2.976044E-01  2.483814E-04  5.202995E-07  2.591185E-01  7.795270E-04  5.702201E-06  4.687827E-07  3.442880E-03  2.198217E-07  8.377125E-07  1.661942E-07  7.933455E-02  5.549874E-06  4.296363E-07  3.625847E-07  3.577800E-04  4.863505E-04  2.169186E-06  8.823636E-07  1.139087E-06  1.031285E-06
 3.291500E+02  3.589208E-01  1.868559E-04  1.483123E-08  1.977475E-08  2.207677E-08  2.671510E-08  2.976414E-01  2.444350E-04  4.928043E-07  2.596070E-01  7.699278E-04  5.432445E-06  4.588018E-07  3.388852E-03  2.099950E-07  8.020864E-07  1.605124E-07  7.838950E-02  5.335945E-06  4.175639E-07  3.521853E-07  3.528497E-04  4.796485E-04  2.063288E-06  8.376165E-07  1.081647E-06  9.879242E-07
 3.301500E+02  3.594138E-01  1.851822E-04  1.442855E-08  1.924230E-08  2.148342E-08  2.600277E-08  2.976775E-01  2.405786E-04  4.669302E-07  2.600874E-01  7.604817E-04  5.176756E-06  4.490771E-07  3.336008E-03  2.006677E-07  7.681951E-07  1.550594E-07  7.746004E-02  5.131356E-06  4.058964E-07  3.421408E-07  3.480145E-04  4.730758E-04  1.963120E-06  7.953949E-07  1.027433E-06  9.466311E-07
 3.311500E+02  3.598984E-01  1.835318E-04  1.403913E-08  1.872725E-08  2.090942E-08  2.531353E-08  2.977129E-01  2.368097E-04  4.425724E-07  2.605599E-01  7.511863E-04  4.934340E-06  4.396013E-07  3.284316E-03  1.918115E-07  7.359444E-07  1.498247E-07  7.654589E-02  4.935660E-06  3.946185E-07  3.324374E-07  3.432720E-04  4.666295E-04  1.868346E-06  7.555429E-07  9.762469E-07  9.072965E-07
 3.321500E+02  3.603750E-01  1.819044E-04  1.366245E-08  1.822894E-08  2.035406E-08  2.464653E-08  2.977475E-01  2.331259E-04  4.196337E-07  2.610246E-01  7.420391E-04  4.704451E-06  4.303674E-07  3.233746E-03  1.834000E-07  7.052458E-07  1.447985E-07  7.564676E-02  4.748429E-06  3.837155E-07  3.230623E-07  3.386203E-04  4.603067E-04  1.778649E-06  7.179151E-07  9.279037E-07  8.698179E-07
 3.331500E+02  3.608437E-01  1.802996E-04  1.329805E-08  1.774676E-08  1.981665E-08  2.400094E-08  2.977814E-01  2.295248E-04  3.980232E-07  2.614816E-01  7.330377E-04  4.486388E-06  4.213686E-07  3.184269E-03  1.754086E-07  6.760161E-07  1.399713E-07  7.476238E-02  4.569262E-06  3.731734E-07  3.140028E-07  3.340572E-04  4.541046E-04  1.693733E-06  6.823758E-07  8.822304E-07  8.340984E-07
 3.341500E+02  3.613045E-01  1.787172E-04  1.294546E-08  1.728012E-08  1.929653E-08  2.337598E-08  2.978145E-01  2.260040E-04  3.776566E-07  2.619311E-01  7.241797E-04  4.279492E-06  4.125983E-07  3.135855E-03  1.678139E-07  6.481769E-07  1.353342E-07  7.389250E-02  4.397776E-06  3.629786E-07  3.052469E-07  3.295807E-04  4.480204E-04  1.613320E-06  6.487981E-07  8.390658E-07  8.000467E-07
 3.351500E+02  3.617577E-01  1.771567E-04  1.260426E-08  1.682843E-08  1.879305E-08  2.277091E-08  2.978469E-01  2.225614E-04  3.584554E-07  2.623732E-01  7.154628E-04  4.083144E-06  4.040502E-07  3.088478E-03  1.605940E-07  6.216543E-07  1.308788E-07  7.303684E-02  4.233607E-06  3.531181E-07  2.967832E-07  3.251890E-04  4.420516E-04  1.537151E-06  6.170636E-07  7.982589E-07  7.675765E-07
 3.361500E+02  3.622033E-01  1.756178E-04  1.227401E-08  1.639116E-08  1.830562E-08  2.218498E-08  2.978787E-01  2.191948E-04  3.403463E-07  2.628081E-01  7.068846E-04  3.896759E-06  3.957179E-07  3.042110E-03  1.537284E-07  5.963789E-07  1.265970E-07  7.219515E-02  4.076412E-06  3.435797E-07  2.886006E-07  3.208800E-04  4.361955E-04  1.464980E-06  5.870614E-07  7.596687E-07  7.366065E-07
 3.371500E+02  3.626416E-01  1.741002E-04  1.195433E-08  1.596777E-08  1.783365E-08  2.161752E-08  2.979098E-01  2.159021E-04  3.232611E-07  2.632359E-01  6.984427E-04  3.719790E-06  3.875955E-07  2.996725E-03  1.471978E-07  5.722852E-07  1.224812E-07  7.136717E-02  3.925863E-06  3.343513E-07  2.806885E-07  3.166519E-04  4.304495E-04  1.396579E-06  5.586879E-07  7.231632E-07  7.070600E-07
 3.381500E+02  3.630727E-01  1.726035E-04  1.164482E-08  1.555777E-08  1.737656E-08  2.106785E-08  2.979402E-01  2.126813E-04  3.071363E-07  2.636567E-01  6.901350E-04  3.551720E-06  3.796771E-07  2.952297E-03  1.409840E-07  5.493115E-07  1.185240E-07  7.055265E-02  3.781649E-06  3.254215E-07  2.730369E-07  3.125030E-04  4.248112E-04  1.331732E-06  5.318464E-07  6.886189E-07  6.788644E-07
 3.391500E+02  3.634966E-01  1.711275E-04  1.134511E-08  1.516066E-08  1.693384E-08  2.053534E-08  2.979700E-01  2.095304E-04  2.919126E-07  2.640707E-01  6.819592E-04  3.392063E-06  3.719569E-07  2.908803E-03  1.350699E-07  5.273996E-07  1.147185E-07  6.975135E-02  3.643477E-06  3.167794E-07  2.656360E-07  3.084315E-04  4.192783E-04  1.270239E-06  5.064462E-07  6.559203E-07  6.519511E-07
 3.401500E+02  3.639136E-01  1.696719E-04  1.105485E-08  1.477599E-08  1.650496E-08  2.001937E-08  2.979992E-01  2.064476E-04  2.775345E-07  2.644779E-01  6.739130E-04  3.240363E-06  3.644296E-07  2.866219E-03  1.294394E-07  5.064946E-07  1.110581E-07  6.896303E-02  3.511067E-06  3.084145E-07  2.584764E-07  3.044355E-04  4.138482E-04  1.211910E-06  4.824023E-07  6.249593E-07  6.262556E-07
 3.411500E+02  3.643237E-01  1.682363E-04  1.077369E-08  1.440330E-08  1.608942E-08  1.951935E-08  2.980278E-01  2.034311E-04  2.639504E-07  2.648785E-01  6.659942E-04  3.096187E-06  3.570896E-07  2.824520E-03  1.240773E-07  4.865448E-07  1.075365E-07  6.818745E-02  3.384153E-06  3.003166E-07  2.515494E-07  3.005135E-04  4.085188E-04  1.156566E-06  4.596355E-07  5.956345E-07  6.017167E-07
 3.421500E+02  3.647272E-01  1.668203E-04  1.050131E-08  1.404217E-08  1.568675E-08  1.903472E-08  2.980558E-01  2.004790E-04  2.511122E-07  2.652727E-01  6.582008E-04  2.959131E-06  3.499318E-07  2.783686E-03  1.189695E-07  4.675014E-07  1.041478E-07  6.742437E-02  3.262481E-06  2.924760E-07  2.448462E-07  2.966639E-04  4.032878E-04  1.104042E-06  4.380712E-07  5.678510E-07  5.782766E-07
 3.431500E+02  3.651240E-01  1.654238E-04  1.023739E-08  1.369219E-08  1.529648E-08  1.856493E-08  2.980832E-01  1.975896E-04  2.389748E-07  2.656605E-01  6.505306E-04  2.828811E-06  3.429511E-07  2.743693E-03  1.141025E-07  4.493182E-07  1.008862E-07  6.667357E-02  3.145814E-06  2.848835E-07  2.383587E-07  2.928849E-04  3.981530E-04  1.054179E-06  4.176397E-07  5.415199E-07  5.558805E-07
 3.441500E+02  3.655144E-01  1.640465E-04  9.981638E-09  1.335295E-08  1.491819E-08  1.810946E-08  2.981101E-01  1.947614E-04  2.274960E-07  2.660421E-01  6.429814E-04  2.704867E-06  3.361427E-07  2.704522E-03  1.094637E-07  4.319518E-07  9.774629E-08  6.593483E-02  3.033922E-06  2.775301E-07  2.320789E-07  2.891751E-04  3.931123E-04  1.006831E-06  3.982758E-07  5.165577E-07  5.344769E-07
 3.451500E+02  3.658985E-01  1.626879E-04  9.733753E-09  1.302409E-08  1.455145E-08  1.766780E-08  2.981364E-01  1.919926E-04  2.166365E-07  2.664175E-01  6.355512E-04  2.586961E-06  3.295017E-07  2.666150E-03  1.050411E-07  4.153611E-07  9.472297E-08  6.520793E-02  2.926588E-06  2.704072E-07  2.259993E-07  2.855330E-04  3.881636E-04  9.618580E-07  3.799181E-07  4.928862E-07  5.140169E-07
 3.461500E+02  3.662763E-01  1.613478E-04  9.493461E-09  1.270523E-08  1.419585E-08  1.723948E-08  2.981622E-01  1.892817E-04  2.063596E-07  2.667869E-01  6.282381E-04  2.474770E-06  3.230235E-07  2.628559E-03  1.008235E-07  3.995072E-07  9.181127E-08  6.449264E-02  2.823608E-06  2.635066E-07  2.201127E-07  2.819570E-04  3.833050E-04  9.191303E-07  3.625093E-07  4.704321E-07  4.944541E-07
 3.471500E+02  3.666481E-01  1.600261E-04  9.260495E-09  1.239603E-08  1.385100E-08  1.682403E-08  2.981875E-01  1.866272E-04  1.966307E-07  2.671504E-01  6.210398E-04  2.367995E-06  3.167036E-07  2.591729E-03  9.680021E-08  3.843535E-07  8.900650E-08  6.378876E-02  2.724785E-06  2.568204E-07  2.144120E-07  2.784458E-04  3.785343E-04  8.785250E-07  3.459954E-07  4.491266E-07  4.757449E-07
 3.481500E+02  3.670138E-01  1.587222E-04  9.034595E-09  1.209615E-08  1.351653E-08  1.642100E-08  2.982123E-01  1.840277E-04  1.874178E-07  2.675081E-01  6.139546E-04  2.266349E-06  3.105378E-07  2.555641E-03  9.296135E-08  3.698652E-07  8.630418E-08  6.309607E-02  2.629932E-06  2.503409E-07  2.088906E-07  2.749978E-04  3.738498E-04  8.399266E-07  3.303258E-07  4.289050E-07  4.578477E-07
 3.491500E+02  3.673737E-01  1.574361E-04  8.815517E-09  1.180526E-08  1.319208E-08  1.602997E-08  2.982365E-01  1.814817E-04  1.786905E-07  2.678602E-01  6.069805E-04  2.169563E-06  3.045216E-07  2.520277E-03  8.929745E-08  3.560096E-07  8.370005E-08  6.241438E-02  2.538873E-06  2.440609E-07  2.035420E-07  2.716118E-04  3.692495E-04  8.032263E-07  3.154531E-07  4.097066E-07  4.407233E-07
 3.501500E+02  3.677278E-01  1.561673E-04  8.603021E-09  1.152305E-08  1.287730E-08  1.565052E-08  2.982604E-01  1.789878E-04  1.704208E-07  2.682066E-01  6.001154E-04  2.077385E-06  2.986511E-07  2.485619E-03  8.579960E-08  3.427557E-07  8.119004E-08  6.174348E-02  2.451438E-06  2.379733E-07  1.983600E-07  2.682864E-04  3.647317E-04  7.683218E-07  3.013327E-07  3.914745E-07  4.243345E-07
 3.511500E+02  3.680762E-01  1.549157E-04  8.396881E-09  1.124923E-08  1.257185E-08  1.528225E-08  2.982837E-01  1.765447E-04  1.625822E-07  2.685475E-01  5.933577E-04  1.989575E-06  2.929223E-07  2.451650E-03  8.245938E-08  3.300742E-07  7.877027E-08  6.108318E-02  2.367468E-06  2.320714E-07  1.933387E-07  2.650203E-04  3.602944E-04  7.351169E-07  2.879228E-07  3.741551E-07  4.086461E-07
 3.521500E+02  3.684191E-01  1.536810E-04  8.196876E-09  1.098351E-08  1.227543E-08  1.492480E-08  2.983066E-01  1.741512E-04  1.551498E-07  2.688831E-01  5.867053E-04  1.905907E-06  2.873312E-07  2.418353E-03  7.926886E-08  3.179372E-07  7.643703E-08  6.043328E-02  2.286810E-06  2.263487E-07  1.884725E-07  2.618121E-04  3.559361E-04  7.035206E-07  2.751839E-07  3.576981E-07  3.936248E-07
 3.531500E+02  3.687565E-01  1.524629E-04  8.002796E-09  1.072560E-08  1.198771E-08  1.457778E-08  2.983290E-01  1.718059E-04  1.481004E-07  2.692134E-01  5.801565E-04  1.826167E-06  2.818741E-07  2.385712E-03  7.622054E-08  3.063185E-07  7.418678E-08  5.979359E-02  2.209318E-06  2.207990E-07  1.837557E-07  2.586607E-04  3.516549E-04  6.734474E-07  2.630791E-07  3.420562E-07  3.792388E-07
 3.541500E+02  3.690886E-01  1.512612E-04  7.814437E-09  1.047525E-08  1.170842E-08  1.424085E-08  2.983510E-01  1.695076E-04  1.414122E-07  2.695385E-01  5.737094E-04  1.750154E-06  2.765474E-07  2.353710E-03  7.330733E-08  2.951932E-07  7.201615E-08  5.916393E-02  2.134853E-06  2.154162E-07  1.791833E-07  2.555649E-04  3.474492E-04  6.448168E-07  2.515736E-07  3.271849E-07  3.654582E-07
 3.551500E+02  3.694154E-01  1.500755E-04  7.631605E-09  1.023220E-08  1.143725E-08  1.391366E-08  2.983726E-01  1.672552E-04  1.350649E-07  2.698585E-01  5.673624E-04  1.677678E-06  2.713476E-07  2.322333E-03  7.052252E-08  2.845378E-07  6.992193E-08  5.854412E-02  2.063285E-06  2.101946E-07  1.747500E-07  2.525234E-04  3.433175E-04  6.175528E-07  2.406348E-07  3.130422E-07  3.522546E-07
 3.561500E+02  3.697371E-01  1.489058E-04  7.454111E-09  9.996195E-09  1.117393E-08  1.359589E-08  2.983937E-01  1.650475E-04  1.290391E-07  2.701735E-01  5.611136E-04  1.608557E-06  2.662711E-07  2.291566E-03  6.785978E-08  2.743299E-07  6.790103E-08  5.793397E-02  1.994487E-06  2.051287E-07  1.704511E-07  2.495352E-04  3.392580E-04  5.915836E-07  2.302318E-07  2.995890E-07  3.396010E-07
 3.571500E+02  3.700537E-01  1.477516E-04  7.281776E-09  9.767006E-09  1.091821E-08  1.328723E-08  2.984145E-01  1.628834E-04  1.233170E-07  2.704836E-01  5.549614E-04  1.542624E-06  2.613147E-07  2.261393E-03  6.531312E-08  2.645484E-07  6.595051E-08  5.733330E-02  1.928340E-06  2.002132E-07  1.662819E-07  2.465990E-04  3.352694E-04  5.668416E-07  2.203358E-07  2.867879E-07  3.274717E-07
 3.581500E+02  3.703654E-01  1.466128E-04  7.114425E-09  9.544403E-09  1.066983E-08  1.298737E-08  2.984348E-01  1.607618E-04  1.178815E-07  2.707889E-01  5.489041E-04  1.479716E-06  2.564750E-07  2.231801E-03  6.287688E-08  2.551732E-07  6.406757E-08  5.674196E-02  1.864730E-06  1.954428E-07  1.622379E-07  2.437137E-04  3.313501E-04  5.432632E-07  2.109195E-07  2.746043E-07  3.158425E-07
 3.591500E+02  3.706721E-01  1.454891E-04  6.951892E-09  9.328166E-09  1.042853E-08  1.269602E-08  2.984548E-01  1.586817E-04  1.127169E-07  2.710894E-01  5.429401E-04  1.419681E-06  2.517491E-07  2.202777E-03  6.054567E-08  2.461853E-07  6.224952E-08  5.615976E-02  1.803548E-06  1.908127E-07  1.583147E-07  2.408784E-04  3.274986E-04  5.207881E-07  2.019571E-07  2.630052E-07  3.046903E-07
 3.601500E+02  3.709741E-01  1.443803E-04  6.794015E-09  9.118084E-09  1.019410E-08  1.241290E-08  2.984744E-01  1.566421E-04  1.078081E-07  2.713853E-01  5.370676E-04  1.362376E-06  2.471338E-07  2.174306E-03  5.831444E-08  2.375667E-07  6.049381E-08  5.558655E-02  1.744691E-06  1.863181E-07  1.545083E-07  2.380919E-04  3.237135E-04  4.993595E-07  1.934247E-07  2.519596E-07  2.939933E-07
 3.611500E+02  3.712714E-01  1.432862E-04  6.640639E-09  8.913953E-09  9.966300E-09  1.213774E-08  2.984936E-01  1.546419E-04  1.031412E-07  2.716766E-01  5.312852E-04  1.307665E-06  2.426261E-07  2.146376E-03  5.617836E-08  2.293003E-07  5.879797E-08  5.502215E-02  1.688060E-06  1.819545E-07  1.508146E-07  2.353532E-04  3.199933E-04  4.789238E-07  1.852993E-07  2.414383E-07  2.837306E-07
 3.621500E+02  3.715641E-01  1.422065E-04  6.491616E-09  8.715577E-09  9.744911E-09  1.187028E-08  2.985125E-01  1.526802E-04  9.870302E-08  2.719635E-01  5.255911E-04  1.255419E-06  2.382232E-07  2.118973E-03  5.413289E-08  2.213698E-07  5.715967E-08  5.446641E-02  1.633560E-06  1.777174E-07  1.472298E-07  2.326614E-04  3.163369E-04  4.594304E-07  1.775596E-07  2.314139E-07  2.738825E-07
 3.631500E+02  3.718522E-01  1.411411E-04  6.346801E-09  8.522767E-09  9.529727E-09  1.161027E-08  2.985310E-01  1.507561E-04  9.448108E-08  2.722459E-01  5.199841E-04  1.205516E-06  2.339223E-07  2.092087E-03  5.217371E-08  2.137599E-07  5.557666E-08  5.391918E-02  1.581103E-06  1.736026E-07  1.437501E-07  2.300154E-04  3.127427E-04  4.408313E-07  1.701854E-07  2.218604E-07  2.644303E-07
 3.641500E+02  3.721360E-01  1.400896E-04  6.206057E-09  8.335342E-09  9.320543E-09  1.135746E-08  2.985492E-01  1.488687E-04  9.046373E-08  2.725241E-01  5.144623E-04  1.157840E-06  2.297206E-07  2.065704E-03  5.029673E-08  2.064559E-07  5.404681E-08  5.338030E-02  1.530602E-06  1.696060E-07  1.403721E-07  2.274142E-04  3.092096E-04  4.230813E-07  1.631574E-07  2.127534E-07  2.553560E-07
 3.651500E+02  3.724153E-01  1.390519E-04  6.069249E-09  8.153126E-09  9.117165E-09  1.111163E-08  2.985671E-01  1.470170E-04  8.663999E-08  2.727980E-01  5.090245E-04  1.112284E-06  2.256156E-07  2.039813E-03  4.849809E-08  1.994440E-07  5.256806E-08  5.284961E-02  1.481976E-06  1.657238E-07  1.370923E-07  2.248571E-04  3.057362E-04  4.061378E-07  1.564579E-07  2.040697E-07  2.466429E-07
 3.661500E+02  3.726904E-01  1.380278E-04  5.936251E-09  7.975951E-09  8.919406E-09  1.087255E-08  2.985846E-01  1.452003E-04  8.299953E-08  2.730677E-01  5.036692E-04  1.068742E-06  2.216047E-07  2.014403E-03  4.677411E-08  1.927109E-07  5.113844E-08  5.232698E-02  1.435146E-06  1.619521E-07  1.339074E-07  2.223430E-04  3.023213E-04  3.899603E-07  1.500697E-07  1.957876E-07  2.382746E-07
 3.671500E+02  3.729612E-01  1.370171E-04  5.806938E-09  7.803654E-09  8.727083E-09  1.064000E-08  2.986018E-01  1.434177E-04  7.953261E-08  2.733334E-01  4.983948E-04  1.027119E-06  2.176853E-07  1.989463E-03  4.512130E-08  1.862441E-07  4.975609E-08  5.181226E-02  1.390039E-06  1.582873E-07  1.308142E-07  2.198710E-04  2.989637E-04  3.745106E-07  1.439770E-07  1.878865E-07  2.302360E-07
 3.681500E+02  3.732280E-01  1.360195E-04  5.681192E-09  7.636078E-09  8.540023E-09  1.041377E-08  2.986186E-01  1.416684E-04  7.623005E-08  2.735950E-01  4.932001E-04  9.873191E-07  2.138551E-07  1.964982E-03  4.353636E-08  1.800317E-07  4.841919E-08  5.130530E-02  1.346583E-06  1.547259E-07  1.278097E-07  2.174404E-04  2.956622E-04  3.597526E-07  1.381645E-07  1.803471E-07  2.225124E-07
 3.691500E+02  3.734907E-01  1.350348E-04  5.558897E-09  7.473072E-09  8.358058E-09  1.019367E-08  2.986352E-01  1.399516E-04  7.308322E-08  2.738527E-01  4.880835E-04  9.492563E-07  2.101118E-07  1.940949E-03  4.201615E-08  1.740625E-07  4.712604E-08  5.080596E-02  1.304711E-06  1.512645E-07  1.248910E-07  2.150502E-04  2.924157E-04  3.456521E-07  1.326181E-07  1.731509E-07  2.150901E-07
 3.701500E+02  3.737494E-01  1.340629E-04  5.439943E-09  7.314491E-09  8.181024E-09  9.979498E-09  2.986515E-01  1.382666E-04  7.008397E-08  2.741065E-01  4.830438E-04  9.128468E-07  2.064530E-07  1.917355E-03  4.055771E-08  1.683255E-07  4.587498E-08  5.031412E-02  1.264357E-06  1.478999E-07  1.220552E-07  2.126996E-04  2.892230E-04  3.321768E-07  1.273241E-07  1.662807E-07  2.079557E-07
 3.711500E+02  3.740042E-01  1.331036E-04  5.324223E-09  7.160194E-09  8.008767E-09  9.771069E-09  2.986675E-01  1.366126E-04  6.722461E-08  2.743565E-01  4.780797E-04  8.780115E-07  2.028766E-07  1.894189E-03  3.915820E-08  1.628107E-07  4.466444E-08  4.982963E-02  1.225460E-06  1.446289E-07  1.192996E-07  2.103879E-04  2.860831E-04  3.192960E-07  1.222700E-07  1.597201E-07  2.010967E-07
 3.721500E+02  3.742552E-01  1.321566E-04  5.211634E-09  7.010045E-09  7.841135E-09  9.568202E-09  2.986832E-01  1.349889E-04  6.449791E-08  2.746028E-01  4.731897E-04  8.446756E-07  1.993803E-07  1.871441E-03  3.781494E-08  1.575083E-07  4.349289E-08  4.935236E-02  1.187961E-06  1.414484E-07  1.166215E-07  2.081142E-04  2.829949E-04  3.069807E-07  1.174436E-07  1.534537E-07  1.945012E-07
 3.731500E+02  3.745024E-01  1.312218E-04  5.102078E-09  6.863915E-09  7.677983E-09  9.370723E-09  2.986986E-01  1.333948E-04  6.189702E-08  2.748454E-01  4.683726E-04  8.127679E-07  1.959622E-07  1.849104E-03  3.652539E-08  1.524089E-07  4.235889E-08  4.888219E-02  1.151803E-06  1.383557E-07  1.140185E-07  2.058777E-04  2.799572E-04  2.952036E-07  1.128336E-07  1.474667E-07  1.881578E-07
