#         T/K            c1          c2-1          c3-4          c3-5          c3-7          c3-9            m1          m2-1          m3-1            w1            w2          w3-1          w3-2          c1m1        c1m2-1        c1m2-7        c2m1-1        c1w1-2        c1w2-1        c2w1-1        c2w1-9        m1w1-1        m1w1-4        m1w2-1        m2w1-1        m2w1-3      c1m1w1-1
 2.731500E+02  3.963098E-01  5.409385E-04  1.954871E-07  2.565815E-07  2.854673E-07  3.403842E-07  1.947745E-01  3.320717E-04  6.110702E-06  1.988473E-01  1.412142E-03  1.020003E-04  1.431173E-06  8.405538E-03  2.724022E-06  8.938382E-06  1.850211E-06  1.978095E-01  7.720908E-05  4.143244E-06  3.638207E-06  5.445713E-04  7.413084E-04  3.293149E-05  1.167956E-05  1.479232E-05  1.391677E-05
 2.741500E+02  3.977586E-01  5.344260E-04  1.878781E-07  2.466780E-07  2.744694E-07  3.273738E-07  1.948923E-01  3.241158E-04  5.637004E-06  2.002293E-01  1.396508E-03  9.605409E-05  1.400116E-06  8.214177E-03  2.545873E-06  8.380875E-06  1.758153E-06  1.951204E-01  7.341635E-05  3.988496E-06  3.499301E-06  5.352870E-04  7.286237E-04  3.081539E-05  1.085346E-05  1.375153E-05  1.311196E-05
 2.751500E+02  3.991857E-01  5.280173E-04  1.806103E-07  2.372153E-07  2.639601E-07  3.149374E-07  1.950066E-01  3.164087E-04  5.203195E-06  2.015918E-01  1.380937E-03  9.047246E-05  1.369646E-06  8.028404E-03  2.380558E-06  7.861869E-06  1.671271E-06  1.924687E-01  6.982393E-05  3.840217E-06  3.366322E-06  5.261862E-04  7.161918E-04  2.884483E-05  1.009052E-05  1.278992E-05  1.235803E-05
 2.761500E+02  4.005914E-01  5.217105E-04  1.736666E-07  2.281715E-07  2.539154E-07  3.030470E-07  1.951176E-01  3.089413E-04  4.805672E-06  2.029347E-01  1.365436E-03  8.523233E-05  1.339761E-06  7.848029E-03  2.227073E-06  7.378473E-06  1.589245E-06  1.898541E-01  6.642072E-05  3.698113E-06  3.238999E-06  5.172656E-04  7.040082E-04  2.700922E-05  9.385574E-06  1.190109E-05  1.165153E-05
 2.771500E+02  4.019757E-01  5.155041E-04  1.670310E-07  2.195260E-07  2.443122E-07  2.916756E-07  1.952253E-01  3.017049E-04  4.441177E-06  2.042583E-01  1.350012E-03  8.031209E-05  1.310458E-06  7.672869E-03  2.084502E-06  6.928027E-06  1.511776E-06  1.872765E-01  6.319622E-05  3.561908E-06  3.117069E-06  5.085221E-04  6.920684E-04  2.529882E-05  8.733928E-06  1.107912E-05  1.098925E-05
 2.781500E+02  4.033389E-01  5.093961E-04  1.606881E-07  2.112591E-07  2.351289E-07  2.807980E-07  1.953299E-01  2.946912E-04  4.106762E-06  2.055627E-01  1.334673E-03  7.569152E-05  1.281736E-06  7.502747E-03  1.952003E-06  6.508088E-06  1.438584E-06  1.847357E-01  6.014056E-05  3.431336E-06  3.000288E-06  4.999526E-04  6.803679E-04  2.370458E-05  8.131270E-06  1.031866E-05  1.036821E-05
 2.791500E+02  4.046813E-01  5.033850E-04  1.546236E-07  2.033523E-07  2.263450E-07  2.703902E-07  1.954315E-01  2.878921E-04  3.799760E-06  2.068480E-01  1.319423E-03  7.135168E-05  1.253589E-06  7.337495E-03  1.828803E-06  6.116405E-06  1.369408E-06  1.822314E-01  5.724441E-05  3.306146E-06  2.888419E-06  4.915538E-04  6.689023E-04  2.221817E-05  7.573665E-06  9.614782E-06  9.785645E-06
 2.801500E+02  4.060030E-01  4.974691E-04  1.488237E-07  1.957881E-07  2.179410E-07  2.604296E-07  1.955301E-01  2.812999E-04  3.517757E-06  2.081144E-01  1.304269E-03  6.727489E-05  1.226014E-06  7.176949E-03  1.714193E-06  5.750905E-06  1.304006E-06  1.797634E-01  5.449901E-05  3.186098E-06  2.781239E-06  4.833226E-04  6.576673E-04  2.083186E-05  7.057508E-06  8.962975E-06  9.238993E-06
 2.811500E+02  4.073042E-01  4.916468E-04  1.432757E-07  1.885499E-07  2.098986E-07  2.508946E-07  1.956259E-01  2.749072E-04  3.258562E-06  2.093620E-01  1.289216E-03  6.344457E-05  1.199006E-06  7.020953E-03  1.607524E-06  5.409682E-06  1.242149E-06  1.773314E-01  5.189605E-05  3.070963E-06  2.678534E-06  4.752559E-04  6.466583E-04  1.953851E-05  6.579505E-06  8.359120E-06  8.725865E-06
 2.821500E+02  4.085851E-01  4.859166E-04  1.379673E-07  1.816220E-07  2.022005E-07  2.417649E-07  1.957190E-01  2.687068E-04  3.020190E-06  2.105911E-01  1.274269E-03  5.984523E-05  1.172560E-06  6.869355E-03  1.508197E-06  5.090976E-06  1.183626E-06  1.749352E-01  4.942773E-05  2.960522E-06  2.580103E-06  4.673506E-04  6.358711E-04  1.833151E-05  6.136634E-06  7.799437E-06  8.244043E-06
 2.831500E+02  4.098461E-01  4.802768E-04  1.328869E-07  1.749895E-07  1.948301E-07  2.330213E-07  1.958095E-01  2.626920E-04  2.800843E-06  2.118017E-01  1.259433E-03  5.646237E-05  1.146670E-06  6.722011E-03  1.415662E-06  4.793166E-06  1.128237E-06  1.725744E-01  4.708668E-05  2.854568E-06  2.485752E-06  4.596035E-04  6.253013E-04  1.720476E-05  5.726131E-06  7.280464E-06  7.791468E-06
 2.841500E+02  4.110873E-01  4.747259E-04  1.280236E-07  1.686384E-07  1.877718E-07  2.246455E-07  1.958975E-01  2.568562E-04  2.598883E-06  2.129941E-01  1.244711E-03  5.328242E-05  1.121329E-06  6.578780E-03  1.329415E-06  4.514755E-06  1.075797E-06  1.702487E-01  4.486596E-05  2.752903E-06  2.395296E-06  4.520117E-04  6.149448E-04  1.615258E-05  5.345460E-06  6.799027E-06  7.366222E-06
 2.851500E+02  4.123089E-01  4.692625E-04  1.233669E-07  1.625552E-07  1.810109E-07  2.166201E-07  1.959830E-01  2.511930E-04  2.412827E-06  2.141685E-01  1.230109E-03  5.029268E-05  1.096532E-06  6.439527E-03  1.248990E-06  4.254364E-06  1.026132E-06  1.679579E-01  4.275900E-05  2.655339E-06  2.308563E-06  4.445720E-04  6.047971E-04  1.516975E-05  4.992298E-06  6.352215E-06  6.966524E-06
 2.861500E+02  4.135113E-01  4.638851E-04  1.189072E-07  1.567274E-07  1.745333E-07  2.089287E-07  1.960661E-01  2.456964E-04  2.241324E-06  2.153250E-01  1.215629E-03  4.748129E-05  1.072270E-06  6.304122E-03  1.173960E-06  4.010718E-06  9.790795E-07  1.657015E-01  4.075962E-05  2.561695E-06  2.225384E-06  4.372816E-04  5.948543E-04  1.425139E-05  4.664511E-06  5.937355E-06  6.590715E-06
 2.871500E+02  4.146945E-01  4.585922E-04  1.146350E-07  1.511429E-07  1.683257E-07  2.015558E-07  1.961470E-01  2.403606E-04  2.083148E-06  2.164638E-01  1.201274E-03  4.483712E-05  1.048538E-06  6.172441E-03  1.103930E-06  3.782640E-06  9.344870E-07  1.634793E-01  3.886200E-05  2.471799E-06  2.145601E-06  4.301374E-04  5.851122E-04  1.339303E-05  4.360143E-06  5.551994E-06  6.237252E-06
 2.881500E+02  4.158589E-01  4.533824E-04  1.105416E-07  1.457904E-07  1.623756E-07  1.944866E-07  1.962256E-01  2.351800E-04  1.937181E-06  2.175851E-01  1.187049E-03  4.234976E-05  1.025327E-06  6.044362E-03  1.038537E-06  3.569041E-06  8.922119E-07  1.612910E-01  3.706063E-05  2.385489E-06  2.069063E-06  4.231366E-04  5.755667E-04  1.259048E-05  4.077398E-06  5.193880E-06  5.904696E-06
 2.891500E+02  4.170047E-01  4.482544E-04  1.066185E-07  1.406590E-07  1.566709E-07  1.877070E-07  1.963021E-01  2.301492E-04  1.802407E-06  2.186891E-01  1.172955E-03  4.000949E-05  1.002630E-06  5.919770E-03  9.774465E-07  3.368916E-06  8.521207E-07  1.591360E-01  3.535031E-05  2.302608E-06  1.995626E-06  4.162763E-04  5.662139E-04  1.183989E-05  3.814627E-06  4.860943E-06  5.591711E-06
 2.901500E+02  4.181322E-01  4.432068E-04  1.028578E-07  1.357386E-07  1.512003E-07  1.812039E-07  1.963766E-01  2.252630E-04  1.677898E-06  2.197761E-01  1.158995E-03  3.780718E-05  9.804391E-07  5.798553E-03  9.203497E-07  3.181333E-06  8.140883E-07  1.570142E-01  3.372615E-05  2.223007E-06  1.925153E-06  4.095535E-04  5.570497E-04  1.113767E-05  3.570312E-06  4.551279E-06  5.297048E-06
 2.911500E+02  4.192415E-01  4.382381E-04  9.925206E-08  1.310193E-07  1.459530E-07  1.749644E-07  1.964490E-01  2.205166E-04  1.562810E-06  2.208461E-01  1.145172E-03  3.573432E-05  9.587460E-07  5.680603E-03  8.669616E-07  3.005433E-06  7.779972E-07  1.549250E-01  3.218352E-05  2.146545E-06  1.857514E-06  4.029656E-04  5.480703E-04  1.048050E-05  3.343061E-06  4.263140E-06  5.019546E-06
 2.921500E+02  4.203330E-01  4.333472E-04  9.579401E-08  1.264920E-07  1.409189E-07  1.689766E-07  1.965195E-01  2.159051E-04  1.456374E-06  2.218995E-01  1.131487E-03  3.378290E-05  9.375427E-07  5.565815E-03  8.170192E-07  2.840417E-06  7.437374E-07  1.528683E-01  3.071806E-05  2.073087E-06  1.792582E-06  3.965097E-04  5.392718E-04  9.865307E-06  3.131591E-06  3.994916E-06  4.758121E-06
 2.931500E+02  4.214068E-01  4.285326E-04  9.247690E-08  1.221480E-07  1.360882E-07  1.632292E-07  1.965882E-01  2.114239E-04  1.357885E-06  2.229363E-01  1.117942E-03  3.194547E-05  9.168208E-07  5.454090E-03  7.702797E-07  2.685548E-06  7.112057E-07  1.508434E-01  2.932565E-05  2.002502E-06  1.730241E-06  3.901832E-04  5.306506E-04  9.289224E-06  2.934724E-06  3.745125E-06  4.511764E-06
 2.941500E+02  4.224632E-01  4.237932E-04  8.929429E-08  1.179788E-07  1.314516E-07  1.577112E-07  1.966550E-01  2.070686E-04  1.266703E-06  2.239569E-01  1.104539E-03  3.021501E-05  8.965720E-07  5.345330E-03  7.265187E-07  2.540140E-06  6.803050E-07  1.488502E-01  2.800239E-05  1.934669E-06  1.670377E-06  3.839833E-04  5.222028E-04  8.749600E-06  2.751375E-06  3.512403E-06  4.279531E-06
 2.951500E+02  4.235026E-01  4.191276E-04  8.624005E-08  1.139766E-07  1.270004E-07  1.524124E-07  1.967200E-01  2.028349E-04  1.182242E-06  2.249615E-01  1.091280E-03  2.858498E-05  8.767877E-07  5.239444E-03  6.855286E-07  2.403559E-06  6.509445E-07  1.468881E-01  2.674462E-05  1.869469E-06  1.612882E-06  3.779074E-04  5.139248E-04  8.243970E-06  2.580543E-06  3.295493E-06  4.060545E-06
 2.961500E+02  4.245250E-01  4.145347E-04  8.330837E-08  1.101338E-07  1.227263E-07  1.473229E-07  1.967834E-01  1.987189E-04  1.103964E-06  2.259502E-01  1.078164E-03  2.704924E-05  8.574595E-07  5.136340E-03  6.471175E-07  2.275218E-06  6.230387E-07  1.449569E-01  2.554887E-05  1.806790E-06  1.557653E-06  3.719530E-04  5.058131E-04  7.770047E-06  2.421307E-06  3.093238E-06  3.853983E-06
 2.971500E+02  4.255307E-01  4.100132E-04  8.049372E-08  1.064434E-07  1.186214E-07  1.424336E-07  1.968451E-01  1.947165E-04  1.031380E-06  2.269232E-01  1.065195E-03  2.560204E-05  8.385788E-07  5.035932E-03  6.111081E-07  2.154570E-06  5.965074E-07  1.430560E-01  2.441186E-05  1.746525E-06  1.504592E-06  3.661175E-04  4.978642E-04  7.325706E-06  2.272821E-06  2.904570E-06  3.659081E-06
 2.981500E+02  4.265201E-01  4.055619E-04  7.779085E-08  1.028985E-07  1.146780E-07  1.377355E-07  1.969053E-01  1.908241E-04  9.640415E-07  2.278808E-01  1.052371E-03  2.423799E-05  8.201369E-07  4.938136E-03  5.773358E-07  2.041108E-06  5.712751E-07  1.411852E-01  2.333050E-05  1.688573E-06  1.453605E-06  3.603983E-04  4.900745E-04  6.908971E-06  2.134301E-06  2.728505E-06  3.475123E-06
 2.991500E+02  4.274932E-01  4.011796E-04  7.519476E-08  9.949262E-08  1.108891E-07  1.332202E-07  1.969639E-01  1.870378E-04  9.015376E-07  2.288231E-01  1.039694E-03  2.295206E-05  8.021254E-07  4.842872E-03  5.456485E-07  1.934362E-06  5.472710E-07  1.393439E-01  2.230187E-05  1.632835E-06  1.404604E-06  3.547931E-04  4.824407E-04  6.518009E-06  2.005025E-06  2.564133E-06  3.301440E-06
 3.001500E+02  4.284505E-01  3.968653E-04  7.270071E-08  9.621970E-08  1.072479E-07  1.288797E-07  1.970209E-01  1.833544E-04  8.434923E-07  2.297504E-01  1.027165E-03  2.173951E-05  7.845357E-07  4.750062E-03  5.159052E-07  1.833895E-06  5.244285E-07  1.375319E-01  2.132321E-05  1.579218E-06  1.357503E-06  3.492994E-04  4.749594E-04  6.151111E-06  1.884328E-06  2.410617E-06  3.137407E-06
 3.011500E+02  4.293921E-01  3.926176E-04  7.030419E-08  9.307386E-08  1.037478E-07  1.247064E-07  1.970766E-01  1.797703E-04  7.895606E-07  2.306630E-01  1.014783E-03  2.059592E-05  7.673593E-07  4.659630E-03  4.879752E-07  1.739300E-06  5.026847E-07  1.357487E-01  2.039191E-05  1.527634E-06  1.312221E-06  3.439149E-04  4.676275E-04  5.806693E-06  1.771596E-06  2.267183E-06  2.982442E-06
 3.021500E+02  4.303182E-01  3.884356E-04  6.800089E-08  9.004955E-08  1.003828E-07  1.206929E-07  1.971308E-01  1.762824E-04  7.394263E-07  2.315609E-01  1.002549E-03  1.951714E-05  7.505875E-07  4.571505E-03  4.617373E-07  1.650199E-06  4.819807E-07  1.339939E-01  1.950551E-05  1.477997E-06  1.268681E-06  3.386372E-04  4.604416E-04  5.483277E-06  1.666260E-06  2.133114E-06  2.835997E-06
 3.031500E+02  4.312291E-01  3.843181E-04  6.578673E-08  8.714146E-08  9.714680E-08  1.168325E-07  1.971837E-01  1.728875E-04  6.927993E-07  2.324445E-01  9.904634E-04  1.849928E-05  7.342121E-07  4.485615E-03  4.370790E-07  1.566242E-06  4.622611E-07  1.322671E-01  1.866168E-05  1.430226E-06  1.226808E-06  3.334641E-04  4.533986E-04  5.179490E-06  1.567797E-06  2.007751E-06  2.697563E-06
 3.041500E+02  4.321250E-01  3.802641E-04  6.365782E-08  8.434455E-08  9.403438E-08  1.131184E-07  1.972352E-01  1.695826E-04  6.494133E-07  2.333138E-01  9.785255E-04  1.753870E-05  7.182246E-07  4.401894E-03  4.138960E-07  1.487100E-06  4.434734E-07  1.305679E-01  1.785821E-05  1.384243E-06  1.186533E-06  3.283932E-04  4.464955E-04  4.894056E-06  1.475721E-06  1.890481E-06  2.566661E-06
 3.051500E+02  4.330062E-01  3.762724E-04  6.161045E-08  8.165404E-08  9.104017E-08  1.095445E-07  1.972855E-01  1.663648E-04  6.090236E-07  2.341692E-01  9.667354E-04  1.663198E-05  7.026167E-07  4.320275E-03  3.920915E-07  1.412469E-06  4.255685E-07  1.288959E-01  1.709303E-05  1.339976E-06  1.147788E-06  3.234225E-04  4.397292E-04  4.625783E-06  1.389586E-06  1.780739E-06  2.442844E-06
 3.061500E+02  4.338729E-01  3.723421E-04  5.964111E-08  7.906535E-08  8.815909E-08  1.061048E-07  1.973345E-01  1.632315E-04  5.714055E-07  2.350109E-01  9.550927E-04  1.577592E-05  6.873802E-07  4.240697E-03  3.715753E-07  1.342067E-06  4.085001E-07  1.272507E-01  1.636417E-05  1.297352E-06  1.110508E-06  3.185497E-04  4.330968E-04  4.373563E-06  1.308975E-06  1.678003E-06  2.325694E-06
 3.071500E+02  4.347254E-01  3.684720E-04  5.774643E-08  7.657411E-08  8.538632E-08  1.027935E-07  1.973823E-01  1.601797E-04  5.363522E-07  2.358389E-01  9.435972E-04  1.496750E-05  6.725070E-07  4.163097E-03  3.522639E-07  1.275627E-06  3.922242E-07  1.256320E-01  1.566977E-05  1.256305E-06  1.074633E-06  3.137729E-04  4.265953E-04  4.136366E-06  1.233506E-06  1.581788E-06  2.214818E-06
 3.081500E+02  4.355637E-01  3.646612E-04  5.592321E-08  7.417620E-08  8.271726E-08  9.960528E-08  1.974290E-01  1.572071E-04  5.036738E-07  2.366537E-01  9.322482E-04  1.420392E-05  6.579889E-07  4.087418E-03  3.340795E-07  1.212905E-06  3.766999E-07  1.240392E-01  1.500807E-05  1.216769E-06  1.040103E-06  3.090898E-04  4.202220E-04  3.913228E-06  1.162823E-06  1.491647E-06  2.109851E-06
 3.091500E+02  4.363883E-01  3.609087E-04  5.416841E-08  7.186764E-08  8.014751E-08  9.653490E-08  1.974745E-01  1.543110E-04  4.731951E-07  2.374553E-01  9.210453E-04  1.348252E-05  6.438180E-07  4.013602E-03  3.169497E-07  1.153671E-06  3.618881E-07  1.224721E-01  1.437740E-05  1.178683E-06  1.006862E-06  3.044984E-04  4.139740E-04  3.703254E-06  1.096598E-06  1.407162E-06  2.010446E-06
 3.101500E+02  4.371993E-01  3.572135E-04  5.247912E-08  6.964468E-08  7.767289E-08  9.357746E-08  1.975189E-01  1.514892E-04  4.447552E-07  2.382439E-01  9.099878E-04  1.280084E-05  6.299865E-07  3.941595E-03  3.008074E-07  1.097710E-06  3.477523E-07  1.209302E-01  1.377619E-05  1.141988E-06  9.748585E-07  2.999969E-04  4.078486E-04  3.505608E-06  1.034527E-06  1.327951E-06  1.916283E-06
 3.111500E+02  4.379969E-01  3.535747E-04  5.085257E-08  6.750372E-08  7.528941E-08  9.072823E-08  1.975623E-01  1.487392E-04  4.182056E-07  2.390198E-01  8.990749E-04  1.215653E-05  6.164866E-07  3.871343E-03  2.855898E-07  1.044823E-06  3.342579E-07  1.194131E-01  1.320296E-05  1.106628E-06  9.440397E-07  2.955832E-04  4.018431E-04  3.319511E-06  9.763262E-07  1.253655E-06  1.827058E-06
 3.121500E+02  4.387813E-01  3.499912E-04  4.928613E-08  6.544132E-08  7.299327E-08  8.798274E-08  1.976046E-01  1.460588E-04  3.934096E-07  2.397832E-01  8.883058E-04  1.154743E-05  6.033107E-07  3.802795E-03  2.712387E-07  9.948224E-07  3.213722E-07  1.179206E-01  1.265628E-05  1.072548E-06  9.143574E-07  2.912555E-04  3.959550E-04  3.144237E-06  9.217346E-07  1.183944E-06  1.742489E-06
 3.131500E+02  4.395528E-01  3.464622E-04  4.777727E-08  6.345423E-08  7.078084E-08  8.533670E-08  1.976459E-01  1.434459E-04  3.702409E-07  2.405342E-01  8.776796E-04  1.097147E-05  5.904513E-07  3.735901E-03  2.576996E-07  9.475344E-07  3.090645E-07  1.164520E-01  1.213483E-05  1.039697E-06  8.857648E-07  2.870119E-04  3.901816E-04  2.979107E-06  8.705094E-07  1.118511E-06  1.662308E-06
 3.141500E+02  4.403116E-01  3.429867E-04  4.632361E-08  6.153932E-08  6.864866E-08  8.278601E-08  1.976862E-01  1.408985E-04  3.485833E-07  2.412731E-01  8.671955E-04  1.042674E-05  5.779009E-07  3.670614E-03  2.449221E-07  9.027961E-07  2.973056E-07  1.150072E-01  1.163735E-05  1.008025E-06  8.582175E-07  2.828505E-04  3.845206E-04  2.823488E-06  8.224254E-07  1.057071E-06  1.586267E-06
 3.151500E+02  4.410579E-01  3.395638E-04  4.492284E-08  5.969362E-08  6.659342E-08  8.032677E-08  1.977255E-01  1.384144E-04  3.283294E-07  2.420000E-01  8.568523E-04  9.911421E-06  5.656524E-07  3.606887E-03  2.328588E-07  8.604553E-07  2.860679E-07  1.135857E-01  1.116263E-05  9.774856E-07  8.316730E-07  2.787696E-04  3.789693E-04  2.676790E-06  7.772733E-07  9.993587E-07  1.514132E-06
 3.161500E+02  4.417919E-01  3.361927E-04  4.357278E-08  5.791428E-08  6.461197E-08  7.795527E-08  1.977640E-01  1.359918E-04  3.093799E-07  2.427152E-01  8.466491E-04  9.423825E-06  5.536986E-07  3.544675E-03  2.214657E-07  8.203698E-07  2.753257E-07  1.121872E-01  1.070956E-05  9.480334E-07  8.060904E-07  2.747675E-04  3.735255E-04  2.538461E-06  7.348591E-07  9.451291E-07  1.445681E-06
 3.171500E+02  4.425138E-01  3.328724E-04  4.227135E-08  5.619859E-08  6.270130E-08  7.566793E-08  1.978015E-01  1.336289E-04  2.916433E-07  2.434188E-01  8.365847E-04  8.962356E-06  5.420324E-07  3.483935E-03  2.107018E-07  7.824064E-07  2.650543E-07  1.108112E-01  1.027704E-05  9.196252E-07  7.814310E-07  2.708424E-04  3.681868E-04  2.407985E-06  6.950024E-07  8.941536E-07  1.380710E-06
 3.181500E+02  4.432238E-01  3.296021E-04  4.101655E-08  5.454398E-08  6.085853E-08  7.346136E-08  1.978382E-01  1.313238E-04  2.750348E-07  2.441110E-01  8.266579E-04  8.525516E-06  5.306470E-07  3.424625E-03  2.005287E-07  7.464407E-07  2.552304E-07  1.094574E-01  9.864080E-06  8.922195E-07  7.576574E-07  2.669927E-04  3.629508E-04  2.284881E-06  6.575355E-07  8.462198E-07  1.319023E-06
 3.191500E+02  4.439222E-01  3.263810E-04  3.980650E-08  5.294795E-08  5.908092E-08  7.133232E-08  1.978740E-01  1.290748E-04  2.594762E-07  2.447921E-01  8.168676E-04  8.111900E-06  5.195356E-07  3.366705E-03  1.909106E-07  7.123560E-07  2.458322E-07  1.081255E-01  9.469706E-06  8.657768E-07  7.347343E-07  2.632167E-04  3.578154E-04  2.168699E-06  6.223028E-07  8.011303E-07  1.260438E-06
 3.201500E+02  4.446091E-01  3.232083E-04  3.863936E-08  5.140815E-08  5.736585E-08  6.927769E-08  1.979090E-01  1.268801E-04  2.448950E-07  2.454621E-01  8.072124E-04  7.720184E-06  5.086916E-07  3.310135E-03  1.818141E-07  6.800432E-07  2.368389E-07  1.068151E-01  9.093008E-06  8.402593E-07  7.126275E-07  2.595128E-04  3.527784E-04  2.059018E-06  5.891593E-07  7.587014E-07  1.204784E-06
 3.211500E+02  4.452847E-01  3.200830E-04  3.751341E-08  4.992233E-08  5.571080E-08  6.729453E-08  1.979432E-01  1.247383E-04  2.312242E-07  2.461213E-01  7.976913E-04  7.349127E-06  4.981085E-07  3.254877E-03  1.732079E-07  6.494001E-07  2.282308E-07  1.055258E-01  8.733123E-06  8.156307E-07  6.913045E-07  2.558795E-04  3.478376E-04  1.955445E-06  5.579702E-07  7.187623E-07  1.151899E-06
 3.221500E+02  4.459492E-01  3.170045E-04  3.642700E-08  4.848833E-08  5.411339E-08  6.537998E-08  1.979766E-01  1.226477E-04  2.184016E-07  2.467698E-01  7.883027E-04  6.997561E-06  4.877798E-07  3.200895E-03  1.650628E-07  6.203310E-07  2.199893E-07  1.042572E-01  8.389233E-06  7.918562E-07  6.707342E-07  2.523153E-04  3.429910E-04  1.857612E-06  5.286101E-07  6.811539E-07  1.101633E-06
 3.231500E+02  4.466028E-01  3.139718E-04  3.537854E-08  4.710408E-08  5.257133E-08  6.353134E-08  1.980093E-01  1.206069E-04  2.063697E-07  2.474079E-01  7.790455E-04  6.664387E-06  4.776994E-07  3.148153E-03  1.573516E-07  5.927459E-07  2.120969E-07  1.030092E-01  8.060562E-06  7.689026E-07  6.508868E-07  2.488186E-04  3.382364E-04  1.765174E-06  5.009622E-07  6.457279E-07  1.053842E-06
 3.241500E+02  4.472457E-01  3.109844E-04  3.436652E-08  4.576762E-08  5.108242E-08  6.174603E-08  1.980412E-01  1.186143E-04  1.950753E-07  2.480357E-01  7.699182E-04  6.348573E-06  4.678612E-07  3.096616E-03  1.500485E-07  5.665608E-07  2.045368E-07  1.017812E-01  7.746374E-06  7.467382E-07  6.317338E-07  2.453879E-04  3.335719E-04  1.677810E-06  4.749177E-07  6.123464E-07  1.008392E-06
 3.251500E+02  4.478781E-01  3.080413E-04  3.338949E-08  4.447706E-08  4.964457E-08  6.002156E-08  1.980724E-01  1.166686E-04  1.844689E-07  2.486534E-01  7.609194E-04  6.049148E-06  4.582591E-07  3.046251E-03  1.431298E-07  5.416966E-07  1.972932E-07  1.005730E-01  7.445972E-06  7.253324E-07  6.132479E-07  2.420220E-04  3.289955E-04  1.595217E-06  4.503753E-07  5.808807E-07  9.651571E-07
 3.261500E+02  4.485002E-01  3.051418E-04  3.244608E-08  4.323061E-08  4.825579E-08  5.835557E-08  1.981030E-01  1.147684E-04  1.745047E-07  2.492612E-01  7.520478E-04  5.765197E-06  4.488873E-07  2.997027E-03  1.365730E-07  5.180792E-07  1.903512E-07  9.938418E-02  7.158695E-06  7.046560E-07  5.954031E-07  2.387193E-04  3.245053E-04  1.517114E-06  4.272406E-07  5.512109E-07  9.240183E-07
 3.271500E+02  4.491121E-01  3.022852E-04  3.153496E-08  4.202653E-08  4.691416E-08  5.674577E-08  1.981328E-01  1.129125E-04  1.651401E-07  2.498592E-01  7.433019E-04  5.495861E-06  4.397402E-07  2.948910E-03  1.303571E-07  4.956391E-07  1.836967E-07  9.821448E-02  6.883914E-06  6.846811E-07  5.781743E-07  2.354785E-04  3.200995E-04  1.443235E-06  4.054255E-07  5.232252E-07  8.848633E-07
 3.281500E+02  4.497140E-01  2.994708E-04  3.065486E-08  4.086319E-08  4.561785E-08  5.519002E-08  1.981620E-01  1.110994E-04  1.563355E-07  2.504475E-01  7.346803E-04  5.240331E-06  4.308120E-07  2.901873E-03  1.244626E-07  4.743110E-07  1.773160E-07  9.706355E-02  6.621036E-06  6.653809E-07  5.615377E-07  2.322983E-04  3.157762E-04  1.373333E-06  3.848480E-07  4.968192E-07  8.475868E-07
 3.291500E+02  4.503062E-01  2.966979E-04  2.980459E-08  3.973901E-08  4.436510E-08  5.368622E-08  1.981905E-01  1.093281E-04  1.480545E-07  2.510264E-01  7.261815E-04  4.997845E-06  4.220973E-07  2.855884E-03  1.188709E-07  4.540335E-07  1.711966E-07  9.593108E-02  6.369494E-06  6.467296E-07  5.454702E-07  2.291773E-04  3.115336E-04  1.307175E-06  3.654313E-07  4.718957E-07  8.120893E-07
 3.301500E+02  4.508887E-01  2.939657E-04  2.898298E-08  3.865247E-08  4.315425E-08  5.223239E-08  1.982184E-01  1.075972E-04  1.402627E-07  2.515961E-01  7.178042E-04  4.767686E-06  4.135907E-07  2.810916E-03  1.135650E-07  4.347489E-07  1.653262E-07  9.481675E-02  6.128754E-06  6.287027E-07  5.299501E-07  2.261143E-04  3.073699E-04  1.244544E-06  3.471041E-07  4.483637E-07  7.782771E-07
 3.311500E+02  4.514617E-01  2.912736E-04  2.818893E-08  3.760213E-08  4.198368E-08  5.082662E-08  1.982457E-01  1.059058E-04  1.329287E-07  2.521566E-01  7.095467E-04  4.549178E-06  4.052871E-07  2.766942E-03  1.085284E-07  4.164032E-07  1.596935E-07  9.372024E-02  5.898306E-06  6.112766E-07  5.149561E-07  2.231080E-04  3.032836E-04  1.185235E-06  3.297995E-07  4.261382E-07  7.460618E-07
 3.321500E+02  4.520255E-01  2.886209E-04  2.742138E-08  3.658661E-08  4.085186E-08  4.946710E-08  1.982725E-01  1.042526E-04  1.260228E-07  2.527081E-01  7.014076E-04  4.341687E-06  3.971814E-07  2.723933E-03  1.037462E-07  3.989452E-07  1.542875E-07  9.264125E-02  5.677667E-06  5.944286E-07  5.004683E-07  2.201573E-04  2.992729E-04  1.129058E-06  3.134552E-07  4.051401E-07  7.153601E-07
 3.331500E+02  4.525802E-01  2.860069E-04  2.667931E-08  3.560458E-08  3.975732E-08  4.815208E-08  1.982986E-01  1.026367E-04  1.195177E-07  2.532509E-01  6.933855E-04  4.144612E-06  3.892685E-07  2.681866E-03  9.920397E-08  3.823272E-07  1.490978E-07  9.157948E-02  5.466379E-06  5.781371E-07  4.864673E-07  2.172609E-04  2.953361E-04  1.075832E-06  2.980130E-07  3.852952E-07  6.860933E-07
 3.341500E+02  4.531258E-01  2.834310E-04  2.596175E-08  3.465479E-08  3.869864E-08  4.687987E-08  1.983242E-01  1.010569E-04  1.133879E-07  2.537850E-01  6.854789E-04  3.957390E-06  3.815435E-07  2.640714E-03  9.488840E-08  3.665040E-07  1.441148E-07  9.053463E-02  5.264006E-06  5.623813E-07  4.729347E-07  2.144176E-04  2.914718E-04  1.025388E-06  2.834185E-07  3.665343E-07  6.581874E-07
 3.351500E+02  4.536627E-01  2.808925E-04  2.526779E-08  3.373600E-08  3.767448E-08  4.564889E-08  1.983492E-01  9.951222E-05  1.076096E-07  2.543105E-01  6.776862E-04  3.779488E-06  3.740018E-07  2.600454E-03  9.078691E-08  3.514332E-07  1.393289E-07  8.950640E-02  5.070134E-06  5.471412E-07  4.598527E-07  2.116264E-04  2.876783E-04  9.775687E-07  2.696207E-07  3.487925E-07  6.315723E-07
 3.361500E+02  4.541910E-01  2.783908E-04  2.459651E-08  3.284707E-08  3.668355E-08  4.445760E-08  1.983737E-01  9.800176E-05  1.021607E-07  2.548277E-01  6.700060E-04  3.610406E-06  3.666386E-07  2.561061E-03  8.688769E-08  3.370749E-07  1.347315E-07  8.849451E-02  4.884371E-06  5.323978E-07  4.472043E-07  2.088861E-04  2.839541E-04  9.322252E-07  2.565721E-07  3.320093E-07  6.061819E-07
 3.371500E+02  4.547107E-01  2.759253E-04  2.394708E-08  3.198687E-08  3.572460E-08  4.330451E-08  1.983977E-01  9.652456E-05  9.702053E-08  2.553367E-01  6.624368E-04  3.449670E-06  3.594495E-07  2.522514E-03  8.317967E-08  3.233913E-07  1.303140E-07  8.749868E-02  4.706344E-06  5.181326E-07  4.349733E-07  2.061957E-04  2.802977E-04  8.892180E-07  2.442282E-07  3.161279E-07  5.819538E-07
 3.381500E+02  4.552221E-01  2.734954E-04  2.331867E-08  3.115433E-08  3.479645E-08  4.218823E-08  1.984212E-01  9.507970E-05  9.216996E-08  2.558377E-01  6.549772E-04  3.296835E-06  3.524300E-07  2.484789E-03  7.965241E-08  3.103472E-07  1.260684E-07  8.651862E-02  4.535696E-06  5.043281E-07  4.231440E-07  2.035540E-04  2.767078E-04  8.484157E-07  2.325473E-07  3.010953E-07  5.588290E-07
 3.391500E+02  4.557254E-01  2.711005E-04  2.271050E-08  3.034843E-08  3.389796E-08  4.110740E-08  1.984442E-01  9.366631E-05  8.759103E-08  2.563307E-01  6.476255E-04  3.151481E-06  3.455759E-07  2.447866E-03  7.629610E-08  2.979090E-07  1.219872E-07  8.555406E-02  4.372092E-06  4.909674E-07  4.117016E-07  2.009600E-04  2.731828E-04  8.096954E-07  2.214903E-07  2.868617E-07  5.367519E-07
 3.401500E+02  4.562205E-01  2.687400E-04  2.212183E-08  2.956820E-08  3.302803E-08  4.006072E-08  1.984667E-01  9.228353E-05  8.326702E-08  2.568159E-01  6.403805E-04  3.013212E-06  3.388829E-07  2.411724E-03  7.310153E-08  2.860454E-07  1.180631E-07  8.460473E-02  4.215210E-06  4.780342E-07  4.006316E-07  1.984128E-04  2.697214E-04  7.729410E-07  2.110209E-07  2.733807E-07  5.156699E-07
 3.411500E+02  4.567078E-01  2.664133E-04  2.155193E-08  2.881268E-08  3.218562E-08  3.904695E-08  1.984887E-01  9.093054E-05  7.918232E-08  2.572934E-01  6.332405E-04  2.881653E-06  3.323469E-07  2.376343E-03  7.006001E-08  2.747265E-07  1.142893E-07  8.367037E-02  4.064746E-06  4.655130E-07  3.899203E-07  1.959112E-04  2.663222E-04  7.380439E-07  2.011047E-07  2.606085E-07  4.955332E-07
 3.421500E+02  4.571874E-01  2.641198E-04  2.100010E-08  2.808098E-08  3.136973E-08  3.806488E-08  1.985103E-01  8.960654E-05  7.532239E-08  2.577635E-01  6.262041E-04  2.756451E-06  3.259639E-07  2.341702E-03  6.716339E-08  2.639245E-07  1.106591E-07  8.275070E-02  3.920410E-06  4.533890E-07  3.795544E-07  1.934545E-04  2.629839E-04  7.049015E-07  1.917098E-07  2.485043E-07  4.762947E-07
 3.431500E+02  4.576593E-01  2.618591E-04  2.046570E-08  2.737222E-08  3.057940E-08  3.711339E-08  1.985314E-01  8.831076E-05  7.167360E-08  2.582261E-01  6.192699E-04  2.637274E-06  3.197301E-07  2.307783E-03  6.440395E-08  2.536128E-07  1.071665E-07  8.184547E-02  3.781926E-06  4.416476E-07  3.695214E-07  1.910416E-04  2.597053E-04  6.734175E-07  1.828060E-07  2.370298E-07  4.579099E-07
 3.441500E+02  4.581237E-01  2.596305E-04  1.994809E-08  2.668559E-08  2.981369E-08  3.619136E-08  1.985522E-01  8.704245E-05  6.822325E-08  2.586815E-01  6.124364E-04  2.523807E-06  3.136417E-07  2.274569E-03  6.177448E-08  2.437666E-07  1.038053E-07  8.095443E-02  3.649031E-06  4.302753E-07  3.598090E-07  1.886716E-04  2.564851E-04  6.435014E-07  1.743652E-07  2.261490E-07  4.403369E-07
 3.451500E+02  4.585808E-01  2.574335E-04  1.944665E-08  2.602027E-08  2.907172E-08  3.529774E-08  1.985725E-01  8.580089E-05  6.495946E-08  2.591298E-01  6.057022E-04  2.415752E-06  3.076948E-07  2.242039E-03  5.926812E-08  2.343623E-07  1.005700E-07  8.007734E-02  3.521477E-06  4.192587E-07  3.504056E-07  1.863435E-04  2.533219E-04  6.150678E-07  1.663610E-07  2.158281E-07  4.235357E-07
 3.461500E+02  4.590306E-01  2.552676E-04  1.896081E-08  2.537551E-08  2.835264E-08  3.443153E-08  1.985923E-01  8.458537E-05  6.187112E-08  2.595711E-01  5.990659E-04  2.312831E-06  3.018860E-07  2.210178E-03  5.687847E-08  2.253777E-07  9.745525E-08  7.921393E-02  3.399026E-06  4.085852E-07  3.413000E-07  1.840566E-04  2.502148E-04  5.880364E-07  1.587685E-07  2.060356E-07  4.074686E-07
 3.471500E+02  4.594734E-01  2.531322E-04  1.848999E-08  2.475057E-08  2.765564E-08  3.359174E-08  1.986118E-01  8.339521E-05  5.894785E-08  2.600054E-01  5.925260E-04  2.214777E-06  2.962118E-07  2.178969E-03  5.459944E-08  2.167917E-07  9.445587E-08  7.836398E-02  3.281451E-06  3.982425E-07  3.324813E-07  1.818100E-04  2.471623E-04  5.623316E-07  1.515646E-07  1.967416E-07  3.921001E-07
 3.481500E+02  4.599092E-01  2.510270E-04  1.803368E-08  2.414474E-08  2.697993E-08  3.277745E-08  1.986309E-01  8.222976E-05  5.617992E-08  2.604331E-01  5.860811E-04  2.121341E-06  2.906686E-07  2.148395E-03  5.242533E-08  2.085846E-07  9.156700E-08  7.752725E-02  3.168537E-06  3.882190E-07  3.239394E-07  1.796027E-04  2.441635E-04  5.378823E-07  1.447274E-07  1.879184E-07  3.773962E-07
 3.491500E+02  4.603382E-01  2.489512E-04  1.759134E-08  2.355736E-08  2.632475E-08  3.198775E-08  1.986496E-01  8.108836E-05  5.355823E-08  2.608540E-01  5.797298E-04  2.032286E-06  2.852532E-07  2.118440E-03  5.035074E-08  2.007375E-07  8.878399E-08  7.670350E-02  3.060081E-06  3.785033E-07  3.156643E-07  1.774341E-04  2.412172E-04  5.146213E-07  1.382363E-07  1.795396E-07  3.633251E-07
 3.501500E+02  4.607605E-01  2.469046E-04  1.716248E-08  2.298776E-08  2.568939E-08  3.122179E-08  1.986679E-01  7.997041E-05  5.107427E-08  2.612685E-01  5.734708E-04  1.947388E-06  2.799623E-07  2.089089E-03  4.837058E-08  1.932327E-07  8.610241E-08  7.589250E-02  2.955885E-06  3.690847E-07  3.076465E-07  1.753032E-04  2.383223E-04  4.924853E-07  1.320721E-07  1.715807E-07  3.498563E-07
 3.511500E+02  4.611762E-01  2.448865E-04  1.674663E-08  2.243532E-08  2.507314E-08  3.047873E-08  1.986859E-01  7.887529E-05  4.872006E-08  2.616765E-01  5.673027E-04  1.866437E-06  2.747928E-07  2.060328E-03  4.648004E-08  1.860535E-07  8.351803E-08  7.509403E-02  2.855766E-06  3.599528E-07  2.998768E-07  1.732093E-04  2.354777E-04  4.714149E-07  1.262167E-07  1.640184E-07  3.369611E-07
 3.521500E+02  4.615854E-01  2.428965E-04  1.634333E-08  2.189945E-08  2.447535E-08  2.975779E-08  1.987035E-01  7.780244E-05  4.648811E-08  2.620783E-01  5.612241E-04  1.789232E-06  2.697415E-07  2.032140E-03  4.467459E-08  1.791840E-07  8.102683E-08  7.430788E-02  2.759545E-06  3.510976E-07  2.923464E-07  1.711517E-04  2.326824E-04  4.513538E-07  1.206531E-07  1.568311E-07  3.246124E-07
 3.531500E+02  4.619883E-01  2.409342E-04  1.595214E-08  2.137957E-08  2.389536E-08  2.905819E-08  1.987208E-01  7.675127E-05  4.437143E-08  2.624739E-01  5.552336E-04  1.715585E-06  2.648055E-07  2.004513E-03  4.294995E-08  1.726091E-07  7.862496E-08  7.353381E-02  2.667054E-06  3.425094E-07  2.850469E-07  1.691296E-04  2.299353E-04  4.322490E-07  1.153653E-07  1.499983E-07  3.127842E-07
 3.541500E+02  4.623849E-01  2.389991E-04  1.557264E-08  2.087512E-08  2.333258E-08  2.837921E-08  1.987378E-01  7.572125E-05  4.236344E-08  2.628634E-01  5.493300E-04  1.645318E-06  2.599819E-07  1.977432E-03  4.130206E-08  1.663147E-07  7.630875E-08  7.277163E-02  2.578132E-06  3.341790E-07  2.779702E-07  1.671422E-04  2.272356E-04  4.140506E-07  1.103382E-07  1.435006E-07  3.014522E-07
 3.551500E+02  4.627754E-01  2.370907E-04  1.520442E-08  2.038557E-08  2.278639E-08  2.772014E-08  1.987544E-01  7.471183E-05  4.045798E-08  2.632469E-01  5.435120E-04  1.578260E-06  2.552677E-07  1.950885E-03  3.972711E-08  1.602873E-07  7.407472E-08  7.202112E-02  2.492626E-06  3.260976E-07  2.711086E-07  1.651889E-04  2.245821E-04  3.967113E-07  1.055576E-07  1.373201E-07  2.905931E-07
 3.561500E+02  4.631598E-01  2.352086E-04  1.484710E-08  1.991042E-08  2.225623E-08  2.708029E-08  1.987707E-01  7.372251E-05  3.864926E-08  2.636246E-01  5.377781E-04  1.514252E-06  2.506603E-07  1.924858E-03  3.822148E-08  1.545141E-07  7.191950E-08  7.128207E-02  2.410391E-06  3.182566E-07  2.644544E-07  1.632689E-04  2.219739E-04  3.801868E-07  1.010103E-07  1.314396E-07  2.801848E-07
 3.571500E+02  4.635384E-01  2.333524E-04  1.450029E-08  1.944916E-08  2.174156E-08  2.645902E-08  1.987866E-01  7.275279E-05  3.693186E-08  2.639965E-01  5.321272E-04  1.453142E-06  2.461568E-07  1.899339E-03  3.678175E-08  1.489831E-07  6.983993E-08  7.055428E-02  2.331286E-06  3.106478E-07  2.580005E-07  1.613816E-04  2.194101E-04  3.644349E-07  9.668372E-08  1.258430E-07  2.702064E-07
 3.581500E+02  4.639111E-01  2.315216E-04  1.416364E-08  1.900132E-08  2.124185E-08  2.585570E-08  1.988023E-01  7.180217E-05  3.530068E-08  2.643627E-01  5.265580E-04  1.394788E-06  2.417548E-07  1.874316E-03  3.540469E-08  1.436829E-07  6.783295E-08  6.983756E-02  2.255179E-06  3.032632E-07  2.517401E-07  1.595263E-04  2.168899E-04  3.494160E-07  9.256601E-08  1.205153E-07  2.606382E-07
 3.591500E+02  4.642782E-01  2.297159E-04  1.383680E-08  1.856646E-08  2.075659E-08  2.526972E-08  1.988177E-01  7.087018E-05  3.375094E-08  2.647234E-01  5.210692E-04  1.339054E-06  2.374516E-07  1.849776E-03  3.408725E-08  1.386025E-07  6.589566E-08  6.913171E-02  2.181943E-06  2.960953E-07  2.456663E-07  1.577023E-04  2.144122E-04  3.350926E-07  8.864608E-08  1.154422E-07  2.514612E-07
 3.601500E+02  4.646396E-01  2.279347E-04  1.351944E-08  1.814412E-08  2.028529E-08  2.470050E-08  1.988328E-01  6.995637E-05  3.227814E-08  2.650787E-01  5.156596E-04  1.285810E-06  2.332448E-07  1.825708E-03  3.282652E-08  1.337317E-07  6.402527E-08  6.843653E-02  2.111458E-06  2.891367E-07  2.397729E-07  1.559090E-04  2.119763E-04  3.214294E-07  8.491344E-08  1.106103E-07  2.426575E-07
 3.611500E+02  4.649956E-01  2.261778E-04  1.321124E-08  1.773390E-08  1.982749E-08  2.414748E-08  1.988476E-01  6.906030E-05  3.087804E-08  2.654285E-01  5.103279E-04  1.234936E-06  2.291319E-07  1.802101E-03  3.161976E-08  1.290608E-07  6.221915E-08  6.775185E-02  2.043609E-06  2.823804E-07  2.340536E-07  1.541458E-04  2.095812E-04  3.083928E-07  8.135822E-08  1.060068E-07  2.342103E-07
 3.621500E+02  4.653461E-01  2.244447E-04  1.291190E-08  1.733538E-08  1.938274E-08  2.361012E-08  1.988621E-01  6.818152E-05  2.954669E-08  2.657731E-01  5.050730E-04  1.186315E-06  2.251105E-07  1.778944E-03  3.046440E-08  1.245804E-07  6.047474E-08  6.707748E-02  1.978284E-06  2.758197E-07  2.285025E-07  1.524120E-04  2.072263E-04  2.959513E-07  7.797111E-08  1.016200E-07  2.261032E-07
 3.631500E+02  4.656913E-01  2.227350E-04  1.262110E-08  1.694818E-08  1.895059E-08  2.308791E-08  1.988763E-01  6.731962E-05  2.828035E-08  2.661126E-01  4.998935E-04  1.139840E-06  2.211784E-07  1.756227E-03  2.935795E-08  1.202819E-07  5.878963E-08  6.641323E-02  1.915380E-06  2.694479E-07  2.231140E-07  1.507072E-04  2.049106E-04  2.840750E-07  7.474334E-08  9.743840E-08  2.183211E-07
 3.641500E+02  4.660314E-01  2.210484E-04  1.233858E-08  1.657192E-08  1.853065E-08  2.258035E-08  1.988903E-01  6.647419E-05  2.707549E-08  2.664469E-01  4.947885E-04  1.095405E-06  2.173333E-07  1.733939E-03  2.829811E-08  1.161569E-07  5.716150E-08  6.575892E-02  1.854796E-06  2.632588E-07  2.178825E-07  1.490306E-04  2.026333E-04  2.727357E-07  7.166661E-08  9.345154E-08  2.108492E-07
 3.651500E+02  4.663663E-01  2.193844E-04  1.206405E-08  1.620624E-08  1.812249E-08  2.208695E-08  1.989040E-01  6.564484E-05  2.592882E-08  2.667762E-01  4.897567E-04  1.052914E-06  2.135730E-07  1.712069E-03  2.728267E-08  1.121975E-07  5.558812E-08  6.511440E-02  1.796437E-06  2.572464E-07  2.128028E-07  1.473818E-04  2.003937E-04  2.619065E-07  6.873312E-08  8.964935E-08  2.036738E-07
 3.661500E+02  4.666961E-01  2.177428E-04  1.179724E-08  1.585079E-08  1.772573E-08  2.160726E-08  1.989175E-01  6.483119E-05  2.483721E-08  2.671007E-01  4.847969E-04  1.012272E-06  2.098955E-07  1.690609E-03  2.630953E-08  1.083961E-07  5.406739E-08  6.447947E-02  1.740210E-06  2.514048E-07  2.078698E-07  1.457602E-04  1.981911E-04  2.515623E-07  6.593551E-08  8.602236E-08  1.967815E-07
 3.671500E+02  4.670210E-01  2.161231E-04  1.153792E-08  1.550523E-08  1.734001E-08  2.114082E-08  1.989307E-01  6.403285E-05  2.379774E-08  2.674203E-01  4.799080E-04  9.733919E-07  2.062986E-07  1.669549E-03  2.537671E-08  1.047457E-07  5.259728E-08  6.385398E-02  1.686030E-06  2.457284E-07  2.030786E-07  1.441651E-04  1.960246E-04  2.416791E-07  6.326680E-08  8.256166E-08  1.901600E-07
 3.681500E+02  4.673411E-01  2.145250E-04  1.128582E-08  1.516925E-08  1.696496E-08  2.068721E-08  1.989437E-01  6.324946E-05  2.280765E-08  2.677351E-01  4.750889E-04  9.361896E-07  2.027804E-07  1.648879E-03  2.448234E-08  1.012395E-07  5.117583E-08  6.323776E-02  1.633812E-06  2.402118E-07  1.984245E-07  1.425962E-04  1.938936E-04  2.322342E-07  6.072044E-08  7.925879E-08  1.837973E-07
 3.691500E+02  4.676564E-01  2.129481E-04  1.104072E-08  1.484254E-08  1.660024E-08  2.024602E-08  1.989565E-01  6.248068E-05  2.186434E-08  2.680454E-01  4.703385E-04  9.005856E-07  1.993388E-07  1.628591E-03  2.362463E-08  9.787096E-08  4.980120E-08  6.263065E-02  1.583476E-06  2.348498E-07  1.939029E-07  1.410529E-04  1.917974E-04  2.232063E-07  5.829021E-08  7.610579E-08  1.776820E-07
 3.701500E+02  4.679670E-01  2.113922E-04  1.080239E-08  1.452479E-08  1.624551E-08  1.981684E-08  1.989690E-01  6.172616E-05  2.096535E-08  2.683510E-01  4.656558E-04  8.665047E-07  1.959721E-07  1.608676E-03  2.280189E-08  9.463405E-08  4.847161E-08  6.203248E-02  1.534948E-06  2.296374E-07  1.895095E-07  1.395346E-04  1.897353E-04  2.145749E-07  5.597026E-08  7.309513E-08  1.718033E-07
 3.711500E+02  4.682731E-01  2.098568E-04  1.057061E-08  1.421571E-08  1.590045E-08  1.939929E-08  1.989813E-01  6.098557E-05  2.010837E-08  2.686521E-01  4.610396E-04  8.338752E-07  1.926783E-07  1.589125E-03  2.201251E-08  9.152292E-08  4.718535E-08  6.144311E-02  1.488154E-06  2.245697E-07  1.852401E-07  1.380409E-04  1.877065E-04  2.063210E-07  5.375504E-08  7.021969E-08  1.661509E-07
 3.721500E+02  4.685746E-01  2.083416E-04  1.034516E-08  1.391503E-08  1.556476E-08  1.899301E-08  1.989933E-01  6.025858E-05  1.929122E-08  2.689489E-01  4.564889E-04  8.026293E-07  1.894556E-07  1.569930E-03  2.125497E-08  8.853205E-08  4.594080E-08  6.086238E-02  1.443024E-06  2.196420E-07  1.810906E-07  1.365713E-04  1.857105E-04  1.984263E-07  5.163931E-08  6.747273E-08  1.607150E-07
 3.731500E+02  4.688716E-01  2.068464E-04  1.012585E-08  1.362249E-08  1.523813E-08  1.859763E-08  1.990052E-01  5.954487E-05  1.851185E-08  2.692412E-01  4.520026E-04  7.727024E-07  1.863022E-07  1.551083E-03  2.052783E-08  8.565616E-08  4.473639E-08  6.029015E-02  1.399492E-06  2.148500E-07  1.770571E-07  1.351254E-04  1.837466E-04  1.908734E-07  4.961813E-08  6.484790E-08  1.554864E-07
