#         T/K            c1          c2-1          c3-4          c3-5          c3-7          c3-9            m1          m2-1          m3-1            w1            w2          w3-1          w3-2          c1m1        c1m2-1        c1m2-7        c2m1-1        c1w1-2        c1w2-1        c2w1-1        c2w1-9        m1w1-1        m1w1-4        m1w2-1        m2w1-1        m2w1-3      c1m1w1-1
 2.731500E+02  3.293874E-01  3.812730E-04  1.168483E-07  1.533662E-07  1.706321E-07  2.034575E-07  1.463965E-01  1.914139E-04  2.701317E-06  2.785544E-01  2.827503E-03  2.919179E-04  4.095919E-06  5.357725E-03  1.331583E-06  4.369348E-06  1.000120E-06  2.349923E-01  1.311020E-04  4.174103E-06  3.665304E-06  5.850432E-04  7.964016E-04  5.056836E-05  9.622825E-06  1.218744E-05  1.267908E-05
 2.741500E+02  3.310392E-01  3.775943E-04  1.126917E-07  1.479607E-07  1.646303E-07  1.963631E-07  1.464752E-01  1.867485E-04  2.489964E-06  2.802172E-01  2.789946E-03  2.739389E-04  3.993025E-06  5.240969E-03  1.245294E-06  4.099440E-06  9.523184E-07  2.318184E-01  1.245155E-04  4.022838E-06  3.529430E-06  5.743035E-04  7.817323E-04  4.719629E-05  8.927105E-06  1.131080E-05  1.194264E-05
 2.751500E+02  3.326673E-01  3.739496E-04  1.087019E-07  1.427702E-07  1.588668E-07  1.895479E-07  1.465515E-01  1.822322E-04  2.296586E-06  2.818557E-01  2.752812E-03  2.571391E-04  3.892782E-06  5.127434E-03  1.165159E-06  3.847977E-06  9.070841E-07  2.286883E-01  1.182870E-04  3.877657E-06  3.399143E-06  5.638055E-04  7.673954E-04  4.406630E-05  8.285886E-06  1.050252E-05  1.125301E-05
 2.761500E+02  3.342719E-01  3.703389E-04  1.048715E-07  1.377852E-07  1.533311E-07  1.830000E-07  1.466257E-01  1.778594E-04  2.119541E-06  2.834703E-01  2.716106E-03  2.414372E-04  3.795133E-06  5.017020E-03  1.090704E-06  3.613589E-06  8.642663E-07  2.256018E-01  1.123959E-04  3.738300E-06  3.274197E-06  5.535434E-04  7.533829E-04  4.115992E-05  7.694598E-06  9.756895E-06  1.060700E-05
 2.771500E+02  3.358531E-01  3.667624E-04  1.011936E-07  1.329970E-07  1.480134E-07  1.767080E-07  1.466978E-01  1.736246E-04  1.957348E-06  2.850609E-01  2.679831E-03  2.267578E-04  3.700023E-06  4.909628E-03  1.021491E-06  3.395015E-06  8.237234E-07  2.225586E-01  1.068228E-04  3.604517E-06  3.154357E-06  5.435119E-04  7.396873E-04  3.846016E-05  7.149078E-06  9.068718E-06  1.000162E-05
 2.781500E+02  3.374111E-01  3.632204E-04  9.766157E-08  1.283972E-07  1.429045E-07  1.706609E-07  1.467679E-01  1.695227E-04  1.808668E-06  2.866280E-01  2.643989E-03  2.130309E-04  3.607396E-06  4.805162E-03  9.571206E-07  3.191094E-06  7.853229E-07  2.195586E-01  1.015495E-04  3.476069E-06  3.039402E-06  5.337055E-04  7.263010E-04  3.595139E-05  6.645532E-06  8.433246E-06  9.434131E-06
 2.791500E+02  3.389461E-01  3.597129E-04  9.426914E-08  1.239775E-07  1.379954E-07  1.648484E-07  1.468360E-01  1.655489E-04  1.672290E-06  2.881718E-01  2.608585E-03  2.001915E-04  3.517197E-06  4.703531E-03  8.972257E-07  3.000758E-06  7.489405E-07  2.166015E-01  9.655885E-05  3.352729E-06  2.929116E-06  5.241188E-04  7.132166E-04  3.361922E-05  6.180497E-06  7.846153E-06  8.901975E-06
 2.801500E+02  3.404583E-01  3.562400E-04  9.101029E-08  1.197304E-07  1.332776E-07  1.592607E-07  1.469022E-01  1.616984E-04  1.547119E-06  2.896924E-01  2.573618E-03  1.881792E-04  3.429369E-06  4.604646E-03  8.414684E-07  2.823022E-06  7.144597E-07  2.136869E-01  9.183477E-05  3.234280E-06  2.823298E-06  5.147468E-04  7.004268E-04  3.145042E-05  5.750817E-06  7.303488E-06  8.402778E-06
 2.811500E+02  3.419479E-01  3.528018E-04  8.787928E-08  1.156485E-07  1.287430E-07  1.538882E-07  1.469666E-01  1.579667E-04  1.432164E-06  2.911901E-01  2.539091E-03  1.769379E-04  3.343858E-06  4.508422E-03  7.895385E-07  2.656976E-06  6.817713E-07  2.108146E-01  8.736212E-05  3.120513E-06  2.721752E-06  5.055842E-04  6.879245E-04  2.943277E-05  5.353607E-06  6.801643E-06  7.934340E-06
 2.821500E+02  3.434152E-01  3.493984E-04  8.487065E-08  1.117249E-07  1.243838E-07  1.487218E-07  1.470292E-01  1.543494E-04  1.326528E-06  2.926651E-01  2.505004E-03  1.664152E-04  3.260609E-06  4.414776E-03  7.411506E-07  2.501782E-06  6.507729E-07  2.079842E-01  8.312663E-05  3.011229E-06  2.624294E-06  4.966260E-04  6.757029E-04  2.755506E-05  4.986235E-06  6.337321E-06  7.494613E-06
 2.831500E+02  3.448602E-01  3.460298E-04  8.197918E-08  1.079527E-07  1.201925E-07  1.437531E-07  1.470901E-01  1.508423E-04  1.229396E-06  2.941177E-01  2.471359E-03  1.565629E-04  3.179568E-06  4.323628E-03  6.960423E-07  2.356668E-06  6.213684E-07  2.051954E-01  7.911493E-05  2.906239E-06  2.530746E-06  4.878675E-04  6.637551E-04  2.580692E-05  4.646294E-06  5.907510E-06  7.081698E-06
 2.841500E+02  3.462833E-01  3.426960E-04  7.919989E-08  1.043256E-07  1.161623E-07  1.389736E-07  1.471493E-01  1.474415E-04  1.140032E-06  2.955482E-01  2.438154E-03  1.473358E-04  3.100683E-06  4.234902E-03  6.539719E-07  2.220919E-06  5.934676E-07  2.024478E-01  7.531439E-05  2.805362E-06  2.440940E-06  4.793037E-04  6.520746E-04  2.417881E-05  4.331584E-06  5.509452E-06  6.693828E-06
 2.851500E+02  3.476847E-01  3.393971E-04  7.652803E-08  1.008376E-07  1.122862E-07  1.343756E-07  1.472070E-01  1.441432E-04  1.057766E-06  2.969568E-01  2.405390E-03  1.386919E-04  3.023900E-06  4.148522E-03  6.147169E-07  2.093875E-06  5.669859E-07  1.997411E-01  7.171317E-05  2.708423E-06  2.354714E-06  4.709300E-04  6.406547E-04  2.266193E-05  4.040093E-06  5.140627E-06  6.329361E-06
 2.861500E+02  3.490646E-01  3.361330E-04  7.395905E-08  9.748282E-08  1.085579E-07  1.299515E-07  1.472631E-01  1.409436E-04  9.819887E-07  2.983437E-01  2.373065E-03  1.305923E-04  2.949167E-06  4.064417E-03  5.780723E-07  1.974927E-06  5.418437E-07  1.970749E-01  6.830009E-05  2.615258E-06  2.271915E-06  4.627419E-04  6.294892E-04  2.124816E-05  3.769979E-06  4.798725E-06  5.986770E-06
 2.871500E+02  3.504232E-01  3.329038E-04  7.148863E-08  9.425566E-08  1.049712E-07  1.256941E-07  1.473177E-01  1.378392E-04  9.121493E-07  2.997091E-01  2.341179E-03  1.230008E-04  2.876433E-06  3.982518E-03  5.438493E-07  1.863511E-06  5.179664E-07  1.944487E-01  6.506466E-05  2.525707E-06  2.192395E-06  4.547348E-04  6.185718E-04  1.993001E-05  3.519557E-06  4.481632E-06  5.664633E-06
 2.881500E+02  3.517608E-01  3.297094E-04  6.911263E-08  9.115083E-08  1.015202E-07  1.215966E-07  1.473709E-01  1.348267E-04  8.477452E-07  3.010534E-01  2.309729E-03  1.158835E-04  2.805648E-06  3.902757E-03  5.118735E-07  1.759107E-06  4.952839E-07  1.918623E-01  6.199698E-05  2.439620E-06  2.116014E-06  4.469044E-04  6.078966E-04  1.870055E-05  3.287281E-06  4.187411E-06  5.361629E-06
 2.891500E+02  3.530777E-01  3.265496E-04  6.682709E-08  8.816325E-08  9.819927E-08  1.176523E-07  1.474226E-01  1.319027E-04  7.883197E-07  3.023769E-01  2.278715E-03  1.092092E-04  2.736762E-06  3.825070E-03  4.819841E-07  1.661230E-06  4.737301E-07  1.893151E-01  5.908775E-05  2.356851E-06  2.042637E-06  4.392464E-04  5.974576E-04  1.755342E-05  3.071736E-06  3.914284E-06  5.076527E-06
 2.901500E+02  3.543740E-01  3.234245E-04  6.462825E-08  8.528807E-08  9.500306E-08  1.138551E-07  1.474731E-01  1.290643E-04  7.334570E-07  3.036796E-01  2.248134E-03  1.029486E-04  2.669727E-06  3.749393E-03  4.540329E-07  1.569436E-06  4.532431E-07  1.868067E-01  5.632820E-05  2.277261E-06  1.972138E-06  4.317567E-04  5.872491E-04  1.648269E-05  2.871625E-06  3.660623E-06  4.808180E-06
 2.911500E+02  3.556500E-01  3.203340E-04  6.251249E-08  8.252065E-08  9.192644E-08  1.101988E-07  1.475222E-01  1.263083E-04  6.827787E-07  3.049620E-01  2.217984E-03  9.707451E-05  2.604494E-06  3.675667E-03  4.278827E-07  1.483310E-06  4.337646E-07  1.843368E-01  5.371008E-05  2.200720E-06  1.904394E-06  4.244311E-04  5.772653E-04  1.548293E-05  2.685757E-06  3.424933E-06  4.555521E-06
 2.921500E+02  3.569060E-01  3.172779E-04  6.047637E-08  7.985656E-08  8.896448E-08  1.066778E-07  1.475700E-01  1.236319E-04  6.359397E-07  3.062243E-01  2.188262E-03  9.156160E-05  2.541016E-06  3.603832E-03  4.034070E-07  1.402469E-06  4.152397E-07  1.819048E-01  5.122561E-05  2.127099E-06  1.839287E-06  4.172656E-04  5.675009E-04  1.454909E-05  2.513039E-06  3.205840E-06  4.317554E-06
 2.931500E+02  3.581423E-01  3.142562E-04  5.851661E-08  7.729157E-08  8.611250E-08  1.032865E-07  1.476166E-01  1.210324E-04  5.926254E-07  3.074668E-01  2.158966E-03  8.638629E-05  2.479248E-06  3.533833E-03  3.804888E-07  1.326558E-06  3.976169E-07  1.795104E-01  4.886748E-05  2.056279E-06  1.776707E-06  4.102565E-04  5.579504E-04  1.367652E-05  2.352469E-06  3.002085E-06  4.093353E-06
 2.941500E+02  3.593590E-01  3.112686E-04  5.663004E-08  7.482162E-08  8.336601E-08  1.000197E-07  1.476620E-01  1.185070E-04  5.525489E-07  3.086896E-01  2.130091E-03  8.152663E-05  2.419145E-06  3.465614E-03  3.590198E-07  1.255247E-06  3.808474E-07  1.771530E-01  4.662877E-05  1.988143E-06  1.716546E-06  4.033999E-04  5.486086E-04  1.286090E-05  2.203125E-06  2.812508E-06  3.882053E-06
 2.951500E+02  3.605565E-01  3.083151E-04  5.481367E-08  7.244284E-08  8.072072E-08  9.687240E-08  1.477063E-01  1.160533E-04  5.154483E-07  3.098931E-01  2.101636E-03  7.696216E-05  2.360662E-06  3.399122E-03  3.388999E-07  1.188231E-06  3.648857E-07  1.748323E-01  4.450299E-05  1.922580E-06  1.658704E-06  3.966920E-04  5.394704E-04  1.209824E-05  2.064160E-06  2.636045E-06  3.682847E-06
 2.961500E+02  3.617349E-01  3.053956E-04  5.306462E-08  7.015152E-08  7.817252E-08  9.383974E-08  1.477494E-01  1.136687E-04  4.810844E-07  3.110775E-01  2.073597E-03  7.267379E-05  2.303755E-06  3.334307E-03  3.200366E-07  1.125225E-06  3.496886E-07  1.725478E-01  4.248402E-05  1.859486E-06  1.603082E-06  3.901293E-04  5.305309E-04  1.138486E-05  1.934796E-06  2.471716E-06  3.494983E-06
 2.971500E+02  3.628946E-01  3.025097E-04  5.138014E-08  6.794413E-08  7.571748E-08  9.091714E-08  1.477914E-01  1.113510E-04  4.492384E-07  3.122431E-01  2.045970E-03  6.864376E-05  2.248383E-06  3.271118E-03  3.023439E-07  1.065967E-06  3.352155E-07  1.702990E-01  4.056607E-05  1.798758E-06  1.549588E-06  3.837084E-04  5.217851E-04  1.071733E-05  1.814316E-06  2.318619E-06  3.317758E-06
 2.981500E+02  3.640358E-01  2.996574E-04  4.975761E-08  6.581727E-08  7.335186E-08  8.810020E-08  1.478324E-01  1.090979E-04  4.197105E-07  3.133902E-01  2.018751E-03  6.485550E-05  2.194505E-06  3.209509E-03  2.857425E-07  1.010212E-06  3.214282E-07  1.680854E-01  3.874371E-05  1.740299E-06  1.498133E-06  3.774256E-04  5.132284E-04  1.009249E-05  1.702061E-06  2.175926E-06  3.150518E-06
 2.991500E+02  3.651588E-01  2.968384E-04  4.819450E-08  6.376770E-08  7.107206E-08  8.538469E-08  1.478724E-01  1.069072E-04  3.923177E-07  3.145190E-01  1.991937E-03  6.129355E-05  2.142079E-06  3.149432E-03  2.701587E-07  9.577316E-07  3.082907E-07  1.659066E-01  3.701179E-05  1.684017E-06  1.448632E-06  3.712777E-04  5.048561E-04  9.507399E-06  1.597424E-06  2.042871E-06  2.992649E-06
 3.001500E+02  3.662638E-01  2.940526E-04  4.668842E-08  6.179232E-08  6.887464E-08  8.276658E-08  1.479114E-01  1.047767E-04  3.668927E-07  3.156297E-01  1.965524E-03  5.794350E-05  2.091066E-06  3.090844E-03  2.555242E-07  9.083153E-07  2.957690E-07  1.637622E-01  3.536547E-05  1.629824E-06  1.401004E-06  3.652614E-04  4.966638E-04  8.959345E-06  1.499847E-06  1.918751E-06  2.843580E-06
 3.011500E+02  3.673511E-01  2.912997E-04  4.523707E-08  5.988817E-08  6.675631E-08  8.024202E-08  1.479494E-01  1.027046E-04  3.432822E-07  3.167227E-01  1.939508E-03  5.479191E-05  2.041428E-06  3.033700E-03  2.417757E-07  8.617662E-07  2.838310E-07  1.616516E-01  3.380020E-05  1.577635E-06  1.355172E-06  3.593736E-04  4.886469E-04  8.445803E-06  1.408814E-06  1.802916E-06  2.702776E-06
 3.021500E+02  3.684209E-01  2.885796E-04  4.383824E-08  5.805239E-08  6.471392E-08  7.780730E-08  1.479865E-01  1.006888E-04  3.213456E-07  3.177982E-01  1.913884E-03  5.182623E-05  1.993126E-06  2.977959E-03  2.288545E-07  8.179012E-07  2.724465E-07  1.595744E-01  3.231165E-05  1.527368E-06  1.311060E-06  3.536110E-04  4.808014E-04  7.964434E-06  1.323850E-06  1.694768E-06  2.569738E-06
 3.031500E+02  3.694736E-01  2.858920E-04  4.248984E-08  5.628228E-08  6.274446E-08  7.545889E-08  1.480227E-01  9.872758E-05  3.009540E-07  3.188565E-01  1.888648E-03  4.903475E-05  1.946124E-06  2.923580E-03  2.167059E-07  7.765502E-07  2.615870E-07  1.575301E-01  3.089577E-05  1.478945E-06  1.268599E-06  3.479708E-04  4.731229E-04  7.513068E-06  1.244518E-06  1.593754E-06  2.443999E-06
 3.041500E+02  3.705092E-01  2.832366E-04  4.118985E-08  5.457523E-08  6.084504E-08  7.319339E-08  1.480580E-01  9.681903E-05  2.819894E-07  3.198977E-01  1.863796E-03  4.640654E-05  1.900387E-06  2.870525E-03  2.052793E-07  7.375543E-07  2.512256E-07  1.555183E-01  2.954872E-05  1.432294E-06  1.227720E-06  3.424499E-04  4.656075E-04  7.089691E-06  1.170414E-06  1.499365E-06  2.325122E-06
 3.051500E+02  3.715282E-01  2.806132E-04  3.993634E-08  5.292874E-08  5.901290E-08  7.100756E-08  1.480924E-01  9.496147E-05  2.643432E-07  3.209223E-01  1.839324E-03  4.393140E-05  1.855879E-06  2.818754E-03  1.945277E-07  7.007660E-07  2.413368E-07  1.535385E-01  2.826688E-05  1.387341E-06  1.188360E-06  3.370454E-04  4.582511E-04  6.692432E-06  1.101163E-06  1.411129E-06  2.212697E-06
 3.061500E+02  3.725307E-01  2.780216E-04  3.872747E-08  5.134044E-08  5.724539E-08  6.889829E-08  1.481261E-01  9.315325E-05  2.479159E-07  3.219303E-01  1.815226E-03  4.159979E-05  1.812565E-06  2.768232E-03  1.844072E-07  6.660474E-07  2.318966E-07  1.515902E-01  2.704682E-05  1.344020E-06  1.150455E-06  3.317546E-04  4.510500E-04  6.319554E-06  1.036422E-06  1.328612E-06  2.106343E-06
 3.071500E+02  3.735170E-01  2.754615E-04  3.756147E-08  4.980804E-08  5.553999E-08  6.686259E-08  1.481589E-01  9.139277E-05  2.326158E-07  3.229221E-01  1.791499E-03  3.940280E-05  1.770413E-06  2.718923E-03  1.748773E-07  6.332703E-07  2.228824E-07  1.496730E-01  2.588533E-05  1.302265E-06  1.113946E-06  3.265747E-04  4.440003E-04  5.969444E-06  9.758728E-07  1.251413E-06  2.005702E-06
 3.081500E+02  3.744874E-01  2.729327E-04  3.643666E-08  4.832935E-08  5.389427E-08  6.489762E-08  1.481909E-01  8.967849E-05  2.183590E-07  3.238979E-01  1.768139E-03  3.733212E-05  1.729391E-06  2.670792E-03  1.659000E-07  6.023149E-07  2.142728E-07  1.477864E-01  2.477935E-05  1.262013E-06  1.078778E-06  3.215030E-04  4.370984E-04  5.640601E-06  9.192204E-07  1.179158E-06  1.910437E-06
 3.091500E+02  3.754421E-01  2.704348E-04  3.535140E-08  4.690228E-08  5.230589E-08  6.300064E-08  1.482222E-01  8.800894E-05  2.050679E-07  3.248580E-01  1.745139E-03  3.537997E-05  1.689466E-06  2.623807E-03  1.574402E-07  5.730694E-07  2.060474E-07  1.459299E-01  2.372601E-05  1.223206E-06  1.044895E-06  3.165370E-04  4.303407E-04  5.331632E-06  8.661930E-07  1.111505E-06  1.820234E-06
 3.101500E+02  3.763813E-01  2.679677E-04  3.430417E-08  4.552483E-08  5.077265E-08  6.116903E-08  1.482527E-01  8.638269E-05  1.926715E-07  3.258026E-01  1.722496E-03  3.353907E-05  1.650608E-06  2.577934E-03  1.494650E-07  5.454297E-07  1.981873E-07  1.441031E-01  2.272258E-05  1.185785E-06  1.012246E-06  3.116741E-04  4.237238E-04  5.041239E-06  8.165389E-07  1.048135E-06  1.734800E-06
 3.111500E+02  3.773054E-01  2.655309E-04  3.329346E-08  4.419506E-08  4.929239E-08  5.940028E-08  1.482826E-01  8.479837E-05  1.811041E-07  3.267320E-01  1.700205E-03  3.180263E-05  1.612787E-06  2.533143E-03  1.419440E-07  5.192983E-07  1.906742E-07  1.423056E-01  2.176650E-05  1.149697E-06  9.807810E-07  3.069119E-04  4.172443E-04  4.768215E-06  7.700251E-07  9.887533E-07  1.653858E-06
 3.121500E+02  3.782144E-01  2.631244E-04  3.231786E-08  4.291113E-08  4.786309E-08  5.769198E-08  1.483117E-01  8.325465E-05  1.703053E-07  3.276463E-01  1.678262E-03  3.016429E-05  1.575973E-06  2.489403E-03  1.348486E-07  4.945843E-07  1.834910E-07  1.405368E-01  2.085534E-05  1.114888E-06  9.504528E-07  3.022478E-04  4.108988E-04  4.511438E-06  7.264360E-07  9.330880E-07  1.577150E-06
 3.131500E+02  3.791087E-01  2.607476E-04  3.137601E-08  4.167129E-08  4.648278E-08  5.604182E-08  1.483401E-01  8.175028E-05  1.602196E-07  3.285459E-01  1.656661E-03  2.861810E-05  1.540140E-06  2.446685E-03  1.281524E-07  4.712028E-07  1.766216E-07  1.387964E-01  1.998680E-05  1.081308E-06  9.212158E-07  2.976797E-04  4.046841E-04  4.269862E-06  6.855718E-07  8.808859E-07  1.504433E-06
 3.141500E+02  3.799885E-01  2.584005E-04  3.046661E-08  4.047384E-08  4.514959E-08  5.444759E-08  1.483679E-01  8.028401E-05  1.507955E-07  3.294310E-01  1.635398E-03  2.715850E-05  1.505258E-06  2.404961E-03  1.218306E-07  4.490743E-07  1.700506E-07  1.370839E-01  1.915871E-05  1.048910E-06  8.930265E-07  2.932052E-04  3.985972E-04  4.042514E-06  6.472473E-07  8.319127E-07  1.435479E-06
 3.151500E+02  3.808541E-01  2.560826E-04  2.958840E-08  3.931716E-08  4.386172E-08  5.290718E-08  1.483951E-01  7.885467E-05  1.419859E-07  3.303018E-01  1.614469E-03  2.578028E-05  1.471301E-06  2.364204E-03  1.158602E-07  4.281245E-07  1.637635E-07  1.353988E-01  1.836902E-05  1.017647E-06  8.658434E-07  2.888221E-04  3.926349E-04  3.828488E-06  6.112910E-07  7.859513E-07  1.370074E-06
 3.161500E+02  3.817057E-01  2.537937E-04  2.874019E-08  3.819970E-08  4.261744E-08  5.141855E-08  1.484216E-01  7.746112E-05  1.337469E-07  3.311585E-01  1.593868E-03  2.447856E-05  1.438243E-06  2.324385E-03  1.102197E-07  4.082839E-07  1.577467E-07  1.337408E-01  1.761579E-05  9.874750E-07  8.396266E-07  2.845281E-04  3.867943E-04  3.626938E-06  5.775436E-07  7.428000E-07  1.308019E-06
 3.171500E+02  3.825434E-01  2.515335E-04  2.792082E-08  3.711997E-08  4.141510E-08  4.997974E-08  1.484476E-01  7.610225E-05  1.260384E-07  3.320014E-01  1.573591E-03  2.324878E-05  1.406058E-06  2.285481E-03  1.048889E-07  3.894876E-07  1.519870E-07  1.321093E-01  1.689718E-05  9.583517E-07  8.143379E-07  2.803213E-04  3.810725E-04  3.437077E-06  5.458577E-07  7.022719E-07  1.249125E-06
 3.181500E+02  3.833676E-01  2.493017E-04  2.712921E-08  3.607653E-08  4.025311E-08  4.858889E-08  1.484729E-01  7.477701E-05  1.188229E-07  3.328307E-01  1.553633E-03  2.208665E-05  1.374722E-06  2.247465E-03  9.984908E-08  3.716746E-07  1.464722E-07  1.305041E-01  1.621146E-05  9.302366E-07  7.899409E-07  2.761996E-04  3.754667E-04  3.258170E-06  5.160960E-07  6.641933E-07  1.193215E-06
 3.191500E+02  3.841784E-01  2.470979E-04  2.636429E-08  3.506803E-08  3.912996E-08  4.724420E-08  1.484977E-01  7.348437E-05  1.120661E-07  3.336466E-01  1.533989E-03  2.098817E-05  1.344211E-06  2.210314E-03  9.508277E-08  3.547879E-07  1.411906E-07  1.289245E-01  1.555698E-05  9.030908E-07  7.664005E-07  2.721608E-04  3.699741E-04  3.089533E-06  4.881315E-07  6.284029E-07  1.140123E-06
 3.201500E+02  3.849761E-01  2.449219E-04  2.562506E-08  3.409314E-08  3.804419E-08  4.594396E-08  1.485219E-01  7.222336E-05  1.057361E-07  3.344494E-01  1.514656E-03  1.994959E-05  1.314501E-06  2.174004E-03  9.057354E-08  3.387742E-07  1.361311E-07  1.273703E-01  1.493219E-05  8.768772E-07  7.436833E-07  2.682032E-04  3.645920E-04  2.930525E-06  4.618458E-07  5.947510E-07  1.089692E-06
 3.211500E+02  3.857609E-01  2.427734E-04  2.491054E-08  3.315061E-08  3.699440E-08  4.468650E-08  1.485456E-01  7.099301E-05  9.980345E-08  3.352392E-01  1.495628E-03  1.896739E-05  1.285570E-06  2.138512E-03  8.630610E-08  3.235833E-07  1.312833E-07  1.258410E-01  1.433562E-05  8.515600E-07  7.217571E-07  2.643247E-04  3.593178E-04  2.780551E-06  4.371292E-07  5.630982E-07  1.041777E-06
 3.221500E+02  3.865331E-01  2.406521E-04  2.421981E-08  3.223922E-08  3.597925E-08  4.347025E-08  1.485687E-01  6.979241E-05  9.424094E-08  3.360163E-01  1.476901E-03  1.803827E-05  1.257396E-06  2.103817E-03  8.226612E-08  3.091684E-07  1.266371E-07  1.243362E-01  1.376587E-05  8.271050E-07  7.005913E-07  2.605235E-04  3.541491E-04  2.639055E-06  4.138797E-07  5.333151E-07  9.962385E-07
 3.231500E+02  3.872927E-01  2.385577E-04  2.355198E-08  3.135783E-08  3.499745E-08  4.229369E-08  1.485914E-01  6.862067E-05  8.902331E-08  3.367809E-01  1.458469E-03  1.715914E-05  1.229957E-06  2.069896E-03  7.844020E-08  2.954855E-07  1.221833E-07  1.228555E-01  1.322162E-05  8.034794E-07  6.801565E-07  2.567979E-04  3.490832E-04  2.505514E-06  3.920022E-07  5.052811E-07  9.529473E-07
 3.241500E+02  3.880401E-01  2.364898E-04  2.290619E-08  3.050532E-08  3.404777E-08  4.115535E-08  1.486135E-01  6.747694E-05  8.412716E-08  3.375332E-01  1.440330E-03  1.632708E-05  1.203232E-06  2.036730E-03  7.481580E-08  2.824933E-07  1.179128E-07  1.213984E-01  1.270162E-05  7.806518E-07  6.604244E-07  2.531460E-04  3.441179E-04  2.379445E-06  3.714084E-07  4.788842E-07  9.117811E-07
 3.251500E+02  3.887754E-01  2.344481E-04  2.228161E-08  2.968062E-08  3.312902E-08  4.005384E-08  1.486352E-01  6.636039E-05  7.953083E-08  3.382734E-01  1.422477E-03  1.553939E-05  1.177202E-06  2.004297E-03  7.138119E-08  2.701531E-07  1.138171E-07  1.199647E-01  1.220470E-05  7.585920E-07  6.413680E-07  2.495661E-04  3.392507E-04  2.260392E-06  3.520163E-07  4.540201E-07  8.726251E-07
 3.261500E+02  3.894989E-01  2.324325E-04  2.167748E-08  2.888270E-08  3.224007E-08  3.898780E-08  1.486563E-01  6.527023E-05  7.521423E-08  3.390017E-01  1.404907E-03  1.479351E-05  1.151846E-06  1.972579E-03  6.812536E-08  2.584284E-07  1.098882E-07  1.185539E-01  1.172971E-05  7.372711E-07  6.229614E-07  2.460566E-04  3.344793E-04  2.147932E-06  3.337492E-07  4.305915E-07  8.353710E-07
 3.271500E+02  3.902108E-01  2.304424E-04  2.109302E-08  2.811060E-08  3.137982E-08  3.795596E-08  1.486771E-01  6.420568E-05  7.115872E-08  3.397183E-01  1.387615E-03  1.408704E-05  1.127146E-06  1.941557E-03  6.503802E-08  2.472852E-07  1.061184E-07  1.171656E-01  1.127562E-05  7.166614E-07  6.051799E-07  2.426158E-04  3.298016E-04  2.041667E-06  3.165358E-07  4.085079E-07  7.999170E-07
 3.281500E+02  3.909112E-01  2.284777E-04  2.052751E-08  2.736335E-08  3.054722E-08  3.695706E-08  1.486973E-01  6.316601E-05  6.734701E-08  3.404235E-01  1.370598E-03  1.341773E-05  1.103083E-06  1.911212E-03  6.210951E-08  2.366914E-07  1.025005E-07  1.157995E-01  1.084139E-05  6.967362E-07  5.879995E-07  2.392421E-04  3.252153E-04  1.941226E-06  3.003099E-07  3.876849E-07  7.661670E-07
 3.291500E+02  3.916003E-01  2.265380E-04  1.998027E-08  2.664006E-08  2.974128E-08  3.598993E-08  1.487172E-01  6.215049E-05  6.376304E-08  3.411173E-01  1.353849E-03  1.278346E-05  1.079638E-06  1.881527E-03  5.933079E-08  2.266169E-07  9.902762E-08  1.144551E-01  1.042609E-05  6.774701E-07  5.713976E-07  2.359340E-04  3.207183E-04  1.846262E-06  2.850095E-07  3.680439E-07  7.340308E-07
 3.301500E+02  3.922784E-01  2.246231E-04  1.945062E-08  2.593985E-08  2.896102E-08  3.505340E-08  1.487366E-01  6.115842E-05  6.039191E-08  3.418001E-01  1.337366E-03  1.218226E-05  1.056795E-06  1.852483E-03  5.669335E-08  2.170332E-07  9.569314E-08  1.131321E-01  1.002880E-05  6.588384E-07  5.553523E-07  2.326900E-04  3.163087E-04  1.756450E-06  2.705769E-07  3.495114E-07  7.034230E-07
 3.311500E+02  3.929456E-01  2.227325E-04  1.893792E-08  2.526190E-08  2.820552E-08  3.414640E-08  1.487556E-01  6.018914E-05  5.721976E-08  3.424720E-01  1.321143E-03  1.161225E-05  1.034537E-06  1.824066E-03  5.418923E-08  2.079139E-07  9.249085E-08  1.118302E-01  9.648668E-06  6.408179E-07  5.398425E-07  2.295086E-04  3.119842E-04  1.671485E-06  2.569583E-07  3.320192E-07  6.742634E-07
 3.321500E+02  3.936022E-01  2.208661E-04  1.844156E-08  2.460540E-08  2.747389E-08  3.326785E-08  1.487742E-01  5.924201E-05  5.423371E-08  3.431331E-01  1.305178E-03  1.107168E-05  1.012847E-06  1.796257E-03  5.181097E-08  1.992337E-07  8.941484E-08  1.105490E-01  9.284873E-06  6.233858E-07  5.248483E-07  2.263883E-04  3.077431E-04  1.591083E-06  2.441035E-07  3.155032E-07  6.464762E-07
 3.331500E+02  3.942483E-01  2.190236E-04  1.796094E-08  2.396958E-08  2.676527E-08  3.241675E-08  1.487924E-01  5.831638E-05  5.142179E-08  3.437838E-01  1.289465E-03  1.055890E-05  9.917088E-07  1.769042E-03  4.955154E-08  1.909692E-07  8.645949E-08  1.092881E-01  8.936645E-06  6.065205E-07  5.103502E-07  2.233279E-04  3.035833E-04  1.514977E-06  2.319656E-07  2.999038E-07  6.199900E-07
 3.341500E+02  3.948840E-01  2.172045E-04  1.749550E-08  2.335370E-08  2.607883E-08  3.159212E-08  1.488102E-01  5.741166E-05  4.877285E-08  3.444241E-01  1.274000E-03  1.007238E-05  9.711071E-07  1.742406E-03  4.740436E-08  1.830981E-07  8.361944E-08  1.080471E-01  8.603250E-06  5.902013E-07  4.963299E-07  2.203258E-04  2.995031E-04  1.442915E-06  2.205008E-07  2.851653E-07  5.947374E-07
 3.351500E+02  3.955096E-01  2.154087E-04  1.704470E-08  2.275704E-08  2.541380E-08  3.079303E-08  1.488277E-01  5.652727E-05  4.627654E-08  3.450542E-01  1.258780E-03  9.610636E-06  9.510269E-07  1.716333E-03  4.536323E-08  1.755996E-07  8.088962E-08  1.068258E-01  8.283991E-06  5.744082E-07  4.827696E-07  2.173808E-04  2.955006E-04  1.374664E-06  2.096684E-07  2.712357E-07  5.706548E-07
 3.361500E+02  3.961253E-01  2.136358E-04  1.660801E-08  2.217894E-08  2.476940E-08  3.001858E-08  1.488448E-01  5.566262E-05  4.392319E-08  3.456743E-01  1.243800E-03  9.172316E-06  9.314535E-07  1.690808E-03  4.342233E-08  1.684539E-07  7.826517E-08  1.056238E-01  7.978208E-06  5.591221E-07  4.696522E-07  2.144916E-04  2.915740E-04  1.310005E-06  1.994300E-07  2.580663E-07  5.476823E-07
 3.371500E+02  3.967312E-01  2.118855E-04  1.618493E-08  2.161872E-08  2.414492E-08  2.926790E-08  1.488615E-01  5.481719E-05  4.170381E-08  3.462846E-01  1.229056E-03  8.756125E-06  9.123727E-07  1.665819E-03  4.157619E-08  1.616426E-07  7.574149E-08  1.044407E-01  7.685274E-06  5.443246E-07  4.569615E-07  2.116570E-04  2.877217E-04  1.248730E-06  1.897501E-07  2.456117E-07  5.257631E-07
 3.381500E+02  3.973275E-01  2.101576E-04  1.577498E-08  2.107576E-08  2.353964E-08  2.854015E-08  1.488779E-01  5.399042E-05  3.961002E-08  3.468853E-01  1.214545E-03  8.360851E-06  8.937708E-07  1.641351E-03  3.981967E-08  1.551482E-07  7.331421E-08  1.032763E-01  7.404591E-06  5.299979E-07  4.446817E-07  2.088756E-04  2.839419E-04  1.190646E-06  1.805952E-07  2.338292E-07  5.048436E-07
 3.391500E+02  3.979144E-01  2.084518E-04  1.537768E-08  2.054946E-08  2.295291E-08  2.783455E-08  1.488939E-01  5.318182E-05  3.763402E-08  3.474764E-01  1.200262E-03  7.985351E-06  8.756342E-07  1.617392E-03  3.814794E-08  1.489541E-07  7.097915E-08  1.021302E-01  7.135595E-06  5.161253E-07  4.327978E-07  2.061463E-04  2.802330E-04  1.135572E-06  1.719340E-07  2.226792E-07  4.848735E-07
 3.401500E+02  3.984920E-01  2.067677E-04  1.499261E-08  2.003923E-08  2.238406E-08  2.715032E-08  1.489097E-01  5.239089E-05  3.576851E-08  3.480583E-01  1.186204E-03  7.628551E-06  8.579501E-07  1.593928E-03  3.655643E-08  1.430449E-07  6.873233E-08  1.010021E-01  6.877748E-06  5.026903E-07  4.212954E-07  2.034680E-04  2.765934E-04  1.083338E-06  1.637375E-07  2.121244E-07  4.658048E-07
 3.411500E+02  3.990604E-01  2.051051E-04  1.461932E-08  1.954451E-08  2.183247E-08  2.648671E-08  1.489251E-01  5.161714E-05  3.400671E-08  3.486310E-01  1.172367E-03  7.289439E-06  8.407058E-07  1.570947E-03  3.504087E-08  1.374059E-07  6.656998E-08  9.989170E-02  6.630538E-06  4.896773E-07  4.101606E-07  2.008394E-04  2.730215E-04  1.033783E-06  1.559782E-07  2.021298E-07  4.475924E-07
 3.421500E+02  3.996200E-01  2.034637E-04  1.425740E-08  1.906475E-08  2.129756E-08  2.584303E-08  1.489402E-01  5.086012E-05  3.234228E-08  3.491948E-01  1.158747E-03  6.967059E-06  8.238891E-07  1.548437E-03  3.359721E-08  1.320232E-07  6.448848E-08  9.879866E-02  6.393480E-06  4.770714E-07  3.993801E-07  1.982595E-04  2.695159E-04  9.867566E-07  1.486306E-07  1.926629E-07  4.301936E-07
 3.431500E+02  4.001707E-01  2.018433E-04  1.390647E-08  1.859946E-08  2.077873E-08  2.521859E-08  1.489550E-01  5.011936E-05  3.076928E-08  3.497497E-01  1.145341E-03  6.660515E-06  8.074881E-07  1.526386E-03  3.222167E-08  1.268840E-07  6.248441E-08  9.772268E-02  6.166113E-06  4.648579E-07  3.889412E-07  1.957272E-04  2.660751E-04  9.421184E-07  1.416707E-07  1.836930E-07  4.135681E-07
 3.441500E+02  4.007128E-01  2.002434E-04  1.356613E-08  1.814811E-08  2.027545E-08  2.461272E-08  1.489695E-01  4.939444E-05  2.928220E-08  3.502959E-01  1.132145E-03  6.368959E-06  7.914913E-07  1.504783E-03  3.091065E-08  1.219757E-07  6.055450E-08  9.666348E-02  5.947998E-06  4.530231E-07  3.788314E-07  1.932415E-04  2.626976E-04  8.997354E-07  1.350760E-07  1.751915E-07  3.976777E-07
 3.451500E+02  4.012464E-01  1.986640E-04  1.323603E-08  1.771025E-08  1.978716E-08  2.402480E-08  1.489837E-01  4.868493E-05  2.787586E-08  3.508336E-01  1.119155E-03  6.091593E-06  7.758874E-07  1.483616E-03  2.966079E-08  1.172869E-07  5.869562E-08  9.562077E-02  5.738717E-06  4.415536E-07  3.690391E-07  1.908013E-04  2.593820E-04  8.594829E-07  1.288254E-07  1.671314E-07  3.824862E-07
 3.461500E+02  4.017717E-01  1.971046E-04  1.291580E-08  1.728540E-08  1.931337E-08  2.345421E-08  1.489976E-01  4.799042E-05  2.654544E-08  3.513629E-01  1.106368E-03  5.827665E-06  7.606656E-07  1.462876E-03  2.846890E-08  1.128064E-07  5.690480E-08  9.459425E-02  5.537875E-06  4.304366E-07  3.595530E-07  1.884056E-04  2.561269E-04  8.212436E-07  1.228992E-07  1.594876E-07  3.679594E-07
 3.471500E+02  4.022888E-01  1.955651E-04  1.260512E-08  1.687312E-08  1.885358E-08  2.290038E-08  1.490112E-01  4.731052E-05  2.528642E-08  3.518840E-01  1.093781E-03  5.576465E-06  7.458153E-07  1.442551E-03  2.733198E-08  1.085240E-07  5.517921E-08  9.358364E-02  5.345093E-06  4.196598E-07  3.503620E-07  1.860534E-04  2.529311E-04  7.849072E-07  1.172790E-07  1.522365E-07  3.540651E-07
 3.481500E+02  4.027978E-01  1.940451E-04  1.230365E-08  1.647298E-08  1.840731E-08  2.236272E-08  1.490246E-01  4.664485E-05  2.409457E-08  3.523971E-01  1.081390E-03  5.337324E-06  7.313264E-07  1.422632E-03  2.624721E-08  1.044297E-07  5.351614E-08  9.258867E-02  5.160013E-06  4.092112E-07  3.414559E-07  1.837437E-04  2.497931E-04  7.503699E-07  1.119474E-07  1.453558E-07  3.407725E-07
 3.491500E+02  4.032990E-01  1.925444E-04  1.201108E-08  1.608458E-08  1.797411E-08  2.184071E-08  1.490377E-01  4.599302E-05  2.296596E-08  3.529021E-01  1.069192E-03  5.109610E-06  7.171889E-07  1.403108E-03  2.521191E-08  1.005144E-07  5.191301E-08  9.160905E-02  4.982293E-06  3.990795E-07  3.328245E-07  1.814758E-04  2.467118E-04  7.175341E-07  1.068879E-07  1.388247E-07  3.280526E-07
 3.501500E+02  4.037924E-01  1.910627E-04  1.172711E-08  1.570751E-08  1.755353E-08  2.133382E-08  1.490506E-01  4.535469E-05  2.189687E-08  3.533994E-01  1.057183E-03  4.892728E-06  7.033932E-07  1.383971E-03  2.422357E-08  9.676930E-08  5.036735E-08  9.064453E-02  4.811608E-06  3.892537E-07  3.244581E-07  1.792485E-04  2.436859E-04  6.863078E-07  1.020855E-07  1.326237E-07  3.158780E-07
 3.511500E+02  4.042781E-01  1.895998E-04  1.145144E-08  1.534141E-08  1.714516E-08  2.084153E-08  1.490632E-01  4.472950E-05  2.088385E-08  3.538890E-01  1.045360E-03  4.686114E-06  6.899298E-07  1.365210E-03  2.327980E-08  9.318600E-08  4.887683E-08  8.969484E-02  4.647648E-06  3.797233E-07  3.163476E-07  1.770612E-04  2.407142E-04  6.566046E-07  9.752559E-08  1.267343E-07  3.042226E-07
 3.521500E+02  4.047564E-01  1.881554E-04  1.118381E-08  1.498589E-08  1.674858E-08  2.036338E-08  1.490756E-01  4.411711E-05  1.992364E-08  3.543711E-01  1.033720E-03  4.489238E-06  6.767897E-07  1.346816E-03  2.237836E-08  8.975669E-08  4.743919E-08  8.875971E-02  4.490119E-06  3.704782E-07  3.084839E-07  1.749128E-04  2.377956E-04  6.283428E-07  9.319481E-08  1.211394E-07  2.930617E-07
 3.531500E+02  4.052273E-01  1.867293E-04  1.092394E-08  1.464061E-08  1.636341E-08  1.989889E-08  1.490877E-01  4.351719E-05  1.901322E-08  3.548458E-01  1.022260E-03  4.301599E-06  6.639641E-07  1.328781E-03  2.151712E-08  8.647395E-08  4.605230E-08  8.783890E-02  4.338739E-06  3.615085E-07  3.008585E-07  1.728025E-04  2.349287E-04  6.014457E-07  8.908045E-08  1.158227E-07  2.823719E-07
 3.541500E+02  4.056910E-01  1.853212E-04  1.067156E-08  1.430523E-08  1.598927E-08  1.944761E-08  1.490996E-01  4.292943E-05  1.814972E-08  3.553132E-01  1.010977E-03  4.122722E-06  6.514445E-07  1.311097E-03  2.069408E-08  8.333072E-08  4.471410E-08  8.693215E-02  4.193243E-06  3.528048E-07  2.934632E-07  1.707296E-04  2.321127E-04  5.758409E-07  8.517060E-08  1.107689E-07  2.721311E-07
 3.551500E+02  4.061476E-01  1.839308E-04  1.042644E-08  1.397942E-08  1.562578E-08  1.900910E-08  1.491113E-01  4.235352E-05  1.733048E-08  3.557735E-01  9.998672E-04  3.952161E-06  6.392224E-07  1.293754E-03  1.990735E-08  8.032034E-08  4.342265E-08  8.603921E-02  4.053374E-06  3.443583E-07  2.862900E-07  1.686932E-04  2.293463E-04  5.514602E-07  8.145404E-08  1.059637E-07  2.623181E-07
 3.561500E+02  4.065972E-01  1.825579E-04  1.018833E-08  1.366287E-08  1.527261E-08  1.858296E-08  1.491227E-01  4.178916E-05  1.655300E-08  3.562268E-01  9.889285E-04  3.789491E-06  6.272900E-07  1.276745E-03  1.915512E-08  7.743649E-08  4.217607E-08  8.515986E-02  3.918891E-06  3.361600E-07  2.793312E-07  1.666925E-04  2.266285E-04  5.282393E-07  7.792025E-08  1.013936E-07  2.529130E-07
 3.571500E+02  4.070400E-01  1.812023E-04  9.956997E-09  1.335527E-08  1.492940E-08  1.816877E-08  1.491339E-01  4.123605E-05  1.581491E-08  3.566731E-01  9.781576E-04  3.634315E-06  6.156393E-07  1.260062E-03  1.843572E-08  7.467319E-08  4.097259E-08  8.429384E-02  3.789562E-06  3.282017E-07  2.725795E-07  1.647268E-04  2.239582E-04  5.061175E-07  7.455930E-08  9.704600E-08  2.438969E-07
 3.581500E+02  4.074760E-01  1.798638E-04  9.732221E-09  1.305632E-08  1.459585E-08  1.776615E-08  1.491450E-01  4.069392E-05  1.511402E-08  3.571127E-01  9.675515E-04  3.486253E-06  6.042627E-07  1.243698E-03  1.774752E-08  7.202476E-08  3.981050E-08  8.344092E-02  3.665167E-06  3.204753E-07  2.660279E-07  1.627954E-04  2.213345E-04  4.850376E-07  7.136188E-08  9.290883E-08  2.352517E-07
 3.591500E+02  4.079054E-01  1.785420E-04  9.513786E-09  1.276576E-08  1.427163E-08  1.737473E-08  1.491558E-01  4.016249E-05  1.444824E-08  3.575457E-01  9.571075E-04  3.344948E-06  5.931528E-07  1.227644E-03  1.708902E-08  6.948583E-08  3.868817E-08  8.260088E-02  3.545496E-06  3.129731E-07  2.596696E-07  1.608974E-04  2.187564E-04  4.649456E-07  6.831920E-08  8.897087E-08  2.269605E-07
 3.601500E+02  4.083284E-01  1.772368E-04  9.301485E-09  1.248330E-08  1.395644E-08  1.699414E-08  1.491664E-01  3.964150E-05  1.381564E-08  3.579721E-01  9.468228E-04  3.210063E-06  5.823026E-07  1.211893E-03  1.645878E-08  6.705130E-08  3.760405E-08  8.177349E-02  3.430348E-06  3.056876E-07  2.534980E-07  1.590323E-04  2.162228E-04  4.457906E-07  6.542299E-08  8.522154E-08  2.190070E-07
 3.611500E+02  4.087449E-01  1.759479E-04  9.095120E-09  1.220868E-08  1.364999E-08  1.662404E-08  1.491768E-01  3.913069E-05  1.321438E-08  3.583921E-01  9.366946E-04  3.081278E-06  5.717050E-07  1.196439E-03  1.585544E-08  6.471632E-08  3.655663E-08  8.095852E-02  3.319533E-06  2.986115E-07  2.475069E-07  1.571993E-04  2.137329E-04  4.275244E-07  6.266547E-08  8.165085E-08  2.113759E-07
 3.621500E+02  4.091552E-01  1.746751E-04  8.894498E-09  1.194166E-08  1.335201E-08  1.626409E-08  1.491870E-01  3.862980E-05  1.264275E-08  3.588058E-01  9.267202E-04  2.958290E-06  5.613534E-07  1.181275E-03  1.527770E-08  6.247630E-08  3.554450E-08  8.015577E-02  3.212868E-06  2.917380E-07  2.416901E-07  1.553977E-04  2.112856E-04  4.101017E-07  6.003931E-08  7.824938E-08  2.040524E-07
 3.631500E+02  4.095593E-01  1.734182E-04  8.699433E-09  1.168199E-08  1.306221E-08  1.591396E-08  1.491971E-01  3.813860E-05  1.209912E-08  3.592133E-01  9.168969E-04  2.840813E-06  5.512410E-07  1.166394E-03  1.472436E-08  6.032690E-08  3.456630E-08  7.936502E-02  3.110179E-06  2.850604E-07  2.360418E-07  1.536268E-04  2.088803E-04  3.934794E-07  5.753757E-08  7.500828E-08  1.970227E-07
 3.641500E+02  4.099574E-01  1.721769E-04  8.509747E-09  1.142942E-08  1.278033E-08  1.557336E-08  1.492069E-01  3.765686E-05  1.158199E-08  3.596147E-01  9.072222E-04  2.728577E-06  5.413617E-07  1.151789E-03  1.419425E-08  5.826397E-08  3.362071E-08  7.858606E-02  3.011302E-06  2.785722E-07  2.305564E-07  1.518861E-04  2.065158E-04  3.776171E-07  5.515376E-08  7.191918E-08  1.902736E-07
 3.651500E+02  4.103495E-01  1.709511E-04  8.325269E-09  1.118375E-08  1.250614E-08  1.524197E-08  1.492166E-01  3.718433E-05  1.108991E-08  3.600102E-01  8.976934E-04  2.621323E-06  5.317091E-07  1.137455E-03  1.368628E-08  5.628358E-08  3.270649E-08  7.781869E-02  2.916076E-06  2.722672E-07  2.252286E-07  1.501749E-04  2.041915E-04  3.624765E-07  5.288171E-08  6.897418E-08  1.837925E-07
 3.661500E+02  4.107358E-01  1.697405E-04  8.145832E-09  1.094474E-08  1.223937E-08  1.491951E-08  1.492261E-01  3.672081E-05  1.062154E-08  3.603997E-01  8.883081E-04  2.518810E-06  5.222774E-07  1.123384E-03  1.319941E-08  5.438201E-08  3.182245E-08  7.706269E-02  2.824352E-06  2.661396E-07  2.200531E-07  1.484926E-04  2.019064E-04  3.480214E-07  5.071564E-08  6.616586E-08  1.775676E-07
 3.671500E+02  4.111164E-01  1.685448E-04  7.971275E-09  1.071220E-08  1.197980E-08  1.460569E-08  1.492354E-01  3.626606E-05  1.017562E-08  3.607835E-01  8.790637E-04  2.420807E-06  5.130607E-07  1.109571E-03  1.273266E-08  5.255571E-08  3.096743E-08  7.631788E-02  2.735984E-06  2.601835E-07  2.150248E-07  1.468386E-04  1.996598E-04  3.342174E-07  4.865008E-08  6.348718E-08  1.715873E-07
 3.681500E+02  4.114913E-01  1.673640E-04  7.801446E-09  1.048591E-08  1.172721E-08  1.430025E-08  1.492445E-01  3.581990E-05  9.750958E-09  3.611616E-01  8.699579E-04  2.327096E-06  5.040533E-07  1.096010E-03  1.228508E-08  5.080131E-08  3.014035E-08  7.558407E-02  2.650836E-06  2.543933E-07  2.101390E-07  1.452123E-04  1.974508E-04  3.210323E-07  4.667986E-08  6.093153E-08  1.658411E-07
 3.691500E+02  4.118606E-01  1.661978E-04  7.636194E-09  1.026567E-08  1.148137E-08  1.400293E-08  1.492535E-01  3.538210E-05  9.346421E-09  3.615342E-01  8.609883E-04  2.237470E-06  4.952497E-07  1.082696E-03  1.185580E-08  4.911562E-08  2.934015E-08  7.486105E-02  2.568776E-06  2.487638E-07  2.053910E-07  1.436131E-04  1.952787E-04  3.084354E-07  4.480011E-08  5.849263E-08  1.603185E-07
 3.701500E+02  4.122246E-01  1.650459E-04  7.475376E-09  1.005131E-08  1.124207E-08  1.371347E-08  1.492624E-01  3.495247E-05  8.960954E-09  3.619012E-01  8.521524E-04  2.151734E-06  4.866446E-07  1.069623E-03  1.144397E-08  4.749559E-08  2.856583E-08  7.414864E-02  2.489678E-06  2.432898E-07  2.007762E-07  1.420406E-04  1.931428E-04  2.963977E-07  4.300623E-08  5.616458E-08  1.550098E-07
 3.711500E+02  4.125831E-01  1.639082E-04  7.318853E-09  9.842640E-09  1.100912E-08  1.343164E-08  1.492710E-01  3.453082E-05  8.593559E-09  3.622629E-01  8.434480E-04  2.069702E-06  4.782329E-07  1.056785E-03  1.104879E-08  4.593832E-08  2.781643E-08  7.344667E-02  2.413422E-06  2.379662E-07  1.962905E-07  1.404940E-04  1.910422E-04  2.848919E-07  4.129387E-08  5.394179E-08  1.499056E-07
 3.721500E+02  4.129365E-01  1.627844E-04  7.166492E-09  9.639479E-09  1.078231E-08  1.315719E-08  1.492796E-01  3.411697E-05  8.243296E-09  3.626193E-01  8.348729E-04  1.991197E-06  4.700094E-07  1.044178E-03  1.066951E-08  4.444106E-08  2.709101E-08  7.275494E-02  2.339893E-06  2.327884E-07  1.919295E-07  1.389730E-04  1.889763E-04  2.738918E-07  3.965893E-08  5.181898E-08  1.449972E-07
 3.731500E+02  4.132846E-01  1.616745E-04  7.018164E-09  9.441660E-09  1.056145E-08  1.288990E-08  1.492879E-01  3.371072E-05  7.909278E-09  3.629704E-01  8.264247E-04  1.916052E-06  4.619693E-07  1.031796E-03  1.030540E-08  4.300120E-08  2.638870E-08  7.207329E-02  2.268982E-06  2.277517E-07  1.876894E-07  1.374770E-04  1.869443E-04  2.633730E-07  3.809753E-08  4.979117E-08  1.402761E-07
