#         T/K            c1          c2-1          c3-4          c3-5          c3-7          c3-9            m1          m2-1          m3-1            w1            w2          w3-1          w3-2          c1m1        c1m2-1        c1m2-7        c2m1-1        c1w1-2        c1w2-1        c2w1-1        c2w1-9        m1w1-1        m1w1-4        m1w2-1        m2w1-1        m2w1-3      c1m1w1-1
 2.731500E+02  2.917864E-01  2.793019E-04  7.078477E-08  9.290672E-08  1.033661E-07  1.232512E-07  4.405235E-01  1.617973E-03  6.414062E-05  1.468886E-01  7.339740E-04  3.730250E-05  5.233939E-07  1.333209E-02  9.307777E-06  3.054177E-05  2.058021E-06  1.024734E-01  2.814275E-05  1.505222E-06  1.321744E-06  8.666141E-04  1.179695E-03  3.687366E-05  4.004055E-05  5.071190E-05  1.553121E-05
 2.741500E+02  2.927089E-01  2.758362E-04  6.801225E-08  8.929795E-08  9.935848E-08  1.185100E-07  4.407437E-01  1.579844E-03  5.922223E-05  1.476899E-01  7.241363E-04  3.501441E-05  5.103817E-07  1.302876E-02  8.703584E-06  2.865172E-05  1.955883E-06  1.009423E-01  2.670036E-05  1.447195E-06  1.269694E-06  8.510051E-04  1.158374E-03  3.444031E-05  3.719085E-05  4.712147E-05  1.462044E-05
 2.751500E+02  2.936144E-01  2.724246E-04  6.536367E-08  8.584930E-08  9.552837E-08  1.139773E-07  4.409571E-01  1.542894E-03  5.471398E-05  1.484776E-01  7.144037E-04  3.287518E-05  4.976913E-07  1.273421E-02  8.142583E-06  2.689114E-05  1.859455E-06  9.943610E-02  2.533787E-05  1.391668E-06  1.219932E-06  8.357342E-04  1.137518E-03  3.217944E-05  3.456071E-05  4.380638E-05  1.376809E-05
 2.761500E+02  2.945030E-01  2.690663E-04  6.283294E-08  8.255295E-08  9.186712E-08  1.096430E-07  4.411639E-01  1.507080E-03  5.057913E-05  1.492520E-01  7.047780E-04  3.087469E-05  4.853169E-07  1.244817E-02  7.621428E-06  2.525040E-05  1.768387E-06  9.795470E-02  2.405061E-05  1.338526E-06  1.172351E-06  8.207942E-04  1.117116E-03  3.007807E-05  3.213204E-05  4.074404E-05  1.297015E-05
 2.771500E+02  2.953751E-01  2.657605E-04  6.041429E-08  7.940149E-08  8.836654E-08  1.054976E-07  4.413642E-01  1.472362E-03  4.678444E-05  1.500132E-01  6.952606E-04  2.900352E-05  4.732526E-07  1.217035E-02  7.137052E-06  2.372062E-05  1.682352E-06  9.649780E-02  2.283417E-05  1.287660E-06  1.126847E-06  8.061779E-04  1.097160E-03  2.812427E-05  2.988834E-05  3.791382E-05  1.222287E-05
 2.781500E+02  2.962310E-01  2.625067E-04  5.810225E-08  7.638791E-08  8.501885E-08  1.015321E-07  4.415585E-01  1.438700E-03  4.329982E-05  1.507615E-01  6.858528E-04  2.725294E-05  4.614924E-07  1.190047E-02  6.686640E-06  2.229364E-05  1.601045E-06  9.506513E-02  2.168443E-05  1.238962E-06  1.083323E-06  7.918782E-04  1.077639E-03  2.630704E-05  2.781451E-05  3.529690E-05  1.152279E-05
 2.791500E+02  2.970710E-01  2.593041E-04  5.589163E-08  7.350556E-08  8.181670E-08  9.773770E-08  4.417468E-01  1.406056E-03  4.009802E-05  1.514969E-01  6.765558E-04  2.561479E-05  4.500304E-07  1.163828E-02  6.267607E-06  2.096192E-05  1.524179E-06  9.365641E-02  2.059750E-05  1.192335E-06  1.041685E-06  7.778883E-04  1.058544E-03  2.461623E-05  2.589680E-05  3.287604E-05  1.086670E-05
 2.801500E+02  2.978952E-01  2.561520E-04  5.377754E-08  7.074813E-08  7.875311E-08  9.410638E-08  4.419295E-01  1.374394E-03  3.715434E-05  1.522196E-01  6.673704E-04  2.408152E-05  4.388604E-07  1.138352E-02  5.877581E-06  1.971855E-05  1.451488E-06  9.227136E-02  1.956976E-05  1.147683E-06  1.001846E-06  7.642013E-04  1.039865E-03  2.304252E-05  2.412261E-05  3.063551E-05  1.025162E-05
 2.811500E+02  2.987041E-01  2.530496E-04  5.175532E-08  6.810966E-08  7.582145E-08  9.063037E-08  4.421068E-01  1.343678E-03  3.444638E-05  1.529299E-01  6.582976E-04  2.264608E-05  4.279766E-07  1.113594E-02  5.514381E-06  1.855714E-05  1.382721E-06  9.090968E-02  1.859777E-05  1.104915E-06  9.637219E-07  7.508105E-04  1.021592E-03  2.157726E-05  2.248042E-05  2.856090E-05  9.674786E-06
 2.821500E+02  2.994978E-01  2.499963E-04  4.982057E-08  6.558446E-08  7.301546E-08  8.730234E-08  4.422787E-01  1.313876E-03  3.195380E-05  1.536279E-01  6.493379E-04  2.130191E-05  4.173728E-07  1.089531E-02  5.176001E-06  1.747179E-05  1.317647E-06  8.957108E-02  1.767832E-05  1.063946E-06  9.272320E-07  7.377094E-04  1.003718E-03  2.021252E-05  2.095972E-05  2.663903E-05  9.133632E-06
 2.831500E+02  3.002767E-01  2.469913E-04  4.796909E-08  6.316716E-08  7.032916E-08  8.411530E-08  4.424457E-01  1.284954E-03  2.965815E-05  1.543137E-01  6.404917E-04  2.004292E-05  4.070430E-07  1.066141E-02  4.860598E-06  1.645707E-05  1.256045E-06  8.825526E-02  1.680838E-05  1.024694E-06  8.923008E-07  7.248914E-04  9.862317E-04  1.894095E-05  1.955084E-05  2.485783E-05  8.625776E-06
 2.841500E+02  3.010410E-01  2.440340E-04  4.619693E-08  6.085267E-08  6.775693E-08  8.106267E-08  4.426078E-01  1.256882E-03  2.754266E-05  1.549876E-01  6.317595E-04  1.886343E-05  3.969812E-07  1.043401E-02  4.566475E-06  1.550796E-05  1.197712E-06  8.696192E-02  1.598512E-05  9.870794E-07  8.588560E-07  7.123501E-04  9.691254E-04  1.775577E-05  1.824498E-05  2.320626E-05  8.149004E-06
 2.851500E+02  3.017909E-01  2.411236E-04  4.450033E-08  5.863614E-08  6.529339E-08  7.813815E-08  4.427652E-01  1.229631E-03  2.559208E-05  1.556498E-01  6.231414E-04  1.775816E-05  3.871813E-07  1.021291E-02  4.292071E-06  1.461983E-05  1.142456E-06  8.569074E-02  1.520587E-05  9.510296E-07  8.268290E-07  7.000794E-04  9.523902E-04  1.665074E-05  1.703405E-05  2.167417E-05  7.701261E-06
 2.861500E+02  3.025268E-01  2.382595E-04  4.287572E-08  5.651298E-08  6.293345E-08  7.533579E-08  4.429181E-01  1.203171E-03  2.379255E-05  1.563004E-01  6.146376E-04  1.672220E-05  3.776374E-07  9.997900E-03  4.035944E-06  1.378841E-05  1.090098E-06  8.444143E-02  1.446811E-05  9.164732E-07  7.961544E-07  6.880731E-04  9.360176E-04  1.562008E-05  1.591062E-05  2.025229E-05  7.280636E-06
 2.871500E+02  3.032488E-01  2.354410E-04  4.131971E-08  5.447882E-08  6.067229E-08  7.264993E-08  4.430666E-01  1.177475E-03  2.213144E-05  1.569396E-01  6.062480E-04  1.575095E-05  3.683437E-07  9.788786E-03  3.796771E-06  1.300972E-05  1.040470E-06  8.321366E-02  1.376949E-05  8.833432E-07  7.667702E-07  6.763251E-04  9.199992E-04  1.465845E-05  1.486791E-05  1.893208E-05  6.885351E-06
 2.881500E+02  3.039573E-01  2.326673E-04  3.982908E-08  5.252953E-08  5.850532E-08  7.007520E-08  4.432109E-01  1.152517E-03  2.059725E-05  1.575675E-01  5.979724E-04  1.484016E-05  3.592941E-07  9.585377E-03  3.573328E-06  1.228012E-05  9.934152E-07  8.200713E-02  1.310779E-05  8.515753E-07  7.386171E-07  6.648296E-04  9.043269E-04  1.376091E-05  1.389969E-05  1.770573E-05  6.513754E-06
 2.891500E+02  3.046525E-01  2.299378E-04  3.840080E-08  5.066118E-08  5.642817E-08  6.760648E-08  4.433512E-01  1.128271E-03  1.917952E-05  1.581844E-01  5.898107E-04  1.398586E-05  3.504830E-07  9.387494E-03  3.364487E-06  1.159621E-05  9.487853E-07  8.082153E-02  1.248092E-05  8.211085E-07  7.116390E-07  6.535808E-04  8.889926E-04  1.292290E-05  1.300022E-05  1.656606E-05  6.164308E-06
 2.901500E+02  3.053346E-01  2.272518E-04  3.703197E-08  4.887004E-08  5.443673E-08  6.523893E-08  4.434875E-01  1.104713E-03  1.786869E-05  1.587905E-01  5.817625E-04  1.318435E-05  3.419046E-07  9.194959E-03  3.169208E-06  1.095487E-05  9.064423E-07  7.965653E-02  1.188692E-05  7.918846E-07  6.857824E-07  6.425730E-04  8.739886E-04  1.214021E-05  1.216426E-05  1.550647E-05  5.835583E-06
 2.911500E+02  3.060039E-01  2.246086E-04  3.571982E-08  4.715254E-08  5.252704E-08  6.296793E-08  4.436201E-01  1.081819E-03  1.665605E-05  1.593858E-01  5.738275E-04  1.243217E-05  3.335533E-07  9.007604E-03  2.986530E-06  1.035319E-05  8.662564E-07  7.851183E-02  1.132395E-05  7.638482E-07  6.609963E-07  6.318007E-04  8.593071E-04  1.140893E-05  1.138698E-05  1.452091E-05  5.526245E-06
 2.921500E+02  3.066606E-01  2.220076E-04  3.446176E-08  4.550534E-08  5.069538E-08  6.078910E-08  4.437490E-01  1.059568E-03  1.553364E-05  1.599707E-01  5.660051E-04  1.172613E-05  3.254234E-07  8.825264E-03  2.815566E-06  9.788486E-06  8.281059E-07  7.738711E-02  1.079026E-05  7.369466E-07  6.372323E-07  6.212584E-04  8.449406E-04  1.072546E-05  1.066395E-05  1.360381E-05  5.235055E-06
 2.931500E+02  3.073050E-01  2.194480E-04  3.325530E-08  4.392521E-08  4.893819E-08  5.869827E-08  4.438744E-01  1.037937E-03  1.449421E-05  1.605451E-01  5.582947E-04  1.106322E-05  3.175094E-07  8.647782E-03  2.655494E-06  9.258267E-06  7.918764E-07  7.628206E-02  1.028422E-05  7.111295E-07  6.144442E-07  6.109409E-04  8.308819E-04  1.008644E-05  9.991079E-06  1.275003E-05  4.960858E-06
 2.941500E+02  3.079373E-01  2.169293E-04  3.209808E-08  4.240912E-08  4.725211E-08  5.669148E-08  4.439964E-01  1.016906E-03  1.353112E-05  1.611094E-01  5.506957E-04  1.044065E-05  3.098060E-07  8.475006E-03  2.505558E-06  8.760225E-06  7.574608E-07  7.519636E-02  9.804302E-06  6.863490E-07  5.925882E-07  6.008428E-04  8.171236E-04  9.488792E-06  9.364627E-06  1.195488E-05  4.702576E-06
 2.951500E+02  3.085577E-01  2.144508E-04  3.098786E-08  4.095417E-08  4.563391E-08  5.476496E-08  4.441151E-01  9.964542E-04  1.263830E-05  1.616637E-01  5.432074E-04  9.855822E-06  3.023078E-07  8.306789E-03  2.365055E-06  8.292215E-06  7.247581E-07  7.412970E-02  9.349045E-06  6.625595E-07  5.716224E-07  5.909592E-04  8.036588E-04  8.929636E-06  8.781139E-06  1.121399E-05  4.459206E-06
 2.961500E+02  3.091664E-01  2.120119E-04  2.992251E-08  3.955762E-08  4.408056E-08  5.291513E-08  4.442306E-01  9.765628E-04  1.181019E-05  1.622082E-01  5.358291E-04  9.306312E-06  2.950096E-07  8.142989E-03  2.233337E-06  7.852251E-06  6.936738E-07  7.308178E-02  8.917090E-06  6.397174E-07  5.515071E-07  5.812851E-04  7.904806E-04  8.406321E-06  8.237437E-06  1.052339E-05  4.229813E-06
 2.971500E+02  3.097638E-01  2.096118E-04  2.890002E-08  3.821684E-08  4.258915E-08  5.113857E-08  4.443430E-01  9.572131E-04  1.104172E-05  1.627430E-01  5.285599E-04  8.789855E-06  2.879062E-07  7.983469E-03  2.109803E-06  7.438486E-06  6.641189E-07  7.205228E-02  8.507154E-06  6.177812E-07  5.322043E-07  5.718155E-04  7.775824E-04  7.916384E-06  7.730594E-06  9.879375E-06  4.013523E-06
 2.981500E+02  3.103499E-01  2.072500E-04  2.791844E-08  3.692934E-08  4.115691E-08  4.943204E-08  4.444525E-01  9.383873E-04  1.032822E-05  1.632683E-01  5.213990E-04  8.304340E-06  2.809926E-07  7.828098E-03  1.993897E-06  7.049206E-06  6.360097E-07  7.104090E-02  8.118029E-06  5.967115E-07  5.136780E-07  5.625458E-04  7.649574E-04  7.457542E-06  7.257912E-06  9.278565E-06  3.809522E-06
 2.991500E+02  3.109251E-01  2.049258E-04  2.697595E-08  3.569275E-08  3.978123E-08  4.779245E-08  4.445590E-01  9.200683E-04  9.665451E-06  1.637842E-01  5.143453E-04  7.847797E-06  2.742638E-07  7.676747E-03  1.885102E-06  6.682819E-06  6.092675E-07  7.004734E-02  7.748574E-06  5.764705E-07  4.958938E-07  5.534713E-04  7.525993E-04  7.027677E-06  6.816907E-06  8.717825E-06  3.617051E-06
 3.001500E+02  3.114895E-01  2.026387E-04  2.607081E-08  3.450483E-08  3.845960E-08  4.621686E-08  4.446628E-01  9.022396E-04  9.049486E-06  1.642910E-01  5.073980E-04  7.418389E-06  2.677149E-07  7.529294E-03  1.782941E-06  6.337845E-06  5.838184E-07  6.907128E-02  7.397719E-06  5.570224E-07  4.788190E-07  5.445873E-04  7.405019E-04  6.624825E-06  6.405284E-06  8.194267E-06  3.435398E-06
 3.011500E+02  3.120434E-01  2.003880E-04  2.520136E-08  3.336342E-08  3.718963E-08  4.470246E-08  4.447639E-01  8.848852E-04  8.476742E-06  1.647888E-01  5.005561E-04  7.014400E-06  2.613413E-07  7.385620E-03  1.686971E-06  6.012906E-06  5.595928E-07  6.811244E-02  7.064452E-06  5.383329E-07  4.624222E-07  5.358896E-04  7.286590E-04  6.247164E-06  6.020929E-06  7.705226E-06  3.263903E-06
 3.021500E+02  3.125869E-01  1.981731E-04  2.436603E-08  3.226649E-08  3.596908E-08  4.324660E-08  4.448624E-01  8.679899E-04  7.943929E-06  1.652777E-01  4.938185E-04  6.634228E-06  2.551382E-07  7.245609E-03  1.596781E-06  5.706723E-06  5.365250E-07  6.717051E-02  6.747821E-06  5.203693E-07  4.466740E-07  5.273736E-04  7.170646E-04  5.893000E-06  5.661888E-06  7.248240E-06  3.101945E-06
 3.031500E+02  3.131203E-01  1.959934E-04  2.356331E-08  3.121209E-08  3.479578E-08  4.184673E-08  4.449583E-01  8.515390E-04  7.448025E-06  1.657580E-01  4.871841E-04  6.276378E-06  2.491012E-07  7.109152E-03  1.511988E-06  5.418103E-06  5.145536E-07  6.624521E-02  6.446929E-06  5.031004E-07  4.315458E-07  5.190353E-04  7.057129E-04  5.560763E-06  5.326358E-06  6.821036E-06  2.948946E-06
 3.041500E+02  3.136437E-01  1.938483E-04  2.279177E-08  3.019837E-08  3.366767E-08  4.050044E-08  4.450518E-01  8.355181E-04  6.986253E-06  1.662297E-01  4.806519E-04  5.939454E-06  2.432256E-07  6.976141E-03  1.432239E-06  5.145935E-06  4.936202E-07  6.533623E-02  6.160928E-06  4.864965E-07  4.170107E-07  5.108704E-04  6.945982E-04  5.248993E-06  5.012674E-06  6.421513E-06  2.804366E-06
 3.051500E+02  3.141574E-01  1.917373E-04  2.205006E-08  2.922356E-08  3.258280E-08  3.920542E-08  4.451430E-01  8.199138E-04  6.556062E-06  1.666930E-01  4.742207E-04  5.622149E-06  2.375072E-07  6.846472E-03  1.357204E-06  4.889188E-06  4.736702E-07  6.444330E-02  5.889022E-06  4.705293E-07  4.030430E-07  5.028749E-04  6.837150E-04  4.956332E-06  4.719297E-06  6.047730E-06  2.667698E-06
 3.061500E+02  3.146616E-01  1.896598E-04  2.133688E-08  2.828598E-08  3.153931E-08  3.795947E-08  4.452318E-01  8.047127E-04  6.155103E-06  1.671481E-01  4.678894E-04  5.323245E-06  2.319418E-07  6.720047E-03  1.286577E-06  4.646897E-06  4.546521E-07  6.356612E-02  5.630458E-06  4.551717E-07  3.896181E-07  4.950449E-04  6.730577E-04  4.681521E-06  4.444803E-06  5.697890E-06  2.538469E-06
 3.071500E+02  3.151564E-01  1.876151E-04  2.065098E-08  2.738405E-08  3.053542E-08  3.676050E-08  4.453184E-01  7.899023E-04  5.781219E-06  1.675951E-01  4.616568E-04  5.041604E-06  2.265251E-07  6.596767E-03  1.220074E-06  4.418165E-06  4.365171E-07  6.270442E-02  5.384527E-06  4.403979E-07  3.767127E-07  4.873765E-04  6.626211E-04  4.423388E-06  4.187876E-06  5.370332E-06  2.416237E-06
 3.081500E+02  3.156420E-01  1.856028E-04  1.999121E-08  2.651622E-08  2.956944E-08  3.560651E-08  4.454028E-01  7.754702E-04  5.432420E-06  1.680341E-01  4.555217E-04  4.776159E-06  2.212530E-07  6.476540E-03  1.157430E-06  4.202154E-06  4.192195E-07  6.185791E-02  5.150558E-06  4.261832E-07  3.643044E-07  4.798659E-04  6.524001E-04  4.180840E-06  3.947298E-06  5.063516E-06  2.300589E-06
 3.091500E+02  3.161186E-01  1.836224E-04  1.935644E-08  2.568105E-08  2.863976E-08  3.449560E-08  4.454852E-01  7.614047E-04  5.106876E-06  1.684654E-01  4.494829E-04  4.525916E-06  2.161217E-07  6.359277E-03  1.098399E-06  3.998083E-06  4.027160E-07  6.102633E-02  4.927920E-06  4.125042E-07  3.523721E-07  4.725094E-04  6.423895E-04  3.952866E-06  3.721940E-06  4.776018E-06  2.191135E-06
 3.101500E+02  3.165864E-01  1.816731E-04  1.874559E-08  2.487715E-08  2.774483E-08  3.342596E-08  4.455655E-01  7.476945E-04  4.802900E-06  1.688891E-01  4.435392E-04  4.289942E-06  2.111273E-07  6.244888E-03  1.042752E-06  3.805224E-06  3.869659E-07  6.020941E-02  4.716018E-06  3.993384E-07  3.408953E-07  4.653035E-04  6.325844E-04  3.738519E-06  3.510760E-06  4.506520E-06  2.087512E-06
 3.111500E+02  3.170456E-01  1.797546E-04  1.815766E-08  2.410320E-08  2.688319E-08  3.239585E-08  4.456438E-01  7.343285E-04  4.518936E-06  1.693052E-01  4.376893E-04  4.067368E-06  2.062659E-07  6.133291E-03  9.902752E-07  3.622896E-06  3.719305E-07  5.940687E-02  4.514289E-06  3.866643E-07  3.298548E-07  4.582447E-04  6.229800E-04  3.536922E-06  3.312789E-06  4.253797E-06  1.989382E-06
 3.121500E+02  3.174964E-01  1.778663E-04  1.759167E-08  2.335794E-08  2.605345E-08  3.140363E-08  4.457202E-01  7.212963E-04  4.253550E-06  1.697140E-01  4.319321E-04  3.857379E-06  2.015339E-07  6.024404E-03  9.407700E-07  3.450463E-06  3.575737E-07  5.861844E-02  4.322201E-06  3.744616E-07  3.192321E-07  4.513294E-04  6.135717E-04  3.347256E-06  3.127130E-06  4.016717E-06  1.896424E-06
 3.131500E+02  3.179388E-01  1.760077E-04  1.704670E-08  2.264016E-08  2.525426E-08  3.044772E-08  4.457948E-01  7.085876E-04  4.005417E-06  1.701155E-01  4.262663E-04  3.659213E-06  1.969277E-07  5.918149E-03  8.940512E-07  3.287332E-06  3.438610E-07  5.784389E-02  4.139253E-06  3.627106E-07  3.090096E-07  4.445545E-04  6.043548E-04  3.168758E-06  2.952954E-06  3.794228E-06  1.808340E-06
 3.141500E+02  3.183732E-01  1.741782E-04  1.652187E-08  2.194873E-08  2.448436E-08  2.952662E-08  4.458676E-01  6.961925E-04  3.773316E-06  1.705100E-01  4.206906E-04  3.472155E-06  1.924439E-07  5.814448E-03  8.499458E-07  3.132947E-06  3.307600E-07  5.708293E-02  3.964971E-06  3.513926E-07  2.991705E-07  4.379166E-04  5.953249E-04  3.000719E-06  2.789488E-06  3.585354E-06  1.724849E-06
 3.151500E+02  3.187995E-01  1.723774E-04  1.601632E-08  2.128255E-08  2.374253E-08  2.863888E-08  4.459386E-01  6.841017E-04  3.556118E-06  1.708975E-01  4.152038E-04  3.295538E-06  1.880789E-07  5.713229E-03  8.082929E-07  2.986789E-06  3.182403E-07  5.633533E-02  3.798908E-06  3.404900E-07  2.896987E-07  4.314126E-04  5.864776E-04  2.842476E-06  2.636017E-06  3.389189E-06  1.645689E-06
 3.161500E+02  3.192181E-01  1.706047E-04  1.552927E-08  2.064056E-08  2.302761E-08  2.778314E-08  4.460080E-01  6.723060E-04  3.352779E-06  1.712782E-01  4.098047E-04  3.128737E-06  1.838295E-07  5.614420E-03  7.689421E-07  2.848373E-06  3.062727E-07  5.560084E-02  3.640642E-06  3.299855E-07  2.805789E-07  4.250394E-04  5.778087E-04  2.693411E-06  2.491877E-06  3.204894E-06  1.570614E-06
 3.171500E+02  3.196291E-01  1.688598E-04  1.505995E-08  2.002179E-08  2.233850E-08  2.695810E-08  4.460757E-01  6.607965E-04  3.162334E-06  1.716522E-01  4.044919E-04  2.971166E-06  1.796925E-07  5.517952E-03  7.317530E-07  2.717245E-06  2.948300E-07  5.487920E-02  3.489773E-06  3.198630E-07  2.717965E-07  4.187939E-04  5.693139E-04  2.552949E-06  2.356451E-06  3.031686E-06  1.499391E-06
 3.181500E+02  3.200325E-01  1.671420E-04  1.460762E-08  1.942527E-08  2.167413E-08  2.616250E-08  4.461418E-01  6.495647E-04  2.983892E-06  1.720196E-01  3.992643E-04  2.822276E-06  1.756647E-07  5.423760E-03  6.965947E-07  2.592979E-06  2.838863E-07  5.417019E-02  3.345923E-06  3.101069E-07  2.633375E-07  4.126732E-04  5.609894E-04  2.420553E-06  2.229166E-06  2.868840E-06  1.431804E-06
 3.191500E+02  3.204287E-01  1.654510E-04  1.417158E-08  1.885010E-08  2.103351E-08  2.539515E-08  4.462063E-01  6.386025E-04  2.816626E-06  1.723806E-01  3.941206E-04  2.681553E-06  1.717431E-07  5.331777E-03  6.633448E-07  2.475177E-06  2.734171E-07  5.347355E-02  3.208735E-06  3.007024E-07  2.551886E-07  4.066743E-04  5.528311E-04  2.295721E-06  2.109490E-06  2.715682E-06  1.367649E-06
 3.201500E+02  3.208176E-01  1.637862E-04  1.375118E-08  1.829540E-08  2.041566E-08  2.465491E-08  4.462694E-01  6.279017E-04  2.659773E-06  1.727352E-01  3.890595E-04  2.548516E-06  1.679246E-07  5.241942E-03  6.318888E-07  2.363467E-06  2.633992E-07  5.278907E-02  3.077873E-06  2.916352E-07  2.473370E-07  4.007946E-04  5.448351E-04  2.177985E-06  1.996928E-06  2.571583E-06  1.306734E-06
 3.211500E+02  3.211996E-01  1.621473E-04  1.334577E-08  1.776036E-08  1.981966E-08  2.394069E-08  4.463309E-01  6.174549E-04  2.512624E-06  1.730837E-01  3.840797E-04  2.422713E-06  1.642064E-07  5.154195E-03  6.021199E-07  2.257499E-06  2.538109E-07  5.211651E-02  2.953017E-06  2.828917E-07  2.397706E-07  3.950313E-04  5.369978E-04  2.066908E-06  1.891019E-06  2.435961E-06  1.248879E-06
 3.221500E+02  3.215746E-01  1.605337E-04  1.295474E-08  1.724417E-08  1.924465E-08  2.325145E-08  4.463911E-01  6.072545E-04  2.374524E-06  1.734261E-01  3.791802E-04  2.303720E-06  1.605857E-07  5.068476E-03  5.739380E-07  2.156945E-06  2.446313E-07  5.145563E-02  2.833866E-06  2.744590E-07  2.324778E-07  3.893816E-04  5.293155E-04  1.962082E-06  1.791336E-06  2.308271E-06  1.193914E-06
 3.231500E+02  3.219429E-01  1.589450E-04  1.257752E-08  1.674609E-08  1.868977E-08  2.258619E-08  4.464499E-01  5.972934E-04  2.244865E-06  1.737625E-01  3.743595E-04  2.191140E-06  1.570596E-07  4.984731E-03  5.472496E-07  2.061498E-06  2.358408E-07  5.080623E-02  2.720133E-06  2.663246E-07  2.254475E-07  3.838430E-04  5.217845E-04  1.863126E-06  1.697479E-06  2.188008E-06  1.141682E-06
 3.241500E+02  3.223045E-01  1.573808E-04  1.221354E-08  1.626539E-08  1.815422E-08  2.194397E-08  4.465073E-01  5.875648E-04  2.123082E-06  1.740930E-01  3.696166E-04  2.084601E-06  1.536257E-07  4.902902E-03  5.219673E-07  1.970871E-06  2.274208E-07  5.016809E-02  2.611550E-06  2.584767E-07  2.186689E-07  3.784130E-04  5.144015E-04  1.769682E-06  1.609077E-06  2.074701E-06  1.092031E-06
 3.251500E+02  3.226597E-01  1.558406E-04  1.186229E-08  1.580137E-08  1.763724E-08  2.132387E-08  4.465634E-01  5.780618E-04  2.008652E-06  1.744178E-01  3.649502E-04  1.983753E-06  1.502811E-07  4.822939E-03  4.980090E-07  1.884791E-06  2.193538E-07  4.954099E-02  2.507860E-06  2.509039E-07  2.121321E-07  3.730890E-04  5.071630E-04  1.681418E-06  1.525785E-06  1.967912E-06  1.044823E-06
 3.261500E+02  3.230085E-01  1.543241E-04  1.152325E-08  1.535339E-08  1.713809E-08  2.072503E-08  4.466183E-01  5.687782E-04  1.901089E-06  1.747370E-01  3.603590E-04  1.888268E-06  1.470236E-07  4.744789E-03  4.752979E-07  1.803007E-06  2.116229E-07  4.892471E-02  2.408821E-06  2.435953E-07  2.058273E-07  3.678686E-04  5.000656E-04  1.598023E-06  1.447280E-06  1.867230E-06  9.999229E-07
 3.271500E+02  3.233511E-01  1.528308E-04  1.119594E-08  1.492080E-08  1.665606E-08  2.014661E-08  4.466719E-01  5.597075E-04  1.799943E-06  1.750507E-01  3.558419E-04  1.797840E-06  1.438505E-07  4.668402E-03  4.537623E-07  1.725279E-06  2.042125E-07  4.831906E-02  2.314204E-06  2.365406E-07  1.997451E-07  3.627495E-04  4.931063E-04  1.519203E-06  1.373263E-06  1.772275E-06  9.572077E-07
 3.281500E+02  3.236876E-01  1.513603E-04  1.087990E-08  1.450300E-08  1.619050E-08  1.958782E-08  4.467243E-01  5.508438E-04  1.704794E-06  1.753589E-01  3.513977E-04  1.712177E-06  1.407595E-07  4.593731E-03  4.333347E-07  1.651383E-06  1.971075E-07  4.772383E-02  2.223793E-06  2.297298E-07  1.938768E-07  3.577294E-04  4.862818E-04  1.444687E-06  1.303453E-06  1.682692E-06  9.165597E-07
 3.291500E+02  3.240182E-01  1.499123E-04  1.057468E-08  1.409941E-08  1.574075E-08  1.904789E-08  4.467756E-01  5.421813E-04  1.615254E-06  1.756619E-01  3.470253E-04  1.631010E-06  1.377483E-07  4.520728E-03  4.139519E-07  1.581110E-06  1.902936E-07  4.713882E-02  2.137382E-06  2.231533E-07  1.882139E-07  3.528060E-04  4.795890E-04  1.374219E-06  1.237589E-06  1.598147E-06  8.778685E-07
 3.301500E+02  3.243429E-01  1.484862E-04  1.027986E-08  1.370949E-08  1.530621E-08  1.852609E-08  4.468257E-01  5.337143E-04  1.530959E-06  1.759596E-01  3.427234E-04  1.554082E-06  1.348147E-07  4.449350E-03  3.955547E-07  1.514261E-06  1.837574E-07  4.656383E-02  2.054776E-06  2.168021E-07  1.827482E-07  3.479772E-04  4.730250E-04  1.307560E-06  1.175428E-06  1.518332E-06  8.410300E-07
 3.311500E+02  3.246618E-01  1.470818E-04  9.995030E-09  1.333269E-08  1.488627E-08  1.802174E-08  4.468748E-01  5.254374E-04  1.451574E-06  1.762522E-01  3.384909E-04  1.481155E-06  1.319564E-07  4.379550E-03  3.780876E-07  1.450651E-06  1.774861E-07  4.599868E-02  1.975790E-06  2.106674E-07  1.774720E-07  3.432407E-04  4.665869E-04  1.244486E-06  1.116742E-06  1.442957E-06  8.059461E-07
 3.321500E+02  3.249752E-01  1.456987E-04  9.719809E-09  1.296853E-08  1.448039E-08  1.753416E-08  4.469227E-01  5.173452E-04  1.376784E-06  1.765399E-01  3.343266E-04  1.412004E-06  1.291714E-07  4.311289E-03  3.614983E-07  1.390104E-06  1.714675E-07  4.544317E-02  1.900251E-06  2.047409E-07  1.723778E-07  3.385946E-04  4.602718E-04  1.184786E-06  1.061319E-06  1.371752E-06  7.725245E-07
 3.331500E+02  3.252830E-01  1.443364E-04  9.453824E-09  1.261650E-08  1.408802E-08  1.706271E-08  4.469696E-01  5.094328E-04  1.306299E-06  1.768226E-01  3.302295E-04  1.346417E-06  1.264575E-07  4.244523E-03  3.457379E-07  1.332457E-06  1.656902E-07  4.489712E-02  1.827992E-06  1.990145E-07  1.674586E-07  3.340368E-04  4.540768E-04  1.128266E-06  1.008960E-06  1.304465E-06  7.406780E-07
 3.341500E+02  3.255855E-01  1.429947E-04  9.196719E-09  1.227615E-08  1.370865E-08  1.660678E-08  4.470155E-01  5.016950E-04  1.239846E-06  1.771005E-01  3.261985E-04  1.284194E-06  1.238129E-07  4.179214E-03  3.307604E-07  1.277553E-06  1.601431E-07  4.436034E-02  1.758857E-06  1.934806E-07  1.627075E-07  3.295653E-04  4.479994E-04  1.074739E-06  9.594805E-07  1.240859E-06  7.103246E-07
 3.351500E+02  3.258826E-01  1.416731E-04  8.948155E-09  1.194703E-08  1.334178E-08  1.616578E-08  4.470604E-01  4.941272E-04  1.177172E-06  1.773736E-01  3.222323E-04  1.225150E-06  1.212355E-07  4.115323E-03  3.165226E-07  1.225249E-06  1.548158E-07  4.383267E-02  1.692696E-06  1.881319E-07  1.581181E-07  3.251781E-04  4.420368E-04  1.024034E-06  9.127069E-07  1.180715E-06  6.813866E-07
 3.361500E+02  3.261746E-01  1.403713E-04  8.707806E-09  1.162872E-08  1.298693E-08  1.573915E-08  4.471043E-01  4.867248E-04  1.118042E-06  1.776422E-01  3.183299E-04  1.169107E-06  1.187234E-07  4.052812E-03  3.029839E-07  1.175406E-06  1.496985E-07  4.331392E-02  1.629368E-06  1.829613E-07  1.536841E-07  3.208734E-04  4.361866E-04  9.759880E-07  8.684773E-07  1.123826E-06  6.537909E-07
 3.371500E+02  3.264616E-01  1.390890E-04  8.475361E-09  1.132081E-08  1.264367E-08  1.532635E-08  4.471473E-01  4.794831E-04  1.062235E-06  1.779062E-01  3.144904E-04  1.115901E-06  1.162749E-07  3.991645E-03  2.901063E-07  1.127894E-06  1.447817E-07  4.280392E-02  1.568740E-06  1.779620E-07  1.493995E-07  3.166494E-04  4.304461E-04  9.304491E-07  8.266402E-07  1.069999E-06  6.274687E-07
 3.381500E+02  3.267435E-01  1.378258E-04  8.250520E-09  1.102290E-08  1.231154E-08  1.492687E-08  4.471894E-01  4.723980E-04  1.009547E-06  1.781657E-01  3.107125E-04  1.065375E-06  1.138881E-07  3.931787E-03  2.778537E-07  1.082593E-06  1.400566E-07  4.230251E-02  1.510683E-06  1.731277E-07  1.452586E-07  3.125043E-04  4.248129E-04  8.872746E-07  7.870539E-07  1.019054E-06  6.023547E-07
 3.391500E+02  3.270206E-01  1.365815E-04  8.032997E-09  1.073463E-08  1.199014E-08  1.454022E-08  4.472306E-01  4.654652E-04  9.597855E-07  1.784209E-01  3.069952E-04  1.017384E-06  1.115613E-07  3.873204E-03  2.661924E-07  1.039386E-06  1.355147E-07  4.180952E-02  1.455078E-06  1.684522E-07  1.412559E-07  3.084362E-04  4.192847E-04  8.463305E-07  7.495856E-07  9.708207E-07  5.783874E-07
 3.401500E+02  3.272929E-01  1.353555E-04  7.822520E-09  1.045564E-08  1.167907E-08  1.416591E-08  4.472709E-01  4.586807E-04  9.127724E-07  1.786717E-01  3.033376E-04  9.717889E-07  1.092929E-07  3.815862E-03  2.550907E-07  9.981669E-07  1.311479E-07  4.132478E-02  1.401810E-06  1.639294E-07  1.373862E-07  3.044435E-04  4.138591E-04  8.074910E-07  7.141112E-07  9.251416E-07  5.555088E-07
 3.411500E+02  3.275606E-01  1.341478E-04  7.618824E-09  1.018558E-08  1.137794E-08  1.380349E-08  4.473104E-01  4.520404E-04  8.683406E-07  1.789184E-01  2.997385E-04  9.284597E-07  1.070812E-07  3.759729E-03  2.445187E-07  9.588320E-07  1.269485E-07  4.084815E-02  1.350771E-06  1.595537E-07  1.336444E-07  3.005246E-04  4.085338E-04  7.706380E-07  6.805144E-07  8.818681E-07  5.336638E-07
 3.421500E+02  3.278236E-01  1.329578E-04  7.421659E-09  9.924115E-09  1.108640E-08  1.345253E-08  4.473490E-01  4.455407E-04  8.263345E-07  1.791610E-01  2.961970E-04  8.872742E-07  1.049245E-07  3.704775E-03  2.344482E-07  9.212852E-07  1.229092E-07  4.037945E-02  1.301856E-06  1.553197E-07  1.300258E-07  2.966778E-04  4.033067E-04  7.356604E-07  6.486861E-07  8.408612E-07  5.128008E-07
 3.431500E+02  3.280822E-01  1.317854E-04  7.230783E-09  9.670942E-09  1.080407E-08  1.311261E-08  4.473869E-01  4.391777E-04  7.866083E-07  1.793995E-01  2.927121E-04  8.481170E-07  1.028215E-07  3.650969E-03  2.248528E-07  8.854357E-07  1.190231E-07  3.991855E-02  1.254969E-06  1.512221E-07  1.265257E-07  2.929015E-04  3.981755E-04  7.024539E-07  6.185242E-07  8.019907E-07  4.928706E-07
 3.441500E+02  3.283364E-01  1.306301E-04  7.045965E-09  9.425751E-09  1.053064E-08  1.278333E-08  4.474240E-01  4.329479E-04  7.490258E-07  1.796340E-01  2.892829E-04  8.108794E-07  1.007706E-07  3.598282E-03  2.157074E-07  8.511974E-07  1.152835E-07  3.946530E-02  1.210015E-06  1.472559E-07  1.231397E-07  2.891942E-04  3.931381E-04  6.709205E-07  5.899330E-07  7.651342E-07  4.738268E-07
 3.451500E+02  3.285862E-01  1.294918E-04  6.866983E-09  9.188254E-09  1.026578E-08  1.246431E-08  4.474603E-01  4.268479E-04  7.134598E-07  1.798647E-01  2.859083E-04  7.754591E-07  9.877036E-08  3.546684E-03  2.069885E-07  8.184892E-07  1.116842E-07  3.901953E-02  1.166907E-06  1.434162E-07  1.198636E-07  2.855543E-04  3.881926E-04  6.409679E-07  5.628227E-07  7.301772E-07  4.556257E-07
 3.461500E+02  3.288319E-01  1.283702E-04  6.693624E-09  8.958170E-09  1.000917E-08  1.215516E-08  4.474958E-01  4.208742E-04  6.797911E-07  1.800916E-01  2.825873E-04  7.417594E-07  9.681936E-08  3.496150E-03  1.986740E-07  7.872345E-07  1.082191E-07  3.858112E-02  1.125560E-06  1.396986E-07  1.166932E-07  2.819805E-04  3.833368E-04  6.125095E-07  5.371090E-07  6.970120E-07  4.382258E-07
 3.471500E+02  3.290734E-01  1.272648E-04  6.525684E-09  8.735233E-09  9.760521E-09  1.185555E-08  4.475307E-01  4.150236E-04  6.479083E-07  1.803147E-01  2.793192E-04  7.096892E-07  9.491624E-08  3.446651E-03  1.907429E-07  7.573609E-07  1.048827E-07  3.814992E-02  1.085895E-06  1.360985E-07  1.136247E-07  2.784712E-04  3.785688E-04  5.854635E-07  5.127129E-07  6.655378E-07  4.215877E-07
 3.481500E+02  3.293108E-01  1.261755E-04  6.362968E-09  8.519185E-09  9.519545E-09  1.156513E-08  4.475648E-01  4.092930E-04  6.177070E-07  1.805341E-01  2.761029E-04  6.791628E-07  9.305969E-08  3.398162E-03  1.831755E-07  7.287999E-07  1.016693E-07  3.772579E-02  1.047835E-06  1.326116E-07  1.106544E-07  2.750250E-04  3.738868E-04  5.597533E-07  4.895602E-07  6.356597E-07  4.056745E-07
 3.491500E+02  3.295443E-01  1.251020E-04  6.205286E-09  8.309780E-09  9.285968E-09  1.128357E-08  4.475983E-01  4.036792E-04  5.890894E-07  1.807500E-01  2.729376E-04  6.500991E-07  9.124842E-08  3.350658E-03  1.759531E-07  7.014868E-07  9.857383E-08  3.730860E-02  1.011309E-06  1.292339E-07  1.077786E-07  2.716407E-04  3.692888E-04  5.353066E-07  4.675812E-07  6.072887E-07  3.904508E-07
 3.501500E+02  3.297738E-01  1.240439E-04  6.052460E-09  8.106781E-09  9.059528E-09  1.101056E-08  4.476311E-01  3.981793E-04  5.619641E-07  1.809623E-01  2.698223E-04  6.224216E-07  8.948119E-08  3.304113E-03  1.690582E-07  6.753604E-07  9.559137E-08  3.689821E-02  9.762468E-07  1.259616E-07  1.049939E-07  2.683168E-04  3.647730E-04  5.120553E-07  4.467105E-07  5.803411E-07  3.758834E-07
 3.511500E+02  3.299995E-01  1.230011E-04  5.904315E-09  7.909962E-09  8.839970E-09  1.074580E-08  4.476632E-01  3.927905E-04  5.362452E-07  1.811711E-01  2.667562E-04  5.960582E-07  8.775677E-08  3.258505E-03  1.624741E-07  6.503628E-07  9.271718E-08  3.649450E-02  9.425842E-07  1.227907E-07  1.022969E-07  2.650521E-04  3.603377E-04  4.899353E-07  4.268865E-07  5.547383E-07  3.619408E-07
 3.521500E+02  3.302215E-01  1.219733E-04  5.760686E-09  7.719104E-09  8.627054E-09  1.048900E-08  4.476947E-01  3.875099E-04  5.118523E-07  1.813766E-01  2.637385E-04  5.709407E-07  8.607401E-08  3.213810E-03  1.561853E-07  6.264393E-07  8.994676E-08  3.609734E-02  9.102587E-07  1.197177E-07  9.968464E-08  2.618452E-04  3.559811E-04  4.688863E-07  4.080517E-07  5.304065E-07  3.485930E-07
 3.531500E+02  3.304398E-01  1.209602E-04  5.621413E-09  7.533998E-09  8.420545E-09  1.023989E-08  4.477256E-01  3.823347E-04  4.887100E-07  1.815787E-01  2.607682E-04  5.470048E-07  8.443176E-08  3.170005E-03  1.501770E-07  6.035378E-07  8.727584E-08  3.570660E-02  8.792111E-07  1.167391E-07  9.715392E-08  2.586951E-04  3.517015E-04  4.488513E-07  3.901515E-07  5.072761E-07  3.358118E-07
 3.541500E+02  3.306546E-01  1.199615E-04  5.486343E-09  7.354442E-09  8.220219E-09  9.998183E-09  4.477559E-01  3.772624E-04  4.667474E-07  1.817776E-01  2.578445E-04  5.241899E-07  8.282891E-08  3.127069E-03  1.444350E-07  5.816094E-07  8.470033E-08  3.532216E-02  8.493852E-07  1.138516E-07  9.470184E-08  2.556003E-04  3.474973E-04  4.297768E-07  3.731349E-07  4.852817E-07  3.235703E-07
 3.551500E+02  3.308657E-01  1.189771E-04  5.355328E-09  7.180244E-09  8.025862E-09  9.763637E-09  4.477855E-01  3.722904E-04  4.458983E-07  1.819733E-01  2.549667E-04  5.024385E-07  8.126440E-08  3.084980E-03  1.389462E-07  5.606076E-07  8.221632E-08  3.494391E-02  8.207273E-07  1.110521E-07  9.232562E-08  2.525598E-04  3.433670E-04  4.116121E-07  3.569539E-07  4.643620E-07  3.118430E-07
 3.561500E+02  3.310735E-01  1.180066E-04  5.228228E-09  7.011216E-09  7.837267E-09  9.536003E-09  4.478146E-01  3.674163E-04  4.261002E-07  1.821658E-01  2.521339E-04  4.816964E-07  7.973716E-08  3.043719E-03  1.336982E-07  5.404882E-07  7.982008E-08  3.457172E-02  7.931865E-07  1.083373E-07  9.002253E-08  2.495725E-04  3.393088E-04  3.943096E-07  3.415633E-07  4.444589E-07  3.006059E-07
 3.571500E+02  3.312778E-01  1.170499E-04  5.104905E-09  6.847181E-09  7.654235E-09  9.315043E-09  4.478432E-01  3.626375E-04  4.072946E-07  1.823552E-01  2.493453E-04  4.619123E-07  7.824620E-08  3.003264E-03  1.286790E-07  5.212096E-07  7.750808E-08  3.420548E-02  7.667141E-07  1.057043E-07  8.779001E-08  2.466371E-04  3.353213E-04  3.778244E-07  3.269205E-07  4.255180E-07  2.898360E-07
 3.581500E+02  3.314788E-01  1.161067E-04  4.985230E-09  6.687968E-09  7.476575E-09  9.100529E-09  4.478711E-01  3.579519E-04  3.894266E-07  1.825416E-01  2.466002E-04  4.430378E-07  7.679054E-08  2.963597E-03  1.238776E-07  5.027322E-07  7.527691E-08  3.384507E-02  7.412638E-07  1.031504E-07  8.562556E-08  2.437526E-04  3.314029E-04  3.621140E-07  3.129854E-07  4.074879E-07  2.795116E-07
 3.591500E+02  3.316765E-01  1.151767E-04  4.869077E-09  6.533410E-09  7.304103E-09  8.892243E-09  4.478986E-01  3.533570E-04  3.724444E-07  1.827251E-01  2.438977E-04  4.250272E-07  7.536921E-08  2.924698E-03  1.192832E-07  4.850185E-07  7.312332E-08  3.349040E-02  7.167917E-07  1.006727E-07  8.352679E-08  2.409179E-04  3.275523E-04  3.471383E-07  2.997203E-07  3.903204E-07  2.696121E-07
 3.601500E+02  3.318711E-01  1.142598E-04  4.756325E-09  6.383350E-09  7.136643E-09  8.689973E-09  4.479255E-01  3.488507E-04  3.562995E-07  1.829056E-01  2.412372E-04  4.078371E-07  7.398129E-08  2.886549E-03  1.148859E-07  4.680329E-07  7.104423E-08  3.314134E-02  6.932556E-07  9.826866E-08  8.149141E-08  2.381320E-04  3.237680E-04  3.328596E-07  2.870897E-07  3.739699E-07  2.601179E-07
 3.611500E+02  3.320625E-01  1.133557E-04  4.646859E-09  6.237635E-09  6.974026E-09  8.493516E-09  4.479519E-01  3.444309E-04  3.409463E-07  1.830833E-01  2.386178E-04  3.914266E-07  7.262588E-08  2.849133E-03  1.106763E-07  4.517417E-07  6.903668E-08  3.279779E-02  6.706155E-07  9.593573E-08  7.951720E-08  2.353939E-04  3.200487E-04  3.192422E-07  2.750601E-07  3.583933E-07  2.510105E-07
 3.621500E+02  3.322508E-01  1.124642E-04  4.540566E-09  6.096117E-09  6.816086E-09  8.302678E-09  4.479778E-01  3.400954E-04  3.263417E-07  1.832582E-01  2.360389E-04  3.757568E-07  7.130212E-08  2.812431E-03  1.066453E-07  4.361129E-07  6.709784E-08  3.245966E-02  6.488333E-07  9.367149E-08  7.760205E-08  2.327025E-04  3.163928E-04  3.062523E-07  2.635998E-07  3.435503E-07  2.422722E-07
 3.631500E+02  3.324361E-01  1.115851E-04  4.437339E-09  5.958657E-09  6.662668E-09  8.117271E-09  4.480033E-01  3.358423E-04  3.124454E-07  1.834303E-01  2.334997E-04  3.607912E-07  7.000914E-08  2.776428E-03  1.027844E-07  4.211160E-07  6.522500E-08  3.212683E-02  6.278725E-07  9.147359E-08  7.574392E-08  2.300569E-04  3.127992E-04  2.938580E-07  2.526792E-07  3.294027E-07  2.338862E-07
 3.641500E+02  3.326185E-01  1.107182E-04  4.337076E-09  5.825118E-09  6.513621E-09  7.937114E-09  4.480282E-01  3.316696E-04  2.992194E-07  1.835997E-01  2.309996E-04  3.464950E-07  6.874614E-08  2.741106E-03  9.908556E-08  4.067223E-07  6.341558E-08  3.179921E-02  6.076986E-07  8.933978E-08  7.394085E-08  2.274562E-04  3.092665E-04  2.820294E-07  2.422701E-07  3.159144E-07  2.258367E-07
 3.651500E+02  3.327980E-01  1.098632E-04  4.239676E-09  5.695369E-09  6.368798E-09  7.762033E-09  4.480527E-01  3.275753E-04  2.866278E-07  1.837665E-01  2.285379E-04  3.328353E-07  6.751231E-08  2.706449E-03  9.554116E-08  3.929043E-07  6.166712E-08  3.147670E-02  5.882783E-07  8.726791E-08  7.219095E-08  2.248993E-04  3.057936E-04  2.707380E-07  2.323461E-07  3.030515E-07  2.181084E-07
 3.661500E+02  3.329746E-01  1.090201E-04  4.145044E-09  5.569284E-09  6.228060E-09  7.591860E-09  4.480767E-01  3.235577E-04  2.746370E-07  1.839307E-01  2.261138E-04  3.197810E-07  6.630687E-08  2.672443E-03  9.214392E-08  3.796360E-07  5.997725E-08  3.115921E-02  5.695802E-07  8.525589E-08  7.049241E-08  2.223854E-04  3.023790E-04  2.599568E-07  2.228821E-07  2.907818E-07  2.106870E-07
 3.671500E+02  3.331484E-01  1.081885E-04  4.053089E-09  5.446743E-09  6.091272E-09  7.426436E-09  4.481003E-01  3.196149E-04  2.632151E-07  1.840923E-01  2.237268E-04  3.073027E-07  6.512908E-08  2.639072E-03  8.888699E-08  3.668928E-07  5.834370E-08  3.084664E-02  5.515741E-07  8.330172E-08  6.884348E-08  2.199137E-04  2.990217E-04  2.496605E-07  2.138547E-07  2.790752E-07  2.035589E-07
 3.681500E+02  3.333195E-01  1.073683E-04  3.963721E-09  5.327629E-09  5.958304E-09  7.265604E-09  4.481235E-01  3.157451E-04  2.523323E-07  1.842514E-01  2.213761E-04  2.953724E-07  6.397820E-08  2.606321E-03  8.576386E-08  3.546511E-07  5.676433E-08  3.053891E-02  5.342313E-07  8.140346E-08  6.724250E-08  2.174832E-04  2.957204E-04  2.398249E-07  2.052414E-07  2.679030E-07  1.967109E-07
 3.691500E+02  3.334879E-01  1.065593E-04  3.876856E-09  5.211830E-09  5.829031E-09  7.109214E-09  4.481462E-01  3.119467E-04  2.419603E-07  1.844081E-01  2.190611E-04  2.839636E-07  6.285352E-08  2.574176E-03  8.276832E-08  3.428886E-07  5.523705E-08  3.023591E-02  5.175243E-07  7.955927E-08  6.568783E-08  2.150932E-04  2.924741E-04  2.304274E-07  1.970214E-07  2.572382E-07  1.901308E-07
 3.701500E+02  3.336536E-01  1.057613E-04  3.792411E-09  5.099237E-09  5.703333E-09  6.957124E-09  4.481685E-01  3.082181E-04  2.320725E-07  1.845624E-01  2.167812E-04  2.730513E-07  6.175436E-08  2.542623E-03  7.989453E-08  3.315841E-07  5.375988E-08  2.993757E-02  5.014270E-07  7.776735E-08  6.417794E-08  2.127427E-04  2.892816E-04  2.214463E-07  1.891746E-07  2.470552E-07  1.838068E-07
 3.711500E+02  3.338168E-01  1.049742E-04  3.710307E-09  4.989746E-09  5.581094E-09  6.809195E-09  4.481904E-01  3.045575E-04  2.226439E-07  1.847142E-01  2.145358E-04  2.626118E-07  6.068003E-08  2.511648E-03  7.713691E-08  3.207174E-07  5.233093E-08  2.964379E-02  4.859144E-07  7.602598E-08  6.271132E-08  2.104310E-04  2.861417E-04  2.128614E-07  1.816824E-07  2.373300E-07  1.777276E-07
 3.721500E+02  3.339774E-01  1.041976E-04  3.630469E-09  4.883258E-09  5.462202E-09  6.665291E-09  4.482119E-01  3.009634E-04  2.136508E-07  1.848638E-01  2.123243E-04  2.526223E-07  5.962991E-08  2.481239E-03  7.449016E-08  3.102693E-07  5.094839E-08  2.935450E-02  4.709626E-07  7.433351E-08  6.128654E-08  2.081573E-04  2.830535E-04  2.046532E-07  1.745270E-07  2.280397E-07  1.718827E-07
 3.731500E+02  3.341356E-01  1.034316E-04  3.552823E-09  4.779675E-09  5.346550E-09  6.525286E-09  4.482331E-01  2.974344E-04  2.050708E-07  1.850111E-01  2.101460E-04  2.430617E-07  5.860334E-08  2.451383E-03  7.194928E-08  3.002216E-07  4.961050E-08  2.906961E-02  4.565488E-07  7.268834E-08  5.990221E-08  2.059209E-04  2.800159E-04  1.968036E-07  1.676916E-07  2.191628E-07  1.662618E-07
