#         T/K            c1          c2-1          c3-4          c3-5          c3-7          c3-9            m1          m2-1          m3-1            w1            w2          w3-1          w3-2          c1m1        c1m2-1        c1m2-7        c2m1-1        c1w1-2        c1w2-1        c2w1-1        c2w1-9        m1w1-1        m1w1-4        m1w2-1        m2w1-1        m2w1-3      c1m1w1-1
 2.731500E+02  6.432715E-02  1.333645E-05  7.320537E-10  9.608382E-10  1.069009E-09  1.274660E-09  3.943505E-01  1.273814E-03  4.441081E-05  4.545681E-01  6.905737E-03  1.067053E-03  1.497189E-05  2.584929E-03  1.587148E-06  5.207936E-06  8.642455E-08  6.868456E-02  5.734992E-05  2.185170E-07  1.918811E-07  2.358618E-03  3.210715E-03  3.051172E-04  9.584139E-05  1.213844E-04  9.155332E-06
 2.741500E+02  6.482698E-02  1.329597E-05  7.135174E-10  9.368259E-10  1.042371E-09  1.243290E-09  3.944861E-01  1.243753E-03  4.100901E-05  4.553435E-01  6.764351E-03  9.909917E-04  1.444503E-05  2.538033E-03  1.491307E-06  4.909300E-06  8.292508E-08  6.773455E-02  5.428398E-05  2.113552E-07  1.854321E-07  2.307784E-03  3.141317E-03  2.829746E-04  8.871020E-05  1.123974E-04  8.629230E-06
 2.751500E+02  6.531983E-02  1.325350E-05  6.954047E-10  9.133514E-10  1.016327E-09  1.212605E-09  3.946168E-01  1.214628E-03  3.789082E-05  4.560996E-01  6.626590E-03  9.207934E-04  1.393972E-05  2.492115E-03  1.401801E-06  4.629493E-06  7.957896E-08  6.679739E-02  5.139646E-05  2.044409E-07  1.792123E-07  2.258370E-03  3.073867E-03  2.625748E-04  8.215573E-05  1.041340E-04  8.136121E-06
 2.761500E+02  6.580570E-02  1.320914E-05  6.777103E-10  8.904084E-10  9.908703E-10  1.182600E-09  3.947429E-01  1.186405E-03  3.503080E-05  4.568372E-01  6.492357E-03  8.559759E-04  1.345502E-05  2.447155E-03  1.318179E-06  4.367233E-06  7.637913E-08  6.587307E-02  4.867630E-05  1.977657E-07  1.732135E-07  2.210332E-03  3.008304E-03  2.437711E-04  7.612790E-05  9.653161E-05  7.673787E-06
 2.771500E+02  6.628461E-02  1.316295E-05  6.604289E-10  8.679906E-10  9.659936E-10  1.153265E-09  3.948646E-01  1.159049E-03  3.240595E-05  4.575569E-01  6.361559E-03  7.960992E-04  1.299001E-05  2.403134E-03  1.240024E-06  4.121328E-06  7.331886E-08  6.496159E-02  4.611317E-05  1.913216E-07  1.674279E-07  2.163627E-03  2.944568E-03  2.264297E-04  7.058128E-05  8.953346E-05  7.240167E-06
 2.781500E+02  6.675660E-02  1.311501E-05  6.435548E-10  8.460913E-10  9.416898E-10  1.124594E-09  3.949822E-01  1.132530E-03  2.999547E-05  4.582594E-01  6.234101E-03  7.407610E-04  1.254381E-05  2.360033E-03  1.166949E-06  3.890674E-06  7.039176E-08  6.406292E-02  4.369737E-05  1.851007E-07  1.618482E-07  2.118213E-03  2.882601E-03  2.104287E-04  6.547460E-05  8.308792E-05  6.833345E-06
 2.791500E+02  6.722168E-02  1.306541E-05  6.270824E-10  8.247038E-10  9.179516E-10  1.096579E-09  3.950958E-01  1.106817E-03  2.778050E-05  4.589454E-01  6.109892E-03  6.895939E-04  1.211558E-05  2.317833E-03  1.098599E-06  3.674248E-06  6.759173E-08  6.317703E-02  4.141988E-05  1.790954E-07  1.564669E-07  2.074048E-03  2.822347E-03  1.956571E-04  6.077035E-05  7.714808E-05  6.451541E-06
 2.801500E+02  6.767991E-02  1.301421E-05  6.110057E-10  8.038209E-10  8.947712E-10  1.069211E-09  3.952056E-01  1.081880E-03  2.574397E-05  4.596155E-01  5.988843E-03  6.422614E-04  1.170454E-05  2.276515E-03  1.034643E-06  3.471099E-06  6.491298E-08  6.230387E-02  3.927223E-05  1.732982E-07  1.512771E-07  2.031093E-03  2.763751E-03  1.820136E-04  5.643443E-05  7.167125E-05  6.093103E-06
 2.811500E+02  6.813131E-02  1.296151E-05  5.953187E-10  7.834354E-10  8.721408E-10  1.042481E-09  3.953118E-01  1.057692E-03  2.387037E-05  4.602702E-01  5.870866E-03  5.984562E-04  1.130992E-05  2.236062E-03  9.747771E-07  3.280345E-06  6.234997E-08  6.144338E-02  3.724648E-05  1.677021E-07  1.462720E-07  1.989310E-03  2.706760E-03  1.694056E-04  5.243581E-05  6.661858E-05  5.756491E-06
 2.821500E+02  6.857594E-02  1.290738E-05  5.800153E-10  7.635399E-10  8.500522E-10  1.016381E-09  3.954145E-01  1.034227E-03  2.214567E-05  4.609100E-01  5.755876E-03  5.578967E-04  1.093099E-05  2.196457E-03  9.187177E-07  3.101167E-06  5.989744E-08  6.059550E-02  3.533523E-05  1.623000E-07  1.414449E-07  1.948661E-03  2.651323E-03  1.577488E-04  4.874626E-05  6.195470E-05  5.440276E-06
 2.831500E+02  6.901383E-02  1.285188E-05  5.650892E-10  7.441268E-10  8.284971E-10  9.909017E-10  3.955140E-01  1.011457E-03  2.055709E-05  4.615355E-01  5.643788E-03  5.203252E-04  1.056706E-05  2.157680E-03  8.662036E-07  2.932802E-06  5.755036E-08  5.976016E-02  3.353155E-05  1.570853E-07  1.367896E-07  1.909112E-03  2.597392E-03  1.469660E-04  4.534004E-05  5.764739E-05  5.143126E-06
 2.841500E+02  6.944506E-02  1.279510E-05  5.505341E-10  7.251882E-10  8.074670E-10  9.660330E-10  3.956103E-01  9.893586E-04  1.909306E-05  4.621471E-01  5.534522E-03  4.855056E-04  1.021747E-05  2.119716E-03  8.169922E-07  2.774543E-06  5.530396E-08  5.893727E-02  3.182892E-05  1.520515E-07  1.322997E-07  1.870627E-03  2.544918E-03  1.369867E-04  4.219371E-05  5.366726E-05  4.863803E-06
 2.851500E+02  6.986966E-02  1.273711E-05  5.363434E-10  7.067162E-10  7.869532E-10  9.417656E-10  3.957036E-01  9.679081E-04  1.774303E-05  4.627453E-01  5.427998E-03  4.532218E-04  9.881595E-06  2.082547E-03  7.708588E-07  2.625732E-06  5.315368E-08  5.812674E-02  3.022128E-05  1.471922E-07  1.279695E-07  1.833173E-03  2.493855E-03  1.277466E-04  3.928591E-05  4.998752E-05  4.601153E-06
 2.861500E+02  7.028769E-02  1.267797E-05  5.225106E-10  6.887029E-10  7.669468E-10  9.180896E-10  3.957941E-01  9.470825E-04  1.649742E-05  4.633305E-01  5.324139E-03  4.232754E-04  9.558830E-06  2.046157E-03  7.275952E-07  2.485757E-06  5.109516E-08  5.732849E-02  2.870292E-05  1.425013E-07  1.237931E-07  1.796718E-03  2.444159E-03  1.191868E-04  3.659714E-05  4.658371E-05  4.354104E-06
 2.871500E+02  7.069923E-02  1.261777E-05  5.090291E-10  6.711399E-10  7.474390E-10  8.949950E-10  3.958818E-01  9.268600E-04  1.534751E-05  4.639030E-01  5.222869E-03  3.954847E-04  9.248602E-06  2.010529E-03  6.870080E-07  2.354048E-06  4.912426E-08  5.654241E-02  2.726852E-05  1.379730E-07  1.197650E-07  1.761230E-03  2.395786E-03  1.112533E-04  3.410960E-05  4.343351E-05  4.121655E-06
 2.881500E+02  7.110433E-02  1.255655E-05  4.958922E-10  6.540192E-10  7.284207E-10  8.724715E-10  3.959669E-01  9.072196E-04  1.428536E-05  4.644633E-01  5.124115E-03  3.696829E-04  8.950366E-06  1.975647E-03  6.489180E-07  2.230075E-06  4.723705E-08  5.576839E-02  2.591307E-05  1.336015E-07  1.158798E-07  1.726680E-03  2.348696E-03  1.038966E-04  3.180704E-05  4.051651E-05  3.902874E-06
 2.891500E+02  7.150305E-02  1.249440E-05  4.830932E-10  6.373323E-10  7.098827E-10  8.505089E-10  3.960494E-01  8.881411E-04  1.330373E-05  4.650118E-01  5.027806E-03  3.457170E-04  8.663601E-06  1.941496E-03  6.131587E-07  2.113343E-06  4.542974E-08  5.500632E-02  2.463190E-05  1.293813E-07  1.121323E-07  1.693037E-03  2.302849E-03  9.707177E-05  2.967461E-05  3.781408E-05  3.696894E-06
 2.901500E+02  7.189547E-02  1.243138E-05  4.706253E-10  6.210708E-10  6.918158E-10  8.290969E-10  3.961296E-01  8.696051E-04  1.239602E-05  4.655487E-01  4.933872E-03  3.234464E-04  8.387811E-06  1.908061E-03  5.795754E-07  2.003394E-06  4.369875E-08  5.425609E-02  2.342060E-05  1.253070E-07  1.085175E-07  1.660275E-03  2.258204E-03  9.073717E-05  2.769874E-05  3.530915E-05  3.502903E-06
 2.911500E+02  7.228166E-02  1.236754E-05  4.584818E-10  6.052264E-10  6.742108E-10  8.082248E-10  3.962074E-01  8.515932E-04  1.155621E-05  4.660743E-01  4.842247E-03  3.027421E-04  8.122523E-06  1.875325E-03  5.480247E-07  1.899797E-06  4.204065E-08  5.351757E-02  2.227508E-05  1.213736E-07  1.050307E-07  1.628364E-03  2.214725E-03  8.485486E-05  2.586701E-05  3.298614E-05  3.320148E-06
 2.921500E+02  7.266167E-02  1.230295E-05  4.466558E-10  5.897906E-10  6.570583E-10  7.878821E-10  3.962829E-01  8.340874E-04  1.077880E-05  4.665891E-01  4.752866E-03  2.834855E-04  7.867285E-06  1.843273E-03  5.183729E-07  1.802155E-06  4.045218E-08  5.279065E-02  2.119148E-05  1.175759E-07  1.016670E-07  1.597281E-03  2.172377E-03  7.938999E-05  2.416805E-05  3.083075E-05  3.147924E-06
 2.931500E+02  7.303560E-02  1.223767E-05  4.351407E-10  5.747549E-10  6.403491E-10  7.680583E-10  3.963563E-01  8.170704E-04  1.005879E-05  4.670933E-01  4.665664E-03  2.655674E-04  7.621667E-06  1.811892E-03  4.904962E-07  1.710094E-06  3.893023E-08  5.207519E-02  2.016617E-05  1.139093E-07  9.842215E-08  1.566998E-03  2.131123E-03  7.431058E-05  2.259146E-05  2.882990E-05  2.985574E-06
 2.941500E+02  7.340351E-02  1.217175E-05  4.239297E-10  5.601109E-10  6.240738E-10  7.487427E-10  3.964277E-01  8.005260E-04  9.391575E-06  4.675872E-01  4.580580E-03  2.488877E-04  7.385259E-06  1.781167E-03  4.642791E-07  1.623267E-06  3.747183E-08  5.137106E-02  1.919577E-05  1.103689E-07  9.529164E-08  1.537491E-03  2.090930E-03  6.958726E-05  2.112770E-05  2.697161E-05  2.832485E-06
 2.951500E+02  7.376548E-02  1.210525E-05  4.130160E-10  5.458502E-10  6.082232E-10  7.299247E-10  3.964970E-01  7.844380E-04  8.772970E-06  4.680710E-01  4.497555E-03  2.333540E-04  7.157670E-06  1.751083E-03  4.396143E-07  1.541349E-06  3.607414E-08  5.067814E-02  1.827710E-05  1.069504E-07  9.227135E-08  1.508737E-03  2.051766E-03  6.519306E-05  1.976804E-05  2.524487E-05  2.688084E-06
 2.961500E+02  7.412157E-02  1.203823E-05  4.023929E-10  5.319642E-10  5.927880E-10  7.115937E-10  3.965645E-01  7.687914E-04  8.199138E-06  4.685451E-01  4.416530E-03  2.188813E-04  6.938527E-06  1.721627E-03  4.164019E-07  1.464039E-06  3.473447E-08  4.999628E-02  1.740716E-05  1.036494E-07  8.935722E-08  1.480713E-03  2.013598E-03  6.110319E-05  1.850447E-05  2.363960E-05  2.551836E-06
 2.971500E+02  7.447188E-02  1.197072E-05  3.920539E-10  5.184446E-10  5.777589E-10  6.937392E-10  3.966300E-01  7.535715E-04  7.666567E-06  4.690096E-01  4.337449E-03  2.053916E-04  6.727473E-06  1.692785E-03  3.945488E-07  1.391052E-06  3.345023E-08  4.932535E-02  1.658317E-05  1.004616E-07  8.654537E-08  1.453396E-03  1.976398E-03  5.729486E-05  1.732964E-05  2.214655E-05  2.423242E-06
 2.981500E+02  7.481647E-02  1.190280E-05  3.819922E-10  5.052832E-10  5.631268E-10  6.763506E-10  3.966939E-01  7.387641E-04  7.172041E-06  4.694648E-01  4.260259E-03  1.928126E-04  6.524170E-06  1.664544E-03  3.739686E-07  1.322126E-06  3.221897E-08  4.866521E-02  1.580248E-05  9.738307E-08  8.383204E-08  1.426766E-03  1.940135E-03  5.374710E-05  1.623678E-05  2.075721E-05  2.301835E-06
 2.991500E+02  7.515543E-02  1.183449E-05  3.722014E-10  4.924717E-10  5.488825E-10  6.594175E-10  3.967559E-01  7.243556E-04  6.712614E-06  4.699110E-01  4.184905E-03  1.810781E-04  6.328293E-06  1.636890E-03  3.545806E-07  1.257013E-06  3.103835E-08  4.801572E-02  1.506263E-05  9.440985E-08  8.121362E-08  1.400801E-03  1.904781E-03  5.044061E-05  1.521971E-05  1.946378E-05  2.187178E-06
 3.001500E+02  7.548883E-02  1.176586E-05  3.626749E-10  4.800018E-10  5.350171E-10  6.429295E-10  3.968164E-01  7.103331E-04  6.285582E-06  4.703484E-01  4.111337E-03  1.701266E-04  6.139533E-06  1.609811E-03  3.363095E-07  1.195484E-06  2.990614E-08  4.737674E-02  1.436131E-05  9.153817E-08  7.868662E-08  1.375481E-03  1.870309E-03  4.735765E-05  1.427273E-05  1.825907E-05  2.078865E-06
 3.011500E+02  7.581675E-02  1.169693E-05  3.534065E-10  4.678655E-10  5.215217E-10  6.268763E-10  3.968752E-01  6.966839E-04  5.888467E-06  4.707772E-01  4.039504E-03  1.599019E-04  5.957596E-06  1.583294E-03  3.190852E-07  1.137322E-06  2.882019E-08  4.674813E-02  1.369632E-05  8.876441E-08  7.624769E-08  1.350789E-03  1.836692E-03  4.448183E-05  1.339060E-05  1.713649E-05  1.976512E-06
 3.021500E+02  7.613927E-02  1.162777E-05  3.443896E-10  4.560548E-10  5.083872E-10  6.112478E-10  3.969325E-01  6.833960E-04  5.518994E-06  4.711975E-01  3.969360E-03  1.503516E-04  5.782200E-06  1.557326E-03  3.028425E-07  1.082326E-06  2.777847E-08  4.612974E-02  1.306563E-05  8.608504E-08  7.389357E-08  1.326703E-03  1.803905E-03  4.179808E-05  1.256850E-05  1.608995E-05  1.879763E-06
 3.031500E+02  7.645646E-02  1.155840E-05  3.356182E-10  4.445617E-10  4.956051E-10  5.960337E-10  3.969883E-01  6.704577E-04  5.175074E-06  4.716097E-01  3.900856E-03  1.414276E-04  5.613076E-06  1.531896E-03  2.875202E-07  1.030308E-06  2.677905E-08  4.552143E-02  1.246731E-05  8.349667E-08  7.162117E-08  1.303208E-03  1.771923E-03  3.929250E-05  1.180200E-05  1.511387E-05  1.788285E-06
 3.041500E+02  7.676842E-02  1.148886E-05  3.270861E-10  4.333785E-10  4.831667E-10  5.812242E-10  3.970427E-01  6.578579E-04  4.854787E-06  4.720139E-01  3.833947E-03  1.330856E-04  5.449968E-06  1.506992E-03  2.730616E-07  9.810915E-07  2.582007E-08  4.492305E-02  1.189955E-05  8.099606E-08  6.942747E-08  1.280285E-03  1.740722E-03  3.695226E-05  1.108702E-05  1.420309E-05  1.701764E-06
 3.051500E+02  7.707521E-02  1.141920E-05  3.187871E-10  4.224974E-10  4.710634E-10  5.668093E-10  3.970957E-01  6.455857E-04  4.556368E-06  4.724102E-01  3.768590E-03  1.252844E-04  5.292631E-06  1.482601E-03  2.594135E-07  9.345106E-07  2.489977E-08  4.433447E-02  1.136065E-05  7.858003E-08  6.730958E-08  1.257917E-03  1.710280E-03  3.476553E-05  1.041980E-05  1.335287E-05  1.619908E-06
 3.061500E+02  7.737691E-02  1.134945E-05  3.107153E-10  4.119108E-10  4.592869E-10  5.527795E-10  3.971473E-01  6.336307E-04  4.278195E-06  4.727990E-01  3.704742E-03  1.179861E-04  5.140832E-06  1.458713E-03  2.465263E-07  8.904110E-07  2.401645E-08  4.375553E-02  1.084902E-05  7.624557E-08  6.526472E-08  1.236089E-03  1.680573E-03  3.272139E-05  9.796874E-06  1.255883E-05  1.542443E-06
 3.071500E+02  7.767360E-02  1.127965E-05  3.028649E-10  4.016112E-10  4.478290E-10  5.391251E-10  3.971976E-01  6.219830E-04  4.018775E-06  4.731803E-01  3.642362E-03  1.111555E-04  4.994346E-06  1.435316E-03  2.343537E-07  8.486479E-07  2.316852E-08  4.318610E-02  1.036315E-05  7.398974E-08  6.329020E-08  1.214784E-03  1.651581E-03  3.080974E-05  9.215045E-06  1.181693E-05  1.469111E-06
 3.081500E+02  7.796536E-02  1.120983E-05  2.952301E-10  3.915914E-10  4.366814E-10  5.258367E-10  3.972467E-01  6.106329E-04  3.776732E-06  4.735543E-01  3.581409E-03  1.047602E-04  4.852960E-06  1.412400E-03  2.228523E-07  8.090854E-07  2.235442E-08  4.262602E-02  9.901624E-06  7.180972E-08  6.138345E-08  1.193988E-03  1.623282E-03  2.902125E-05  8.671367E-06  1.112346E-05  1.399672E-06
 3.091500E+02  7.825227E-02  1.114001E-05  2.878052E-10  3.818441E-10  4.258363E-10  5.129051E-10  3.972946E-01  5.995711E-04  3.550800E-06  4.739212E-01  3.521844E-03  9.877002E-05  4.716470E-06  1.389954E-03  2.119818E-07  7.715964E-07  2.157271E-08  4.207517E-02  9.463111E-06  6.970279E-08  5.954198E-08  1.173685E-03  1.595657E-03  2.734732E-05  8.163120E-06  1.047497E-05  1.333900E-06
 3.101500E+02  7.853440E-02  1.107024E-05  2.805847E-10  3.723621E-10  4.152857E-10  5.003211E-10  3.973413E-01  5.887887E-04  3.339811E-06  4.742811E-01  3.463631E-03  9.315719E-05  4.584682E-06  1.367966E-03  2.017042E-07  7.360616E-07  2.082198E-08  4.153338E-02  9.046357E-06  6.766634E-08  5.776338E-08  1.153862E-03  1.568686E-03  2.577997E-05  7.687793E-06  9.868288E-06  1.271584E-06
 3.111500E+02  7.881184E-02  1.100053E-05  2.735632E-10  3.631386E-10  4.050220E-10  4.880757E-10  3.973868E-01  5.782769E-04  3.142690E-06  4.746343E-01  3.406732E-03  8.789591E-05  4.457410E-06  1.346428E-03  1.919842E-07  7.023691E-07  2.010090E-08  4.100053E-02  8.650184E-06  6.569783E-08  5.604537E-08  1.134504E-03  1.542350E-03  2.431181E-05  7.243065E-06  9.300481E-06  1.212525E-06
 3.121500E+02  7.908465E-02  1.093093E-05  2.667352E-10  3.541667E-10  3.950376E-10  4.761602E-10  3.974312E-01  5.680276E-04  2.958444E-06  4.749808E-01  3.351112E-03  8.296228E-05  4.334474E-06  1.325329E-03  1.827886E-07  6.704140E-07  1.940819E-08  4.047647E-02  8.273480E-06  6.379483E-08  5.438572E-08  1.115599E-03  1.516631E-03  2.293604E-05  6.826792E-06  8.768835E-06  1.156538E-06
 3.131500E+02  7.935291E-02  1.086144E-05  2.600956E-10  3.454396E-10  3.853251E-10  4.645660E-10  3.974746E-01  5.580326E-04  2.786157E-06  4.753208E-01  3.296736E-03  7.833414E-05  4.215706E-06  1.304659E-03  1.740865E-07  6.400977E-07  1.874263E-08  3.996106E-02  7.915198E-06  6.195501E-08  5.278229E-08  1.097134E-03  1.491511E-03  2.164632E-05  6.436993E-06  8.270842E-06  1.103446E-06
 3.141500E+02  7.961670E-02  1.079211E-05  2.536392E-10  3.369510E-10  3.758773E-10  4.532846E-10  3.975169E-01  5.482843E-04  2.624983E-06  4.756545E-01  3.243572E-03  7.399095E-05  4.100942E-06  1.284408E-03  1.658489E-07  6.113279E-07  1.810307E-08  3.945417E-02  7.574352E-06  6.017610E-08  5.123304E-08  1.079096E-03  1.466975E-03  2.043679E-05  6.071833E-06  7.804181E-06  1.053087E-06
 3.151500E+02  7.987609E-02  1.072294E-05  2.473611E-10  3.286942E-10  3.666870E-10  4.423077E-10  3.975582E-01  5.387752E-04  2.474140E-06  4.759820E-01  3.191586E-03  6.991365E-05  3.990026E-06  1.264567E-03  1.580485E-07  5.840178E-07  1.748840E-08  3.895564E-02  7.250012E-06  5.845592E-08  4.973598E-08  1.061473E-03  1.443004E-03  1.930204E-05  5.729615E-06  7.366702E-06  1.005307E-06
 3.161500E+02  8.013115E-02  1.065398E-05  2.412562E-10  3.206631E-10  3.577473E-10  4.316272E-10  3.975986E-01  5.294980E-04  2.332907E-06  4.763034E-01  3.140748E-03  6.608454E-05  3.882810E-06  1.245128E-03  1.506599E-07  5.580858E-07  1.689756E-08  3.846536E-02  6.941303E-06  5.679238E-08  4.828922E-08  1.044254E-03  1.419583E-03  1.823702E-05  5.408769E-06  6.956416E-06  9.599597E-07
 3.171500E+02  8.038196E-02  1.058522E-05  2.353200E-10  3.128515E-10  3.490513E-10  4.212351E-10  3.976380E-01  5.204458E-04  2.200615E-06  4.766189E-01  3.091028E-03  6.248720E-05  3.779151E-06  1.226080E-03  1.436593E-07  5.334553E-07  1.632954E-08  3.798317E-02  6.647398E-06  5.518347E-08  4.689092E-08  1.027426E-03  1.396697E-03  1.723708E-05  5.107840E-06  6.571479E-06  9.169104E-07
 3.181500E+02  8.062859E-02  1.051671E-05  2.295476E-10  3.052533E-10  3.405925E-10  4.111238E-10  3.976764E-01  5.116120E-04  2.076647E-06  4.769286E-01  3.042395E-03  5.910638E-05  3.678912E-06  1.207415E-03  1.370243E-07  5.100543E-07  1.578337E-08  3.750896E-02  6.367519E-06  5.362723E-08  4.553932E-08  1.010981E-03  1.374331E-03  1.629787E-05  4.825478E-06  6.210182E-06  8.760313E-07
 3.191500E+02  8.087111E-02  1.044845E-05  2.239346E-10  2.978628E-10  3.323644E-10  4.012855E-10  3.977140E-01  5.029899E-04  1.960431E-06  4.772326E-01  2.994821E-03  5.592788E-05  3.581964E-06  1.189125E-03  1.307340E-07  4.878153E-07  1.525814E-08  3.704257E-02  6.100931E-06  5.212179E-08  4.423272E-08  9.949060E-04  1.352470E-03  1.541539E-05  4.560435E-06  5.870941E-06  8.372022E-07
 3.201500E+02  8.110959E-02  1.038046E-05  2.184763E-10  2.906742E-10  3.243605E-10  3.917129E-10  3.977507E-01  4.945735E-04  1.851437E-06  4.775310E-01  2.948279E-03  5.293855E-05  3.488180E-06  1.171201E-03  1.247685E-07  4.666745E-07  1.475295E-08  3.658390E-02  5.846940E-06  5.066536E-08  4.296950E-08  9.791918E-04  1.331101E-03  1.458588E-05  4.311551E-06  5.552285E-06  8.003102E-07
 3.211500E+02  8.134409E-02  1.031277E-05  2.131686E-10  2.836819E-10  3.165747E-10  3.823988E-10  3.977866E-01  4.863566E-04  1.749177E-06  4.778240E-01  2.902741E-03  5.012610E-05  3.397443E-06  1.153635E-03  1.191097E-07  4.465721E-07  1.426698E-08  3.613279E-02  5.604893E-06  4.925618E-08  4.174809E-08  9.638284E-04  1.310210E-03  1.380589E-05  4.077751E-06  5.252850E-06  7.652493E-07
 3.221500E+02  8.157470E-02  1.024538E-05  2.080072E-10  2.768804E-10  3.090009E-10  3.733359E-10  3.978217E-01  4.783335E-04  1.653194E-06  4.781117E-01  2.858182E-03  4.747916E-05  3.309636E-06  1.136419E-03  1.137399E-07  4.274518E-07  1.379942E-08  3.568913E-02  5.374171E-06  4.789260E-08  4.056697E-08  9.488063E-04  1.289783E-03  1.307220E-05  3.858036E-06  4.971369E-06  7.319195E-07
 3.231500E+02  8.180147E-02  1.017831E-05  2.029879E-10  2.702643E-10  3.016332E-10  3.645174E-10  3.978559E-01  4.704984E-04  1.563068E-06  4.783941E-01  2.814575E-03  4.498711E-05  3.224650E-06  1.119544E-03  1.086432E-07  4.092606E-07  1.334950E-08  3.525278E-02  5.154192E-06  4.657299E-08  3.942468E-08  9.341160E-04  1.269809E-03  1.238179E-05  3.651479E-06  4.706667E-06  7.002268E-07
 3.241500E+02  8.202447E-02  1.011158E-05  1.981067E-10  2.638286E-10  2.944659E-10  3.559366E-10  3.978894E-01  4.628461E-04  1.478409E-06  4.786715E-01  2.771897E-03  4.264006E-05  3.142380E-06  1.103005E-03  1.038041E-07  3.919486E-07  1.291649E-08  3.482363E-02  4.944406E-06  4.529581E-08  3.831985E-08  9.197487E-04  1.250275E-03  1.173189E-05  3.457220E-06  4.457648E-06  6.700829E-07
 3.251500E+02  8.224377E-02  1.004520E-05  1.933597E-10  2.575682E-10  2.874934E-10  3.475869E-10  3.979222E-01  4.553711E-04  1.398852E-06  4.789439E-01  2.730123E-03  4.042883E-05  3.062725E-06  1.086792E-03  9.920825E-08  3.754689E-07  1.249969E-08  3.440154E-02  4.744292E-06  4.405956E-08  3.725110E-08  9.056957E-04  1.231168E-03  1.111989E-05  3.274458E-06  4.223298E-06  6.414044E-07
 3.261500E+02  8.245944E-02  9.979181E-06  1.887430E-10  2.514780E-10  2.807101E-10  3.394618E-10  3.979542E-01  4.480684E-04  1.324063E-06  4.792114E-01  2.689231E-03  3.834484E-05  2.985589E-06  1.070898E-03  9.484229E-08  3.597771E-07  1.209842E-08  3.398640E-02  4.553359E-06  4.286280E-08  3.621716E-08  8.919485E-04  1.212479E-03  1.054339E-05  3.102448E-06  4.002670E-06  6.141129E-07
 3.271500E+02  8.267153E-02  9.913537E-06  1.842529E-10  2.455533E-10  2.741108E-10  3.315551E-10  3.979855E-01  4.409332E-04  1.253729E-06  4.794741E-01  2.649197E-03  3.638010E-05  2.910879E-06  1.055317E-03  9.069350E-08  3.448316E-07  1.171205E-08  3.357808E-02  4.371142E-06  4.170414E-08  3.521678E-08  8.784989E-04  1.194194E-03  1.000014E-05  2.940500E-06  3.794886E-06  5.881345E-07
 3.281500E+02  8.288011E-02  9.848279E-06  1.798859E-10  2.397894E-10  2.676902E-10  3.238607E-10  3.980161E-01  4.339607E-04  1.187558E-06  4.797321E-01  2.610000E-03  3.452716E-05  2.838507E-06  1.040041E-03  8.674997E-08  3.305931E-07  1.133998E-08  3.317647E-02  4.197203E-06  4.058226E-08  3.424875E-08  8.653391E-04  1.176304E-03  9.488033E-06  2.787969E-06  3.599127E-06  5.633995E-07
 3.291500E+02  8.308525E-02  9.783416E-06  1.756383E-10  2.341818E-10  2.614434E-10  3.163726E-10  3.980461E-01  4.271462E-04  1.125281E-06  4.799856E-01  2.571619E-03  3.277909E-05  2.768386E-06  1.025064E-03  8.300049E-08  3.170245E-07  1.098160E-08  3.278144E-02  4.031126E-06  3.949586E-08  3.331193E-08  8.524615E-04  1.158799E-03  9.005122E-06  2.644255E-06  3.414630E-06  5.398424E-07
 3.301500E+02  8.328700E-02  9.718958E-06  1.715068E-10  2.287259E-10  2.553652E-10  3.090851E-10  3.980754E-01  4.204855E-04  1.066647E-06  4.802345E-01  2.534033E-03  3.112940E-05  2.700436E-06  1.010379E-03  7.943453E-08  3.040910E-07  1.063637E-08  3.239289E-02  3.872520E-06  3.844370E-08  3.240521E-08  8.398585E-04  1.141667E-03  8.549587E-06  2.508802E-06  3.240687E-06  5.174013E-07
 3.311500E+02  8.348542E-02  9.654914E-06  1.674879E-10  2.234176E-10  2.494511E-10  3.019925E-10  3.981041E-01  4.139741E-04  1.011423E-06  4.804791E-01  2.497223E-03  2.957204E-05  2.634579E-06  9.959793E-04  7.604217E-08  2.917595E-07  1.030375E-08  3.201070E-02  3.721013E-06  3.742460E-08  3.152751E-08  8.275229E-04  1.124900E-03  8.119729E-06  2.381088E-06  3.076635E-06  4.960178E-07
 3.321500E+02  8.368058E-02  9.591292E-06  1.635785E-10  2.182525E-10  2.436963E-10  2.950893E-10  3.981321E-01  4.076079E-04  9.593903E-07  4.807194E-01  2.461168E-03  2.810137E-05  2.570738E-06  9.818586E-04  7.281408E-08  2.799990E-07  9.983223E-09  3.163475E-02  3.576253E-06  3.643740E-08  3.067781E-08  8.154479E-04  1.108487E-03  7.713964E-06  2.260629E-06  2.921858E-06  4.756368E-07
 3.331500E+02  8.387253E-02  9.528100E-06  1.597754E-10  2.132266E-10  2.380962E-10  2.883702E-10  3.981596E-01  4.013829E-04  9.103479E-07  4.809554E-01  2.425850E-03  2.671211E-05  2.508843E-06  9.680107E-04  6.974145E-08  2.687801E-07  9.674310E-09  3.126494E-02  3.437909E-06  3.548100E-08  2.985511E-08  8.036266E-04  1.092419E-03  7.330814E-06  2.146974E-06  2.775781E-06  4.562065E-07
 3.341500E+02  8.406134E-02  9.465344E-06  1.560755E-10  2.083359E-10  2.326465E-10  2.818300E-10  3.981864E-01  3.952953E-04  8.641069E-07  4.811874E-01  2.391250E-03  2.539934E-05  2.448824E-06  9.544295E-04  6.681602E-08  2.580752E-07  9.376541E-09  3.090116E-02  3.305666E-06  3.455434E-08  2.905848E-08  7.920524E-04  1.076688E-03  6.968899E-06  2.039701E-06  2.637868E-06  4.376779E-07
 3.351500E+02  8.424705E-02  9.403032E-06  1.524759E-10  2.035765E-10  2.273428E-10  2.754636E-10  3.982128E-01  3.893412E-04  8.204918E-07  4.814153E-01  2.357351E-03  2.415844E-05  2.390614E-06  9.411092E-04  6.402999E-08  2.478580E-07  9.089467E-09  3.054329E-02  3.179226E-06  3.365638E-08  2.828698E-08  7.807190E-04  1.061285E-03  6.626929E-06  1.938418E-06  2.507618E-06  4.200047E-07
 3.361500E+02  8.442972E-02  9.341168E-06  1.489736E-10  1.989447E-10  2.221811E-10  2.692661E-10  3.982385E-01  3.835171E-04  7.793389E-07  4.816392E-01  2.324136E-03  2.298511E-05  2.334150E-06  9.280439E-04  6.137600E-08  2.381040E-07  8.812661E-09  3.019124E-02  3.058306E-06  3.278614E-08  2.753975E-08  7.696202E-04  1.046201E-03  6.303699E-06  1.842757E-06  2.384563E-06  4.031431E-07
 3.371500E+02  8.460941E-02  9.279759E-06  1.455658E-10  1.944368E-10  2.171572E-10  2.632328E-10  3.982637E-01  3.778194E-04  7.404955E-07  4.818593E-01  2.291588E-03  2.187533E-05  2.279371E-06  9.152280E-04  5.884713E-08  2.287897E-07  8.545715E-09  2.984490E-02  2.942641E-06  3.194266E-08  2.681592E-08  7.587501E-04  1.031428E-03  5.998084E-06  1.752376E-06  2.268268E-06  3.870520E-07
 3.381500E+02  8.478617E-02  9.218808E-06  1.422498E-10  1.900492E-10  2.122671E-10  2.573588E-10  3.982884E-01  3.722447E-04  7.038194E-07  4.820755E-01  2.259690E-03  2.082533E-05  2.226217E-06  9.026560E-04  5.643684E-08  2.198931E-07  8.288236E-09  2.950416E-02  2.831977E-06  3.112504E-08  2.611469E-08  7.481027E-04  1.016958E-03  5.709031E-06  1.666956E-06  2.158324E-06  3.716924E-07
 3.391500E+02  8.496005E-02  9.158321E-06  1.390229E-10  1.857786E-10  2.075071E-10  2.516399E-10  3.983126E-01  3.667898E-04  6.691778E-07  4.822881E-01  2.228426E-03  1.983158E-05  2.174633E-06  8.903225E-04  5.413898E-08  2.113934E-07  8.039850E-09  2.916893E-02  2.726073E-06  3.033238E-08  2.543527E-08  7.376726E-04  1.002784E-03  5.435556E-06  1.586196E-06  2.054351E-06  3.570274E-07
 3.401500E+02  8.513112E-02  9.098301E-06  1.358825E-10  1.816215E-10  2.028734E-10  2.460715E-10  3.983363E-01  3.614513E-04  6.364465E-07  4.824970E-01  2.197782E-03  1.889078E-05  2.124564E-06  8.782223E-04  5.194773E-08  2.032708E-07  7.800198E-09  2.883911E-02  2.624703E-06  2.956383E-08  2.477690E-08  7.274541E-04  9.888977E-04  5.176737E-06  1.509819E-06  1.955992E-06  3.430223E-07
 3.411500E+02  8.529941E-02  9.038752E-06  1.328262E-10  1.775748E-10  1.983625E-10  2.406493E-10  3.983595E-01  3.562262E-04  6.055098E-07  4.827023E-01  2.167741E-03  1.799984E-05  2.075958E-06  8.663501E-04  4.985760E-08  1.955068E-07  7.568938E-09  2.851460E-02  2.527652E-06  2.881858E-08  2.413884E-08  7.174420E-04  9.752923E-04  4.931712E-06  1.437562E-06  1.862914E-06  3.296440E-07
 3.421500E+02  8.546498E-02  8.979676E-06  1.298514E-10  1.736351E-10  1.939707E-10  2.353693E-10  3.983822E-01  3.511116E-04  5.762596E-07  4.829041E-01  2.138290E-03  1.715585E-05  2.028764E-06  8.547010E-04  4.786342E-08  1.880836E-07  7.345740E-09  2.819531E-02  2.434714E-06  2.809583E-08  2.352041E-08  7.076312E-04  9.619608E-04  4.699675E-06  1.369181E-06  1.774805E-06  3.168615E-07
 3.431500E+02  8.562788E-02  8.921077E-06  1.269559E-10  1.697995E-10  1.896947E-10  2.302273E-10  3.984045E-01  3.461045E-04  5.485946E-07  4.831026E-01  2.109415E-03  1.635612E-05  1.982935E-06  8.432701E-04  4.596030E-08  1.809846E-07  7.130290E-09  2.788114E-02  2.345696E-06  2.739482E-08  2.292092E-08  6.980166E-04  9.488962E-04  4.479868E-06  1.304448E-06  1.691373E-06  3.046454E-07
 3.441500E+02  8.578815E-02  8.862956E-06  1.241373E-10  1.660649E-10  1.855312E-10  2.252196E-10  3.984263E-01  3.412021E-04  5.224205E-07  4.832976E-01  2.081101E-03  1.559809E-05  1.938425E-06  8.320526E-04  4.414362E-08  1.741940E-07  6.922286E-09  2.757199E-02  2.260415E-06  2.671482E-08  2.233973E-08  6.885934E-04  9.360919E-04  4.271583E-06  1.243149E-06  1.612346E-06  2.929677E-07
 3.451500E+02  8.594585E-02  8.805315E-06  1.213935E-10  1.624286E-10  1.814769E-10  2.203421E-10  3.984477E-01  3.364017E-04  4.976486E-07  4.834894E-01  2.053336E-03  1.487937E-05  1.895188E-06  8.210438E-04  4.240903E-08  1.676969E-07  6.721441E-09  2.726779E-02  2.178695E-06  2.605512E-08  2.177620E-08  6.793568E-04  9.235415E-04  4.074158E-06  1.185084E-06  1.537466E-06  2.818022E-07
 3.461500E+02  8.610102E-02  8.748155E-06  1.187222E-10  1.588875E-10  1.775287E-10  2.155913E-10  3.984687E-01  3.317006E-04  4.741964E-07  4.836779E-01  2.026106E-03  1.419773E-05  1.853182E-06  8.102392E-04  4.075239E-08  1.614790E-07  6.527477E-09  2.696843E-02  2.100372E-06  2.541505E-08  2.122974E-08  6.703023E-04  9.112388E-04  3.886968E-06  1.130064E-06  1.466496E-06  2.711238E-07
 3.471500E+02  8.625371E-02  8.691479E-06  1.161213E-10  1.554391E-10  1.736836E-10  2.109636E-10  3.984892E-01  3.270963E-04  4.519864E-07  4.838633E-01  1.999398E-03  1.355107E-05  1.812366E-06  7.996343E-04  3.916982E-08  1.555271E-07  6.340130E-09  2.667384E-02  2.025287E-06  2.479394E-08  2.069975E-08  6.614254E-04  8.991776E-04  3.709432E-06  1.077914E-06  1.399208E-06  2.609090E-07
 3.481500E+02  8.640396E-02  8.635287E-06  1.135888E-10  1.520806E-10  1.699386E-10  2.064555E-10  3.985094E-01  3.225862E-04  4.309462E-07  4.840455E-01  1.973201E-03  1.293742E-05  1.772700E-06  7.892248E-04  3.765762E-08  1.498283E-07  6.159146E-09  2.638392E-02  1.953293E-06  2.419116E-08  2.018570E-08  6.527218E-04  8.873522E-04  3.541000E-06  1.028468E-06  1.335394E-06  2.511352E-07
 3.491500E+02  8.655182E-02  8.579579E-06  1.111228E-10  1.488095E-10  1.662909E-10  2.020635E-10  3.985291E-01  3.181681E-04  4.110077E-07  4.842248E-01  1.947502E-03  1.235492E-05  1.734146E-06  7.790065E-04  3.621233E-08  1.443707E-07  5.984282E-09  2.609860E-02  1.884246E-06  2.360610E-08  1.968702E-08  6.441873E-04  8.757567E-04  3.381160E-06  9.815738E-07  1.274856E-06  2.417815E-07
 3.501500E+02  8.669733E-02  8.524355E-06  1.087212E-10  1.456233E-10  1.627377E-10  1.977844E-10  3.985485E-01  3.138394E-04  3.921076E-07  4.844010E-01  1.922290E-03  1.180184E-05  1.696667E-06  7.689752E-04  3.483064E-08  1.391428E-07  5.815306E-09  2.581778E-02  1.818013E-06  2.303817E-08  1.920321E-08  6.358179E-04  8.643857E-04  3.229429E-06  9.370847E-07  1.217408E-06  2.328276E-07
 3.511500E+02  8.684053E-02  8.469616E-06  1.063824E-10  1.425196E-10  1.592762E-10  1.936150E-10  3.985675E-01  3.095981E-04  3.741860E-07  4.845744E-01  1.897553E-03  1.127654E-05  1.660228E-06  7.591268E-04  3.350943E-08  1.341339E-07  5.651994E-09  2.554138E-02  1.754466E-06  2.248681E-08  1.873377E-08  6.276095E-04  8.532336E-04  3.085353E-06  8.948651E-07  1.162876E-06  2.242546E-07
 3.521500E+02  8.698147E-02  8.415362E-06  1.041044E-10  1.394960E-10  1.559040E-10  1.895523E-10  3.985861E-01  3.054418E-04  3.571872E-07  4.847449E-01  1.873280E-03  1.077749E-05  1.624795E-06  7.494575E-04  3.224576E-08  1.293336E-07  5.494131E-09  2.526934E-02  1.693483E-06  2.195147E-08  1.827821E-08  6.195583E-04  8.422953E-04  2.948508E-06  8.547874E-07  1.111097E-06  2.160443E-07
 3.531500E+02  8.712018E-02  8.361591E-06  1.018854E-10  1.365501E-10  1.526184E-10  1.855931E-10  3.986043E-01  3.013684E-04  3.410586E-07  4.849126E-01  1.849462E-03  1.030325E-05  1.590336E-06  7.399633E-04  3.103683E-08  1.247322E-07  5.341514E-09  2.500156E-02  1.634948E-06  2.143163E-08  1.783606E-08  6.116605E-04  8.315657E-04  2.818494E-06  8.167318E-07  1.061917E-06  2.081797E-07
 3.541500E+02  8.725671E-02  8.308304E-06  9.972392E-11  1.336799E-10  1.494169E-10  1.817345E-10  3.986222E-01  2.973759E-04  3.257513E-07  4.850775E-01  1.826086E-03  9.852453E-06  1.556817E-06  7.306405E-04  2.988000E-08  1.203205E-07  5.193945E-09  2.473797E-02  1.578752E-06  2.092677E-08  1.740689E-08  6.039126E-04  8.210398E-04  2.694934E-06  7.805856E-07  1.015193E-06  2.006445E-07
 3.551500E+02  8.739110E-02  8.255499E-06  9.761815E-11  1.308831E-10  1.462973E-10  1.779738E-10  3.986398E-01  2.934622E-04  3.112188E-07  4.852398E-01  1.803143E-03  9.423832E-06  1.524211E-06  7.214854E-04  2.877277E-08  1.160897E-07  5.051236E-09  2.447850E-02  1.524790E-06  2.043640E-08  1.699026E-08  5.963110E-04  8.107128E-04  2.577476E-06  7.462433E-07  9.707892E-07  1.934234E-07
 3.561500E+02  8.752339E-02  8.203176E-06  9.556654E-11  1.281577E-10  1.432571E-10  1.743082E-10  3.986570E-01  2.896255E-04  2.974181E-07  4.853994E-01  1.780624E-03  9.016183E-06  1.492486E-06  7.124945E-04  2.771276E-08  1.120316E-07  4.913206E-09  2.422307E-02  1.472964E-06  1.996006E-08  1.658576E-08  5.888523E-04  8.005800E-04  2.465787E-06  7.136053E-07  9.285782E-07  1.865018E-07
 3.571500E+02  8.765361E-02  8.151332E-06  9.356753E-11  1.255016E-10  1.402941E-10  1.707349E-10  3.986739E-01  2.858638E-04  2.843083E-07  4.855564E-01  1.758518E-03  8.628376E-06  1.461614E-06  7.036642E-04  2.669772E-08  1.081381E-07  4.779681E-09  2.397161E-02  1.423177E-06  1.949729E-08  1.619297E-08  5.815330E-04  7.906368E-04  2.359554E-06  6.825784E-07  8.884405E-07  1.798657E-07
 3.581500E+02  8.778180E-02  8.099966E-06  9.161963E-11  1.229129E-10  1.374061E-10  1.672515E-10  3.986905E-01  2.821752E-04  2.718512E-07  4.857109E-01  1.736816E-03  8.259346E-06  1.431570E-06  6.949911E-04  2.572552E-08  1.044019E-07  4.650495E-09  2.372404E-02  1.375341E-06  1.904764E-08  1.581153E-08  5.743500E-04  7.808789E-04  2.258484E-06  6.530747E-07  8.502635E-07  1.735020E-07
 3.591500E+02  8.790800E-02  8.049077E-06  8.972136E-11  1.203896E-10  1.345910E-10  1.638553E-10  3.987068E-01  2.785581E-04  2.600110E-07  4.858629E-01  1.715509E-03  7.908092E-06  1.402326E-06  6.864719E-04  2.479415E-08  1.008157E-07  4.525489E-09  2.348030E-02  1.329370E-06  1.861070E-08  1.544105E-08  5.673001E-04  7.713019E-04  2.162300E-06  6.250115E-07  8.139413E-07  1.673982E-07
 3.601500E+02  8.803224E-02  7.998664E-06  8.787133E-11  1.179300E-10  1.318468E-10  1.605440E-10  3.987228E-01  2.750106E-04  2.487537E-07  4.860124E-01  1.694588E-03  7.573669E-06  1.373857E-06  6.781033E-04  2.390168E-08  9.737286E-08  4.404508E-09  2.324031E-02  1.285183E-06  1.818606E-08  1.508118E-08  5.603801E-04  7.619016E-04  2.070740E-06  5.983111E-07  7.793742E-07  1.615425E-07
 3.611500E+02  8.815457E-02  7.948723E-06  8.606815E-11  1.155322E-10  1.291714E-10  1.573151E-10  3.987385E-01  2.715311E-04  2.380478E-07  4.861596E-01  1.674045E-03  7.255188E-06  1.346139E-06  6.698822E-04  2.304629E-08  9.406687E-08  4.287406E-09  2.300402E-02  1.242702E-06  1.777332E-08  1.473158E-08  5.535873E-04  7.526739E-04  1.983559E-06  5.729004E-07  7.464685E-07  1.559236E-07
 3.621500E+02  8.827501E-02  7.899252E-06  8.431049E-11  1.131944E-10  1.265630E-10  1.541664E-10  3.987539E-01  2.681179E-04  2.278632E-07  4.863044E-01  1.653871E-03  6.951811E-06  1.319148E-06  6.618053E-04  2.222627E-08  9.089164E-08  4.174043E-09  2.277135E-02  1.201852E-06  1.737210E-08  1.439190E-08  5.469185E-04  7.436150E-04  1.900526E-06  5.487105E-07  7.151358E-07  1.505307E-07
 3.631500E+02  8.839360E-02  7.850251E-06  8.259708E-11  1.109150E-10  1.240196E-10  1.510957E-10  3.987690E-01  2.647695E-04  2.181720E-07  4.864469E-01  1.634057E-03  6.662747E-06  1.292862E-06  6.538698E-04  2.143998E-08  8.784135E-08  4.064281E-09  2.254224E-02  1.162565E-06  1.698203E-08  1.406182E-08  5.403710E-04  7.347209E-04  1.821423E-06  5.256764E-07  6.852928E-07  1.453537E-07
 3.641500E+02  8.851037E-02  7.801715E-06  8.092664E-11  1.086924E-10  1.215394E-10  1.481007E-10  3.987838E-01  2.614843E-04  2.089476E-07  4.865871E-01  1.614597E-03  6.387251E-06  1.267259E-06  6.460726E-04  2.068587E-08  8.491047E-08  3.957992E-09  2.231662E-02  1.124772E-06  1.660276E-08  1.374105E-08  5.339420E-04  7.259878E-04  1.746043E-06  5.037371E-07  6.568611E-07  1.403829E-07
 3.651500E+02  8.862536E-02  7.753644E-06  7.929797E-11  1.065249E-10  1.191206E-10  1.451794E-10  3.987984E-01  2.582608E-04  2.001652E-07  4.867251E-01  1.595482E-03  6.124620E-06  1.242318E-06  6.384108E-04  1.996245E-08  8.209374E-08  3.855050E-09  2.209443E-02  1.088410E-06  1.623395E-08  1.342927E-08  5.276289E-04  7.174122E-04  1.674194E-06  4.828350E-07  6.297668E-07  1.356091E-07
 3.661500E+02  8.873860E-02  7.706033E-06  7.770990E-11  1.044111E-10  1.167616E-10  1.423296E-10  3.988127E-01  2.550975E-04  1.918012E-07  4.868610E-01  1.576704E-03  5.874189E-06  1.218018E-06  6.308816E-04  1.926833E-08  7.938615E-08  3.755336E-09  2.187561E-02  1.053418E-06  1.587526E-08  1.312620E-08  5.214290E-04  7.089905E-04  1.605692E-06  4.629158E-07  6.039402E-07  1.310235E-07
 3.671500E+02  8.885011E-02  7.658880E-06  7.616127E-11  1.023493E-10  1.144606E-10  1.395496E-10  3.988267E-01  2.519931E-04  1.838337E-07  4.869947E-01  1.558256E-03  5.635333E-06  1.194340E-06  6.234823E-04  1.860218E-08  7.678294E-08  3.658734E-09  2.166010E-02  1.019738E-06  1.552639E-08  1.283155E-08  5.153397E-04  7.007192E-04  1.540364E-06  4.439282E-07  5.793156E-07  1.266179E-07
 3.681500E+02  8.895994E-02  7.612184E-06  7.465099E-11  1.003382E-10  1.122161E-10  1.368372E-10  3.988405E-01  2.489462E-04  1.762417E-07  4.871264E-01  1.540131E-03  5.407461E-06  1.171266E-06  6.162101E-04  1.796273E-08  7.427957E-08  3.565133E-09  2.144784E-02  9.873151E-07  1.518701E-08  1.254508E-08  5.093587E-04  6.925949E-04  1.478048E-06  4.258240E-07  5.558309E-07  1.223843E-07
 3.691500E+02  8.906811E-02  7.565940E-06  7.317797E-11  9.837640E-11  1.100265E-10  1.341907E-10  3.988541E-01  2.459553E-04  1.690057E-07  4.872560E-01  1.522323E-03  5.190013E-06  1.148776E-06  6.090624E-04  1.734879E-08  7.187172E-08  3.474428E-09  2.123878E-02  9.560960E-07  1.485684E-08  1.226650E-08  5.034835E-04  6.846144E-04  1.418590E-06  4.085577E-07  5.334276E-07  1.183152E-07
 3.701500E+02  8.917464E-02  7.520145E-06  7.174119E-11  9.646246E-11  1.078902E-10  1.316082E-10  3.988674E-01  2.430193E-04  1.621070E-07  4.873835E-01  1.504823E-03  4.982463E-06  1.126853E-06  6.020367E-04  1.675921E-08  6.955530E-08  3.386516E-09  2.103285E-02  9.260305E-07  1.453559E-08  1.199558E-08  4.977118E-04  6.767745E-04  1.361845E-06  3.920863E-07  5.120504E-07  1.144033E-07
 3.711500E+02  8.927958E-02  7.474797E-06  7.033961E-11  9.459508E-11  1.058058E-10  1.290880E-10  3.988805E-01  2.401369E-04  1.555284E-07  4.875091E-01  1.487626E-03  4.784312E-06  1.105481E-06  5.951304E-04  1.619291E-08  6.732636E-08  3.301299E-09  2.083000E-02  8.970707E-07  1.422298E-08  1.173206E-08  4.920412E-04  6.690721E-04  1.307676E-06  3.763691E-07  4.916473E-07  1.106419E-07
 3.721500E+02  8.938294E-02  7.429893E-06  6.897228E-11  9.277297E-11  1.037719E-10  1.266284E-10  3.988933E-01  2.373067E-04  1.492533E-07  4.876328E-01  1.470724E-03  4.595089E-06  1.084642E-06  5.883410E-04  1.564885E-08  6.518120E-08  3.218682E-09  2.063017E-02  8.691708E-07  1.391874E-08  1.147573E-08  4.864696E-04  6.615041E-04  1.255952E-06  3.613679E-07  4.721689E-07  1.070245E-07
 3.731500E+02  8.948476E-02  7.385429E-06  6.763822E-11  9.099490E-11  1.017870E-10  1.242276E-10  3.989059E-01  2.345277E-04  1.432661E-07  4.877545E-01  1.454112E-03  4.414349E-06  1.064321E-06  5.816663E-04  1.512605E-08  6.311625E-08  3.138575E-09  2.043331E-02  8.422871E-07  1.362262E-08  1.122635E-08  4.809948E-04  6.540677E-04  1.206553E-06  3.470464E-07  4.535688E-07  1.035449E-07
