#         T/K            c1          c2-1          c3-4          c3-5          c3-7          c3-9            m1          m2-1          m3-1          c1m1        c1m2-1        c1m2-7        c2m1-1
 2.731500E+02  1.924017E-01  1.152787E-04  1.828717E-08  2.400235E-08  2.670452E-08  3.184182E-08  7.872573E-01  4.905172E-03  3.298763E-04  1.491342E-02  1.766283E-05  5.795734E-05  1.440988E-06
 2.741500E+02  1.925859E-01  1.134367E-04  1.748248E-08  2.295394E-08  2.553999E-08  3.046286E-08  7.875789E-01  4.792422E-03  3.049711E-04  1.455206E-02  1.650261E-05  5.432568E-05  1.365457E-06
 2.751500E+02  1.927643E-01  1.116355E-04  1.671857E-08  2.195834E-08  2.443403E-08  2.915285E-08  7.878892E-01  4.683072E-03  2.821106E-04  1.420194E-02  1.542637E-05  5.094610E-05  1.294398E-06
 2.761500E+02  1.929371E-01  1.098742E-04  1.599317E-08  2.101260E-08  2.338338E-08  2.790797E-08  7.881887E-01  4.577003E-03  2.611145E-04  1.386265E-02  1.442752E-05  4.779954E-05  1.227520E-06
 2.771500E+02  1.931046E-01  1.081519E-04  1.530412E-08  2.011395E-08  2.238497E-08  2.672461E-08  7.884779E-01  4.474099E-03  2.418193E-04  1.353382E-02  1.350003E-05  4.486855E-05  1.164553E-06
 2.781500E+02  1.932669E-01  1.064675E-04  1.464939E-08  1.925978E-08  2.143591E-08  2.559941E-08  7.887573E-01  4.374248E-03  2.240770E-04  1.321506E-02  1.263836E-05  4.213702E-05  1.105244E-06
 2.791500E+02  1.934242E-01  1.048202E-04  1.402709E-08  1.844764E-08  2.053348E-08  2.452917E-08  7.890273E-01  4.277343E-03  2.077530E-04  1.290602E-02  1.183745E-05  3.959018E-05  1.049360E-06
 2.801500E+02  1.935768E-01  1.032090E-04  1.343542E-08  1.767524E-08  1.967515E-08  2.351091E-08  7.892883E-01  4.183282E-03  1.927253E-04  1.260635E-02  1.109264E-05  3.721442E-05  9.966820E-07
 2.811500E+02  1.937247E-01  1.016331E-04  1.287271E-08  1.694040E-08  1.885850E-08  2.254181E-08  7.895407E-01  4.091965E-03  1.788832E-04  1.231572E-02  1.039966E-05  3.499720E-05  9.470074E-07
 2.821500E+02  1.938681E-01  1.000915E-04  1.233738E-08  1.624109E-08  1.808128E-08  2.161923E-08  7.897849E-01  4.003299E-03  1.661258E-04  1.203381E-02  9.754587E-06  3.292698E-05  9.001469E-07
 2.831500E+02  1.940072E-01  9.858339E-05  1.182794E-08  1.557540E-08  1.734136E-08  2.074067E-08  7.900212E-01  3.917190E-03  1.543616E-04  1.176032E-02  9.153823E-06  3.099312E-05  8.559245E-07
 2.841500E+02  1.941422E-01  9.710799E-05  1.134300E-08  1.494151E-08  1.663675E-08  1.990379E-08  7.902500E-01  3.833553E-03  1.435073E-04  1.149495E-02  8.594056E-06  2.918581E-05  8.141759E-07
 2.851500E+02  1.942732E-01  9.566446E-05  1.088124E-08  1.433773E-08  1.596556E-08  1.910637E-08  7.904715E-01  3.752301E-03  1.334869E-04  1.123742E-02  8.072238E-06  2.749600E-05  7.747481E-07
 2.861500E+02  1.944003E-01  9.425203E-05  1.044141E-08  1.376245E-08  1.532602E-08  1.834633E-08  7.906861E-01  3.673355E-03  1.242314E-04  1.098745E-02  7.585568E-06  2.591535E-05  7.374981E-07
 2.871500E+02  1.945237E-01  9.286990E-05  1.002235E-08  1.321418E-08  1.471645E-08  1.762170E-08  7.908940E-01  3.596636E-03  1.156778E-04  1.074478E-02  7.131466E-06  2.443612E-05  7.022927E-07
 2.881500E+02  1.946435E-01  9.151734E-05  9.622973E-09  1.269149E-08  1.413527E-08  1.693064E-08  7.910955E-01  3.522068E-03  1.077685E-04  1.050917E-02  6.707555E-06  2.305122E-05  6.690074E-07
 2.891500E+02  1.947598E-01  9.019361E-05  9.242228E-09  1.219303E-08  1.358102E-08  1.627139E-08  7.912909E-01  3.449580E-03  1.004512E-04  1.028037E-02  6.311647E-06  2.175404E-05  6.375262E-07
 2.901500E+02  1.948727E-01  8.889800E-05  8.879144E-09  1.171755E-08  1.305228E-08  1.564232E-08  7.914803E-01  3.379102E-03  9.367805E-05  1.005815E-02  5.941722E-06  2.053850E-05  6.077404E-07
 2.911500E+02  1.949825E-01  8.762980E-05  8.532801E-09  1.126387E-08  1.254773E-08  1.504187E-08  7.916640E-01  3.310568E-03  8.740527E-05  9.842283E-03  5.595920E-06  1.939897E-05  5.795487E-07
 2.921500E+02  1.950891E-01  8.638835E-05  8.202332E-09  1.083084E-08  1.206614E-08  1.446857E-08  7.918423E-01  3.243912E-03  8.159291E-05  9.632555E-03  5.272521E-06  1.833024E-05  5.528562E-07
 2.931500E+02  1.951926E-01  8.517298E-05  7.886917E-09  1.041742E-08  1.160632E-08  1.392104E-08  7.920153E-01  3.179074E-03  7.620442E-05  9.428760E-03  4.969941E-06  1.732749E-05  5.275742E-07
 2.941500E+02  1.952933E-01  8.398304E-05  7.585785E-09  1.002261E-08  1.116716E-08  1.339798E-08  7.921832E-01  3.115993E-03  7.120637E-05  9.230697E-03  4.686713E-06  1.638623E-05  5.036199E-07
 2.951500E+02  1.953911E-01  8.281791E-05  7.298207E-09  9.645456E-09  1.074762E-08  1.289815E-08  7.923463E-01  3.054612E-03  6.656814E-05  9.038176E-03  4.421484E-06  1.550234E-05  4.809155E-07
 2.961500E+02  1.954862E-01  8.167698E-05  7.023495E-09  9.285073E-09  1.034671E-08  1.242038E-08  7.925046E-01  2.994876E-03  6.226169E-05  8.851013E-03  4.173004E-06  1.467198E-05  4.593885E-07
 2.971500E+02  1.955787E-01  8.055965E-05  6.761000E-09  8.940619E-09  9.963497E-09  1.196359E-08  7.926585E-01  2.936732E-03  5.826131E-05  8.669029E-03  3.940113E-06  1.389157E-05  4.389708E-07
 2.981500E+02  1.956686E-01  7.946534E-05  6.510107E-09  8.611296E-09  9.597096E-09  1.152671E-08  7.928079E-01  2.880128E-03  5.454343E-05  8.492054E-03  3.721741E-06  1.315781E-05  4.195986E-07
 2.991500E+02  1.957560E-01  7.839350E-05  6.270238E-09  8.296355E-09  9.246672E-09  1.110878E-08  7.929531E-01  2.825016E-03  5.108645E-05  8.319923E-03  3.516897E-06  1.246765E-05  4.012121E-07
 3.001500E+02  1.958411E-01  7.734356E-05  6.040844E-09  7.995083E-09  8.911438E-09  1.070887E-08  7.930943E-01  2.771347E-03  4.787050E-05  8.152478E-03  3.324662E-06  1.181822E-05  3.837554E-07
 3.011500E+02  1.959238E-01  7.631499E-05  5.821408E-09  7.706809E-09  8.590648E-09  1.032608E-08  7.932316E-01  2.719076E-03  4.487737E-05  7.989567E-03  3.144184E-06  1.120688E-05  3.671760E-07
 3.021500E+02  1.960044E-01  7.530728E-05  5.611440E-09  7.430898E-09  8.283596E-09  9.959592E-09  7.933650E-01  2.668159E-03  4.209031E-05  7.831042E-03  2.974676E-06  1.063117E-05  3.514244E-07
 3.031500E+02  1.960827E-01  7.431991E-05  5.410478E-09  7.166748E-09  7.989615E-09  9.608617E-09  7.934949E-01  2.618554E-03  3.949392E-05  7.676763E-03  2.815405E-06  1.008881E-05  3.364546E-07
 3.041500E+02  1.961590E-01  7.335240E-05  5.218082E-09  6.913791E-09  7.708073E-09  9.272408E-09  7.936211E-01  2.570218E-03  3.707404E-05  7.526593E-03  2.665693E-06  9.577651E-06  3.222231E-07
 3.051500E+02  1.962333E-01  7.240426E-05  5.033839E-09  6.671486E-09  7.438373E-09  8.950259E-09  7.937440E-01  2.523114E-03  3.481764E-05  7.380400E-03  2.524910E-06  9.095728E-06  3.086890E-07
 3.061500E+02  1.963056E-01  7.147502E-05  4.857356E-09  6.439326E-09  7.179949E-09  8.641501E-09  7.938636E-01  2.477202E-03  3.271273E-05  7.238058E-03  2.392470E-06  8.641192E-06  2.958142E-07
 3.071500E+02  1.963760E-01  7.056422E-05  4.688261E-09  6.216826E-09  6.932263E-09  8.345501E-09  7.939800E-01  2.432446E-03  3.074824E-05  7.099446E-03  2.267830E-06  8.212326E-06  2.835626E-07
 3.081500E+02  1.964446E-01  6.967144E-05  4.526204E-09  6.003529E-09  6.694808E-09  8.061658E-09  7.940933E-01  2.388811E-03  2.891400E-05  6.964445E-03  2.150485E-06  7.807528E-06  2.719004E-07
 3.091500E+02  1.965114E-01  6.879622E-05  4.370850E-09  5.799001E-09  6.467104E-09  7.789403E-09  7.942037E-01  2.346263E-03  2.720062E-05  6.832943E-03  2.039965E-06  7.425306E-06  2.607957E-07
 3.101500E+02  1.965765E-01  6.793816E-05  4.221883E-09  5.602833E-09  6.248692E-09  7.528197E-09  7.943111E-01  2.304768E-03  2.559943E-05  6.704829E-03  1.935833E-06  7.064269E-06  2.502186E-07
 3.111500E+02  1.966399E-01  6.709685E-05  4.079005E-09  5.414633E-09  6.039142E-09  7.277527E-09  7.944158E-01  2.264294E-03  2.410245E-05  6.580000E-03  1.837683E-06  6.723117E-06  2.401410E-07
 3.121500E+02  1.967017E-01  6.627188E-05  3.941932E-09  5.234033E-09  5.838042E-09  7.036908E-09  7.945178E-01  2.224812E-03  2.270228E-05  6.458353E-03  1.745137E-06  6.400640E-06  2.305364E-07
 3.131500E+02  1.967619E-01  6.546287E-05  3.810394E-09  5.060682E-09  5.645003E-09  6.805880E-09  7.946172E-01  2.186291E-03  2.139212E-05  6.339790E-03  1.657841E-06  6.095707E-06  2.213798E-07
 3.141500E+02  1.968206E-01  6.466944E-05  3.684136E-09  4.894248E-09  5.459657E-09  6.584006E-09  7.947140E-01  2.148703E-03  2.016566E-05  6.224216E-03  1.575468E-06  5.807260E-06  2.126476E-07
 3.151500E+02  1.968778E-01  6.389122E-05  3.562916E-09  4.734415E-09  5.281651E-09  6.370870E-09  7.948084E-01  2.112020E-03  1.901707E-05  6.111542E-03  1.497711E-06  5.534313E-06  2.043177E-07
 3.161500E+02  1.969336E-01  6.312787E-05  3.446504E-09  4.580883E-09  5.110655E-09  6.166078E-09  7.949005E-01  2.076216E-03  1.794096E-05  6.001678E-03  1.424285E-06  5.275942E-06  1.963693E-07
 3.171500E+02  1.969881E-01  6.237902E-05  3.334682E-09  4.433369E-09  4.946351E-09  5.969256E-09  7.949902E-01  2.041264E-03  1.693236E-05  5.894539E-03  1.354923E-06  5.031284E-06  1.887827E-07
 3.181500E+02  1.970412E-01  6.164434E-05  3.227243E-09  4.291601E-09  4.788440E-09  5.780049E-09  7.950777E-01  2.007140E-03  1.598663E-05  5.790044E-03  1.289378E-06  4.799533E-06  1.815393E-07
 3.191500E+02  1.970929E-01  6.092351E-05  3.123990E-09  4.155324E-09  4.636636E-09  5.598118E-09  7.951631E-01  1.973821E-03  1.509951E-05  5.688114E-03  1.227417E-06  4.579934E-06  1.746215E-07
 3.201500E+02  1.971435E-01  6.021619E-05  3.024736E-09  4.024293E-09  4.490668E-09  5.423142E-09  7.952464E-01  1.941281E-03  1.426703E-05  5.588671E-03  1.168824E-06  4.371778E-06  1.680129E-07
 3.211500E+02  1.971928E-01  5.952208E-05  2.929303E-09  3.898276E-09  4.350280E-09  5.254816E-09  7.953276E-01  1.909500E-03  1.348551E-05  5.491643E-03  1.113396E-06  4.174404E-06  1.616978E-07
 3.221500E+02  1.972409E-01  5.884088E-05  2.837523E-09  3.777054E-09  4.215225E-09  5.092848E-09  7.954069E-01  1.878456E-03  1.275156E-05  5.396958E-03  1.060945E-06  3.987192E-06  1.556616E-07
 3.231500E+02  1.972878E-01  5.817228E-05  2.749235E-09  3.660416E-09  4.085271E-09  4.936964E-09  7.954843E-01  1.848127E-03  1.206200E-05  5.304547E-03  1.011293E-06  3.809559E-06  1.498902E-07
 3.241500E+02  1.973337E-01  5.751600E-05  2.664286E-09  3.548163E-09  3.960196E-09  4.786899E-09  7.955598E-01  1.818493E-03  1.141390E-05  5.214344E-03  9.642759E-07  3.640962E-06  1.443706E-07
 3.251500E+02  1.973784E-01  5.687176E-05  2.582531E-09  3.440106E-09  3.839790E-09  4.642405E-09  7.956335E-01  1.789535E-03  1.080455E-05  5.126284E-03  9.197378E-07  3.480889E-06  1.390904E-07
 3.261500E+02  1.974221E-01  5.623928E-05  2.503832E-09  3.336063E-09  3.723852E-09  4.503241E-09  7.957055E-01  1.761234E-03  1.023139E-05  5.040306E-03  8.775344E-07  3.328860E-06  1.340377E-07
 3.271500E+02  1.974648E-01  5.561830E-05  2.428057E-09  3.235864E-09  3.612190E-09  4.369183E-09  7.957758E-01  1.733571E-03  9.692093E-06  4.956349E-03  8.375300E-07  3.184426E-06  1.292015E-07
 3.281500E+02  1.975064E-01  5.500855E-05  2.355082E-09  3.139344E-09  3.504624E-09  4.240012E-09  7.958445E-01  1.706529E-03  9.184458E-06  4.874355E-03  7.995976E-07  3.047165E-06  1.245712E-07
 3.291500E+02  1.975471E-01  5.440980E-05  2.284786E-09  3.046348E-09  3.400979E-09  4.115525E-09  7.959116E-01  1.680090E-03  8.706453E-06  4.794268E-03  7.636183E-07  2.916678E-06  1.201370E-07
 3.301500E+02  1.975869E-01  5.382178E-05  2.217058E-09  2.956726E-09  3.301091E-09  3.995525E-09  7.959771E-01  1.654238E-03  8.256184E-06  4.716035E-03  7.294806E-07  2.792595E-06  1.158893E-07
 3.311500E+02  1.976257E-01  5.324425E-05  2.151787E-09  2.870339E-09  3.204802E-09  3.879824E-09  7.960411E-01  1.628957E-03  7.831890E-06  4.639602E-03  6.970797E-07  2.674563E-06  1.118194E-07
 3.321500E+02  1.976637E-01  5.267700E-05  2.088872E-09  2.787050E-09  3.111963E-09  3.768245E-09  7.961037E-01  1.604231E-03  7.431928E-06  4.564919E-03  6.663177E-07  2.562255E-06  1.079187E-07
 3.331500E+02  1.977008E-01  5.211978E-05  2.028214E-09  2.706732E-09  3.022431E-09  3.660617E-09  7.961648E-01  1.580045E-03  7.054769E-06  4.491936E-03  6.371024E-07  2.455361E-06  1.041792E-07
 3.341500E+02  1.977371E-01  5.157238E-05  1.969720E-09  2.629261E-09  2.936069E-09  3.556780E-09  7.962246E-01  1.556385E-03  6.698988E-06  4.420607E-03  6.093475E-07  2.353589E-06  1.005934E-07
 3.351500E+02  1.977725E-01  5.103458E-05  1.913300E-09  2.554522E-09  2.852747E-09  3.456577E-09  7.962830E-01  1.533236E-03  6.363257E-06  4.350886E-03  5.829718E-07  2.256665E-06  9.715417E-08
 3.361500E+02  1.978071E-01  5.050616E-05  1.858870E-09  2.482402E-09  2.772342E-09  3.359862E-09  7.963402E-01  1.510586E-03  6.046335E-06  4.282727E-03  5.578992E-07  2.164332E-06  9.385459E-08
 3.371500E+02  1.978410E-01  4.998693E-05  1.806347E-09  2.412795E-09  2.694735E-09  3.266494E-09  7.963960E-01  1.488419E-03  5.747066E-06  4.216089E-03  5.340580E-07  2.076346E-06  9.068823E-08
 3.381500E+02  1.978742E-01  4.947669E-05  1.755655E-09  2.345599E-09  2.619813E-09  3.176338E-09  7.964506E-01  1.466725E-03  5.464372E-06  4.150929E-03  5.113810E-07  1.992478E-06  8.764898E-08
 3.391500E+02  1.979066E-01  4.897523E-05  1.706719E-09  2.280718E-09  2.547469E-09  3.089266E-09  7.965041E-01  1.445490E-03  5.197243E-06  4.087206E-03  4.898048E-07  1.912513E-06  8.473101E-08
 3.401500E+02  1.979382E-01  4.848238E-05  1.659470E-09  2.218059E-09  2.477599E-09  3.005156E-09  7.965563E-01  1.424701E-03  4.944740E-06  4.024883E-03  4.692701E-07  1.836248E-06  8.192882E-08
 3.411500E+02  1.979692E-01  4.799794E-05  1.613839E-09  2.157534E-09  2.410105E-09  2.923891E-09  7.966075E-01  1.404349E-03  4.705981E-06  3.963921E-03  4.497207E-07  1.763491E-06  7.923717E-08
 3.421500E+02  1.979996E-01  4.752173E-05  1.569762E-09  2.099059E-09  2.344894E-09  2.845357E-09  7.966575E-01  1.384421E-03  4.480146E-06  3.904284E-03  4.311040E-07  1.694062E-06  7.665107E-08
 3.431500E+02  1.980292E-01  4.705358E-05  1.527178E-09  2.042551E-09  2.281875E-09  2.769450E-09  7.967065E-01  1.364905E-03  4.266464E-06  3.845936E-03  4.133704E-07  1.627789E-06  7.416581E-08
 3.441500E+02  1.980583E-01  4.659331E-05  1.486028E-09  1.987936E-09  2.220963E-09  2.696066E-09  7.967544E-01  1.345793E-03  4.064216E-06  3.788842E-03  3.964732E-07  1.564513E-06  7.177690E-08
 3.451500E+02  1.980867E-01  4.614077E-05  1.446255E-09  1.935138E-09  2.162075E-09  2.625107E-09  7.968013E-01  1.327073E-03  3.872730E-06  3.732971E-03  3.803684E-07  1.504081E-06  6.948006E-08
 3.461500E+02  1.981145E-01  4.569578E-05  1.407807E-09  1.884087E-09  2.105134E-09  2.556481E-09  7.968472E-01  1.308735E-03  3.691375E-06  3.678288E-03  3.650145E-07  1.446349E-06  6.727125E-08
 3.471500E+02  1.981417E-01  4.525819E-05  1.370631E-09  1.834717E-09  2.050065E-09  2.490098E-09  7.968921E-01  1.290769E-03  3.519562E-06  3.624764E-03  3.503724E-07  1.391184E-06  6.514660E-08
 3.481500E+02  1.981684E-01  4.482784E-05  1.334679E-09  1.786962E-09  1.996795E-09  2.425872E-09  7.969362E-01  1.273167E-03  3.356737E-06  3.572367E-03  3.364053E-07  1.338455E-06  6.310244E-08
 3.491500E+02  1.981945E-01  4.440458E-05  1.299904E-09  1.740761E-09  1.945256E-09  2.363721E-09  7.969792E-01  1.255919E-03  3.202382E-06  3.521069E-03  3.230784E-07  1.288044E-06  6.113529E-08
 3.501500E+02  1.982200E-01  4.398827E-05  1.266261E-09  1.696054E-09  1.895383E-09  2.303567E-09  7.970215E-01  1.239016E-03  3.056012E-06  3.470841E-03  3.103589E-07  1.239835E-06  5.924182E-08
 3.511500E+02  1.982451E-01  4.357875E-05  1.233707E-09  1.652786E-09  1.847112E-09  2.245336E-09  7.970628E-01  1.222449E-03  2.917172E-06  3.421655E-03  2.982159E-07  1.193719E-06  5.741887E-08
 3.521500E+02  1.982696E-01  4.317589E-05  1.202200E-09  1.610903E-09  1.800383E-09  2.188954E-09  7.971033E-01  1.206211E-03  2.785435E-06  3.373484E-03  2.866201E-07  1.149596E-06  5.566343E-08
 3.531500E+02  1.982936E-01  4.277956E-05  1.171701E-09  1.570352E-09  1.755139E-09  2.134355E-09  7.971430E-01  1.190293E-03  2.660400E-06  3.326303E-03  2.755440E-07  1.107368E-06  5.397263E-08
 3.541500E+02  1.983171E-01  4.238961E-05  1.142174E-09  1.531084E-09  1.711325E-09  2.081470E-09  7.971818E-01  1.174686E-03  2.541690E-06  3.280087E-03  2.649614E-07  1.066944E-06  5.234374E-08
 3.551500E+02  1.983401E-01  4.200592E-05  1.113580E-09  1.493051E-09  1.668888E-09  2.030239E-09  7.972199E-01  1.159385E-03  2.428954E-06  3.234810E-03  2.548478E-07  1.028237E-06  5.077417E-08
 3.561500E+02  1.983627E-01  4.162836E-05  1.085887E-09  1.456208E-09  1.627777E-09  1.980599E-09  7.972572E-01  1.144380E-03  2.321858E-06  3.190450E-03  2.451799E-07  9.911640E-07  4.926142E-08
 3.571500E+02  1.983848E-01  4.125681E-05  1.059060E-09  1.420512E-09  1.587943E-09  1.932493E-09  7.972938E-01  1.129666E-03  2.220091E-06  3.146983E-03  2.359356E-07  9.556485E-07  4.780313E-08
 3.581500E+02  1.984065E-01  4.089115E-05  1.033069E-09  1.385920E-09  1.549340E-09  1.885865E-09  7.973297E-01  1.115234E-03  2.123361E-06  3.104387E-03  2.270942E-07  9.216164E-07  4.639706E-08
 3.591500E+02  1.984277E-01  4.053125E-05  1.007882E-09  1.352393E-09  1.511923E-09  1.840663E-09  7.973648E-01  1.101079E-03  2.031391E-06  3.062640E-03  2.186360E-07  8.889979E-07  4.504106E-08
 3.601500E+02  1.984486E-01  4.017700E-05  9.834699E-10  1.319891E-09  1.475651E-09  1.796834E-09  7.973993E-01  1.087193E-03  1.943924E-06  3.021722E-03  2.105423E-07  8.577267E-07  4.373306E-08
 3.611500E+02  1.984690E-01  3.982829E-05  9.598055E-10  1.288379E-09  1.440480E-09  1.754330E-09  7.974331E-01  1.073570E-03  1.860714E-06  2.981611E-03  2.027955E-07  8.277401E-07  4.247112E-08
 3.621500E+02  1.984890E-01  3.948501E-05  9.368616E-10  1.257821E-09  1.406373E-09  1.713104E-09  7.974662E-01  1.060204E-03  1.781534E-06  2.942288E-03  1.953790E-07  7.989785E-07  4.125336E-08
 3.631500E+02  1.985086E-01  3.914705E-05  9.146125E-10  1.228182E-09  1.373291E-09  1.673110E-09  7.974987E-01  1.047089E-03  1.706167E-06  2.903734E-03  1.882768E-07  7.713855E-07  4.007801E-08
 3.641500E+02  1.985279E-01  3.881431E-05  8.930333E-10  1.199431E-09  1.341199E-09  1.634306E-09  7.975306E-01  1.034218E-03  1.634410E-06  2.865930E-03  1.814742E-07  7.449074E-07  3.894337E-08
 3.651500E+02  1.985468E-01  3.848668E-05  8.721005E-10  1.171536E-09  1.310061E-09  1.596649E-09  7.975618E-01  1.021587E-03  1.566071E-06  2.828857E-03  1.749567E-07  7.194934E-07  3.784780E-08
 3.661500E+02  1.985653E-01  3.816407E-05  8.517913E-10  1.144467E-09  1.279843E-09  1.560099E-09  7.975925E-01  1.009189E-03  1.500971E-06  2.792499E-03  1.687111E-07  6.950952E-07  3.678976E-08
 3.671500E+02  1.985834E-01  3.784637E-05  8.320837E-10  1.118196E-09  1.250515E-09  1.524619E-09  7.976226E-01  9.970200E-04  1.438939E-06  2.756838E-03  1.627245E-07  6.716667E-07  3.576776E-08
 3.681500E+02  1.986012E-01  3.753349E-05  8.129569E-10  1.092694E-09  1.222045E-09  1.490171E-09  7.976521E-01  9.850734E-04  1.379815E-06  2.721857E-03  1.569849E-07  6.491645E-07  3.478039E-08
 3.691500E+02  1.986187E-01  3.722534E-05  7.943907E-10  1.067935E-09  1.194403E-09  1.456720E-09  7.976810E-01  9.733445E-04  1.323448E-06  2.687540E-03  1.514808E-07  6.275471E-07  3.382629E-08
 3.701500E+02  1.986359E-01  3.692183E-05  7.763656E-10  1.043893E-09  1.167561E-09  1.424232E-09  7.977095E-01  9.618285E-04  1.269695E-06  2.653871E-03  1.462013E-07  6.067751E-07  3.290416E-08
 3.711500E+02  1.986527E-01  3.662287E-05  7.588632E-10  1.020545E-09  1.141492E-09  1.392674E-09  7.977373E-01  9.505204E-04  1.218422E-06  2.620836E-03  1.411361E-07  5.868111E-07  3.201277E-08
 3.721500E+02  1.986692E-01  3.632836E-05  7.418656E-10  9.978658E-10  1.116170E-09  1.362014E-09  7.977647E-01  9.394154E-04  1.169502E-06  2.588419E-03  1.362754E-07  5.676196E-07  3.115092E-08
 3.731500E+02  1.986854E-01  3.603824E-05  7.253555E-10  9.758335E-10  1.091568E-09  1.332223E-09  7.977916E-01  9.285091E-04  1.122815E-06  2.556606E-03  1.316099E-07  5.491665E-07  3.031750E-08
 3.741500E+02  1.987013E-01  3.575240E-05  7.093165E-10  9.544262E-10  1.067664E-09  1.303271E-09  7.978180E-01  9.177969E-04  1.078248E-06  2.525382E-03  1.271307E-07  5.314198E-07  2.951141E-08
 3.751500E+02  1.987169E-01  3.547078E-05  6.937326E-10  9.336229E-10  1.044433E-09  1.275131E-09  7.978439E-01  9.072746E-04  1.035695E-06  2.494734E-03  1.228296E-07  5.143488E-07  2.873161E-08
 3.761500E+02  1.987323E-01  3.519329E-05  6.785887E-10  9.134035E-10  1.021854E-09  1.247775E-09  7.978693E-01  8.969377E-04  9.950531E-07  2.464649E-03  1.186984E-07  4.979242E-07  2.797711E-08
 3.771500E+02  1.987473E-01  3.491985E-05  6.638700E-10  8.937485E-10  9.999037E-10  1.221177E-09  7.978943E-01  8.867824E-04  9.562281E-07  2.435114E-03  1.147295E-07  4.821183E-07  2.724696E-08
 3.781500E+02  1.987621E-01  3.465040E-05  6.495625E-10  8.746393E-10  9.785625E-10  1.195313E-09  7.979188E-01  8.768044E-04  9.191295E-07  2.406116E-03  1.109159E-07  4.669047E-07  2.654025E-08
 3.791500E+02  1.987766E-01  3.438485E-05  6.356524E-10  8.560580E-10  9.578099E-10  1.170158E-09  7.979429E-01  8.670000E-04  8.836719E-07  2.377643E-03  1.072507E-07  4.522582E-07  2.585610E-08
 3.801500E+02  1.987908E-01  3.412313E-05  6.221268E-10  8.379872E-10  9.376270E-10  1.145690E-09  7.979666E-01  8.573652E-04  8.497746E-07  2.349683E-03  1.037272E-07  4.381546E-07  2.519369E-08
 3.811500E+02  1.988048E-01  3.386518E-05  6.089731E-10  8.204104E-10  9.179949E-10  1.121887E-09  7.979898E-01  8.478965E-04  8.173611E-07  2.322225E-03  1.003394E-07  4.245713E-07  2.455220E-08
 3.821500E+02  1.988186E-01  3.361091E-05  5.961792E-10  8.033115E-10  8.988961E-10  1.098726E-09  7.980126E-01  8.385902E-04  7.863593E-07  2.295256E-03  9.708123E-08  4.114862E-07  2.393087E-08
 3.831500E+02  1.988321E-01  3.336028E-05  5.837333E-10  7.866752E-10  8.803132E-10  1.076187E-09  7.980351E-01  8.294428E-04  7.567007E-07  2.268767E-03  9.394719E-08  3.988787E-07  2.332896E-08
 3.841500E+02  1.988453E-01  3.311320E-05  5.716242E-10  7.704865E-10  8.622297E-10  1.054251E-09  7.980571E-01  8.204508E-04  7.283205E-07  2.242746E-03  9.093190E-08  3.867290E-07  2.274577E-08
 3.851500E+02  1.988584E-01  3.286962E-05  5.598412E-10  7.547311E-10  8.446296E-10  1.032898E-09  7.980788E-01  8.116109E-04  7.011573E-07  2.217184E-03  8.803027E-08  3.750180E-07  2.218062E-08
 3.861500E+02  1.988712E-01  3.262947E-05  5.483738E-10  7.393953E-10  8.274977E-10  1.012110E-09  7.981001E-01  8.029199E-04  6.751529E-07  2.192069E-03  8.523744E-08  3.637279E-07  2.163287E-08
 3.871500E+02  1.988837E-01  3.239268E-05  5.372120E-10  7.244658E-10  8.108190E-10  9.918684E-10  7.981210E-01  7.943746E-04  6.502523E-07  2.167392E-03  8.254879E-08  3.528412E-07  2.110188E-08
 3.881500E+02  1.988961E-01  3.215921E-05  5.263460E-10  7.099298E-10  7.945794E-10  9.721570E-10  7.981415E-01  7.859719E-04  6.264032E-07  2.143144E-03  7.995991E-08  3.423417E-07  2.058706E-08
 3.891500E+02  1.989083E-01  3.192898E-05  5.157667E-10  6.957749E-10  7.787650E-10  9.529589E-10  7.981618E-01  7.777088E-04  6.035561E-07  2.119314E-03  7.746662E-08  3.322136E-07  2.008783E-08
 3.901500E+02  1.989202E-01  3.170195E-05  5.054648E-10  6.819892E-10  7.633627E-10  9.342583E-10  7.981816E-01  7.695824E-04  5.816640E-07  2.095895E-03  7.506491E-08  3.224419E-07  1.960365E-08
 3.911500E+02  1.989319E-01  3.147805E-05  4.954319E-10  6.685613E-10  7.483596E-10  9.160396E-10  7.982011E-01  7.615897E-04  5.606825E-07  2.072877E-03  7.275096E-08  3.130124E-07  1.913399E-08
 3.921500E+02  1.989435E-01  3.125724E-05  4.856596E-10  6.554801E-10  7.337433E-10  8.982882E-10  7.982203E-01  7.537281E-04  5.405691E-07  2.050251E-03  7.052113E-08  3.039113E-07  1.867834E-08
 3.931500E+02  1.989548E-01  3.103944E-05  4.761397E-10  6.427349E-10  7.195021E-10  8.809897E-10  7.982392E-01  7.459948E-04  5.212839E-07  2.028010E-03  6.837195E-08  2.951256E-07  1.823621E-08
 3.941500E+02  1.989660E-01  3.082462E-05  4.668645E-10  6.303155E-10  7.056243E-10  8.641303E-10  7.982578E-01  7.383871E-04  5.027886E-07  2.006144E-03  6.630012E-08  2.866428E-07  1.780713E-08
 3.951500E+02  1.989769E-01  3.061272E-05  4.578266E-10  6.182119E-10  6.920990E-10  8.476968E-10  7.982761E-01  7.309024E-04  4.850473E-07  1.984646E-03  6.430246E-08  2.784511E-07  1.739065E-08
 3.961500E+02  1.989877E-01  3.040369E-05  4.490186E-10  6.064144E-10  6.789155E-10  8.316761E-10  7.982940E-01  7.235383E-04  4.680254E-07  1.963507E-03  6.237596E-08  2.705388E-07  1.698634E-08
 3.971500E+02  1.989983E-01  3.019747E-05  4.404336E-10  5.949140E-10  6.660633E-10  8.160560E-10  7.983117E-01  7.162922E-04  4.516905E-07  1.942722E-03  6.051774E-08  2.628953E-07  1.659379E-08
 3.981500E+02  1.990087E-01  2.999403E-05  4.320648E-10  5.837015E-10  6.535327E-10  8.008245E-10  7.983290E-01  7.091618E-04  4.360115E-07  1.922281E-03  5.872504E-08  2.555100E-07  1.621259E-08
 3.991500E+02  1.990190E-01  2.979331E-05  4.239058E-10  5.727685E-10  6.413139E-10  7.859700E-10  7.983461E-01  7.021448E-04  4.209588E-07  1.902177E-03  5.699524E-08  2.483730E-07  1.584236E-08
