#         T/K            c1          c2-1          c3-4          c3-5          c3-7          c3-9            m1          m2-1          m3-1            w1            w2          w3-1          w3-2          c1m1        c1m2-1        c1m2-7        c2m1-1        c1w1-2        c1w2-1        c2w1-1        c2w1-9        m1w1-1        m1w1-4        m1w2-1        m2w1-1        m2w1-3      c1m1w1-1
 2.731500E+02  2.729204E-02  2.382043E-06  5.504528E-11  7.224826E-11  8.038193E-11  9.584545E-11  1.970891E-01  3.157128E-04  5.458600E-06  7.047009E-01  1.646827E-02  3.914313E-03  5.492200E-05  5.438717E-04  1.656042E-07  5.434001E-07  7.655133E-09  4.482629E-02  5.757559E-05  6.003805E-08  5.271977E-08  1.813300E-03  2.468391E-03  3.608367E-04  3.654024E-05  4.627870E-05  2.963152E-06
 2.741500E+02  2.756520E-02  2.385427E-06  5.401217E-11  7.091629E-11  7.890590E-11  9.411514E-11  1.971611E-01  3.082824E-04  5.041026E-06  7.056692E-01  1.612077E-02  3.631844E-03  5.293897E-05  5.352142E-04  1.559633E-07  5.134226E-07  7.378315E-09  4.429076E-02  5.458486E-05  5.831184E-08  5.115980E-08  1.773708E-03  2.414342E-03  3.344507E-04  3.381316E-05  4.284187E-05  2.798337E-06
 2.751500E+02  2.783571E-02  2.388327E-06  5.299155E-11  6.959963E-11  7.744663E-11  9.240351E-11  1.972304E-01  3.010845E-04  4.658283E-06  7.066009E-01  1.578221E-02  3.371344E-03  5.103816E-05  5.267107E-04  1.469391E-07  4.852711E-07  7.112270E-09  4.376026E-02  5.176268E-05  5.663619E-08  4.964712E-08  1.735228E-03  2.361818E-03  3.101541E-04  3.130733E-05  3.968265E-05  2.643533E-06
 2.761500E+02  2.810353E-02  2.390749E-06  5.198354E-11  6.829847E-11  7.600436E-11  9.071089E-11  1.972971E-01  2.941104E-04  4.307237E-06  7.074983E-01  1.545238E-02  3.131001E-03  4.921598E-05  5.183583E-04  1.384886E-07  4.588239E-07  6.856547E-09  4.323486E-02  4.909900E-05  5.500972E-08  4.818036E-08  1.697825E-03  2.310771E-03  2.877705E-04  2.900349E-05  3.677697E-05  2.498085E-06
 2.771500E+02  2.836862E-02  2.392698E-06  5.098827E-11  6.701303E-11  7.457933E-11  8.903759E-11  1.973614E-01  2.873516E-04  3.985056E-06  7.083634E-01  1.513106E-02  2.909162E-03  4.746901E-05  5.101540E-04  1.305723E-07  4.339686E-07  6.610714E-09  4.271467E-02  4.658436E-05  5.343107E-08  4.675819E-08  1.661465E-03  2.261155E-03  2.671388E-04  2.688414E-05  3.410295E-05  2.361385E-06
 2.781500E+02  2.863096E-02  2.394182E-06  5.000589E-11  6.574351E-11  7.317176E-11  8.738391E-11  1.974234E-01  2.808001E-04  3.689178E-06  7.091979E-01  1.481806E-02  2.704312E-03  4.579395E-05  5.020953E-04  1.231534E-07  4.106004E-07  6.374364E-09  4.219974E-02  4.420992E-05  5.189890E-08  4.537930E-08  1.626118E-03  2.212927E-03  2.481126E-04  2.493341E-05  3.164075E-05  2.232866E-06
 2.791500E+02  2.889051E-02  2.395209E-06  4.903653E-11  6.449011E-11  7.178190E-11  8.575019E-11  1.974832E-01  2.744481E-04  3.417286E-06  7.100037E-01  1.451315E-02  2.515068E-03  4.418763E-05  4.941794E-04  1.161979E-07  3.886223E-07  6.147107E-09  4.169015E-02  4.196735E-05  5.041193E-08  4.404245E-08  1.591751E-03  2.166041E-03  2.305581E-04  2.313687E-05  2.937231E-05  2.112002E-06
 2.801500E+02  2.914725E-02  2.395786E-06  4.808033E-11  6.325305E-11  7.040997E-11  8.413671E-11  1.975410E-01  2.682884E-04  3.167281E-06  7.107823E-01  1.421612E-02  2.340164E-03  4.264703E-05  4.864037E-04  1.096745E-07  3.679441E-07  5.928571E-09  4.118595E-02  3.984886E-05  4.896891E-08  4.274640E-08  1.558333E-03  2.120456E-03  2.143534E-04  2.148142E-05  2.728123E-05  1.998302E-06
 2.811500E+02  2.940116E-02  2.395922E-06  4.713740E-11  6.203250E-11  6.905621E-11  8.254379E-11  1.975968E-01  2.623138E-04  2.937260E-06  7.115351E-01  1.392678E-02  2.178441E-03  4.116923E-05  4.787659E-04  1.035538E-07  3.484821E-07  5.718403E-09  4.068720E-02  3.784712E-05  4.756860E-08  4.148996E-08  1.525835E-03  2.076131E-03  1.993874E-04  1.995514E-05  2.535257E-05  1.891307E-06
 2.821500E+02  2.965222E-02  2.395626E-06  4.620788E-11  6.082866E-11  6.772081E-11  8.097169E-11  1.976507E-01  2.565176E-04  2.725499E-06  7.122636E-01  1.364491E-02  2.028839E-03  3.975147E-05  4.712635E-04  9.780907E-08  3.301582E-07  5.516264E-09  4.019393E-02  3.595528E-05  4.620982E-08  4.027198E-08  1.494227E-03  2.033026E-03  1.855585E-04  1.854716E-05  2.357276E-05  1.790593E-06
 2.831500E+02  2.990041E-02  2.394908E-06  4.529185E-11  5.964170E-11  6.640397E-11  7.942069E-11  1.977028E-01  2.508934E-04  2.530431E-06  7.129689E-01  1.337031E-02  1.890389E-03  3.839109E-05  4.638943E-04  9.241508E-08  3.129000E-07  5.321830E-09  3.970619E-02  3.416689E-05  4.489140E-08  3.909133E-08  1.463483E-03  1.991103E-03  1.727741E-04  1.724762E-05  2.192941E-05  1.695761E-06
 2.841500E+02  3.014573E-02  2.393777E-06  4.438944E-11  5.847175E-11  6.510588E-11  7.789102E-11  1.977532E-01  2.454350E-04  2.350634E-06  7.136523E-01  1.310279E-02  1.762201E-03  3.708553E-05  4.566558E-04  8.734862E-08  2.966400E-07  5.134794E-09  3.922400E-02  3.247589E-05  4.361220E-08  3.794689E-08  1.433575E-03  1.950325E-03  1.609493E-04  1.604751E-05  2.041124E-05  1.606440E-06
 2.851500E+02  3.038817E-02  2.392244E-06  4.350070E-11  5.731898E-11  6.382668E-11  7.638291E-11  1.978020E-01  2.401364E-04  2.184817E-06  7.143149E-01  1.284215E-02  1.643461E-03  3.583239E-05  4.495459E-04  8.258810E-08  2.813151E-07  4.954859E-09  3.874738E-02  3.087662E-05  4.237111E-08  3.683762E-08  1.404477E-03  1.910655E-03  1.500068E-04  1.493865E-05  1.900798E-05  1.522287E-06
 2.861500E+02  3.062771E-02  2.390319E-06  4.262573E-11  5.618348E-11  6.256652E-11  7.489655E-11  1.978492E-01  2.349920E-04  2.031804E-06  7.149576E-01  1.258820E-02  1.533424E-03  3.462933E-05  4.425624E-04  7.811348E-08  2.668670E-07  4.781742E-09  3.827636E-02  2.936373E-05  4.116705E-08  3.576245E-08  1.376163E-03  1.872058E-03  1.398759E-04  1.391353E-05  1.771024E-05  1.442977E-06
 2.871500E+02  3.086436E-02  2.388012E-06  4.176458E-11  5.506537E-11  6.132552E-11  7.343212E-11  1.978949E-01  2.299964E-04  1.890527E-06  7.155814E-01  1.234076E-02  1.431407E-03  3.347415E-05  4.357032E-04  7.390610E-08  2.532409E-07  4.615173E-09  3.781095E-02  2.793224E-05  3.999897E-08  3.472039E-08  1.348609E-03  1.834501E-03  1.304918E-04  1.296535E-05  1.650945E-05  1.368211E-06
 2.881500E+02  3.109811E-02  2.385334E-06  4.091728E-11  5.396473E-11  6.010378E-11  7.198977E-11  1.979392E-01  2.251443E-04  1.760012E-06  7.161872E-01  1.209963E-02  1.336782E-03  3.236473E-05  4.289662E-04  6.994864E-08  2.403858E-07  4.454892E-09  3.735115E-02  2.657742E-05  3.886583E-08  3.371043E-08  1.321791E-03  1.797951E-03  1.217953E-04  1.208787E-05  1.539780E-05  1.297706E-06
 2.891500E+02  3.132897E-02  2.382296E-06  4.008388E-11  5.288163E-11  5.890138E-11  7.056962E-11  1.979821E-01  2.204308E-04  1.639372E-06  7.167759E-01  1.186464E-02  1.248974E-03  3.129906E-05  4.223494E-04  6.622498E-08  2.282543E-07  4.300651E-09  3.689697E-02  2.529488E-05  3.776663E-08  3.273162E-08  1.295686E-03  1.762376E-03  1.137320E-04  1.127540E-05  1.436814E-05  1.231201E-06
 2.901500E+02  3.155693E-02  2.378908E-06  3.926439E-11  5.181610E-11  5.771837E-11  6.917177E-11  1.980237E-01  2.158510E-04  1.527798E-06  7.173482E-01  1.163562E-02  1.167457E-03  3.027521E-05  4.158506E-04  6.272014E-08  2.168020E-07  4.152210E-09  3.644841E-02  2.408047E-05  3.670039E-08  3.178302E-08  1.270272E-03  1.727746E-03  1.062524E-04  1.052274E-05  1.341393E-05  1.168450E-06
 2.911500E+02  3.178202E-02  2.375182E-06  3.845881E-11  5.076819E-11  5.655480E-11  6.779629E-11  1.980641E-01  2.114002E-04  1.424553E-06  7.179047E-01  1.141240E-02  1.091745E-03  2.929136E-05  4.094679E-04  5.942013E-08  2.059875E-07  4.009342E-09  3.600545E-02  2.293029E-05  3.566615E-08  3.086371E-08  1.245527E-03  1.694032E-03  9.931089E-05  9.825122E-06  1.252920E-05  1.109224E-06
 2.921500E+02  3.200422E-02  2.371128E-06  3.766714E-11  4.973790E-11  5.541068E-11  6.644324E-11  1.981033E-01  2.070742E-04  1.328964E-06  7.184463E-01  1.119481E-02  1.021395E-03  2.834574E-05  4.031994E-04  5.631197E-08  1.957720E-07  3.871827E-09  3.556809E-02  2.184069E-05  3.466298E-08  2.997282E-08  1.221432E-03  1.661204E-03  9.286570E-05  9.178205E-06  1.170847E-05  1.053310E-06
 2.931500E+02  3.222356E-02  2.366757E-06  3.688934E-11  4.872523E-11  5.428601E-11  6.511264E-11  1.981413E-01  2.028687E-04  1.240417E-06  7.189735E-01  1.098270E-02  9.559975E-04  2.743670E-05  3.970431E-04  5.338353E-08  1.861194E-07  3.739456E-09  3.513631E-02  2.080823E-05  3.368996E-08  2.910947E-08  1.197964E-03  1.629236E-03  8.687856E-05  8.578002E-06  1.094675E-05  1.000506E-06
 2.941500E+02  3.244004E-02  2.362080E-06  3.612538E-11  4.773014E-11  5.318077E-11  6.380449E-11  1.981782E-01  1.987795E-04  1.158348E-06  7.194869E-01  1.077590E-02  8.951772E-04  2.656265E-05  3.909972E-04  5.062353E-08  1.769959E-07  3.612026E-09  3.471010E-02  1.982967E-05  3.274622E-08  2.827282E-08  1.175106E-03  1.598100E-03  8.131432E-05  8.020865E-06  1.023943E-05  9.506250E-07
 2.951500E+02  3.265368E-02  2.357108E-06  3.537522E-11  4.675260E-11  5.209491E-11  6.251876E-11  1.982141E-01  1.948029E-04  1.082245E-06  7.199870E-01  1.057426E-02  8.385891E-04  2.572206E-05  3.850597E-04  4.802143E-08  1.683699E-07  3.489344E-09  3.428943E-02  1.890198E-05  3.183089E-08  2.746206E-08  1.152839E-03  1.567772E-03  7.614072E-05  7.503449E-06  9.582312E-06  9.034924E-07
 2.961500E+02  3.286449E-02  2.351851E-06  3.463879E-11  4.579255E-11  5.102838E-11  6.125542E-11  1.982489E-01  1.909349E-04  1.011637E-06  7.204745E-01  1.037764E-02  7.859158E-04  2.491349E-05  3.792287E-04  4.556742E-08  1.602117E-07  3.371225E-09  3.387427E-02  1.802230E-05  3.094312E-08  2.667639E-08  1.131144E-03  1.538225E-03  7.132814E-05  7.022689E-06  8.971537E-06  8.589439E-07
 2.971500E+02  3.307249E-02  2.346320E-06  3.391603E-11  4.484991E-11  4.998110E-11  6.001440E-11  1.982827E-01  1.871720E-04  9.460941E-07  7.209498E-01  1.018589E-02  7.368653E-04  2.413556E-05  3.735025E-04  4.325232E-08  1.524937E-07  3.257490E-09  3.346461E-02  1.718795E-05  3.008209E-08  2.591503E-08  1.110003E-03  1.509436E-03  6.684933E-05  6.575773E-06  8.403564E-06  8.168258E-07
 2.981500E+02  3.327769E-02  2.340526E-06  3.320683E-11  4.392461E-11  4.895298E-11  5.879561E-11  1.983156E-01  1.835107E-04  8.852226E-07  7.214133E-01  9.998867E-03  6.911686E-04  2.338696E-05  3.678793E-04  4.106760E-08  1.451901E-07  3.147967E-09  3.306041E-02  1.639640E-05  2.924702E-08  2.517725E-08  1.089401E-03  1.481382E-03  6.267927E-05  6.160121E-06  7.875141E-06  7.769944E-07
 2.991500E+02  3.348011E-02  2.334479E-06  3.251113E-11  4.301652E-11  4.794391E-11  5.759895E-11  1.983476E-01  1.799477E-04  8.286609E-07  7.218655E-01  9.816444E-03  6.485783E-04  2.266643E-05  3.623572E-04  3.900525E-08  1.382764E-07  3.042494E-09  3.266164E-02  1.564528E-05  2.843711E-08  2.446229E-08  1.069320E-03  1.454041E-03  5.879492E-05  5.773361E-06  7.383283E-06  7.393149E-07
 3.001500E+02  3.367977E-02  2.328189E-06  3.182880E-11  4.212555E-11  4.695377E-11  5.642429E-11  1.983787E-01  1.764797E-04  7.760781E-07  7.223069E-01  9.638487E-03  6.088663E-04  2.197278E-05  3.569345E-04  3.705783E-08  1.317300E-07  2.940912E-09  3.226825E-02  1.493234E-05  2.765162E-08  2.376946E-08  1.049746E-03  1.427390E-03  5.517510E-05  5.413318E-06  6.925246E-06  7.036612E-07
 3.011500E+02  3.387670E-02  2.321666E-06  3.115974E-11  4.125156E-11  4.598241E-11  5.527150E-11  1.984090E-01  1.731037E-04  7.271702E-07  7.227377E-01  9.464868E-03  5.718223E-04  2.130486E-05  3.516095E-04  3.521835E-08  1.255295E-07  2.843071E-09  3.188022E-02  1.425549E-05  2.688980E-08  2.309806E-08  1.030661E-03  1.401409E-03  5.180031E-05  5.077989E-06  6.498507E-06  6.699150E-07
 3.021500E+02  3.407091E-02  2.314920E-06  3.050383E-11  4.039442E-11  4.502969E-11  5.414042E-11  1.984385E-01  1.698167E-04  6.816583E-07  7.231584E-01  9.295463E-03  5.372527E-04  2.066159E-05  3.463805E-04  3.348031E-08  1.196550E-07  2.748823E-09  3.149750E-02  1.361274E-05  2.615095E-08  2.244742E-08  1.012053E-03  1.376078E-03  4.865256E-05  4.765534E-06  6.100745E-06  6.379654E-07
 3.031500E+02  3.426242E-02  2.307961E-06  2.986094E-11  3.955396E-11  4.409544E-11  5.303086E-11  1.984671E-01  1.666159E-04  6.392865E-07  7.235694E-01  9.130152E-03  5.049787E-04  2.004194E-05  3.412457E-04  3.183760E-08  1.140878E-07  2.658032E-09  3.112006E-02  1.300223E-05  2.543435E-08  2.181689E-08  9.939058E-04  1.351377E-03  4.571532E-05  4.474260E-06  5.729823E-06  6.077085E-07
 3.041500E+02  3.445127E-02  2.300799E-06  2.923093E-11  3.873003E-11  4.317949E-11  5.194266E-11  1.984951E-01  1.634984E-04  5.998191E-07  7.239709E-01  8.968818E-03  4.748353E-04  1.944490E-05  3.362035E-04  3.028454E-08  1.088102E-07  2.570561E-09  3.074784E-02  1.242220E-05  2.473934E-08  2.120585E-08  9.762067E-04  1.327287E-03  4.297332E-05  4.202609E-06  5.383775E-06  5.790467E-07
 3.051500E+02  3.463746E-02  2.293442E-06  2.861365E-11  3.792247E-11  4.228165E-11  5.087560E-11  1.985222E-01  1.604616E-04  5.630400E-07  7.243633E-01  8.811349E-03  4.466702E-04  1.886955E-05  3.312523E-04  2.881578E-08  1.038059E-07  2.486283E-09  3.038080E-02  1.187100E-05  2.406526E-08  2.061367E-08  9.589421E-04  1.303790E-03  4.041249E-05  3.949144E-06  5.060788E-06  5.518885E-07
 3.061500E+02  3.482104E-02  2.285901E-06  2.800897E-11  3.713108E-11  4.140173E-11  4.982948E-11  1.985487E-01  1.575030E-04  5.287500E-07  7.247468E-01  8.657636E-03  4.203429E-04  1.831497E-05  3.263904E-04  2.742634E-08  9.905927E-08  2.405073E-09  3.001890E-02  1.134708E-05  2.341146E-08  2.003975E-08  9.420992E-04  1.280868E-03  3.801983E-05  3.712544E-06  4.759191E-06  5.261481E-07
 3.071500E+02  3.500201E-02  2.278183E-06  2.741671E-11  3.635568E-11  4.053952E-11  4.880407E-11  1.985745E-01  1.546201E-04  4.967659E-07  7.251219E-01  8.507572E-03  3.957235E-04  1.778031E-05  3.216162E-04  2.611155E-08  9.455584E-08  2.326815E-09  2.966209E-02  1.084895E-05  2.277732E-08  1.948353E-08  9.256655E-04  1.258505E-03  3.578336E-05  3.491589E-06  4.477446E-06  5.017449E-07
 3.081500E+02  3.518042E-02  2.270299E-06  2.683674E-11  3.559608E-11  3.969481E-11  4.779913E-11  1.985996E-01  1.518106E-04  4.669190E-07  7.254886E-01  8.361055E-03  3.726918E-04  1.726475E-05  3.169281E-04  2.486702E-08  9.028196E-08  2.251393E-09  2.931032E-02  1.037525E-05  2.216225E-08  1.894444E-08  9.096290E-04  1.236683E-03  3.369202E-05  3.285154E-06  4.214130E-06  4.786032E-07
 3.091500E+02  3.535628E-02  2.262256E-06  2.626887E-11  3.485208E-11  3.886738E-11  4.681442E-11  1.986241E-01  1.490721E-04  4.390540E-07  7.258474E-01  8.217985E-03  3.511368E-04  1.676750E-05  3.123246E-04  2.368866E-08  8.622481E-08  2.178698E-09  2.896353E-02  9.924659E-06  2.156564E-08  1.842194E-08  8.939782E-04  1.215388E-03  3.173556E-05  3.092201E-06  3.967933E-06  4.566518E-07
 3.101500E+02  3.552963E-02  2.254063E-06  2.571293E-11  3.412346E-11  3.805700E-11  4.584969E-11  1.986480E-01  1.464024E-04  4.130275E-07  7.261984E-01  8.078266E-03  3.309558E-04  1.628782E-05  3.078041E-04  2.257263E-08  8.237234E-08  2.108626E-09  2.862168E-02  9.495956E-06  2.098693E-08  1.791550E-08  8.787017E-04  1.194603E-03  2.990454E-05  2.911774E-06  3.737643E-06  4.358241E-07
 3.111500E+02  3.570049E-02  2.245729E-06  2.516877E-11  3.341002E-11  3.726344E-11  4.490467E-11  1.986713E-01  1.437995E-04  3.887076E-07  7.265418E-01  7.941803E-03  3.120539E-04  1.582499E-05  3.033652E-04  2.151532E-08  7.871324E-08  2.041074E-09  2.828472E-02  9.087981E-06  2.042557E-08  1.742460E-08  8.637887E-04  1.174314E-03  2.819022E-05  2.742986E-06  3.522140E-06  4.160573E-07
 3.121500E+02  3.586888E-02  2.237260E-06  2.463619E-11  3.271154E-11  3.648646E-11  4.397911E-11  1.986940E-01  1.412613E-04  3.659723E-07  7.268780E-01  7.808507E-03  2.943428E-04  1.537833E-05  2.990063E-04  2.051336E-08  7.523687E-08  1.975948E-09  2.795258E-02  8.699638E-06  1.988102E-08  1.694876E-08  8.492288E-04  1.154506E-03  2.658450E-05  2.585021E-06  3.320392E-06  3.972923E-07
 3.131500E+02  3.603484E-02  2.228665E-06  2.411503E-11  3.202779E-11  3.572582E-11  4.307272E-11  1.987162E-01  1.387858E-04  3.447091E-07  7.272071E-01  7.678289E-03  2.777413E-04  1.494720E-05  2.947259E-04  1.956357E-08  7.193320E-08  1.913152E-09  2.762522E-02  8.329898E-06  1.935276E-08  1.648749E-08  8.350117E-04  1.135166E-03  2.507991E-05  2.437124E-06  3.131442E-06  3.794738E-07
 3.141500E+02  3.619839E-02  2.219952E-06  2.360510E-11  3.135856E-11  3.498126E-11  4.218523E-11  1.987378E-01  1.363711E-04  3.248142E-07  7.275292E-01  7.551065E-03  2.621738E-04  1.453096E-05  2.905226E-04  1.866299E-08  6.879281E-08  1.852599E-09  2.730259E-02  7.977786E-06  1.884027E-08  1.604033E-08  8.211277E-04  1.116280E-03  2.366951E-05  2.298594E-06  2.954404E-06  3.625495E-07
 3.151500E+02  3.635957E-02  2.211127E-06  2.310621E-11  3.070361E-11  3.425255E-11  4.131634E-11  1.987589E-01  1.340155E-04  3.061915E-07  7.278448E-01  7.426751E-03  2.475702E-04  1.412902E-05  2.863950E-04  1.780883E-08  6.580686E-08  1.794202E-09  2.698462E-02  7.642383E-06  1.834308E-08  1.560682E-08  8.075673E-04  1.097836E-03  2.234689E-05  2.168787E-06  2.788461E-06  3.464704E-07
 3.161500E+02  3.651839E-02  2.202199E-06  2.261819E-11  3.006271E-11  3.353942E-11  4.046579E-11  1.987794E-01  1.317170E-04  2.887524E-07  7.281538E-01  7.305268E-03  2.338657E-04  1.374082E-05  2.823417E-04  1.699846E-08  6.296699E-08  1.737879E-09  2.667127E-02  7.322822E-06  1.786070E-08  1.518653E-08  7.943213E-04  1.079819E-03  2.110609E-05  2.047102E-06  2.632853E-06  3.311904E-07
 3.171500E+02  3.667490E-02  2.193173E-06  2.214084E-11  2.943564E-11  3.284162E-11  3.963326E-11  1.987995E-01  1.294740E-04  2.724148E-07  7.284565E-01  7.186539E-03  2.210001E-04  1.336582E-05  2.783612E-04  1.622943E-08  6.026534E-08  1.683551E-09  2.636247E-02  7.018285E-06  1.739267E-08  1.477903E-08  7.813808E-04  1.062219E-03  1.994161E-05  1.932987E-06  2.486879E-06  3.166659E-07
 3.181500E+02  3.682912E-02  2.184057E-06  2.167398E-11  2.882215E-11  3.215889E-11  3.881848E-11  1.988191E-01  1.272849E-04  2.571028E-07  7.287531E-01  7.070487E-03  2.089175E-04  1.300349E-05  2.744522E-04  1.549943E-08  5.769452E-08  1.631142E-09  2.605817E-02  6.727997E-06  1.693854E-08  1.438392E-08  7.687372E-04  1.045024E-03  1.884832E-05  1.825927E-06  2.349889E-06  3.028562E-07
 3.191500E+02  3.698107E-02  2.174857E-06  2.121743E-11  2.822201E-11  3.149097E-11  3.802114E-11  1.988383E-01  1.251481E-04  2.427460E-07  7.290437E-01  6.957041E-03  1.975660E-04  1.265333E-05  2.706135E-04  1.480628E-08  5.524756E-08  1.580579E-09  2.575831E-02  6.451229E-06  1.649789E-08  1.400079E-08  7.563822E-04  1.028222E-03  1.782148E-05  1.725446E-06  2.221277E-06  2.897226E-07
 3.201500E+02  3.713079E-02  2.165579E-06  2.077099E-11  2.763498E-11  3.083761E-11  3.724094E-11  1.988570E-01  1.230620E-04  2.292795E-07  7.293285E-01  6.846130E-03  1.868975E-04  1.231489E-05  2.668435E-04  1.414795E-08  5.291788E-08  1.531791E-09  2.546284E-02  6.187290E-06  1.607028E-08  1.362927E-08  7.443078E-04  1.011803E-03  1.685669E-05  1.631104E-06  2.100486E-06  2.772289E-07
 3.211500E+02  3.727831E-02  2.156230E-06  2.033448E-11  2.706084E-11  3.019853E-11  3.647759E-11  1.988753E-01  1.210251E-04  2.166429E-07  7.296076E-01  6.737684E-03  1.768672E-04  1.198769E-05  2.631411E-04  1.352251E-08  5.069931E-08  1.484712E-09  2.517170E-02  5.935528E-06  1.565531E-08  1.326898E-08  7.325061E-04  9.957546E-04  1.594986E-05  1.542490E-06  1.986994E-06  2.653409E-07
 3.221500E+02  3.742366E-02  2.146816E-06  1.990771E-11  2.649934E-11  2.957349E-11  3.573079E-11  1.988931E-01  1.190361E-04  2.047804E-07  7.298812E-01  6.631639E-03  1.674335E-04  1.167131E-05  2.595050E-04  1.292817E-08  4.858600E-08  1.439277E-09  2.488484E-02  5.695326E-06  1.525258E-08  1.291955E-08  7.209697E-04  9.800680E-04  1.509719E-05  1.459225E-06  1.880322E-06  2.540264E-07
 3.231500E+02  3.756686E-02  2.137341E-06  1.949049E-11  2.595024E-11  2.896222E-11  3.500024E-11  1.989105E-01  1.170935E-04  1.936401E-07  7.301495E-01  6.527929E-03  1.585577E-04  1.136532E-05  2.559339E-04  1.236322E-08  4.657244E-08  1.395423E-09  2.460219E-02  5.466102E-06  1.486172E-08  1.258065E-08  7.096912E-04  9.647327E-04  1.429515E-05  1.380957E-06  1.780019E-06  2.432550E-07
 3.241500E+02  3.770794E-02  2.127813E-06  1.908265E-11  2.541332E-11  2.836446E-11  3.428563E-11  1.989276E-01  1.151960E-04  1.831739E-07  7.304126E-01  6.426493E-03  1.502039E-04  1.106935E-05  2.524265E-04  1.182606E-08  4.465345E-08  1.353092E-09  2.432370E-02  5.247303E-06  1.448234E-08  1.225193E-08  6.986636E-04  9.497391E-04  1.354045E-05  1.307357E-06  1.685672E-06  2.329982E-07
 3.251500E+02  3.784694E-02  2.118235E-06  1.868399E-11  2.488833E-11  2.777995E-11  3.358668E-11  1.989442E-01  1.133423E-04  1.733373E-07  7.306705E-01  6.327270E-03  1.423385E-04  1.078299E-05  2.489817E-04  1.131520E-08  4.282413E-08  1.312225E-09  2.404932E-02  5.038410E-06  1.411409E-08  1.193306E-08  6.878800E-04  9.350779E-04  1.283005E-05  1.238121E-06  1.596892E-06  2.232288E-07
 3.261500E+02  3.798388E-02  2.108614E-06  1.829433E-11  2.437505E-11  2.720844E-11  3.290308E-11  1.989605E-01  1.115312E-04  1.640888E-07  7.309235E-01  6.230201E-03  1.349305E-04  1.050590E-05  2.455982E-04  1.082922E-08  4.107984E-08  1.272768E-09  2.377898E-02  4.838928E-06  1.375663E-08  1.162374E-08  6.773338E-04  9.207401E-04  1.216109E-05  1.172967E-06  1.513321E-06  2.139215E-07
 3.271500E+02  3.811879E-02  2.098955E-06  1.791349E-11  2.387324E-11  2.664967E-11  3.223453E-11  1.989764E-01  1.097614E-04  1.553899E-07  7.311717E-01  6.135229E-03  1.279507E-04  1.023772E-05  2.422750E-04  1.036679E-08  3.941624E-08  1.234667E-09  2.351264E-02  4.648391E-06  1.340960E-08  1.132365E-08  6.670186E-04  9.067168E-04  1.153095E-05  1.111630E-06  1.434623E-06  2.050523E-07
 3.281500E+02  3.825171E-02  2.089261E-06  1.754128E-11  2.338268E-11  2.610338E-11  3.158075E-11  1.989920E-01  1.080318E-04  1.472049E-07  7.314151E-01  6.042299E-03  1.213722E-04  9.978108E-06  2.390107E-04  9.926646E-09  3.782918E-08  1.197873E-09  2.325023E-02  4.466358E-06  1.307269E-08  1.103249E-08  6.569281E-04  8.929995E-04  1.093715E-05  1.053867E-06  1.360489E-06  1.965984E-07
 3.291500E+02  3.838265E-02  2.079538E-06  1.717754E-11  2.290313E-11  2.556933E-11  3.094144E-11  1.990072E-01  1.063413E-04  1.395006E-07  7.316540E-01  5.951358E-03  1.151697E-04  9.726757E-06  2.358044E-04  9.507610E-09  3.631479E-08  1.162336E-09  2.299170E-02  4.292410E-06  1.274559E-08  1.074999E-08  6.470564E-04  8.795802E-04  1.037741E-05  9.994490E-07  1.290627E-06  1.885384E-07
 3.301500E+02  3.851164E-02  2.069790E-06  1.682208E-11  2.243436E-11  2.504725E-11  3.031632E-11  1.990221E-01  1.046887E-04  1.322460E-07  7.318883E-01  5.862355E-03  1.093198E-04  9.483357E-06  2.326548E-04  9.108567E-09  3.486938E-08  1.128010E-09  2.273699E-02  4.126152E-06  1.242797E-08  1.047586E-08  6.373976E-04  8.664507E-04  9.849583E-06  9.481643E-07  1.224769E-06  1.808521E-07
 3.311500E+02  3.863872E-02  2.060022E-06  1.647472E-11  2.197617E-11  2.453692E-11  2.970508E-11  1.990367E-01  1.030731E-04  1.254124E-07  7.321183E-01  5.775238E-03  1.038006E-04  9.247613E-06  2.295610E-04  8.728465E-09  3.348947E-08  1.094849E-09  2.248605E-02  3.967208E-06  1.211955E-08  1.020984E-08  6.279461E-04  8.536033E-04  9.351682E-06  8.998152E-07  1.162663E-06  1.735205E-07
 3.321500E+02  3.876392E-02  2.050237E-06  1.613530E-11  2.152831E-11  2.403808E-11  2.910746E-11  1.990509E-01  1.014933E-04  1.189729E-07  7.323440E-01  5.689958E-03  9.859157E-05  9.019245E-06  2.265217E-04  8.366313E-09  3.217179E-08  1.062810E-09  2.223883E-02  3.815224E-06  1.182003E-08  9.951662E-09  6.186964E-04  8.410307E-04  8.881849E-06  8.542177E-07  1.104074E-06  1.665255E-07
 3.331500E+02  3.888726E-02  2.040440E-06  1.580365E-11  2.109059E-11  2.355048E-11  2.852317E-11  1.990649E-01  9.994846E-05  1.129027E-07  7.325655E-01  5.606469E-03  9.367372E-05  8.797982E-06  2.235360E-04  8.021177E-09  3.091322E-08  1.031852E-09  2.199526E-02  3.669863E-06  1.152915E-08  9.701081E-09  6.096431E-04  8.287255E-04  8.438351E-06  8.112001E-07  1.048785E-06  1.598501E-07
 3.341500E+02  3.900876E-02  2.030634E-06  1.547958E-11  2.066277E-11  2.307390E-11  2.795192E-11  1.990785E-01  9.843756E-05  1.071786E-07  7.327829E-01  5.524725E-03  8.902922E-05  8.583567E-06  2.206028E-04  7.692174E-09  2.971083E-08  1.001934E-09  2.175530E-02  3.530807E-06  1.124663E-08  9.457853E-09  6.007812E-04  8.166808E-04  8.019571E-06  7.706023E-07  9.965905E-07  1.534781E-07
 3.351500E+02  3.912846E-02  2.020823E-06  1.516295E-11  2.024465E-11  2.260809E-11  2.739346E-11  1.990918E-01  9.695968E-05  1.017788E-07  7.329964E-01  5.444681E-03  8.464144E-05  8.375750E-06  2.177211E-04  7.378472E-09  2.856183E-08  9.730187E-10  2.151890E-02  3.397752E-06  1.097220E-08  9.221745E-09  5.921056E-04  8.048896E-04  7.623999E-06  7.322751E-07  9.473014E-07  1.473943E-07
 3.361500E+02  3.924638E-02  2.011011E-06  1.485358E-11  1.983601E-11  2.215282E-11  2.684749E-11  1.991049E-01  9.551393E-05  9.668331E-08  7.332060E-01  5.366293E-03  8.049485E-05  8.174295E-06  2.148899E-04  7.079285E-09  2.746360E-08  9.450689E-10  2.128599E-02  3.270413E-06  1.070563E-08  8.992528E-09  5.836115E-04  7.933455E-04  7.250226E-06  6.960793E-07  9.007400E-07  1.415844E-07
 3.371500E+02  3.936256E-02  2.001200E-06  1.455132E-11  1.943665E-11  2.170787E-11  2.631376E-11  1.991177E-01  9.409944E-05  9.187320E-08  7.334117E-01  5.289520E-03  7.657493E-05  7.978972E-06  2.121083E-04  6.793870E-09  2.641365E-08  9.180490E-10  2.105653E-02  3.148519E-06  1.044665E-08  8.769983E-09  5.752942E-04  7.820420E-04  6.896933E-06  6.618846E-07  8.567405E-07  1.360347E-07
 3.381500E+02  3.947701E-02  1.991395E-06  1.425600E-11  1.904637E-11  2.127300E-11  2.579201E-11  1.991302E-01  9.271538E-05  8.733094E-08  7.336138E-01  5.214321E-03  7.286810E-05  7.789564E-06  2.093752E-04  6.521528E-09  2.540963E-08  8.919252E-10  2.083047E-02  3.031810E-06  1.019504E-08  8.553900E-09  5.671492E-04  7.709729E-04  6.562890E-06  6.295697E-07  8.151481E-07  1.307324E-07
 3.391500E+02  3.958976E-02  1.981598E-06  1.396746E-11  1.866496E-11  2.084799E-11  2.528196E-11  1.991425E-01  9.136093E-05  8.304016E-08  7.338122E-01  5.140656E-03  6.936168E-05  7.605859E-06  2.066897E-04  6.261595E-09  2.444929E-08  8.666646E-10  2.060775E-02  2.920044E-06  9.950572E-09  8.344071E-09  5.591721E-04  7.601322E-04  6.246946E-06  5.990211E-07  7.758181E-07  1.256652E-07
 3.401500E+02  3.970084E-02  1.971812E-06  1.368556E-11  1.829223E-11  2.043263E-11  2.478337E-11  1.991545E-01  9.003530E-05  7.898556E-08  7.340071E-01  5.068487E-03  6.604378E-05  7.427657E-06  2.040509E-04  6.013447E-09  2.353054E-08  8.422358E-10  2.038832E-02  2.812989E-06  9.713017E-09  8.140299E-09  5.513585E-04  7.495141E-04  5.948024E-06  5.701328E-07  7.386154E-07  1.208216E-07
 3.411500E+02  3.981028E-02  1.962041E-06  1.341015E-11  1.792797E-11  2.002670E-11  2.429599E-11  1.991663E-01  8.873773E-05  7.515284E-08  7.341985E-01  4.997777E-03  6.290328E-05  7.254764E-06  2.014579E-04  5.776492E-09  2.265137E-08  8.186086E-10  2.017213E-02  2.710423E-06  9.482163E-09  7.942393E-09  5.437043E-04  7.391129E-04  5.665119E-06  5.428055E-07  7.034133E-07  1.161907E-07
 3.421500E+02  3.991809E-02  1.952286E-06  1.314107E-11  1.757201E-11  1.962999E-11  2.381956E-11  1.991778E-01  8.746749E-05  7.152866E-08  7.343866E-01  4.928489E-03  5.992979E-05  7.086994E-06  1.989099E-04  5.550171E-09  2.180989E-08  7.957539E-10  1.995914E-02  2.612139E-06  9.257802E-09  7.750166E-09  5.362055E-04  7.289230E-04  5.397286E-06  5.169467E-07  6.700936E-07  1.117622E-07
 3.431500E+02  4.002432E-02  1.942550E-06  1.287818E-11  1.722415E-11  1.924228E-11  2.335384E-11  1.991891E-01  8.622385E-05  6.810054E-08  7.345713E-01  4.860589E-03  5.711356E-05  6.924168E-06  1.964058E-04  5.333955E-09  2.100429E-08  7.736439E-10  1.974929E-02  2.517937E-06  9.039735E-09  7.563440E-09  5.288582E-04  7.189392E-04  5.143644E-06  4.924694E-07  6.385455E-07  1.075262E-07
 3.441500E+02  4.012897E-02  1.932837E-06  1.262133E-11  1.688420E-11  1.886338E-11  2.289859E-11  1.992001E-01  8.500613E-05  6.485682E-08  7.347528E-01  4.794041E-03  5.444547E-05  6.766115E-06  1.939449E-04  5.127344E-09  2.023288E-08  7.522516E-10  1.954253E-02  2.427631E-06  8.827766E-09  7.382041E-09  5.216586E-04  7.091564E-04  4.903366E-06  4.692927E-07  6.086654E-07  1.034735E-07
 3.451500E+02  4.023207E-02  1.923148E-06  1.237039E-11  1.655199E-11  1.849308E-11  2.245357E-11  1.992110E-01  8.381365E-05  6.178656E-08  7.349311E-01  4.728813E-03  5.191694E-05  6.612670E-06  1.915263E-04  4.929866E-09  1.949404E-08  7.315512E-10  1.933882E-02  2.341040E-06  8.621708E-09  7.205801E-09  5.146030E-04  6.995694E-04  4.675678E-06  4.473403E-07  5.803563E-07  9.959532E-08
 3.461500E+02  4.033366E-02  1.913485E-06  1.212521E-11  1.622734E-11  1.813118E-11  2.201856E-11  1.992216E-01  8.264576E-05  5.887958E-08  7.351063E-01  4.664873E-03  4.951997E-05  6.463676E-06  1.891493E-04  4.741072E-09  1.878623E-08  7.115180E-10  1.913810E-02  2.257995E-06  8.421379E-09  7.034558E-09  5.076878E-04  6.901734E-04  4.459855E-06  4.265412E-07  5.535271E-07  9.588327E-08
 3.471500E+02  4.043375E-02  1.903850E-06  1.188567E-11  1.591007E-11  1.777750E-11  2.159333E-11  1.992320E-01  8.150183E-05  5.612629E-08  7.352785E-01  4.602189E-03  4.724704E-05  6.318979E-06  1.868129E-04  4.560539E-09  1.810801E-08  6.921281E-10  1.894034E-02  2.178335E-06  8.226602E-09  6.868157E-09  5.009095E-04  6.809637E-04  4.255217E-06  4.068287E-07  5.280926E-07  9.232946E-08
 3.481500E+02  4.053236E-02  1.894247E-06  1.165163E-11  1.560002E-11  1.743184E-11  2.117764E-11  1.992422E-01  8.038124E-05  5.351776E-08  7.354477E-01  4.540730E-03  4.509109E-05  6.178435E-06  1.845164E-04  4.387865E-09  1.745799E-08  6.733584E-10  1.874547E-02  2.101906E-06  8.037208E-09  6.706444E-09  4.942649E-04  6.719356E-04  4.061125E-06  3.881402E-07  5.039730E-07  8.892642E-08
 3.491500E+02  4.062953E-02  1.884676E-06  1.142296E-11  1.529701E-11  1.709402E-11  2.077130E-11  1.992522E-01  7.928340E-05  5.104560E-08  7.356140E-01  4.480468E-03  4.304551E-05  6.041901E-06  1.822591E-04  4.222671E-09  1.683487E-08  6.551871E-10  1.855347E-02  2.028562E-06  7.853031E-09  6.549274E-09  4.877505E-04  6.630848E-04  3.876982E-06  3.704172E-07  4.810933E-07  8.566703E-08
 3.501500E+02  4.072527E-02  1.875139E-06  1.119954E-11  1.500088E-11  1.676385E-11  2.037407E-11  1.992620E-01  7.820774E-05  4.870194E-08  7.357775E-01  4.421374E-03  4.110407E-05  5.909244E-06  1.800402E-04  4.064596E-09  1.623741E-08  6.375927E-10  1.836428E-02  1.958164E-06  7.673913E-09  6.396505E-09  4.813633E-04  6.544069E-04  3.702226E-06  3.536047E-07  4.593833E-07  8.254456E-08
 3.511500E+02  4.081960E-02  1.865639E-06  1.098123E-11  1.471146E-11  1.644115E-11  1.998575E-11  1.992716E-01  7.715369E-05  4.647943E-08  7.359382E-01  4.363418E-03  3.926095E-05  5.780333E-06  1.778588E-04  3.913299E-09  1.566443E-08  6.205550E-10  1.817786E-02  1.890582E-06  7.499697E-09  6.248000E-09  4.751002E-04  6.458976E-04  3.536329E-06  3.376511E-07  4.387770E-07  7.955262E-08
 3.521500E+02  4.091255E-02  1.856176E-06  1.076792E-11  1.442861E-11  1.612576E-11  1.960613E-11  1.992811E-01  7.612071E-05  4.437116E-08  7.360962E-01  4.306576E-03  3.751067E-05  5.655043E-06  1.757144E-04  3.768457E-09  1.511479E-08  6.040543E-10  1.799416E-02  1.825688E-06  7.330237E-09  6.103626E-09  4.689581E-04  6.375529E-04  3.378797E-06  3.225080E-07  4.192125E-07  7.668513E-08
 3.531500E+02  4.100415E-02  1.846753E-06  1.055949E-11  1.415216E-11  1.581749E-11  1.923501E-11  1.992903E-01  7.510828E-05  4.237065E-08  7.362515E-01  4.250819E-03  3.584808E-05  5.533254E-06  1.736062E-04  3.629764E-09  1.458746E-08  5.880716E-10  1.781315E-02  1.763364E-06  7.165385E-09  5.963256E-09  4.629341E-04  6.293689E-04  3.229165E-06  3.081301E-07  4.006317E-07  7.393633E-08
 3.541500E+02  4.109440E-02  1.837371E-06  1.035582E-11  1.388197E-11  1.551618E-11  1.887220E-11  1.992994E-01  7.411589E-05  4.047183E-08  7.364042E-01  4.196122E-03  3.426835E-05  5.414850E-06  1.715334E-04  3.496929E-09  1.408140E-08  5.725889E-10  1.763477E-02  1.703497E-06  7.005004E-09  5.826765E-09  4.570254E-04  6.213416E-04  3.086997E-06  2.944747E-07  3.829799E-07  7.130076E-08
 3.551500E+02  4.118335E-02  1.828031E-06  1.015679E-11  1.361789E-11  1.522167E-11  1.851749E-11  1.993083E-01  7.314303E-05  3.866898E-08  7.365543E-01  4.142461E-03  3.276691E-05  5.299720E-06  1.694954E-04  3.369677E-09  1.359566E-08  5.575887E-10  1.745899E-02  1.645978E-06  6.848957E-09  5.694034E-09  4.512293E-04  6.134674E-04  2.951881E-06  2.815017E-07  3.662060E-07  6.877322E-08
 3.561500E+02  4.127099E-02  1.818735E-06  9.962305E-12  1.335976E-11  1.493379E-11  1.817070E-11  1.993170E-01  7.218923E-05  3.695675E-08  7.367020E-01  4.089811E-03  3.133951E-05  5.187757E-06  1.674916E-04  3.247746E-09  1.312933E-08  5.430541E-10  1.728576E-02  1.590705E-06  6.697114E-09  5.564948E-09  4.455431E-04  6.057425E-04  2.823432E-06  2.691734E-07  3.502616E-07  6.634877E-08
 3.571500E+02  4.135736E-02  1.809484E-06  9.772244E-12  1.310746E-11  1.465239E-11  1.783165E-11  1.993256E-01  7.125403E-05  3.533011E-08  7.368472E-01  4.038148E-03  2.998212E-05  5.078858E-06  1.655212E-04  3.130888E-09  1.268154E-08  5.289689E-10  1.711504E-02  1.537579E-06  6.549348E-09  5.439393E-09  4.399641E-04  5.981635E-04  2.701286E-06  2.574545E-07  3.351015E-07  6.402273E-08
 3.581500E+02  4.144248E-02  1.800278E-06  9.586503E-12  1.286084E-11  1.437731E-11  1.750015E-11  1.993340E-01  7.033696E-05  3.378433E-08  7.369900E-01  3.987449E-03  2.869094E-05  4.972922E-06  1.635836E-04  3.018868E-09  1.225147E-08  5.153176E-10  1.694680E-02  1.486508E-06  6.405536E-09  5.317262E-09  4.344899E-04  5.907269E-04  2.585103E-06  2.463118E-07  3.206830E-07  6.179064E-08
 3.591500E+02  4.152637E-02  1.791121E-06  9.404978E-12  1.261976E-11  1.410841E-11  1.717602E-11  1.993422E-01  6.943758E-05  3.231497E-08  7.371304E-01  3.937693E-03  2.746242E-05  4.869855E-06  1.616782E-04  2.911462E-09  1.183832E-08  5.020852E-10  1.678098E-02  1.437401E-06  6.265559E-09  5.198450E-09  4.291179E-04  5.834293E-04  2.474560E-06  2.357138E-07  3.069659E-07  5.964827E-08
 3.601500E+02  4.160904E-02  1.782011E-06  9.227566E-12  1.238409E-11  1.384553E-11  1.685909E-11  1.993503E-01  6.855548E-05  3.091785E-08  7.372685E-01  3.888857E-03  2.629321E-05  4.769565E-06  1.598044E-04  2.808459E-09  1.144136E-08  4.892572E-10  1.661756E-02  1.390176E-06  6.129302E-09  5.082856E-09  4.238459E-04  5.762675E-04  2.369356E-06  2.256313E-07  2.939126E-07  5.759160E-08
 3.611500E+02  4.169052E-02  1.772951E-06  9.054169E-12  1.215371E-11  1.358854E-11  1.654919E-11  1.993582E-01  6.769022E-05  2.958904E-08  7.374044E-01  3.840920E-03  2.518014E-05  4.671962E-06  1.579615E-04  2.709657E-09  1.105987E-08  4.768198E-10  1.645650E-02  1.344751E-06  5.996655E-09  4.970382E-09  4.186715E-04  5.692384E-04  2.269205E-06  2.160364E-07  2.814876E-07  5.561679E-08
 3.621500E+02  4.177082E-02  1.763940E-06  8.884688E-12  1.192849E-11  1.333728E-11  1.624615E-11  1.993660E-01  6.684142E-05  2.832486E-08  7.375381E-01  3.793862E-03  2.412024E-05  4.576961E-06  1.561490E-04  2.614864E-09  1.069317E-08  4.647596E-10  1.629775E-02  1.301049E-06  5.867510E-09  4.860933E-09  4.135924E-04  5.623388E-04  2.173840E-06  2.069030E-07  2.696572E-07  5.372020E-08
 3.631500E+02  4.184997E-02  1.754981E-06  8.719030E-12  1.170830E-11  1.309163E-11  1.594981E-11  1.993737E-01  6.600867E-05  2.712182E-08  7.376696E-01  3.747663E-03  2.311071E-05  4.484480E-06  1.543662E-04  2.523900E-09  1.034062E-08  4.530637E-10  1.614128E-02  1.258998E-06  5.741762E-09  4.754417E-09  4.086064E-04  5.555658E-04  2.083007E-06  1.982067E-07  2.583901E-07  5.189837E-08
 3.641500E+02  4.192799E-02  1.746074E-06  8.557101E-12  1.149302E-11  1.285145E-11  1.566002E-11  1.993812E-01  6.519160E-05  2.597664E-08  7.377990E-01  3.702302E-03  2.214889E-05  4.394439E-06  1.526127E-04  2.436590E-09  1.000161E-08  4.417198E-10  1.598705E-02  1.218526E-06  5.619310E-09  4.650745E-09  4.037114E-04  5.489164E-04  1.996468E-06  1.899242E-07  2.476566E-07  5.014801E-08
 3.651500E+02  4.200488E-02  1.737219E-06  8.398811E-12  1.128254E-11  1.261661E-11  1.537661E-11  1.993886E-01  6.438983E-05  2.488625E-08  7.379263E-01  3.657762E-03  2.123231E-05  4.306761E-06  1.508878E-04  2.352771E-09  9.675554E-09  4.307158E-10  1.583503E-02  1.179568E-06  5.500058E-09  4.549833E-09  3.989053E-04  5.423879E-04  1.913998E-06  1.820338E-07  2.374286E-07  4.846598E-08
 3.661500E+02  4.208068E-02  1.728417E-06  8.244071E-12  1.107674E-11  1.238698E-11  1.509944E-11  1.993958E-01  6.360301E-05  2.384774E-08  7.380516E-01  3.614024E-03  2.035860E-05  4.221373E-06  1.491910E-04  2.272286E-09  9.361895E-09  4.200403E-10  1.568518E-02  1.142061E-06  5.383911E-09  4.451596E-09  3.941861E-04  5.359775E-04  1.835386E-06  1.745149E-07  2.276798E-07  4.684930E-08
 3.671500E+02  4.215540E-02  1.719670E-06  8.092795E-12  1.087550E-11  1.216243E-11  1.482835E-11  1.994029E-01  6.283078E-05  2.285838E-08  7.381749E-01  3.571069E-03  1.952555E-05  4.138204E-06  1.475217E-04  2.194988E-09  9.060102E-09  4.096823E-10  1.553746E-02  1.105943E-06  5.270776E-09  4.355955E-09  3.895518E-04  5.296824E-04  1.760432E-06  1.673481E-07  2.183853E-07  4.529511E-08
 3.681500E+02  4.222905E-02  1.710977E-06  7.944898E-12  1.067872E-11  1.194285E-11  1.456320E-11  1.994099E-01  6.207281E-05  2.191559E-08  7.382962E-01  3.528880E-03  1.873107E-05  4.057185E-06  1.458795E-04  2.120735E-09  8.769671E-09  3.996310E-10  1.539184E-02  1.071157E-06  5.160566E-09  4.262832E-09  3.850005E-04  5.235002E-04  1.688948E-06  1.605152E-07  2.095216E-07  4.380072E-08
 3.691500E+02  4.230165E-02  1.702338E-06  7.800300E-12  1.048629E-11  1.172811E-11  1.430386E-11  1.994167E-01  6.132876E-05  2.101694E-08  7.384156E-01  3.487441E-03  1.797319E-05  3.978250E-06  1.442638E-04  2.049392E-09  8.490121E-09  3.898762E-10  1.524829E-02  1.037647E-06  5.053195E-09  4.172152E-09  3.805304E-04  5.174282E-04  1.620756E-06  1.539990E-07  2.010666E-07  4.236355E-08
 3.701500E+02  4.237323E-02  1.693756E-06  7.658919E-12  1.029810E-11  1.151810E-11  1.405018E-11  1.994235E-01  6.059831E-05  2.016014E-08  7.385331E-01  3.446734E-03  1.725003E-05  3.901334E-06  1.426741E-04  1.980832E-09  8.220992E-09  3.804080E-10  1.510677E-02  1.005361E-06  4.948579E-09  4.083843E-09  3.761395E-04  5.114640E-04  1.555687E-06  1.477830E-07  1.929993E-07  4.098114E-08
 3.711500E+02  4.244379E-02  1.685229E-06  7.520677E-12  1.011406E-11  1.131270E-11  1.380202E-11  1.994301E-01  5.988114E-05  1.934302E-08  7.386488E-01  3.406744E-03  1.655984E-05  3.826376E-06  1.411099E-04  1.914933E-09  7.961848E-09  3.712168E-10  1.496724E-02  9.742491E-07  4.846639E-09  3.997832E-09  3.718262E-04  5.056052E-04  1.493583E-06  1.418521E-07  1.853001E-07  3.965115E-08
 3.721500E+02  4.251336E-02  1.676759E-06  7.385497E-12  9.934057E-12  1.111181E-11  1.355927E-11  1.994366E-01  5.917697E-05  1.856355E-08  7.387626E-01  3.367455E-03  1.590094E-05  3.753317E-06  1.395708E-04  1.851579E-09  7.712270E-09  3.622936E-10  1.482969E-02  9.442628E-07  4.747297E-09  3.914054E-09  3.675888E-04  4.998494E-04  1.434294E-06  1.361917E-07  1.779502E-07  3.837135E-08
 3.731500E+02  4.258194E-02  1.668345E-06  7.253306E-12  9.758001E-12  1.091531E-11  1.332177E-11  1.994430E-01  5.848548E-05  1.781980E-08  7.388747E-01  3.328850E-03  1.527178E-05  3.682100E-06  1.380562E-04  1.790660E-09  7.471860E-09  3.536293E-10  1.469407E-02  9.153563E-07  4.650477E-09  3.832442E-09  3.634255E-04  4.941943E-04  1.377679E-06  1.307881E-07  1.709322E-07  3.713961E-08
