#         T/K            c1          c2-1          c3-4          c3-5          c3-7          c3-9            m1          m2-1          m3-1            w1            w2          w3-1          w3-2          c1m1        c1m2-1        c1m2-7        c2m1-1        c1w1-2        c1w2-1        c2w1-1        c2w1-9        m1w1-1        m1w1-4        m1w2-1        m2w1-1        m2w1-3      c1m1w1-1
 2.731500E+02  2.055827E-01  1.367748E-04  2.409255E-08  3.162206E-08  3.518205E-08  4.195022E-08  5.403145E-01  2.401131E-03  1.151713E-04  1.590905E-01  8.493415E-04  4.611955E-05  6.471065E-07  1.136545E-02  9.600661E-06  3.150282E-05  1.219408E-06  7.713977E-02  2.263492E-05  7.875502E-07  6.915524E-07  1.135661E-03  1.545941E-03  5.162793E-05  6.348775E-05  8.040808E-05  1.414618E-05
 2.741500E+02  2.063170E-01  1.352131E-04  2.318584E-08  3.044228E-08  3.387199E-08  4.040087E-08  5.405422E-01  2.344609E-03  1.063540E-04  1.597444E-01  8.358711E-04  4.313304E-05  6.287216E-07  1.111258E-02  8.983028E-06  2.957163E-05  1.160174E-06  7.593049E-02  2.143406E-05  7.570743E-07  6.642179E-07  1.113832E-03  1.516130E-03  4.810597E-05  5.890289E-05  7.463101E-05  1.330811E-05
 2.751500E+02  2.070369E-01  1.336705E-04  2.231746E-08  2.931197E-08  3.261675E-08  3.891585E-08  5.407624E-01  2.289838E-03  9.827113E-05  1.603859E-01  8.226267E-04  4.035349E-05  6.109041E-07  1.086679E-02  8.409110E-06  2.777136E-05  1.104164E-06  7.474261E-02  2.030244E-05  7.279119E-07  6.380854E-07  1.092527E-03  1.487038E-03  4.484317E-05  5.467710E-05  6.930429E-05  1.252439E-05
 2.761500E+02  2.077426E-01  1.321471E-04  2.148566E-08  2.822889E-08  3.141386E-08  3.749231E-08  5.409756E-01  2.236756E-03  9.085694E-05  1.610155E-01  8.096061E-04  3.776575E-05  5.936370E-07  1.062786E-02  7.875557E-06  2.609235E-05  1.051188E-06  7.357585E-02  1.923579E-05  7.000025E-07  6.130984E-07  1.071732E-03  1.458647E-03  4.181922E-05  5.078024E-05  6.439030E-05  1.179124E-05
 2.771500E+02  2.084346E-01  1.306430E-04  2.068878E-08  2.719092E-08  3.026099E-08  3.612751E-08  5.411820E-01  2.185299E-03  8.405196E-05  1.616332E-01  7.968070E-04  3.535583E-05  5.769037E-07  1.039559E-02  7.379295E-06  2.452574E-05  1.001066E-06  7.242991E-02  1.823016E-05  6.732887E-07  5.892033E-07  1.051433E-03  1.430938E-03  3.901547E-05  4.718487E-05  5.985475E-05  1.110513E-05
 2.781500E+02  2.091129E-01  1.291579E-04  1.992525E-08  2.619604E-08  2.915588E-08  3.481883E-08  5.413819E-01  2.135410E-03  7.780233E-05  1.622392E-01  7.842272E-04  3.311081E-05  5.606877E-07  1.016974E-02  6.917501E-06  2.306334E-05  9.536294E-07  7.130452E-02  1.728181E-05  6.477155E-07  5.663488E-07  1.031619E-03  1.403894E-03  3.641484E-05  4.386599E-05  5.566639E-05  1.046282E-05
 2.791500E+02  2.097779E-01  1.276920E-04  1.919357E-08  2.524231E-08  2.809641E-08  3.356379E-08  5.415755E-01  2.087031E-03  7.205928E-05  1.628339E-01  7.718642E-04  3.101876E-05  5.449734E-07  9.950137E-03  6.487580E-06  2.169762E-05  9.087217E-07  7.019938E-02  1.638727E-05  6.232307E-07  5.444863E-07  1.012276E-03  1.377497E-03  3.400162E-05  4.080079E-05  5.179669E-05  9.861298E-06
 2.801500E+02  2.104298E-01  1.262450E-04  1.849228E-08  2.432790E-08  2.708054E-08  3.236001E-08  5.417632E-01  2.040109E-03  6.677861E-05  1.634173E-01  7.597155E-04  2.906863E-05  5.297452E-07  9.736567E-03  6.087145E-06  2.042161E-05  8.661950E-07  6.911419E-02  1.554327E-05  5.997845E-07  5.235696E-07  9.933924E-04  1.351730E-03  3.176139E-05  3.796846E-05  4.821962E-05  9.297763E-06
 2.811500E+02  2.110689E-01  1.248171E-04  1.782004E-08  2.345105E-08  2.610632E-08  3.120523E-08  5.419451E-01  1.994590E-03  6.192021E-05  1.639897E-01  7.477785E-04  2.725023E-05  5.149881E-07  9.528845E-03  5.714003E-06  1.922891E-05  8.259113E-07  6.804867E-02  1.474677E-05  5.773296E-07  5.035546E-07  9.749558E-04  1.326576E-03  2.968092E-05  3.535000E-05  4.491142E-05  8.769629E-06
 2.821500E+02  2.116954E-01  1.234080E-04  1.717553E-08  2.261010E-08  2.517192E-08  3.009729E-08  5.421215E-01  1.950427E-03  5.744770E-05  1.645513E-01  7.360506E-04  2.555413E-05  5.006874E-07  9.326789E-03  5.366135E-06  1.811359E-05  7.877408E-07  6.700251E-02  1.399490E-05  5.558209E-07  4.843994E-07  9.569548E-04  1.302020E-03  2.774803E-05  3.292807E-05  4.185037E-05  8.274496E-06
 2.831500E+02  2.123095E-01  1.220176E-04  1.655752E-08  2.180345E-08  2.427556E-08  2.903413E-08  5.422926E-01  1.907569E-03  5.332804E-05  1.651023E-01  7.245290E-04  2.397160E-05  4.868288E-07  9.130222E-03  5.041681E-06  1.707018E-05  7.515621E-07  6.597542E-02  1.328499E-05  5.352154E-07  4.660643E-07  9.393779E-04  1.278046E-03  2.595152E-05  3.068682E-05  3.901662E-05  7.810136E-06
 2.841500E+02  2.129115E-01  1.206459E-04  1.596482E-08  2.102958E-08  2.341557E-08  2.801379E-08  5.424586E-01  1.865971E-03  4.953121E-05  1.656428E-01  7.132110E-04  2.249457E-05  4.733985E-07  8.938974E-03  4.738928E-06  1.609362E-05  7.172612E-07  6.496708E-02  1.261452E-05  5.154720E-07  4.485113E-07  9.222142E-04  1.254637E-03  2.428111E-05  2.861176E-05  3.639202E-05  7.374483E-06
 2.851500E+02  2.135016E-01  1.192928E-04  1.539631E-08  2.028705E-08  2.259034E-08  2.703439E-08  5.426197E-01  1.825589E-03  4.602992E-05  1.661731E-01  7.020939E-04  2.111558E-05  4.603830E-07  8.752878E-03  4.456300E-06  1.517924E-05  6.847310E-07  6.397721E-02  1.198116E-05  4.965519E-07  4.317043E-07  9.054527E-04  1.231781E-03  2.272733E-05  2.668963E-05  3.395997E-05  6.965616E-06
 2.861500E+02  2.140801E-01  1.179580E-04  1.485092E-08  1.957447E-08  2.179834E-08  2.609415E-08  5.427761E-01  1.786381E-03  4.279935E-05  1.666934E-01  6.911747E-04  1.982770E-05  4.477692E-07  8.571775E-03  4.192341E-06  1.432272E-05  6.538712E-07  6.300551E-02  1.138270E-05  4.784179E-07  4.156090E-07  8.890830E-04  1.209461E-03  2.128146E-05  2.490831E-05  3.170526E-05  6.581755E-06
 2.871500E+02  2.146472E-01  1.166416E-04  1.432761E-08  1.889053E-08  2.103811E-08  2.519136E-08  5.429279E-01  1.748305E-03  3.981689E-05  1.672038E-01  6.804507E-04  1.862455E-05  4.355442E-07  8.395512E-03  3.945709E-06  1.352006E-05  6.245874E-07  6.205167E-02  1.081706E-05  4.610345E-07  4.001927E-07  8.730949E-04  1.187663E-03  1.993548E-05  2.325671E-05  2.961396E-05  6.221243E-06
 2.881500E+02  2.152031E-01  1.153432E-04  1.382541E-08  1.823397E-08  2.030828E-08  2.432440E-08  5.430754E-01  1.711322E-03  3.706196E-05  1.677045E-01  6.699189E-04  1.750019E-05  4.236959E-07  8.223938E-03  3.715166E-06  1.276756E-05  5.967911E-07  6.111539E-02  1.028233E-05  4.443681E-07  3.854244E-07  8.574783E-04  1.166375E-03  1.868198E-05  2.172464E-05  2.767332E-05  5.882542E-06
 2.891500E+02  2.157480E-01  1.140629E-04  1.334340E-08  1.760360E-08  1.960750E-08  2.349170E-08  5.432187E-01  1.675394E-03  3.451582E-05  1.681958E-01  6.595765E-04  1.644913E-05  4.122121E-07  8.056911E-03  3.499569E-06  1.206179E-05  5.703992E-07  6.019638E-02  9.776676E-06  4.283866E-07  3.712745E-07  8.422236E-04  1.145582E-03  1.751416E-05  2.030279E-05  2.587165E-05  5.564223E-06
 2.901500E+02  2.162822E-01  1.128004E-04  1.288068E-08  1.699827E-08  1.893451E-08  2.269180E-08  5.433579E-01  1.640486E-03  3.216136E-05  1.686777E-01  6.494206E-04  1.546629E-05  4.010812E-07  7.894290E-03  3.297863E-06  1.139958E-05  5.453334E-07  5.929434E-02  9.298404E-06  4.130593E-07  3.577147E-07  8.273213E-04  1.125272E-03  1.642574E-05  1.898261E-05  2.419821E-05  5.264954E-06
 2.911500E+02  2.168058E-01  1.115556E-04  1.243642E-08  1.641690E-08  1.828811E-08  2.192327E-08  5.434932E-01  1.606562E-03  2.998297E-05  1.691505E-01  6.394482E-04  1.454694E-05  3.902920E-07  7.735941E-03  3.109071E-06  1.077799E-05  5.215204E-07  5.840898E-02  8.845917E-06  3.983571E-07  3.447184E-07  8.127622E-04  1.105431E-03  1.541093E-05  1.775628E-05  2.264317E-05  4.983500E-06
 2.921500E+02  2.173192E-01  1.103283E-04  1.200979E-08  1.585844E-08  1.766715E-08  2.118477E-08  5.436248E-01  1.573590E-03  2.796641E-05  1.696143E-01  6.296564E-04  1.368671E-05  3.798334E-07  7.581734E-03  2.932293E-06  1.019429E-05  4.988911E-07  5.754000E-02  8.417716E-06  3.842521E-07  3.322599E-07  7.985374E-04  1.086048E-03  1.446439E-05  1.661659E-05  2.119749E-05  4.718710E-06
 2.931500E+02  2.178224E-01  1.091183E-04  1.160005E-08  1.532190E-08  1.707052E-08  2.047501E-08  5.437527E-01  1.541536E-03  2.609868E-05  1.700694E-01  6.200424E-04  1.288155E-05  3.696949E-07  7.431544E-03  2.766693E-06  9.645958E-06  4.773805E-07  5.668711E-02  8.012396E-06  3.707180E-07  3.203151E-07  7.846382E-04  1.067111E-03  1.358117E-05  1.555693E-05  1.985286E-05  4.469511E-06
 2.941500E+02  2.183158E-01  1.079255E-04  1.120644E-08  1.480635E-08  1.649719E-08  1.979277E-08  5.438770E-01  1.510371E-03  2.436789E-05  1.705158E-01  6.106032E-04  1.212770E-05  3.598661E-07  7.285248E-03  2.611501E-06  9.130635E-06  4.569276E-07  5.585003E-02  7.628638E-06  3.577294E-07  3.088606E-07  7.710561E-04  1.048607E-03  1.275674E-05  1.457126E-05  1.860165E-05  4.234907E-06
 2.951500E+02  2.187994E-01  1.067497E-04  1.082828E-08  1.431088E-08  1.594615E-08  1.913687E-08  5.439980E-01  1.480063E-03  2.276316E-05  1.709538E-01  6.013359E-04  1.142167E-05  3.503371E-07  7.142728E-03  2.466002E-06  8.646148E-06  4.374749E-07  5.502847E-02  7.265204E-06  3.452623E-07  2.978746E-07  7.577828E-04  1.030526E-03  1.198689E-05  1.365398E-05  1.743687E-05  4.013968E-06
 2.961500E+02  2.192736E-01  1.055907E-04  1.046490E-08  1.383462E-08  1.541644E-08  1.850618E-08  5.441158E-01  1.450586E-03  2.127456E-05  1.713834E-01  5.922377E-04  1.076022E-05  3.410983E-07  7.003873E-03  2.329534E-06  8.190473E-06  4.189683E-07  5.422215E-02  6.920929E-06  3.332938E-07  2.873361E-07  7.448103E-04  1.012856E-03  1.126772E-05  1.279997E-05  1.635206E-05  3.805828E-06
 2.971500E+02  2.197384E-01  1.044483E-04  1.011566E-08  1.337675E-08  1.490716E-08  1.789965E-08  5.442303E-01  1.421911E-03  1.989296E-05  1.718050E-01  5.833056E-04  1.014033E-05  3.321402E-07  6.868570E-03  2.201486E-06  7.761729E-06  4.013570E-07  5.343078E-02  6.594723E-06  3.218020E-07  2.772251E-07  7.321309E-04  9.955870E-04  1.059566E-05  1.200452E-05  1.534128E-05  3.609681E-06
 2.981500E+02  2.201942E-01  1.033224E-04  9.779944E-09  1.293650E-08  1.441744E-08  1.731625E-08  5.443418E-01  1.394011E-03  1.861005E-05  1.722186E-01  5.745369E-04  9.559219E-06  3.234537E-07  6.736715E-03  2.081288E-06  7.358170E-06  3.845928E-07  5.265410E-02  6.285559E-06  3.107661E-07  2.675225E-07  7.197370E-04  9.787081E-04  9.967384E-06  1.126329E-05  1.439907E-05  3.424775E-06
 2.991500E+02  2.206410E-01  1.022126E-04  9.457187E-09  1.251311E-08  1.394644E-08  1.675500E-08  5.444503E-01  1.366862E-03  1.741817E-05  1.726244E-01  5.659286E-04  9.014290E-06  3.150302E-07  6.608204E-03  1.968416E-06  6.978172E-06  3.686308E-07  5.189183E-02  5.992472E-06  3.001662E-07  2.582102E-07  7.076211E-04  9.622093E-04  9.379817E-06  1.057228E-05  1.352040E-05  3.250406E-06
 3.001500E+02  2.210792E-01  1.011190E-04  9.146832E-09  1.210587E-08  1.349338E-08  1.621498E-08  5.445560E-01  1.340439E-03  1.631031E-05  1.730225E-01  5.574780E-04  8.503130E-06  3.068611E-07  6.482938E-03  1.862379E-06  6.620222E-06  3.534283E-07  5.114370E-02  5.714559E-06  2.899834E-07  2.492710E-07  6.957761E-04  9.460807E-04  8.830122E-06  9.927815E-06  1.270063E-05  3.085922E-06
 3.011500E+02  2.215087E-01  1.000412E-04  8.848350E-09  1.171410E-08  1.305750E-08  1.569530E-08  5.446589E-01  1.314718E-03  1.528005E-05  1.734131E-01  5.491823E-04  8.023500E-06  2.989382E-07  6.360822E-03  1.762724E-06  6.282914E-06  3.389452E-07  5.040944E-02  5.450966E-06  2.801996E-07  2.406885E-07  6.841951E-04  9.303127E-04  8.315667E-06  9.326496E-06  1.193549E-05  2.930711E-06
 3.021500E+02  2.219299E-01  9.897902E-05  8.561239E-09  1.133714E-08  1.263808E-08  1.519511E-08  5.447592E-01  1.289676E-03  1.432150E-05  1.737964E-01  5.410387E-04  7.573315E-06  2.912535E-07  6.241761E-03  1.669032E-06  5.964941E-06  3.251439E-07  4.968879E-02  5.200893E-06  2.707975E-07  2.324469E-07  6.728711E-04  9.148961E-04  7.834018E-06  8.765200E-06  1.122104E-05  2.784203E-06
 3.031500E+02  2.223430E-01  9.793234E-05  8.285018E-09  1.097438E-08  1.223443E-08  1.471359E-08  5.448568E-01  1.265293E-03  1.342922E-05  1.741724E-01  5.330445E-04  7.150638E-06  2.837994E-07  6.125666E-03  1.580911E-06  5.665081E-06  3.119885E-07  4.898149E-02  4.963587E-06  2.617608E-07  2.245313E-07  6.617977E-04  8.998216E-04  7.382919E-06  8.241041E-06  1.055363E-05  2.645865E-06
 3.041500E+02  2.227480E-01  9.690092E-05  8.019229E-09  1.062522E-08  1.184589E-08  1.424998E-08  5.449520E-01  1.241546E-03  1.259825E-05  1.745414E-01  5.251970E-04  6.753665E-06  2.765683E-07  6.012451E-03  1.497997E-06  5.382200E-06  2.994456E-07  4.828728E-02  4.738341E-06  2.530737E-07  2.169275E-07  6.509684E-04  8.850806E-04  6.960280E-06  7.751359E-06  9.929920E-06  2.515200E-06
 3.051500E+02  2.231451E-01  9.588457E-05  7.763435E-09  1.028910E-08  1.147183E-08  1.380353E-08  5.450447E-01  1.218415E-03  1.182401E-05  1.749035E-01  5.174934E-04  6.380721E-06  2.695531E-07  5.902031E-03  1.419954E-06  5.115239E-06  2.874834E-07  4.760592E-02  4.524489E-06  2.447214E-07  2.096219E-07  6.403770E-04  8.706645E-04  6.564162E-06  7.293696E-06  9.346795E-06  2.391742E-06
 3.061500E+02  2.235346E-01  9.488310E-05  7.517216E-09  9.965464E-09  1.111165E-08  1.337354E-08  5.451351E-01  1.195882E-03  1.110228E-05  1.752588E-01  5.099312E-04  6.030244E-06  2.627467E-07  5.794325E-03  1.346468E-06  4.863211E-06  2.760720E-07  4.693715E-02  4.321403E-06  2.366894E-07  2.026015E-07  6.300174E-04  8.565648E-04  6.192770E-06  6.865782E-06  8.801395E-06  2.275058E-06
 3.071500E+02  2.239165E-01  9.389629E-05  7.280174E-09  9.653808E-09  1.076478E-08  1.295932E-08  5.452232E-01  1.173927E-03  1.042920E-05  1.756074E-01  5.025078E-04  5.700779E-06  2.561426E-07  5.689253E-03  1.277245E-06  4.625195E-06  2.651831E-07  4.628073E-02  4.128493E-06  2.289643E-07  1.958541E-07  6.198837E-04  8.427736E-04  5.844436E-06  6.465520E-06  8.291073E-06  2.164740E-06
 3.081500E+02  2.242911E-01  9.292395E-05  7.051928E-09  9.353634E-09  1.043066E-08  1.256025E-08  5.453090E-01  1.152532E-03  9.801200E-06  1.759495E-01  4.952205E-04  5.390975E-06  2.497340E-07  5.586741E-03  1.212016E-06  4.400332E-06  2.547901E-07  4.563642E-02  3.945204E-06  2.215330E-07  1.893679E-07  6.099701E-04  8.292829E-04  5.517613E-06  6.090973E-06  7.813380E-06  2.060409E-06
 3.091500E+02  2.246585E-01  9.196589E-05  6.832113E-09  9.064470E-09  1.010879E-08  1.217568E-08  5.453928E-01  1.131680E-03  9.214991E-06  1.762853E-01  4.880668E-04  5.099568E-06  2.435148E-07  5.486713E-03  1.150526E-06  4.187821E-06  2.448679E-07  4.500398E-02  3.771014E-06  2.143831E-07  1.831317E-07  6.002711E-04  8.160850E-04  5.210866E-06  5.740347E-06  7.366051E-06  1.961708E-06
 3.101500E+02  2.250189E-01  9.102191E-05  6.620382E-09  8.785864E-09  9.798644E-09  1.180505E-08  5.454745E-01  1.111353E-03  8.667549E-06  1.766148E-01  4.810442E-04  4.825385E-06  2.374788E-07  5.389100E-03  1.092540E-06  3.986913E-06  2.353926E-07  4.438319E-02  3.605430E-06  2.075027E-07  1.771348E-07  5.907813E-04  8.031726E-04  4.922860E-06  5.411983E-06  6.946989E-06  1.868307E-06
 3.111500E+02  2.253723E-01  9.009180E-05  6.416403E-09  8.517387E-09  9.499759E-09  1.144778E-08  5.455542E-01  1.091536E-03  8.156082E-06  1.769381E-01  4.741502E-04  4.567330E-06  2.316201E-07  5.293831E-03  1.037839E-06  3.796908E-06  2.263418E-07  4.377380E-02  3.447988E-06  2.008807E-07  1.713669E-07  5.814954E-04  7.905384E-04  4.652358E-06  5.104348E-06  6.554255E-06  1.779891E-06
 3.121500E+02  2.257190E-01  8.917538E-05  6.219857E-09  8.258625E-09  9.211673E-09  1.110333E-08  5.456319E-01  1.072213E-03  7.678016E-06  1.772555E-01  4.673824E-04  4.324381E-06  2.259330E-07  5.200840E-03  9.862180E-07  3.617153E-06  2.176942E-07  4.317560E-02  3.298251E-06  1.945061E-07  1.658184E-07  5.724081E-04  7.781753E-04  4.398208E-06  4.816019E-06  6.186050E-06  1.696170E-06
 3.131500E+02  2.260591E-01  8.827244E-05  6.030442E-09  8.009186E-09  8.933950E-09  1.077119E-08  5.457077E-01  1.053369E-03  7.230974E-06  1.775670E-01  4.607383E-04  4.095587E-06  2.204121E-07  5.110062E-03  9.374857E-07  3.447036E-06  2.094298E-07  4.258836E-02  3.155808E-06  1.883688E-07  1.604799E-07  5.635147E-04  7.660766E-04  4.159340E-06  4.545680E-06  5.840709E-06  1.616871E-06
 3.141500E+02  2.263927E-01  8.738280E-05  5.847868E-09  7.768691E-09  8.666171E-09  1.045086E-08  5.457817E-01  1.034989E-03  6.812763E-06  1.778727E-01  4.542157E-04  3.880058E-06  2.150519E-07  5.021435E-03  8.914645E-07  3.285987E-06  2.015295E-07  4.201187E-02  3.020269E-06  1.824587E-07  1.553427E-07  5.548101E-04  7.542355E-04  3.934758E-06  4.292110E-06  5.516688E-06  1.541737E-06
 3.151500E+02  2.267199E-01  8.650625E-05  5.671856E-09  7.536782E-09  8.407936E-09  1.014188E-08  5.458540E-01  1.017060E-03  6.421354E-06  1.781728E-01  4.478121E-04  3.676966E-06  2.098473E-07  4.934898E-03  8.479883E-07  3.133471E-06  1.939755E-07  4.144591E-02  2.891269E-06  1.767666E-07  1.503982E-07  5.462897E-04  7.426456E-04  3.723538E-06  4.054179E-06  5.212554E-06  1.470528E-06
 3.161500E+02  2.270410E-01  8.564260E-05  5.502144E-09  7.313114E-09  8.158864E-09  9.843786E-09  5.459245E-01  9.995675E-04  6.054876E-06  1.784673E-01  4.415252E-04  3.485536E-06  2.047933E-07  4.850392E-03  8.069020E-07  2.988987E-06  1.867507E-07  4.089027E-02  2.768462E-06  1.712835E-07  1.456383E-07  5.379489E-04  7.313006E-04  3.524816E-06  3.830837E-06  4.926979E-06  1.403018E-06
 3.171500E+02  2.273560E-01  8.479168E-05  5.338476E-09  7.097358E-09  7.918589E-09  9.556153E-09  5.459933E-01  9.824987E-04  5.711596E-06  1.787565E-01  4.353529E-04  3.305047E-06  1.998852E-07  4.767861E-03  7.680608E-07  2.852068E-06  1.798391E-07  4.034476E-02  2.651524E-06  1.660008E-07  1.410555E-07  5.297833E-04  7.201944E-04  3.337791E-06  3.621110E-06  4.658731E-06  1.338997E-06
 3.181500E+02  2.276651E-01  8.395327E-05  5.180612E-09  6.889198E-09  7.686761E-09  9.278566E-09  5.460605E-01  9.658410E-04  5.389910E-06  1.790403E-01  4.292929E-04  3.134822E-06  1.951183E-07  4.687249E-03  7.313294E-07  2.722274E-06  1.732254E-07  3.980915E-02  2.540146E-06  1.609103E-07  1.366422E-07  5.217884E-04  7.093210E-04  3.161717E-06  3.424096E-06  4.406663E-06  1.278267E-06
 3.191500E+02  2.279683E-01  8.312720E-05  5.028318E-09  6.688334E-09  7.463046E-09  9.010630E-09  5.461262E-01  9.495822E-04  5.088338E-06  1.793190E-01  4.233429E-04  2.974233E-06  1.904881E-07  4.608503E-03  6.965815E-07  2.599195E-06  1.668953E-07  3.928326E-02  2.434040E-06  1.560041E-07  1.323916E-07  5.139600E-04  6.986747E-04  2.995897E-06  3.238954E-06  4.169713E-06  1.220641E-06
 3.201500E+02  2.282659E-01  8.231329E-05  4.881375E-09  6.494477E-09  7.247123E-09  8.751966E-09  5.461903E-01  9.337107E-04  4.805504E-06  1.795925E-01  4.175009E-04  2.822689E-06  1.859901E-07  4.531571E-03  6.636987E-07  2.482447E-06  1.608351E-07  3.876689E-02  2.332931E-06  1.512748E-07  1.282968E-07  5.062942E-04  6.882499E-04  2.839684E-06  3.064906E-06  3.946893E-06  1.165945E-06
 3.211500E+02  2.285579E-01  8.151134E-05  4.739569E-09  6.307352E-09  7.038687E-09  8.502212E-09  5.462529E-01  9.182149E-04  4.540138E-06  1.798611E-01  4.117647E-04  2.679639E-06  1.816203E-07  4.456404E-03  6.325707E-07  2.371667E-06  1.550319E-07  3.825985E-02  2.236561E-06  1.467152E-07  1.243515E-07  4.987867E-04  6.780410E-04  2.692472E-06  2.901227E-06  3.737284E-06  1.114014E-06
 3.221500E+02  2.288445E-01  8.072117E-05  4.602697E-09  6.126694E-09  6.837444E-09  8.261022E-09  5.463140E-01  9.030841E-04  4.291061E-06  1.801248E-01  4.061323E-04  2.544569E-06  1.773746E-07  4.382953E-03  6.030939E-07  2.266517E-06  1.494734E-07  3.776196E-02  2.144686E-06  1.423186E-07  1.205496E-07  4.914339E-04  6.680428E-04  2.553699E-06  2.747244E-06  3.540031E-06  1.064695E-06
 3.231500E+02  2.291257E-01  7.994260E-05  4.470567E-09  5.952251E-09  6.643113E-09  8.028063E-09  5.463738E-01  8.883076E-04  4.057180E-06  1.803837E-01  4.006016E-04  2.416998E-06  1.732490E-07  4.311171E-03  5.751716E-07  2.166681E-06  1.441481E-07  3.727302E-02  2.057076E-06  1.380782E-07  1.168851E-07  4.842318E-04  6.582500E-04  2.422838E-06  2.602331E-06  3.354340E-06  1.017844E-06
 3.241500E+02  2.294018E-01  7.917546E-05  4.342992E-09  5.783781E-09  6.455426E-09  7.803017E-09  5.464322E-01  8.738751E-04  3.837481E-06  1.806379E-01  3.951706E-04  2.296474E-06  1.692398E-07  4.241012E-03  5.487132E-07  2.071859E-06  1.390449E-07  3.679286E-02  1.973513E-06  1.339880E-07  1.133526E-07  4.771768E-04  6.486577E-04  2.299399E-06  2.465904E-06  3.179471E-06  9.733230E-07
 3.251500E+02  2.296727E-01  7.841956E-05  4.219795E-09  5.621052E-09  6.274126E-09  7.585580E-09  5.464893E-01  8.597769E-04  3.631023E-06  1.808875E-01  3.898373E-04  2.182577E-06  1.653433E-07  4.172432E-03  5.236338E-07  1.981772E-06  1.341534E-07  3.632130E-02  1.893791E-06  1.300419E-07  1.099467E-07  4.702654E-04  6.392610E-04  2.182924E-06  2.337421E-06  3.014736E-06  9.310055E-07
 3.261500E+02  2.299386E-01  7.767472E-05  4.100804E-09  5.463842E-09  6.098967E-09  7.375460E-09  5.465451E-01  8.460033E-04  3.436934E-06  1.811326E-01  3.845999E-04  2.074911E-06  1.615558E-07  4.105390E-03  4.998539E-07  1.896158E-06  1.294638E-07  3.585817E-02  1.817717E-06  1.262341E-07  1.066623E-07  4.634941E-04  6.300550E-04  2.072986E-06  2.216378E-06  2.859493E-06  8.907708E-07
 3.271500E+02  2.301996E-01  7.694079E-05  3.985858E-09  5.311940E-09  5.929712E-09  7.172378E-09  5.465996E-01  8.325451E-04  3.254403E-06  1.813734E-01  3.794564E-04  1.973107E-06  1.578742E-07  4.039842E-03  4.772990E-07  1.814769E-06  1.249666E-07  3.540329E-02  1.745107E-06  1.225593E-07  1.034944E-07  4.568594E-04  6.210352E-04  1.969185E-06  2.102303E-06  2.713144E-06  8.525058E-07
 3.281500E+02  2.304558E-01  7.621758E-05  3.874801E-09  5.165142E-09  5.766135E-09  6.976065E-09  5.466529E-01  8.193934E-04  3.082676E-06  1.816098E-01  3.744049E-04  1.876819E-06  1.542949E-07  3.975750E-03  4.558993E-07  1.737374E-06  1.206530E-07  3.495651E-02  1.675786E-06  1.190122E-07  1.004385E-07  4.503580E-04  6.121971E-04  1.871149E-06  1.994759E-06  2.575133E-06  8.161040E-07
 3.291500E+02  2.307074E-01  7.550493E-05  3.767483E-09  5.023254E-09  5.608021E-09  6.786266E-09  5.467051E-01  8.065396E-04  2.921053E-06  1.818420E-01  3.694437E-04  1.785723E-06  1.508148E-07  3.913074E-03  4.355891E-07  1.663754E-06  1.165144E-07  3.451766E-02  1.609590E-06  1.155878E-07  9.749004E-08  4.439869E-04  6.035363E-04  1.778527E-06  1.893338E-06  2.444941E-06  7.814651E-07
 3.301500E+02  2.309544E-01  7.480266E-05  3.663760E-09  4.886087E-09  5.455161E-09  6.602735E-09  5.467560E-01  7.939753E-04  2.768882E-06  1.820701E-01  3.645709E-04  1.699515E-06  1.474308E-07  3.851776E-03  4.163071E-07  1.593705E-06  1.125430E-07  3.408657E-02  1.546364E-06  1.122812E-07  9.464480E-08  4.377428E-04  5.950485E-04  1.690996E-06  1.797657E-06  2.322082E-06  7.484948E-07
 3.311500E+02  2.311968E-01  7.411062E-05  3.563497E-09  4.753464E-09  5.307357E-09  6.425236E-09  5.468059E-01  7.816925E-04  2.625558E-06  1.822941E-01  3.597849E-04  1.617911E-06  1.441400E-07  3.791820E-03  3.979955E-07  1.527034E-06  1.087310E-07  3.366309E-02  1.485962E-06  1.090880E-07  9.189869E-08  4.316227E-04  5.867296E-04  1.608249E-06  1.707363E-06  2.206106E-06  7.171042E-07
 3.321500E+02  2.314349E-01  7.342864E-05  3.466562E-09  4.625214E-09  5.164419E-09  6.253543E-09  5.468547E-01  7.696833E-04  2.490517E-06  1.825141E-01  3.550837E-04  1.540643E-06  1.409394E-07  3.733171E-03  3.806002E-07  1.463559E-06  1.050713E-07  3.324708E-02  1.428243E-06  1.060036E-07  8.924780E-08  4.256236E-04  5.785755E-04  1.530002E-06  1.622122E-06  2.096589E-06  6.872096E-07
 3.331500E+02  2.316687E-01  7.275656E-05  3.372828E-09  4.501171E-09  5.026164E-09  6.087439E-09  5.469024E-01  7.579402E-04  2.363235E-06  1.827302E-01  3.504659E-04  1.467461E-06  1.378262E-07  3.675793E-03  3.640704E-07  1.403109E-06  1.015569E-07  3.283836E-02  1.373076E-06  1.030239E-07  8.668839E-08  4.197428E-04  5.705823E-04  1.455987E-06  1.541626E-06  1.993139E-06  6.587320E-07
 3.341500E+02  2.318982E-01  7.209423E-05  3.282176E-09  4.381179E-09  4.892417E-09  5.926717E-09  5.469490E-01  7.464559E-04  2.243221E-06  1.829426E-01  3.459297E-04  1.398130E-06  1.347978E-07  3.619655E-03  3.483582E-07  1.345525E-06  9.818131E-08  3.243681E-02  1.320337E-06  1.001449E-07  8.421689E-08  4.139773E-04  5.627462E-04  1.385955E-06  1.465586E-06  1.895386E-06  6.315972E-07
 3.351500E+02  2.321237E-01  7.144148E-05  3.194489E-09  4.265087E-09  4.763011E-09  5.771178E-09  5.469947E-01  7.352233E-04  2.130021E-06  1.831512E-01  3.414735E-04  1.332430E-06  1.318515E-07  3.564722E-03  3.334187E-07  1.290653E-06  9.493838E-08  3.204228E-02  1.269906E-06  9.736272E-08  8.182988E-08  4.083245E-04  5.550635E-04  1.319671E-06  1.393731E-06  1.802988E-06  6.057349E-07
 3.361500E+02  2.323451E-01  7.079816E-05  3.109658E-09  4.152749E-09  4.637783E-09  5.620631E-09  5.470394E-01  7.242356E-04  2.023211E-06  1.833561E-01  3.370956E-04  1.270153E-06  1.289848E-07  3.510965E-03  3.192098E-07  1.238353E-06  9.182218E-08  3.165462E-02  1.221673E-06  9.467362E-08  7.952409E-08  4.027818E-04  5.475305E-04  1.256918E-06  1.325810E-06  1.715623E-06  5.810790E-07
 3.371500E+02  2.325625E-01  7.016412E-05  3.027575E-09  4.044027E-09  4.516581E-09  5.474892E-09  5.470831E-01  7.134861E-04  1.922394E-06  1.835575E-01  3.327947E-04  1.211107E-06  1.261952E-07  3.458351E-03  3.056918E-07  1.188488E-06  8.882709E-08  3.127369E-02  1.175532E-06  9.207410E-08  7.729638E-08  3.973464E-04  5.401438E-04  1.197488E-06  1.261585E-06  1.632990E-06  5.575671E-07
 3.381500E+02  2.327761E-01  6.953920E-05  2.948139E-09  3.938788E-09  4.399255E-09  5.333785E-09  5.471259E-01  7.029685E-04  1.827201E-06  1.837553E-01  3.285690E-04  1.155108E-06  1.234805E-07  3.406853E-03  2.928273E-07  1.140934E-06  8.594779E-08  3.089937E-02  1.131381E-06  8.956076E-08  7.514374E-08  3.920160E-04  5.328998E-04  1.141190E-06  1.200838E-06  1.554809E-06  5.351404E-07
 3.391500E+02  2.329859E-01  6.892328E-05  2.871253E-09  3.836904E-09  4.285664E-09  5.197143E-09  5.471678E-01  6.926765E-04  1.737287E-06  1.839498E-01  3.244172E-04  1.101985E-06  1.208383E-07  3.356441E-03  2.805811E-07  1.095569E-06  8.317920E-08  3.053152E-02  1.089126E-06  8.713034E-08  7.306331E-08  3.867881E-04  5.257954E-04  1.087843E-06  1.143360E-06  1.480815E-06  5.137433E-07
 3.401500E+02  2.331920E-01  6.831619E-05  2.796822E-09  3.738252E-09  4.175673E-09  5.064802E-09  5.472089E-01  6.826041E-04  1.652330E-06  1.841408E-01  3.203377E-04  1.051578E-06  1.182664E-07  3.307087E-03  2.689203E-07  1.052282E-06  8.051649E-08  3.017000E-02  1.048677E-06  8.477973E-08  7.105232E-08  3.816602E-04  5.188271E-04  1.037279E-06  1.088960E-06  1.410764E-06  4.933233E-07
 3.411500E+02  2.333945E-01  6.771779E-05  2.724757E-09  3.642716E-09  4.069149E-09  4.936608E-09  5.472490E-01  6.727455E-04  1.572031E-06  1.843286E-01  3.163291E-04  1.003734E-06  1.157627E-07  3.258765E-03  2.578137E-07  1.010966E-06  7.795506E-08  2.981469E-02  1.009947E-06  8.250595E-08  6.910815E-08  3.766302E-04  5.119919E-04  9.893376E-07  1.037456E-06  1.344424E-06  4.738308E-07
 3.421500E+02  2.335934E-01  6.712794E-05  2.654971E-09  3.550181E-09  3.965967E-09  4.812412E-09  5.472884E-01  6.630950E-04  1.496108E-06  1.845131E-01  3.123900E-04  9.583122E-07  1.133251E-07  3.211447E-03  2.472320E-07  9.715201E-07  7.549054E-08  2.946547E-02  9.728564E-07  8.030614E-08  6.722826E-08  3.716957E-04  5.052867E-04  9.438708E-07  9.886800E-07  1.281579E-06  4.552190E-07
 3.431500E+02  2.337888E-01  6.654651E-05  2.587382E-09  3.460541E-09  3.866008E-09  4.692070E-09  5.473269E-01  6.536472E-04  1.424299E-06  1.846944E-01  3.085190E-04  9.151782E-07  1.109517E-07  3.165110E-03  2.371475E-07  9.338503E-07  7.311876E-08  2.912222E-02  9.373273E-07  7.817753E-08  6.541022E-08  3.668544E-04  4.987085E-04  9.007385E-07  9.424722E-07  1.222028E-06  4.374437E-07
 3.441500E+02  2.339808E-01  6.597336E-05  2.521910E-09  3.373689E-09  3.769155E-09  4.575444E-09  5.473646E-01  6.443968E-04  1.356359E-06  1.848727E-01  3.047148E-04  8.742064E-07  1.086405E-07  3.119727E-03  2.275342E-07  8.978669E-07  7.083575E-08  2.878481E-02  9.032868E-07  7.611752E-08  6.365173E-08  3.621044E-04  4.922543E-04  8.598094E-07  8.986846E-07  1.165580E-06  4.204631E-07
 3.451500E+02  2.341695E-01  6.540835E-05  2.458480E-09  3.289528E-09  3.675298E-09  4.462403E-09  5.474016E-01  6.353386E-04  1.292059E-06  1.850479E-01  3.009761E-04  8.352785E-07  1.063896E-07  3.075275E-03  2.183677E-07  8.634853E-07  6.863774E-08  2.845313E-02  8.706657E-07  7.412356E-08  6.195055E-08  3.574435E-04  4.859213E-04  8.209603E-07  8.571777E-07  1.112058E-06  4.042377E-07
 3.461500E+02  2.343548E-01  6.485134E-05  2.397017E-09  3.207961E-09  3.584329E-09  4.352819E-09  5.474378E-01  6.264676E-04  1.231182E-06  1.852201E-01  2.973015E-04  7.982831E-07  1.041972E-07  3.031731E-03  2.096246E-07  8.306257E-07  6.652113E-08  2.812707E-02  8.393980E-07  7.219324E-08  6.030456E-08  3.528697E-04  4.797068E-04  7.840752E-07  8.178212E-07  1.061295E-06  3.887301E-07
 3.471500E+02  2.345370E-01  6.430222E-05  2.337452E-09  3.128896E-09  3.496147E-09  4.246572E-09  5.474733E-01  6.177791E-04  1.173530E-06  1.853894E-01  2.936897E-04  7.631154E-07  1.020616E-07  2.989072E-03  2.012833E-07  7.992125E-07  6.448248E-08  2.780651E-02  8.094214E-07  7.032423E-08  5.871170E-08  3.483809E-04  4.736080E-04  7.490453E-07  7.804925E-07  1.013135E-06  3.739049E-07
 3.481500E+02  2.347161E-01  6.376085E-05  2.279717E-09  3.052244E-09  3.410652E-09  4.143543E-09  5.475080E-01  6.092683E-04  1.118914E-06  1.855558E-01  2.901396E-04  7.296767E-07  9.998116E-08  2.947276E-03  1.933231E-07  7.691744E-07  6.251851E-08  2.749134E-02  7.806765E-07  6.851430E-08  5.717002E-08  3.439754E-04  4.676223E-04  7.157683E-07  7.450768E-07  9.674301E-07  3.597286E-07
 3.491500E+02  2.348921E-01  6.322710E-05  2.223748E-09  2.977921E-09  3.327752E-09  4.043620E-09  5.475421E-01  6.009308E-04  1.067157E-06  1.857195E-01  2.866499E-04  6.978741E-07  9.795415E-08  2.906322E-03  1.857246E-07  7.404438E-07  6.062612E-08  2.718145E-02  7.531069E-07  6.676132E-08  5.567763E-08  3.396511E-04  4.617472E-04  6.841478E-07  7.114661E-07  9.240434E-07  3.461697E-07
 3.501500E+02  2.350650E-01  6.270085E-05  2.169481E-09  2.905845E-09  3.247353E-09  3.946695E-09  5.475754E-01  5.927620E-04  1.018095E-06  1.858804E-01  2.832194E-04  6.676199E-07  9.597903E-08  2.866188E-03  1.784694E-07  7.129569E-07  5.880233E-08  2.687675E-02  7.266591E-07  6.506322E-08  5.423273E-08  3.354063E-04  4.559802E-04  6.540934E-07  6.795593E-07  8.828451E-07  3.331981E-07
 3.511500E+02  2.352351E-01  6.218199E-05  2.116858E-09  2.835937E-09  3.169371E-09  3.852664E-09  5.476082E-01  5.847578E-04  9.715720E-07  1.860385E-01  2.798469E-04  6.388317E-07  9.405426E-08  2.826856E-03  1.715402E-07  6.866533E-07  5.704429E-08  2.657713E-02  7.012822E-07  6.341804E-08  5.283358E-08  3.312391E-04  4.503189E-04  6.255199E-07  6.492612E-07  8.437138E-07  3.207855E-07
 3.521500E+02  2.354022E-01  6.167037E-05  2.065821E-09  2.768123E-09  3.093720E-09  3.761428E-09  5.476402E-01  5.769139E-04  9.274443E-07  1.861941E-01  2.765313E-04  6.114318E-07  9.217838E-08  2.788304E-03  1.649207E-07  6.614757E-07  5.534931E-08  2.628249E-02  6.769277E-07  6.182389E-08  5.147854E-08  3.271480E-04  4.447608E-04  5.983472E-07  6.204826E-07  8.065351E-07  3.089049E-07
 3.531500E+02  2.355665E-01  6.116590E-05  2.016314E-09  2.702329E-09  3.020319E-09  3.672889E-09  5.476717E-01  5.692265E-04  8.855755E-07  1.863471E-01  2.732715E-04  5.853467E-07  9.034994E-08  2.750515E-03  1.585953E-07  6.373700E-07  5.371480E-08  2.599273E-02  6.535499E-07  6.027893E-08  5.016600E-08  3.231311E-04  4.393037E-04  5.724997E-07  5.931395E-07  7.712017E-07  2.975310E-07
 3.541500E+02  2.357280E-01  6.066845E-05  1.968285E-09  2.638486E-09  2.949093E-09  3.586956E-09  5.477025E-01  5.616915E-04  8.458378E-07  1.864975E-01  2.700664E-04  5.605074E-07  8.856756E-08  2.713470E-03  1.525495E-07  6.142850E-07  5.213829E-08  2.570775E-02  6.311048E-07  5.878144E-08  4.889443E-08  3.191868E-04  4.339453E-04  5.479065E-07  5.671530E-07  7.376125E-07  2.866396E-07
 3.551500E+02  2.358869E-01  6.017791E-05  1.921682E-09  2.576527E-09  2.879965E-09  3.503540E-09  5.477327E-01  5.543052E-04  8.081116E-07  1.866454E-01  2.669149E-04  5.368487E-07  8.682990E-08  2.677151E-03  1.467694E-07  5.921719E-07  5.061744E-08  2.542746E-02  6.095510E-07  5.732973E-08  4.766236E-08  3.153135E-04  4.286835E-04  5.245006E-07  5.424489E-07  7.056727E-07  2.762078E-07
 3.561500E+02  2.360430E-01  5.969417E-05  1.876457E-09  2.516387E-09  2.812864E-09  3.422555E-09  5.477623E-01  5.470640E-04  7.722843E-07  1.867909E-01  2.638160E-04  5.143090E-07  8.513567E-08  2.641539E-03  1.412420E-07  5.709849E-07  4.914999E-08  2.515177E-02  5.888489E-07  5.592219E-08  4.646838E-08  3.115096E-04  4.235160E-04  5.022189E-07  5.189575E-07  6.752929E-07  2.662140E-07
 3.571500E+02  2.361966E-01  5.921711E-05  1.832562E-09  2.458005E-09  2.747722E-09  3.343920E-09  5.477914E-01  5.399641E-04  7.382505E-07  1.869341E-01  2.607686E-04  4.928303E-07  8.348360E-08  2.606620E-03  1.359549E-07  5.506802E-07  4.773380E-08  2.488059E-02  5.689608E-07  5.455728E-08  4.531115E-08  3.077737E-04  4.184410E-04  4.810021E-07  4.966131E-07  6.463890E-07  2.566376E-07
 3.581500E+02  2.363476E-01  5.874663E-05  1.789952E-09  2.401321E-09  2.684472E-09  3.267554E-09  5.478199E-01  5.330023E-04  7.059108E-07  1.870748E-01  2.577717E-04  4.723578E-07  8.187249E-08  2.572375E-03  1.308963E-07  5.312166E-07  4.636681E-08  2.461383E-02  5.498510E-07  5.323349E-08  4.418935E-08  3.041042E-04  4.134562E-04  4.607941E-07  4.753538E-07  6.188818E-07  2.474591E-07
 3.591500E+02  2.364960E-01  5.828262E-05  1.748583E-09  2.346278E-09  2.623049E-09  3.193382E-09  5.478479E-01  5.261751E-04  6.751720E-07  1.872133E-01  2.548243E-04  4.528398E-07  8.030115E-08  2.538788E-03  1.260553E-07  5.125547E-07  4.504708E-08  2.435141E-02  5.314854E-07  5.194942E-08  4.310174E-08  3.004997E-04  4.085598E-04  4.415421E-07  4.551216E-07  5.926968E-07  2.386599E-07
 3.601500E+02  2.366421E-01  5.782497E-05  1.708413E-09  2.292820E-09  2.563394E-09  3.121331E-09  5.478753E-01  5.194793E-04  6.459466E-07  1.873495E-01  2.519255E-04  4.342273E-07  7.876845E-08  2.505845E-03  1.214213E-07  4.946574E-07  4.377272E-08  2.409323E-02  5.138315E-07  5.070367E-08  4.204711E-08  2.969588E-04  4.037498E-04  4.231963E-07  4.358617E-07  5.677638E-07  2.302226E-07
 3.611500E+02  2.367857E-01  5.737358E-05  1.669402E-09  2.240895E-09  2.505446E-09  3.051329E-09  5.479022E-01  5.129117E-04  6.181521E-07  1.874835E-01  2.490744E-04  4.164743E-07  7.727328E-08  2.473530E-03  1.169844E-07  4.774893E-07  4.254195E-08  2.383922E-02  4.968585E-07  4.949493E-08  4.102432E-08  2.934800E-04  3.990243E-04  4.057096E-07  4.175224E-07  5.440166E-07  2.221305E-07
 3.621500E+02  2.369270E-01  5.692836E-05  1.631512E-09  2.190451E-09  2.449149E-09  2.983310E-09  5.479286E-01  5.064692E-04  5.917110E-07  1.876154E-01  2.462699E-04  3.995371E-07  7.581457E-08  2.441829E-03  1.127353E-07  4.610171E-07  4.135306E-08  2.358929E-02  4.805368E-07  4.832193E-08  4.003226E-08  2.900622E-04  3.943816E-04  3.890378E-07  4.000552E-07  5.213930E-07  2.143677E-07
 3.631500E+02  2.370660E-01  5.648919E-05  1.594703E-09  2.141439E-09  2.394449E-09  2.917208E-09  5.479545E-01  5.001488E-04  5.665504E-07  1.877451E-01  2.435112E-04  3.833746E-07  7.439129E-08  2.410726E-03  1.086649E-07  4.452088E-07  4.020441E-08  2.334338E-02  4.648386E-07  4.718345E-08  3.906985E-08  2.867038E-04  3.898197E-04  3.731390E-07  3.834141E-07  4.998340E-07  2.069193E-07
 3.641500E+02  2.372027E-01  5.605599E-05  1.558942E-09  2.093812E-09  2.341291E-09  2.852959E-09  5.479799E-01  4.939476E-04  5.426015E-07  1.878728E-01  2.407974E-04  3.679477E-07  7.300244E-08  2.380208E-03  1.047648E-07  4.300343E-07  3.909444E-08  2.310139E-02  4.497370E-07  4.607831E-08  3.813608E-08  2.834037E-04  3.853371E-04  3.579735E-07  3.675561E-07  4.792844E-07  1.997709E-07
 3.651500E+02  2.373371E-01  5.562865E-05  1.524192E-09  2.047524E-09  2.289626E-09  2.790503E-09  5.480049E-01  4.878628E-04  5.197999E-07  1.879984E-01  2.381276E-04  3.532196E-07  7.164705E-08  2.350262E-03  1.010271E-07  4.154649E-07  3.802165E-08  2.286326E-02  4.352066E-07  4.500538E-08  3.722996E-08  2.801607E-04  3.809320E-04  3.435042E-07  3.524404E-07  4.596918E-07  1.929090E-07
 3.661500E+02  2.374694E-01  5.520708E-05  1.490421E-09  2.002531E-09  2.239405E-09  2.729782E-09  5.480293E-01  4.818917E-04  4.980845E-07  1.881220E-01  2.355011E-04  3.391555E-07  7.032417E-08  2.320873E-03  9.744420E-08  4.014733E-07  3.698461E-08  2.262890E-02  4.212231E-07  4.396357E-08  3.635054E-08  2.769734E-04  3.766027E-04  3.296957E-07  3.380285E-07  4.410068E-07  1.863207E-07
 3.671500E+02  2.375996E-01  5.479119E-05  1.457596E-09  1.958791E-09  2.190580E-09  2.670740E-09  5.480534E-01  4.760316E-04  4.773981E-07  1.882436E-01  2.329168E-04  3.257224E-07  6.903291E-08  2.292030E-03  9.400881E-08  3.880337E-07  3.598195E-08  2.239826E-02  4.077635E-07  4.295184E-08  3.549692E-08  2.738408E-04  3.723476E-04  3.165147E-07  3.242842E-07  4.231830E-07  1.799937E-07
 3.681500E+02  2.377277E-01  5.438088E-05  1.425687E-09  1.916263E-09  2.143107E-09  2.613322E-09  5.480770E-01  4.702798E-04  4.576866E-07  1.883634E-01  2.303742E-04  3.128891E-07  6.777236E-08  2.263720E-03  9.071413E-08  3.751215E-07  3.501236E-08  2.217125E-02  3.948057E-07  4.196918E-08  3.466821E-08  2.707617E-04  3.681652E-04  3.039297E-07  3.111732E-07  4.061764E-07  1.739165E-07
 3.691500E+02  2.378537E-01  5.397608E-05  1.394664E-09  1.874908E-09  2.096941E-09  2.557475E-09  5.481001E-01  4.646339E-04  4.388990E-07  1.884812E-01  2.278722E-04  3.006263E-07  6.654169E-08  2.235931E-03  8.755370E-08  3.627132E-07  3.407458E-08  2.194780E-02  3.823286E-07  4.101462E-08  3.386358E-08  2.677348E-04  3.640539E-04  2.919110E-07  2.986633E-07  3.899454E-07  1.680779E-07
 3.701500E+02  2.379778E-01  5.357667E-05  1.364497E-09  1.834689E-09  2.052041E-09  2.503151E-09  5.481229E-01  4.590913E-04  4.209874E-07  1.885972E-01  2.254102E-04  2.889058E-07  6.534005E-08  2.208650E-03  8.452134E-08  3.507866E-07  3.316741E-08  2.172786E-02  3.703122E-07  4.008723E-08  3.308221E-08  2.647593E-04  3.600123E-04  2.804303E-07  2.867238E-07  3.744509E-07  1.624675E-07
 3.711500E+02  2.380998E-01  5.318259E-05  1.335160E-09  1.795568E-09  2.008365E-09  2.450299E-09  5.481452E-01  4.536498E-04  4.039064E-07  1.887114E-01  2.229875E-04  2.777012E-07  6.416666E-08  2.181866E-03  8.161123E-08  3.393206E-07  3.228970E-08  2.151135E-02  3.587374E-07  3.918611E-08  3.232333E-08  2.618339E-04  3.560388E-04  2.694610E-07  2.753261E-07  3.596558E-07  1.570751E-07
 3.721500E+02  2.382199E-01  5.279375E-05  1.306625E-09  1.757510E-09  1.965876E-09  2.398874E-09  5.481672E-01  4.483071E-04  3.876132E-07  1.888237E-01  2.206031E-04  2.669876E-07  6.302073E-08  2.155569E-03  7.881782E-08  3.282951E-07  3.144034E-08  2.129820E-02  3.475858E-07  3.831039E-08  3.158618E-08  2.589576E-04  3.521320E-04  2.589780E-07  2.644428E-07  3.455251E-07  1.518912E-07
 3.731500E+02  2.383382E-01  5.241006E-05  1.278867E-09  1.720483E-09  1.924534E-09  2.348830E-09  5.481887E-01  4.430607E-04  3.720676E-07  1.889344E-01  2.182565E-04  2.567411E-07  6.190151E-08  2.129746E-03  7.613583E-08  3.176908E-07  3.061829E-08  2.108836E-02  3.368401E-07  3.745924E-08  3.087003E-08  2.561294E-04  3.482906E-04  2.489573E-07  2.540482E-07  3.320257E-07  1.469069E-07
