#         T/K            c1          c2-1          c3-4          c3-5          c3-7          c3-9            m1          m2-1          m3-1            w1            w2          w3-1          w3-2          c1m1        c1m2-1        c1m2-7        c2m1-1        c1w1-2        c1w2-1        c2w1-1        c2w1-9        m1w1-1        m1w1-4        m1w2-1        m2w1-1        m2w1-3      c1m1w1-1
 2.731500E+02  7.732136E-02  1.895543E-05  1.230340E-09  1.614850E-09  1.796649E-09  2.142281E-09  6.415592E-01  3.316636E-03  1.850625E-04  2.256431E-01  1.673940E-03  1.263054E-04  1.772200E-06  4.972690E-03  4.886499E-06  1.603416E-05  1.965932E-07  4.031538E-02  1.643808E-05  1.516650E-07  1.331779E-07  1.873780E-03  2.550719E-03  1.183679E-04  1.218573E-04  1.543339E-04  8.600495E-06
 2.741500E+02  7.770086E-02  1.879497E-05  1.189537E-09  1.561825E-09  1.737784E-09  2.072745E-09  6.417668E-01  3.238971E-03  1.709541E-04  2.260723E-01  1.640682E-03  1.174244E-04  1.711618E-06  4.869614E-03  4.580276E-06  1.507802E-05  1.876441E-07  3.966161E-02  1.552822E-05  1.459569E-07  1.280551E-07  1.834133E-03  2.496591E-03  1.098685E-04  1.128591E-04  1.429945E-04  8.088340E-06
 2.751500E+02  7.807297E-02  1.863461E-05  1.150167E-09  1.510641E-09  1.680958E-09  2.005593E-09  6.419669E-01  3.163703E-03  1.580161E-04  2.264917E-01  1.608249E-03  1.092185E-04  1.653439E-06  4.769128E-03  4.295092E-06  1.418468E-05  1.791443E-07  3.901988E-02  1.467339E-05  1.404844E-07  1.231482E-07  1.795572E-03  2.443953E-03  1.020309E-04  1.045829E-04  1.325609E-04  7.609551E-06
 2.761500E+02  7.843783E-02  1.847444E-05  1.112181E-09  1.461237E-09  1.626104E-09  1.940748E-09  6.421599E-01  3.090744E-03  1.461442E-04  2.269015E-01  1.576619E-03  1.016329E-04  1.597561E-06  4.671162E-03  4.029389E-06  1.334969E-05  1.710696E-07  3.839004E-02  1.387001E-05  1.352373E-07  1.184478E-07  1.758065E-03  2.392759E-03  9.479992E-05  9.696668E-05  1.229556E-04  7.161793E-06
 2.771500E+02  7.879556E-02  1.831455E-05  1.075532E-09  1.413554E-09  1.573155E-09  1.878133E-09  6.423460E-01  3.020011E-03  1.352438E-04  2.273020E-01  1.545771E-03  9.461761E-05  1.543882E-06  4.575651E-03  3.781732E-06  1.256892E-05  1.633973E-07  3.777191E-02  1.311477E-05  1.302059E-07  1.139448E-07  1.721577E-03  2.342964E-03  8.812532E-05  8.995380E-05  1.141078E-04  6.742901E-06
 2.781500E+02  7.914626E-02  1.815503E-05  1.040174E-09  1.367533E-09  1.522048E-09  1.817675E-09  6.425257E-01  2.951424E-03  1.252295E-04  2.276935E-01  1.515682E-03  8.812670E-05  1.492309E-06  4.482529E-03  3.550797E-06  1.183856E-05  1.561058E-07  3.716534E-02  1.240457E-05  1.253810E-07  1.096305E-07  1.686078E-03  2.294524E-03  8.196117E-05  8.349295E-05  1.059534E-04  6.350874E-06
 2.791500E+02  7.949008E-02  1.799595E-05  1.006063E-09  1.323117E-09  1.472720E-09  1.759302E-09  6.426993E-01  2.884905E-03  1.160236E-04  2.280762E-01  1.486333E-03  8.211829E-05  1.442749E-06  4.391733E-03  3.335365E-06  1.115508E-05  1.491749E-07  3.657013E-02  1.173654E-05  1.207536E-07  1.054966E-07  1.651536E-03  2.247396E-03  7.626560E-05  7.753741E-05  9.843390E-05  5.983856E-06
 2.801500E+02  7.982712E-02  1.783740E-05  9.731546E-10  1.280253E-09  1.425111E-09  1.702942E-09  6.428670E-01  2.820380E-03  1.075559E-04  2.284503E-01  1.457705E-03  7.655400E-05  1.395116E-06  4.303201E-03  3.134311E-06  1.051522E-05  1.425856E-07  3.598613E-02  1.110798E-05  1.163154E-07  1.015351E-07  1.617921E-03  2.201539E-03  7.100039E-05  7.204470E-05  9.149615E-05  5.640128E-06
 2.811500E+02  8.015751E-02  1.767945E-05  9.414082E-10  1.238887E-09  1.379161E-09  1.648530E-09  6.430291E-01  2.757778E-03  9.976266E-05  2.288162E-01  1.429776E-03  7.139870E-05  1.349327E-06  4.216871E-03  2.946597E-06  9.915965E-06  1.363196E-07  3.541315E-02  1.051639E-05  1.120582E-07  9.773861E-08  1.585204E-03  2.156913E-03  6.613063E-05  6.697611E-05  8.509171E-05  5.318097E-06
 2.821500E+02  8.048137E-02  1.752215E-05  9.107827E-10  1.198967E-09  1.334815E-09  1.595997E-09  6.431860E-01  2.697030E-03  9.258597E-05  2.291740E-01  1.402530E-03  6.662020E-05  1.305303E-06  4.132686E-03  2.771266E-06  9.354513E-06  1.303599E-07  3.485102E-02  9.959430E-06  1.079741E-07  9.409971E-08  1.553359E-03  2.113480E-03  6.162442E-05  6.229640E-05  7.917643E-05  5.016285E-06
 2.831500E+02  8.079881E-02  1.736558E-05  8.812387E-10  1.160442E-09  1.292015E-09  1.545280E-09  6.433377E-01  2.638072E-03  8.597323E-05  2.295239E-01  1.375946E-03  6.218897E-05  1.262969E-06  4.050588E-03  2.607433E-06  8.828277E-06  1.246904E-07  3.429955E-02  9.434918E-06  1.040558E-07  9.061153E-08  1.522357E-03  2.071202E-03  5.745259E-05  5.797344E-05  7.371007E-05  4.733322E-06
 2.841500E+02  8.110997E-02  1.720980E-05  8.527380E-10  1.123265E-09  1.250709E-09  1.496316E-09  6.434846E-01  2.580840E-03  7.987665E-05  2.298662E-01  1.350007E-03  5.807797E-05  1.222252E-06  3.970520E-03  2.454283E-06  8.334858E-06  1.192958E-07  3.375857E-02  8.940817E-06  1.002961E-07  8.726745E-08  1.492172E-03  2.030044E-03  5.358847E-05  5.397795E-05  6.865593E-05  4.467936E-06
 2.851500E+02  8.141495E-02  1.705486E-05  8.252437E-10  1.087387E-09  1.210844E-09  1.449046E-09  6.436268E-01  2.525274E-03  7.425276E-05  2.302010E-01  1.324696E-03  5.426238E-05  1.183083E-06  3.892429E-03  2.311060E-06  7.872031E-06  1.141619E-07  3.322791E-02  8.475226E-06  9.668822E-08  8.406114E-08  1.462780E-03  1.989971E-03  5.000766E-05  5.028318E-05  6.398048E-05  4.218947E-06
 2.861500E+02  8.171388E-02  1.690082E-05  7.987198E-10  1.052764E-09  1.172370E-09  1.403409E-09  6.437646E-01  2.471316E-03  6.906200E-05  2.305285E-01  1.299996E-03  5.071941E-05  1.145397E-06  3.816261E-03  2.177066E-06  7.437732E-06  1.092749E-07  3.270738E-02  8.036372E-06  9.322566E-08  8.098657E-08  1.434156E-03  1.950949E-03  4.668779E-05  4.686475E-05  5.965312E-05  3.985260E-06
 2.871500E+02  8.200686E-02  1.674772E-05  7.731317E-10  1.019351E-09  1.135237E-09  1.359351E-09  6.438981E-01  2.418909E-03  6.426836E-05  2.308490E-01  1.275889E-03  4.742816E-05  1.109131E-06  3.741964E-03  2.051658E-06  7.030050E-06  1.046220E-07  3.219680E-02  7.622597E-06  8.990217E-08  7.803796E-08  1.406277E-03  1.912946E-03  4.360841E-05  4.370035E-05  5.564591E-05  3.765858E-06
 2.881500E+02  8.229402E-02  1.659561E-05  7.484459E-10  9.871056E-10  1.099399E-09  1.316814E-09  6.440276E-01  2.368000E-03  5.983901E-05  2.311625E-01  1.252360E-03  4.436943E-05  1.074225E-06  3.669488E-03  1.934237E-06  6.647207E-06  1.001911E-07  3.169601E-02  7.232353E-06  8.671179E-08  7.520981E-08  1.379119E-03  1.875930E-03  4.075075E-05  4.076964E-05  5.193327E-05  3.559794E-06
 2.891500E+02  8.257547E-02  1.644453E-05  7.246300E-10  9.559855E-10  1.064810E-09  1.275746E-09  6.441531E-01  2.318539E-03  5.574404E-05  2.314694E-01  1.229393E-03  4.152556E-05  1.040622E-06  3.598784E-03  1.824251E-06  6.287556E-06  9.597074E-08  3.120482E-02  6.864193E-06  8.364884E-08  7.249685E-08  1.352660E-03  1.839872E-03  3.809761E-05  3.805397E-05  4.849182E-05  3.366190E-06
 2.901500E+02  8.285132E-02  1.629452E-05  7.016525E-10  9.259509E-10  1.031424E-09  1.236096E-09  6.442749E-01  2.270474E-03  5.195617E-05  2.317696E-01  1.206973E-03  3.888033E-05  1.008269E-06  3.529804E-03  1.721190E-06  5.949565E-06  9.195002E-08  3.072306E-02  6.516765E-06  8.070786E-08  6.989406E-08  1.326881E-03  1.804742E-03  3.563323E-05  3.553632E-05  4.530017E-05  3.184231E-06
 2.911500E+02  8.312168E-02  1.614562E-05  6.794832E-10  8.969630E-10  9.991998E-10  1.197812E-09  6.443931E-01  2.223759E-03  4.845049E-05  2.320635E-01  1.185084E-03  3.641882E-05  9.771111E-07  3.462501E-03  1.624579E-06  5.631811E-06  8.811871E-08  3.025055E-02  6.188806E-06  7.788364E-08  6.739663E-08  1.301759E-03  1.770512E-03  3.334313E-05  3.320109E-05  4.233872E-05  3.013156E-06
 2.921500E+02  8.338667E-02  1.599786E-05  6.580927E-10  8.689843E-10  9.680950E-10  1.160848E-09  6.445078E-01  2.178348E-03  4.520426E-05  2.323512E-01  1.163714E-03  3.412730E-05  9.471004E-07  3.396831E-03  1.533979E-06  5.332973E-06  8.446711E-08  2.978713E-02  5.879134E-06  7.517121E-08  6.499999E-08  1.277275E-03  1.737154E-03  3.121400E-05  3.103400E-05  3.958953E-05  2.852259E-06
 2.931500E+02  8.364639E-02  1.585127E-05  6.374529E-10  8.419786E-10  9.380698E-10  1.125155E-09  6.446192E-01  2.134198E-03  4.219670E-05  2.326327E-01  1.142847E-03  3.199315E-05  9.181891E-07  3.332750E-03  1.448984E-06  5.051822E-06  8.098605E-08  2.933262E-02  5.586644E-06  7.256581E-08  6.269975E-08  1.253410E-03  1.704643E-03  2.923365E-05  2.902197E-05  3.703615E-05  2.700882E-06
 2.941500E+02  8.390094E-02  1.570588E-05  6.175363E-10  8.159109E-10  9.090853E-10  1.090690E-09  6.447273E-01  2.091265E-03  3.940882E-05  2.329084E-01  1.122470E-03  3.000471E-05  8.903318E-07  3.270214E-03  1.369216E-06  4.787215E-06  7.766685E-08  2.888686E-02  5.310301E-06  7.006289E-08  6.049172E-08  1.230146E-03  1.672952E-03  2.739085E-05  2.715299E-05  3.466348E-05  2.558414E-06
 2.951500E+02  8.415044E-02  1.556172E-05  5.983167E-10  7.907472E-10  8.811041E-10  1.057407E-09  6.448325E-01  2.049509E-03  3.682325E-05  2.331782E-01  1.102570E-03  2.815129E-05  8.634851E-07  3.209182E-03  1.294325E-06  4.538086E-06  7.450132E-08  2.844968E-02  5.049140E-06  6.765808E-08  5.837193E-08  1.207463E-03  1.642057E-03  2.567529E-05  2.541607E-05  3.245770E-05  2.424285E-06
 2.961500E+02  8.439498E-02  1.541880E-05  5.797685E-10  7.664550E-10  8.540900E-10  1.025266E-09  6.449346E-01  2.008891E-03  3.442407E-05  2.334424E-01  1.083134E-03  2.642300E-05  8.376077E-07  3.149613E-03  1.223987E-06  4.303448E-06  7.148169E-08  2.802091E-02  4.802253E-06  6.534725E-08  5.633656E-08  1.185346E-03  1.611934E-03  2.407747E-05  2.380111E-05  3.040609E-05  2.297964E-06
 2.971500E+02  8.463467E-02  1.527715E-05  5.618673E-10  7.430027E-10  8.280082E-10  9.942240E-10  6.450339E-01  1.969374E-03  3.219673E-05  2.337011E-01  1.064149E-03  2.481073E-05  8.126600E-07  3.091469E-03  1.157899E-06  4.082378E-06  6.860061E-08  2.760039E-02  4.568793E-06  6.312641E-08  5.438196E-08  1.163777E-03  1.582560E-03  2.258866E-05  2.229884E-05  2.849698E-05  2.178957E-06
 2.981500E+02  8.486961E-02  1.513679E-05  5.445893E-10  7.203599E-10  8.028248E-10  9.642431E-10  6.451304E-01  1.930922E-03  3.012788E-05  2.339544E-01  1.045603E-03  2.330609E-05  7.886044E-07  3.034710E-03  1.095781E-06  3.874017E-06  6.585115E-08  2.718795E-02  4.347966E-06  6.099176E-08  5.250465E-08  1.142740E-03  1.553914E-03  2.120083E-05  2.090075E-05  2.671966E-05  2.066802E-06
 2.991500E+02  8.509990E-02  1.499774E-05  5.279118E-10  6.984972E-10  7.785075E-10  9.352848E-10  6.452243E-01  1.893499E-03  2.820531E-05  2.342024E-01  1.027486E-03  2.190133E-05  7.654047E-07  2.979300E-03  1.037374E-06  3.677565E-06  6.322672E-08  2.678345E-02  4.139029E-06  5.893968E-08  5.070133E-08  1.122220E-03  1.525973E-03  1.990657E-05  1.959901E-05  2.506426E-05  1.961071E-06
 3.001500E+02  8.532564E-02  1.486000E-05  5.118127E-10  6.773863E-10  7.550248E-10  9.073125E-10  6.453157E-01  1.857072E-03  2.641778E-05  2.344453E-01  1.009784E-03  2.058928E-05  7.430263E-07  2.925202E-03  9.824357E-07  3.492277E-06  6.072110E-08  2.638673E-02  3.941284E-06  5.696668E-08  4.896881E-08  1.102201E-03  1.498716E-03  1.869905E-05  1.838642E-05  2.352171E-05  1.861361E-06
 3.011500E+02  8.554691E-02  1.472359E-05  4.962709E-10  6.569999E-10  7.323465E-10  8.802908E-10  6.454045E-01  1.821609E-03  2.475501E-05  2.346833E-01  9.924873E-04  1.936335E-05  7.214364E-07  2.872381E-03  9.307406E-07  3.317458E-06  5.832838E-08  2.599762E-02  3.754079E-06  5.506945E-08  4.730407E-08  1.082669E-03  1.472125E-03  1.757199E-05  1.725637E-05  2.208368E-05  1.767300E-06
 3.021500E+02  8.576382E-02  1.458853E-05  4.812658E-10  6.373118E-10  7.104434E-10  8.541854E-10  6.454910E-01  1.787079E-03  2.320754E-05  2.349163E-01  9.755850E-04  1.821743E-05  7.006034E-07  2.820804E-03  8.820798E-07  3.152458E-06  5.604300E-08  2.561598E-02  3.576801E-06  5.324481E-08  4.570422E-08  1.063609E-03  1.446178E-03  1.651957E-05  1.620277E-05  2.074248E-05  1.678537E-06
 3.031500E+02  8.597645E-02  1.445481E-05  4.667777E-10  6.182963E-10  6.892874E-10  8.289635E-10  6.455752E-01  1.753452E-03  2.176670E-05  2.351446E-01  9.590665E-04  1.714588E-05  6.804972E-07  2.770436E-03  8.362586E-07  2.996673E-06  5.385966E-08  2.524165E-02  3.408876E-06  5.148974E-08  4.416650E-08  1.045007E-03  1.420858E-03  1.553645E-05  1.522001E-05  1.949103E-05  1.594748E-06
 3.041500E+02  8.618490E-02  1.432246E-05  4.527878E-10  5.999292E-10  6.688514E-10  8.045932E-10  6.456572E-01  1.720700E-03  2.042449E-05  2.353682E-01  9.429217E-04  1.614348E-05  6.610890E-07  2.721245E-03  7.930958E-07  2.849538E-06  5.177335E-08  2.487450E-02  3.249766E-06  4.980133E-08  4.268826E-08  1.026852E-03  1.396146E-03  1.461769E-05  1.430291E-05  1.832282E-05  1.515628E-06
 3.051500E+02  8.638926E-02  1.419147E-05  4.392777E-10  5.821869E-10  6.491092E-10  7.810439E-10  6.457370E-01  1.688793E-03  1.917360E-05  2.355873E-01  9.271406E-04  1.520540E-05  6.423511E-07  2.673200E-03  7.524228E-07  2.710526E-06  4.977934E-08  2.451437E-02  3.098965E-06  4.817681E-08  4.126699E-08  1.009129E-03  1.372024E-03  1.375871E-05  1.344672E-05  1.723183E-05  1.440893E-06
 3.061500E+02  8.658961E-02  1.406186E-05  4.262297E-10  5.650465E-10  6.300357E-10  7.582860E-10  6.458148E-01  1.657707E-03  1.800725E-05  2.358019E-01  9.117138E-04  1.432719E-05  6.242572E-07  2.626271E-03  7.140822E-07  2.579143E-06  4.787313E-08  2.416112E-02  2.956000E-06  4.661354E-08  3.990028E-08  9.918266E-04  1.348477E-03  1.295530E-05  1.264704E-05  1.621251E-05  1.370277E-06
 3.071500E+02  8.678604E-02  1.393362E-05  4.136270E-10  5.484863E-10  6.116066E-10  7.362911E-10  6.458905E-01  1.627415E-03  1.691925E-05  2.360122E-01  8.966318E-04  1.350471E-05  6.067822E-07  2.580427E-03  6.779277E-07  2.454930E-06  4.605046E-08  2.381462E-02  2.820425E-06  4.510896E-08  3.858583E-08  9.749324E-04  1.325486E-03  1.220356E-05  1.189982E-05  1.525976E-05  1.303532E-06
 3.081500E+02  8.697863E-02  1.380675E-05  4.014533E-10  5.324851E-10  5.937984E-10  7.150317E-10  6.459644E-01  1.597893E-03  1.590386E-05  2.362183E-01  8.818856E-04  1.273413E-05  5.899018E-07  2.535641E-03  6.438227E-07  2.337456E-06  4.430729E-08  2.347471E-02  2.691823E-06  4.366068E-08  3.732145E-08  9.584351E-04  1.303037E-03  1.149989E-05  1.120133E-05  1.436885E-05  1.240426E-06
 3.091500E+02  8.716746E-02  1.368126E-05  3.896927E-10  5.170227E-10  5.765888E-10  6.944813E-10  6.460363E-01  1.569115E-03  1.495582E-05  2.364202E-01  8.674665E-04  1.201190E-05  5.735929E-07  2.491883E-03  6.116399E-07  2.226319E-06  4.263980E-08  2.314128E-02  2.569801E-06  4.226635E-08  3.610504E-08  9.423233E-04  1.281114E-03  1.084095E-05  1.054811E-05  1.353540E-05  1.180741E-06
 3.101500E+02  8.735262E-02  1.355715E-05  3.783302E-10  5.020794E-10  5.599560E-10  6.746146E-10  6.461064E-01  1.541061E-03  1.407026E-05  2.366181E-01  8.533660E-04  1.133474E-05  5.578335E-07  2.449127E-03  5.812604E-07  2.121143E-06  4.104435E-08  2.281418E-02  2.453991E-06  4.092378E-08  3.493459E-08  9.265861E-04  1.259702E-03  1.022365E-05  9.936962E-06  1.275539E-05  1.124275E-06
 3.111500E+02  8.753418E-02  1.343441E-05  3.673512E-10  4.876365E-10  5.438791E-10  6.554068E-10  6.461748E-01  1.513706E-03  1.324270E-05  2.368120E-01  8.395757E-04  1.069961E-05  5.426024E-07  2.407346E-03  5.525734E-07  2.021576E-06  3.951751E-08  2.249329E-02  2.344046E-06  3.963084E-08  3.380819E-08  9.112132E-04  1.238787E-03  9.645139E-06  9.364949E-06  1.202509E-05  1.070837E-06
 3.121500E+02  8.771222E-02  1.331305E-05  3.567416E-10  4.736757E-10  5.283380E-10  6.368344E-10  6.462415E-01  1.487031E-03  1.246900E-05  2.370021E-01  8.260876E-04  1.010366E-05  5.278794E-07  2.366515E-03  5.254755E-07  1.927287E-06  3.805602E-08  2.217847E-02  2.239640E-06  3.838550E-08  3.272401E-08  8.961942E-04  1.218355E-03  9.102765E-06  8.829341E-06  1.134106E-05  1.020250E-06
 3.131500E+02  8.788681E-02  1.319306E-05  3.464880E-10  4.601797E-10  5.133134E-10  6.188746E-10  6.463065E-01  1.461014E-03  1.174535E-05  2.371884E-01  8.128939E-04  9.544293E-06  5.136449E-07  2.326608E-03  4.998699E-07  1.837969E-06  3.665677E-08  2.186960E-02  2.140468E-06  3.718583E-08  3.168030E-08  8.815193E-04  1.198392E-03  8.594076E-06  8.327617E-06  1.070009E-05  9.723456E-07
 3.141500E+02  8.805804E-02  1.307444E-05  3.365774E-10  4.471316E-10  4.987865E-10  6.015055E-10  6.463700E-01  1.435635E-03  1.106821E-05  2.373711E-01  7.999869E-04  9.019059E-06  4.998805E-07  2.287602E-03  4.756665E-07  1.753333E-06  3.531683E-08  2.156656E-02  2.046241E-06  3.602998E-08  3.067539E-08  8.671791E-04  1.178885E-03  8.116798E-06  7.857442E-06  1.009924E-05  9.269688E-07
 3.151500E+02  8.822597E-02  1.295718E-05  3.269973E-10  4.345152E-10  4.847395E-10  5.847058E-10  6.464319E-01  1.410875E-03  1.043432E-05  2.375501E-01  7.873594E-04  8.525702E-06  4.865684E-07  2.249472E-03  4.527808E-07  1.673107E-06  3.403341E-08  2.126923E-02  1.956689E-06  3.491616E-08  2.970768E-08  8.531642E-04  1.159822E-03  7.668822E-06  7.416657E-06  9.535771E-06  8.839729E-07
 3.161500E+02  8.839067E-02  1.284127E-05  3.177357E-10  4.223149E-10  4.711550E-10  5.684552E-10  6.464923E-01  1.386716E-03  9.840683E-06  2.377257E-01  7.750042E-04  8.062121E-06  4.736914E-07  2.212196E-03  4.311339E-07  1.597038E-06  3.280386E-08  2.097748E-02  1.871557E-06  3.384269E-08  2.877564E-08  8.394658E-04  1.141190E-03  7.248190E-06  7.003259E-06  9.007147E-06  8.432207E-07
 3.171500E+02  8.855222E-02  1.272672E-05  3.087810E-10  4.105158E-10  4.580164E-10  5.527342E-10  6.465512E-01  1.363139E-03  9.284499E-06  2.378978E-01  7.629143E-04  7.626365E-06  4.612333E-07  2.175751E-03  4.106521E-07  1.524889E-06  3.162568E-08  2.069121E-02  1.790606E-06  3.280794E-08  2.787781E-08  8.260751E-04  1.122977E-03  6.853086E-06  6.615394E-06  8.511019E-06  8.045835E-07
 3.181500E+02  8.871068E-02  1.261350E-05  3.001220E-10  3.991034E-10  4.453077E-10  5.375237E-10  6.466088E-01  1.340128E-03  8.763192E-06  2.380665E-01  7.510829E-04  7.216620E-06  4.491784E-07  2.140117E-03  3.912664E-07  1.456436E-06  3.049648E-08  2.041029E-02  1.713608E-06  3.181036E-08  2.701281E-08  8.129838E-04  1.105173E-03  6.481823E-06  6.251343E-06  8.045209E-06  7.679407E-07
 3.191500E+02  8.886612E-02  1.250163E-05  2.917481E-10  3.880639E-10  4.330134E-10  5.228058E-10  6.466650E-01  1.317666E-03  8.274375E-06  2.382320E-01  7.395034E-04  6.831198E-06  4.375117E-07  2.105271E-03  3.729121E-07  1.391469E-06  2.941400E-08  2.013461E-02  1.640353E-06  3.084846E-08  2.617929E-08  8.001837E-04  1.087766E-03  6.132835E-06  5.909512E-06  7.607694E-06  7.331790E-07
 3.201500E+02  8.901860E-02  1.239108E-05  2.836489E-10  3.773837E-10  4.211188E-10  5.085628E-10  6.467198E-01  1.295736E-03  7.815837E-06  2.383943E-01  7.281696E-04  6.468531E-06  4.262188E-07  2.071193E-03  3.555290E-07  1.329793E-06  2.837607E-08  1.986407E-02  1.570640E-06  2.992082E-08  2.537597E-08  7.876670E-04  1.070745E-03  5.804667E-06  5.588421E-06  7.196598E-06  7.001922E-07
 3.211500E+02  8.916819E-02  1.228186E-05  2.758145E-10  3.670501E-10  4.096095E-10  4.947779E-10  6.467734E-01  1.274324E-03  7.385530E-06  2.385534E-01  7.170751E-04  6.127156E-06  4.152859E-07  2.037865E-03  3.390603E-07  1.271222E-06  2.738067E-08  1.959856E-02  1.504280E-06  2.902608E-08  2.460164E-08  7.754261E-04  1.054099E-03  5.495964E-06  5.286697E-06  6.810181E-06  6.688805E-07
 3.221500E+02  8.931495E-02  1.217394E-05  2.682355E-10  3.570507E-10  3.984717E-10  4.814349E-10  6.468257E-01  1.253414E-03  6.981555E-06  2.387095E-01  7.062141E-04  5.805716E-06  4.046997E-07  2.005265E-03  3.234530E-07  1.215585E-06  2.642584E-08  1.933797E-02  1.441095E-06  2.816293E-08  2.385514E-08  7.634535E-04  1.037819E-03  5.205468E-06  5.003064E-06  6.446824E-06  6.391502E-07
 3.231500E+02  8.945894E-02  1.206732E-05  2.609025E-10  3.473736E-10  3.876923E-10  4.685181E-10  6.468768E-01  1.232991E-03  6.602149E-06  2.388626E-01  6.955805E-04  5.502942E-06  3.944477E-07  1.973376E-03  3.086574E-07  1.162718E-06  2.550975E-08  1.908219E-02  1.380918E-06  2.733014E-08  2.313534E-08  7.517421E-04  1.021895E-03  4.932008E-06  4.736339E-06  6.105023E-06  6.109132E-07
 3.241500E+02  8.960022E-02  1.196200E-05  2.538068E-10  3.380072E-10  3.772586E-10  4.560125E-10  6.469268E-01  1.213041E-03  6.245681E-06  2.390127E-01  6.851687E-04  5.217654E-06  3.845176E-07  1.942179E-03  2.946270E-07  1.112468E-06  2.463064E-08  1.883114E-02  1.323591E-06  2.652650E-08  2.244118E-08  7.402850E-04  1.006318E-03  4.674494E-06  4.485419E-06  5.783381E-06  5.840869E-07
 3.251500E+02  8.973885E-02  1.185796E-05  2.469399E-10  3.289406E-10  3.671581E-10  4.439036E-10  6.469756E-01  1.193552E-03  5.910633E-06  2.391600E-01  6.749733E-04  4.948754E-06  3.748977E-07  1.911657E-03  2.813181E-07  1.064691E-06  2.378683E-08  1.858471E-02  1.268965E-06  2.575087E-08  2.177163E-08  7.290754E-04  9.910774E-04  4.431912E-06  4.249283E-06  5.480599E-06  5.585936E-07
 3.261500E+02  8.987489E-02  1.175519E-05  2.402935E-10  3.201630E-10  3.573792E-10  4.321775E-10  6.470233E-01  1.174510E-03  5.595597E-06  2.393045E-01  6.649887E-04  4.695215E-06  3.655769E-07  1.881792E-03  2.686896E-07  1.019254E-06  2.297676E-08  1.834280E-02  1.216900E-06  2.500216E-08  2.112572E-08  7.181067E-04  9.761652E-04  4.203317E-06  4.026978E-06  5.195466E-06  5.343602E-07
 3.271500E+02  9.000839E-02  1.165367E-05  2.338599E-10  3.116644E-10  3.479105E-10  4.208207E-10  6.470699E-01  1.155902E-03  5.299265E-06  2.394463E-01  6.552098E-04  4.456082E-06  3.565444E-07  1.852568E-03  2.567033E-07  9.760280E-07  2.219890E-08  1.810531E-02  1.167262E-06  2.427932E-08  2.050251E-08  7.073728E-04  9.615726E-04  3.987827E-06  3.817617E-06  4.926857E-06  5.113178E-07
 3.281500E+02  9.013941E-02  1.155341E-05  2.276315E-10  3.034347E-10  3.387410E-10  4.098203E-10  6.471155E-01  1.137716E-03  5.020422E-06  2.395854E-01  6.456316E-04  4.230462E-06  3.477898E-07  1.823968E-03  2.453229E-07  9.348943E-07  2.145182E-08  1.787217E-02  1.119927E-06  2.358135E-08  1.990111E-08  6.968674E-04  9.472912E-04  3.784623E-06  3.620378E-06  4.673724E-06  4.894020E-07
 3.291500E+02  9.026799E-02  1.145438E-05  2.216010E-10  2.954646E-10  3.298602E-10  3.991639E-10  6.471600E-01  1.119940E-03  4.757937E-06  2.397219E-01  6.362490E-04  4.017523E-06  3.393033E-07  1.795977E-03  2.345147E-07  8.957404E-07  2.073416E-08  1.764326E-02  1.074777E-06  2.290728E-08  1.932066E-08  6.865846E-04  9.333130E-04  3.592939E-06  3.434491E-06  4.435092E-06  4.685517E-07
 3.301500E+02  9.039420E-02  1.135658E-05  2.157613E-10  2.877449E-10  3.212581E-10  3.888395E-10  6.472036E-01  1.102563E-03  4.510759E-06  2.398558E-01  6.270573E-04  3.816487E-06  3.310754E-07  1.768579E-03  2.242467E-07  8.584604E-07  2.004462E-08  1.741851E-02  1.031699E-06  2.225620E-08  1.876034E-08  6.765185E-04  9.196299E-04  3.412061E-06  3.259242E-06  4.210051E-06  4.487098E-07
 3.311500E+02  9.051808E-02  1.125999E-05  2.101058E-10  2.802669E-10  3.129247E-10  3.788355E-10  6.472462E-01  1.085573E-03  4.277911E-06  2.399873E-01  6.180519E-04  3.626627E-06  3.230969E-07  1.741759E-03  2.144892E-07  8.229546E-07  1.938197E-08  1.719784E-02  9.905895E-07  2.162722E-08  1.821936E-08  6.666638E-04  9.062345E-04  3.241323E-06  3.093964E-06  3.997752E-06  4.298223E-07
 3.321500E+02  9.063969E-02  1.116460E-05  2.046279E-10  2.730221E-10  3.048509E-10  3.691408E-10  6.472878E-01  1.068961E-03  4.058480E-06  2.401163E-01  6.092280E-04  3.447267E-06  3.153590E-07  1.715503E-03  2.052140E-07  7.891291E-07  1.874502E-08  1.698114E-02  9.513479E-07  2.101949E-08  1.769698E-08  6.570148E-04  8.931192E-04  3.080103E-06  2.938036E-06  3.797405E-06  4.118384E-07
 3.331500E+02  9.075907E-02  1.107040E-05  1.993214E-10  2.660023E-10  2.970274E-10  3.597447E-10  6.473286E-01  1.052715E-03  3.851621E-06  2.402429E-01  6.005815E-04  3.277771E-06  3.078534E-07  1.689797E-03  1.963947E-07  7.568955E-07  1.813266E-08  1.676835E-02  9.138804E-07  2.043221E-08  1.719247E-08  6.475663E-04  8.802769E-04  2.927821E-06  2.790879E-06  3.608273E-06  3.947102E-07
 3.341500E+02  9.087626E-02  1.097738E-05  1.941804E-10  2.591997E-10  2.894456E-10  3.506370E-10  6.473685E-01  1.036826E-03  3.656543E-06  2.403672E-01  5.921079E-04  3.117548E-06  3.005719E-07  1.664628E-03  1.880065E-07  7.261704E-07  1.754381E-08  1.655937E-02  8.780980E-07  1.986460E-08  1.670514E-08  6.383133E-04  8.677006E-04  2.783935E-06  2.651952E-06  3.429668E-06  3.783927E-07
 3.351500E+02  9.099133E-02  1.088552E-05  1.891989E-10  2.526069E-10  2.820972E-10  3.418076E-10  6.474075E-01  1.021283E-03  3.472510E-06  2.404892E-01  5.838031E-04  2.966042E-06  2.935067E-07  1.639980E-03  1.800261E-07  6.968752E-07  1.697748E-08  1.635414E-02  8.439166E-07  1.931591E-08  1.623433E-08  6.292507E-04  8.553836E-04  2.647937E-06  2.520750E-06  3.260946E-06  3.628434E-07
 3.361500E+02  9.110430E-02  1.079482E-05  1.843716E-10  2.462164E-10  2.749741E-10  3.332471E-10  6.474457E-01  1.006079E-03  3.298835E-06  2.406089E-01  5.756631E-04  2.822737E-06  2.866504E-07  1.615843E-03  1.724314E-07  6.689358E-07  1.643268E-08  1.615256E-02  8.112568E-07  1.878544E-08  1.577942E-08  6.203738E-04  8.433192E-04  2.519355E-06  2.396802E-06  3.101508E-06  3.480221E-07
 3.371500E+02  9.121523E-02  1.070525E-05  1.796929E-10  2.400214E-10  2.680685E-10  3.249462E-10  6.474830E-01  9.912022E-04  3.134879E-06  2.407265E-01  5.676838E-04  2.687145E-06  2.799957E-07  1.592203E-03  1.652018E-07  6.422822E-07  1.590849E-08  1.595457E-02  7.800434E-07  1.827249E-08  1.533979E-08  6.116779E-04  8.315011E-04  2.397745E-06  2.279669E-06  2.950793E-06  3.338911E-07
 3.381500E+02  9.132416E-02  1.061681E-05  1.751578E-10  2.340152E-10  2.613729E-10  3.168961E-10  6.475196E-01  9.766454E-04  2.980044E-06  2.408419E-01  5.598615E-04  2.558813E-06  2.735359E-07  1.569048E-03  1.583178E-07  6.168486E-07  1.540403E-08  1.576009E-02  7.502052E-07  1.777641E-08  1.491486E-08  6.031583E-04  8.199231E-04  2.282692E-06  2.168938E-06  2.808277E-06  3.204146E-07
 3.391500E+02  9.143114E-02  1.052948E-05  1.707612E-10  2.281911E-10  2.548801E-10  3.090882E-10  6.475554E-01  9.623996E-04  2.833773E-06  2.409553E-01  5.521925E-04  2.437317E-06  2.672641E-07  1.546365E-03  1.517610E-07  5.925725E-07  1.491848E-08  1.556905E-02  7.216749E-07  1.729657E-08  1.450407E-08  5.948109E-04  8.085792E-04  2.173810E-06  2.064227E-06  2.673470E-06  3.075592E-07
 3.401500E+02  9.153619E-02  1.044326E-05  1.664985E-10  2.225431E-10  2.485833E-10  3.015144E-10  6.475905E-01  9.484567E-04  2.695546E-06  2.410665E-01  5.446730E-04  2.322256E-06  2.611741E-07  1.524144E-03  1.455142E-07  5.693953E-07  1.445102E-08  1.538138E-02  6.943887E-07  1.683237E-08  1.410690E-08  5.866311E-04  7.974636E-04  2.070735E-06  1.965176E-06  2.545914E-06  2.952929E-07
 3.411500E+02  9.163938E-02  1.035812E-05  1.623650E-10  2.170651E-10  2.424757E-10  2.941666E-10  6.476248E-01  9.348085E-04  2.564876E-06  2.411758E-01  5.372995E-04  2.213259E-06  2.552596E-07  1.502374E-03  1.395611E-07  5.472614E-07  1.400090E-08  1.519701E-02  6.682863E-07  1.638323E-08  1.372282E-08  5.786150E-04  7.865706E-04  1.973128E-06  1.871448E-06  2.425181E-06  2.835857E-07
 3.421500E+02  9.174072E-02  1.027405E-05  1.583562E-10  2.117512E-10  2.365509E-10  2.870372E-10  6.476584E-01  9.214474E-04  2.441309E-06  2.412832E-01  5.300687E-04  2.109974E-06  2.495149E-07  1.481042E-03  1.338864E-07  5.261184E-07  1.356738E-08  1.501586E-02  6.433105E-07  1.594859E-08  1.335136E-08  5.707585E-04  7.758947E-04  1.880670E-06  1.782730E-06  2.310869E-06  2.724095E-07
 3.431500E+02  9.184027E-02  1.019105E-05  1.544680E-10  2.065961E-10  2.308027E-10  2.801190E-10  6.476913E-01  9.083658E-04  2.324421E-06  2.413886E-01  5.229771E-04  2.012075E-06  2.439341E-07  1.460140E-03  1.284755E-07  5.059166E-07  1.314979E-08  1.483788E-02  6.194073E-07  1.552793E-08  1.299204E-08  5.630576E-04  7.654305E-04  1.793063E-06  1.698727E-06  2.202603E-06  2.617373E-07
 3.441500E+02  9.193806E-02  1.010910E-05  1.506963E-10  2.015942E-10  2.252252E-10  2.734048E-10  6.477235E-01  8.955565E-04  2.213814E-06  2.414921E-01  5.160216E-04  1.919253E-06  2.385118E-07  1.439655E-03  1.233148E-07  4.866094E-07  1.274745E-08  1.466299E-02  5.965252E-07  1.512072E-08  1.264440E-08  5.555086E-04  7.551730E-04  1.710028E-06  1.619164E-06  2.100031E-06  2.515439E-07
 3.451500E+02  9.203412E-02  1.002819E-05  1.470370E-10  1.967404E-10  2.198125E-10  2.668878E-10  6.477551E-01  8.830124E-04  2.109116E-06  2.415938E-01  5.091989E-04  1.831220E-06  2.332428E-07  1.419578E-03  1.183915E-07  4.681523E-07  1.235973E-08  1.449114E-02  5.746157E-07  1.472649E-08  1.230802E-08  5.481077E-04  7.451169E-04  1.631302E-06  1.543783E-06  2.002824E-06  2.418054E-07
 3.461500E+02  9.212850E-02  9.948295E-06  1.434863E-10  1.920297E-10  2.145592E-10  2.605613E-10  6.477860E-01  8.707266E-04  2.009981E-06  2.416937E-01  5.025059E-04  1.747704E-06  2.281220E-07  1.399900E-03  1.136934E-07  4.505035E-07  1.198604E-08  1.432225E-02  5.536327E-07  1.434475E-08  1.198248E-08  5.408514E-04  7.352576E-04  1.556640E-06  1.472341E-06  1.910672E-06  2.324992E-07
 3.471500E+02  9.222123E-02  9.869415E-06  1.400407E-10  1.874574E-10  2.094600E-10  2.544192E-10  6.478163E-01  8.586926E-04  1.916083E-06  2.417919E-01  4.959397E-04  1.668452E-06  2.231444E-07  1.380611E-03  1.092090E-07  4.336235E-07  1.162579E-08  1.415628E-02  5.335324E-07  1.397506E-08  1.166738E-08  5.337362E-04  7.255901E-04  1.485812E-06  1.404613E-06  1.823287E-06  2.236039E-07
 3.481500E+02  9.231234E-02  9.791533E-06  1.366965E-10  1.830188E-10  2.045096E-10  2.484552E-10  6.478460E-01  8.469038E-04  1.827117E-06  2.418883E-01  4.894973E-04  1.593224E-06  2.183054E-07  1.361701E-03  1.049274E-07  4.174746E-07  1.127845E-08  1.399316E-02  5.142735E-07  1.361698E-08  1.136235E-08  5.267587E-04  7.161098E-04  1.418600E-06  1.340385E-06  1.740396E-06  2.150994E-07
 3.491500E+02  9.240186E-02  9.714636E-06  1.334503E-10  1.787094E-10  1.997032E-10  2.426635E-10  6.478751E-01  8.353541E-04  1.742797E-06  2.419830E-01  4.831758E-04  1.521796E-06  2.136005E-07  1.343162E-03  1.008385E-07  4.020214E-07  1.094348E-08  1.383283E-02  4.958166E-07  1.327010E-08  1.106700E-08  5.199156E-04  7.068124E-04  1.354802E-06  1.279459E-06  1.661746E-06  2.069664E-07
 3.501500E+02  9.248984E-02  9.638713E-06  1.302990E-10  1.745250E-10  1.950360E-10  2.370385E-10  6.479037E-01  8.240374E-04  1.662857E-06  2.420761E-01  4.769726E-04  1.453958E-06  2.090254E-07  1.324985E-03  9.693264E-08  3.872305E-07  1.062038E-08  1.367524E-02  4.781244E-07  1.293401E-08  1.078100E-08  5.132037E-04  6.976933E-04  1.294227E-06  1.221648E-06  1.587096E-06  1.991869E-07
 3.511500E+02  9.257630E-02  9.563750E-06  1.272393E-10  1.704615E-10  1.905033E-10  2.315745E-10  6.479316E-01  8.129479E-04  1.587045E-06  2.421676E-01  4.708849E-04  1.389511E-06  2.045757E-07  1.307160E-03  9.320059E-08  3.730698E-07  1.030869E-08  1.352032E-02  4.611614E-07  1.260833E-08  1.050401E-08  5.066198E-04  6.887484E-04  1.236696E-06  1.166776E-06  1.516223E-06  1.917437E-07
 3.521500E+02  9.266127E-02  9.489736E-06  1.242682E-10  1.665148E-10  1.861008E-10  2.262664E-10  6.479590E-01  8.020797E-04  1.515126E-06  2.422575E-01  4.649101E-04  1.328269E-06  2.002475E-07  1.289681E-03  8.963375E-08  3.595094E-07  1.000793E-08  1.336804E-02  4.448942E-07  1.229270E-08  1.023569E-08  5.001610E-04  6.799736E-04  1.182040E-06  1.114678E-06  1.448916E-06  1.846206E-07
 3.531500E+02  9.274479E-02  9.416657E-06  1.213828E-10  1.626811E-10  1.818242E-10  2.211091E-10  6.479859E-01  7.914275E-04  1.446880E-06  2.423458E-01  4.590456E-04  1.270056E-06  1.960368E-07  1.272538E-03  8.622395E-08  3.465206E-07  9.717669E-09  1.321832E-02  4.292908E-07  1.198675E-08  9.975743E-09  4.938243E-04  6.713647E-04  1.130101E-06  1.065200E-06  1.384977E-06  1.778023E-07
 3.541500E+02  9.282688E-02  9.344502E-06  1.185802E-10  1.589567E-10  1.776693E-10  2.160977E-10  6.480122E-01  7.809858E-04  1.382099E-06  2.424326E-01  4.532889E-04  1.214709E-06  1.919400E-07  1.255724E-03  8.296347E-08  3.340765E-07  9.437497E-09  1.307112E-02  4.143208E-07  1.169014E-08  9.723866E-09  4.876068E-04  6.629181E-04  1.080731E-06  1.018197E-06  1.324219E-06  1.712742E-07
 3.551500E+02  9.290757E-02  9.273258E-06  1.158577E-10  1.553380E-10  1.736322E-10  2.112274E-10  6.480381E-01  7.707494E-04  1.320590E-06  2.425180E-01  4.476376E-04  1.162071E-06  1.879534E-07  1.239232E-03  7.984501E-08  3.221513E-07  9.167012E-09  1.292640E-02  3.999555E-07  1.140256E-08  9.479772E-09  4.815058E-04  6.546297E-04  1.033789E-06  9.735320E-07  1.266469E-06  1.650224E-07
 3.561500E+02  9.298689E-02  9.202914E-06  1.132126E-10  1.518217E-10  1.697091E-10  2.064937E-10  6.480634E-01  7.607134E-04  1.262170E-06  2.426019E-01  4.420894E-04  1.111997E-06  1.840734E-07  1.223053E-03  7.686165E-08  3.107209E-07  8.905832E-09  1.278409E-02  3.861675E-07  1.112367E-08  9.243185E-09  4.755185E-04  6.464960E-04  9.891443E-07  9.310765E-07  1.211562E-06  1.590339E-07
 3.571500E+02  9.306488E-02  9.133457E-06  1.106426E-10  1.484043E-10  1.658962E-10  2.018922E-10  6.480883E-01  7.508727E-04  1.206667E-06  2.426843E-01  4.366419E-04  1.064350E-06  1.802968E-07  1.207181E-03  7.400685E-08  2.997620E-07  8.653591E-09  1.264415E-02  3.729308E-07  1.085319E-08  9.013840E-09  4.696424E-04  6.385133E-04  9.466720E-07  8.907100E-07  1.159343E-06  1.532963E-07
 3.581500E+02  9.314155E-02  9.064875E-06  1.081451E-10  1.450827E-10  1.621901E-10  1.974186E-10  6.481126E-01  7.412226E-04  1.153921E-06  2.427654E-01  4.312929E-04  1.018999E-06  1.766203E-07  1.191608E-03  7.127440E-08  2.892529E-07  8.409942E-09  1.250654E-02  3.602207E-07  1.059082E-08  8.791482E-09  4.638748E-04  6.306782E-04  9.062559E-07  8.523190E-07  1.109667E-06  1.477979E-07
 3.591500E+02  9.321694E-02  8.997157E-06  1.057177E-10  1.418538E-10  1.585872E-10  1.930690E-10  6.481366E-01  7.317585E-04  1.103781E-06  2.428451E-01  4.260402E-04  9.758236E-07  1.730408E-07  1.176328E-03  6.865843E-08  2.791727E-07  8.174549E-09  1.237121E-02  3.480137E-07  1.033627E-08  8.575868E-09  4.582133E-04  6.229873E-04  8.677862E-07  8.157967E-07  1.062397E-06  1.425274E-07
 3.601500E+02  9.329106E-02  8.930291E-06  1.033583E-10  1.387147E-10  1.550842E-10  1.888392E-10  6.481600E-01  7.224759E-04  1.056103E-06  2.429235E-01  4.208817E-04  9.347081E-07  1.695552E-07  1.161333E-03  6.615340E-08  2.695018E-07  7.947094E-09  1.223810E-02  3.362875E-07  1.008929E-08  8.366761E-09  4.526554E-04  6.154373E-04  8.311593E-07  7.810427E-07  1.017405E-06  1.374743E-07
 3.611500E+02  9.336396E-02  8.864265E-06  1.010645E-10  1.356623E-10  1.516781E-10  1.847255E-10  6.481830E-01  7.133704E-04  1.010755E-06  2.430005E-01  4.158153E-04  8.955443E-07  1.661606E-07  1.146618E-03  6.375402E-08  2.602215E-07  7.727270E-09  1.210718E-02  3.250208E-07  9.849606E-09  8.163935E-09  4.471987E-04  6.080249E-04  7.962779E-07  7.479622E-07  9.745677E-07  1.326286E-07
 3.621500E+02  9.343564E-02  8.799068E-06  9.883443E-11  1.326941E-10  1.483656E-10  1.807243E-10  6.482056E-01  7.044378E-04  9.676095E-07  2.430763E-01  4.108390E-04  8.582301E-07  1.628543E-07  1.132176E-03  6.145531E-08  2.513140E-07  7.514785E-09  1.197841E-02  3.141934E-07  9.616976E-09  7.967174E-09  4.418411E-04  6.007470E-04  7.630501E-07  7.164662E-07  9.337723E-07  1.279807E-07
 3.631500E+02  9.350614E-02  8.734689E-06  9.666589E-11  1.298073E-10  1.451439E-10  1.768319E-10  6.482278E-01  6.956740E-04  9.265492E-07  2.431508E-01  4.059508E-04  8.226691E-07  1.596335E-07  1.118001E-03  5.925254E-08  2.427624E-07  7.309359E-09  1.185174E-02  3.037861E-07  9.391159E-09  7.776269E-09  4.365802E-04  5.936006E-04  7.313892E-07  6.864708E-07  8.949108E-07  1.235215E-07
 3.641500E+02  9.357547E-02  8.671117E-06  9.455697E-11  1.269993E-10  1.420100E-10  1.730450E-10  6.482495E-01  6.870750E-04  8.874623E-07  2.432241E-01  4.011488E-04  7.887705E-07  1.564956E-07  1.104086E-03  5.714120E-08  2.345508E-07  7.110723E-09  1.172712E-02  2.937804E-07  9.171925E-09  7.591018E-09  4.314138E-04  5.865827E-04  7.012135E-07  6.578968E-07  8.578817E-07  1.192425E-07
 3.651500E+02  9.364367E-02  8.608340E-06  9.250577E-11  1.242676E-10  1.389612E-10  1.693603E-10  6.482709E-01  6.786368E-04  8.502436E-07  2.432962E-01  3.964311E-04  7.564485E-07  1.534380E-07  1.090427E-03  5.511704E-08  2.266638E-07  6.918620E-09  1.160453E-02  2.841591E-07  8.959052E-09  7.411228E-09  4.263399E-04  5.796905E-04  6.724462E-07  6.306698E-07  8.225893E-07  1.151355E-07
 3.661500E+02  9.371075E-02  8.546348E-06  9.051048E-11  1.216099E-10  1.359949E-10  1.657746E-10  6.482918E-01  6.703557E-04  8.147944E-07  2.433671E-01  3.917959E-04  7.256221E-07  1.504584E-07  1.077016E-03  5.317603E-08  2.190870E-07  6.732804E-09  1.148391E-02  2.749054E-07  8.752326E-09  7.236714E-09  4.213564E-04  5.729211E-04  6.450145E-07  6.047194E-07  7.889435E-07  1.111928E-07
 3.671500E+02  9.377674E-02  8.485129E-06  8.856932E-11  1.190239E-10  1.331083E-10  1.622847E-10  6.483124E-01  6.622280E-04  7.810213E-07  2.434369E-01  3.872414E-04  6.962151E-07  1.475543E-07  1.063849E-03  5.131433E-08  2.118067E-07  6.553040E-09  1.136524E-02  2.660037E-07  8.551542E-09  7.067296E-09  4.164612E-04  5.662718E-04  6.188497E-07  5.799793E-07  7.568590E-07  1.074069E-07
 3.681500E+02  9.384166E-02  8.424673E-06  8.668060E-11  1.165072E-10  1.302991E-10  1.588878E-10  6.483326E-01  6.542502E-04  7.488365E-07  2.435055E-01  3.827659E-04  6.681550E-07  1.447236E-07  1.050921E-03  4.952830E-08  2.048096E-07  6.379101E-09  1.124846E-02  2.574387E-07  8.356503E-09  6.902803E-09  4.116524E-04  5.597399E-04  5.938872E-07  5.563871E-07  7.262556E-07  1.037708E-07
 3.691500E+02  9.390553E-02  8.364969E-06  8.484268E-11  1.140578E-10  1.275649E-10  1.555809E-10  6.483524E-01  6.464188E-04  7.181573E-07  2.435730E-01  3.783677E-04  6.413739E-07  1.419640E-07  1.038225E-03  4.781448E-08  1.980835E-07  6.210770E-09  1.113356E-02  2.491962E-07  8.167017E-09  6.743069E-09  4.069282E-04  5.533228E-04  5.700658E-07  5.338836E-07  6.970575E-07  1.002780E-07
 3.701500E+02  9.396837E-02  8.306007E-06  8.305397E-11  1.116735E-10  1.249033E-10  1.523613E-10  6.483719E-01  6.387303E-04  6.889055E-07  2.436394E-01  3.740452E-04  6.158072E-07  1.392734E-07  1.025757E-03  4.616959E-08  1.916164E-07  6.047840E-09  1.102048E-02  2.412624E-07  7.982902E-09  6.587934E-09  4.022866E-04  5.470181E-04  5.473277E-07  5.124133E-07  6.691931E-07  9.692193E-08
 3.711500E+02  9.403020E-02  8.247777E-06  8.131295E-11  1.093524E-10  1.223120E-10  1.492264E-10  6.483910E-01  6.311815E-04  6.610075E-07  2.437047E-01  3.697966E-04  5.913940E-07  1.366497E-07  1.013511E-03  4.459052E-08  1.853971E-07  5.890112E-09  1.090919E-02  2.336244E-07  7.803981E-09  6.437246E-09  3.977259E-04  5.408232E-04  5.256184E-07  4.919235E-07  6.425949E-07  9.369672E-08
 3.721500E+02  9.409104E-02  8.190268E-06  7.961814E-11  1.070925E-10  1.197890E-10  1.461734E-10  6.484098E-01  6.237693E-04  6.343936E-07  2.437690E-01  3.656206E-04  5.680769E-07  1.340910E-07  1.001484E-03  4.307430E-08  1.794148E-07  5.737395E-09  1.079966E-02  2.262697E-07  7.630084E-09  6.290856E-09  3.932442E-04  5.347357E-04  5.048863E-07  4.723645E-07  6.171989E-07  9.059659E-08
 3.731500E+02  9.415091E-02  8.133471E-06  7.796812E-11  1.048919E-10  1.173322E-10  1.432000E-10  6.484282E-01  6.164904E-04  6.089984E-07  2.438322E-01  3.615154E-04  5.458013E-07  1.315953E-07  9.896691E-04  4.161812E-08  1.736593E-07  5.589506E-09  1.069186E-02  2.191865E-07  7.461047E-09  6.148623E-09  3.888399E-04  5.287534E-04  4.850827E-07  4.536895E-07  5.929448E-07  8.761607E-08
