#         T/K            c1          c2-1          c3-4          c3-5          c3-7          c3-9            m1          m2-1          m3-1            w1            w2          w3-1          w3-2          c1m1        c1m2-1        c1m2-7        c2m1-1        c1w1-2        c1w2-1        c2w1-1        c2w1-9        m1w1-1        m1w1-4        m1w2-1        m2w1-1        m2w1-3      c1m1w1-1
 2.731500E+02  3.688480E-02  4.276482E-06  1.312753E-10  1.723020E-10  1.916996E-10  2.285779E-10  6.423019E-01  3.295792E-03  1.825323E-04  2.822412E-01  2.596530E-03  2.429578E-04  3.408958E-06  2.354501E-03  2.296491E-06  7.535515E-06  4.402311E-08  2.384921E-02  1.205895E-05  4.243201E-08  3.725980E-08  2.326357E-03  3.166799E-03  1.822414E-04  1.501650E-04  1.901860E-04  5.049939E-06
 2.741500E+02  3.709828E-02  4.248295E-06  1.272905E-10  1.671284E-10  1.859575E-10  2.218011E-10  6.424974E-01  3.218935E-03  1.686537E-04  2.825809E-01  2.541745E-03  2.254646E-04  3.286447E-06  2.307989E-03  2.154973E-06  7.094051E-06  4.210358E-08  2.346986E-02  1.138871E-05  4.088933E-08  3.587418E-08  2.275816E-03  3.097802E-03  1.689631E-04  1.390125E-04  1.761313E-04  4.751281E-06
 2.751500E+02  3.730785E-02  4.219832E-06  1.234274E-10  1.621107E-10  1.803879E-10  2.152253E-10  6.426854E-01  3.144440E-03  1.559233E-04  2.829112E-01  2.488429E-03  2.093351E-04  3.169086E-06  2.262561E-03  2.022999E-06  6.681019E-06  4.027539E-08  2.309720E-02  1.075914E-05  3.940732E-08  3.454434E-08  2.226705E-03  3.030767E-03  1.567347E-04  1.287604E-04  1.632064E-04  4.471923E-06
 2.761500E+02  3.751354E-02  4.191123E-06  1.196827E-10  1.572449E-10  1.749864E-10  2.088455E-10  6.428663E-01  3.072220E-03  1.442390E-04  2.832327E-01  2.436537E-03  1.944558E-04  3.056637E-06  2.218192E-03  1.899876E-06  6.294441E-06  3.853397E-08  2.273114E-02  1.016763E-05  3.798357E-08  3.326798E-08  2.178977E-03  2.965629E-03  1.454675E-04  1.193306E-04  1.513135E-04  4.210525E-06
 2.771500E+02  3.771543E-02  4.162195E-06  1.160535E-10  1.525272E-10  1.697487E-10  2.026569E-10  6.430406E-01  3.002193E-03  1.335083E-04  2.835456E-01  2.386029E-03  1.807231E-04  2.948872E-06  2.174859E-03  1.784965E-06  5.932488E-06  3.687497E-08  2.237162E-02  9.611696E-06  3.661574E-08  3.204288E-08  2.132588E-03  2.902325E-03  1.350803E-04  1.106524E-04  1.403643E-04  3.965847E-06
 2.781500E+02  3.791356E-02  4.133072E-06  1.125367E-10  1.479537E-10  1.646707E-10  1.966547E-10  6.432084E-01  2.934281E-03  1.236476E-04  2.838502E-01  2.336862E-03  1.680424E-04  2.845575E-06  2.132536E-03  1.677676E-06  5.593465E-06  3.529426E-08  2.201854E-02  9.089054E-06  3.530157E-08  3.086695E-08  2.087494E-03  2.840797E-03  1.254995E-04  1.026612E-04  1.302781E-04  3.736741E-06
 2.791500E+02  3.810799E-02  4.103781E-06  1.091291E-10  1.435205E-10  1.597481E-10  1.908341E-10  6.433703E-01  2.868408E-03  1.145809E-04  2.841469E-01  2.288998E-03  1.563274E-04  2.746541E-06  2.091199E-03  1.577463E-06  5.275801E-06  3.378793E-08  2.167184E-02  8.597564E-06  3.403891E-08  2.973814E-08  2.043654E-03  2.780987E-03  1.166579E-04  9.529870E-05  1.209819E-04  3.522141E-06
 2.801500E+02  3.829877E-02  4.074346E-06  1.058279E-10  1.392240E-10  1.549769E-10  1.851903E-10  6.435264E-01  2.804501E-03  1.062393E-04  2.844360E-01  2.242397E-03  1.454994E-04  2.651574E-06  2.050826E-03  1.483823E-06  4.978041E-06  3.235226E-08  2.133142E-02  8.135234E-06  3.282569E-08  2.865451E-08  2.001026E-03  2.722839E-03  1.084942E-04  8.851164E-05  1.124090E-04  3.321058E-06
 2.811500E+02  3.848596E-02  4.044790E-06  1.026300E-10  1.350604E-10  1.503528E-10  1.797187E-10  6.436770E-01  2.742491E-03  9.856039E-05  2.847176E-01  2.197022E-03  1.354863E-04  2.560486E-06  2.011393E-03  1.396291E-06  4.698834E-06  3.098375E-08  2.099720E-02  7.700204E-06  3.165990E-08  2.761418E-08  1.959573E-03  2.666298E-03  1.009526E-04  8.225163E-05  1.044989E-04  3.132576E-06
 2.821500E+02  3.866961E-02  4.015135E-06  9.953267E-11  1.310261E-10  1.458720E-10  1.744146E-10  6.438225E-01  2.682309E-03  9.148745E-05  2.849922E-01  2.152837E-03  1.262224E-04  2.473102E-06  1.972878E-03  1.314436E-06  4.436928E-06  2.967905E-08  2.066909E-02  7.290743E-06  3.053962E-08  2.661536E-08  1.919256E-03  2.611314E-03  9.398214E-05  7.647462E-05  9.719644E-05  2.955844E-06
 2.831500E+02  3.884979E-02  3.985402E-06  9.653292E-11  1.271175E-10  1.415303E-10  1.692735E-10  6.439631E-01  2.623893E-03  8.496891E-05  2.852599E-01  2.109806E-03  1.176475E-04  2.389252E-06  1.935259E-03  1.237860E-06  4.191162E-06  2.843499E-08  2.034700E-02  6.905233E-06  2.946302E-08  2.565633E-08  1.880038E-03  2.557836E-03  8.753630E-05  7.114047E-05  9.045124E-05  2.790072E-06
 2.841500E+02  3.902655E-02  3.955613E-06  9.362797E-11  1.233310E-10  1.373239E-10  1.642909E-10  6.440990E-01  2.567180E-03  7.895790E-05  2.855210E-01  2.067895E-03  1.097066E-04  2.308777E-06  1.898515E-03  1.166197E-06  3.960458E-06  2.724858E-08  2.003084E-02  6.542165E-06  2.842832E-08  2.473543E-08  1.841886E-03  2.505816E-03  8.157260E-05  6.621261E-05  8.421750E-05  2.634527E-06
 2.851500E+02  3.919994E-02  3.925787E-06  9.081508E-11  1.196631E-10  1.332490E-10  1.594622E-10  6.442304E-01  2.512110E-03  7.341179E-05  2.857757E-01  2.027069E-03  1.023494E-04  2.231524E-06  1.862623E-03  1.099103E-06  3.743813E-06  2.611696E-08  1.972052E-02  6.200131E-06  2.743382E-08  2.385107E-08  1.804763E-03  2.455206E-03  7.605222E-05  6.165766E-05  7.845340E-05  2.488528E-06
 2.861500E+02  3.937003E-02  3.895943E-06  8.809152E-11  1.161103E-10  1.293017E-10  1.547833E-10  6.443575E-01  2.458628E-03  6.829178E-05  2.860242E-01  1.987298E-03  9.552971E-05  2.157348E-06  1.827564E-03  1.036266E-06  3.540299E-06  2.503744E-08  1.941595E-02  5.877818E-06  2.647789E-08  2.300175E-08  1.768639E-03  2.405962E-03  7.093968E-05  5.744522E-05  7.312078E-05  2.351443E-06
 2.871500E+02  3.953687E-02  3.866098E-06  8.545464E-11  1.126694E-10  1.254784E-10  1.502497E-10  6.444805E-01  2.406677E-03  6.356251E-05  2.862667E-01  1.948550E-03  8.920535E-05  2.086111E-06  1.793318E-03  9.773907E-07  3.349051E-06  2.400744E-08  1.911704E-02  5.573997E-06  2.555896E-08  2.218599E-08  1.733481E-03  2.358040E-03  6.620252E-05  5.354748E-05  6.818476E-05  2.222682E-06
 2.881500E+02  3.970051E-02  3.836269E-06  8.290185E-11  1.093371E-10  1.217753E-10  1.458573E-10  6.445996E-01  2.356205E-03  5.919179E-05  2.865034E-01  1.910794E-03  8.333761E-05  2.017681E-06  1.759864E-03  9.222082E-07  3.169265E-06  2.302453E-08  1.882369E-02  5.287524E-06  2.467553E-08  2.140241E-08  1.699259E-03  2.311398E-03  6.181104E-05  4.993909E-05  6.361352E-05  2.101701E-06
 2.891500E+02  3.986102E-02  3.806472E-06  8.043060E-11  1.061100E-10  1.181890E-10  1.416020E-10  6.447150E-01  2.307162E-03  5.515023E-05  2.867344E-01  1.874001E-03  7.789101E-05  1.951934E-06  1.727183E-03  8.704670E-07  3.000195E-06  2.208641E-08  1.853582E-02  5.017327E-06  2.382615E-08  2.064967E-08  1.665943E-03  2.265996E-03  5.773804E-05  4.659685E-05  5.937792E-05  1.987989E-06
 2.901500E+02  4.001845E-02  3.776724E-06  7.803841E-11  1.029851E-10  1.147159E-10  1.374797E-10  6.448268E-01  2.259499E-03  5.141105E-05  2.869601E-01  1.838142E-03  7.283302E-05  1.888751E-06  1.695255E-03  8.219345E-07  2.841146E-06  2.119089E-08  1.825333E-02  4.762406E-06  2.300945E-08  1.992648E-08  1.633505E-03  2.221794E-03  5.395859E-05  4.349956E-05  5.545135E-05  1.881074E-06
 2.911500E+02  4.017286E-02  3.747038E-06  7.572284E-11  9.995918E-11  1.113526E-10  1.334864E-10  6.449352E-01  2.213169E-03  4.794978E-05  2.871804E-01  1.803190E-03  6.813377E-05  1.828018E-06  1.664064E-03  7.763947E-07  2.691472E-06  2.033589E-08  1.797612E-02  4.521827E-06  2.222408E-08  1.923162E-08  1.601917E-03  2.178755E-03  5.044989E-05  4.062782E-05  5.180944E-05  1.780516E-06
 2.921500E+02  4.032430E-02  3.717427E-06  7.348151E-11  9.702931E-11  1.080958E-10  1.296183E-10  6.450403E-01  2.168127E-03  4.474409E-05  2.873956E-01  1.769118E-03  6.376583E-05  1.769629E-06  1.633590E-03  7.336475E-07  2.550570E-06  1.951943E-08  1.770412E-02  4.294715E-06  2.146879E-08  1.856390E-08  1.571153E-03  2.136842E-03  4.719097E-05  3.796389E-05  4.842986E-05  1.685906E-06
 2.931500E+02  4.047283E-02  3.687906E-06  7.131211E-11  9.419249E-11  1.049422E-10  1.258716E-10  6.451422E-01  2.124331E-03  4.177355E-05  2.876058E-01  1.735901E-03  5.970404E-05  1.713479E-06  1.603815E-03  6.935067E-07  2.417882E-06  1.873964E-08  1.743722E-02  4.080254E-06  2.074234E-08  1.792221E-08  1.541187E-03  2.096020E-03  4.416265E-05  3.549150E-05  4.529219E-05  1.596862E-06
 2.941500E+02  4.061850E-02  3.658487E-06  6.921238E-11  9.144586E-11  1.018887E-10  1.222426E-10  6.452411E-01  2.081738E-03  3.901949E-05  2.878113E-01  1.703512E-03  5.592525E-05  1.659473E-06  1.574723E-03  6.557998E-07  2.292884E-06  1.799476E-08  1.717533E-02  3.877679E-06  2.004357E-08  1.730545E-08  1.511995E-03  2.056256E-03  4.134730E-05  3.319575E-05  4.237767E-05  1.513028E-06
 2.951500E+02  4.076136E-02  3.629180E-06  6.718013E-11  8.878659E-11  9.893204E-11  1.187277E-10  6.453371E-01  2.040308E-03  3.646483E-05  2.880120E-01  1.671929E-03  5.240818E-05  1.607517E-06  1.546297E-03  6.203663E-07  2.175091E-06  1.728308E-08  1.691838E-02  3.686276E-06  1.937134E-08  1.671260E-08  1.483552E-03  2.017516E-03  3.872872E-05  3.106300E-05  3.966914E-05  1.434073E-06
 2.961500E+02  4.090147E-02  3.599997E-06  6.521319E-11  8.621196E-11  9.606927E-11  1.153233E-10  6.454304E-01  2.000004E-03  3.409394E-05  2.882082E-01  1.641127E-03  4.913328E-05  1.557522E-06  1.518519E-03  5.870571E-07  2.064050E-06  1.660302E-08  1.666626E-02  3.505374E-06  1.872459E-08  1.614267E-08  1.455836E-03  1.979769E-03  3.629205E-05  2.908071E-05  3.715083E-05  1.359690E-06
 2.971500E+02  4.103889E-02  3.570949E-06  6.330949E-11  8.371928E-11  9.329744E-11  1.120261E-10  6.455209E-01  1.960787E-03  3.189248E-05  2.884000E-01  1.611083E-03  4.608254E-05  1.509405E-06  1.491374E-03  5.557337E-07  1.959338E-06  1.595305E-08  1.641888E-02  3.334349E-06  1.810229E-08  1.559470E-08  1.428824E-03  1.942984E-03  3.402363E-05  2.723740E-05  3.480826E-05  1.289590E-06
 2.981500E+02  4.117366E-02  3.542043E-06  6.146700E-11  8.130596E-11  9.061366E-11  1.088327E-10  6.456089E-01  1.922623E-03  2.984735E-05  2.885874E-01  1.581777E-03  4.323938E-05  1.463084E-06  1.464846E-03  5.262672E-07  1.860561E-06  1.533172E-08  1.617617E-02  3.172613E-06  1.750343E-08  1.506779E-08  1.402495E-03  1.907132E-03  3.191087E-05  2.552250E-05  3.262814E-05  1.223505E-06
 2.991500E+02  4.130583E-02  3.513291E-06  5.968373E-11  7.896948E-11  8.801514E-11  1.057398E-10  6.456944E-01  1.885478E-03  2.794649E-05  2.887707E-01  1.553185E-03  4.058854E-05  1.418483E-06  1.438920E-03  4.985377E-07  1.767351E-06  1.473768E-08  1.593803E-02  3.019618E-06  1.692707E-08  1.456107E-08  1.376829E-03  1.872185E-03  2.994222E-05  2.392633E-05  3.059827E-05  1.161185E-06
 3.001500E+02  4.143547E-02  3.484700E-06  5.795777E-11  7.670736E-11  8.549916E-11  1.027443E-10  6.457775E-01  1.849317E-03  2.617887E-05  2.889500E-01  1.525288E-03  3.811597E-05  1.375530E-06  1.413580E-03  4.724336E-07  1.679366E-06  1.416962E-08  1.570437E-02  2.874850E-06  1.637231E-08  1.407371E-08  1.351804E-03  1.838114E-03  2.810703E-05  2.243997E-05  2.870740E-05  1.102396E-06
 3.011500E+02  4.156261E-02  3.456278E-06  5.628726E-11  7.451723E-11  8.306307E-11  9.984297E-11  6.458583E-01  1.814110E-03  2.453436E-05  2.891253E-01  1.498066E-03  3.580869E-05  1.334154E-06  1.388813E-03  4.478510E-07  1.596285E-06  1.362630E-08  1.547512E-02  2.737826E-06  1.583826E-08  1.360490E-08  1.327403E-03  1.804894E-03  2.639551E-05  2.105523E-05  2.694523E-05  1.046921E-06
 3.021500E+02  4.168730E-02  3.428032E-06  5.467038E-11  7.239675E-11  8.070429E-11  9.703296E-11  6.459369E-01  1.779826E-03  2.300365E-05  2.892968E-01  1.471499E-03  3.365476E-05  1.294290E-06  1.364603E-03  4.246933E-07  1.517808E-06  1.310656E-08  1.525018E-02  2.608095E-06  1.532411E-08  1.315389E-08  1.303606E-03  1.772499E-03  2.479863E-05  1.976458E-05  2.530223E-05  9.945555E-07
 3.031500E+02  4.180960E-02  3.399969E-06  5.310537E-11  7.034367E-11  7.842034E-11  9.431130E-11  6.460133E-01  1.746436E-03  2.157820E-05  2.894645E-01  1.445569E-03  3.164314E-05  1.255874E-06  1.340938E-03  4.028702E-07  1.443657E-06  1.260927E-08  1.502948E-02  2.485233E-06  1.482903E-08  1.271994E-08  1.280394E-03  1.740904E-03  2.330805E-05  1.856108E-05  2.376967E-05  9.451101E-07
 3.041500E+02  4.192956E-02  3.372096E-06  5.159054E-11  6.835580E-11  7.620878E-11  9.167516E-11  6.460877E-01  1.713910E-03  2.025013E-05  2.896286E-01  1.420257E-03  2.976365E-05  1.218847E-06  1.317802E-03  3.822978E-07  1.373570E-06  1.213339E-08  1.481294E-02  2.368845E-06  1.435228E-08  1.230236E-08  1.257752E-03  1.710086E-03  2.191612E-05  1.743834E-05  2.233948E-05  8.984068E-07
 3.051500E+02  4.204721E-02  3.344418E-06  5.012421E-11  6.643101E-11  7.406725E-11  8.912178E-11  6.461601E-01  1.682223E-03  1.901223E-05  2.897892E-01  1.395547E-03  2.800690E-05  1.183149E-06  1.295184E-03  3.628979E-07  1.307302E-06  1.167790E-08  1.460046E-02  2.258556E-06  1.389311E-08  1.190047E-08  1.235662E-03  1.680021E-03  2.061574E-05  1.639048E-05  2.100423E-05  8.542797E-07
 3.061500E+02  4.216262E-02  3.316940E-06  4.870480E-11  6.456724E-11  7.199348E-11  8.664850E-11  6.462306E-01  1.651347E-03  1.785784E-05  2.899463E-01  1.371420E-03  2.636420E-05  1.148728E-06  1.273070E-03  3.445973E-07  1.244627E-06  1.124185E-08  1.439198E-02  2.154019E-06  1.345081E-08  1.151363E-08  1.214107E-03  1.650687E-03  1.940038E-05  1.541207E-05  1.975707E-05  8.125736E-07
 3.071500E+02  4.227581E-02  3.289668E-06  4.733074E-11  6.276249E-11  6.998525E-11  8.425272E-11  6.462993E-01  1.621257E-03  1.678083E-05  2.901001E-01  1.347860E-03  2.482753E-05  1.115530E-06  1.251447E-03  3.273279E-07  1.185329E-06  1.082433E-08  1.418741E-02  2.054904E-06  1.302472E-08  1.114124E-08  1.193072E-03  1.622062E-03  1.826401E-05  1.449811E-05  1.859168E-05  7.731434E-07
 3.081500E+02  4.238684E-02  3.262606E-06  4.600053E-11  6.101482E-11  6.804041E-11  8.193192E-11  6.463661E-01  1.591929E-03  1.577556E-05  2.902506E-01  1.324853E-03  2.338947E-05  1.083505E-06  1.230304E-03  3.110263E-07  1.129209E-06  1.042448E-08  1.398668E-02  1.960905E-06  1.261419E-08  1.078270E-08  1.172542E-03  1.594126E-03  1.720106E-05  1.364399E-05  1.750224E-05  7.358533E-07
 3.091500E+02  4.249576E-02  3.235759E-06  4.471271E-11  5.932235E-11  6.615687E-11  7.968367E-11  6.464312E-01  1.563339E-03  1.483684E-05  2.903979E-01  1.302381E-03  2.204315E-05  1.052605E-06  1.209628E-03  2.956330E-07  1.076080E-06  1.004149E-08  1.378971E-02  1.871732E-06  1.221859E-08  1.043745E-08  1.152502E-03  1.566858E-03  1.620636E-05  1.284545E-05  1.648337E-05  7.005762E-07
 3.101500E+02  4.260260E-02  3.209129E-06  4.346586E-11  5.768326E-11  6.433262E-11  7.750559E-11  6.464947E-01  1.535465E-03  1.395988E-05  2.905421E-01  1.280431E-03  2.078223E-05  1.022786E-06  1.189408E-03  2.810926E-07  1.025767E-06  9.674565E-09  1.359642E-02  1.787114E-06  1.183734E-08  1.010495E-08  1.132938E-03  1.540240E-03  1.527517E-05  1.209855E-05  1.553007E-05  6.671933E-07
 3.111500E+02  4.270741E-02  3.182721E-06  4.225863E-11  5.609577E-11  6.256571E-11  7.539541E-11  6.465565E-01  1.508284E-03  1.314024E-05  2.906834E-01  1.258987E-03  1.960082E-05  9.940041E-07  1.169632E-03  2.673534E-07  9.781055E-07  9.322974E-09  1.340675E-02  1.706796E-06  1.146986E-08  9.784683E-09  1.113837E-03  1.514252E-03  1.440307E-05  1.139966E-05  1.463777E-05  6.355931E-07
 3.121500E+02  4.281023E-02  3.156537E-06  4.108967E-11  5.455820E-11  6.085423E-11  7.335090E-11  6.466168E-01  1.481776E-03  1.237384E-05  2.908216E-01  1.238036E-03  1.849349E-05  9.662169E-07  1.150289E-03  2.543670E-07  9.329420E-07  8.986010E-09  1.322062E-02  1.630539E-06  1.111561E-08  9.476162E-09  1.095184E-03  1.488876E-03  1.358598E-05  1.074542E-05  1.380221E-05  6.056714E-07
 3.131500E+02  4.291110E-02  3.130580E-06  3.995772E-11  5.306888E-11  5.919637E-11  7.136991E-11  6.466755E-01  1.455920E-03  1.165693E-05  2.909570E-01  1.217564E-03  1.745518E-05  9.393851E-07  1.131369E-03  2.420881E-07  8.901324E-07  8.663005E-09  1.303796E-02  1.558117E-06  1.077406E-08  9.178911E-09  1.076967E-03  1.464095E-03  1.282013E-05  1.013273E-05  1.301947E-05  5.773305E-07
 3.141500E+02  4.301006E-02  3.104852E-06  3.886153E-11  5.162620E-11  5.759033E-11  6.945035E-11  6.467329E-01  1.430696E-03  1.098602E-05  2.910896E-01  1.197558E-03  1.648124E-05  9.134709E-07  1.112861E-03  2.304745E-07  8.495415E-07  8.353322E-09  1.285869E-02  1.489318E-06  1.044472E-08  8.892479E-09  1.059174E-03  1.439892E-03  1.210203E-05  9.558711E-06  1.228590E-05  5.504788E-07
 3.151500E+02  4.310715E-02  3.079357E-06  3.779990E-11  5.022863E-11  5.603441E-11  6.759021E-11  6.467887E-01  1.406086E-03  1.035788E-05  2.912195E-01  1.178005E-03  1.556730E-05  8.884381E-07  1.094755E-03  2.194866E-07  8.110426E-07  8.056355E-09  1.268276E-02  1.423944E-06  1.012710E-08  8.616431E-09  1.041793E-03  1.416250E-03  1.142843E-05  9.020704E-06  1.159813E-05  5.250304E-07
 3.161500E+02  4.320242E-02  3.054094E-06  3.677167E-11  4.887467E-11  5.452694E-11  6.578753E-11  6.468433E-01  1.382071E-03  9.769559E-06  2.913467E-01  1.158893E-03  1.470937E-05  8.642519E-07  1.077041E-03  2.090873E-07  7.745170E-07  7.771529E-09  1.251009E-02  1.361807E-06  9.820752E-09  8.350353E-09  1.024812E-03  1.393153E-03  1.079633E-05  8.516247E-06  1.095306E-05  5.009048E-07
 3.171500E+02  4.329589E-02  3.029067E-06  3.577573E-11  4.756285E-11  5.306632E-11  6.404044E-11  6.468964E-01  1.358633E-03  9.218289E-06  2.914714E-01  1.140210E-03  1.390371E-05  8.408793E-07  1.059709E-03  1.992422E-07  7.398530E-07  7.498295E-09  1.234061E-02  1.302730E-06  9.525226E-09  8.093848E-09  1.008219E-03  1.370587E-03  1.020294E-05  8.043060E-06  1.034778E-05  4.780266E-07
 3.181500E+02  4.338760E-02  3.004276E-06  3.481099E-11  4.629179E-11  5.165099E-11  6.234708E-11  6.469483E-01  1.335756E-03  8.701529E-06  2.915935E-01  1.121945E-03  1.314684E-05  8.182886E-07  1.042749E-03  1.899186E-07  7.069461E-07  7.236132E-09  1.217427E-02  1.246549E-06  9.240102E-09  7.846535E-09  9.920053E-04  1.348536E-03  9.645691E-06  7.599029E-06  9.779621E-06  4.563249E-07
 3.191500E+02  4.347760E-02  2.979723E-06  3.387639E-11  4.506012E-11  5.027945E-11  6.070571E-11  6.469990E-01  1.313423E-03  8.216921E-06  2.917131E-01  1.104085E-03  1.243556E-05  7.964496E-07  1.026153E-03  1.810863E-07  6.756978E-07  6.984545E-09  1.201099E-02  1.193107E-06  8.964975E-09  7.608051E-09  9.761586E-04  1.326985E-03  9.122174E-06  7.182193E-06  9.246098E-06  4.357331E-07
 3.201500E+02  4.356592E-02  2.955408E-06  3.297094E-11  4.386654E-11  4.895024E-11  5.911461E-11  6.470484E-01  1.291617E-03  7.762279E-06  2.918303E-01  1.086620E-03  1.176688E-05  7.753332E-07  1.009912E-03  1.727167E-07  6.460159E-07  6.743060E-09  1.185072E-02  1.142257E-06  8.699458E-09  7.378047E-09  9.606692E-04  1.305922E-03  8.630165E-06  6.790737E-06  8.744904E-06  4.161889E-07
 3.211500E+02  4.365259E-02  2.931332E-06  3.209364E-11  4.270977E-11  4.766196E-11  5.757211E-11  6.470967E-01  1.270325E-03  7.335582E-06  2.919452E-01  1.069540E-03  1.113802E-05  7.549117E-07  9.940158E-04  1.647831E-07  6.178135E-07  6.511229E-09  1.169340E-02  1.093860E-06  8.443177E-09  7.156188E-09  9.455274E-04  1.285332E-03  8.167595E-06  6.422972E-06  8.273900E-06  3.976337E-07
 3.221500E+02  4.373765E-02  2.907495E-06  3.124356E-11  4.158860E-11  4.641324E-11  5.607663E-11  6.471439E-01  1.249530E-03  6.934952E-06  2.920578E-01  1.052834E-03  1.054639E-05  7.351587E-07  9.784573E-04  1.572607E-07  5.910093E-07  6.288623E-09  1.153896E-02  1.047787E-06  8.195778E-09  6.942155E-09  9.307235E-04  1.265202E-03  7.732543E-06  6.077333E-06  7.831100E-06  3.800122E-07
 3.231500E+02  4.382112E-02  2.883898E-06  3.041979E-11  4.050184E-11  4.520278E-11  5.462662E-11  6.471899E-01  1.229219E-03  6.558649E-06  2.921682E-01  1.036493E-03  9.989599E-06  7.160487E-07  9.632278E-04  1.501258E-07  5.655264E-07  6.074836E-09  1.138734E-02  1.003913E-06  7.956917E-09  6.735640E-09  9.162483E-04  1.245520E-03  7.323222E-06  5.752366E-06  7.414657E-06  3.632728E-07
 3.241500E+02  4.390306E-02  2.860540E-06  2.962143E-11  3.944834E-11  4.402931E-11  5.322057E-11  6.472349E-01  1.209378E-03  6.205059E-06  2.922764E-01  1.020506E-03  9.465402E-06  6.975574E-07  9.483192E-04  1.433565E-07  5.412929E-07  5.869479E-09  1.123849E-02  9.621229E-07  7.726266E-09  6.536351E-09  9.020929E-04  1.226274E-03  6.937971E-06  5.446720E-06  7.022857E-06  3.473669E-07
 3.251500E+02  4.398348E-02  2.837422E-06  2.884764E-11  3.842701E-11  4.289160E-11  5.185705E-11  6.472788E-01  1.189993E-03  5.872682E-06  2.923824E-01  1.004865E-03  8.971721E-06  6.796615E-07  9.337238E-04  1.369322E-07  5.182410E-07  5.672183E-09  1.109235E-02  9.223080E-07  7.503512E-09  6.344006E-09  8.882486E-04  1.207451E-03  6.575244E-06  5.159140E-06  6.654104E-06  3.322486E-07
 3.261500E+02  4.406242E-02  2.814544E-06  2.809760E-11  3.743677E-11  4.178846E-11  5.053465E-11  6.473217E-01  1.171051E-03  5.560125E-06  2.924864E-01  9.895605E-04  8.506619E-06  6.623388E-07  9.194337E-04  1.308334E-07  4.963067E-07  5.482595E-09  1.094886E-02  8.843647E-07  7.288354E-09  6.158336E-09  8.747071E-04  1.189041E-03  6.233603E-06  4.888457E-06  6.306916E-06  3.178750E-07
 3.271500E+02  4.413990E-02  2.791904E-06  2.737051E-11  3.647658E-11  4.071876E-11  4.925203E-11  6.473637E-01  1.152540E-03  5.266097E-06  2.925883E-01  9.745834E-04  8.068290E-06  6.455678E-07  9.054417E-04  1.250420E-07  4.754302E-07  5.300381E-09  1.080797E-02  8.481959E-07  7.080501E-09  5.979081E-09  8.614602E-04  1.171032E-03  5.911708E-06  4.633587E-06  5.979913E-06  3.042055E-07
 3.281500E+02  4.421597E-02  2.769503E-06  2.666560E-11  3.554547E-11  3.968138E-11  4.800787E-11  6.474047E-01  1.134448E-03  4.989395E-06  2.926883E-01  9.599253E-04  7.655052E-06  6.293282E-07  8.917404E-04  1.195408E-07  4.555548E-07  5.125222E-09  1.066963E-02  8.137098E-07  6.879678E-09  5.805995E-09  8.485001E-04  1.153414E-03  5.608311E-06  4.393518E-06  5.671809E-06  2.912022E-07
 3.291500E+02  4.429065E-02  2.747340E-06  2.598213E-11  3.464245E-11  3.867525E-11  4.680093E-11  6.474447E-01  1.116763E-03  4.728900E-06  2.927863E-01  9.455780E-04  7.265337E-06  6.136003E-07  8.783228E-04  1.143138E-07  4.366273E-07  4.956811E-09  1.053378E-02  7.808199E-07  6.685617E-09  5.638841E-09  8.358190E-04  1.136176E-03  5.322250E-06  4.167310E-06  5.381410E-06  2.788292E-07
 3.301500E+02  4.436397E-02  2.725413E-06  2.531940E-11  3.376661E-11  3.769935E-11  4.562997E-11  6.474839E-01  1.099473E-03  4.483573E-06  2.928824E-01  9.315335E-04  6.897682E-06  5.983653E-07  8.651820E-04  1.093459E-07  4.185975E-07  4.794860E-09  1.040038E-02  7.494443E-07  6.498065E-09  5.477390E-09  8.234098E-04  1.119307E-03  5.052441E-06  3.954087E-06  5.107600E-06  2.670526E-07
 3.311500E+02  4.443595E-02  2.703722E-06  2.467670E-11  3.291705E-11  3.675268E-11  4.449383E-11  6.475222E-01  1.082568E-03  4.252447E-06  2.929767E-01  9.177841E-04  6.550723E-06  5.836052E-07  8.523113E-04  1.046229E-07  4.014182E-07  4.639092E-09  1.026937E-02  7.195058E-07  6.316777E-09  5.321426E-09  8.112651E-04  1.102799E-03  4.797875E-06  3.753032E-06  4.849342E-06  2.558408E-07
 3.321500E+02  4.450663E-02  2.682267E-06  2.405337E-11  3.209290E-11  3.583427E-11  4.339136E-11  6.475597E-01  1.066038E-03  4.034621E-06  2.930692E-01  9.043221E-04  6.223187E-06  5.693027E-07  8.397043E-04  1.001314E-07  3.850448E-07  4.489243E-09  1.014070E-02  6.909316E-07  6.141517E-09  5.170738E-09  7.993780E-04  1.086642E-03  4.557608E-06  3.563384E-06  4.605666E-06  2.451638E-07
 3.331500E+02  4.457603E-02  2.661045E-06  2.344878E-11  3.129331E-11  3.494320E-11  4.232146E-11  6.475963E-01  1.049871E-03  3.829255E-06  2.931599E-01  8.911403E-04  5.913884E-06  5.554413E-07  8.273545E-04  9.585888E-08  3.694354E-07  4.345060E-09  1.001433E-02  6.636527E-07  5.972061E-09  5.025127E-09  7.877418E-04  1.070826E-03  4.330761E-06  3.384436E-06  4.375671E-06  2.349933E-07
 3.341500E+02  4.464419E-02  2.640056E-06  2.286229E-11  3.051750E-11  3.407857E-11  4.128308E-11  6.476322E-01  1.034058E-03  3.635568E-06  2.932490E-01  8.782315E-04  5.621705E-06  5.420050E-07  8.152558E-04  9.179354E-08  3.545502E-07  4.206306E-09  9.890201E-03  6.376040E-07  5.808193E-09  4.884401E-09  7.763501E-04  1.055343E-03  4.116514E-06  3.215524E-06  4.158514E-06  2.253027E-07
 3.351500E+02  4.471111E-02  2.619298E-06  2.229331E-11  2.976466E-11  3.323951E-11  4.027519E-11  6.476672E-01  1.018590E-03  3.452832E-06  2.933363E-01  8.655888E-04  5.345613E-06  5.289787E-07  8.034022E-04  8.792425E-08  3.403520E-07  4.072749E-09  9.768278E-03  6.127240E-07  5.649706E-09  4.748376E-09  7.651963E-04  1.040184E-03  3.914099E-06  3.056031E-06  3.953408E-06  2.160670E-07
 3.361500E+02  4.477684E-02  2.598770E-06  2.174125E-11  2.903405E-11  3.242518E-11  3.929679E-11  6.477015E-01  1.003457E-03  3.280367E-06  2.934220E-01  8.532055E-04  5.084638E-06  5.163477E-07  7.917878E-04  8.424053E-08  3.268054E-07  3.944173E-09  9.648512E-03  5.889545E-07  5.496399E-09  4.616874E-09  7.542745E-04  1.025340E-03  3.722800E-06  2.905382E-06  3.759620E-06  2.072626E-07
 3.371500E+02  4.484139E-02  2.578471E-06  2.120557E-11  2.832495E-11  3.163478E-11  3.834693E-11  6.477351E-01  9.886494E-04  3.117539E-06  2.935060E-01  8.410752E-04  4.837874E-06  5.040979E-07  7.804070E-04  8.073251E-08  3.138771E-07  3.820369E-09  9.530859E-03  5.662403E-07  5.348084E-09  4.489726E-09  7.435787E-04  1.010804E-03  3.541949E-06  2.763038E-06  3.576465E-06  1.988670E-07
 3.381500E+02  4.490480E-02  2.558399E-06  2.068572E-11  2.763665E-11  3.086753E-11  3.742469E-11  6.477680E-01  9.741595E-04  2.963757E-06  2.935886E-01  8.291915E-04  4.604473E-06  4.922159E-07  7.692540E-04  7.739091E-08  3.015358E-07  3.701138E-09  9.415275E-03  5.445295E-07  5.204576E-09  4.366771E-09  7.331031E-04  9.965677E-04  3.370918E-06  2.628498E-06  3.403300E-06  1.908592E-07
 3.391500E+02  4.496707E-02  2.538552E-06  2.018118E-11  2.696846E-11  3.012267E-11  3.652918E-11  6.478001E-01  9.599786E-04  2.818469E-06  2.936695E-01  8.175482E-04  4.383644E-06  4.806888E-07  7.583237E-04  7.420697E-08  2.897518E-07  3.586291E-09  9.301718E-03  5.237728E-07  5.065699E-09  4.247851E-09  7.228420E-04  9.826233E-04  3.209124E-06  2.501290E-06  3.239529E-06  1.832195E-07
 3.401500E+02  4.502825E-02  2.518928E-06  1.969146E-11  2.631974E-11  2.939947E-11  3.565952E-11  6.478316E-01  9.460983E-04  2.681160E-06  2.937490E-01  8.061395E-04  4.174643E-06  4.695040E-07  7.476106E-04  7.117244E-08  2.784969E-07  3.475645E-09  9.190147E-03  5.039235E-07  4.931284E-09  4.132818E-09  7.127901E-04  9.689636E-04  3.056019E-06  2.380977E-06  3.084590E-06  1.759289E-07
 3.411500E+02  4.508835E-02  2.499527E-06  1.921605E-11  2.568986E-11  2.869723E-11  3.481490E-11  6.478624E-01  9.325109E-04  2.551348E-06  2.938270E-01  7.949594E-04  3.976777E-06  4.586498E-07  7.371097E-04  6.827953E-08  2.677447E-07  3.369029E-09  9.080522E-03  4.849376E-07  4.801170E-09  4.021528E-09  7.029422E-04  9.555812E-04  2.911090E-06  2.267147E-06  2.937961E-06  1.689698E-07
 3.421500E+02  4.514739E-02  2.480346E-06  1.875450E-11  2.507820E-11  2.801528E-11  3.399450E-11  6.478926E-01  9.192086E-04  2.428582E-06  2.939036E-01  7.840025E-04  3.789395E-06  4.481146E-07  7.268159E-04  6.552089E-08  2.574702E-07  3.266277E-09  8.972802E-03  4.667732E-07  4.675200E-09  3.913842E-09  6.932930E-04  9.424692E-04  2.773859E-06  2.159417E-06  2.799151E-06  1.623254E-07
 3.431500E+02  4.520539E-02  2.461384E-06  1.830636E-11  2.448417E-11  2.735295E-11  3.319754E-11  6.479221E-01  9.061840E-04  2.312444E-06  2.939788E-01  7.732632E-04  3.611887E-06  4.378874E-07  7.167245E-04  6.288962E-08  2.476496E-07  3.167231E-09  8.866948E-03  4.493907E-07  4.553225E-09  3.809630E-09  6.838375E-04  9.296209E-04  2.643876E-06  2.057428E-06  2.667701E-06  1.559800E-07
 3.441500E+02  4.526238E-02  2.442638E-06  1.787119E-11  2.390721E-11  2.670962E-11  3.242328E-11  6.479511E-01  8.934298E-04  2.202538E-06  2.940526E-01  7.627362E-04  3.443683E-06  4.279577E-07  7.068306E-04  6.037917E-08  2.382606E-07  3.071741E-09  8.762923E-03  4.327526E-07  4.435101E-09  3.708763E-09  6.745711E-04  9.170297E-04  2.520720E-06  1.960843E-06  2.543183E-06  1.499185E-07
 3.451500E+02  4.531838E-02  2.424107E-06  1.744856E-11  2.334676E-11  2.608468E-11  3.167100E-11  6.479794E-01  8.809391E-04  2.098497E-06  2.941251E-01  7.524164E-04  3.284248E-06  4.183152E-07  6.971297E-04  5.798336E-08  2.292820E-07  2.979662E-09  8.660690E-03  4.168234E-07  4.320690E-09  3.611121E-09  6.654890E-04  9.046892E-04  2.403997E-06  1.869347E-06  2.425194E-06  1.441268E-07
 3.461500E+02  4.537340E-02  2.405788E-06  1.703808E-11  2.280229E-11  2.547753E-11  3.093998E-11  6.480072E-01  8.687051E-04  1.999976E-06  2.941963E-01  7.422988E-04  3.133079E-06  4.089503E-07  6.876172E-04  5.569639E-08  2.206938E-07  2.890858E-09  8.560212E-03  4.015695E-07  4.209859E-09  3.516586E-09  6.565867E-04  8.925932E-04  2.293338E-06  1.782645E-06  2.313357E-06  1.385916E-07
 3.471500E+02  4.542747E-02  2.387681E-06  1.663934E-11  2.227330E-11  2.488760E-11  3.022957E-11  6.480344E-01  8.567212E-04  1.906653E-06  2.942661E-01  7.323785E-04  2.989706E-06  3.998534E-07  6.782888E-04  5.351274E-08  2.124769E-07  2.805196E-09  8.461453E-03  3.869588E-07  4.102482E-09  3.425046E-09  6.478597E-04  8.807357E-04  2.188397E-06  1.700460E-06  2.207318E-06  1.333002E-07
 3.481500E+02  4.548061E-02  2.369782E-06  1.625198E-11  2.175928E-11  2.431435E-11  2.953909E-11  6.480610E-01  8.449810E-04  1.818226E-06  2.943348E-01  7.226507E-04  2.853687E-06  3.910156E-07  6.691402E-04  5.142722E-08  2.046134E-07  2.722550E-09  8.364380E-03  3.729611E-07  3.998435E-09  3.336393E-09  6.393037E-04  8.691108E-04  2.088848E-06  1.622534E-06  2.106747E-06  1.282407E-07
 3.491500E+02  4.553284E-02  2.352091E-06  1.587562E-11  2.125976E-11  2.375725E-11  2.886792E-11  6.480871E-01  8.334784E-04  1.734412E-06  2.944022E-01  7.131109E-04  2.724608E-06  3.824282E-07  6.601673E-04  4.943492E-08  1.970863E-07  2.642802E-09  8.268957E-03  3.595476E-07  3.897601E-09  3.250523E-09  6.309147E-04  8.577129E-04  1.994386E-06  1.548624E-06  2.011333E-06  1.234017E-07
 3.501500E+02  4.558417E-02  2.334604E-06  1.550992E-11  2.077428E-11  2.321577E-11  2.821546E-11  6.481127E-01  8.222074E-04  1.654945E-06  2.944684E-01  7.037545E-04  2.602080E-06  3.740828E-07  6.513660E-04  4.753119E-08  1.898795E-07  2.565835E-09  8.175152E-03  3.466912E-07  3.799867E-09  3.167337E-09  6.226885E-04  8.465364E-04  1.904726E-06  1.478500E-06  1.920784E-06  1.187725E-07
 3.511500E+02  4.563462E-02  2.317320E-06  1.515453E-11  2.030239E-11  2.268943E-11  2.758111E-11  6.481378E-01  8.111621E-04  1.579577E-06  2.945334E-01  6.945773E-04  2.485736E-06  3.659713E-07  6.427324E-04  4.571164E-08  1.829777E-07  2.491540E-09  8.082932E-03  3.343659E-07  3.705124E-09  3.086739E-09  6.146212E-04  8.355761E-04  1.819598E-06  1.411951E-06  1.834827E-06  1.143430E-07
 3.521500E+02  4.568421E-02  2.300237E-06  1.480912E-11  1.984366E-11  2.217775E-11  2.696430E-11  6.481624E-01  8.003369E-04  1.508075E-06  2.945973E-01  6.855750E-04  2.375234E-06  3.580861E-07  6.342626E-04  4.397213E-08  1.763665E-07  2.419812E-09  7.992265E-03  3.225473E-07  3.613267E-09  3.008638E-09  6.067091E-04  8.248267E-04  1.738750E-06  1.348774E-06  1.753206E-06  1.101036E-07
 3.531500E+02  4.573296E-02  2.283353E-06  1.447337E-11  1.939768E-11  2.168026E-11  2.636449E-11  6.481865E-01  7.897264E-04  1.440220E-06  2.946601E-01  6.767435E-04  2.270250E-06  3.504196E-07  6.259530E-04  4.230872E-08  1.700322E-07  2.350550E-09  7.903120E-03  3.112120E-07  3.524197E-09  2.932946E-09  5.989483E-04  8.142831E-04  1.661946E-06  1.288781E-06  1.675677E-06  1.060451E-07
 3.541500E+02  4.578089E-02  2.266666E-06  1.414699E-11  1.896404E-11  2.119652E-11  2.578114E-11  6.482102E-01  7.793251E-04  1.375807E-06  2.947218E-01  6.680788E-04  2.170482E-06  3.429648E-07  6.177997E-04  4.071770E-08  1.639616E-07  2.283658E-09  7.815466E-03  3.003379E-07  3.437816E-09  2.859576E-09  5.913353E-04  8.039405E-04  1.588961E-06  1.231796E-06  1.602016E-06  1.021590E-07
 3.551500E+02  4.582801E-02  2.250173E-06  1.382967E-11  1.854236E-11  2.072609E-11  2.521375E-11  6.482333E-01  7.691279E-04  1.314643E-06  2.947824E-01  6.595770E-04  2.075644E-06  3.357147E-07  6.097994E-04  3.919555E-08  1.581426E-07  2.219044E-09  7.729274E-03  2.899040E-07  3.354031E-09  2.788449E-09  5.838666E-04  7.937940E-04  1.519587E-06  1.177652E-06  1.532009E-06  9.843706E-08
 3.561500E+02  4.587434E-02  2.233873E-06  1.352113E-11  1.813226E-11  2.026857E-11  2.466180E-11  6.482561E-01  7.591299E-04  1.256547E-06  2.948420E-01  6.512343E-04  1.985468E-06  3.286626E-07  6.019485E-04  3.773895E-08  1.525634E-07  2.156620E-09  7.644515E-03  2.798903E-07  3.272754E-09  2.719485E-09  5.765388E-04  7.838391E-04  1.453626E-06  1.126192E-06  1.465456E-06  9.487151E-08
 3.571500E+02  4.591989E-02  2.217763E-06  1.322109E-11  1.773337E-11  1.982355E-11  2.412484E-11  6.482784E-01  7.493262E-04  1.201349E-06  2.949005E-01  6.430470E-04  1.899701E-06  3.218022E-07  5.942437E-04  3.634473E-08  1.472130E-07  2.096301E-09  7.561160E-03  2.702778E-07  3.193898E-09  2.652610E-09  5.693486E-04  7.740712E-04  1.390894E-06  1.077270E-06  1.402169E-06  9.145504E-08
 3.581500E+02  4.596469E-02  2.201842E-06  1.292928E-11  1.734536E-11  1.939063E-11  2.360238E-11  6.483002E-01  7.397119E-04  1.148890E-06  2.949580E-01  6.350116E-04  1.818106E-06  3.151273E-07  5.866817E-04  3.500991E-08  1.420807E-07  2.038006E-09  7.479181E-03  2.610486E-07  3.117380E-09  2.587750E-09  5.622927E-04  7.644859E-04  1.331216E-06  1.030747E-06  1.341970E-06  8.818065E-08
 3.591500E+02  4.600873E-02  2.186107E-06  1.264545E-11  1.696788E-11  1.896945E-11  2.309400E-11  6.483217E-01  7.302827E-04  1.099019E-06  2.950145E-01  6.271245E-04  1.740458E-06  3.086319E-07  5.792592E-04  3.373166E-08  1.371566E-07  1.981659E-09  7.398551E-03  2.521855E-07  3.043121E-09  2.524837E-09  5.553680E-04  7.550790E-04  1.274427E-06  9.864937E-07  1.284693E-06  8.504175E-08
 3.601500E+02  4.605205E-02  2.170556E-06  1.236935E-11  1.660061E-11  1.855964E-11  2.259924E-11  6.483427E-01  7.210338E-04  1.051595E-06  2.950701E-01  6.193824E-04  1.666549E-06  3.023104E-07  5.719733E-04  3.250730E-08  1.324312E-07  1.927186E-09  7.319243E-03  2.436722E-07  2.971044E-09  2.463802E-09  5.485715E-04  7.458463E-04  1.220374E-06  9.443874E-07  1.230181E-06  8.203206E-08
 3.611500E+02  4.609466E-02  2.155187E-06  1.210074E-11  1.624323E-11  1.816085E-11  2.211770E-11  6.483634E-01  7.119612E-04  1.006485E-06  2.951247E-01  6.117820E-04  1.596178E-06  2.961572E-07  5.648207E-04  3.133428E-08  1.278955E-07  1.874514E-09  7.241231E-03  2.354932E-07  2.901076E-09  2.404583E-09  5.419002E-04  7.367838E-04  1.168911E-06  9.043130E-07  1.178287E-06  7.914561E-08
 3.621500E+02  4.613656E-02  2.139999E-06  1.183939E-11  1.589544E-11  1.777274E-11  2.164898E-11  6.483836E-01  7.030605E-04  9.635648E-07  2.951784E-01  6.043201E-04  1.529158E-06  2.901670E-07  5.577986E-04  3.021020E-08  1.235409E-07  1.823577E-09  7.164489E-03  2.276337E-07  2.833145E-09  2.347116E-09  5.353512E-04  7.278876E-04  1.119900E-06  8.661621E-07  1.128871E-06  7.637677E-08
 3.631500E+02  4.617777E-02  2.124988E-06  1.158506E-11  1.555694E-11  1.739498E-11  2.119267E-11  6.484035E-01  6.943276E-04  9.227161E-07  2.952312E-01  5.969934E-04  1.465315E-06  2.843347E-07  5.509041E-04  2.913277E-08  1.193593E-07  1.774309E-09  7.088993E-03  2.200798E-07  2.767183E-09  2.291342E-09  5.289217E-04  7.191538E-04  1.073212E-06  8.298325E-07  1.081803E-06  7.372015E-08
 3.641500E+02  4.621832E-02  2.110153E-06  1.133755E-11  1.522744E-11  1.702726E-11  2.074841E-11  6.484230E-01  6.857587E-04  8.838286E-07  2.952831E-01  5.897991E-04  1.404481E-06  2.786553E-07  5.441343E-04  2.809981E-08  1.153429E-07  1.726647E-09  7.014719E-03  2.128180E-07  2.703125E-09  2.237204E-09  5.226091E-04  7.105787E-04  1.028726E-06  7.952280E-07  1.036958E-06  7.117066E-08
 3.651500E+02  4.625820E-02  2.095492E-06  1.109665E-11  1.490668E-11  1.666927E-11  2.031583E-11  6.484422E-01  6.773497E-04  8.467979E-07  2.953341E-01  5.827340E-04  1.346500E-06  2.731241E-07  5.374866E-04  2.710927E-08  1.114844E-07  1.680533E-09  6.941641E-03  2.058357E-07  2.640907E-09  2.184647E-09  5.164105E-04  7.021588E-04  9.863273E-07  7.622580E-07  9.942212E-07  6.872344E-08
 3.661500E+02  4.629743E-02  2.081003E-06  1.086215E-11  1.459439E-11  1.632072E-11  1.989458E-11  6.484610E-01  6.690971E-04  8.115259E-07  2.953843E-01  5.757954E-04  1.291224E-06  2.677364E-07  5.309581E-04  2.615920E-08  1.077768E-07  1.635907E-09  6.869738E-03  1.991207E-07  2.580468E-09  2.133617E-09  5.103236E-04  6.938904E-04  9.459067E-07  7.308369E-07  9.534820E-07  6.637391E-08
 3.671500E+02  4.633603E-02  2.066684E-06  1.063386E-11  1.429031E-11  1.598132E-11  1.948432E-11  6.484794E-01  6.609970E-04  7.779199E-07  2.954337E-01  5.689805E-04  1.238514E-06  2.624880E-07  5.245464E-04  2.524774E-08  1.042134E-07  1.592717E-09  6.798985E-03  1.926616E-07  2.521749E-09  2.084063E-09  5.043457E-04  6.857703E-04  9.073625E-07  7.008843E-07  9.146371E-07  6.411767E-08
 3.681500E+02  4.637401E-02  2.052532E-06  1.041159E-11  1.399419E-11  1.565080E-11  1.908471E-11  6.484975E-01  6.530461E-04  7.458928E-07  2.954822E-01  5.622863E-04  1.188237E-06  2.573743E-07  5.182489E-04  2.437313E-08  1.007879E-07  1.550908E-09  6.729361E-03  1.864473E-07  2.464695E-09  2.035936E-09  4.984743E-04  6.777950E-04  8.705981E-07  6.723239E-07  8.775888E-07  6.195058E-08
 3.691500E+02  4.641138E-02  2.038546E-06  1.019515E-11  1.370579E-11  1.532888E-11  1.869543E-11  6.485153E-01  6.452407E-04  7.153624E-07  2.955299E-01  5.557104E-04  1.140270E-06  2.523915E-07  5.120631E-04  2.353370E-08  9.749426E-08  1.510429E-09  6.660844E-03  1.804674E-07  2.409250E-09  1.989188E-09  4.927072E-04  6.699613E-04  8.355225E-07  6.450842E-07  8.422451E-07  5.986866E-08
 3.701500E+02  4.644816E-02  2.024724E-06  9.984374E-12  1.342489E-11  1.501531E-11  1.831619E-11  6.485328E-01  6.375776E-04  6.862510E-07  2.955769E-01  5.492501E-04  1.094496E-06  2.475354E-07  5.059865E-04  2.272785E-08  9.432679E-08  1.471234E-09  6.593413E-03  1.747120E-07  2.355361E-09  1.943775E-09  4.870420E-04  6.622661E-04  8.020499E-07  6.190975E-07  8.085188E-07  5.786817E-08
 3.711500E+02  4.648434E-02  2.011064E-06  9.779087E-12  1.315125E-11  1.470983E-11  1.794668E-11  6.485499E-01  6.300535E-04  6.584856E-07  2.956231E-01  5.429029E-04  1.050802E-06  2.428022E-07  5.000169E-04  2.195409E-08  9.128001E-08  1.433274E-09  6.527046E-03  1.691715E-07  2.302979E-09  1.899651E-09  4.814765E-04  6.547063E-04  7.700991E-07  5.942997E-07  7.763279E-07  5.594551E-08
 3.721500E+02  4.651995E-02  1.997563E-06  9.579125E-12  1.288465E-11  1.441222E-11  1.758662E-11  6.485668E-01  6.226653E-04  6.319971E-07  2.956685E-01  5.366663E-04  1.009086E-06  2.381883E-07  4.941518E-04  2.121096E-08  8.834872E-08  1.396506E-09  6.461723E-03  1.638369E-07  2.252054E-09  1.856775E-09  4.760083E-04  6.472789E-04  7.395933E-07  5.706306E-07  7.455949E-07  5.409729E-08
 3.731500E+02  4.655500E-02  1.984220E-06  9.384328E-12  1.262490E-11  1.412223E-11  1.723571E-11  6.485833E-01  6.154098E-04  6.067202E-07  2.957132E-01  5.305380E-04  9.692464E-07  2.336899E-07  4.883892E-04  2.049711E-08  8.552799E-08  1.360886E-09  6.397424E-03  1.586995E-07  2.202540E-09  1.815105E-09  4.706355E-04  6.399809E-04  7.104600E-07  5.480332E-07  7.162463E-07  5.232025E-08
