#         T/K            c1          c2-1          c3-4          c3-5          c3-7          c3-9            m1          m2-1          m3-1            w1            w2          w3-1          w3-2          c1m1        c1m2-1        c1m2-7        c2m1-1        c1w1-2        c1w2-1        c2w1-1        c2w1-9        m1w1-1        m1w1-4        m1w2-1        m2w1-1        m2w1-3      c1m1w1-1
 2.731500E+02  1.220459E-01  5.021052E-05  5.469193E-09  7.178448E-09  7.986594E-09  9.523020E-09  1.966320E-01  3.312426E-04  6.022788E-06  5.107359E-01  9.118048E-03  1.655663E-03  2.323072E-05  2.557679E-03  8.189991E-07  2.687396E-06  1.696916E-07  1.531378E-01  1.502624E-04  9.667946E-07  8.489480E-07  1.382050E-03  1.881343E-03  2.101005E-04  2.928787E-05  3.709347E-05  1.064550E-05
 2.741500E+02  1.230644E-01  5.008546E-05  5.333486E-09  7.002700E-09  7.791642E-09  9.293493E-09  1.967069E-01  3.232573E-04  5.555454E-06  5.120723E-01  8.942285E-03  1.540007E-03  2.244766E-05  2.511309E-03  7.691233E-07  2.531912E-06  1.628185E-07  1.511532E-01  1.423997E-04  9.359118E-07  8.211207E-07  1.352737E-03  1.841323E-03  1.949826E-04  2.710304E-05  3.434003E-05  1.003703E-05
 2.751500E+02  1.240705E-01  4.995288E-05  5.200843E-09  6.830839E-09  7.600981E-09  9.068921E-09  1.967795E-01  3.155258E-04  5.127583E-06  5.133817E-01  8.770702E-03  1.433079E-03  2.169512E-05  2.465918E-03  7.225771E-07  2.386334E-06  1.562483E-07  1.491923E-01  1.349845E-04  9.060687E-07  7.942572E-07  1.324229E-03  1.802407E-03  1.810442E-04  2.509533E-05  3.180882E-05  9.466548E-06
 2.761500E+02  1.250639E-01  4.981304E-05  5.071222E-09  6.662815E-09  7.414559E-09  8.849245E-09  1.968498E-01  3.080387E-04  4.735591E-06  5.146649E-01  8.603200E-03  1.334177E-03  2.097184E-05  2.421486E-03  6.791202E-07  2.249980E-06  1.499668E-07  1.472553E-01  1.279897E-04  8.772312E-07  7.683245E-07  1.296500E-03  1.764561E-03  1.681867E-04  2.324934E-05  2.948060E-05  8.931505E-06
 2.771500E+02  1.260448E-01  4.966620E-05  4.944580E-09  6.498579E-09  7.232320E-09  8.634408E-09  1.969178E-01  3.007866E-04  4.376242E-06  5.159228E-01  8.439682E-03  1.242661E-03  2.027659E-05  2.377991E-03  6.385311E-07  2.122214E-06  1.439605E-07  1.453422E-01  1.213900E-04  8.493659E-07  7.432906E-07  1.269527E-03  1.727751E-03  1.563204E-04  2.155108E-05  2.733788E-05  8.429536E-06
 2.781500E+02  1.270131E-01  4.951264E-05  4.820876E-09  6.338080E-09  7.054209E-09  8.424348E-09  1.969837E-01  2.937609E-04  4.046610E-06  5.171562E-01  8.280053E-03  1.157941E-03  1.960819E-05  2.335414E-03  6.006052E-07  2.002452E-06  1.382167E-07  1.434532E-01  1.151616E-04  8.224405E-07  7.191247E-07  1.243287E-03  1.691945E-03  1.453636E-04  1.998784E-05  2.536477E-05  7.958442E-06
 2.791500E+02  1.279689E-01  4.935260E-05  4.700066E-09  6.181265E-09  6.880170E-09  8.219006E-09  1.970477E-01  2.869530E-04  3.744048E-06  5.183658E-01  8.124216E-03  1.079478E-03  1.896552E-05  2.293735E-03  5.651535E-07  1.890148E-06  1.327232E-07  1.415881E-01  1.092821E-04  7.964237E-07  6.957966E-07  1.217756E-03  1.657112E-03  1.352414E-04  1.854810E-05  2.354685E-05  7.516180E-06
 2.801500E+02  1.289120E-01  4.918636E-05  4.582106E-09  6.028082E-09  6.710145E-09  8.018317E-09  1.971097E-01  2.803550E-04  3.466163E-06  5.195522E-01  7.972078E-03  1.006780E-03  1.834750E-05  2.252934E-03  5.320016E-07  1.784799E-06  1.274684E-07  1.397471E-01  1.037307E-04  7.712851E-07  6.732775E-07  1.192913E-03  1.623221E-03  1.258858E-04  1.722136E-05  2.187097E-05  7.100852E-06
 2.811500E+02  1.298426E-01  4.901419E-05  4.466951E-09  5.878478E-09  6.544075E-09  7.822218E-09  1.971698E-01  2.739591E-04  3.210785E-06  5.207162E-01  7.823546E-03  9.393924E-04  1.775309E-05  2.212994E-03  5.009879E-07  1.685938E-06  1.224413E-07  1.379300E-01  9.848776E-05  7.469953E-07  6.515392E-07  1.168736E-03  1.590243E-03  1.172344E-04  1.599807E-05  2.032521E-05  6.710692E-06
 2.821500E+02  1.307607E-01  4.883633E-05  4.354557E-09  5.732397E-09  6.381902E-09  7.630644E-09  1.972282E-01  2.677579E-04  2.975951E-06  5.218582E-01  7.678530E-03  8.769012E-04  1.718131E-05  2.173894E-03  4.719633E-07  1.593130E-06  1.176315E-07  1.361370E-01  9.353498E-05  7.235257E-07  6.305546E-07  1.145204E-03  1.558150E-03  1.092302E-04  1.486956E-05  1.889867E-05  6.344057E-06
 2.831500E+02  1.316663E-01  4.865305E-05  4.244878E-09  5.589784E-09  6.223564E-09  7.443526E-09  1.972849E-01  2.617444E-04  2.759877E-06  5.229789E-01  7.536939E-03  8.189253E-04  1.663120E-05  2.135619E-03  4.447897E-07  1.505974E-06  1.130289E-07  1.343679E-01  8.885515E-05  7.008486E-07  6.102974E-07  1.122299E-03  1.526914E-03  1.018214E-04  1.382793E-05  1.758146E-05  5.999417E-06
 2.841500E+02  1.325595E-01  4.846461E-05  4.137867E-09  5.450584E-09  6.069000E-09  7.260797E-09  1.973399E-01  2.559116E-04  2.560948E-06  5.240789E-01  7.398686E-03  7.651150E-04  1.610186E-05  2.098149E-03  4.193393E-07  1.424096E-06  1.086241E-07  1.326227E-01  8.443212E-05  6.789374E-07  5.907422E-07  1.100000E-03  1.496508E-03  9.496026E-05  1.286596E-05  1.636454E-05  5.675350E-06
 2.851500E+02  1.334404E-01  4.827126E-05  4.033479E-09  5.314739E-09  5.918148E-09  7.082388E-09  1.973934E-01  2.502532E-04  2.377696E-06  5.251585E-01  7.263685E-03  7.151496E-04  1.559241E-05  2.061467E-03  3.954936E-07  1.347147E-06  1.044081E-07  1.309012E-01  8.025078E-05  6.577659E-07  5.718644E-07  1.078288E-03  1.466907E-03  8.860328E-05  1.197709E-05  1.523968E-05  5.370531E-06
 2.861500E+02  1.343089E-01  4.807325E-05  3.931667E-09  5.182192E-09  5.770945E-09  6.908229E-09  1.974453E-01  2.447628E-04  2.208786E-06  5.262185E-01  7.131852E-03  6.687344E-04  1.510203E-05  2.025557E-03  3.731432E-07  1.274807E-06  1.003722E-07  1.292033E-01  7.629694E-05  6.373092E-07  5.536403E-07  1.057147E-03  1.438085E-03  8.271060E-05  1.115533E-05  1.419938E-05  5.083726E-06
 2.871500E+02  1.351652E-01  4.787082E-05  3.832384E-09  5.052885E-09  5.627327E-09  6.738247E-09  1.974958E-01  2.394345E-04  2.053008E-06  5.272591E-01  7.003105E-03  6.255986E-04  1.462993E-05  1.990402E-03  3.521863E-07  1.206774E-06  9.650827E-08  1.275291E-01  7.255730E-05  6.175427E-07  5.360468E-07  1.036557E-03  1.410020E-03  7.724571E-05  1.039522E-05  1.323677E-05  4.813785E-06
 2.881500E+02  1.360094E-01  4.766421E-05  3.735581E-09  4.926759E-09  5.487230E-09  6.572372E-09  1.975450E-01  2.342624E-04  1.909258E-06  5.282809E-01  6.877363E-03  5.854935E-04  1.417534E-05  1.955985E-03  3.325287E-07  1.142770E-06  9.280851E-08  1.258782E-01  6.901937E-05  5.984429E-07  5.190618E-07  1.016503E-03  1.382686E-03  7.217517E-05  9.691771E-06  1.234559E-05  4.559637E-06
 2.891500E+02  1.368415E-01  4.745366E-05  3.641212E-09  4.803756E-09  5.350589E-09  6.410530E-09  1.975927E-01  2.292412E-04  1.776533E-06  5.292843E-01  6.754548E-03  5.481902E-04  1.373754E-05  1.922291E-03  3.140831E-07  1.082534E-06  8.926549E-08  1.242506E-01  6.567144E-05  5.799870E-07  5.026637E-07  9.969670E-04  1.356062E-03  6.746833E-05  9.040418E-06  1.152012E-05  4.320282E-06
 2.901500E+02  1.376616E-01  4.723939E-05  3.549228E-09  4.683816E-09  5.217340E-09  6.252648E-09  1.976392E-01  2.243655E-04  1.653919E-06  5.302697E-01  6.634583E-03  5.134783E-04  1.331584E-05  1.889303E-03  2.967683E-07  1.025826E-06  8.587211E-08  1.226461E-01  6.250251E-05  5.621529E-07  4.868318E-07  9.779344E-04  1.330127E-03  6.309705E-05  8.436998E-06  1.075512E-05  4.094790E-06
 2.911500E+02  1.384699E-01  4.702164E-05  3.459583E-09  4.566880E-09  5.087417E-09  6.098652E-09  1.976844E-01  2.196302E-04  1.540583E-06  5.312375E-01  6.517394E-03  4.811643E-04  1.290956E-05  1.857007E-03  2.805092E-07  9.724210E-07  8.262163E-08  1.210646E-01  5.950228E-05  5.449192E-07  4.715460E-07  9.593896E-04  1.304858E-03  5.903555E-05  7.877700E-06  1.004581E-05  3.882291E-06
 2.921500E+02  1.392664E-01  4.680062E-05  3.372228E-09  4.452888E-09  4.960755E-09  5.948468E-09  1.977284E-01  2.150304E-04  1.435765E-06  5.321881E-01  6.402909E-03  4.510699E-04  1.251809E-05  1.825387E-03  2.652358E-07  9.221084E-07  7.950763E-08  1.195058E-01  5.666104E-05  5.282653E-07  4.567871E-07  9.413177E-04  1.280236E-03  5.526015E-05  7.359038E-06  9.387795E-06  3.681975E-06
 2.931500E+02  1.400512E-01  4.657655E-05  3.287115E-09  4.341781E-09  4.837289E-09  5.802022E-09  1.977713E-01  2.105614E-04  1.338773E-06  5.331218E-01  6.291055E-03  4.230309E-04  1.214080E-05  1.794429E-03  2.508832E-07  8.746935E-07  7.652398E-08  1.179696E-01  5.396971E-05  5.121711E-07  4.425362E-07  9.237044E-04  1.256242E-03  5.174908E-05  6.877820E-06  8.777074E-06  3.493085E-06
 2.941500E+02  1.408244E-01  4.634963E-05  3.204198E-09  4.233500E-09  4.716952E-09  5.659240E-09  1.978130E-01  2.062189E-04  1.248974E-06  5.340391E-01  6.181765E-03  3.968963E-04  1.177713E-05  1.764119E-03  2.373910E-07  8.299943E-07  7.366484E-08  1.164558E-01  5.141973E-05  4.966172E-07  4.287752E-07  9.065360E-04  1.232855E-03  4.848237E-05  6.431122E-06  8.209966E-06  3.314914E-06
 2.951500E+02  1.415862E-01  4.612007E-05  3.123428E-09  4.127985E-09  4.599680E-09  5.520046E-09  1.978537E-01  2.019983E-04  1.165791E-06  5.349402E-01  6.074970E-03  3.725265E-04  1.142651E-05  1.734441E-03  2.247032E-07  7.878411E-07  7.092464E-08  1.149642E-01  4.900308E-05  4.815850E-07  4.154869E-07  8.897991E-04  1.210058E-03  4.544164E-05  6.016266E-06  7.683099E-06  3.146804E-06
 2.961500E+02  1.423366E-01  4.588807E-05  3.044759E-09  4.025177E-09  4.485408E-09  5.384368E-09  1.978933E-01  1.978956E-04  1.088695E-06  5.358255E-01  5.970607E-03  3.497932E-04  1.108842E-05  1.705382E-03  2.127677E-07  7.480756E-07  6.829807E-08  1.134945E-01  4.671223E-05  4.670564E-07  4.026542E-07  8.734807E-04  1.187833E-03  4.261001E-05  5.630795E-06  7.193382E-06  2.988137E-06
 2.971500E+02  1.430758E-01  4.565381E-05  2.968144E-09  3.925018E-09  4.374071E-09  5.252130E-09  1.979318E-01  1.939069E-04  1.017205E-06  5.366953E-01  5.868610E-03  3.285778E-04  1.076236E-05  1.676929E-03  2.015358E-07  7.105501E-07  6.578008E-08  1.120467E-01  4.454007E-05  4.530138E-07  3.902610E-07  8.575684E-04  1.166163E-03  3.997193E-05  5.272455E-06  6.737977E-06  2.838338E-06
 2.981500E+02  1.438040E-01  4.541748E-05  2.893536E-09  3.827448E-09  4.265605E-09  5.123259E-09  1.979694E-01  1.900282E-04  9.508774E-07  5.375499E-01  5.768917E-03  3.087710E-04  1.044783E-05  1.649067E-03  1.909624E-07  6.751269E-07  6.336584E-08  1.106203E-01  4.247996E-05  4.394405E-07  3.782916E-07  8.420501E-04  1.145031E-03  3.751309E-05  4.939179E-06  6.314280E-06  2.696869E-06
 2.991500E+02  1.445211E-01  4.517926E-05  2.820890E-09  3.732411E-09  4.159945E-09  4.997682E-09  1.980061E-01  1.862558E-04  8.893090E-07  5.383897E-01  5.671470E-03  2.902718E-04  1.014438E-05  1.621785E-03  1.810055E-07  6.416771E-07  6.105077E-08  1.092152E-01  4.052562E-05  4.263200E-07  3.667307E-07  8.269141E-04  1.124422E-03  3.522032E-05  4.629066E-06  5.919898E-06  2.563226E-06
 3.001500E+02  1.452274E-01  4.493933E-05  2.750160E-09  3.639848E-09  4.057028E-09  4.875327E-09  1.980418E-01  1.825863E-04  8.321290E-07  5.392149E-01  5.576209E-03  2.729871E-04  9.851561E-06  1.595069E-03  1.716258E-07  6.100806E-07  5.883046E-08  1.078313E-01  3.867116E-05  4.136367E-07  3.555639E-07  8.121493E-04  1.104319E-03  3.308148E-05  4.340373E-06  5.552630E-06  2.436939E-06
 3.011500E+02  1.459229E-01  4.469785E-05  2.681300E-09  3.549703E-09  3.956792E-09  4.756120E-09  1.980767E-01  1.790163E-04  7.789980E-07  5.400258E-01  5.483077E-03  2.568306E-04  9.568952E-06  1.568907E-03  1.627870E-07  5.802251E-07  5.670075E-08  1.064681E-01  3.691106E-05  4.013752E-07  3.447771E-07  7.977446E-04  1.084708E-03  3.108538E-05  4.071494E-06  5.210456E-06  2.317567E-06
 3.021500E+02  1.466078E-01  4.445498E-05  2.614266E-09  3.461918E-09  3.859174E-09  4.639990E-09  1.981107E-01  1.755424E-04  7.296049E-07  5.408227E-01  5.392018E-03  2.417229E-04  9.296147E-06  1.543286E-03  1.544550E-07  5.520055E-07  5.465763E-08  1.051256E-01  3.524008E-05  3.895209E-07  3.343565E-07  7.836895E-04  1.065575E-03  2.922170E-05  3.820955E-06  4.891514E-06  2.204698E-06
 3.031500E+02  1.472823E-01  4.421089E-05  2.549015E-09  3.376440E-09  3.764113E-09  4.526867E-09  1.981438E-01  1.721615E-04  6.836641E-07  5.416058E-01  5.302980E-03  2.275904E-04  9.032760E-06  1.518194E-03  1.465981E-07  5.253237E-07  5.269732E-08  1.038034E-01  3.365333E-05  3.780596E-07  3.242892E-07  7.699739E-04  1.046905E-03  2.748093E-05  3.587399E-06  4.594092E-06  2.097946E-06
 3.041500E+02  1.479464E-01  4.396571E-05  2.485503E-09  3.293211E-09  3.671548E-09  4.416680E-09  1.981762E-01  1.688705E-04  6.409135E-07  5.423755E-01  5.215909E-03  2.143648E-04  8.778420E-06  1.493620E-03  1.391867E-07  5.000880E-07  5.081618E-08  1.025014E-01  3.214620E-05  3.669776E-07  3.145625E-07  7.565879E-04  1.028685E-03  2.585428E-05  3.369576E-06  4.316613E-06  1.996951E-06
 3.051500E+02  1.486003E-01  4.371961E-05  2.423687E-09  3.212179E-09  3.581419E-09  4.309360E-09  1.982078E-01  1.656666E-04  6.011124E-07  5.431320E-01  5.130755E-03  2.019834E-04  8.532774E-06  1.469552E-03  1.321932E-07  4.762124E-07  4.901076E-08  1.012192E-01  3.071433E-05  3.562615E-07  3.051642E-07  7.435220E-04  1.010902E-03  2.433363E-05  3.166335E-06  4.057626E-06  1.901374E-06
 3.061500E+02  1.492442E-01  4.347271E-05  2.363524E-09  3.133290E-09  3.493667E-09  4.204839E-09  1.982386E-01  1.625470E-04  5.640396E-07  5.438755E-01  5.047468E-03  1.903878E-04  8.295480E-06  1.445979E-03  1.255919E-07  4.536166E-07  4.727774E-08  9.995663E-02  2.935363E-05  3.458987E-07  2.960825E-07  7.307668E-04  9.935427E-04  2.291150E-05  2.976617E-06  3.815790E-06  1.810898E-06
 3.071500E+02  1.498780E-01  4.322515E-05  2.304974E-09  3.056490E-09  3.408233E-09  4.103049E-09  1.982687E-01  1.595089E-04  5.294917E-07  5.446062E-01  4.966000E-03  1.795239E-04  8.066216E-06  1.422890E-03  1.193588E-07  4.322253E-07  4.561399E-08  9.871342E-02  2.806026E-05  3.358768E-07  2.873062E-07  7.183136E-04  9.765958E-04  2.158096E-05  2.799442E-06  3.589871E-06  1.725225E-06
 3.081500E+02  1.505021E-01  4.297706E-05  2.247996E-09  2.981728E-09  3.325061E-09  4.003924E-09  1.982980E-01  1.565498E-04  4.972817E-07  5.453245E-01  4.886305E-03  1.693418E-04  7.844671E-06  1.400273E-03  1.134714E-07  4.119680E-07  4.401650E-08  9.748933E-02  2.683058E-05  3.261839E-07  2.788243E-07  7.061537E-04  9.600490E-04  2.033560E-05  2.633911E-06  3.378730E-06  1.644079E-06
 3.091500E+02  1.511165E-01  4.272857E-05  2.192549E-09  2.908953E-09  3.244093E-09  3.907398E-09  1.983267E-01  1.536670E-04  4.672375E-07  5.460306E-01  4.808337E-03  1.597952E-04  7.630547E-06  1.378119E-03  1.079087E-07  3.927788E-07  4.248239E-08  9.628410E-02  2.566117E-05  3.168085E-07  2.706262E-07  6.942788E-04  9.438910E-04  1.916951E-05  2.479191E-06  3.181315E-06  1.567197E-06
 3.101500E+02  1.517213E-01  4.247980E-05  2.138595E-09  2.838114E-09  3.165275E-09  3.813407E-09  1.983547E-01  1.508583E-04  4.392005E-07  5.467247E-01  4.732052E-03  1.508410E-04  7.423560E-06  1.356417E-03  1.026511E-07  3.745958E-07  4.100895E-08  9.509748E-02  2.454881E-05  3.077395E-07  2.627019E-07  6.826807E-04  9.281107E-04  1.807720E-05  2.334515E-06  2.996655E-06  1.494335E-06
 3.111500E+02  1.523167E-01  4.223085E-05  2.086093E-09  2.769163E-09  3.088551E-09  3.721888E-09  1.983820E-01  1.481213E-04  4.130247E-07  5.474069E-01  4.657407E-03  1.424393E-04  7.223436E-06  1.335156E-03  9.768033E-08  3.573609E-07  3.959354E-08  9.392921E-02  2.349046E-05  2.989663E-07  2.550415E-07  6.713517E-04  9.126974E-04  1.705361E-05  2.199172E-06  2.823854E-06  1.425262E-06
 3.121500E+02  1.529028E-01  4.198185E-05  2.035008E-09  2.702051E-09  3.013868E-09  3.632778E-09  1.984088E-01  1.454538E-04  3.885756E-07  5.480776E-01  4.584360E-03  1.345533E-04  7.029916E-06  1.314328E-03  9.297921E-08  3.410199E-07  3.823369E-08  9.277904E-02  2.248326E-05  2.904785E-07  2.476357E-07  6.602842E-04  8.976408E-04  1.609403E-05  2.072507E-06  2.662081E-06  1.359765E-06
 3.131500E+02  1.534798E-01  4.173289E-05  1.985301E-09  2.636729E-09  2.941174E-09  3.546017E-09  1.984349E-01  1.428535E-04  3.657291E-07  5.487370E-01  4.512872E-03  1.271485E-04  6.842749E-06  1.293922E-03  8.853171E-08  3.255218E-07  3.692701E-08  9.164671E-02  2.152450E-05  2.822661E-07  2.404754E-07  6.494709E-04  8.829308E-04  1.519412E-05  1.953915E-06  2.510571E-06  1.297639E-06
 3.141500E+02  1.540478E-01  4.148407E-05  1.936936E-09  2.573153E-09  2.870417E-09  3.461544E-09  1.984604E-01  1.403184E-04  3.443706E-07  5.493852E-01  4.442902E-03  1.201932E-04  6.661695E-06  1.273928E-03  8.432284E-08  3.108186E-07  3.567123E-08  9.053198E-02  2.061164E-05  2.743197E-07  2.335517E-07  6.389047E-04  8.685577E-04  1.434983E-05  1.842836E-06  2.368613E-06  1.238695E-06
 3.151500E+02  1.546068E-01  4.123549E-05  1.889877E-09  2.511276E-09  2.801546E-09  3.379300E-09  1.984853E-01  1.378466E-04  3.243946E-07  5.500225E-01  4.374412E-03  1.136576E-04  6.486525E-06  1.254338E-03  8.033854E-08  2.968655E-07  3.446419E-08  8.943459E-02  1.974227E-05  2.666299E-07  2.268564E-07  6.285788E-04  8.545122E-04  1.355742E-05  1.738750E-06  2.235552E-06  1.182754E-06
 3.161500E+02  1.551571E-01  4.098725E-05  1.844090E-09  2.451052E-09  2.734513E-09  3.299228E-09  1.985097E-01  1.354360E-04  3.057033E-07  5.506491E-01  4.307366E-03  1.075142E-04  6.317019E-06  1.235143E-03  7.656568E-08  2.836203E-07  3.330382E-08  8.835428E-02  1.891412E-05  2.591878E-07  2.203812E-07  6.184864E-04  8.407852E-04  1.281344E-05  1.641178E-06  2.110779E-06  1.129650E-06
 3.171500E+02  1.556988E-01  4.073942E-05  1.799540E-09  2.392440E-09  2.669267E-09  3.221272E-09  1.985335E-01  1.330848E-04  2.882068E-07  5.512651E-01  4.241727E-03  1.017376E-04  6.152965E-06  1.216333E-03  7.299193E-08  2.710435E-07  3.218814E-08  8.729081E-02  1.812506E-05  2.519848E-07  2.141184E-07  6.086213E-04  8.273679E-04  1.211464E-05  1.549676E-06  1.993731E-06  1.079223E-06
 3.181500E+02  1.562320E-01  4.049209E-05  1.756195E-09  2.335394E-09  2.605763E-09  3.145375E-09  1.985567E-01  1.307913E-04  2.718215E-07  5.518708E-01  4.177460E-03  9.630382E-05  5.994164E-06  1.197901E-03  6.960575E-08  2.590979E-07  3.111526E-08  8.624392E-02  1.737306E-05  2.450125E-07  2.080604E-07  5.989771E-04  8.142517E-04  1.145805E-05  1.463831E-06  1.883887E-06  1.031327E-06
 3.191500E+02  1.567568E-01  4.024535E-05  1.714020E-09  2.279875E-09  2.543954E-09  3.071484E-09  1.985795E-01  1.285536E-04  2.564706E-07  5.524664E-01  4.114530E-03  9.119084E-05  5.840419E-06  1.179837E-03  6.639632E-08  2.477485E-07  3.008338E-08  8.521338E-02  1.665621E-05  2.382631E-07  2.022000E-07  5.895479E-04  8.014285E-04  1.084089E-05  1.383263E-06  1.780763E-06  9.858213E-07
 3.201500E+02  1.572734E-01  3.999926E-05  1.672985E-09  2.225840E-09  2.483793E-09  2.999545E-09  1.986018E-01  1.263701E-04  2.420826E-07  5.530520E-01  4.052905E-03  8.637803E-05  5.691546E-06  1.162133E-03  6.335350E-08  2.369625E-07  2.909079E-08  8.419892E-02  1.597271E-05  2.317287E-07  1.965301E-07  5.803278E-04  7.888903E-04  1.026058E-05  1.307616E-06  1.683909E-06  9.425755E-07
 3.211500E+02  1.577819E-01  3.975390E-05  1.633058E-09  2.173250E-09  2.425238E-09  2.929508E-09  1.986235E-01  1.242391E-04  2.285916E-07  5.536279E-01  3.992553E-03  8.184623E-05  5.547367E-06  1.144781E-03  6.046778E-08  2.267089E-07  2.813583E-08  8.320032E-02  1.532086E-05  2.254020E-07  1.910441E-07  5.713111E-04  7.766293E-04  9.714710E-06  1.236564E-06  1.592909E-06  9.014661E-07
 3.221500E+02  1.582824E-01  3.950934E-05  1.594208E-09  2.122066E-09  2.368244E-09  2.861320E-09  1.986448E-01  1.221592E-04  2.159364E-07  5.541941E-01  3.933442E-03  7.757758E-05  5.407710E-06  1.127774E-03  5.773023E-08  2.169589E-07  2.721695E-08  8.221731E-02  1.469905E-05  2.192757E-07  1.857354E-07  5.624925E-04  7.646380E-04  9.201063E-06  1.169801E-06  1.507377E-06  8.623772E-07
 3.231500E+02  1.587750E-01  3.926564E-05  1.556407E-09  2.072249E-09  2.312769E-09  2.794933E-09  1.986657E-01  1.201288E-04  2.040605E-07  5.547509E-01  3.875541E-03  7.355543E-05  5.272411E-06  1.111103E-03  5.513248E-08  2.076849E-07  2.633262E-08  8.124967E-02  1.410575E-05  2.133430E-07  1.805978E-07  5.538665E-04  7.529092E-04  8.717559E-06  1.107045E-06  1.426953E-06  8.251997E-07
 3.241500E+02  1.592599E-01  3.902286E-05  1.519625E-09  2.023761E-09  2.258772E-09  2.730298E-09  1.986861E-01  1.181465E-04  1.929114E-07  5.552985E-01  3.818821E-03  6.976430E-05  5.141314E-06  1.094761E-03  5.266666E-08  1.988614E-07  2.548144E-08  8.029716E-02  1.353953E-05  2.075972E-07  1.756253E-07  5.454280E-04  7.414359E-04  8.262269E-06  1.048032E-06  1.351305E-06  7.898306E-07
 3.251500E+02  1.597371E-01  3.878106E-05  1.483834E-09  1.976568E-09  2.206213E-09  2.667368E-09  1.987060E-01  1.162108E-04  1.824405E-07  5.558371E-01  3.763253E-03  6.618973E-05  5.014268E-06  1.078741E-03  5.032539E-08  1.904642E-07  2.466201E-08  7.935952E-02  1.299903E-05  2.020317E-07  1.708121E-07  5.371721E-04  7.302113E-04  7.833395E-06  9.925188E-07  1.280121E-06  7.561733E-07
 3.261500E+02  1.602069E-01  3.854030E-05  1.449007E-09  1.930632E-09  2.155051E-09  2.606096E-09  1.987255E-01  1.143204E-04  1.726025E-07  5.563667E-01  3.708809E-03  6.281823E-05  4.891126E-06  1.063036E-03  4.810175E-08  1.824703E-07  2.387305E-08  7.843654E-02  1.248296E-05  1.966406E-07  1.661526E-07  5.290938E-04  7.192287E-04  7.429264E-06  9.402783E-07  1.213114E-06  7.241366E-07
 3.271500E+02  1.606693E-01  3.830062E-05  1.415115E-09  1.885920E-09  2.105250E-09  2.546438E-09  1.987446E-01  1.124740E-04  1.633557E-07  5.568876E-01  3.655462E-03  5.963723E-05  4.771752E-06  1.047638E-03  4.598920E-08  1.748585E-07  2.311328E-08  7.752798E-02  1.199011E-05  1.914177E-07  1.616414E-07  5.211887E-04  7.084818E-04  7.048316E-06  8.910996E-07  1.150016E-06  6.936344E-07
 3.281500E+02  1.611245E-01  3.806208E-05  1.382135E-09  1.842397E-09  2.056770E-09  2.488350E-09  1.987633E-01  1.106704E-04  1.546611E-07  5.573999E-01  3.603185E-03  5.663499E-05  4.656010E-06  1.032541E-03  4.398163E-08  1.676084E-07  2.238153E-08  7.663361E-02  1.151933E-05  1.863573E-07  1.572733E-07  5.134520E-04  6.979643E-04  6.689098E-06  8.447861E-07  1.090576E-06  6.645857E-07
 3.291500E+02  1.615725E-01  3.782472E-05  1.350039E-09  1.800032E-09  2.009577E-09  2.431789E-09  1.987816E-01  1.089082E-04  1.464826E-07  5.579038E-01  3.551952E-03  5.380056E-05  4.543772E-06  1.017737E-03  4.207328E-08  1.607010E-07  2.167664E-08  7.575320E-02  1.106952E-05  1.814538E-07  1.530434E-07  5.058794E-04  6.876703E-04  6.350256E-06  8.011553E-07  1.034563E-06  6.369143E-07
 3.301500E+02  1.620135E-01  3.758859E-05  1.318803E-09  1.758791E-09  1.963634E-09  2.376713E-09  1.987995E-01  1.071863E-04  1.387866E-07  5.583994E-01  3.501740E-03  5.112370E-05  4.434917E-06  1.003221E-03  4.025874E-08  1.541183E-07  2.099753E-08  7.488652E-02  1.063966E-05  1.767020E-07  1.489468E-07  4.984666E-04  6.775939E-04  6.030524E-06  7.600370E-07  9.817603E-07  6.105481E-07
 3.311500E+02  1.624476E-01  3.735372E-05  1.288403E-09  1.718643E-09  1.918906E-09  2.323082E-09  1.988171E-01  1.055037E-04  1.315420E-07  5.588869E-01  3.452522E-03  4.859485E-05  4.329324E-06  9.889862E-04  3.853291E-08  1.478435E-07  2.034314E-08  7.403336E-02  1.022876E-05  1.720966E-07  1.449789E-07  4.912096E-04  6.677295E-04  5.728726E-06  7.212727E-07  9.319660E-07  5.854191E-07
 3.321500E+02  1.628749E-01  3.712015E-05  1.258816E-09  1.679558E-09  1.875360E-09  2.270855E-09  1.988342E-01  1.038591E-04  1.247197E-07  5.593665E-01  3.404275E-03  4.620507E-05  4.226881E-06  9.750259E-04  3.689100E-08  1.418605E-07  1.971248E-08  7.319350E-02  9.835919E-06  1.676327E-07  1.411353E-07  4.841042E-04  6.580715E-04  5.443759E-06  6.847148E-07  8.849924E-07  5.614632E-07
 3.331500E+02  1.632955E-01  3.688792E-05  1.230018E-09  1.641507E-09  1.832964E-09  2.219994E-09  1.988511E-01  1.022515E-04  1.182927E-07  5.598382E-01  3.356977E-03  4.394601E-05  4.127478E-06  9.613342E-04  3.532849E-08  1.361543E-07  1.910459E-08  7.236670E-02  9.460244E-06  1.633054E-07  1.374116E-07  4.771466E-04  6.486148E-04  5.174597E-06  6.502257E-07  8.406642E-07  5.386201E-07
 3.341500E+02  1.637095E-01  3.665707E-05  1.201987E-09  1.604460E-09  1.791684E-09  2.170462E-09  1.988675E-01  1.006798E-04  1.122359E-07  5.603022E-01  3.310604E-03  4.180985E-05  4.031010E-06  9.479052E-04  3.384115E-08  1.307106E-07  1.851856E-08  7.155278E-02  9.100909E-06  1.591102E-07  1.338037E-07  4.703330E-04  6.393540E-04  4.920279E-06  6.176770E-07  7.988181E-07  5.168324E-07
 3.351500E+02  1.641171E-01  3.642761E-05  1.174702E-09  1.568390E-09  1.751490E-09  2.122221E-09  1.988837E-01  9.914316E-05  1.065259E-07  5.607588E-01  3.265135E-03  3.978930E-05  3.937377E-06  9.347331E-04  3.242496E-08  1.255160E-07  1.795352E-08  7.075150E-02  8.757130E-06  1.550425E-07  1.303077E-07  4.636597E-04  6.302843E-04  4.679910E-06  5.869491E-07  7.593016E-07  4.960464E-07
 3.361500E+02  1.645183E-01  3.619959E-05  1.148141E-09  1.533269E-09  1.712352E-09  2.075237E-09  1.988995E-01  9.764051E-05  1.011408E-07  5.612079E-01  3.220549E-03  3.787750E-05  3.846480E-06  9.218121E-04  3.107616E-08  1.205578E-07  1.740862E-08  6.996266E-02  8.428160E-06  1.510981E-07  1.269196E-07  4.571232E-04  6.214008E-04  4.452651E-06  5.579301E-07  7.219723E-07  4.762111E-07
 3.371500E+02  1.649133E-01  3.597303E-05  1.122284E-09  1.499070E-09  1.674240E-09  2.029474E-09  1.989150E-01  9.617093E-05  9.606048E-08  5.616497E-01  3.176825E-03  3.606807E-05  3.758229E-06  9.091368E-04  2.979120E-08  1.158242E-07  1.688307E-08  6.918606E-02  8.113294E-06  1.472729E-07  1.236359E-07  4.507201E-04  6.126987E-04  4.237719E-06  5.305158E-07  6.866973E-07  4.572784E-07
 3.381500E+02  1.653022E-01  3.574794E-05  1.097111E-09  1.465768E-09  1.637125E-09  1.984898E-09  1.989302E-01  9.473351E-05  9.126589E-08  5.620845E-01  3.133942E-03  3.435499E-05  3.672531E-06  8.967017E-04  2.856673E-08  1.113037E-07  1.637610E-08  6.842149E-02  7.811863E-06  1.435628E-07  1.204528E-07  4.444469E-04  6.041735E-04  4.034380E-06  5.046088E-07  6.533524E-07  4.392028E-07
 3.391500E+02  1.656850E-01  3.552437E-05  1.072603E-09  1.433337E-09  1.600979E-09  1.941477E-09  1.989450E-01  9.332738E-05  8.673937E-08  5.625122E-01  3.091882E-03  3.273266E-05  3.589302E-06  8.845015E-04  2.739960E-08  1.069856E-07  1.588698E-08  6.766875E-02  7.523230E-06  1.399640E-07  1.173670E-07  4.383005E-04  5.958207E-04  3.841949E-06  4.801181E-07  6.218217E-07  4.219413E-07
 3.401500E+02  1.660618E-01  3.530232E-05  1.048740E-09  1.401754E-09  1.565776E-09  1.899178E-09  1.989596E-01  9.195170E-05  8.246447E-08  5.629331E-01  3.050625E-03  3.119581E-05  3.508457E-06  8.725311E-04  2.628682E-08  1.028600E-07  1.541500E-08  6.692764E-02  7.246795E-06  1.364727E-07  1.143752E-07  4.322776E-04  5.876361E-04  3.659783E-06  4.569586E-07  5.919966E-07  4.054534E-07
 3.411500E+02  1.664329E-01  3.508182E-05  1.025505E-09  1.370994E-09  1.531489E-09  1.857971E-09  1.989739E-01  9.060564E-05  7.842580E-08  5.633472E-01  3.010152E-03  2.973951E-05  3.429918E-06  8.607854E-04  2.522559E-08  9.891717E-08  1.495950E-08  6.619797E-02  6.981984E-06  1.330854E-07  1.114742E-07  4.263752E-04  5.796155E-04  3.487283E-06  4.350509E-07  5.637758E-07  3.897005E-07
 3.421500E+02  1.667982E-01  3.486288E-05  1.002880E-09  1.341034E-09  1.498091E-09  1.817825E-09  1.989879E-01  8.928841E-05  7.460900E-08  5.637547E-01  2.970446E-03  2.835914E-05  3.353608E-06  8.492596E-04  2.421325E-08  9.514814E-08  1.451982E-08  6.547955E-02  6.728255E-06  1.297987E-07  1.086609E-07  4.205904E-04  5.717547E-04  3.323885E-06  4.143206E-07  5.370643E-07  3.746463E-07
 3.431500E+02  1.671578E-01  3.464552E-05  9.808469E-10  1.311851E-09  1.465559E-09  1.778710E-09  1.990016E-01  8.799923E-05  7.100067E-08  5.641557E-01  2.931489E-03  2.705035E-05  3.279452E-06  8.379487E-04  2.324732E-08  9.154436E-08  1.409536E-08  6.477218E-02  6.485095E-06  1.266091E-07  1.059323E-07  4.149203E-04  5.640500E-04  3.169061E-06  3.946981E-07  5.117733E-07  3.602566E-07
 3.441500E+02  1.675119E-01  3.442976E-05  9.593895E-10  1.283425E-09  1.433869E-09  1.740598E-09  1.990151E-01  8.673737E-05  6.758827E-08  5.645503E-01  2.893263E-03  2.580909E-05  3.207379E-06  8.268481E-04  2.232542E-08  8.809774E-08  1.368553E-08  6.407568E-02  6.252013E-06  1.235135E-07  1.032857E-07  4.093619E-04  5.564973E-04  3.022318E-06  3.761184E-07  4.878198E-07  3.464986E-07
 3.451500E+02  1.678606E-01  3.421560E-05  9.384913E-10  1.255733E-09  1.402995E-09  1.703462E-09  1.990283E-01  8.550210E-05  6.436009E-08  5.649386E-01  2.855752E-03  2.463152E-05  3.137321E-06  8.159532E-04  2.144532E-08  8.480064E-08  1.328975E-08  6.338987E-02  6.028546E-06  1.205088E-07  1.007181E-07  4.039127E-04  5.490931E-04  2.883192E-06  3.585204E-07  4.651258E-07  3.333416E-07
 3.461500E+02  1.682038E-01  3.400306E-05  9.181364E-10  1.228755E-09  1.372916E-09  1.667273E-09  1.990412E-01  8.429273E-05  6.130518E-08  5.653208E-01  2.818941E-03  2.351407E-05  3.069212E-06  8.052596E-04  2.060491E-08  8.164581E-08  1.290749E-08  6.271456E-02  5.814252E-06  1.175919E-07  9.822707E-08  3.985699E-04  5.418337E-04  2.751249E-06  3.418470E-07  4.436185E-07  3.207564E-07
 3.471500E+02  1.685419E-01  3.379215E-05  8.983096E-10  1.202471E-09  1.343609E-09  1.632006E-09  1.990539E-01  8.310857E-05  5.841329E-08  5.656970E-01  2.782812E-03  2.245336E-05  3.002989E-06  7.947629E-04  1.980222E-08  7.862639E-08  1.253823E-08  6.204958E-02  5.608713E-06  1.147601E-07  9.580995E-08  3.933310E-04  5.347156E-04  2.626080E-06  3.260449E-07  4.232294E-07  3.087155E-07
 3.481500E+02  1.688747E-01  3.358288E-05  8.789958E-10  1.176861E-09  1.315053E-09  1.597635E-09  1.990663E-01  8.194896E-05  5.567484E-08  5.660672E-01  2.747350E-03  2.144624E-05  2.938589E-06  7.844588E-04  1.903534E-08  7.573588E-08  1.218148E-08  6.139476E-02  5.411531E-06  1.120105E-07  9.346430E-08  3.881935E-04  5.277354E-04  2.507304E-06  3.110638E-07  4.038946E-07  2.971926E-07
 3.491500E+02  1.692025E-01  3.337525E-05  8.601805E-10  1.151907E-09  1.287226E-09  1.564136E-09  1.990785E-01  8.081328E-05  5.308086E-08  5.664316E-01  2.712541E-03  2.048973E-05  2.875955E-06  7.743431E-04  1.830251E-08  7.296814E-08  1.183675E-08  6.074991E-02  5.222328E-06  1.093404E-07  9.118775E-08  3.831550E-04  5.208897E-04  2.394561E-06  2.968568E-07  3.855540E-07  2.861629E-07
 3.501500E+02  1.695252E-01  3.316927E-05  8.418495E-10  1.127589E-09  1.260109E-09  1.531483E-09  1.990905E-01  7.970091E-05  5.062294E-08  5.667903E-01  2.678370E-03  1.958104E-05  2.815028E-06  7.644118E-04  1.760203E-08  7.031732E-08  1.150359E-08  6.011487E-02  5.040743E-06  1.067473E-07  8.897800E-08  3.782130E-04  5.141754E-04  2.287514E-06  2.833799E-07  3.681512E-07  2.756030E-07
 3.511500E+02  1.698431E-01  3.296495E-05  8.239893E-10  1.103892E-09  1.233681E-09  1.499654E-09  1.991022E-01  7.861124E-05  4.829321E-08  5.671434E-01  2.644823E-03  1.871754E-05  2.755756E-06  7.546609E-04  1.693233E-08  6.777790E-08  1.118156E-08  5.948947E-02  4.866434E-06  1.042286E-07  8.683284E-08  3.733654E-04  5.075893E-04  2.185846E-06  2.705915E-07  3.516332E-07  2.654905E-07
 3.521500E+02  1.701561E-01  3.276229E-05  8.065864E-10  1.080796E-09  1.207923E-09  1.468625E-09  1.991138E-01  7.754370E-05  4.608429E-08  5.674910E-01  2.611885E-03  1.789676E-05  2.698084E-06  7.450866E-04  1.629188E-08  6.534464E-08  1.087025E-08  5.887355E-02  4.699078E-06  1.017819E-07  8.475016E-08  3.686098E-04  5.011285E-04  2.089260E-06  2.584531E-07  3.359506E-07  2.558044E-07
 3.531500E+02  1.704644E-01  3.256129E-05  7.896281E-10  1.058285E-09  1.182816E-09  1.438375E-09  1.991251E-01  7.649772E-05  4.398926E-08  5.678332E-01  2.579544E-03  1.711638E-05  2.641962E-06  7.356850E-04  1.567928E-08  6.301257E-08  1.056924E-08  5.826694E-02  4.538364E-06  9.940496E-08  8.272789E-08  3.639441E-04  4.947898E-04  1.997476E-06  2.469281E-07  3.210566E-07  2.465246E-07
 3.541500E+02  1.707680E-01  3.236196E-05  7.731016E-10  1.036343E-09  1.158343E-09  1.408882E-09  1.991362E-01  7.547276E-05  4.200166E-08  5.681700E-01  2.547785E-03  1.637421E-05  2.587342E-06  7.264524E-04  1.509315E-08  6.077696E-08  1.027817E-08  5.766949E-02  4.383999E-06  9.709548E-08  8.076406E-08  3.593662E-04  4.885705E-04  1.910230E-06  2.359823E-07  3.069075E-07  2.376322E-07
 3.551500E+02  1.710670E-01  3.216430E-05  7.569950E-10  1.014953E-09  1.134485E-09  1.380125E-09  1.991470E-01  7.446829E-05  4.011539E-08  5.685017E-01  2.516597E-03  1.566820E-05  2.534174E-06  7.173853E-04  1.453224E-08  5.863335E-08  9.996647E-09  5.708104E-02  4.235701E-06  9.485130E-08  7.885675E-08  3.548740E-04  4.824678E-04  1.827275E-06  2.255837E-07  2.934622E-07  2.291090E-07
 3.561500E+02  1.713615E-01  3.196830E-05  7.412963E-10  9.941015E-10  1.111225E-09  1.352084E-09  1.991577E-01  7.348380E-05  3.832474E-08  5.688282E-01  2.485966E-03  1.499640E-05  2.482416E-06  7.084801E-04  1.399533E-08  5.657749E-08  9.724328E-09  5.650144E-02  4.093205E-06  9.267032E-08  7.700413E-08  3.504655E-04  4.764789E-04  1.748379E-06  2.157020E-07  2.806820E-07  2.209380E-07
 3.571500E+02  1.716516E-01  3.177397E-05  7.259942E-10  9.737720E-10  1.088547E-09  1.324739E-09  1.991682E-01  7.251879E-05  3.662436E-08  5.691497E-01  2.455881E-03  1.435699E-05  2.432021E-06  6.997334E-04  1.348126E-08  5.460535E-08  9.460870E-09  5.593053E-02  3.956258E-06  9.055054E-08  7.520443E-08  3.461389E-04  4.706012E-04  1.673323E-06  2.063088E-07  2.685305E-07  2.131029E-07
 3.581500E+02  1.719373E-01  3.158131E-05  7.110774E-10  9.539505E-10  1.066435E-09  1.298071E-09  1.991785E-01  7.157277E-05  3.500923E-08  5.694662E-01  2.426330E-03  1.374826E-05  2.382948E-06  6.911418E-04  1.298896E-08  5.271311E-08  9.205948E-09  5.536817E-02  3.824617E-06  8.849000E-08  7.345592E-08  3.418921E-04  4.648321E-04  1.601900E-06  1.973775E-07  2.569735E-07  2.055883E-07
 3.591500E+02  1.722187E-01  3.139032E-05  6.965352E-10  9.346227E-10  1.044873E-09  1.272060E-09  1.991886E-01  7.064527E-05  3.347460E-08  5.697779E-01  2.397300E-03  1.316857E-05  2.335156E-06  6.827021E-04  1.251740E-08  5.089711E-08  8.959247E-09  5.481421E-02  3.698052E-06  8.648682E-08  7.175696E-08  3.377234E-04  4.591692E-04  1.533917E-06  1.888830E-07  2.459789E-07  1.983795E-07
 3.601500E+02  1.724960E-01  3.120098E-05  6.823571E-10  9.157750E-10  1.023845E-09  1.246690E-09  1.991985E-01  6.973585E-05  3.201606E-08  5.700848E-01  2.368781E-03  1.261641E-05  2.288605E-06  6.744109E-04  1.206559E-08  4.915393E-08  8.720468E-09  5.426850E-02  3.576345E-06  8.453919E-08  7.010595E-08  3.336310E-04  4.536100E-04  1.469190E-06  1.808016E-07  2.355165E-07  1.914627E-07
 3.611500E+02  1.727691E-01  3.101330E-05  6.685328E-10  8.973941E-10  1.003337E-09  1.221943E-09  1.992083E-01  6.884405E-05  3.062941E-08  5.703871E-01  2.340762E-03  1.209033E-05  2.243258E-06  6.662653E-04  1.163262E-08  4.748026E-08  8.489322E-09  5.373091E-02  3.459287E-06  8.264537E-08  6.850136E-08  3.296132E-04  4.481520E-04  1.407547E-06  1.731113E-07  2.255577E-07  1.848246E-07
 3.621500E+02  1.730381E-01  3.082728E-05  6.550527E-10  8.794670E-10  9.833346E-10  1.197800E-09  1.992178E-01  6.796945E-05  2.931075E-08  5.706847E-01  2.313231E-03  1.158897E-05  2.199077E-06  6.582621E-04  1.121760E-08  4.587301E-08  8.265532E-09  5.320129E-02  3.346678E-06  8.080364E-08  6.694170E-08  3.256682E-04  4.427931E-04  1.348827E-06  1.657909E-07  2.160757E-07  1.784527E-07
 3.631500E+02  1.733031E-01  3.064291E-05  6.419069E-10  8.619812E-10  9.638238E-10  1.174247E-09  1.992272E-01  6.711164E-05  2.805637E-08  5.709779E-01  2.286180E-03  1.111106E-05  2.156028E-06  6.503984E-04  1.081970E-08  4.432919E-08  8.048831E-09  5.267951E-02  3.238330E-06  7.901239E-08  6.542553E-08  3.217944E-04  4.375310E-04  1.292875E-06  1.588209E-07  2.070452E-07  1.723350E-07
 3.641500E+02  1.735643E-01  3.046019E-05  6.290864E-10  8.449246E-10  9.447910E-10  1.151266E-09  1.992364E-01  6.627020E-05  2.686282E-08  5.712666E-01  2.259596E-03  1.065538E-05  2.114075E-06  6.426713E-04  1.043813E-08  4.284600E-08  7.838966E-09  5.216544E-02  3.134061E-06  7.727003E-08  6.395149E-08  3.179902E-04  4.323635E-04  1.239547E-06  1.521826E-07  1.984425E-07  1.664601E-07
 3.651500E+02  1.738215E-01  3.027910E-05  6.165819E-10  8.282853E-10  9.262231E-10  1.128843E-09  1.992455E-01  6.544474E-05  2.572681E-08  5.715510E-01  2.233470E-03  1.022080E-05  2.073186E-06  6.350778E-04  1.007214E-08  4.142074E-08  7.635691E-09  5.165894E-02  3.033699E-06  7.557505E-08  6.251822E-08  3.142541E-04  4.272884E-04  1.188708E-06  1.458587E-07  1.902450E-07  1.608173E-07
 3.661500E+02  1.740750E-01  3.009965E-05  6.043848E-10  8.120518E-10  9.081073E-10  1.106962E-09  1.992544E-01  6.463488E-05  2.464529E-08  5.718311E-01  2.207793E-03  9.806224E-06  2.033329E-06  6.276153E-04  9.721011E-09  4.005089E-08  7.438769E-09  5.115989E-02  2.937080E-06  7.392597E-08  6.112445E-08  3.105844E-04  4.223037E-04  1.140230E-06  1.398325E-07  1.824317E-07  1.553963E-07
 3.671500E+02  1.743248E-01  2.992182E-05  5.924865E-10  7.962130E-10  8.904312E-10  1.085607E-09  1.992631E-01  6.384026E-05  2.361535E-08  5.721069E-01  2.182556E-03  9.410649E-06  1.994473E-06  6.202810E-04  9.384073E-09  3.873399E-08  7.247976E-09  5.066815E-02  2.844047E-06  7.232136E-08  5.976893E-08  3.069798E-04  4.174075E-04  1.093989E-06  1.340887E-07  1.749825E-07  1.501872E-07
 3.681500E+02  1.745708E-01  2.974561E-05  5.808789E-10  7.807581E-10  8.731828E-10  1.064766E-09  1.992717E-01  6.306050E-05  2.263426E-08  5.723787E-01  2.157748E-03  9.033108E-06  1.956588E-06  6.130722E-04  9.060680E-09  3.746776E-08  7.063094E-09  5.018360E-02  2.754451E-06  7.075987E-08  5.845046E-08  3.034388E-04  4.125976E-04  1.049874E-06  1.286125E-07  1.678787E-07  1.451809E-07
 3.691500E+02  1.748133E-01  2.957101E-05  5.695538E-10  7.656765E-10  8.563504E-10  1.044424E-09  1.992802E-01  6.229526E-05  2.169945E-08  5.726464E-01  2.133360E-03  8.672695E-06  1.919645E-06  6.059864E-04  8.750221E-09  3.624999E-08  6.883914E-09  4.970613E-02  2.668149E-06  6.924015E-08  5.716789E-08  2.999600E-04  4.078723E-04  1.007774E-06  1.233901E-07  1.611025E-07  1.403685E-07
 3.701500E+02  1.750523E-01  2.939802E-05  5.585036E-10  7.509582E-10  8.399227E-10  1.024567E-09  1.992885E-01  6.154420E-05  2.080851E-08  5.729102E-01  2.109385E-03  8.328549E-06  1.883617E-06  5.990210E-04  8.452115E-09  3.507858E-08  6.710235E-09  4.923560E-02  2.585004E-06  6.776093E-08  5.592009E-08  2.965421E-04  4.032296E-04  9.675890E-07  1.184085E-07  1.546372E-07  1.357415E-07
 3.711500E+02  1.752878E-01  2.922663E-05  5.477206E-10  7.365931E-10  8.238887E-10  1.005183E-09  1.992966E-01  6.080698E-05  1.995914E-08  5.731700E-01  2.085813E-03  7.999860E-06  1.848477E-06  5.921736E-04  8.165811E-09  3.395155E-08  6.541865E-09  4.877190E-02  2.504888E-06  6.632098E-08  5.470598E-08  2.931836E-04  3.986678E-04  9.292217E-07  1.136553E-07  1.484668E-07  1.312919E-07
 3.721500E+02  1.755198E-01  2.905682E-05  5.371976E-10  7.225717E-10  8.082377E-10  9.862578E-10  1.993046E-01  6.008329E-05  1.914920E-08  5.734260E-01  2.062637E-03  7.685859E-06  1.814198E-06  5.854418E-04  7.890782E-09  3.286700E-08  6.378619E-09  4.831492E-02  2.427675E-06  6.491909E-08  5.352453E-08  2.898833E-04  3.941850E-04  8.925811E-07  1.091189E-07  1.425765E-07  1.270120E-07
 3.731500E+02  1.757485E-01  2.888859E-05  5.269274E-10  7.088847E-10  7.929592E-10  9.677804E-10  1.993125E-01  5.937281E-05  1.837664E-08  5.736782E-01  2.039847E-03  7.385820E-06  1.780756E-06  5.788231E-04  7.626531E-09  3.182311E-08  6.220318E-09  4.786454E-02  2.353248E-06  6.355411E-08  5.237472E-08  2.866400E-04  3.897796E-04  8.575811E-07  1.047885E-07  1.369522E-07  1.228947E-07
