#         T/K            c1          c2-1          c3-4          c3-5          c3-7          c3-9            m1          m2-1          m3-1            w1            w2          w3-1          w3-2          c1m1        c1m2-1        c1m2-7        c2m1-1        c1w1-2        c1w2-1        c2w1-1        c2w1-9        m1w1-1        m1w1-4        m1w2-1        m2w1-1        m2w1-3      c1m1w1-1
 2.731500E+02  3.801535E-01  4.796159E-04  1.602084E-07  2.102774E-07  2.339503E-07  2.789567E-07  3.413656E-01  9.828897E-04  3.054564E-05  1.360018E-01  6.365401E-04  3.030202E-05  4.251696E-07  1.361679E-02  7.452555E-06  2.445420E-05  2.770462E-06  1.250529E-01  3.216899E-05  2.421078E-06  2.125963E-06  6.290208E-04  8.562669E-04  2.506940E-05  2.278358E-05  2.885571E-05  1.485834E-05
 2.741500E+02  3.812081E-01  4.732367E-04  1.537146E-07  2.018225E-07  2.245603E-07  2.678447E-07  3.415660E-01  9.597669E-04  2.820328E-05  1.369156E-01  6.295053E-04  2.854321E-05  4.160554E-07  1.330125E-02  6.965475E-06  2.292996E-05  2.630469E-06  1.232753E-01  3.057716E-05  2.328257E-06  2.042693E-06  6.184400E-04  8.418101E-04  2.346980E-05  2.118677E-05  2.684401E-05  1.399673E-05
 2.751500E+02  3.822446E-01  4.669737E-04  1.475246E-07  1.937603E-07  2.156058E-07  2.572447E-07  3.417602E-01  9.373548E-04  2.605610E-05  1.378155E-01  6.224947E-04  2.689150E-05  4.071055E-07  1.299509E-02  6.513468E-06  2.151094E-05  2.498473E-06  1.215243E-01  2.906994E-05  2.239426E-06  1.963074E-06  6.080625E-04  8.276336E-04  2.197928E-05  1.971087E-05  2.498391E-05  1.318973E-05
 2.761500E+02  3.832632E-01  4.608244E-04  1.416226E-07  1.860706E-07  2.070643E-07  2.471304E-07  3.419484E-01  9.156281E-04  2.408664E-05  1.387016E-01  6.155118E-04  2.534016E-05  3.983202E-07  1.269799E-02  6.093797E-06  2.018924E-05  2.373973E-06  1.197996E-01  2.764260E-05  2.154398E-06  1.886933E-06  5.978851E-04  8.137328E-04  2.058999E-05  1.834611E-05  2.326321E-05  1.243361E-05
 2.771500E+02  3.842641E-01  4.547866E-04  1.359935E-07  1.787340E-07  1.989144E-07  2.374768E-07  3.421310E-01  8.945621E-04  2.227912E-05  1.395741E-01  6.085601E-04  2.388291E-05  3.896992E-07  1.240965E-02  5.703954E-06  1.895760E-05  2.256497E-06  1.181011E-01  2.629071E-05  2.072998E-06  1.814106E-06  5.879045E-04  8.001030E-04  1.929469E-05  1.708356E-05  2.167076E-05  1.172493E-05
 2.781500E+02  3.852476E-01  4.488580E-04  1.306233E-07  1.717324E-07  1.911362E-07  2.282606E-07  3.423080E-01  8.741333E-04  2.061921E-05  1.404331E-01  6.016428E-04  2.251386E-05  3.812424E-07  1.212976E-02  5.341639E-06  1.780933E-05  2.145609E-06  1.164285E-01  2.501007E-05  1.995058E-06  1.744437E-06  5.781173E-04  7.867395E-04  1.808666E-05  1.591504E-05  2.019634E-05  1.106049E-05
 2.791500E+02  3.862140E-01  4.430365E-04  1.254987E-07  1.650489E-07  1.837107E-07  2.194596E-07  3.424797E-01  8.543190E-04  1.909398E-05  1.412786E-01  5.947629E-04  2.122749E-05  3.729490E-07  1.185803E-02  5.004740E-06  1.673828E-05  2.040902E-06  1.147817E-01  2.379672E-05  1.920419E-06  1.677776E-06  5.685204E-04  7.736379E-04  1.695969E-05  1.483307E-05  1.883061E-05  1.043732E-05
 2.801500E+02  3.871635E-01  4.373198E-04  1.206071E-07  1.586672E-07  1.766200E-07  2.110528E-07  3.426464E-01  8.350977E-04  1.769166E-05  1.421109E-01  5.879232E-04  2.001863E-05  3.648185E-07  1.159418E-02  4.691323E-06  1.573880E-05  1.941993E-06  1.131604E-01  2.264695E-05  1.848929E-06  1.613984E-06  5.591105E-04  7.607934E-04  1.590803E-05  1.383079E-05  1.756499E-05  9.852648E-06
 2.811500E+02  3.880964E-01  4.317058E-04  1.159368E-07  1.525720E-07  1.698472E-07  2.030205E-07  3.428081E-01  8.164482E-04  1.640161E-05  1.429301E-01  5.811264E-04  1.888245E-05  3.568497E-07  1.133795E-02  4.399608E-06  1.480568E-05  1.848530E-06  1.115644E-01  2.155724E-05  1.780444E-06  1.552927E-06  5.498842E-04  7.482015E-04  1.492637E-05  1.290193E-05  1.639163E-05  9.303923E-06
 2.821500E+02  3.890129E-01  4.261925E-04  1.114764E-07  1.467490E-07  1.633763E-07  1.953441E-07  3.429651E-01  7.983507E-04  1.521414E-05  1.437363E-01  5.743750E-04  1.781442E-05  3.490416E-07  1.108908E-02  4.127963E-06  1.393410E-05  1.760179E-06  1.099933E-01  2.052427E-05  1.714827E-06  1.494476E-06  5.408383E-04  7.358575E-04  1.400976E-05  1.204074E-05  1.530333E-05  8.788761E-06
 2.831500E+02  3.899133E-01  4.207779E-04  1.072155E-07  1.411846E-07  1.571924E-07  1.880057E-07  3.431175E-01  7.807857E-04  1.412049E-05  1.445297E-01  5.676712E-04  1.681029E-05  3.413929E-07  1.084732E-02  3.874885E-06  1.311963E-05  1.676632E-06  1.084471E-01  1.954493E-05  1.651947E-06  1.438512E-06  5.319695E-04  7.237570E-04  1.315365E-05  1.124192E-05  1.429350E-05  8.304946E-06
 2.841500E+02  3.907979E-01  4.154599E-04  1.031441E-07  1.358660E-07  1.512811E-07  1.809889E-07  3.432655E-01  7.637348E-04  1.311265E-05  1.453103E-01  5.610172E-04  1.586610E-05  3.339022E-07  1.061243E-02  3.638994E-06  1.235819E-05  1.597600E-06  1.069254E-01  1.861626E-05  1.591681E-06  1.384918E-06  5.232746E-04  7.118953E-04  1.235381E-05  1.050066E-05  1.335605E-05  7.850421E-06
 2.851500E+02  3.916669E-01  4.102367E-04  9.925263E-08  1.307808E-07  1.456290E-07  1.742777E-07  3.434093E-01  7.471801E-04  1.218339E-05  1.460784E-01  5.544150E-04  1.497812E-05  3.265679E-07  1.038418E-02  3.419019E-06  1.164601E-05  1.522812E-06  1.054279E-01  1.773550E-05  1.533909E-06  1.333587E-06  5.147505E-04  7.002681E-04  1.160630E-05  9.812491E-06  1.248544E-05  7.423272E-06
 2.861500E+02  3.925205E-01  4.051063E-04  9.553232E-08  1.259178E-07  1.402234E-07  1.678573E-07  3.435489E-01  7.311044E-04  1.132609E-05  1.468341E-01  5.478663E-04  1.414286E-05  3.193884E-07  1.016235E-02  3.213790E-06  1.097960E-05  1.452015E-06  1.039544E-01  1.690003E-05  1.478520E-06  1.284413E-06  5.063938E-04  6.888709E-04  1.090751E-05  9.173348E-06  1.167656E-05  7.021717E-06
 2.871500E+02  3.933591E-01  4.000669E-04  9.197468E-08  1.212659E-07  1.350521E-07  1.617135E-07  3.436846E-01  7.154914E-04  1.053474E-05  1.475776E-01  5.413729E-04  1.335707E-05  3.123617E-07  9.946733E-03  3.022231E-06  1.035574E-05  1.384975E-06  1.025045E-01  1.610737E-05  1.425405E-06  1.237297E-06  4.982015E-04  6.776992E-04  1.025406E-05  8.579484E-06  1.092470E-05  6.644099E-06
 2.881500E+02  3.941828E-01  3.951166E-04  8.857174E-08  1.168149E-07  1.301039E-07  1.558329E-07  3.438165E-01  7.003251E-04  9.803878E-06  1.483089E-01  5.349363E-04  1.261769E-05  3.054861E-07  9.737118E-03  2.843350E-06  9.771468E-06  1.321469E-06  1.010781E-01  1.535519E-05  1.374464E-06  1.192147E-06  4.901704E-04  6.667487E-04  9.642823E-06  8.027456E-06  1.022555E-05  6.288875E-06
 2.891500E+02  3.949919E-01  3.902537E-04  8.531594E-08  1.125551E-07  1.253678E-07  1.502029E-07  3.439447E-01  6.855903E-04  9.128503E-06  1.490283E-01  5.285580E-04  1.192186E-05  2.987596E-07  9.533309E-03  2.676230E-06  9.224027E-06  1.261291E-06  9.967480E-02  1.464131E-05  1.325599E-06  1.148871E-06  4.822974E-04  6.560151E-04  9.070904E-06  7.514100E-06  9.575146E-06  5.954609E-06
 2.901500E+02  3.957867E-01  3.854764E-04  8.220016E-08  1.084772E-07  1.208336E-07  1.448114E-07  3.440693E-01  6.712724E-04  8.504070E-06  1.497360E-01  5.222391E-04  1.126689E-05  2.921800E-07  9.335117E-03  2.520029E-06  8.710877E-06  1.204247E-06  9.829433E-02  1.396363E-05  1.278717E-06  1.107385E-06  4.745795E-04  6.454941E-04  8.535613E-06  7.036506E-06  8.969834E-06  5.639961E-06
 2.911500E+02  3.965673E-01  3.807830E-04  7.921761E-08  1.045725E-07  1.164918E-07  1.396471E-07  3.441905E-01  6.573573E-04  7.926429E-06  1.504320E-01  5.159809E-04  1.065028E-05  2.857454E-07  9.142358E-03  2.373968E-06  8.229663E-06  1.150156E-06  9.693640E-02  1.332022E-05  1.233730E-06  1.067608E-06  4.670137E-04  6.351815E-04  8.034453E-06  6.591998E-06  8.406252E-06  5.343685E-06
 2.921500E+02  3.973342E-01  3.761719E-04  7.636191E-08  1.008328E-07  1.123331E-07  1.346992E-07  3.443084E-01  6.438314E-04  7.391790E-06  1.511166E-01  5.097844E-04  1.006967E-05  2.794535E-07  8.954857E-03  2.237328E-06  7.778207E-06  1.098848E-06  9.560070E-02  1.270922E-05  1.190554E-06  1.029463E-06  4.595968E-04  6.250733E-04  7.565109E-06  6.178112E-06  7.881308E-06  5.064618E-06
 2.931500E+02  3.980873E-01  3.716415E-04  7.362698E-08  9.725009E-08  1.083488E-07  1.299575E-07  3.444230E-01  6.306818E-04  6.896692E-06  1.517898E-01  5.036505E-04  9.522865E-06  2.733020E-07  8.772443E-03  2.109445E-06  7.354490E-06  1.050164E-06  9.428694E-02  1.212889E-05  1.149110E-06  9.928767E-07  4.523261E-04  6.151652E-04  7.125428E-06  5.792579E-06  7.392152E-06  4.801677E-06
 2.941500E+02  3.988271E-01  3.671900E-04  7.100709E-08  9.381708E-08  1.045307E-07  1.254124E-07  3.445346E-01  6.178958E-04  6.437974E-06  1.524519E-01  4.975801E-04  9.007792E-06  2.672888E-07  8.594953E-03  1.989706E-06  6.956644E-06  1.003954E-06  9.299482E-02  1.157759E-05  1.109321E-06  9.577784E-07  4.451986E-04  6.054533E-04  6.713412E-06  5.433309E-06  6.936158E-06  4.553851E-06
 2.951500E+02  3.995538E-01  3.628160E-04  6.849677E-08  9.052670E-08  1.008710E-07  1.210546E-07  3.446431E-01  6.054614E-04  6.012743E-06  1.531030E-01  4.915739E-04  8.522520E-06  2.614114E-07  8.422230E-03  1.877544E-06  6.582934E-06  9.600787E-07  9.172404E-02  1.105376E-05  1.071114E-06  9.241021E-07  4.382114E-04  5.959335E-04  6.327205E-06  5.098377E-06  6.510905E-06  4.320196E-06
 2.961500E+02  4.002675E-01  3.585179E-04  6.609088E-08  8.737226E-08  9.736224E-08  1.168754E-07  3.447487E-01  5.933670E-04  5.618353E-06  1.537433E-01  4.856325E-04  8.065238E-06  2.556676E-07  8.254121E-03  1.772435E-06  6.231751E-06  9.184066E-07  9.047429E-02  1.055595E-05  1.034420E-06  8.917845E-07  4.313616E-04  5.866020E-04  5.965082E-06  4.786008E-06  6.114160E-06  4.099834E-06
 2.971500E+02  4.009685E-01  3.542943E-04  6.378451E-08  8.434744E-08  9.399746E-08  1.128667E-07  3.448515E-01  5.816014E-04  5.252383E-06  1.543729E-01  4.797565E-04  7.634248E-06  2.500550E-07  8.090479E-03  1.673892E-06  5.901605E-06  8.788145E-07  8.924528E-02  1.008277E-05  9.991737E-07  8.607652E-07  4.246466E-04  5.774550E-04  5.625440E-06  4.494564E-06  5.743865E-06  3.891941E-06
 2.981500E+02  4.016570E-01  3.501435E-04  6.157303E-08  8.144622E-08  9.076998E-08  1.090204E-07  3.449516E-01  5.701538E-04  4.912614E-06  1.549920E-01  4.739463E-04  7.227958E-06  2.445712E-07  7.931165E-03  1.581468E-06  5.591109E-06  8.411866E-07  8.803669E-02  9.632908E-06  9.653116E-07  8.309868E-07  4.180636E-04  5.684885E-04  5.306788E-06  4.222534E-06  5.398117E-06  3.695752E-06
 2.991500E+02  4.023333E-01  3.460643E-04  5.945204E-08  7.866291E-08  8.767346E-08  1.053293E-07  3.450490E-01  5.590139E-04  4.597014E-06  1.556007E-01  4.682022E-04  6.844877E-06  2.392139E-07  7.776041E-03  1.494746E-06  5.298979E-06  8.054141E-07  8.684824E-02  9.205140E-06  9.327739E-07  8.023946E-07  4.116098E-04  5.596989E-04  5.007738E-06  3.968525E-06  5.075162E-06  3.510550E-06
 3.001500E+02  4.029975E-01  3.420552E-04  5.741734E-08  7.599210E-08  8.470192E-08  1.017862E-07  3.451439E-01  5.481717E-04  4.303720E-06  1.561993E-01  4.625247E-04  6.483608E-06  2.339805E-07  7.624976E-03  1.413340E-06  5.024018E-06  7.713950E-07  8.567960E-02  8.798300E-06  9.015035E-07  7.749364E-07  4.052826E-04  5.510825E-04  4.727003E-06  3.731249E-06  4.773379E-06  3.335665E-06
 3.011500E+02  4.036499E-01  3.381147E-04  5.546499E-08  7.342864E-08  8.184964E-08  9.838442E-08  3.452364E-01  5.376177E-04  4.031022E-06  1.567878E-01  4.569138E-04  6.142839E-06  2.288688E-07  7.477845E-03  1.336893E-06  4.765117E-06  7.390334E-07  8.453049E-02  8.411288E-06  8.714458E-07  7.485627E-07  3.990794E-04  5.426357E-04  4.463382E-06  3.509515E-06  4.491269E-06  3.170471E-06
 3.021500E+02  4.042908E-01  3.342417E-04  5.359121E-08  7.096767E-08  7.911123E-08  9.511758E-08  3.453264E-01  5.273425E-04  3.777352E-06  1.573664E-01  4.513698E-04  5.821342E-06  2.238764E-07  7.334523E-03  1.265075E-06  4.521242E-06  7.082390E-07  8.340060E-02  8.043066E-06  8.425488E-07  7.232260E-07  3.929977E-04  5.343550E-04  4.215757E-06  3.302226E-06  4.227446E-06  3.014384E-06
 3.031500E+02  4.049202E-01  3.304346E-04  5.179243E-08  6.860454E-08  7.648153E-08  9.197961E-08  3.454141E-01  5.173372E-04  3.541268E-06  1.579353E-01  4.458928E-04  5.517965E-06  2.190007E-07  7.194895E-03  1.197577E-06  4.291433E-06  6.789271E-07  8.228964E-02  7.692651E-06  8.147629E-07  6.988814E-07  3.870349E-04  5.262369E-04  3.983090E-06  3.108365E-06  3.980632E-06  2.866857E-06
 3.041500E+02  4.055384E-01  3.266924E-04  5.006526E-08  6.633485E-08  7.395566E-08  8.896478E-08  3.454996E-01  5.075933E-04  3.321447E-06  1.584946E-01  4.404827E-04  5.231627E-06  2.142395E-07  7.058846E-03  1.134115E-06  4.074795E-06  6.510177E-07  8.119730E-02  7.359118E-06  7.880408E-07  6.754857E-07  3.811886E-04  5.182780E-04  3.764412E-06  2.926992E-06  3.749639E-06  2.727377E-06
 3.051500E+02  4.061457E-01  3.230135E-04  4.840646E-08  6.415443E-08  7.152898E-08  8.606759E-08  3.455829E-01  4.981025E-04  3.116673E-06  1.590446E-01  4.351396E-04  4.961316E-06  2.095904E-07  6.926266E-03  1.074423E-06  3.870497E-06  6.244359E-07  8.012330E-02  7.041590E-06  7.623374E-07  6.529981E-07  3.754562E-04  5.104749E-04  3.558822E-06  2.757239E-06  3.533373E-06  2.595466E-06
 3.061500E+02  4.067422E-01  3.193969E-04  4.681298E-08  6.205929E-08  6.919707E-08  8.328285E-08  3.456641E-01  4.888568E-04  2.925827E-06  1.595852E-01  4.298633E-04  4.706082E-06  2.050510E-07  6.797049E-03  1.018255E-06  3.677763E-06  5.991110E-07  7.906732E-02  6.739240E-06  7.376096E-07  6.313794E-07  3.698355E-04  5.028243E-04  3.365478E-06  2.598299E-06  3.330816E-06  2.470676E-06
 3.071500E+02  4.073281E-01  3.158413E-04  4.528190E-08  6.004564E-08  6.695574E-08  8.060560E-08  3.457433E-01  4.798485E-04  2.747880E-06  1.601168E-01  4.246538E-04  4.465033E-06  2.006190E-07  6.671094E-03  9.653832E-07  3.495871E-06  5.749763E-07  7.802910E-02  6.451283E-06  7.138163E-07  6.105925E-07  3.643240E-04  4.953231E-04  3.183599E-06  2.449428E-06  3.141029E-06  2.352587E-06
 3.081500E+02  4.079037E-01  3.123456E-04  4.381045E-08  5.810990E-08  6.480100E-08  7.803114E-08  3.458205E-01  4.710702E-04  2.581883E-06  1.606394E-01  4.195108E-04  4.237331E-06  1.962921E-07  6.548302E-03  9.155945E-07  3.324148E-06  5.519694E-07  7.700832E-02  6.176980E-06  6.909182E-07  5.906017E-07  3.589196E-04  4.879680E-04  3.012454E-06  2.309936E-06  2.963140E-06  2.240805E-06
 3.091500E+02  4.084690E-01  3.089084E-04  4.239599E-08  5.624865E-08  6.272905E-08  7.555498E-08  3.458957E-01  4.625148E-04  2.426965E-06  1.611532E-01  4.144341E-04  4.022194E-06  1.920680E-07  6.428577E-03  8.686912E-07  3.161965E-06  5.300309E-07  7.600472E-02  5.915633E-06  6.688779E-07  5.713733E-07  3.536199E-04  4.807559E-04  2.851363E-06  2.179183E-06  2.796342E-06  2.134963E-06
 3.101500E+02  4.090243E-01  3.055288E-04  4.103602E-08  5.445863E-08  6.073628E-08  7.317285E-08  3.459691E-01  4.541754E-04  2.282320E-06  1.616583E-01  4.094234E-04  3.818884E-06  1.879444E-07  6.311828E-03  8.244895E-07  3.008738E-06  5.091054E-07  7.501800E-02  5.666578E-06  6.476596E-07  5.528748E-07  3.484227E-04  4.736838E-04  2.699690E-06  2.056576E-06  2.639885E-06  2.034716E-06
 3.111500E+02  4.095699E-01  3.022056E-04  3.972816E-08  5.273674E-08  5.881925E-08  7.088071E-08  3.460407E-01  4.460454E-04  2.147208E-06  1.621549E-01  4.044785E-04  3.626709E-06  1.839190E-07  6.197965E-03  7.828179E-07  2.863919E-06  4.891404E-07  7.404787E-02  5.429190E-06  6.272292E-07  5.350754E-07  3.433258E-04  4.667488E-04  2.556844E-06  1.941566E-06  2.493074E-06  1.939739E-06
 3.121500E+02  4.101058E-01  2.989376E-04  3.847014E-08  5.108003E-08  5.697468E-08  6.867467E-08  3.461106E-01  4.381183E-04  2.020944E-06  1.626431E-01  3.995990E-04  3.445022E-06  1.799897E-07  6.086904E-03  7.435171E-07  2.726998E-06  4.700863E-07  7.309408E-02  5.202877E-06  6.075541E-07  5.179458E-07  3.383272E-04  4.599479E-04  2.422272E-06  1.833642E-06  2.355265E-06  1.849730E-06
 3.131500E+02  4.106322E-01  2.957239E-04  3.725980E-08  4.948570E-08  5.519947E-08  6.655106E-08  3.461787E-01  4.303880E-04  1.902898E-06  1.631231E-01  3.947844E-04  3.273212E-06  1.761543E-07  5.978560E-03  7.064384E-07  2.597500E-06  4.518965E-07  7.215632E-02  4.987080E-06  5.886030E-07  5.014577E-07  3.334248E-04  4.532782E-04  2.295458E-06  1.732330E-06  2.225858E-06  1.764404E-06
 3.141500E+02  4.111494E-01  2.925633E-04  3.609508E-08  4.795108E-08  5.349064E-08  6.450637E-08  3.462452E-01  4.228485E-04  1.792487E-06  1.635950E-01  3.900345E-04  3.110707E-06  1.724107E-07  5.872855E-03  6.714435E-07  2.474977E-06  4.345269E-07  7.123434E-02  4.781268E-06  5.703463E-07  4.855844E-07  3.286164E-04  4.467369E-04  2.175920E-06  1.637192E-06  2.104298E-06  1.683495E-06
 3.151500E+02  4.116575E-01  2.894549E-04  3.497403E-08  4.647361E-08  5.184536E-08  6.253726E-08  3.463101E-01  4.154940E-04  1.689173E-06  1.640590E-01  3.853487E-04  2.956971E-06  1.687566E-07  5.769710E-03  6.384032E-07  2.359016E-06  4.179359E-07  7.032786E-02  4.584939E-06  5.527556E-07  4.703004E-07  3.239001E-04  4.403213E-04  2.063209E-06  1.547820E-06  1.990069E-06  1.606750E-06
 3.161500E+02  4.121567E-01  2.863976E-04  3.389479E-08  4.505088E-08  5.026094E-08  6.064055E-08  3.463735E-01  4.083190E-04  1.592458E-06  1.645151E-01  3.807265E-04  2.811497E-06  1.651901E-07  5.669051E-03  6.071971E-07  2.249225E-06  4.020844E-07  6.943662E-02  4.397619E-06  5.358035E-07  4.555811E-07  3.192740E-04  4.340287E-04  1.956904E-06  1.463833E-06  1.882689E-06  1.533936E-06
 3.171500E+02  4.126471E-01  2.833905E-04  3.285556E-08  4.368057E-08  4.873482E-08  5.881318E-08  3.464353E-01  4.013182E-04  1.501884E-06  1.649636E-01  3.761676E-04  2.673813E-06  1.617090E-07  5.570806E-03  5.777129E-07  2.145242E-06  3.869351E-07  6.856035E-02  4.218860E-06  5.194643E-07  4.414032E-07  3.147362E-04  4.278565E-04  1.856612E-06  1.384880E-06  1.781714E-06  1.464832E-06
 3.181500E+02  4.131290E-01  2.804325E-04  3.185468E-08  4.236048E-08  4.726455E-08  5.705228E-08  3.464957E-01  3.944863E-04  1.417024E-06  1.654045E-01  3.716713E-04  2.543473E-06  1.583114E-07  5.474904E-03  5.498457E-07  2.046726E-06  3.724531E-07  6.769880E-02  4.048234E-06  5.037131E-07  4.277445E-07  3.102846E-04  4.218021E-04  1.761967E-06  1.310633E-06  1.686728E-06  1.399229E-06
 3.191500E+02  4.136024E-01  2.775228E-04  3.089051E-08  4.108850E-08  4.584779E-08  5.535508E-08  3.465546E-01  3.878184E-04  1.337485E-06  1.658381E-01  3.672372E-04  2.420058E-06  1.549953E-07  5.381279E-03  5.234976E-07  1.953357E-06  3.586053E-07  6.685170E-02  3.885339E-06  4.885261E-07  4.145836E-07  3.059176E-04  4.158629E-04  1.672624E-06  1.240787E-06  1.597344E-06  1.336934E-06
 3.201500E+02  4.140676E-01  2.746603E-04  2.996153E-08  3.986264E-08  4.448232E-08  5.371894E-08  3.466122E-01  3.813097E-04  1.262903E-06  1.662643E-01  3.628646E-04  2.303173E-06  1.517587E-07  5.289865E-03  4.985771E-07  1.864839E-06  3.453603E-07  6.601880E-02  3.729795E-06  4.738807E-07  4.019002E-07  3.016333E-04  4.100365E-04  1.588265E-06  1.175058E-06  1.513204E-06  1.277762E-06
 3.211500E+02  4.145246E-01  2.718443E-04  2.906626E-08  3.868098E-08  4.316602E-08  5.214136E-08  3.466685E-01  3.749554E-04  1.192941E-06  1.666834E-01  3.585531E-04  2.192451E-06  1.485997E-07  5.200598E-03  4.749988E-07  1.780890E-06  3.326886E-07  6.519985E-02  3.581238E-06  4.597552E-07  3.896749E-07  2.974300E-04  4.043205E-04  1.508587E-06  1.113182E-06  1.433972E-06  1.221543E-06
 3.221500E+02  4.149737E-01  2.690738E-04  2.820332E-08  3.754170E-08  4.189686E-08  5.061993E-08  3.467234E-01  3.687512E-04  1.127287E-06  1.670954E-01  3.543019E-04  2.087542E-06  1.455165E-07  5.113419E-03  4.526827E-07  1.701250E-06  3.205622E-07  6.439461E-02  3.439327E-06  4.461288E-07  3.778891E-07  2.933058E-04  3.987125E-04  1.433310E-06  1.054915E-06  1.359337E-06  1.168113E-06
 3.231500E+02  4.154151E-01  2.663479E-04  2.737135E-08  3.644306E-08  4.067292E-08  4.915237E-08  3.467770E-01  3.626925E-04  1.065649E-06  1.675006E-01  3.501106E-04  1.988119E-06  1.425072E-07  5.028267E-03  4.315542E-07  1.625672E-06  3.089545E-07  6.360282E-02  3.303738E-06  4.329818E-07  3.665251E-07  2.892592E-04  3.932102E-04  1.362171E-06  1.000026E-06  1.289008E-06  1.117320E-06
 3.241500E+02  4.158487E-01  2.636658E-04  2.656911E-08  3.538341E-08  3.949234E-08  4.773649E-08  3.468295E-01  3.567753E-04  1.007760E-06  1.678990E-01  3.459785E-04  1.893875E-06  1.395700E-07  4.945086E-03  4.115432E-07  1.553926E-06  2.978406E-07  6.282427E-02  3.174162E-06  4.202951E-07  3.555659E-07  2.852885E-04  3.878113E-04  1.294925E-06  9.483021E-07  1.222716E-06  1.069022E-06
 3.251500E+02  4.162749E-01  2.610267E-04  2.579535E-08  3.436116E-08  3.835336E-08  4.637020E-08  3.468807E-01  3.509955E-04  9.533711E-07  1.682907E-01  3.419049E-04  1.804520E-06  1.367032E-07  4.863820E-03  3.925844E-07  1.485796E-06  2.871968E-07  6.205869E-02  3.050308E-06  4.080507E-07  3.449952E-07  2.813921E-04  3.825137E-04  1.231339E-06  8.995452E-07  1.160207E-06  1.023083E-06
 3.261500E+02  4.166937E-01  2.584297E-04  2.504894E-08  3.337479E-08  3.725432E-08  4.505152E-08  3.469308E-01  3.453491E-04  9.022500E-07  1.686759E-01  3.378893E-04  1.719783E-06  1.339050E-07  4.784415E-03  3.746166E-07  1.421080E-06  2.770004E-07  6.130587E-02  2.931900E-06  3.962310E-07  3.347976E-07  2.775683E-04  3.773151E-04  1.171200E-06  8.535695E-07  1.101245E-06  9.793758E-07
 3.271500E+02  4.171053E-01  2.558741E-04  2.432876E-08  3.242286E-08  3.619359E-08  4.377854E-08  3.469797E-01  3.398323E-04  8.541820E-07  1.690547E-01  3.339309E-04  1.639406E-06  1.311737E-07  4.706821E-03  3.575822E-07  1.359586E-06  2.672303E-07  6.056558E-02  2.818676E-06  3.848195E-07  3.249582E-07  2.738157E-04  3.722135E-04  1.114303E-06  8.102020E-07  1.045613E-06  9.377816E-07
 3.281500E+02  4.175098E-01  2.533590E-04  2.363375E-08  3.150399E-08  3.516966E-08  4.254944E-08  3.470276E-01  3.344416E-04  8.089676E-07  1.694272E-01  3.300292E-04  1.563149E-06  1.285077E-07  4.630987E-03  3.414278E-07  1.301138E-06  2.578663E-07  5.983759E-02  2.710388E-06  3.738004E-07  3.154629E-07  2.701327E-04  3.672067E-04  1.060461E-06  7.692815E-07  9.931035E-07  8.981874E-07
 3.291500E+02  4.179074E-01  2.508837E-04  2.296291E-08  3.061687E-08  3.418104E-08  4.136248E-08  3.470744E-01  3.291733E-04  7.664214E-07  1.697935E-01  3.261834E-04  1.490784E-06  1.259054E-07  4.556864E-03  3.261027E-07  1.245565E-06  2.488894E-07  5.912167E-02  2.606798E-06  3.631582E-07  3.062980E-07  2.665179E-04  3.622927E-04  1.009494E-06  7.306574E-07  9.435264E-07  8.604871E-07
 3.301500E+02  4.182982E-01  2.484474E-04  2.231527E-08  2.976023E-08  3.322635E-08  4.021601E-08  3.471201E-01  3.240239E-04  7.263710E-07  1.701537E-01  3.223930E-04  1.422097E-06  1.233651E-07  4.484405E-03  3.115599E-07  1.192712E-06  2.402813E-07  5.841761E-02  2.507685E-06  3.528786E-07  2.974506E-07  2.629697E-04  3.574697E-04  9.612361E-07  6.941889E-07  8.967025E-07  8.245808E-07
 3.311500E+02  4.186823E-01  2.460495E-04  2.168991E-08  2.893287E-08  3.230425E-08  3.910843E-08  3.471648E-01  3.189903E-04  6.886558E-07  1.705080E-01  3.186572E-04  1.356888E-06  1.208854E-07  4.413565E-03  2.977550E-07  1.142430E-06  2.320249E-07  5.772520E-02  2.412836E-06  3.429474E-07  2.889083E-07  2.594869E-04  3.527355E-04  9.155313E-07  6.597449E-07  8.524650E-07  7.903742E-07
 3.321500E+02  4.190599E-01  2.436891E-04  2.108594E-08  2.813364E-08  3.141345E-08  3.803823E-08  3.472086E-01  3.140691E-04  6.531268E-07  1.708564E-01  3.149753E-04  1.294967E-06  1.184647E-07  4.344300E-03  2.846464E-07  1.094578E-06  2.241039E-07  5.704422E-02  2.322048E-06  3.333514E-07  2.806591E-07  2.560679E-04  3.480883E-04  8.722328E-07  6.272025E-07  8.106578E-07  7.577783E-07
 3.331500E+02  4.194310E-01  2.413657E-04  2.050254E-08  2.736144E-08  3.055273E-08  3.700395E-08  3.472513E-01  3.092574E-04  6.196450E-07  1.711990E-01  3.113467E-04  1.236154E-06  1.161015E-07  4.276567E-03  2.721952E-07  1.049027E-06  2.165028E-07  5.637447E-02  2.235132E-06  3.240777E-07  2.726917E-07  2.527115E-04  3.435264E-04  8.312028E-07  5.964471E-07  7.711349E-07  7.267092E-07
 3.341500E+02  4.197959E-01  2.390784E-04  1.993888E-08  2.661521E-08  2.972093E-08  3.600420E-08  3.472932E-01  3.045519E-04  5.880809E-07  1.715360E-01  3.077707E-04  1.180282E-06  1.137945E-07  4.210325E-03  2.603648E-07  1.005653E-06  2.092071E-07  5.571573E-02  2.151906E-06  3.151140E-07  2.649952E-07  2.494163E-04  3.390478E-04  7.923123E-07  5.673715E-07  7.337598E-07  6.970881E-07
 3.351500E+02  4.201546E-01  2.368266E-04  1.939420E-08  2.589396E-08  2.891692E-08  3.503766E-08  3.473341E-01  2.999499E-04  5.583143E-07  1.718675E-01  3.042467E-04  1.127192E-06  1.115421E-07  4.145534E-03  2.491208E-07  9.643387E-07  2.022028E-07  5.506782E-02  2.072197E-06  3.064486E-07  2.575591E-07  2.461811E-04  3.346508E-04  7.554398E-07  5.398753E-07  6.984050E-07  6.688400E-07
 3.361500E+02  4.205072E-01  2.346097E-04  1.886777E-08  2.519671E-08  2.813964E-08  3.410305E-08  3.473742E-01  2.954486E-04  5.302326E-07  1.721935E-01  3.007738E-04  1.076735E-06  1.093430E-07  4.082155E-03  2.384309E-07  9.249762E-07  1.954766E-07  5.443053E-02  1.995842E-06  2.980702E-07  2.503735E-07  2.430045E-04  3.303337E-04  7.204716E-07  5.138647E-07  6.649509E-07  6.418947E-07
 3.371500E+02  4.208539E-01  2.324270E-04  1.835889E-08  2.452254E-08  2.738805E-08  3.319915E-08  3.474134E-01  2.910452E-04  5.037312E-07  1.725142E-01  2.973516E-04  1.028768E-06  1.071958E-07  4.020150E-03  2.282646E-07  8.874621E-07  1.890160E-07  5.380367E-02  1.922685E-06  2.899680E-07  2.434287E-07  2.398853E-04  3.260947E-04  6.873005E-07  4.892520E-07  6.332856E-07  6.161855E-07
 3.381500E+02  4.211947E-01  2.302778E-04  1.786686E-08  2.387058E-08  2.666119E-08  3.232480E-08  3.474518E-01  2.867370E-04  4.787125E-07  1.728296E-01  2.939792E-04  9.831603E-07  1.050993E-07  3.959484E-03  2.185936E-07  8.516993E-07  1.828091E-07  5.318704E-02  1.852580E-06  2.821317E-07  2.367156E-07  2.368224E-04  3.219323E-04  6.558259E-07  4.659549E-07  6.033045E-07  5.916497E-07
 3.391500E+02  4.215299E-01  2.281616E-04  1.739106E-08  2.323998E-08  2.595810E-08  3.147889E-08  3.474893E-01  2.825216E-04  4.550854E-07  1.731399E-01  2.906560E-04  9.397854E-07  1.030522E-07  3.900120E-03  2.093908E-07  8.175965E-07  1.768446E-07  5.258047E-02  1.785384E-06  2.745513E-07  2.302255E-07  2.338145E-04  3.178448E-04  6.259535E-07  4.438964E-07  5.749094E-07  5.682278E-07
 3.401500E+02  4.218594E-01  2.260778E-04  1.693087E-08  2.262992E-08  2.527789E-08  3.066034E-08  3.475261E-01  2.783963E-04  4.327648E-07  1.734452E-01  2.873813E-04  8.985252E-07  1.010532E-07  3.842024E-03  2.006312E-07  7.850674E-07  1.711116E-07  5.198376E-02  1.720966E-06  2.672173E-07  2.239499E-07  2.308604E-04  3.138306E-04  5.975942E-07  4.230044E-07  5.480085E-07  5.458639E-07
 3.411500E+02  4.221835E-01  2.240257E-04  1.648569E-08  2.203965E-08  2.461971E-08  2.986813E-08  3.475621E-01  2.743590E-04  4.116713E-07  1.737455E-01  2.841545E-04  8.592680E-07  9.910114E-08  3.785164E-03  1.922909E-07  7.540309E-07  1.656000E-07  5.139674E-02  1.659199E-06  2.601206E-07  2.178807E-07  2.279591E-04  3.098882E-04  5.706646E-07  4.032114E-07  5.225154E-07  5.245048E-07
 3.421500E+02  4.225021E-01  2.220047E-04  1.605495E-08  2.146841E-08  2.398272E-08  2.910128E-08  3.475973E-01  2.704071E-04  3.917307E-07  1.740409E-01  2.809749E-04  8.219086E-07  9.719475E-08  3.729507E-03  1.843476E-07  7.244102E-07  1.603000E-07  5.081922E-02  1.599961E-06  2.532525E-07  2.120102E-07  2.251095E-04  3.060161E-04  5.450860E-07  3.844539E-07  4.983495E-07  5.041005E-07
 3.431500E+02  4.228155E-01  2.200143E-04  1.563812E-08  2.091549E-08  2.336613E-08  2.835884E-08  3.476318E-01  2.665385E-04  3.728737E-07  1.743315E-01  2.778417E-04  7.863475E-07  9.533291E-08  3.675022E-03  1.767802E-07  6.961331E-07  1.552024E-07  5.025104E-02  1.543139E-06  2.466045E-07  2.063311E-07  2.223104E-04  3.022127E-04  5.207846E-07  3.666726E-07  4.754349E-07  4.846036E-07
 3.441500E+02  4.231237E-01  2.180540E-04  1.523468E-08  2.038022E-08  2.276920E-08  2.763993E-08  3.476656E-01  2.627510E-04  3.550356E-07  1.746175E-01  2.747545E-04  7.524909E-07  9.351449E-08  3.621678E-03  1.695688E-07  6.691312E-07  1.502983E-07  4.969202E-02  1.488624E-06  2.401686E-07  2.008361E-07  2.195609E-04  2.984768E-04  4.976906E-07  3.498118E-07  4.537006E-07  4.659693E-07
 3.451500E+02  4.234268E-01  2.161231E-04  1.484412E-08  1.986194E-08  2.219118E-08  2.694367E-08  3.476987E-01  2.590425E-04  3.381557E-07  1.748988E-01  2.717124E-04  7.202501E-07  9.173839E-08  3.569446E-03  1.626949E-07  6.433401E-07  1.455794E-07  4.914200E-02  1.436312E-06  2.339370E-07  1.955185E-07  2.168598E-04  2.948068E-04  4.757386E-07  3.338192E-07  4.330798E-07  4.481551E-07
 3.461500E+02  4.237249E-01  2.142212E-04  1.446598E-08  1.936002E-08  2.163140E-08  2.626923E-08  3.477311E-01  2.554109E-04  3.221774E-07  1.751756E-01  2.687148E-04  6.895415E-07  9.000353E-08  3.518299E-03  1.561408E-07  6.186990E-07  1.410376E-07  4.860080E-02  1.386104E-06  2.279023E-07  1.903717E-07  2.142062E-04  2.912014E-04  4.548668E-07  3.186457E-07  4.135098E-07  4.311209E-07
 3.471500E+02  4.240181E-01  2.123476E-04  1.409979E-08  1.887387E-08  2.108917E-08  2.561583E-08  3.477628E-01  2.518542E-04  3.070477E-07  1.754480E-01  2.657611E-04  6.602859E-07  8.830887E-08  3.468207E-03  1.498898E-07  5.951503E-07  1.366655E-07  4.806827E-02  1.337907E-06  2.220575E-07  1.853895E-07  2.115990E-04  2.876592E-04  4.350173E-07  3.042452E-07  3.949319E-07  4.148288E-07
 3.481500E+02  4.243066E-01  2.105020E-04  1.374511E-08  1.840292E-08  2.056387E-08  2.498269E-08  3.477939E-01  2.483705E-04  2.927169E-07  1.757161E-01  2.628507E-04  6.324087E-07  8.665338E-08  3.419145E-03  1.439264E-07  5.726397E-07  1.324557E-07  4.754425E-02  1.291631E-06  2.163957E-07  1.805659E-07  2.090374E-04  2.841790E-04  4.161352E-07  2.905746E-07  3.772908E-07  3.992427E-07
 3.491500E+02  4.245903E-01  2.086838E-04  1.340154E-08  1.794660E-08  2.005487E-08  2.436909E-08  3.478244E-01  2.449579E-04  2.791386E-07  1.759798E-01  2.599828E-04  6.058393E-07  8.503608E-08  3.371086E-03  1.382357E-07  5.511158E-07  1.284014E-07  4.702858E-02  1.247192E-06  2.109103E-07  1.758950E-07  2.065204E-04  2.807594E-04  3.981690E-07  2.775931E-07  3.605345E-07  3.843286E-07
 3.501500E+02  4.248694E-01  2.068924E-04  1.306865E-08  1.750440E-08  1.956160E-08  2.377434E-08  3.478543E-01  2.416147E-04  2.662691E-07  1.762394E-01  2.571569E-04  5.805109E-07  8.345598E-08  3.324006E-03  1.328038E-07  5.305301E-07  1.244960E-07  4.652111E-02  1.204508E-06  2.055950E-07  1.713714E-07  2.040471E-04  2.773992E-04  3.810700E-07  2.652627E-07  3.446143E-07  3.700542E-07
 3.511500E+02  4.251440E-01  2.051275E-04  1.274607E-08  1.707581E-08  1.908348E-08  2.319774E-08  3.478835E-01  2.383391E-04  2.540677E-07  1.764948E-01  2.543724E-04  5.563606E-07  8.191216E-08  3.277879E-03  1.276176E-07  5.108366E-07  1.207332E-07  4.602168E-02  1.163503E-06  2.004437E-07  1.669897E-07  2.016165E-04  2.740971E-04  3.647925E-07  2.535473E-07  3.294843E-07  3.563890E-07
 3.521500E+02  4.254141E-01  2.033885E-04  1.243343E-08  1.666033E-08  1.861998E-08  2.263867E-08  3.479122E-01  2.351293E-04  2.424961E-07  1.767462E-01  2.516285E-04  5.333286E-07  8.040368E-08  3.232681E-03  1.226646E-07  4.919919E-07  1.171071E-07  4.553016E-02  1.124103E-06  1.954508E-07  1.627449E-07  1.992278E-04  2.708520E-04  3.492932E-07  2.424133E-07  3.151013E-07  3.433040E-07
 3.531500E+02  4.256799E-01  2.016749E-04  1.213036E-08  1.625750E-08  1.817056E-08  2.209649E-08  3.479403E-01  2.319837E-04  2.315185E-07  1.769937E-01  2.489248E-04  5.113585E-07  7.892965E-08  3.188391E-03  1.179331E-07  4.739548E-07  1.136120E-07  4.504639E-02  1.086239E-06  1.906104E-07  1.586319E-07  1.968801E-04  2.676627E-04  3.345314E-07  2.318290E-07  3.014247E-07  3.307716E-07
 3.541500E+02  4.259414E-01  1.999864E-04  1.183653E-08  1.586687E-08  1.773475E-08  2.157062E-08  3.479679E-01  2.289007E-04  2.211013E-07  1.772372E-01  2.462605E-04  4.903970E-07  7.748919E-08  3.144984E-03  1.134120E-07  4.566865E-07  1.102425E-07  4.457024E-02  1.049844E-06  1.859174E-07  1.546462E-07  1.945726E-04  2.645280E-04  3.204686E-07  2.217644E-07  2.884163E-07  3.187660E-07
 3.551500E+02  4.261987E-01  1.983225E-04  1.155162E-08  1.548802E-08  1.731205E-08  2.106048E-08  3.479949E-01  2.258788E-04  2.112127E-07  1.774769E-01  2.436351E-04  4.703937E-07  7.608147E-08  3.102440E-03  1.090909E-07  4.401500E-07  1.069935E-07  4.410156E-02  1.014854E-06  1.813666E-07  1.507832E-07  1.923044E-04  2.614469E-04  3.070685E-07  2.121914E-07  2.760402E-07  3.072622E-07
 3.561500E+02  4.264519E-01  1.966826E-04  1.127530E-08  1.512053E-08  1.690200E-08  2.056553E-08  3.480214E-01  2.229164E-04  2.018232E-07  1.777129E-01  2.410480E-04  4.513007E-07  7.470565E-08  3.060738E-03  1.049598E-07  4.243105E-07  1.038598E-07  4.364022E-02  9.812091E-07  1.769529E-07  1.470385E-07  1.900748E-04  2.584182E-04  2.942969E-07  2.030837E-07  2.642625E-07  2.962370E-07
 3.571500E+02  4.267010E-01  1.950665E-04  1.100727E-08  1.476399E-08  1.650417E-08  2.008523E-08  3.480473E-01  2.200120E-04  1.929051E-07  1.779451E-01  2.384986E-04  4.330729E-07  7.336092E-08  3.019856E-03  1.010094E-07  4.091348E-07  1.008370E-07  4.318608E-02  9.488519E-07  1.726717E-07  1.434081E-07  1.878830E-04  2.554408E-04  2.821214E-07  1.944163E-07  2.530512E-07  2.856681E-07
 3.581500E+02  4.269462E-01  1.934737E-04  1.074725E-08  1.441804E-08  1.611813E-08  1.961908E-08  3.480728E-01  2.171643E-04  1.844320E-07  1.781738E-01  2.359863E-04  4.156674E-07  7.204650E-08  2.979774E-03  9.723079E-08  3.945917E-07  9.792044E-08  4.273902E-02  9.177272E-07  1.685183E-07  1.398878E-07  1.857283E-04  2.525138E-04  2.705115E-07  1.861657E-07  2.423764E-07  2.755344E-07
 3.591500E+02  4.271875E-01  1.919037E-04  1.049495E-08  1.408230E-08  1.574347E-08  1.916659E-08  3.480978E-01  2.143719E-04  1.763796E-07  1.783989E-01  2.335106E-04  3.990438E-07  7.076162E-08  2.940475E-03  9.361563E-08  3.806514E-07  9.510585E-08  4.229890E-02  8.877828E-07  1.644884E-07  1.364739E-07  1.836097E-04  2.496360E-04  2.594383E-07  1.783099E-07  2.322097E-07  2.658158E-07
 3.601500E+02  4.274250E-01  1.903562E-04  1.025010E-08  1.375642E-08  1.537980E-08  1.872730E-08  3.481223E-01  2.116334E-04  1.687246E-07  1.786205E-01  2.310708E-04  3.831637E-07  6.950555E-08  2.901938E-03  9.015598E-08  3.672858E-07  9.238916E-08  4.186560E-02  8.589687E-07  1.605777E-07  1.331626E-07  1.815267E-04  2.468066E-04  2.488746E-07  1.708280E-07  2.225245E-07  2.564933E-07
 3.611500E+02  4.276588E-01  1.888308E-04  1.001246E-08  1.344006E-08  1.502674E-08  1.830075E-08  3.481463E-01  2.089475E-04  1.614454E-07  1.788386E-01  2.286664E-04  3.679907E-07  6.827755E-08  2.864145E-03  8.684435E-08  3.544681E-07  8.976644E-08  4.143899E-02  8.312373E-07  1.567822E-07  1.299503E-07  1.794785E-04  2.440244E-04  2.387946E-07  1.637003E-07  2.132956E-07  2.475489E-07
 3.621500E+02  4.278889E-01  1.873270E-04  9.781766E-09  1.313290E-08  1.468393E-08  1.788651E-08  3.481699E-01  2.063129E-04  1.545216E-07  1.790535E-01  2.262969E-04  3.534903E-07  6.707692E-08  2.827078E-03  8.367361E-08  3.421730E-07  8.723397E-08  4.101895E-02  8.045431E-07  1.530979E-07  1.268338E-07  1.774645E-04  2.412887E-04  2.291740E-07  1.569085E-07  2.044992E-07  2.389654E-07
 3.631500E+02  4.281153E-01  1.858446E-04  9.557788E-09  1.283462E-08  1.435103E-08  1.748416E-08  3.481930E-01  2.037285E-04  1.479340E-07  1.792650E-01  2.239617E-04  3.396301E-07  6.590297E-08  2.790721E-03  8.063705E-08  3.303765E-07  8.478816E-08  4.060536E-02  7.788429E-07  1.495210E-07  1.238096E-07  1.754838E-04  2.385984E-04  2.199897E-07  1.504349E-07  1.961130E-07  2.307265E-07
 3.641500E+02  4.283383E-01  1.843831E-04  9.340295E-09  1.254493E-08  1.402769E-08  1.709331E-08  3.482157E-01  2.011929E-04  1.416645E-07  1.794732E-01  2.216602E-04  3.263790E-07  6.475503E-08  2.755055E-03  7.772828E-08  3.190558E-07  8.242560E-08  4.019811E-02  7.540953E-07  1.460480E-07  1.208746E-07  1.735360E-04  2.359526E-04  2.112200E-07  1.442632E-07  1.881158E-07  2.228167E-07
 3.651500E+02  4.285578E-01  1.829421E-04  9.129068E-09  1.226353E-08  1.371359E-08  1.671357E-08  3.482380E-01  1.987051E-04  1.356960E-07  1.796783E-01  2.193920E-04  3.137077E-07  6.363246E-08  2.720066E-03  7.494126E-08  3.081891E-07  8.014304E-08  3.979707E-02  7.302607E-07  1.426754E-07  1.180259E-07  1.716202E-04  2.333504E-04  2.028442E-07  1.383778E-07  1.804877E-07  2.152212E-07
 3.661500E+02  4.287738E-01  1.815214E-04  8.923895E-09  1.199015E-08  1.340843E-08  1.634457E-08  3.482599E-01  1.962640E-04  1.300127E-07  1.798803E-01  2.171565E-04  3.015884E-07  6.253461E-08  2.685737E-03  7.227026E-08  2.977558E-07  7.793735E-08  3.940215E-02  7.073015E-07  1.393997E-07  1.152603E-07  1.697359E-04  2.307910E-04  1.948430E-07  1.327640E-07  1.732098E-07  2.079261E-07
 3.671500E+02  4.289866E-01  1.801205E-04  8.724573E-09  1.172452E-08  1.311191E-08  1.598595E-08  3.482813E-01  1.938683E-04  1.245993E-07  1.800792E-01  2.149531E-04  2.899948E-07  6.146087E-08  2.652053E-03  6.970985E-08  2.877366E-07  7.580555E-08  3.901322E-02  6.851817E-07  1.362178E-07  1.125752E-07  1.678824E-04  2.282735E-04  1.871978E-07  1.274080E-07  1.662643E-07  2.009180E-07
 3.681500E+02  4.291960E-01  1.787391E-04  8.530906E-09  1.146637E-08  1.282374E-08  1.563737E-08  3.483024E-01  1.915172E-04  1.194417E-07  1.802751E-01  2.127815E-04  2.789018E-07  6.041065E-08  2.618998E-03  6.725489E-08  2.781127E-07  7.374478E-08  3.863019E-02  6.638669E-07  1.331266E-07  1.099678E-07  1.660592E-04  2.257971E-04  1.798911E-07  1.222966E-07  1.596346E-07  1.941843E-07
 3.691500E+02  4.294022E-01  1.773770E-04  8.342707E-09  1.121547E-08  1.254364E-08  1.529850E-08  3.483230E-01  1.892094E-04  1.145265E-07  1.804680E-01  2.106410E-04  2.682858E-07  5.938334E-08  2.586558E-03  6.490048E-08  2.688665E-07  7.175232E-08  3.825293E-02  6.433242E-07  1.301230E-07  1.074356E-07  1.642656E-04  2.233610E-04  1.729065E-07  1.174176E-07  1.533046E-07  1.877128E-07
 3.701500E+02  4.296053E-01  1.760336E-04  8.159793E-09  1.097157E-08  1.227136E-08  1.496903E-08  3.483433E-01  1.869440E-04  1.098410E-07  1.806580E-01  2.085312E-04  2.581243E-07  5.837840E-08  2.554719E-03  6.264199E-08  2.599813E-07  6.982556E-08  3.788136E-02  6.235224E-07  1.272042E-07  1.049759E-07  1.625010E-04  2.209643E-04  1.662284E-07  1.127591E-07  1.472593E-07  1.814922E-07
 3.711500E+02  4.298053E-01  1.747088E-04  7.981992E-09  1.073445E-08  1.200662E-08  1.464863E-08  3.483632E-01  1.847201E-04  1.053734E-07  1.808451E-01  2.064515E-04  2.483958E-07  5.739525E-08  2.523466E-03  6.047502E-08  2.514411E-07  6.796199E-08  3.751536E-02  6.044314E-07  1.243673E-07  1.025865E-07  1.607650E-04  2.186064E-04  1.598418E-07  1.083103E-07  1.414847E-07  1.755115E-07
 3.721500E+02  4.300022E-01  1.734023E-04  7.809134E-09  1.050388E-08  1.174919E-08  1.433703E-08  3.483828E-01  1.825367E-04  1.011123E-07  1.810295E-01  2.044016E-04  2.390802E-07  5.643337E-08  2.492787E-03  5.839539E-08  2.432308E-07  6.615921E-08  3.715484E-02  5.860226E-07  1.216098E-07  1.002650E-07  1.590568E-04  2.162864E-04  1.537327E-07  1.040606E-07  1.359672E-07  1.697602E-07
 3.731500E+02  4.301961E-01  1.721136E-04  7.641059E-09  1.027965E-08  1.149883E-08  1.403394E-08  3.484020E-01  1.803928E-04  9.704719E-08  1.812111E-01  2.023809E-04  2.301581E-07  5.549222E-08  2.462669E-03  5.639914E-08  2.353358E-07  6.441495E-08  3.679970E-02  5.682687E-07  1.189291E-07  9.800903E-08  1.573760E-04  2.140035E-04  1.478879E-07  1.000001E-07  1.306941E-07  1.642286E-07
