#         T/K            c1          c2-1          c3-4          c3-5          c3-7          c3-9            m1          m2-1          m3-1            w1            w2          w3-1          w3-2          c1m1        c1m2-1        c1m2-7        c2m1-1        c1w1-2        c1w2-1        c2w1-1        c2w1-9        m1w1-1        m1w1-4        m1w2-1        m2w1-1        m2w1-3      c1m1w1-1
 2.731500E+02  1.633163E-01  8.566592E-05  1.189717E-08  1.561533E-08  1.737329E-08  2.071549E-08  5.904280E-01  2.845592E-03  1.480259E-04  1.657247E-01  9.147120E-04  5.135068E-05  7.205048E-07  9.791877E-03  8.970505E-06  2.943508E-05  8.282993E-07  6.335491E-02  1.921941E-05  5.099637E-07  4.478021E-07  1.283005E-03  1.746515E-03  6.030082E-05  7.778678E-05  9.851800E-05  1.260020E-05
 2.741500E+02  1.639344E-01  8.473320E-05  1.145929E-08  1.504569E-08  1.674077E-08  1.996758E-08  5.906556E-01  2.778719E-03  1.367092E-04  1.662901E-01  8.990538E-04  4.793602E-05  6.987314E-07  9.576776E-03  8.396473E-06  2.764073E-05  7.885467E-07  6.233857E-02  1.818238E-05  4.902064E-07  4.300818E-07  1.257564E-03  1.711775E-03  5.611964E-05  7.213009E-05  9.139009E-05  1.185022E-05
 2.751500E+02  1.645401E-01  8.381012E-05  1.103932E-08  1.449915E-08  1.613386E-08  1.924971E-08  5.908755E-01  2.713917E-03  1.263339E-04  1.668442E-01  8.837007E-04  4.476525E-05  6.776930E-07  9.367582E-03  7.862824E-06  2.596723E-05  7.509253E-07  6.134087E-02  1.720630E-05  4.712998E-07  4.131400E-07  1.232762E-03  1.677912E-03  5.225176E-05  6.691981E-05  8.482217E-05  1.114912E-05
 2.761500E+02  1.651337E-01  8.289679E-05  1.063649E-08  1.397474E-08  1.555146E-08  1.856060E-08  5.910882E-01  2.651110E-03  1.168159E-04  1.673873E-01  8.686477E-04  4.181990E-05  6.573639E-07  9.164115E-03  7.366486E-06  2.440576E-05  7.153109E-07  6.036152E-02  1.628733E-05  4.532047E-07  3.969402E-07  1.208581E-03  1.644901E-03  4.867213E-05  6.211819E-05  7.876704E-05  1.049347E-05
 2.771500E+02  1.657153E-01  8.199329E-05  1.025006E-08  1.347149E-08  1.499252E-08  1.789903E-08  5.912939E-01  2.590225E-03  1.080789E-04  1.679197E-01  8.538899E-04  3.908295E-05  6.377193E-07  8.966200E-03  6.904636E-06  2.294817E-05  6.815871E-07  5.940027E-02  1.542192E-05  4.358842E-07  3.814477E-07  1.185003E-03  1.612718E-03  4.535781E-05  5.769085E-05  7.318174E-05  9.880087E-06
 2.781500E+02  1.662853E-01  8.109970E-05  9.879322E-09  1.298850E-08  1.445604E-08  1.726384E-08  5.914930E-01  2.531193E-03  1.000540E-04  1.684415E-01  8.394222E-04  3.653875E-05  6.187353E-07  8.773666E-03  6.474680E-06  2.158695E-05  6.496446E-07  5.845685E-02  1.460673E-05  4.193028E-07  3.666295E-07  1.162012E-03  1.581341E-03  4.228779E-05  5.360648E-05  6.802716E-05  9.306049E-06
 2.791500E+02  1.668438E-01  8.021608E-05  9.523595E-09  1.252490E-08  1.394107E-08  1.665391E-08  5.916858E-01  2.473946E-03  9.267881E-05  1.689529E-01  8.252396E-04  3.417288E-05  6.003888E-07  8.586350E-03  6.074233E-06  2.031519E-05  6.193810E-07  5.753098E-02  1.383863E-05  4.034268E-07  3.524544E-07  1.139592E-03  1.550747E-03  3.944282E-05  4.983656E-05  6.326761E-05  8.768631E-06
 2.801500E+02  1.673911E-01  7.934248E-05  9.182234E-09  1.207987E-08  1.344668E-08  1.606817E-08  5.918724E-01  2.418421E-03  8.589659E-05  1.694542E-01  8.113370E-04  3.197206E-05  5.826573E-07  8.404093E-03  5.701100E-06  1.912648E-05  5.907002E-07  5.662238E-02  1.311472E-05  3.882241E-07  3.388923E-07  1.117726E-03  1.520913E-03  3.680526E-05  4.635509E-05  5.887057E-05  8.265313E-06
 2.811500E+02  1.679273E-01  7.847895E-05  8.854620E-09  1.165262E-08  1.297200E-08  1.550560E-08  5.920532E-01  2.364556E-03  7.965602E-05  1.699456E-01  7.977095E-04  2.992405E-05  5.655191E-07  8.226740E-03  5.353261E-06  1.801493E-05  5.635118E-07  5.573078E-02  1.243228E-05  3.736641E-07  3.259148E-07  1.096399E-03  1.491819E-03  3.435892E-05  4.313836E-05  5.480636E-05  7.793761E-06
 2.821500E+02  1.684528E-01  7.762552E-05  8.540162E-09  1.124238E-08  1.251619E-08  1.496523E-08  5.922284E-01  2.312292E-03  7.391048E-05  1.704273E-01  7.843520E-04  2.801754E-05  5.489535E-07  8.054143E-03  5.028855E-06  1.697509E-05  5.377310E-07  5.485591E-02  1.178875E-05  3.597177E-07  3.134949E-07  1.075597E-03  1.463443E-03  3.208898E-05  4.016473E-05  5.104789E-05  7.351810E-06
 2.831500E+02  1.689676E-01  7.678220E-05  8.238294E-09  1.084844E-08  1.207845E-08  1.444611E-08  5.923982E-01  2.261571E-03  6.861763E-05  1.708994E-01  7.712596E-04  2.624214E-05  5.329402E-07  7.886157E-03  4.726171E-06  1.600192E-05  5.132783E-07  5.399749E-02  1.118175E-05  3.463570E-07  3.016069E-07  1.055305E-03  1.435767E-03  2.998180E-05  3.741445E-05  4.757043E-05  6.937453E-06
 2.841500E+02  1.694721E-01  7.594899E-05  7.948477E-09  1.047009E-08  1.165801E-08  1.394735E-08  5.925629E-01  2.212341E-03  6.373900E-05  1.713622E-01  7.584274E-04  2.458823E-05  5.174597E-07  7.722643E-03  4.443628E-06  1.509077E-05  4.900789E-07  5.315524E-02  1.060907E-05  3.335555E-07  2.902261E-07  1.035508E-03  1.408769E-03  2.802488E-05  3.486946E-05  4.435136E-05  6.548826E-06
 2.851500E+02  1.699664E-01  7.512592E-05  7.670194E-09  1.010668E-08  1.125414E-08  1.346810E-08  5.927227E-01  2.164548E-03  5.923963E-05  1.718158E-01  7.458504E-04  2.304697E-05  5.024932E-07  7.563464E-03  4.179770E-06  1.423731E-05  4.680624E-07  5.232888E-02  1.006861E-05  3.212881E-07  2.793292E-07  1.016193E-03  1.382432E-03  2.620675E-05  3.251329E-05  4.137001E-05  6.184203E-06
 2.861500E+02  1.704507E-01  7.431295E-05  7.402951E-09  9.757570E-09  1.086613E-08  1.300753E-08  5.928777E-01  2.118141E-03  5.508769E-05  1.722604E-01  7.335238E-04  2.161017E-05  4.880225E-07  7.408491E-03  3.933255E-06  1.343758E-05  4.471629E-07  5.151815E-02  9.558420E-06  3.095307E-07  2.688941E-07  9.973463E-04  1.356736E-03  2.451683E-05  3.033084E-05  3.860748E-05  5.841978E-06
 2.871500E+02  1.709253E-01  7.351009E-05  7.146277E-09  9.422157E-09  1.049332E-08  1.256487E-08  5.930281E-01  2.073074E-03  5.125421E-05  1.726963E-01  7.214428E-04  2.027027E-05  4.740301E-07  7.257597E-03  3.702843E-06  1.268787E-05  4.273182E-07  5.072276E-02  9.076684E-06  2.982603E-07  2.588995E-07  9.789554E-04  1.331664E-03  2.294544E-05  2.830833E-05  3.604645E-05  5.520662E-06
 2.881500E+02  1.713903E-01  7.271730E-05  6.899721E-09  9.099861E-09  1.013507E-08  1.213935E-08  5.931741E-01  2.029298E-03  4.771281E-05  1.731236E-01  7.096026E-04  1.902030E-05  4.604991E-07  7.110658E-03  3.487389E-06  1.198478E-05  4.084700E-07  4.994245E-02  8.621689E-06  2.874551E-07  2.493253E-07  9.610075E-04  1.307199E-03  2.148365E-05  2.643312E-05  3.367109E-05  5.218871E-06
 2.891500E+02  1.718459E-01  7.193455E-05  6.662853E-09  8.790129E-09  9.790749E-09  1.173028E-08  5.933159E-01  1.986771E-03  4.443944E-05  1.735424E-01  6.979985E-04  1.785382E-05  4.474132E-07  6.967557E-03  3.285838E-06  1.132513E-05  3.905634E-07  4.917695E-02  8.191835E-06  2.770944E-07  2.401524E-07  9.434904E-04  1.283324E-03  2.012326E-05  2.469365E-05  3.146688E-05  4.935319E-06
 2.901500E+02  1.722924E-01  7.116181E-05  6.435260E-09  8.492430E-09  9.459786E-09  1.133695E-08  5.934537E-01  1.945449E-03  4.141217E-05  1.739530E-01  6.866258E-04  1.676486E-05  4.347567E-07  6.828178E-03  3.097211E-06  1.070600E-05  3.735466E-07  4.842598E-02  7.785625E-06  2.671582E-07  2.313625E-07  9.263922E-04  1.260022E-03  1.885670E-05  2.307933E-05  2.942053E-05  4.668810E-06
 2.911500E+02  1.727299E-01  7.039902E-05  6.216549E-09  8.206258E-09  9.141616E-09  1.095871E-08  5.935875E-01  1.905290E-03  3.861101E-05  1.743555E-01  6.754800E-04  1.574793E-05  4.225144E-07  6.692411E-03  2.920607E-06  1.012466E-05  3.573712E-07  4.768929E-02  7.401655E-06  2.576277E-07  2.229382E-07  9.097014E-04  1.237278E-03  1.767702E-05  2.158044E-05  2.751982E-05  4.418234E-06
 2.921500E+02  1.731586E-01  6.964615E-05  6.006344E-09  7.931130E-09  8.835703E-09  1.059494E-08  5.937175E-01  1.866256E-03  3.601767E-05  1.747501E-01  6.645565E-04  1.479792E-05  4.106717E-07  6.560147E-03  2.755189E-06  9.578583E-06  3.419914E-07  4.696660E-02  7.038610E-06  2.484848E-07  2.148630E-07  8.934068E-04  1.215075E-03  1.657782E-05  2.018807E-05  2.575357E-05  4.182555E-06
 2.931500E+02  1.735786E-01  6.890314E-05  5.804286E-09  7.666582E-09  8.541534E-09  1.024503E-08  5.938439E-01  1.828309E-03  3.361548E-05  1.751369E-01  6.538508E-04  1.391013E-05  3.992145E-07  6.431283E-03  2.600186E-06  9.065438E-06  3.273640E-07  4.625766E-02  6.695258E-06  2.397124E-07  2.071211E-07  8.774976E-04  1.193400E-03  1.555319E-05  1.889406E-05  2.411151E-05  3.960812E-06
 2.941500E+02  1.739903E-01  6.816992E-05  5.610031E-09  7.412171E-09  8.258618E-09  9.908410E-09  5.939668E-01  1.791411E-03  3.138918E-05  1.755162E-01  6.433584E-04  1.308019E-05  3.881292E-07  6.305717E-03  2.454882E-06  8.583046E-06  3.134486E-07  4.556220E-02  6.370444E-06  2.312942E-07  1.996975E-07  8.619633E-04  1.172238E-03  1.459768E-05  1.769091E-05  2.258420E-05  3.752109E-06
 2.951500E+02  1.743937E-01  6.744643E-05  5.423250E-09  7.167475E-09  7.986487E-09  9.584530E-09  5.940863E-01  1.755528E-03  2.932482E-05  1.758880E-01  6.330752E-04  1.230406E-05  3.774027E-07  6.183353E-03  2.318615E-06  8.129388E-06  3.002070E-07  4.487998E-02  6.063085E-06  2.232143E-07  1.925779E-07  8.467936E-04  1.151574E-03  1.370629E-05  1.657171E-05  2.116297E-05  3.555612E-06
 2.961500E+02  1.747890E-01  6.673261E-05  5.243631E-09  6.932089E-09  7.724691E-09  9.272863E-09  5.942025E-01  1.720626E-03  2.740966E-05  1.762525E-01  6.229967E-04  1.157801E-05  3.670223E-07  6.064095E-03  2.190770E-06  7.702588E-06  2.876031E-07  4.421074E-02  5.772165E-06  2.154581E-07  1.857487E-07  8.319786E-04  1.131395E-03  1.287437E-05  1.553014E-05  1.983987E-05  3.370546E-06
 2.971500E+02  1.751764E-01  6.602837E-05  5.070872E-09  6.705626E-09  7.472803E-09  8.972907E-09  5.943156E-01  1.686673E-03  2.563199E-05  1.766099E-01  6.131188E-04  1.089857E-05  3.569760E-07  5.947853E-03  2.070780E-06  7.300903E-06  2.756031E-07  4.355423E-02  5.496731E-06  2.080114E-07  1.791970E-07  8.175086E-04  1.111688E-03  1.209764E-05  1.456038E-05  1.860756E-05  3.196185E-06
 2.981500E+02  1.755561E-01  6.533364E-05  4.904688E-09  6.487715E-09  7.230412E-09  8.684179E-09  5.944257E-01  1.653637E-03  2.398113E-05  1.769604E-01  6.034373E-04  1.026254E-05  3.472520E-07  5.834538E-03  1.958117E-06  6.922712E-06  2.641751E-07  4.291021E-02  5.235891E-06  2.008605E-07  1.729104E-07  8.033744E-04  1.092439E-03  1.137218E-05  1.365707E-05  1.745930E-05  3.031856E-06
 2.991500E+02  1.759282E-01  6.464834E-05  4.744804E-09  6.278004E-09  6.997126E-09  8.406220E-09  5.945327E-01  1.621488E-03  2.244726E-05  1.773040E-01  5.939482E-04  9.666940E-06  3.378389E-07  5.724064E-03  1.852292E-06  6.566506E-06  2.532889E-07  4.227843E-02  4.988804E-06  1.939926E-07  1.668771E-07  7.895668E-04  1.073637E-03  1.069432E-05  1.281529E-05  1.638888E-05  2.876930E-06
 3.001500E+02  1.762930E-01  6.397239E-05  4.590958E-09  6.076152E-09  6.772570E-09  8.138590E-09  5.946370E-01  1.590198E-03  2.102139E-05  1.776409E-01  5.846474E-04  9.109007E-06  3.287260E-07  5.616348E-03  1.752851E-06  6.230883E-06  2.429160E-07  4.165865E-02  4.754685E-06  1.873954E-07  1.610860E-07  7.760770E-04  1.055270E-03  1.006069E-05  1.203051E-05  1.539060E-05  2.730820E-06
 3.011500E+02  1.766504E-01  6.330569E-05  4.442900E-09  5.881838E-09  6.556384E-09  7.880865E-09  5.947385E-01  1.559738E-03  1.969527E-05  1.779712E-01  5.755310E-04  8.586187E-06  3.199027E-07  5.511310E-03  1.659372E-06  5.914535E-06  2.330298E-07  4.105064E-02  4.532793E-06  1.810572E-07  1.555262E-07  7.628965E-04  1.037325E-03  9.468193E-06  1.129853E-05  1.445919E-05  2.592979E-06
 3.021500E+02  1.770008E-01  6.264817E-05  4.300390E-09  5.694752E-09  6.348226E-09  7.632645E-09  5.948373E-01  1.530082E-03  1.846132E-05  1.782952E-01  5.665951E-04  8.096104E-06  3.113589E-07  5.408873E-03  1.571465E-06  5.616245E-06  2.236048E-07  4.045417E-02  4.322434E-06  1.749668E-07  1.501878E-07  7.500170E-04  1.019791E-03  8.913934E-06  1.061552E-05  1.358979E-05  2.462896E-06
 3.031500E+02  1.773442E-01  6.199973E-05  4.163199E-09  5.514597E-09  6.147768E-09  7.393541E-09  5.949336E-01  1.501203E-03  1.731259E-05  1.786129E-01  5.578360E-04  7.636557E-06  3.030848E-07  5.308960E-03  1.488764E-06  5.334882E-06  2.146173E-07  3.986900E-02  4.122957E-06  1.691134E-07  1.450609E-07  7.374305E-04  1.002657E-03  8.395251E-06  9.977930E-06  1.277793E-05  2.340096E-06
 3.041500E+02  1.776809E-01  6.136028E-05  4.031109E-09  5.341090E-09  5.954695E-09  7.163186E-09  5.950274E-01  1.473078E-03  1.624268E-05  1.789244E-01  5.492499E-04  7.205498E-06  2.950712E-07  5.211501E-03  1.410934E-06  5.069387E-06  2.060448E-07  3.929491E-02  3.933749E-06  1.634870E-07  1.401363E-07  7.251291E-04  9.859122E-04  7.909677E-06  9.382479E-06  1.201947E-05  2.224131E-06
 3.051500E+02  1.780109E-01  6.072972E-05  3.903911E-09  5.173961E-09  5.768707E-09  6.941225E-09  5.951188E-01  1.445682E-03  1.524572E-05  1.792299E-01  5.408331E-04  6.801028E-06  2.873089E-07  5.116423E-03  1.337658E-06  4.818776E-06  1.978660E-07  3.873169E-02  3.754234E-06  1.580778E-07  1.354052E-07  7.131052E-04  9.695467E-04  7.454930E-06  8.826151E-06  1.131062E-05  2.114587E-06
 3.061500E+02  1.783344E-01  6.010795E-05  3.781403E-09  5.012950E-09  5.589518E-09  6.727322E-09  5.952078E-01  1.418992E-03  1.431630E-05  1.795296E-01  5.325820E-04  6.421382E-06  2.797892E-07  5.023659E-03  1.268645E-06  4.582130E-06  1.900607E-07  3.817910E-02  3.583871E-06  1.528765E-07  1.308593E-07  7.013515E-04  9.535499E-04  7.028892E-06  8.306158E-06  1.064785E-05  2.011076E-06
 3.071500E+02  1.786515E-01  5.949488E-05  3.663394E-09  4.857810E-09  5.416851E-09  6.521151E-09  5.952946E-01  1.392985E-03  1.344945E-05  1.798234E-01  5.244932E-04  6.064919E-06  2.725038E-07  4.933142E-03  1.203623E-06  4.358592E-06  1.826101E-07  3.763694E-02  3.422152E-06  1.478743E-07  1.264904E-07  6.898608E-04  9.379123E-04  6.629603E-06  7.819926E-06  1.002790E-05  1.913232E-06
 3.081500E+02  1.789624E-01  5.889041E-05  3.549702E-09  4.708303E-09  5.250444E-09  6.322404E-09  5.953792E-01  1.367642E-03  1.264058E-05  1.801117E-01  5.165632E-04  5.730114E-06  2.654445E-07  4.844809E-03  1.142339E-06  4.147362E-06  1.754963E-07  3.710500E-02  3.268598E-06  1.430627E-07  1.222910E-07  6.786262E-04  9.226241E-04  6.255247E-06  7.365074E-06  9.447772E-06  1.820718E-06
 3.091500E+02  1.792673E-01  5.829444E-05  3.440152E-09  4.564203E-09  5.090045E-09  6.130783E-09  5.954617E-01  1.342940E-03  1.188547E-05  1.803944E-01  5.087885E-04  5.415550E-06  2.586036E-07  4.758597E-03  1.084555E-06  3.947693E-06  1.687022E-07  3.658307E-02  3.122759E-06  1.384337E-07  1.182538E-07  6.676410E-04  9.076762E-04  5.904138E-06  6.939405E-06  8.904690E-06  1.733214E-06
 3.101500E+02  1.795662E-01  5.770686E-05  3.334576E-09  4.425293E-09  4.935413E-09  5.946005E-09  5.955421E-01  1.318860E-03  1.118024E-05  1.806717E-01  5.011660E-04  5.119907E-06  2.519735E-07  4.674447E-03  1.030054E-06  3.758887E-06  1.622119E-07  3.607095E-02  2.984212E-06  1.339797E-07  1.143718E-07  6.568986E-04  8.930596E-04  5.574714E-06  6.540884E-06  8.396081E-06  1.650424E-06
 3.111500E+02  1.798592E-01  5.712758E-05  3.232813E-09  4.291364E-09  4.786318E-09  5.767799E-09  5.956206E-01  1.295382E-03  1.052130E-05  1.809437E-01  4.936922E-04  4.841957E-06  2.455471E-07  4.592300E-03  9.786296E-07  3.580291E-06  1.560103E-07  3.556843E-02  2.852558E-06  1.296932E-07  1.106384E-07  6.463926E-04  8.787656E-04  5.265523E-06  6.167631E-06  7.919567E-06  1.572070E-06
 3.121500E+02  1.801466E-01  5.655649E-05  3.134710E-09  4.162218E-09  4.642539E-09  5.595904E-09  5.956971E-01  1.272490E-03  9.905340E-06  1.812106E-01  4.863641E-04  4.580558E-06  2.393174E-07  4.512101E-03  9.300911E-07  3.411296E-06  1.500831E-07  3.507532E-02  2.727423E-06  1.255672E-07  1.070472E-07  6.361169E-04  8.647858E-04  4.975219E-06  5.817905E-06  7.472946E-06  1.497891E-06
 3.131500E+02  1.804284E-01  5.599349E-05  3.040122E-09  4.037664E-09  4.503865E-09  5.430070E-09  5.957718E-01  1.250163E-03  9.329303E-06  1.814723E-01  4.791784E-04  4.334647E-06  2.332775E-07  4.433794E-03  8.842604E-07  3.251332E-06  1.444166E-07  3.459144E-02  2.608452E-06  1.215951E-07  1.035924E-07  6.260655E-04  8.511120E-04  4.702552E-06  5.490092E-06  7.054177E-06  1.427642E-06
 3.141500E+02  1.807048E-01  5.543848E-05  2.948907E-09  3.917521E-09  4.370094E-09  5.270060E-09  5.958447E-01  1.228386E-03  8.790371E-06  1.817292E-01  4.721322E-04  4.103231E-06  2.274212E-07  4.357326E-03  8.409713E-07  3.099866E-06  1.389981E-07  3.411658E-02  2.495314E-06  1.177704E-07  1.002680E-07  6.162326E-04  8.377361E-04  4.446359E-06  5.182700E-06  6.661371E-06  1.361096E-06
 3.151500E+02  1.809758E-01  5.489135E-05  2.860930E-09  3.801614E-09  4.241031E-09  5.115646E-09  5.959158E-01  1.207142E-03  8.285938E-06  1.819811E-01  4.652225E-04  3.885388E-06  2.217421E-07  4.282647E-03  8.000687E-07  2.956399E-06  1.338156E-07  3.365056E-02  2.387696E-06  1.140871E-07  9.706862E-08  6.066125E-04  8.246505E-04  4.205561E-06  4.894344E-06  6.292775E-06  1.298037E-06
 3.161500E+02  1.812416E-01  5.435199E-05  2.776065E-09  3.689776E-09  4.116493E-09  4.966607E-09  5.959852E-01  1.186414E-03  7.813596E-06  1.822283E-01  4.584463E-04  3.680258E-06  2.162342E-07  4.209706E-03  7.614075E-07  2.820463E-06  1.288574E-07  3.319321E-02  2.285302E-06  1.105394E-07  9.398899E-08  5.971998E-04  8.118476E-04  3.979154E-06  4.623742E-06  5.946764E-06  1.238266E-06
 3.171500E+02  1.815023E-01  5.382032E-05  2.694187E-09  3.581847E-09  3.996301E-09  4.822736E-09  5.960529E-01  1.166188E-03  7.371118E-06  1.824709E-01  4.518007E-04  3.487038E-06  2.108918E-07  4.138457E-03  7.248526E-07  2.691621E-06  1.241127E-07  3.274435E-02  2.187854E-06  1.071215E-07  9.102413E-08  5.879891E-04  7.993202E-04  3.766204E-06  4.369704E-06  5.621832E-06  1.181594E-06
 3.181500E+02  1.817580E-01  5.329621E-05  2.615179E-09  3.477675E-09  3.880286E-09  4.683831E-09  5.961191E-01  1.146449E-03  6.956443E-06  1.827089E-01  4.452829E-04  3.304980E-06  2.057093E-07  4.068852E-03  6.902773E-07  2.569463E-06  1.195713E-07  3.230379E-02  2.095090E-06  1.038283E-07  8.816923E-08  5.789753E-04  7.870612E-04  3.565842E-06  4.131125E-06  5.316579E-06  1.127843E-06
 3.191500E+02  1.820088E-01  5.277958E-05  2.538927E-09  3.377112E-09  3.768284E-09  4.549699E-09  5.961837E-01  1.127181E-03  6.567664E-06  1.829425E-01  4.388903E-04  3.133386E-06  2.006812E-07  4.000845E-03  6.575636E-07  2.453606E-06  1.152234E-07  3.187137E-02  2.006763E-06  1.006547E-07  8.541975E-08  5.701534E-04  7.750637E-04  3.377261E-06  3.906980E-06  5.029705E-06  1.076850E-06
 3.201500E+02  1.822549E-01  5.227031E-05  2.465325E-09  3.280018E-09  3.660140E-09  4.420157E-09  5.962467E-01  1.108371E-03  6.203016E-06  1.831717E-01  4.326200E-04  2.971606E-06  1.958024E-07  3.934394E-03  6.266008E-07  2.343689E-06  1.110598E-07  3.144692E-02  1.922640E-06  9.759570E-08  8.277133E-08  5.615184E-04  7.633210E-04  3.199706E-06  3.696317E-06  4.760005E-06  1.028457E-06
 3.211500E+02  1.824963E-01  5.176830E-05  2.394269E-09  3.186260E-09  3.555705E-09  4.295028E-09  5.963084E-01  1.090007E-03  5.860862E-06  1.833966E-01  4.264695E-04  2.819031E-06  1.910680E-07  3.869456E-03  5.972856E-07  2.239374E-06  1.070717E-07  3.103028E-02  1.842501E-06  9.464676E-08  8.021980E-08  5.530657E-04  7.518267E-04  3.032478E-06  3.498253E-06  4.506356E-06  9.825183E-07
 3.221500E+02  1.827331E-01  5.127346E-05  2.325659E-09  3.095707E-09  3.454835E-09  4.174144E-09  5.963685E-01  1.072074E-03  5.539687E-06  1.836174E-01  4.204361E-04  2.675093E-06  1.864731E-07  3.805990E-03  5.695211E-07  2.140346E-06  1.032507E-07  3.062128E-02  1.766138E-06  9.180341E-08  7.776119E-08  5.447905E-04  7.405745E-04  2.874923E-06  3.311966E-06  4.267717E-06  9.388977E-07
 3.231500E+02  1.829654E-01  5.078568E-05  2.259401E-09  3.008236E-09  3.357394E-09  4.057341E-09  5.964273E-01  1.054560E-03  5.238084E-06  1.838341E-01  4.145174E-04  2.539264E-06  1.820130E-07  3.743955E-03  5.432167E-07  2.046306E-06  9.958915E-08  3.021977E-02  1.693356E-06  8.906140E-08  7.539171E-08  5.366886E-04  7.295581E-04  2.726432E-06  3.136691E-06  4.043117E-06  8.974658E-07
 3.241500E+02  1.831934E-01  5.030485E-05  2.195405E-09  2.923730E-09  3.263251E-09  3.944465E-09  5.964848E-01  1.037454E-03  4.954749E-06  1.840467E-01  4.087109E-04  2.411047E-06  1.776833E-07  3.683314E-03  5.182877E-07  1.956977E-06  9.607944E-08  2.982559E-02  1.623969E-06  8.641667E-08  7.310772E-08  5.287554E-04  7.187718E-04  2.586438E-06  2.971719E-06  3.831656E-06  8.581015E-07
 3.251500E+02  1.834171E-01  4.983089E-05  2.133582E-09  2.842075E-09  3.172278E-09  3.835366E-09  5.965410E-01  1.020743E-03  4.688472E-06  1.842555E-01  4.030142E-04  2.289979E-06  1.734796E-07  3.624029E-03  4.946544E-07  1.872095E-06  9.271454E-08  2.943859E-02  1.557804E-06  8.386535E-08  7.090576E-08  5.209868E-04  7.082097E-04  2.454411E-06  2.816388E-06  3.632493E-06  8.206910E-07
 3.261500E+02  1.836366E-01  4.936369E-05  2.073850E-09  2.763163E-09  3.084357E-09  3.729902E-09  5.965958E-01  1.004416E-03  4.438130E-06  1.844604E-01  3.974248E-04  2.175629E-06  1.693979E-07  3.566064E-03  4.722425E-07  1.791416E-06  8.948772E-08  2.905862E-02  1.494695E-06  8.140370E-08  6.878252E-08  5.133787E-04  6.978662E-04  2.329858E-06  2.670083E-06  3.444847E-06  7.851274E-07
 3.271500E+02  1.838520E-01  4.890315E-05  2.016129E-09  2.686889E-09  2.999370E-09  3.627936E-09  5.966495E-01  9.884624E-04  4.202679E-06  1.846616E-01  3.919406E-04  2.067591E-06  1.654341E-07  3.509382E-03  4.509820E-07  1.714708E-06  8.639261E-08  2.868554E-02  1.434487E-06  7.902819E-08  6.673482E-08  5.059271E-04  6.877358E-04  2.212317E-06  2.532230E-06  3.267990E-06  7.513098E-07
 3.281500E+02  1.840634E-01  4.844917E-05  1.960343E-09  2.613153E-09  2.917208E-09  3.529337E-09  5.967019E-01  9.728718E-04  3.981149E-06  1.848591E-01  3.865592E-04  1.965486E-06  1.615843E-07  3.453951E-03  4.308077E-07  1.641753E-06  8.342315E-08  2.831920E-02  1.377033E-06  7.673541E-08  6.475964E-08  4.986281E-04  6.778133E-04  2.101359E-06  2.402297E-06  3.101244E-06  7.191438E-07
 3.291500E+02  1.842709E-01  4.800166E-05  1.906417E-09  2.541861E-09  2.837764E-09  3.433978E-09  5.967532E-01  9.576338E-04  3.772639E-06  1.850529E-01  3.812785E-04  1.868962E-06  1.578448E-07  3.399737E-03  4.116579E-07  1.572348E-06  8.057361E-08  2.795946E-02  1.322193E-06  7.452211E-08  6.285407E-08  4.914779E-04  6.680936E-04  1.996580E-06  2.279786E-06  2.943977E-06  6.885400E-07
 3.301500E+02  1.844746E-01  4.756052E-05  1.854282E-09  2.472919E-09  2.760936E-09  3.341740E-09  5.968034E-01  9.427384E-04  3.576310E-06  1.852433E-01  3.760963E-04  1.777686E-06  1.542120E-07  3.346709E-03  3.934751E-07  1.506300E-06  7.783852E-08  2.760619E-02  1.269837E-06  7.238517E-08  6.101537E-08  4.844730E-04  6.585715E-04  1.897606E-06  2.164233E-06  2.795598E-06  6.594146E-07
 3.311500E+02  1.846745E-01  4.712565E-05  1.803870E-09  2.406241E-09  2.686626E-09  3.252505E-09  5.968524E-01  9.281763E-04  3.391384E-06  1.854303E-01  3.710104E-04  1.691348E-06  1.506825E-07  3.294834E-03  3.762051E-07  1.443428E-06  7.521270E-08  2.725926E-02  1.219840E-06  7.032162E-08  5.924086E-08  4.776097E-04  6.492423E-04  1.804086E-06  2.055206E-06  2.655559E-06  6.316887E-07
 3.321500E+02  1.848707E-01  4.669697E-05  1.755117E-09  2.341742E-09  2.614742E-09  3.166164E-09  5.969004E-01  9.139381E-04  3.217133E-06  1.856138E-01  3.660188E-04  1.609657E-06  1.472528E-07  3.244082E-03  3.597972E-07  1.383563E-06  7.269122E-08  2.691853E-02  1.172084E-06  6.832861E-08  5.752802E-08  4.708845E-04  6.401013E-04  1.715692E-06  1.952302E-06  2.523346E-06  6.052878E-07
 3.331500E+02  1.850633E-01  4.627438E-05  1.707961E-09  2.279341E-09  2.545192E-09  3.082609E-09  5.969473E-01  9.000149E-04  3.052883E-06  1.857941E-01  3.611195E-04  1.532341E-06  1.439199E-07  3.194425E-03  3.442037E-07  1.326544E-06  7.026941E-08  2.658388E-02  1.126459E-06  6.640340E-08  5.587443E-08  4.642942E-04  6.311437E-04  1.632117E-06  1.855144E-06  2.398480E-06  5.801418E-07
 3.341500E+02  1.852524E-01  4.585778E-05  1.662342E-09  2.218961E-09  2.477890E-09  3.001738E-09  5.969932E-01  8.863981E-04  2.898004E-06  1.859711E-01  3.563106E-04  1.459145E-06  1.406805E-07  3.145834E-03  3.293797E-07  1.272221E-06  6.794281E-08  2.625517E-02  1.082858E-06  6.454338E-08  5.427777E-08  4.578354E-04  6.223653E-04  1.553074E-06  1.763382E-06  2.280514E-06  5.561847E-07
 3.351500E+02  1.854381E-01  4.544708E-05  1.618203E-09  2.160526E-09  2.412755E-09  2.923453E-09  5.970381E-01  8.730793E-04  2.751908E-06  1.861449E-01  3.515900E-04  1.389831E-06  1.375316E-07  3.098280E-03  3.152830E-07  1.220450E-06  6.570720E-08  2.593230E-02  1.041184E-06  6.274605E-08  5.273581E-08  4.515049E-04  6.137615E-04  1.478294E-06  1.676685E-06  2.169030E-06  5.333542E-07
 3.361500E+02  1.856204E-01  4.504220E-05  1.575490E-09  2.103966E-09  2.349706E-09  2.847660E-09  5.970821E-01  8.600505E-04  2.614050E-06  1.863157E-01  3.469560E-04  1.324173E-06  1.344704E-07  3.051739E-03  3.018741E-07  1.171100E-06  6.355854E-08  2.561513E-02  1.001341E-06  6.100900E-08  5.124643E-08  4.452998E-04  6.053283E-04  1.407527E-06  1.594750E-06  2.063637E-06  5.115915E-07
 3.371500E+02  1.857994E-01  4.464305E-05  1.534150E-09  2.049213E-09  2.288668E-09  2.774269E-09  5.971251E-01  8.473038E-04  2.483920E-06  1.864834E-01  3.424066E-04  1.261961E-06  1.314941E-07  3.006182E-03  2.891157E-07  1.124043E-06  6.149302E-08  2.530355E-02  9.632397E-07  5.932994E-08  4.980760E-08  4.392169E-04  5.970615E-04  1.340536E-06  1.517288E-06  1.963970E-06  4.908412E-07
 3.381500E+02  1.859752E-01  4.424953E-05  1.494133E-09  1.996199E-09  2.229566E-09  2.703191E-09  5.971672E-01  8.348316E-04  2.361041E-06  1.866481E-01  3.379401E-04  1.202999E-06  1.286000E-07  2.961586E-03  2.769726E-07  1.079160E-06  5.950699E-08  2.499745E-02  9.267965E-07  5.770668E-08  4.841736E-08  4.332533E-04  5.889571E-04  1.277101E-06  1.444032E-06  1.869689E-06  4.710512E-07
 3.391500E+02  1.861478E-01  4.386156E-05  1.455390E-09  1.944862E-09  2.172332E-09  2.634345E-09  5.972084E-01  8.226265E-04  2.244971E-06  1.868100E-01  3.335547E-04  1.147100E-06  1.257854E-07  2.917926E-03  2.654120E-07  1.036339E-06  5.759699E-08  2.469671E-02  8.919311E-07  5.613709E-08  4.707386E-08  4.274062E-04  5.810112E-04  1.217017E-06  1.374731E-06  1.780474E-06  4.521721E-07
 3.401500E+02  1.863174E-01  4.347905E-05  1.417875E-09  1.895142E-09  2.116897E-09  2.567650E-09  5.972488E-01  8.106815E-04  2.135293E-06  1.869690E-01  3.292487E-04  1.094093E-06  1.230478E-07  2.875177E-03  2.544028E-07  9.954749E-07  5.575971E-08  2.440122E-02  8.585676E-07  5.461917E-08  4.577531E-08  4.216728E-04  5.732201E-04  1.160088E-06  1.309152E-06  1.696025E-06  4.341573E-07
 3.411500E+02  1.864839E-01  4.310192E-05  1.381544E-09  1.846981E-09  2.063197E-09  2.503028E-09  5.972883E-01  7.989897E-04  2.031622E-06  1.871251E-01  3.250204E-04  1.043812E-06  1.203849E-07  2.833317E-03  2.439156E-07  9.564670E-07  5.399202E-08  2.411088E-02  8.266342E-07  5.315097E-08  4.452000E-08  4.160505E-04  5.655800E-04  1.106133E-06  1.247074E-06  1.616064E-06  4.169628E-07
 3.421500E+02  1.866474E-01  4.273009E-05  1.346354E-09  1.800321E-09  2.011169E-09  2.440407E-09  5.973270E-01  7.875444E-04  1.933596E-06  1.872786E-01  3.208682E-04  9.961049E-07  1.177943E-07  2.792323E-03  2.339230E-07  9.192212E-07  5.229093E-08  2.382558E-02  7.960627E-07  5.173063E-08  4.330628E-08  4.105366E-04  5.580875E-04  1.054983E-06  1.188293E-06  1.540328E-06  4.005473E-07
 3.431500E+02  1.868081E-01  4.236348E-05  1.312264E-09  1.755111E-09  1.960755E-09  2.379715E-09  5.973648E-01  7.763391E-04  1.840876E-06  1.874294E-01  3.167905E-04  9.508281E-07  1.152737E-07  2.752174E-03  2.243990E-07  8.836486E-07  5.065359E-08  2.354522E-02  7.667886E-07  5.035638E-08  4.213259E-08  4.051286E-04  5.507390E-04  1.006477E-06  1.132616E-06  1.468572E-06  3.848713E-07
 3.441500E+02  1.869659E-01  4.200199E-05  1.279234E-09  1.711297E-09  1.911896E-09  2.320885E-09  5.974020E-01  7.653675E-04  1.753146E-06  1.875776E-01  3.127856E-04  9.078460E-07  1.128210E-07  2.712849E-03  2.153191E-07  8.496649E-07  4.907729E-08  2.326969E-02  7.387507E-07  4.902650E-08  4.099742E-08  3.998239E-04  5.435311E-04  9.604663E-07  1.079864E-06  1.400567E-06  3.698979E-07
 3.451500E+02  1.871209E-01  4.164555E-05  1.247227E-09  1.668831E-09  1.864538E-09  2.263850E-09  5.974383E-01  7.546236E-04  1.670112E-06  1.877232E-01  3.088522E-04  8.670315E-07  1.104340E-07  2.674326E-03  2.066602E-07  8.171908E-07  4.755943E-08  2.299890E-02  7.118908E-07  4.773936E-08  3.989933E-08  3.946202E-04  5.364606E-04  9.168092E-07  1.029867E-06  1.336096E-06  3.555921E-07
 3.461500E+02  1.872733E-01  4.129409E-05  1.216206E-09  1.627665E-09  1.818628E-09  2.208547E-09  5.974739E-01  7.441016E-04  1.591495E-06  1.878662E-01  3.049886E-04  8.282650E-07  1.081107E-07  2.636586E-03  1.984006E-07  7.861511E-07  4.609756E-08  2.273276E-02  6.861539E-07  4.649340E-08  3.883693E-08  3.895152E-04  5.295243E-04  8.753740E-07  9.824667E-07  1.274957E-06  3.419206E-07
 3.471500E+02  1.874229E-01  4.094752E-05  1.186137E-09  1.587754E-09  1.774114E-09  2.154916E-09  5.975088E-01  7.337955E-04  1.517039E-06  1.880069E-01  3.011934E-04  7.914342E-07  1.058491E-07  2.599609E-03  1.905197E-07  7.564748E-07  4.468932E-08  2.247116E-02  6.614876E-07  4.528710E-08  3.780891E-08  3.845065E-04  5.227190E-04  8.360365E-07  9.375156E-07  1.216962E-06  3.288522E-07
 3.481500E+02  1.875700E-01  4.060577E-05  1.156985E-09  1.549052E-09  1.730949E-09  2.102900E-09  5.975430E-01  7.237001E-04  1.446499E-06  1.881451E-01  2.974652E-04  7.564331E-07  1.036474E-07  2.563378E-03  1.829983E-07  7.280949E-07  4.333249E-08  2.221402E-02  6.378424E-07  4.411901E-08  3.681399E-08  3.795919E-04  5.160417E-04  7.986803E-07  8.948741E-07  1.161932E-06  3.163572E-07
 3.491500E+02  1.877145E-01  4.026875E-05  1.128719E-09  1.511519E-09  1.689084E-09  2.052441E-09  5.975765E-01  7.138098E-04  1.379648E-06  1.882809E-01  2.938025E-04  7.231624E-07  1.015036E-07  2.527873E-03  1.758179E-07  7.009478E-07  4.202491E-08  2.196125E-02  6.151711E-07  4.298775E-08  3.585094E-08  3.747693E-04  5.094895E-04  7.631956E-07  8.544118E-07  1.109699E-06  3.044076E-07
 3.501500E+02  1.878565E-01  3.993641E-05  1.101308E-09  1.475113E-09  1.648475E-09  2.003487E-09  5.976093E-01  7.041195E-04  1.316275E-06  1.884144E-01  2.902041E-04  6.915282E-07  9.941616E-08  2.493076E-03  1.689613E-07  6.749735E-07  4.076455E-08  2.171275E-02  5.934290E-07  4.189200E-08  3.491861E-08  3.700365E-04  5.030595E-04  7.294795E-07  8.160059E-07  1.060109E-06  2.929768E-07
 3.511500E+02  1.879960E-01  3.960865E-05  1.074722E-09  1.439796E-09  1.609079E-09  1.955985E-09  5.976415E-01  6.946241E-04  1.256180E-06  1.885457E-01  2.866686E-04  6.614425E-07  9.738321E-08  2.458970E-03  1.624122E-07  6.501150E-07  3.954947E-08  2.146845E-02  5.725736E-07  4.083046E-08  3.401586E-08  3.653915E-04  4.967489E-04  6.974352E-07  7.795415E-07  1.013013E-06  2.820397E-07
 3.521500E+02  1.881332E-01  3.928542E-05  1.048932E-09  1.405530E-09  1.570853E-09  1.909886E-09  5.976730E-01  6.853187E-04  1.199175E-06  1.886748E-01  2.831947E-04  6.328220E-07  9.540313E-08  2.425540E-03  1.561553E-07  6.263187E-07  3.837782E-08  2.122825E-02  5.525644E-07  3.980191E-08  3.314163E-08  3.608323E-04  4.905549E-04  6.669715E-07  7.449104E-07  9.682727E-07  2.715726E-07
 3.531500E+02  1.882680E-01  3.896663E-05  1.023911E-09  1.372278E-09  1.533758E-09  1.865142E-09  5.977040E-01  6.761986E-04  1.145086E-06  1.888016E-01  2.797810E-04  6.055886E-07  9.347433E-08  2.392767E-03  1.501759E-07  6.035334E-07  3.724781E-08  2.099208E-02  5.333632E-07  3.880518E-08  3.229487E-08  3.563570E-04  4.844750E-04  6.380026E-07  7.120110E-07  9.257588E-07  2.615527E-07
 3.541500E+02  1.884005E-01  3.865222E-05  9.996322E-10  1.340007E-09  1.497755E-09  1.821706E-09  5.977343E-01  6.672592E-04  1.093748E-06  1.889264E-01  2.764264E-04  5.796685E-07  9.159527E-08  2.360637E-03  1.444602E-07  5.817110E-07  3.615777E-08  2.075986E-02  5.149335E-07  3.783914E-08  3.147461E-08  3.519636E-04  4.785065E-04  6.104480E-07  6.807479E-07  8.853488E-07  2.519589E-07
 3.551500E+02  1.885308E-01  3.834212E-05  9.760704E-10  1.308682E-09  1.462806E-09  1.779536E-09  5.977640E-01  6.584959E-04  1.045005E-06  1.890490E-01  2.731297E-04  5.549923E-07  8.976445E-08  2.329134E-03  1.389954E-07  5.608057E-07  3.510608E-08  2.053150E-02  4.972406E-07  3.690269E-08  3.067988E-08  3.476503E-04  4.726469E-04  5.842316E-07  6.510315E-07  8.469280E-07  2.427709E-07
 3.561500E+02  1.886588E-01  3.803626E-05  9.532011E-10  1.278272E-09  1.428876E-09  1.738587E-09  5.977931E-01  6.499045E-04  9.987144E-07  1.891696E-01  2.698896E-04  5.314943E-07  8.798043E-08  2.298242E-03  1.337689E-07  5.407742E-07  3.409118E-08  2.030692E-02  4.802516E-07  3.599479E-08  2.990977E-08  3.434154E-04  4.668938E-04  5.592819E-07  6.227772E-07  8.103882E-07  2.339694E-07
 3.571500E+02  1.887847E-01  3.773458E-05  9.310006E-10  1.248746E-09  1.395931E-09  1.698819E-09  5.978217E-01  6.414807E-04  9.547387E-07  1.892882E-01  2.667050E-04  5.091129E-07  8.624181E-08  2.267948E-03  1.287693E-07  5.215754E-07  3.311162E-08  2.008606E-02  4.639351E-07  3.511444E-08  2.916340E-08  3.392570E-04  4.612448E-04  5.355315E-07  5.959057E-07  7.756278E-07  2.255364E-07
 3.581500E+02  1.889085E-01  3.743700E-05  9.094464E-10  1.220074E-09  1.363938E-09  1.660193E-09  5.978498E-01  6.332203E-04  9.129501E-07  1.894048E-01  2.635748E-04  4.877897E-07  8.454726E-08  2.238237E-03  1.239855E-07  5.031703E-07  3.216599E-08  1.986884E-02  4.482614E-07  3.426068E-08  2.843994E-08  3.351735E-04  4.556976E-04  5.129169E-07  5.703424E-07  7.425511E-07  2.174544E-07
 3.591500E+02  1.890302E-01  3.714346E-05  8.885167E-10  1.192227E-09  1.332864E-09  1.622670E-09  5.978773E-01  6.251196E-04  8.732285E-07  1.895195E-01  2.604978E-04  4.674698E-07  8.289547E-08  2.209096E-03  1.194070E-07  4.855221E-07  3.125293E-08  1.965519E-02  4.332020E-07  3.343258E-08  2.773857E-08  3.311632E-04  4.502498E-04  4.913783E-07  5.460169E-07  7.110681E-07  2.097073E-07
 3.601500E+02  1.891499E-01  3.685391E-05  8.681905E-10  1.165178E-09  1.302679E-09  1.586214E-09  5.979042E-01  6.171745E-04  8.354607E-07  1.896323E-01  2.574729E-04  4.481013E-07  8.128517E-08  2.180510E-03  1.150240E-07  4.685955E-07  3.037116E-08  1.944504E-02  4.187301E-07  3.262925E-08  2.705851E-08  3.272244E-04  4.448994E-04  4.708591E-07  5.228631E-07  6.810939E-07  2.022793E-07
 3.611500E+02  1.892676E-01  3.656826E-05  8.484475E-10  1.138900E-09  1.273354E-09  1.550790E-09  5.979307E-01  6.093813E-04  7.995406E-07  1.897433E-01  2.544992E-04  4.296351E-07  7.971515E-08  2.152468E-03  1.108272E-07  4.523575E-07  2.951946E-08  1.923831E-02  4.048198E-07  3.184984E-08  2.639903E-08  3.233557E-04  4.396442E-04  4.513063E-07  5.008186E-07  6.525485E-07  1.951559E-07
 3.621500E+02  1.893833E-01  3.628647E-05  8.292685E-10  1.113367E-09  1.244859E-09  1.516364E-09  5.979567E-01  6.017364E-04  7.653680E-07  1.898524E-01  2.515755E-04  4.120251E-07  7.818424E-08  2.124956E-03  1.068075E-07  4.367764E-07  2.869665E-08  1.903494E-02  3.914468E-07  3.109351E-08  2.575939E-08  3.195555E-04  4.344820E-04  4.326696E-07  4.798246E-07  6.253567E-07  1.883230E-07
 3.631500E+02  1.894972E-01  3.600847E-05  8.106347E-10  1.088556E-09  1.217169E-09  1.482902E-09  5.979822E-01  5.942362E-04  7.328490E-07  1.899598E-01  2.487009E-04  3.952276E-07  7.669129E-08  2.097961E-03  1.029568E-07  4.218222E-07  2.790161E-08  1.883487E-02  3.785877E-07  3.035949E-08  2.513892E-08  3.158222E-04  4.294108E-04  4.149017E-07  4.598259E-07  5.994474E-07  1.817674E-07
 3.641500E+02  1.896091E-01  3.573421E-05  7.925280E-10  1.064443E-09  1.190255E-09  1.450375E-09  5.980072E-01  5.868773E-04  7.018948E-07  1.900654E-01  2.458744E-04  3.792012E-07  7.523519E-08  2.071473E-03  9.926690E-08  4.074666E-07  2.713325E-08  1.863803E-02  3.662204E-07  2.964701E-08  2.453694E-08  3.121544E-04  4.244287E-04  3.979578E-07  4.407702E-07  5.747538E-07  1.754764E-07
 3.651500E+02  1.897192E-01  3.546361E-05  7.749311E-10  1.041004E-09  1.164094E-09  1.418750E-09  5.980317E-01  5.796563E-04  6.724222E-07  1.901694E-01  2.430949E-04  3.639070E-07  7.381490E-08  2.045478E-03  9.573038E-08  3.936824E-07  2.639056E-08  1.844435E-02  3.543238E-07  2.895533E-08  2.395282E-08  3.085508E-04  4.195337E-04  3.817958E-07  4.226084E-07  5.512127E-07  1.694380E-07
 3.661500E+02  1.898275E-01  3.519664E-05  7.578274E-10  1.018217E-09  1.138660E-09  1.388000E-09  5.980558E-01  5.725701E-04  6.443525E-07  1.902716E-01  2.403616E-04  3.493082E-07  7.242936E-08  2.019967E-03  9.234005E-08  3.804440E-07  2.567254E-08  1.825378E-02  3.428778E-07  2.828376E-08  2.338596E-08  3.050098E-04  4.147239E-04  3.663758E-07  4.052942E-07  5.287646E-07  1.636408E-07
 3.671500E+02  1.899341E-01  3.493322E-05  7.412007E-10  9.960624E-10  1.113929E-09  1.358095E-09  5.980795E-01  5.656154E-04  6.176118E-07  1.903722E-01  2.376735E-04  3.353699E-07  7.107759E-08  1.994927E-03  8.908912E-08  3.677271E-07  2.497825E-08  1.806625E-02  3.318631E-07  2.763162E-08  2.283575E-08  3.015302E-04  4.099975E-04  3.516602E-07  3.887836E-07  5.073532E-07  1.580741E-07
 3.681500E+02  1.900389E-01  3.467330E-05  7.250355E-10  9.745186E-10  1.089880E-09  1.329009E-09  5.981027E-01  5.587892E-04  5.921304E-07  1.904712E-01  2.350297E-04  3.220592E-07  6.975861E-08  1.970349E-03  8.597115E-08  3.555083E-07  2.430680E-08  1.788171E-02  3.212614E-07  2.699825E-08  2.230163E-08  2.981107E-04  4.053527E-04  3.376134E-07  3.730354E-07  4.869255E-07  1.527275E-07
 3.691500E+02  1.901421E-01  3.441683E-05  7.093169E-10  9.535662E-10  1.066491E-09  1.300715E-09  5.981255E-01  5.520884E-04  5.678424E-07  1.905686E-01  2.324294E-04  3.093449E-07  6.847150E-08  1.946220E-03  8.298002E-08  3.437656E-07  2.365732E-08  1.770010E-02  3.110554E-07  2.638303E-08  2.178305E-08  2.947499E-04  4.007877E-04  3.242019E-07  3.580106E-07  4.674315E-07  1.475913E-07
 3.701500E+02  1.902436E-01  3.416375E-05  6.940305E-10  9.331862E-10  1.043739E-09  1.273189E-09  5.981478E-01  5.455102E-04  5.446859E-07  1.906645E-01  2.298716E-04  2.971975E-07  6.721534E-08  1.922532E-03  8.010994E-08  3.324781E-07  2.302897E-08  1.752135E-02  3.012285E-07  2.578535E-08  2.127950E-08  2.914466E-04  3.963009E-04  3.113937E-07  3.436725E-07  4.488238E-07  1.426561E-07
 3.711500E+02  1.903434E-01  3.391401E-05  6.791624E-10  9.133604E-10  1.021605E-09  1.246406E-09  5.981698E-01  5.390518E-04  5.226023E-07  1.907588E-01  2.273556E-04  2.855891E-07  6.598927E-08  1.899275E-03  7.735538E-08  3.216258E-07  2.242097E-08  1.734543E-02  2.917647E-07  2.520463E-08  2.079047E-08  2.881996E-04  3.918905E-04  2.991590E-07  3.299862E-07  4.310578E-07  1.379131E-07
 3.721500E+02  1.904417E-01  3.366755E-05  6.646992E-10  8.940712E-10  1.000070E-09  1.220342E-09  5.981914E-01  5.327104E-04  5.015366E-07  1.908517E-01  2.248805E-04  2.744934E-07  6.479243E-08  1.876438E-03  7.471111E-08  3.111896E-07  2.183257E-08  1.717226E-02  2.826489E-07  2.464032E-08  2.031547E-08  2.850077E-04  3.875550E-04  2.874693E-07  3.169189E-07  4.140912E-07  1.333539E-07
 3.731500E+02  1.905384E-01  3.342433E-05  6.506282E-10  8.753015E-10  9.791133E-10  1.194975E-09  5.982126E-01  5.264834E-04  4.814367E-07  1.909431E-01  2.224455E-04  2.638853E-07  6.362400E-08  1.854012E-03  7.217216E-08  3.011517E-07  2.126302E-08  1.700181E-02  2.738668E-07  2.409187E-08  1.985403E-08  2.818697E-04  3.832928E-04  2.762977E-07  3.044395E-07  3.978840E-07  1.289705E-07
