#         T/K            c1          c2-1          c3-4          c3-5          c3-7          c3-9            m1          m2-1          m3-1            w1            w2          w3-1          w3-2          c1m1        c1m2-1        c1m2-7        c2m1-1        c1w1-2        c1w2-1        c2w1-1        c2w1-9        m1w1-1        m1w1-4        m1w2-1        m2w1-1        m2w1-3      c1m1w1-1
 2.731500E+02  1.699666E-01  9.211758E-05  1.321839E-08  1.734945E-08  1.930265E-08  2.301601E-08  6.396537E-01  3.315849E-03  1.855257E-04  1.237331E-01  5.062303E-04  2.106566E-05  2.955737E-07  1.096085E-02  1.080039E-05  3.543951E-05  9.580010E-07  4.887417E-02  1.099016E-05  4.064796E-07  3.569321E-07  1.030318E-03  1.402540E-03  3.589478E-05  6.718820E-05  8.509476E-05  1.045492E-05
 2.741500E+02  1.704945E-01  9.100105E-05  1.270875E-08  1.668619E-08  1.856610E-08  2.214474E-08  6.399029E-01  3.238293E-03  1.713803E-04  1.241747E-01  4.977732E-04  1.967826E-05  2.868369E-07  1.071400E-02  1.010464E-05  3.326391E-05  9.109865E-07  4.807023E-02  1.039559E-05  3.903469E-07  3.424702E-07  1.010157E-03  1.375009E-03  3.342354E-05  6.232566E-05  7.896771E-05  9.829639E-06
 2.751500E+02  1.710112E-01  8.989985E-05  1.222122E-08  1.605147E-08  1.786119E-08  2.131064E-08  6.401437E-01  3.163126E-03  1.584084E-04  1.246074E-01  4.894716E-04  1.838878E-05  2.783844E-07  1.047415E-02  9.458193E-06  3.123599E-05  8.665580E-07  4.728161E-02  9.836019E-06  3.749292E-07  3.286619E-07  9.904906E-04  1.348156E-03  3.113591E-05  5.784479E-05  7.331940E-05  9.245308E-06
 2.761500E+02  1.715168E-01  8.881391E-05  1.175477E-08  1.544398E-08  1.718647E-08  2.051198E-08  6.403765E-01  3.090261E-03  1.465054E-04  1.250313E-01  4.813234E-04  1.718990E-05  2.702068E-07  1.024108E-02  8.857272E-06  2.934485E-05  8.245603E-07  4.650808E-02  9.309267E-06  3.601927E-07  3.154754E-07  9.713058E-04  1.321965E-03  2.901736E-05  5.371350E-05  6.810973E-05  8.699044E-06
 2.771500E+02  1.720116E-01  8.774316E-05  1.130841E-08  1.486245E-08  1.654054E-08  1.974715E-08  6.406016E-01  3.019614E-03  1.355764E-04  1.254465E-01  4.733265E-04  1.607489E-05  2.622952E-07  1.001458E-02  8.298406E-06  2.758048E-05  7.848483E-07  4.574940E-02  8.813275E-06  3.461051E-07  3.028809E-07  9.525898E-04  1.296418E-03  2.705456E-05  4.990255E-05  6.330217E-05  8.188175E-06
 2.781500E+02  1.724959E-01  8.668752E-05  1.088121E-08  1.430569E-08  1.592206E-08  1.901461E-08  6.408194E-01  2.951106E-03  1.255359E-04  1.258534E-01  4.654789E-04  1.503754E-05  2.546409E-07  9.794440E-03  7.778405E-06  2.593364E-05  7.472860E-07  4.500532E-02  8.346127E-06  3.326356E-07  2.908496E-07  9.343299E-04  1.271497E-03  2.523529E-05  4.638532E-05  5.886344E-05  7.710232E-06
 2.791500E+02  1.729698E-01  8.564688E-05  1.047228E-08  1.377255E-08  1.532979E-08  1.831287E-08  6.410301E-01  2.884660E-03  1.163060E-04  1.262520E-01  4.577783E-04  1.407212E-05  2.472352E-07  9.580450E-03  7.294340E-06  2.439581E-05  7.117463E-07  4.427560E-02  7.906029E-06  3.197551E-07  2.793544E-07  9.165139E-04  1.247185E-03  2.354834E-05  4.313751E-05  5.476315E-05  7.262927E-06
 2.801500E+02  1.734336E-01  8.462115E-05  1.008077E-08  1.326197E-08  1.476252E-08  1.764054E-08  6.412340E-01  2.820203E-03  1.078163E-04  1.266426E-01  4.502226E-04  1.317333E-05  2.400701E-07  9.372418E-03  6.843518E-06  2.295915E-05  6.781101E-07  4.355998E-02  7.491305E-06  3.074358E-07  2.683698E-07  8.991301E-04  1.223465E-03  2.198345E-05  4.013697E-05  5.097361E-05  6.844140E-06
 2.811500E+02  1.738875E-01  8.361022E-05  9.705890E-09  1.277289E-08  1.421911E-08  1.699629E-08  6.414316E-01  2.757663E-03  1.000028E-04  1.270252E-01  4.428096E-04  1.233630E-05  2.331374E-07  9.170154E-03  6.423463E-06  2.161641E-05  6.462657E-07  4.285824E-02  7.100390E-06  2.956514E-07  2.578711E-07  8.821667E-04  1.200323E-03  2.053117E-05  3.736350E-05  4.746952E-05  6.451910E-06
 2.821500E+02  1.743317E-01  8.261397E-05  9.346862E-09  1.230433E-08  1.369847E-08  1.637884E-08  6.416229E-01  2.696972E-03  9.280750E-05  1.274001E-01  4.355370E-04  1.155653E-05  2.264295E-07  8.973477E-03  6.031895E-06  2.036089E-05  6.161086E-07  4.217013E-02  6.731820E-06  2.843767E-07  2.478351E-07  8.656126E-04  1.177741E-03  1.918285E-05  3.479862E-05  4.422777E-05  6.084418E-06
 2.831500E+02  1.747665E-01  8.163227E-05  9.002962E-09  1.185537E-08  1.319956E-08  1.578698E-08  6.418083E-01  2.638066E-03  8.617768E-05  1.277674E-01  4.284025E-04  1.082985E-05  2.199387E-07  8.782209E-03  5.666717E-06  1.918643E-05  5.875408E-07  4.149540E-02  6.384224E-06  2.735880E-07  2.382398E-07  8.494566E-04  1.155706E-03  1.793052E-05  3.242548E-05  4.122724E-05  5.739977E-06
 2.841500E+02  1.751920E-01  8.066499E-05  8.673494E-09  1.142512E-08  1.272139E-08  1.521955E-08  6.419880E-01  2.580882E-03  8.006540E-05  1.281273E-01  4.214040E-04  1.015243E-05  2.136579E-07  8.596180E-03  5.325995E-06  1.808733E-05  5.604703E-07  4.083381E-02  6.056322E-06  2.632626E-07  2.290643E-07  8.336882E-04  1.134201E-03  1.676687E-05  3.022868E-05  3.844863E-05  5.417026E-06
 2.851500E+02  1.756084E-01  7.971201E-05  8.357801E-09  1.101271E-08  1.226304E-08  1.467547E-08  6.421623E-01  2.525359E-03  7.442708E-05  1.284799E-01  4.145391E-04  9.520707E-06  2.075800E-07  8.415225E-03  5.007950E-06  1.705830E-05  5.348111E-07  4.018513E-02  5.746916E-06  2.533788E-07  2.202886E-07  8.182970E-04  1.113214E-03  1.568518E-05  2.819411E-05  3.587428E-05  5.114113E-06
 2.861500E+02  1.760160E-01  7.877318E-05  8.055253E-09  1.061735E-08  1.182359E-08  1.415367E-08  6.423313E-01  2.471440E-03  6.922305E-05  1.288254E-01  4.078056E-04  8.931411E-06  2.016981E-07  8.239185E-03  4.710941E-06  1.609446E-05  5.104823E-07  3.954911E-02  5.454885E-06  2.439162E-07  2.118937E-07  8.032727E-04  1.092729E-03  1.467927E-05  2.630890E-05  3.348803E-05  4.829892E-06
 2.871500E+02  1.764150E-01  7.784835E-05  7.765253E-09  1.023826E-08  1.140220E-08  1.365317E-08  6.424953E-01  2.419069E-03  6.441720E-05  1.291639E-01  4.012013E-04  8.381507E-06  1.960056E-07  8.067906E-03  4.433453E-06  1.519132E-05  4.874080E-07  3.892551E-02  5.179179E-06  2.348552E-07  2.038618E-07  7.886056E-04  1.072733E-03  1.374345E-05  2.456122E-05  3.127507E-05  4.563115E-06
 2.881500E+02  1.768055E-01  7.693738E-05  7.487233E-09  9.874715E-09  1.099807E-08  1.317302E-08  6.426545E-01  2.368193E-03  5.997663E-05  1.294956E-01  3.947238E-04  7.868189E-06  1.904962E-07  7.901240E-03  4.174089E-06  1.434469E-05  4.655172E-07  3.831411E-02  4.918816E-06  2.261773E-07  1.961758E-07  7.742860E-04  1.053214E-03  1.287248E-05  2.294029E-05  2.922185E-05  4.312622E-06
 2.891500E+02  1.771877E-01  7.604012E-05  7.220651E-09  9.526017E-09  1.061041E-08  1.271231E-08  6.428089E-01  2.318761E-03  5.587132E-05  1.298206E-01  3.883710E-04  7.388864E-06  1.851635E-07  7.739043E-03  3.931561E-06  1.355072E-05  4.447429E-07  3.771467E-02  4.672876E-06  2.178649E-07  1.888194E-07  7.603047E-04  1.034157E-03  1.206154E-05  2.143620E-05  2.731594E-05  4.077334E-06
 2.901500E+02  1.775619E-01  7.515641E-05  6.964990E-09  9.191500E-09  1.023849E-08  1.227017E-08  6.429589E-01  2.270723E-03  5.207394E-05  1.301390E-01  3.821406E-04  6.941132E-06  1.800017E-07  7.581176E-03  3.704679E-06  1.280580E-05  4.250225E-07  3.712697E-02  4.440499E-06  2.099012E-07  1.817772E-07  7.466526E-04  1.015551E-03  1.130620E-05  2.003987E-05  2.554595E-05  3.856251E-06
 2.911500E+02  1.779282E-01  7.428609E-05  6.719760E-09  8.870531E-09  9.881603E-09  1.184579E-08  6.431046E-01  2.224033E-03  4.855950E-05  1.304511E-01  3.760304E-04  6.522772E-06  1.750049E-07  7.427506E-03  3.492341E-06  1.210664E-05  4.062969E-07  3.655076E-02  4.220878E-06  2.022701E-07  1.750345E-07  7.333209E-04  9.973839E-04  1.060236E-05  1.874297E-05  2.390143E-05  3.648442E-06
 2.921500E+02  1.782868E-01  7.342901E-05  6.484495E-09  8.562508E-09  9.539092E-09  1.143838E-08  6.432461E-01  2.178643E-03  4.530520E-05  1.307569E-01  3.700381E-04  6.131726E-06  1.701676E-07  7.277903E-03  3.293530E-06  1.145016E-05  3.885109E-07  3.598584E-02  4.013256E-06  1.949566E-07  1.685775E-07  7.203010E-04  9.796431E-04  9.946254E-06  1.753788E-05  2.237277E-05  3.453041E-06
 2.931500E+02  1.786378E-01  7.258499E-05  6.258747E-09  8.266856E-09  9.210315E-09  1.104719E-08  6.433836E-01  2.134512E-03  4.229020E-05  1.310565E-01  3.641617E-04  5.766091E-06  1.654843E-07  7.132242E-03  3.107308E-06  1.083350E-05  3.716124E-07  3.543198E-02  3.816926E-06  1.879460E-07  1.623928E-07  7.075845E-04  9.623176E-04  9.334402E-06  1.641758E-05  2.095116E-05  3.269244E-06
 2.941500E+02  1.789814E-01  7.175388E-05  6.042094E-09  7.983029E-09  8.894666E-09  1.067152E-08  6.435172E-01  2.091597E-03  3.949546E-05  1.313502E-01  3.583990E-04  5.424102E-06  1.609497E-07  6.990402E-03  2.932803E-06  1.025401E-05  3.555524E-07  3.488895E-02  3.631224E-06  1.812247E-07  1.564680E-07  6.951635E-04  9.453962E-04  8.763596E-06  1.537563E-05  1.962852E-05  3.096302E-06
 2.951500E+02  1.793179E-01  7.093551E-05  5.834132E-09  7.710505E-09  8.591567E-09  1.031068E-08  6.436471E-01  2.049856E-03  3.690356E-05  1.316380E-01  3.527477E-04  5.104125E-06  1.565589E-07  6.852266E-03  2.769211E-06  9.709242E-06  3.402850E-07  3.435655E-02  3.455528E-06  1.747796E-07  1.507909E-07  6.830301E-04  9.288680E-04  8.230875E-06  1.440611E-05  1.839739E-05  2.933516E-06
 2.961500E+02  1.796473E-01  7.012972E-05  5.634476E-09  7.448787E-09  8.300467E-09  9.964035E-09  6.437734E-01  2.009252E-03  3.449855E-05  1.319200E-01  3.472059E-04  4.804645E-06  1.523070E-07  6.717721E-03  2.615786E-06  9.196911E-06  3.257669E-07  3.383455E-02  3.289254E-06  1.685982E-07  1.453503E-07  6.711765E-04  9.127226E-04  7.733507E-06  1.350359E-05  1.725094E-05  2.780239E-06
 2.971500E+02  1.799699E-01  6.933632E-05  5.442759E-09  7.197402E-09  8.020842E-09  9.630960E-09  6.438963E-01  1.969747E-03  3.226583E-05  1.321964E-01  3.417713E-04  4.524256E-06  1.481892E-07  6.586659E-03  2.471837E-06  8.714900E-06  3.119574E-07  3.332276E-02  3.131855E-06  1.626686E-07  1.401353E-07  6.595954E-04  8.969496E-04  7.268965E-06  1.266307E-05  1.618287E-05  2.635866E-06
 2.981500E+02  1.802857E-01  6.855517E-05  5.258632E-09  6.955898E-09  7.752191E-09  9.310869E-09  6.440158E-01  1.931305E-03  3.019202E-05  1.324673E-01  3.364419E-04  4.261655E-06  1.442009E-07  6.458973E-03  2.336725E-06  8.261237E-06  2.988182E-07  3.282096E-02  2.982817E-06  1.569796E-07  1.351356E-07  6.482795E-04  8.815392E-04  6.834918E-06  1.187993E-05  1.518738E-05  2.499833E-06
 2.991500E+02  1.805950E-01  6.778608E-05  5.081764E-09  6.723846E-09  7.494038E-09  9.003202E-09  6.441320E-01  1.893891E-03  2.826485E-05  1.327328E-01  3.312157E-04  4.015634E-06  1.403378E-07  6.334563E-03  2.209855E-06  7.834092E-06  2.863132E-07  3.232895E-02  2.841659E-06  1.515204E-07  1.303415E-07  6.372219E-04  8.664818E-04  6.429209E-06  1.114994E-05  1.425914E-05  2.371615E-06
 3.001500E+02  1.808978E-01  6.702889E-05  4.911836E-09  6.500835E-09  7.245927E-09  8.707423E-09  6.442452E-01  1.857472E-03  2.647309E-05  1.329930E-01  3.260907E-04  3.785071E-06  1.365957E-07  6.213328E-03  2.090678E-06  7.431763E-06  2.744085E-07  3.184653E-02  2.707929E-06  1.462807E-07  1.257435E-07  6.264157E-04  8.517679E-04  6.049845E-06  1.046920E-05  1.339323E-05  2.250722E-06
 3.011500E+02  1.811944E-01  6.628342E-05  4.748546E-09  6.286475E-09  7.007426E-09  8.423024E-09  6.443553E-01  1.822016E-03  2.480640E-05  1.332481E-01  3.210649E-04  3.568924E-06  1.329704E-07  6.095175E-03  1.978684E-06  7.052663E-06  2.630721E-07  3.137351E-02  2.581201E-06  1.412508E-07  1.213329E-07  6.158543E-04  8.373885E-04  5.694982E-06  9.834121E-06  1.258512E-05  2.136699E-06
 3.021500E+02  1.814849E-01  6.554952E-05  4.591607E-09  6.080393E-09  6.778120E-09  8.149518E-09  6.444625E-01  1.787492E-03  2.325531E-05  1.334981E-01  3.161362E-04  3.366227E-06  1.294579E-07  5.980011E-03  1.873397E-06  6.695319E-06  2.522738E-07  3.090968E-02  2.461079E-06  1.364214E-07  1.171013E-07  6.055312E-04  8.233347E-04  5.362913E-06  9.241379E-06  1.183064E-05  2.029118E-06
 3.031500E+02  1.817694E-01  6.482700E-05  4.440744E-09  5.882234E-09  6.557616E-09  7.886440E-09  6.445669E-01  1.753869E-03  2.181112E-05  1.337432E-01  3.113028E-04  3.176082E-06  1.260545E-07  5.867747E-03  1.774378E-06  6.358356E-06  2.419854E-07  3.045486E-02  2.347187E-06  1.317837E-07  1.130405E-07  5.954403E-04  8.095979E-04  5.052059E-06  8.687918E-06  1.112591E-05  1.927583E-06
 3.041500E+02  1.820480E-01  6.411570E-05  4.295695E-09  5.691657E-09  6.345536E-09  7.633348E-09  6.446685E-01  1.721120E-03  2.046582E-05  1.339834E-01  3.065628E-04  2.997653E-06  1.227564E-07  5.758297E-03  1.681217E-06  6.040496E-06  2.321799E-07  3.000887E-02  2.239174E-06  1.273293E-07  1.091429E-07  5.855754E-04  7.961698E-04  4.760956E-06  8.170921E-06  1.046740E-05  1.831722E-06
 3.051500E+02  1.823210E-01  6.341546E-05  4.156210E-09  5.508341E-09  6.141524E-09  7.389819E-09  6.447676E-01  1.689217E-03  1.921205E-05  1.342190E-01  3.019143E-04  2.830166E-06  1.195601E-07  5.651578E-03  1.593535E-06  5.740545E-06  2.228323E-07  2.957151E-02  2.136710E-06  1.230500E-07  1.054014E-07  5.759306E-04  7.830424E-04  4.488250E-06  7.687782E-06  9.851812E-06  1.741189E-06
 3.061500E+02  1.825883E-01  6.272611E-05  4.022052E-09  5.331976E-09  5.945236E-09  7.155450E-09  6.448640E-01  1.658133E-03  1.804306E-05  1.344499E-01  2.973554E-04  2.672899E-06  1.164622E-07  5.547509E-03  1.510977E-06  5.457393E-06  2.139187E-07  2.914262E-02  2.039483E-06  1.189383E-07  1.018089E-07  5.665002E-04  7.702076E-04  4.232686E-06  7.236098E-06  9.276112E-06  1.655660E-06
 3.071500E+02  1.828503E-01  6.204747E-05  3.892993E-09  5.162268E-09  5.756346E-09  6.929857E-09  6.449580E-01  1.627842E-03  1.695260E-05  1.346763E-01  2.928843E-04  2.525182E-06  1.134593E-07  5.446013E-03  1.433216E-06  5.190001E-06  2.054166E-07  2.872200E-02  1.947202E-06  1.149869E-07  9.835886E-08  5.572787E-04  7.576579E-04  3.993097E-06  6.813648E-06  8.737496E-06  1.574832E-06
 3.081500E+02  1.831069E-01  6.137939E-05  3.768817E-09  4.998936E-09  5.574542E-09  6.712671E-09  6.450496E-01  1.598320E-03  1.593493E-05  1.348982E-01  2.884993E-04  2.386390E-06  1.105483E-07  5.347014E-03  1.359945E-06  4.937403E-06  1.973049E-07  2.830949E-02  1.859594E-06  1.111889E-07  9.504501E-08  5.482605E-04  7.453858E-04  3.768406E-06  6.418380E-06  8.233371E-06  1.498422E-06
 3.091500E+02  1.833583E-01  6.072170E-05  3.649318E-09  4.841713E-09  5.399526E-09  6.503543E-09  6.451389E-01  1.569543E-03  1.498478E-05  1.351159E-01  2.841985E-04  2.255944E-06  1.077259E-07  5.250440E-03  1.290880E-06  4.698696E-06  1.895635E-07  2.790492E-02  1.776398E-06  1.075375E-07  9.186138E-08  5.394406E-04  7.333842E-04  3.557610E-06  6.048394E-06  7.761339E-06  1.426166E-06
 3.101500E+02  1.836046E-01  6.007423E-05  3.534297E-09  4.690342E-09  5.231016E-09  6.302137E-09  6.452260E-01  1.541488E-03  1.409726E-05  1.353293E-01  2.799804E-04  2.133303E-06  1.049894E-07  5.156219E-03  1.225754E-06  4.473037E-06  1.821737E-07  2.750812E-02  1.697374E-06  1.040265E-07  8.880226E-08  5.308136E-04  7.216460E-04  3.359779E-06  5.701936E-06  7.319181E-06  1.357817E-06
 3.111500E+02  1.838459E-01  5.943684E-05  3.423568E-09  4.544580E-09  5.068739E-09  6.108133E-09  6.453108E-01  1.514132E-03  1.326789E-05  1.355385E-01  2.758431E-04  2.017963E-06  1.023357E-07  5.064285E-03  1.164321E-06  4.259638E-06  1.751176E-07  2.711893E-02  1.622291E-06  1.006499E-07  8.586223E-08  5.223747E-04  7.101643E-04  3.174051E-06  5.377380E-06  6.904843E-06  1.293142E-06
 3.121500E+02  1.840824E-01  5.880934E-05  3.316950E-09  4.404193E-09  4.912438E-09  5.921227E-09  6.453936E-01  1.487455E-03  1.249251E-05  1.357437E-01  2.717849E-04  1.909457E-06  9.976214E-08  4.974570E-03  1.106351E-06  4.057764E-06  1.683783E-07  2.673718E-02  1.550936E-06  9.740196E-08  8.303612E-08  5.141191E-04  6.989327E-04  2.999623E-06  5.073223E-06  6.516422E-06  1.231926E-06
 3.131500E+02  1.843142E-01  5.819160E-05  3.214272E-09  4.268958E-09  4.761864E-09  5.741127E-09  6.454743E-01  1.461436E-03  1.176729E-05  1.359450E-01  2.678044E-04  1.807349E-06  9.726602E-08  4.887012E-03  1.051628E-06  3.866726E-06  1.619399E-07  2.636272E-02  1.483106E-06  9.427716E-08  8.031900E-08  5.060420E-04  6.879446E-04  2.835752E-06  4.788071E-06  6.152155E-06  1.173965E-06
 3.141500E+02  1.845413E-01  5.758345E-05  3.115371E-09  4.138663E-09  4.616783E-09  5.567553E-09  6.455531E-01  1.436055E-03  1.108870E-05  1.361423E-01  2.638998E-04  1.711230E-06  9.484475E-08  4.801548E-03  9.999533E-07  3.685882E-06  1.557875E-07  2.599539E-02  1.418610E-06  9.127031E-08  7.770619E-08  4.981389E-04  6.771939E-04  2.681744E-06  4.520632E-06  5.810408E-06  1.119069E-06
 3.151500E+02  1.847639E-01  5.698473E-05  3.020090E-09  4.013105E-09  4.476968E-09  5.400239E-09  6.456299E-01  1.411293E-03  1.045347E-05  1.363359E-01  2.600696E-04  1.620722E-06  9.249583E-08  4.718120E-03  9.511389E-07  3.514631E-06  1.499068E-07  2.563505E-02  1.357269E-06  8.837641E-08  7.519320E-08  4.904054E-04  6.666744E-04  2.536956E-06  4.269710E-06  5.489667E-06  1.067060E-06
 3.161500E+02  1.849821E-01  5.639530E-05  2.928280E-09  3.892091E-09  4.342205E-09  5.238932E-09  6.457049E-01  1.387131E-03  9.858577E-06  1.365258E-01  2.563123E-04  1.535471E-06  9.021688E-08  4.636668E-03  9.050106E-07  3.352408E-06  1.442843E-07  2.528154E-02  1.298913E-06  8.559072E-08  7.277576E-08  4.828371E-04  6.563802E-04  2.400789E-06  4.034195E-06  5.188526E-06  1.017772E-06
 3.171500E+02  1.851960E-01  5.581499E-05  2.839798E-09  3.775434E-09  4.212287E-09  5.083388E-09  6.457781E-01  1.363551E-03  9.301229E-06  1.367120E-01  2.526263E-04  1.455147E-06  8.800556E-08  4.557137E-03  8.614054E-07  3.198687E-06  1.389073E-07  2.493472E-02  1.243384E-06  8.290869E-08  7.044981E-08  4.754299E-04  6.463057E-04  2.272688E-06  3.813058E-06  4.905681E-06  9.710477E-07
 3.181500E+02  1.854056E-01  5.524366E-05  2.754510E-09  3.662958E-09  4.087019E-09  4.933375E-09  6.458495E-01  1.340537E-03  8.778840E-06  1.368947E-01  2.490101E-04  1.379444E-06  8.585963E-08  4.479473E-03  8.201712E-07  3.052975E-06  1.337639E-07  2.459444E-02  1.190530E-06  8.032602E-08  6.821147E-08  4.681797E-04  6.364452E-04  2.152132E-06  3.605343E-06  4.639921E-06  9.267405E-07
 3.191500E+02  1.856111E-01  5.468117E-05  2.672283E-09  3.554493E-09  3.966211E-09  4.788670E-09  6.459192E-01  1.318071E-03  8.289017E-06  1.370739E-01  2.454623E-04  1.308072E-06  8.377694E-08  4.403624E-03  7.811658E-07  2.914810E-06  1.288426E-07  2.426058E-02  1.140212E-06  7.783855E-08  6.605703E-08  4.610826E-04  6.267934E-04  2.038640E-06  3.410163E-06  4.390121E-06  8.847130E-07
 3.201500E+02  1.858126E-01  5.412735E-05  2.592995E-09  3.449879E-09  3.849686E-09  4.649061E-09  6.459873E-01  1.296137E-03  7.829542E-06  1.372497E-01  2.419815E-04  1.240765E-06  8.175540E-08  4.329538E-03  7.442562E-07  2.783758E-06  1.241327E-07  2.393298E-02  1.092294E-06  7.544235E-08  6.398297E-08  4.541347E-04  6.173450E-04  1.931762E-06  3.226693E-06  4.155237E-06  8.448360E-07
 3.211500E+02  1.860101E-01  5.358208E-05  2.516527E-09  3.348959E-09  3.737270E-09  4.514345E-09  6.460538E-01  1.274721E-03  7.398363E-06  1.374221E-01  2.385663E-04  1.177272E-06  7.979301E-08  4.257167E-03  7.093181E-07  2.659412E-06  1.196240E-07  2.361153E-02  1.046651E-06  7.313364E-08  6.198592E-08  4.473323E-04  6.080948E-04  1.831079E-06  3.054168E-06  3.934298E-06  8.069883E-07
 3.221500E+02  1.862038E-01  5.304521E-05  2.442765E-09  3.251588E-09  3.628800E-09  4.384328E-09  6.461187E-01  1.253806E-03  6.993576E-06  1.375914E-01  2.352152E-04  1.117358E-06  7.788782E-08  4.186463E-03  6.762352E-07  2.541393E-06  1.153068E-07  2.329608E-02  1.003164E-06  7.090884E-08  6.006265E-08  4.406717E-04  5.990380E-04  1.736201E-06  2.891876E-06  3.726400E-06  7.710561E-07
 3.231500E+02  1.863938E-01  5.251659E-05  2.371601E-09  3.157622E-09  3.524119E-09  4.258824E-09  6.461821E-01  1.233379E-03  6.613414E-06  1.377574E-01  2.319270E-04  1.060806E-06  7.603795E-08  4.117380E-03  6.448986E-07  2.429344E-06  1.111720E-07  2.298651E-02  9.617223E-07  6.876451E-08  5.821011E-08  4.341495E-04  5.901696E-04  1.646764E-06  2.739155E-06  3.530703E-06  7.369326E-07
 3.241500E+02  1.865800E-01  5.199609E-05  2.302931E-09  3.066928E-09  3.423077E-09  4.137656E-09  6.462440E-01  1.213426E-03  6.256241E-06  1.379203E-01  2.287003E-04  1.007411E-06  7.424162E-08  4.049873E-03  6.152064E-07  2.322928E-06  1.072108E-07  2.268270E-02  9.222185E-07  6.669737E-08  5.642537E-08  4.277621E-04  5.814850E-04  1.562428E-06  2.595390E-06  3.346427E-06  7.045173E-07
 3.251500E+02  1.867627E-01  5.148357E-05  2.236655E-09  2.979376E-09  3.325531E-09  4.020652E-09  6.463046E-01  1.193932E-03  5.920536E-06  1.380802E-01  2.255339E-04  9.569813E-07  7.249706E-08  3.983899E-03  5.870633E-07  2.221831E-06  1.034152E-07  2.238452E-02  8.845533E-07  6.470428E-08  5.470562E-08  4.215064E-04  5.729797E-04  1.482877E-06  2.460006E-06  3.172843E-06  6.737159E-07
 3.261500E+02  1.869418E-01  5.097889E-05  2.172680E-09  2.894842E-09  3.231342E-09  3.907651E-09  6.463637E-01  1.174885E-03  5.604887E-06  1.382371E-01  2.224264E-04  9.093393E-07  7.080260E-08  3.919416E-03  5.603797E-07  2.125758E-06  9.977720E-08  2.209185E-02  8.486323E-07  6.278224E-08  5.304821E-08  4.153789E-04  5.646492E-04  1.407816E-06  2.332471E-06  3.009273E-06  6.444397E-07
 3.271500E+02  1.871176E-01  5.048193E-05  2.110914E-09  2.813208E-09  3.140380E-09  3.798497E-09  6.464215E-01  1.156272E-03  5.307984E-06  1.383911E-01  2.193767E-04  8.643175E-07  6.915661E-08  3.856384E-03  5.350720E-07  2.034432E-06  9.628955E-08  2.180458E-02  8.143666E-07  6.092839E-08  5.145057E-08  4.093766E-04  5.564892E-04  1.336968E-06  2.212288E-06  2.855086E-06  6.166052E-07
 3.281500E+02  1.872899E-01  4.999255E-05  2.051270E-09  2.734361E-09  3.052519E-09  3.693041E-09  6.464780E-01  1.138082E-03  5.028607E-06  1.385422E-01  2.163835E-04  8.217596E-07  6.755753E-08  3.794762E-03  5.110616E-07  1.947591E-06  9.294521E-08  2.152259E-02  7.816719E-07  5.914001E-08  4.991027E-08  4.034964E-04  5.484955E-04  1.270076E-06  2.098994E-06  2.709695E-06  5.901341E-07
 3.291500E+02  1.874590E-01  4.951062E-05  1.993667E-09  2.658193E-09  2.967638E-09  3.591139E-09  6.465332E-01  1.120301E-03  4.765624E-06  1.386906E-01  2.134457E-04  7.815190E-07  6.600385E-08  3.734514E-03  4.882748E-07  1.864990E-06  8.973753E-08  2.124576E-02  7.504687E-07  5.741446E-08  4.842500E-08  3.977353E-04  5.406640E-04  1.206899E-06  1.992157E-06  2.572550E-06  5.649525E-07
 3.301500E+02  1.876249E-01  4.903601E-05  1.938023E-09  2.584599E-09  2.885623E-09  3.492656E-09  6.465872E-01  1.102919E-03  4.517981E-06  1.388362E-01  2.105620E-04  7.434587E-07  6.449411E-08  3.675602E-03  4.666426E-07  1.786399E-06  8.666021E-08  2.097400E-02  7.206820E-07  5.574925E-08  4.699251E-08  3.920905E-04  5.329908E-04  1.147212E-06  1.891374E-06  2.443139E-06  5.409910E-07
 3.311500E+02  1.877876E-01  4.856861E-05  1.884264E-09  2.513481E-09  2.806362E-09  3.397461E-09  6.466400E-01  1.085925E-03  4.284698E-06  1.389791E-01  2.077314E-04  7.074505E-07  6.302690E-08  3.617990E-03  4.461001E-07  1.711602E-06  8.370727E-08  2.070719E-02  6.922406E-07  5.414199E-08  4.561070E-08  3.865591E-04  5.254720E-04  1.090805E-06  1.796272E-06  2.320986E-06  5.181841E-07
 3.321500E+02  1.879472E-01  4.810828E-05  1.832316E-09  2.444744E-09  2.729751E-09  3.305427E-09  6.466917E-01  1.069308E-03  4.064861E-06  1.391194E-01  2.049527E-04  6.733740E-07  6.160085E-08  3.561643E-03  4.265864E-07  1.640394E-06  8.087302E-08  2.044523E-02  6.650774E-07  5.259039E-08  4.427752E-08  3.811383E-04  5.181039E-04  1.037481E-06  1.706498E-06  2.205645E-06  4.964703E-07
 3.331500E+02  1.881039E-01  4.765490E-05  1.782110E-09  2.378296E-09  2.655688E-09  3.216436E-09  6.467422E-01  1.053057E-03  3.857623E-06  1.392572E-01  2.022249E-04  6.411165E-07  6.021466E-08  3.506529E-03  4.080444E-07  1.572583E-06  7.815207E-08  2.018802E-02  6.391288E-07  5.109226E-08  4.299104E-08  3.758255E-04  5.108828E-04  9.870568E-07  1.621728E-06  2.096700E-06  4.757915E-07
 3.341500E+02  1.882577E-01  4.720836E-05  1.733579E-09  2.314050E-09  2.584076E-09  3.130372E-09  6.467915E-01  1.037163E-03  3.662189E-06  1.393925E-01  1.995469E-04  6.105724E-07  5.886706E-08  3.452613E-03  3.904203E-07  1.507988E-06  7.553929E-08  1.993545E-02  6.143347E-07  4.964551E-08  4.174941E-08  3.706181E-04  5.038052E-04  9.393594E-07  1.541654E-06  1.993763E-06  4.560932E-07
 3.351500E+02  1.884085E-01  4.676855E-05  1.686659E-09  2.251924E-09  2.514823E-09  3.047125E-09  6.468399E-01  1.021616E-03  3.477824E-06  1.395253E-01  1.969176E-04  5.816426E-07  5.755683E-08  3.399865E-03  3.736638E-07  1.446441E-06  7.302982E-08  1.968742E-02  5.906383E-07  4.824814E-08  4.055084E-08  3.655136E-04  4.968677E-04  8.942281E-07  1.465994E-06  1.896470E-06  4.373237E-07
 3.361500E+02  1.885566E-01  4.633533E-05  1.641289E-09  2.191836E-09  2.447839E-09  2.966590E-09  6.468871E-01  1.006407E-03  3.303838E-06  1.396557E-01  1.943360E-04  5.542343E-07  5.628278E-08  3.348255E-03  3.577273E-07  1.387779E-06  7.061902E-08  1.944385E-02  5.679857E-07  4.689822E-08  3.939364E-08  3.605095E-04  4.900668E-04  8.515120E-07  1.394479E-06  1.804482E-06  4.194346E-07
 3.371500E+02  1.887019E-01  4.590860E-05  1.597410E-09  2.133711E-09  2.383040E-09  2.888664E-09  6.469334E-01  9.915257E-04  3.139591E-06  1.397837E-01  1.918012E-04  5.282602E-07  5.504378E-08  3.297751E-03  3.425664E-07  1.331852E-06  6.830251E-08  1.920464E-02  5.463260E-07  4.559392E-08  3.827618E-08  3.556035E-04  4.833993E-04  8.110699E-07  1.326861E-06  1.717483E-06  4.023800E-07
 3.381500E+02  1.888446E-01  4.548825E-05  1.554967E-09  2.077474E-09  2.320343E-09  2.813252E-09  6.469786E-01  9.769642E-04  2.984483E-06  1.399095E-01  1.893121E-04  5.036387E-07  5.383872E-08  3.248326E-03  3.281390E-07  1.278518E-06  6.607610E-08  1.896969E-02  5.256108E-07  4.433349E-08  3.719692E-08  3.507931E-04  4.768622E-04  7.727693E-07  1.262908E-06  1.635176E-06  3.861167E-07
 3.391500E+02  1.889846E-01  4.507417E-05  1.513904E-09  2.023056E-09  2.259671E-09  2.740259E-09  6.470230E-01  9.627138E-04  2.837957E-06  1.400330E-01  1.868678E-04  4.802929E-07  5.266655E-08  3.199951E-03  3.144057E-07  1.227642E-06  6.393581E-08  1.873892E-02  5.057945E-07  4.311524E-08  3.615437E-08  3.460762E-04  4.704522E-04  7.364863E-07  1.202401E-06  1.557282E-06  3.706039E-07
 3.401500E+02  1.891220E-01  4.466625E-05  1.474172E-09  1.970389E-09  2.200948E-09  2.669598E-09  6.470663E-01  9.487662E-04  2.699491E-06  1.401543E-01  1.844674E-04  4.581507E-07  5.152622E-08  3.152599E-03  3.013293E-07  1.179098E-06  6.187787E-08  1.851224E-02  4.868338E-07  4.193757E-08  3.514710E-08  3.414506E-04  4.641663E-04  7.021045E-07  1.145137E-06  1.483542E-06  3.558033E-07
 3.411500E+02  1.892570E-01  4.426439E-05  1.435720E-09  1.919408E-09  2.144103E-09  2.601182E-09  6.471088E-01  9.351134E-04  2.568596E-06  1.402734E-01  1.821099E-04  4.371444E-07  5.041676E-08  3.106244E-03  2.888749E-07  1.132766E-06  5.989867E-08  1.828957E-02  4.686877E-07  4.079892E-08  3.417375E-08  3.369141E-04  4.580017E-04  6.695149E-07  1.090925E-06  1.413714E-06  3.416784E-07
 3.421500E+02  1.893895E-01  4.386847E-05  1.398501E-09  1.870051E-09  2.089065E-09  2.534928E-09  6.471503E-01  9.217477E-04  2.444819E-06  1.403905E-01  1.797945E-04  4.172105E-07  4.933720E-08  3.060861E-03  2.770095E-07  1.088534E-06  5.799479E-08  1.807081E-02  4.513172E-07  3.969783E-08  3.323302E-08  3.324645E-04  4.519555E-04  6.386152E-07  1.039587E-06  1.347568E-06  3.281950E-07
 3.431500E+02  1.895196E-01  4.347840E-05  1.362469E-09  1.822259E-09  2.035771E-09  2.470760E-09  6.471910E-01  9.086616E-04  2.327733E-06  1.405054E-01  1.775203E-04  3.982892E-07  4.828663E-08  3.016423E-03  2.657022E-07  1.046294E-06  5.616298E-08  1.785590E-02  4.346855E-07  3.863287E-08  3.232367E-08  3.281000E-04  4.460250E-04  6.093095E-07  9.909554E-07  1.284892E-06  3.153207E-07
 3.441500E+02  1.896473E-01  4.309408E-05  1.327581E-09  1.775974E-09  1.984154E-09  2.408600E-09  6.472309E-01  8.958479E-04  2.216941E-06  1.406184E-01  1.752864E-04  3.803243E-07  4.726413E-08  2.972908E-03  2.549236E-07  1.005947E-06  5.440013E-08  1.764474E-02  4.187577E-07  3.760269E-08  3.144449E-08  3.238185E-04  4.402074E-04  5.815075E-07  9.448731E-07  1.225486E-06  3.030248E-07
 3.451500E+02  1.897728E-01  4.271540E-05  1.293795E-09  1.731142E-09  1.934156E-09  2.348376E-09  6.472699E-01  8.832993E-04  2.112069E-06  1.407294E-01  1.730921E-04  3.632629E-07  4.626886E-08  2.930293E-03  2.446463E-07  9.673981E-07  5.270328E-08  1.743726E-02  4.035006E-07  3.660599E-08  3.059434E-08  3.196181E-04  4.345001E-04  5.551248E-07  9.011936E-07  1.169162E-06  2.912785E-07
 3.461500E+02  1.898960E-01  4.234228E-05  1.261071E-09  1.687709E-09  1.885717E-09  2.290020E-09  6.473081E-01  8.710092E-04  2.012771E-06  1.408384E-01  1.709364E-04  3.470554E-07  4.529998E-08  2.888553E-03  2.348442E-07  9.305566E-07  5.106962E-08  1.723339E-02  3.888828E-07  3.564152E-08  2.977213E-08  3.154969E-04  4.289005E-04  5.300819E-07  8.597792E-07  1.115745E-06  2.800543E-07
 3.471500E+02  1.900170E-01  4.197461E-05  1.229371E-09  1.645627E-09  1.838781E-09  2.233463E-09  6.473456E-01  8.589708E-04  1.918719E-06  1.409455E-01  1.688186E-04  3.316551E-07  4.435668E-08  2.847668E-03  2.254928E-07  8.953382E-07  4.949647E-08  1.703305E-02  3.748744E-07  3.470809E-08  2.897680E-08  3.114531E-04  4.234063E-04  5.063041E-07  8.205007E-07  1.065068E-06  2.693265E-07
 3.481500E+02  1.901358E-01  4.161230E-05  1.198657E-09  1.604846E-09  1.793294E-09  2.178642E-09  6.473823E-01  8.471778E-04  1.829609E-06  1.410508E-01  1.667378E-04  3.170180E-07  4.343818E-08  2.807615E-03  2.165689E-07  8.616625E-07  4.798128E-08  1.683617E-02  3.614471E-07  3.380454E-08  2.820734E-08  3.074850E-04  4.180149E-04  4.837214E-07  7.832370E-07  1.016979E-06  2.590705E-07
 3.491500E+02  1.902526E-01  4.125526E-05  1.168895E-09  1.565320E-09  1.749205E-09  2.125495E-09  6.474182E-01  8.356238E-04  1.745153E-06  1.411543E-01  1.646935E-04  3.031027E-07  4.254373E-08  2.768375E-03  2.080509E-07  8.294540E-07  4.652161E-08  1.664267E-02  3.485741E-07  3.292979E-08  2.746280E-08  3.035907E-04  4.127241E-04  4.622677E-07  7.478744E-07  9.713301E-07  2.492633E-07
 3.501500E+02  1.903673E-01  4.090340E-05  1.140049E-09  1.527003E-09  1.706464E-09  2.073964E-09  6.474534E-01  8.243029E-04  1.665085E-06  1.412559E-01  1.626847E-04  2.898702E-07  4.167260E-08  2.729926E-03  1.999180E-07  7.986407E-07  4.511515E-08  1.645249E-02  3.362297E-07  3.208278E-08  2.674225E-08  2.997687E-04  4.075314E-04  4.418811E-07  7.143061E-07  9.279863E-07  2.398829E-07
 3.511500E+02  1.904800E-01  4.055662E-05  1.112088E-09  1.489855E-09  1.665023E-09  2.023990E-09  6.474879E-01  8.132092E-04  1.589153E-06  1.413558E-01  1.607108E-04  2.772838E-07  4.082410E-08  2.692250E-03  1.921509E-07  7.691549E-07  4.375966E-08  1.626556E-02  3.243899E-07  3.126250E-08  2.604479E-08  2.960173E-04  4.024348E-04  4.225034E-07  6.824320E-07  8.868192E-07  2.309086E-07
 3.521500E+02  1.905907E-01  4.021486E-05  1.084979E-09  1.453832E-09  1.624837E-09  1.975520E-09  6.475218E-01  8.023370E-04  1.517122E-06  1.414541E-01  1.587710E-04  2.653091E-07  3.999753E-08  2.655327E-03  1.847310E-07  7.409323E-07  4.245305E-08  1.608181E-02  3.130314E-07  3.046797E-08  2.536959E-08  2.923348E-04  3.974319E-04  4.040795E-07  6.521578E-07  8.477082E-07  2.223208E-07
 3.531500E+02  1.906994E-01  3.987800E-05  1.058694E-09  1.418895E-09  1.585861E-09  1.928502E-09  6.475549E-01  7.916808E-04  1.448769E-06  1.415506E-01  1.568647E-04  2.539133E-07  3.919224E-08  2.619139E-03  1.776412E-07  7.139122E-07  4.119331E-08  1.590118E-02  3.021326E-07  2.969827E-08  2.471582E-08  2.887198E-04  3.925208E-04  3.865580E-07  6.233951E-07  8.105401E-07  2.141008E-07
 3.541500E+02  1.908063E-01  3.954598E-05  1.033203E-09  1.385008E-09  1.548053E-09  1.882884E-09  6.475874E-01  7.812351E-04  1.383889E-06  1.416455E-01  1.549911E-04  2.430658E-07  3.840760E-08  2.583668E-03  1.708649E-07  6.880370E-07  3.997850E-08  1.572360E-02  2.916726E-07  2.895250E-08  2.408270E-08  2.851707E-04  3.876993E-04  3.698902E-07  5.960607E-07  7.752086E-07  2.062312E-07
 3.551500E+02  1.909113E-01  3.921871E-05  1.008477E-09  1.352132E-09  1.511373E-09  1.838619E-09  6.476193E-01  7.709949E-04  1.322286E-06  1.417388E-01  1.531497E-04  2.327377E-07  3.764300E-08  2.548896E-03  1.643866E-07  6.632521E-07  3.880680E-08  1.554901E-02  2.816317E-07  2.822981E-08  2.346948E-08  2.816861E-04  3.829654E-04  3.540304E-07  5.700765E-07  7.416135E-07  1.986951E-07
 3.561500E+02  1.910145E-01  3.889611E-05  9.844915E-10  1.320234E-09  1.475782E-09  1.795659E-09  6.476505E-01  7.609550E-04  1.263777E-06  1.418305E-01  1.513397E-04  2.229017E-07  3.689783E-08  2.514807E-03  1.581917E-07  6.395058E-07  3.767646E-08  1.537735E-02  2.719910E-07  2.752936E-08  2.287544E-08  2.782644E-04  3.783172E-04  3.389354E-07  5.453688E-07  7.096606E-07  1.914768E-07
 3.571500E+02  1.911160E-01  3.857810E-05  9.612194E-10  1.289278E-09  1.441241E-09  1.753960E-09  6.476812E-01  7.511105E-04  1.208191E-06  1.419207E-01  1.495605E-04  2.135321E-07  3.617153E-08  2.481384E-03  1.522664E-07  6.167492E-07  3.658579E-08  1.520857E-02  2.627327E-07  2.685038E-08  2.229990E-08  2.749044E-04  3.737528E-04  3.245647E-07  5.218686E-07  6.792615E-07  1.845613E-07
 3.581500E+02  1.912157E-01  3.826460E-05  9.386365E-10  1.259234E-09  1.407716E-09  1.713479E-09  6.477112E-01  7.414567E-04  1.155366E-06  1.420094E-01  1.478114E-04  2.046045E-07  3.546353E-08  2.448610E-03  1.465973E-07  5.949359E-07  3.553322E-08  1.504260E-02  2.538398E-07  2.619210E-08  2.174218E-08  2.716047E-04  3.692702E-04  3.108800E-07  4.995108E-07  6.503326E-07  1.779344E-07
 3.591500E+02  1.913137E-01  3.795553E-05  9.167190E-10  1.230069E-09  1.375170E-09  1.674175E-09  6.477407E-01  7.319890E-04  1.105151E-06  1.420966E-01  1.460920E-04  1.960961E-07  3.477331E-08  2.416471E-03  1.411722E-07  5.740217E-07  3.451721E-08  1.487938E-02  2.452962E-07  2.555380E-08  2.120164E-08  2.683638E-04  3.648678E-04  2.978453E-07  4.782339E-07  6.227955E-07  1.715826E-07
 3.601500E+02  1.914100E-01  3.765083E-05  8.954441E-10  1.201754E-09  1.343572E-09  1.636008E-09  6.477696E-01  7.227027E-04  1.057403E-06  1.421823E-01  1.444016E-04  1.879852E-07  3.410034E-08  2.384951E-03  1.359793E-07  5.539651E-07  3.353631E-08  1.471887E-02  2.370865E-07  2.493476E-08  2.067769E-08  2.651806E-04  3.605437E-04  2.854264E-07  4.579804E-07  5.965761E-07  1.654932E-07
 3.611500E+02  1.915047E-01  3.735041E-05  8.747899E-10  1.174260E-09  1.312888E-09  1.598939E-09  6.477979E-01  7.135937E-04  1.011989E-06  1.422666E-01  1.427395E-04  1.802514E-07  3.344412E-08  2.354036E-03  1.310074E-07  5.347262E-07  3.258912E-08  1.456100E-02  2.291961E-07  2.433433E-08  2.016973E-08  2.620537E-04  3.562962E-04  2.735914E-07  4.386958E-07  5.716048E-07  1.596538E-07
 3.621500E+02  1.915978E-01  3.705420E-05  8.547353E-10  1.147559E-09  1.283089E-09  1.562931E-09  6.478257E-01  7.046576E-04  9.687812E-07  1.423496E-01  1.411053E-04  1.728755E-07  3.280416E-08  2.323711E-03  1.262460E-07  5.162676E-07  3.167432E-08  1.440573E-02  2.216110E-07  2.375185E-08  1.967719E-08  2.589820E-04  3.521236E-04  2.623099E-07  4.203290E-07  5.478159E-07  1.540532E-07
 3.631500E+02  1.916894E-01  3.676213E-05  8.352600E-10  1.121624E-09  1.254144E-09  1.527950E-09  6.478530E-01  6.958904E-04  9.276620E-07  1.424311E-01  1.394983E-04  1.658392E-07  3.218000E-08  2.293962E-03  1.216851E-07  4.985535E-07  3.079064E-08  1.425300E-02  2.143180E-07  2.318669E-08  1.919954E-08  2.559642E-04  3.480244E-04  2.515535E-07  4.028316E-07  5.251474E-07  1.486802E-07
 3.641500E+02  1.917794E-01  3.647413E-05  8.163445E-10  1.096431E-09  1.226024E-09  1.493960E-09  6.478798E-01  6.872880E-04  8.885193E-07  1.425114E-01  1.379181E-04  1.591253E-07  3.157117E-08  2.264776E-03  1.173151E-07  4.815502E-07  2.993685E-08  1.410277E-02  2.073044E-07  2.263828E-08  1.873626E-08  2.529992E-04  3.439968E-04  2.412950E-07  3.861583E-07  5.035411E-07  1.435246E-07
 3.651500E+02  1.918679E-01  3.619014E-05  7.979701E-10  1.071953E-09  1.198703E-09  1.460930E-09  6.479061E-01  6.788465E-04  8.512481E-07  1.425903E-01  1.363640E-04  1.527176E-07  3.097724E-08  2.236140E-03  1.131272E-07  4.652252E-07  2.911179E-08  1.395497E-02  2.005583E-07  2.210601E-08  1.828684E-08  2.500859E-04  3.400395E-04  2.315092E-07  3.702660E-07  4.829418E-07  1.385765E-07
 3.661500E+02  1.919549E-01  3.591008E-05  7.801186E-10  1.048168E-09  1.172153E-09  1.428827E-09  6.479319E-01  6.705621E-04  8.157491E-07  1.426679E-01  1.348357E-04  1.466007E-07  3.039777E-08  2.208040E-03  1.091128E-07  4.495482E-07  2.831436E-08  1.380957E-02  1.940681E-07  2.158936E-08  1.785080E-08  2.472230E-04  3.361508E-04  2.221720E-07  3.551142E-07  4.632976E-07  1.338264E-07
 3.671500E+02  1.920405E-01  3.563389E-05  7.627727E-10  1.025052E-09  1.146349E-09  1.397621E-09  6.479572E-01  6.624312E-04  7.819291E-07  1.427443E-01  1.333325E-04  1.407600E-07  2.983237E-08  2.180465E-03  1.052638E-07  4.344901E-07  2.754348E-08  1.366652E-02  1.878230E-07  2.108778E-08  1.742769E-08  2.444096E-04  3.323293E-04  2.132605E-07  3.406649E-07  4.445595E-07  1.292655E-07
 3.681500E+02  1.921247E-01  3.536151E-05  7.459157E-10  1.002584E-09  1.121268E-09  1.367283E-09  6.479820E-01  6.544503E-04  7.496999E-07  1.428194E-01  1.318539E-04  1.351818E-07  2.928062E-08  2.153402E-03  1.015725E-07  4.200232E-07  2.679815E-08  1.352577E-02  1.818125E-07  2.060077E-08  1.701705E-08  2.416445E-04  3.285735E-04  2.047535E-07  3.268819E-07  4.266811E-07  1.248854E-07
 3.691500E+02  1.922075E-01  3.509286E-05  7.295314E-10  9.807416E-10  1.096884E-09  1.337784E-09  6.480064E-01  6.466157E-04  7.189787E-07  1.428934E-01  1.303995E-04  1.298530E-07  2.874214E-08  2.126840E-03  9.803179E-08  4.061213E-07  2.607738E-08  1.338727E-02  1.760267E-07  2.012782E-08  1.661847E-08  2.389268E-04  3.248820E-04  1.966306E-07  3.137313E-07  4.096188E-07  1.206779E-07
 3.701500E+02  1.922890E-01  3.482790E-05  7.136044E-10  9.595052E-10  1.073176E-09  1.309097E-09  6.480304E-01  6.389242E-04  6.896871E-07  1.429661E-01  1.289688E-04  1.247615E-07  2.821655E-08  2.100766E-03  9.463463E-08  3.927595E-07  2.538025E-08  1.325099E-02  1.704562E-07  1.966848E-08  1.623152E-08  2.362555E-04  3.212536E-04  1.888726E-07  3.011808E-07  3.933312E-07  1.166354E-07
 3.711500E+02  1.923691E-01  3.456655E-05  6.981197E-10  9.388549E-10  1.050121E-09  1.281197E-09  6.480539E-01  6.313724E-04  6.617515E-07  1.430377E-01  1.275614E-04  1.198955E-07  2.770350E-08  2.075171E-03  9.137449E-08  3.799140E-07  2.470585E-08  1.311687E-02  1.650919E-07  1.922228E-08  1.585583E-08  2.336295E-04  3.176868E-04  1.814614E-07  2.892002E-07  3.777794E-07  1.127507E-07
 3.721500E+02  1.924479E-01  3.430875E-05  6.830629E-10  9.187717E-10  1.027699E-09  1.254057E-09  6.480769E-01  6.239572E-04  6.351020E-07  1.431081E-01  1.261767E-04  1.152441E-07  2.720263E-08  2.050042E-03  8.824516E-08  3.675622E-07  2.405334E-08  1.298488E-02  1.599252E-07  1.878879E-08  1.549100E-08  2.310479E-04  3.141803E-04  1.743798E-07  2.777607E-07  3.629265E-07  1.090168E-07
 3.731500E+02  1.925255E-01  3.405446E-05  6.684202E-10  8.992375E-10  1.005888E-09  1.227653E-09  6.480996E-01  6.166755E-04  6.096730E-07  1.431775E-01  1.248144E-04  1.107967E-07  2.671360E-08  2.025369E-03  8.524073E-08  3.556827E-07  2.342189E-08  1.285498E-02  1.549480E-07  1.836759E-08  1.513666E-08  2.285098E-04  3.107329E-04  1.676116E-07  2.668353E-07  3.487377E-07  1.054271E-07
