#         T/K            w1            w2          w3-1          w3-2          w4-1          w4-2          w5-2          w5-6          w5-7          w6-1          w6-2          w6-4          w6-5          w6-7          w6-8         w6-10
 2.731500E+02  2.198666E-04  8.156746E-05  3.077793E-04  4.318472E-06  1.264575E-02  1.474079E-02  1.437553E-02  5.413481E-05  9.175569E-05  2.178049E-01  2.963862E-01  2.183704E-01  5.783752E-04  8.767706E-03  8.797420E-03  2.067734E-01
 2.741500E+02  2.292217E-04  8.655948E-05  3.223521E-04  4.698712E-06  1.286497E-02  1.510682E-02  1.457705E-02  5.687349E-05  9.625757E-05  2.161671E-01  2.939267E-01  2.187335E-01  5.874867E-04  8.861807E-03  8.891543E-03  2.094871E-01
 2.751500E+02  2.389003E-04  9.181587E-05  3.374897E-04  5.109195E-06  1.308556E-02  1.547829E-02  1.477881E-02  5.972561E-05  1.009399E-04  2.145335E-01  2.914791E-01  2.190746E-01  5.966224E-04  8.955526E-03  8.985278E-03  2.121987E-01
 2.761500E+02  2.489108E-04  9.734831E-05  3.532085E-04  5.552059E-06  1.330747E-02  1.585521E-02  1.498079E-02  6.269470E-05  1.058079E-04  2.129042E-01  2.890438E-01  2.193940E-01  6.057804E-04  9.048844E-03  9.078608E-03  2.149078E-01
 2.771500E+02  2.592616E-04  1.031689E-04  3.695253E-04  6.029572E-06  1.353067E-02  1.623757E-02  1.518294E-02  6.578434E-05  1.108673E-04  2.112796E-01  2.866208E-01  2.196919E-01  6.149588E-04  9.141746E-03  9.171517E-03  2.176137E-01
 2.781500E+02  2.699615E-04  1.092901E-04  3.864572E-04  6.544141E-06  1.375514E-02  1.662537E-02  1.538524E-02  6.899819E-05  1.161235E-04  2.096597E-01  2.842104E-01  2.199685E-01  6.241557E-04  9.234214E-03  9.263988E-03  2.203159E-01
 2.791500E+02  2.810190E-04  1.157248E-04  4.040215E-04  7.098316E-06  1.398085E-02  1.701862E-02  1.558764E-02  7.233996E-05  1.215822E-04  2.080449E-01  2.818128E-01  2.202239E-01  6.333694E-04  9.326234E-03  9.356005E-03  2.230140E-01
 2.801500E+02  2.924431E-04  1.224864E-04  4.222357E-04  7.694802E-06  1.420776E-02  1.741729E-02  1.579011E-02  7.581343E-05  1.272493E-04  2.064353E-01  2.794280E-01  2.204584E-01  6.425978E-04  9.417789E-03  9.447553E-03  2.257074E-01
 2.811500E+02  3.042429E-04  1.295887E-04  4.411180E-04  8.336462E-06  1.443584E-02  1.782139E-02  1.599262E-02  7.942244E-05  1.331305E-04  2.048311E-01  2.770563E-01  2.206721E-01  6.518393E-04  9.508865E-03  9.538617E-03  2.283955E-01
 2.821500E+02  3.164274E-04  1.370460E-04  4.606864E-04  9.026326E-06  1.466507E-02  1.823091E-02  1.619514E-02  8.317090E-05  1.392318E-04  2.032325E-01  2.746977E-01  2.208654E-01  6.610919E-04  9.599447E-03  9.629182E-03  2.310779E-01
 2.831500E+02  3.290059E-04  1.448728E-04  4.809596E-04  9.767600E-06  1.489540E-02  1.864584E-02  1.639762E-02  8.706278E-05  1.455592E-04  2.016398E-01  2.723526E-01  2.210384E-01  6.703539E-04  9.689519E-03  9.719233E-03  2.337541E-01
 2.841500E+02  3.419878E-04  1.530845E-04  5.019563E-04  1.056368E-05  1.512682E-02  1.906616E-02  1.660003E-02  9.110210E-05  1.521189E-04  2.000530E-01  2.700209E-01  2.211913E-01  6.796234E-04  9.779069E-03  9.808757E-03  2.364235E-01
 2.851500E+02  3.553827E-04  1.616966E-04  5.236955E-04  1.141813E-05  1.535928E-02  1.949188E-02  1.680235E-02  9.529296E-05  1.589171E-04  1.984724E-01  2.677028E-01  2.213243E-01  6.888986E-04  9.868081E-03  9.897739E-03  2.390858E-01
 2.861500E+02  3.692002E-04  1.707253E-04  5.461967E-04  1.233476E-05  1.559277E-02  1.992297E-02  1.700454E-02  9.963951E-05  1.659601E-04  1.968982E-01  2.653985E-01  2.214378E-01  6.981778E-04  9.956544E-03  9.986168E-03  2.417404E-01
 2.871500E+02  3.834501E-04  1.801873E-04  5.694796E-04  1.331756E-05  1.582724E-02  2.035941E-02  1.720656E-02  1.041460E-04  1.732542E-04  1.953304E-01  2.631080E-01  2.215318E-01  7.074592E-04  1.004444E-02  1.007403E-02  2.443868E-01
 2.881500E+02  3.981423E-04  1.900997E-04  5.935640E-04  1.437074E-05  1.606266E-02  2.080121E-02  1.740838E-02  1.088166E-04  1.808060E-04  1.937693E-01  2.608315E-01  2.216067E-01  7.167410E-04  1.013177E-02  1.016131E-02  2.470246E-01
 2.891500E+02  4.132869E-04  2.004802E-04  6.184702E-04  1.549875E-05  1.629901E-02  2.124833E-02  1.760998E-02  1.136557E-04  1.886221E-04  1.922150E-01  2.585690E-01  2.216627E-01  7.260215E-04  1.021850E-02  1.024800E-02  2.496534E-01
 2.901500E+02  4.288942E-04  2.113469E-04  6.442188E-04  1.670628E-05  1.653626E-02  2.170077E-02  1.781132E-02  1.186677E-04  1.967089E-04  1.906677E-01  2.563208E-01  2.217001E-01  7.352990E-04  1.030464E-02  1.033408E-02  2.522726E-01
 2.911500E+02  4.449743E-04  2.227188E-04  6.708305E-04  1.799828E-05  1.677437E-02  2.215850E-02  1.801237E-02  1.238571E-04  2.050734E-04  1.891274E-01  2.540868E-01  2.217190E-01  7.445718E-04  1.039016E-02  1.041955E-02  2.548819E-01
 2.921500E+02  4.615378E-04  2.346150E-04  6.983264E-04  1.937995E-05  1.701331E-02  2.262151E-02  1.821309E-02  1.292283E-04  2.137223E-04  1.875944E-01  2.518671E-01  2.217197E-01  7.538381E-04  1.047506E-02  1.050439E-02  2.574808E-01
 2.931500E+02  4.785952E-04  2.470554E-04  7.267279E-04  2.085677E-05  1.725305E-02  2.308977E-02  1.841347E-02  1.347860E-04  2.226625E-04  1.860687E-01  2.496619E-01  2.217024E-01  7.630964E-04  1.055933E-02  1.058859E-02  2.600689E-01
 2.941500E+02  4.961573E-04  2.600605E-04  7.560566E-04  2.243451E-05  1.749357E-02  2.356326E-02  1.861347E-02  1.405346E-04  2.319010E-04  1.845506E-01  2.474712E-01  2.216675E-01  7.723450E-04  1.064295E-02  1.067214E-02  2.626458E-01
 2.951500E+02  5.142349E-04  2.736512E-04  7.863344E-04  2.411925E-05  1.773482E-02  2.404197E-02  1.881306E-02  1.464790E-04  2.414448E-04  1.830400E-01  2.452951E-01  2.216151E-01  7.815822E-04  1.072592E-02  1.075504E-02  2.652111E-01
 2.961500E+02  5.328390E-04  2.878493E-04  8.175835E-04  2.591735E-05  1.797679E-02  2.452586E-02  1.901221E-02  1.526238E-04  2.513010E-04  1.815372E-01  2.431337E-01  2.215455E-01  7.908064E-04  1.080822E-02  1.083726E-02  2.677644E-01
 2.971500E+02  5.519807E-04  3.026769E-04  8.498264E-04  2.783553E-05  1.821944E-02  2.501492E-02  1.921090E-02  1.589738E-04  2.614769E-04  1.800422E-01  2.409869E-01  2.214589E-01  8.000161E-04  1.088984E-02  1.091881E-02  2.703053E-01
 2.981500E+02  5.716713E-04  3.181569E-04  8.830858E-04  2.988083E-05  1.846273E-02  2.550911E-02  1.940910E-02  1.655338E-04  2.719797E-04  1.785551E-01  2.388550E-01  2.213557E-01  8.092096E-04  1.097079E-02  1.099967E-02  2.728334E-01
 2.991500E+02  5.919220E-04  3.343127E-04  9.173848E-04  3.206064E-05  1.870665E-02  2.600841E-02  1.960677E-02  1.723088E-04  2.828169E-04  1.770761E-01  2.367378E-01  2.212359E-01  8.183854E-04  1.105104E-02  1.107983E-02  2.753483E-01
 3.001500E+02  6.127445E-04  3.511684E-04  9.527465E-04  3.438273E-05  1.895116E-02  2.651280E-02  1.980390E-02  1.793036E-04  2.939957E-04  1.756052E-01  2.346354E-01  2.211000E-01  8.275420E-04  1.113058E-02  1.115929E-02  2.778497E-01
 3.011500E+02  6.341504E-04  3.687488E-04  9.891946E-04  3.685524E-05  1.919623E-02  2.702225E-02  2.000046E-02  1.865233E-04  3.055238E-04  1.741425E-01  2.325480E-01  2.209481E-01  8.366778E-04  1.120942E-02  1.123803E-02  2.803373E-01
 3.021500E+02  6.561514E-04  3.870793E-04  1.026753E-03  3.948672E-05  1.944184E-02  2.753672E-02  2.019641E-02  1.939728E-04  3.174087E-04  1.726881E-01  2.304755E-01  2.207805E-01  8.457915E-04  1.128754E-02  1.131606E-02  2.828107E-01
 3.031500E+02  6.787594E-04  4.061859E-04  1.065445E-03  4.228611E-05  1.968795E-02  2.805619E-02  2.039175E-02  2.016573E-04  3.296580E-04  1.712422E-01  2.284179E-01  2.205974E-01  8.548814E-04  1.136494E-02  1.139335E-02  2.852695E-01
 3.041500E+02  7.019865E-04  4.260955E-04  1.105296E-03  4.526281E-05  1.993453E-02  2.858062E-02  2.058643E-02  2.095819E-04  3.422794E-04  1.698046E-01  2.263753E-01  2.203991E-01  8.639461E-04  1.144160E-02  1.146991E-02  2.877134E-01
 3.051500E+02  7.258449E-04  4.468353E-04  1.146330E-03  4.842663E-05  2.018156E-02  2.910999E-02  2.078044E-02  2.177517E-04  3.552806E-04  1.683757E-01  2.243477E-01  2.201859E-01  8.729843E-04  1.151752E-02  1.154572E-02  2.901421E-01
 3.061500E+02  7.503468E-04  4.684337E-04  1.188572E-03  5.178787E-05  2.042900E-02  2.964426E-02  2.097376E-02  2.261720E-04  3.686696E-04  1.669553E-01  2.223351E-01  2.199579E-01  8.819944E-04  1.159270E-02  1.162078E-02  2.925553E-01
 3.071500E+02  7.755047E-04  4.909193E-04  1.232047E-03  5.535730E-05  2.067684E-02  3.018341E-02  2.116635E-02  2.348479E-04  3.824542E-04  1.655436E-01  2.203374E-01  2.197155E-01  8.909752E-04  1.166712E-02  1.169509E-02  2.949526E-01
 3.081500E+02  8.013312E-04  5.143219E-04  1.276781E-03  5.914618E-05  2.092504E-02  3.072739E-02  2.135820E-02  2.437849E-04  3.966422E-04  1.641406E-01  2.183548E-01  2.194588E-01  8.999252E-04  1.174078E-02  1.176863E-02  2.973338E-01
 3.091500E+02  8.278388E-04  5.386717E-04  1.322798E-03  6.316631E-05  2.117357E-02  3.127617E-02  2.154929E-02  2.529882E-04  4.112419E-04  1.627463E-01  2.163872E-01  2.191882E-01  9.088431E-04  1.181367E-02  1.184140E-02  2.996986E-01
 3.101500E+02  8.550406E-04  5.639998E-04  1.370125E-03  6.742999E-05  2.142240E-02  3.182972E-02  2.173958E-02  2.624633E-04  4.262611E-04  1.613609E-01  2.144347E-01  2.189038E-01  9.177275E-04  1.188580E-02  1.191340E-02  3.020466E-01
 3.111500E+02  8.829494E-04  5.903380E-04  1.418788E-03  7.195010E-05  2.167152E-02  3.238799E-02  2.192907E-02  2.722154E-04  4.417080E-04  1.599844E-01  2.124971E-01  2.186060E-01  9.265773E-04  1.195714E-02  1.198462E-02  3.043777E-01
 3.121500E+02  9.115784E-04  6.177188E-04  1.468813E-03  7.674010E-05  2.192088E-02  3.295097E-02  2.211772E-02  2.822502E-04  4.575908E-04  1.586168E-01  2.105745E-01  2.182948E-01  9.353910E-04  1.202770E-02  1.205505E-02  3.066915E-01
 3.131500E+02  9.409407E-04  6.461756E-04  1.520227E-03  8.181402E-05  2.217047E-02  3.351859E-02  2.230553E-02  2.925730E-04  4.739176E-04  1.572581E-01  2.086668E-01  2.179707E-01  9.441674E-04  1.209748E-02  1.212470E-02  3.089878E-01
 3.141500E+02  9.710498E-04  6.757426E-04  1.573057E-03  8.718652E-05  2.242026E-02  3.409084E-02  2.249246E-02  3.031893E-04  4.906968E-04  1.559084E-01  2.067741E-01  2.176338E-01  9.529053E-04  1.216646E-02  1.219354E-02  3.112663E-01
 3.151500E+02  1.001919E-03  7.064547E-04  1.627329E-03  9.287290E-05  2.267022E-02  3.466767E-02  2.267850E-02  3.141048E-04  5.079366E-04  1.545677E-01  2.048963E-01  2.172843E-01  9.616035E-04  1.223465E-02  1.226159E-02  3.135268E-01
 3.161500E+02  1.033562E-03  7.383476E-04  1.683070E-03  9.888912E-05  2.292032E-02  3.524903E-02  2.286363E-02  3.253250E-04  5.256454E-04  1.532361E-01  2.030334E-01  2.169226E-01  9.702607E-04  1.230203E-02  1.232883E-02  3.157690E-01
 3.171500E+02  1.065993E-03  7.714579E-04  1.740309E-03  1.052518E-04  2.317055E-02  3.583490E-02  2.304782E-02  3.368555E-04  5.438315E-04  1.519135E-01  2.011854E-01  2.165487E-01  9.788757E-04  1.236861E-02  1.239527E-02  3.179926E-01
 3.181500E+02  1.099226E-03  8.058230E-04  1.799073E-03  1.119783E-04  2.342087E-02  3.642523E-02  2.323107E-02  3.487019E-04  5.625034E-04  1.506000E-01  1.993521E-01  2.161631E-01  9.874475E-04  1.243438E-02  1.246089E-02  3.201976E-01
 3.191500E+02  1.133274E-03  8.414812E-04  1.859390E-03  1.190867E-04  2.367125E-02  3.701998E-02  2.341335E-02  3.608699E-04  5.816695E-04  1.492956E-01  1.975337E-01  2.157658E-01  9.959748E-04  1.249933E-02  1.252569E-02  3.223835E-01
 3.201500E+02  1.168152E-03  8.784716E-04  1.921288E-03  1.265958E-04  2.392169E-02  3.761910E-02  2.359464E-02  3.733651E-04  6.013384E-04  1.480004E-01  1.957300E-01  2.153571E-01  1.004457E-03  1.256347E-02  1.258968E-02  3.245503E-01
 3.211500E+02  1.203874E-03  9.168341E-04  1.984795E-03  1.345253E-04  2.417214E-02  3.822257E-02  2.377493E-02  3.861934E-04  6.215186E-04  1.467142E-01  1.939410E-01  2.149372E-01  1.012892E-03  1.262679E-02  1.265285E-02  3.266977E-01
 3.221500E+02  1.240455E-03  9.566095E-04  2.049940E-03  1.428954E-04  2.442258E-02  3.883032E-02  2.395420E-02  3.993603E-04  6.422185E-04  1.454372E-01  1.921666E-01  2.145064E-01  1.021279E-03  1.268928E-02  1.271519E-02  3.288255E-01
 3.231500E+02  1.277909E-03  9.978397E-04  2.116752E-03  1.517276E-04  2.467299E-02  3.944232E-02  2.413244E-02  4.128717E-04  6.634469E-04  1.441693E-01  1.904068E-01  2.140649E-01  1.029618E-03  1.275095E-02  1.277670E-02  3.309334E-01
 3.241500E+02  1.316251E-03  1.040567E-03  2.185259E-03  1.610437E-04  2.492335E-02  4.005853E-02  2.430962E-02  4.267333E-04  6.852122E-04  1.429105E-01  1.886616E-01  2.136128E-01  1.037906E-03  1.281179E-02  1.283738E-02  3.330214E-01
 3.251500E+02  1.355496E-03  1.084836E-03  2.255492E-03  1.708670E-04  2.517364E-02  4.067891E-02  2.448573E-02  4.409509E-04  7.075232E-04  1.416609E-01  1.869308E-01  2.131504E-01  1.046144E-03  1.287180E-02  1.289722E-02  3.350892E-01
 3.261500E+02  1.395658E-03  1.130690E-03  2.327478E-03  1.812211E-04  2.542382E-02  4.130340E-02  2.466075E-02  4.555302E-04  7.303884E-04  1.404204E-01  1.852145E-01  2.126780E-01  1.054330E-03  1.293098E-02  1.295623E-02  3.371367E-01
 3.271500E+02  1.436754E-03  1.178174E-03  2.401248E-03  1.921310E-04  2.567387E-02  4.193196E-02  2.483468E-02  4.704771E-04  7.538166E-04  1.391890E-01  1.835125E-01  2.121956E-01  1.062463E-03  1.298932E-02  1.301441E-02  3.391636E-01
 3.281500E+02  1.478798E-03  1.227336E-03  2.476832E-03  2.036224E-04  2.592378E-02  4.256455E-02  2.500749E-02  4.857974E-04  7.778164E-04  1.379667E-01  1.818248E-01  2.117036E-01  1.070542E-03  1.304682E-02  1.307174E-02  3.411697E-01
 3.291500E+02  1.521807E-03  1.278222E-03  2.554259E-03  2.157221E-04  2.617352E-02  4.320112E-02  2.517917E-02  5.014969E-04  8.023965E-04  1.367535E-01  1.801514E-01  2.112021E-01  1.078567E-03  1.310348E-02  1.312823E-02  3.431550E-01
 3.301500E+02  1.565794E-03  1.330881E-03  2.633559E-03  2.284580E-04  2.642307E-02  4.384162E-02  2.534970E-02  5.175814E-04  8.275656E-04  1.355494E-01  1.784921E-01  2.106913E-01  1.086535E-03  1.315929E-02  1.318387E-02  3.451193E-01
 3.311500E+02  1.610777E-03  1.385361E-03  2.714764E-03  2.418588E-04  2.667240E-02  4.448601E-02  2.551908E-02  5.340567E-04  8.533323E-04  1.343543E-01  1.768468E-01  2.101715E-01  1.094447E-03  1.321427E-02  1.323867E-02  3.470623E-01
 3.321500E+02  1.656771E-03  1.441714E-03  2.797903E-03  2.559547E-04  2.692150E-02  4.513424E-02  2.568729E-02  5.509287E-04  8.797055E-04  1.331683E-01  1.752156E-01  2.096427E-01  1.102301E-03  1.326840E-02  1.329262E-02  3.489840E-01
 3.331500E+02  1.703793E-03  1.499991E-03  2.883007E-03  2.707765E-04  2.717033E-02  4.578627E-02  2.585431E-02  5.682033E-04  9.066937E-04  1.319913E-01  1.735983E-01  2.091053E-01  1.110097E-03  1.332168E-02  1.334573E-02  3.508842E-01
 3.341500E+02  1.751857E-03  1.560243E-03  2.970107E-03  2.863567E-04  2.741889E-02  4.644204E-02  2.602013E-02  5.858861E-04  9.343057E-04  1.308233E-01  1.719949E-01  2.085593E-01  1.117833E-03  1.337411E-02  1.339798E-02  3.527627E-01
 3.351500E+02  1.800982E-03  1.622524E-03  3.059234E-03  3.027285E-04  2.766714E-02  4.710150E-02  2.618474E-02  6.039831E-04  9.625502E-04  1.296643E-01  1.704052E-01  2.080051E-01  1.125509E-03  1.342569E-02  1.344938E-02  3.546195E-01
 3.361500E+02  1.851183E-03  1.686888E-03  3.150419E-03  3.199267E-04  2.791507E-02  4.776461E-02  2.634813E-02  6.225001E-04  9.914359E-04  1.285142E-01  1.688292E-01  2.074426E-01  1.133124E-03  1.347643E-02  1.349993E-02  3.564543E-01
 3.371500E+02  1.902477E-03  1.753391E-03  3.243694E-03  3.379871E-04  2.816266E-02  4.843132E-02  2.651028E-02  6.414429E-04  1.020971E-03  1.273730E-01  1.672669E-01  2.068723E-01  1.140677E-03  1.352631E-02  1.354963E-02  3.582670E-01
 3.381500E+02  1.954881E-03  1.822088E-03  3.339089E-03  3.569469E-04  2.840989E-02  4.910158E-02  2.667119E-02  6.608173E-04  1.051165E-03  1.262407E-01  1.657180E-01  2.062941E-01  1.148168E-03  1.357534E-02  1.359847E-02  3.600576E-01
 3.391500E+02  2.008412E-03  1.893039E-03  3.436637E-03  3.768446E-04  2.865673E-02  4.977533E-02  2.683083E-02  6.806290E-04  1.082027E-03  1.251172E-01  1.641826E-01  2.057083E-01  1.155595E-03  1.362351E-02  1.364646E-02  3.618258E-01
 3.401500E+02  2.063087E-03  1.966301E-03  3.536369E-03  3.977201E-04  2.890317E-02  5.045254E-02  2.698921E-02  7.008839E-04  1.113563E-03  1.240025E-01  1.626605E-01  2.051151E-01  1.162957E-03  1.367083E-02  1.369359E-02  3.635716E-01
 3.411500E+02  2.118924E-03  2.041933E-03  3.638318E-03  4.196146E-04  2.914918E-02  5.113314E-02  2.714630E-02  7.215876E-04  1.145784E-03  1.228966E-01  1.611517E-01  2.045146E-01  1.170254E-03  1.371730E-02  1.373987E-02  3.652949E-01
 3.421500E+02  2.175939E-03  2.119997E-03  3.742515E-03  4.425709E-04  2.939475E-02  5.181708E-02  2.730209E-02  7.427460E-04  1.178699E-03  1.217994E-01  1.596561E-01  2.039069E-01  1.177486E-03  1.376291E-02  1.378529E-02  3.669955E-01
 3.431500E+02  2.234152E-03  2.200555E-03  3.848993E-03  4.666330E-04  2.963986E-02  5.250432E-02  2.745659E-02  7.643647E-04  1.212314E-03  1.207109E-01  1.581735E-01  2.032924E-01  1.184650E-03  1.380766E-02  1.382985E-02  3.686732E-01
 3.441500E+02  2.293578E-03  2.283669E-03  3.957784E-03  4.918467E-04  2.988448E-02  5.319481E-02  2.760977E-02  7.864495E-04  1.246639E-03  1.196311E-01  1.567039E-01  2.026710E-01  1.191747E-03  1.385156E-02  1.387355E-02  3.703281E-01
 3.451500E+02  2.354238E-03  2.369404E-03  4.068920E-03  5.182592E-04  3.012861E-02  5.388848E-02  2.776162E-02  8.090059E-04  1.281683E-03  1.185598E-01  1.552472E-01  2.020430E-01  1.198777E-03  1.389459E-02  1.391640E-02  3.719600E-01
 3.461500E+02  2.416148E-03  2.457825E-03  4.182435E-03  5.459192E-04  3.037221E-02  5.458529E-02  2.791214E-02  8.320396E-04  1.317453E-03  1.174971E-01  1.538033E-01  2.014085E-01  1.205737E-03  1.393677E-02  1.395838E-02  3.735687E-01
 3.471500E+02  2.479327E-03  2.548998E-03  4.298361E-03  5.748773E-04  3.061528E-02  5.528519E-02  2.806131E-02  8.555562E-04  1.353959E-03  1.164430E-01  1.523720E-01  2.007676E-01  1.212627E-03  1.397810E-02  1.399951E-02  3.751543E-01
 3.481500E+02  2.543794E-03  2.642992E-03  4.416730E-03  6.051856E-04  3.085778E-02  5.598812E-02  2.820913E-02  8.795613E-04  1.391208E-03  1.153972E-01  1.509534E-01  2.001206E-01  1.219447E-03  1.401856E-02  1.403977E-02  3.767165E-01
 3.491500E+02  2.609568E-03  2.739875E-03  4.537576E-03  6.368978E-04  3.109972E-02  5.669403E-02  2.835558E-02  9.040604E-04  1.429208E-03  1.143599E-01  1.495472E-01  1.994675E-01  1.226197E-03  1.405816E-02  1.407918E-02  3.782553E-01
 3.501500E+02  2.676667E-03  2.839718E-03  4.660933E-03  6.700696E-04  3.134105E-02  5.740286E-02  2.850066E-02  9.290590E-04  1.467968E-03  1.133309E-01  1.481535E-01  1.988085E-01  1.232874E-03  1.409691E-02  1.411773E-02  3.797706E-01
 3.511500E+02  2.745111E-03  2.942591E-03  4.786832E-03  7.047583E-04  3.158178E-02  5.811456E-02  2.864435E-02  9.545624E-04  1.507497E-03  1.123103E-01  1.467720E-01  1.981437E-01  1.239479E-03  1.413479E-02  1.415541E-02  3.812623E-01
 3.521500E+02  2.814919E-03  3.048567E-03  4.915308E-03  7.410232E-04  3.182188E-02  5.882908E-02  2.878665E-02  9.805762E-04  1.547801E-03  1.112979E-01  1.454027E-01  1.974733E-01  1.246011E-03  1.417182E-02  1.419224E-02  3.827302E-01
 3.531500E+02  2.886110E-03  3.157720E-03  5.046394E-03  7.789253E-04  3.206133E-02  5.954636E-02  2.892755E-02  1.007106E-03  1.588889E-03  1.102937E-01  1.440456E-01  1.967973E-01  1.252469E-03  1.420799E-02  1.422820E-02  3.841744E-01
 3.541500E+02  2.958705E-03  3.270125E-03  5.180123E-03  8.185277E-04  3.230012E-02  6.026635E-02  2.906703E-02  1.034156E-03  1.630770E-03  1.092976E-01  1.427004E-01  1.961160E-01  1.258853E-03  1.424329E-02  1.426331E-02  3.855947E-01
 3.551500E+02  3.032723E-03  3.385858E-03  5.316530E-03  8.598954E-04  3.253822E-02  6.098899E-02  2.920510E-02  1.061733E-03  1.673450E-03  1.083097E-01  1.413671E-01  1.954294E-01  1.265161E-03  1.427774E-02  1.429755E-02  3.869910E-01
 3.561500E+02  3.108185E-03  3.504997E-03  5.455647E-03  9.030955E-04  3.277563E-02  6.171422E-02  2.934173E-02  1.089841E-03  1.716937E-03  1.073297E-01  1.400455E-01  1.947376E-01  1.271394E-03  1.431132E-02  1.433093E-02  3.883632E-01
 3.571500E+02  3.185110E-03  3.627621E-03  5.597509E-03  9.481969E-04  3.301232E-02  6.244199E-02  2.947693E-02  1.118485E-03  1.761240E-03  1.063578E-01  1.387357E-01  1.940409E-01  1.277551E-03  1.434404E-02  1.436345E-02  3.897113E-01
 3.581500E+02  3.263520E-03  3.753810E-03  5.742149E-03  9.952709E-04  3.324827E-02  6.317224E-02  2.961068E-02  1.147671E-03  1.806365E-03  1.053937E-01  1.374374E-01  1.933392E-01  1.283630E-03  1.437590E-02  1.439510E-02  3.910351E-01
 3.591500E+02  3.343435E-03  3.883646E-03  5.889602E-03  1.044391E-03  3.348348E-02  6.390491E-02  2.974297E-02  1.177404E-03  1.852321E-03  1.044376E-01  1.361506E-01  1.926327E-01  1.289632E-03  1.440690E-02  1.442590E-02  3.923346E-01
 3.601500E+02  3.424877E-03  4.017211E-03  6.039901E-03  1.095633E-03  3.371792E-02  6.463995E-02  2.987380E-02  1.207688E-03  1.899114E-03  1.034892E-01  1.348751E-01  1.919216E-01  1.295556E-03  1.443704E-02  1.445583E-02  3.936097E-01
 3.611500E+02  3.507866E-03  4.154590E-03  6.193080E-03  1.149074E-03  3.395157E-02  6.537730E-02  3.000315E-02  1.238528E-03  1.946752E-03  1.025485E-01  1.336109E-01  1.912058E-01  1.301400E-03  1.446631E-02  1.448490E-02  3.948602E-01
 3.621500E+02  3.592425E-03  4.295868E-03  6.349175E-03  1.204794E-03  3.418443E-02  6.611690E-02  3.013103E-02  1.269930E-03  1.995242E-03  1.016156E-01  1.323578E-01  1.904856E-01  1.307165E-03  1.449473E-02  1.451310E-02  3.960862E-01
 3.631500E+02  3.678575E-03  4.441133E-03  6.508218E-03  1.262877E-03  3.441647E-02  6.685869E-02  3.025741E-02  1.301897E-03  2.044591E-03  1.006902E-01  1.311158E-01  1.897610E-01  1.312850E-03  1.452227E-02  1.454045E-02  3.972875E-01
 3.641500E+02  3.766337E-03  4.590472E-03  6.670245E-03  1.323406E-03  3.464768E-02  6.760262E-02  3.038230E-02  1.334434E-03  2.094806E-03  9.977244E-02  1.298848E-01  1.890321E-01  1.318454E-03  1.454896E-02  1.456692E-02  3.984641E-01
 3.651500E+02  3.855736E-03  4.743975E-03  6.835289E-03  1.386470E-03  3.487804E-02  6.834861E-02  3.050568E-02  1.367547E-03  2.145893E-03  9.886215E-02  1.286645E-01  1.882990E-01  1.323977E-03  1.457478E-02  1.459254E-02  3.996158E-01
 3.661500E+02  3.946792E-03  4.901734E-03  7.003385E-03  1.452158E-03  3.510753E-02  6.909662E-02  3.062755E-02  1.401239E-03  2.197860E-03  9.795928E-02  1.274550E-01  1.875619E-01  1.329417E-03  1.459974E-02  1.461729E-02  4.007425E-01
 3.671500E+02  4.039529E-03  5.063842E-03  7.174567E-03  1.520563E-03  3.533614E-02  6.984659E-02  3.074789E-02  1.435514E-03  2.250713E-03  9.706378E-02  1.262561E-01  1.868207E-01  1.334775E-03  1.462383E-02  1.464117E-02  4.018443E-01
 3.681500E+02  4.133969E-03  5.230392E-03  7.348870E-03  1.591779E-03  3.556385E-02  7.059844E-02  3.086670E-02  1.470378E-03  2.304457E-03  9.617558E-02  1.250677E-01  1.860757E-01  1.340050E-03  1.464706E-02  1.466419E-02  4.029209E-01
 3.691500E+02  4.230137E-03  5.401480E-03  7.526329E-03  1.665904E-03  3.579065E-02  7.135212E-02  3.098397E-02  1.505833E-03  2.359100E-03  9.529462E-02  1.238897E-01  1.853268E-01  1.345241E-03  1.466942E-02  1.468635E-02  4.039723E-01
 3.701500E+02  4.328056E-03  5.577202E-03  7.706976E-03  1.743040E-03  3.601652E-02  7.210757E-02  3.109969E-02  1.541885E-03  2.414648E-03  9.442083E-02  1.227221E-01  1.845741E-01  1.350347E-03  1.469091E-02  1.470763E-02  4.049985E-01
 3.711500E+02  4.427750E-03  5.757659E-03  7.890848E-03  1.823288E-03  3.624144E-02  7.286473E-02  3.121386E-02  1.578536E-03  2.471105E-03  9.355415E-02  1.215646E-01  1.838178E-01  1.355368E-03  1.471154E-02  1.472805E-02  4.059993E-01
 3.721500E+02  4.529242E-03  5.942949E-03  8.077979E-03  1.906756E-03  3.646540E-02  7.362353E-02  3.132646E-02  1.615792E-03  2.528479E-03  9.269452E-02  1.204172E-01  1.830579E-01  1.360304E-03  1.473130E-02  1.474760E-02  4.069746E-01
 3.731500E+02  9.939675E-01  5.984714E-03  3.669329E-05  8.846927E-06  7.404580E-07  1.501243E-06  2.885536E-09  1.517832E-10  2.374310E-10  3.833773E-11  4.979118E-11  7.609552E-11  5.698583E-13  6.157200E-12  6.163918E-12  1.702807E-10
 3.741500E+02  9.940381E-01  5.915928E-03  3.524524E-05  8.679062E-06  6.849533E-07  1.394496E-06  2.608331E-09  1.399069E-10  2.187736E-10  3.352136E-11  4.352519E-11  6.687155E-11  5.046524E-13  5.440347E-12  5.446199E-12  1.506126E-10
 3.751500E+02  9.941073E-01  5.848343E-03  3.386206E-05  8.515411E-06  6.338821E-07  1.295871E-06  2.359080E-09  1.290194E-10  2.016766E-10  2.933186E-11  3.807614E-11  5.880780E-11  4.472106E-13  4.810286E-12  4.815387E-12  1.333076E-10
 3.761500E+02  9.941754E-01  5.781931E-03  3.254053E-05  8.355849E-06  5.868694E-07  1.204712E-06  2.134836E-09  1.190336E-10  1.860018E-10  2.568489E-11  3.333392E-11  5.175323E-11  3.965736E-13  4.256119E-12  4.260568E-12  1.180712E-10
 3.771500E+02  9.942422E-01  5.716668E-03  3.127760E-05  8.200253E-06  5.435739E-07  1.120418E-06  1.932976E-09  1.098707E-10  1.716242E-10  2.250782E-11  2.920376E-11  4.557707E-11  3.519048E-13  3.768365E-12  3.772246E-12  1.046468E-10
 3.781500E+02  9.943078E-01  5.652529E-03  3.007038E-05  8.048506E-06  5.036842E-07  1.042440E-06  1.751163E-09  1.014588E-10  1.584302E-10  1.973806E-11  2.560398E-11  4.016608E-11  3.124741E-13  3.338767E-12  3.342156E-12  9.281086E-11
 3.791500E+02  9.943723E-01  5.589489E-03  2.891616E-05  7.900493E-06  4.669167E-07  9.702741E-07  1.587314E-09  9.373289E-11  1.463168E-10  1.732160E-11  2.246416E-11  3.542210E-11  2.776439E-13  2.960131E-12  2.963091E-12  8.236831E-11
 3.801500E+02  9.944356E-01  5.527524E-03  2.781235E-05  7.756104E-06  4.330124E-07  9.034609E-07  1.439573E-09  8.663373E-11  1.351902E-10  1.521185E-11  1.972352E-11  3.125997E-11  2.468569E-13  2.626184E-12  2.628771E-12  7.314891E-11
 3.811500E+02  9.944978E-01  5.466613E-03  2.675650E-05  7.615233E-06  4.017351E-07  8.415779E-07  1.306283E-09  8.010754E-11  1.249654E-10  1.336855E-11  1.732957E-11  2.760578E-11  2.196257E-13  2.331453E-12  2.333715E-12  6.500394E-11
 3.821500E+02  9.945589E-01  5.406731E-03  2.574630E-05  7.477776E-06  3.728691E-07  7.842384E-07  1.185964E-09  7.410535E-11  1.155651E-10  1.175687E-11  1.523694E-11  2.439531E-11  1.955239E-13  2.071157E-12  2.073137E-12  5.780341E-11
 3.831500E+02  9.946189E-01  5.347858E-03  2.477955E-05  7.343636E-06  3.462173E-07  7.310875E-07  1.077297E-09  6.858263E-11  1.069188E-10  1.034672E-11  1.340641E-11  2.157274E-11  1.741780E-13  1.841121E-12  1.842854E-12  5.143361E-11
 3.841500E+02  9.946780E-01  5.289972E-03  2.385418E-05  7.212715E-06  3.215996E-07  6.817998E-07  9.790984E-10  6.349882E-11  9.896243E-11  9.112019E-12  1.180399E-11  1.908950E-11  1.552605E-13  1.637691E-12  1.639209E-12  4.579501E-11
 3.851500E+02  9.947360E-01  5.233052E-03  2.296822E-05  7.084921E-06  2.988516E-07  6.360764E-07  8.903136E-10  5.881698E-11  9.163774E-11  8.030177E-12  1.040029E-11  1.690332E-11  1.384845E-13  1.457674E-12  1.459004E-12  4.080044E-11
 3.861500E+02  9.947930E-01  5.177079E-03  2.211980E-05  6.960164E-06  2.778224E-07  5.936430E-07  8.099975E-10  5.450344E-11  8.489159E-11  7.081611E-12  9.169785E-12  1.497737E-11  1.235980E-13  1.298270E-12  1.299436E-12  3.637349E-11
 3.871500E+02  9.948490E-01  5.122031E-03  2.130716E-05  6.838357E-06  2.583745E-07  5.542478E-07  7.373040E-10  5.052750E-11  7.867554E-11  6.249325E-12  8.090368E-12  1.327953E-11  1.103800E-13  1.157028E-12  1.158051E-12  3.244714E-11
 3.881500E+02  9.949041E-01  5.067890E-03  2.052861E-05  6.719416E-06  2.403816E-07  5.176590E-07  6.714754E-10  4.686116E-11  7.294545E-11  5.518565E-12  7.142831E-12  1.178180E-11  9.863593E-14  1.031799E-12  1.032697E-12  2.896257E-11
 3.891500E+02  9.949583E-01  5.014638E-03  1.978256E-05  6.603261E-06  2.237282E-07  4.836638E-07  6.118325E-10  4.347886E-11  6.766104E-11  4.876507E-12  6.310492E-12  1.045972E-11  8.819507E-14  9.206961E-13  9.214844E-13  2.586813E-11
 3.901500E+02  9.950115E-01  4.962255E-03  1.906750E-05  6.489813E-06  2.083085E-07  4.520664E-07  5.577662E-10  4.035729E-11  6.278555E-11  4.312004E-12  5.578850E-12  9.291934E-12  7.890702E-14  8.220639E-13  8.227563E-13  2.311843E-11
 3.911500E+02  9.950639E-01  4.910724E-03  1.838200E-05  6.378995E-06  1.940255E-07  4.226867E-07  5.087302E-10  3.747512E-11  5.828543E-11  3.815354E-12  4.935289E-12  8.259760E-12  7.063945E-14  7.344477E-13  7.350561E-13  2.067353E-11
 3.921500E+02  9.951154E-01  4.860028E-03  1.772470E-05  6.270734E-06  1.807902E-07  3.953587E-07  4.642340E-10  3.481288E-11  5.413002E-11  3.378109E-12  4.368827E-12  7.346864E-12  6.327574E-14  6.565687E-13  6.571036E-13  1.849832E-11
 3.931500E+02  9.951661E-01  4.810149E-03  1.709430E-05  6.164960E-06  1.685209E-07  3.699298E-07  4.238369E-10  3.235278E-11  5.029131E-11  2.992911E-12  3.869895E-12  6.538947E-12  5.671312E-14  5.873021E-13  5.877726E-13  1.656187E-11
 3.941500E+02  9.952159E-01  4.761070E-03  1.648957E-05  6.061603E-06  1.571428E-07  3.462593E-07  3.871430E-10  3.007852E-11  4.674368E-11  2.653340E-12  3.430153E-12  5.823483E-12  5.086093E-14  5.256577E-13  5.260717E-13  1.483692E-11
 3.951500E+02  9.952649E-01  4.712777E-03  1.590936E-05  5.960596E-06  1.465872E-07  3.242176E-07  3.537963E-10  2.797521E-11  4.346371E-11  2.353796E-12  3.042326E-12  5.189495E-12  4.563916E-14  4.707633E-13  4.711278E-13  1.329944E-11
 3.961500E+02  9.953131E-01  4.665252E-03  1.535254E-05  5.861876E-06  1.367908E-07  3.036852E-07  3.234766E-10  2.602921E-11  4.042995E-11  2.089391E-12  2.700064E-12  4.627353E-12  4.097714E-14  4.218504E-13  4.221713E-13  1.192825E-11
 3.971500E+02  9.953605E-01  4.618480E-03  1.481808E-05  5.765379E-06  1.276956E-07  2.845518E-07  2.958957E-10  2.422803E-11  3.762279E-11  1.855853E-12  2.397817E-12  4.128605E-12  3.681243E-14  3.782410E-13  3.785237E-13  1.070463E-11
 3.981500E+02  9.954072E-01  4.572446E-03  1.430496E-05  5.671045E-06  1.192483E-07  2.667157E-07  2.707941E-10  2.256022E-11  3.502425E-11  1.649447E-12  2.130737E-12  3.685831E-12  3.308982E-14  3.393369E-13  3.395861E-13  9.612057E-12
 3.991500E+02  9.954531E-01  4.527136E-03  1.381223E-05  5.578816E-06  1.113997E-07  2.500831E-07  2.479378E-10  2.101530E-11  3.261786E-11  1.466904E-12  1.894583E-12  3.292509E-12  2.976044E-14  3.046100E-13  3.048297E-13  8.635928E-12
