#         T/K            c1          c2-1          c3-4          c3-5          c3-7          c3-9            m1          m2-1          m3-1            w1            w2          w3-1          w3-2          c1m1        c1m2-1        c1m2-7        c2m1-1        c1w1-2        c1w2-1        c2w1-1        c2w1-9        m1w1-1        m1w1-4        m1w2-1        m2w1-1        m2w1-3      c1m1w1-1
 2.731500E+02  2.224083E-01  1.572195E-04  2.942517E-08  3.862125E-08  4.296921E-08  5.123544E-08  6.385063E-01  3.293249E-03  1.833341E-04  7.869936E-02  2.041304E-04  5.385288E-06  7.556134E-08  1.427056E-02  1.399091E-05  4.590860E-05  1.626820E-06  4.054536E-02  5.780166E-06  4.398221E-07  3.862103E-07  6.520274E-04  8.875851E-04  1.440125E-05  4.230554E-05  5.358053E-05  8.629628E-06
 2.741500E+02  2.229094E-01  1.550574E-04  2.822129E-08  3.705367E-08  4.122823E-08  4.917503E-08  6.387846E-01  3.216673E-03  1.693956E-04  7.905179E-02  2.010937E-04  5.044780E-06  7.353440E-08  1.393862E-02  1.308096E-05  4.306180E-05  1.544573E-06  3.988253E-02  5.473233E-06  4.220707E-07  3.703030E-07  6.399082E-04  8.710324E-04  1.343600E-05  3.928676E-05  4.977702E-05  8.115111E-06
 2.751500E+02  2.233993E-01  1.529340E-04  2.707368E-08  3.555884E-08  3.956792E-08  4.720947E-08  6.390537E-01  3.142438E-03  1.566098E-04  7.939736E-02  1.980991E-04  4.727165E-06  7.156368E-08  1.361653E-02  1.223619E-05  4.041041E-05  1.467010E-06  3.923217E-02  5.183966E-06  4.051231E-07  3.551297E-07  6.280627E-04  8.548559E-04  1.254027E-05  3.650121E-05  4.626600E-05  7.634169E-06
 2.761500E+02  2.238781E-01  1.508486E-04  2.597945E-08  3.413305E-08  3.798417E-08  4.533395E-08  6.393139E-01  3.070459E-03  1.448742E-04  7.973617E-02  1.951467E-04  4.430829E-06  6.964788E-08  1.330394E-02  1.145153E-05  3.793985E-05  1.393838E-06  3.859409E-02  4.911286E-06  3.889402E-07  3.406539E-07  6.164845E-04  8.390470E-04  1.170878E-05  3.392962E-05  4.302340E-05  7.184445E-06
 2.771500E+02  2.243461E-01  1.488008E-04  2.493587E-08  3.277280E-08  3.647310E-08  4.354393E-08  6.395656E-01  3.000655E-03  1.340961E-04  8.006837E-02  1.922365E-04  4.154280E-06  6.778568E-08  1.300053E-02  1.072236E-05  3.563671E-05  1.324784E-06  3.796810E-02  4.654183E-06  3.734845E-07  3.268409E-07  6.051676E-04  8.235970E-04  1.093661E-05  3.155440E-05  4.002726E-05  6.763758E-06
 2.781500E+02  2.248037E-01  1.467898E-04  2.394036E-08  3.147476E-08  3.503104E-08  4.183513E-08  6.398092E-01  2.932948E-03  1.241916E-04  8.039405E-02  1.893685E-04  3.896129E-06  6.597578E-08  1.270600E-02  1.004441E-05  3.348864E-05  1.259594E-06  3.735402E-02  4.411712E-06  3.587209E-07  3.136580E-07  5.941059E-04  8.084977E-04  1.021929E-05  2.935951E-05  3.725751E-05  6.370090E-06
 2.791500E+02  2.252510E-01  1.448149E-04  2.299049E-08  3.023581E-08  3.365452E-08  4.020347E-08  6.400449E-01  2.867264E-03  1.150843E-04  8.071335E-02  1.865427E-04  3.655092E-06  6.421688E-08  1.242005E-02  9.413787E-06  3.148427E-05  1.198031E-06  3.675164E-02  4.182988E-06  3.446158E-07  3.010740E-07  5.832934E-04  7.937408E-04  9.552659E-06  2.733028E-05  3.469584E-05  6.001571E-06
 2.801500E+02  2.256882E-01  1.428756E-04  2.208393E-08  2.905297E-08  3.234024E-08  3.864511E-08  6.402732E-01  2.803532E-03  1.067053E-04  8.102638E-02  1.837589E-04  3.429976E-06  6.250770E-08  1.214238E-02  8.826897E-06  2.961314E-05  1.139871E-06  3.616079E-02  3.967181E-06  3.311372E-07  2.890594E-07  5.727244E-04  7.793181E-04  8.932920E-06  2.545331E-05  3.232548E-05  5.656470E-06
 2.811500E+02  2.261157E-01  1.409712E-04  2.121852E-08  2.792343E-08  3.108510E-08  3.715642E-08  6.404942E-01  2.741682E-03  9.899180E-05  8.133326E-02  1.810171E-04  3.219675E-06  6.084698E-08  1.187272E-02  8.280449E-06  2.786558E-05  1.084909E-06  3.558126E-02  3.763514E-06  3.182552E-07  2.775864E-07  5.623931E-04  7.652218E-04  8.356560E-06  2.371635E-05  3.013112E-05  5.333180E-06
 2.821500E+02  2.265337E-01  1.391011E-04  2.039219E-08  2.684455E-08  2.988615E-08  3.573396E-08  6.407084E-01  2.681649E-03  9.188689E-05  8.163411E-02  1.783171E-04  3.023163E-06  5.923346E-08  1.161080E-02  7.771415E-06  2.623271E-05  1.032950E-06  3.501286E-02  3.571258E-06  3.059409E-07  2.666283E-07  5.522940E-04  7.514440E-04  7.820348E-06  2.210822E-05  2.809873E-05  5.030215E-06
 2.831500E+02  2.269423E-01  1.372647E-04  1.960299E-08  2.581381E-08  2.874062E-08  3.437445E-08  6.409160E-01  2.623369E-03  8.533881E-05  8.192903E-02  1.756587E-04  2.839487E-06  5.766591E-08  1.135636E-02  7.297010E-06  2.470630E-05  9.838143E-07  3.445540E-02  3.389732E-06  2.941671E-07  2.561601E-07  5.424215E-04  7.379771E-04  7.321304E-06  2.061865E-05  2.621549E-05  4.746195E-06
 2.841500E+02  2.273419E-01  1.354614E-04  1.884906E-08  2.482883E-08  2.764587E-08  3.307482E-08  6.411172E-01  2.566781E-03  7.930051E-05  8.221814E-02  1.730415E-04  2.667764E-06  5.614312E-08  1.110916E-02  6.854672E-06  2.327879E-05  9.373319E-07  3.390869E-02  3.218295E-06  2.829081E-07  2.461578E-07  5.327702E-04  7.248137E-04  6.856683E-06  1.923826E-05  2.446963E-05  4.479838E-06
 2.851500E+02  2.277326E-01  1.336906E-04  1.812867E-08  2.388736E-08  2.659941E-08  3.183214E-08  6.413124E-01  2.511827E-03  7.372919E-05  8.250156E-02  1.704655E-04  2.507172E-06  5.466388E-08  1.086895E-02  6.442043E-06  2.194316E-05  8.933450E-07  3.337254E-02  3.056348E-06  2.721393E-07  2.365990E-07  5.233349E-04  7.119464E-04  6.423953E-06  1.795846E-05  2.285040E-05  4.229958E-06
 2.861500E+02  2.281147E-01  1.319516E-04  1.744016E-08  2.298726E-08  2.559886E-08  3.064365E-08  6.415016E-01  2.458450E-03  6.858588E-05  8.277939E-02  1.679302E-04  2.356950E-06  5.322702E-08  1.063550E-02  6.056951E-06  2.069297E-05  8.517056E-07  3.284676E-02  2.903329E-06  2.618373E-07  2.274621E-07  5.141104E-04  6.993682E-04  6.020778E-06  1.677138E-05  2.134792E-05  3.995452E-06
 2.871500E+02  2.284883E-01  1.302439E-04  1.678196E-08  2.212653E-08  2.464200E-08  2.950671E-08  6.416852E-01  2.406596E-03  6.383509E-05  8.305174E-02  1.654353E-04  2.216391E-06  5.183138E-08  1.040860E-02  5.697393E-06  1.952224E-05  8.122754E-07  3.233116E-02  2.758710E-06  2.519802E-07  2.187269E-07  5.050917E-04  6.870718E-04  5.645005E-06  1.566979E-05  1.995315E-05  3.775297E-06
 2.881500E+02  2.288538E-01  1.285669E-04  1.615260E-08  2.130324E-08  2.372670E-08  2.841884E-08  6.418634E-01  2.356212E-03  5.944448E-05  8.331873E-02  1.629806E-04  2.084837E-06  5.047584E-08  1.018802E-02  5.361526E-06  1.842544E-05  7.749248E-07  3.182554E-02  2.621998E-06  2.425468E-07  2.103739E-07  4.962738E-04  6.750507E-04  5.294644E-06  1.464708E-05  1.865777E-05  3.568540E-06
 2.891500E+02  2.292111E-01  1.269200E-04  1.555066E-08  2.051558E-08  2.285096E-08  2.737769E-08  6.420364E-01  2.307250E-03  5.538455E-05  8.358045E-02  1.605655E-04  1.961678E-06  4.915927E-08  9.973560E-03  5.047647E-06  1.739747E-05  7.395325E-07  3.132974E-02  2.492729E-06  2.335173E-07  2.023850E-07  4.876518E-04  6.632980E-04  4.967859E-06  1.369717E-05  1.745417E-05  3.374300E-06
 2.901500E+02  2.295607E-01  1.253027E-04  1.497482E-08  1.976184E-08  2.201288E-08  2.638102E-08  6.422043E-01  2.259661E-03  5.162838E-05  8.383702E-02  1.581899E-04  1.846346E-06  4.788058E-08  9.765024E-03  4.754188E-06  1.643360E-05  7.059848E-07  3.084355E-02  2.370468E-06  2.248726E-07  1.947426E-07  4.792210E-04  6.518072E-04  4.662955E-06  1.281449E-05  1.633535E-05  3.191753E-06
 2.911500E+02  2.299025E-01  1.237144E-04  1.442382E-08  1.904040E-08  2.121064E-08  2.542672E-08  6.423673E-01  2.213398E-03  4.815142E-05  8.408852E-02  1.558531E-04  1.738315E-06  4.663872E-08  9.562216E-03  4.479697E-06  1.552944E-05  6.741752E-07  3.036681E-02  2.254806E-06  2.165949E-07  1.874304E-07  4.709769E-04  6.405719E-04  4.378363E-06  1.199390E-05  1.529487E-05  3.020137E-06
 2.921500E+02  2.302370E-01  1.221545E-04  1.389646E-08  1.834970E-08  2.044255E-08  2.451277E-08  6.425257E-01  2.168418E-03  4.493121E-05  8.433508E-02  1.535550E-04  1.637095E-06  4.543263E-08  9.364954E-03  4.222838E-06  1.468095E-05  6.440040E-07  2.989932E-02  2.145360E-06  2.086669E-07  1.804327E-07  4.629148E-04  6.295859E-04  4.112636E-06  1.123072E-05  1.432683E-05  2.858741E-06
 2.931500E+02  2.305641E-01  1.206226E-04  1.339161E-08  1.768829E-08  1.970697E-08  2.363726E-08  6.426796E-01  2.124677E-03  4.194726E-05  8.457678E-02  1.512949E-04  1.542229E-06  4.426130E-08  9.173057E-03  3.982373E-06  1.388437E-05  6.153776E-07  2.944091E-02  2.041772E-06  2.010724E-07  1.737346E-07  4.550304E-04  6.188431E-04  3.864436E-06  1.052061E-05  1.342579E-05  2.706904E-06
 2.941500E+02  2.308842E-01  1.191181E-04  1.290820E-08  1.705477E-08  1.900237E-08  2.279840E-08  6.428292E-01  2.082134E-03  3.918079E-05  8.481372E-02  1.490725E-04  1.453295E-06  4.312373E-08  8.986355E-03  3.757159E-06  1.313622E-05  5.882082E-07  2.899141E-02  1.943703E-06  1.937961E-07  1.673219E-07  4.473194E-04  6.083375E-04  3.632523E-06  9.859592E-06  1.258675E-05  2.564012E-06
 2.951500E+02  2.311973E-01  1.176403E-04  1.244521E-08  1.644784E-08  1.832730E-08  2.199447E-08  6.429746E-01  2.040750E-03  3.661466E-05  8.504601E-02  1.468873E-04  1.369899E-06  4.201894E-08  8.804681E-03  3.546139E-06  1.243326E-05  5.624135E-07  2.855064E-02  1.850836E-06  1.868231E-07  1.611814E-07  4.397775E-04  5.980633E-04  3.415752E-06  9.244009E-06  1.180510E-05  2.429490E-06
 2.961500E+02  2.315036E-01  1.161890E-04  1.200168E-08  1.586624E-08  1.768036E-08  2.122383E-08  6.431159E-01  2.000486E-03  3.423314E-05  8.527373E-02  1.447389E-04  1.291674E-06  4.094598E-08  8.627876E-03  3.348335E-06  1.177250E-05  5.379162E-07  2.811842E-02  1.762874E-06  1.801396E-07  1.553002E-07  4.324006E-04  5.880149E-04  3.213064E-06  8.670493E-06  1.107662E-05  2.302807E-06
 2.971500E+02  2.318034E-01  1.147634E-04  1.157669E-08  1.530880E-08  1.706025E-08  2.048495E-08  6.432533E-01  1.961307E-03  3.202186E-05  8.549699E-02  1.426267E-04  1.218278E-06  3.990393E-08  8.455786E-03  3.162842E-06  1.115116E-05  5.146438E-07  2.769459E-02  1.679537E-06  1.737323E-07  1.496664E-07  4.251848E-04  5.781868E-04  3.023477E-06  8.135941E-06  1.039739E-05  2.183465E-06
 2.981500E+02  2.320967E-01  1.133632E-04  1.116938E-08  1.477438E-08  1.646571E-08  1.977636E-08  6.433869E-01  1.923176E-03  2.996763E-05  8.571586E-02  1.405504E-04  1.149395E-06  3.889189E-08  8.288261E-03  2.988820E-06  1.056665E-05  4.925283E-07  2.727898E-02  1.600562E-06  1.675885E-07  1.442683E-07  4.181260E-04  5.685734E-04  2.846082E-06  7.637495E-06  9.763827E-06  2.071000E-06
 2.991500E+02  2.323837E-01  1.119878E-04  1.077891E-08  1.426192E-08  1.589557E-08  1.909666E-08  6.435169E-01  1.886059E-03  2.805836E-05  8.593045E-02  1.385093E-04  1.084729E-06  3.790896E-08  8.125159E-03  2.825493E-06  1.001657E-05  4.715055E-07  2.687143E-02  1.525703E-06  1.616964E-07  1.390951E-07  4.112206E-04  5.591697E-04  2.680037E-06  7.172522E-06  9.172605E-06  1.964981E-06
 3.001500E+02  2.326646E-01  1.106367E-04  1.040451E-08  1.377041E-08  1.534871E-08  1.844452E-08  6.436434E-01  1.849925E-03  2.628294E-05  8.614084E-02  1.365031E-04  1.024005E-06  3.695430E-08  7.966341E-03  2.672142E-06  9.498697E-06  4.515154E-07  2.647177E-02  1.454728E-06  1.560444E-07  1.341365E-07  4.044647E-04  5.499703E-04  2.524562E-06  6.738594E-06  8.620669E-06  1.865006E-06
 3.011500E+02  2.329395E-01  1.093096E-04  1.004544E-08  1.329889E-08  1.482404E-08  1.781871E-08  6.437665E-01  1.814742E-03  2.463121E-05  8.634713E-02  1.345313E-04  9.669664E-07  3.602707E-08  7.811674E-03  2.528098E-06  9.010950E-06  4.325014E-07  2.607984E-02  1.387418E-06  1.506218E-07  1.293825E-07  3.978547E-04  5.409704E-04  2.378934E-06  6.333469E-06  8.105196E-06  1.770699E-06
 3.021500E+02  2.332086E-01  1.080058E-04  9.700983E-09  1.284644E-08  1.432057E-08  1.721801E-08  6.438863E-01  1.780478E-03  2.309382E-05  8.654938E-02  1.325933E-04  9.133749E-07  3.512645E-08  7.661028E-03  2.392742E-06  8.551402E-06  4.144105E-07  2.569549E-02  1.323568E-06  1.454181E-07  1.248238E-07  3.913871E-04  5.321650E-04  2.242482E-06  5.955081E-06  7.623581E-06  1.681709E-06
 3.031500E+02  2.334719E-01  1.067250E-04  9.370480E-09  1.241219E-08  1.383732E-08  1.664130E-08  6.440030E-01  1.747105E-03  2.166216E-05  8.674770E-02  1.306886E-04  8.630081E-07  3.425165E-08  7.514280E-03  2.265500E-06  8.118258E-06  3.971926E-07  2.531856E-02  1.262986E-06  1.404236E-07  1.204516E-07  3.850583E-04  5.235494E-04  2.114585E-06  5.601522E-06  7.173416E-06  1.597708E-06
 3.041500E+02  2.337298E-01  1.054666E-04  9.053293E-09  1.199532E-08  1.337339E-08  1.608749E-08  6.441165E-01  1.714596E-03  2.032835E-05  8.694216E-02  1.288168E-04  8.156585E-07  3.340190E-08  7.371309E-03  2.145838E-06  7.709845E-06  3.808008E-07  2.494890E-02  1.205490E-06  1.356290E-07  1.162573E-07  3.788651E-04  5.151190E-04  1.994664E-06  5.271028E-06  6.752479E-06  1.518392E-06
 3.051500E+02  2.339821E-01  1.042303E-04  8.748816E-09  1.159505E-08  1.292790E-08  1.555556E-08  6.442271E-01  1.682921E-03  1.908512E-05  8.713284E-02  1.269774E-04  7.711331E-07  3.257646E-08  7.232000E-03  2.033260E-06  7.324609E-06  3.651907E-07  2.458637E-02  1.150909E-06  1.310253E-07  1.122329E-07  3.728041E-04  5.068691E-04  1.882185E-06  4.961971E-06  6.358714E-06  1.443475E-06
 3.061500E+02  2.342292E-01  1.030157E-04  8.456476E-09  1.121063E-08  1.250002E-08  1.504453E-08  6.443349E-01  1.652057E-03  1.792578E-05  8.731983E-02  1.251698E-04  7.292517E-07  3.177459E-08  7.096241E-03  1.927306E-06  6.961098E-06  3.503207E-07  2.423080E-02  1.099083E-06  1.266042E-07  1.083707E-07  3.668722E-04  4.987955E-04  1.776650E-06  4.672845E-06  5.990222E-06  1.372691E-06
 3.071500E+02  2.344712E-01  1.018222E-04  8.175726E-09  1.084135E-08  1.208898E-08  1.455348E-08  6.444398E-01  1.621977E-03  1.684419E-05  8.750319E-02  1.233935E-04  6.898462E-07  3.099558E-08  6.963924E-03  1.827547E-06  6.617962E-06  3.361517E-07  2.388207E-02  1.049861E-06  1.223574E-07  1.046635E-07  3.610661E-04  4.908937E-04  1.677597E-06  4.402258E-06  5.645245E-06  1.305789E-06
 3.081500E+02  2.347080E-01  1.006495E-04  7.906049E-09  1.048654E-08  1.169401E-08  1.408153E-08  6.445420E-01  1.592656E-03  1.583467E-05  8.768302E-02  1.216481E-04  6.527599E-07  3.023876E-08  6.834944E-03  1.733586E-06  6.293940E-06  3.226465E-07  2.354002E-02  1.003100E-06  1.182773E-07  1.011043E-07  3.553829E-04  4.831597E-04  1.584596E-06  4.148922E-06  5.322155E-06  1.242537E-06
 3.091500E+02  2.349400E-01  9.949711E-05  7.646951E-09  1.014555E-08  1.131442E-08  1.362783E-08  6.446417E-01  1.564073E-03  1.489200E-05  8.785937E-02  1.199331E-04  6.178467E-07  2.950344E-08  6.709202E-03  1.645052E-06  5.987855E-06  3.097705E-07  2.320452E-02  9.586664E-07  1.143567E-07  9.768657E-08  3.498196E-04  4.755893E-04  1.497249E-06  3.911644E-06  5.019447E-06  1.182717E-06
 3.101500E+02  2.351671E-01  9.836471E-05  7.397963E-09  9.817786E-09  1.094952E-08  1.319158E-08  6.447388E-01  1.536203E-03  1.401136E-05  8.803234E-02  1.182479E-04  5.849700E-07  2.878899E-08  6.586600E-03  1.561600E-06  5.698613E-06  2.974908E-07  2.287544E-02  9.164341E-07  1.105886E-07  9.440400E-08  3.443732E-04  4.681785E-04  1.415185E-06  3.689320E-06  4.735726E-06  1.126124E-06
 3.111500E+02  2.353896E-01  9.725188E-05  7.158637E-09  9.502659E-09  1.059867E-08  1.277203E-08  6.448335E-01  1.509026E-03  1.318831E-05  8.820198E-02  1.165921E-04  5.540024E-07  2.809477E-08  6.467044E-03  1.482910E-06  5.425188E-06  2.857765E-07  2.255263E-02  8.762841E-07  1.069663E-07  9.125063E-08  3.390409E-04  4.609235E-04  1.338059E-06  3.480929E-06  4.469698E-06  1.072569E-06
 3.121500E+02  2.356075E-01  9.615823E-05  6.928551E-09  9.199618E-09  1.026126E-08  1.236845E-08  6.449258E-01  1.482520E-03  1.241876E-05  8.836837E-02  1.149651E-04  5.248249E-07  2.742018E-08  6.350443E-03  1.408682E-06  5.166624E-06  2.745983E-07  2.223597E-02  8.381044E-07  1.034836E-07  8.822077E-08  3.338201E-04  4.538205E-04  1.265550E-06  3.285522E-06  4.220167E-06  1.021872E-06
 3.131500E+02  2.358209E-01  9.508337E-05  6.707299E-09  8.908137E-09  9.936697E-09  1.198015E-08  6.450158E-01  1.456665E-03  1.169890E-05  8.853158E-02  1.133666E-04  4.973265E-07  2.676461E-08  6.236710E-03  1.338637E-06  4.922029E-06  2.639288E-07  2.192532E-02  8.017895E-07  1.001344E-07  8.530901E-08  3.287080E-04  4.468659E-04  1.197358E-06  3.102222E-06  3.986021E-06  9.738667E-07
 3.141500E+02  2.360299E-01  9.402694E-05  6.494498E-09  8.627717E-09  9.624436E-09  1.160647E-08  6.451036E-01  1.431442E-03  1.102525E-05  8.869167E-02  1.117960E-04  4.714034E-07  2.612749E-08  6.125760E-03  1.272517E-06  4.690566E-06  2.537420E-07  2.162057E-02  7.672400E-07  9.691288E-08  8.251019E-08  3.237019E-04  4.400559E-04  1.133208E-06  2.930213E-06  3.766228E-06  9.283951E-07
 3.151500E+02  2.362347E-01  9.298857E-05  6.289780E-09  8.357881E-09  9.323943E-09  1.124679E-08  6.451892E-01  1.406831E-03  1.039457E-05  8.884872E-02  1.102528E-04  4.469585E-07  2.550827E-08  6.017511E-03  1.210078E-06  4.471456E-06  2.440134E-07  2.132159E-02  7.343621E-07  9.381371E-08  7.981941E-08  3.187994E-04  4.333872E-04  1.072838E-06  2.768739E-06  3.559834E-06  8.853109E-07
 3.161500E+02  2.364353E-01  9.196791E-05  6.092797E-09  8.098174E-09  9.034715E-09  1.090051E-08  6.452727E-01  1.382814E-03  9.803879E-06  8.900278E-02  1.087365E-04  4.239012E-07  2.490639E-08  5.911884E-03  1.151094E-06  4.263969E-06  2.347198E-07  2.102825E-02  7.030673E-07  9.083163E-08  7.723199E-08  3.139980E-04  4.268564E-04  1.016009E-06  2.617101E-06  3.365949E-06  8.444764E-07
 3.171500E+02  2.366319E-01  9.096459E-05  5.903218E-09  7.848166E-09  8.756272E-09  1.056707E-08  6.453542E-01  1.359374E-03  9.250406E-06  8.915393E-02  1.072468E-04  4.021468E-07  2.432135E-08  5.808804E-03  1.095355E-06  4.067422E-06  2.258393E-07  2.074045E-02  6.732722E-07  8.796167E-08  7.474346E-08  3.092952E-04  4.204600E-04  9.624946E-07  2.474645E-06  3.183749E-06  8.057624E-07
 3.181500E+02  2.368245E-01  8.997829E-05  5.720725E-09  7.607442E-09  8.488156E-09  1.024592E-08  6.454338E-01  1.336494E-03  8.731594E-06  8.930221E-02  1.057831E-04  3.816159E-07  2.375262E-08  5.708195E-03  1.042664E-06  3.881175E-06  2.173513E-07  2.045805E-02  6.448981E-07  8.519908E-08  7.234959E-08  3.046887E-04  4.141950E-04  9.120866E-07  2.340768E-06  3.012468E-06  7.690479E-07
 3.191500E+02  2.370132E-01  8.900866E-05  5.545017E-09  7.375612E-09  8.229931E-09  9.936542E-09  6.455114E-01  1.314157E-03  8.245075E-06  8.944771E-02  1.043449E-04  3.622346E-07  2.319972E-08  5.609986E-03  9.928365E-07  3.704629E-06  2.092363E-07  2.018095E-02  6.178708E-07  8.253935E-08  7.004633E-08  3.001762E-04  4.080580E-04  8.645892E-07  2.214908E-06  2.851392E-06  7.342193E-07
 3.201500E+02  2.371982E-01  8.805537E-05  5.375807E-09  7.152300E-09  7.981181E-09  9.638449E-09  6.455871E-01  1.292348E-03  7.788654E-06  8.959046E-02  1.029319E-04  3.439334E-07  2.266216E-08  5.514109E-03  9.457009E-07  3.537225E-06  2.014758E-07  1.990903E-02  5.921203E-07  7.997816E-08  6.782981E-08  2.957554E-04  4.020462E-04  8.198204E-07  2.096541E-06  2.699861E-06  7.011700E-07
 3.211500E+02  2.373794E-01  8.711811E-05  5.212822E-09  6.937151E-09  7.741510E-09  9.351171E-09  6.456611E-01  1.271051E-03  7.360298E-06  8.973054E-02  1.015435E-04  3.266474E-07  2.213948E-08  5.420497E-03  9.010965E-07  3.378438E-06  1.940524E-07  1.964220E-02  5.675803E-07  7.751139E-08  6.569637E-08  2.914243E-04  3.961565E-04  7.776102E-07  1.985182E-06  2.557258E-06  6.697999E-07
 3.221500E+02  2.375571E-01  8.619655E-05  5.055799E-09  6.729822E-09  7.510540E-09  9.074259E-09  6.457334E-01  1.250251E-03  6.958122E-06  8.986799E-02  1.001793E-04  3.103159E-07  2.163123E-08  5.329084E-03  8.588730E-07  3.227774E-06  1.869496E-07  1.938033E-02  5.441884E-07  7.513513E-08  6.364249E-08  2.871805E-04  3.903859E-04  7.377999E-07  1.880379E-06  2.423010E-06  6.400150E-07
 3.231500E+02  2.377312E-01  8.529039E-05  4.904491E-09  6.529990E-09  7.287909E-09  8.807285E-09  6.458039E-01  1.229935E-03  6.580377E-06  9.000289E-02  9.883897E-05  2.948820E-07  2.113697E-08  5.239809E-03  8.188900E-07  3.084772E-06  1.801518E-07  1.912332E-02  5.218856E-07  7.284561E-08  6.166482E-08  2.830221E-04  3.847317E-04  7.002414E-07  1.781712E-06  2.296582E-06  6.117270E-07
 3.241500E+02  2.379019E-01  8.439933E-05  4.758659E-09  6.337346E-09  7.073274E-09  8.549843E-09  6.458728E-01  1.210087E-03  6.225442E-06  9.013527E-02  9.752195E-05  2.802924E-07  2.065628E-08  5.152611E-03  7.810160E-07  2.949000E-06  1.736441E-07  1.887108E-02  5.006162E-07  7.063926E-08  5.976018E-08  2.789471E-04  3.791911E-04  6.647965E-07  1.688789E-06  2.177479E-06  5.848530E-07
 3.251500E+02  2.380693E-01  8.352305E-05  4.618078E-09  6.151592E-09  6.866307E-09  8.301542E-09  6.459401E-01  1.190696E-03  5.891809E-06  9.026519E-02  9.622786E-05  2.664972E-07  2.018876E-08  5.067431E-03  7.451278E-07  2.820050E-06  1.674126E-07  1.862349E-02  4.803276E-07  6.851267E-08  5.792551E-08  2.749535E-04  3.737614E-04  6.313360E-07  1.601245E-06  2.065238E-06  5.593150E-07
 3.261500E+02  2.382333E-01  8.266129E-05  4.482531E-09  5.972449E-09  6.666694E-09  8.062011E-09  6.460058E-01  1.171748E-03  5.578082E-06  9.039271E-02  9.495627E-05  2.534497E-07  1.973400E-08  4.984213E-03  7.111102E-07  2.697543E-06  1.614442E-07  1.838047E-02  4.609700E-07  6.646257E-08  5.615792E-08  2.710394E-04  3.684400E-04  5.997392E-07  1.518741E-06  1.959426E-06  5.350398E-07
 3.271500E+02  2.383942E-01  8.181375E-05  4.351812E-09  5.799645E-09  6.474136E-09  7.830895E-09  6.460700E-01  1.153230E-03  5.282959E-06  9.051788E-02  9.370678E-05  2.411061E-07  1.929162E-08  4.902903E-03  6.788553E-07  2.581119E-06  1.557261E-07  1.814191E-02  4.424964E-07  6.448585E-08  5.445464E-08  2.672029E-04  3.632243E-04  5.698933E-07  1.440960E-06  1.859642E-06  5.119583E-07
 3.281500E+02  2.385519E-01  8.098015E-05  4.225723E-09  5.632925E-09  6.288347E-09  7.607854E-09  6.461328E-01  1.135131E-03  5.005235E-06  9.064074E-02  9.247898E-05  2.294253E-07  1.886124E-08  4.823446E-03  6.482619E-07  2.470443E-06  1.502466E-07  1.790773E-02  4.248623E-07  6.257953E-08  5.281300E-08  2.634422E-04  3.581119E-04  5.416927E-07  1.367607E-06  1.765511E-06  4.900057E-07
 3.291500E+02  2.387065E-01  8.016022E-05  4.104078E-09  5.472042E-09  6.109054E-09  7.392567E-09  6.461941E-01  1.117438E-03  4.743786E-06  9.076135E-02  9.127245E-05  2.183687E-07  1.844251E-08  4.745792E-03  6.192351E-07  2.365199E-06  1.449944E-07  1.767782E-02  4.080257E-07  6.074076E-08  5.123049E-08  2.597555E-04  3.531002E-04  5.150388E-07  1.298406E-06  1.676683E-06  4.691211E-07
 3.301500E+02  2.388582E-01  7.935369E-05  3.986696E-09  5.316763E-09  5.935997E-09  7.184722E-09  6.462541E-01  1.100141E-03  4.497567E-06  9.087975E-02  9.008682E-05  2.079002E-07  1.803508E-08  4.669891E-03  5.916859E-07  2.265090E-06  1.399588E-07  1.745211E-02  3.919468E-07  5.896684E-08  4.970470E-08  2.561411E-04  3.481871E-04  4.898392E-07  1.233102E-06  1.592831E-06  4.492470E-07
 3.311500E+02  2.390070E-01  7.856031E-05  3.873407E-09  5.166863E-09  5.768927E-09  6.984025E-09  6.463127E-01  1.083229E-03  4.265606E-06  9.099600E-02  8.892169E-05  1.979860E-07  1.763861E-08  4.595696E-03  5.655311E-07  2.169836E-06  1.351297E-07  1.723050E-02  3.765880E-07  5.725516E-08  4.823331E-08  2.525974E-04  3.433701E-04  4.660076E-07  1.171454E-06  1.513651E-06  4.303292E-07
 3.321500E+02  2.391529E-01  7.777981E-05  3.764046E-09  5.022128E-09  5.607606E-09  6.790193E-09  6.463700E-01  1.066691E-03  4.046999E-06  9.111012E-02  8.777667E-05  1.885942E-07  1.725277E-08  4.523158E-03  5.406922E-07  2.079176E-06  1.304976E-07  1.701290E-02  3.619137E-07  5.560324E-08  4.681413E-08  2.491226E-04  3.386471E-04  4.434630E-07  1.113238E-06  1.438858E-06  4.123170E-07
 3.331500E+02  2.392960E-01  7.701194E-05  3.658456E-09  4.882354E-09  5.451806E-09  6.602955E-09  6.464261E-01  1.050516E-03  3.840903E-06  9.122218E-02  8.665140E-05  1.796950E-07  1.687723E-08  4.452234E-03  5.170957E-07  1.992861E-06  1.260532E-07  1.679923E-02  3.478902E-07  5.400870E-08  4.544505E-08  2.457152E-04  3.340158E-04  4.221298E-07  1.058246E-06  1.368186E-06  3.951622E-07
 3.341500E+02  2.394364E-01  7.625647E-05  3.556490E-09  4.747344E-09  5.301310E-09  6.422054E-09  6.464809E-01  1.034696E-03  3.646533E-06  9.133222E-02  8.554549E-05  1.712603E-07  1.651171E-08  4.382879E-03  4.946727E-07  1.910661E-06  1.217880E-07  1.658941E-02  3.344856E-07  5.246929E-08  4.412406E-08  2.423737E-04  3.294742E-04  4.019370E-07  1.006282E-06  1.301386E-06  3.788197E-07
 3.351500E+02  2.395741E-01  7.551315E-05  3.458002E-09  4.616913E-09  5.155911E-09  6.247242E-09  6.465344E-01  1.019219E-03  3.463157E-06  9.144027E-02  8.445859E-05  1.632639E-07  1.615589E-08  4.315051E-03  4.733584E-07  1.832355E-06  1.176939E-07  1.638336E-02  3.216698E-07  5.098283E-08  4.284924E-08  2.390964E-04  3.250201E-04  3.828181E-07  9.571642E-07  1.238227E-06  3.632469E-07
 3.361500E+02  2.397093E-01  7.478174E-05  3.362858E-09  4.490881E-09  5.015409E-09  6.078284E-09  6.465869E-01  1.004078E-03  3.290092E-06  9.154638E-02  8.339033E-05  1.556810E-07  1.580949E-08  4.248710E-03  4.530918E-07  1.757739E-06  1.137629E-07  1.618099E-02  3.094141E-07  4.954723E-08  4.161876E-08  2.358820E-04  3.206516E-04  3.647108E-07  9.107214E-07  1.178491E-06  3.484035E-07
 3.371500E+02  2.398418E-01  7.406201E-05  3.270925E-09  4.369078E-09  4.879615E-09  5.914953E-09  6.466382E-01  9.892627E-04  3.126703E-06  9.165059E-02  8.234038E-05  1.484883E-07  1.547222E-08  4.183814E-03  4.338156E-07  1.686617E-06  1.099877E-07  1.598224E-02  2.976913E-07  4.816053E-08  4.043085E-08  2.327291E-04  3.163666E-04  3.475567E-07  8.667943E-07  1.121975E-06  3.342518E-07
 3.381500E+02  2.399719E-01  7.335375E-05  3.182080E-09  4.251339E-09  4.748346E-09  5.757033E-09  6.466883E-01  9.747648E-04  2.972395E-06  9.175294E-02  8.130837E-05  1.416641E-07  1.514382E-08  4.120327E-03  4.154761E-07  1.618807E-06  1.063613E-07  1.578702E-02  2.864760E-07  4.682081E-08  3.928385E-08  2.296361E-04  3.121633E-04  3.313011E-07  8.252335E-07  1.068488E-06  3.207559E-07
 3.391500E+02  2.400996E-01  7.265673E-05  3.096203E-09  4.137509E-09  4.621428E-09  5.604317E-09  6.467374E-01  9.605758E-04  2.826614E-06  9.185347E-02  8.029397E-05  1.351878E-07  1.482403E-08  4.058210E-03  3.980227E-07  1.554136E-06  1.028770E-07  1.559527E-02  2.757436E-07  4.552627E-08  3.817613E-08  2.266017E-04  3.080398E-04  3.158924E-07  7.858995E-07  1.017852E-06  3.078821E-07
 3.401500E+02  2.402249E-01  7.197072E-05  3.013179E-09  4.027437E-09  4.498695E-09  5.456607E-09  6.467855E-01  9.466875E-04  2.688842E-06  9.195222E-02  7.929685E-05  1.290402E-07  1.451259E-08  3.997428E-03  3.814075E-07  1.492443E-06  9.952856E-08  1.540690E-02  2.654712E-07  4.427515E-08  3.710618E-08  2.236247E-04  3.039943E-04  3.012826E-07  7.486614E-07  9.699018E-07  2.955985E-07
 3.411500E+02  2.403479E-01  7.129554E-05  2.932899E-09  3.920980E-09  4.379988E-09  5.313713E-09  6.468325E-01  9.330921E-04  2.558596E-06  9.204922E-02  7.831667E-05  1.232030E-07  1.420926E-08  3.937945E-03  3.655860E-07  1.433573E-06  9.630986E-08  1.522186E-02  2.556369E-07  4.306579E-08  3.607251E-08  2.207036E-04  3.000250E-04  2.874263E-07  7.133967E-07  9.244799E-07  2.838752E-07
 3.421500E+02  2.404686E-01  7.063095E-05  2.855258E-09  3.818002E-09  4.265154E-09  5.175453E-09  6.468785E-01  9.197817E-04  2.435424E-06  9.214452E-02  7.735312E-05  1.176592E-07  1.391379E-08  3.879727E-03  3.505157E-07  1.377383E-06  9.321520E-08  1.504006E-02  2.462200E-07  4.189660E-08  3.507373E-08  2.178373E-04  2.961302E-04  2.742810E-07  6.799909E-07  8.814402E-07  2.726836E-07
 3.431500E+02  2.405871E-01  6.997677E-05  2.780156E-09  3.718369E-09  4.154046E-09  5.041654E-09  6.469236E-01  9.067491E-04  2.318903E-06  9.223814E-02  7.640588E-05  1.123928E-07  1.362595E-08  3.822742E-03  3.361571E-07  1.323735E-06  9.023914E-08  1.486145E-02  2.372007E-07  4.076605E-08  3.410848E-08  2.150246E-04  2.923082E-04  2.618069E-07  6.483363E-07  8.406456E-07  2.619971E-07
 3.441500E+02  2.407034E-01  6.933280E-05  2.707496E-09  3.621958E-09  4.046526E-09  4.912149E-09  6.469677E-01  8.939870E-04  2.208638E-06  9.233012E-02  7.547464E-05  1.073886E-07  1.334553E-08  3.766956E-03  3.224725E-07  1.272500E-06  8.737650E-08  1.468595E-02  2.285605E-07  3.967268E-08  3.317547E-08  2.122641E-04  2.885574E-04  2.499664E-07  6.183323E-07  8.019675E-07  2.517901E-07
 3.451500E+02  2.408176E-01  6.869884E-05  2.637188E-09  3.528646E-09  3.942457E-09  4.786778E-09  6.470109E-01  8.814884E-04  2.104260E-06  9.242049E-02  7.455910E-05  1.026324E-07  1.307231E-08  3.712340E-03  3.094268E-07  1.223558E-06  8.462235E-08  1.451351E-02  2.202817E-07  3.861508E-08  3.227349E-08  2.095547E-04  2.848761E-04  2.387243E-07  5.898842E-07  7.652853E-07  2.420389E-07
 3.461500E+02  2.409297E-01  6.807470E-05  2.569142E-09  3.438319E-09  3.841713E-09  4.665387E-09  6.470532E-01  8.692466E-04  2.005423E-06  9.250930E-02  7.365895E-05  9.811075E-08  1.280607E-08  3.658864E-03  2.969867E-07  1.176793E-06  8.197199E-08  1.434406E-02  2.123473E-07  3.759191E-08  3.140133E-08  2.068954E-04  2.812628E-04  2.280475E-07  5.629035E-07  7.304858E-07  2.327206E-07
 3.471500E+02  2.410398E-01  6.746019E-05  2.503275E-09  3.350866E-09  3.744170E-09  4.547832E-09  6.470946E-01  8.572549E-04  1.911802E-06  9.259656E-02  7.277390E-05  9.381108E-08  1.254661E-08  3.606497E-03  2.851208E-07  1.132096E-06  7.942097E-08  1.417753E-02  2.047415E-07  3.660189E-08  3.055788E-08  2.042849E-04  2.777160E-04  2.179049E-07  5.373070E-07  6.974627E-07  2.238140E-07
 3.481500E+02  2.411479E-01  6.685515E-05  2.439506E-09  3.266181E-09  3.649710E-09  4.433970E-09  6.471352E-01  8.455071E-04  1.823095E-06  9.268232E-02  7.190367E-05  8.972147E-08  1.229374E-08  3.555212E-03  2.737994E-07  1.089365E-06  7.696503E-08  1.401388E-02  1.974492E-07  3.564378E-08  2.974205E-08  2.017222E-04  2.742342E-04  2.082671E-07  5.130167E-07  6.661163E-07  2.152987E-07
 3.491500E+02  2.412541E-01  6.625937E-05  2.377756E-09  3.184161E-09  3.558220E-09  4.323666E-09  6.471750E-01  8.339968E-04  1.739018E-06  9.276660E-02  7.104798E-05  8.583073E-08  1.204727E-08  3.504981E-03  2.629948E-07  1.048503E-06  7.460013E-08  1.385303E-02  1.904559E-07  3.471640E-08  2.895280E-08  1.992063E-04  2.708160E-04  1.991066E-07  4.899592E-07  6.363530E-07  2.071557E-07
 3.501500E+02  2.413583E-01  6.567271E-05  2.317953E-09  3.104711E-09  3.469591E-09  4.216793E-09  6.472139E-01  8.227182E-04  1.659303E-06  9.284944E-02  7.020653E-05  8.212827E-08  1.180701E-08  3.455778E-03  2.526806E-07  1.009419E-06  7.232240E-08  1.369493E-02  1.837480E-07  3.381861E-08  2.818913E-08  1.967360E-04  2.674599E-04  1.903975E-07  4.680658E-07  6.080847E-07  1.993666E-07
 3.511500E+02  2.414607E-01  6.509497E-05  2.260024E-09  3.027735E-09  3.383719E-09  4.113225E-09  6.472521E-01  8.116655E-04  1.583702E-06  9.293086E-02  6.937908E-05  7.860416E-08  1.157278E-08  3.407576E-03  2.428318E-07  9.720240E-07  7.012818E-08  1.353953E-02  1.773125E-07  3.294934E-08  2.745010E-08  1.943105E-04  2.641646E-04  1.821154E-07  4.472718E-07  5.812289E-07  1.919144E-07
 3.521500E+02  2.415613E-01  6.452600E-05  2.203901E-09  2.953145E-09  3.300505E-09  4.012843E-09  6.472895E-01  8.008329E-04  1.511981E-06  9.301090E-02  6.856534E-05  7.524899E-08  1.134440E-08  3.360351E-03  2.334250E-07  9.362375E-07  6.801395E-08  1.338677E-02  1.711370E-07  3.210752E-08  2.673479E-08  1.919286E-04  2.609288E-04  1.742373E-07  4.275164E-07  5.557078E-07  1.847829E-07
 3.531500E+02  2.416601E-01  6.396563E-05  2.149519E-09  2.880855E-09  3.219853E-09  3.915534E-09  6.473261E-01  7.902149E-04  1.443920E-06  9.308957E-02  6.776506E-05  7.205390E-08  1.112173E-08  3.314079E-03  2.244380E-07  9.019815E-07  6.597639E-08  1.323659E-02  1.652099E-07  3.129218E-08  2.604232E-08  1.895896E-04  2.577511E-04  1.667416E-07  4.087426E-07  5.314483E-07  1.779565E-07
 3.541500E+02  2.417572E-01  6.341370E-05  2.096816E-09  2.810781E-09  3.141671E-09  3.821188E-09  6.473620E-01  7.798064E-04  1.379312E-06  9.316692E-02  6.697797E-05  6.901054E-08  1.090457E-08  3.268734E-03  2.158499E-07  8.691823E-07  6.401230E-08  1.308895E-02  1.595199E-07  3.050234E-08  2.537185E-08  1.872924E-04  2.546303E-04  1.596079E-07  3.908965E-07  5.083817E-07  1.714208E-07
 3.551500E+02  2.418525E-01  6.287006E-05  2.045730E-09  2.742845E-09  3.065871E-09  3.729699E-09  6.473972E-01  7.696021E-04  1.317965E-06  9.324296E-02  6.620384E-05  6.611102E-08  1.069280E-08  3.224295E-03  2.076409E-07  8.377703E-07  6.211866E-08  1.294379E-02  1.540566E-07  2.973708E-08  2.472259E-08  1.850360E-04  2.515652E-04  1.528169E-07  3.739278E-07  4.864433E-07  1.651618E-07
 3.561500E+02  2.419462E-01  6.233455E-05  1.996203E-09  2.676971E-09  2.992368E-09  3.640967E-09  6.474317E-01  7.595970E-04  1.259696E-06  9.331772E-02  6.544241E-05  6.334789E-08  1.048623E-08  3.180740E-03  1.997921E-07  8.076794E-07  6.029256E-08  1.280107E-02  1.488097E-07  2.899553E-08  2.409375E-08  1.828198E-04  2.485544E-04  1.463506E-07  3.577888E-07  4.655724E-07  1.591666E-07
 3.571500E+02  2.420383E-01  6.180703E-05  1.948182E-09  2.613086E-09  2.921081E-09  3.554894E-09  6.474656E-01  7.497863E-04  1.204335E-06  9.339123E-02  6.469345E-05  6.071413E-08  1.028474E-08  3.138046E-03  1.922859E-07  7.788471E-07  5.853124E-08  1.266072E-02  1.437697E-07  2.827683E-08  2.348459E-08  1.806427E-04  2.455970E-04  1.401919E-07  3.424349E-07  4.457115E-07  1.534226E-07
 3.581500E+02  2.421288E-01  6.128734E-05  1.901611E-09  2.551119E-09  2.851932E-09  3.471388E-09  6.474987E-01  7.401652E-04  1.151722E-06  9.346352E-02  6.395670E-05  5.820309E-08  1.008818E-08  3.096192E-03  1.851056E-07  7.512140E-07  5.683207E-08  1.252272E-02  1.389276E-07  2.758017E-08  2.289441E-08  1.785039E-04  2.426916E-04  1.343248E-07  3.278239E-07  4.268068E-07  1.479180E-07
 3.591500E+02  2.422177E-01  6.077534E-05  1.856441E-09  2.491003E-09  2.784847E-09  3.390359E-09  6.475313E-01  7.307291E-04  1.101706E-06  9.353460E-02  6.323195E-05  5.580851E-08  9.896408E-09  3.055158E-03  1.782353E-07  7.247241E-07  5.519253E-08  1.238700E-02  1.342745E-07  2.690476E-08  2.232252E-08  1.764026E-04  2.398372E-04  1.287340E-07  3.139161E-07  4.088074E-07  1.426418E-07
 3.601500E+02  2.423050E-01  6.027090E-05  1.812621E-09  2.432675E-09  2.719753E-09  3.311722E-09  6.475632E-01  7.214736E-04  1.054145E-06  9.360451E-02  6.251897E-05  5.352446E-08  9.709288E-09  3.014925E-03  1.716599E-07  6.993240E-07  5.361021E-08  1.225352E-02  1.298022E-07  2.624987E-08  2.176827E-08  1.743380E-04  2.370327E-04  1.234051E-07  3.006743E-07  3.916655E-07  1.375833E-07
 3.611500E+02  2.423909E-01  5.977387E-05  1.770105E-09  2.376071E-09  2.656581E-09  3.235393E-09  6.475945E-01  7.123943E-04  1.008907E-06  9.367326E-02  6.181753E-05  5.134534E-08  9.526692E-09  2.975472E-03  1.653653E-07  6.749631E-07  5.208283E-08  1.212224E-02  1.255029E-07  2.561476E-08  2.123102E-08  1.723093E-04  2.342770E-04  1.183248E-07  2.880632E-07  3.753359E-07  1.327324E-07
 3.621500E+02  2.424753E-01  5.928411E-05  1.728847E-09  2.321132E-09  2.595264E-09  3.161293E-09  6.476252E-01  7.034871E-04  9.658643E-07  9.374089E-02  6.112742E-05  4.926586E-08  9.348493E-09  2.936781E-03  1.593381E-07  6.515936E-07  5.060818E-08  1.199312E-02  1.213691E-07  2.499874E-08  2.071018E-08  1.703158E-04  2.315691E-04  1.134802E-07  2.760496E-07  3.597762E-07  1.280796E-07
 3.631500E+02  2.425583E-01  5.880151E-05  1.688804E-09  2.267801E-09  2.535740E-09  3.089346E-09  6.476553E-01  6.947478E-04  9.249006E-07  9.380740E-02  6.044841E-05  4.728102E-08  9.174569E-09  2.898834E-03  1.535654E-07  6.291698E-07  4.918418E-08  1.186611E-02  1.173936E-07  2.440116E-08  2.020517E-08  1.683567E-04  2.289079E-04  1.088592E-07  2.646023E-07  3.449462E-07  1.236158E-07
 3.641500E+02  2.426399E-01  5.832592E-05  1.649934E-09  2.216022E-09  2.477947E-09  3.019479E-09  6.476848E-01  6.861725E-04  8.859043E-07  9.387283E-02  5.978031E-05  4.538609E-08  9.004801E-09  2.861613E-03  1.480352E-07  6.076485E-07  4.780882E-08  1.174116E-02  1.135696E-07  2.382136E-08  1.971542E-08  1.664313E-04  2.262925E-04  1.044505E-07  2.536918E-07  3.308080E-07  1.193324E-07
 3.651500E+02  2.427201E-01  5.785722E-05  1.612196E-09  2.165744E-09  2.421825E-09  2.951622E-09  6.477138E-01  6.777574E-04  8.487708E-07  9.393719E-02  5.912290E-05  4.357659E-08  8.839074E-09  2.825101E-03  1.427360E-07  5.869889E-07  4.648019E-08  1.161825E-02  1.098906E-07  2.325873E-08  1.924040E-08  1.645388E-04  2.237220E-04  1.002434E-07  2.432902E-07  3.173261E-07  1.152213E-07
 3.661500E+02  2.427989E-01  5.739529E-05  1.575553E-09  2.116914E-09  2.367318E-09  2.885705E-09  6.477422E-01  6.694986E-04  8.134016E-07  9.400051E-02  5.847599E-05  4.184828E-08  8.677276E-09  2.789281E-03  1.376571E-07  5.671518E-07  4.519646E-08  1.149732E-02  1.063505E-07  2.271269E-08  1.877961E-08  1.626787E-04  2.211953E-04  9.622764E-08  2.333714E-07  3.044666E-07  1.112746E-07
 3.671500E+02  2.428765E-01  5.694001E-05  1.539966E-09  2.069483E-09  2.314371E-09  2.821665E-09  6.477701E-01  6.613925E-04  7.797038E-07  9.406281E-02  5.783937E-05  4.019715E-08  8.519299E-09  2.754137E-03  1.327881E-07  5.481003E-07  4.395588E-08  1.137834E-02  1.029433E-07  2.218266E-08  1.833253E-08  1.608501E-04  2.187115E-04  9.239364E-08  2.239104E-07  2.921977E-07  1.074849E-07
 3.681500E+02  2.429527E-01  5.649125E-05  1.505401E-09  2.023406E-09  2.262933E-09  2.759439E-09  6.477975E-01  6.534355E-04  7.475898E-07  9.412410E-02  5.721286E-05  3.861943E-08  8.365039E-09  2.719653E-03  1.281192E-07  5.297993E-07  4.275679E-08  1.126127E-02  9.966354E-08  2.166810E-08  1.789871E-08  1.590524E-04  2.162698E-04  8.873232E-08  2.148840E-07  2.804895E-07  1.038453E-07
 3.691500E+02  2.430277E-01  5.604890E-05  1.471822E-09  1.978636E-09  2.212952E-09  2.698965E-09  6.478244E-01  6.456243E-04  7.169772E-07  9.418442E-02  5.659626E-05  3.711150E-08  8.214393E-09  2.685813E-03  1.236413E-07  5.122152E-07  4.159757E-08  1.114608E-02  9.650576E-08  2.116849E-08  1.747769E-08  1.572851E-04  2.138693E-04  8.523509E-08  2.062700E-07  2.693136E-07  1.003491E-07
 3.701500E+02  2.431014E-01  5.561285E-05  1.439197E-09  1.935130E-09  2.164381E-09  2.640187E-09  6.478507E-01  6.379555E-04  6.877880E-07  9.424376E-02  5.598939E-05  3.566998E-08  8.067263E-09  2.652603E-03  1.193455E-07  4.953163E-07  4.047671E-08  1.103272E-02  9.346488E-08  2.068331E-08  1.706902E-08  1.555474E-04  2.115090E-04  8.189383E-08  1.980477E-07  2.586431E-07  9.698987E-08
 3.711500E+02  2.431739E-01  5.518298E-05  1.407494E-09  1.892845E-09  2.117171E-09  2.583048E-09  6.478766E-01  6.304257E-04  6.599490E-07  9.430217E-02  5.539206E-05  3.429164E-08  7.923553E-09  2.620007E-03  1.152234E-07  4.790724E-07  3.939273E-08  1.092116E-02  9.053603E-08  2.021209E-08  1.667228E-08  1.538388E-04  2.091883E-04  7.870086E-08  1.901971E-07  2.484527E-07  9.376162E-08
 3.721500E+02  2.432452E-01  5.475919E-05  1.376682E-09  1.851743E-09  2.071280E-09  2.527494E-09  6.479021E-01  6.230319E-04  6.333907E-07  9.435964E-02  5.480410E-05  3.297343E-08  7.783171E-09  2.588013E-03  1.112673E-07  4.634547E-07  3.834424E-08  1.081137E-02  8.771456E-08  1.975435E-08  1.628708E-08  1.521587E-04  2.069062E-04  7.564890E-08  1.826998E-07  2.387185E-07  9.065860E-08
 3.731500E+02  2.433154E-01  5.434136E-05  1.346732E-09  1.811783E-09  2.026662E-09  2.473474E-09  6.479270E-01  6.157709E-04  6.080477E-07  9.441621E-02  5.422534E-05  3.171246E-08  7.646026E-09  2.556606E-03  1.074694E-07  4.484359E-07  3.732989E-08  1.070332E-02  8.499604E-08  1.930965E-08  1.591301E-08  1.505064E-04  2.046620E-04  7.273106E-08  1.755382E-07  2.294178E-07  8.767534E-08
