#         T/K            c1          c2-1          c3-4          c3-5          c3-7          c3-9            m1          m2-1          m3-1            w1            w2          w3-1          w3-2          c1m1        c1m2-1        c1m2-7        c2m1-1        c1w1-2        c1w2-1        c2w1-1        c2w1-9        m1w1-1        m1w1-4        m1w2-1        m2w1-1        m2w1-3      c1m1w1-1
 2.731500E+02  2.262367E-01  1.810086E-04  3.834357E-08  5.032686E-08  5.599263E-08  6.676425E-08  9.793417E-02  8.620476E-05  8.190070E-07  4.193614E-01  6.449273E-03  1.008783E-03  1.415430E-05  2.477370E-03  4.145083E-07  1.360133E-06  3.196464E-07  2.445339E-01  2.066922E-04  3.002311E-06  2.636347E-06  5.929536E-04  8.071698E-04  7.764991E-05  6.565830E-06  8.315712E-06  8.882344E-06
 2.741500E+02  2.278653E-01  1.800299E-04  3.721617E-08  4.886366E-08  5.436877E-08  6.484843E-08  9.797784E-02  8.408266E-05  7.546189E-07  4.211608E-01  6.341961E-03  9.417946E-04  1.372791E-05  2.428263E-03  3.883663E-07  1.278481E-06  3.056235E-07  2.413356E-01  1.960521E-04  2.900857E-06  2.545063E-06  5.810051E-04  7.908544E-04  7.221393E-05  6.079033E-06  7.702243E-06  8.368724E-06
 2.751500E+02  2.294728E-01  1.790392E-04  3.612320E-08  4.744457E-08  5.279371E-08  6.298949E-08  9.802026E-02  8.202928E-05  6.957364E-07  4.229318E-01  6.236723E-03  8.795980E-04  1.331607E-05  2.380343E-03  3.640349E-07  1.202237E-06  2.922812E-07  2.381778E-01  1.860076E-04  2.803115E-06  2.457202E-06  5.693654E-04  7.749630E-04  6.719000E-05  5.631434E-06  7.137953E-06  7.887594E-06
 2.761500E+02  2.310592E-01  1.780373E-04  3.506367E-08  4.606834E-08  5.126608E-08  6.118585E-08  9.806148E-02  8.004199E-05  6.418537E-07  4.246751E-01  6.133524E-03  8.218291E-04  1.291827E-05  2.333578E-03  3.413785E-07  1.131014E-06  2.795839E-07  2.350607E-01  1.765233E-04  2.708943E-06  2.372633E-06  5.580254E-04  7.594830E-04  6.254474E-05  5.219647E-06  6.618611E-06  7.436744E-06
 2.771500E+02  2.326246E-01  1.770250E-04  3.403661E-08  4.473375E-08  4.978454E-08  5.943598E-08  9.810154E-02  7.811827E-05  5.925143E-07  4.263910E-01  6.032331E-03  7.681525E-04  1.253400E-05  2.287938E-03  3.202723E-07  1.064453E-06  2.674980E-07  2.319841E-01  1.675657E-04  2.618209E-06  2.291227E-06  5.469765E-04  7.444025E-04  5.824761E-05  4.840597E-06  6.140373E-06  7.014123E-06
 2.781500E+02  2.341691E-01  1.760032E-04  3.304107E-08  4.343960E-08  4.834777E-08  5.773836E-08  9.814050E-02  7.625571E-05  5.473062E-07  4.280800E-01  5.933108E-03  7.182596E-04  1.216277E-05  2.243393E-03  3.006015E-07  1.002223E-06  2.559916E-07  2.289481E-01  1.591037E-04  2.530783E-06  2.212864E-06  5.362103E-04  7.297097E-04  5.427070E-05  4.491489E-06  5.699745E-06  6.617828E-06
 2.791500E+02  2.356926E-01  1.749725E-04  3.207613E-08  4.218474E-08  4.695449E-08  5.609153E-08  9.817838E-02  7.445200E-05  5.058574E-07  4.297425E-01  5.835821E-03  6.718664E-04  1.180413E-05  2.199915E-03  2.822606E-07  9.440165E-07  2.450348E-07  2.259524E-01  1.511081E-04  2.446541E-06  2.137424E-06  5.257185E-04  7.153934E-04  5.058845E-05  4.169784E-06  5.293549E-06  6.246093E-06
 2.801500E+02  2.371954E-01  1.739338E-04  3.114089E-08  4.096803E-08  4.560346E-08  5.449406E-08  9.821522E-02  7.270493E-05  4.678312E-07  4.313789E-01  5.740434E-03  6.287112E-04  1.145760E-05  2.157476E-03  2.651521E-07  8.895522E-07  2.345993E-07  2.229970E-01  1.435513E-04  2.365363E-06  2.064795E-06  5.154933E-04  7.014426E-04  4.717746E-05  3.873169E-06  4.918891E-06  5.897276E-06
 2.811500E+02  2.386774E-01  1.728878E-04  3.023447E-08  3.978836E-08  4.429345E-08  5.294454E-08  9.825107E-02  7.101238E-05  4.329234E-07  4.329896E-01  5.646913E-03  5.885529E-04  1.112276E-05  2.116049E-03  2.491863E-07  8.385683E-07  2.246581E-07  2.200817E-01  1.364075E-04  2.287133E-06  1.994868E-06  5.055268E-04  6.878465E-04  4.401633E-05  3.599540E-06  4.573138E-06  5.569854E-06
 2.821500E+02  2.401388E-01  1.718352E-04  2.935602E-08  3.864466E-08  4.302326E-08  5.144159E-08  9.828595E-02  6.937233E-05  4.008585E-07  4.345749E-01  5.555222E-03  5.511696E-04  1.079918E-05  2.075606E-03  2.342806E-07  7.908230E-07  2.151861E-07  2.172063E-01  1.296527E-04  2.211741E-06  1.927538E-06  4.958116E-04  6.745948E-04  4.108542E-05  3.346982E-06  4.253891E-06  5.262411E-06
 2.831500E+02  2.415798E-01  1.707767E-04  2.850471E-08  3.753587E-08  4.179175E-08  4.998390E-08  9.831990E-02  6.778283E-05  3.713870E-07  4.361354E-01  5.465328E-03  5.163565E-04  1.048646E-05  2.036124E-03  2.203585E-07  7.460924E-07  2.061592E-07  2.143707E-01  1.232641E-04  2.139080E-06  1.862706E-06  4.863404E-04  6.616775E-04  3.836675E-05  3.113748E-06  3.958961E-06  4.973632E-06
 2.841500E+02  2.430004E-01  1.697130E-04  2.767971E-08  3.646096E-08  4.059776E-08  4.857013E-08  9.835295E-02  6.624202E-05  3.442828E-07  4.376712E-01  5.377195E-03  4.839247E-04  1.018420E-05  1.997576E-03  2.073498E-07  7.041694E-07  1.975549E-07  2.115746E-01  1.172205E-04  2.069046E-06  1.800273E-06  4.771061E-04  6.490848E-04  3.584381E-05  2.898248E-06  3.686355E-06  4.702291E-06
 2.851500E+02  2.444008E-01  1.686448E-04  2.688025E-08  3.541892E-08  3.944021E-08  4.719904E-08  9.838513E-02  6.474811E-05  3.193408E-07  4.391828E-01  5.290790E-03  4.537003E-04  9.892028E-06  1.959938E-03  1.951893E-07  6.648622E-07  1.893516E-07  2.088178E-01  1.115018E-04  2.001540E-06  1.740147E-06  4.681019E-04  6.368073E-04  3.350147E-05  2.699028E-06  3.434251E-06  4.447252E-06
 2.861500E+02  2.457811E-01  1.675727E-04  2.610554E-08  3.440880E-08  3.831800E-08  4.586936E-08  9.841648E-02  6.329941E-05  2.963748E-07  4.406706E-01  5.206078E-03  4.255224E-04  9.609575E-06  1.923187E-03  1.838171E-07  6.279929E-07  1.815292E-07  2.060999E-01  1.060893E-04  1.936468E-06  1.682240E-06  4.593213E-04  6.248359E-04  3.132585E-05  2.514763E-06  3.200988E-06  4.207456E-06
 2.871500E+02  2.471416E-01  1.664973E-04  2.535484E-08  3.342962E-08  3.723009E-08  4.457988E-08  9.844700E-02  6.189426E-05  2.752160E-07  4.421349E-01  5.123027E-03  3.992429E-04  9.336490E-06  1.887299E-03  1.731776E-07  5.933968E-07  1.740685E-07  2.034208E-01  1.009654E-04  1.873737E-06  1.626464E-06  4.507576E-04  6.131617E-04  2.930418E-05  2.344244E-06  2.985047E-06  3.981916E-06
 2.881500E+02  2.484823E-01  1.654193E-04  2.462742E-08  3.248046E-08  3.617545E-08  4.332943E-08  9.847675E-02  6.053111E-05  2.557107E-07  4.435760E-01  5.041604E-03  3.747248E-04  9.072436E-06  1.852253E-03  1.632195E-07  5.609210E-07  1.669513E-07  2.007802E-01  9.611361E-05  1.813260E-06  1.572738E-06  4.424048E-04  6.017761E-04  2.742476E-05  2.186365E-06  2.785041E-06  3.769717E-06
 2.891500E+02  2.498035E-01  1.643391E-04  2.392256E-08  3.156042E-08  3.515308E-08  4.211683E-08  9.850573E-02  5.920844E-05  2.377194E-07  4.449943E-01  4.961775E-03  3.518418E-04  8.817087E-06  1.818026E-03  1.538955E-07  5.304239E-07  1.601604E-07  1.981776E-01  9.151829E-05  1.754950E-06  1.520982E-06  4.342568E-04  5.906708E-04  2.567681E-05  2.040115E-06  2.599700E-06  3.570002E-06
 2.901500E+02  2.511053E-01  1.632574E-04  2.323958E-08  3.066861E-08  3.416201E-08  4.094098E-08  9.853397E-02  5.792480E-05  2.211151E-07  4.463902E-01  4.883510E-03  3.304769E-04  8.570129E-06  1.784597E-03  1.451616E-07  5.017739E-07  1.536797E-07  1.956128E-01  8.716489E-05  1.698727E-06  1.471120E-06  4.263077E-04  5.798377E-04  2.405044E-05  1.904570E-06  2.427864E-06  3.381978E-06
 2.911500E+02  2.523879E-01  1.621747E-04  2.257779E-08  2.980418E-08  3.320130E-08  3.980077E-08  9.856150E-02  5.667882E-05  2.057822E-07  4.477639E-01  4.806775E-03  3.105222E-04  8.331261E-06  1.751946E-03  1.369772E-07  4.748488E-07  1.474936E-07  1.930855E-01  8.303967E-05  1.644512E-06  1.423079E-06  4.185519E-04  5.692691E-04  2.253655E-05  1.778884E-06  2.268470E-06  3.204901E-06
 2.921500E+02  2.536514E-01  1.610916E-04  2.193654E-08  2.896630E-08  3.227001E-08  3.869514E-08  9.858833E-02  5.546915E-05  1.916154E-07  4.491157E-01  4.731540E-03  2.918779E-04  8.100191E-06  1.720052E-03  1.293046E-07  4.495353E-07  1.415876E-07  1.905953E-01  7.912976E-05  1.592228E-06  1.376788E-06  4.109838E-04  5.589573E-04  2.112675E-05  1.662283E-06  2.120545E-06  3.038081E-06
 2.931500E+02  2.548962E-01  1.600084E-04  2.131520E-08  2.815414E-08  3.136725E-08  3.762303E-08  9.861450E-02  5.429454E-05  1.785188E-07  4.504461E-01  4.657775E-03  2.744516E-04  7.876640E-06  1.688896E-03  1.221090E-07  4.257279E-07  1.359480E-07  1.881419E-01  7.542303E-05  1.541804E-06  1.332180E-06  4.035982E-04  5.488950E-04  1.981333E-05  1.554056E-06  1.983196E-06  2.880873E-06
 2.941500E+02  2.561223E-01  1.589258E-04  2.071313E-08  2.736693E-08  3.049214E-08  3.658344E-08  9.864002E-02  5.315374E-05  1.664049E-07  4.517553E-01  4.585449E-03  2.581580E-04  7.660338E-06  1.658458E-03  1.153581E-07  4.033286E-07  1.305616E-07  1.857248E-01  7.190808E-05  1.493169E-06  1.289190E-06  3.963898E-04  5.390752E-04  1.858919E-05  1.453555E-06  1.855607E-06  2.732676E-06
 2.951500E+02  2.573301E-01  1.578441E-04  2.012975E-08  2.660388E-08  2.964385E-08  3.557538E-08  9.866490E-02  5.204559E-05  1.551938E-07  4.530437E-01  4.514533E-03  2.429180E-04  7.451027E-06  1.628721E-03  1.090220E-07  3.822464E-07  1.254160E-07  1.833437E-01  6.857419E-05  1.446255E-06  1.247755E-06  3.893538E-04  5.294910E-04  1.744778E-05  1.360182E-06  1.737026E-06  2.592930E-06
 2.961500E+02  2.585196E-01  1.567638E-04  1.956446E-08  2.586426E-08  2.882153E-08  3.459790E-08  9.868918E-02  5.096895E-05  1.448127E-07  4.543115E-01  4.444997E-03  2.286583E-04  7.248457E-06  1.599666E-03  1.030728E-07  3.623965E-07  1.204995E-07  1.809983E-01  6.541129E-05  1.400999E-06  1.207816E-06  3.824851E-04  5.201356E-04  1.638308E-05  1.273391E-06  1.626767E-06  2.461109E-06
 2.971500E+02  2.596911E-01  1.556853E-04  1.901670E-08  2.514733E-08  2.802438E-08  3.365005E-08  9.871286E-02  4.992274E-05  1.351950E-07  4.555590E-01  4.376813E-03  2.153113E-04  7.052388E-06  1.571276E-03  9.748485E-08  3.437001E-07  1.158009E-07  1.786880E-01  6.240990E-05  1.357337E-06  1.169315E-06  3.757792E-04  5.110027E-04  1.538952E-05  1.192680E-06  1.524196E-06  2.336727E-06
 2.981500E+02  2.608448E-01  1.546090E-04  1.848591E-08  2.445239E-08  2.725163E-08  3.273092E-08  9.873597E-02  4.890592E-05  1.262799E-07  4.567866E-01  4.309953E-03  2.028142E-04  6.862589E-06  1.543533E-03  9.223413E-08  3.260838E-07  1.113097E-07  1.764126E-01  5.956108E-05  1.315211E-06  1.132197E-06  3.692315E-04  5.020860E-04  1.446197E-05  1.117588E-06  1.428733E-06  2.219326E-06
 2.991500E+02  2.619809E-01  1.535353E-04  1.797156E-08  2.377875E-08  2.650252E-08  3.183965E-08  9.875852E-02  4.791749E-05  1.180117E-07  4.579946E-01  4.244389E-03  1.911086E-04  6.678837E-06  1.516422E-03  8.729844E-08  3.094791E-07  1.070159E-07  1.741717E-01  5.685645E-05  1.274561E-06  1.096408E-06  3.628376E-04  4.933794E-04  1.359568E-05  1.047692E-06  1.339844E-06  2.108479E-06
 3.001500E+02  2.630996E-01  1.524645E-04  1.747312E-08  2.312575E-08  2.577630E-08  3.097535E-08  9.878053E-02  4.695649E-05  1.103395E-07  4.591833E-01  4.180093E-03  1.801407E-04  6.500920E-06  1.489925E-03  8.265714E-08  2.938224E-07  1.029100E-07  1.719647E-01  5.428809E-05  1.235333E-06  1.061898E-06  3.565932E-04  4.848771E-04  1.278630E-05  9.826009E-07  1.257039E-06  2.003790E-06
 3.011500E+02  2.642012E-01  1.513971E-04  1.699009E-08  2.249274E-08  2.507226E-08  3.013721E-08  9.880201E-02  4.602200E-05  1.032166E-07  4.603529E-01  4.117041E-03  1.698604E-04  6.328630E-06  1.464027E-03  7.829105E-08  2.790544E-07  9.898289E-08  1.697913E-01  5.184857E-05  1.197473E-06  1.028617E-06  3.504941E-04  4.765734E-04  1.202978E-05  9.219581E-07  1.179867E-06  1.904884E-06
 3.021500E+02  2.652859E-01  1.503333E-04  1.652198E-08  2.187908E-08  2.438971E-08  2.932441E-08  9.882298E-02  4.511311E-05  9.660049E-08  4.615038E-01  4.055205E-03  1.602213E-04  6.161770E-06  1.438713E-03  7.418232E-08  2.651196E-07  9.522615E-08  1.676512E-01  4.953087E-05  1.160931E-06  9.965188E-07  3.445365E-04  4.684627E-04  1.132238E-05  8.654338E-07  1.107912E-06  1.811415E-06
 3.031500E+02  2.663539E-01  1.492734E-04  1.606832E-08  2.128418E-08  2.372797E-08  2.853617E-08  9.884346E-02  4.422899E-05  9.045188E-08  4.626362E-01  3.994560E-03  1.511804E-04  6.000150E-06  1.413968E-03  7.031437E-08  2.519665E-07  9.163164E-08  1.655438E-01  4.732839E-05  1.125657E-06  9.655579E-07  3.387163E-04  4.605399E-04  1.066066E-05  8.127247E-07  1.040791E-06  1.723055E-06
 3.041500E+02  2.674053E-01  1.482178E-04  1.562863E-08  2.070743E-08  2.308638E-08  2.777171E-08  9.886345E-02  4.336881E-05  8.473493E-08  4.637505E-01  3.935081E-03  1.426976E-04  5.843585E-06  1.389777E-03  6.667175E-08  2.395470E-07  8.819166E-08  1.634687E-01  4.523492E-05  1.091604E-06  9.356909E-07  3.330298E-04  4.527995E-04  1.004143E-05  7.635514E-07  9.781516E-07  1.639501E-06
 3.051500E+02  2.684405E-01  1.471666E-04  1.520248E-08  2.014827E-08  2.246432E-08  2.703030E-08  9.888298E-02  4.253178E-05  7.941670E-08  4.648468E-01  3.876743E-03  1.347357E-04  5.691899E-06  1.366127E-03  6.324010E-08  2.278160E-07  8.489893E-08  1.614256E-01  4.324458E-05  1.058725E-06  9.068761E-07  3.274733E-04  4.452368E-04  9.461723E-06  7.176565E-07  9.196694E-07  1.560467E-06
 3.061500E+02  2.694596E-01  1.461203E-04  1.478944E-08  1.960614E-08  2.186115E-08  2.631122E-08  9.890206E-02  4.171715E-05  7.446696E-08  4.659256E-01  3.819523E-03  1.272603E-04  5.544922E-06  1.343003E-03  6.000604E-08  2.167316E-07  8.174650E-08  1.594139E-01  4.135186E-05  1.026978E-06  8.790734E-07  3.220434E-04  4.378467E-04  8.918821E-06  6.748029E-07  8.650445E-07  1.485686E-06
 3.071500E+02  2.704629E-01  1.450790E-04  1.438907E-08  1.908049E-08  2.127629E-08  2.561376E-08  9.892069E-02  4.092417E-05  6.985797E-08  4.669870E-01  3.763396E-03  1.202393E-04  5.402491E-06  1.320392E-03  5.695710E-08  2.062546E-07  7.872780E-08  1.574334E-01  3.955154E-05  9.963207E-07  8.522444E-07  3.167366E-04  4.306247E-04  8.410188E-06  6.347716E-07  8.140006E-07  1.414909E-06
 3.081500E+02  2.714506E-01  1.440430E-04  1.400098E-08  1.857081E-08  2.070916E-08  2.493725E-08  9.893889E-02  4.015215E-05  6.556419E-08  4.680314E-01  3.708340E-03  1.136429E-04  5.264448E-06  1.298281E-03  5.408167E-08  1.963484E-07  7.583658E-08  1.554835E-01  3.783872E-05  9.667119E-07  8.263521E-07  3.115495E-04  4.235660E-04  7.933481E-06  5.973607E-07  7.662826E-07  1.347900E-06
 3.091500E+02  2.724229E-01  1.430125E-04  1.362476E-08  1.807658E-08  2.015918E-08  2.428104E-08  9.895667E-02  3.940042E-05  6.156217E-08  4.690590E-01  3.654333E-03  1.074434E-04  5.130641E-06  1.276658E-03  5.136892E-08  1.869787E-07  7.306692E-08  1.535639E-01  3.620876E-05  9.381130E-07  8.013611E-07  3.064789E-04  4.166664E-04  7.486527E-06  5.623839E-07  7.216547E-07  1.284441E-06
 3.101500E+02  2.733800E-01  1.419877E-04  1.326004E-08  1.759732E-08  1.962582E-08  2.364448E-08  9.897405E-02  3.866831E-05  5.783033E-08  4.700701E-01  3.601352E-03  1.016149E-04  5.000925E-06  1.255510E-03  4.880876E-08  1.781136E-07  7.041317E-08  1.516740E-01  3.465730E-05  9.104868E-07  7.772372E-07  3.015217E-04  4.099216E-04  7.067313E-06  5.296690E-07  6.798995E-07  1.224326E-06
 3.111500E+02  2.743221E-01  1.409688E-04  1.290645E-08  1.713254E-08  1.910856E-08  2.302695E-08  9.899104E-02  3.795520E-05  5.434881E-08  4.710650E-01  3.549375E-03  9.613353E-05  4.875159E-06  1.234825E-03  4.639176E-08  1.697230E-07  6.786999E-08  1.498136E-01  3.318022E-05  8.837971E-07  7.539479E-07  2.966749E-04  4.033272E-04  6.673972E-06  4.990569E-07  6.408157E-07  1.167362E-06
 3.121500E+02  2.752495E-01  1.399560E-04  1.256363E-08  1.668178E-08  1.860686E-08  2.242786E-08  9.900764E-02  3.726050E-05  5.109932E-08  4.720438E-01  3.498382E-03  9.097687E-05  4.753208E-06  1.214592E-03  4.410913E-08  1.617791E-07  6.543227E-08  1.479821E-01  3.177362E-05  8.580096E-07  7.314615E-07  2.919356E-04  3.968795E-04  6.304769E-06  4.704007E-07  6.042173E-07  1.113368E-06
 3.131500E+02  2.761624E-01  1.389495E-04  1.223122E-08  1.624460E-08  1.812025E-08  2.184663E-08  9.902386E-02  3.658361E-05  4.806500E-08  4.730069E-01  3.448351E-03  8.612415E-05  4.634940E-06  1.194800E-03  4.195268E-08  1.542556E-07  6.309520E-08  1.461791E-01  3.043383E-05  8.330908E-07  7.097480E-07  2.873007E-04  3.905743E-04  5.958099E-06  4.435643E-07  5.699323E-07  1.062175E-06
 3.141500E+02  2.770610E-01  1.379493E-04  1.190890E-08  1.582057E-08  1.764824E-08  2.128268E-08  9.903973E-02  3.592398E-05  4.523034E-08  4.739546E-01  3.399262E-03  8.155597E-05  4.520232E-06  1.175436E-03  3.991473E-08  1.471279E-07  6.085418E-08  1.444043E-01  2.915740E-05  8.090090E-07  6.887783E-07  2.827677E-04  3.844080E-04  5.632467E-06  4.184219E-07  5.378014E-07  1.013623E-06
 3.151500E+02  2.779454E-01  1.369558E-04  1.159634E-08  1.540926E-08  1.719037E-08  2.073549E-08  9.905524E-02  3.528106E-05  4.258099E-08  4.748870E-01  3.351095E-03  7.725429E-05  4.408962E-06  1.156491E-03  3.798813E-08  1.403730E-07  5.870483E-08  1.426572E-01  2.794103E-05  7.857334E-07  6.685246E-07  2.783339E-04  3.783769E-04  5.326486E-06  3.948571E-07  5.076772E-07  9.675629E-07
 3.161500E+02  2.788160E-01  1.359689E-04  1.129323E-08  1.501027E-08  1.674618E-08  2.020450E-08  9.907040E-02  3.465435E-05  4.010375E-08  4.758045E-01  3.303832E-03  7.320228E-05  4.301014E-06  1.137954E-03  3.616618E-08  1.339695E-07  5.664300E-08  1.409374E-01  2.678165E-05  7.632344E-07  6.489602E-07  2.739965E-04  3.724774E-04  5.038869E-06  3.727621E-07  4.794230E-07  9.238546E-07
 3.171500E+02  2.796730E-01  1.349889E-04  1.099925E-08  1.462320E-08  1.631524E-08  1.968923E-08  9.908524E-02  3.404332E-05  3.778642E-08  4.767072E-01  3.257452E-03  6.938425E-05  4.196275E-06  1.119814E-03  3.444263E-08  1.278971E-07  5.466474E-08  1.392444E-01  2.567633E-05  7.414838E-07  6.300593E-07  2.697531E-04  3.667060E-04  4.768416E-06  3.520370E-07  4.529124E-07  8.823661E-07
 3.181500E+02  2.805164E-01  1.340158E-04  1.071411E-08  1.424767E-08  1.589712E-08  1.918916E-08  9.909974E-02  3.344751E-05  3.561773E-08  4.775955E-01  3.211938E-03  6.578555E-05  4.094639E-06  1.102063E-03  3.281164E-08  1.221368E-07  5.276630E-08  1.375780E-01  2.462231E-05  7.204541E-07  6.117972E-07  2.656013E-04  3.610594E-04  4.514014E-06  3.325892E-07  4.280280E-07  8.429737E-07
 3.191500E+02  2.813467E-01  1.330499E-04  1.043754E-08  1.388332E-08  1.549142E-08  1.870382E-08  9.911393E-02  3.286645E-05  3.358726E-08  4.784695E-01  3.167270E-03  6.239254E-05  3.995999E-06  1.084690E-03  3.126771E-08  1.166711E-07  5.094409E-08  1.359376E-01  2.361699E-05  7.001192E-07  5.941503E-07  2.615387E-04  3.555344E-04  4.274628E-06  3.143329E-07  4.046609E-07  8.055610E-07
 3.201500E+02  2.821638E-01  1.320910E-04  1.016924E-08  1.352978E-08  1.509775E-08  1.823275E-08  9.912781E-02  3.229968E-05  3.168541E-08  4.793295E-01  3.123432E-03  5.919246E-05  3.900258E-06  1.067686E-03  2.980575E-08  1.114831E-07  4.919473E-08  1.343229E-01  2.265790E-05  6.804539E-07  5.770958E-07  2.575628E-04  3.501277E-04  4.049292E-06  2.971884E-07  3.827102E-07  7.700187E-07
 3.211500E+02  2.829682E-01  1.311395E-04  9.908964E-09  1.318671E-08  1.471571E-08  1.777548E-08  9.914139E-02  3.174678E-05  2.990325E-08  4.801757E-01  3.080406E-03  5.617342E-05  3.807317E-06  1.051042E-03  2.842094E-08  1.065573E-07  4.751496E-08  1.327335E-01  2.174270E-05  6.614338E-07  5.606118E-07  2.536717E-04  3.448363E-04  3.837109E-06  2.810819E-07  3.620822E-07  7.362441E-07
 3.221500E+02  2.837599E-01  1.301952E-04  9.656443E-09  1.285378E-08  1.434493E-08  1.733160E-08  9.915468E-02  3.120732E-05  2.823257E-08  4.810084E-01  3.038174E-03  5.332432E-05  3.717085E-06  1.034748E-03  2.710880E-08  1.018790E-07  4.590172E-08  1.311689E-01  2.086921E-05  6.430356E-07  5.446771E-07  2.498629E-04  3.396573E-04  3.637242E-06  2.659448E-07  3.426898E-07  7.041403E-07
 3.231500E+02  2.845391E-01  1.292584E-04  9.411429E-09  1.253067E-08  1.398507E-08  1.690066E-08  9.916768E-02  3.068091E-05  2.666574E-08  4.818278E-01  2.996720E-03  5.063476E-05  3.629471E-06  1.018798E-03  2.586513E-08  9.743437E-08  4.435207E-08  1.296288E-01  2.003532E-05  6.252370E-07  5.292718E-07  2.461345E-04  3.345878E-04  3.448915E-06  2.517133E-07  3.244522E-07  6.736164E-07
 3.241500E+02  2.853061E-01  1.283291E-04  9.173681E-09  1.221705E-08  1.363576E-08  1.648227E-08  9.918040E-02  3.016714E-05  2.519569E-08  4.826341E-01  2.956028E-03  4.809505E-05  3.544388E-06  1.003181E-03  2.468598E-08  9.321056E-08  4.286321E-08  1.281129E-01  1.923907E-05  6.080162E-07  5.143762E-07  2.424844E-04  3.296249E-04  3.271399E-06  2.383284E-07  3.072943E-07  6.445869E-07
 3.251500E+02  2.860611E-01  1.274073E-04  8.942964E-09  1.191263E-08  1.329669E-08  1.607603E-08  9.919285E-02  2.966566E-05  2.381589E-08  4.834275E-01  2.916082E-03  4.569613E-05  3.461755E-06  9.878895E-04  2.356765E-08  8.919537E-08  4.143249E-08  1.266206E-01  1.847859E-05  5.913527E-07  4.999719E-07  2.389105E-04  3.247659E-04  3.104019E-06  2.257349E-07  2.911461E-07  6.169711E-07
 3.261500E+02  2.868043E-01  1.264931E-04  8.719052E-09  1.161712E-08  1.296751E-08  1.568156E-08  9.920504E-02  2.917609E-05  2.252027E-08  4.842082E-01  2.876865E-03  4.342950E-05  3.381489E-06  9.729161E-04  2.250668E-08  8.537738E-08  4.005738E-08  1.251517E-01  1.775211E-05  5.752264E-07  4.860408E-07  2.354111E-04  3.200083E-04  2.946144E-06  2.138817E-07  2.759427E-07  5.906932E-07
 3.271500E+02  2.875357E-01  1.255865E-04  8.501728E-09  1.133023E-08  1.264791E-08  1.529849E-08  9.921698E-02  2.869808E-05  2.130321E-08  4.849766E-01  2.838364E-03  4.128725E-05  3.303515E-06  9.582529E-04  2.149982E-08  8.174583E-08  3.873546E-08  1.237058E-01  1.705797E-05  5.596181E-07  4.725657E-07  2.319841E-04  3.153493E-04  2.797185E-06  2.027214E-07  2.616237E-07  5.656817E-07
 3.281500E+02  2.882557E-01  1.246876E-04  8.290780E-09  1.105168E-08  1.233760E-08  1.492645E-08  9.922866E-02  2.823131E-05  2.015949E-08  4.857327E-01  2.800562E-03  3.926195E-05  3.227757E-06  9.438921E-04  2.054401E-08  7.829061E-08  3.746444E-08  1.222824E-01  1.639457E-05  5.445094E-07  4.595301E-07  2.286278E-04  3.107867E-04  2.656593E-06  1.922094E-07  2.481327E-07  5.418692E-07
 3.291500E+02  2.889645E-01  1.237964E-04  8.086003E-09  1.078122E-08  1.203628E-08  1.456510E-08  9.924010E-02  2.777543E-05  1.908427E-08  4.864768E-01  2.763446E-03  3.734666E-05  3.154144E-06  9.298266E-04  1.963640E-08  7.500222E-08  3.624212E-08  1.208813E-01  1.576042E-05  5.298825E-07  4.469180E-07  2.253404E-04  3.063178E-04  2.523855E-06  1.823048E-07  2.354173E-07  5.191924E-07
 3.301500E+02  2.896621E-01  1.229130E-04  7.887200E-09  1.051858E-08  1.174366E-08  1.421411E-08  9.925130E-02  2.733014E-05  1.807305E-08  4.872090E-01  2.727001E-03  3.553487E-05  3.082606E-06  9.160491E-04  1.877430E-08  7.187170E-08  3.506641E-08  1.195020E-01  1.515410E-05  5.157203E-07  4.347142E-07  2.221202E-04  3.019405E-04  2.398491E-06  1.729690E-07  2.234287E-07  4.975915E-07
 3.311500E+02  2.903488E-01  1.220373E-04  7.694180E-09  1.026352E-08  1.145946E-08  1.387315E-08  9.926226E-02  2.689513E-05  1.712166E-08  4.879297E-01  2.691213E-03  3.382051E-05  3.013075E-06  9.025528E-04  1.795518E-08  6.889063E-08  3.393534E-08  1.181443E-01  1.457426E-05  5.020065E-07  4.229040E-07  2.189655E-04  2.976524E-04  2.280054E-06  1.641662E-07  2.121214E-07  4.770101E-07
 3.321500E+02  2.910248E-01  1.211694E-04  7.506759E-09  1.001579E-08  1.118343E-08  1.354190E-08  9.927301E-02  2.647010E-05  1.622622E-08  4.886389E-01  2.656068E-03  3.219786E-05  2.945489E-06  8.893308E-04  1.717666E-08  6.605107E-08  3.284699E-08  1.168077E-01  1.401963E-05  4.887251E-07  4.114732E-07  2.158747E-04  2.934513E-04  2.168127E-06  1.558633E-07  2.014529E-07  4.573950E-07
 3.331500E+02  2.916903E-01  1.203092E-04  7.324757E-09  9.775176E-09  1.091530E-08  1.322007E-08  9.928353E-02  2.605478E-05  1.538312E-08  4.893370E-01  2.621553E-03  3.066158E-05  2.879784E-06  8.763765E-04  1.643653E-08  6.334555E-08  3.179956E-08  1.154919E-01  1.348900E-05  4.758611E-07  4.004082E-07  2.128462E-04  2.893350E-04  2.062317E-06  1.480290E-07  1.913838E-07  4.386960E-07
 3.341500E+02  2.923453E-01  1.194569E-04  7.148003E-09  9.541440E-09  1.065483E-08  1.290735E-08  9.929383E-02  2.564888E-05  1.458899E-08  4.900240E-01  2.587655E-03  2.920667E-05  2.815900E-06  8.636836E-04  1.573267E-08  6.076703E-08  3.079133E-08  1.141965E-01  1.298121E-05  4.633997E-07  3.896960E-07  2.098785E-04  2.853014E-04  1.962260E-06  1.406344E-07  1.818771E-07  4.208659E-07
 3.351500E+02  2.929902E-01  1.186124E-04  6.976329E-09  9.314368E-09  1.040177E-08  1.260347E-08  9.930393E-02  2.525214E-05  1.384072E-08  4.907002E-01  2.554361E-03  2.782842E-05  2.753779E-06  8.512458E-04  1.506312E-08  5.830886E-08  2.982065E-08  1.129213E-01  1.249520E-05  4.513268E-07  3.793240E-07  2.069701E-04  2.813487E-04  1.867613E-06  1.336525E-07  1.728983E-07  4.038599E-07
 3.361500E+02  2.936250E-01  1.177756E-04  6.809574E-09  9.093751E-09  1.015589E-08  1.230814E-08  9.931382E-02  2.486431E-05  1.313540E-08  4.913657E-01  2.521659E-03  2.652243E-05  2.693366E-06  8.390571E-04  1.442603E-08  5.596480E-08  2.888594E-08  1.116659E-01  1.202991E-05  4.396290E-07  3.692802E-07  2.041196E-04  2.774746E-04  1.778057E-06  1.270579E-07  1.644153E-07  3.876359E-07
 3.371500E+02  2.942500E-01  1.169467E-04  6.647583E-09  8.879386E-09  9.916962E-09  1.202111E-08  9.932352E-02  2.448514E-05  1.247032E-08  4.920208E-01  2.489537E-03  2.528457E-05  2.634607E-06  8.271114E-04  1.381965E-08  5.372892E-08  2.798572E-08  1.104299E-01  1.158438E-05  4.282931E-07  3.595528E-07  2.013256E-04  2.736774E-04  1.693291E-06  1.208271E-07  1.563981E-07  3.721542E-07
 3.381500E+02  2.948652E-01  1.161255E-04  6.490205E-09  8.671077E-09  9.684776E-09  1.174210E-08  9.933302E-02  2.411438E-05  1.184296E-08  4.926656E-01  2.457982E-03  2.411096E-05  2.577449E-06  8.154032E-04  1.324233E-08  5.159567E-08  2.711854E-08  1.092130E-01  1.115767E-05  4.173066E-07  3.501308E-07  1.985866E-04  2.699552E-04  1.613035E-06  1.149382E-07  1.488185E-07  3.573769E-07
 3.391500E+02  2.954709E-01  1.153120E-04  6.337293E-09  8.468633E-09  9.459116E-09  1.147089E-08  9.934233E-02  2.375180E-05  1.125097E-08  4.933002E-01  2.426982E-03  2.299796E-05  2.521843E-06  8.039266E-04  1.269253E-08  4.955980E-08  2.628305E-08  1.080150E-01  1.074892E-05  4.066575E-07  3.410034E-07  1.959014E-04  2.663061E-04  1.537027E-06  1.093704E-07  1.416503E-07  3.432687E-07
 3.401500E+02  2.960673E-01  1.145064E-04  6.188708E-09  8.271873E-09  9.239781E-09  1.120722E-08  9.935145E-02  2.339718E-05  1.069215E-08  4.939250E-01  2.396528E-03  2.194215E-05  2.467739E-06  7.926764E-04  1.216879E-08  4.761633E-08  2.547794E-08  1.068355E-01  1.035727E-05  3.963341E-07  3.321603E-07  1.932687E-04  2.627285E-04  1.465020E-06  1.041046E-07  1.348691E-07  3.297959E-07
 3.411500E+02  2.966544E-01  1.137084E-04  6.044313E-09  8.080617E-09  9.026571E-09  1.095085E-08  9.936039E-02  2.305030E-05  1.016446E-08  4.945400E-01  2.366606E-03  2.094033E-05  2.415091E-06  7.816472E-04  1.166974E-08  4.576060E-08  2.470197E-08  1.056741E-01  9.981941E-06  3.863252E-07  3.235914E-07  1.906871E-04  2.592205E-04  1.396783E-06  9.912282E-08  1.284517E-07  3.169269E-07
 3.421500E+02  2.972325E-01  1.129181E-04  5.903977E-09  7.894696E-09  8.819298E-09  1.070157E-08  9.936916E-02  2.271095E-05  9.665997E-09  4.951454E-01  2.337207E-03  1.998948E-05  2.363854E-06  7.708338E-04  1.119409E-08  4.398816E-08  2.395394E-08  1.045306E-01  9.622176E-06  3.766201E-07  3.152874E-07  1.881556E-04  2.557806E-04  1.332100E-06  9.440818E-08  1.223769E-07  3.046314E-07
 3.431500E+02  2.978017E-01  1.121355E-04  5.767572E-09  7.713943E-09  8.617777E-09  1.045916E-08  9.937775E-02  2.237893E-05  9.194974E-09  4.957414E-01  2.308319E-03  1.908675E-05  2.313984E-06  7.602311E-04  1.074061E-08  4.229486E-08  2.323273E-08  1.034047E-01  9.277259E-06  3.672082E-07  3.072388E-07  1.856730E-04  2.524071E-04  1.270767E-06  8.994496E-08  1.166244E-07  2.928812E-07
 3.441500E+02  2.983621E-01  1.113606E-04  5.634975E-09  7.538197E-09  8.421829E-09  1.022341E-08  9.938618E-02  2.205403E-05  8.749730E-09  4.963282E-01  2.279933E-03  1.822950E-05  2.265439E-06  7.498344E-04  1.030815E-08  4.067673E-08  2.253724E-08  1.022961E-01  8.946510E-06  3.580798E-07  2.994370E-07  1.832379E-04  2.490985E-04  1.212596E-06  8.571841E-08  1.111755E-07  2.816495E-07
 3.451500E+02  2.989139E-01  1.105932E-04  5.506069E-09  7.367304E-09  8.231283E-09  9.994102E-09  9.939444E-02  2.173607E-05  8.328710E-09  4.969059E-01  2.252038E-03  1.741521E-05  2.218179E-06  7.396387E-04  9.895635E-09  3.913004E-08  2.186644E-08  1.012045E-01  8.629283E-06  3.492251E-07  2.918733E-07  1.808495E-04  2.458531E-04  1.157406E-06  8.171474E-08  1.060125E-07  2.709107E-07
 3.461500E+02  2.994573E-01  1.098335E-04  5.380736E-09  7.201114E-09  8.045971E-09  9.771050E-09  9.940255E-02  2.142486E-05  7.930463E-09  4.974746E-01  2.224624E-03  1.664153E-05  2.172163E-06  7.296394E-04  9.502034E-09  3.765127E-08  2.121935E-08  1.001295E-01  8.324964E-06  3.406348E-07  2.845396E-07  1.785064E-04  2.426696E-04  1.105030E-06  7.792101E-08  1.011189E-07  2.606409E-07
 3.471500E+02  2.999923E-01  1.090812E-04  5.258868E-09  7.039482E-09  7.865733E-09  9.554062E-09  9.941049E-02  2.112023E-05  7.553632E-09  4.980345E-01  2.197681E-03  1.590624E-05  2.127354E-06  7.198320E-04  9.126382E-09  3.623708E-08  2.059501E-08  9.907097E-02  8.032969E-06  3.323001E-07  2.774279E-07  1.762078E-04  2.395464E-04  1.055310E-06  7.432511E-08  9.647927E-08  2.508172E-07
 3.481500E+02  3.005192E-01  1.083365E-04  5.140356E-09  6.882267E-09  7.690414E-09  9.342951E-09  9.941829E-02  2.082200E-05  7.196948E-09  4.985858E-01  2.171200E-03  1.520725E-05  2.083716E-06  7.102121E-04  8.767767E-09  3.488430E-08  1.999251E-08  9.802857E-02  7.752744E-06  3.242123E-07  2.705307E-07  1.739525E-04  2.364822E-04  1.008099E-06  7.091568E-08  9.207906E-08  2.414181E-07
 3.491500E+02  3.010380E-01  1.075992E-04  5.025097E-09  6.729335E-09  7.519861E-09  9.137539E-09  9.942593E-02  2.052999E-05  6.859222E-09  4.991287E-01  2.145171E-03  1.454261E-05  2.041212E-06  7.007754E-04  8.425328E-09  3.358996E-08  1.941100E-08  9.700202E-02  7.483760E-06  3.163632E-07  2.638407E-07  1.717395E-04  2.334757E-04  9.632575E-07  6.768208E-08  8.790465E-08  2.324231E-07
 3.501500E+02  3.015489E-01  1.068694E-04  4.912989E-09  6.580553E-09  7.353929E-09  8.937653E-09  9.943343E-02  2.024406E-05  6.539343E-09  4.996632E-01  2.119586E-03  1.391046E-05  1.999810E-06  6.915176E-04  8.098249E-09  3.235122E-08  1.884964E-08  9.599106E-02  7.225516E-06  3.087448E-07  2.573508E-07  1.695680E-04  2.305253E-04  9.206544E-07  6.461432E-08  8.394329E-08  2.238130E-07
 3.511500E+02  3.020521E-01  1.061469E-04  4.803937E-09  6.435795E-09  7.192478E-09  8.743125E-09  9.944079E-02  1.996404E-05  6.236272E-09  5.001895E-01  2.094435E-03  1.330906E-05  1.959474E-06  6.824348E-04  7.785764E-09  3.116540E-08  1.830765E-08  9.499541E-02  6.977535E-06  3.013493E-07  2.510542E-07  1.674368E-04  2.276300E-04  8.801672E-07  6.170303E-08  8.018298E-08  2.155693E-07
 3.521500E+02  3.025477E-01  1.054317E-04  4.697846E-09  6.294938E-09  7.035372E-09  8.553795E-09  9.944801E-02  1.968977E-05  5.949032E-09  5.007078E-01  2.069709E-03  1.273678E-05  1.920174E-06  6.735228E-04  7.487144E-09  3.002997E-08  1.778426E-08  9.401483E-02  6.739361E-06  2.941694E-07  2.449444E-07  1.653452E-04  2.247883E-04  8.416802E-07  5.893941E-08  7.661246E-08  2.076747E-07
 3.531500E+02  3.030357E-01  1.047238E-04  4.594625E-09  6.157864E-09  6.882477E-09  8.369504E-09  9.945509E-02  1.942111E-05  5.676711E-09  5.012182E-01  2.045401E-03  1.219206E-05  1.881879E-06  6.647780E-04  7.201703E-09  2.894252E-08  1.727875E-08  9.304905E-02  6.510564E-06  2.871980E-07  2.390151E-07  1.632921E-04  2.219992E-04  8.050847E-07  5.631520E-08  7.322118E-08  2.001127E-07
 3.541500E+02  3.035164E-01  1.040231E-04  4.494188E-09  6.024458E-09  6.733667E-09  8.190102E-09  9.946204E-02  1.915792E-05  5.418454E-09  5.017208E-01  2.021501E-03  1.167345E-05  1.844559E-06  6.561963E-04  6.928791E-09  2.790079E-08  1.679043E-08  9.209782E-02  6.290730E-06  2.804282E-07  2.332603E-07  1.612768E-04  2.192613E-04  7.702784E-07  5.382264E-08  6.999920E-08  1.928676E-07
 3.551500E+02  3.039899E-01  1.033297E-04  4.396448E-09  5.894609E-09  6.588818E-09  8.015441E-09  9.946886E-02  1.890005E-05  5.173458E-09  5.022158E-01  1.998003E-03  1.117957E-05  1.808184E-06  6.477743E-04  6.667794E-09  2.690260E-08  1.631863E-08  9.116089E-02  6.079469E-06  2.738532E-07  2.276740E-07  1.592983E-04  2.165735E-04  7.371650E-07  5.145446E-08  6.693719E-08  1.859247E-07
 3.561500E+02  3.044562E-01  1.026433E-04  4.301324E-09  5.768209E-09  6.447811E-09  7.845381E-09  9.947555E-02  1.864738E-05  4.940970E-09  5.027033E-01  1.974896E-03  1.070914E-05  1.772727E-06  6.395083E-04  6.418129E-09  2.594592E-08  1.586271E-08  9.023801E-02  5.876408E-06  2.674669E-07  2.222508E-07  1.573558E-04  2.139347E-04  7.056537E-07  4.920379E-08  6.402639E-08  1.792698E-07
 3.571500E+02  3.049155E-01  1.019640E-04  4.208737E-09  5.645155E-09  6.310530E-09  7.679783E-09  9.948212E-02  1.839976E-05  4.720286E-09  5.031835E-01  1.952175E-03  1.026092E-05  1.738161E-06  6.313948E-04  6.179247E-09  2.502881E-08  1.542208E-08  8.932895E-02  5.681190E-06  2.612629E-07  2.169852E-07  1.554486E-04  2.113438E-04  6.756593E-07  4.706421E-08  6.125853E-08  1.728897E-07
 3.581500E+02  3.053680E-01  1.012917E-04  4.118609E-09  5.525347E-09  6.176864E-09  7.518514E-09  9.948857E-02  1.815707E-05  4.510741E-09  5.036564E-01  1.929831E-03  9.833769E-06  1.704460E-06  6.234304E-04  5.950626E-09  2.414942E-08  1.499614E-08  8.843347E-02  5.493478E-06  2.552353E-07  2.118719E-07  1.535758E-04  2.087997E-04  6.471012E-07  4.502966E-08  5.862588E-08  1.667716E-07
 3.591500E+02  3.058137E-01  1.006264E-04  4.030867E-09  5.408686E-09  6.046705E-09  7.361447E-09  9.949490E-02  1.791920E-05  4.311715E-09  5.041222E-01  1.907856E-03  9.426595E-06  1.671599E-06  6.156118E-04  5.731773E-09  2.330601E-08  1.458434E-08  8.755133E-02  5.312949E-06  2.493785E-07  2.069060E-07  1.517367E-04  2.063013E-04  6.199036E-07  4.309444E-08  5.612112E-08  1.609035E-07
 3.601500E+02  3.062528E-01  9.996793E-05  3.945439E-09  5.295080E-09  5.919947E-09  7.208456E-09  9.950112E-02  1.768601E-05  4.122622E-09  5.045810E-01  1.886244E-03  9.038371E-06  1.639552E-06  6.079358E-04  5.522220E-09  2.249693E-08  1.418614E-08  8.668231E-02  5.139296E-06  2.436868E-07  2.020826E-07  1.499304E-04  2.038477E-04  5.939950E-07  4.125320E-08  5.373739E-08  1.552740E-07
 3.611500E+02  3.066854E-01  9.931635E-05  3.862256E-09  5.184436E-09  5.796490E-09  7.059421E-09  9.950722E-02  1.745739E-05  3.942915E-09  5.050329E-01  1.864987E-03  8.668127E-06  1.608297E-06  6.003991E-04  5.321525E-09  2.172060E-08  1.380103E-08  8.582618E-02  4.972225E-06  2.381550E-07  1.973970E-07  1.481564E-04  2.014379E-04  5.693081E-07  3.950089E-08  5.146823E-08  1.498723E-07
 3.621500E+02  3.071115E-01  9.867156E-05  3.781250E-09  5.076667E-09  5.676236E-09  6.914226E-09  9.951321E-02  1.723324E-05  3.772077E-09  5.054781E-01  1.844078E-03  8.314946E-06  1.577811E-06  5.929988E-04  5.129269E-09  2.097552E-08  1.342852E-08  8.498273E-02  4.811457E-06  2.327780E-07  1.928447E-07  1.464138E-04  1.990708E-04  5.457792E-07  3.783275E-08  4.930753E-08  1.446879E-07
 3.631500E+02  3.075313E-01  9.803351E-05  3.702356E-09  4.971688E-09  5.559090E-09  6.772758E-09  9.951910E-02  1.701343E-05  3.609625E-09  5.059167E-01  1.823511E-03  7.977964E-06  1.548071E-06  5.857318E-04  4.945053E-09  2.026028E-08  1.306814E-08  8.415173E-02  4.656727E-06  2.275507E-07  1.884214E-07  1.447020E-04  1.967456E-04  5.233485E-07  3.624433E-08  4.724956E-08  1.397112E-07
 3.641500E+02  3.079450E-01  9.740213E-05  3.625511E-09  4.869417E-09  5.444961E-09  6.634907E-09  9.952487E-02  1.679787E-05  3.455101E-09  5.063488E-01  1.803279E-03  7.656362E-06  1.519056E-06  5.785952E-04  4.768500E-09  1.957354E-08  1.271944E-08  8.333298E-02  4.507779E-06  2.224684E-07  1.841229E-07  1.430203E-04  1.944613E-04  5.019592E-07  3.473140E-08  4.528891E-08  1.349327E-07
 3.651500E+02  3.083525E-01  9.677736E-05  3.550655E-09  4.769773E-09  5.333759E-09  6.500568E-09  9.953055E-02  1.658645E-05  3.308077E-09  5.067744E-01  1.783375E-03  7.349367E-06  1.490745E-06  5.715862E-04  4.599253E-09  1.891401E-08  1.238198E-08  8.252626E-02  4.364373E-06  2.175264E-07  1.799452E-07  1.413681E-04  1.922170E-04  4.815581E-07  3.328999E-08  4.342050E-08  1.303438E-07
 3.661500E+02  3.087541E-01  9.615915E-05  3.477729E-09  4.672679E-09  5.225398E-09  6.369639E-09  9.953612E-02  1.637907E-05  3.168150E-09  5.071938E-01  1.763793E-03  7.056248E-06  1.463119E-06  5.647020E-04  4.436972E-09  1.828047E-08  1.205535E-08  8.173137E-02  4.226276E-06  2.127204E-07  1.758843E-07  1.397447E-04  1.900118E-04  4.620946E-07  3.191637E-08  4.163950E-08  1.259358E-07
 3.671500E+02  3.091497E-01  9.554744E-05  3.406676E-09  4.578061E-09  5.119797E-09  6.242019E-09  9.954160E-02  1.617563E-05  3.034940E-09  5.076070E-01  1.744526E-03  6.776314E-06  1.436158E-06  5.579398E-04  4.281336E-09  1.767178E-08  1.173916E-08  8.094810E-02  4.093268E-06  2.080461E-07  1.719366E-07  1.381495E-04  1.878450E-04  4.435212E-07  3.060699E-08  3.994139E-08  1.217009E-07
 3.681500E+02  3.095396E-01  9.494216E-05  3.337440E-09  4.485846E-09  5.016873E-09  6.117615E-09  9.954698E-02  1.597605E-05  2.908089E-09  5.080141E-01  1.725569E-03  6.508911E-06  1.409842E-06  5.512971E-04  4.132038E-09  1.708682E-08  1.143301E-08  8.017627E-02  3.965139E-06  2.034992E-07  1.680984E-07  1.365818E-04  1.857157E-04  4.257927E-07  2.935854E-08  3.832189E-08  1.176313E-07
 3.691500E+02  3.099238E-01  9.434326E-05  3.269969E-09  4.395965E-09  4.916549E-09  5.996331E-09  9.955226E-02  1.578021E-05  2.787260E-09  5.084153E-01  1.706916E-03  6.253421E-06  1.384155E-06  5.447712E-04  3.988789E-09  1.652456E-08  1.113656E-08  7.941566E-02  3.841688E-06  1.990758E-07  1.643662E-07  1.350412E-04  1.836230E-04  4.088668E-07  2.816787E-08  3.677697E-08  1.137199E-07
 3.701500E+02  3.103025E-01  9.375068E-05  3.204211E-09  4.308349E-09  4.818751E-09  5.878080E-09  9.955746E-02  1.558805E-05  2.672136E-09  5.088106E-01  1.688560E-03  6.009258E-06  1.359077E-06  5.383597E-04  3.851314E-09  1.598400E-08  1.084943E-08  7.866610E-02  3.722722E-06  1.947720E-07  1.607367E-07  1.335269E-04  1.815662E-04  3.927032E-07  2.703201E-08  3.530282E-08  1.099598E-07
 3.711500E+02  3.106756E-01  9.316435E-05  3.140115E-09  4.222933E-09  4.723404E-09  5.762772E-09  9.956256E-02  1.539947E-05  2.562418E-09  5.092001E-01  1.670496E-03  5.775867E-06  1.334593E-06  5.320601E-04  3.719349E-09  1.546419E-08  1.057131E-08  7.792740E-02  3.608059E-06  1.905842E-07  1.572066E-07  1.320385E-04  1.795445E-04  3.772640E-07  2.594817E-08  3.389584E-08  1.063443E-07
 3.721500E+02  3.110433E-01  9.258421E-05  3.077634E-09  4.139653E-09  4.630438E-09  5.650325E-09  9.956757E-02  1.521438E-05  2.457825E-09  5.095839E-01  1.652718E-03  5.552724E-06  1.310685E-06  5.258700E-04  3.592648E-09  1.496424E-08  1.030186E-08  7.719936E-02  3.497524E-06  1.865086E-07  1.537728E-07  1.305754E-04  1.775572E-04  3.625131E-07  2.491371E-08  3.255264E-08  1.028673E-07
 3.731500E+02  3.114058E-01  9.201021E-05  3.016721E-09  4.058448E-09  4.539784E-09  5.540656E-09  9.957250E-02  1.503271E-05  2.358090E-09  5.099622E-01  1.635221E-03  5.339333E-06  1.287339E-06  5.197871E-04  3.470973E-09  1.448328E-08  1.004077E-08  7.648181E-02  3.390950E-06  1.825419E-07  1.504322E-07  1.291371E-04  1.756036E-04  3.484166E-07  2.392612E-08  3.127000E-08  9.952267E-08
