#         T/K            c1          c2-1          c3-4          c3-5          c3-7          c3-9            m1          m2-1          m3-1            w1            w2          w3-1          w3-2          c1m1        c1m2-1        c1m2-7        c2m1-1        c1w1-2        c1w2-1        c2w1-1        c2w1-9        m1w1-1        m1w1-4        m1w2-1        m2w1-1        m2w1-3      c1m1w1-1
 2.731500E+02  1.978089E-01  1.277087E-04  2.182991E-08  2.865228E-08  3.187794E-08  3.801048E-08  4.911987E-01  2.001394E-03  8.801716E-05  1.998593E-01  1.351880E-03  9.300717E-05  1.304990E-06  1.002656E-02  7.765560E-06  2.548127E-05  1.043925E-06  9.404015E-02  3.496146E-05  9.316829E-07  8.181162E-07  1.308082E-03  1.780653E-03  7.534365E-05  6.704747E-05  8.491652E-05  1.581176E-05
 2.741500E+02  1.986418E-01  1.263963E-04  2.104352E-08  2.762948E-08  3.074229E-08  3.666791E-08  4.914028E-01  1.954027E-03  8.125802E-05  2.006472E-01  1.329838E-03  8.692027E-05  1.266979E-06  9.808501E-03  7.268802E-06  2.392850E-05  9.942389E-07  9.259844E-02  3.310882E-05  8.964082E-07  7.864623E-07  1.282566E-03  1.745807E-03  7.016337E-05  6.217968E-05  7.878276E-05  1.487839E-05
 2.751500E+02  1.994593E-01  1.250957E-04  2.028857E-08  2.664722E-08  2.965155E-08  3.537801E-08  4.916004E-01  1.908137E-03  7.506364E-05  2.014206E-01  1.308192E-03  8.126071E-05  1.230191E-06  9.596369E-03  6.806984E-06  2.248029E-05  9.471951E-07  9.118133E-02  3.136294E-05  8.626141E-07  7.561649E-07  1.257676E-03  1.711822E-03  6.536780E-05  5.769538E-05  7.313002E-05  1.400533E-05
 2.761500E+02  2.002617E-01  1.238071E-04  1.956375E-08  2.570380E-08  2.860387E-08  3.413860E-08  4.917916E-01  1.863669E-03  6.938330E-05  2.021797E-01  1.286937E-03  7.599672E-05  1.194587E-06  9.389988E-03  6.377449E-06  2.112900E-05  9.026409E-07  8.978854E-02  2.971728E-05  8.302346E-07  7.271624E-07  1.233397E-03  1.678676E-03  6.092647E-05  5.356217E-05  6.791785E-05  1.318839E-05
 2.771500E+02  2.010492E-01  1.225308E-04  1.886777E-08  2.479760E-08  2.759744E-08  3.294760E-08  4.919768E-01  1.820570E-03  6.417114E-05  2.029249E-01  1.266067E-03  7.109900E-05  1.160128E-06  9.189182E-03  5.977754E-06  1.986759E-05  8.604330E-07  8.841976E-02  2.816571E-05  7.992070E-07  6.993959E-07  1.209712E-03  1.646346E-03  5.681144E-05  4.975059E-05  6.310940E-05  1.242369E-05
 2.781500E+02  2.018220E-01  1.212668E-04  1.819942E-08  2.392706E-08  2.663054E-08  3.180299E-08  4.921562E-01  1.778792E-03  5.938563E-05  2.036562E-01  1.245578E-03  6.654053E-05  1.126776E-06  8.993783E-03  5.605655E-06  1.868957E-05  8.204367E-07  8.707469E-02  2.670247E-05  7.694710E-07  6.728092E-07  1.186604E-03  1.614808E-03  5.299712E-05  4.623377E-05  5.867112E-05  1.170762E-05
 2.791500E+02  2.025804E-01  1.200152E-04  1.755754E-08  2.309070E-08  2.570152E-08  3.070287E-08  4.923302E-01  1.738287E-03  5.498920E-05  2.043741E-01  1.225464E-03  6.229637E-05  1.094495E-06  8.803628E-03  5.259087E-06  1.758894E-05  7.825259E-07  8.575304E-02  2.532220E-05  7.409694E-07  6.473489E-07  1.164059E-03  1.584042E-03  4.946003E-05  4.298725E-05  5.457240E-05  1.103686E-05
 2.801500E+02  2.033246E-01  1.187764E-04  1.694101E-08  2.228708E-08  2.480881E-08  2.964540E-08  4.924988E-01  1.699007E-03  5.094778E-05  2.050786E-01  1.205719E-03  5.834352E-05  1.063249E-06  8.618557E-03  4.936152E-06  1.656017E-05  7.465819E-07  8.445448E-02  2.401987E-05  7.136475E-07  6.229639E-07  1.142061E-03  1.554027E-03  4.617862E-05  3.998873E-05  5.078535E-05  1.040831E-05
 2.811500E+02  2.040549E-01  1.175502E-04  1.634876E-08  2.151485E-08  2.395090E-08  2.862882E-08  4.926623E-01  1.660909E-03  4.723050E-05  2.057701E-01  1.186338E-03  5.466074E-05  1.033005E-06  8.438417E-03  4.635102E-06  1.559817E-05  7.124934E-07  8.317870E-02  2.279077E-05  6.874530E-07  5.996057E-07  1.120595E-03  1.524741E-03  4.313313E-05  3.721785E-05  4.728448E-05  9.819102E-06
 2.821500E+02  2.047714E-01  1.163369E-04  1.577977E-08  2.077270E-08  2.312634E-08  2.765145E-08  4.928209E-01  1.623951E-03  4.380934E-05  2.064488E-01  1.167315E-03  5.122843E-05  1.003729E-06  8.263060E-03  4.354328E-06  1.469820E-05  6.801558E-07  8.192538E-02  2.163050E-05  6.623363E-07  5.772279E-07  1.099647E-03  1.496166E-03  4.030542E-05  3.465604E-05  4.404656E-05  9.266585E-06
 2.831500E+02  2.054745E-01  1.151365E-04  1.523307E-08  2.005938E-08  2.233374E-08  2.671167E-08  4.929748E-01  1.588092E-03  4.065887E-05  2.071149E-01  1.148645E-03  4.802846E-05  9.753893E-07  8.092342E-03  4.092348E-06  1.385592E-05  6.494707E-07  8.069421E-02  2.053492E-05  6.382497E-07  5.557864E-07  1.079203E-03  1.468281E-03  3.767881E-05  3.228634E-05  4.105033E-05  8.748289E-06
 2.841500E+02  2.061644E-01  1.139490E-04  1.470773E-08  1.937368E-08  2.157179E-08  2.580794E-08  4.931242E-01  1.553293E-03  3.775599E-05  2.077687E-01  1.130321E-03  4.504411E-05  9.479539E-07  7.926123E-03  3.847795E-06  1.306729E-05  6.203460E-07  7.948485E-02  1.950016E-05  6.151479E-07  5.352391E-07  1.059249E-03  1.441068E-03  3.523799E-05  3.009326E-05  3.827639E-05  8.261923E-06
 2.851500E+02  2.068413E-01  1.127746E-04  1.420284E-08  1.871447E-08  2.083921E-08  2.493878E-08  4.932692E-01  1.519516E-03  3.507971E-05  2.084103E-01  1.112339E-03  4.225991E-05  9.213931E-07  7.764269E-03  3.619410E-06  1.232859E-05  5.926946E-07  7.829698E-02  1.852261E-05  5.929876E-07  5.155458E-07  1.039771E-03  1.414508E-03  3.296888E-05  2.806263E-05  3.570697E-05  7.805359E-06
 2.861500E+02  2.075054E-01  1.116133E-04  1.371756E-08  1.808064E-08  2.013479E-08  2.410277E-08  4.934100E-01  1.486726E-03  3.261095E-05  2.090400E-01  1.094692E-03  3.966157E-05  8.956775E-07  7.606649E-03  3.406032E-06  1.163637E-05  5.664350E-07  7.713027E-02  1.759887E-05  5.717275E-07  4.966685E-07  1.020758E-03  1.388584E-03  3.085853E-05  2.618149E-05  3.332586E-05  7.376622E-06
 2.871500E+02  2.081570E-01  1.104650E-04  1.325107E-08  1.747115E-08  1.945737E-08  2.329855E-08  4.935468E-01  1.454887E-03  3.033232E-05  2.096580E-01  1.077376E-03  3.723587E-05  8.707789E-07  7.453137E-03  3.206587E-06  1.098744E-05  5.414905E-07  7.598440E-02  1.672575E-05  5.513282E-07  4.785705E-07  1.002196E-03  1.363279E-03  2.889503E-05  2.443800E-05  3.111816E-05  6.973877E-06
 2.881500E+02  2.087963E-01  1.093299E-04  1.280258E-08  1.688498E-08  1.880583E-08  2.252483E-08  4.936798E-01  1.423968E-03  2.822802E-05  2.102645E-01  1.060383E-03  3.497057E-05  8.466699E-07  7.303610E-03  3.020086E-06  1.037884E-05  5.177887E-07  7.485904E-02  1.590027E-05  5.317520E-07  4.612172E-07  9.840738E-04  1.338575E-03  2.706742E-05  2.282131E-05  2.907029E-05  6.595415E-06
 2.891500E+02  2.094235E-01  1.082079E-04  1.237134E-08  1.632119E-08  1.817911E-08  2.178035E-08  4.938089E-01  1.393936E-03  2.628363E-05  2.108597E-01  1.043709E-03  3.285437E-05  8.233241E-07  7.157950E-03  2.845615E-06  9.807838E-06  4.952618E-07  7.375387E-02  1.511964E-05  5.129631E-07  4.445754E-07  9.663788E-04  1.314457E-03  2.536560E-05  2.132147E-05  2.716975E-05  6.239652E-06
 2.901500E+02  2.100389E-01  1.070990E-04  1.195664E-08  1.577884E-08  1.757618E-08  2.106393E-08  4.939345E-01  1.364759E-03  2.448602E-05  2.114439E-01  1.027348E-03  3.087679E-05  8.007158E-07  7.016042E-03  2.682328E-06  9.271890E-06  4.738458E-07  7.266854E-02  1.438123E-05  4.949273E-07  4.286135E-07  9.490997E-04  1.290907E-03  2.378028E-05  1.992938E-05  2.540512E-05  5.905111E-06
 2.911500E+02  2.106426E-01  1.060032E-04  1.155780E-08  1.525706E-08  1.699608E-08  2.037442E-08  4.940566E-01  1.336410E-03  2.282320E-05  2.120172E-01  1.011295E-03  2.902814E-05  7.788203E-07  6.877776E-03  2.529445E-06  8.768644E-06  4.534804E-07  7.160275E-02  1.368258E-05  4.776117E-07  4.133014E-07  9.322254E-04  1.267912E-03  2.230290E-05  1.863670E-05  2.376591E-05  5.590418E-06
 2.921500E+02  2.112349E-01  1.049204E-04  1.117415E-08  1.475500E-08  1.643786E-08  1.971073E-08  4.941753E-01  1.308860E-03  2.128424E-05  2.125798E-01  9.955445E-04  2.729944E-05  7.576136E-07  6.743044E-03  2.386242E-06  8.295917E-06  4.341090E-07  7.055616E-02  1.302138E-05  4.609852E-07  3.986105E-07  9.157451E-04  1.245456E-03  2.092555E-05  1.743576E-05  2.224249E-05  5.294296E-06
 2.931500E+02  2.118160E-01  1.038507E-04  1.080507E-08  1.427185E-08  1.590064E-08  1.907181E-08  4.942907E-01  1.282081E-03  1.985916E-05  2.131320E-01  9.800902E-04  2.568237E-05  7.370726E-07  6.611741E-03  2.252052E-06  7.851684E-06  4.156782E-07  6.952846E-02  1.239547E-05  4.450181E-07  3.845133E-07  8.996481E-04  1.223525E-03  1.964096E-05  1.631954E-05  2.082605E-05  5.015554E-06
 2.941500E+02  2.123861E-01  1.027940E-04  1.044995E-08  1.380685E-08  1.538354E-08  1.845666E-08  4.944031E-01  1.256048E-03  1.853885E-05  2.136739E-01  9.649273E-04  2.416923E-05  7.171749E-07  6.483768E-03  2.126256E-06  7.434064E-06  3.981377E-07  6.851932E-02  1.180281E-05  4.296818E-07  3.709838E-07  8.839242E-04  1.202104E-03  1.844240E-05  1.528158E-05  1.950845E-05  4.753085E-06
 2.951500E+02  2.129454E-01  1.017503E-04  1.010823E-08  1.335924E-08  1.488577E-08  1.786431E-08  4.945124E-01  1.230735E-03  1.731494E-05  2.142057E-01  9.500502E-04  2.275286E-05  6.978990E-07  6.359027E-03  2.008280E-06  7.041310E-06  3.814401E-07  6.752842E-02  1.124149E-05  4.149492E-07  3.579970E-07  8.685634E-04  1.181179E-03  1.732368E-05  1.431595E-05  1.828225E-05  4.505856E-06
 2.961500E+02  2.134942E-01  1.007194E-04  9.779352E-09  1.292832E-08  1.440652E-08  1.729386E-08  4.946188E-01  1.206118E-03  1.617983E-05  2.147277E-01  9.354539E-04  2.142666E-05  6.792239E-07  6.237422E-03  1.897593E-06  6.671799E-06  3.655407E-07  6.655545E-02  1.070973E-05  4.007945E-07  3.455292E-07  8.535561E-04  1.160738E-03  1.627907E-05  1.341722E-05  1.714060E-05  4.272904E-06
 2.971500E+02  2.140326E-01  9.970133E-05  9.462791E-09  1.251342E-08  1.394505E-08  1.674441E-08  4.947224E-01  1.182175E-03  1.512653E-05  2.152400E-01  9.211329E-04  2.018446E-05  6.611294E-07  6.118864E-03  1.793705E-06  6.324024E-06  3.503974E-07  6.560009E-02  1.020583E-05  3.871928E-07  3.335577E-07  8.388929E-04  1.140767E-03  1.530329E-05  1.258037E-05  1.607718E-05  4.053333E-06
 2.981500E+02  2.145608E-01  9.869604E-05  9.158044E-09  1.211388E-08  1.350064E-08  1.621512E-08  4.948232E-01  1.158882E-03  1.414865E-05  2.157428E-01  9.070823E-04  1.902058E-05  6.435962E-07  6.003263E-03  1.696157E-06  5.996581E-06  3.359706E-07  6.466203E-02  9.728223E-06  3.741206E-07  3.220611E-07  8.245646E-04  1.121254E-03  1.439145E-05  1.180078E-05  1.508620E-05  3.846305E-06
 2.991500E+02  2.150791E-01  9.770343E-05  8.864627E-09  1.172908E-08  1.307260E-08  1.570518E-08  4.949214E-01  1.136219E-03  1.324034E-05  2.162362E-01  8.932968E-04  1.792971E-05  6.266053E-07  5.890534E-03  1.604528E-06  5.688165E-06  3.222227E-07  6.374097E-02  9.275417E-06  3.615554E-07  3.110186E-07  8.105624E-04  1.102187E-03  1.353904E-05  1.107424E-05  1.416233E-05  3.651041E-06
 3.001500E+02  2.155876E-01  9.672341E-05  8.582082E-09  1.135842E-08  1.266027E-08  1.521383E-08  4.950170E-01  1.114164E-03  1.239621E-05  2.167205E-01  8.797714E-04  1.690696E-05  6.101386E-07  5.780594E-03  1.518424E-06  5.397563E-06  3.091184E-07  6.283660E-02  8.846017E-06  3.494755E-07  3.004107E-07  7.968777E-04  1.083553E-03  1.274188E-05  1.039682E-05  1.330063E-05  3.466811E-06
 3.011500E+02  2.160865E-01  9.575591E-05  8.309965E-09  1.100134E-08  1.226301E-08  1.474031E-08  4.951102E-01  1.092698E-03  1.161136E-05  2.171959E-01  8.665012E-04  1.594775E-05  5.941785E-07  5.673362E-03  1.437481E-06  5.123644E-06  2.966244E-07  6.194861E-02  8.438711E-06  3.378604E-07  2.902185E-07  7.835020E-04  1.065342E-03  1.199610E-05  9.764932E-06  1.249658E-05  3.292936E-06
 3.021500E+02  2.165760E-01  9.480084E-05  8.047855E-09  1.065730E-08  1.188023E-08  1.428392E-08  4.952009E-01  1.071802E-03  1.088126E-05  2.176624E-01  8.534812E-04  1.504785E-05  5.787082E-07  5.568761E-03  1.361360E-06  4.865355E-06  2.847093E-07  6.107672E-02  8.052265E-06  3.266905E-07  2.804242E-07  7.704273E-04  1.047542E-03  1.129815E-05  9.175264E-06  1.174600E-05  3.128781E-06
 3.031500E+02  2.170563E-01  9.385808E-05  7.795348E-09  1.032576E-08  1.151134E-08  1.384397E-08  4.952894E-01  1.051457E-03  1.020177E-05  2.181204E-01  8.407066E-04  1.420332E-05  5.637111E-07  5.466715E-03  1.289747E-06  4.621717E-06  2.733432E-07  6.022062E-02  7.685518E-06  3.159471E-07  2.710108E-07  7.576456E-04  1.030142E-03  1.064469E-05  8.624759E-06  1.104503E-05  2.973754E-06
 3.041500E+02  2.175276E-01  9.292756E-05  7.552056E-09  1.000623E-08  1.115579E-08  1.341983E-08  4.953756E-01  1.031646E-03  9.569078E-06  2.185698E-01  8.281727E-04  1.341051E-05  5.491716E-07  5.367152E-03  1.222348E-06  4.391813E-06  2.624981E-07  5.938003E-02  7.337380E-06  3.056122E-07  2.619619E-07  7.451493E-04  1.013132E-03  1.003268E-05  8.110599E-06  1.039013E-05  2.827300E-06
 3.051500E+02  2.179901E-01  9.200916E-05  7.317610E-09  9.698231E-09  1.081304E-08  1.301085E-08  4.954597E-01  1.012352E-03  8.979676E-06  2.190110E-01  8.158748E-04  1.266600E-05  5.350743E-07  5.270001E-03  1.158893E-06  4.174793E-06  2.521477E-07  5.855466E-02  7.006823E-06  2.956687E-07  2.532620E-07  7.329310E-04  9.965020E-04  9.459274E-06  7.630181E-06  9.777997E-06  2.688900E-06
 3.061500E+02  2.184439E-01  9.110278E-05  7.091654E-09  9.401302E-09  1.048260E-08  1.261644E-08  4.955416E-01  9.935573E-04  8.430347E-06  2.194441E-01  8.038081E-04  1.196664E-05  5.214046E-07  5.175193E-03  1.099128E-06  3.969862E-06  2.422667E-07  5.774422E-02  6.692883E-06  2.861003E-07  2.448963E-07  7.209833E-04  9.802411E-04  8.921837E-06  7.181105E-06  9.205615E-06  2.558072E-06
 3.071500E+02  2.188892E-01  9.020831E-05  6.873849E-09  9.115004E-09  1.016397E-08  1.223603E-08  4.956215E-01  9.752472E-04  7.918130E-06  2.198692E-01  7.919683E-04  1.130948E-05  5.081481E-07  5.082661E-03  1.042817E-06  3.776277E-06  2.328316E-07  5.694843E-02  6.394648E-06  2.768914E-07  2.368506E-07  7.092993E-04  9.643402E-04  8.417933E-06  6.761152E-06  8.670176E-06  2.434362E-06
 3.081500E+02  2.193261E-01  8.932564E-05  6.663870E-09  8.838916E-09  9.856678E-09  1.186907E-08  4.956994E-01  9.574063E-04  7.440296E-06  2.202865E-01  7.803508E-04  1.069178E-05  4.952912E-07  4.992343E-03  9.897417E-07  3.593346E-06  2.238199E-07  5.616703E-02  6.111264E-06  2.680269E-07  2.291113E-07  6.978722E-04  9.487898E-04  7.945298E-06  6.368272E-06  8.169094E-06  2.317346E-06
 3.091500E+02  2.197550E-01  8.845465E-05  6.461407E-09  8.572637E-09  9.560289E-09  1.151504E-08  4.957754E-01  9.400198E-04  6.994334E-06  2.206961E-01  7.689513E-04  1.011100E-05  4.828207E-07  4.904175E-03  9.396977E-07  3.420423E-06  2.152106E-07  5.539973E-02  5.841924E-06  2.594928E-07  2.216657E-07  6.866952E-04  9.335809E-04  7.501833E-06  6.000571E-06  7.699973E-06  2.206628E-06
 3.101500E+02  2.201758E-01  8.759523E-05  6.266160E-09  8.315779E-09  9.274370E-09  1.117342E-08  4.958496E-01  9.230735E-04  6.577931E-06  2.210982E-01  7.577653E-04  9.564741E-06  4.707237E-07  4.818098E-03  8.924948E-07  3.256904E-06  2.069837E-07  5.464628E-02  5.585869E-06  2.512753E-07  2.145013E-07  6.757620E-04  9.187046E-04  7.085590E-06  5.656297E-06  7.260598E-06  2.101837E-06
 3.111500E+02  2.205888E-01  8.674726E-05  6.077845E-09  8.067973E-09  8.998511E-09  1.084374E-08  4.959219E-01  9.065538E-04  6.188953E-06  2.214930E-01  7.467886E-04  9.050808E-06  4.589879E-07  4.734052E-03  8.479557E-07  3.102224E-06  1.991202E-07  5.390640E-02  5.342384E-06  2.433615E-07  2.076064E-07  6.650662E-04  9.041523E-04  6.694760E-06  5.333828E-06  6.848919E-06  2.002625E-06
 3.121500E+02  2.209941E-01  8.591061E-05  5.896189E-09  7.828865E-09  8.732318E-09  1.052554E-08  4.959925E-01  8.904477E-04  5.825432E-06  2.218805E-01  7.360171E-04  8.567135E-06  4.476013E-07  4.651982E-03  8.059152E-07  2.955856E-06  1.916023E-07  5.317985E-02  5.110796E-06  2.357389E-07  2.009697E-07  6.546019E-04  8.899157E-04  6.327662E-06  5.031663E-06  6.463039E-06  1.908667E-06
 3.131500E+02  2.213920E-01  8.508517E-05  5.720930E-09  7.598115E-09  8.475416E-09  1.021836E-08  4.960614E-01  8.747423E-04  5.485554E-06  2.222610E-01  7.254467E-04  8.111801E-06  4.365525E-07  4.571833E-03  7.662191E-07  2.817307E-06  1.844129E-07  5.246635E-02  4.890469E-06  2.283955E-07  1.945806E-07  6.443630E-04  8.759867E-04  5.982735E-06  4.748412E-06  6.101198E-06  1.819657E-06
 3.141500E+02  2.217824E-01  8.427081E-05  5.551818E-09  7.375399E-09  8.227443E-09  9.921784E-09  4.961287E-01  8.594254E-04  5.167643E-06  2.226346E-01  7.150733E-04  7.683015E-06  4.258304E-07  4.493550E-03  7.287235E-07  2.686115E-06  1.775362E-07  5.176567E-02  4.680804E-06  2.213201E-07  1.884287E-07  6.343438E-04  8.623574E-04  5.658528E-06  4.482788E-06  5.761767E-06  1.735310E-06
 3.151500E+02  2.221657E-01  8.346740E-05  5.388611E-09  7.160405E-09  7.988054E-09  9.635405E-09  4.961943E-01  8.444854E-04  4.870150E-06  2.230014E-01  7.048929E-04  7.279106E-06  4.154242E-07  4.417084E-03  6.932942E-07  2.561848E-06  1.709569E-07  5.107755E-02  4.481237E-06  2.145018E-07  1.825043E-07  6.245389E-04  8.490202E-04  5.353691E-06  4.233597E-06  5.443236E-06  1.655358E-06
 3.161500E+02  2.225419E-01  8.267483E-05  5.231081E-09  6.952834E-09  7.756918E-09  9.358832E-09  4.962584E-01  8.299107E-04  4.591646E-06  2.233615E-01  6.949017E-04  6.898516E-06  4.053236E-07  4.342384E-03  6.598057E-07  2.444102E-06  1.646606E-07  5.040176E-02  4.291237E-06  2.079300E-07  1.767980E-07  6.149426E-04  8.359676E-04  5.066968E-06  3.999734E-06  5.144204E-06  1.579548E-06
 3.171500E+02  2.229111E-01  8.189297E-05  5.079006E-09  6.752399E-09  7.533716E-09  9.091688E-09  4.963210E-01  8.156904E-04  4.330807E-06  2.237151E-01  6.850958E-04  6.539789E-06  3.955186E-07  4.269401E-03  6.281409E-07  2.332498E-06  1.586337E-07  4.973805E-02  4.110299E-06  2.015950E-07  1.713009E-07  6.055498E-04  8.231924E-04  4.797192E-06  3.780171E-06  4.863369E-06  1.507646E-06
 3.181500E+02  2.232736E-01  8.112168E-05  4.932177E-09  6.558828E-09  7.318144E-09  8.833615E-09  4.963822E-01  8.018140E-04  4.086412E-06  2.240623E-01  6.754715E-04  6.201570E-06  3.859995E-07  4.198089E-03  5.981903E-07  2.226682E-06  1.528634E-07  4.908618E-02  3.937952E-06  1.954872E-07  1.660044E-07  5.963553E-04  8.106876E-04  4.543275E-06  3.573956E-06  4.599527E-06  1.439430E-06
 3.191500E+02  2.236295E-01  8.036084E-05  4.790390E-09  6.371857E-09  7.109911E-09  8.584267E-09  4.964419E-01  7.882712E-04  3.857329E-06  2.244033E-01  6.660252E-04  5.882590E-06  3.767570E-07  4.128403E-03  5.698516E-07  2.126321E-06  1.473374E-07  4.844594E-02  3.773747E-06  1.895975E-07  1.609003E-07  5.873542E-04  7.984464E-04  4.304205E-06  3.380206E-06  4.351556E-06  1.374692E-06
 3.201500E+02  2.239788E-01  7.961033E-05  4.653451E-09  6.191234E-09  6.908737E-09  8.343315E-09  4.965002E-01  7.750521E-04  3.642509E-06  2.247381E-01  6.567531E-04  5.581666E-06  3.677823E-07  4.060297E-03  5.430291E-07  2.031103E-06  1.420442E-07  4.781708E-02  3.617263E-06  1.839171E-07  1.559809E-07  5.785416E-04  7.864621E-04  4.079039E-06  3.198099E-06  4.118415E-06  1.313237E-06
 3.211500E+02  2.243218E-01  7.887001E-05  4.521175E-09  6.016717E-09  6.714353E-09  8.110441E-09  4.965572E-01  7.621472E-04  3.440983E-06  2.250669E-01  6.476518E-04  5.297692E-06  3.590665E-07  3.993731E-03  5.176333E-07  1.940738E-06  1.369726E-07  4.719940E-02  3.468101E-06  1.784379E-07  1.512387E-07  5.699127E-04  7.747283E-04  3.866897E-06  3.026873E-06  3.899137E-06  1.254882E-06
 3.221500E+02  2.246586E-01  7.813976E-05  4.393384E-09  5.848075E-09  6.526503E-09  7.885342E-09  4.966129E-01  7.495473E-04  3.251852E-06  2.253899E-01  6.387178E-04  5.029634E-06  3.506013E-07  3.928661E-03  4.935804E-07  1.854949E-06  1.321124E-07  4.659267E-02  3.325886E-06  1.731517E-07  1.466665E-07  5.614632E-04  7.632388E-04  3.666962E-06  2.865819E-06  3.692823E-06  1.199454E-06
 3.231500E+02  2.249892E-01  7.741945E-05  4.269907E-09  5.685086E-09  6.344939E-09  7.667725E-09  4.966673E-01  7.372436E-04  3.074282E-06  2.257070E-01  6.299477E-04  4.776526E-06  3.423786E-07  3.865048E-03  4.707920E-07  1.773481E-06  1.274537E-07  4.599667E-02  3.190260E-06  1.680510E-07  1.422575E-07  5.531884E-04  7.519875E-04  3.478468E-06  2.714277E-06  3.498635E-06  1.146792E-06
 3.241500E+02  2.253139E-01  7.670895E-05  4.150580E-09  5.527536E-09  6.169425E-09  7.457312E-09  4.967206E-01  7.252273E-04  2.907501E-06  2.260185E-01  6.213381E-04  4.537465E-06  3.343907E-07  3.802854E-03  4.491946E-07  1.696092E-06  1.229871E-07  4.541120E-02  3.060890E-06  1.631284E-07  1.380052E-07  5.450840E-04  7.409684E-04  3.300705E-06  2.571634E-06  3.315797E-06  1.096744E-06
 3.251500E+02  2.256326E-01  7.600813E-05  4.035247E-09  5.375221E-09  5.999734E-09  7.253833E-09  4.967726E-01  7.134904E-04  2.750792E-06  2.263244E-01  6.128859E-04  4.311606E-06  3.266300E-07  3.742039E-03  4.287194E-07  1.622554E-06  1.187036E-07  4.483605E-02  2.937456E-06  1.583770E-07  1.339033E-07  5.371460E-04  7.301758E-04  3.133006E-06  2.437320E-06  3.143583E-06  1.049167E-06
 3.261500E+02  2.259457E-01  7.531687E-05  3.923756E-09  5.227946E-09  5.835649E-09  7.057031E-09  4.968234E-01  7.020246E-04  2.603489E-06  2.266249E-01  6.045877E-04  4.098159E-06  3.190891E-07  3.682568E-03  4.093019E-07  1.552656E-06  1.145949E-07  4.427101E-02  2.819661E-06  1.537902E-07  1.299459E-07  5.293701E-04  7.196042E-04  2.974752E-06  2.310805E-06  2.981319E-06  1.003926E-06
 3.271500E+02  2.262531E-01  7.463504E-05  3.815964E-09  5.085522E-09  5.676961E-09  6.866659E-09  4.968731E-01  6.908224E-04  2.464974E-06  2.269201E-01  5.964404E-04  3.896383E-06  3.117612E-07  3.624406E-03  3.908817E-07  1.486197E-06  1.106528E-07  4.371589E-02  2.707219E-06  1.493614E-07  1.261272E-07  5.217524E-04  7.092481E-04  2.825363E-06  2.191592E-06  2.828377E-06  9.608940E-07
 3.281500E+02  2.265550E-01  7.396252E-05  3.711731E-09  4.947769E-09  5.523469E-09  6.682480E-09  4.969217E-01  6.798761E-04  2.334674E-06  2.272101E-01  5.884411E-04  3.705586E-06  3.046393E-07  3.567516E-03  3.734022E-07  1.422988E-06  1.068699E-07  4.317050E-02  2.599863E-06  1.450846E-07  1.224418E-07  5.142891E-04  6.991022E-04  2.684298E-06  2.079222E-06  2.684171E-06  9.199527E-07
 3.291500E+02  2.268515E-01  7.329917E-05  3.610927E-09  4.814514E-09  5.374982E-09  6.504266E-09  4.969693E-01  6.691787E-04  2.212054E-06  2.274950E-01  5.805865E-04  3.525120E-06  2.977170E-07  3.511867E-03  3.568100E-07  1.362854E-06  1.032389E-07  4.263463E-02  2.497339E-06  1.409538E-07  1.188845E-07  5.069763E-04  6.891614E-04  2.551051E-06  1.973266E-06  2.548155E-06  8.809895E-07
 3.301500E+02  2.271427E-01  7.264487E-05  3.513422E-09  4.685591E-09  5.231314E-09  6.331798E-09  4.970158E-01  6.587230E-04  2.096619E-06  2.277748E-01  5.728739E-04  3.354377E-06  2.909880E-07  3.457426E-03  3.410554E-07  1.305627E-06  9.975292E-08  4.210811E-02  2.399408E-06  1.369635E-07  1.154502E-07  4.998105E-04  6.794207E-04  2.425151E-06  1.873323E-06  2.419821E-06  8.438990E-07
 3.311500E+02  2.274287E-01  7.199951E-05  3.419094E-09  4.560841E-09  5.092289E-09  6.164868E-09  4.970613E-01  6.485023E-04  1.987907E-06  2.280497E-01  5.653002E-04  3.192788E-06  2.844460E-07  3.404161E-03  3.260914E-07  1.251151E-06  9.640540E-08  4.159074E-02  2.305842E-06  1.331083E-07  1.121341E-07  4.927881E-04  6.698752E-04  2.306155E-06  1.779019E-06  2.298694E-06  8.085815E-07
 3.321500E+02  2.277097E-01  7.136295E-05  3.327828E-09  4.440110E-09  4.957736E-09  6.003272E-09  4.971058E-01  6.385101E-04  1.885489E-06  2.283199E-01  5.578627E-04  3.039819E-06  2.780853E-07  3.352041E-03  3.118741E-07  1.199280E-06  9.319016E-08  4.108236E-02  2.216426E-06  1.293830E-07  1.089316E-07  4.859056E-04  6.605202E-04  2.193650E-06  1.690007E-06  2.184330E-06  7.749434E-07
 3.331500E+02  2.279857E-01  7.073507E-05  3.239509E-09  4.323252E-09  4.827493E-09  5.846818E-09  4.971493E-01  6.287400E-04  1.788966E-06  2.285853E-01  5.505586E-04  2.894970E-06  2.719001E-07  3.301038E-03  2.983623E-07  1.149873E-06  9.010130E-08  4.058277E-02  2.130957E-06  1.257826E-07  1.058384E-07  4.791596E-04  6.513512E-04  2.087250E-06  1.605962E-06  2.076317E-06  7.428962E-07
 3.341500E+02  2.282568E-01  7.011575E-05  3.154030E-09  4.210125E-09  4.701403E-09  5.695321E-09  4.971919E-01  6.191860E-04  1.697965E-06  2.288461E-01  5.433851E-04  2.757773E-06  2.658850E-07  3.251121E-03  2.855169E-07  1.102802E-06  8.713321E-08  4.009181E-02  2.049243E-06  1.223025E-07  1.028503E-07  4.725470E-04  6.423637E-04  1.986592E-06  1.526580E-06  1.974267E-06  7.123566E-07
 3.351500E+02  2.285232E-01  6.950488E-05  3.071287E-09  4.100595E-09  4.579315E-09  5.548601E-09  4.972336E-01  6.098420E-04  1.612140E-06  2.291023E-01  5.363396E-04  2.627788E-06  2.600345E-07  3.202264E-03  2.733016E-07  1.057942E-06  8.428056E-08  3.960931E-02  1.971100E-06  1.189380E-07  9.996316E-08  4.660645E-04  6.335533E-04  1.891339E-06  1.451578E-06  1.877821E-06  6.832462E-07
 3.361500E+02  2.287848E-01  6.890232E-05  2.991181E-09  3.994531E-09  4.461086E-09  5.406487E-09  4.972744E-01  6.007024E-04  1.531167E-06  2.293541E-01  5.294196E-04  2.504602E-06  2.543436E-07  3.154439E-03  2.616821E-07  1.015178E-06  8.153827E-08  3.913510E-02  1.896357E-06  1.156849E-07  9.717316E-08  4.597090E-04  6.249158E-04  1.801174E-06  1.380691E-06  1.786640E-06  6.554907E-07
 3.371500E+02  2.290419E-01  6.830797E-05  2.913616E-09  3.891809E-09  4.346575E-09  5.268816E-09  4.973144E-01  5.917616E-04  1.454746E-06  2.296016E-01  5.226223E-04  2.387827E-06  2.488074E-07  3.107620E-03  2.506260E-07  9.744002E-07  7.890152E-08  3.866902E-02  1.824850E-06  1.125389E-07  9.447660E-08  4.534775E-04  6.164471E-04  1.715799E-06  1.313671E-06  1.700410E-06  6.290204E-07
 3.381500E+02  2.292946E-01  6.772171E-05  2.838501E-09  3.792309E-09  4.235651E-09  5.135428E-09  4.973535E-01  5.830143E-04  1.382595E-06  2.298448E-01  5.159454E-04  2.277101E-06  2.434209E-07  3.061781E-03  2.401031E-07  9.355062E-07  7.636570E-08  3.821090E-02  1.756423E-06  1.094960E-07  9.186993E-08  4.473671E-04  6.081432E-04  1.634935E-06  1.250288E-06  1.618835E-06  6.037691E-07
 3.391500E+02  2.295428E-01  6.714341E-05  2.765747E-09  3.695915E-09  4.128185E-09  5.006171E-09  4.973918E-01  5.744551E-04  1.314452E-06  2.300839E-01  5.093864E-04  2.172081E-06  2.381797E-07  3.016898E-03  2.300847E-07  8.983985E-07  7.392645E-08  3.776060E-02  1.690929E-06  1.065525E-07  8.934976E-08  4.413749E-04  6.000002E-04  1.558323E-06  1.190324E-06  1.541641E-06  5.796746E-07
 3.401500E+02  2.297867E-01  6.657297E-05  2.695270E-09  3.602517E-09  4.024055E-09  4.880900E-09  4.974293E-01  5.660792E-04  1.250073E-06  2.303188E-01  5.029429E-04  2.072447E-06  2.330791E-07  2.972946E-03  2.205439E-07  8.629856E-07  7.157959E-08  3.731795E-02  1.628229E-06  1.037045E-07  8.691283E-08  4.354982E-04  5.920143E-04  1.485718E-06  1.133578E-06  1.468567E-06  5.566782E-07
 3.411500E+02  2.300264E-01  6.601027E-05  2.626988E-09  3.512009E-09  3.923141E-09  4.759475E-09  4.974660E-01  5.578816E-04  1.189228E-06  2.305498E-01  4.966126E-04  1.977898E-06  2.281150E-07  2.929901E-03  2.114554E-07  8.291809E-07  6.932117E-08  3.688281E-02  1.568191E-06  1.009487E-07  8.455601E-08  4.297343E-04  5.841818E-04  1.416889E-06  1.079860E-06  1.399375E-06  5.347241E-07
 3.421500E+02  2.302620E-01  6.545519E-05  2.560823E-09  3.424288E-09  3.825330E-09  4.641759E-09  4.975020E-01  5.498576E-04  1.131705E-06  2.307768E-01  4.903931E-04  1.888150E-06  2.232830E-07  2.887742E-03  2.027954E-07  7.969027E-07  6.714739E-08  3.645503E-02  1.510689E-06  9.828149E-08  8.227632E-08  4.240805E-04  5.764992E-04  1.351623E-06  1.028993E-06  1.333835E-06  5.137600E-07
 3.431500E+02  2.304935E-01  6.490763E-05  2.496701E-09  3.339257E-09  3.730514E-09  4.527624E-09  4.975372E-01  5.420026E-04  1.077305E-06  2.309999E-01  4.842822E-04  1.802938E-06  2.185793E-07  2.846446E-03  1.945414E-07  7.660740E-07  6.505467E-08  3.603446E-02  1.455604E-06  9.569978E-08  8.007088E-08  4.185343E-04  5.689630E-04  1.289717E-06  9.808103E-07  1.271738E-06  4.937361E-07
 3.441500E+02  2.307211E-01  6.436748E-05  2.434548E-09  3.256821E-09  3.638588E-09  4.416946E-09  4.975717E-01  5.343122E-04  1.025839E-06  2.312193E-01  4.782777E-04  1.722010E-06  2.139998E-07  2.805992E-03  1.866721E-07  7.366218E-07  6.303957E-08  3.562096E-02  1.402824E-06  9.320039E-08  7.793694E-08  4.130931E-04  5.615697E-04  1.230982E-06  9.351564E-07  1.212884E-06  4.746057E-07
 3.451500E+02  2.309447E-01  6.383462E-05  2.374297E-09  3.176889E-09  3.549449E-09  4.309603E-09  4.976055E-01  5.267821E-04  9.771351E-07  2.314350E-01  4.723775E-04  1.645133E-06  2.095409E-07  2.766358E-03  1.791676E-07  7.084775E-07  6.109881E-08  3.521440E-02  1.352241E-06  9.078034E-08  7.587186E-08  4.077547E-04  5.543160E-04  1.175239E-06  8.918854E-07  1.157086E-06  4.563244E-07
 3.461500E+02  2.311646E-01  6.330896E-05  2.315880E-09  3.099375E-09  3.463003E-09  4.205481E-09  4.976386E-01  5.194081E-04  9.310291E-07  2.316470E-01  4.665795E-04  1.572083E-06  2.051988E-07  2.727525E-03  1.720090E-07  6.815759E-07  5.922929E-08  3.481463E-02  1.303753E-06  8.843674E-08  7.387311E-08  4.025165E-04  5.471989E-04  1.122321E-06  8.508608E-07  1.104171E-06  4.388502E-07
 3.471500E+02  2.313807E-01  6.279037E-05  2.259234E-09  3.024193E-09  3.379155E-09  4.104468E-09  4.976711E-01  5.121862E-04  8.873686E-07  2.318555E-01  4.608816E-04  1.502654E-06  2.009700E-07  2.689473E-03  1.651786E-07  6.558556E-07  5.742803E-08  3.442154E-02  1.257265E-06  8.616684E-08  7.193825E-08  3.973763E-04  5.402150E-04  1.072072E-06  8.119542E-07  1.053974E-06  4.221435E-07
 3.481500E+02  2.315932E-01  6.227876E-05  2.204296E-09  2.951265E-09  3.297815E-09  4.006459E-09  4.977029E-01  5.051124E-04  8.460106E-07  2.320605E-01  4.552817E-04  1.436648E-06  1.968512E-07  2.652183E-03  1.586595E-07  6.312585E-07  5.569219E-08  3.403497E-02  1.212683E-06  8.396799E-08  7.006496E-08  3.923319E-04  5.333614E-04  1.024343E-06  7.750453E-07  1.006342E-06  4.061667E-07
 3.491500E+02  2.318021E-01  6.177403E-05  2.151007E-09  2.880511E-09  3.218898E-09  3.911350E-09  4.977341E-01  4.981830E-04  8.068213E-07  2.322621E-01  4.497779E-04  1.373881E-06  1.928390E-07  2.615636E-03  1.524360E-07  6.077295E-07  5.401907E-08  3.365482E-02  1.169922E-06  8.183765E-08  6.825099E-08  3.873811E-04  5.266351E-04  9.789962E-07  7.400214E-07  9.611307E-07  3.908843E-07
 3.501500E+02  2.320075E-01  6.127607E-05  2.099312E-09  2.811858E-09  3.142321E-09  3.819043E-09  4.977646E-01  4.913943E-04  7.696754E-07  2.324603E-01  4.443684E-04  1.314179E-06  1.889303E-07  2.579814E-03  1.464931E-07  5.852166E-07  5.240608E-08  3.328095E-02  1.128897E-06  7.977337E-08  6.649421E-08  3.825218E-04  5.200331E-04  9.359006E-07  7.067765E-07  9.182042E-07  3.762626E-07
 3.511500E+02  2.322094E-01  6.078478E-05  2.049154E-09  2.745234E-09  3.068003E-09  3.729443E-09  4.977946E-01  4.847428E-04  7.344554E-07  2.326552E-01  4.390511E-04  1.257378E-06  1.851219E-07  2.544699E-03  1.408166E-07  5.636706E-07  5.085077E-08  3.291323E-02  1.089532E-06  7.777281E-08  6.479254E-08  3.777519E-04  5.135528E-04  8.949336E-07  6.752110E-07  8.774355E-07  3.622698E-07
 3.521500E+02  2.324080E-01  6.030006E-05  2.000481E-09  2.680570E-09  2.995869E-09  3.642458E-09  4.978239E-01  4.782248E-04  7.010510E-07  2.328470E-01  4.338243E-04  1.203323E-06  1.814109E-07  2.510275E-03  1.353932E-07  5.430448E-07  4.935078E-08  3.255156E-02  1.051750E-06  7.583371E-08  6.314402E-08  3.730693E-04  5.071913E-04  8.559796E-07  6.452315E-07  8.387050E-07  3.488758E-07
 3.531500E+02  2.326032E-01  5.982181E-05  1.953243E-09  2.617799E-09  2.925843E-09  3.558000E-09  4.978527E-01  4.718372E-04  6.693591E-07  2.330355E-01  4.286861E-04  1.151870E-06  1.777945E-07  2.476525E-03  1.302104E-07  5.232952E-07  4.790387E-08  3.219581E-02  1.015481E-06  7.395391E-08  6.154673E-08  3.684722E-04  5.009459E-04  8.189299E-07  6.167502E-07  8.019004E-07  3.360518E-07
 3.541500E+02  2.327952E-01  5.934993E-05  1.907391E-09  2.556858E-09  2.857855E-09  3.475985E-09  4.978810E-01  4.655766E-04  6.392827E-07  2.332210E-01  4.236347E-04  1.102881E-06  1.742697E-07  2.443433E-03  1.252560E-07  5.043798E-07  4.650789E-08  3.184588E-02  9.806565E-07  7.213132E-08  5.999886E-08  3.639586E-04  4.948141E-04  7.836820E-07  5.896847E-07  7.669162E-07  3.237709E-07
 3.551500E+02  2.329841E-01  5.888434E-05  1.862878E-09  2.497684E-09  2.791837E-09  3.396331E-09  4.979087E-01  4.594399E-04  6.107308E-07  2.334034E-01  4.186685E-04  1.056226E-06  1.708340E-07  2.410982E-03  1.205190E-07  4.862591E-07  4.516080E-08  3.150163E-02  9.472131E-07  7.036395E-08  5.849864E-08  3.595267E-04  4.887934E-04  7.501397E-07  5.639573E-07  7.336530E-07  3.120073E-07
 3.561500E+02  2.331698E-01  5.842493E-05  1.819659E-09  2.440219E-09  2.727723E-09  3.318959E-09  4.979358E-01  4.534240E-04  5.836183E-07  2.335829E-01  4.137858E-04  1.011784E-06  1.674847E-07  2.379159E-03  1.159886E-07  4.688956E-07  4.386064E-08  3.116298E-02  9.150892E-07  6.864987E-08  5.704441E-08  3.551746E-04  4.828812E-04  7.182121E-07  5.394950E-07  7.020173E-07  3.007368E-07
 3.571500E+02  2.333525E-01  5.797161E-05  1.777690E-09  2.384406E-09  2.665448E-09  3.243794E-09  4.979624E-01  4.475259E-04  5.578648E-07  2.337594E-01  4.089848E-04  9.694391E-07  1.642193E-07  2.347947E-03  1.116548E-07  4.522537E-07  4.260553E-08  3.082980E-02  8.842266E-07  6.698723E-08  5.563453E-08  3.509006E-04  4.770752E-04  6.878136E-07  5.162293E-07  6.719213E-07  2.899360E-07
 3.581500E+02  2.335321E-01  5.752428E-05  1.736930E-09  2.330190E-09  2.604953E-09  3.170763E-09  4.979886E-01  4.417428E-04  5.333950E-07  2.339331E-01  4.042640E-04  9.290830E-07  1.610354E-07  2.317333E-03  1.075080E-07  4.362995E-07  4.139371E-08  3.050200E-02  8.545700E-07  6.537426E-08  5.426745E-08  3.467030E-04  4.713729E-04  6.588637E-07  4.940955E-07  6.432823E-07  2.795833E-07
 3.591500E+02  2.337089E-01  5.708287E-05  1.697339E-09  2.277518E-09  2.546178E-09  3.099796E-09  4.980142E-01  4.360718E-04  5.101384E-07  2.341040E-01  3.996218E-04  8.906130E-07  1.579306E-07  2.287303E-03  1.035391E-07  4.210012E-07  4.022345E-08  3.017947E-02  8.260666E-07  6.380925E-08  5.294169E-08  3.425800E-04  4.657722E-04  6.312862E-07  4.730329E-07  6.160223E-07  2.696578E-07
 3.601500E+02  2.338827E-01  5.664728E-05  1.658876E-09  2.226338E-09  2.489066E-09  3.030825E-09  4.980393E-01  4.305102E-04  4.880282E-07  2.342721E-01  3.950566E-04  8.539323E-07  1.549026E-07  2.257843E-03  9.973958E-08  4.063283E-07  3.909313E-08  2.986210E-02  7.986662E-07  6.229056E-08  5.165579E-08  3.385301E-04  4.602708E-04  6.050094E-07  4.529842E-07  5.900679E-07  2.601397E-07
 3.611500E+02  2.340538E-01  5.621742E-05  1.621507E-09  2.176603E-09  2.433564E-09  2.963786E-09  4.980640E-01  4.250553E-04  4.670021E-07  2.344375E-01  3.905669E-04  8.189495E-07  1.519491E-07  2.228939E-03  9.610139E-08  3.922521E-07  3.800118E-08  2.954981E-02  7.723210E-07  6.081660E-08  5.040839E-08  3.345517E-04  4.548665E-04  5.799658E-07  4.338954E-07  5.653501E-07  2.510103E-07
 3.621500E+02  2.342221E-01  5.579320E-05  1.585193E-09  2.128264E-09  2.379618E-09  2.898614E-09  4.980882E-01  4.197046E-04  4.470012E-07  2.346003E-01  3.861512E-04  7.855780E-07  1.490682E-07  2.200578E-03  9.261681E-08  3.787451E-07  3.694611E-08  2.924249E-02  7.469855E-07  5.938586E-08  4.919816E-08  3.306431E-04  4.495572E-04  5.560916E-07  4.157159E-07  5.418037E-07  2.422519E-07
 3.631500E+02  2.343877E-01  5.537455E-05  1.549901E-09  2.081277E-09  2.327178E-09  2.835251E-09  4.981120E-01  4.144556E-04  4.279702E-07  2.347604E-01  3.818081E-04  7.537365E-07  1.462576E-07  2.172749E-03  8.927857E-08  3.657815E-07  3.592649E-08  2.894005E-02  7.226162E-07  5.799686E-08  4.802381E-08  3.268029E-04  4.443409E-04  5.333264E-07  3.983978E-07  5.193672E-07  2.338475E-07
 3.641500E+02  2.345506E-01  5.496136E-05  1.515598E-09  2.035596E-09  2.276195E-09  2.773637E-09  4.981353E-01  4.093058E-04  4.098570E-07  2.349181E-01  3.775361E-04  7.233475E-07  1.435153E-07  2.145439E-03  8.607977E-08  3.533366E-07  3.494096E-08  2.864239E-02  6.991718E-07  5.664822E-08  4.688412E-08  3.230297E-04  4.392155E-04  5.116135E-07  3.818958E-07  4.979830E-07  2.257811E-07
 3.651500E+02  2.347109E-01  5.455357E-05  1.482251E-09  1.991181E-09  2.226622E-09  2.713716E-09  4.981582E-01  4.042529E-04  3.926125E-07  2.350732E-01  3.733339E-04  6.943383E-07  1.408396E-07  2.118636E-03  8.301388E-08  3.413870E-07  3.398821E-08  2.834943E-02  6.766130E-07  5.533856E-08  4.577791E-08  3.193219E-04  4.341791E-04  4.908992E-07  3.661675E-07  4.775962E-07  2.180375E-07
 3.661500E+02  2.348686E-01  5.415110E-05  1.449829E-09  1.947991E-09  2.178413E-09  2.655435E-09  4.981807E-01  3.992947E-04  3.761907E-07  2.352259E-01  3.692001E-04  6.666398E-07  1.382283E-07  2.092328E-03  8.007469E-08  3.299103E-07  3.306698E-08  2.806107E-02  6.549022E-07  5.406658E-08  4.470405E-08  3.156782E-04  4.292298E-04  4.711327E-07  3.511728E-07  4.581554E-07  2.106021E-07
 3.671500E+02  2.350239E-01  5.375385E-05  1.418302E-09  1.905985E-09  2.131526E-09  2.598741E-09  4.982027E-01  3.944287E-04  3.605480E-07  2.353762E-01  3.651334E-04  6.401869E-07  1.356798E-07  2.066504E-03  7.725631E-08  3.188856E-07  3.217608E-08  2.777723E-02  6.340035E-07  5.283104E-08  4.366144E-08  3.120972E-04  4.243657E-04  4.522662E-07  3.368737E-07  4.396120E-07  2.034613E-07
 3.681500E+02  2.351767E-01  5.336175E-05  1.387642E-09  1.865127E-09  2.085917E-09  2.543584E-09  4.982244E-01  3.896531E-04  3.456434E-07  2.355241E-01  3.611324E-04  6.149177E-07  1.331923E-07  2.041153E-03  7.455317E-08  3.082926E-07  3.131436E-08  2.749783E-02  6.138829E-07  5.163072E-08  4.264902E-08  3.085776E-04  4.195850E-04  4.342544E-07  3.232346E-07  4.219202E-07  1.966018E-07
 3.691500E+02  2.353270E-01  5.297472E-05  1.357821E-09  1.825379E-09  2.041546E-09  2.489914E-09  4.982456E-01  3.849655E-04  3.314384E-07  2.356697E-01  3.571959E-04  5.907740E-07  1.307640E-07  2.016264E-03  7.195997E-08  2.981122E-07  3.048072E-08  2.722277E-02  5.945077E-07  5.046445E-08  4.166580E-08  3.051180E-04  4.148859E-04  4.170545E-07  3.102217E-07  4.050365E-07  1.900112E-07
 3.701500E+02  2.354750E-01  5.259269E-05  1.328812E-09  1.786707E-09  1.998374E-09  2.437686E-09  4.982665E-01  3.803639E-04  3.178965E-07  2.358130E-01  3.533227E-04  5.677005E-07  1.283934E-07  1.991828E-03  6.947167E-08  2.883264E-07  2.967411E-08  2.695198E-02  5.758470E-07  4.933112E-08  4.071078E-08  3.017173E-04  4.102667E-04  4.006260E-07  2.978031E-07  3.889201E-07  1.836778E-07
 3.711500E+02  2.356207E-01  5.221559E-05  1.300589E-09  1.749076E-09  1.956363E-09  2.386854E-09  4.982870E-01  3.758464E-04  3.049833E-07  2.359541E-01  3.495114E-04  5.456448E-07  1.260787E-07  1.967833E-03  6.708351E-08  2.789177E-07  2.889351E-08  2.668538E-02  5.578710E-07  4.822965E-08  3.978305E-08  2.983741E-04  4.057257E-04  3.849307E-07  2.859489E-07  3.735322E-07  1.775901E-07
 3.721500E+02  2.357641E-01  5.184332E-05  1.273128E-09  1.712454E-09  1.915477E-09  2.337375E-09  4.983072E-01  3.714111E-04  2.926665E-07  2.360931E-01  3.457610E-04  5.245575E-07  1.238185E-07  1.944270E-03  6.479095E-08  2.698698E-07  2.813797E-08  2.642289E-02  5.405515E-07  4.715900E-08  3.888168E-08  2.950873E-04  4.012613E-04  3.699324E-07  2.746305E-07  3.588365E-07  1.717375E-07
 3.731500E+02  2.359053E-01  5.147583E-05  1.246404E-09  1.676809E-09  1.875681E-09  2.289206E-09  4.983269E-01  3.670560E-04  2.809154E-07  2.362299E-01  3.420702E-04  5.043915E-07  1.216112E-07  1.921130E-03  6.258968E-08  2.611670E-07  2.740655E-08  2.616443E-02  5.238614E-07  4.611816E-08  3.800582E-08  2.918556E-04  3.968719E-04  3.555967E-07  2.638211E-07  3.447982E-07  1.661098E-07
