#         T/K            c1          c2-1          c3-4          c3-5          c3-7          c3-9            m1          m2-1          m3-1            w1            w2          w3-1          w3-2          c1m1        c1m2-1        c1m2-7        c2m1-1        c1w1-2        c1w2-1        c2w1-1        c2w1-9        m1w1-1        m1w1-4        m1w2-1        m2w1-1        m2w1-3      c1m1w1-1
 2.731500E+02  4.547771E-01  7.052263E-04  2.895447E-07  3.800343E-07  4.228184E-07  5.041584E-07  1.943606E-01  3.273691E-04  5.951499E-06  1.587681E-01  8.912888E-04  5.089070E-05  7.140508E-07  9.529250E-03  3.050938E-06  1.001109E-05  2.383040E-06  1.794352E-01  5.536374E-05  4.269902E-06  3.749425E-06  4.295639E-04  5.847523E-04  2.053435E-05  9.101837E-06  1.152760E-05  1.247178E-05
 2.741500E+02  4.561019E-01  6.958208E-04  2.777495E-07  3.646764E-07  4.057618E-07  4.839730E-07  1.944901E-01  3.196178E-04  5.492968E-06  1.599938E-01  8.829156E-04  4.804987E-05  7.003909E-07  9.307528E-03  2.850592E-06  9.383992E-06  2.262009E-06  1.770294E-01  5.270309E-05  4.108843E-06  3.604887E-06  4.226589E-04  5.753162E-04  1.925181E-05  8.468364E-06  1.072957E-05  1.175542E-05
 2.751500E+02  4.574071E-01  6.865933E-04  2.665124E-07  3.500401E-07  3.895053E-07  4.647285E-07  1.946156E-01  3.121051E-04  5.072787E-06  1.612029E-01  8.745190E-04  4.537404E-05  6.869094E-07  9.092456E-03  2.664739E-06  8.800389E-06  2.147941E-06  1.746560E-01  5.017916E-05  3.954602E-06  3.466592E-06  4.158756E-04  5.660481E-04  1.805458E-05  7.882453E-06  9.991163E-06  1.108400E-05
 2.761500E+02  4.586927E-01  6.775399E-04  2.558036E-07  3.360871E-07  3.740067E-07  4.463754E-07  1.947374E-01  3.048224E-04  4.687517E-06  1.623954E-01  8.661054E-04  4.285346E-05  6.736104E-07  8.883799E-03  2.492244E-06  8.257003E-06  2.040394E-06  1.723147E-01  4.778461E-05  3.806866E-06  3.334250E-06  4.092124E-04  5.569457E-04  1.693672E-05  7.340301E-06  9.307640E-06  1.045449E-05
 2.771500E+02  4.599589E-01  6.686566E-04  2.455952E-07  3.227816E-07  3.592262E-07  4.288673E-07  1.948556E-01  2.977615E-04  4.334047E-06  1.635714E-01  8.576809E-04  4.047895E-05  6.604979E-07  8.681332E-03  2.332063E-06  7.750818E-06  1.938955E-06  1.700054E-01  4.551252E-05  3.665338E-06  3.207582E-06  4.026678E-04  5.480069E-04  1.589270E-05  6.838424E-06  8.674648E-06  9.864084E-06
 2.781500E+02  4.612059E-01  6.599394E-04  2.358608E-07  3.100899E-07  3.451264E-07  4.121603E-07  1.949703E-01  2.909146E-04  4.009559E-06  1.647311E-01  8.492516E-04  3.824186E-05  6.475752E-07  8.484841E-03  2.183245E-06  7.279064E-06  1.843242E-06  1.677281E-01  4.335635E-05  3.529734E-06  3.086325E-06  3.962404E-04  5.392296E-04  1.491738E-05  6.373632E-06  8.088204E-06  9.310164E-06
 2.791500E+02  4.624340E-01  6.513847E-04  2.265758E-07  2.979799E-07  3.316719E-07  3.962131E-07  1.950816E-01  2.842742E-04  3.711502E-06  1.658745E-01  8.408229E-04  3.613406E-05  6.348450E-07  8.294119E-03  2.044915E-06  6.839187E-06  1.752896E-06  1.654825E-01  4.130990E-05  3.399786E-06  2.970227E-06  3.899286E-04  5.306116E-04  1.400601E-05  5.943002E-06  7.544653E-06  8.790309E-06
 2.801500E+02  4.636432E-01  6.429887E-04  2.177167E-07  2.864217E-07  3.188296E-07  3.809868E-07  1.951896E-01  2.778329E-04  3.437564E-06  1.670016E-01  8.324002E-04  3.414792E-05  6.223099E-07  8.108966E-03  1.916268E-06  6.428842E-06  1.667584E-06  1.632685E-01  3.936733E-05  3.275237E-06  2.859050E-06  3.837307E-04  5.221505E-04  1.315418E-05  5.543854E-06  7.040647E-06  8.302265E-06
 2.811500E+02  4.648338E-01  6.347478E-04  2.092616E-07  2.753869E-07  3.065679E-07  3.664446E-07  1.952946E-01  2.715837E-04  3.185646E-06  1.681127E-01  8.239885E-04  3.227622E-05  6.099716E-07  7.929191E-03  1.796571E-06  6.045866E-06  1.586996E-06  1.610858E-01  3.752310E-05  3.155842E-06  2.752568E-06  3.776453E-04  5.138441E-04  1.235779E-05  5.173729E-06  6.573112E-06  7.843937E-06
 2.821500E+02  4.660061E-01  6.266587E-04  2.011898E-07  2.648489E-07  2.948574E-07  3.525519E-07  1.953965E-01  2.655201E-04  2.953847E-06  1.692078E-01  8.155928E-04  3.051219E-05  5.978318E-07  7.754611E-03  1.685144E-06  5.688269E-06  1.510842E-06  1.589344E-01  3.577200E-05  3.041371E-06  2.650563E-06  3.716706E-04  5.056901E-04  1.161303E-05  4.830373E-06  6.139226E-06  7.413376E-06
 2.831500E+02  4.671601E-01  6.187180E-04  1.934815E-07  2.547824E-07  2.836701E-07  3.392759E-07  1.954954E-01  2.596354E-04  2.740437E-06  1.702870E-01  8.072174E-04  2.884948E-05  5.858916E-07  7.585047E-03  1.581368E-06  5.354214E-06  1.438851E-06  1.568139E-01  3.410907E-05  2.931602E-06  2.552832E-06  3.658049E-04  4.976862E-04  1.091637E-05  4.511716E-06  5.736401E-06  7.008769E-06
 2.841500E+02  4.682961E-01  6.109224E-04  1.861185E-07  2.451636E-07  2.729796E-07  3.265858E-07  1.955916E-01  2.539234E-04  2.543847E-06  1.713505E-01  7.988669E-04  2.728209E-05  5.741519E-07  7.420331E-03  1.484670E-06  5.042009E-06  1.370771E-06  1.547242E-01  3.252964E-05  2.826324E-06  2.459180E-06  3.600468E-04  4.898300E-04  1.026453E-05  4.215857E-06  5.362256E-06  6.628430E-06
 2.851500E+02  4.694143E-01  6.032687E-04  1.790833E-07  2.359702E-07  2.627610E-07  3.144524E-07  1.956850E-01  2.483783E-04  2.362650E-06  1.723984E-01  7.905452E-04  2.580438E-05  5.626130E-07  7.260299E-03  1.394526E-06  4.750094E-06  1.306367E-06  1.526650E-01  3.102930E-05  2.725338E-06  2.369420E-06  3.543944E-04  4.821192E-04  9.654472E-06  3.941052E-06  5.014606E-06  6.270789E-06
 2.861500E+02  4.705150E-01  5.957538E-04  1.723593E-07  2.271808E-07  2.529909E-07  3.028480E-07  1.957759E-01  2.429942E-04  2.195546E-06  1.734309E-01  7.822563E-04  2.441107E-05  5.512753E-07  7.104793E-03  1.310451E-06  4.477026E-06  1.245418E-06  1.506360E-01  2.960388E-05  2.628451E-06  2.283376E-06  3.488461E-04  4.745515E-04  9.083353E-06  3.685695E-06  4.691442E-06  5.934382E-06
 2.871500E+02  4.715983E-01  5.883747E-04  1.659312E-07  2.187754E-07  2.436471E-07  2.917467E-07  1.958641E-01  2.377657E-04  2.041356E-06  1.744480E-01  7.740037E-04  2.309717E-05  5.401385E-07  6.953662E-03  1.232000E-06  4.221476E-06  1.187718E-06  1.486370E-01  2.824941E-05  2.535483E-06  2.200880E-06  3.434003E-04  4.671244E-04  8.548548E-06  3.448314E-06  4.390916E-06  5.617849E-06
 2.881500E+02  4.726645E-01  5.811285E-04  1.597842E-07  2.107351E-07  2.347085E-07  2.811239E-07  1.959499E-01  2.326873E-04  1.899003E-06  1.754499E-01  7.657909E-04  2.185799E-05  5.292023E-07  6.806760E-03  1.158764E-06  3.982213E-06  1.133075E-06  1.466677E-01  2.696218E-05  2.446259E-06  2.121773E-06  3.380552E-04  4.598358E-04  8.047611E-06  3.227552E-06  4.111327E-06  5.319921E-06
 2.891500E+02  4.737137E-01  5.740123E-04  1.539044E-07  2.030420E-07  2.261552E-07  2.709561E-07  1.960334E-01  2.277541E-04  1.767507E-06  1.764368E-01  7.576211E-04  2.068915E-05  5.184661E-07  6.663947E-03  1.090364E-06  3.758102E-06  1.081308E-06  1.447279E-01  2.573865E-05  2.360616E-06  2.045901E-06  3.328093E-04  4.526831E-04  7.578271E-06  3.022161E-06  3.851111E-06  5.039416E-06
 2.901500E+02  4.747462E-01  5.670234E-04  1.482787E-07  1.956792E-07  2.179686E-07  2.612214E-07  1.961145E-01  2.229610E-04  1.645975E-06  1.774089E-01  7.494974E-04  1.958649E-05  5.079289E-07  6.525089E-03  1.026452E-06  3.548092E-06  1.032250E-06  1.428172E-01  2.457548E-05  2.278396E-06  1.973120E-06  3.276608E-04  4.456642E-04  7.138415E-06  2.830993E-06  3.608828E-06  4.775231E-06
 2.911500E+02  4.757622E-01  5.601590E-04  1.428947E-07  1.886305E-07  2.101308E-07  2.518989E-07  1.961935E-01  2.183034E-04  1.533592E-06  1.783662E-01  7.414226E-04  1.854613E-05  4.975897E-07  6.390054E-03  9.667061E-07  3.351210E-06  9.857429E-07  1.409353E-01  2.346953E-05  2.199448E-06  1.903293E-06  3.226080E-04  4.387766E-04  6.726077E-06  2.652992E-06  3.383150E-06  4.526339E-06
 2.921500E+02  4.767619E-01  5.534164E-04  1.377407E-07  1.818810E-07  2.026251E-07  2.429688E-07  1.962703E-01  2.137766E-04  1.429614E-06  1.793089E-01  7.333993E-04  1.756441E-05  4.874472E-07  6.258719E-03  9.108305E-07  3.166558E-06  9.416387E-07  1.390820E-01  2.241779E-05  2.123630E-06  1.836287E-06  3.176494E-04  4.320181E-04  6.339431E-06  2.487184E-06  3.172857E-06  4.291782E-06
 2.931500E+02  4.777456E-01  5.467932E-04  1.328056E-07  1.754161E-07  1.954355E-07  2.344126E-07  1.963450E-01  2.093764E-04  1.333362E-06  1.802373E-01  7.254301E-04  1.663788E-05  4.774999E-07  6.130963E-03  8.585511E-07  2.993302E-06  8.997992E-07  1.372569E-01  2.141745E-05  2.050807E-06  1.771978E-06  3.127832E-04  4.253864E-04  5.976776E-06  2.332671E-06  2.976819E-06  4.070665E-06
 2.941500E+02  4.787135E-01  5.402867E-04  1.280789E-07  1.692224E-07  1.885470E-07  2.262124E-07  1.964177E-01  2.050984E-04  1.244215E-06  1.811514E-01  7.175171E-04  1.576333E-05  4.677462E-07  6.006670E-03  8.096148E-07  2.830670E-06  8.600950E-07  1.354597E-01  2.046585E-05  1.980847E-06  1.710247E-06  3.080079E-04  4.188792E-04  5.636529E-06  2.188627E-06  2.794000E-06  3.862152E-06
 2.951500E+02  4.796657E-01  5.338946E-04  1.235506E-07  1.632869E-07  1.819453E-07  2.183514E-07  1.964884E-01  2.009387E-04  1.161607E-06  1.820514E-01  7.096625E-04  1.493770E-05  4.581843E-07  5.885727E-03  7.637881E-07  2.677948E-06  8.224046E-07  1.336901E-01  1.956045E-05  1.913627E-06  1.650979E-06  3.033218E-04  4.124942E-04  5.317220E-06  2.054290E-06  2.623439E-06  3.665466E-06
 2.961500E+02  4.806025E-01  5.276144E-04  1.192113E-07  1.575975E-07  1.756169E-07  2.108138E-07  1.965573E-01  1.968933E-04  1.085019E-06  1.829376E-01  7.018684E-04  1.415814E-05  4.488123E-07  5.768029E-03  7.208547E-07  2.534472E-06  7.866139E-07  1.319478E-01  1.869887E-05  1.849029E-06  1.594068E-06  2.987234E-04  4.062293E-04  5.017475E-06  1.928954E-06  2.464253E-06  3.479877E-06
 2.971500E+02  4.815242E-01  5.214439E-04  1.150520E-07  1.521426E-07  1.695490E-07  2.035845E-07  1.966244E-01  1.929584E-04  1.013976E-06  1.838100E-01  6.941365E-04  1.342197E-05  4.396281E-07  5.653470E-03  6.806147E-07  2.399628E-06  7.526163E-07  1.302324E-01  1.787884E-05  1.786941E-06  1.539409E-06  2.942109E-04  4.000822E-04  4.736020E-06  1.811973E-06  2.315625E-06  3.304707E-06
 2.981500E+02  4.824309E-01  5.153807E-04  1.110644E-07  1.469113E-07  1.637293E-07  1.966492E-07  1.966897E-01  1.891305E-04  9.480431E-07  1.846689E-01  6.864684E-04  1.272665E-05  4.306295E-07  5.541952E-03  6.428833E-07  2.272844E-06  7.203114E-07  1.285436E-01  1.709823E-05  1.727255E-06  1.486905E-06  2.897829E-04  3.940507E-04  4.471664E-06  1.702745E-06  2.176801E-06  3.139320E-06
 2.991500E+02  4.833228E-01  5.094226E-04  1.072403E-07  1.418931E-07  1.581465E-07  1.899943E-07  1.967533E-01  1.854060E-04  8.868229E-07  1.855143E-01  6.788659E-04  1.206982E-05  4.218144E-07  5.433377E-03  6.074891E-07  2.153592E-06  6.896052E-07  1.268811E-01  1.635501E-05  1.669869E-06  1.436461E-06  2.854378E-04  3.881327E-04  4.223301E-06  1.600718E-06  2.047084E-06  2.983122E-06
 3.001500E+02  4.842003E-01  5.035675E-04  1.035723E-07  1.370783E-07  1.527895E-07  1.836070E-07  1.968153E-01  1.817816E-04  8.299502E-07  1.863466E-01  6.713301E-04  1.144924E-05  4.131804E-07  5.327653E-03  5.742734E-07  2.041377E-06  6.604091E-07  1.252445E-01  1.564728E-05  1.614684E-06  1.387990E-06  2.811740E-04  3.823260E-04  3.989898E-06  1.505380E-06  1.925830E-06  2.835557E-06
 3.011500E+02  4.850634E-01  4.978132E-04  1.000529E-07  1.324575E-07  1.476481E-07  1.774750E-07  1.968756E-01  1.782541E-04  7.770904E-07  1.871658E-01  6.638625E-04  1.086281E-05  4.047249E-07  5.224690E-03  5.430894E-07  1.935745E-06  6.326403E-07  1.236336E-01  1.497321E-05  1.561608E-06  1.341405E-06  2.769901E-04  3.766286E-04  3.770495E-06  1.416258E-06  1.812443E-06  2.696108E-06
 3.021500E+02  4.859125E-01  4.921577E-04  9.667556E-08  1.280217E-07  1.427123E-07  1.715868E-07  1.969345E-01  1.748203E-04  7.279366E-07  1.879722E-01  6.564641E-04  1.030857E-05  3.964455E-07  5.124403E-03  5.138008E-07  1.836269E-06  6.062206E-07  1.220479E-01  1.433110E-05  1.510552E-06  1.296626E-06  2.728844E-04  3.710382E-04  3.564193E-06  1.332916E-06  1.706373E-06  2.564288E-06
 3.031500E+02  4.867476E-01  4.865990E-04  9.343361E-08  1.237627E-07  1.379728E-07  1.659313E-07  1.969918E-01  1.714772E-04  6.822070E-07  1.887659E-01  6.491360E-04  9.784647E-06  3.883397E-07  5.026707E-03  4.862811E-07  1.742554E-06  5.810767E-07  1.204871E-01  1.371932E-05  1.461429E-06  1.253574E-06  2.688556E-04  3.655529E-04  3.370157E-06  1.254948E-06  1.607110E-06  2.439642E-06
 3.041500E+02  4.875692E-01  4.811351E-04  9.032092E-08  1.196723E-07  1.334207E-07  1.604981E-07  1.970476E-01  1.682220E-04  6.396427E-07  1.895470E-01  6.418791E-04  9.289304E-06  3.804048E-07  4.931524E-03  4.604131E-07  1.654232E-06  5.571397E-07  1.189509E-01  1.313633E-05  1.414161E-06  1.212178E-06  2.649021E-04  3.601707E-04  3.187607E-06  1.181981E-06  1.514183E-06  2.321746E-06
 3.051500E+02  4.883772E-01  4.757640E-04  8.733164E-08  1.157430E-07  1.290477E-07  1.552773E-07  1.971021E-01  1.650518E-04  6.000059E-07  1.903158E-01  6.346943E-04  8.820899E-06  3.726382E-07  4.838774E-03  4.360880E-07  1.570962E-06  5.343447E-07  1.174390E-01  1.258068E-05  1.368668E-06  1.172365E-06  2.610226E-04  3.548895E-04  3.015817E-06  1.113668E-06  1.427154E-06  2.210200E-06
 3.061500E+02  4.891721E-01  4.704840E-04  8.446021E-08  1.119677E-07  1.248457E-07  1.502593E-07  1.971551E-01  1.619640E-04  5.630781E-07  1.910725E-01  6.275822E-04  8.377888E-06  3.650371E-07  4.748385E-03  4.132046E-07  1.492425E-06  5.126306E-07  1.159509E-01  1.205099E-05  1.324877E-06  1.134069E-06  2.572155E-04  3.497074E-04  2.854106E-06  1.049689E-06  1.345620E-06  2.104632E-06
 3.071500E+02  4.899539E-01  4.652932E-04  8.170135E-08  1.083393E-07  1.208071E-07  1.454353E-07  1.972069E-01  1.589560E-04  5.286581E-07  1.918172E-01  6.205435E-04  7.958818E-06  3.575988E-07  4.660283E-03  3.916691E-07  1.418323E-06  4.919400E-07  1.144864E-01  1.154597E-05  1.282717E-06  1.097225E-06  2.534795E-04  3.446224E-04  2.701843E-06  9.897468E-07  1.269204E-06  2.004692E-06
 3.081500E+02  4.907228E-01  4.601897E-04  7.905004E-08  1.048515E-07  1.169247E-07  1.407967E-07  1.972573E-01  1.560252E-04  4.965608E-07  1.925500E-01  6.135787E-04  7.562324E-06  3.503207E-07  4.574399E-03  3.713943E-07  1.348380E-06  4.722187E-07  1.130452E-01  1.106436E-05  1.242121E-06  1.061774E-06  2.498132E-04  3.396327E-04  2.558435E-06  9.335655E-07  1.197559E-06  1.910052E-06
 3.091500E+02  4.914792E-01  4.551719E-04  7.650151E-08  1.014980E-07  1.131915E-07  1.363353E-07  1.973066E-01  1.531693E-04  4.666159E-07  1.932712E-01  6.066883E-04  7.187122E-06  3.431998E-07  4.490666E-03  3.522989E-07  1.282339E-06  4.534159E-07  1.116268E-01  1.060501E-05  1.203024E-06  1.027655E-06  2.462152E-04  3.347363E-04  2.423330E-06  8.808902E-07  1.130364E-06  1.820406E-06
 3.101500E+02  4.922231E-01  4.502379E-04  7.405123E-08  9.827288E-08  1.096012E-07  1.320435E-07  1.973546E-01  1.503860E-04  4.386664E-07  1.939809E-01  5.998726E-04  6.832002E-06  3.362334E-07  4.409020E-03  3.343074E-07  1.219959E-06  4.354835E-07  1.102310E-01  1.016680E-05  1.165365E-06  9.948141E-07  2.426842E-04  3.299314E-04  2.296012E-06  8.314840E-07  1.067319E-06  1.735465E-06
 3.111500E+02  4.929549E-01  4.453863E-04  7.169487E-08  9.517061E-08  1.061473E-07  1.279139E-07  1.974014E-01  1.476730E-04  4.125677E-07  1.946794E-01  5.931318E-04  6.495826E-06  3.294187E-07  4.329396E-03  3.173497E-07  1.161015E-06  4.183762E-07  1.088573E-01  9.748684E-06  1.129085E-06  9.631974E-07  2.392188E-04  3.252162E-04  2.176001E-06  7.851273E-07  1.008145E-06  1.654960E-06
 3.121500E+02  4.936746E-01  4.406152E-04  6.942835E-08  9.218583E-08  1.028241E-07  1.239395E-07  1.974471E-01  1.450281E-04  3.881864E-07  1.953667E-01  5.864663E-04  6.177526E-06  3.227530E-07  4.251737E-03  3.013602E-07  1.105299E-06  4.020514E-07  1.075056E-01  9.349671E-06  1.094127E-06  9.327541E-07  2.358179E-04  3.205888E-04  2.062845E-06  7.416163E-07  9.525867E-07  1.578637E-06
 3.131500E+02  4.943825E-01  4.359232E-04  6.724774E-08  8.931346E-08  9.962586E-08  1.201136E-07  1.974917E-01  1.424494E-04  3.653995E-07  1.960430E-01  5.798760E-04  5.876092E-06  3.162334E-07  4.175982E-03  2.862782E-07  1.052615E-06  3.864689E-07  1.061754E-01  8.968814E-06  1.060438E-06  9.034357E-07  2.324800E-04  3.160476E-04  1.956124E-06  7.007618E-07  9.004034E-07  1.506258E-06
 3.141500E+02  4.950788E-01  4.313087E-04  6.514935E-08  8.654867E-08  9.654722E-08  1.164299E-07  1.975352E-01  1.399346E-04  3.440934E-07  1.967086E-01  5.733612E-04  5.590577E-06  3.098572E-07  4.102075E-03  2.720468E-07  1.002779E-06  3.715906E-07  1.048664E-01  8.605222E-06  1.027967E-06  8.751959E-07  2.292040E-04  3.115909E-04  1.855445E-06  6.623879E-07  8.513731E-07  1.437601E-06
 3.151500E+02  4.957637E-01  4.267701E-04  6.312963E-08  8.388686E-08  9.358309E-08  1.128824E-07  1.975777E-01  1.374820E-04  3.241633E-07  1.973635E-01  5.669219E-04  5.320089E-06  3.036216E-07  4.029963E-03  2.586132E-07  9.556226E-07  3.573808E-07  1.035783E-01  8.258047E-06  9.966639E-07  8.479904E-07  2.259885E-04  3.072168E-04  1.760439E-06  6.263313E-07  8.052890E-07  1.372455E-06
 3.161500E+02  4.964373E-01  4.223059E-04  6.118521E-08  8.132365E-08  9.072860E-08  1.094653E-07  1.976191E-01  1.350897E-04  3.055123E-07  1.980080E-01  5.605578E-04  5.063788E-06  2.975238E-07  3.959593E-03  2.459280E-07  9.109849E-07  3.438057E-07  1.023107E-01  7.926486E-06  9.664823E-07  8.217770E-07  2.228325E-04  3.029238E-04  1.670763E-06  5.924403E-07  7.619591E-07  1.310624E-06
 3.171500E+02  4.970999E-01  4.179148E-04  5.931289E-08  7.885486E-08  8.797911E-08  1.061732E-07  1.976596E-01  1.327557E-04  2.880511E-07  1.986421E-01  5.542691E-04  4.820882E-06  2.915611E-07  3.890913E-03  2.339452E-07  8.687172E-07  3.308333E-07  1.010634E-01  7.609779E-06  9.373770E-07  7.965151E-07  2.197346E-04  2.987102E-04  1.586095E-06  5.605737E-07  7.212047E-07  1.251922E-06
 3.181500E+02  4.977516E-01  4.135952E-04  5.750961E-08  7.647651E-08  8.533020E-08  1.030007E-07  1.976992E-01  1.304785E-04  2.716967E-07  1.992662E-01  5.480555E-04  4.590626E-06  2.857308E-07  3.823874E-03  2.226220E-07  8.286799E-07  3.184335E-07  9.983602E-02  7.307203E-06  9.093052E-07  7.721663E-07  2.166938E-04  2.945744E-04  1.506133E-06  5.306002E-07  6.828595E-07  1.196176E-06
 3.191500E+02  4.983927E-01  4.093457E-04  5.577247E-08  7.418482E-08  8.277767E-08  9.994297E-08  1.977378E-01  1.282563E-04  2.563726E-07  1.998803E-01  5.419168E-04  4.372320E-06  2.800301E-07  3.758430E-03  2.119181E-07  7.907426E-07  3.065778E-07  9.862823E-02  7.018075E-06  8.822257E-07  7.486934E-07  2.137089E-04  2.905148E-04  1.430595E-06  5.023977E-07  6.467687E-07  1.143224E-06
 3.201500E+02  4.990232E-01  4.051651E-04  5.409868E-08  7.197617E-08  8.031750E-08  9.699518E-08  1.977755E-01  1.260875E-04  2.420081E-07  2.004845E-01  5.358528E-04  4.165302E-06  2.744564E-07  3.694534E-03  2.017963E-07  7.547829E-07  2.952393E-07  9.743974E-02  6.741746E-06  8.560992E-07  7.260614E-07  2.107787E-04  2.865300E-04  1.359219E-06  4.758525E-07  6.127883E-07  1.092910E-06
 3.211500E+02  4.996435E-01  4.010520E-04  5.248561E-08  6.984712E-08  7.794586E-08  9.415283E-08  1.978123E-01  1.239705E-04  2.285375E-07  2.010791E-01  5.298631E-04  3.968950E-06  2.690071E-07  3.632143E-03  1.922214E-07  7.206865E-07  2.843924E-07  9.627021E-02  6.477598E-06  8.308882E-07  7.042363E-07  2.079022E-04  2.826183E-04  1.291755E-06  4.508587E-07  5.807841E-07  1.045090E-06
 3.221500E+02  5.002535E-01  3.970050E-04  5.093073E-08  6.779437E-08  7.565911E-08  9.141158E-08  1.978483E-01  1.219038E-04  2.159001E-07  2.016643E-01  5.239475E-04  3.782677E-06  2.636796E-07  3.571212E-03  1.831609E-07  6.883462E-07  2.740132E-07  9.511936E-02  6.225050E-06  8.065565E-07  6.831860E-07  2.050783E-04  2.787782E-04  1.227974E-06  4.273178E-07  5.506311E-07  9.996290E-07
 3.231500E+02  5.008537E-01  3.930230E-04  4.943163E-08  6.581480E-08  7.345375E-08  8.876731E-08  1.978834E-01  1.198859E-04  2.040395E-07  2.022401E-01  5.181056E-04  3.605932E-06  2.584711E-07  3.511700E-03  1.745842E-07  6.576615E-07  2.640789E-07  9.398688E-02  5.983545E-06  7.830698E-07  6.628795E-07  2.023059E-04  2.750085E-04  1.167657E-06  4.051379E-07  5.222127E-07  9.563986E-07
 3.241500E+02  5.014440E-01  3.891046E-04  4.798603E-08  6.390540E-08  7.132646E-08  8.621609E-08  1.979178E-01  1.179155E-04  1.929036E-07  2.028067E-01  5.123369E-04  3.438194E-06  2.533794E-07  3.453568E-03  1.664626E-07  6.285381E-07  2.545679E-07  9.287246E-02  5.752558E-06  7.603951E-07  6.432873E-07  1.995839E-04  2.713075E-04  1.110601E-06  3.842334E-07  4.954204E-07  9.152784E-07
 3.251500E+02  5.020247E-01  3.852486E-04  4.659173E-08  6.206333E-08  6.927408E-08  8.375414E-08  1.979514E-01  1.159910E-04  1.824440E-07  2.033642E-01  5.066411E-04  3.278971E-06  2.484016E-07  3.396777E-03  1.587696E-07  6.008877E-07  2.454597E-07  9.177581E-02  5.531590E-06  7.385006E-07  6.243813E-07  1.969114E-04  2.676739E-04  1.056617E-06  3.645244E-07  4.701527E-07  8.761550E-07
 3.261500E+02  5.025960E-01  3.814538E-04  4.524664E-08  6.028586E-08  6.729357E-08  8.137789E-08  1.979842E-01  1.141114E-04  1.726158E-07  2.039129E-01  5.010176E-04  3.127801E-06  2.435356E-07  3.341288E-03  1.514799E-07  5.746276E-07  2.367352E-07  9.069663E-02  5.320167E-06  7.173564E-07  6.061343E-07  1.942873E-04  2.641063E-04  1.005524E-06  3.459366E-07  4.463152E-07  8.389216E-07
 3.271500E+02  5.031580E-01  3.777191E-04  4.394878E-08  5.857039E-08  6.538205E-08  7.908390E-08  1.980162E-01  1.122751E-04  1.633772E-07  2.044528E-01  4.954660E-04  2.984249E-06  2.387786E-07  3.287066E-03  1.445702E-07  5.496798E-07  2.283761E-07  8.963464E-02  5.117838E-06  6.969332E-07  5.885205E-07  1.917107E-04  2.606034E-04  9.571562E-07  3.284003E-07  4.238196E-07  8.034777E-07
 3.281500E+02  5.037108E-01  3.740434E-04  4.269623E-08  5.691443E-08  6.353674E-08  7.686889E-08  1.980476E-01  1.104811E-04  1.546896E-07  2.049842E-01  4.899857E-04  2.847903E-06  2.341285E-07  3.234076E-03  1.380186E-07  5.259714E-07  2.203649E-07  8.858954E-02  4.924177E-06  6.772035E-07  5.715152E-07  1.891806E-04  2.571639E-04  9.113555E-07  3.118508E-07  4.025836E-07  7.697284E-07
 3.291500E+02  5.042547E-01  3.704254E-04  4.148717E-08  5.531561E-08  6.175501E-08  7.472975E-08  1.980783E-01  1.087281E-04  1.465169E-07  2.055071E-01  4.845763E-04  2.718375E-06  2.295827E-07  3.182283E-03  1.318045E-07  5.034338E-07  2.126854E-07  8.756106E-02  4.738777E-06  6.581407E-07  5.550947E-07  1.866960E-04  2.537864E-04  8.679743E-07  2.962276E-07  3.825302E-07  7.375843E-07
 3.301500E+02  5.047897E-01  3.668642E-04  4.031988E-08  5.377166E-08  6.003435E-08  7.266346E-08  1.981082E-01  1.070150E-04  1.388259E-07  2.060217E-01  4.792371E-04  2.595299E-06  2.251390E-07  3.131655E-03  1.259085E-07  4.820026E-07  2.053219E-07  8.654892E-02  4.561253E-06  6.397193E-07  5.392362E-07  1.842561E-04  2.504698E-04  8.268743E-07  2.814741E-07  3.635876E-07  7.069613E-07
 3.311500E+02  5.053161E-01  3.633586E-04  3.919269E-08  5.228040E-08  5.837233E-08  7.066718E-08  1.981376E-01  1.053405E-04  1.315853E-07  2.065281E-01  4.739676E-04  2.478332E-06  2.207950E-07  3.082159E-03  1.203127E-07  4.616172E-07  1.982597E-07  8.555283E-02  4.391239E-06  6.219148E-07  5.239181E-07  1.818599E-04  2.472126E-04  7.879254E-07  2.675374E-07  3.456886E-07  6.777799E-07
 3.321500E+02  5.058340E-01  3.599076E-04  3.810402E-08  5.083978E-08  5.676666E-08  6.873817E-08  1.981662E-01  1.037038E-04  1.247662E-07  2.070265E-01  4.687671E-04  2.367146E-06  2.165486E-07  3.033765E-03  1.150000E-07  4.422208E-07  1.914848E-07  8.457254E-02  4.228387E-06  6.047041E-07  5.091195E-07  1.795065E-04  2.440139E-04  7.510056E-07  2.543683E-07  3.287704E-07  6.499651E-07
 3.331500E+02  5.063436E-01  3.565102E-04  3.705235E-08  4.944781E-08  5.521514E-08  6.687382E-08  1.981943E-01  1.021037E-04  1.183419E-07  2.075170E-01  4.636350E-04  2.261434E-06  2.123975E-07  2.986443E-03  1.099546E-07  4.237598E-07  1.849840E-07  8.360777E-02  4.072366E-06  5.880645E-07  4.948206E-07  1.771951E-04  2.408722E-04  7.160001E-07  2.419205E-07  3.127743E-07  6.234462E-07
 3.341500E+02  5.068449E-01  3.531653E-04  3.603622E-08  4.810259E-08  5.371567E-08  6.507163E-08  1.982217E-01  1.005392E-04  1.122871E-07  2.079998E-01  4.585707E-04  2.160908E-06  2.083395E-07  2.940163E-03  1.051616E-07  4.061838E-07  1.787447E-07  8.265825E-02  3.922862E-06  5.719747E-07  4.810023E-07  1.749248E-04  2.377866E-04  6.828012E-07  2.301510E-07  2.976454E-07  5.981566E-07
 3.351500E+02  5.073382E-01  3.498720E-04  3.505427E-08  4.680232E-08  5.226621E-08  6.332920E-08  1.982486E-01  9.900925E-05  1.065786E-07  2.084749E-01  4.535736E-04  2.065293E-06  2.043725E-07  2.894899E-03  1.006068E-07  3.894456E-07  1.727548E-07  8.172373E-02  3.779577E-06  5.564142E-07  4.676462E-07  1.726948E-04  2.347558E-04  6.513076E-07  2.190192E-07  2.833323E-07  5.740331E-07
 3.361500E+02  5.078236E-01  3.466293E-04  3.410515E-08  4.554525E-08  5.086486E-08  6.164424E-08  1.982749E-01  9.751303E-05  1.011947E-07  2.089425E-01  4.486429E-04  1.974331E-06  2.004944E-07  2.850621E-03  9.627712E-08  3.735005E-07  1.670032E-07  8.080395E-02  3.642226E-06  5.413630E-07  4.547349E-07  1.705042E-04  2.317787E-04  6.214243E-07  2.084876E-07  2.697869E-07  5.510163E-07
 3.371500E+02  5.083011E-01  3.434364E-04  3.318761E-08  4.432974E-08  4.950977E-08  6.001456E-08  1.983006E-01  9.604956E-05  9.611506E-08  2.094028E-01  4.437780E-04  1.887778E-06  1.967032E-07  2.807305E-03  9.216023E-08  3.583066E-07  1.614789E-07  7.989866E-02  3.510539E-06  5.268024E-07  4.422516E-07  1.683523E-04  2.288543E-04  5.930616E-07  1.985206E-07  2.569641E-07  5.290500E-07
 3.381500E+02  5.087711E-01  3.402921E-04  3.230043E-08  4.315419E-08  4.819916E-08  5.843808E-08  1.983257E-01  9.461796E-05  9.132085E-08  2.098558E-01  4.389783E-04  1.805404E-06  1.929968E-07  2.764925E-03  8.824446E-08  3.438242E-07  1.561719E-07  7.900761E-02  3.384259E-06  5.127141E-07  4.301801E-07  1.662382E-04  2.259814E-04  5.661354E-07  1.890851E-07  2.448218E-07  5.080811E-07
 3.391500E+02  5.092335E-01  3.371957E-04  3.144245E-08  4.201709E-08  4.693137E-08  5.691276E-08  1.983504E-01  9.321738E-05  8.679444E-08  2.103018E-01  4.342430E-04  1.726991E-06  1.893733E-07  2.723456E-03  8.451889E-08  3.300161E-07  1.510723E-07  7.813056E-02  3.263143E-06  4.990807E-07  4.185051E-07  1.641613E-04  2.231590E-04  5.405667E-07  1.801502E-07  2.333203E-07  4.880594E-07
 3.401500E+02  5.096886E-01  3.341463E-04  3.061256E-08  4.091698E-08  4.570475E-08  5.543671E-08  1.983745E-01  9.184697E-05  8.251940E-08  2.107407E-01  4.295714E-04  1.652333E-06  1.858308E-07  2.682873E-03  8.097322E-08  3.168472E-07  1.461710E-07  7.726725E-02  3.146957E-06  4.858856E-07  4.072117E-07  1.621207E-04  2.203861E-04  5.162809E-07  1.716868E-07  2.224227E-07  4.689376E-07
 3.411500E+02  5.101364E-01  3.311430E-04  2.980970E-08  3.985247E-08  4.451778E-08  5.400806E-08  1.983981E-01  9.050593E-05  7.848038E-08  2.111727E-01  4.249628E-04  1.581237E-06  1.823673E-07  2.643154E-03  7.759778E-08  3.042844E-07  1.414591E-07  7.641747E-02  3.035481E-06  4.731127E-07  3.962859E-07  1.601158E-04  2.176617E-04  4.932079E-07  1.636676E-07  2.120943E-07  4.506707E-07
 3.421500E+02  5.105771E-01  3.281850E-04  2.903284E-08  3.882222E-08  4.336896E-08  5.262506E-08  1.984212E-01  8.919347E-05  7.466306E-08  2.115980E-01  4.204165E-04  1.513518E-06  1.789810E-07  2.604277E-03  7.438347E-08  2.922965E-07  1.369283E-07  7.558096E-02  2.928504E-06  4.607466E-07  3.857139E-07  1.581457E-04  2.149848E-04  4.712817E-07  1.560670E-07  2.023023E-07  4.332163E-07
 3.431500E+02  5.110109E-01  3.252713E-04  2.828102E-08  3.782496E-08  4.225687E-08  5.128602E-08  1.984438E-01  8.790885E-05  7.105406E-08  2.120167E-01  4.159318E-04  1.449004E-06  1.756702E-07  2.566218E-03  7.132172E-08  2.808539E-07  1.325707E-07  7.475751E-02  2.825826E-06  4.487726E-07  3.754828E-07  1.562099E-04  2.123545E-04  4.504403E-07  1.488612E-07  1.930164E-07  4.165344E-07
 3.441500E+02  5.114377E-01  3.224013E-04  2.755330E-08  3.685947E-08  4.118015E-08  4.998931E-08  1.984660E-01  8.665133E-05  6.764086E-08  2.124288E-01  4.115080E-04  1.387530E-06  1.724329E-07  2.528958E-03  6.840444E-08  2.699290E-07  1.283788E-07  7.394688E-02  2.727256E-06  4.371764E-07  3.655799E-07  1.543075E-04  2.097697E-04  4.306251E-07  1.420277E-07  1.842077E-07  4.005870E-07
 3.451500E+02  5.118579E-01  3.195742E-04  2.684877E-08  3.592456E-08  4.013751E-08  4.873339E-08  1.984877E-01  8.542020E-05  6.441178E-08  2.128346E-01  4.071443E-04  1.328942E-06  1.692676E-07  2.492476E-03  6.562405E-08  2.594954E-07  1.243453E-07  7.314885E-02  2.632614E-06  4.259445E-07  3.559934E-07  1.524380E-04  2.072296E-04  4.117810E-07  1.355453E-07  1.758495E-07  3.853382E-07
 3.461500E+02  5.122714E-01  3.167890E-04  2.616660E-08  3.501912E-08  3.912767E-08  4.751676E-08  1.985090E-01  8.421476E-05  6.135588E-08  2.132340E-01  4.028400E-04  1.273092E-06  1.661724E-07  2.456750E-03  6.297336E-08  2.495284E-07  1.204634E-07  7.236321E-02  2.541725E-06  4.150638E-07  3.467117E-07  1.506007E-04  2.047333E-04  3.938560E-07  1.293943E-07  1.679163E-07  3.707539E-07
 3.471500E+02  5.126785E-01  3.140452E-04  2.550595E-08  3.414207E-08  3.814946E-08  4.633799E-08  1.985298E-01  8.303435E-05  5.846294E-08  2.136273E-01  3.985945E-04  1.219842E-06  1.631458E-07  2.421764E-03  6.044563E-08  2.400045E-07  1.167265E-07  7.158974E-02  2.454425E-06  4.045217E-07  3.377237E-07  1.487949E-04  2.022798E-04  3.768013E-07  1.235561E-07  1.603846E-07  3.568020E-07
 3.481500E+02  5.130791E-01  3.113419E-04  2.486603E-08  3.329237E-08  3.720171E-08  4.519572E-08  1.985502E-01  8.187833E-05  5.572338E-08  2.140144E-01  3.944069E-04  1.169060E-06  1.601860E-07  2.387496E-03  5.803448E-08  2.309017E-07  1.131286E-07  7.082822E-02  2.370558E-06  3.943063E-07  3.290189E-07  1.470199E-04  1.998684E-04  3.605707E-07  1.180131E-07  1.532318E-07  3.434519E-07
 3.491500E+02  5.134735E-01  3.086784E-04  2.424609E-08  3.246904E-08  3.628333E-08  4.408862E-08  1.985702E-01  8.074606E-05  5.312824E-08  2.143956E-01  3.902765E-04  1.120624E-06  1.572916E-07  2.353930E-03  5.573392E-08  2.221991E-07  1.096637E-07  7.007845E-02  2.289974E-06  3.844058E-07  3.205869E-07  1.452753E-04  1.974982E-04  3.451206E-07  1.127491E-07  1.464372E-07  3.306748E-07
 3.501500E+02  5.138617E-01  3.060540E-04  2.364541E-08  3.167111E-08  3.539325E-08  4.301545E-08  1.985898E-01  7.963694E-05  5.066913E-08  2.147710E-01  3.862027E-04  1.074414E-06  1.544610E-07  2.321048E-03  5.353827E-08  2.138769E-07  1.063262E-07  6.934023E-02  2.212531E-06  3.748093E-07  3.124181E-07  1.435603E-04  1.951683E-04  3.304101E-07  1.077486E-07  1.399810E-07  3.184433E-07
 3.511500E+02  5.142439E-01  3.034679E-04  2.306328E-08  3.089769E-08  3.453046E-08  4.197498E-08  1.986090E-01  7.855037E-05  4.833819E-08  2.151405E-01  3.821846E-04  1.030321E-06  1.516927E-07  2.288832E-03  5.144219E-08  2.059164E-07  1.031107E-07  6.861334E-02  2.138093E-06  3.655059E-07  3.045031E-07  1.418744E-04  1.928780E-04  3.164004E-07  1.029971E-07  1.338446E-07  3.067314E-07
 3.521500E+02  5.146201E-01  3.009196E-04  2.249905E-08  3.014789E-08  3.369399E-08  4.096606E-08  1.986279E-01  7.748579E-05  4.612805E-08  2.155044E-01  3.782216E-04  9.882383E-07  1.489851E-07  2.257266E-03  4.944061E-08  1.982999E-07  1.000120E-07  6.789761E-02  2.066531E-06  3.564855E-07  2.968327E-07  1.402170E-04  1.906264E-04  3.030550E-07  9.848097E-08  1.280106E-07  2.955146E-07
 3.531500E+02  5.149906E-01  2.984083E-04  2.195207E-08  2.942087E-08  3.288290E-08  3.998758E-08  1.986463E-01  7.644263E-05  4.403180E-08  2.158628E-01  3.743130E-04  9.480667E-07  1.463368E-07  2.226333E-03  4.752879E-08  1.910108E-07  9.702547E-08  6.719282E-02  1.997722E-06  3.477381E-07  2.893985E-07  1.385876E-04  1.884128E-04  2.903395E-07  9.418736E-08  1.224627E-07  2.847696E-07
 3.541500E+02  5.153553E-01  2.959334E-04  2.142173E-08  2.871583E-08  3.209630E-08  3.903846E-08  1.986644E-01  7.542037E-05  4.204297E-08  2.162156E-01  3.704580E-04  9.097119E-07  1.437465E-07  2.196018E-03  4.570221E-08  1.840332E-07  9.414630E-08  6.649879E-02  1.931547E-06  3.392544E-07  2.821919E-07  1.369855E-04  1.862364E-04  2.782212E-07  9.010424E-08  1.171853E-07  2.744741E-07
 3.551500E+02  5.157143E-01  2.934941E-04  2.090744E-08  2.803199E-08  3.133332E-08  3.811767E-08  1.986821E-01  7.441847E-05  4.015547E-08  2.165631E-01  3.666559E-04  8.730844E-07  1.412127E-07  2.166306E-03  4.395662E-08  1.773522E-07  9.137010E-08  6.581533E-02  1.867896E-06  3.310250E-07  2.752051E-07  1.354102E-04  1.840965E-04  2.666695E-07  8.622024E-08  1.121641E-07  2.646072E-07
 3.561500E+02  5.160679E-01  2.910900E-04  2.040863E-08  2.736860E-08  3.059313E-08  3.722423E-08  1.986995E-01  7.343643E-05  3.836361E-08  2.169053E-01  3.629060E-04  8.380997E-07  1.387341E-07  2.137182E-03  4.228800E-08  1.709534E-07  8.869265E-08  6.514226E-02  1.806661E-06  3.230414E-07  2.684303E-07  1.338612E-04  1.819923E-04  2.556553E-07  8.252467E-08  1.073851E-07  2.551490E-07
 3.571500E+02  5.164160E-01  2.887204E-04  1.992476E-08  2.672497E-08  2.987495E-08  3.635718E-08  1.987166E-01  7.247376E-05  3.666203E-08  2.172424E-01  3.592076E-04  8.046773E-07  1.363093E-07  2.108632E-03  4.069254E-08  1.648236E-07  8.610992E-08  6.447940E-02  1.747740E-06  3.152950E-07  2.618602E-07  1.323380E-04  1.799232E-04  2.451513E-07  7.900747E-08  1.028357E-07  2.460807E-07
 3.581500E+02  5.167588E-01  2.863846E-04  1.945530E-08  2.610039E-08  2.917800E-08  3.551562E-08  1.987333E-01  7.152998E-05  3.504571E-08  2.175743E-01  3.555600E-04  7.727415E-07  1.339372E-07  2.080640E-03  3.916665E-08  1.589500E-07  8.361806E-08  6.382656E-02  1.691035E-06  3.077777E-07  2.554876E-07  1.308401E-04  1.778885E-04  2.351314E-07  7.565914E-08  9.850360E-08  2.373841E-07
 3.591500E+02  5.170963E-01  2.840821E-04  1.899977E-08  2.549421E-08  2.850155E-08  3.469868E-08  1.987497E-01  7.060462E-05  3.350992E-08  2.179012E-01  3.519625E-04  7.422200E-07  1.316164E-07  2.053195E-03  3.770693E-08  1.533205E-07  8.121339E-08  6.318357E-02  1.636455E-06  3.004817E-07  2.493057E-07  1.293669E-04  1.758874E-04  2.255713E-07  7.247076E-08  9.437738E-08  2.290424E-07
 3.601500E+02  5.174287E-01  2.818122E-04  1.855766E-08  2.490579E-08  2.784490E-08  3.390550E-08  1.987658E-01  6.969723E-05  3.205023E-08  2.182232E-01  3.484144E-04  7.130446E-07  1.293456E-07  2.026283E-03  3.631016E-08  1.479237E-07  7.889243E-08  6.255027E-02  1.583910E-06  2.933996E-07  2.433079E-07  1.279180E-04  1.739193E-04  2.164477E-07  6.943391E-08  9.044625E-08  2.210393E-07
 3.611500E+02  5.177561E-01  2.795745E-04  1.812853E-08  2.433453E-08  2.720737E-08  3.313528E-08  1.987816E-01  6.880738E-05  3.066247E-08  2.185403E-01  3.449150E-04  6.851505E-07  1.271239E-07  1.999891E-03  3.497329E-08  1.427487E-07  7.665180E-08  6.192648E-02  1.533316E-06  2.865240E-07  2.374880E-07  1.264930E-04  1.719836E-04  2.077389E-07  6.654062E-08  8.670003E-08  2.133594E-07
 3.621500E+02  5.180785E-01  2.773684E-04  1.771192E-08  2.377985E-08  2.658831E-08  3.238724E-08  1.987971E-01  6.793464E-05  2.934271E-08  2.188527E-01  3.414637E-04  6.584763E-07  1.249498E-07  1.974006E-03  3.369344E-08  1.377852E-07  7.448833E-08  6.131203E-02  1.484592E-06  2.798481E-07  2.318399E-07  1.250912E-04  1.700797E-04  1.994240E-07  6.378343E-08  8.312912E-08  2.059882E-07
 3.631500E+02  5.183960E-01  2.751932E-04  1.730741E-08  2.324117E-08  2.598710E-08  3.166063E-08  1.988123E-01  6.707860E-05  2.808726E-08  2.191605E-01  3.380597E-04  6.329637E-07  1.228224E-07  1.948617E-03  3.246787E-08  1.330235E-07  7.239894E-08  6.070677E-02  1.437661E-06  2.733651E-07  2.263576E-07  1.237124E-04  1.682068E-04  1.914834E-07  6.115527E-08  7.972445E-08  1.989118E-07
 3.641500E+02  5.187088E-01  2.730485E-04  1.691459E-08  2.271795E-08  2.540312E-08  3.095474E-08  1.988272E-01  6.623886E-05  2.689266E-08  2.194636E-01  3.347024E-04  6.085574E-07  1.207405E-07  1.923711E-03  3.129401E-08  1.284544E-07  7.038072E-08  6.011053E-02  1.392450E-06  2.670686E-07  2.210356E-07  1.223559E-04  1.663644E-04  1.838988E-07  5.864946E-08  7.647749E-08  1.921169E-07
 3.651500E+02  5.190168E-01  2.709338E-04  1.653306E-08  2.220969E-08  2.483580E-08  3.026886E-08  1.988418E-01  6.541502E-05  2.575564E-08  2.197623E-01  3.313912E-04  5.852051E-07  1.187030E-07  1.899278E-03  3.016941E-08  1.240689E-07  6.843088E-08  5.952316E-02  1.348887E-06  2.609524E-07  2.158686E-07  1.210215E-04  1.645519E-04  1.766525E-07  5.625973E-08  7.338016E-08  1.855910E-07
 3.661500E+02  5.193203E-01  2.688485E-04  1.616244E-08  2.171587E-08  2.428458E-08  2.960234E-08  1.988562E-01  6.460672E-05  2.467313E-08  2.200565E-01  3.281253E-04  5.628568E-07  1.167089E-07  1.875305E-03  2.909173E-08  1.198589E-07  6.654675E-08  5.894450E-02  1.306906E-06  2.550105E-07  2.108512E-07  1.197087E-04  1.627687E-04  1.697279E-07  5.398012E-08  7.042484E-08  1.793221E-07
 3.671500E+02  5.196191E-01  2.667921E-04  1.580237E-08  2.123602E-08  2.374894E-08  2.895453E-08  1.988702E-01  6.381357E-05  2.364222E-08  2.203463E-01  3.249041E-04  5.414655E-07  1.147570E-07  1.851783E-03  2.805877E-08  1.158163E-07  6.472578E-08  5.837441E-02  1.266443E-06  2.492372E-07  2.059784E-07  1.184170E-04  1.610143E-04  1.631093E-07  5.180503E-08  6.760432E-08  1.732990E-07
 3.681500E+02  5.199136E-01  2.647641E-04  1.545249E-08  2.076966E-08  2.322834E-08  2.832482E-08  1.988841E-01  6.303523E-05  2.266020E-08  2.206319E-01  3.217270E-04  5.209863E-07  1.128466E-07  1.828701E-03  2.706845E-08  1.119336E-07  6.296552E-08  5.781272E-02  1.227436E-06  2.436269E-07  2.012455E-07  1.171460E-04  1.592880E-04  1.567818E-07  4.972917E-08  6.491180E-08  1.675108E-07
 3.691500E+02  5.202036E-01  2.627641E-04  1.511247E-08  2.031636E-08  2.272229E-08  2.771261E-08  1.988977E-01  6.227134E-05  2.172449E-08  2.209133E-01  3.185934E-04  5.013764E-07  1.109764E-07  1.806048E-03  2.611879E-08  1.082037E-07  6.126364E-08  5.725931E-02  1.189826E-06  2.381744E-07  1.966478E-07  1.158954E-04  1.575894E-04  1.507313E-07  4.774752E-08  6.234087E-08  1.619472E-07
 3.701500E+02  5.204894E-01  2.607915E-04  1.478198E-08  1.987569E-08  2.223033E-08  2.711733E-08  1.989110E-01  6.152157E-05  2.083267E-08  2.211905E-01  3.155026E-04  4.825956E-07  1.091457E-07  1.783815E-03  2.520791E-08  1.046197E-07  5.961791E-08  5.671401E-02  1.153558E-06  2.328744E-07  1.921809E-07  1.146648E-04  1.559179E-04  1.449445E-07  4.585536E-08  5.988543E-08  1.565984E-07
 3.711500E+02  5.207709E-01  2.588459E-04  1.446070E-08  1.944723E-08  2.175197E-08  2.653842E-08  1.989241E-01  6.078559E-05  1.998245E-08  2.214637E-01  3.124539E-04  4.646054E-07  1.073534E-07  1.761992E-03  2.433403E-08  1.011752E-07  5.802618E-08  5.617671E-02  1.118578E-06  2.277220E-07  1.878403E-07  1.134537E-04  1.542730E-04  1.394086E-07  4.404821E-08  5.753975E-08  1.514552E-07
 3.721500E+02  5.210483E-01  2.569269E-04  1.414833E-08  1.903059E-08  2.128679E-08  2.597536E-08  1.989369E-01  6.006308E-05  1.917168E-08  2.217329E-01  3.094468E-04  4.473693E-07  1.055987E-07  1.740570E-03  2.349544E-08  9.786413E-08  5.648642E-08  5.564724E-02  1.084835E-06  2.227124E-07  1.836221E-07  1.122618E-04  1.526542E-04  1.341118E-07  4.232185E-08  5.529839E-08  1.465086E-07
 3.731500E+02  5.213216E-01  2.550340E-04  1.384459E-08  1.862537E-08  2.083436E-08  2.542764E-08  1.989495E-01  5.935373E-05  1.839834E-08  2.219982E-01  3.064807E-04  4.308527E-07  1.038806E-07  1.719539E-03  2.269055E-08  9.468051E-08  5.499665E-08  5.512549E-02  1.052279E-06  2.178411E-07  1.795221E-07  1.110887E-04  1.510609E-04  1.290425E-07  4.067227E-08  5.315621E-08  1.417502E-07
