#         T/K            c1          c2-1          c3-4          c3-5          c3-7          c3-9            m1          m2-1          m3-1            w1            w2          w3-1          w3-2          c1m1        c1m2-1        c1m2-7        c2m1-1        c1w1-2        c1w2-1        c2w1-1        c2w1-9        m1w1-1        m1w1-4        m1w2-1        m2w1-1        m2w1-3      c1m1w1-1
 2.731500E+02  4.829809E-01  8.148797E-04  3.640107E-07  4.777728E-07  5.315602E-07  6.338194E-07  9.701182E-02  8.355500E-05  7.767472E-07  1.847283E-01  1.236122E-03  8.413053E-05  1.180441E-06  5.174979E-03  8.472308E-07  2.780033E-06  1.408040E-06  2.271493E-01  8.354140E-05  5.881056E-06  5.164189E-06  2.555739E-04  3.479050E-04  1.456271E-05  2.769085E-06  3.507083E-06  8.073294E-06
 2.741500E+02  4.845303E-01  8.042556E-04  3.492913E-07  4.586085E-07  5.102765E-07  6.086331E-07  9.707971E-02  8.155896E-05  7.165682E-07  1.862291E-01  1.225144E-03  7.948467E-05  1.158595E-06  5.054790E-03  7.914318E-07  2.605350E-06  1.336598E-06  2.241960E-01  7.956859E-05  5.661604E-06  4.967199E-06  2.515037E-04  3.423426E-04  1.365680E-05  2.576105E-06  3.263970E-06  7.610800E-06
 2.751500E+02  4.860588E-01  7.938305E-04  3.352648E-07  4.403401E-07  4.899862E-07  5.846148E-07  9.714559E-02  7.962471E-05  6.614476E-07  1.877108E-01  1.214111E-03  7.510512E-05  1.137003E-06  4.938202E-03  7.396804E-07  2.442818E-06  1.269265E-06  2.212800E-01  7.579750E-05  5.451346E-06  4.778634E-06  2.475036E-04  3.368771E-04  1.281086E-05  2.397625E-06  3.039036E-06  7.177234E-06
 2.761500E+02  4.875667E-01  7.835999E-04  3.218944E-07  4.229203E-07  4.706370E-07  5.617033E-07  9.720952E-02  7.775005E-05  6.109296E-07  1.891732E-01  1.203034E-03  7.097641E-05  1.115673E-06  4.825089E-03  6.916582E-07  2.291519E-06  1.205780E-06  2.184015E-01  7.221748E-05  5.249864E-06  4.598103E-06  2.435730E-04  3.315074E-04  1.202073E-05  2.232486E-06  2.830834E-06  6.770655E-06
 2.771500E+02  4.890539E-01  7.735590E-04  3.091454E-07  4.063046E-07  4.521795E-07  5.398410E-07  9.727158E-02  7.593284E-05  5.646024E-07  1.906166E-01  1.191920E-03  6.708394E-05  1.094614E-06  4.715330E-03  6.470742E-07  2.150608E-06  1.145898E-06  2.155602E-01  6.881843E-05  5.056760E-06  4.425234E-06  2.397111E-04  3.262325E-04  1.128254E-05  2.079626E-06  2.638038E-06  6.389260E-06
 2.781500E+02  4.905206E-01  7.637034E-04  2.969852E-07  3.904510E-07  4.345674E-07  5.189734E-07  9.733183E-02  7.417105E-05  5.220930E-07  1.920409E-01  1.180778E-03  6.341397E-05  1.073832E-06  4.608807E-03  6.056612E-07  2.019309E-06  1.089395E-06  2.127562E-01  6.559081E-05  4.871656E-06  4.259673E-06  2.359170E-04  3.210511E-04  1.059271E-05  1.938072E-06  2.459433E-06  6.031371E-06
 2.791500E+02  4.919670E-01  7.540290E-04  2.853831E-07  3.753200E-07  4.177568E-07  4.990495E-07  9.739034E-02  7.246273E-05  4.830639E-07  1.934462E-01  1.169618E-03  5.995354E-05  1.053333E-06  4.505408E-03  5.671745E-07  1.896907E-06  1.036058E-06  2.099892E-01  6.252558E-05  4.694191E-06  4.101086E-06  2.321899E-04  3.159621E-04  9.947902E-06  1.806932E-06  2.293904E-06  5.695432E-06
 2.801500E+02  4.933931E-01  7.445314E-04  2.743103E-07  3.608745E-07  4.017065E-07  4.800210E-07  9.744716E-02  7.080597E-05  4.472092E-07  1.948326E-01  1.158445E-03  5.669044E-05  1.033124E-06  4.405026E-03  5.313897E-07  1.782746E-06  9.856920E-07  2.072592E-01  5.961421E-05  4.524022E-06  3.949152E-06  2.285290E-04  3.109642E-04  9.345034E-06  1.685390E-06  2.140431E-06  5.379995E-06
 2.811500E+02  4.947991E-01  7.352068E-04  2.637394E-07  3.470793E-07  3.863777E-07  4.618424E-07  9.750235E-02  6.919896E-05  4.142516E-07  1.962002E-01  1.147269E-03  5.361317E-05  1.013208E-06  4.307556E-03  4.981007E-07  1.676222E-06  9.381125E-07  2.045660E-01  5.684861E-05  4.360824E-06  3.803568E-06  2.249334E-04  3.060563E-04  8.781234E-06  1.572695E-06  1.998075E-06  5.083714E-06
 2.821500E+02  4.961852E-01  7.260511E-04  2.536448E-07  3.339014E-07  3.717338E-07  4.444707E-07  9.755597E-02  6.763996E-05  3.839395E-07  1.975492E-01  1.136095E-03  5.071090E-05  9.935892E-07  4.212899E-03  4.671184E-07  1.576776E-06  8.931490E-07  2.019094E-01  5.422112E-05  4.204285E-06  3.664045E-06  2.214021E-04  3.012369E-04  8.253833E-06  1.468159E-06  1.865976E-06  4.805334E-06
 2.831500E+02  4.975514E-01  7.170607E-04  2.440021E-07  3.213095E-07  3.577401E-07  4.278654E-07  9.760807E-02  6.612729E-05  3.560447E-07  1.988795E-01  1.124932E-03  4.797342E-05  9.742714E-07  4.120959E-03  4.382690E-07  1.483896E-06  8.506418E-07  1.992893E-01  5.172450E-05  4.054108E-06  3.530308E-06  2.179344E-04  2.965049E-04  7.760355E-06  1.371152E-06  1.743346E-06  4.543692E-06
 2.841500E+02  4.988980E-01  7.082318E-04  2.347887E-07  3.092741E-07  3.443639E-07  4.119883E-07  9.765871E-02  6.465934E-05  3.303598E-07  2.001914E-01  1.113784E-03  4.539113E-05  9.552569E-07  4.031644E-03  4.113927E-07  1.397109E-06  8.104422E-07  1.967054E-01  4.935192E-05  3.910013E-06  3.402095E-06  2.145292E-04  2.918589E-04  7.298499E-06  1.281094E-06  1.629456E-06  4.297703E-06
 2.851500E+02  5.002252E-01  6.995608E-04  2.259827E-07  2.977676E-07  3.315746E-07  3.968032E-07  9.770793E-02  6.323455E-05  3.066964E-07  2.014849E-01  1.102659E-03  4.295498E-05  9.365477E-07  3.944866E-03  3.863428E-07  1.315978E-06  7.724110E-07  1.941575E-01  4.709688E-05  3.771729E-06  3.279157E-06  2.111857E-04  2.872977E-04  6.866124E-06  1.197453E-06  1.523642E-06  4.066356E-06
 2.861500E+02  5.015330E-01  6.910444E-04  2.175640E-07  2.867635E-07  3.193429E-07  3.822760E-07  9.775579E-02  6.185143E-05  2.848832E-07  2.027602E-01  1.091562E-03  4.065647E-05  9.181453E-07  3.860538E-03  3.629841E-07  1.240099E-06  7.364184E-07  1.916453E-01  4.495327E-05  3.639003E-06  3.161258E-06  2.079029E-04  2.828199E-04  6.461244E-06  1.119738E-06  1.425291E-06  3.848711E-06
 2.871500E+02  5.028217E-01  6.826791E-04  2.095132E-07  2.762370E-07  3.076413E-07  3.683744E-07  9.780231E-02  6.050854E-05  2.647644E-07  2.040174E-01  1.080499E-03  3.848757E-05  9.000507E-07  3.778580E-03  3.411922E-07  1.169103E-06  7.023428E-07  1.891686E-01  4.291526E-05  3.511588E-06  3.048171E-06  2.046799E-04  2.784243E-04  6.082010E-06  1.047501E-06  1.333837E-06  3.643891E-06
 2.881500E+02  5.040915E-01  6.744616E-04  2.018122E-07  2.661648E-07  2.964438E-07  3.550679E-07  9.784756E-02  5.920451E-05  2.461982E-07  2.052567E-01  1.069475E-03  3.644075E-05  8.822643E-07  3.698912E-03  3.208527E-07  1.102644E-06  6.700709E-07  1.867271E-01  4.097739E-05  3.389253E-06  2.939682E-06  2.015157E-04  2.741095E-04  5.726704E-06  9.803286E-07  1.248764E-06  3.451081E-06
 2.891500E+02  5.053424E-01  6.663888E-04  1.944438E-07  2.565246E-07  2.857260E-07  3.423277E-07  9.789157E-02  5.793800E-05  2.290555E-07  2.064782E-01  1.058495E-03  3.450890E-05  8.647863E-07  3.621458E-03  3.018599E-07  1.040405E-06  6.394963E-07  1.843206E-01  3.913444E-05  3.271776E-06  2.835586E-06  1.984095E-04  2.698742E-04  5.393726E-06  9.178393E-07  1.169594E-06  3.269519E-06
 2.901500E+02  5.065748E-01  6.584576E-04  1.873916E-07  2.472954E-07  2.754644E-07  3.301264E-07  9.793439E-02  5.670774E-05  2.132184E-07  2.076821E-01  1.047563E-03  3.268533E-05  8.476161E-07  3.546146E-03  2.841166E-07  9.820939E-07  6.105199E-07  1.819487E-01  3.738151E-05  3.158946E-06  2.735689E-06  1.953602E-04  2.657171E-04  5.081592E-06  8.596835E-07  1.095887E-06  3.098495E-06
 2.911500E+02  5.077889E-01  6.506649E-04  1.806405E-07  2.384575E-07  2.656371E-07  3.184382E-07  9.797605E-02  5.551250E-05  1.985799E-07  2.088685E-01  1.036684E-03  3.096377E-05  8.307531E-07  3.472904E-03  2.675332E-07  9.274381E-07  5.830486E-07  1.796111E-01  3.571393E-05  3.050562E-06  2.639805E-06  1.923670E-04  2.616368E-04  4.788917E-06  8.055387E-07  1.027240E-06  2.937348E-06
 2.921500E+02  5.089847E-01  6.430079E-04  1.741758E-07  2.299919E-07  2.562233E-07  3.072387E-07  9.801658E-02  5.435109E-05  1.850418E-07  2.100376E-01  1.025862E-03  2.933829E-05  8.141960E-07  3.401666E-03  2.520268E-07  8.761867E-07  5.569954E-07  1.773075E-01  3.412732E-05  2.946431E-06  2.547757E-06  1.894289E-04  2.576322E-04  4.514416E-06  7.551080E-07  9.632780E-07  2.785460E-06
 2.931500E+02  5.101626E-01  6.354836E-04  1.679837E-07  2.218810E-07  2.472033E-07  2.965047E-07  9.805604E-02  5.322238E-05  1.725149E-07  2.111896E-01  1.015100E-03  2.780333E-05  7.979433E-07  3.332366E-03  2.375211E-07  8.281072E-07  5.322786E-07  1.750376E-01  3.261750E-05  2.846370E-06  2.459377E-06  1.865449E-04  2.537018E-04  4.256890E-06  7.081180E-07  9.036590E-07  2.642255E-06
 2.941500E+02  5.113227E-01  6.280894E-04  1.620513E-07  2.141079E-07  2.385584E-07  2.862143E-07  9.809444E-02  5.212527E-05  1.609177E-07  2.123246E-01  1.004403E-03  2.635365E-05  7.819934E-07  3.264941E-03  2.239455E-07  7.829843E-07  5.088219E-07  1.728011E-01  3.118052E-05  2.750205E-06  2.374505E-06  1.837142E-04  2.498444E-04  4.015224E-06  6.643163E-07  8.480657E-07  2.507195E-06
 2.951500E+02  5.124652E-01  6.208224E-04  1.563662E-07  2.066567E-07  2.302709E-07  2.763465E-07  9.813183E-02  5.105870E-05  1.501754E-07  2.134429E-01  9.937735E-04  2.498430E-05  7.663440E-07  3.199331E-03  2.112347E-07  7.406186E-07  4.865537E-07  1.705976E-01  2.981265E-05  2.657769E-06  2.292987E-06  1.809358E-04  2.460587E-04  3.788380E-06  6.234705E-07  7.962057E-07  2.379777E-06
 2.961500E+02  5.135903E-01  6.136801E-04  1.509167E-07  1.995122E-07  2.223240E-07  2.668819E-07  9.816823E-02  5.002166E-05  1.402201E-07  2.145445E-01  9.832149E-04  2.369067E-05  7.509929E-07  3.135478E-03  1.993286E-07  7.008249E-07  4.654067E-07  1.684268E-01  2.851036E-05  2.568902E-06  2.214678E-06  1.782088E-04  2.423435E-04  3.575391E-06  5.853661E-07  7.478095E-07  2.259533E-06
 2.971500E+02  5.146983E-01  6.066599E-04  1.456918E-07  1.926601E-07  2.147019E-07  2.578016E-07  9.820369E-02  4.901318E-05  1.309893E-07  2.156297E-01  9.727300E-04  2.246837E-05  7.359374E-07  3.073326E-03  1.881714E-07  6.634318E-07  4.453180E-07  1.662883E-01  2.727030E-05  2.483453E-06  2.139438E-06  1.755323E-04  2.386973E-04  3.375358E-06  5.498052E-07  7.026281E-07  2.146023E-06
 2.981500E+02  5.157893E-01  5.997592E-04  1.406809E-07  1.860868E-07  2.073896E-07  2.490879E-07  9.823822E-02  4.803231E-05  1.224259E-07  2.166987E-01  9.623216E-04  2.131330E-05  7.211748E-07  3.012820E-03  1.777116E-07  6.282801E-07  4.262284E-07  1.641817E-01  2.608930E-05  2.401278E-06  2.067136E-06  1.729054E-04  2.351191E-04  3.187440E-06  5.166051E-07  6.604315E-07  2.038839E-06
 2.991500E+02  5.168636E-01  5.929757E-04  1.358742E-07  1.797795E-07  2.003726E-07  2.407241E-07  9.827185E-02  4.707815E-05  1.144778E-07  2.177516E-01  9.519922E-04  2.022161E-05  7.067020E-07  2.953908E-03  1.679014E-07  5.952222E-07  4.080824E-07  1.621067E-01  2.496436E-05  2.322237E-06  1.997644E-06  1.703272E-04  2.316076E-04  3.010856E-06  4.855970E-07  6.210074E-07  1.937598E-06
 3.001500E+02  5.179213E-01  5.863070E-04  1.312621E-07  1.737260E-07  1.936376E-07  2.326941E-07  9.830463E-02  4.614982E-05  1.070970E-07  2.187887E-01  9.417441E-04  1.918964E-05  6.925159E-07  2.896541E-03  1.586966E-07  5.641208E-07  3.908278E-07  1.600630E-01  2.389265E-05  2.246200E-06  1.930843E-06  1.677968E-04  2.281615E-04  2.844878E-06  4.566249E-07  5.841594E-07  1.841940E-06
 3.011500E+02  5.189628E-01  5.797506E-04  1.268358E-07  1.679146E-07  1.871715E-07  2.249828E-07  9.833656E-02  4.524649E-05  1.002396E-07  2.198101E-01  9.315794E-04  1.821398E-05  6.786132E-07  2.840669E-03  1.500562E-07  5.348485E-07  3.744158E-07  1.580501E-01  2.287146E-05  2.173039E-06  1.866618E-06  1.653133E-04  2.247796E-04  2.688825E-06  4.295449E-07  5.497060E-07  1.751532E-06
 3.021500E+02  5.199881E-01  5.733045E-04  1.225867E-07  1.623343E-07  1.809622E-07  2.175758E-07  9.836768E-02  4.436735E-05  9.386556E-08  2.208161E-01  9.215001E-04  1.729140E-05  6.649903E-07  2.786247E-03  1.419424E-07  5.072868E-07  3.588002E-07  1.560677E-01  2.189826E-05  2.102635E-06  1.804858E-06  1.628759E-04  2.214607E-04  2.542065E-06  4.042237E-07  5.174794E-07  1.666060E-06
 3.031500E+02  5.209976E-01  5.669663E-04  1.185068E-07  1.569748E-07  1.749982E-07  2.104595E-07  9.839801E-02  4.351161E-05  8.793778E-08  2.218067E-01  9.115080E-04  1.641888E-05  6.516436E-07  2.733229E-03  1.343199E-07  4.813258E-07  3.439379E-07  1.541154E-01  2.097063E-05  2.034874E-06  1.745459E-06  1.604837E-04  2.182037E-04  2.404005E-06  3.805380E-07  4.873243E-07  1.585229E-06
 3.041500E+02  5.219914E-01  5.607338E-04  1.145884E-07  1.518260E-07  1.692683E-07  2.036209E-07  9.842758E-02  4.267853E-05  8.242242E-08  2.227823E-01  9.016047E-04  1.559356E-05  6.385694E-07  2.681571E-03  1.271561E-07  4.568629E-07  3.297881E-07  1.521928E-01  2.008628E-05  1.969644E-06  1.688322E-06  1.581358E-04  2.150073E-04  2.274096E-06  3.583740E-07  4.590969E-07  1.508767E-06
 3.051500E+02  5.229697E-01  5.546051E-04  1.108243E-07  1.468785E-07  1.637622E-07  1.970476E-07  9.845640E-02  4.186739E-05  7.728833E-08  2.237430E-01  8.917916E-04  1.481276E-05  6.257639E-07  2.631233E-03  1.204206E-07  4.338028E-07  3.163126E-07  1.502996E-01  1.924305E-05  1.906842E-06  1.633350E-06  1.558315E-04  2.118704E-04  2.151823E-06  3.376259E-07  4.326641E-07  1.436415E-06
 3.061500E+02  5.239328E-01  5.485779E-04  1.072075E-07  1.421234E-07  1.584698E-07  1.907280E-07  9.848451E-02  4.107748E-05  7.250690E-08  2.246889E-01  8.820702E-04  1.407395E-05  6.132231E-07  2.582173E-03  1.140854E-07  4.120569E-07  3.034753E-07  1.484353E-01  1.843889E-05  1.846367E-06  1.580454E-06  1.535699E-04  2.087919E-04  2.036705E-06  3.181962E-07  4.079027E-07  1.367932E-06
 3.071500E+02  5.248809E-01  5.426504E-04  1.037315E-07  1.375522E-07  1.533818E-07  1.846508E-07  9.851192E-02  4.030813E-05  6.805182E-08  2.256204E-01  8.724415E-04  1.337475E-05  6.009431E-07  2.534352E-03  1.081242E-07  3.915424E-07  2.912424E-07  1.465996E-01  1.767186E-05  1.788123E-06  1.529546E-06  1.513501E-04  2.057707E-04  1.928294E-06  2.999944E-07  3.846984E-07  1.303093E-06
 3.081500E+02  5.258141E-01  5.368205E-04  1.003900E-07  1.331567E-07  1.484891E-07  1.788055E-07  9.853866E-02  3.955870E-05  6.389890E-08  2.265375E-01  8.629067E-04  1.271293E-05  5.889198E-07  2.487733E-03  1.025129E-07  3.721824E-07  2.795820E-07  1.447921E-01  1.694010E-05  1.732020E-06  1.480543E-06  1.491714E-04  2.028055E-04  1.826172E-06  2.829364E-07  3.629453E-07  1.241686E-06
 3.091500E+02  5.267328E-01  5.310864E-04  9.717720E-08  1.289293E-07  1.437833E-07  1.731820E-07  9.856474E-02  3.882856E-05  6.002586E-08  2.274406E-01  8.534666E-04  1.208637E-05  5.771491E-07  2.442280E-03  9.722887E-08  3.539052E-07  2.684639E-07  1.430124E-01  1.624188E-05  1.677970E-06  1.433367E-06  1.470331E-04  1.998955E-04  1.729947E-06  2.669447E-07  3.425452E-07  1.183513E-06
 3.101500E+02  5.276371E-01  5.254461E-04  9.408734E-08  1.248627E-07  1.392561E-07  1.677706E-07  9.859018E-02  3.811711E-05  5.641220E-08  2.283297E-01  8.441221E-04  1.149310E-05  5.656268E-07  2.397957E-03  9.225106E-08  3.366438E-07  2.578599E-07  1.412602E-01  1.557555E-05  1.625889E-06  1.387941E-06  1.449342E-04  1.970394E-04  1.639255E-06  2.519471E-07  3.234071E-07  1.128387E-06
 3.111500E+02  5.285272E-01  5.198978E-04  9.111509E-08  1.209498E-07  1.348998E-07  1.625623E-07  9.861501E-02  3.742378E-05  5.303901E-08  2.292051E-01  8.348737E-04  1.093124E-05  5.543488E-07  2.354730E-03  8.755996E-08  3.203358E-07  2.477433E-07  1.395350E-01  1.493952E-05  1.575698E-06  1.344193E-06  1.428741E-04  1.942362E-04  1.553754E-06  2.378766E-07  3.054463E-07  1.076135E-06
 3.121500E+02  5.294033E-01  5.144398E-04  8.825535E-08  1.171840E-07  1.307071E-07  1.575483E-07  9.863924E-02  3.674799E-05  4.988890E-08  2.300670E-01  8.257222E-04  1.039903E-05  5.433109E-07  2.312568E-03  8.313739E-08  3.049231E-07  2.380888E-07  1.378364E-01  1.433232E-05  1.527320E-06  1.302055E-06  1.408519E-04  1.914849E-04  1.473126E-06  2.246714E-07  2.885845E-07  1.026591E-06
 3.131500E+02  5.302656E-01  5.090702E-04  8.550327E-08  1.135591E-07  1.266710E-07  1.527204E-07  9.866288E-02  3.608921E-05  4.694580E-08  2.309155E-01  8.166680E-04  9.894814E-06  5.325089E-07  2.271438E-03  7.896642E-08  2.903512E-07  2.288728E-07  1.361642E-01  1.375253E-05  1.480682E-06  1.261460E-06  1.388671E-04  1.887844E-04  1.397072E-06  2.122736E-07  2.727487E-07  9.796037E-07
 3.141500E+02  5.311144E-01  5.037875E-04  8.285421E-08  1.100690E-07  1.227847E-07  1.480707E-07  9.868596E-02  3.544692E-05  4.419490E-08  2.317509E-01  8.077114E-04  9.417037E-06  5.219384E-07  2.231310E-03  7.503128E-08  2.765694E-07  2.200728E-07  1.345178E-01  1.319883E-05  1.435714E-06  1.222346E-06  1.369187E-04  1.861338E-04  1.325313E-06  2.006298E-07  2.578713E-07  9.350273E-07
 3.151500E+02  5.319499E-01  4.985898E-04  8.030378E-08  1.067079E-07  1.190420E-07  1.435916E-07  9.870849E-02  3.482062E-05  4.162252E-08  2.325733E-01  7.988527E-04  8.964228E-06  5.115954E-07  2.192154E-03  7.131726E-08  2.635302E-07  2.116677E-07  1.328970E-01  1.266993E-05  1.392351E-06  1.184652E-06  1.350061E-04  1.835321E-04  1.257588E-06  1.896903E-07  2.438893E-07  8.927266E-07
 3.161500E+02  5.327722E-01  4.934756E-04  7.784778E-08  1.034705E-07  1.154367E-07  1.392760E-07  9.873049E-02  3.420982E-05  3.921605E-08  2.333830E-01  7.900922E-04  8.535000E-06  5.014756E-07  2.153942E-03  6.781066E-08  2.511893E-07  2.036376E-07  1.313013E-01  1.216464E-05  1.350526E-06  1.148321E-06  1.331286E-04  1.809782E-04  1.193654E-06  1.794089E-07  2.307444E-07  8.525744E-07
 3.171500E+02  5.335816E-01  4.884432E-04  7.548221E-08  1.003515E-07  1.119631E-07  1.351171E-07  9.875197E-02  3.361406E-05  3.696382E-08  2.341801E-01  7.814298E-04  8.128051E-06  4.915747E-07  2.116647E-03  6.449870E-08  2.395053E-07  1.959636E-07  1.297304E-01  1.168182E-05  1.310181E-06  1.113297E-06  1.312856E-04  1.784713E-04  1.133283E-06  1.697426E-07  2.183820E-07  8.144509E-07
 3.181500E+02  5.343782E-01  4.834912E-04  7.320328E-08  9.734601E-08  1.086158E-07  1.311083E-07  9.877295E-02  3.303287E-05  3.485505E-08  2.349648E-01  7.728657E-04  7.742151E-06  4.818886E-07  2.080242E-03  6.136946E-08  2.284395E-07  1.886279E-07  1.281839E-01  1.122038E-05  1.271256E-06  1.079528E-06  1.294762E-04  1.760104E-04  1.076259E-06  1.606515E-07  2.067516E-07  7.782438E-07
 3.191500E+02  5.351623E-01  4.786179E-04  7.100734E-08  9.444923E-08  1.053893E-07  1.272435E-07  9.879344E-02  3.246583E-05  3.287977E-08  2.357374E-01  7.643998E-04  7.376141E-06  4.724132E-07  2.044701E-03  5.841181E-08  2.179554E-07  1.816137E-07  1.266615E-01  1.077930E-05  1.233695E-06  1.046965E-06  1.276999E-04  1.735946E-04  1.022384E-06  1.520985E-07  1.958061E-07  7.438473E-07
 3.201500E+02  5.359341E-01  4.738219E-04  6.889095E-08  9.165670E-08  1.022788E-07  1.235167E-07  9.881345E-02  3.191252E-05  3.102876E-08  2.364979E-01  7.560319E-04  7.028932E-06  4.631442E-07  2.009999E-03  5.561535E-08  2.080193E-07  1.749052E-07  1.251627E-01  1.035761E-05  1.197444E-06  1.015558E-06  1.259559E-04  1.712229E-04  9.714700E-07  1.440488E-07  1.855017E-07  7.111620E-07
 3.211500E+02  5.366937E-01  4.691017E-04  6.685080E-08  8.896411E-08  9.927946E-08  1.199222E-07  9.883301E-02  3.137253E-05  2.929349E-08  2.372466E-01  7.477619E-04  6.699493E-06  4.540777E-07  1.976112E-03  5.297037E-08  1.985993E-07  1.684872E-07  1.236872E-01  9.954368E-06  1.162454E-06  9.852613E-07  1.242438E-04  1.688946E-04  9.233415E-07  1.364704E-07  1.757975E-07  6.800943E-07
 3.221500E+02  5.374413E-01  4.644559E-04  6.488374E-08  8.636736E-08  9.638673E-08  1.164548E-07  9.885211E-02  3.084546E-05  2.766605E-08  2.379836E-01  7.395896E-04  6.386857E-06  4.452094E-07  1.943018E-03  5.046781E-08  1.896656E-07  1.623455E-07  1.222347E-01  9.568710E-06  1.128673E-06  9.560316E-07  1.225627E-04  1.666086E-04  8.778340E-07  1.293332E-07  1.666555E-07  6.505564E-07
 3.231500E+02  5.381772E-01  4.598831E-04  6.298679E-08  8.386255E-08  9.359626E-08  1.131091E-07  9.887078E-02  3.033094E-05  2.613913E-08  2.387092E-01  7.315146E-04  6.090107E-06  4.365354E-07  1.910693E-03  4.809917E-08  1.811904E-07  1.564668E-07  1.208048E-01  9.199799E-06  1.096056E-06  9.278264E-07  1.209121E-04  1.643642E-04  8.347935E-07  1.226092E-07  1.580403E-07  6.224654E-07
 3.241500E+02  5.389015E-01  4.553818E-04  6.115707E-08  8.144593E-08  9.090390E-08  1.098804E-07  9.888903E-02  2.982859E-05  2.470593E-08  2.394235E-01  7.235365E-04  5.808384E-06  4.280517E-07  1.879117E-03  4.585654E-08  1.731475E-07  1.508383E-07  1.193972E-01  8.846842E-06  1.064557E-06  9.006054E-07  1.192914E-04  1.621606E-04  7.940755E-07  1.162726E-07  1.499188E-07  5.957432E-07
 3.251500E+02  5.396144E-01  4.509509E-04  5.939184E-08  7.911395E-08  8.830570E-08  1.067639E-07  9.890686E-02  2.933808E-05  2.336017E-08  2.401267E-01  7.156550E-04  5.540874E-06  4.197543E-07  1.848267E-03  4.373249E-08  1.655123E-07  1.454480E-07  1.180114E-01  8.509090E-06  1.034133E-06  8.743301E-07  1.176999E-04  1.599968E-04  7.555446E-07  1.102989E-07  1.422602E-07  5.703166E-07
 3.261500E+02  5.403161E-01  4.465889E-04  5.768851E-08  7.686320E-08  8.579788E-08  1.037551E-07  9.892429E-02  2.885905E-05  2.209603E-08  2.408190E-01  7.078696E-04  5.286810E-06  4.116394E-07  1.818124E-03  4.172008E-08  1.582620E-07  1.402844E-07  1.166472E-01  8.185827E-06  1.004743E-06  8.489635E-07  1.161372E-04  1.578721E-04  7.190738E-07  1.046655E-07  1.350358E-07  5.461163E-07
 3.271500E+02  5.410068E-01  4.422946E-04  5.604458E-08  7.469043E-08  8.337682E-08  1.008498E-07  9.894133E-02  2.839117E-05  2.090807E-08  2.415005E-01  7.001798E-04  5.045470E-06  4.037030E-07  1.788668E-03  3.981281E-08  1.513748E-07  1.353368E-07  1.153042E-01  7.876377E-06  9.763478E-07  8.244703E-07  1.146025E-04  1.557858E-04  6.845440E-07  9.935141E-08  1.282188E-07  5.230772E-07
 3.281500E+02  5.416867E-01  4.380666E-04  5.445767E-08  7.259253E-08  8.103907E-08  9.804381E-08  9.895800E-02  2.793413E-05  1.979128E-08  2.421715E-01  6.925850E-04  4.816171E-06  3.959414E-07  1.759879E-03  3.800459E-08  1.448307E-07  1.305950E-07  1.139820E-01  7.580094E-06  9.489088E-07  8.008166E-07  1.130954E-04  1.537370E-04  6.518433E-07  9.433677E-08  1.217840E-07  5.011378E-07
 3.291500E+02  5.423559E-01  4.339039E-04  5.292550E-08  7.056654E-08  7.878133E-08  9.533330E-08  9.897429E-02  2.748761E-05  1.874099E-08  2.428320E-01  6.850847E-04  4.598270E-06  3.883509E-07  1.731740E-03  3.628973E-08  1.386104E-07  1.260492E-07  1.126804E-01  7.296368E-06  9.223899E-07  7.779700E-07  1.116153E-04  1.517250E-04  6.208669E-07  8.960323E-08  1.157081E-07  4.802404E-07
 3.301500E+02  5.430146E-01  4.298051E-04  5.144591E-08  6.860962E-08  7.660046E-08  9.271450E-08  9.899023E-02  2.705132E-05  1.775287E-08  2.434822E-01  6.776782E-04  4.391160E-06  3.809276E-07  1.704233E-03  3.466286E-08  1.326962E-07  1.216902E-07  1.113990E-01  7.024616E-06  8.967563E-07  7.558995E-07  1.101616E-04  1.497490E-04  5.915163E-07  8.513361E-08  1.099694E-07  4.603302E-07
 3.311500E+02  5.436629E-01  4.257692E-04  5.001682E-08  6.671906E-08  7.449344E-08  9.018385E-08  9.900581E-02  2.662496E-05  1.682288E-08  2.441224E-01  6.703649E-04  4.194268E-06  3.736682E-07  1.677340E-03  3.311899E-08  1.270713E-07  1.175094E-07  1.101375E-01  6.764286E-06  8.719746E-07  7.345753E-07  1.087339E-04  1.478083E-04  5.636991E-07  8.091184E-08  1.045473E-07  4.413559E-07
 3.321500E+02  5.443012E-01  4.217949E-04  4.863625E-08  6.489227E-08  7.245738E-08  8.773791E-08  9.902106E-02  2.620827E-05  1.594727E-08  2.447527E-01  6.631441E-04  4.007053E-06  3.665688E-07  1.651045E-03  3.165342E-08  1.217199E-07  1.134986E-07  1.088955E-01  6.514852E-06  8.480129E-07  7.139689E-07  1.073316E-04  1.459022E-04  5.373283E-07  7.692294E-08  9.942272E-08  4.232688E-07
 3.331500E+02  5.449295E-01  4.178810E-04  4.730229E-08  6.312677E-08  7.048955E-08  8.537341E-08  9.903597E-02  2.580096E-05  1.512257E-08  2.453732E-01  6.560151E-04  3.829004E-06  3.596260E-07  1.625331E-03  3.026173E-08  1.166272E-07  1.096497E-07  1.076727E-01  6.275816E-06  8.248404E-07  6.940531E-07  1.059541E-04  1.440299E-04  5.123224E-07  7.315287E-08  9.457793E-08  4.060232E-07
 3.341500E+02  5.455479E-01  4.140266E-04  4.601315E-08  6.142019E-08  6.858729E-08  8.308724E-08  9.905057E-02  2.540278E-05  1.434552E-08  2.459841E-01  6.489770E-04  3.659638E-06  3.528364E-07  1.600183E-03  2.893980E-08  1.117792E-07  1.059555E-07  1.064689E-01  6.046701E-06  8.024277E-07  6.748017E-07  1.046010E-04  1.421909E-04  4.886047E-07  6.958853E-08  8.999618E-08  3.895757E-07
 3.351500E+02  5.461567E-01  4.102305E-04  4.476707E-08  5.977026E-08  6.674808E-08  8.087639E-08  9.906485E-02  2.501348E-05  1.361310E-08  2.465856E-01  6.420293E-04  3.498501E-06  3.461965E-07  1.575585E-03  2.768372E-08  1.071628E-07  1.024089E-07  1.052837E-01  5.827058E-06  7.807466E-07  6.561896E-07  1.032718E-04  1.403844E-04  4.661032E-07  6.621764E-08  8.566188E-08  3.738855E-07
 3.361500E+02  5.467561E-01  4.064917E-04  4.356241E-08  5.817481E-08  6.496953E-08  7.873799E-08  9.907882E-02  2.463280E-05  1.292251E-08  2.471778E-01  6.351710E-04  3.345163E-06  3.397030E-07  1.551523E-03  2.648987E-08  1.027656E-07  9.900314E-08  1.041168E-01  5.616455E-06  7.597701E-07  6.381928E-07  1.019660E-04  1.386098E-04  4.447501E-07  6.302874E-08  8.156040E-08  3.589141E-07
 3.371500E+02  5.473461E-01  4.028090E-04  4.239756E-08  5.663176E-08  6.324931E-08  7.666931E-08  9.909250E-02  2.426052E-05  1.227111E-08  2.477609E-01  6.284015E-04  3.199216E-06  3.333527E-07  1.527983E-03  2.535480E-08  9.857605E-08  9.573190E-08  1.029679E-01  5.414485E-06  7.394722E-07  6.207883E-07  1.006832E-04  1.368665E-04  4.244818E-07  6.001107E-08  7.767806E-08  3.446250E-07
 3.381500E+02  5.479270E-01  3.991816E-04  4.127103E-08  5.513913E-08  6.158521E-08  7.466771E-08  9.910589E-02  2.389640E-05  1.165648E-08  2.483349E-01  6.217197E-04  3.060278E-06  3.271422E-07  1.504950E-03  2.427530E-08  9.458311E-08  9.258912E-08  1.018366E-01  5.220758E-06  7.198279E-07  6.039539E-07  9.942283E-05  1.351537E-04  4.052383E-07  5.715458E-08  7.400205E-08  3.309837E-07
 3.391500E+02  5.484988E-01  3.956083E-04  4.018134E-08  5.369501E-08  5.997513E-08  7.273068E-08  9.911899E-02  2.354022E-05  1.107632E-08  2.489002E-01  6.151250E-04  2.927985E-06  3.210684E-07  1.482412E-03  2.324835E-08  9.077650E-08  8.956907E-08  1.007228E-01  5.034905E-06  7.008135E-07  5.876684E-07  9.818449E-05  1.334709E-04  3.869632E-07  5.444985E-08  7.052036E-08  3.179578E-07
 3.401500E+02  5.490618E-01  3.920883E-04  3.912711E-08  5.229758E-08  5.841702E-08  7.085581E-08  9.913182E-02  2.319177E-05  1.052851E-08  2.494568E-01  6.086164E-04  2.801996E-06  3.151283E-07  1.460355E-03  2.227109E-08  8.714649E-08  8.666628E-08  9.962613E-02  4.856574E-06  6.824058E-07  5.719116E-07  9.696774E-05  1.318175E-04  3.696036E-07  5.188806E-08  6.722174E-08  3.055165E-07
 3.411500E+02  5.496161E-01  3.886205E-04  3.810700E-08  5.094509E-08  5.690895E-08  6.904079E-08  9.914438E-02  2.285084E-05  1.001108E-08  2.500048E-01  6.021931E-04  2.681985E-06  3.093188E-07  1.438766E-03  2.134084E-08  8.368390E-08  8.387559E-08  9.854626E-02  4.685430E-06  6.645829E-07  5.566640E-07  9.577213E-05  1.301929E-04  3.531096E-07  4.946092E-08  6.409565E-08  2.936306E-07
 3.421500E+02  5.501618E-01  3.852041E-04  3.711973E-08  4.963587E-08  5.544907E-08  6.728339E-08  9.915669E-02  2.251723E-05  9.522163E-09  2.505444E-01  5.958542E-04  2.567646E-06  3.036368E-07  1.417634E-03  2.045509E-08  8.038010E-08  8.119204E-08  9.748294E-02  4.521153E-06  6.473237E-07  5.419068E-07  9.459725E-05  1.285964E-04  3.374340E-07  4.716070E-08  6.113219E-08  2.822728E-07
 3.431500E+02  5.506991E-01  3.818380E-04  3.616409E-08  4.836831E-08  5.403557E-08  6.558152E-08  9.916873E-02  2.219074E-05  9.060039E-09  2.510758E-01  5.895989E-04  2.458690E-06  2.980795E-07  1.396947E-03  1.961147E-08  7.722693E-08  7.861095E-08  9.643590E-02  4.363440E-06  6.306078E-07  5.276222E-07  9.344268E-05  1.270276E-04  3.225327E-07  4.498010E-08  5.832208E-08  2.714169E-07
 3.441500E+02  5.512282E-01  3.785215E-04  3.523889E-08  4.714089E-08  5.266677E-08  6.393312E-08  9.918053E-02  2.187118E-05  8.623089E-09  2.515991E-01  5.834261E-04  2.354844E-06  2.926441E-07  1.376693E-03  1.880773E-08  7.421669E-08  7.612786E-08  9.540485E-02  4.212002E-06  6.144158E-07  5.137928E-07  9.230802E-05  1.254859E-04  3.083640E-07  4.291233E-08  5.565663E-08  2.610383E-07
 3.451500E+02  5.517491E-01  3.752535E-04  3.434302E-08  4.595211E-08  5.134101E-08  6.233625E-08  9.919209E-02  2.155838E-05  8.209806E-09  2.521144E-01  5.773350E-04  2.255847E-06  2.873276E-07  1.356861E-03  1.804178E-08  7.134212E-08  7.373853E-08  9.438953E-02  4.066563E-06  5.987290E-07  5.004022E-07  9.119285E-05  1.239708E-04  2.948885E-07  4.095096E-08  5.312767E-08  2.511137E-07
 3.461500E+02  5.522620E-01  3.720334E-04  3.347539E-08  4.480059E-08  5.005673E-08  6.078903E-08  9.920342E-02  2.125214E-05  7.818777E-09  2.526218E-01  5.713247E-04  2.161455E-06  2.821274E-07  1.337440E-03  1.731164E-08  6.859637E-08  7.143891E-08  9.338968E-02  3.926862E-06  5.835292E-07  4.874345E-07  9.009681E-05  1.224816E-04  2.820694E-07  3.909000E-08  5.072751E-08  2.416211E-07
 3.471500E+02  5.527671E-01  3.688601E-04  3.263498E-08  4.368495E-08  4.881242E-08  5.928969E-08  9.921451E-02  2.095231E-05  7.448683E-09  2.531216E-01  5.653943E-04  2.071435E-06  2.770408E-07  1.318419E-03  1.661543E-08  6.597296E-08  6.922515E-08  9.240503E-02  3.792647E-06  5.687994E-07  4.748745E-07  8.901949E-05  1.210179E-04  2.698717E-07  3.732381E-08  4.844896E-08  2.325395E-07
 3.481500E+02  5.532645E-01  3.657329E-04  3.182079E-08  4.260390E-08  4.760664E-08  5.783648E-08  9.922538E-02  2.065872E-05  7.098290E-09  2.536137E-01  5.595428E-04  1.985570E-06  2.720651E-07  1.299790E-03  1.595139E-08  6.346577E-08  6.709359E-08  9.143533E-02  3.663680E-06  5.545229E-07  4.627075E-07  8.796054E-05  1.195792E-04  2.582624E-07  3.564708E-08  4.628524E-08  2.238492E-07
 3.491500E+02  5.537543E-01  3.626510E-04  3.103188E-08  4.155619E-08  4.643799E-08  5.642777E-08  9.923603E-02  2.037119E-05  6.766442E-09  2.540984E-01  5.537694E-04  1.903649E-06  2.671977E-07  1.281541E-03  1.531787E-08  6.106903E-08  6.504075E-08  9.048032E-02  3.539735E-06  5.406837E-07  4.509195E-07  8.691958E-05  1.181650E-04  2.472107E-07  3.405484E-08  4.423001E-08  2.155314E-07
 3.501500E+02  5.542366E-01  3.596136E-04  3.026732E-08  4.054064E-08  4.530516E-08  5.506197E-08  9.924647E-02  2.008958E-05  6.452056E-09  2.545758E-01  5.480730E-04  1.825479E-06  2.624362E-07  1.263663E-03  1.471329E-08  5.877726E-08  6.306329E-08  8.953975E-02  3.420596E-06  5.272664E-07  4.394971E-07  8.589625E-05  1.167748E-04  2.366872E-07  3.254242E-08  4.227728E-08  2.075683E-07
 3.511500E+02  5.547116E-01  3.566198E-04  2.952626E-08  3.955609E-08  4.420686E-08  5.373755E-08  9.925670E-02  1.981374E-05  6.154119E-09  2.550459E-01  5.424529E-04  1.750871E-06  2.577781E-07  1.246147E-03  1.413618E-08  5.658531E-08  6.115805E-08  8.861339E-02  3.306055E-06  5.142565E-07  4.284272E-07  8.489021E-05  1.154080E-04  2.266643E-07  3.110541E-08  4.042142E-08  1.999431E-07
 3.521500E+02  5.551794E-01  3.536690E-04  2.880784E-08  3.860143E-08  4.314187E-08  5.245305E-08  9.926673E-02  1.954351E-05  5.871683E-09  2.555090E-01  5.369079E-04  1.679649E-06  2.532210E-07  1.228984E-03  1.358515E-08  5.448828E-08  5.932201E-08  8.770098E-02  3.195916E-06  5.016397E-07  4.176974E-07  8.390112E-05  1.140644E-04  2.171160E-07  2.973968E-08  3.865716E-08  1.926398E-07
 3.531500E+02  5.556401E-01  3.507604E-04  2.811127E-08  3.767562E-08  4.210902E-08  5.120709E-08  9.927656E-02  1.927876E-05  5.603857E-09  2.559651E-01  5.314372E-04  1.611648E-06  2.487624E-07  1.212165E-03  1.305887E-08  5.248155E-08  5.755229E-08  8.680230E-02  3.089992E-06  4.894023E-07  4.072958E-07  8.292863E-05  1.127433E-04  2.080177E-07  2.844134E-08  3.697952E-08  1.856432E-07
 3.541500E+02  5.560939E-01  3.478932E-04  2.743576E-08  3.677764E-08  4.110716E-08  4.999829E-08  9.928620E-02  1.901934E-05  5.349807E-09  2.564144E-01  5.260400E-04  1.546707E-06  2.444002E-07  1.195681E-03  1.255609E-08  5.056076E-08  5.584615E-08  8.591710E-02  2.988104E-06  4.775314E-07  3.972108E-07  8.197242E-05  1.114443E-04  1.993462E-07  2.720674E-08  3.538381E-08  1.789391E-07
 3.551500E+02  5.565408E-01  3.450667E-04  2.678059E-08  3.590651E-08  4.013523E-08  4.882538E-08  9.929565E-02  1.876512E-05  5.108751E-09  2.568570E-01  5.207152E-04  1.484679E-06  2.401320E-07  1.179525E-03  1.207566E-08  4.872175E-08  5.420096E-08  8.504517E-02  2.890081E-06  4.660142E-07  3.874314E-07  8.103216E-05  1.101670E-04  1.910796E-07  2.603243E-08  3.386563E-08  1.725137E-07
 3.561500E+02  5.569810E-01  3.422802E-04  2.614503E-08  3.506130E-08  3.919217E-08  4.768711E-08  9.930491E-02  1.851598E-05  4.879954E-09  2.572929E-01  5.154619E-04  1.425420E-06  2.359556E-07  1.163687E-03  1.161644E-08  4.696062E-08  5.261424E-08  8.418627E-02  2.795760E-06  4.548388E-07  3.779469E-07  8.010755E-05  1.089110E-04  1.831970E-07  2.491516E-08  3.242083E-08  1.663541E-07
 3.571500E+02  5.574146E-01  3.395330E-04  2.552840E-08  3.424110E-08  3.827698E-08  4.658228E-08  9.931400E-02  1.827178E-05  4.662729E-09  2.577223E-01  5.102792E-04  1.368797E-06  2.318690E-07  1.148162E-03  1.117740E-08  4.527364E-08  5.108359E-08  8.334018E-02  2.704986E-06  4.439933E-07  3.687473E-07  7.919828E-05  1.076759E-04  1.756791E-07  2.385190E-08  3.104550E-08  1.604481E-07
 3.581500E+02  5.578417E-01  3.368245E-04  2.493004E-08  3.344506E-08  3.738871E-08  4.550975E-08  9.932292E-02  1.803240E-05  4.456427E-09  2.581454E-01  5.051662E-04  1.314680E-06  2.278700E-07  1.132940E-03  1.075753E-08  4.365730E-08  4.960674E-08  8.250669E-02  2.617610E-06  4.334667E-07  3.598226E-07  7.830403E-05  1.064612E-04  1.685073E-07  2.283975E-08  2.973597E-08  1.547840E-07
 3.591500E+02  5.582625E-01  3.341540E-04  2.434933E-08  3.267234E-08  3.652643E-08  4.446841E-08  9.933166E-02  1.779772E-05  4.260442E-09  2.585621E-01  5.001219E-04  1.262951E-06  2.239565E-07  1.118014E-03  1.035591E-08  4.210826E-08  4.818152E-08  8.168557E-02  2.533492E-06  4.232482E-07  3.511634E-07  7.742453E-05  1.052665E-04  1.616640E-07  2.187602E-08  2.848875E-08  1.493506E-07
 3.601500E+02  5.586769E-01  3.315208E-04  2.378564E-08  3.192214E-08  3.568925E-08  4.345720E-08  9.934023E-02  1.756763E-05  4.074204E-09  2.589727E-01  4.951456E-04  1.213493E-06  2.201265E-07  1.103378E-03  9.971635E-09  4.062337E-08  4.680586E-08  8.087663E-02  2.452495E-06  4.133273E-07  3.427606E-07  7.655947E-05  1.040915E-04  1.551329E-07  2.095814E-08  2.730057E-08  1.441376E-07
 3.611500E+02  5.590852E-01  3.289243E-04  2.323841E-08  3.119370E-08  3.487631E-08  4.247511E-08  9.934865E-02  1.734201E-05  3.897175E-09  2.593772E-01  4.902362E-04  1.166198E-06  2.163781E-07  1.089024E-03  9.603870E-09  3.919962E-08  4.547778E-08  8.007965E-02  2.374491E-06  4.036940E-07  3.346055E-07  7.570859E-05  1.029357E-04  1.488982E-07  2.008372E-08  2.616836E-08  1.391349E-07
 3.621500E+02  5.594875E-01  3.263638E-04  2.270707E-08  3.048628E-08  3.408680E-08  4.152114E-08  9.935690E-02  1.712075E-05  3.728853E-09  2.597758E-01  4.853929E-04  1.120963E-06  2.127094E-07  1.074946E-03  9.251820E-09  3.783419E-08  4.419538E-08  7.929443E-02  2.299357E-06  3.943389E-07  3.266896E-07  7.487159E-05  1.017988E-04  1.429452E-07  1.925048E-08  2.508921E-08  1.343331E-07
 3.631500E+02  5.598838E-01  3.238388E-04  2.219108E-08  2.979917E-08  3.331992E-08  4.059437E-08  9.936500E-02  1.690376E-05  3.568763E-09  2.601685E-01  4.806147E-04  1.077690E-06  2.091185E-07  1.061137E-03  8.914728E-09  3.652436E-08  4.295685E-08  7.852077E-02  2.226974E-06  3.852525E-07  3.190050E-07  7.404821E-05  1.006804E-04  1.372600E-07  1.845629E-08  2.406036E-08  1.297230E-07
 3.641500E+02  5.602742E-01  3.213487E-04  2.168991E-08  2.913168E-08  3.257492E-08  3.969387E-08  9.937294E-02  1.669092E-05  3.416459E-09  2.605554E-01  4.759009E-04  1.036285E-06  2.056036E-07  1.047591E-03  8.591882E-09  3.526759E-08  4.176047E-08  7.775847E-02  2.157231E-06  3.764260E-07  3.115438E-07  7.323819E-05  9.958017E-05  1.318292E-07  1.769912E-08  2.307922E-08  1.252961E-07
 3.651500E+02  5.606589E-01  3.188928E-04  2.120308E-08  2.848316E-08  3.185106E-08  3.881877E-08  9.938074E-02  1.648214E-05  3.271522E-09  2.609367E-01  4.712505E-04  9.966617E-07  2.021628E-07  1.034302E-03  8.282605E-09  3.406145E-08  4.060458E-08  7.700735E-02  2.090021E-06  3.678507E-07  3.042985E-07  7.244127E-05  9.849774E-05  1.266403E-07  1.697706E-08  2.214336E-08  1.210443E-07
 3.661500E+02  5.610380E-01  3.164705E-04  2.073010E-08  2.785298E-08  3.114764E-08  3.796824E-08  9.938840E-02  1.627731E-05  3.133557E-09  2.613123E-01  4.666626E-04  9.587352E-07  1.987946E-07  1.021262E-03  7.986255E-09  3.290363E-08  3.948762E-08  7.626720E-02  2.025239E-06  3.595185E-07  2.972619E-07  7.165719E-05  9.743277E-05  1.216816E-07  1.628832E-08  2.125046E-08  1.169598E-07
 3.671500E+02  5.614115E-01  3.140814E-04  2.027051E-08  2.724053E-08  3.046398E-08  3.714147E-08  9.939591E-02  1.607635E-05  3.002192E-09  2.616825E-01  4.621364E-04  9.224263E-07  1.954971E-07  1.008468E-03  7.702226E-09  3.179195E-08  3.840806E-08  7.553784E-02  1.962789E-06  3.514214E-07  2.904270E-07  7.088571E-05  9.638491E-05  1.169417E-07  1.563120E-08  2.039834E-08  1.130352E-07
 3.681500E+02  5.617795E-01  3.117248E-04  1.982387E-08  2.664522E-08  2.979943E-08  3.633767E-08  9.940329E-02  1.587916E-05  2.877078E-09  2.620474E-01  4.576710E-04  8.876594E-07  1.922687E-07  9.959121E-04  7.429940E-09  3.072432E-08  3.736446E-08  7.481910E-02  1.902576E-06  3.435516E-07  2.837873E-07  7.012657E-05  9.535384E-05  1.124100E-07  1.500409E-08  1.958494E-08  1.092636E-07
 3.691500E+02  5.621422E-01  3.094003E-04  1.938974E-08  2.606649E-08  2.915337E-08  3.555609E-08  9.941053E-02  1.568566E-05  2.757884E-09  2.624069E-01  4.532656E-04  8.543630E-07  1.891077E-07  9.835897E-04  7.168852E-09  2.969877E-08  3.635544E-08  7.411079E-02  1.844512E-06  3.359018E-07  2.773361E-07  6.937956E-05  9.433923E-05  1.080765E-07  1.440548E-08  1.880832E-08  1.056381E-07
 3.701500E+02  5.624996E-01  3.071072E-04  1.896772E-08  2.550381E-08  2.852519E-08  3.479602E-08  9.941764E-02  1.549575E-05  2.644300E-09  2.627612E-01  4.489193E-04  8.224688E-07  1.860128E-07  9.714954E-04  6.918442E-09  2.871342E-08  3.537967E-08  7.341273E-02  1.788509E-06  3.284648E-07  2.710674E-07  6.864442E-05  9.334077E-05  1.039316E-07  1.383394E-08  1.806663E-08  1.021525E-07
 3.711500E+02  5.628518E-01  3.048450E-04  1.855741E-08  2.495663E-08  2.791431E-08  3.405676E-08  9.942462E-02  1.530936E-05  2.536032E-09  2.631104E-01  4.446313E-04  7.919122E-07  1.829821E-07  9.596238E-04  6.678220E-09  2.776649E-08  3.443590E-08  7.272475E-02  1.734486E-06  3.212339E-07  2.649752E-07  6.792095E-05  9.235814E-05  9.996626E-08  1.328811E-08  1.735813E-08  9.880064E-08
 3.721500E+02  5.631990E-01  3.026133E-04  1.815843E-08  2.442448E-08  2.732017E-08  3.333763E-08  9.943147E-02  1.512639E-05  2.432805E-09  2.634546E-01  4.404008E-04  7.626316E-07  1.800144E-07  9.479698E-04  6.447717E-09  2.685629E-08  3.352291E-08  7.204668E-02  1.682365E-06  3.142023E-07  2.590537E-07  6.720890E-05  9.139105E-05  9.617191E-08  1.276670E-08  1.668118E-08  9.557684E-08
 3.731500E+02  5.635411E-01  3.004115E-04  1.777041E-08  2.390685E-08  2.674222E-08  3.263799E-08  9.943820E-02  1.494678E-05  2.334358E-09  2.637938E-01  4.362270E-04  7.345688E-07  1.771080E-07  9.365285E-04  6.226492E-09  2.598119E-08  3.263954E-08  7.137835E-02  1.632071E-06  3.073637E-07  2.532974E-07  6.650807E-05  9.043919E-05  9.254042E-08  1.226852E-08  1.603422E-08  9.247556E-08
