#         T/K            c1          c2-1          c3-4          c3-5          c3-7          c3-9            m1          m2-1          m3-1            w1            w2          w3-1          w3-2          c1m1        c1m2-1        c1m2-7        c2m1-1        c1w1-2        c1w2-1        c2w1-1        c2w1-9        m1w1-1        m1w1-4        m1w2-1        m2w1-1        m2w1-3      c1m1w1-1
 2.731500E+02  6.019203E-02  1.174661E-05  6.069369E-10  7.966193E-10  8.863023E-10  1.056805E-09  2.956097E-01  7.200483E-04  1.893059E-05  5.463577E-01  1.003575E-02  1.874938E-03  2.630738E-05  1.823950E-03  8.445029E-07  2.771082E-06  5.740230E-08  7.770791E-02  7.845135E-05  2.327123E-07  2.043460E-07  2.137742E-03  2.910044E-03  3.343689E-04  6.550438E-05  8.296217E-05  7.810876E-06
 2.741500E+02  6.071551E-02  1.173147E-05  5.930966E-10  7.787172E-10  8.664495E-10  1.033459E-09  2.957144E-01  7.030083E-04  1.747797E-05  5.472828E-01  9.829154E-03  1.740914E-03  2.537615E-05  1.792366E-03  7.941120E-07  2.614173E-06  5.517010E-08  7.669578E-02  7.431051E-05  2.254564E-07  1.978038E-07  2.091478E-03  2.846885E-03  3.100437E-04  6.062018E-05  7.680684E-05  7.367476E-06
 2.751500E+02  6.123262E-02  1.171423E-05  5.795165E-10  7.611427E-10  8.469577E-10  1.010526E-09  2.958154E-01  6.865011E-04  1.614672E-05  5.481831E-01  9.627848E-03  1.617240E-03  2.448311E-05  1.761402E-03  7.470150E-07  2.467041E-06  5.303149E-08  7.569559E-02  7.040728E-05  2.184359E-07  1.914803E-07  2.046509E-03  2.785502E-03  2.876370E-04  5.613179E-05  7.114814E-05  6.951541E-06
 2.761500E+02  6.174333E-02  1.169496E-05  5.661953E-10  7.438947E-10  8.278259E-10  9.880067E-10  2.959129E-01  6.705066E-04  1.492592E-05  5.490595E-01  9.431692E-03  1.503066E-03  2.362658E-05  1.731047E-03  7.029791E-07  2.329026E-06  5.098234E-08  7.470741E-02  6.672715E-05  2.116434E-07  1.853682E-07  2.002794E-03  2.725840E-03  2.669870E-04  5.200478E-05  6.594304E-05  6.561245E-06
 2.771500E+02  6.224762E-02  1.167373E-05  5.531319E-10  7.269720E-10  8.090529E-10  9.658993E-10  2.960069E-01  6.550061E-04  1.380569E-05  5.499132E-01  9.240552E-03  1.397613E-03  2.280495E-05  1.701288E-03  6.617893E-07  2.199515E-06  4.901872E-08  7.373132E-02  6.325657E-05  2.050717E-07  1.794608E-07  1.960295E-03  2.667845E-03  2.479462E-04  4.820791E-05  6.115249E-05  6.194893E-06
 2.781500E+02  6.274548E-02  1.165058E-05  5.403249E-10  7.103734E-10  7.906373E-10  9.442029E-10  2.960978E-01  6.399812E-04  1.277713E-05  5.507451E-01  9.054297E-03  1.300171E-03  2.201668E-05  1.672115E-03  6.232467E-07  2.077940E-06  4.713685E-08  7.276736E-02  5.998281E-05  1.987141E-07  1.737514E-07  1.918973E-03  2.611462E-03  2.303806E-04  4.471281E-05  5.674101E-05  5.850906E-06
 2.791500E+02  6.323690E-02  1.162558E-05  5.277727E-10  6.940972E-10  7.725775E-10  9.229161E-10  2.961856E-01  6.254146E-04  1.183214E-05  5.515563E-01  8.872797E-03  1.210092E-03  2.126030E-05  1.643517E-03  5.871675E-07  1.963773E-06  4.533318E-08  7.181557E-02  5.689399E-05  1.925637E-07  1.682335E-07  1.878791E-03  2.556643E-03  2.141674E-04  4.149370E-05  5.267634E-05  5.527817E-06
 2.801500E+02  6.372188E-02  1.159880E-05  5.154735E-10  6.781416E-10  7.548717E-10  9.020373E-10  2.962704E-01  6.112894E-04  1.096341E-05  5.523475E-01  8.695923E-03  1.126781E-03  2.053440E-05  1.615481E-03  5.533813E-07  1.856525E-06  4.360427E-08  7.087595E-02  5.397894E-05  1.866140E-07  1.629008E-07  1.839713E-03  2.503336E-03  1.991953E-04  3.852715E-05  4.892915E-05  5.224261E-06
 2.811500E+02  6.420043E-02  1.157029E-05  5.034256E-10  6.625047E-10  7.375176E-10  8.815644E-10  2.963525E-01  5.975898E-04  1.016431E-05  5.531195E-01  8.523550E-03  1.049694E-03  1.983764E-05  1.587998E-03  5.217307E-07  1.755742E-06  4.194688E-08  6.994852E-02  5.122723E-05  1.808586E-07  1.577473E-07  1.801704E-03  2.451494E-03  1.853621E-04  3.579184E-05  4.547276E-05  4.938968E-06
 2.821500E+02  6.467256E-02  1.154012E-05  4.916270E-10  6.471843E-10  7.205131E-10  8.614953E-10  2.964319E-01  5.843003E-04  9.428818E-06  5.538731E-01  8.355555E-03  9.783346E-04  1.916872E-05  1.561058E-03  4.920696E-07  1.661000E-06  4.035790E-08  6.903327E-02  4.862905E-05  1.752914E-07  1.527670E-07  1.764731E-03  2.401070E-03  1.725750E-04  3.326837E-05  4.228287E-05  4.670755E-06
 2.831500E+02  6.513828E-02  1.150835E-05  4.800755E-10  6.321780E-10  7.038555E-10  8.418274E-10  2.965089E-01  5.714063E-04  8.751473E-06  5.546090E-01  8.191817E-03  9.122463E-04  1.852641E-05  1.534649E-03  4.642627E-07  1.571906E-06  3.883436E-08  6.813020E-02  4.617525E-05  1.699064E-07  1.479541E-07  1.728761E-03  2.352020E-03  1.607489E-04  3.093907E-05  3.933734E-05  4.418521E-06
 2.841500E+02  6.559762E-02  1.147504E-05  4.687687E-10  6.174832E-10  6.875420E-10  8.225577E-10  2.965833E-01  5.588935E-04  8.127314E-06  5.553278E-01  8.032218E-03  8.510122E-04  1.790956E-05  1.508761E-03  4.381845E-07  1.488095E-06  3.737344E-08  6.723926E-02  4.385722E-05  1.646977E-07  1.433031E-07  1.693763E-03  2.304300E-03  1.498063E-04  2.878785E-05  3.661600E-05  4.181240E-06
 2.851500E+02  6.605061E-02  1.144026E-05  4.577043E-10  6.030970E-10  6.715695E-10  8.036833E-10  2.966555E-01  5.467485E-04  7.551834E-06  5.560302E-01  7.876642E-03  7.942500E-04  1.731704E-05  1.483386E-03  4.137189E-07  1.409227E-06  3.597241E-08  6.636044E-02  4.166690E-05  1.596596E-07  1.388087E-07  1.659705E-03  2.257868E-03  1.396761E-04  2.680004E-05  3.410045E-05  3.957958E-06
 2.861500E+02  6.649726E-02  1.140407E-05  4.468797E-10  5.890164E-10  6.559350E-10  7.852005E-10  2.967255E-01  5.349583E-04  7.020933E-06  5.567167E-01  7.724977E-03  7.416095E-04  1.674777E-05  1.458512E-03  3.907577E-07  1.334985E-06  3.462871E-08  6.549368E-02  3.959675E-05  1.547866E-07  1.344655E-07  1.626559E-03  2.212684E-03  1.302935E-04  2.496225E-05  3.177391E-05  3.747782E-06
 2.871500E+02  6.693761E-02  1.136652E-05  4.362921E-10  5.752383E-10  6.406348E-10  7.671059E-10  2.967933E-01  5.235104E-04  6.530881E-06  5.573879E-01  7.577113E-03  6.927694E-04  1.620075E-05  1.434130E-03  3.692008E-07  1.265074E-06  3.333986E-08  6.463894E-02  3.763967E-05  1.500733E-07  1.302685E-07  1.594297E-03  2.168708E-03  1.215990E-04  2.326227E-05  2.962105E-05  3.549884E-06
 2.881500E+02  6.737171E-02  1.132769E-05  4.259387E-10  5.617593E-10  6.256653E-10  7.493955E-10  2.968591E-01  5.123928E-04  6.078283E-06  5.580443E-01  7.432944E-03  6.474350E-04  1.567500E-05  1.410230E-03  3.489551E-07  1.199221E-06  3.210351E-08  6.379614E-02  3.578904E-05  1.455146E-07  1.262127E-07  1.562889E-03  2.125902E-03  1.135384E-04  2.168896E-05  2.762787E-05  3.363489E-06
 2.891500E+02  6.779960E-02  1.128761E-05  4.158165E-10  5.485759E-10  6.110227E-10  7.320651E-10  2.969230E-01  5.015941E-04  5.660045E-06  5.586864E-01  7.292364E-03  6.053357E-04  1.516960E-05  1.386804E-03  3.299343E-07  1.137168E-06  3.091740E-08  6.296524E-02  3.403861E-05  1.411055E-07  1.222934E-07  1.532310E-03  2.084229E-03  1.060618E-04  2.023211E-05  2.578159E-05  3.187875E-06
 2.901500E+02  6.822130E-02  1.124637E-05  4.059224E-10  5.356843E-10  5.967030E-10  7.151103E-10  2.969850E-01  4.911032E-04  5.273345E-06  5.593146E-01  7.155273E-03  5.662235E-04  1.468365E-05  1.363842E-03  3.120579E-07  1.078677E-06  2.977937E-08  6.214614E-02  3.238255E-05  1.368409E-07  1.185060E-07  1.502534E-03  2.043655E-03  9.912356E-05  1.888243E-05  2.407050E-05  3.022367E-06
 2.911500E+02  6.863689E-02  1.120401E-05  3.962533E-10  5.230807E-10  5.827020E-10  6.985267E-10  2.970452E-01  4.809095E-04  4.915613E-06  5.599294E-01  7.021571E-03  5.298701E-04  1.421633E-05  1.341334E-03  2.952514E-07  1.023527E-06  2.868737E-08  6.133878E-02  3.081537E-05  1.327161E-07  1.148459E-07  1.473536E-03  2.004145E-03  9.268196E-05  1.763139E-05  2.248391E-05  2.866338E-06
 2.921500E+02  6.904639E-02  1.116059E-05  3.868059E-10  5.107613E-10  5.690154E-10  6.823094E-10  2.971037E-01  4.710029E-04  4.584499E-06  5.605312E-01  6.891164E-03  4.960663E-04  1.376682E-05  1.319273E-03  2.794452E-07  9.715082E-07  2.763944E-08  6.054307E-02  2.933192E-05  1.287266E-07  1.113089E-07  1.445292E-03  1.965666E-03  8.669861E-05  1.647121E-05  2.101203E-05  2.719199E-06
 2.931500E+02  6.944986E-02  1.111616E-05  3.775769E-10  4.987219E-10  5.556388E-10  6.664536E-10  2.971605E-01  4.613735E-04  4.277862E-06  5.611203E-01  6.763957E-03  4.646193E-04  1.333437E-05  1.297649E-03  2.645747E-07  9.224284E-07  2.663368E-08  5.975891E-02  2.792739E-05  1.248678E-07  1.078907E-07  1.417779E-03  1.928185E-03  8.113831E-05  1.539474E-05  1.964588E-05  2.580403E-06
 2.941500E+02  6.984737E-02  1.107079E-05  3.685629E-10  4.869584E-10  5.425675E-10  6.509541E-10  2.972157E-01  4.520121E-04  3.993741E-06  5.616972E-01  6.639860E-03  4.353521E-04  1.291823E-05  1.276453E-03  2.505798E-07  8.761064E-07  2.566831E-08  5.898622E-02  2.659722E-05  1.211354E-07  1.045873E-07  1.390974E-03  1.891673E-03  7.596877E-05  1.439546E-05  1.837724E-05  2.449438E-06
 2.951500E+02  7.023895E-02  1.102451E-05  3.597603E-10  4.754664E-10  5.297969E-10  6.358058E-10  2.972694E-01  4.429095E-04  3.730346E-06  5.622623E-01  6.518786E-03  4.081019E-04  1.251772E-05  1.255677E-03  2.374045E-07  8.323734E-07  2.474160E-08  5.822488E-02  2.533718E-05  1.175253E-07  1.013948E-07  1.364856E-03  1.856099E-03  7.116030E-05  1.346738E-05  1.719858E-05  2.325824E-06
 2.961500E+02  7.062468E-02  1.097739E-05  3.511657E-10  4.642417E-10  5.173222E-10  6.210032E-10  2.973216E-01  4.340572E-04  3.486040E-06  5.628157E-01  6.400649E-03  3.827186E-04  1.213216E-05  1.235312E-03  2.249966E-07  7.910717E-07  2.385191E-08  5.747481E-02  2.414325E-05  1.140332E-07  9.830926E-08  1.339404E-03  1.821434E-03  6.668566E-05  1.260501E-05  1.610299E-05  2.209115E-06
 2.971500E+02  7.100461E-02  1.092948E-05  3.427754E-10  4.532798E-10  5.051386E-10  6.065410E-10  2.973724E-01  4.254467E-04  3.259322E-06  5.633580E-01  6.285366E-03  3.590643E-04  1.176093E-05  1.215351E-03  2.133076E-07  7.520538E-07  2.299767E-08  5.673588E-02  2.301169E-05  1.106554E-07  9.532709E-08  1.314596E-03  1.787651E-03  6.251979E-05  1.180330E-05  1.508413E-05  2.098892E-06
 2.981500E+02  7.137880E-02  1.088082E-05  3.345859E-10  4.425762E-10  4.932412E-10  5.924137E-10  2.974218E-01  4.170701E-04  3.048821E-06  5.638893E-01  6.172857E-03  3.370119E-04  1.140341E-05  1.195785E-03  2.022921E-07  7.151820E-07  2.217738E-08  5.600800E-02  2.193896E-05  1.073879E-07  9.244471E-08  1.290415E-03  1.754724E-03  5.863962E-05  1.105764E-05  1.413617E-05  1.994764E-06
 2.991500E+02  7.174731E-02  1.083146E-05  3.265935E-10  4.321264E-10  4.816249E-10  5.786155E-10  2.974699E-01  4.089196E-04  2.853279E-06  5.644100E-01  6.063043E-03  3.164441E-04  1.105905E-05  1.176607E-03  1.919080E-07  6.803275E-07  2.138959E-08  5.529103E-02  2.092176E-05  1.042271E-07  8.965867E-08  1.266840E-03  1.722625E-03  5.502397E-05  1.036379E-05  1.325376E-05  1.896365E-06
 3.001500E+02  7.211020E-02  1.078145E-05  3.187945E-10  4.219258E-10  4.702848E-10  5.651407E-10  2.975167E-01  4.009878E-04  2.671541E-06  5.649203E-01  5.955850E-03  2.972530E-04  1.072727E-05  1.157807E-03  1.821159E-07  6.473697E-07  2.063295E-08  5.458488E-02  1.995696E-05  1.011694E-07  8.696564E-08  1.243855E-03  1.691330E-03  5.165331E-05  9.717829E-06  1.243200E-05  1.803353E-06
 3.011500E+02  7.246755E-02  1.073083E-05  3.111852E-10  4.119699E-10  4.592157E-10  5.519838E-10  2.975623E-01  3.932676E-04  2.502552E-06  5.654206E-01  5.851203E-03  2.793389E-04  1.040756E-05  1.139380E-03  1.728789E-07  6.161959E-07  1.990612E-08  5.388942E-02  1.904163E-05  9.821122E-08  8.436240E-08  1.221440E-03  1.660815E-03  4.850966E-05  9.116186E-06  1.166635E-05  1.715407E-06
 3.021500E+02  7.281941E-02  1.067965E-05  3.037619E-10  4.022539E-10  4.484127E-10  5.391387E-10  2.976067E-01  3.857521E-04  2.345339E-06  5.659111E-01  5.749032E-03  2.626100E-04  1.009942E-05  1.121316E-03  1.641629E-07  5.867006E-07  1.920787E-08  5.320453E-02  1.817302E-05  9.534933E-08  8.184585E-08  1.199579E-03  1.631056E-03  4.557645E-05  8.555560E-06  1.095266E-05  1.632228E-06
 3.031500E+02  7.316586E-02  1.062795E-05  2.965210E-10  3.927733E-10  4.378705E-10  5.265998E-10  2.976499E-01  3.784348E-04  2.199013E-06  5.663920E-01  5.649268E-03  2.469815E-04  9.802370E-06  1.103609E-03  1.559358E-07  5.587849E-07  1.853698E-08  5.253008E-02  1.734853E-05  9.258042E-08  7.941296E-08  1.178256E-03  1.602031E-03  4.283843E-05  8.032916E-06  1.028711E-05  1.553533E-06
 3.041500E+02  7.350696E-02  1.057578E-05  2.894587E-10  3.835234E-10  4.275841E-10  5.143612E-10  2.976921E-01  3.713092E-04  2.062753E-06  5.668635E-01  5.551843E-03  2.323750E-04  9.515952E-06  1.086251E-03  1.481677E-07  5.323563E-07  1.789230E-08  5.186595E-02  1.656574E-05  8.990137E-08  7.706085E-08  1.157454E-03  1.573718E-03  4.028149E-05  7.545461E-06  9.666153E-06  1.479061E-06
 3.051500E+02  7.384277E-02  1.052316E-05  2.825713E-10  3.744996E-10  4.175483E-10  5.024170E-10  2.977331E-01  3.643692E-04  1.935808E-06  5.673260E-01  5.456692E-03  2.187181E-04  9.239730E-06  1.069235E-03  1.408307E-07  5.073282E-07  1.727274E-08  5.121202E-02  1.582235E-05  8.730913E-08  7.478669E-08  1.137159E-03  1.546095E-03  3.789267E-05  7.090622E-06  9.086558E-06  1.408564E-06
 3.061500E+02  7.417336E-02  1.047014E-05  2.758552E-10  3.656972E-10  4.077580E-10  4.907614E-10  2.977732E-01  3.576089E-04  1.817486E-06  5.677796E-01  5.363753E-03  2.059440E-04  8.973290E-06  1.052555E-03  1.338987E-07  4.836192E-07  1.667726E-08  5.056816E-02  1.511619E-05  8.480075E-08  7.258779E-08  1.117355E-03  1.519144E-03  3.565995E-05  6.666029E-06  8.545328E-06  1.341811E-06
 3.071500E+02  7.449881E-02  1.041676E-05  2.693066E-10  3.571116E-10  3.982082E-10  4.793885E-10  2.978122E-01  3.510227E-04  1.707149E-06  5.682245E-01  5.272965E-03  1.939909E-04  8.716235E-06  1.036202E-03  1.273473E-07  4.611533E-07  1.610483E-08  4.993423E-02  1.444524E-05  8.237340E-08  7.046152E-08  1.098028E-03  1.492843E-03  3.357227E-05  6.269497E-06  8.039702E-06  1.278586E-06
 3.081500E+02  7.481919E-02  1.036305E-05  2.629221E-10  3.487382E-10  3.888938E-10  4.682926E-10  2.978502E-01  3.446051E-04  1.604211E-06  5.686610E-01  5.184269E-03  1.828015E-04  8.468184E-06  1.020171E-03  1.211536E-07  4.398589E-07  1.555450E-08  4.931012E-02  1.380758E-05  8.002432E-08  6.840535E-08  1.079164E-03  1.467174E-03  3.161940E-05  5.899009E-06  7.567132E-06  1.218685E-06
 3.091500E+02  7.513455E-02  1.030905E-05  2.566978E-10  3.405725E-10  3.798098E-10  4.574678E-10  2.978873E-01  3.383508E-04  1.508133E-06  5.690892E-01  5.097607E-03  1.723230E-04  8.228775E-06  1.004454E-03  1.152963E-07  4.196692E-07  1.502536E-08  4.869568E-02  1.320141E-05  7.775086E-08  6.641685E-08  1.060750E-03  1.442118E-03  2.979189E-05  5.552705E-06  7.125267E-06  1.161917E-06
 3.101500E+02  7.544497E-02  1.025479E-05  2.506304E-10  3.326099E-10  3.709511E-10  4.469083E-10  2.979236E-01  3.322547E-04  1.418417E-06  5.695094E-01  5.012923E-03  1.625063E-04  7.997663E-06  9.890455E-04  1.097555E-07  4.005212E-07  1.451652E-08  4.809080E-02  1.262504E-05  7.555044E-08  6.449365E-08  1.042772E-03  1.417658E-03  2.808098E-05  5.228868E-06  6.711937E-06  1.108104E-06
 3.111500E+02  7.575052E-02  1.020031E-05  2.447161E-10  3.248459E-10  3.623127E-10  4.366085E-10  2.979589E-01  3.263119E-04  1.334605E-06  5.699217E-01  4.930164E-03  1.533061E-04  7.774516E-06  9.739384E-04  1.045124E-07  3.823559E-07  1.402714E-08  4.749534E-02  1.207686E-05  7.342060E-08  6.263349E-08  1.025218E-03  1.393776E-03  2.647860E-05  4.925913E-06  6.325135E-06  1.057077E-06
 3.121500E+02  7.605127E-02  1.014563E-05  2.389516E-10  3.172761E-10  3.538898E-10  4.265626E-10  2.979933E-01  3.205177E-04  1.256273E-06  5.703264E-01  4.849278E-03  1.446804E-04  7.559019E-06  9.591266E-04  9.954957E-08  3.651181E-07  1.355642E-08  4.690917E-02  1.155538E-05  7.135892E-08  6.083417E-08  1.008077E-03  1.370457E-03  2.497725E-05  4.642373E-06  5.963007E-06  1.008679E-06
 3.131500E+02  7.634728E-02  1.009078E-05  2.333334E-10  3.098960E-10  3.456776E-10  4.167650E-10  2.980270E-01  3.148676E-04  1.183031E-06  5.707235E-01  4.770213E-03  1.365902E-04  7.350869E-06  9.446038E-04  9.485058E-08  3.487556E-07  1.310358E-08  4.633215E-02  1.105916E-05  6.936309E-08  5.909358E-08  9.913354E-04  1.347682E-03  2.357001E-05  4.376894E-06  5.623838E-06  9.627617E-07
 3.141500E+02  7.663863E-02  1.003580E-05  2.278579E-10  3.027014E-10  3.376711E-10  4.072103E-10  2.980598E-01  3.093571E-04  1.114518E-06  5.711133E-01  4.692921E-03  1.289993E-04  7.149777E-06  9.303641E-04  9.040008E-08  3.332196E-07  1.266789E-08  4.576417E-02  1.058686E-05  6.743088E-08  5.740966E-08  9.749829E-04  1.325439E-03  2.225045E-05  4.128223E-06  5.306042E-06  9.191863E-07
 3.151500E+02  7.692538E-02  9.980706E-06  2.225220E-10  2.956879E-10  3.298656E-10  3.978928E-10  2.980919E-01  3.039820E-04  1.050402E-06  5.714958E-01  4.617354E-03  1.218744E-04  6.955467E-06  9.164014E-04  8.618368E-08  3.184643E-07  1.224865E-08  4.520508E-02  1.013724E-05  6.556012E-08  5.578044E-08  9.590083E-04  1.303710E-03  2.101264E-05  3.895201E-06  5.008152E-06  8.778219E-07
 3.161500E+02  7.720760E-02  9.925531E-06  2.173221E-10  2.888513E-10  3.222565E-10  3.888071E-10  2.981232E-01  2.987383E-04  9.903749E-07  5.718714E-01  4.543465E-03  1.151843E-04  6.767675E-06  9.027099E-04  8.218787E-08  3.044465E-07  1.184518E-08  4.465477E-02  9.709087E-06  6.374872E-08  5.420403E-08  9.434009E-04  1.282482E-03  1.985106E-05  3.676753E-06  4.728806E-06  8.385456E-07
 3.171500E+02  7.748537E-02  9.870299E-06  2.122552E-10  2.821874E-10  3.148392E-10  3.799479E-10  2.981538E-01  2.936220E-04  9.341522E-07  5.722402E-01  4.471211E-03  1.089001E-04  6.586149E-06  8.892839E-04  7.840000E-08  2.911255E-07  1.145684E-08  4.411309E-02  9.301287E-06  6.199468E-08  5.267859E-08  9.281505E-04  1.261740E-03  1.876059E-05  3.471886E-06  4.466747E-06  8.012420E-07
 3.181500E+02  7.775874E-02  9.815034E-06  2.073178E-10  2.756921E-10  3.076089E-10  3.713098E-10  2.981837E-01  2.886293E-04  8.814709E-07  5.726022E-01  4.400547E-03  1.029951E-04  6.410646E-06  8.761177E-04  7.480820E-08  2.784633E-07  1.108300E-08  4.357993E-02  8.912778E-06  6.029603E-08  5.120235E-08  9.132470E-04  1.241471E-03  1.773649E-05  3.279680E-06  4.220806E-06  7.658026E-07
 3.191500E+02  7.802778E-02  9.759759E-06  2.025069E-10  2.693612E-10  3.005614E-10  3.628877E-10  2.982128E-01  2.837565E-04  8.320875E-07  5.729576E-01  4.331431E-03  9.744439E-05  6.240935E-06  8.632059E-04  7.140134E-08  2.664240E-07  1.072309E-08  4.305514E-02  8.542559E-06  5.865090E-08  4.977360E-08  8.986809E-04  1.221662E-03  1.677436E-05  3.099280E-06  3.989902E-06  7.321250E-07
 3.201500E+02  7.829257E-02  9.704497E-06  1.978194E-10  2.631909E-10  2.936921E-10  3.546764E-10  2.982414E-01  2.790001E-04  7.857765E-07  5.733067E-01  4.263822E-03  9.222478E-05  6.076795E-06  8.505431E-04  6.816895E-08  2.549738E-07  1.037653E-08  4.253862E-02  8.189684E-06  5.705748E-08  4.839069E-08  8.844428E-04  1.202300E-03  1.587010E-05  2.929896E-06  3.773030E-06  7.001134E-07
 3.211500E+02  7.855316E-02  9.649268E-06  1.932521E-10  2.571772E-10  2.869968E-10  3.466709E-10  2.982692E-01  2.743566E-04  7.423292E-07  5.736494E-01  4.197682E-03  8.731478E-05  5.918013E-06  8.381240E-04  6.510123E-08  2.440809E-07  1.004277E-08  4.203022E-02  7.853262E-06  5.551401E-08  4.705204E-08  8.705238E-04  1.183373E-03  1.501993E-05  2.770792E-06  3.569260E-06  6.696771E-07
 3.221500E+02  7.880962E-02  9.594094E-06  1.888021E-10  2.513162E-10  2.804711E-10  3.388661E-10  2.982965E-01  2.698228E-04  7.015521E-07  5.739860E-01  4.132971E-03  8.269439E-05  5.764388E-06  8.259434E-04  6.218895E-08  2.337154E-07  9.721319E-09  4.152983E-02  7.532450E-06  5.401881E-08  4.575611E-08  8.569150E-04  1.164869E-03  1.422032E-05  2.621288E-06  3.377726E-06  6.407311E-07
 3.231500E+02  7.906202E-02  9.538994E-06  1.844664E-10  2.456042E-10  2.741108E-10  3.312572E-10  2.983231E-01  2.653955E-04  6.632658E-07  5.743166E-01  4.069651E-03  7.834499E-05  5.615724E-06  8.139963E-04  5.942345E-08  2.238491E-07  9.411661E-09  4.103732E-02  7.226452E-06  5.257023E-08  4.450143E-08  8.436080E-04  1.146775E-03  1.346797E-05  2.480750E-06  3.197626E-06  6.131951E-07
 3.241500E+02  7.931043E-02  9.483986E-06  1.802421E-10  2.400374E-10  2.679119E-10  3.238394E-10  2.983491E-01  2.610715E-04  6.273040E-07  5.746413E-01  4.007688E-03  7.424927E-05  5.471836E-06  8.022777E-04  5.679660E-08  2.144555E-07  9.113329E-09  4.055257E-02  6.934514E-06  5.116671E-08  4.328657E-08  8.305946E-04  1.129082E-03  1.275984E-05  2.348592E-06  3.028212E-06  5.869938E-07
 3.251500E+02  7.955489E-02  9.429089E-06  1.761264E-10  2.346122E-10  2.618704E-10  3.166080E-10  2.983746E-01  2.568480E-04  5.935123E-07  5.749603E-01  3.947045E-03  7.039108E-05  5.332545E-06  7.907828E-04  5.430075E-08  2.055095E-07  8.825867E-09  4.007545E-02  6.655927E-06  4.980672E-08  4.211017E-08  8.178668E-04  1.111777E-03  1.209310E-05  2.224266E-06  2.868792E-06  5.620559E-07
 3.261500E+02  7.979549E-02  9.374318E-06  1.721165E-10  2.293251E-10  2.559821E-10  3.095583E-10  2.983994E-01  2.527220E-04  5.617475E-07  5.752736E-01  3.887689E-03  6.675540E-05  5.197681E-06  7.795067E-04  5.192871E-08  1.969876E-07  8.548840E-09  3.960584E-02  6.390018E-06  4.848880E-08  4.097088E-08  8.054170E-04  1.094851E-03  1.146509E-05  2.107266E-06  2.718721E-06  5.383145E-07
 3.271500E+02  8.003228E-02  9.319690E-06  1.682096E-10  2.241724E-10  2.502434E-10  3.026859E-10  2.984238E-01  2.486907E-04  5.318765E-07  5.755814E-01  3.829586E-03  6.332823E-05  5.067080E-06  7.684449E-04  4.967370E-08  1.888676E-07  8.281833E-09  3.914363E-02  6.136152E-06  4.721152E-08  3.986745E-08  7.932378E-04  1.078294E-03  1.087337E-05  1.997119E-06  2.577398E-06  5.157063E-07
 3.281500E+02  8.026533E-02  9.265221E-06  1.644032E-10  2.191509E-10  2.446503E-10  2.959862E-10  2.984476E-01  2.447515E-04  5.037758E-07  5.758838E-01  3.772704E-03  6.009652E-05  4.940585E-06  7.575927E-04  4.752938E-08  1.811284E-07  8.024447E-09  3.868869E-02  5.893727E-06  4.597353E-08  3.879863E-08  7.813218E-04  1.062095E-03  1.031563E-05  1.893386E-06  2.444265E-06  4.941717E-07
 3.291500E+02  8.049468E-02  9.210924E-06  1.606946E-10  2.142571E-10  2.391992E-10  2.894550E-10  2.984709E-01  2.409018E-04  4.773303E-07  5.761809E-01  3.717013E-03  5.704809E-05  4.818045E-06  7.469458E-04  4.548974E-08  1.737503E-07  7.776301E-09  3.824090E-02  5.662175E-06  4.477349E-08  3.776324E-08  7.696622E-04  1.046245E-03  9.789754E-06  1.795658E-06  2.318803E-06  4.736547E-07
 3.301500E+02  8.072042E-02  9.156814E-06  1.570813E-10  2.094877E-10  2.338864E-10  2.830879E-10  2.984937E-01  2.371389E-04  4.524334E-07  5.764728E-01  3.662481E-03  5.417159E-05  4.699317E-06  7.364998E-04  4.354916E-08  1.667147E-07  7.537028E-09  3.780016E-02  5.440957E-06  4.361015E-08  3.676014E-08  7.582521E-04  1.030735E-03  9.293736E-06  1.703554E-06  2.200527E-06  4.541021E-07
 3.311500E+02  8.094259E-02  9.102903E-06  1.535607E-10  2.048396E-10  2.287083E-10  2.768807E-10  2.985160E-01  2.334607E-04  4.289857E-07  5.767596E-01  3.609080E-03  5.145643E-05  4.584263E-06  7.262504E-04  4.170232E-08  1.600039E-07  7.306279E-09  3.736634E-02  5.229565E-06  4.248226E-08  3.578822E-08  7.470849E-04  1.015556E-03  8.825726E-06  1.616721E-06  2.088986E-06  4.354640E-07
 3.321500E+02  8.116125E-02  9.049204E-06  1.501304E-10  2.003096E-10  2.236616E-10  2.708295E-10  2.985378E-01  2.298645E-04  4.068947E-07  5.770415E-01  3.556782E-03  4.889271E-05  4.472749E-06  7.161933E-04  3.994422E-08  1.536014E-07  7.083719E-09  3.693934E-02  5.027516E-06  4.138865E-08  3.484642E-08  7.361544E-04  1.000698E-03  8.383993E-06  1.534827E-06  1.983760E-06  4.176932E-07
 3.331500E+02  8.137647E-02  8.995728E-06  1.467881E-10  1.958945E-10  2.187427E-10  2.649302E-10  2.985592E-01  2.263483E-04  3.860743E-07  5.773185E-01  3.505557E-03  4.647120E-05  4.364648E-06  7.063246E-04  3.827017E-08  1.474913E-07  6.869027E-09  3.651903E-02  4.834355E-06  4.032817E-08  3.393371E-08  7.254543E-04  9.861548E-04  7.966921E-06  1.457564E-06  1.884456E-06  4.007451E-07
 3.341500E+02  8.158829E-02  8.942487E-06  1.435315E-10  1.915915E-10  2.139483E-10  2.591788E-10  2.985801E-01  2.229098E-04  3.664445E-07  5.775907E-01  3.455380E-03  4.418328E-05  4.259839E-06  6.966403E-04  3.667571E-08  1.416590E-07  6.661894E-09  3.610531E-02  4.649648E-06  3.929971E-08  3.304910E-08  7.149786E-04  9.719167E-04  7.573003E-06  1.384646E-06  1.790710E-06  3.845777E-07
 3.351500E+02  8.179678E-02  8.889491E-06  1.403582E-10  1.873976E-10  2.092752E-10  2.535717E-10  2.986005E-01  2.195468E-04  3.479304E-07  5.778583E-01  3.406224E-03  4.202088E-05  4.158204E-06  6.871363E-04  3.515666E-08  1.360903E-07  6.462027E-09  3.569807E-02  4.472988E-06  3.830221E-08  3.219164E-08  7.047216E-04  9.579762E-04  7.200829E-06  1.315805E-06  1.702180E-06  3.691513E-07
 3.361500E+02  8.200200E-02  8.836750E-06  1.372660E-10  1.833099E-10  2.047202E-10  2.481049E-10  2.986206E-01  2.162574E-04  3.304625E-07  5.781213E-01  3.358064E-03  3.997646E-05  4.059631E-06  6.778089E-04  3.370909E-08  1.307721E-07  6.269142E-09  3.529721E-02  4.303984E-06  3.733464E-08  3.136041E-08  6.946775E-04  9.443256E-04  6.849085E-06  1.250790E-06  1.618547E-06  3.544282E-07
 3.371500E+02  8.220399E-02  8.784273E-06  1.342528E-10  1.793257E-10  2.002803E-10  2.427750E-10  2.986402E-01  2.130394E-04  3.139759E-07  5.783798E-01  3.310876E-03  3.804298E-05  3.964012E-06  6.686544E-04  3.232927E-08  1.256918E-07  6.082970E-09  3.490260E-02  4.142272E-06  3.639601E-08  3.055452E-08  6.848410E-04  9.309575E-04  6.516541E-06  1.189369E-06  1.539514E-06  3.403731E-07
 3.381500E+02  8.240282E-02  8.732068E-06  1.313165E-10  1.754421E-10  1.959523E-10  2.375783E-10  2.986594E-01  2.098910E-04  2.984100E-07  5.786339E-01  3.264635E-03  3.621385E-05  3.871243E-06  6.596691E-04  3.101368E-08  1.208377E-07  5.903251E-09  3.451416E-02  3.987500E-06  3.548536E-08  2.977312E-08  6.752068E-04  9.178645E-04  6.202046E-06  1.131322E-06  1.464803E-06  3.269524E-07
 3.391500E+02  8.259853E-02  8.680145E-06  1.284550E-10  1.716566E-10  1.917333E-10  2.325113E-10  2.986783E-01  2.068104E-04  2.837084E-07  5.788837E-01  3.219318E-03  3.448290E-05  3.781224E-06  6.508494E-04  2.975903E-08  1.161984E-07  5.729736E-09  3.413178E-02  3.839341E-06  3.460177E-08  2.901538E-08  6.657697E-04  9.050398E-04  5.904528E-06  1.076448E-06  1.394154E-06  3.141344E-07
 3.401500E+02  8.279118E-02  8.628509E-06  1.256663E-10  1.679665E-10  1.876205E-10  2.275707E-10  2.986967E-01  2.037956E-04  2.698184E-07  5.791293E-01  3.174902E-03  3.284434E-05  3.693861E-06  6.421917E-04  2.856218E-08  1.117635E-07  5.562188E-09  3.375534E-02  3.697479E-06  3.374435E-08  2.828051E-08  6.565247E-04  8.924765E-04  5.622979E-06  1.024554E-06  1.327325E-06  3.018891E-07
 3.411500E+02  8.298082E-02  8.577169E-06  1.229484E-10  1.643693E-10  1.836111E-10  2.227532E-10  2.987148E-01  2.008450E-04  2.566906E-07  5.793707E-01  3.131366E-03  3.129279E-05  3.609061E-06  6.336928E-04  2.742018E-08  1.075228E-07  5.400377E-09  3.338476E-02  3.561619E-06  3.291223E-08  2.756775E-08  6.474670E-04  8.801681E-04  5.356459E-06  9.754633E-07  1.264088E-06  2.901882E-07
 3.421500E+02  8.316751E-02  8.526132E-06  1.202995E-10  1.608625E-10  1.797022E-10  2.180555E-10  2.987325E-01  1.979569E-04  2.442791E-07  5.796081E-01  3.088689E-03  2.982316E-05  3.526736E-06  6.253491E-04  2.633025E-08  1.034671E-07  5.244086E-09  3.301994E-02  3.431479E-06  3.210459E-08  2.687635E-08  6.385918E-04  8.681080E-04  5.104087E-06  9.290096E-07  1.204231E-06  2.790049E-07
 3.431500E+02  8.335128E-02  8.475403E-06  1.177178E-10  1.574437E-10  1.758912E-10  2.134745E-10  2.987498E-01  1.951295E-04  2.325410E-07  5.798416E-01  3.046849E-03  2.843073E-05  3.446801E-06  6.171575E-04  2.528975E-08  9.958712E-08  5.093103E-09  3.266077E-02  3.306790E-06  3.132062E-08  2.620560E-08  6.298948E-04  8.562901E-04  4.865039E-06  8.850370E-07  1.147556E-06  2.683137E-07
 3.441500E+02  8.353220E-02  8.424988E-06  1.152013E-10  1.541107E-10  1.721756E-10  2.090070E-10  2.987668E-01  1.923613E-04  2.214359E-07  5.800711E-01  3.005826E-03  2.711103E-05  3.369175E-06  6.091148E-04  2.429619E-08  9.587455E-08  4.947229E-09  3.230717E-02  3.187299E-06  3.055955E-08  2.555481E-08  6.213713E-04  8.447085E-04  4.638540E-06  8.433997E-07  1.093877E-06  2.580906E-07
 3.451500E+02  8.371032E-02  8.374892E-06  1.127483E-10  1.508610E-10  1.685528E-10  2.046502E-10  2.987835E-01  1.896509E-04  2.109264E-07  5.802968E-01  2.965601E-03  2.585990E-05  3.293780E-06  6.012178E-04  2.334722E-08  9.232129E-08  4.806270E-09  3.195902E-02  3.072766E-06  2.982064E-08  2.492332E-08  6.130171E-04  8.333571E-04  4.423867E-06  8.039613E-07  1.043018E-06  2.483129E-07
 3.461500E+02  8.388567E-02  8.325121E-06  1.103571E-10  1.476925E-10  1.650202E-10  2.004011E-10  2.987998E-01  1.869966E-04  2.009772E-07  5.805188E-01  2.926155E-03  2.467342E-05  3.220539E-06  5.934634E-04  2.244063E-08  8.891972E-08  4.670040E-09  3.161625E-02  2.962962E-06  2.910316E-08  2.431050E-08  6.048281E-04  8.222303E-04  4.220340E-06  7.665941E-07  9.948172E-07  2.389591E-07
 3.471500E+02  8.405831E-02  8.275680E-06  1.080261E-10  1.446030E-10  1.615756E-10  1.962568E-10  2.988158E-01  1.843970E-04  1.915555E-07  5.807371E-01  2.887469E-03  2.354793E-05  3.149380E-06  5.858487E-04  2.157430E-08  8.566260E-08  4.538363E-09  3.127876E-02  2.857668E-06  2.840643E-08  2.371572E-08  5.968002E-04  8.113227E-04  4.027325E-06  7.311782E-07  9.491213E-07  2.300086E-07
 3.481500E+02  8.422829E-02  8.226571E-06  1.057536E-10  1.415904E-10  1.582165E-10  1.922145E-10  2.988315E-01  1.818507E-04  1.826305E-07  5.809519E-01  2.849526E-03  2.247999E-05  3.080235E-06  5.783708E-04  2.074626E-08  8.254310E-08  4.411068E-09  3.094646E-02  2.756680E-06  2.772975E-08  2.313839E-08  5.889295E-04  8.006288E-04  3.844222E-06  6.976015E-07  9.057868E-07  2.214423E-07
 3.491500E+02  8.439565E-02  8.177799E-06  1.035381E-10  1.386525E-10  1.549407E-10  1.882717E-10  2.988469E-01  1.793563E-04  1.741733E-07  5.811631E-01  2.812307E-03  2.146636E-05  3.013035E-06  5.710267E-04  1.995461E-08  7.955470E-08  4.287992E-09  3.061926E-02  2.659800E-06  2.707250E-08  2.257794E-08  5.812121E-04  7.901434E-04  3.670472E-06  6.657587E-07  8.646792E-07  2.132417E-07
 3.501500E+02  8.456043E-02  8.129368E-06  1.013779E-10  1.357875E-10  1.517459E-10  1.844255E-10  2.988620E-01  1.769126E-04  1.661569E-07  5.813708E-01  2.775795E-03  2.050400E-05  2.947716E-06  5.638137E-04  1.919758E-08  7.669127E-08  4.168978E-09  3.029708E-02  2.566844E-06  2.643405E-08  2.203381E-08  5.736443E-04  7.798615E-04  3.505549E-06  6.355512E-07  8.256724E-07  2.053895E-07
 3.511500E+02  8.472269E-02  8.081280E-06  9.927166E-11  1.329934E-10  1.486300E-10  1.806736E-10  2.988768E-01  1.745182E-04  1.585559E-07  5.815752E-01  2.739975E-03  1.959006E-05  2.884217E-06  5.567290E-04  1.847348E-08  7.394694E-08  4.053875E-09  2.997982E-02  2.477632E-06  2.581378E-08  2.150547E-08  5.662225E-04  7.697782E-04  3.348959E-06  6.068865E-07  7.886479E-07  1.978692E-07
 3.521500E+02  8.488246E-02  8.033539E-06  9.721783E-11  1.302683E-10  1.455909E-10  1.770133E-10  2.988913E-01  1.721719E-04  1.513466E-07  5.817763E-01  2.704830E-03  1.872187E-05  2.822476E-06  5.497700E-04  1.778073E-08  7.131619E-08  3.942539E-09  2.966740E-02  2.391998E-06  2.521112E-08  2.099240E-08  5.589433E-04  7.598887E-04  3.200238E-06  5.796776E-07  7.534947E-07  1.906651E-07
 3.531500E+02  8.503978E-02  7.986147E-06  9.521502E-11  1.276102E-10  1.426265E-10  1.734423E-10  2.989055E-01  1.698725E-04  1.445067E-07  5.819740E-01  2.670344E-03  1.789690E-05  2.762438E-06  5.429340E-04  1.711780E-08  6.879376E-08  3.834831E-09  2.935974E-02  2.309782E-06  2.462551E-08  2.049411E-08  5.518032E-04  7.501883E-04  3.058951E-06  5.538430E-07  7.201083E-07  1.837626E-07
 3.541500E+02  8.519471E-02  7.939106E-06  9.326184E-11  1.250175E-10  1.397348E-10  1.699582E-10  2.989195E-01  1.676189E-04  1.380154E-07  5.821686E-01  2.636503E-03  1.711279E-05  2.704046E-06  5.362186E-04  1.648326E-08  6.637464E-08  3.730620E-09  2.905676E-02  2.230830E-06  2.405640E-08  2.001013E-08  5.447988E-04  7.406726E-04  2.924688E-06  5.293062E-07  6.883908E-07  1.771474E-07
 3.551500E+02  8.534728E-02  7.892418E-06  9.135696E-11  1.224883E-10  1.369138E-10  1.665586E-10  2.989332E-01  1.654097E-04  1.318530E-07  5.823601E-01  2.603290E-03  1.636730E-05  2.647247E-06  5.296212E-04  1.587577E-08  6.405411E-08  3.629776E-09  2.875838E-02  2.154998E-06  2.350327E-08  1.953997E-08  5.379271E-04  7.313371E-04  2.797063E-06  5.059952E-07  6.582500E-07  1.708063E-07
 3.561500E+02  8.549752E-02  7.846086E-06  8.949907E-11  1.200210E-10  1.341617E-10  1.632414E-10  2.989466E-01  1.632441E-04  1.260011E-07  5.825485E-01  2.570692E-03  1.565834E-05  2.591989E-06  5.231393E-04  1.529403E-08  6.182765E-08  3.532177E-09  2.846451E-02  2.082148E-06  2.296561E-08  1.908321E-08  5.311848E-04  7.221776E-04  2.675715E-06  4.838423E-07  6.295993E-07  1.647267E-07
 3.571500E+02  8.564550E-02  7.800110E-06  8.768690E-11  1.176140E-10  1.314767E-10  1.600044E-10  2.989598E-01  1.611209E-04  1.204425E-07  5.827339E-01  2.538695E-03  1.498395E-05  2.538224E-06  5.167706E-04  1.473683E-08  5.969100E-08  3.437706E-09  2.817508E-02  2.012149E-06  2.244293E-08  1.863940E-08  5.245690E-04  7.131900E-04  2.560304E-06  4.627841E-07  6.023573E-07  1.588963E-07
 3.581500E+02  8.579123E-02  7.754491E-06  8.591921E-11  1.152655E-10  1.288569E-10  1.568454E-10  2.989728E-01  1.590390E-04  1.151609E-07  5.829163E-01  2.507285E-03  1.434225E-05  2.485903E-06  5.105128E-04  1.420301E-08  5.764009E-08  3.346249E-09  2.789001E-02  1.944877E-06  2.193477E-08  1.820814E-08  5.180766E-04  7.043703E-04  2.450508E-06  4.427608E-07  5.764476E-07  1.533040E-07
 3.591500E+02  8.593476E-02  7.709231E-06  8.419480E-11  1.129740E-10  1.263006E-10  1.537623E-10  2.989855E-01  1.569974E-04  1.101410E-07  5.830959E-01  2.476449E-03  1.373151E-05  2.434981E-06  5.043635E-04  1.369148E-08  5.567106E-08  3.257698E-09  2.760923E-02  1.880212E-06  2.144065E-08  1.778902E-08  5.117048E-04  6.957144E-04  2.346026E-06  4.237161E-07  5.517980E-07  1.479387E-07
 3.601500E+02  8.607614E-02  7.664331E-06  8.251251E-11  1.107381E-10  1.238062E-10  1.507532E-10  2.989979E-01  1.549953E-04  1.053684E-07  5.832725E-01  2.446174E-03  1.315008E-05  2.385413E-06  4.983206E-04  1.320119E-08  5.378024E-08  3.171949E-09  2.733267E-02  1.818042E-06  2.096015E-08  1.738166E-08  5.054508E-04  6.872187E-04  2.246574E-06  4.055974E-07  5.283407E-07  1.427903E-07
 3.611500E+02  8.621539E-02  7.619791E-06  8.087120E-11  1.085561E-10  1.213718E-10  1.478162E-10  2.990102E-01  1.530315E-04  1.008299E-07  5.834464E-01  2.416447E-03  1.259641E-05  2.337157E-06  4.923818E-04  1.273117E-08  5.196415E-08  3.088901E-09  2.706024E-02  1.758258E-06  2.049284E-08  1.698568E-08  4.993118E-04  6.788794E-04  2.151884E-06  3.883546E-07  5.060120E-07  1.378489E-07
 3.621500E+02  8.635255E-02  7.575611E-06  7.926976E-11  1.064268E-10  1.189961E-10  1.449492E-10  2.990222E-01  1.511053E-04  9.651248E-08  5.836176E-01  2.387255E-03  1.206903E-05  2.290171E-06  4.865450E-04  1.228046E-08  5.021946E-08  3.008458E-09  2.679188E-02  1.700758E-06  2.003830E-08  1.660071E-08  4.932853E-04  6.706929E-04  2.061705E-06  3.719411E-07  4.847518E-07  1.331052E-07
 3.631500E+02  8.648766E-02  7.531792E-06  7.770712E-11  1.043486E-10  1.166773E-10  1.421505E-10  2.990340E-01  1.492156E-04  9.240441E-08  5.837861E-01  2.358588E-03  1.156657E-05  2.244416E-06  4.808082E-04  1.184820E-08  4.854302E-08  2.930527E-09  2.652752E-02  1.645445E-06  1.959615E-08  1.622642E-08  4.873686E-04  6.626557E-04  1.975799E-06  3.563127E-07  4.645035E-07  1.285503E-07
 3.641500E+02  8.662076E-02  7.488333E-06  7.618225E-11  1.023202E-10  1.144140E-10  1.394182E-10  2.990456E-01  1.473617E-04  8.849439E-08  5.839519E-01  2.330432E-03  1.108772E-05  2.199853E-06  4.751693E-04  1.143352E-08  4.693183E-08  2.855020E-09  2.626710E-02  1.592224E-06  1.916599E-08  1.586247E-08  4.815593E-04  6.547644E-04  1.893942E-06  3.414278E-07  4.452137E-07  1.241758E-07
 3.651500E+02  8.675188E-02  7.445235E-06  7.469411E-11  1.003403E-10  1.122047E-10  1.367506E-10  2.990569E-01  1.455426E-04  8.477185E-08  5.841152E-01  2.302778E-03  1.063127E-05  2.156446E-06  4.696263E-04  1.103563E-08  4.538303E-08  2.781851E-09  2.601053E-02  1.541007E-06  1.874745E-08  1.550852E-08  4.758549E-04  6.470157E-04  1.815923E-06  3.272473E-07  4.268322E-07  1.199738E-07
 3.661500E+02  8.688105E-02  7.402497E-06  7.324174E-11  9.840765E-11  1.100480E-10  1.341460E-10  2.990681E-01  1.437576E-04  8.122684E-08  5.842759E-01  2.275614E-03  1.019604E-05  2.114158E-06  4.641773E-04  1.065378E-08  4.389391E-08  2.710939E-09  2.575776E-02  1.491709E-06  1.834019E-08  1.516428E-08  4.702531E-04  6.394063E-04  1.741543E-06  3.137343E-07  4.093115E-07  1.159367E-07
 3.671500E+02  8.700831E-02  7.360119E-06  7.182416E-11  9.652090E-11  1.079425E-10  1.316027E-10  2.990791E-01  1.420058E-04  7.784997E-08  5.844342E-01  2.248928E-03  9.780965E-06  2.072957E-06  4.588204E-04  1.028722E-08  4.246187E-08  2.642203E-09  2.550872E-02  1.444250E-06  1.794384E-08  1.482942E-08  4.647515E-04  6.319332E-04  1.670613E-06  3.008539E-07  3.926071E-07  1.120570E-07
 3.681500E+02  8.713369E-02  7.318101E-06  7.044046E-11  9.467887E-11  1.058868E-10  1.291192E-10  2.990898E-01  1.402865E-04  7.463241E-08  5.845900E-01  2.222711E-03  9.384998E-06  2.032808E-06  4.535537E-04  9.935288E-09  4.108444E-08  2.575569E-09  2.526334E-02  1.398552E-06  1.755808E-08  1.450367E-08  4.593478E-04  6.245932E-04  1.602958E-06  2.885734E-07  3.766767E-07  1.083281E-07
 3.691500E+02  8.725722E-02  7.276440E-06  6.908972E-11  9.288038E-11  1.038796E-10  1.266938E-10  2.991004E-01  1.385989E-04  7.156582E-08  5.847434E-01  2.196953E-03  9.007170E-06  1.993679E-06  4.483753E-04  9.597317E-09  3.975929E-08  2.510962E-09  2.502157E-02  1.354542E-06  1.718259E-08  1.418674E-08  4.540400E-04  6.173833E-04  1.538409E-06  2.768618E-07  3.614806E-07  1.047433E-07
 3.701500E+02  8.737894E-02  7.235138E-06  6.777106E-11  9.112427E-11  1.019196E-10  1.243251E-10  2.991108E-01  1.369423E-04  6.864234E-08  5.848944E-01  2.171643E-03  8.646562E-06  1.955540E-06  4.432836E-04  9.272687E-09  3.848418E-08  2.448313E-09  2.478334E-02  1.312150E-06  1.681704E-08  1.387836E-08  4.488258E-04  6.103008E-04  1.476808E-06  2.656898E-07  3.469812E-07  1.012963E-07
 3.711500E+02  8.749888E-02  7.194191E-06  6.648363E-11  8.940943E-11  1.000056E-10  1.220115E-10  2.991210E-01  1.353160E-04  6.585456E-08  5.850432E-01  2.146771E-03  8.302305E-06  1.918361E-06  4.382768E-04  8.960809E-09  3.725697E-08  2.387555E-09  2.454859E-02  1.271309E-06  1.646115E-08  1.357826E-08  4.437033E-04  6.033427E-04  1.418007E-06  2.550299E-07  3.331431E-07  9.798129E-08
 3.721500E+02  8.761706E-02  7.153601E-06  6.522661E-11  8.773476E-11  9.813633E-11  1.197516E-10  2.991311E-01  1.337192E-04  6.319550E-08  5.851896E-01  2.122329E-03  7.973578E-06  1.882113E-06  4.333532E-04  8.661120E-09  3.607564E-08  2.328622E-09  2.431726E-02  1.231955E-06  1.611461E-08  1.328618E-08  4.386703E-04  5.965064E-04  1.361863E-06  2.448561E-07  3.199328E-07  9.479248E-08
 3.731500E+02  8.773352E-02  7.113364E-06  6.399917E-11  8.609921E-11  9.631067E-11  1.175440E-10  2.991409E-01  1.321512E-04  6.065855E-08  5.853339E-01  2.098307E-03  7.659607E-06  1.846768E-06  4.285111E-04  8.373085E-09  3.493824E-08  2.271452E-09  2.408929E-02  1.194027E-06  1.577715E-08  1.300190E-08  4.337249E-04  5.897891E-04  1.308245E-06  2.351437E-07  3.073186E-07  9.172452E-08
