#         T/K            c1          c2-1          c3-4          c3-5          c3-7          c3-9            m1          m2-1          m3-1            w1            w2          w3-1          w3-2          c1m1        c1m2-1        c1m2-7        c2m1-1        c1w1-2        c1w2-1        c2w1-1        c2w1-9        m1w1-1        m1w1-4        m1w2-1        m2w1-1        m2w1-3      c1m1w1-1
 2.731500E+02  4.354368E-02  5.909066E-06  2.123096E-10  2.786615E-10  3.100330E-10  3.696758E-10  8.408590E-01  5.600213E-03  4.025736E-04  9.380073E-02  2.843425E-04  8.766819E-06  1.230078E-07  3.607757E-03  4.567347E-06  1.498691E-05  7.895393E-08  9.277145E-03  1.545655E-06  1.931917E-08  1.696428E-08  1.003513E-03  1.366051E-03  2.590338E-05  8.407680E-05  1.064844E-04  2.549689E-06
 2.741500E+02  4.367041E-02  5.837390E-06  2.041600E-10  2.680557E-10  2.982555E-10  3.557448E-10  8.410964E-01  5.470138E-03  3.720433E-04  9.392450E-02  2.784464E-04  8.140689E-06  1.186614E-07  3.526783E-03  4.274629E-06  1.407184E-05  7.509910E-08  9.105784E-03  1.456312E-06  1.851772E-08  1.624649E-08  9.819398E-04  1.336600E-03  2.402774E-05  7.785982E-05  9.864977E-05  2.392925E-06
 2.751500E+02  4.379402E-02  5.766614E-06  1.963577E-10  2.578982E-10  2.869749E-10  3.423970E-10  8.413247E-01  5.344043E-03  3.440321E-04  9.404492E-02  2.727042E-04  7.562930E-06  1.144938E-07  3.448073E-03  4.002517E-06  1.321844E-05  7.145406E-08  8.938310E-03  1.372636E-06  1.775350E-08  1.556267E-08  9.609688E-04  1.307974E-03  2.229941E-05  7.214238E-05  9.144188E-05  2.246735E-06
 2.761500E+02  4.391461E-02  5.696741E-06  1.888872E-10  2.481691E-10  2.761692E-10  3.296068E-10  8.415442E-01  5.221784E-03  3.183167E-04  9.416212E-02  2.671117E-04  7.029553E-06  1.104970E-07  3.371557E-03  3.749443E-06  1.242221E-05  6.800645E-08  8.774637E-03  1.294239E-06  1.702467E-08  1.491109E-08  9.405802E-04  1.280147E-03  2.070599E-05  6.688142E-05  8.480690E-05  2.110350E-06
 2.771500E+02  4.403225E-02  5.627774E-06  1.817335E-10  2.388493E-10  2.658173E-10  3.173497E-10  8.417555E-01  5.103222E-03  2.946947E-04  9.427621E-02  2.616645E-04  6.536912E-06  1.066633E-07  3.297168E-03  3.513969E-06  1.167899E-05  6.474469E-08  8.614679E-03  1.220764E-06  1.632946E-08  1.429012E-08  9.207557E-04  1.253094E-03  1.923621E-05  6.203780E-05  7.869592E-05  1.983060E-06
 2.781500E+02  4.414702E-02  5.559716E-06  1.748825E-10  2.299207E-10  2.558990E-10  3.056023E-10  8.419590E-01  4.988227E-03  2.729828E-04  9.438728E-02  2.563585E-04  6.081682E-06  1.029852E-07  3.224841E-03  3.294771E-06  1.098495E-05  6.165792E-08  8.458350E-03  1.151877E-06  1.566621E-08  1.369820E-08  9.014772E-04  1.226789E-03  1.787977E-05  5.757594E-05  7.306445E-05  1.864212E-06
 2.791500E+02  4.425899E-02  5.492566E-06  1.683206E-10  2.213659E-10  2.463953E-10  2.943423E-10  8.421551E-01  4.876669E-03  2.530147E-04  9.449545E-02  2.511895E-04  5.660821E-06  9.945586E-08  3.154511E-03  3.090631E-06  1.033657E-05  5.873594E-08  8.305569E-03  1.087269E-06  1.503332E-08  1.313388E-08  8.827273E-04  1.201208E-03  1.662729E-05  5.346351E-05  6.787203E-05  1.753201E-06
 2.801500E+02  4.436823E-02  5.426325E-06  1.620349E-10  2.131683E-10  2.372878E-10  2.835481E-10  8.423441E-01  4.768429E-03  2.346396E-04  9.460080E-02  2.461537E-04  5.271554E-06  9.606853E-08  3.086118E-03  2.900429E-06  9.730579E-06  5.596919E-08  8.156253E-03  1.026655E-06  1.442930E-08  1.259576E-08  8.644892E-04  1.176329E-03  1.547024E-05  4.967108E-05  6.308185E-05  1.649468E-06
 2.811500E+02  4.447482E-02  5.360991E-06  1.560130E-10  2.053121E-10  2.285588E-10  2.731993E-10  8.425265E-01  4.663387E-03  2.177206E-04  9.470343E-02  2.412473E-04  4.911339E-06  9.281688E-08  3.019602E-03  2.723136E-06  9.163969E-06  5.334871E-08  8.010321E-03  9.697669E-07  1.385273E-08  1.208253E-08  8.467468E-04  1.152128E-03  1.440079E-05  4.617187E-05  5.866037E-05  1.552498E-06
 2.821500E+02  4.457883E-02  5.296562E-06  1.502431E-10  1.977821E-10  2.201916E-10  2.632764E-10  8.427025E-01  4.561432E-03  2.021335E-04  9.480343E-02  2.364664E-04  4.577854E-06  8.969485E-08  2.954904E-03  2.557801E-06  8.633956E-06  5.086607E-08  7.867693E-03  9.163579E-07  1.330224E-08  1.159294E-08  8.294843E-04  1.128586E-03  1.341183E-05  4.294148E-05  5.457704E-05  1.461813E-06
 2.831500E+02  4.468032E-02  5.233035E-06  1.447140E-10  1.905639E-10  2.121703E-10  2.537606E-10  8.428724E-01  4.462456E-03  1.877651E-04  9.490088E-02  2.318075E-04  4.268972E-06  8.669670E-08  2.891970E-03  2.403551E-06  8.137970E-06  4.851338E-08  7.728293E-03  8.661978E-07  1.277657E-08  1.112581E-08  8.126866E-04  1.105679E-03  1.249684E-05  3.995767E-05  5.080400E-05  1.376974E-06
 2.841500E+02  4.477937E-02  5.170406E-06  1.394150E-10  1.836436E-10  2.044796E-10  2.446342E-10  8.430366E-01  4.366354E-03  1.745127E-04  9.499586E-02  2.272671E-04  3.982746E-06  8.381693E-08  2.830745E-03  2.259578E-06  7.673632E-06  4.628322E-08  7.592042E-03  8.190729E-07  1.227449E-08  1.068001E-08  7.963391E-04  1.083389E-03  1.164988E-05  3.720017E-05  4.731585E-05  1.297571E-06
 2.851500E+02  4.487604E-02  5.108671E-06  1.343356E-10  1.770082E-10  1.971048E-10  2.358800E-10  8.431953E-01  4.273027E-03  1.622829E-04  9.508844E-02  2.228417E-04  3.717393E-06  8.105033E-08  2.771176E-03  2.125140E-06  7.238743E-06  4.416862E-08  7.458867E-03  7.747842E-07  1.179486E-08  1.025450E-08  7.804277E-04  1.061696E-03  1.086550E-05  3.465049E-05  4.408939E-05  1.223227E-06
 2.861500E+02  4.497038E-02  5.047825E-06  1.294663E-10  1.706450E-10  1.900320E-10  2.274818E-10  8.433487E-01  4.182378E-03  1.509904E-04  9.517871E-02  2.185280E-04  3.471279E-06  7.839191E-08  2.713213E-03  1.999551E-06  6.831269E-06  4.216303E-08  7.328694E-03  7.331469E-07  1.133658E-08  9.848262E-09  7.649386E-04  1.040581E-03  1.013873E-05  3.229174E-05  4.110346E-05  1.153593E-06
 2.871500E+02  4.506247E-02  4.987862E-06  1.247976E-10  1.645419E-10  1.832480E-10  2.194240E-10  8.434971E-01  4.094316E-03  1.405577E-04  9.526673E-02  2.143229E-04  3.242906E-06  7.583694E-08  2.656806E-03  1.882178E-06  6.449324E-06  4.026032E-08  7.201450E-03  6.939889E-07  1.089861E-08  9.460345E-09  7.498588E-04  1.020026E-03  9.465016E-06  3.010851E-05  3.833871E-05  1.088345E-06
 2.881500E+02  4.515236E-02  4.928775E-06  1.203205E-10  1.586876E-10  1.767400E-10  2.116917E-10  8.436407E-01  4.008753E-03  1.309141E-04  9.535258E-02  2.102231E-04  3.030900E-06  7.338089E-08  2.601909E-03  1.772437E-06  6.091164E-06  3.845470E-08  7.077064E-03  6.571500E-07  1.047998E-08  9.089848E-09  7.351755E-04  1.000014E-03  8.840185E-06  2.808670E-05  3.577746E-05  1.027183E-06
 2.891500E+02  4.524011E-02  4.870558E-06  1.160268E-10  1.530711E-10  1.704959E-10  2.042707E-10  8.437797E-01  3.925601E-03  1.219951E-04  9.543631E-02  2.062257E-04  2.833999E-06  7.101947E-08  2.548475E-03  1.669787E-06  5.755172E-06  3.674075E-08  6.955468E-03  6.224812E-07  1.007974E-08  8.735916E-09  7.208764E-04  9.805273E-04  8.260415E-06  2.621344E-05  3.340353E-05  9.698293E-07
 2.901500E+02  4.532578E-02  4.813204E-06  1.119081E-10  1.476819E-10  1.645041E-10  1.971476E-10  8.439143E-01  3.844781E-03  1.137418E-04  9.551799E-02  2.023278E-04  2.651047E-06  6.874858E-08  2.496459E-03  1.573732E-06  5.439851E-06  3.511336E-08  6.836593E-03  5.898436E-07  9.697011E-09  8.397738E-09  7.069497E-04  9.615497E-04  7.722204E-06  2.447694E-05  3.120214E-05  9.160261E-07
 2.911500E+02  4.540943E-02  4.756704E-06  1.079567E-10  1.425101E-10  1.587535E-10  1.903092E-10  8.440447E-01  3.766214E-03  1.061006E-04  9.559769E-02  1.985264E-04  2.480980E-06  6.656431E-08  2.445819E-03  1.483808E-06  5.143810E-06  3.356774E-08  6.720375E-03  5.591078E-07  9.330956E-09  8.074545E-09  6.933838E-04  9.430657E-04  7.222340E-06  2.286641E-05  2.915972E-05  8.655345E-07
 2.921500E+02  4.549110E-02  4.701051E-06  1.041654E-10  1.375461E-10  1.532337E-10  1.837434E-10  8.441711E-01  3.689823E-03  9.902238E-05  9.567546E-02  1.948189E-04  2.322822E-06  6.446293E-08  2.396512E-03  1.399591E-06  4.865762E-06  3.209937E-08  6.606746E-03  5.301533E-07  8.980775E-09  7.765609E-09  6.801676E-04  9.250599E-04  6.757875E-06  2.137200E-05  2.726388E-05  8.181326E-07
 2.931500E+02  4.557085E-02  4.646237E-06  1.005270E-10  1.327809E-10  1.479346E-10  1.774382E-10  8.442937E-01  3.615536E-03  9.246220E-05  9.575135E-02  1.912025E-04  2.175675E-06  6.244090E-08  2.348499E-03  1.320684E-06  4.604509E-06  3.070401E-08  6.495645E-03  5.028678E-07  8.645712E-09  7.470239E-09  6.672906E-04  9.075178E-04  6.326104E-06  1.998464E-05  2.550324E-05  7.736147E-07
 2.941500E+02  4.564873E-02  4.592252E-06  9.703477E-11  1.282058E-10  1.428465E-10  1.713824E-10  8.444125E-01  3.543283E-03  8.637906E-05  9.582543E-02  1.876747E-04  2.038712E-06  6.049483E-08  2.301740E-03  1.246724E-06  4.358943E-06  2.937767E-08  6.387010E-03  4.771465E-07  8.325048E-09  7.187779E-09  6.547424E-04  8.904249E-04  5.924542E-06  1.869605E-05  2.386736E-05  7.317897E-07
 2.951500E+02  4.572479E-02  4.539088E-06  9.368237E-11  1.238125E-10  1.379603E-10  1.655652E-10  8.445278E-01  3.472996E-03  8.073539E-05  9.589775E-02  1.842330E-04  1.911175E-06  5.862150E-08  2.256197E-03  1.177372E-06  4.128031E-06  2.811658E-08  6.280779E-03  4.528917E-07  8.018102E-09  6.917608E-09  6.425129E-04  8.737678E-04  5.550907E-06  1.749861E-05  2.234668E-05  6.924801E-07
 2.961500E+02  4.579908E-02  4.486735E-06  9.046366E-11  1.195931E-10  1.332672E-10  1.599764E-10  8.446397E-01  3.404612E-03  7.549682E-05  9.596835E-02  1.808748E-04  1.792363E-06  5.681782E-08  2.211835E-03  1.112314E-06  3.910816E-06  2.691720E-08  6.176894E-03  4.300122E-07  7.724226E-09  6.659137E-09  6.305925E-04  8.575331E-04  5.203101E-06  1.638537E-05  2.093242E-05  6.555210E-07
 2.971500E+02  4.587165E-02  4.435184E-06  8.737279E-11  1.155401E-10  1.287589E-10  1.546061E-10  8.447483E-01  3.338067E-03  7.063183E-05  9.603728E-02  1.775979E-04  1.681634E-06  5.508086E-08  2.168617E-03  1.051261E-06  3.706408E-06  2.577622E-08  6.075298E-03  4.084230E-07  7.442806E-09  6.411807E-09  6.189720E-04  8.417080E-04  4.879193E-06  1.534989E-05  1.961652E-05  6.207590E-07
 2.981500E+02  4.594254E-02  4.384426E-06  8.440421E-11  1.116463E-10  1.244273E-10  1.494450E-10  8.448538E-01  3.273302E-03  6.611155E-05  9.610460E-02  1.744000E-04  1.578393E-06  5.340784E-08  2.126509E-03  9.939429E-07  3.513978E-06  2.469049E-08  5.975933E-03  3.880446E-07  7.173258E-09  6.175087E-09  6.076423E-04  8.262802E-04  4.577409E-06  1.438631E-05  1.839156E-05  5.880516E-07
 2.991500E+02  4.601180E-02  4.334450E-06  8.155261E-11  1.079049E-10  1.202650E-10  1.444842E-10  8.449562E-01  3.210259E-03  6.190951E-05  9.617035E-02  1.712787E-04  1.482095E-06  5.179606E-08  2.085479E-03  9.401101E-07  3.332756E-06  2.365704E-08  5.878745E-03  3.688029E-07  6.915028E-09  5.948473E-09  5.965947E-04  8.112378E-04  4.296113E-06  1.348922E-05  1.725074E-05  5.572663E-07
 3.001500E+02  4.607946E-02  4.285246E-06  7.881291E-11  1.043092E-10  1.162646E-10  1.397150E-10  8.450557E-01  3.148882E-03  5.800140E-05  9.623457E-02  1.682321E-04  1.392235E-06  5.024299E-08  2.045494E-03  8.895308E-07  3.162027E-06  2.267311E-08  5.783680E-03  3.506286E-07  6.667589E-09  5.731489E-09  5.858209E-04  7.965691E-04  4.033802E-06  1.265365E-05  1.618779E-05  5.282796E-07
 3.011500E+02  4.614558E-02  4.236805E-06  7.618028E-11  1.008531E-10  1.124192E-10  1.351294E-10  8.451524E-01  3.089118E-03  5.436491E-05  9.629731E-02  1.652579E-04  1.308348E-06  4.874619E-08  2.006523E-03  8.419902E-07  3.001123E-06  2.173607E-08  5.690686E-03  3.334569E-07  6.430441E-09  5.523681E-09  5.753126E-04  7.822632E-04  3.789087E-06  1.187501E-05  1.519694E-05  5.009767E-07
 3.021500E+02  4.621019E-02  4.189117E-06  7.365011E-11  9.753048E-11  1.087221E-10  1.307196E-10  8.452464E-01  3.030916E-03  5.097957E-05  9.635861E-02  1.623542E-04  1.230005E-06  4.730335E-08  1.968536E-03  7.972883E-07  2.849422E-06  2.084344E-08  5.599712E-03  3.172274E-07  6.203110E-09  5.324618E-09  5.650621E-04  7.683092E-04  3.560691E-06  1.114912E-05  1.427289E-05  4.752506E-07
 3.031500E+02  4.627333E-02  4.142170E-06  7.121799E-11  9.433575E-11  1.051671E-10  1.264780E-10  8.453378E-01  2.974225E-03  4.782653E-05  9.641850E-02  1.595190E-04  1.156810E-06  4.591225E-08  1.931504E-03  7.552396E-07  2.706347E-06  1.999288E-08  5.510708E-03  3.018834E-07  5.985143E-09  5.133892E-09  5.550617E-04  7.546967E-04  3.347435E-06  1.047208E-05  1.341075E-05  4.510017E-07
 3.041500E+02  4.633504E-02  4.095955E-06  6.887973E-11  9.126343E-11  1.017481E-10  1.223977E-10  8.454267E-01  2.918999E-03  4.488849E-05  9.647703E-02  1.567504E-04  1.088397E-06  4.457076E-08  1.895400E-03  7.156716E-07  2.571358E-06  1.918221E-08  5.423625E-03  2.873720E-07  5.776111E-09  4.951115E-09  5.453042E-04  7.414156E-04  3.148232E-06  9.840343E-06  1.260602E-05  4.281371E-07
 3.051500E+02  4.639536E-02  4.050462E-06  6.663132E-11  8.830834E-11  9.845938E-11  1.184717E-10  8.455132E-01  2.865190E-03  4.214953E-05  9.653423E-02  1.540466E-04  1.024428E-06  4.327688E-08  1.860195E-03  6.784239E-07  2.443952E-06  1.840935E-08  5.338417E-03  2.736437E-07  5.575607E-09  4.775917E-09  5.357824E-04  7.284563E-04  2.962077E-06  9.250605E-06  1.185455E-05  4.065704E-07
 3.061500E+02  4.645432E-02  4.005680E-06  6.446893E-11  8.546552E-11  9.529539E-11  1.146937E-10  8.455973E-01  2.812755E-03  3.959497E-05  9.659014E-02  1.514057E-04  9.645911E-07  4.202868E-08  1.825864E-03  6.433473E-07  2.323661E-06  1.767233E-08  5.255037E-03  2.606522E-07  5.383242E-09  4.607950E-09  5.264895E-04  7.158094E-04  2.788045E-06  8.699840E-06  1.115251E-05  3.862207E-07
 3.071500E+02  4.651197E-02  3.961599E-06  6.238890E-11  8.273023E-11  9.225089E-11  1.110575E-10  8.456792E-01  2.761651E-03  3.721133E-05  9.664479E-02  1.488261E-04  9.085968E-07  4.082430E-08  1.792380E-03  6.103031E-07  2.210046E-06  1.696931E-08  5.173439E-03  2.483541E-07  5.198649E-09  4.446881E-09  5.174188E-04  7.034657E-04  2.625278E-06  8.185248E-06  1.049637E-05  3.670128E-07
 3.081500E+02  4.656832E-02  3.918208E-06  6.038776E-11  8.009796E-11  8.932088E-11  1.075571E-10  8.457589E-01  2.711836E-03  3.498617E-05  9.669823E-02  1.463060E-04  8.561780E-07  3.966199E-08  1.759720E-03  5.791621E-07  2.102700E-06  1.629855E-08  5.093582E-03  2.367088E-07  5.021476E-09  4.292393E-09  5.085640E-04  6.914165E-04  2.472985E-06  7.704250E-06  9.882860E-06  3.488765E-07
 3.091500E+02  4.662343E-02  3.875497E-06  5.846218E-11  7.756438E-11  8.650056E-11  1.041869E-10  8.458365E-01  2.663272E-03  3.290803E-05  9.675048E-02  1.438439E-04  8.070874E-07  3.854007E-08  1.727860E-03  5.498038E-07  2.001241E-06  1.565840E-08  5.015420E-03  2.256782E-07  4.851390E-09  4.144186E-09  4.999188E-04  6.796533E-04  2.330435E-06  7.254461E-06  9.308972E-06  3.317461E-07
 3.101500E+02  4.667732E-02  3.833456E-06  5.660897E-11  7.512538E-11  8.378536E-11  1.009415E-10  8.459120E-01  2.615918E-03  3.096634E-05  9.680157E-02  1.414381E-04  7.610958E-07  3.745693E-08  1.696776E-03  5.221163E-07  1.905314E-06  1.504731E-08  4.938914E-03  2.152267E-07  4.688073E-09  4.001975E-09  4.914773E-04  6.681680E-04  2.196950E-06  6.833679E-06  8.771922E-06  3.155604E-07
 3.111500E+02  4.673002E-02  3.792075E-06  5.482510E-11  7.277701E-11  8.117091E-11  9.781579E-11  8.459857E-01  2.569740E-03  2.915134E-05  9.685153E-02  1.390871E-04  7.179911E-07  3.641103E-08  1.666447E-03  4.959950E-07  1.814585E-06  1.446380E-08  4.864022E-03  2.053208E-07  4.531226E-09  3.865489E-09  4.832337E-04  6.569524E-04  2.071906E-06  6.439871E-06  8.269137E-06  3.002622E-07
 3.121500E+02  4.678156E-02  3.751343E-06  5.310768E-11  7.051552E-11  7.865303E-11  9.480476E-11  8.460574E-01  2.524700E-03  2.745404E-05  9.690040E-02  1.367894E-04  6.775769E-07  3.540090E-08  1.636849E-03  4.713426E-07  1.728744E-06  1.390648E-08  4.790705E-03  1.959292E-07  4.380559E-09  3.734469E-09  4.751823E-04  6.459991E-04  1.954720E-06  6.071154E-06  7.798238E-06  2.857980E-07
 3.131500E+02  4.683198E-02  3.711250E-06  5.145395E-11  6.833731E-11  7.622774E-11  9.190373E-11  8.461272E-01  2.480765E-03  2.586612E-05  9.694820E-02  1.345437E-04  6.396708E-07  3.442514E-08  1.607964E-03  4.480682E-07  1.647500E-06  1.337405E-08  4.718924E-03  1.870226E-07  4.235800E-09  3.608670E-09  4.673177E-04  6.353005E-04  1.844858E-06  5.725789E-06  7.357022E-06  2.721178E-07
 3.141500E+02  4.688130E-02  3.671786E-06  4.986125E-11  6.623896E-11  7.389123E-11  8.910821E-11  8.461954E-01  2.437901E-03  2.437990E-05  9.699497E-02  1.323484E-04  6.041040E-07  3.348241E-08  1.579769E-03  4.260871E-07  1.570580E-06  1.286526E-08  4.648642E-03  1.785733E-07  4.096688E-09  3.487860E-09  4.596347E-04  6.248495E-04  1.741820E-06  5.402165E-06  6.943451E-06  2.591749E-07
 3.151500E+02  4.692955E-02  3.632942E-06  4.832707E-11  6.421717E-11  7.163984E-11  8.641390E-11  8.462618E-01  2.396077E-03  2.298829E-05  9.704072E-02  1.302023E-04  5.707196E-07  3.257141E-08  1.552247E-03  4.053202E-07  1.497732E-06  1.237895E-08  4.579822E-03  1.705555E-07  3.962977E-09  3.371815E-09  4.521282E-04  6.146390E-04  1.645146E-06  5.098792E-06  6.555638E-06  2.469256E-07
 3.161500E+02  4.697675E-02  3.594706E-06  4.684899E-11  6.226883E-11  6.947012E-11  8.381669E-11  8.463265E-01  2.355261E-03  2.168471E-05  9.708549E-02  1.281040E-04  5.393723E-07  3.169092E-08  1.525376E-03  3.856936E-07  1.428715E-06  1.191399E-08  4.512430E-03  1.629449E-07  3.834430E-09  3.260325E-09  4.447932E-04  6.046625E-04  1.554409E-06  4.814290E-06  6.191834E-06  2.353289E-07
 3.171500E+02  4.702294E-02  3.557070E-06  4.542472E-11  6.039092E-11  6.737872E-11  8.131264E-11  8.463896E-01  2.315423E-03  2.046309E-05  9.712930E-02  1.260523E-04  5.099269E-07  3.083976E-08  1.499141E-03  3.671384E-07  1.363308E-06  1.146935E-08  4.446429E-03  1.557187E-07  3.710823E-09  3.153189E-09  4.376250E-04  5.949132E-04  1.469210E-06  4.547378E-06  5.850418E-06  2.243466E-07
 3.181500E+02  4.706814E-02  3.520023E-06  4.405205E-11  5.858059E-11  6.536247E-11  7.889799E-11  8.464512E-01  2.276536E-03  1.931782E-05  9.717217E-02  1.240459E-04  4.822580E-07  3.001680E-08  1.473521E-03  3.495901E-07  1.301302E-06  1.104402E-08  4.381787E-03  1.488554E-07  3.591942E-09  3.050215E-09  4.306190E-04  5.853851E-04  1.389183E-06  4.296872E-06  5.529889E-06  2.139428E-07
 3.191500E+02  4.711238E-02  3.483556E-06  4.272888E-11  5.683511E-11  6.341834E-11  7.656916E-11  8.465113E-01  2.238570E-03  1.824368E-05  9.721414E-02  1.220836E-04  4.562490E-07  2.922098E-08  1.448501E-03  3.329885E-07  1.242500E-06  1.063707E-08  4.318470E-03  1.423351E-07  3.477583E-09  2.951222E-09  4.237708E-04  5.760719E-04  1.313985E-06  4.061672E-06  5.228851E-06  2.040839E-07
 3.201500E+02  4.715567E-02  3.447659E-06  4.145320E-11  5.515186E-11  6.154341E-11  7.432271E-11  8.465699E-01  2.201500E-03  1.723585E-05  9.725521E-02  1.201643E-04  4.317917E-07  2.845124E-08  1.424063E-03  3.172772E-07  1.186719E-06  1.024761E-08  4.256447E-03  1.361386E-07  3.367552E-09  2.856035E-09  4.170759E-04  5.669677E-04  1.243299E-06  3.840757E-06  4.946010E-06  1.947384E-07
 3.211500E+02  4.719805E-02  3.412324E-06  4.022309E-11  5.352833E-11  5.973491E-11  7.215535E-11  8.466271E-01  2.165298E-03  1.628987E-05  9.729543E-02  1.182868E-04  4.087853E-07  2.770661E-08  1.400191E-03  3.024035E-07  1.133787E-06  9.874797E-09  4.195686E-03  1.302483E-07  3.261664E-09  2.764490E-09  4.105302E-04  5.580668E-04  1.176829E-06  3.633181E-06  4.680167E-06  1.858769E-07
 3.221500E+02  4.723954E-02  3.377539E-06  3.903671E-11  5.196213E-11  5.799019E-11  7.006394E-11  8.466829E-01  2.129941E-03  1.540157E-05  9.733480E-02  1.164500E-04  3.871361E-07  2.698615E-08  1.376870E-03  2.883183E-07  1.083543E-06  9.517828E-09  4.136157E-03  1.246475E-07  3.159744E-09  2.676430E-09  4.041298E-04  5.493637E-04  1.114302E-06  3.438065E-06  4.430205E-06  1.774716E-07
 3.231500E+02  4.728016E-02  3.343297E-06  3.789231E-11  5.045098E-11  5.630670E-11  6.804546E-11  8.467374E-01  2.095404E-03  1.456713E-05  9.737335E-02  1.146529E-04  3.667570E-07  2.628893E-08  1.354084E-03  2.749752E-07  1.035836E-06  9.175950E-09  4.077831E-03  1.193203E-07  3.061621E-09  2.591705E-09  3.978705E-04  5.408531E-04  1.055461E-06  3.254591E-06  4.195087E-06  1.694967E-07
 3.241500E+02  4.731992E-02  3.309588E-06  3.678820E-11  4.899269E-11  5.468200E-11  6.609705E-11  8.467906E-01  2.061663E-03  1.378298E-05  9.741110E-02  1.128945E-04  3.475667E-07  2.561410E-08  1.331819E-03  2.623311E-07  9.905231E-07  8.848444E-09  4.020678E-03  1.142521E-07  2.967138E-09  2.510172E-09  3.917487E-04  5.325296E-04  1.000071E-06  3.082001E-06  3.973851E-06  1.619278E-07
 3.251500E+02  4.735886E-02  3.276403E-06  3.572279E-11  4.758517E-11  5.311379E-11  6.421594E-11  8.468425E-01  2.028696E-03  1.304579E-05  9.744808E-02  1.111737E-04  3.294897E-07  2.496082E-08  1.310061E-03  2.503455E-07  9.474711E-07  8.534633E-09  3.964671E-03  1.094288E-07  2.876140E-09  2.431694E-09  3.857606E-04  5.243883E-04  9.479103E-07  2.919590E-06  3.765600E-06  1.547420E-07
 3.261500E+02  4.739699E-02  3.243734E-06  3.469453E-11  4.622641E-11  5.159983E-11  6.239950E-11  8.468933E-01  1.996480E-03  1.235249E-05  9.748429E-02  1.094895E-04  3.124556E-07  2.432829E-08  1.288794E-03  2.389806E-07  9.065548E-07  8.233871E-09  3.909782E-03  1.048374E-07  2.788482E-09  2.356143E-09  3.799027E-04  5.164243E-04  8.987730E-07  2.766701E-06  3.569501E-06  1.479179E-07
 3.271500E+02  4.743434E-02  3.211571E-06  3.370197E-11  4.491450E-11  5.013799E-11  6.064521E-11  8.469428E-01  1.964996E-03  1.170023E-05  9.751976E-02  1.078411E-04  2.963988E-07  2.371575E-08  1.268007E-03  2.282007E-07  8.676565E-07  7.945548E-09  3.855985E-03  1.004655E-07  2.704024E-09  2.283395E-09  3.741715E-04  5.086328E-04  8.524679E-07  2.622724E-06  3.384777E-06  1.414354E-07
 3.281500E+02  4.747091E-02  3.179905E-06  3.274368E-11  4.364761E-11  4.872624E-11  5.895066E-11  8.469912E-01  1.934221E-03  1.108634E-05  9.755451E-02  1.062275E-04  2.812581E-07  2.312247E-08  1.247686E-03  2.179725E-07  8.306655E-07  7.669085E-09  3.803253E-03  9.630147E-08  2.622635E-09  2.213331E-09  3.685636E-04  5.010093E-04  8.088167E-07  2.487090E-06  3.210708E-06  1.352755E-07
 3.291500E+02  4.750674E-02  3.148729E-06  3.181834E-11  4.242397E-11  4.736263E-11  5.731353E-11  8.470386E-01  1.904138E-03  1.050835E-05  9.758855E-02  1.046478E-04  2.669766E-07  2.254774E-08  1.227819E-03  2.082648E-07  7.954778E-07  7.403930E-09  3.751563E-03  9.233436E-08  2.544187E-09  2.145840E-09  3.630759E-04  4.935494E-04  7.676531E-07  2.359272E-06  3.046619E-06  1.294205E-07
 3.301500E+02  4.754184E-02  3.118034E-06  3.092464E-11  4.124192E-11  4.604529E-11  5.573160E-11  8.470848E-01  1.874725E-03  9.963970E-06  9.762190E-02  1.031012E-04  2.535009E-07  2.199088E-08  1.208393E-03  1.990482E-07  7.619956E-07  7.149564E-09  3.700888E-03  8.855382E-08  2.468560E-09  2.080814E-09  3.577051E-04  4.862487E-04  7.288220E-07  2.238775E-06  2.891885E-06  1.238536E-07
 3.311500E+02  4.757623E-02  3.087811E-06  3.006137E-11  4.009984E-11  4.477243E-11  5.420276E-11  8.471300E-01  1.845966E-03  9.451052E-06  9.765459E-02  1.015868E-04  2.407814E-07  2.145126E-08  1.189397E-03  1.902953E-07  7.301270E-07  6.905490E-09  3.651206E-03  8.495012E-08  2.395638E-09  2.018151E-09  3.524481E-04  4.791031E-04  6.921791E-07  2.125140E-06  2.745922E-06  1.185592E-07
 3.321500E+02  4.760992E-02  3.058053E-06  2.922734E-11  3.899619E-11  4.354235E-11  5.272499E-11  8.471741E-01  1.817841E-03  8.967605E-06  9.768662E-02  1.001038E-04  2.287718E-07  2.092825E-08  1.170818E-03  1.819800E-07  6.997854E-07  6.671239E-09  3.602492E-03  8.151408E-08  2.325311E-09  1.957753E-09  3.473022E-04  4.721084E-04  6.575892E-07  2.017941E-06  2.608184E-06  1.135225E-07
 3.331500E+02  4.764293E-02  3.028751E-06  2.842142E-11  3.792950E-11  4.235340E-11  5.129632E-11  8.472173E-01  1.790334E-03  8.511772E-06  9.771801E-02  9.865140E-05  2.174288E-07  2.042126E-08  1.152647E-03  1.740783E-07  6.708892E-07  6.446363E-09  3.554724E-03  7.823702E-08  2.257474E-09  1.899527E-09  3.422642E-04  4.652609E-04  6.249266E-07  1.916777E-06  2.478163E-06  1.087295E-07
 3.341500E+02  4.767529E-02  2.999897E-06  2.764253E-11  3.689836E-11  4.120401E-11  4.991490E-11  8.472596E-01  1.763427E-03  8.081824E-06  9.774879E-02  9.722887E-05  2.067120E-07  1.992971E-08  1.134872E-03  1.665672E-07  6.433617E-07  6.230438E-09  3.507881E-03  7.511076E-08  2.192026E-09  1.843385E-09  3.373316E-04  4.585567E-04  5.940737E-07  1.821275E-06  2.355386E-06  1.041671E-07
 3.351500E+02  4.770699E-02  2.971485E-06  2.688964E-11  3.590141E-11  4.009269E-11  4.857895E-11  8.473008E-01  1.737106E-03  7.676149E-06  9.777895E-02  9.583545E-05  1.965835E-07  1.945305E-08  1.117482E-03  1.594254E-07  6.171306E-07  6.023062E-09  3.461940E-03  7.212760E-08  2.128871E-09  1.789240E-09  3.325015E-04  4.519920E-04  5.649207E-07  1.731090E-06  2.239409E-06  9.982313E-08
 3.361500E+02  4.773807E-02  2.943505E-06  2.616176E-11  3.493736E-11  3.901798E-11  4.728675E-11  8.473412E-01  1.711352E-03  7.293243E-06  9.780852E-02  9.447042E-05  1.870080E-07  1.899077E-08  1.100469E-03  1.526326E-07  5.921279E-07  5.823852E-09  3.416881E-03  6.928023E-08  2.067918E-09  1.737013E-09  3.277713E-04  4.455634E-04  5.373650E-07  1.645895E-06  2.129820E-06  9.568587E-08
 3.371500E+02  4.776853E-02  2.915951E-06  2.545793E-11  3.400496E-11  3.797852E-11  4.603666E-11  8.473807E-01  1.686153E-03  6.931703E-06  9.783751E-02  9.313306E-05  1.779526E-07  1.854234E-08  1.083821E-03  1.461700E-07  5.682893E-07  5.632443E-09  3.372683E-03  6.656179E-08  2.009078E-09  1.686625E-09  3.231386E-04  4.392673E-04  5.113106E-07  1.565389E-06  2.026232E-06  9.174443E-08
 3.381500E+02  4.779840E-02  2.888815E-06  2.477725E-11  3.310303E-11  3.697297E-11  4.482711E-11  8.474194E-01  1.661492E-03  6.590221E-06  9.786594E-02  9.182270E-05  1.693862E-07  1.810730E-08  1.067529E-03  1.400197E-07  5.455544E-07  5.448489E-09  3.329327E-03  6.396576E-08  1.952269E-09  1.638003E-09  3.186007E-04  4.331003E-04  4.866679E-07  1.489287E-06  1.928285E-06  8.798849E-08
 3.391500E+02  4.782768E-02  2.862090E-06  2.411885E-11  3.223043E-11  3.600007E-11  4.365659E-11  8.474572E-01  1.637356E-03  6.267575E-06  9.789382E-02  9.053867E-05  1.612800E-07  1.768516E-08  1.051584E-03  1.341649E-07  5.238660E-07  5.271662E-09  3.286792E-03  6.148601E-08  1.897409E-09  1.591076E-09  3.141554E-04  4.270593E-04  4.633531E-07  1.417327E-06  1.835641E-06  8.440835E-08
 3.401500E+02  4.785638E-02  2.835769E-06  2.348189E-11  3.138606E-11  3.505861E-11  4.252367E-11  8.474942E-01  1.613730E-03  5.962622E-06  9.792115E-02  8.928033E-05  1.536068E-07  1.727549E-08  1.035977E-03  1.285898E-07  5.031704E-07  5.101647E-09  3.245060E-03  5.911674E-08  1.844423E-09  1.545777E-09  3.098003E-04  4.211410E-04  4.412875E-07  1.349259E-06  1.747985E-06  8.099486E-08
 3.411500E+02  4.788453E-02  2.809844E-06  2.286556E-11  3.056888E-11  3.414741E-11  4.142694E-11  8.475304E-01  1.590602E-03  5.674297E-06  9.794797E-02  8.804705E-05  1.463414E-07  1.687785E-08  1.020700E-03  1.232796E-07  4.834168E-07  4.938148E-09  3.204113E-03  5.685244E-08  1.793237E-09  1.502040E-09  3.055331E-04  4.153424E-04  4.203979E-07  1.284853E-06  1.665021E-06  7.773939E-08
 3.421500E+02  4.791213E-02  2.784309E-06  2.226911E-11  2.977787E-11  3.326536E-11  4.036509E-11  8.475658E-01  1.567957E-03  5.401604E-06  9.797427E-02  8.683822E-05  1.394600E-07  1.649183E-08  1.005743E-03  1.182203E-07  4.645573E-07  4.780880E-09  3.163934E-03  5.468794E-08  1.743780E-09  1.459805E-09  3.013517E-04  4.096604E-04  4.006153E-07  1.223892E-06  1.586474E-06  7.463380E-08
 3.431500E+02  4.793921E-02  2.759157E-06  2.169179E-11  2.901208E-11  3.241139E-11  3.933683E-11  8.476005E-01  1.545785E-03  5.143609E-06  9.800007E-02  8.565325E-05  1.329404E-07  1.611703E-08  9.910991E-04  1.133987E-07  4.465465E-07  4.629573E-09  3.124503E-03  5.261832E-08  1.695986E-09  1.419012E-09  2.972539E-04  4.040922E-04  3.818754E-07  1.166174E-06  1.512084E-06  7.167039E-08
 3.441500E+02  4.796576E-02  2.734381E-06  2.113291E-11  2.827058E-11  3.158447E-11  3.834095E-11  8.476345E-01  1.524071E-03  4.899443E-06  9.802538E-02  8.449156E-05  1.267616E-07  1.575307E-08  9.767597E-04  1.088023E-07  4.293417E-07  4.483972E-09  3.085805E-03  5.063894E-08  1.649791E-09  1.379604E-09  2.932376E-04  3.986349E-04  3.641178E-07  1.111509E-06  1.441611E-06  6.884192E-08
 3.451500E+02  4.799180E-02  2.709974E-06  2.059177E-11  2.755248E-11  3.078362E-11  3.737627E-11  8.476678E-01  1.502806E-03  4.668288E-06  9.805021E-02  8.335260E-05  1.209042E-07  1.539958E-08  9.627172E-04  1.044194E-07  4.129026E-07  4.343831E-09  3.047822E-03  4.874541E-08  1.605133E-09  1.341529E-09  2.893009E-04  3.932858E-04  3.472860E-07  1.059720E-06  1.374826E-06  6.614155E-08
 3.461500E+02  4.801735E-02  2.685931E-06  2.006775E-11  2.685694E-11  3.000788E-11  3.644166E-11  8.477003E-01  1.481976E-03  4.449383E-06  9.807457E-02  8.223582E-05  1.153497E-07  1.505621E-08  9.489642E-04  1.002389E-07  3.971910E-07  4.208917E-09  3.010540E-03  4.693356E-08  1.561953E-09  1.304733E-09  2.854418E-04  3.880423E-04  3.313268E-07  1.010640E-06  1.311518E-06  6.356279E-08
 3.471500E+02  4.804242E-02  2.662245E-06  1.956020E-11  2.618314E-11  2.925635E-11  3.553604E-11  8.477322E-01  1.461571E-03  4.242012E-06  9.809848E-02  8.114068E-05  1.100811E-07  1.472262E-08  9.354934E-04  9.625050E-08  3.821708E-07  4.079008E-09  2.973941E-03  4.519945E-08  1.520196E-09  1.269168E-09  2.816584E-04  3.829017E-04  3.161906E-07  9.641130E-07  1.251487E-06  6.109954E-08
 3.481500E+02  4.806701E-02  2.638909E-06  1.906854E-11  2.553029E-11  2.852816E-11  3.465837E-11  8.477635E-01  1.441580E-03  4.045506E-06  9.812195E-02  8.006668E-05  1.050821E-07  1.439847E-08  9.222976E-04  9.244428E-08  3.678079E-07  3.953893E-09  2.938011E-03  4.353936E-08  1.479806E-09  1.234787E-09  2.779488E-04  3.778616E-04  3.018306E-07  9.199930E-07  1.194547E-06  5.874604E-08
 3.491500E+02  4.809115E-02  2.615918E-06  1.859218E-11  2.489763E-11  2.782248E-11  3.380767E-11  8.477941E-01  1.421993E-03  3.859237E-06  9.814498E-02  7.901332E-05  1.003376E-07  1.408346E-08  9.093700E-04  8.881096E-08  3.540701E-07  3.833370E-09  2.902735E-03  4.194974E-08  1.440733E-09  1.201543E-09  2.743114E-04  3.729195E-04  2.882031E-07  8.781429E-07  1.140521E-06  5.649681E-08
 3.501500E+02  4.811483E-02  2.593265E-06  1.813059E-11  2.428446E-11  2.713848E-11  3.298296E-11  8.478241E-01  1.402799E-03  3.682619E-06  9.816758E-02  7.798010E-05  9.583330E-08  1.377728E-08  8.967039E-04  8.534177E-08  3.409268E-07  3.717247E-09  2.868098E-03  4.042725E-08  1.402928E-09  1.169395E-09  2.707443E-04  3.680731E-04  2.752670E-07  8.384340E-07  1.089246E-06  5.434670E-08
 3.511500E+02  4.813807E-02  2.570945E-06  1.768323E-11  2.369008E-11  2.647542E-11  3.218333E-11  8.478535E-01  1.383989E-03  3.515100E-06  9.818977E-02  7.696657E-05  9.155592E-08  1.347964E-08  8.842929E-04  8.202844E-08  3.283492E-07  3.605341E-09  2.834086E-03  3.896871E-08  1.366342E-09  1.138300E-09  2.672458E-04  3.633200E-04  2.629836E-07  8.007456E-07  1.040567E-06  5.229083E-08
 3.521500E+02  4.816088E-02  2.548952E-06  1.724959E-11  2.311381E-11  2.583254E-11  3.140790E-11  8.478823E-01  1.365553E-03  3.356163E-06  9.821155E-02  7.597224E-05  8.749284E-08  1.319027E-08  8.721306E-04  7.886314E-08  3.163099E-07  3.497476E-09  2.800685E-03  3.757111E-08  1.330930E-09  1.108218E-09  2.638143E-04  3.586581E-04  2.513167E-07  7.649644E-07  9.943400E-07  5.032458E-08
 3.531500E+02  4.818327E-02  2.527279E-06  1.682919E-11  2.255502E-11  2.520914E-11  3.065582E-11  8.479105E-01  1.347482E-03  3.205323E-06  9.823294E-02  7.499668E-05  8.363227E-08  1.290888E-08  8.602110E-04  7.583847E-08  3.047830E-07  3.393486E-09  2.767882E-03  3.623161E-08  1.296649E-09  1.079112E-09  2.604483E-04  3.540851E-04  2.402322E-07  7.309840E-07  9.504275E-07  4.844358E-08
 3.541500E+02  4.820524E-02  2.505923E-06  1.642156E-11  2.201310E-11  2.460452E-11  2.992627E-11  8.479381E-01  1.329767E-03  3.062124E-06  9.825393E-02  7.403946E-05  7.996310E-08  1.263522E-08  8.485281E-04  7.294747E-08  2.937441E-07  3.293212E-09  2.735664E-03  3.494748E-08  1.263458E-09  1.050945E-09  2.571461E-04  3.495989E-04  2.296980E-07  6.987044E-07  9.087021E-07  4.664371E-08
 3.551500E+02  4.822682E-02  2.484876E-06  1.602625E-11  2.148746E-11  2.401804E-11  2.921847E-11  8.479652E-01  1.312398E-03  2.926141E-06  9.827455E-02  7.310014E-05  7.647488E-08  1.236905E-08  8.370761E-04  7.018351E-08  2.831700E-07  3.196503E-09  2.704018E-03  3.371616E-08  1.231315E-09  1.023681E-09  2.539063E-04  3.451975E-04  2.196841E-07  6.680317E-07  8.690436E-07  4.492103E-08
 3.561500E+02  4.824800E-02  2.464134E-06  1.564283E-11  2.097752E-11  2.344907E-11  2.853167E-11  8.479918E-01  1.295368E-03  2.796970E-06  9.829480E-02  7.217831E-05  7.315779E-08  1.211011E-08  8.258494E-04  6.754034E-08  2.730386E-07  3.103212E-09  2.672930E-03  3.253522E-08  1.200183E-09  9.972887E-10  2.507274E-04  3.408790E-04  2.101620E-07  6.388777E-07  8.313389E-07  4.327186E-08
 3.571500E+02  4.826880E-02  2.443692E-06  1.527088E-11  2.048275E-11  2.289699E-11  2.786515E-11  8.480179E-01  1.278668E-03  2.674236E-06  9.831469E-02  7.127358E-05  7.000258E-08  1.185817E-08  8.148426E-04  6.501207E-08  2.633290E-07  3.013203E-09  2.642391E-03  3.140234E-08  1.170025E-09  9.717345E-10  2.476080E-04  3.366412E-04  2.011052E-07  6.111592E-07  7.954817E-07  4.169267E-08
 3.581500E+02  4.828923E-02  2.423544E-06  1.491001E-11  2.000262E-11  2.236122E-11  2.721820E-11  8.480434E-01  1.262291E-03  2.557584E-06  9.833422E-02  7.038555E-05  6.700055E-08  1.161302E-08  8.040504E-04  6.259310E-08  2.540216E-07  2.926342E-09  2.612386E-03  3.031532E-08  1.140806E-09  9.469880E-10  2.445466E-04  3.324825E-04  1.924886E-07  5.847984E-07  7.613719E-07  4.018013E-08
 3.591500E+02  4.830928E-02  2.403684E-06  1.455983E-11  1.953663E-11  2.184121E-11  2.659016E-11  8.480685E-01  1.246227E-03  2.446681E-06  9.835340E-02  6.951384E-05  6.414350E-08  1.137444E-08  7.934675E-04  6.027813E-08  2.450975E-07  2.842504E-09  2.582905E-03  2.927207E-08  1.112492E-09  9.230195E-10  2.415420E-04  3.284008E-04  1.842886E-07  5.597216E-07  7.289155E-07  3.873110E-08
 3.601500E+02  4.832898E-02  2.384109E-06  1.421997E-11  1.908429E-11  2.133641E-11  2.598039E-11  8.480931E-01  1.230471E-03  2.341213E-06  9.837225E-02  6.865808E-05  6.142372E-08  1.114221E-08  7.830891E-04  5.806216E-08  2.365390E-07  2.761567E-09  2.553937E-03  2.827062E-08  1.085050E-09  8.998009E-10  2.385929E-04  3.243946E-04  1.764829E-07  5.358599E-07  6.980238E-07  3.734259E-08
 3.611500E+02  4.834833E-02  2.364814E-06  1.389009E-11  1.864513E-11  2.084630E-11  2.538827E-11  8.481172E-01  1.215014E-03  2.240887E-06  9.839076E-02  6.781791E-05  5.883393E-08  1.091614E-08  7.729103E-04  5.594043E-08  2.283292E-07  2.683418E-09  2.525470E-03  2.730908E-08  1.058449E-09  8.773050E-10  2.356978E-04  3.204619E-04  1.690506E-07  5.131481E-07  6.686134E-07  3.601175E-08
 3.621500E+02  4.836733E-02  2.345792E-06  1.356983E-11  1.821872E-11  2.037040E-11  2.481319E-11  8.481408E-01  1.199850E-03  2.145424E-06  9.840895E-02  6.699298E-05  5.636728E-08  1.069603E-08  7.629262E-04  5.390845E-08  2.204520E-07  2.607945E-09  2.497494E-03  2.638567E-08  1.032659E-09  8.555057E-10  2.328557E-04  3.166011E-04  1.619719E-07  4.915249E-07  6.406057E-07  3.473591E-08
 3.631500E+02  4.838600E-02  2.327041E-06  1.325888E-11  1.780461E-11  1.990821E-11  2.425460E-11  8.481640E-01  1.184971E-03  2.054565E-06  9.842682E-02  6.618295E-05  5.401730E-08  1.048170E-08  7.531324E-04  5.196197E-08  2.128924E-07  2.535043E-09  2.469998E-03  2.549867E-08  1.007652E-09  8.343779E-10  2.300654E-04  3.128107E-04  1.552283E-07  4.709327E-07  6.139267E-07  3.351250E-08
 3.641500E+02  4.840434E-02  2.308554E-06  1.295691E-11  1.740240E-11  1.945928E-11  2.371193E-11  8.481868E-01  1.170370E-03  1.968062E-06  9.844438E-02  6.538748E-05  5.177792E-08  1.027297E-08  7.435243E-04  5.009695E-08  2.056358E-07  2.464612E-09  2.442972E-03  2.464647E-08  9.834003E-10  8.138978E-10  2.273255E-04  3.090889E-04  1.488022E-07  4.513171E-07  5.885066E-07  3.233911E-08
 3.651500E+02  4.842235E-02  2.290328E-06  1.266362E-11  1.701168E-11  1.902317E-11  2.318466E-11  8.482091E-01  1.156042E-03  1.885686E-06  9.846164E-02  6.460625E-05  4.964337E-08  1.006966E-08  7.340975E-04  4.830955E-08  1.986686E-07  2.396556E-09  2.416407E-03  2.382754E-08  9.598766E-10  7.940422E-10  2.246350E-04  3.054342E-04  1.426771E-07  4.326267E-07  5.642796E-07  3.121345E-08
 3.661500E+02  4.844006E-02  2.272358E-06  1.237873E-11  1.663207E-11  1.859944E-11  2.267228E-11  8.482310E-01  1.141980E-03  1.807218E-06  9.847860E-02  6.383894E-05  4.760824E-08  9.871610E-09  7.248480E-04  4.659615E-08  1.919777E-07  2.330782E-09  2.390292E-03  2.304041E-08  9.370560E-10  7.747890E-10  2.219928E-04  3.018452E-04  1.368374E-07  4.148134E-07  5.411837E-07  3.013332E-08
 3.671500E+02  4.845745E-02  2.254640E-06  1.210195E-11  1.626321E-11  1.818768E-11  2.217429E-11  8.482525E-01  1.128177E-03  1.732452E-06  9.849527E-02  6.308525E-05  4.566741E-08  9.678655E-09  7.157714E-04  4.495331E-08  1.855507E-07  2.267203E-09  2.364618E-03  2.228369E-08  9.149139E-10  7.561171E-10  2.193978E-04  2.983203E-04  1.312683E-07  3.978314E-07  5.191604E-07  2.909667E-08
 3.681500E+02  4.847455E-02  2.237169E-06  1.183302E-11  1.590473E-11  1.778751E-11  2.169023E-11  8.482736E-01  1.114628E-03  1.661195E-06  9.851166E-02  6.234488E-05  4.381606E-08  9.490639E-09  7.068639E-04  4.337775E-08  1.793759E-07  2.205734E-09  2.339375E-03  2.155605E-08  8.934268E-10  7.380060E-10  2.168490E-04  2.948580E-04  1.259561E-07  3.816379E-07  4.981544E-07  2.810151E-08
 3.691500E+02  4.849135E-02  2.219942E-06  1.157166E-11  1.555630E-11  1.739853E-11  2.121963E-11  8.482944E-01  1.101326E-03  1.593265E-06  9.852777E-02  6.161753E-05  4.204962E-08  9.307414E-09  6.981215E-04  4.186639E-08  1.734421E-07  2.146294E-09  2.314556E-03  2.085623E-08  8.725722E-10  7.204362E-10  2.143453E-04  2.914571E-04  1.208876E-07  3.661923E-07  4.781137E-07  2.714599E-08
 3.701500E+02  4.850786E-02  2.202954E-06  1.131764E-11  1.521759E-11  1.702038E-11  2.076206E-11  8.483147E-01  1.088267E-03  1.528489E-06  9.854360E-02  6.090292E-05  4.036379E-08  9.128832E-09  6.895404E-04  4.041628E-08  1.677386E-07  2.088807E-09  2.290150E-03  2.018303E-08  8.523283E-10  7.033887E-10  2.118856E-04  2.881161E-04  1.160504E-07  3.514562E-07  4.589891E-07  2.622832E-08
 3.711500E+02  4.852410E-02  2.186200E-06  1.107071E-11  1.488827E-11  1.665272E-11  2.031709E-11  8.483347E-01  1.075443E-03  1.466705E-06  9.855917E-02  6.020077E-05  3.875449E-08  8.954755E-09  6.811170E-04  3.902463E-08  1.622554E-07  2.033198E-09  2.266150E-03  1.953531E-08  8.326744E-10  6.868456E-10  2.094691E-04  2.848338E-04  1.114327E-07  3.373936E-07  4.407340E-07  2.534682E-08
 3.721500E+02  4.854005E-02  2.169678E-06  1.083065E-11  1.456805E-11  1.629519E-11  1.988432E-11  8.483543E-01  1.062852E-03  1.407759E-06  9.857448E-02  5.951082E-05  3.721789E-08  8.785047E-09  6.728477E-04  3.768878E-08  1.569828E-07  1.979397E-09  2.242547E-03  1.891198E-08  8.135902E-10  6.707894E-10  2.070949E-04  2.816088E-04  1.070237E-07  3.239703E-07  4.233046E-07  2.449988E-08
 3.731500E+02  4.855574E-02  2.153383E-06  1.059721E-11  1.425662E-11  1.594747E-11  1.946336E-11  8.483736E-01  1.050485E-03  1.351507E-06  9.858953E-02  5.883280E-05  3.575034E-08  8.619578E-09  6.647288E-04  3.640621E-08  1.519116E-07  1.927335E-09  2.219332E-03  1.831200E-08  7.950566E-10  6.552034E-10  2.047618E-04  2.784398E-04  1.028127E-07  3.111540E-07  4.066596E-07  2.368598E-08
