#         T/K            c1          c2-1          c3-4          c3-5          c3-7          c3-9            m1          m2-1          m3-1            w1            w2          w3-1          w3-2          c1m1        c1m2-1        c1m2-7        c2m1-1        c1w1-2        c1w2-1        c2w1-1        c2w1-9        m1w1-1        m1w1-4        m1w2-1        m2w1-1        m2w1-3      c1m1w1-1
 2.731500E+02  8.799821E-02  2.570335E-05  1.987755E-09  2.608976E-09  2.902693E-09  3.461101E-09  1.968151E-01  3.267749E-04  5.855962E-06  5.732755E-01  1.131175E-02  2.270182E-03  3.185307E-05  1.817586E-03  5.736280E-07  1.882256E-06  8.561573E-08  1.220376E-01  1.323496E-04  5.470035E-07  4.803270E-07  1.528935E-03  2.081292E-03  2.568935E-04  3.193383E-05  4.044463E-05  8.361333E-06
 2.741500E+02  8.878755E-02  2.567624E-05  1.942814E-09  2.550854E-09  2.838240E-09  3.385315E-09  1.968881E-01  3.189544E-04  5.403566E-06  5.744931E-01  1.108502E-02  2.109332E-03  3.074633E-05  1.786077E-03  5.392332E-07  1.775126E-06  8.228185E-08  1.204956E-01  1.254288E-04  5.301381E-07  4.651158E-07  1.496055E-03  2.036405E-03  2.382673E-04  2.954831E-05  3.743823E-05  7.887504E-06
 2.751500E+02  8.956789E-02  2.564458E-05  1.898717E-09  2.493793E-09  2.774956E-09  3.310869E-09  1.969586E-01  3.113812E-04  4.989219E-06  5.756817E-01  1.086390E-02  1.960790E-03  2.968404E-05  1.755194E-03  5.070992E-07  1.674712E-06  7.908841E-08  1.189707E-01  1.189013E-04  5.138138E-07  4.504077E-07  1.464089E-03  1.992771E-03  2.211050E-04  2.735646E-05  3.467485E-05  7.442990E-06
 2.761500E+02  9.033915E-02  2.560850E-05  1.855458E-09  2.437790E-09  2.712838E-09  3.237761E-09  1.970267E-01  3.040459E-04  4.609479E-06  5.768425E-01  1.064827E-02  1.823554E-03  2.866431E-05  1.724922E-03  4.770654E-07  1.580556E-06  7.602912E-08  1.174630E-01  1.127434E-04  4.980139E-07  4.361863E-07  1.433009E-03  1.950352E-03  2.052835E-04  2.534141E-05  3.213338E-05  7.025842E-06
 2.771500E+02  9.110129E-02  2.556812E-05  1.813033E-09  2.382839E-09  2.651880E-09  3.165984E-09  1.970926E-01  2.969396E-04  4.261233E-06  5.779766E-01  1.043797E-02  1.696708E-03  2.768530E-05  1.695251E-03  4.489832E-07  1.492235E-06  7.309802E-08  1.159727E-01  1.069329E-04  4.827221E-07  4.224361E-07  1.402787E-03  1.909110E-03  1.906909E-04  2.348784E-05  2.979469E-05  6.634251E-06
 2.781500E+02  9.185427E-02  2.552355E-05  1.771436E-09  2.328934E-09  2.592077E-09  3.095536E-09  1.971564E-01  2.900537E-04  3.941668E-06  5.790851E-01  1.023289E-02  1.579413E-03  2.674527E-05  1.666168E-03  4.227154E-07  1.409357E-06  7.028941E-08  1.144999E-01  1.014488E-04  4.679226E-07  4.091417E-07  1.373397E-03  1.869008E-03  1.772249E-04  2.178186E-05  2.764140E-05  6.266533E-06
 2.791500E+02  9.259806E-02  2.547493E-05  1.730663E-09  2.276071E-09  2.533422E-09  3.026410E-09  1.972181E-01  2.833802E-04  3.648240E-06  5.801690E-01  1.003288E-02  1.470903E-03  2.584253E-05  1.637661E-03  3.981352E-07  1.331557E-06  6.759790E-08  1.130447E-01  9.627170E-05  4.536002E-07  3.962884E-07  1.344812E-03  1.830009E-03  1.647924E-04  2.021083E-05  2.565769E-05  5.921123E-06
 2.801500E+02  9.333264E-02  2.542238E-05  1.690706E-09  2.224242E-09  2.475910E-09  2.958599E-09  1.972778E-01  2.769110E-04  3.378644E-06  5.812291E-01  9.837824E-03  1.370476E-03  2.497548E-05  1.609720E-03  3.751252E-07  1.258498E-06  6.501832E-08  1.116072E-01  9.138314E-05  4.397399E-07  3.838619E-07  1.317008E-03  1.792080E-03  1.533083E-04  1.876328E-05  2.382920E-05  5.596566E-06
 2.811500E+02  9.405801E-02  2.536603E-05  1.651559E-09  2.173441E-09  2.419531E-09  2.892097E-09  1.973357E-01  2.706388E-04  3.130795E-06  5.822663E-01  9.647586E-03  1.277487E-03  2.414257E-05  1.582332E-03  3.535769E-07  1.189866E-06  6.254575E-08  1.101874E-01  8.676598E-05  4.263271E-07  3.718482E-07  1.289959E-03  1.755187E-03  1.426951E-04  1.742876E-05  2.214286E-05  5.291506E-06
 2.821500E+02  9.477415E-02  2.530601E-05  1.613216E-09  2.123660E-09  2.364279E-09  2.826896E-09  1.973918E-01  2.645564E-04  2.902801E-06  5.832815E-01  9.462042E-03  1.191348E-03  2.334233E-05  1.555488E-03  3.333897E-07  1.125370E-06  6.017552E-08  1.087852E-01  8.240411E-05  4.133478E-07  3.602338E-07  1.263643E-03  1.719296E-03  1.328818E-04  1.619777E-05  2.058677E-05  5.004681E-06
 2.831500E+02  9.548108E-02  2.524244E-05  1.575670E-09  2.074890E-09  2.310145E-09  2.762987E-09  1.974463E-01  2.586568E-04  2.692946E-06  5.842753E-01  9.281066E-03  1.111519E-03  2.257335E-05  1.529177E-03  3.144706E-07  1.064738E-06  5.790315E-08  1.074008E-01  7.828242E-05  4.007884E-07  3.490056E-07  1.238036E-03  1.684377E-03  1.238036E-04  1.506167E-05  1.915010E-05  4.734919E-06
 2.841500E+02  9.617880E-02  2.517547E-05  1.538912E-09  2.027124E-09  2.257119E-09  2.700360E-09  1.974990E-01  2.529335E-04  2.499673E-06  5.852484E-01  9.104538E-03  1.037504E-03  2.183429E-05  1.503387E-03  2.967333E-07  1.007720E-06  5.572438E-08  1.060342E-01  7.438674E-05  3.886353E-07  3.381509E-07  1.213116E-03  1.650399E-03  1.154015E-04  1.401258E-05  1.782296E-05  4.481124E-06
 2.851500E+02  9.686734E-02  2.510521E-05  1.502935E-09  1.980352E-09  2.205191E-09  2.639005E-09  1.975503E-01  2.473801E-04  2.321568E-06  5.862016E-01  8.932338E-03  9.688503E-04  2.112385E-05  1.478110E-03  2.800978E-07  9.540813E-07  5.363514E-08  1.046852E-01  7.070377E-05  3.768758E-07  3.276574E-07  1.188862E-03  1.617332E-03  1.076212E-04  1.304331E-05  1.659635E-05  4.242277E-06
 2.861500E+02  9.754673E-02  2.503181E-05  1.467731E-09  1.934564E-09  2.154351E-09  2.578911E-09  1.976000E-01  2.419906E-04  2.157346E-06  5.871354E-01  8.764349E-03  9.051409E-04  2.044080E-05  1.453334E-03  2.644901E-07  9.036042E-07  5.163154E-08  1.033539E-01  6.722106E-05  3.654972E-07  3.175131E-07  1.165254E-03  1.585148E-03  1.004134E-04  1.214733E-05  1.546207E-05  4.017429E-06
 2.871500E+02  9.821699E-02  2.495537E-05  1.433289E-09  1.889750E-09  2.104588E-09  2.520065E-09  1.976482E-01  2.367591E-04  2.005837E-06  5.880504E-01  8.600458E-03  8.459939E-04  1.978398E-05  1.429050E-03  2.498412E-07  8.560862E-07  4.970988E-08  1.020402E-01  6.392691E-05  3.544873E-07  3.077063E-07  1.142270E-03  1.553820E-03  9.373252E-05  1.131864E-05  1.441261E-05  3.805693E-06
 2.881500E+02  9.887817E-02  2.487605E-05  1.399602E-09  1.845898E-09  2.055889E-09  2.462457E-09  1.976951E-01  2.316801E-04  1.865979E-06  5.889473E-01  8.440553E-03  7.910582E-04  1.915225E-05  1.405248E-03  2.360873E-07  8.113386E-07  4.786662E-08  1.007441E-01  6.081034E-05  3.438343E-07  2.982260E-07  1.119892E-03  1.523320E-03  8.753722E-05  1.055180E-05  1.344112E-05  3.606245E-06
 2.891500E+02  9.953032E-02  2.479395E-05  1.366660E-09  1.802999E-09  2.008242E-09  2.406071E-09  1.977407E-01  2.267482E-04  1.736802E-06  5.898264E-01  8.284525E-03  7.400119E-04  1.854456E-05  1.381919E-03  2.231691E-07  7.691857E-07  4.609837E-08  9.946544E-02  5.786105E-05  3.335265E-07  2.890611E-07  1.098100E-03  1.493623E-03  8.178944E-05  9.841827E-06  1.254135E-05  3.418313E-06
 2.901500E+02  1.001735E-01  2.470920E-05  1.334452E-09  1.761039E-09  1.961635E-09  2.350894E-09  1.977850E-01  2.219582E-04  1.617426E-06  5.906884E-01  8.132269E-03  6.925588E-04  1.795986E-05  1.359053E-03  2.110316E-07  7.294638E-07  4.440190E-08  9.820421E-02  5.506938E-05  3.235529E-07  2.802011E-07  1.076878E-03  1.464703E-03  7.645434E-05  9.184164E-06  1.170757E-05  3.241178E-06
 2.911500E+02  1.008077E-01  2.462193E-05  1.302969E-09  1.720006E-09  1.916054E-09  2.296911E-09  1.978280E-01  2.173053E-04  1.507046E-06  5.915336E-01  7.983681E-03  6.484269E-04  1.739719E-05  1.336642E-03  1.996235E-07  6.920202E-07  4.277413E-08  9.696029E-02  5.242625E-05  3.139026E-07  2.716357E-07  1.056206E-03  1.436538E-03  7.149997E-05  8.574648E-06  1.093457E-05  3.074170E-06
 2.921500E+02  1.014330E-01  2.453226E-05  1.272201E-09  1.679888E-09  1.871486E-09  2.244108E-09  1.978699E-01  2.127847E-04  1.404928E-06  5.923626E-01  7.838661E-03  6.073660E-04  1.685561E-05  1.314675E-03  1.888972E-07  6.567127E-07  4.121211E-08  9.573358E-02  4.992314E-05  3.045650E-07  2.633551E-07  1.036069E-03  1.409103E-03  6.689701E-05  8.009471E-06  1.021754E-05  2.916663E-06
 2.931500E+02  1.020496E-01  2.444030E-05  1.242135E-09  1.640673E-09  1.827915E-09  2.192469E-09  1.979106E-01  2.083919E-04  1.310404E-06  5.931758E-01  7.697112E-03  5.691461E-04  1.633424E-05  1.293144E-03  1.788086E-07  6.234085E-07  3.971303E-08  9.452397E-02  4.755204E-05  2.955300E-07  2.553497E-07  1.016450E-03  1.382376E-03  6.261856E-05  7.485144E-06  9.552106E-06  2.768070E-06
 2.941500E+02  1.026573E-01  2.434617E-05  1.212763E-09  1.602346E-09  1.785328E-09  2.141977E-09  1.979502E-01  2.041225E-04  1.222861E-06  5.939735E-01  7.558937E-03  5.335553E-04  1.583222E-05  1.272041E-03  1.693164E-07  5.919838E-07  3.827418E-08  9.333134E-02  4.530543E-05  2.867876E-07  2.476100E-07  9.973335E-04  1.356336E-03  5.863992E-05  6.998475E-06  8.934247E-06  2.627846E-06
 2.951500E+02  1.032564E-01  2.424999E-05  1.184072E-09  1.564894E-09  1.743710E-09  2.092615E-09  1.979888E-01  1.999722E-04  1.141742E-06  5.947562E-01  7.424045E-03  5.003987E-04  1.534874E-05  1.251357E-03  1.603823E-07  5.623229E-07  3.689300E-08  9.215556E-02  4.317626E-05  2.783281E-07  2.401273E-07  9.787034E-04  1.330961E-03  5.493838E-05  6.546537E-06  8.360283E-06  2.495480E-06
 2.961500E+02  1.038469E-01  2.415186E-05  1.156052E-09  1.528303E-09  1.703046E-09  2.044368E-09  1.980263E-01  1.959371E-04  1.066536E-06  5.955243E-01  7.292345E-03  4.694969E-04  1.488303E-05  1.231083E-03  1.519707E-07  5.343178E-07  3.556704E-08  9.099651E-02  4.115788E-05  2.701424E-07  2.328926E-07  9.605455E-04  1.306231E-03  5.149309E-05  6.126647E-06  7.826837E-06  2.370494E-06
 2.971500E+02  1.044289E-01  2.405189E-05  1.128691E-09  1.492559E-09  1.663320E-09  1.997218E-09  1.980629E-01  1.920133E-04  9.967753E-07  5.962780E-01  7.163751E-03  4.406844E-04  1.443434E-05  1.211211E-03  1.440483E-07  5.078677E-07  3.429393E-08  8.985404E-02  3.924406E-05  2.622213E-07  2.258976E-07  9.428453E-04  1.282127E-03  4.828487E-05  5.736346E-06  7.330810E-06  2.252442E-06
 2.981500E+02  1.050024E-01  2.395020E-05  1.101977E-09  1.457648E-09  1.624516E-09  1.951146E-09  1.980985E-01  1.881971E-04  9.320332E-07  5.970178E-01  7.038176E-03  4.138087E-04  1.400198E-05  1.191733E-03  1.365841E-07  4.828784E-07  3.307144E-08  8.872801E-02  3.742892E-05  2.545561E-07  2.191341E-07  9.255892E-04  1.258629E-03  4.529608E-05  5.373373E-06  6.869358E-06  2.140906E-06
 2.991500E+02  1.055676E-01  2.384687E-05  1.075899E-09  1.423556E-09  1.586619E-09  1.906136E-09  1.981332E-01  1.844848E-04  8.719179E-07  5.977440E-01  6.915540E-03  3.887293E-04  1.358526E-05  1.172641E-03  1.295494E-07  4.592617E-07  3.189742E-08  8.761826E-02  3.570697E-05  2.471383E-07  2.125943E-07  9.087638E-04  1.235719E-03  4.251047E-05  5.035657E-06  6.439868E-06  2.035497E-06
 3.001500E+02  1.061245E-01  2.374203E-05  1.050445E-09  1.390268E-09  1.549613E-09  1.862169E-09  1.981670E-01  1.808731E-04  8.160708E-07  5.984568E-01  6.795760E-03  3.653164E-04  1.318354E-05  1.153926E-03  1.229172E-07  4.369353E-07  3.076981E-08  8.652465E-02  3.407300E-05  2.399597E-07  2.062704E-07  8.923562E-04  1.213380E-03  3.991310E-05  4.721292E-06  6.039939E-06  1.935848E-06
 3.011500E+02  1.066731E-01  2.363575E-05  1.025603E-09  1.357769E-09  1.513482E-09  1.819227E-09  1.981999E-01  1.773587E-04  7.641630E-07  5.991567E-01  6.678761E-03  3.434504E-04  1.279622E-05  1.135582E-03  1.166624E-07  4.158221E-07  2.968666E-08  8.544701E-02  3.252215E-05  2.330124E-07  2.001552E-07  8.763540E-04  1.191595E-03  3.749019E-05  4.428527E-06  5.667365E-06  1.841617E-06
 3.021500E+02  1.072137E-01  2.352814E-05  1.001363E-09  1.326045E-09  1.478209E-09  1.777291E-09  1.982320E-01  1.739382E-04  7.158929E-07  5.998439E-01  6.564465E-03  3.230208E-04  1.242269E-05  1.117601E-03  1.107616E-07  3.958501E-07  2.864609E-08  8.438518E-02  3.104983E-05  2.262886E-07  1.942414E-07  8.607452E-04  1.170347E-03  3.522904E-05  4.155753E-06  5.320115E-06  1.752483E-06
 3.031500E+02  1.077462E-01  2.341930E-05  9.777108E-10  1.295081E-09  1.443779E-09  1.736344E-09  1.982633E-01  1.706088E-04  6.709837E-07  6.005186E-01  6.452800E-03  3.039256E-04  1.206240E-05  1.099974E-03  1.051930E-07  3.769518E-07  2.764629E-08  8.333899E-02  2.965170E-05  2.197810E-07  1.885221E-07  8.455181E-04  1.149619E-03  3.311795E-05  3.901488E-06  4.996320E-06  1.668148E-06
 3.041500E+02  1.082708E-01  2.330930E-05  9.546361E-10  1.264862E-09  1.410174E-09  1.696366E-09  1.982938E-01  1.673674E-04  6.291812E-07  6.011813E-01  6.343695E-03  2.860703E-04  1.171482E-05  1.082696E-03  9.993624E-08  3.590640E-07  2.668557E-08  8.230827E-02  2.832372E-05  2.134822E-07  1.829907E-07  8.306615E-04  1.129398E-03  3.114612E-05  3.664369E-06  4.694259E-06  1.588329E-06
 3.051500E+02  1.087875E-01  2.319825E-05  9.321268E-10  1.235374E-09  1.377380E-09  1.657339E-09  1.983236E-01  1.642112E-04  5.902518E-07  6.018320E-01  6.237080E-03  2.693680E-04  1.137943E-05  1.065758E-03  9.497218E-08  3.421275E-07  2.576228E-08  8.129286E-02  2.706205E-05  2.073853E-07  1.776408E-07  8.161645E-04  1.109667E-03  2.930360E-05  3.443141E-06  4.412349E-06  1.512763E-06
 3.061500E+02  1.092965E-01  2.308621E-05  9.101712E-10  1.206601E-09  1.345379E-09  1.619244E-09  1.983526E-01  1.611375E-04  5.539810E-07  6.024711E-01  6.132888E-03  2.537379E-04  1.105574E-05  1.049153E-03  9.028307E-08  3.260870E-07  2.487485E-08  8.029257E-02  2.586309E-05  2.014836E-07  1.724660E-07  8.020166E-04  1.090413E-03  2.758117E-05  3.236646E-06  4.149127E-06  1.441204E-06
 3.071500E+02  1.097979E-01  2.297328E-05  8.887576E-10  1.178529E-09  1.314155E-09  1.582063E-09  1.983810E-01  1.581436E-04  5.201714E-07  6.030989E-01  6.031055E-03  2.391055E-04  1.074328E-05  1.032875E-03  8.585226E-08  3.108905E-07  2.402179E-08  7.930723E-02  2.472344E-05  1.957705E-07  1.674604E-07  7.882077E-04  1.071621E-03  2.597035E-05  3.043819E-06  3.903247E-06  1.373419E-06
 3.081500E+02  1.102917E-01  2.285954E-05  8.678744E-10  1.151143E-09  1.283692E-09  1.545778E-09  1.984086E-01  1.552270E-04  4.886412E-07  6.037155E-01  5.931516E-03  2.254018E-04  1.044162E-05  1.016917E-03  8.166423E-08  2.964893E-07  2.320165E-08  7.833665E-02  2.363991E-05  1.902397E-07  1.626182E-07  7.747280E-04  1.053279E-03  2.446329E-05  2.863676E-06  3.673467E-06  1.309192E-06
 3.091500E+02  1.107780E-01  2.274505E-05  8.475101E-10  1.124430E-09  1.253975E-09  1.510369E-09  1.984356E-01  1.523853E-04  4.592233E-07  6.043212E-01  5.834211E-03  2.125628E-04  1.015031E-05  1.001272E-03  7.770443E-08  2.828378E-07  2.241307E-08  7.738067E-02  2.260949E-05  1.848850E-07  1.579337E-07  7.615680E-04  1.035373E-03  2.305272E-05  2.695310E-06  3.458640E-06  1.248318E-06
 3.101500E+02  1.112569E-01  2.262990E-05  8.276534E-10  1.098373E-09  1.224987E-09  1.475819E-09  1.984619E-01  1.496161E-04  4.317636E-07  6.049163E-01  5.739080E-03  2.005295E-04  9.868954E-06  9.859337E-04  7.395925E-08  2.698931E-07  2.165474E-08  7.643909E-02  2.162933E-05  1.797006E-07  1.534015E-07  7.487184E-04  1.017890E-03  2.173193E-05  2.537884E-06  3.257706E-06  1.190608E-06
 3.111500E+02  1.117286E-01  2.251416E-05  8.082929E-10  1.072960E-09  1.196712E-09  1.442110E-09  1.984877E-01  1.469171E-04  4.061203E-07  6.055010E-01  5.646065E-03  1.892469E-04  9.597159E-06  9.708954E-04  7.041598E-08  2.576150E-07  2.092541E-08  7.551173E-02  2.069677E-05  1.746808E-07  1.490163E-07  7.361705E-04  1.000818E-03  2.049471E-05  2.390624E-06  3.069688E-06  1.135880E-06
 3.121500E+02  1.121930E-01  2.239788E-05  7.894174E-10  1.048176E-09  1.169135E-09  1.409222E-09  1.985128E-01  1.442863E-04  3.821625E-07  6.060754E-01  5.555110E-03  1.786643E-04  9.334552E-06  9.561509E-04  6.706270E-08  2.459659E-07  2.022386E-08  7.459841E-02  1.980927E-05  1.698200E-07  1.447732E-07  7.239156E-04  9.841461E-04  1.933532E-05  2.252815E-06  2.893682E-06  1.083967E-06
 3.131500E+02  1.126504E-01  2.228115E-05  7.710158E-10  1.024006E-09  1.142241E-09  1.377139E-09  1.985373E-01  1.417214E-04  3.597695E-07  6.066398E-01  5.466162E-03  1.687344E-04  9.080775E-06  9.416941E-04  6.388826E-08  2.349104E-07  1.954896E-08  7.369894E-02  1.896445E-05  1.651128E-07  1.406671E-07  7.119454E-04  9.678624E-04  1.824842E-05  2.123797E-06  2.728851E-06  1.034710E-06
 3.141500E+02  1.131008E-01  2.216403E-05  7.530773E-10  1.000437E-09  1.116013E-09  1.345842E-09  1.985613E-01  1.392204E-04  3.388299E-07  6.071944E-01  5.379166E-03  1.594136E-04  8.835485E-06  9.275188E-04  6.088221E-08  2.244151E-07  1.889961E-08  7.281314E-02  1.816008E-05  1.605542E-07  1.366935E-07  7.002519E-04  9.519560E-04  1.722909E-05  2.002960E-06  2.574422E-06  9.879604E-07
 3.151500E+02  1.135443E-01  2.204657E-05  7.355911E-10  9.774559E-10  1.090437E-09  1.315315E-09  1.985847E-01  1.367814E-04  3.192408E-07  6.077393E-01  5.294072E-03  1.506613E-04  8.598356E-06  9.136191E-04  5.803475E-08  2.144489E-07  1.827476E-08  7.194083E-02  1.739403E-05  1.561392E-07  1.328477E-07  6.888272E-04  9.364161E-04  1.627275E-05  1.889737E-06  2.429680E-06  9.435790E-07
 3.161500E+02  1.139810E-01  2.192883E-05  7.185465E-10  9.550481E-10  1.065498E-09  1.285538E-09  1.986075E-01  1.344025E-04  3.009074E-07  6.082749E-01  5.210830E-03  1.424398E-04  8.369074E-06  8.999893E-04  5.533673E-08  2.049825E-07  1.767340E-08  7.108182E-02  1.666431E-05  1.518628E-07  1.291253E-07  6.776640E-04  9.212326E-04  1.537517E-05  1.783607E-06  2.293962E-06  9.014342E-07
 3.171500E+02  1.144110E-01  2.181088E-05  7.019330E-10  9.332006E-10  1.041181E-09  1.256497E-09  1.986299E-01  1.320819E-04  2.837417E-07  6.088012E-01  5.129392E-03  1.347140E-04  8.147340E-06  8.866235E-04  5.277953E-08  1.959881E-07  1.709457E-08  7.023592E-02  1.596903E-05  1.477205E-07  1.255222E-07  6.667549E-04  9.063954E-04  1.453242E-05  1.684085E-06  2.166655E-06  8.614025E-07
 3.181500E+02  1.148344E-01  2.169276E-05  6.857403E-10  9.119001E-10  1.017471E-09  1.228173E-09  1.986517E-01  1.298179E-04  2.676626E-07  6.093185E-01  5.049711E-03  1.274515E-04  7.932867E-06  8.735163E-04  5.035509E-08  1.874399E-07  1.653736E-08  6.940295E-02  1.530640E-05  1.437077E-07  1.220341E-07  6.560928E-04  8.918949E-04  1.374084E-05  1.590721E-06  2.047189E-06  8.233677E-07
 3.191500E+02  1.152513E-01  2.157453E-05  6.699582E-10  8.911337E-10  9.943540E-10  1.200550E-09  1.986731E-01  1.276086E-04  2.525951E-07  6.098269E-01  4.971741E-03  1.206221E-04  7.725379E-06  8.606621E-04  4.805584E-08  1.793136E-07  1.600087E-08  6.858272E-02  1.467475E-05  1.398202E-07  1.186573E-07  6.456709E-04  8.777218E-04  1.299704E-05  1.503101E-06  1.935038E-06  7.872207E-07
 3.201500E+02  1.156618E-01  2.145624E-05  6.545768E-10  8.708887E-10  9.718161E-10  1.173611E-09  1.986939E-01  1.254526E-04  2.384695E-07  6.103266E-01  4.895439E-03  1.141977E-04  7.524613E-06  8.480555E-04  4.587469E-08  1.715861E-07  1.548428E-08  6.777506E-02  1.407249E-05  1.360537E-07  1.153877E-07  6.354826E-04  8.638670E-04  1.229790E-05  1.420838E-06  1.829712E-06  7.528587E-07
 3.211500E+02  1.160659E-01  2.133794E-05  6.395862E-10  8.511524E-10  9.498431E-10  1.147340E-09  1.987143E-01  1.233482E-04  2.252217E-07  6.108178E-01  4.820761E-03  1.081520E-04  7.330318E-06  8.356914E-04  4.380496E-08  1.642358E-07  1.498678E-08  6.697978E-02  1.349811E-05  1.324041E-07  1.122218E-07  6.255216E-04  8.503219E-04  1.164047E-05  1.343575E-06  1.730758E-06  7.201848E-07
 3.221500E+02  1.164639E-01  2.121966E-05  6.249768E-10  8.319124E-10  9.284215E-10  1.121722E-09  1.987343E-01  1.212938E-04  2.127920E-07  6.113007E-01  4.747665E-03  1.024609E-04  7.142252E-06  8.235645E-04  4.184040E-08  1.572425E-07  1.450758E-08  6.619670E-02  1.295020E-05  1.288676E-07  1.091561E-07  6.157815E-04  8.370778E-04  1.102205E-05  1.270981E-06  1.637754E-06  6.891080E-07
 3.231500E+02  1.168557E-01  2.110147E-05  6.107391E-10  8.131568E-10  9.075377E-10  1.096740E-09  1.987538E-01  1.192882E-04  2.011252E-07  6.117754E-01  4.676112E-03  9.710154E-05  6.960183E-06  8.116698E-04  3.997514E-08  1.505870E-07  1.404597E-08  6.542564E-02  1.242743E-05  1.254403E-07  1.061870E-07  6.062565E-04  8.241267E-04  1.044011E-05  1.202746E-06  1.550310E-06  6.595425E-07
 3.241500E+02  1.172414E-01  2.098340E-05  5.968638E-10  7.948734E-10  8.871787E-10  1.072380E-09  1.987729E-01  1.173297E-04  1.901701E-07  6.122420E-01  4.606063E-03  9.205298E-05  6.783889E-06  8.000025E-04  3.820365E-08  1.442513E-07  1.360122E-08  6.466641E-02  1.192851E-05  1.221187E-07  1.033113E-07  5.969408E-04  8.114606E-04  9.892297E-06  1.138585E-06  1.468062E-06  6.314076E-07
 3.251500E+02  1.176212E-01  2.086548E-05  5.833418E-10  7.770507E-10  8.673313E-10  1.048626E-09  1.987916E-01  1.154170E-04  1.798792E-07  6.127008E-01  4.537478E-03  8.729553E-05  6.613159E-06  7.885576E-04  3.652074E-08  1.382183E-07  1.317266E-08  6.391885E-02  1.145226E-05  1.188991E-07  1.005258E-07  5.878286E-04  7.990718E-04  9.376431E-06  1.078232E-06  1.390672E-06  6.046272E-07
 3.261500E+02  1.179951E-01  2.074776E-05  5.701642E-10  7.596771E-10  8.479830E-10  1.025463E-09  1.988099E-01  1.135489E-04  1.702085E-07  6.131518E-01  4.470322E-03  8.281089E-05  6.447787E-06  7.773304E-04  3.492154E-08  1.324722E-07  1.275965E-08  6.318278E-02  1.099753E-05  1.157782E-07  9.782744E-08  5.789145E-04  7.869529E-04  8.890475E-06  1.021440E-06  1.317827E-06  5.791294E-07
 3.271500E+02  1.183633E-01  2.063028E-05  5.573222E-10  7.427415E-10  8.291212E-10  1.002877E-09  1.988277E-01  1.117240E-04  1.611170E-07  6.135953E-01  4.404557E-03  7.858200E-05  6.287579E-06  7.663162E-04  3.340145E-08  1.269978E-07  1.236157E-08  6.245801E-02  1.056327E-05  1.127527E-07  9.521323E-08  5.701933E-04  7.750966E-04  8.432534E-06  9.679793E-07  1.249234E-06  5.548466E-07
 3.281500E+02  1.187258E-01  2.051307E-05  5.448072E-10  7.262327E-10  8.107338E-10  9.808532E-10  1.988452E-01  1.099411E-04  1.525667E-07  6.140313E-01  4.340150E-03  7.459293E-05  6.132347E-06  7.555107E-04  3.195616E-08  1.217809E-07  1.197782E-08  6.174438E-02  1.014845E-05  1.098194E-07  9.268033E-08  5.616598E-04  7.634960E-04  8.000842E-06  9.176355E-07  1.184621E-06  5.317152E-07
 3.291500E+02  1.190827E-01  2.039615E-05  5.326110E-10  7.101400E-10  7.928088E-10  9.593780E-10  1.988623E-01  1.081990E-04  1.445225E-07  6.144601E-01  4.277067E-03  7.082885E-05  5.981911E-06  7.449093E-04  3.058163E-08  1.168080E-07  1.160783E-08  6.104171E-02  9.752117E-06  1.069752E-07  9.022596E-08  5.533091E-04  7.521442E-04  7.593755E-06  8.702100E-07  1.123736E-06  5.096748E-07
 3.301500E+02  1.194341E-01  2.027958E-05  5.207252E-10  6.944528E-10  7.753345E-10  9.384376E-10  1.988791E-01  1.064966E-04  1.369514E-07  6.148817E-01  4.215273E-03  6.727589E-05  5.836099E-06  7.345076E-04  2.927401E-08  1.120667E-07  1.125106E-08  6.034983E-02  9.373359E-06  1.042173E-07  8.784747E-08  5.451364E-04  7.410347E-04  7.209738E-06  8.255175E-07  1.066343E-06  4.886689E-07
 3.311500E+02  1.197801E-01  2.016336E-05  5.091418E-10  6.791608E-10  7.582994E-10  9.180185E-10  1.988955E-01  1.048327E-04  1.298229E-07  6.152963E-01  4.154739E-03  6.392113E-05  5.694745E-06  7.243015E-04  2.802972E-08  1.075448E-07  1.090699E-08  5.966858E-02  9.011318E-06  1.015426E-07  8.554228E-08  5.371370E-04  7.301612E-04  6.847360E-06  7.833856E-07  1.012223E-06  4.686439E-07
 3.321500E+02  1.201207E-01  2.004754E-05  4.978530E-10  6.642538E-10  7.416922E-10  8.981076E-10  1.989116E-01  1.032062E-04  1.231088E-07  6.157041E-01  4.095431E-03  6.075248E-05  5.557691E-06  7.142868E-04  2.684538E-08  1.032311E-07  1.057512E-08  5.899778E-02  8.665179E-06  9.894855E-08  8.330793E-08  5.293063E-04  7.195175E-04  6.505288E-06  7.436536E-07  9.611705E-07  4.495491E-07
 3.331500E+02  1.204561E-01  1.993214E-05  4.868511E-10  6.497220E-10  7.255021E-10  8.786919E-10  1.989273E-01  1.016162E-04  1.167826E-07  6.161051E-01  4.037321E-03  5.775865E-05  5.424783E-06  7.044594E-04  2.571778E-08  9.911506E-08  1.025497E-08  5.833728E-02  8.334170E-06  9.643240E-08  8.114202E-08  5.216401E-04  7.090976E-04  6.182275E-06  7.061715E-07  9.129954E-07  4.313370E-07
 3.341500E+02  1.207864E-01  1.981718E-05  4.761287E-10  6.355556E-10  7.097183E-10  8.597590E-10  1.989427E-01  1.000615E-04  1.108197E-07  6.164995E-01  3.980378E-03  5.492911E-05  5.295876E-06  6.948153E-04  2.464393E-08  9.518657E-08  9.946084E-09  5.768690E-02  8.017561E-06  9.399159E-08  7.904224E-08  5.141340E-04  6.988956E-04  5.877159E-06  6.707997E-07  8.675197E-07  4.139625E-07
 3.351500E+02  1.211115E-01  1.970270E-05  4.656783E-10  6.217452E-10  6.943304E-10  8.412965E-10  1.989578E-01  9.854128E-05  1.051972E-07  6.168874E-01  3.924575E-03  5.225399E-05  5.170828E-06  6.853506E-04  2.362100E-08  9.143614E-08  9.648021E-09  5.704648E-02  7.714658E-06  9.162363E-08  7.700639E-08  5.067839E-04  6.889060E-04  5.588853E-06  6.374080E-07  8.245773E-07  3.973829E-07
 3.361500E+02  1.214317E-01  1.958870E-05  4.554929E-10  6.082816E-10  6.793279E-10  8.232924E-10  1.989726E-01  9.705452E-05  9.989377E-08  6.172689E-01  3.869883E-03  4.972407E-05  5.049506E-06  6.760616E-04  2.264631E-08  8.785481E-08  9.360363E-09  5.641588E-02  7.424807E-06  8.932613E-08  7.503230E-08  4.995858E-04  6.791233E-04  5.316341E-06  6.058747E-07  7.840135E-07  3.815582E-07
 3.371500E+02  1.217469E-01  1.947523E-05  4.455655E-10  5.951558E-10  6.647011E-10  8.057349E-10  1.989870E-01  9.560031E-05  9.488958E-08  6.176442E-01  3.816276E-03  4.733073E-05  4.931778E-06  6.669446E-04  2.171735E-08  8.443411E-08  9.082706E-09  5.579492E-02  7.147383E-06  8.709678E-08  7.311791E-08  4.925359E-04  6.695423E-04  5.058677E-06  5.760863E-07  7.456836E-07  3.664502E-07
 3.381500E+02  1.220574E-01  1.936228E-05  4.358892E-10  5.823589E-10  6.504400E-10  7.886125E-10  1.990012E-01  9.417778E-05  9.016604E-08  6.180134E-01  3.763728E-03  4.506589E-05  4.817521E-06  6.579958E-04  2.083173E-08  8.116604E-08  8.814663E-09  5.518345E-02  6.881797E-06  8.493335E-08  7.126123E-08  4.856304E-04  6.601577E-04  4.814971E-06  5.479369E-07  7.094524E-07  3.520231E-07
 3.391500E+02  1.223630E-01  1.924989E-05  4.264574E-10  5.698823E-10  6.365352E-10  7.719140E-10  1.990151E-01  9.278606E-05  8.570588E-08  6.183765E-01  3.712212E-03  4.292200E-05  4.706615E-06  6.492117E-04  1.998723E-08  7.804301E-08  8.555865E-09  5.458132E-02  6.627490E-06  8.283368E-08  6.946033E-08  4.788657E-04  6.509646E-04  4.584396E-06  5.213274E-07  6.751936E-07  3.382429E-07
 3.401500E+02  1.226640E-01  1.913807E-05  4.172636E-10  5.577177E-10  6.229773E-10  7.556284E-10  1.990287E-01  9.142433E-05  8.149295E-08  6.187338E-01  3.661705E-03  4.089199E-05  4.598945E-06  6.405889E-04  1.918173E-08  7.505786E-08  8.305958E-09  5.398837E-02  6.383930E-06  8.079568E-08  6.771336E-08  4.722381E-04  6.419582E-04  4.366174E-06  4.961652E-07  6.427894E-07  3.250774E-07
 3.411500E+02  1.229604E-01  1.902685E-05  4.083016E-10  5.458568E-10  6.097572E-10  7.397451E-10  1.990421E-01  9.009178E-05  7.751219E-08  6.190853E-01  3.612181E-03  3.896922E-05  4.494399E-06  6.321239E-04  1.841322E-08  7.220381E-08  8.064600E-09  5.340447E-02  6.150614E-06  7.881736E-08  6.601853E-08  4.657443E-04  6.331338E-04  4.159580E-06  4.723640E-07  6.121292E-07  3.124964E-07
 3.421500E+02  1.232522E-01  1.891622E-05  3.995651E-10  5.342916E-10  5.968662E-10  7.242535E-10  1.990551E-01  8.878763E-05  7.374952E-08  6.194311E-01  3.563619E-03  3.714748E-05  4.392873E-06  6.238134E-04  1.767983E-08  6.947446E-08  7.831467E-09  5.282944E-02  5.927064E-06  7.689676E-08  6.437410E-08  4.593808E-04  6.244868E-04  3.963932E-06  4.498427E-07  5.831099E-07  3.004710E-07
 3.431500E+02  1.235397E-01  1.880622E-05  3.910482E-10  5.230144E-10  5.842954E-10  7.091436E-10  1.990679E-01  8.751112E-05  7.019181E-08  6.197713E-01  3.515994E-03  3.542096E-05  4.294263E-06  6.156541E-04  1.697977E-08  6.686373E-08  7.606246E-09  5.226316E-02  5.712825E-06  7.503203E-08  6.277842E-08  4.531446E-04  6.160128E-04  3.778594E-06  4.285257E-07  5.556348E-07  2.889740E-07
 3.441500E+02  1.238227E-01  1.869685E-05  3.827449E-10  5.120176E-10  5.720366E-10  6.944053E-10  1.990805E-01  8.626154E-05  6.682677E-08  6.201061E-01  3.469286E-03  3.378419E-05  4.198472E-06  6.076430E-04  1.631137E-08  6.436588E-08  7.388636E-09  5.170548E-02  5.507468E-06  7.322134E-08  6.122986E-08  4.470324E-04  6.077076E-04  3.602969E-06  4.083422E-07  5.296136E-07  2.779796E-07
 3.451500E+02  1.241014E-01  1.858813E-05  3.746496E-10  5.012938E-10  5.600815E-10  6.800290E-10  1.990928E-01  8.503817E-05  6.364291E-08  6.204355E-01  3.423471E-03  3.223206E-05  4.105404E-06  5.997767E-04  1.567303E-08  6.197546E-08  7.178352E-09  5.115625E-02  5.310583E-06  7.146296E-08  5.972689E-08  4.410411E-04  5.995668E-04  3.436497E-06  3.892259E-07  5.049616E-07  2.674635E-07
 3.461500E+02  1.243759E-01  1.848007E-05  3.667567E-10  4.908356E-10  5.484220E-10  6.660052E-10  1.991049E-01  8.384032E-05  6.062949E-08  6.207596E-01  3.378530E-03  3.075977E-05  4.014969E-06  5.920524E-04  1.506326E-08  5.968731E-08  6.975116E-09  5.061534E-02  5.121781E-06  6.975519E-08  5.826801E-08  4.351679E-04  5.915866E-04  3.278654E-06  3.711146E-07  4.815993E-07  2.574026E-07
 3.471500E+02  1.246462E-01  1.837268E-05  3.590609E-10  4.806362E-10  5.370504E-10  6.523247E-10  1.991167E-01  8.266734E-05  5.777646E-08  6.210786E-01  3.334442E-03  2.936279E-05  3.927079E-06  5.844671E-04  1.448062E-08  5.749655E-08  6.778665E-09  5.008260E-02  4.940693E-06  6.809642E-08  5.685177E-08  4.294098E-04  5.837630E-04  3.128948E-06  3.539502E-07  4.594526E-07  2.477750E-07
 3.481500E+02  1.249125E-01  1.826597E-05  3.515567E-10  4.706887E-10  5.259590E-10  6.389785E-10  1.991283E-01  8.151857E-05  5.507442E-08  6.213925E-01  3.291187E-03  2.803691E-05  3.841650E-06  5.770177E-04  1.392379E-08  5.539856E-08  6.588745E-09  4.955791E-02  4.766969E-06  6.648506E-08  5.547677E-08  4.237640E-04  5.760922E-04  2.986918E-06  3.376783E-07  4.384516E-07  2.385599E-07
 3.491500E+02  1.251747E-01  1.815996E-05  3.442392E-10  4.609863E-10  5.151405E-10  6.259579E-10  1.991397E-01  8.039339E-05  5.251455E-08  6.217014E-01  3.248745E-03  2.677814E-05  3.758601E-06  5.697015E-04  1.339148E-08  5.338894E-08  6.405113E-09  4.904112E-02  4.600276E-06  6.491961E-08  5.414168E-08  4.182278E-04  5.685704E-04  2.852130E-06  3.222476E-07  4.185311E-07  2.297377E-07
 3.501500E+02  1.254330E-01  1.805464E-05  3.371032E-10  4.515226E-10  5.045876E-10  6.132543E-10  1.991509E-01  7.929120E-05  5.008862E-08  6.220055E-01  3.207099E-03  2.558276E-05  3.677854E-06  5.625158E-04  1.288250E-08  5.146354E-08  6.227535E-09  4.853211E-02  4.440295E-06  6.339859E-08  5.284519E-08  4.127986E-04  5.611940E-04  2.724178E-06  3.076102E-07  3.996298E-07  2.212897E-07
 3.511500E+02  1.256873E-01  1.795003E-05  3.301440E-10  4.422912E-10  4.942933E-10  6.008594E-10  1.991619E-01  7.821141E-05  4.778890E-08  6.223047E-01  3.166229E-03  2.444726E-05  3.599334E-06  5.554577E-04  1.239571E-08  4.961840E-08  6.055788E-09  4.803075E-02  4.286727E-06  6.192060E-08  5.158606E-08  4.074738E-04  5.539597E-04  2.602681E-06  2.937212E-07  3.816902E-07  2.131983E-07
 3.521500E+02  1.259379E-01  1.784613E-05  3.233568E-10  4.332860E-10  4.842507E-10  5.887651E-10  1.991726E-01  7.715346E-05  4.560813E-08  6.225992E-01  3.126119E-03  2.336833E-05  3.522968E-06  5.485247E-04  1.193002E-08  4.784978E-08  5.889655E-09  4.753690E-02  4.139283E-06  6.048426E-08  5.036308E-08  4.022509E-04  5.468639E-04  2.487279E-06  2.805385E-07  3.646583E-07  2.054468E-07
 3.531500E+02  1.261847E-01  1.774296E-05  3.167369E-10  4.245009E-10  4.744532E-10  5.769634E-10  1.991832E-01  7.611677E-05  4.353954E-08  6.228892E-01  3.086750E-03  2.234287E-05  3.448687E-06  5.417141E-04  1.148443E-08  4.615413E-08  5.728932E-09  4.705045E-02  3.997693E-06  5.908826E-08  4.917508E-08  3.971274E-04  5.399033E-04  2.377635E-06  2.680223E-07  3.484834E-07  1.980191E-07
 3.541500E+02  1.264278E-01  1.764052E-05  3.102799E-10  4.159302E-10  4.648942E-10  5.654469E-10  1.991935E-01  7.510084E-05  4.157675E-08  6.231745E-01  3.048106E-03  2.136798E-05  3.376423E-06  5.350233E-04  1.105796E-08  4.452809E-08  5.573420E-09  4.657126E-02  3.861697E-06  5.773131E-08  4.802093E-08  3.921011E-04  5.330748E-04  2.273434E-06  2.561356E-07  3.331179E-07  1.909003E-07
 3.551500E+02  1.266672E-01  1.753881E-05  3.039815E-10  4.075681E-10  4.555675E-10  5.542078E-10  1.992037E-01  7.410512E-05  3.971378E-08  6.234555E-01  3.010170E-03  2.044090E-05  3.306112E-06  5.284500E-04  1.064970E-08  4.296844E-08  5.422928E-09  4.609923E-02  3.731047E-06  5.641220E-08  4.689954E-08  3.871696E-04  5.263752E-04  2.174377E-06  2.448433E-07  3.185170E-07  1.840760E-07
 3.561500E+02  1.269031E-01  1.743784E-05  2.978373E-10  3.994091E-10  4.464669E-10  5.432390E-10  1.992136E-01  7.312913E-05  3.794503E-08  6.237320E-01  2.972927E-03  1.955906E-05  3.237691E-06  5.219917E-04  1.025878E-08  4.147215E-08  5.277274E-09  4.563421E-02  3.605509E-06  5.512972E-08  4.580988E-08  3.823307E-04  5.198015E-04  2.080183E-06  2.341127E-07  3.046389E-07  1.775327E-07
 3.571500E+02  1.271355E-01  1.733761E-05  2.918433E-10  3.914478E-10  4.375864E-10  5.325334E-10  1.992234E-01  7.217236E-05  3.626524E-08  6.240043E-01  2.936360E-03  1.872002E-05  3.171101E-06  5.156460E-04  9.884386E-09  4.003634E-08  5.136283E-09  4.517611E-02  3.484860E-06  5.388274E-08  4.475093E-08  3.775822E-04  5.133508E-04  1.990590E-06  2.239128E-07  2.914438E-07  1.712573E-07
 3.581500E+02  1.273644E-01  1.723813E-05  2.859953E-10  3.836789E-10  4.289201E-10  5.220840E-10  1.992330E-01  7.123435E-05  3.466946E-08  6.242724E-01  2.900455E-03  1.792150E-05  3.106284E-06  5.094106E-04  9.525728E-09  3.865826E-08  4.999786E-09  4.472480E-02  3.368886E-06  5.267013E-08  4.372170E-08  3.729221E-04  5.070201E-04  1.905350E-06  2.142148E-07  2.788947E-07  1.652378E-07
 3.591500E+02  1.275899E-01  1.713940E-05  2.802896E-10  3.760973E-10  4.204625E-10  5.118841E-10  1.992424E-01  7.031463E-05  3.315304E-08  6.245363E-01  2.865197E-03  1.716133E-05  3.043183E-06  5.032833E-04  9.182072E-09  3.733531E-08  4.867621E-09  4.428016E-02  3.257386E-06  5.149084E-08  4.272126E-08  3.683482E-04  5.008067E-04  1.824229E-06  2.049914E-07  2.669566E-07  1.594624E-07
 3.601500E+02  1.278121E-01  1.704142E-05  2.747223E-10  3.686982E-10  4.122079E-10  5.019272E-10  1.992517E-01  6.941276E-05  3.171162E-08  6.247962E-01  2.830572E-03  1.643749E-05  2.981746E-06  4.972617E-04  8.852715E-09  3.606501E-08  4.739634E-09  4.384209E-02  3.150165E-06  5.034382E-08  4.174870E-08  3.638587E-04  4.947079E-04  1.747007E-06  1.962167E-07  2.555965E-07  1.539200E-07
 3.611500E+02  1.280310E-01  1.694420E-05  2.692897E-10  3.614766E-10  4.041511E-10  4.922069E-10  1.992608E-01  6.852830E-05  3.034110E-08  6.250521E-01  2.796565E-03  1.574806E-05  2.921919E-06  4.913438E-04  8.536993E-09  3.484501E-08  4.615675E-09  4.341048E-02  3.047040E-06  4.922807E-08  4.080313E-08  3.594514E-04  4.887210E-04  1.673478E-06  1.878668E-07  2.447837E-07  1.486002E-07
 3.621500E+02  1.282467E-01  1.684774E-05  2.639882E-10  3.544278E-10  3.962867E-10  4.827171E-10  1.992697E-01  6.766083E-05  2.903761E-08  6.253040E-01  2.763163E-03  1.509124E-05  2.863654E-06  4.855274E-04  8.234275E-09  3.367306E-08  4.495600E-09  4.298521E-02  2.947836E-06  4.814262E-08  3.988371E-08  3.551247E-04  4.828435E-04  1.603445E-06  1.799189E-07  2.344887E-07  1.434929E-07
 3.631500E+02  1.284592E-01  1.675203E-05  2.588142E-10  3.475473E-10  3.886098E-10  4.734516E-10  1.992784E-01  6.680993E-05  2.779754E-08  6.255522E-01  2.730353E-03  1.446533E-05  2.806901E-06  4.798105E-04  7.943961E-09  3.254705E-08  4.379271E-09  4.256618E-02  2.852385E-06  4.708655E-08  3.898961E-08  3.508765E-04  4.770728E-04  1.536726E-06  1.723515E-07  2.246843E-07  1.385887E-07
 3.641500E+02  1.286686E-01  1.665708E-05  2.537645E-10  3.408306E-10  3.811153E-10  4.644046E-10  1.992870E-01  6.597522E-05  2.661745E-08  6.257965E-01  2.698122E-03  1.386871E-05  2.751614E-06  4.741911E-04  7.665483E-09  3.146495E-08  4.266557E-09  4.215329E-02  2.760529E-06  4.605894E-08  3.812005E-08  3.467052E-04  4.714066E-04  1.473147E-06  1.651445E-07  2.153444E-07  1.338786E-07
 3.651500E+02  1.288749E-01  1.656290E-05  2.488357E-10  3.342734E-10  3.737985E-10  4.555704E-10  1.992955E-01  6.515630E-05  2.549414E-08  6.260372E-01  2.666456E-03  1.329989E-05  2.697749E-06  4.686671E-04  7.398300E-09  3.042483E-08  4.157329E-09  4.174642E-02  2.672116E-06  4.505892E-08  3.727425E-08  3.426090E-04  4.658424E-04  1.412545E-06  1.582789E-07  2.064448E-07  1.293538E-07
 3.661500E+02  1.290782E-01  1.646947E-05  2.440246E-10  3.278715E-10  3.666546E-10  4.469434E-10  1.993038E-01  6.435280E-05  2.442459E-08  6.262742E-01  2.635344E-03  1.275742E-05  2.645262E-06  4.632366E-04  7.141898E-09  2.942486E-08  4.051466E-09  4.134549E-02  2.587000E-06  4.408566E-08  3.645149E-08  3.385863E-04  4.603780E-04  1.354765E-06  1.517368E-07  1.979624E-07  1.250063E-07
 3.671500E+02  1.292785E-01  1.637680E-05  2.393280E-10  3.216209E-10  3.596792E-10  4.385183E-10  1.993119E-01  6.356435E-05  2.340593E-08  6.265077E-01  2.604774E-03  1.223996E-05  2.594110E-06  4.578978E-04  6.895792E-09  2.846329E-08  3.948850E-09  4.095039E-02  2.505044E-06  4.313833E-08  3.565104E-08  3.346352E-04  4.550112E-04  1.299662E-06  1.455012E-07  1.898756E-07  1.208283E-07
 3.681500E+02  1.294760E-01  1.628490E-05  2.347429E-10  3.155174E-10  3.528677E-10  4.302897E-10  1.993199E-01  6.279060E-05  2.243549E-08  6.267376E-01  2.574734E-03  1.174623E-05  2.544254E-06  4.526487E-04  6.659516E-09  2.753846E-08  3.849367E-09  4.056101E-02  2.426115E-06  4.221615E-08  3.487221E-08  3.307544E-04  4.497397E-04  1.247099E-06  1.395564E-07  1.821639E-07  1.168123E-07
 3.691500E+02  1.296705E-01  1.619375E-05  2.302663E-10  3.095572E-10  3.462160E-10  4.222526E-10  1.993278E-01  6.203120E-05  2.151074E-08  6.269641E-01  2.545213E-03  1.127503E-05  2.495655E-06  4.474877E-04  6.432630E-09  2.664879E-08  3.752909E-09  4.017727E-02  2.350089E-06  4.131835E-08  3.411435E-08  3.269421E-04  4.445614E-04  1.196946E-06  1.338872E-07  1.748080E-07  1.129514E-07
 3.701500E+02  1.298623E-01  1.610336E-05  2.258954E-10  3.037367E-10  3.397198E-10  4.144020E-10  1.993355E-01  6.128582E-05  2.062928E-08  6.271872E-01  2.516199E-03  1.082523E-05  2.448275E-06  4.424128E-04  6.214717E-09  2.579277E-08  3.659371E-09  3.979908E-02  2.276845E-06  4.044420E-08  3.337680E-08  3.231970E-04  4.394742E-04  1.149080E-06  1.284796E-07  1.677896E-07  1.092387E-07
 3.711500E+02  1.300513E-01  1.601373E-05  2.216274E-10  2.980520E-10  3.333750E-10  4.067330E-10  1.993431E-01  6.055413E-05  1.978887E-08  6.274070E-01  2.487682E-03  1.039574E-05  2.402078E-06  4.374225E-04  6.005377E-09  2.496897E-08  3.568653E-09  3.942633E-02  2.206269E-06  3.959298E-08  3.265894E-08  3.195174E-04  4.344762E-04  1.103387E-06  1.233200E-07  1.610917E-07  1.056680E-07
 3.721500E+02  1.302375E-01  1.592485E-05  2.174596E-10  2.924998E-10  3.271776E-10  3.992409E-10  1.993506E-01  5.983581E-05  1.898739E-08  6.276235E-01  2.459651E-03  9.985556E-06  2.357027E-06  4.325149E-04  5.804232E-09  2.417601E-08  3.480657E-09  3.905893E-02  2.138251E-06  3.876401E-08  3.196018E-08  3.159020E-04  4.295654E-04  1.059756E-06  1.183959E-07  1.546979E-07  1.022330E-07
 3.731500E+02  1.304211E-01  1.583673E-05  2.133893E-10  2.870764E-10  3.211239E-10  3.919211E-10  1.993579E-01  5.913056E-05  1.822283E-08  6.278368E-01  2.432097E-03  9.593717E-06  2.313091E-06  4.276885E-04  5.610921E-09  2.341260E-08  3.395291E-09  3.869680E-02  2.072687E-06  3.795662E-08  3.127992E-08  3.123494E-04  4.247398E-04  1.018085E-06  1.136954E-07  1.485930E-07  9.892810E-08
