#         T/K            c1          c2-1          c3-4          c3-5          c3-7          c3-9            m1          m2-1          m3-1            w1            w2          w3-1          w3-2          c1m1        c1m2-1        c1m2-7        c2m1-1        c1w1-2        c1w2-1        c2w1-1        c2w1-9        m1w1-1        m1w1-4        m1w2-1        m2w1-1        m2w1-3      c1m1w1-1
 2.731500E+02  3.088320E-02  3.026803E-06  7.854221E-11  1.030886E-10  1.146942E-10  1.367586E-10  3.946721E-01  1.256325E-03  4.316453E-05  5.176585E-01  8.818344E-03  1.527902E-03  2.143809E-05  1.222978E-03  7.399965E-07  2.428163E-06  1.932962E-08  3.697598E-02  3.461991E-05  5.561115E-08  4.883248E-08  2.646941E-03  3.603200E-03  3.839599E-04  1.059941E-04  1.342430E-04  4.857097E-06
 2.741500E+02  3.114335E-02  3.022131E-06  7.673293E-11  1.007479E-10  1.120985E-10  1.337056E-10  3.948051E-01  1.226904E-03  3.987322E-05  5.182995E-01  8.631452E-03  1.417568E-03  2.066294E-05  1.201800E-03  6.960291E-07  2.291289E-06  1.857825E-08  3.647840E-02  3.277278E-05  5.385454E-08  4.724920E-08  2.589180E-03  3.524348E-03  3.559021E-04  9.809936E-05  1.242936E-04  4.580607E-06
 2.751500E+02  3.140013E-02  3.016918E-06  7.495781E-11  9.845033E-11  1.095501E-10  1.307070E-10  3.949332E-01  1.198394E-03  3.685515E-05  5.189199E-01  8.449509E-03  1.315844E-03  1.992032E-05  1.181034E-03  6.549210E-07  2.162898E-06  1.785826E-08  3.598708E-02  3.103281E-05  5.215565E-08  4.571948E-08  2.533051E-03  3.447734E-03  3.300673E-04  9.084367E-05  1.151461E-04  4.321282E-06
 2.761500E+02  3.165352E-02  3.011180E-06  7.321672E-11  9.619564E-11  1.070491E-10  1.277626E-10  3.950564E-01  1.170760E-03  3.408591E-05  5.195207E-01  8.272382E-03  1.222015E-03  1.920876E-05  1.160674E-03  6.164715E-07  2.042420E-06  1.716829E-08  3.550203E-02  2.939338E-05  5.051265E-08  4.424159E-08  2.478501E-03  3.373286E-03  3.062671E-04  8.417156E-05  1.067311E-04  4.077980E-06
 2.771500E+02  3.190353E-02  3.004934E-06  7.150953E-11  9.398377E-11  1.045953E-10  1.248726E-10  3.951752E-01  1.143970E-03  3.154342E-05  5.201028E-01  8.099939E-03  1.135427E-03  1.852685E-05  1.140710E-03  5.804951E-07  1.929327E-06  1.650703E-08  3.502327E-02  2.784832E-05  4.892379E-08  4.281381E-08  2.425481E-03  3.300935E-03  2.843301E-04  7.803263E-05  9.898561E-05  3.849638E-06
 2.781500E+02  3.215015E-02  2.998197E-06  6.983608E-11  9.181456E-11  1.021885E-10  1.220366E-10  3.952896E-01  1.117994E-03  2.920768E-05  5.206673E-01  7.932050E-03  1.055486E-03  1.787326E-05  1.121137E-03  5.468198E-07  1.823128E-06  1.587322E-08  3.455082E-02  2.639184E-05  4.738736E-08  4.143451E-08  2.373943E-03  3.230615E-03  2.641000E-04  7.238110E-05  9.185235E-05  3.635270E-06
 2.791500E+02  3.239340E-02  2.990985E-06  6.819620E-11  8.968783E-11  9.982868E-11  1.192547E-10  3.954000E-01  1.092802E-03  2.706058E-05  5.212148E-01  7.768588E-03  9.816457E-04  1.724669E-05  1.101947E-03  5.152868E-07  1.723369E-06  1.526568E-08  3.408468E-02  2.501852E-05  4.590168E-08  4.010206E-08  2.323838E-03  3.162259E-03  2.454345E-04  6.717539E-05  8.527930E-05  3.433957E-06
 2.801500E+02  3.263327E-02  2.983315E-06  6.658967E-11  8.760339E-11  9.751549E-11  1.165266E-10  3.955066E-01  1.068366E-03  2.508571E-05  5.217464E-01  7.609429E-03  9.134090E-04  1.664592E-05  1.083132E-03  4.857489E-07  1.629627E-06  1.468327E-08  3.362484E-02  2.372329E-05  4.446514E-08  3.881493E-08  2.275122E-03  3.095806E-03  2.282039E-04  6.237768E-05  7.921913E-05  3.244844E-06
 2.811500E+02  3.286978E-02  2.975206E-06  6.501627E-11  8.556097E-11  9.524872E-11  1.138520E-10  3.956094E-01  1.044658E-03  2.326817E-05  5.222626E-01  7.454449E-03  8.503212E-04  1.606978E-05  1.064687E-03  4.580696E-07  1.541508E-06  1.412491E-08  3.317130E-02  2.250142E-05  4.307617E-08  3.757161E-08  2.227750E-03  3.031195E-03  2.122898E-04  5.795357E-05  7.362877E-05  3.067137E-06
 2.821500E+02  3.310294E-02  2.966672E-06  6.347575E-11  8.356032E-11  9.302806E-11  1.112308E-10  3.957088E-01  1.021654E-03  2.159444E-05  5.227642E-01  7.303530E-03  7.919666E-04  1.551717E-05  1.046604E-03  4.321226E-07  1.458646E-06  1.358954E-08  3.272404E-02  2.134844E-05  4.173322E-08  3.637061E-08  2.181680E-03  2.968366E-03  1.975843E-04  5.387175E-05  6.846901E-05  2.900097E-06
 2.831500E+02  3.333276E-02  2.957732E-06  6.196782E-11  8.160112E-11  9.085319E-11  1.086625E-10  3.958048E-01  9.993272E-04  2.005225E-05  5.232519E-01  7.156554E-03  7.379647E-04  1.498701E-05  1.028877E-03  4.077907E-07  1.380703E-06  1.307619E-08  3.228304E-02  2.026020E-05  4.043481E-08  3.521054E-08  2.136870E-03  2.907262E-03  1.839887E-04  5.010370E-05  6.370412E-05  2.743033E-06
 2.841500E+02  3.355926E-02  2.948403E-06  6.049220E-11  7.968303E-11  8.872376E-11  1.061469E-10  3.958977E-01  9.776543E-04  1.863045E-05  5.237262E-01  7.013408E-03  6.879678E-04  1.447829E-05  1.011498E-03  3.849652E-07  1.307360E-06  1.258391E-08  3.184828E-02  1.923282E-05  3.917948E-08  3.409000E-08  2.093281E-03  2.847829E-03  1.714130E-04  4.662343E-05  5.930154E-05  2.595304E-06
 2.851500E+02  3.378247E-02  2.938701E-06  5.904855E-11  7.780570E-11  8.663936E-11  1.036834E-10  3.959875E-01  9.566123E-04  1.731889E-05  5.241876E-01  6.873980E-03  6.416572E-04  1.399005E-05  9.944615E-04  3.635453E-07  1.238324E-06  1.211179E-08  3.141974E-02  1.826262E-05  3.796584E-08  3.300766E-08  2.050873E-03  2.790014E-03  1.597749E-04  4.340727E-05  5.523155E-05  2.456313E-06
 2.861500E+02  3.400239E-02  2.928643E-06  5.763655E-11  7.596871E-11  8.459957E-11  1.012717E-10  3.960744E-01  9.361791E-04  1.610834E-05  5.246369E-01  6.738162E-03  5.987413E-04  1.352138E-05  9.777610E-04  3.434372E-07  1.173319E-06  1.165896E-08  3.099737E-02  1.734621E-05  3.679252E-08  3.196223E-08  2.009609E-03  2.733764E-03  1.489992E-04  4.043360E-05  5.146706E-05  2.325502E-06
 2.871500E+02  3.421906E-02  2.918244E-06  5.625583E-11  7.417166E-11  8.260393E-11  9.891121E-11  3.961586E-01  9.163335E-04  1.499040E-05  5.250743E-01  6.605849E-03  5.589529E-04  1.307139E-05  9.613900E-04  3.245540E-07  1.112092E-06  1.122461E-08  3.058114E-02  1.648037E-05  3.565818E-08  3.095244E-08  1.969453E-03  2.679030E-03  1.390171E-04  3.768270E-05  4.798332E-05  2.202353E-06
 2.881500E+02  3.443250E-02  2.907522E-06  5.490601E-11  7.241409E-11  8.065195E-11  9.660150E-11  3.962401E-01  8.970552E-04  1.395742E-05  5.255005E-01  6.476940E-03  5.220471E-04  1.263924E-05  9.453422E-04  3.068150E-07  1.054402E-06  1.080793E-08  3.017101E-02  1.566210E-05  3.456154E-08  2.997709E-08  1.930371E-03  2.625764E-03  1.297656E-04  3.513657E-05  4.475773E-05  2.086381E-06
 2.891500E+02  3.464273E-02  2.896492E-06  5.358670E-11  7.069555E-11  7.874314E-11  9.434199E-11  3.963191E-01  8.783246E-04  1.300241E-05  5.259158E-01  6.351333E-03  4.877994E-04  1.222416E-05  9.296116E-04  2.901451E-07  1.000029E-06  1.040817E-08  2.976694E-02  1.488859E-05  3.350135E-08  2.903498E-08  1.892327E-03  2.573920E-03  1.211872E-04  3.277874E-05  4.176964E-05  1.977134E-06
 2.901500E+02  3.484978E-02  2.885170E-06  5.229750E-11  6.901552E-11  7.687695E-11  9.213209E-11  3.963957E-01  8.601229E-04  1.211902E-05  5.263207E-01  6.228933E-03  4.560038E-04  1.182537E-05  9.141920E-04  2.744745E-07  9.487642E-07  1.002462E-08  2.936888E-02  1.415720E-05  3.247640E-08  2.812499E-08  1.855291E-03  2.523453E-03  1.132290E-04  3.059418E-05  3.900014E-05  1.874191E-06
 2.911500E+02  3.505368E-02  2.873570E-06  5.103797E-11  6.737351E-11  7.505282E-11  8.997119E-11  3.964700E-01  8.424322E-04  1.130142E-05  5.267155E-01  6.109646E-03  4.264715E-04  1.144216E-05  8.990773E-04  2.597382E-07  9.004155E-07  9.656571E-09  2.897678E-02  1.346546E-05  3.148551E-08  2.724600E-08  1.819230E-03  2.474320E-03  1.058427E-04  2.856914E-05  3.643195E-05  1.777159E-06
 2.921500E+02  3.525447E-02  2.861708E-06  4.980768E-11  6.576899E-11  7.327018E-11  8.785866E-11  3.965420E-01  8.252352E-04  1.054433E-05  5.271006E-01  5.993380E-03  3.990290E-04  1.107385E-05  8.842618E-04  2.458758E-07  8.548023E-07  9.303372E-09  2.859059E-02  1.281105E-05  3.052755E-08  2.639694E-08  1.784113E-03  2.426478E-03  9.898386E-05  2.669102E-05  3.404926E-05  1.685671E-06
 2.931500E+02  3.545216E-02  2.849598E-06  4.860619E-11  6.420141E-11  7.152843E-11  8.579382E-11  3.966119E-01  8.085151E-04  9.842897E-06  5.274763E-01  5.880048E-03  3.735169E-04  1.071977E-05  8.697395E-04  2.328312E-07  8.117560E-07  8.964389E-09  2.821026E-02  1.219180E-05  2.960139E-08  2.557678E-08  1.749913E-03  2.379888E-03  9.261189E-05  2.494830E-05  3.183757E-05  1.599384E-06
 2.941500E+02  3.564680E-02  2.837255E-06  4.743304E-11  6.267021E-11  6.982695E-11  8.377602E-11  3.966798E-01  7.922560E-04  9.192688E-06  5.278431E-01  5.769563E-03  3.497889E-04  1.037931E-05  8.555048E-04  2.205520E-07  7.711196E-07  8.639018E-09  2.783572E-02  1.160566E-05  2.870599E-08  2.478452E-08  1.716599E-03  2.334510E-03  8.668944E-05  2.333042E-05  2.978359E-05  1.517978E-06
 2.951500E+02  3.583842E-02  2.824693E-06  4.628776E-11  6.117482E-11  6.816513E-11  8.180453E-11  3.967457E-01  7.764424E-04  8.589653E-06  5.282012E-01  5.661843E-03  3.277104E-04  1.005187E-05  8.415519E-04  2.089894E-07  7.327461E-07  8.326680E-09  2.746693E-02  1.105071E-05  2.784029E-08  2.401918E-08  1.684145E-03  2.290307E-03  8.118225E-05  2.182770E-05  2.787517E-05  1.441155E-06
 2.961500E+02  3.602704E-02  2.811925E-06  4.516988E-11  5.971466E-11  6.654232E-11  7.987864E-11  3.968097E-01  7.610597E-04  8.030085E-06  5.285508E-01  5.556806E-03  3.071578E-04  9.736885E-06  8.278753E-04  1.980980E-07  6.964982E-07  8.026822E-09  2.710381E-02  1.052518E-05  2.700329E-08  2.327982E-08  1.652525E-03  2.247243E-03  7.605884E-05  2.043128E-05  2.610111E-05  1.368634E-06
 2.971500E+02  3.621271E-02  2.798964E-06  4.407892E-11  5.828913E-11  6.495787E-11  7.799763E-11  3.968718E-01  7.460936E-04  7.510589E-06  5.288923E-01  5.454375E-03  2.880171E-04  9.433821E-06  8.144695E-04  1.878356E-07  6.622476E-07  7.738917E-09  2.674632E-02  1.002735E-05  2.619402E-08  2.256555E-08  1.621712E-03  2.205282E-03  7.129030E-05  1.913301E-05  2.445119E-05  1.300154E-06
 2.981500E+02  3.639546E-02  2.785824E-06  4.301439E-11  5.689763E-11  6.341112E-11  7.616074E-11  3.969323E-01  7.315303E-04  7.028052E-06  5.292260E-01  5.354475E-03  2.701837E-04  9.142163E-06  8.013291E-04  1.781625E-07  6.298744E-07  7.462458E-09  2.639438E-02  9.555664E-06  2.541153E-08  2.187547E-08  1.591682E-03  2.164391E-03  6.685002E-05  1.792542E-05  2.291598E-05  1.235471E-06
 2.991500E+02  3.657532E-02  2.772516E-06  4.197581E-11  5.553955E-11  6.190140E-11  7.436722E-11  3.969910E-01  7.173568E-04  6.579625E-06  5.295521E-01  5.257031E-03  2.535612E-04  8.861422E-06  7.884487E-04  1.690421E-07  5.992663E-07  7.196962E-09  2.604793E-02  9.108619E-06  2.465492E-08  2.120876E-08  1.562412E-03  2.124537E-03  6.271356E-05  1.680164E-05  2.148684E-05  1.174357E-06
 3.001500E+02  3.675233E-02  2.759053E-06  4.096268E-11  5.421428E-11  6.042803E-11  7.261631E-11  3.970482E-01  7.035603E-04  6.162691E-06  5.298708E-01  5.161973E-03  2.380605E-04  8.591132E-06  7.758232E-04  1.604400E-07  5.703182E-07  6.941966E-09  2.570690E-02  8.684822E-06  2.392330E-08  2.056458E-08  1.533878E-03  2.085688E-03  5.885840E-05  1.575537E-05  2.015582E-05  1.116597E-06
 3.011500E+02  3.692653E-02  2.745446E-06  3.997450E-11  5.292120E-11  5.899035E-11  7.090722E-11  3.971037E-01  6.901286E-04  5.774851E-06  5.301823E-01  5.069231E-03  2.235999E-04  8.330848E-06  7.634474E-04  1.523241E-07  5.429319E-07  6.697027E-09  2.537124E-02  8.282961E-06  2.321582E-08  1.994214E-08  1.506057E-03  2.047814E-03  5.526383E-05  1.478082E-05  1.891561E-05  1.061992E-06
 3.021500E+02  3.709795E-02  2.731708E-06  3.901080E-11  5.165969E-11  5.758765E-11  6.923920E-11  3.971578E-01  6.770501E-04  5.413901E-06  5.304870E-01  4.978740E-03  2.101040E-04  8.080149E-06  7.513162E-04  1.446645E-07  5.170153E-07  6.461723E-09  2.504087E-02  7.901801E-06  2.253165E-08  1.934069E-08  1.478930E-03  2.010886E-03  5.191075E-05  1.387264E-05  1.775949E-05  1.010354E-06
 3.031500E+02  3.726663E-02  2.717848E-06  3.807106E-11  5.042913E-11  5.621926E-11  6.761144E-11  3.972104E-01  6.643134E-04  5.077815E-06  5.307849E-01  4.890434E-03  1.975029E-04  7.838630E-06  7.394247E-04  1.374332E-07  4.924823E-07  6.235648E-09  2.471573E-02  7.540185E-06  2.186999E-08  1.875948E-08  1.452474E-03  1.974874E-03  4.878159E-05  1.302594E-05  1.668126E-05  9.615084E-07
 3.041500E+02  3.743260E-02  2.703878E-06  3.715479E-11  4.922890E-11  5.488450E-11  6.602318E-11  3.972616E-01  6.519077E-04  4.764735E-06  5.310763E-01  4.804251E-03  1.857326E-04  7.605906E-06  7.277679E-04  1.306043E-07  4.692520E-07  6.018416E-09  2.439575E-02  7.197021E-06  2.123007E-08  1.819780E-08  1.426670E-03  1.939752E-03  4.586012E-05  1.223619E-05  1.567524E-05  9.152903E-07
 3.051500E+02  3.759591E-02  2.689808E-06  3.626150E-11  4.805837E-11  5.358268E-11  6.447362E-11  3.973115E-01  6.398224E-04  4.472949E-06  5.313615E-01  4.720131E-03  1.747337E-04  7.381610E-06  7.163410E-04  1.241531E-07  4.472489E-07  5.809655E-09  2.408085E-02  6.871286E-06  2.061114E-08  1.765496E-08  1.401498E-03  1.905493E-03  4.313140E-05  1.149925E-05  1.473616E-05  8.715459E-07
 3.061500E+02  3.775659E-02  2.675648E-06  3.539070E-11  4.691693E-11  5.231311E-11  6.296198E-11  3.973601E-01  6.280475E-04  4.200882E-06  5.316404E-01  4.638014E-03  1.644514E-04  7.165392E-06  7.051393E-04  1.180571E-07  4.264020E-07  5.609013E-09  2.377097E-02  6.562014E-06  2.001249E-08  1.713030E-08  1.376939E-03  1.872072E-03  4.058162E-05  1.081126E-05  1.385919E-05  8.301311E-07
 3.071500E+02  3.791468E-02  2.661407E-06  3.454189E-11  4.580396E-11  5.107512E-11  6.148749E-11  3.974074E-01  6.165732E-04  3.947086E-06  5.319135E-01  4.557844E-03  1.548351E-04  6.956918E-06  6.941582E-04  1.122948E-07  4.066448E-07  5.416149E-09  2.346605E-02  6.268300E-06  1.943341E-08  1.662318E-08  1.352977E-03  1.839463E-03  3.819805E-05  1.016870E-05  1.303986E-05  7.909105E-07
 3.081500E+02  3.807022E-02  2.647094E-06  3.371460E-11  4.471884E-11  4.986802E-11  6.004935E-11  3.974535E-01  6.053902E-04  3.710227E-06  5.321807E-01  4.479565E-03  1.458380E-04  6.755870E-06  6.833931E-04  1.068462E-07  3.879148E-07  5.230741E-09  2.316600E-02  5.989289E-06  1.887323E-08  1.613297E-08  1.329592E-03  1.807642E-03  3.596891E-05  9.568312E-06  1.227404E-05  7.537575E-07
 3.091500E+02  3.822323E-02  2.632719E-06  3.290834E-11  4.366097E-11  4.869115E-11  5.864680E-11  3.974984E-01  5.944893E-04  3.489074E-06  5.324423E-01  4.403125E-03  1.374170E-04  6.561942E-06  6.728395E-04  1.016928E-07  3.701536E-07  5.052476E-09  2.287077E-02  5.724179E-06  1.833131E-08  1.565909E-08  1.306769E-03  1.776588E-03  3.388335E-05  9.007079E-06  1.155794E-05  7.185532E-07
 3.101500E+02  3.837377E-02  2.618290E-06  3.212264E-11  4.262974E-11  4.754383E-11  5.727907E-11  3.975421E-01  5.838621E-04  3.282495E-06  5.326985E-01  4.328472E-03  1.295319E-04  6.374846E-06  6.624930E-04  9.681710E-08  3.533062E-07  4.881060E-09  2.258027E-02  5.472214E-06  1.780701E-08  1.520095E-08  1.284490E-03  1.746276E-03  3.193131E-05  8.482227E-06  1.088805E-05  6.851858E-07
 3.111500E+02  3.852186E-02  2.603815E-06  3.135701E-11  4.162454E-11  4.642540E-11  5.594538E-11  3.975848E-01  5.734999E-04  3.089443E-06  5.329493E-01  4.255556E-03  1.221458E-04  6.194303E-06  6.523492E-04  9.220267E-08  3.373211E-07  4.716209E-09  2.229446E-02  5.232681E-06  1.729972E-08  1.475801E-08  1.262740E-03  1.716686E-03  3.010349E-05  7.991189E-06  1.026111E-05  6.535509E-07
 3.121500E+02  3.866755E-02  2.589303E-06  3.061100E-11  4.064479E-11  4.533521E-11  5.464499E-11  3.976264E-01  5.633948E-04  2.908954E-06  5.331949E-01  4.184327E-03  1.152244E-04  6.020049E-06  6.424041E-04  8.783424E-08  3.221497E-07  4.557649E-09  2.201324E-02  5.004911E-06  1.680886E-08  1.432971E-08  1.241505E-03  1.687796E-03  2.839130E-05  7.531594E-06  9.674134E-06  6.235500E-07
 3.131500E+02  3.881087E-02  2.574760E-06  2.988414E-11  3.968990E-11  4.427262E-11  5.337714E-11  3.976670E-01  5.535389E-04  2.740138E-06  5.334355E-01  4.114741E-03  1.087358E-04  5.851832E-06  6.326533E-04  8.369746E-08  3.077467E-07  4.405123E-09  2.173656E-02  4.788271E-06  1.633386E-08  1.391556E-08  1.220768E-03  1.659587E-03  2.678679E-05  7.101249E-06  9.124340E-06  5.950909E-07
 3.141500E+02  3.895186E-02  2.560194E-06  2.917598E-11  3.875929E-11  4.323696E-11  5.214109E-11  3.977066E-01  5.439246E-04  2.582171E-06  5.336713E-01  4.046750E-03  1.026508E-04  5.689409E-06  6.230928E-04  7.977888E-08  2.940693E-07  4.258382E-09  2.146434E-02  4.582167E-06  1.587418E-08  1.351504E-08  1.200516E-03  1.632039E-03  2.528258E-05  6.698127E-06  8.609163E-06  5.680870E-07
 3.151500E+02  3.909055E-02  2.545612E-06  2.848607E-11  3.785239E-11  4.222763E-11  5.093610E-11  3.977452E-01  5.345448E-04  2.434295E-06  5.339022E-01  3.980311E-03  9.694192E-05  5.532550E-06  6.137186E-04  7.606590E-08  2.810773E-07  4.117187E-09  2.119652E-02  4.386037E-06  1.542929E-08  1.312768E-08  1.180735E-03  1.605133E-03  2.387184E-05  6.320352E-06  8.126226E-06  5.424568E-07
 3.161500E+02  3.922698E-02  2.531020E-06  2.781396E-11  3.696862E-11  4.124398E-11  4.976145E-11  3.977829E-01  5.253924E-04  2.295805E-06  5.341284E-01  3.915381E-03  9.158401E-05  5.381036E-06  6.045268E-04  7.254669E-08  2.687329E-07  3.981311E-09  2.093303E-02  4.199352E-06  1.499867E-08  1.275302E-08  1.161412E-03  1.578850E-03  2.254826E-05  5.966186E-06  7.673330E-06  5.181238E-07
 3.171500E+02  3.936119E-02  2.516426E-06  2.715922E-11  3.610744E-11  4.028541E-11  4.861644E-11  3.978197E-01  5.164606E-04  2.166053E-06  5.343502E-01  3.851919E-03  8.655355E-05  5.234654E-06  5.955135E-04  6.921018E-08  2.570006E-07  3.850537E-09  2.067380E-02  4.021614E-06  1.458185E-08  1.239060E-08  1.142533E-03  1.553174E-03  2.130596E-05  5.634022E-06  7.248437E-06  4.950161E-07
 3.181500E+02  3.949321E-02  2.501834E-06  2.652143E-11  3.526830E-11  3.935131E-11  4.750034E-11  3.978556E-01  5.077430E-04  2.044436E-06  5.345675E-01  3.789885E-03  8.182876E-05  5.093204E-06  5.866750E-04  6.604596E-08  2.458471E-07  3.724656E-09  2.041877E-02  3.852353E-06  1.417834E-08  1.204000E-08  1.124086E-03  1.528087E-03  2.013951E-05  5.322367E-06  6.849656E-06  4.730661E-07
 3.191500E+02  3.962308E-02  2.487252E-06  2.590015E-11  3.445066E-11  3.844109E-11  4.641247E-11  3.978906E-01  4.992331E-04  1.930398E-06  5.347805E-01  3.729240E-03  7.738944E-05  4.956493E-06  5.780076E-04  6.304428E-08  2.352408E-07  3.603469E-09  2.016786E-02  3.691124E-06  1.378768E-08  1.170080E-08  1.106060E-03  1.503573E-03  1.904386E-05  5.029841E-06  6.475237E-06  4.522101E-07
 3.201500E+02  3.975083E-02  2.472684E-06  2.529499E-11  3.365398E-11  3.755415E-11  4.535215E-11  3.979249E-01  4.909249E-04  1.823423E-06  5.349893E-01  3.669946E-03  7.321679E-05  4.824337E-06  5.695076E-04  6.019596E-08  2.251522E-07  3.486785E-09  1.992102E-02  3.537511E-06  1.340944E-08  1.137260E-08  1.088442E-03  1.479615E-03  1.801432E-05  4.755163E-06  6.123554E-06  4.323884E-07
 3.211500E+02  3.987649E-02  2.458136E-06  2.470552E-11  3.287776E-11  3.668992E-11  4.431871E-11  3.979583E-01  4.828126E-04  1.723033E-06  5.351940E-01  3.611968E-03  6.929337E-05  4.696560E-06  5.611715E-04  5.749241E-08  2.155535E-07  3.374421E-09  1.967817E-02  3.391116E-06  1.304319E-08  1.105502E-08  1.071222E-03  1.456198E-03  1.704654E-05  4.497142E-06  5.793099E-06  4.135446E-07
 3.221500E+02  4.000011E-02  2.443613E-06  2.413135E-11  3.212147E-11  3.584784E-11  4.331148E-11  3.979910E-01  4.748904E-04  1.628787E-06  5.353948E-01  3.555269E-03  6.560296E-05  4.572993E-06  5.529958E-04  5.492554E-08  2.064184E-07  3.266203E-09  1.943925E-02  3.251568E-06  1.268851E-08  1.074768E-08  1.054387E-03  1.433307E-03  1.613648E-05  4.254677E-06  5.482472E-06  3.956258E-07
 3.231500E+02  4.012172E-02  2.429120E-06  2.357210E-11  3.138462E-11  3.502735E-11  4.232981E-11  3.980229E-01  4.671528E-04  1.540272E-06  5.355916E-01  3.499815E-03  6.213047E-05  4.453476E-06  5.449772E-04  5.248775E-08  1.977222E-07  3.161964E-09  1.920420E-02  3.118514E-06  1.234502E-08  1.045023E-08  1.037928E-03  1.410928E-03  1.528038E-05  4.026743E-06  5.190372E-06  3.785821E-07
 3.241500E+02  4.024134E-02  2.414661E-06  2.302737E-11  3.066670E-11  3.422790E-11  4.137308E-11  3.980540E-01  4.595946E-04  1.457107E-06  5.357846E-01  3.445573E-03  5.886187E-05  4.337854E-06  5.371122E-04  5.017192E-08  1.894417E-07  3.061543E-09  1.897295E-02  2.991622E-06  1.201232E-08  1.016231E-08  1.021835E-03  1.389047E-03  1.447475E-05  3.812388E-06  4.915593E-06  3.623665E-07
 3.251500E+02  4.035902E-02  2.400240E-06  2.249680E-11  2.996725E-11  3.344896E-11  4.044065E-11  3.980845E-01  4.522106E-04  1.378940E-06  5.359740E-01  3.392512E-03  5.578410E-05  4.225979E-06  5.293976E-04  4.797132E-08  1.815548E-07  2.964786E-09  1.874544E-02  2.870577E-06  1.169005E-08  9.883605E-09  1.006096E-03  1.367649E-03  1.371633E-05  3.610728E-06  4.657009E-06  3.469347E-07
 3.261500E+02  4.047478E-02  2.385863E-06  2.198001E-11  2.928579E-11  3.269001E-11  3.953192E-11  3.981143E-01  4.449959E-04  1.305441E-06  5.361596E-01  3.340599E-03  5.288500E-05  4.117710E-06  5.218302E-04  4.587965E-08  1.740410E-07  2.871549E-09  1.852160E-02  2.755083E-06  1.137785E-08  9.613783E-09  9.907036E-04  1.346722E-03  1.300211E-05  3.420940E-06  4.413577E-06  3.322451E-07
 3.271500E+02  4.058866E-02  2.371532E-06  2.147664E-11  2.862185E-11  3.195053E-11  3.864628E-11  3.981434E-01  4.379456E-04  1.236306E-06  5.363418E-01  3.289805E-03  5.015326E-05  4.012911E-06  5.144069E-04  4.389097E-08  1.668807E-07  2.781689E-09  1.830139E-02  2.644859E-06  1.107539E-08  9.352536E-09  9.756474E-04  1.326254E-03  1.232926E-05  3.242261E-06  4.184326E-06  3.182584E-07
 3.281500E+02  4.070069E-02  2.357252E-06  2.098635E-11  2.797499E-11  3.123003E-11  3.778314E-11  3.981718E-01  4.310552E-04  1.171251E-06  5.365205E-01  3.240100E-03  4.757833E-05  3.911454E-06  5.071246E-04  4.199969E-08  1.600555E-07  2.695072E-09  1.808473E-02  2.539640E-06  1.078232E-08  9.099568E-09  9.609185E-04  1.306231E-03  1.169518E-05  3.073978E-06  3.968350E-06  3.049376E-07
 3.291500E+02  4.081090E-02  2.343025E-06  2.050879E-11  2.734475E-11  3.052800E-11  3.694194E-11  3.981996E-01  4.243202E-04  1.110012E-06  5.366959E-01  3.191456E-03  4.515037E-05  3.813213E-06  4.999803E-04  4.020055E-08  1.535480E-07  2.611570E-09  1.787156E-02  2.439175E-06  1.049833E-08  8.854591E-09  9.465083E-04  1.286642E-03  1.109740E-05  2.915430E-06  3.764808E-06  2.922476E-07
 3.301500E+02  4.091932E-02  2.328857E-06  2.004362E-11  2.673070E-11  2.984398E-11  3.612210E-11  3.982268E-01  4.177362E-04  1.052344E-06  5.368679E-01  3.143845E-03  4.286021E-05  3.718070E-06  4.929711E-04  3.848862E-08  1.473420E-07  2.531059E-09  1.766183E-02  2.343227E-06  1.022311E-08  8.617328E-09  9.324081E-04  1.267475E-03  1.053367E-05  2.766000E-06  3.572916E-06  2.801556E-07
 3.311500E+02  4.102599E-02  2.314748E-06  1.959052E-11  2.613243E-11  2.917749E-11  3.532308E-11  3.982534E-01  4.112990E-04  9.980188E-07  5.370368E-01  3.097240E-03  4.069932E-05  3.625910E-06  4.860940E-04  3.685921E-08  1.414219E-07  2.453421E-09  1.745548E-02  2.251572E-06  9.956363E-09  8.387513E-09  9.186099E-04  1.248719E-03  1.000186E-05  2.625113E-06  3.391943E-06  2.686305E-07
 3.321500E+02  4.113093E-02  2.300704E-06  1.914916E-11  2.554951E-11  2.852806E-11  3.454434E-11  3.982795E-01  4.050046E-04  9.468244E-07  5.372025E-01  3.051616E-03  3.865971E-05  3.536625E-06  4.793464E-04  3.530795E-08  1.357731E-07  2.378543E-09  1.725244E-02  2.163998E-06  9.697803E-09  8.164888E-09  9.051056E-04  1.230364E-03  9.499988E-06  2.492235E-06  3.221209E-06  2.576430E-07
 3.331500E+02  4.123417E-02  2.286725E-06  1.871923E-11  2.498154E-11  2.789526E-11  3.378535E-11  3.983049E-01  3.988491E-04  8.985628E-07  5.373651E-01  3.006947E-03  3.673394E-05  3.450109E-06  4.727253E-04  3.383070E-08  1.303818E-07  2.306317E-09  1.705267E-02  2.080303E-06  9.447153E-09  7.949206E-09  8.918876E-04  1.212398E-03  9.026209E-06  2.366867E-06  3.060077E-06  2.471653E-07
 3.341500E+02  4.133575E-02  2.272816E-06  1.830042E-11  2.442813E-11  2.727864E-11  3.304559E-11  3.983298E-01  3.928287E-04  8.530496E-07  5.375247E-01  2.963209E-03  3.491505E-05  3.366262E-06  4.662283E-04  3.242355E-08  1.252351E-07  2.236638E-09  1.685611E-02  2.000298E-06  9.204146E-09  7.740229E-09  8.789483E-04  1.194811E-03  8.578803E-06  2.248543E-06  2.907955E-06  2.371715E-07
 3.351500E+02  4.143569E-02  2.258978E-06  1.789244E-11  2.388889E-11  2.667778E-11  3.232456E-11  3.983542E-01  3.869397E-04  8.101134E-07  5.376814E-01  2.920378E-03  3.319656E-05  3.284988E-06  4.598525E-04  3.108283E-08  1.203207E-07  2.169408E-09  1.666270E-02  1.923802E-06  8.968526E-09  7.537725E-09  8.662805E-04  1.177594E-03  8.156159E-06  2.136830E-06  2.764291E-06  2.276366E-07
 3.361500E+02  4.153402E-02  2.245214E-06  1.749499E-11  2.336344E-11  2.609225E-11  3.162177E-11  3.983781E-01  3.811785E-04  7.695938E-07  5.378353E-01  2.878431E-03  3.157240E-05  3.206194E-06  4.535954E-04  2.980508E-08  1.156268E-07  2.104530E-09  1.647238E-02  1.850645E-06  8.740043E-09  7.341475E-09  8.538772E-04  1.160737E-03  7.756775E-06  2.031321E-06  2.628568E-06  2.185376E-07
 3.371500E+02  4.163077E-02  2.231526E-06  1.710779E-11  2.285142E-11  2.552166E-11  3.093675E-11  3.984014E-01  3.755418E-04  7.313416E-07  5.379863E-01  2.837345E-03  3.003690E-05  3.129792E-06  4.474546E-04  2.858701E-08  1.111425E-07  2.041914E-09  1.628510E-02  1.780666E-06  8.518460E-09  7.151263E-09  8.417315E-04  1.144231E-03  7.379248E-06  1.931639E-06  2.500305E-06  2.098523E-07
 3.381500E+02  4.172596E-02  2.217916E-06  1.673057E-11  2.235246E-11  2.496559E-11  3.026901E-11  3.984243E-01  3.700261E-04  6.952175E-07  5.381346E-01  2.797100E-03  2.858475E-05  3.055696E-06  4.414274E-04  2.742555E-08  1.068573E-07  1.981472E-09  1.610082E-02  1.713712E-06  8.303544E-09  6.966884E-09  8.298369E-04  1.128066E-03  7.022266E-06  1.837432E-06  2.379052E-06  2.015599E-07
 3.391500E+02  4.181963E-02  2.204386E-06  1.636305E-11  2.186622E-11  2.442367E-11  2.961812E-11  3.984467E-01  3.646283E-04  6.610915E-07  5.382802E-01  2.757673E-03  2.721101E-05  2.983825E-06  4.355117E-04  2.631779E-08  1.027616E-07  1.923121E-09  1.591947E-02  1.649637E-06  8.095074E-09  6.788139E-09  8.181868E-04  1.112234E-03  6.684602E-06  1.748367E-06  2.264386E-06  1.936407E-07
 3.401500E+02  4.191181E-02  2.190937E-06  1.600496E-11  2.139235E-11  2.389551E-11  2.898361E-11  3.984686E-01  3.593451E-04  6.288421E-07  5.384232E-01  2.719045E-03  2.591102E-05  2.914100E-06  4.297048E-04  2.526097E-08  9.884588E-08  1.866779E-09  1.574101E-02  1.588304E-06  7.892835E-09  6.614838E-09  8.067752E-04  1.096726E-03  6.365108E-06  1.664138E-06  2.155916E-06  1.860762E-07
 3.411500E+02  4.200251E-02  2.177572E-06  1.565606E-11  2.093053E-11  2.338075E-11  2.836505E-11  3.984901E-01  3.541737E-04  5.983559E-07  5.385637E-01  2.681196E-03  2.468044E-05  2.846446E-06  4.240047E-04  2.425251E-08  9.510142E-08  1.812371E-09  1.556539E-02  1.529583E-06  7.696619E-09  6.446796E-09  7.955959E-04  1.081535E-03  6.062711E-06  1.584456E-06  2.053272E-06  1.788487E-07
 3.421500E+02  4.209176E-02  2.164292E-06  1.531610E-11  2.048042E-11  2.287903E-11  2.776203E-11  3.985111E-01  3.491110E-04  5.695269E-07  5.387016E-01  2.644105E-03  2.351522E-05  2.780791E-06  4.184089E-04  2.328994E-08  9.151987E-08  1.759821E-09  1.539255E-02  1.473351E-06  7.506227E-09  6.283836E-09  7.846431E-04  1.066651E-03  5.776406E-06  1.509051E-06  1.956112E-06  1.719416E-07
 3.431500E+02  4.217959E-02  2.151098E-06  1.498482E-11  2.004172E-11  2.238999E-11  2.717412E-11  3.985317E-01  3.441542E-04  5.422561E-07  5.388371E-01  2.607756E-03  2.241155E-05  2.717066E-06  4.129154E-04  2.237095E-08  8.809334E-08  1.709060E-09  1.522244E-02  1.419490E-06  7.321467E-09  6.125785E-09  7.739111E-04  1.052068E-03  5.505252E-06  1.437671E-06  1.864112E-06  1.653391E-07
 3.441500E+02  4.226603E-02  2.137992E-06  1.466200E-11  1.961412E-11  2.191329E-11  2.660093E-11  3.985519E-01  3.393005E-04  5.164508E-07  5.389702E-01  2.572129E-03  2.136584E-05  2.655203E-06  4.075218E-04  2.149335E-08  8.481434E-08  1.660019E-09  1.505503E-02  1.367889E-06  7.142151E-09  5.972480E-09  7.633944E-04  1.037778E-03  5.248368E-06  1.370078E-06  1.776971E-06  1.590264E-07
 3.451500E+02  4.235110E-02  2.124974E-06  1.434740E-11  1.919731E-11  2.144861E-11  2.604207E-11  3.985716E-01  3.345473E-04  4.920243E-07  5.391010E-01  2.537206E-03  2.037477E-05  2.595139E-06  4.022263E-04  2.065507E-08  8.167580E-08  1.612633E-09  1.489026E-02  1.318443E-06  6.968102E-09  5.823760E-09  7.530876E-04  1.023774E-03  5.004929E-06  1.306053E-06  1.694406E-06  1.529893E-07
 3.461500E+02  4.243482E-02  2.112047E-06  1.404080E-11  1.879100E-11  2.099562E-11  2.549714E-11  3.985910E-01  3.298920E-04  4.688955E-07  5.392295E-01  2.502971E-03  1.943520E-05  2.536811E-06  3.970266E-04  1.985417E-08  7.867101E-08  1.566840E-09  1.472808E-02  1.271051E-06  6.799146E-09  5.679473E-09  7.429855E-04  1.010048E-03  4.774160E-06  1.245388E-06  1.616154E-06  1.472144E-07
 3.471500E+02  4.251722E-02  2.099210E-06  1.374198E-11  1.839491E-11  2.055400E-11  2.496578E-11  3.986100E-01  3.253321E-04  4.469886E-07  5.393557E-01  2.469407E-03  1.854419E-05  2.480162E-06  3.919207E-04  1.908878E-08  7.579361E-08  1.522580E-09  1.456845E-02  1.225618E-06  6.635117E-09  5.539470E-09  7.330831E-04  9.965930E-04  4.555337E-06  1.187889E-06  1.541965E-06  1.416891E-07
 3.481500E+02  4.259832E-02  2.086466E-06  1.345073E-11  1.800877E-11  2.012344E-11  2.444762E-11  3.986286E-01  3.208651E-04  4.262324E-07  5.394797E-01  2.436498E-03  1.769897E-05  2.425134E-06  3.869068E-04  1.835715E-08  7.303757E-08  1.479796E-09  1.441133E-02  1.182055E-06  6.475852E-09  5.403610E-09  7.233755E-04  9.834034E-04  4.347779E-06  1.133374E-06  1.471608E-06  1.364015E-07
 3.491500E+02  4.267814E-02  2.073814E-06  1.316683E-11  1.763230E-11  1.970365E-11  2.394231E-11  3.986468E-01  3.164887E-04  4.065603E-07  5.396016E-01  2.404227E-03  1.689697E-05  2.371672E-06  3.819828E-04  1.765763E-08  7.039717E-08  1.438432E-09  1.425666E-02  1.140275E-06  6.321197E-09  5.271754E-09  7.138579E-04  9.704721E-04  4.150847E-06  1.081673E-06  1.404863E-06  1.313400E-07
 3.501500E+02  4.275671E-02  2.061255E-06  1.289010E-11  1.726524E-11  1.929433E-11  2.344951E-11  3.986647E-01  3.122005E-04  3.879099E-07  5.397214E-01  2.372580E-03  1.613575E-05  2.319723E-06  3.771469E-04  1.698866E-08  6.786699E-08  1.398435E-09  1.410441E-02  1.100198E-06  6.171002E-09  5.143770E-09  7.045257E-04  9.577930E-04  3.963942E-06  1.032625E-06  1.341528E-06  1.264941E-07
 3.511500E+02  4.283406E-02  2.048790E-06  1.262032E-11  1.690734E-11  1.889521E-11  2.296889E-11  3.986822E-01  3.079985E-04  3.702228E-07  5.398391E-01  2.341542E-03  1.541303E-05  2.269238E-06  3.723972E-04  1.634874E-08  6.544189E-08  1.359755E-09  1.395453E-02  1.061745E-06  6.025122E-09  5.019531E-09  6.953744E-04  9.453598E-04  3.786503E-06  9.860799E-07  1.281409E-06  1.218534E-07
 3.521500E+02  4.291019E-02  2.036420E-06  1.235732E-11  1.655835E-11  1.850601E-11  2.250010E-11  3.986994E-01  3.038803E-04  3.534440E-07  5.399548E-01  2.311098E-03  1.472667E-05  2.220167E-06  3.677319E-04  1.573648E-08  6.311700E-08  1.322344E-09  1.380699E-02  1.024843E-06  5.883418E-09  4.898912E-09  6.863996E-04  9.331667E-04  3.618000E-06  9.418975E-07  1.224327E-06  1.174082E-07
 3.531500E+02  4.298513E-02  2.024145E-06  1.210091E-11  1.621803E-11  1.812645E-11  2.204285E-11  3.987162E-01  2.998439E-04  3.375221E-07  5.400686E-01  2.281235E-03  1.407466E-05  2.172464E-06  3.631494E-04  1.515054E-08  6.088767E-08  1.286153E-09  1.366173E-02  9.894226E-07  5.745755E-09  4.781795E-09  6.775971E-04  9.212079E-04  3.457939E-06  8.999454E-07  1.170112E-06  1.131495E-07
 3.541500E+02  4.305891E-02  2.011966E-06  1.185091E-11  1.588614E-11  1.775628E-11  2.159682E-11  3.987327E-01  2.958873E-04  3.224088E-07  5.401804E-01  2.251937E-03  1.345510E-05  2.126083E-06  3.586478E-04  1.458966E-08  5.874951E-08  1.251140E-09  1.351873E-02  9.554172E-07  5.612003E-09  4.668066E-09  6.689628E-04  9.094777E-04  3.305852E-06  8.600992E-07  1.118605E-06  1.090685E-07
 3.551500E+02  4.313155E-02  1.999883E-06  1.160714E-11  1.556246E-11  1.739525E-11  2.116170E-11  3.987489E-01  2.920085E-04  3.080587E-07  5.402903E-01  2.223193E-03  1.286621E-05  2.080981E-06  3.542254E-04  1.405265E-08  5.669835E-08  1.217260E-09  1.337793E-02  9.227636E-07  5.482036E-09  4.557613E-09  6.604926E-04  8.979707E-04  3.161302E-06  8.222425E-07  1.069657E-06  1.051568E-07
 3.561500E+02  4.320306E-02  1.987895E-06  1.136943E-11  1.524675E-11  1.704310E-11  2.073721E-11  3.987648E-01  2.882056E-04  2.944294E-07  5.403983E-01  2.194990E-03  1.230633E-05  2.037117E-06  3.498807E-04  1.353837E-08  5.473022E-08  1.184472E-09  1.323930E-02  8.914017E-07  5.355733E-09  4.450331E-09  6.521827E-04  8.866816E-04  3.023876E-06  7.862654E-07  1.023127E-06  1.014068E-07
 3.571500E+02  4.327347E-02  1.976005E-06  1.113761E-11  1.493882E-11  1.669960E-11  2.032307E-11  3.987804E-01  2.844767E-04  2.814807E-07  5.405046E-01  2.167314E-03  1.177387E-05  1.994450E-06  3.456121E-04  1.304575E-08  5.284135E-08  1.152736E-09  1.310281E-02  8.612743E-07  5.232978E-09  4.346116E-09  6.440293E-04  8.756052E-04  2.893188E-06  7.520651E-07  9.788839E-07  9.781085E-08
 3.581500E+02  4.334279E-02  1.964210E-06  1.091153E-11  1.463844E-11  1.636452E-11  1.991898E-11  3.987957E-01  2.808200E-04  2.691752E-07  5.406091E-01  2.140153E-03  1.126736E-05  1.952941E-06  3.414179E-04  1.257378E-08  5.102817E-08  1.122015E-09  1.296841E-02  8.323270E-07  5.113658E-09  4.244869E-09  6.360287E-04  8.647365E-04  2.768872E-06  7.195444E-07  9.368030E-07  9.436197E-08
 3.591500E+02  4.341104E-02  1.952513E-06  1.069103E-11  1.434541E-11  1.603762E-11  1.952470E-11  3.988107E-01  2.772339E-04  2.574776E-07  5.407118E-01  2.113496E-03  1.078541E-05  1.912554E-06  3.372966E-04  1.212148E-08  4.928727E-08  1.092272E-09  1.283606E-02  8.045081E-07  4.997663E-09  4.146494E-09  6.281774E-04  8.540708E-04  2.650585E-06  6.886123E-07  8.967675E-07  9.105343E-08
 3.601500E+02  4.347825E-02  1.940912E-06  1.047596E-11  1.405954E-11  1.571869E-11  1.913995E-11  3.988254E-01  2.737165E-04  2.463546E-07  5.408128E-01  2.087331E-03  1.032669E-05  1.873252E-06  3.332467E-04  1.168794E-08  4.761541E-08  1.063471E-09  1.270574E-02  7.777684E-07  4.884888E-09  4.050899E-09  6.204718E-04  8.436031E-04  2.538005E-06  6.591831E-07  8.586675E-07  8.787884E-08
 3.611500E+02  4.354443E-02  1.929409E-06  1.026617E-11  1.378062E-11  1.540751E-11  1.876448E-11  3.988399E-01  2.702662E-04  2.357751E-07  5.409122E-01  2.061646E-03  9.889969E-06  1.835000E-06  3.292668E-04  1.127229E-08  4.600954E-08  1.035579E-09  1.257740E-02  7.520609E-07  4.775233E-09  3.957995E-09  6.129086E-04  8.333290E-04  2.430827E-06  6.311759E-07  8.223994E-07  8.483214E-08
 3.621500E+02  4.360961E-02  1.918002E-06  1.006151E-11  1.350848E-11  1.510387E-11  1.839804E-11  3.988541E-01  2.668814E-04  2.257096E-07  5.410099E-01  2.036432E-03  9.474091E-06  1.797766E-06  3.253554E-04  1.087371E-08  4.446671E-08  1.008563E-09  1.245101E-02  7.273409E-07  4.668598E-09  3.867696E-09  6.054844E-04  8.232439E-04  2.328764E-06  6.045149E-07  7.878658E-07  8.190757E-08
 3.631500E+02  4.367379E-02  1.906692E-06  9.861852E-12  1.324293E-11  1.480758E-11  1.804039E-11  3.988680E-01  2.635606E-04  2.161306E-07  5.411060E-01  2.011676E-03  9.077953E-06  1.761517E-06  3.215111E-04  1.049141E-08  4.298415E-08  9.823932E-10  1.232653E-02  7.035659E-07  4.564890E-09  3.779918E-09  5.981962E-04  8.133435E-04  2.231548E-06  5.791283E-07  7.549748E-07  7.909965E-08
 3.641500E+02  4.373700E-02  1.895478E-06  9.667052E-12  1.298380E-11  1.451843E-11  1.769130E-11  3.988817E-01  2.603022E-04  2.070119E-07  5.412006E-01  1.987369E-03  8.700520E-06  1.726222E-06  3.177326E-04  1.012465E-08  4.155922E-08  9.570381E-10  1.220393E-02  6.806953E-07  4.464016E-09  3.694581E-09  5.910407E-04  8.036235E-04  2.138923E-06  5.549488E-07  7.236400E-07  7.640317E-08
 3.651500E+02  4.379925E-02  1.884361E-06  9.476982E-12  1.273090E-11  1.423623E-11  1.735053E-11  3.988951E-01  2.571047E-04  1.983291E-07  5.412936E-01  1.963501E-03  8.340816E-06  1.691851E-06  3.140185E-04  9.772712E-09  4.018938E-08  9.324696E-10  1.208319E-02  6.586905E-07  4.365888E-09  3.611609E-09  5.840150E-04  7.940799E-04  2.050649E-06  5.319129E-07  6.937797E-07  7.381318E-08
 3.661500E+02  4.386056E-02  1.873340E-06  9.291512E-12  1.248408E-11  1.396079E-11  1.701788E-11  3.989083E-01  2.539668E-04  1.900592E-07  5.413851E-01  1.940061E-03  7.997922E-06  1.658376E-06  3.103675E-04  9.434938E-09  3.887225E-08  9.086598E-10  1.196426E-02  6.375148E-07  4.270421E-09  3.530926E-09  5.771160E-04  7.847086E-04  1.966501E-06  5.099607E-07  6.653171E-07  7.132497E-08
 3.671500E+02  4.392094E-02  1.862416E-06  9.110519E-12  1.224317E-11  1.369194E-11  1.669312E-11  3.989212E-01  2.508871E-04  1.821803E-07  5.414751E-01  1.917040E-03  7.670968E-06  1.625769E-06  3.067783E-04  9.110685E-09  3.760555E-08  8.855822E-10  1.184711E-02  6.171330E-07  4.177533E-09  3.452461E-09  5.703410E-04  7.755057E-04  1.886264E-06  4.890356E-07  6.381797E-07  6.893405E-08
 3.681500E+02  4.398043E-02  1.851587E-06  8.933882E-12  1.200801E-11  1.342950E-11  1.637604E-11  3.989339E-01  2.478641E-04  1.746720E-07  5.415637E-01  1.894430E-03  7.359136E-06  1.594002E-06  3.032496E-04  8.799346E-09  3.638709E-08  8.632112E-10  1.173171E-02  5.975116E-07  4.087144E-09  3.376143E-09  5.636872E-04  7.664674E-04  1.809738E-06  4.690845E-07  6.122990E-07  6.663617E-08
 3.691500E+02  4.403902E-02  1.840853E-06  8.761483E-12  1.177845E-11  1.317329E-11  1.606644E-11  3.989464E-01  2.448965E-04  1.675150E-07  5.416509E-01  1.872220E-03  7.061652E-06  1.563051E-06  2.997804E-04  8.500345E-09  3.521481E-08  8.415223E-10  1.161804E-02  5.786187E-07  3.999177E-09  3.301907E-09  5.571517E-04  7.575901E-04  1.736733E-06  4.500571E-07  5.876106E-07  6.442725E-08
 3.701500E+02  4.409673E-02  1.830215E-06  8.593208E-12  1.155434E-11  1.292316E-11  1.576412E-11  3.989586E-01  2.419832E-04  1.606909E-07  5.417366E-01  1.850401E-03  6.777785E-06  1.532890E-06  2.963692E-04  8.213133E-09  3.408674E-08  8.204916E-10  1.150605E-02  5.604240E-07  3.913558E-09  3.229685E-09  5.507321E-04  7.488701E-04  1.667068E-06  4.319060E-07  5.640535E-07  6.230343E-08
 3.711500E+02  4.415359E-02  1.819672E-06  8.428947E-12  1.133553E-11  1.267894E-11  1.546889E-11  3.989706E-01  2.391228E-04  1.541828E-07  5.418210E-01  1.828966E-03  6.506845E-06  1.503496E-06  2.930151E-04  7.937189E-09  3.300099E-08  8.000966E-10  1.139573E-02  5.428983E-07  3.830215E-09  3.159417E-09  5.444256E-04  7.403039E-04  1.600575E-06  4.145864E-07  5.415702E-07  6.026103E-08
 3.721500E+02  4.420960E-02  1.809223E-06  8.268591E-12  1.112189E-11  1.244046E-11  1.518056E-11  3.989824E-01  2.363141E-04  1.479742E-07  5.419041E-01  1.807906E-03  6.248181E-06  1.474844E-06  2.897168E-04  7.672016E-09  3.195578E-08  7.803153E-10  1.128703E-02  5.260139E-07  3.749078E-09  3.091042E-09  5.382299E-04  7.318881E-04  1.537094E-06  3.980560E-07  5.201063E-07  5.829655E-08
 3.731500E+02  4.426479E-02  1.798868E-06  8.112037E-12  1.091327E-11  1.220759E-11  1.489896E-11  3.989941E-01  2.335560E-04  1.420499E-07  5.419858E-01  1.787212E-03  6.001177E-06  1.446912E-06  2.864732E-04  7.417143E-09  3.094940E-08  7.611266E-10  1.117994E-02  5.097445E-07  3.670081E-09  3.024501E-09  5.321424E-04  7.236194E-04  1.476472E-06  3.822751E-07  4.996104E-07  5.640665E-08
