#         T/K            c1          c2-1          c3-4          c3-5          c3-7          c3-9            m1          m2-1          m3-1            w1            w2          w3-1          w3-2          c1m1        c1m2-1        c1m2-7        c2m1-1        c1w1-2        c1w2-1        c2w1-1        c2w1-9        m1w1-1        m1w1-4        m1w2-1        m2w1-1        m2w1-3      c1m1w1-1
 2.731500E+02  1.904385E-01  1.193426E-04  1.980129E-08  2.598967E-08  2.891557E-08  3.447822E-08  4.420738E-01  1.634425E-03  6.522211E-05  2.409747E-01  1.981480E-03  1.657191E-04  2.325215E-06  8.759029E-03  6.155618E-06  2.019853E-05  8.851961E-07  1.100593E-01  4.974019E-05  1.058395E-06  9.293829E-07  1.431123E-03  1.948145E-03  1.002059E-04  6.656093E-05  8.430031E-05  1.679146E-05
 2.741500E+02  1.913589E-01  1.182497E-04  1.911930E-08  2.510304E-08  2.793121E-08  3.331499E-08  4.422553E-01  1.595552E-03  6.019934E-05  2.418871E-01  1.948353E-03  1.547674E-04  2.255940E-06  8.572861E-03  5.764094E-06  1.897508E-05  8.439207E-07  1.084104E-01  4.710862E-05  1.019204E-06  8.941966E-07  1.402828E-03  1.909505E-03  9.326624E-05  6.170471E-05  7.818096E-05  1.580405E-05
 2.751500E+02  1.922633E-01  1.171626E-04  1.846302E-08  2.424951E-08  2.698352E-08  3.219471E-08  4.424310E-01  1.557897E-03  5.559744E-05  2.427830E-01  1.915856E-03  1.445936E-04  2.188976E-06  8.391601E-03  5.399936E-06  1.783346E-05  8.047888E-07  1.067886E-01  4.462856E-05  9.816126E-07  8.604787E-07  1.375242E-03  1.871842E-03  8.684629E-05  5.723311E-05  7.254409E-05  1.488019E-05
 2.761500E+02  1.931517E-01  1.160816E-04  1.783144E-08  2.342781E-08  2.607109E-08  3.111574E-08  4.426012E-01  1.521415E-03  5.137852E-05  2.436627E-01  1.883979E-03  1.351392E-04  2.124243E-06  8.215108E-03  5.061076E-06  1.676775E-05  7.676798E-07  1.051936E-01  4.229071E-05  9.455532E-07  8.281644E-07  1.348348E-03  1.835126E-03  8.090448E-05  5.311348E-05  6.734890E-05  1.401547E-05
 2.771500E+02  1.940246E-01  1.150070E-04  1.722362E-08  2.263671E-08  2.519257E-08  3.007651E-08  4.427660E-01  1.486063E-03  4.750828E-05  2.445264E-01  1.852713E-03  1.263501E-04  2.061664E-06  8.043243E-03  4.745613E-06  1.577246E-05  7.324805E-07  1.036250E-01  4.008636E-05  9.109596E-07  7.971920E-07  1.322125E-03  1.799333E-03  7.540273E-05  4.931609E-05  6.255823E-05  1.320583E-05
 2.781500E+02  1.948819E-01  1.139392E-04  1.663861E-08  2.187503E-08  2.434666E-08  2.907551E-08  4.429258E-01  1.451799E-03  4.395574E-05  2.453744E-01  1.822046E-03  1.181765E-04  2.001163E-06  7.875871E-03  4.451800E-06  1.484255E-05  6.990841E-07  1.020826E-01  3.800738E-05  8.777689E-07  7.675026E-07  1.296554E-03  1.764435E-03  7.030621E-05  4.581388E-05  5.813828E-05  1.244748E-05
 2.791500E+02  1.957241E-01  1.128784E-04  1.607553E-08  2.114164E-08  2.353209E-08  2.811128E-08  4.430808E-01  1.418583E-03  4.069282E-05  2.462070E-01  1.791969E-03  1.105727E-04  1.942669E-06  7.712861E-03  4.178026E-06  1.397335E-05  6.673904E-07  1.005661E-01  3.604614E-05  8.459209E-07  7.390399E-07  1.271618E-03  1.730408E-03  6.558299E-05  4.258222E-05  5.405822E-05  1.173693E-05
 2.801500E+02  1.965512E-01  1.118248E-04  1.553352E-08  2.043544E-08  2.274766E-08  2.718242E-08  4.432310E-01  1.386378E-03  3.769410E-05  2.470245E-01  1.762472E-03  1.034963E-04  1.886112E-06  7.554087E-03  3.922812E-06  1.316055E-05  6.373050E-07  9.907517E-02  3.419551E-05  8.153580E-07  7.117500E-07  1.247299E-03  1.697226E-03  6.120381E-05  3.959865E-05  5.028995E-05  1.107092E-05
 2.811500E+02  1.973636E-01  1.107789E-04  1.501177E-08  1.975538E-08  2.199221E-08  2.628757E-08  4.433768E-01  1.355147E-03  3.493654E-05  2.478272E-01  1.733544E-03  9.690846E-05  1.831423E-06  7.399426E-03  3.684794E-06  1.240016E-05  6.087392E-07  9.760950E-02  3.244882E-05  7.860251E-07  6.855816E-07  1.223579E-03  1.664867E-03  5.714184E-05  3.684271E-05  4.680787E-05  1.044645E-05
 2.821500E+02  1.981615E-01  1.097407E-04  1.450946E-08  1.910045E-08  2.126462E-08  2.542545E-08  4.435182E-01  1.324854E-03  3.239924E-05  2.486152E-01  1.705176E-03  9.077322E-05  1.778539E-06  7.248759E-03  3.462715E-06  1.168853E-05  5.816095E-07  9.616878E-02  3.079980E-05  7.578697E-07  6.604855E-07  1.200443E-03  1.633307E-03  5.337247E-05  3.429572E-05  4.358860E-05  9.860711E-06
 2.831500E+02  1.989450E-01  1.087105E-04  1.402586E-08  1.846968E-08  2.056381E-08  2.459479E-08  4.436555E-01  1.295467E-03  3.006323E-05  2.493888E-01  1.677357E-03  8.505745E-05  1.727395E-06  7.101970E-03  3.255418E-06  1.102223E-05  5.558373E-07  9.475266E-02  2.924261E-05  7.308414E-07  6.364150E-07  1.177872E-03  1.602523E-03  4.987311E-05  3.194064E-05  4.061079E-05  9.311117E-06
 2.841500E+02  1.997144E-01  1.076884E-04  1.356022E-08  1.786213E-08  1.988874E-08  2.379439E-08  4.437888E-01  1.266952E-03  2.791129E-05  2.501484E-01  1.650077E-03  7.973058E-05  1.677931E-06  6.958948E-03  3.061834E-06  1.039813E-05  5.313485E-07  9.336083E-02  2.777175E-05  7.048921E-07  6.133253E-07  1.155853E-03  1.572494E-03  4.662302E-05  2.976192E-05  3.785494E-05  8.795257E-06
 2.851500E+02  2.004700E-01  1.066748E-04  1.311185E-08  1.727691E-08  1.923844E-08  2.302310E-08  4.439182E-01  1.239280E-03  2.592777E-05  2.508942E-01  1.623327E-03  7.476440E-05  1.630088E-06  6.819583E-03  2.880979E-06  9.813315E-06  5.080733E-07  9.199295E-02  2.638209E-05  6.799757E-07  5.911737E-07  1.134369E-03  1.543199E-03  4.360317E-05  2.774533E-05  3.530324E-05  8.310890E-06
 2.861500E+02  2.012119E-01  1.056696E-04  1.268006E-08  1.671314E-08  1.861193E-08  2.227980E-08  4.440440E-01  1.212419E-03  2.409845E-05  2.516263E-01  1.597096E-03  7.013284E-05  1.583810E-06  6.683770E-03  2.711943E-06  9.265087E-06  4.859463E-07  9.064869E-02  2.506882E-05  6.560483E-07  5.699193E-07  1.113405E-03  1.514617E-03  4.079605E-05  2.587788E-05  3.293939E-05  7.855938E-06
 2.871500E+02  2.019404E-01  1.046732E-04  1.226421E-08  1.617001E-08  1.800831E-08  2.156342E-08  4.441662E-01  1.186342E-03  2.241039E-05  2.523451E-01  1.571376E-03  6.581183E-05  1.539042E-06  6.551406E-03  2.553887E-06  8.750951E-06  4.649054E-07  8.932771E-02  2.382741E-05  6.330678E-07  5.495231E-07  1.092948E-03  1.486728E-03  3.818558E-05  2.414769E-05  3.074850E-05  7.428468E-06
 2.881500E+02  2.026557E-01  1.036855E-04  1.186369E-08  1.564670E-08  1.742668E-08  2.087294E-08  4.442850E-01  1.161020E-03  2.085179E-05  2.530507E-01  1.546155E-03  6.177913E-05  1.495730E-06  6.422394E-03  2.406036E-06  8.268593E-06  4.448924E-07  8.802966E-02  2.265364E-05  6.109940E-07  5.299480E-07  1.072983E-03  1.459512E-03  3.575696E-05  2.254389E-05  2.871690E-05  7.026681E-06
 2.891500E+02  2.033580E-01  1.027068E-04  1.147787E-08  1.514246E-08  1.686620E-08  2.020736E-08  4.444004E-01  1.136429E-03  1.941194E-05  2.537435E-01  1.521426E-03  5.801419E-05  1.453824E-06  6.296636E-03  2.267671E-06  7.815869E-06  4.258524E-07  8.675421E-02  2.154354E-05  5.897885E-07  5.111584E-07  1.053496E-03  1.432952E-03  3.349658E-05  2.105652E-05  2.683212E-05  6.648905E-06
 2.901500E+02  2.040476E-01  1.017371E-04  1.110621E-08  1.465655E-08  1.632605E-08  1.956572E-08  4.445127E-01  1.112542E-03  1.808105E-05  2.544237E-01  1.497177E-03  5.449800E-05  1.413276E-06  6.174039E-03  2.138132E-06  7.390789E-06  4.077336E-07  8.550101E-02  2.049339E-05  5.694145E-07  4.931204E-07  1.034474E-03  1.407029E-03  3.139192E-05  1.967647E-05  2.508271E-05  6.293587E-06
 2.911500E+02  2.047246E-01  1.007766E-04  1.074813E-08  1.418825E-08  1.580544E-08  1.894712E-08  4.446219E-01  1.089335E-03  1.685021E-05  2.550914E-01  1.473401E-03  5.121298E-05  1.374036E-06  6.054514E-03  2.016804E-06  6.991510E-06  3.904872E-07  8.426973E-02  1.949969E-05  5.498369E-07  4.758015E-07  1.015905E-03  1.381724E-03  2.943144E-05  1.839537E-05  2.345816E-05  5.959276E-06
 2.921500E+02  2.053893E-01  9.982534E-05  1.040312E-08  1.373689E-08  1.530363E-08  1.835067E-08  4.447281E-01  1.066785E-03  1.571128E-05  2.557470E-01  1.450087E-03  4.814287E-05  1.336060E-06  5.937971E-03  1.903122E-06  6.616319E-06  3.740670E-07  8.306002E-02  1.855918E-05  5.310221E-07  4.591709E-07  9.977760E-04  1.357022E-03  2.760452E-05  1.720558E-05  2.194886E-05  5.644626E-06
 2.931500E+02  2.060419E-01  9.888337E-05  1.007066E-08  1.330182E-08  1.481989E-08  1.777553E-08  4.448315E-01  1.044869E-03  1.465684E-05  2.563906E-01  1.427227E-03  4.527261E-05  1.299304E-06  5.824328E-03  1.796559E-06  6.263627E-06  3.584298E-07  8.187154E-02  1.766879E-05  5.129380E-07  4.431988E-07  9.800748E-04  1.332905E-03  2.590137E-05  1.610006E-05  2.054596E-05  5.348382E-06
 2.941500E+02  2.066826E-01  9.795077E-05  9.750266E-09  1.288240E-08  1.435353E-08  1.722088E-08  4.449321E-01  1.023565E-03  1.368009E-05  2.570224E-01  1.404812E-03  4.258829E-05  1.263725E-06  5.713500E-03  1.696630E-06  5.931957E-06  3.435344E-07  8.070395E-02  1.682561E-05  4.955539E-07  4.278572E-07  9.627898E-04  1.309358E-03  2.431296E-05  1.507237E-05  1.924138E-05  5.069374E-06
 2.951500E+02  2.073116E-01  9.702760E-05  9.441466E-09  1.247803E-08  1.390387E-08  1.668594E-08  4.450300E-01  1.002854E-03  1.277485E-05  2.576428E-01  1.382832E-03  4.007698E-05  1.229282E-06  5.605408E-03  1.602884E-06  5.619936E-06  3.293422E-07  7.955691E-02  1.602696E-05  4.788404E-07  4.131190E-07  9.459097E-04  1.286364E-03  2.283097E-05  1.411659E-05  1.802765E-05  4.806511E-06
 2.961500E+02  2.079291E-01  9.611390E-05  9.143809E-09  1.208813E-08  1.347027E-08  1.616996E-08  4.451253E-01  9.827155E-04  1.193544E-05  2.582518E-01  1.361280E-03  3.772674E-05  1.195936E-06  5.499975E-03  1.514904E-06  5.326290E-06  3.158168E-07  7.843008E-02  1.527029E-05  4.627695E-07  3.989585E-07  9.294233E-04  1.263908E-03  2.144771E-05  1.322727E-05  1.689794E-05  4.558779E-06
 2.971500E+02  2.085354E-01  9.520971E-05  8.856864E-09  1.171215E-08  1.305211E-08  1.567222E-08  4.452181E-01  9.631297E-04  1.115666E-05  2.588497E-01  1.340146E-03  3.552648E-05  1.163648E-06  5.397125E-03  1.432302E-06  5.049833E-06  3.029236E-07  7.732314E-02  1.455320E-05  4.473143E-07  3.853510E-07  9.133201E-04  1.241977E-03  2.015610E-05  1.239943E-05  1.584595E-05  4.325230E-06
 2.981500E+02  2.091306E-01  9.431506E-05  8.580215E-09  1.134955E-08  1.264882E-08  1.519202E-08  4.453085E-01  9.440784E-04  1.043379E-05  2.594367E-01  1.319423E-03  3.346595E-05  1.132382E-06  5.296787E-03  1.354719E-06  4.789462E-06  2.906301E-07  7.623574E-02  1.387347E-05  4.324492E-07  3.722732E-07  8.975895E-04  1.220554E-03  1.894959E-05  1.162845E-05  1.486589E-05  4.104979E-06
 2.991500E+02  2.097149E-01  9.342996E-05  8.313464E-09  1.099981E-08  1.225980E-08  1.472870E-08  4.453965E-01  9.255441E-04  9.762450E-06  2.600130E-01  1.299101E-03  3.153561E-05  1.102102E-06  5.198888E-03  1.281822E-06  4.544149E-06  2.789055E-07  7.516756E-02  1.322897E-05  4.181497E-07  3.597024E-07  8.822216E-04  1.199628E-03  1.782213E-05  1.091012E-05  1.395245E-05  3.897203E-06
 3.001500E+02  2.102886E-01  9.255442E-05  8.056227E-09  1.066245E-08  1.188453E-08  1.428162E-08  4.454823E-01  9.075096E-04  9.138670E-06  2.605788E-01  1.279174E-03  2.972663E-05  1.072775E-06  5.103361E-03  1.213302E-06  4.312940E-06  2.677209E-07  7.411827E-02  1.261772E-05  4.043922E-07  3.476174E-07  8.672066E-04  1.179183E-03  1.676814E-05  1.024055E-05  1.310071E-05  3.701132E-06
 3.011500E+02  2.108518E-01  9.168845E-05  7.808138E-09  1.033699E-08  1.152246E-08  1.385016E-08  4.455659E-01  8.899587E-04  8.558791E-06  2.611344E-01  1.259632E-03  2.803082E-05  1.044368E-06  5.010140E-03  1.148871E-06  4.094943E-06  2.570488E-07  7.308753E-02  1.203787E-05  3.911544E-07  3.359975E-07  8.525349E-04  1.159208E-03  1.578244E-05  9.616141E-06  1.230616E-05  3.516046E-06
 3.021500E+02  2.114048E-01  9.083204E-05  7.568843E-09  1.002297E-08  1.117311E-08  1.343373E-08  4.456474E-01  8.728755E-04  8.019457E-06  2.616798E-01  1.240468E-03  2.644056E-05  1.016848E-06  4.919159E-03  1.088262E-06  3.889329E-06  2.468632E-07  7.207504E-02  1.148767E-05  3.784149E-07  3.248233E-07  8.381973E-04  1.139688E-03  1.486026E-05  9.033604E-06  1.156465E-05  3.341275E-06
 3.031500E+02  2.119477E-01  8.998517E-05  7.338003E-09  9.719959E-09  1.083598E-08  1.303176E-08  4.457268E-01  8.562449E-04  7.517591E-06  2.622154E-01  1.221674E-03  2.494880E-05  9.901850E-07  4.830358E-03  1.031226E-06  3.695326E-06  2.371396E-07  7.108047E-02  1.096547E-05  3.661530E-07  3.140760E-07  8.241850E-04  1.120614E-03  1.399718E-05  8.489894E-06  1.087232E-05  3.176192E-06
 3.041500E+02  2.124806E-01  8.914785E-05  7.115295E-09  9.427537E-09  1.051061E-08  1.264371E-08  4.458042E-01  8.400522E-04  7.050365E-06  2.627412E-01  1.203243E-03  2.354897E-05  9.643501E-07  4.743674E-03  9.775341E-07  3.512212E-06  2.278550E-07  7.010350E-02  1.046971E-05  3.543491E-07  3.037378E-07  8.104892E-04  1.101971E-03  1.318911E-05  7.982204E-06  1.022564E-05  3.020210E-06
 3.051500E+02  2.130039E-01  8.832003E-05  6.900405E-09  9.145299E-09  1.019655E-08  1.226905E-08  4.458797E-01  8.242835E-04  6.615180E-06  2.632575E-01  1.185167E-03  2.223497E-05  9.393147E-07  4.659050E-03  9.269703E-07  3.339315E-06  2.189873E-07  6.914383E-02  9.998948E-06  3.429846E-07  2.937916E-07  7.971015E-04  1.083749E-03  1.243224E-05  7.507947E-06  9.621356E-06  2.872781E-06
 3.061500E+02  2.135177E-01  8.750169E-05  6.693035E-09  8.872859E-09  9.893376E-09  1.190727E-08  4.459533E-01  8.089251E-04  6.209648E-06  2.637644E-01  1.167438E-03  2.100115E-05  9.150514E-07  4.576428E-03  8.793350E-07  3.176008E-06  2.105157E-07  6.820114E-02  9.551806E-06  3.320414E-07  2.842210E-07  7.840138E-04  1.065937E-03  1.172309E-05  7.064734E-06  9.056437E-06  2.733393E-06
 3.071500E+02  2.140221E-01  8.669280E-05  6.492897E-09  8.609846E-09  9.600674E-09  1.155790E-08  4.460251E-01  7.939641E-04  5.831573E-06  2.642622E-01  1.150050E-03  1.984222E-05  8.915338E-07  4.495753E-03  8.344423E-07  3.021705E-06  2.024208E-07  6.727513E-02  9.126995E-06  3.215024E-07  2.750105E-07  7.712180E-04  1.048523E-03  1.105838E-05  6.650361E-06  8.528104E-06  2.601566E-06
 3.081500E+02  2.145174E-01  8.589331E-05  6.299715E-09  8.355903E-09  9.318048E-09  1.122047E-08  4.460952E-01  7.793879E-04  5.478930E-06  2.647510E-01  1.132996E-03  1.875330E-05  8.687365E-07  4.416973E-03  7.921189E-07  2.875859E-06  1.946840E-07  6.636550E-02  8.723299E-06  3.113512E-07  2.661452E-07  7.587066E-04  1.031497E-03  1.043511E-05  6.262789E-06  8.033783E-06  2.476852E-06
 3.091500E+02  2.150036E-01  8.510320E-05  6.113224E-09  8.110687E-09  9.045118E-09  1.089453E-08  4.461635E-01  7.651843E-04  5.149860E-06  2.652309E-01  1.116269E-03  1.772982E-05  8.466350E-07  4.340034E-03  7.522033E-07  2.737959E-06  1.872875E-07  6.547195E-02  8.339574E-06  3.015719E-07  2.576108E-07  7.464720E-04  1.014849E-03  9.850478E-06  5.900137E-06  7.571095E-06  2.358830E-06
 3.101500E+02  2.154811E-01  8.432239E-05  5.933169E-09  7.873869E-09  8.781520E-09  1.057965E-08  4.462302E-01  7.513418E-04  4.842647E-06  2.657022E-01  1.099861E-03  1.676754E-05  8.252058E-07  4.264887E-03  7.145453E-07  2.607528E-06  1.802149E-07  6.459418E-02  7.974742E-06  2.921497E-07  2.493937E-07  7.345070E-04  9.985690E-04  9.301893E-06  5.560664E-06  7.137840E-06  2.247108E-06
 3.111500E+02  2.159499E-01  8.355086E-05  5.759308E-09  7.645134E-09  8.526902E-09  1.027543E-08  4.462953E-01  7.378491E-04  4.555710E-06  2.661651E-01  1.083766E-03  1.586252E-05  8.044260E-07  4.191482E-03  6.790045E-07  2.484120E-06  1.734504E-07  6.373191E-02  7.627788E-06  2.830701E-07  2.414809E-07  7.228045E-04  9.826471E-04  8.786945E-06  5.242759E-06  6.731982E-06  2.141318E-06
 3.121500E+02  2.164103E-01  8.278853E-05  5.591405E-09  7.424177E-09  8.280930E-09  9.981453E-09  4.463589E-01  7.246954E-04  4.287591E-06  2.666196E-01  1.067978E-03  1.501108E-05  7.842738E-07  4.119773E-03  6.454501E-07  2.367318E-06  1.669791E-07  6.288485E-02  7.297755E-06  2.743193E-07  2.338599E-07  7.113578E-04  9.670740E-04  8.303399E-06  4.944933E-06  6.351637E-06  2.041113E-06
 3.131500E+02  2.168623E-01  8.203535E-05  5.429236E-09  7.210708E-09  8.043278E-09  9.697352E-09  4.464209E-01  7.118702E-04  4.036945E-06  2.670659E-01  1.052491E-03  1.420979E-05  7.647280E-07  4.049713E-03  6.137600E-07  2.256731E-06  1.607867E-07  6.205272E-02  6.983741E-06  2.658842E-07  2.265188E-07  7.001601E-04  9.518407E-04  7.849179E-06  4.665807E-06  5.995059E-06  1.946172E-06
 3.141500E+02  2.173062E-01  8.129126E-05  5.272584E-09  7.004447E-09  7.813637E-09  9.422760E-09  4.464815E-01  6.993635E-04  3.802532E-06  2.675043E-01  1.037297E-03  1.345547E-05  7.457682E-07  3.981258E-03  5.838203E-07  2.151993E-06  1.548600E-07  6.123525E-02  6.684897E-06  2.577521E-07  2.194463E-07  6.892050E-04  9.369383E-04  7.422355E-06  4.404104E-06  5.660634E-06  1.856190E-06
 3.151500E+02  2.177422E-01  8.055620E-05  5.121243E-09  6.805125E-09  7.591709E-09  9.157323E-09  4.465406E-01  6.871656E-04  3.583206E-06  2.679348E-01  1.022391E-03  1.274514E-05  7.273747E-07  3.914365E-03  5.555246E-07  2.052764E-06  1.491862E-07  6.043215E-02  6.400419E-06  2.499110E-07  2.126315E-07  6.784863E-04  9.223583E-04  7.021135E-06  4.158639E-06  5.346861E-06  1.770883E-06
 3.161500E+02  2.181702E-01  7.983009E-05  4.975013E-09  6.612484E-09  7.377207E-09  8.900705E-09  4.465983E-01  6.752670E-04  3.377906E-06  2.683576E-01  1.007767E-03  1.207602E-05  7.095287E-07  3.848991E-03  5.287736E-07  1.958723E-06  1.437533E-07  5.964317E-02  6.129553E-06  2.423493E-07  2.060639E-07  6.679979E-04  9.080922E-04  6.643852E-06  3.928317E-06  5.052352E-06  1.689985E-06
 3.171500E+02  2.185906E-01  7.911286E-05  4.833703E-09  6.426275E-09  7.169856E-09  8.652582E-09  4.466548E-01  6.636589E-04  3.185655E-06  2.687729E-01  9.934189E-04  1.144553E-05  6.922119E-07  3.785097E-03  5.034743E-07  1.869569E-06  1.385499E-07  5.886803E-02  5.871584E-06  2.350560E-07  1.997336E-07  6.577339E-04  8.941321E-04  6.288955E-06  3.712120E-06  4.775819E-06  1.613246E-06
 3.181500E+02  2.190035E-01  7.840445E-05  4.697130E-09  6.246262E-09  6.969392E-09  8.412641E-09  4.467099E-01  6.523324E-04  3.005547E-06  2.691808E-01  9.793409E-04  1.085126E-05  6.754065E-07  3.722641E-03  4.795400E-07  1.785022E-06  1.335652E-07  5.810648E-02  5.625840E-06  2.280205E-07  1.936311E-07  6.476885E-04  8.804701E-04  5.955001E-06  3.509104E-06  4.516065E-06  1.540429E-06
 3.191500E+02  2.194090E-01  7.770477E-05  4.565117E-09  6.072215E-09  6.775561E-09  8.180584E-09  4.467637E-01  6.412792E-04  2.836744E-06  2.695814E-01  9.655273E-04  1.029096E-05  6.590958E-07  3.661587E-03  4.568895E-07  1.704819E-06  1.287889E-07  5.735826E-02  5.391686E-06  2.212326E-07  1.877472E-07  6.378562E-04  8.670986E-04  5.640647E-06  3.318394E-06  4.271981E-06  1.471316E-06
 3.201500E+02  2.198072E-01  7.701376E-05  4.437496E-09  5.903914E-09  6.588119E-09  7.956122E-09  4.468163E-01  6.304911E-04  2.678473E-06  2.699749E-01  9.519726E-04  9.762518E-06  6.432633E-07  3.601897E-03  4.354468E-07  1.628711E-06  1.242112E-07  5.662311E-02  5.168522E-06  2.146826E-07  1.820732E-07  6.282316E-04  8.540101E-04  5.344643E-06  3.139176E-06  4.042536E-06  1.405699E-06
 3.211500E+02  2.201984E-01  7.633133E-05  4.314103E-09  5.741149E-09  6.406833E-09  7.738979E-09  4.468677E-01  6.199604E-04  2.530015E-06  2.703615E-01  9.386714E-04  9.263980E-06  6.278932E-07  3.543535E-03  4.151410E-07  1.556468E-06  1.198230E-07  5.590079E-02  4.955781E-06  2.083612E-07  1.766008E-07  6.188094E-04  8.411975E-04  5.065824E-06  2.970696E-06  3.826771E-06  1.343382E-06
 3.221500E+02  2.205826E-01  7.565740E-05  4.194784E-09  5.583716E-09  6.231475E-09  7.528889E-09  4.469180E-01  6.096794E-04  2.390704E-06  2.707413E-01  9.256184E-04  8.793510E-06  6.129703E-07  3.486466E-03  3.959054E-07  1.487872E-06  1.156154E-07  5.519106E-02  4.752929E-06  2.022595E-07  1.713220E-07  6.095846E-04  8.286539E-04  4.803104E-06  2.812251E-06  3.623797E-06  1.284185E-06
 3.231500E+02  2.209600E-01  7.499189E-05  4.079387E-09  5.431421E-09  6.061832E-09  7.325597E-09  4.469671E-01  5.996408E-04  2.259926E-06  2.711143E-01  9.128084E-04  8.349395E-06  5.984799E-07  3.430656E-03  3.776779E-07  1.422719E-06  1.115802E-07  5.449367E-02  4.559461E-06  1.963690E-07  1.662291E-07  6.005521E-04  8.163723E-04  4.555473E-06  2.663189E-06  3.432785E-06  1.227933E-06
 3.241500E+02  2.213307E-01  7.433471E-05  3.967769E-09  5.284077E-09  5.897694E-09  7.128857E-09  4.470151E-01  5.898377E-04  2.137108E-06  2.714808E-01  9.002362E-04  7.930035E-06  5.844078E-07  3.376071E-03  3.604000E-07  1.360817E-06  1.077093E-07  5.380840E-02  4.374899E-06  1.906815E-07  1.613148E-07  5.917072E-04  8.043463E-04  4.321987E-06  2.522905E-06  3.252967E-06  1.174467E-06
 3.251500E+02  2.216948E-01  7.368580E-05  3.859792E-09  5.141504E-09  5.738862E-09  6.938432E-09  4.470620E-01  5.802631E-04  2.021721E-06  2.718408E-01  8.878969E-04  7.533933E-06  5.707405E-07  3.322681E-03  3.440171E-07  1.301985E-06  1.039954E-07  5.313500E-02  4.198793E-06  1.851892E-07  1.565722E-07  5.830452E-04  7.925695E-04  4.101765E-06  2.390832E-06  3.083624E-06  1.123633E-06
 3.261500E+02  2.220526E-01  7.304505E-05  3.755322E-09  5.003528E-09  5.585145E-09  6.754097E-09  4.471080E-01  5.709105E-04  1.913272E-06  2.721946E-01  8.757857E-04  7.159688E-06  5.574646E-07  3.270453E-03  3.284779E-07  1.246056E-06  1.004313E-07  5.247325E-02  4.030715E-06  1.798845E-07  1.519945E-07  5.745615E-04  7.810355E-04  3.893988E-06  2.266447E-06  2.924091E-06  1.075290E-06
 3.271500E+02  2.224040E-01  7.241239E-05  3.654233E-09  4.869985E-09  5.436357E-09  6.575633E-09  4.471528E-01  5.617735E-04  1.811305E-06  2.725422E-01  8.638976E-04  6.805991E-06  5.445676E-07  3.219358E-03  3.137345E-07  1.192870E-06  9.701012E-08  5.182293E-02  3.870264E-06  1.747604E-07  1.475752E-07  5.662517E-04  7.697385E-04  3.697888E-06  2.149261E-06  2.773746E-06  1.029301E-06
 3.281500E+02  2.227493E-01  7.178772E-05  3.556402E-09  4.740714E-09  5.292321E-09  6.402830E-09  4.471968E-01  5.528461E-04  1.715396E-06  2.728837E-01  8.522281E-04  6.471618E-06  5.320371E-07  3.169366E-03  2.997416E-07  1.142277E-06  9.372551E-08  5.118383E-02  3.717057E-06  1.698098E-07  1.433083E-07  5.581115E-04  7.586725E-04  3.512751E-06  2.038818E-06  2.632010E-06  9.855416E-07
 3.291500E+02  2.230885E-01  7.117096E-05  3.461710E-09  4.615561E-09  5.152868E-09  6.235486E-09  4.472397E-01  5.441222E-04  1.625150E-06  2.732192E-01  8.407726E-04  6.155420E-06  5.198613E-07  3.120450E-03  2.864571E-07  1.094137E-06  9.057134E-08  5.055571E-02  3.570733E-06  1.650261E-07  1.391878E-07  5.501367E-04  7.478318E-04  3.337908E-06  1.934693E-06  2.498345E-06  9.438913E-07
 3.301500E+02  2.234218E-01  7.056203E-05  3.370045E-09  4.494380E-09  5.017833E-09  6.073409E-09  4.472817E-01  5.355961E-04  1.540202E-06  2.735489E-01  8.295266E-04  5.856325E-06  5.080288E-07  3.072580E-03  2.738412E-07  1.048318E-06  8.754176E-08  4.993838E-02  3.430953E-06  1.604032E-07  1.352080E-07  5.423234E-04  7.372108E-04  3.172734E-06  1.836492E-06  2.372246E-06  9.042380E-07
 3.311500E+02  2.237493E-01  6.996083E-05  3.281298E-09  4.377029E-09  4.887059E-09  5.916410E-09  4.473228E-01  5.272622E-04  1.460210E-06  2.738730E-01  8.184858E-04  5.573326E-06  4.965286E-07  3.025731E-03  2.618566E-07  1.004695E-06  8.463125E-08  4.933162E-02  3.297392E-06  1.559348E-07  1.313637E-07  5.346674E-04  7.268042E-04  3.016647E-06  1.743846E-06  2.253246E-06  8.664759E-07
 3.321500E+02  2.240711E-01  6.936728E-05  3.195364E-09  4.263372E-09  4.760394E-09  5.764312E-09  4.473631E-01  5.191152E-04  1.384856E-06  2.741914E-01  8.076457E-04  5.305481E-06  4.853501E-07  2.979877E-03  2.504684E-07  9.631503E-07  8.183453E-08  4.873524E-02  3.169746E-06  1.516151E-07  1.276496E-07  5.271651E-04  7.166068E-04  2.869099E-06  1.656411E-06  2.140907E-06  8.305052E-07
 3.331500E+02  2.243873E-01  6.878129E-05  3.112143E-09  4.153276E-09  4.637693E-09  5.616942E-09  4.474024E-01  5.111499E-04  1.313848E-06  2.745043E-01  7.970024E-04  5.051907E-06  4.744830E-07  2.934991E-03  2.396436E-07  9.235747E-07  7.914659E-08  4.814903E-02  3.047724E-06  1.474386E-07  1.240607E-07  5.198127E-04  7.066134E-04  2.729582E-06  1.573865E-06  2.034820E-06  7.962319E-07
 3.341500E+02  2.246980E-01  6.820276E-05  3.031538E-09  4.046618E-09  4.518816E-09  5.474133E-09  4.474410E-01  5.033613E-04  1.246908E-06  2.748119E-01  7.865516E-04  4.811777E-06  4.639174E-07  2.891051E-03  2.293514E-07  8.858638E-07  7.656267E-08  4.757279E-02  2.931053E-06  1.434000E-07  1.205922E-07  5.126065E-04  6.968192E-04  2.597618E-06  1.495911E-06  1.934604E-06  7.635674E-07
 3.351500E+02  2.250034E-01  6.763162E-05  2.953456E-09  3.943274E-09  4.403628E-09  5.335727E-09  4.474787E-01  4.957444E-04  1.183783E-06  2.751142E-01  7.762893E-04  4.584313E-06  4.536438E-07  2.848031E-03  2.195626E-07  8.499198E-07  7.407822E-08  4.700634E-02  2.819474E-06  1.394940E-07  1.172397E-07  5.055430E-04  6.872192E-04  2.472759E-06  1.422267E-06  1.839903E-06  7.324280E-07
 3.361500E+02  2.253035E-01  6.706777E-05  2.877809E-09  3.843129E-09  4.292001E-09  5.201569E-09  4.475156E-01  4.882947E-04  1.124232E-06  2.754113E-01  7.662117E-04  4.368789E-06  4.436528E-07  2.805908E-03  2.102499E-07  8.156502E-07  7.168892E-08  4.644948E-02  2.712740E-06  1.357157E-07  1.139987E-07  4.986188E-04  6.778088E-04  2.354588E-06  1.352672E-06  1.750384E-06  7.027348E-07
 3.371500E+02  2.255985E-01  6.651112E-05  2.804509E-09  3.746072E-09  4.183808E-09  5.071513E-09  4.475518E-01  4.810075E-04  1.068034E-06  2.757033E-01  7.563148E-04  4.164521E-06  4.339357E-07  2.764661E-03  2.013877E-07  7.829681E-07  6.939066E-08  4.590203E-02  2.610619E-06  1.320605E-07  1.108651E-07  4.918306E-04  6.685835E-04  2.242713E-06  1.286883E-06  1.665736E-06  6.744134E-07
 3.381500E+02  2.258884E-01  6.596159E-05  2.733476E-09  3.651993E-09  4.078932E-09  4.945416E-09  4.475872E-01  4.738784E-04  1.014981E-06  2.759904E-01  7.465950E-04  3.970869E-06  4.244839E-07  2.724267E-03  1.929516E-07  7.517914E-07  6.717951E-08  4.536381E-02  2.512889E-06  1.285238E-07  1.078347E-07  4.851751E-04  6.595388E-04  2.136767E-06  1.224672E-06  1.585669E-06  6.473936E-07
 3.391500E+02  2.261734E-01  6.541909E-05  2.664629E-09  3.560789E-09  3.977256E-09  4.823141E-09  4.476218E-01  4.669031E-04  9.648804E-07  2.762726E-01  7.370485E-04  3.787230E-06  4.152890E-07  2.684704E-03  1.849190E-07  7.220428E-07  6.505175E-08  4.483465E-02  2.419342E-06  1.251012E-07  1.049039E-07  4.786492E-04  6.506704E-04  2.036405E-06  1.165824E-06  1.509909E-06  6.216089E-07
 3.401500E+02  2.264535E-01  6.488352E-05  2.597892E-09  3.472361E-09  3.878669E-09  4.704558E-09  4.476558E-01  4.600776E-04  9.175512E-07  2.765500E-01  7.276718E-04  3.613040E-06  4.063430E-07  2.645953E-03  1.772684E-07  6.936491E-07  6.300381E-08  4.431436E-02  2.329779E-06  1.217886E-07  1.020688E-07  4.722498E-04  6.419742E-04  1.941307E-06  1.110141E-06  1.438204E-06  5.969967E-07
 3.411500E+02  2.267288E-01  6.435481E-05  2.533192E-09  3.386613E-09  3.783066E-09  4.589538E-09  4.476890E-01  4.533979E-04  8.728249E-07  2.768228E-01  7.184614E-04  3.447768E-06  3.976381E-07  2.607993E-03  1.699796E-07  6.665415E-07  6.103231E-08  4.380277E-02  2.244011E-06  1.185820E-07  9.932592E-08  4.659739E-04  6.334460E-04  1.851169E-06  1.057435E-06  1.370314E-06  5.734978E-07
 3.421500E+02  2.269995E-01  6.383287E-05  2.470457E-09  3.303453E-09  3.690343E-09  4.477962E-09  4.477216E-01  4.468600E-04  8.305440E-07  2.770909E-01  7.094138E-04  3.290916E-06  3.891670E-07  2.570805E-03  1.630335E-07  6.406547E-07  5.913402E-08  4.329973E-02  2.161861E-06  1.154774E-07  9.667187E-08  4.598186E-04  6.250820E-04  1.765708E-06  1.007532E-06  1.306016E-06  5.510564E-07
 3.431500E+02  2.272657E-01  6.331760E-05  2.409621E-09  3.222791E-09  3.600401E-09  4.369710E-09  4.477535E-01  4.404602E-04  7.905614E-07  2.773546E-01  7.005257E-04  3.142015E-06  3.809224E-07  2.534370E-03  1.564123E-07  6.159274E-07  5.730586E-08  4.280506E-02  2.083159E-06  1.124713E-07  9.410338E-08  4.537811E-04  6.168782E-04  1.684658E-06  9.602676E-07  1.245102E-06  5.296194E-07
 3.441500E+02  2.275273E-01  6.280892E-05  2.350617E-09  3.144542E-09  3.513147E-09  4.264671E-09  4.477848E-01  4.341949E-04  7.527397E-07  2.776138E-01  6.917937E-04  3.000624E-06  3.728973E-07  2.498668E-03  1.500989E-07  5.923014E-07  5.554488E-08  4.231860E-02  2.007743E-06  1.095600E-07  9.161732E-08  4.478587E-04  6.088309E-04  1.607770E-06  9.154891E-07  1.187375E-06  5.091369E-07
 3.451500E+02  2.277845E-01  6.230676E-05  2.293383E-09  3.068623E-09  3.428487E-09  4.162735E-09  4.478154E-01  4.280605E-04  7.169503E-07  2.778688E-01  6.832148E-04  2.866330E-06  3.650850E-07  2.463684E-03  1.440775E-07  5.697218E-07  5.384829E-08  4.184019E-02  1.935462E-06  1.067402E-07  8.921067E-08  4.420486E-04  6.009364E-04  1.534809E-06  8.730527E-07  1.132653E-06  4.895617E-07
 3.461500E+02  2.280375E-01  6.181101E-05  2.237858E-09  2.994957E-09  3.346334E-09  4.063798E-09  4.478454E-01  4.220537E-04  6.830730E-07  2.781194E-01  6.747856E-04  2.738743E-06  3.574789E-07  2.429398E-03  1.383330E-07  5.481368E-07  5.221342E-08  4.136969E-02  1.866171E-06  1.040085E-07  8.688055E-08  4.363483E-04  5.931913E-04  1.465555E-06  8.328235E-07  1.080764E-06  4.708490E-07
 3.471500E+02  2.282862E-01  6.132160E-05  2.183984E-09  2.923466E-09  3.266604E-09  3.967759E-09  4.478748E-01  4.161710E-04  6.509953E-07  2.783659E-01  6.665033E-04  2.617497E-06  3.500729E-07  2.395794E-03  1.328513E-07  5.274973E-07  5.063772E-08  4.090694E-02  1.799731E-06  1.013619E-07  8.462419E-08  4.307552E-04  5.855920E-04  1.399802E-06  7.946754E-07  1.031545E-06  4.529566E-07
 3.481500E+02  2.285307E-01  6.083844E-05  2.131706E-09  2.854076E-09  3.189214E-09  3.874522E-09  4.479036E-01  4.104094E-04  6.206117E-07  2.786084E-01  6.583647E-04  2.502246E-06  3.428608E-07  2.362856E-03  1.276188E-07  5.077569E-07  4.911874E-08  4.045178E-02  1.736013E-06  9.879734E-08  8.243893E-08  4.252668E-04  5.781352E-04  1.337355E-06  7.584899E-07  9.848461E-07  4.358443E-07
 3.491500E+02  2.287713E-01  6.036146E-05  2.080968E-09  2.786718E-09  3.114087E-09  3.783992E-09  4.479319E-01  4.047657E-04  5.918237E-07  2.788468E-01  6.503670E-04  2.392667E-06  3.358367E-07  2.330567E-03  1.226230E-07  4.888716E-07  4.765418E-08  4.000408E-02  1.674892E-06  9.631188E-08  8.032222E-08  4.198808E-04  5.708176E-04  1.278031E-06  7.241558E-07  9.405246E-07  4.194744E-07
 3.501500E+02  2.290078E-01  5.989056E-05  2.031719E-09  2.721323E-09  3.041146E-09  3.696079E-09  4.479596E-01  3.992369E-04  5.645389E-07  2.790813E-01  6.425072E-04  2.288454E-06  3.289949E-07  2.298912E-03  1.178520E-07  4.707999E-07  4.624182E-08  3.956369E-02  1.616250E-06  9.390274E-08  7.827159E-08  4.145948E-04  5.636360E-04  1.221660E-06  6.915690E-07  8.984474E-07  4.038108E-07
 3.511500E+02  2.292404E-01  5.942567E-05  1.983909E-09  2.657826E-09  2.970318E-09  3.610697E-09  4.479868E-01  3.938201E-04  5.386708E-07  2.793120E-01  6.347825E-04  2.189318E-06  3.223301E-07  2.267876E-03  1.132944E-07  4.535026E-07  4.487953E-08  3.913048E-02  1.559975E-06  9.156726E-08  7.628470E-08  4.094066E-04  5.565873E-04  1.168079E-06  6.606314E-07  8.584893E-07  3.888197E-07
 3.521500E+02  2.294692E-01  5.896670E-05  1.937489E-09  2.596163E-09  2.901533E-09  3.527763E-09  4.480134E-01  3.885124E-04  5.141382E-07  2.795388E-01  6.271903E-04  2.094989E-06  3.158369E-07  2.237444E-03  1.089395E-07  4.369423E-07  4.356529E-08  3.870429E-02  1.505961E-06  8.930285E-08  7.435929E-08  4.043139E-04  5.496685E-04  1.117137E-06  6.312511E-07  8.205326E-07  3.744688E-07
 3.531500E+02  2.296943E-01  5.851358E-05  1.892414E-09  2.536274E-09  2.834725E-09  3.447195E-09  4.480395E-01  3.833111E-04  4.908649E-07  2.797620E-01  6.197278E-04  2.005211E-06  3.095101E-07  2.207602E-03  1.047773E-07  4.210838E-07  4.229718E-08  3.828501E-02  1.454106E-06  8.710703E-08  7.249317E-08  3.993145E-04  5.428767E-04  1.068691E-06  6.033418E-07  7.844668E-07  3.607276E-07
 3.541500E+02  2.299156E-01  5.806622E-05  1.848639E-09  2.478100E-09  2.769826E-09  3.368916E-09  4.480651E-01  3.782134E-04  4.687797E-07  2.799816E-01  6.123924E-04  1.919744E-06  3.033448E-07  2.178336E-03  1.007983E-07  4.058938E-07  4.107335E-08  3.787250E-02  1.404314E-06  8.497743E-08  7.068426E-08  3.944065E-04  5.362090E-04  1.022606E-06  5.768223E-07  7.501879E-07  3.475672E-07
 3.551500E+02  2.301334E-01  5.762455E-05  1.806120E-09  2.421585E-09  2.706775E-09  3.292851E-09  4.480903E-01  3.732169E-04  4.478156E-07  2.801976E-01  6.051815E-04  1.838359E-06  2.973362E-07  2.149632E-03  9.699349E-08  3.913405E-07  3.989203E-08  3.746663E-02  1.356492E-06  8.291175E-08  6.893054E-08  3.895876E-04  5.296626E-04  9.787557E-07  5.516161E-07  7.175984E-07  3.349602E-07
 3.561500E+02  2.303476E-01  5.718849E-05  1.764816E-09  2.366673E-09  2.645511E-09  3.218929E-09  4.481149E-01  3.683190E-04  4.279097E-07  2.804101E-01  5.980927E-04  1.760844E-06  2.914798E-07  2.121478E-03  9.335426E-08  3.773939E-07  3.875154E-08  3.706728E-02  1.310555E-06  8.090780E-08  6.723010E-08  3.848560E-04  5.232348E-04  9.370209E-07  5.276517E-07  6.866063E-07  3.228805E-07
 3.571500E+02  2.305583E-01  5.675795E-05  1.724688E-09  2.313314E-09  2.585976E-09  3.147079E-09  4.481391E-01  3.635173E-04  4.090030E-07  2.806192E-01  5.911234E-04  1.686997E-06  2.857709E-07  2.093859E-03  8.987259E-08  3.640256E-07  3.765027E-08  3.667431E-02  1.266419E-06  7.896346E-08  6.558108E-08  3.802096E-04  5.169229E-04  8.972892E-07  5.048615E-07  6.571251E-07  3.113036E-07
 3.581500E+02  2.307657E-01  5.633288E-05  1.685696E-09  2.261456E-09  2.528114E-09  3.077235E-09  4.481628E-01  3.588094E-04  3.910401E-07  2.808249E-01  5.842713E-04  1.616626E-06  2.802053E-07  2.066765E-03  8.654083E-08  3.512086E-07  3.658668E-08  3.628761E-02  1.224005E-06  7.707668E-08  6.398168E-08  3.756466E-04  5.107243E-04  8.594547E-07  4.831820E-07  6.290736E-07  3.002059E-07
 3.591500E+02  2.309697E-01  5.591318E-05  1.647803E-09  2.211050E-09  2.471870E-09  3.009332E-09  4.481861E-01  3.541930E-04  3.739688E-07  2.810274E-01  5.775341E-04  1.549552E-06  2.747788E-07  2.040182E-03  8.335176E-08  3.389174E-07  3.555929E-08  3.590707E-02  1.183238E-06  7.524551E-08  6.243020E-08  3.711652E-04  5.046367E-04  8.234175E-07  4.625534E-07  6.023751E-07  2.895654E-07
 3.601500E+02  2.311704E-01  5.549878E-05  1.610975E-09  2.162050E-09  2.417192E-09  2.943307E-09  4.482089E-01  3.496658E-04  3.577402E-07  2.812266E-01  5.709093E-04  1.485605E-06  2.694874E-07  2.014099E-03  8.029854E-08  3.271276E-07  3.456669E-08  3.553256E-02  1.144046E-06  7.346807E-08  6.092499E-08  3.667635E-04  4.986574E-04  7.890835E-07  4.429195E-07  5.769575E-07  2.793610E-07
 3.611500E+02  2.313680E-01  5.508962E-05  1.575175E-09  2.114411E-09  2.364030E-09  2.879102E-09  4.482313E-01  3.452258E-04  3.423084E-07  2.814226E-01  5.643949E-04  1.424625E-06  2.643270E-07  1.988504E-03  7.737467E-08  3.158162E-07  3.360754E-08  3.516397E-02  1.106361E-06  7.174254E-08  5.946445E-08  3.624398E-04  4.927841E-04  7.563640E-07  4.242273E-07  5.527529E-07  2.695725E-07
 3.621500E+02  2.315623E-01  5.468561E-05  1.540372E-09  2.068088E-09  2.312335E-09  2.816657E-09  4.482533E-01  3.408708E-04  3.276299E-07  2.816155E-01  5.579885E-04  1.366460E-06  2.592940E-07  1.963386E-03  7.457402E-08  3.049614E-07  3.268055E-08  3.480120E-02  1.070118E-06  7.006717E-08  5.804708E-08  3.581924E-04  4.870146E-04  7.251753E-07  4.064269E-07  5.296972E-07  2.601811E-07
 3.631500E+02  2.317536E-01  5.428669E-05  1.506533E-09  2.023040E-09  2.262061E-09  2.755917E-09  4.482749E-01  3.365987E-04  3.136642E-07  2.818054E-01  5.516881E-04  1.310968E-06  2.543846E-07  1.938735E-03  7.189076E-08  2.945423E-07  3.178448E-08  3.444412E-02  1.035256E-06  6.844028E-08  5.667139E-08  3.540197E-04  4.813464E-04  6.954383E-07  3.894712E-07  5.077302E-07  2.511687E-07
 3.641500E+02  2.319419E-01  5.389279E-05  1.473627E-09  1.979226E-09  2.213161E-09  2.696828E-09  4.482961E-01  3.324075E-04  3.003728E-07  2.819923E-01  5.454915E-04  1.258013E-06  2.495953E-07  1.914539E-03  6.931936E-08  2.845392E-07  3.091814E-08  3.409263E-02  1.001714E-06  6.686025E-08  5.533597E-08  3.499199E-04  4.757775E-04  6.670784E-07  3.733159E-07  4.867950E-07  2.425182E-07
 3.651500E+02  2.321272E-01  5.350383E-05  1.441624E-09  1.936606E-09  2.165594E-09  2.639338E-09  4.483168E-01  3.282955E-04  2.877198E-07  2.821763E-01  5.393968E-04  1.207468E-06  2.449227E-07  1.890789E-03  6.685460E-08  2.749334E-07  3.008042E-08  3.374664E-02  9.694381E-07  6.532553E-08  5.403947E-08  3.458916E-04  4.703057E-04  6.400252E-07  3.579192E-07  4.668378E-07  2.342132E-07
 3.661500E+02  2.323095E-01  5.311974E-05  1.410497E-09  1.895144E-09  2.119316E-09  2.583396E-09  4.483373E-01  3.242605E-04  2.756711E-07  2.823573E-01  5.334018E-04  1.159211E-06  2.403634E-07  1.867473E-03  6.449151E-08  2.657071E-07  2.927021E-08  3.340603E-02  9.383734E-07  6.383461E-08  5.278058E-08  3.419332E-04  4.649289E-04  6.142123E-07  3.432417E-07  4.478082E-07  2.262383E-07
 3.671500E+02  2.324890E-01  5.274046E-05  1.380215E-09  1.854802E-09  2.074287E-09  2.528956E-09  4.483573E-01  3.203010E-04  2.641948E-07  2.825356E-01  5.275046E-04  1.113129E-06  2.359142E-07  1.844583E-03  6.222537E-08  2.568434E-07  2.848649E-08  3.307071E-02  9.084692E-07  6.238606E-08  5.155804E-08  3.380431E-04  4.596449E-04  5.895768E-07  3.292462E-07  4.296584E-07  2.185787E-07
 3.681500E+02  2.326657E-01  5.236591E-05  1.350755E-09  1.815546E-09  2.030468E-09  2.475968E-09  4.483770E-01  3.164149E-04  2.532607E-07  2.827111E-01  5.217034E-04  1.069114E-06  2.315720E-07  1.822109E-03  6.005172E-08  2.483261E-07  2.772827E-08  3.274057E-02  8.796768E-07  6.097846E-08  5.037063E-08  3.342200E-04  4.544520E-04  5.660594E-07  3.158977E-07  4.123433E-07  2.112204E-07
 3.691500E+02  2.328397E-01  5.199604E-05  1.322088E-09  1.777342E-09  1.987821E-09  2.424389E-09  4.483963E-01  3.126008E-04  2.428404E-07  2.828838E-01  5.159962E-04  1.027063E-06  2.273338E-07  1.800041E-03  5.796631E-08  2.401400E-07  2.699458E-08  3.241553E-02  8.519496E-07  5.961050E-08  4.921720E-08  3.304624E-04  4.493480E-04  5.436039E-07  3.031629E-07  3.958203E-07  2.041502E-07
 3.701500E+02  2.330109E-01  5.163077E-05  1.294191E-09  1.740156E-09  1.946309E-09  2.374176E-09  4.484153E-01  3.088568E-04  2.329071E-07  2.830539E-01  5.103811E-04  9.868797E-07  2.231966E-07  1.778371E-03  5.596512E-08  2.322705E-07  2.628452E-08  3.209548E-02  8.252433E-07  5.828086E-08  4.809661E-08  3.267689E-04  4.443312E-04  5.221574E-07  2.910107E-07  3.800494E-07  1.973554E-07
 3.711500E+02  2.331795E-01  5.127004E-05  1.267040E-09  1.703958E-09  1.905898E-09  2.325285E-09  4.484339E-01  3.051814E-04  2.234356E-07  2.832214E-01  5.048565E-04  9.484727E-07  2.191576E-07  1.757089E-03  5.404432E-08  2.247038E-07  2.559721E-08  3.178033E-02  7.995158E-07  5.698832E-08  4.700778E-08  3.231381E-04  4.393996E-04  5.016697E-07  2.794114E-07  3.649924E-07  1.908238E-07
 3.721500E+02  2.333455E-01  5.091379E-05  1.240611E-09  1.668716E-09  1.866554E-09  2.277676E-09  4.484522E-01  3.015729E-04  2.144020E-07  2.833863E-01  4.994205E-04  9.117553E-07  2.152141E-07  1.736188E-03  5.220027E-08  2.174266E-07  2.493181E-08  3.147000E-02  7.747264E-07  5.573167E-08  4.594968E-08  3.195688E-04  4.345515E-04  4.820933E-07  2.683373E-07  3.506137E-07  1.845441E-07
 3.731500E+02  2.335089E-01  5.056195E-05  1.214882E-09  1.634402E-09  1.828244E-09  2.231311E-09  4.484702E-01  2.980298E-04  2.057839E-07  2.835486E-01  4.940714E-04  8.766454E-07  2.113634E-07  1.715658E-03  5.042952E-08  2.104265E-07  2.428751E-08  3.116440E-02  7.508369E-07  5.450975E-08  4.492129E-08  3.160596E-04  4.297851E-04  4.633833E-07  2.577618E-07  3.368792E-07  1.785052E-07
