#         T/K            c1          c2-1          c3-4          c3-5          c3-7          c3-9            m1          m2-1          m3-1            w1            w2          w3-1          w3-2          c1m1        c1m2-1        c1m2-7        c2m1-1        c1w1-2        c1w2-1        c2w1-1        c2w1-9        m1w1-1        m1w1-4        m1w2-1        m2w1-1        m2w1-3      c1m1w1-1
 2.731500E+02  3.144631E-01  3.166325E-04  8.441085E-08  1.107913E-07  1.232641E-07  1.469771E-07  5.382692E-01  2.357788E-03  1.114729E-04  7.255838E-02  1.748042E-04  4.283325E-06  6.009962E-08  1.713585E-02  1.426777E-05  4.681709E-05  2.782494E-06  5.324610E-02  7.050417E-06  8.227235E-07  7.224383E-07  5.105380E-04  6.949798E-04  1.047346E-05  2.813230E-05  3.562993E-05  9.624640E-06
 2.741500E+02  3.150809E-01  3.120660E-04  8.087073E-08  1.061807E-07  1.181433E-07  1.409156E-07  5.385506E-01  2.303127E-03  1.030035E-04  7.298319E-02  1.726584E-04  4.028184E-06  5.871615E-08  1.673217E-02  1.333555E-05  4.389990E-05  2.639984E-06  5.242691E-02  6.691038E-06  7.899821E-07  6.930895E-07  5.017273E-04  6.829427E-04  9.797106E-06  2.615984E-05  3.314498E-05  9.059514E-06
 2.751500E+02  3.156854E-01  3.075899E-04  7.750165E-08  1.017914E-07  1.132679E-07  1.351428E-07  5.388229E-01  2.250126E-03  9.523364E-05  7.340064E-02  1.705269E-04  3.789028E-06  5.736139E-08  1.634069E-02  1.247044E-05  4.118403E-05  2.505721E-06  5.162162E-02  6.351379E-06  7.587031E-07  6.650769E-07  4.930923E-04  6.711478E-04  9.167457E-06  2.433683E-05  3.084740E-05  8.530658E-06
 2.761500E+02  3.162769E-01  3.032023E-04  7.429444E-08  9.761161E-08  1.086248E-07  1.296433E-07  5.390864E-01  2.198726E-03  8.810132E-05  7.381083E-02  1.684108E-04  3.564821E-06  5.603516E-08  1.596098E-02  1.166720E-05  3.865438E-05  2.379178E-06  5.083007E-02  6.030303E-06  7.288161E-07  6.383348E-07  4.846301E-04  6.595907E-04  8.581116E-06  2.265118E-05  2.872212E-05  8.035570E-06
 2.771500E+02  3.168558E-01  2.989013E-04  7.124045E-08  9.363012E-08  1.042017E-07  1.244027E-07  5.393416E-01  2.148870E-03  8.155032E-05  7.421384E-02  1.663107E-04  3.354598E-06  5.473722E-08  1.559263E-02  1.092104E-05  3.629704E-05  2.259868E-06  5.005210E-02  5.726738E-06  7.002540E-07  6.128009E-07  4.763376E-04  6.482671E-04  8.034937E-06  2.109184E-05  2.675533E-05  7.571934E-06
 2.781500E+02  3.174223E-01  2.946850E-04  6.833153E-08  8.983650E-08  9.998698E-08  1.194075E-07  5.395888E-01  2.100503E-03  7.552970E-05  7.460978E-02  1.642274E-04  3.157455E-06  5.346732E-08  1.523525E-02  1.022755E-05  3.409924E-05  2.147334E-06  4.928756E-02  5.439679E-06  6.729533E-07  5.884162E-07  4.682117E-04  6.371729E-04  7.526014E-06  1.964870E-05  2.493440E-05  7.137600E-06
 2.791500E+02  3.179767E-01  2.905515E-04  6.556002E-08  8.622088E-08  9.596972E-08  1.146448E-07  5.398282E-01  2.053574E-03  6.999328E-05  7.499875E-02  1.621616E-04  2.972549E-06  5.222518E-08  1.488845E-02  9.582705E-06  3.204922E-05  2.041152E-06  4.853628E-02  5.168178E-06  6.468536E-07  5.651245E-07  4.602494E-04  6.263036E-04  7.051663E-06  1.831251E-05  2.324776E-05  6.730576E-06
 2.801500E+02  3.185193E-01  2.864990E-04  6.291868E-08  8.277395E-08  9.213961E-08  1.101026E-07  5.400602E-01  2.008032E-03  6.489917E-05  7.538084E-02  1.601138E-04  2.799092E-06  5.101050E-08  1.455187E-02  8.982790E-06  3.013614E-05  1.940926E-06  4.779809E-02  4.911346E-06  6.218975E-07  5.428727E-07  4.524477E-04  6.156550E-04  6.609398E-06  1.707478E-05  2.168482E-05  6.349014E-06
 2.811500E+02  3.190504E-01  2.825258E-04  6.040071E-08  7.948693E-08  8.848693E-08  1.057696E-07  5.402851E-01  1.963827E-03  6.020934E-05  7.575614E-02  1.580847E-04  2.636346E-06  4.982295E-08  1.422516E-02  8.424406E-06  2.835003E-05  1.846288E-06  4.707281E-02  4.668343E-06  5.980308E-07  5.216104E-07  4.448034E-04  6.052230E-04  6.196922E-06  1.592775E-05  2.023587E-05  5.991197E-06
 2.821500E+02  3.195701E-01  2.786302E-04  5.799968E-08  7.635155E-08  8.500250E-08  1.016349E-07  5.405031E-01  1.920915E-03  5.588924E-05  7.612477E-02  1.560747E-04  2.483625E-06  4.866218E-08  1.390798E-02  7.904428E-06  2.668170E-05  1.756894E-06  4.636028E-02  4.438383E-06  5.752016E-07  5.012898E-07  4.373137E-04  5.950034E-04  5.812112E-06  1.486432E-05  1.889200E-05  5.655533E-06
 2.831500E+02  3.200789E-01  2.748105E-04  5.570951E-08  7.335999E-08  8.167767E-08  9.768838E-08  5.407145E-01  1.879250E-03  5.190748E-05  7.648681E-02  1.540843E-04  2.340285E-06  4.752784E-08  1.360000E-02  7.419983E-06  2.512266E-05  1.672421E-06  4.566031E-02  4.220724E-06  5.533610E-07  4.818655E-07  4.299756E-04  5.849919E-04  5.453000E-06  1.387795E-05  1.764506E-05  5.340542E-06
 2.841500E+02  3.205769E-01  2.710650E-04  5.352451E-08  7.050488E-08  7.850426E-08  9.392051E-08  5.409196E-01  1.838789E-03  4.823549E-05  7.684236E-02  1.521139E-04  2.205726E-06  4.641953E-08  1.330092E-02  6.968429E-06  2.366511E-05  1.592572E-06  4.497273E-02  4.014668E-06  5.324622E-07  4.632944E-07  4.227862E-04  5.751846E-04  5.117766E-06  1.296267E-05  1.648754E-05  5.044850E-06
 2.851500E+02  3.210643E-01  2.673920E-04  5.143926E-08  6.777927E-08  7.547458E-08  9.032222E-08  5.411185E-01  1.799491E-03  4.484730E-05  7.719154E-02  1.501640E-04  2.079387E-06  4.533688E-08  1.301042E-02  6.547334E-06  2.230181E-05  1.517064E-06  4.429736E-02  3.819558E-06  5.124609E-07  4.455356E-07  4.157424E-04  5.655772E-04  4.804727E-06  1.211297E-05  1.541258E-05  4.767182E-06
 2.861500E+02  3.215415E-01  2.637901E-04  4.944868E-08  6.517657E-08  7.258132E-08  8.688498E-08  5.413116E-01  1.761315E-03  4.171926E-05  7.753443E-02  1.482348E-04  1.960743E-06  4.427947E-08  1.272822E-02  6.154462E-06  2.102611E-05  1.445638E-06  4.363402E-02  3.634777E-06  4.933152E-07  4.285505E-07  4.088415E-04  5.561659E-04  4.512323E-06  1.132383E-05  1.441386E-05  4.506349E-06
 2.871500E+02  3.220086E-01  2.602577E-04  4.754796E-08  6.269059E-08  6.981762E-08  8.360069E-08  5.414990E-01  1.724225E-03  3.882981E-05  7.787113E-02  1.463266E-04  1.849305E-06  4.324690E-08  1.245405E-02  5.787750E-06  1.983185E-05  1.378049E-06  4.298252E-02  3.459744E-06  4.749849E-07  4.123021E-07  4.020806E-04  5.469467E-04  4.239108E-06  1.059061E-05  1.348557E-05  4.261248E-06
 2.881500E+02  3.224659E-01  2.567931E-04  4.573255E-08  6.031546E-08  6.717697E-08  8.046174E-08  5.416809E-01  1.688182E-03  3.615932E-05  7.820176E-02  1.444397E-04  1.744615E-06  4.223875E-08  1.218763E-02  5.445301E-06  1.871335E-05  1.314068E-06  4.234268E-02  3.293910E-06  4.574322E-07  3.967556E-07  3.954568E-04  5.379156E-04  3.983744E-06  9.909065E-06  1.262239E-05  4.030854E-06
 2.891500E+02  3.229135E-01  2.533951E-04  4.399816E-08  5.804563E-08  6.465323E-08  7.746090E-08  5.418576E-01  1.653152E-03  3.368986E-05  7.852639E-02  1.425743E-04  1.646245E-06  4.125458E-08  1.192871E-02  5.125363E-06  1.766533E-05  1.253482E-06  4.171433E-02  3.136762E-06  4.406209E-07  3.818777E-07  3.889675E-04  5.290688E-04  3.744990E-06  9.275276E-06  1.181940E-05  3.814211E-06
 2.901500E+02  3.233519E-01  2.500621E-04  4.234074E-08  5.587588E-08  6.224059E-08  7.459135E-08  5.420292E-01  1.619100E-03  3.140510E-05  7.884514E-02  1.407306E-04  1.553795E-06  4.029396E-08  1.167703E-02  4.826323E-06  1.668294E-05  1.196090E-06  4.109727E-02  2.987813E-06  4.245166E-07  3.676369E-07  3.826098E-04  5.204024E-04  3.521698E-06  8.685652E-06  1.107209E-05  3.610430E-06
 2.911500E+02  3.237810E-01  2.467926E-04  4.075646E-08  5.380124E-08  5.993356E-08  7.184665E-08  5.421959E-01  1.585995E-03  2.929010E-05  7.915810E-02  1.389087E-04  1.466891E-06  3.935645E-08  1.143235E-02  4.546689E-06  1.576168E-05  1.141706E-06  4.049134E-02  2.846607E-06  4.090868E-07  3.540034E-07  3.763810E-04  5.119128E-04  3.312800E-06  8.136885E-06  1.037632E-05  3.418685E-06
 2.921500E+02  3.242012E-01  2.435854E-04  3.924168E-08  5.181703E-08  5.772694E-08  6.922068E-08  5.423579E-01  1.553804E-03  2.733123E-05  7.946537E-02  1.371089E-04  1.385184E-06  3.844162E-08  1.119446E-02  4.285087E-06  1.489737E-05  1.090154E-06  3.989633E-02  2.712714E-06  3.943003E-07  3.409486E-07  3.702785E-04  5.035962E-04  3.117309E-06  7.625932E-06  9.728267E-06  3.238205E-06
 2.931500E+02  3.246127E-01  2.404390E-04  3.779299E-08  4.991882E-08  5.561582E-08  6.670766E-08  5.425153E-01  1.522497E-03  2.551603E-05  7.976704E-02  1.353311E-04  1.308348E-06  3.754902E-08  1.096311E-02  4.040247E-06  1.408615E-05  1.041271E-06  3.931208E-02  2.585729E-06  3.801278E-07  3.284456E-07  3.642997E-04  4.954490E-04  2.934307E-06  7.149990E-06  9.124402E-06  3.068271E-06
 2.941500E+02  3.250156E-01  2.373521E-04  3.640714E-08  4.810241E-08  5.359555E-08  6.430213E-08  5.426683E-01  1.492044E-03  2.383311E-05  8.006322E-02  1.335755E-04  1.236077E-06  3.667820E-08  1.073811E-02  3.810994E-06  1.332444E-05  9.949032E-07  3.873841E-02  2.465271E-06  3.665412E-07  3.164687E-07  3.584420E-04  4.874677E-04  2.762943E-06  6.706477E-06  8.561484E-06  2.908216E-06
 2.951500E+02  3.254101E-01  2.343234E-04  3.508107E-08  4.636384E-08  5.166174E-08  6.199891E-08  5.428171E-01  1.462419E-03  2.227202E-05  8.035400E-02  1.318421E-04  1.168086E-06  3.582872E-08  1.051924E-02  3.596243E-06  1.260893E-05  9.509061E-07  3.817512E-02  2.350980E-06  3.535138E-07  3.049936E-07  3.527029E-04  4.796486E-04  2.602428E-06  6.293016E-06  8.036524E-06  2.757416E-06
 2.961500E+02  3.257965E-01  2.313518E-04  3.381187E-08  4.469936E-08  4.981020E-08  5.979309E-08  5.429617E-01  1.433594E-03  2.082322E-05  8.063947E-02  1.301309E-04  1.104107E-06  3.500013E-08  1.030631E-02  3.394992E-06  1.193654E-05  9.091449E-07  3.762206E-02  2.242518E-06  3.410202E-07  2.939971E-07  3.470797E-04  4.719884E-04  2.452028E-06  5.907413E-06  7.546763E-06  2.615289E-06
 2.971500E+02  3.261749E-01  2.284358E-04  3.259680E-08  4.310539E-08  4.803699E-08  5.768002E-08  5.431024E-01  1.405542E-03  1.947797E-05  8.091973E-02  1.284420E-04  1.043891E-06  3.419199E-08  1.009912E-02  3.206311E-06  1.130442E-05  8.694930E-07  3.707903E-02  2.139565E-06  3.290362E-07  2.834572E-07  3.415702E-04  4.644836E-04  2.311062E-06  5.547646E-06  7.089659E-06  2.481294E-06
 2.981500E+02  3.265456E-01  2.255743E-04  3.143324E-08  4.157857E-08  4.633838E-08  5.565531E-08  5.432393E-01  1.378239E-03  1.822824E-05  8.119487E-02  1.267753E-04  9.872044E-07  3.340387E-08  9.897490E-03  3.029341E-06  1.070991E-05  8.318318E-07  3.654586E-02  2.041822E-06  3.175390E-07  2.733529E-07  3.361718E-04  4.571310E-04  2.178897E-06  5.211849E-06  6.662864E-06  2.354924E-06
 2.991500E+02  3.269086E-01  2.227662E-04  3.031875E-08  4.011572E-08  4.471083E-08  5.371478E-08  5.433724E-01  1.351661E-03  1.706670E-05  8.146498E-02  1.251307E-04  9.338287E-07  3.263532E-08  9.701243E-03  2.863285E-06  1.015055E-05  7.960496E-07  3.602239E-02  1.949005E-06  3.065067E-07  2.636644E-07  3.308823E-04  4.499272E-04  2.054947E-06  4.898300E-06  6.264208E-06  2.235708E-06
 3.001500E+02  3.272642E-01  2.200102E-04  2.925098E-08  3.871379E-08  4.315097E-08  5.185447E-08  5.435020E-01  1.325784E-03  1.598658E-05  8.173016E-02  1.235083E-04  8.835595E-07  3.188591E-08  9.510207E-03  2.707406E-06  9.624053E-06  7.620420E-07  3.550842E-02  1.860847E-06  2.959184E-07  2.543728E-07  3.256992E-04  4.428691E-04  1.938664E-06  4.605409E-06  5.891691E-06  2.123204E-06
 3.011500E+02  3.276125E-01  2.173053E-04  2.822772E-08  3.736993E-08  4.165562E-08  5.007064E-08  5.436281E-01  1.300587E-03  1.498171E-05  8.199049E-02  1.219079E-04  8.362055E-07  3.115520E-08  9.324218E-03  2.561021E-06  9.128300E-06  7.297106E-07  3.500381E-02  1.777095E-06  2.857544E-07  2.454600E-07  3.206203E-04  4.359534E-04  1.829540E-06  4.331708E-06  5.543462E-06  2.017001E-06
 3.021500E+02  3.279537E-01  2.146503E-04  2.724687E-08  3.608142E-08  4.022177E-08  4.835972E-08  5.437509E-01  1.276046E-03  1.404639E-05  8.224606E-02  1.203295E-04  7.915879E-07  3.044278E-08  9.143116E-03  2.423495E-06  8.661310E-06  6.989632E-07  3.450837E-02  1.697514E-06  2.759958E-07  2.369089E-07  3.156434E-04  4.291771E-04  1.727105E-06  4.075839E-06  5.217811E-06  1.916714E-06
 3.031500E+02  3.282880E-01  2.120442E-04  2.630645E-08  3.484566E-08  3.884655E-08  4.671835E-08  5.438704E-01  1.252143E-03  1.317540E-05  8.249697E-02  1.187729E-04  7.495390E-07  2.974821E-08  8.966747E-03  2.294240E-06  8.221246E-06  6.697130E-07  3.402194E-02  1.621878E-06  2.666246E-07  2.287033E-07  3.107662E-04  4.225372E-04  1.630918E-06  3.836547E-06  4.913155E-06  1.821985E-06
 3.041500E+02  3.286155E-01  2.094858E-04  2.540456E-08  3.366023E-08  3.752724E-08  4.514331E-08  5.439868E-01  1.228856E-03  1.236394E-05  8.274329E-02  1.172381E-04  7.099021E-07  2.907109E-08  8.794965E-03  2.172710E-06  7.806395E-06  6.418785E-07  3.354435E-02  1.549977E-06  2.576239E-07  2.208277E-07  3.059866E-04  4.160306E-04  1.540570E-06  3.612672E-06  4.628032E-06  1.732476E-06
 3.051500E+02  3.289364E-01  2.069743E-04  2.453943E-08  3.252279E-08  3.626128E-08  4.363157E-08  5.441002E-01  1.206167E-03  1.160759E-05  8.298512E-02  1.157249E-04  6.725304E-07  2.841099E-08  8.627625E-03  2.058398E-06  7.415167E-06  6.153831E-07  3.307545E-02  1.481612E-06  2.489772E-07  2.132673E-07  3.013025E-04  4.096546E-04  1.455682E-06  3.403140E-06  4.361088E-06  1.647875E-06
 3.061500E+02  3.292508E-01  2.045085E-04  2.370935E-08  3.143115E-08  3.504622E-08  4.218024E-08  5.442106E-01  1.184056E-03  1.090228E-05  8.322254E-02  1.142331E-04  6.372865E-07  2.776753E-08  8.464592E-03  1.950833E-06  7.046076E-06  5.901546E-07  3.261506E-02  1.416594E-06  2.406692E-07  2.060082E-07  2.967118E-04  4.034061E-04  1.375899E-06  3.206958E-06  4.111069E-06  1.567887E-06
 3.071500E+02  3.295589E-01  2.020874E-04  2.291272E-08  3.038320E-08  3.387972E-08  4.078658E-08  5.443182E-01  1.162506E-03  1.024427E-05  8.345563E-02  1.127627E-04  6.040416E-07  2.714028E-08  8.305731E-03  1.849578E-06  6.697740E-06  5.661251E-07  3.216303E-02  1.354747E-06  2.326851E-07  1.990369E-07  2.922124E-04  3.972824E-04  1.300891E-06  3.023205E-06  3.876813E-06  1.492238E-06
 3.081500E+02  3.298609E-01  1.997102E-04  2.214800E-08  2.937697E-08  3.275960E-08  3.944798E-08  5.444231E-01  1.141500E-03  9.630113E-06  8.368447E-02  1.113134E-04  5.726751E-07  2.652887E-08  8.150915E-03  1.754225E-06  6.368871E-06  5.432309E-07  3.171921E-02  1.295903E-06  2.250107E-07  1.923407E-07  2.878025E-04  3.912809E-04  1.230352E-06  2.851030E-06  3.657245E-06  1.420670E-06
 3.091500E+02  3.301567E-01  1.973759E-04  2.141375E-08  2.841057E-08  3.168375E-08  3.816198E-08  5.445252E-01  1.121021E-03  9.056629E-06  8.390915E-02  1.098851E-04  5.430742E-07  2.593290E-08  8.000020E-03  1.664397E-06  6.058268E-06  5.214118E-07  3.128344E-02  1.239904E-06  2.176327E-07  1.859076E-07  2.834799E-04  3.853987E-04  1.163995E-06  2.689642E-06  3.451367E-06  1.352943E-06
 3.101500E+02  3.304467E-01  1.950836E-04  2.070857E-08  2.748221E-08  3.065019E-08  3.692623E-08  5.446248E-01  1.101052E-03  8.520889E-06  8.412975E-02  1.084776E-04  5.151330E-07  2.535200E-08  7.852927E-03  1.579740E-06  5.764809E-06  5.006111E-07  3.085556E-02  1.186600E-06  2.105383E-07  1.797261E-07  2.792429E-04  3.796333E-04  1.101553E-06  2.538310E-06  3.258253E-06  1.288831E-06
 3.111500E+02  3.307309E-01  1.928323E-04  2.003118E-08  2.659018E-08  2.965702E-08  3.573848E-08  5.447219E-01  1.081579E-03  8.020190E-06  8.434634E-02  1.070907E-04  4.887524E-07  2.478579E-08  7.709520E-03  1.499928E-06  5.487448E-06  4.807755E-07  3.043542E-02  1.135852E-06  2.037153E-07  1.737850E-07  2.750896E-04  3.739821E-04  1.042778E-06  2.396355E-06  3.077048E-06  1.228122E-06
 3.121500E+02  3.310095E-01  1.906212E-04  1.938031E-08  2.573287E-08  2.870245E-08  3.459661E-08  5.448165E-01  1.062586E-03  7.552036E-06  8.455899E-02  1.057242E-04  4.638395E-07  2.423391E-08  7.569689E-03  1.424655E-06  5.225209E-06  4.618548E-07  3.002289E-02  1.087526E-06  1.971521E-07  1.680741E-07  2.710180E-04  3.684426E-04  9.874383E-07  2.263147E-06  2.906953E-06  1.170620E-06
 3.131500E+02  3.312825E-01  1.884495E-04  1.875479E-08  2.490873E-08  2.778476E-08  3.349861E-08  5.449088E-01  1.044058E-03  7.114123E-06  8.476780E-02  1.043779E-04  4.403070E-07  2.369599E-08  7.433327E-03  1.353637E-06  4.977179E-06  4.438015E-07  2.961781E-02  1.041497E-06  1.908377E-07  1.625833E-07  2.670265E-04  3.630123E-04  9.353173E-07  2.138102E-06  2.747231E-06  1.116138E-06
 3.141500E+02  3.315502E-01  1.863163E-04  1.815350E-08  2.411630E-08  2.690234E-08  3.244255E-08  5.449989E-01  1.025983E-03  6.704325E-06  8.497282E-02  1.030516E-04  4.180734E-07  2.317168E-08  7.300329E-03  1.286608E-06  4.742507E-06  4.265709E-07  2.922003E-02  9.976451E-07  1.847614E-07  1.573032E-07  2.631133E-04  3.576888E-04  8.862132E-07  2.020677E-06  2.597194E-06  1.064502E-06
 3.151500E+02  3.318126E-01  1.842208E-04  1.757536E-08  2.335420E-08  2.605364E-08  3.142660E-08  5.450867E-01  1.008346E-03  6.320674E-06  8.517415E-02  1.017451E-04  3.970620E-07  2.266064E-08  7.170595E-03  1.223322E-06  4.520396E-06  4.101208E-07  2.882943E-02  9.558593E-07  1.789133E-07  1.522246E-07  2.592766E-04  3.524698E-04  8.399379E-07  1.910368E-06  2.456205E-06  1.015550E-06
 3.161500E+02  3.320699E-01  1.821621E-04  1.701936E-08  2.262110E-08  2.523719E-08  3.044903E-08  5.451723E-01  9.911343E-04  5.961351E-06  8.537183E-02  1.004581E-04  3.772011E-07  2.216252E-08  7.044029E-03  1.163548E-06  4.310101E-06  3.944115E-07  2.844585E-02  9.160333E-07  1.732836E-07  1.473390E-07  2.555148E-04  3.473529E-04  7.963155E-07  1.806707E-06  2.323672E-06  9.691285E-07
 3.171500E+02  3.323221E-01  1.801396E-04  1.648453E-08  2.191573E-08  2.445159E-08  2.950817E-08  5.452559E-01  9.743355E-04  5.624675E-06  8.556596E-02  9.919056E-05  3.584233E-07  2.167701E-08  6.920538E-03  1.107071E-06  4.110925E-06  3.794055E-07  2.806917E-02  8.780670E-07  1.678633E-07  1.426381E-07  2.518262E-04  3.423359E-04  7.551819E-07  1.709259E-06  2.199043E-06  9.250936E-07
 3.181500E+02  3.325694E-01  1.781525E-04  1.596995E-08  2.123690E-08  2.369550E-08  2.860246E-08  5.453375E-01  9.579374E-04  5.309089E-06  8.575659E-02  9.794211E-05  3.406652E-07  2.120376E-08  6.800031E-03  1.053690E-06  3.922217E-06  3.650672E-07  2.769924E-02  8.418657E-07  1.626436E-07  1.381142E-07  2.482093E-04  3.374166E-04  7.163838E-07  1.617620E-06  2.081807E-06  8.833107E-07
 3.191500E+02  3.328120E-01  1.761999E-04  1.547474E-08  2.058347E-08  2.296766E-08  2.773038E-08  5.454171E-01  9.419283E-04  5.013151E-06  8.594381E-02  9.671255E-05  3.238677E-07  2.074247E-08  6.682420E-03  1.003218E-06  3.743367E-06  3.513631E-07  2.733594E-02  8.073398E-07  1.576161E-07  1.337596E-07  2.446624E-04  3.325929E-04  6.797778E-07  1.531413E-06  1.971486E-06  8.436532E-07
 3.201500E+02  3.330498E-01  1.742813E-04  1.499808E-08  1.995436E-08  2.226687E-08  2.689052E-08  5.454948E-01  9.262970E-04  4.735525E-06  8.612766E-02  9.550165E-05  3.079750E-07  2.029282E-08  6.567622E-03  9.554800E-07  3.573803E-06  3.382617E-07  2.697914E-02  7.744048E-07  1.527729E-07  1.295674E-07  2.411841E-04  3.278626E-04  6.452303E-07  1.450288E-06  1.867636E-06  8.060023E-07
 3.211500E+02  3.332830E-01  1.723958E-04  1.453916E-08  1.934851E-08  2.159197E-08  2.608150E-08  5.455707E-01  9.110323E-04  4.474976E-06  8.630823E-02  9.430919E-05  2.929349E-07  1.985451E-08  6.455556E-03  9.103121E-07  3.412989E-06  3.257331E-07  2.662871E-02  7.429805E-07  1.481064E-07  1.255306E-07  2.377727E-04  3.232236E-04  6.126159E-07  1.373919E-06  1.769846E-06  7.702463E-07
 3.221500E+02  3.335118E-01  1.705429E-04  1.409723E-08  1.876496E-08  2.094186E-08  2.530202E-08  5.456447E-01  8.961239E-04  4.230355E-06  8.648556E-02  9.313493E-05  2.786982E-07  1.942725E-08  6.346142E-03  8.675613E-07  3.260426E-06  3.137489E-07  2.628452E-02  7.129911E-07  1.436093E-07  1.216429E-07  2.344270E-04  3.186741E-04  5.818178E-07  1.302003E-06  1.677729E-06  7.362803E-07
 3.231500E+02  3.337362E-01  1.687217E-04  1.367158E-08  1.820276E-08  2.031551E-08  2.455086E-08  5.457171E-01  8.815614E-04  4.000599E-06  8.665974E-02  9.197863E-05  2.652190E-07  1.901075E-08  6.239304E-03  8.270846E-07  3.115641E-06  3.022825E-07  2.594646E-02  6.843651E-07  1.392746E-07  1.178979E-07  2.311453E-04  3.142119E-04  5.527263E-07  1.234257E-06  1.590927E-06  7.040056E-07
 3.241500E+02  3.339563E-01  1.669317E-04  1.326150E-08  1.766101E-08  1.971191E-08  2.382683E-08  5.457877E-01  8.673351E-04  3.784720E-06  8.683082E-02  9.084005E-05  2.524539E-07  1.860471E-08  6.134969E-03  7.887482E-07  2.978195E-06  2.913086E-07  2.561439E-02  6.570345E-07  1.350958E-07  1.142898E-07  2.279263E-04  3.098352E-04  5.252392E-07  1.170419E-06  1.509107E-06  6.733294E-07
 3.251500E+02  3.341721E-01  1.651722E-04  1.286636E-08  1.713886E-08  1.913012E-08  2.312881E-08  5.458567E-01  8.534353E-04  3.581803E-06  8.699886E-02  8.971896E-05  2.403622E-07  1.820887E-08  6.033066E-03  7.524268E-07  2.847675E-06  2.808033E-07  2.528821E-02  6.309351E-07  1.310665E-07  1.108130E-07  2.247687E-04  3.055421E-04  4.992606E-07  1.110242E-06  1.431957E-06  6.441645E-07
 3.261500E+02  3.343839E-01  1.634426E-04  1.248552E-08  1.663550E-08  1.856923E-08  2.245571E-08  5.459241E-01  8.398528E-04  3.390996E-06  8.716393E-02  8.861512E-05  2.289058E-07  1.782296E-08  5.933525E-03  7.180031E-07  2.723691E-06  2.707440E-07  2.496780E-02  6.060062E-07  1.271807E-07  1.074620E-07  2.216711E-04  3.013307E-04  4.747007E-07  1.053497E-06  1.359185E-06  6.164289E-07
 3.271500E+02  3.345917E-01  1.617423E-04  1.211840E-08  1.615015E-08  1.802839E-08  2.180653E-08  5.459900E-01  8.265788E-04  3.211508E-06  8.732608E-02  8.752828E-05  2.180487E-07  1.744672E-08  5.836280E-03  6.853673E-07  2.605879E-06  2.611091E-07  2.465304E-02  5.821902E-07  1.234325E-07  1.042317E-07  2.186322E-04  2.971993E-04  4.514756E-07  9.999724E-07  1.290522E-06  5.900452E-07
 3.281500E+02  3.347956E-01  1.600706E-04  1.176442E-08  1.568207E-08  1.750676E-08  2.118027E-08  5.460544E-01  8.136046E-04  3.042605E-06  8.748536E-02  8.645822E-05  2.077571E-07  1.707988E-08  5.741267E-03  6.544166E-07  2.493898E-06  2.518786E-07  2.434382E-02  5.594325E-07  1.198165E-07  1.011173E-07  2.156506E-04  2.931461E-04  4.295065E-07  9.494675E-07  1.225714E-06  5.649407E-07
 3.291500E+02  3.349956E-01  1.584270E-04  1.142304E-08  1.523055E-08  1.700357E-08  2.057602E-08  5.461173E-01  8.009218E-04  2.883603E-06  8.764185E-02  8.540469E-05  1.979994E-07  1.672221E-08  5.648424E-03  6.250544E-07  2.387426E-06  2.430331E-07  2.404003E-02  5.376816E-07  1.163274E-07  9.811387E-08  2.127253E-04  2.891694E-04  4.087198E-07  9.017968E-07  1.164525E-06  5.410469E-07
 3.301500E+02  3.351919E-01  1.568110E-04  1.109375E-08  1.479492E-08  1.651806E-08  1.999287E-08  5.461787E-01  7.885224E-04  2.733867E-06  8.779558E-02  8.436746E-05  1.887456E-07  1.637344E-08  5.557689E-03  5.971904E-07  2.286162E-06  2.345544E-07  2.374157E-02  5.168884E-07  1.129602E-07  9.521709E-08  2.098548E-04  2.852675E-04  3.890464E-07  8.567868E-07  1.106735E-06  5.182995E-07
 3.311500E+02  3.353845E-01  1.552218E-04  1.077606E-08  1.437453E-08  1.604951E-08  1.942999E-08  5.462388E-01  7.763985E-04  2.592805E-06  8.794662E-02  8.334628E-05  1.799677E-07  1.603336E-08  5.469005E-03  5.707397E-07  2.189821E-06  2.264254E-07  2.344833E-02  4.970066E-07  1.097099E-07  9.242263E-08  2.070381E-04  2.814388E-04  3.704214E-07  8.142753E-07  1.052136E-06  4.966375E-07
 3.321500E+02  3.355735E-01  1.536591E-04  1.046949E-08  1.396878E-08  1.559725E-08  1.888655E-08  5.462976E-01  7.645427E-04  2.459867E-06  8.809503E-02  8.234092E-05  1.716393E-07  1.570172E-08  5.382314E-03  5.456229E-07  2.098136E-06  2.186296E-07  2.316020E-02  4.779923E-07  1.065720E-07  8.972638E-08  2.042740E-04  2.776817E-04  3.527843E-07  7.741110E-07  1.000537E-06  4.760038E-07
 3.331500E+02  3.357591E-01  1.521222E-04  1.017360E-08  1.357706E-08  1.516062E-08  1.836179E-08  5.463550E-01  7.529475E-04  2.334539E-06  8.824084E-02  8.135115E-05  1.637356E-07  1.537830E-08  5.297563E-03  5.217651E-07  2.010857E-06  2.111516E-07  2.287708E-02  4.598037E-07  1.035422E-07  8.712444E-08  2.015613E-04  2.739947E-04  3.360780E-07  7.361522E-07  9.517569E-07  4.563442E-07
 3.341500E+02  3.359412E-01  1.506106E-04  9.887952E-09  1.319883E-08  1.473900E-08  1.785495E-08  5.464112E-01  7.416059E-04  2.216345E-06  8.838412E-02  8.037673E-05  1.562331E-07  1.506289E-08  5.214699E-03  4.990964E-07  1.927747E-06  2.039766E-07  2.259889E-02  4.424015E-07  1.006160E-07  8.461306E-08  1.988989E-04  2.703761E-04  3.202491E-07  7.002666E-07  9.056281E-07  4.376081E-07
 3.351500E+02  3.361199E-01  1.491239E-04  9.612146E-09  1.283355E-08  1.433179E-08  1.736535E-08  5.464661E-01  7.305110E-04  2.104839E-06  8.852491E-02  7.941744E-05  1.491098E-07  1.475526E-08  5.133669E-03  4.775508E-07  1.848584E-06  1.970907E-07  2.232550E-02  4.257481E-07  9.778959E-08  8.218866E-08  1.962857E-04  2.668246E-04  3.052475E-07  6.663304E-07  8.619926E-07  4.197473E-07
 3.361500E+02  3.362954E-01  1.476615E-04  9.345788E-09  1.248070E-08  1.393843E-08  1.689229E-08  5.465199E-01  7.196562E-04  1.999605E-06  8.866327E-02  7.847303E-05  1.423450E-07  1.445521E-08  5.054425E-03  4.570666E-07  1.773159E-06  1.904806E-07  2.205685E-02  4.098079E-07  9.505901E-08  7.984781E-08  1.937207E-04  2.633386E-04  2.910261E-07  6.342279E-07  8.207031E-07  4.027165E-07
 3.371500E+02  3.364676E-01  1.462230E-04  9.088504E-09  1.213980E-08  1.355836E-08  1.643513E-08  5.465724E-01  7.090351E-04  1.900257E-06  8.879924E-02  7.754328E-05  1.359192E-07  1.416254E-08  4.976918E-03  4.375856E-07  1.701274E-06  1.841339E-07  2.179282E-02  3.945474E-07  9.242056E-08  7.758723E-08  1.912028E-04  2.599168E-04  2.775407E-07  6.038505E-07  7.816214E-07  3.864730E-07
 3.381500E+02  3.366368E-01  1.448078E-04  8.839936E-09  1.181038E-08  1.319108E-08  1.599325E-08  5.466238E-01  6.986414E-04  1.806433E-06  8.893287E-02  7.662796E-05  1.298140E-07  1.387705E-08  4.901102E-03  4.190531E-07  1.632743E-06  1.780385E-07  2.153332E-02  3.799344E-07  8.987071E-08  7.540380E-08  1.887311E-04  2.565578E-04  2.647499E-07  5.750969E-07  7.446183E-07  3.709765E-07
 3.391500E+02  3.368028E-01  1.434155E-04  8.599745E-09  1.149199E-08  1.283608E-08  1.556606E-08  5.466742E-01  6.884691E-04  1.717796E-06  8.906421E-02  7.572685E-05  1.240121E-07  1.359855E-08  4.826931E-03  4.014177E-07  1.567393E-06  1.721832E-07  2.127828E-02  3.659387E-07  8.740606E-08  7.329451E-08  1.863044E-04  2.532601E-04  2.526146E-07  5.478720E-07  7.095727E-07  3.561888E-07
 3.401500E+02  3.369659E-01  1.420456E-04  8.367602E-09  1.118420E-08  1.249288E-08  1.515300E-08  5.467234E-01  6.785123E-04  1.634030E-06  8.919330E-02  7.483973E-05  1.184971E-07  1.332685E-08  4.754361E-03  3.846312E-07  1.505057E-06  1.665572E-07  2.102759E-02  3.525314E-07  8.502335E-08  7.125650E-08  1.839219E-04  2.500225E-04  2.410982E-07  5.220868E-07  6.763712E-07  3.420740E-07
 3.411500E+02  3.371260E-01  1.406978E-04  8.143196E-09  1.088661E-08  1.216104E-08  1.475353E-08  5.467716E-01  6.687654E-04  1.554842E-06  8.932019E-02  7.396636E-05  1.132536E-07  1.306177E-08  4.683351E-03  3.686479E-07  1.445580E-06  1.611502E-07  2.078118E-02  3.396852E-07  8.271949E-08  6.928701E-08  1.815826E-04  2.468438E-04  2.301663E-07  4.976580E-07  6.449073E-07  3.285981E-07
 3.421500E+02  3.372832E-01  1.393715E-04  7.926228E-09  1.059882E-08  1.184012E-08  1.436712E-08  5.468187E-01  6.592228E-04  1.479956E-06  8.944491E-02  7.310655E-05  1.082672E-07  1.280313E-08  4.613859E-03  3.534252E-07  1.388816E-06  1.559525E-07  2.053895E-02  3.273740E-07  8.049147E-08  6.738341E-08  1.792855E-04  2.437225E-04  2.197865E-07  4.745073E-07  6.150814E-07  3.157290E-07
 3.431500E+02  3.374376E-01  1.380663E-04  7.716414E-09  1.032046E-08  1.152969E-08  1.399328E-08  5.468649E-01  6.498794E-04  1.409116E-06  8.956752E-02  7.226006E-05  1.035241E-07  1.255076E-08  4.545845E-03  3.389226E-07  1.334625E-06  1.509549E-07  2.030083E-02  3.155732E-07  7.833645E-08  6.554319E-08  1.770299E-04  2.406576E-04  2.099284E-07  4.525613E-07  5.867999E-07  3.034364E-07
 3.441500E+02  3.375892E-01  1.367819E-04  7.513478E-09  1.005117E-08  1.122937E-08  1.363153E-08  5.469101E-01  6.407298E-04  1.342081E-06  8.968805E-02  7.142668E-05  9.901154E-08  1.230449E-08  4.479271E-03  3.251021E-07  1.282877E-06  1.461486E-07  2.006674E-02  3.042594E-07  7.625170E-08  6.376394E-08  1.748147E-04  2.376477E-04  2.005633E-07  4.317515E-07  5.599751E-07  2.916914E-07
 3.451500E+02  3.377382E-01  1.355177E-04  7.317161E-09  9.790607E-09  1.093877E-08  1.328143E-08  5.469544E-01  6.317691E-04  1.278626E-06  8.980655E-02  7.060621E-05  9.471728E-08  1.206416E-08  4.414099E-03  3.119281E-07  1.233449E-06  1.415253E-07  1.983659E-02  2.934103E-07  7.423457E-08  6.204334E-08  1.726392E-04  2.346918E-04  1.916643E-07  4.120131E-07  5.345246E-07  2.804671E-07
 3.461500E+02  3.378845E-01  1.342735E-04  7.127211E-09  9.538445E-09  1.065752E-08  1.294253E-08  5.469977E-01  6.229925E-04  1.218541E-06  8.992305E-02  6.979843E-05  9.062983E-08  1.182961E-08  4.350293E-03  2.993667E-07  1.186224E-06  1.370770E-07  1.961031E-02  2.830047E-07  7.228257E-08  6.037918E-08  1.705025E-04  2.317887E-04  1.832060E-07  3.932857E-07  5.103710E-07  2.697377E-07
 3.471500E+02  3.380283E-01  1.330489E-04  6.943388E-09  9.294368E-09  1.038528E-08  1.261442E-08  5.470401E-01  6.143952E-04  1.161628E-06  9.003760E-02  6.900313E-05  8.673839E-08  1.160069E-08  4.287817E-03  2.873862E-07  1.141091E-06  1.327961E-07  1.938782E-02  2.730224E-07  7.039327E-08  5.876935E-08  1.684037E-04  2.289372E-04  1.751647E-07  3.755125E-07  4.874419E-07  2.594789E-07
 3.481500E+02  3.381695E-01  1.318433E-04  6.765464E-09  9.058075E-09  1.012171E-08  1.229670E-08  5.470817E-01  6.059727E-04  1.107704E-06  9.015023E-02  6.822012E-05  8.303271E-08  1.137724E-08  4.226638E-03  2.759566E-07  1.097948E-06  1.286754E-07  1.916905E-02  2.634445E-07  6.856438E-08  5.721180E-08  1.663421E-04  2.261363E-04  1.675177E-07  3.586400E-07  4.656689E-07  2.496678E-07
 3.491500E+02  3.383082E-01  1.306566E-04  6.593217E-09  8.829276E-09  9.866492E-09  1.198898E-08  5.471224E-01  5.977205E-04  1.056595E-06  9.026099E-02  6.744918E-05  7.950315E-08  1.115912E-08  4.166722E-03  2.650495E-07  1.056695E-06  1.247081E-07  1.895393E-02  2.542526E-07  6.679366E-08  5.570460E-08  1.643169E-04  2.233848E-04  1.602439E-07  3.426181E-07  4.449881E-07  2.402825E-07
 3.501500E+02  3.384445E-01  1.294883E-04  6.426438E-09  8.607695E-09  9.619310E-09  1.169090E-08  5.471623E-01  5.896344E-04  1.008140E-06  9.036990E-02  6.669013E-05  7.614059E-08  1.094620E-08  4.108037E-03  2.546383E-07  1.017240E-06  1.208876E-07  1.874237E-02  2.454295E-07  6.507899E-08  5.424587E-08  1.623274E-04  2.206818E-04  1.533235E-07  3.273996E-07  4.253391E-07  2.313026E-07
 3.511500E+02  3.385785E-01  1.283380E-04  6.264924E-09  8.393066E-09  9.379875E-09  1.140211E-08  5.472014E-01  5.817102E-04  9.621860E-07  9.047700E-02  6.594276E-05  7.293643E-08  1.073832E-08  4.050553E-03  2.446978E-07  9.794934E-07  1.172077E-07  1.853432E-02  2.369588E-07  6.341833E-08  5.283383E-08  1.603727E-04  2.180262E-04  1.467375E-07  3.129403E-07  4.066653E-07  2.227085E-07
 3.521500E+02  3.387101E-01  1.272054E-04  6.108481E-09  8.185137E-09  9.147902E-09  1.112227E-08  5.472397E-01  5.739438E-04  9.185913E-07  9.058234E-02  6.520688E-05  6.988252E-08  1.053537E-08  3.994238E-03  2.352042E-07  9.433736E-07  1.136626E-07  1.832971E-02  2.288247E-07  6.180973E-08  5.146676E-08  1.584521E-04  2.154171E-04  1.404683E-07  2.991985E-07  3.889136E-07  2.144816E-07
 3.531500E+02  3.388394E-01  1.260903E-04  5.956925E-09  7.983662E-09  8.923122E-09  1.085105E-08  5.472772E-01  5.663314E-04  8.772220E-07  9.068594E-02  6.448230E-05  6.697119E-08  1.033720E-08  3.939063E-03  2.261350E-07  9.088012E-07  1.102464E-07  1.812846E-02  2.210124E-07  6.025131E-08  5.014300E-08  1.565649E-04  2.128534E-04  1.344992E-07  2.861351E-07  3.720336E-07  2.066045E-07
 3.541500E+02  3.389666E-01  1.249921E-04  5.810077E-09  7.788408E-09  8.705272E-09  1.058815E-08  5.473140E-01  5.588690E-04  8.379530E-07  9.078783E-02  6.376883E-05  6.419518E-08  1.014368E-08  3.885000E-03  2.174689E-07  8.757018E-07  1.069540E-07  1.793052E-02  2.135077E-07  5.874125E-08  4.886100E-08  1.547105E-04  2.103342E-04  1.288145E-07  2.737131E-07  3.559784E-07  1.990606E-07
 3.551500E+02  3.390915E-01  1.239107E-04  5.667767E-09  7.599151E-09  8.494105E-09  1.033326E-08  5.473500E-01  5.515531E-04  8.006664E-07  9.088806E-02  6.306629E-05  6.154761E-08  9.954711E-09  3.832021E-03  2.091860E-07  8.440046E-07  1.037801E-07  1.773581E-02  2.062971E-07  5.727784E-08  4.761922E-08  1.528882E-04  2.078587E-04  1.233992E-07  2.618980E-07  3.407035E-07  1.918342E-07
 3.561500E+02  3.392143E-01  1.228457E-04  5.529832E-09  7.415676E-09  8.289380E-09  1.008611E-08  5.473853E-01  5.443800E-04  7.652519E-07  9.098665E-02  6.237449E-05  5.902201E-08  9.770154E-09  3.780099E-03  2.012673E-07  8.136429E-07  1.007198E-07  1.754428E-02  1.993677E-07  5.585941E-08  4.641621E-08  1.510972E-04  2.054257E-04  1.182393E-07  2.506570E-07  3.261672E-07  1.849103E-07
 3.571500E+02  3.393351E-01  1.217968E-04  5.396113E-09  7.237777E-09  8.090869E-09  9.846417E-09  5.474200E-01  5.373463E-04  7.316055E-07  9.108364E-02  6.169325E-05  5.661223E-08  9.589898E-09  3.729209E-03  1.936947E-07  7.845532E-07  9.776843E-08  1.735587E-02  1.927074E-07  5.448436E-08  4.525059E-08  1.493370E-04  2.030346E-04  1.133217E-07  2.399595E-07  3.123300E-07  1.782747E-07
 3.581500E+02  3.394537E-01  1.207637E-04  5.266461E-09  7.065255E-09  7.898350E-09  9.613916E-09  5.474539E-01  5.304485E-04  6.996298E-07  9.117905E-02  6.102240E-05  5.431246E-08  9.413830E-09  3.679324E-03  1.864514E-07  7.566757E-07  9.492161E-08  1.717050E-02  1.863044E-07  5.315116E-08  4.412101E-08  1.476069E-04  2.006844E-04  1.086339E-07  2.297764E-07  2.991549E-07  1.719141E-07
 3.591500E+02  3.395704E-01  1.197461E-04  5.140731E-09  6.897920E-09  7.711612E-09  9.388356E-09  5.474872E-01  5.236834E-04  6.692330E-07  9.127292E-02  6.036175E-05  5.211722E-08  9.241839E-09  3.630420E-03  1.795213E-07  7.299532E-07  9.217505E-08  1.698813E-02  1.801477E-07  5.185835E-08  4.302618E-08  1.459062E-04  1.983743E-04  1.041640E-07  2.200805E-07  2.866069E-07  1.658157E-07
 3.601500E+02  3.396851E-01  1.187437E-04  5.018785E-09  6.735590E-09  7.530451E-09  9.169495E-09  5.475199E-01  5.170477E-04  6.403290E-07  9.136528E-02  5.971114E-05  5.002130E-08  9.073819E-09  3.582474E-03  1.728892E-07  7.043320E-07  8.952469E-08  1.680870E-02  1.742266E-07  5.060449E-08  4.196487E-08  1.442344E-04  1.961034E-04  9.990086E-08  2.108462E-07  2.746532E-07  1.599674E-07
 3.611500E+02  3.397979E-01  1.177562E-04  4.900488E-09  6.578090E-09  7.354674E-09  8.957099E-09  5.475519E-01  5.105385E-04  6.128368E-07  9.145615E-02  5.907040E-05  4.801980E-08  8.909666E-09  3.535461E-03  1.665407E-07  6.797608E-07  8.696666E-08  1.663215E-02  1.685312E-07  4.938825E-08  4.093590E-08  1.425910E-04  1.938710E-04  9.583405E-08  2.020490E-07  2.632626E-07  1.543576E-07
 3.621500E+02  3.399088E-01  1.167833E-04  4.785714E-09  6.425251E-09  7.184091E-09  8.750945E-09  5.475833E-01  5.041525E-04  5.866800E-07  9.154557E-02  5.843936E-05  4.610804E-08  8.749278E-09  3.489360E-03  1.604623E-07  6.561910E-07  8.449726E-08  1.645842E-02  1.630517E-07  4.820830E-08  3.993812E-08  1.409752E-04  1.916762E-04  9.195360E-08  1.936663E-07  2.524059E-07  1.489757E-07
 3.631500E+02  3.400179E-01  1.158249E-04  4.674339E-09  6.276911E-09  7.018524E-09  8.550817E-09  5.476141E-01  4.978871E-04  5.617869E-07  9.163356E-02  5.781786E-05  4.428163E-08  8.592557E-09  3.444148E-03  1.546410E-07  6.335767E-07  8.211294E-08  1.628746E-02  1.577790E-07  4.706340E-08  3.897045E-08  1.393865E-04  1.895183E-04  8.825009E-08  1.856765E-07  2.420553E-07  1.438110E-07
 3.641500E+02  3.401251E-01  1.148805E-04  4.566246E-09  6.132915E-09  6.857799E-09  8.356509E-09  5.476443E-01  4.917391E-04  5.380898E-07  9.172015E-02  5.720573E-05  4.253639E-08  8.439409E-09  3.399805E-03  1.490646E-07  6.118741E-07  7.981035E-08  1.611922E-02  1.527044E-07  4.595234E-08  3.803183E-08  1.378245E-04  1.873966E-04  8.471467E-08  1.780592E-07  2.321849E-07  1.388539E-07
 3.651500E+02  3.402306E-01  1.139500E-04  4.461321E-09  5.993115E-09  6.701751E-09  8.167821E-09  5.476740E-01  4.857060E-04  5.155253E-07  9.180537E-02  5.660282E-05  4.086837E-08  8.289739E-09  3.356309E-03  1.437215E-07  5.910416E-07  7.758625E-08  1.595365E-02  1.478195E-07  4.487396E-08  3.712125E-08  1.362885E-04  1.853102E-04  8.133891E-08  1.707952E-07  2.227700E-07  1.340950E-07
 3.661500E+02  3.403343E-01  1.130330E-04  4.359454E-09  5.857366E-09  6.550218E-09  7.984563E-09  5.477031E-01  4.797850E-04  4.940332E-07  9.188924E-02  5.600896E-05  3.927381E-08  8.143458E-09  3.313640E-03  1.386008E-07  5.710399E-07  7.543755E-08  1.579069E-02  1.431164E-07  4.382714E-08  3.623774E-08  1.347780E-04  1.832586E-04  7.811489E-08  1.638665E-07  2.137874E-07  1.295253E-07
 3.671500E+02  3.404364E-01  1.121294E-04  4.260543E-09  5.725530E-09  6.403049E-09  7.806552E-09  5.477316E-01  4.739735E-04  4.735572E-07  9.197178E-02  5.542401E-05  3.774917E-08  8.000479E-09  3.271780E-03  1.336921E-07  5.518315E-07  7.336131E-08  1.563030E-02  1.385875E-07  4.281082E-08  3.538037E-08  1.332926E-04  1.812409E-04  7.503509E-08  1.572559E-07  2.052151E-07  1.251365E-07
 3.681500E+02  3.405368E-01  1.112390E-04  4.164485E-09  5.597475E-09  6.260095E-09  7.633609E-09  5.477596E-01  4.682690E-04  4.540440E-07  9.205304E-02  5.484781E-05  3.629108E-08  7.860715E-09  3.230707E-03  1.289854E-07  5.333809E-07  7.135472E-08  1.547242E-02  1.342256E-07  4.182395E-08  3.454824E-08  1.318316E-04  1.792566E-04  7.209239E-08  1.509472E-07  1.970324E-07  1.209204E-07
 3.691500E+02  3.406355E-01  1.103613E-04  4.071184E-09  5.473074E-09  6.121214E-09  7.465566E-09  5.477871E-01  4.626690E-04  4.354434E-07  9.213301E-02  5.428022E-05  3.489636E-08  7.724084E-09  3.190406E-03  1.244714E-07  5.156542E-07  6.941507E-08  1.531701E-02  1.300238E-07  4.086555E-08  3.374050E-08  1.303946E-04  1.773048E-04  6.928006E-08  1.449253E-07  1.892197E-07  1.168695E-07
 3.701500E+02  3.407327E-01  1.094963E-04  3.980548E-09  5.352204E-09  5.986269E-09  7.302259E-09  5.478141E-01  4.571710E-04  4.177082E-07  9.221175E-02  5.372108E-05  3.356197E-08  7.590506E-09  3.150856E-03  1.201413E-07  4.986192E-07  6.753979E-08  1.516402E-02  1.259754E-07  3.993466E-08  3.295630E-08  1.289812E-04  1.753851E-04  6.659174E-08  1.391757E-07  1.817584E-07  1.129765E-07
 3.711500E+02  3.408282E-01  1.086437E-04  3.892486E-09  5.234746E-09  5.855130E-09  7.143531E-09  5.478406E-01  4.517728E-04  4.007935E-07  9.228925E-02  5.317026E-05  3.228505E-08  7.459901E-09  3.112041E-03  1.159866E-07  4.822455E-07  6.572641E-08  1.501341E-02  1.220741E-07  3.903036E-08  3.219486E-08  1.275909E-04  1.734967E-04  6.402138E-08  1.336848E-07  1.746311E-07  1.092345E-07
 3.721500E+02  3.409223E-01  1.078033E-04  3.806913E-09  5.120588E-09  5.727670E-09  6.989230E-09  5.478666E-01  4.464720E-04  3.846574E-07  9.236556E-02  5.262761E-05  3.106287E-08  7.332195E-09  3.073944E-03  1.119993E-07  4.665040E-07  6.397257E-08  1.486513E-02  1.183141E-07  3.815177E-08  3.145540E-08  1.262231E-04  1.716390E-04  6.156328E-08  1.284396E-07  1.678212E-07  1.056368E-07
 3.731500E+02  3.410148E-01  1.069749E-04  3.723745E-09  5.009620E-09  5.603767E-09  6.839211E-09  5.478921E-01  4.412665E-04  3.692600E-07  9.244069E-02  5.209300E-05  2.989287E-08  7.207312E-09  3.036549E-03  1.081718E-07  4.513669E-07  6.227600E-08  1.471914E-02  1.146894E-07  3.729804E-08  3.073719E-08  1.248776E-04  1.698114E-04  5.921201E-08  1.234280E-07  1.613130E-07  1.021773E-07
