#         T/K            c1          c2-1          c3-4          c3-5          c3-7          c3-9            m1          m2-1          m3-1            w1            w2          w3-1          w3-2          c1m1        c1m2-1        c1m2-7        c2m1-1        c1w1-2        c1w2-1        c2w1-1        c2w1-9        m1w1-1        m1w1-4        m1w2-1        m2w1-1        m2w1-3      c1m1w1-1
 2.731500E+02  3.423498E-02  3.698465E-06  1.057865E-10  1.388473E-10  1.544787E-10  1.841966E-10  5.431678E-01  2.366133E-03  1.112509E-04  3.765291E-01  4.639160E-03  5.813596E-04  8.157096E-06  1.855265E-03  1.536230E-06  5.040860E-06  3.232215E-08  2.964589E-02  2.007557E-05  4.914693E-08  4.315621E-08  2.634747E-03  3.586602E-03  2.764252E-04  1.443830E-04  1.828630E-04  5.329189E-06
 2.741500E+02  3.447287E-02  3.682343E-06  1.029180E-10  1.351281E-10  1.503520E-10  1.793326E-10  5.433400E-01  2.310868E-03  1.027830E-04  3.769798E-01  4.540932E-03  5.394222E-04  7.862797E-06  1.820622E-03  1.443080E-06  4.750541E-06  3.098069E-08  2.920598E-02  1.897899E-05  4.746321E-08  4.164177E-08  2.577360E-03  3.508259E-03  2.562520E-04  1.336455E-04  1.693313E-04  5.019201E-06
 2.751500E+02  3.470696E-02  3.665756E-06  1.001225E-10  1.315019E-10  1.463281E-10  1.745877E-10  5.435056E-01  2.257304E-03  9.501647E-05  3.774174E-01  4.445334E-03  5.007588E-04  7.580896E-06  1.786725E-03  1.356108E-06  4.478592E-06  2.969951E-08  2.877286E-02  1.794770E-05  4.584085E-08  4.018395E-08  2.521597E-03  3.432144E-03  2.376762E-04  1.237760E-04  1.568885E-04  4.728890E-06
 2.761500E+02  3.493727E-02  3.648731E-06  9.739875E-11  1.279672E-10  1.424053E-10  1.699601E-10  5.436650E-01  2.205380E-03  8.788891E-05  3.778427E-01  4.352292E-03  4.650966E-04  7.310819E-06  1.753559E-03  1.274873E-06  4.223756E-06  2.847578E-08  2.834650E-02  1.697755E-05  4.427764E-08  3.878065E-08  2.467406E-03  3.358186E-03  2.205623E-04  1.146992E-04  1.454407E-04  4.456919E-06
 2.771500E+02  3.516383E-02  3.631291E-06  9.474550E-11  1.245224E-10  1.385820E-10  1.654481E-10  5.438186E-01  2.155035E-03  8.134375E-05  3.782560E-01  4.261731E-03  4.321867E-04  7.052022E-06  1.721109E-03  1.198966E-06  3.984870E-06  2.730678E-08  2.792685E-02  1.606468E-05  4.277144E-08  3.742982E-08  2.414738E-03  3.286315E-03  2.047871E-04  1.063467E-04  1.349024E-04  4.202044E-06
 2.781500E+02  3.538668E-02  3.613462E-06  9.216151E-11  1.211661E-10  1.348565E-10  1.610497E-10  5.439665E-01  2.106214E-03  7.532978E-05  3.786580E-01  4.173580E-03  4.018021E-04  6.803986E-06  1.689359E-03  1.128012E-06  3.760857E-06  2.618996E-08  2.751387E-02  1.520545E-05  4.132018E-08  3.612950E-08  2.363543E-03  3.216462E-03  1.902383E-04  9.865630E-05  1.251958E-04  3.963112E-06
 2.791500E+02  3.560586E-02  3.595265E-06  8.964553E-11  1.178968E-10  1.312272E-10  1.567631E-10  5.441092E-01  2.058861E-03  6.980059E-05  3.790490E-01  4.087767E-03  3.737354E-04  6.566216E-06  1.658295E-03  1.061662E-06  3.550715E-06  2.512287E-08  2.710750E-02  1.439652E-05  3.992186E-08  3.487778E-08  2.313773E-03  3.148563E-03  1.768137E-04  9.157171E-05  1.162505E-04  3.739051E-06
 2.801500E+02  3.582138E-02  3.576725E-06  8.719626E-11  1.147128E-10  1.276923E-10  1.525865E-10  5.442469E-01  2.012924E-03  6.471410E-05  3.794296E-01  4.004225E-03  3.477973E-04  6.338241E-06  1.627903E-03  9.995944E-07  3.353515E-06  2.410318E-08  2.670770E-02  1.363471E-05  3.857454E-08  3.367285E-08  2.265383E-03  3.082554E-03  1.644200E-04  8.504157E-05  1.080021E-04  3.528867E-06
 2.811500E+02  3.603331E-02  3.557864E-06  8.481242E-11  1.116126E-10  1.242500E-10  1.485177E-10  5.443797E-01  1.968352E-03  6.003212E-05  3.798001E-01  3.922885E-03  3.238150E-04  6.119613E-06  1.598168E-03  9.415100E-07  3.168394E-06  2.312869E-08  2.631441E-02  1.291710E-05  3.727634E-08  3.251292E-08  2.218328E-03  3.018374E-03  1.529721E-04  7.901918E-05  1.003922E-04  3.331636E-06
 2.821500E+02  3.624166E-02  3.538704E-06  8.249270E-11  1.085945E-10  1.208987E-10  1.445549E-10  5.445081E-01  1.925097E-03  5.571997E-05  3.801610E-01  3.843684E-03  3.016303E-04  5.909905E-06  1.569077E-03  8.871333E-07  2.994552E-06  2.219727E-08  2.592756E-02  1.224092E-05  3.602547E-08  3.139630E-08  2.172566E-03  2.955965E-03  1.423926E-04  7.346205E-05  9.336757E-05  3.146497E-06
 2.831500E+02  3.644649E-02  3.519266E-06  8.023580E-11  1.056569E-10  1.176365E-10  1.406960E-10  5.446321E-01  1.883113E-03  5.174616E-05  3.805125E-01  3.766558E-03  2.810987E-04  5.708711E-06  1.540615E-03  8.362087E-07  2.831245E-06  2.130693E-08  2.554708E-02  1.160361E-05  3.482018E-08  3.032134E-08  2.128055E-03  2.895269E-03  1.326106E-04  6.833148E-05  8.687976E-05  2.972654E-06
 2.841500E+02  3.664784E-02  3.499571E-06  7.804038E-11  1.027983E-10  1.144616E-10  1.369390E-10  5.447519E-01  1.842354E-03  4.808207E-05  3.808552E-01  3.691445E-03  2.620880E-04  5.515645E-06  1.512770E-03  7.884994E-07  2.677781E-06  2.045576E-08  2.517292E-02  1.100277E-05  3.365878E-08  2.928645E-08  2.084755E-03  2.836230E-03  1.235614E-04  6.359219E-05  8.088453E-05  2.809363E-06
 2.851500E+02  3.684574E-02  3.479640E-06  7.590515E-11  1.000169E-10  1.113723E-10  1.332819E-10  5.448679E-01  1.802779E-03  4.470163E-05  3.811892E-01  3.618286E-03  2.444773E-04  5.330339E-06  1.485528E-03  7.437860E-07  2.533516E-06  1.964192E-08  2.480500E-02  1.043616E-05  3.253965E-08  2.829010E-08  2.042628E-03  2.778797E-03  1.151860E-04  5.921201E-05  7.534155E-05  2.655934E-06
 2.861500E+02  3.704025E-02  3.459493E-06  7.382876E-11  9.731110E-11  1.083667E-10  1.297226E-10  5.449801E-01  1.764346E-03  4.158115E-05  3.815149E-01  3.547022E-03  2.281558E-04  5.152443E-06  1.458875E-03  7.018650E-07  2.397853E-06  1.886370E-08  2.444326E-02  9.901673E-06  3.146120E-08  2.733083E-08  2.001636E-03  2.722918E-03  1.074304E-04  5.516161E-05  7.021402E-05  2.511724E-06
 2.871500E+02  3.723141E-02  3.439147E-06  7.180991E-11  9.467926E-11  1.054429E-10  1.262590E-10  5.450887E-01  1.727015E-03  3.869904E-05  3.818326E-01  3.477598E-03  2.130220E-04  4.981624E-06  1.432799E-03  6.625478E-07  2.270235E-06  1.811943E-08  2.408760E-02  9.397350E-06  3.042193E-08  2.640721E-08  1.961744E-03  2.668543E-03  1.002451E-04  5.141419E-05  6.546834E-05  2.376136E-06
 2.881500E+02  3.741926E-02  3.418623E-06  6.984727E-11  9.211974E-11  1.025993E-10  1.228891E-10  5.451938E-01  1.690748E-03  3.603564E-05  3.821425E-01  3.409959E-03  1.989831E-04  4.817565E-06  1.407288E-03  6.256593E-07  2.150144E-06  1.740756E-08  2.373797E-02  8.921354E-06  2.942038E-08  2.551788E-08  1.922916E-03  2.615624E-03  9.358503E-05  4.794532E-05  6.107380E-05  2.248612E-06
 2.891500E+02  3.760384E-02  3.397936E-06  6.793955E-11  8.963088E-11  9.983397E-11  1.196109E-10  5.452957E-01  1.655510E-03  3.357301E-05  3.824450E-01  3.344052E-03  1.859537E-04  4.659964E-06  1.382329E-03  5.910371E-07  2.037098E-06  1.672658E-08  2.339428E-02  8.471971E-06  2.845513E-08  2.466152E-08  1.885119E-03  2.564115E-03  8.740869E-05  4.473262E-05  5.700236E-05  2.128635E-06
 2.901500E+02  3.778521E-02  3.377105E-06  6.608542E-11  8.721106E-11  9.714510E-11  1.164222E-10  5.453945E-01  1.621264E-03  3.129479E-05  3.827403E-01  3.279826E-03  1.738558E-04  4.508535E-06  1.357909E-03  5.585302E-07  1.930648E-06  1.607506E-08  2.305646E-02  8.047594E-06  2.752483E-08  2.383686E-08  1.848320E-03  2.513972E-03  8.167824E-05  4.175568E-05  5.322833E-05  2.015721E-06
 2.911500E+02  3.796341E-02  3.356147E-06  6.428361E-11  8.485864E-11  9.453092E-11  1.133210E-10  5.454902E-01  1.587978E-03  2.918605E-05  3.830285E-01  3.217231E-03  1.626176E-04  4.363004E-06  1.334017E-03  5.279987E-07  1.830375E-06  1.545165E-08  2.272442E-02  7.646719E-06  2.662816E-08  2.304269E-08  1.812489E-03  2.465152E-03  7.635893E-05  3.899579E-05  4.972824E-05  1.909421E-06
 2.921500E+02  3.813848E-02  3.335076E-06  6.253282E-11  8.257202E-11  9.198964E-11  1.103053E-10  5.455830E-01  1.555618E-03  2.723316E-05  3.833100E-01  3.156219E-03  1.521733E-04  4.223111E-06  1.310641E-03  4.993123E-07  1.735890E-06  1.485506E-08  2.239809E-02  7.267940E-06  2.576387E-08  2.227782E-08  1.777595E-03  2.417612E-03  7.141892E-05  3.643586E-05  4.648059E-05  1.809315E-06
 2.931500E+02  3.831048E-02  3.313909E-06  6.083179E-11  8.034958E-11  8.951951E-11  1.073730E-10  5.456731E-01  1.524154E-03  2.542364E-05  3.835850E-01  3.096743E-03  1.424624E-04  4.088609E-06  1.287769E-03  4.723501E-07  1.646829E-06  1.428406E-08  2.207739E-02  6.909937E-06  2.493072E-08  2.154114E-08  1.743608E-03  2.371314E-03  6.682902E-05  3.406022E-05  4.346567E-05  1.715013E-06
 2.941500E+02  3.847946E-02  3.292660E-06  5.917927E-11  7.818975E-11  8.711877E-11  1.045222E-10  5.457606E-01  1.493556E-03  2.374611E-05  3.838536E-01  3.038758E-03  1.334295E-04  3.959262E-06  1.265391E-03  4.469995E-07  1.562852E-06  1.373747E-08  2.176223E-02  6.571478E-06  2.412757E-08  2.083154E-08  1.710502E-03  2.326218E-03  6.256240E-05  3.185452E-05  4.066546E-05  1.626149E-06
 2.951500E+02  3.864544E-02  3.271344E-06  5.757400E-11  7.609095E-11  8.478569E-11  1.017507E-10  5.458454E-01  1.463795E-03  2.219014E-05  3.841160E-01  2.982221E-03  1.250234E-04  3.834845E-06  1.243494E-03  4.231560E-07  1.483644E-06  1.321418E-08  2.145253E-02  6.251407E-06  2.335326E-08  2.014800E-08  1.678247E-03  2.282287E-03  5.859446E-05  2.980561E-05  3.806338E-05  1.542384E-06
 2.961500E+02  3.880850E-02  3.249973E-06  5.601478E-11  7.405164E-11  8.251856E-11  9.905682E-11  5.459279E-01  1.434843E-03  2.074618E-05  3.843725E-01  2.927089E-03  1.171972E-04  3.715145E-06  1.222069E-03  4.007222E-07  1.408910E-06  1.271312E-08  2.114821E-02  5.948640E-06  2.260673E-08  1.948950E-08  1.646820E-03  2.239485E-03  5.490259E-05  2.790142E-05  3.564426E-05  1.463400E-06
 2.971500E+02  3.896866E-02  3.228560E-06  5.450038E-11  7.207028E-11  8.031569E-11  9.643841E-11  5.460079E-01  1.406673E-03  1.940551E-05  3.846232E-01  2.873320E-03  1.099077E-04  3.599958E-06  1.201104E-03  3.796075E-07  1.338374E-06  1.223328E-08  2.084919E-02  5.662163E-06  2.188691E-08  1.885507E-08  1.616193E-03  2.197777E-03  5.146603E-05  2.613088E-05  3.339417E-05  1.388901E-06
 2.981500E+02  3.912599E-02  3.207119E-06  5.302963E-11  7.014536E-11  7.817542E-11  9.389359E-11  5.460857E-01  1.379261E-03  1.816012E-05  3.848683E-01  2.820876E-03  1.031151E-04  3.489090E-06  1.180589E-03  3.597276E-07  1.271778E-06  1.177370E-08  2.055539E-02  5.391024E-06  2.119281E-08  1.824379E-08  1.586342E-03  2.157130E-03  4.826566E-05  2.448384E-05  3.130031E-05  1.318610E-06
 2.991500E+02  3.928052E-02  3.185661E-06  5.160134E-11  6.827541E-11  7.609611E-11  9.142049E-11  5.461614E-01  1.352580E-03  1.700265E-05  3.851079E-01  2.769717E-03  9.678292E-05  3.382357E-06  1.160513E-03  3.410039E-07  1.208883E-06  1.133346E-08  2.026672E-02  5.134331E-06  2.052345E-08  1.765476E-08  1.557245E-03  2.117511E-03  4.528391E-05  2.295095E-05  2.935091E-05  1.252270E-06
 3.001500E+02  3.943230E-02  3.164197E-06  5.021439E-11  6.645896E-11  7.407614E-11  8.901721E-11  5.462349E-01  1.326609E-03  1.592639E-05  3.853422E-01  2.719807E-03  9.087731E-05  3.279582E-06  1.140868E-03  3.233631E-07  1.149463E-06  1.091167E-08  1.998310E-02  4.891247E-06  1.987789E-08  1.708713E-08  1.528877E-03  2.078889E-03  4.250462E-05  2.152365E-05  2.753516E-05  1.189638E-06
 3.011500E+02  3.958139E-02  3.142739E-06  4.886762E-11  6.469456E-11  7.211392E-11  8.668194E-11  5.463064E-01  1.301323E-03  1.492514E-05  3.855714E-01  2.671109E-03  8.536723E-05  3.180598E-06  1.121642E-03  3.067371E-07  1.093309E-06  1.050751E-08  1.970444E-02  4.660988E-06  1.925525E-08  1.654006E-08  1.501218E-03  2.041234E-03  3.991289E-05  2.019404E-05  2.584313E-05  1.130489E-06
 3.021500E+02  3.972781E-02  3.121296E-06  4.755995E-11  6.298083E-11  7.020789E-11  8.441285E-11  5.463760E-01  1.276700E-03  1.399323E-05  3.857956E-01  2.623589E-03  8.022401E-05  3.085244E-06  1.102826E-03  2.910623E-07  1.040225E-06  1.012019E-08  1.943068E-02  4.442817E-06  1.865466E-08  1.601277E-08  1.474245E-03  2.004517E-03  3.749500E-05  1.895488E-05  2.426567E-05  1.074612E-06
 3.031500E+02  3.987163E-02  3.099878E-06  4.629028E-11  6.131635E-11  6.835653E-11  8.220818E-11  5.464436E-01  1.252720E-03  1.312545E-05  3.860150E-01  2.577213E-03  7.542122E-05  2.993369E-06  1.084412E-03  2.762793E-07  9.900273E-07  9.748938E-09  1.916172E-02  4.236043E-06  1.807528E-08  1.550448E-08  1.447939E-03  1.968709E-03  3.523831E-05  1.779948E-05  2.279435E-05  1.021811E-06
 3.041500E+02  4.001288E-02  3.078494E-06  4.505754E-11  5.969979E-11  6.655833E-11  8.006618E-11  5.465095E-01  1.229363E-03  1.231701E-05  3.862296E-01  2.531947E-03  7.093447E-05  2.904826E-06  1.066388E-03  2.623328E-07  9.425437E-07  9.393040E-09  1.889749E-02  4.040017E-06  1.751632E-08  1.501448E-08  1.422279E-03  1.933783E-03  3.313118E-05  1.672170E-05  2.142143E-05  9.719003E-07
 3.051500E+02  4.015161E-02  3.057154E-06  4.386070E-11  5.812980E-11  6.481182E-11  7.798514E-11  5.465736E-01  1.206607E-03  1.156350E-05  3.864396E-01  2.487761E-03  6.674123E-05  2.819478E-06  1.048748E-03  2.491712E-07  8.976137E-07  9.051808E-09  1.863791E-02  3.854130E-06  1.697701E-08  1.454206E-08  1.397246E-03  1.899713E-03  3.116284E-05  1.571588E-05  2.013974E-05  9.247078E-07
 3.061500E+02  4.028787E-02  3.035866E-06  4.269874E-11  5.660509E-11  6.311556E-11  7.596338E-11  5.466360E-01  1.184435E-03  1.086086E-05  3.866452E-01  2.444623E-03  6.282069E-05  2.737191E-06  1.031481E-03  2.367462E-07  8.550869E-07  8.724587E-09  1.838289E-02  3.677810E-06  1.645660E-08  1.408653E-08  1.372822E-03  1.866474E-03  2.932338E-05  1.477680E-05  1.894270E-05  8.800720E-07
 3.071500E+02  4.042170E-02  3.014638E-06  4.157065E-11  5.512438E-11  6.146814E-11  7.399927E-11  5.466968E-01  1.162828E-03  1.020535E-05  3.868464E-01  2.402505E-03  5.915363E-05  2.657841E-06  1.014579E-03  2.250128E-07  8.148224E-07  8.410752E-09  1.813236E-02  3.510519E-06  1.595439E-08  1.364725E-08  1.348988E-03  1.834040E-03  2.760364E-05  1.389965E-05  1.782424E-05  8.378418E-07
 3.081500E+02  4.055313E-02  2.993477E-06  4.047547E-11  5.368642E-11  5.986817E-11  7.209119E-11  5.467561E-01  1.141769E-03  9.593544E-06  3.870434E-01  2.361376E-03  5.572228E-05  2.581305E-06  9.980339E-04  2.139290E-07  7.766883E-07  8.109709E-09  1.788624E-02  3.351752E-06  1.546969E-08  1.322360E-08  1.325728E-03  1.802390E-03  2.599515E-05  1.307998E-05  1.677874E-05  7.978756E-07
 3.091500E+02  4.068223E-02  2.972390E-06  3.941224E-11  5.228998E-11  5.831431E-11  7.023757E-11  5.468138E-01  1.121241E-03  9.022268E-06  3.872362E-01  2.321210E-03  5.251021E-05  2.507470E-06  9.818372E-04  2.034553E-07  7.405608E-07  7.820891E-09  1.764445E-02  3.201036E-06  1.500185E-08  1.281498E-08  1.303025E-03  1.771498E-03  2.449009E-05  1.231371E-05  1.580103E-05  7.600408E-07
 3.101500E+02  4.080902E-02  2.951384E-06  3.838004E-11  5.093389E-11  5.680524E-11  6.843687E-11  5.468700E-01  1.101227E-03  8.488598E-06  3.874250E-01  2.281979E-03  4.950221E-05  2.436226E-06  9.659807E-04  1.935552E-07  7.063241E-07  7.543756E-09  1.740691E-02  3.057922E-06  1.455022E-08  1.242080E-08  1.280862E-03  1.741344E-03  2.308124E-05  1.159704E-05  1.488632E-05  7.242131E-07
 3.111500E+02  4.093355E-02  2.930466E-06  3.737796E-11  4.961698E-11  5.533967E-11  6.668760E-11  5.469248E-01  1.081711E-03  7.989841E-06  3.876099E-01  2.243657E-03  4.668422E-05  2.367467E-06  9.504567E-04  1.841941E-07  6.738695E-07  7.277791E-09  1.717356E-02  2.921991E-06  1.411422E-08  1.204053E-08  1.259224E-03  1.711906E-03  2.176192E-05  1.092649E-05  1.403019E-05  6.902761E-07
 3.121500E+02  4.105586E-02  2.909641E-06  3.640510E-11  4.833811E-11  5.391634E-11  6.498828E-11  5.469782E-01  1.062679E-03  7.523510E-06  3.877910E-01  2.206220E-03  4.404318E-05  2.301095E-06  9.352575E-04  1.753401E-07  6.430950E-07  7.022503E-09  1.694431E-02  2.792850E-06  1.369324E-08  1.167362E-08  1.238096E-03  1.683163E-03  2.052593E-05  1.029882E-05  1.322856E-05  6.581207E-07
 3.131500E+02  4.117600E-02  2.888916E-06  3.546062E-11  4.709617E-11  5.253403E-11  6.333749E-11  5.470303E-01  1.044115E-03  7.087308E-06  3.879684E-01  2.169642E-03  4.156705E-05  2.237013E-06  9.203754E-04  1.669629E-07  6.139051E-07  6.777425E-09  1.671909E-02  2.670125E-06  1.328673E-08  1.131957E-08  1.217464E-03  1.655095E-03  1.936755E-05  9.711050E-06  1.247765E-05  6.276444E-07
 3.141500E+02  4.129400E-02  2.868294E-06  3.454367E-11  4.589008E-11  5.119154E-11  6.173381E-11  5.470812E-01  1.026006E-03  6.679113E-06  3.881422E-01  2.133899E-03  3.924462E-05  2.175130E-06  9.058032E-04  1.590345E-07  5.862100E-07  6.542110E-09  1.649783E-02  2.553469E-06  1.289415E-08  1.097789E-08  1.197312E-03  1.627683E-03  1.828147E-05  9.160416E-06  1.177396E-05  5.987513E-07
 3.151500E+02  4.140990E-02  2.847782E-06  3.365344E-11  4.471880E-11  4.988771E-11  6.017590E-11  5.471307E-01  1.008338E-03  6.296966E-06  3.883124E-01  2.098969E-03  3.706553E-05  2.115359E-06  8.915336E-04  1.515285E-07  5.599254E-07  6.316133E-09  1.628045E-02  2.442551E-06  1.251498E-08  1.064810E-08  1.177628E-03  1.600909E-03  1.726279E-05  8.644362E-06  1.111426E-05  5.713511E-07
 3.161500E+02  4.152374E-02  2.827384E-06  3.278912E-11  4.358130E-11  4.862140E-11  5.866242E-11  5.471791E-01  9.910981E-04  5.939055E-06  3.884792E-01  2.064830E-03  3.502016E-05  2.057616E-06  8.775596E-04  1.444203E-07  5.349723E-07  6.099087E-09  1.606689E-02  2.337062E-06  1.214871E-08  1.032976E-08  1.158398E-03  1.574753E-03  1.630695E-05  8.160521E-06  1.049554E-05  5.453594E-07
 3.171500E+02  4.163556E-02  2.807105E-06  3.194994E-11  4.247657E-11  4.739151E-11  5.719207E-11  5.472263E-01  9.742729E-04  5.603702E-06  3.886427E-01  2.031460E-03  3.309958E-05  2.001823E-06  8.638743E-04  1.376866E-07  5.112765E-07  5.890585E-09  1.585708E-02  2.236710E-06  1.179488E-08  1.002244E-08  1.139609E-03  1.549200E-03  1.540973E-05  7.706700E-06  9.915036E-06  5.206967E-07
 3.181500E+02  4.174540E-02  2.786947E-06  3.113515E-11  4.140365E-11  4.619695E-11  5.576360E-11  5.472723E-01  9.578504E-04  5.289357E-06  3.888028E-01  1.998838E-03  3.129551E-05  1.947902E-06  8.504711E-04  1.313058E-07  4.887680E-07  5.690259E-09  1.565094E-02  2.141221E-06  1.145302E-08  9.725708E-09  1.121250E-03  1.524231E-03  1.456720E-05  7.280868E-06  9.370162E-06  4.972884E-07
 3.191500E+02  4.185330E-02  2.766916E-06  3.034402E-11  4.036159E-11  4.503668E-11  5.437577E-11  5.473173E-01  9.418188E-04  4.994583E-06  3.889598E-01  1.966943E-03  2.960025E-05  1.895781E-06  8.373434E-04  1.252576E-07  4.673812E-07  5.497756E-09  1.544841E-02  2.050335E-06  1.112269E-08  9.439174E-09  1.103307E-03  1.499830E-03  1.377574E-05  6.881142E-06  8.858535E-06  4.750645E-07
 3.201500E+02  4.195929E-02  2.747014E-06  2.957582E-11  3.934947E-11  4.390969E-11  5.302740E-11  5.473612E-01  9.261667E-04  4.718051E-06  3.891137E-01  1.935757E-03  2.800666E-05  1.845390E-06  8.244848E-04  1.195230E-07  4.470546E-07  5.312739E-09  1.524941E-02  1.963808E-06  1.080345E-08  9.162452E-09  1.085770E-03  1.475983E-03  1.303197E-05  6.505775E-06  8.377940E-06  4.539592E-07
 3.211500E+02  4.206341E-02  2.727245E-06  2.882988E-11  3.836640E-11  4.281497E-11  5.171731E-11  5.474041E-01  9.108830E-04  4.458526E-06  3.892645E-01  1.905259E-03  2.650810E-05  1.796664E-06  8.118891E-04  1.140841E-07  4.277301E-07  5.134889E-09  1.505389E-02  1.881410E-06  1.049491E-08  8.895174E-09  1.068628E-03  1.452672E-03  1.233276E-05  6.153148E-06  7.926320E-06  4.339105E-07
 3.221500E+02  4.216570E-02  2.707611E-06  2.810551E-11  3.741151E-11  4.175156E-11  5.044438E-11  5.474459E-01  8.959570E-04  4.214866E-06  3.894124E-01  1.875433E-03  2.509839E-05  1.749537E-06  7.995502E-04  1.089241E-07  4.093532E-07  4.963899E-09  1.486178E-02  1.802925E-06  1.019666E-08  8.636985E-09  1.051869E-03  1.429884E-03  1.167518E-05  5.821755E-06  7.501768E-06  4.148603E-07
 3.231500E+02  4.226618E-02  2.688117E-06  2.740206E-11  3.648394E-11  4.071854E-11  4.920750E-11  5.474868E-01  8.813785E-04  3.986012E-06  3.895573E-01  1.846259E-03  2.377179E-05  1.703949E-06  7.874621E-04  1.040273E-07  3.918725E-07  4.799477E-09  1.467302E-02  1.728148E-06  9.908337E-09  8.387545E-09  1.035483E-03  1.407604E-03  1.105655E-05  5.510199E-06  7.102510E-06  3.967540E-07
 3.241500E+02  4.236490E-02  2.668763E-06  2.671889E-11  3.558289E-11  3.971498E-11  4.800560E-11  5.475267E-01  8.671375E-04  3.770980E-06  3.896995E-01  1.817720E-03  2.252297E-05  1.659841E-06  7.756191E-04  9.937884E-08  3.752397E-07  4.641346E-09  1.448754E-02  1.656885E-06  9.629568E-09  8.146527E-09  1.019459E-03  1.385818E-03  1.047433E-05  5.217184E-06  6.726899E-06  3.795399E-07
 3.251500E+02  4.246189E-02  2.649553E-06  2.605539E-11  3.470754E-11  3.874000E-11  4.683765E-11  5.475658E-01  8.532242E-04  3.568858E-06  3.898389E-01  1.789801E-03  2.134694E-05  1.617158E-06  7.640154E-04  9.496493E-08  3.594093E-07  4.489238E-09  1.430527E-02  1.588955E-06  9.360005E-09  7.913618E-09  1.003789E-03  1.364512E-03  9.926192E-06  4.941503E-06  6.373403E-06  3.631698E-07
 3.261500E+02  4.255718E-02  2.630488E-06  2.541096E-11  3.385714E-11  3.779274E-11  4.570263E-11  5.476039E-01  8.396295E-04  3.378796E-06  3.899756E-01  1.762483E-03  2.023907E-05  1.575846E-06  7.526455E-04  9.077250E-08  3.443386E-07  4.342901E-09  1.412617E-02  1.524185E-06  9.099313E-09  7.688516E-09  9.884619E-04  1.343675E-03  9.409950E-06  4.682034E-06  6.040597E-06  3.475980E-07
 3.271500E+02  4.265081E-02  2.611570E-06  2.478502E-11  3.303092E-11  3.687236E-11  4.459956E-11  5.476412E-01  8.263443E-04  3.200008E-06  3.901096E-01  1.735753E-03  1.919506E-05  1.535854E-06  7.415041E-04  8.678930E-08  3.299872E-07  4.202092E-09  1.395016E-02  1.462414E-06  8.847169E-09  7.470931E-09  9.734690E-04  1.323293E-03  8.923578E-06  4.437736E-06  5.727156E-06  3.327816E-07
 3.281500E+02  4.274280E-02  2.592802E-06  2.417700E-11  3.222815E-11  3.597807E-11  4.352748E-11  5.476776E-01  8.133600E-04  3.031763E-06  3.902411E-01  1.709593E-03  1.821089E-05  1.497132E-06  7.305859E-04  8.300382E-08  3.163170E-07  4.066579E-09  1.377719E-02  1.403488E-06  8.603262E-09  7.260587E-09  9.588014E-04  1.303353E-03  8.465185E-06  4.207637E-06  5.431847E-06  3.186803E-07
 3.291500E+02  4.283319E-02  2.574184E-06  2.358636E-11  3.144812E-11  3.510906E-11  4.248548E-11  5.477132E-01  8.006680E-04  2.873378E-06  3.903701E-01  1.683990E-03  1.728281E-05  1.459634E-06  7.198857E-04  7.940523E-08  3.032922E-07  3.936141E-09  1.360721E-02  1.347261E-06  8.367294E-09  7.057215E-09  9.444503E-04  1.283844E-03  8.033012E-06  3.990835E-06  5.153520E-06  3.052558E-07
 3.301500E+02  4.292201E-02  2.555718E-06  2.301256E-11  3.069015E-11  3.426458E-11  4.147264E-11  5.477481E-01  7.882603E-04  2.724222E-06  3.904966E-01  1.658929E-03  1.640732E-05  1.423315E-06  7.093985E-04  7.598335E-08  2.908792E-07  3.810568E-09  1.344015E-02  1.293599E-06  8.138979E-09  6.860559E-09  9.304074E-04  1.264755E-03  7.625418E-06  3.786487E-06  4.891107E-06  2.924724E-07
 3.311500E+02  4.300929E-02  2.537405E-06  2.245509E-11  2.995357E-11  3.344388E-11  4.048810E-11  5.477821E-01  7.761290E-04  2.583705E-06  3.906208E-01  1.634396E-03  1.558118E-05  1.388130E-06  6.991195E-04  7.272858E-08  2.790459E-07  3.689658E-09  1.327596E-02  1.242370E-06  7.918040E-09  6.670374E-09  9.166644E-04  1.246075E-03  7.240874E-06  3.593811E-06  4.643611E-06  2.802963E-07
 3.321500E+02  4.309506E-02  2.519247E-06  2.191345E-11  2.923773E-11  3.264625E-11  3.953101E-11  5.478154E-01  7.642664E-04  2.451279E-06  3.907426E-01  1.610377E-03  1.480134E-05  1.354040E-06  6.890438E-04  6.963192E-08  2.677623E-07  3.573218E-09  1.311458E-02  1.193453E-06  7.704212E-09  6.486421E-09  9.032136E-04  1.227792E-03  6.877951E-06  3.412076E-06  4.410100E-06  2.686956E-07
 3.331500E+02  4.317935E-02  2.501244E-06  2.138716E-11  2.854200E-11  3.187099E-11  3.860055E-11  5.478480E-01  7.526653E-04  2.326432E-06  3.908621E-01  1.586859E-03  1.406496E-05  1.321003E-06  6.791668E-04  6.668488E-08  2.570002E-07  3.461065E-09  1.295596E-02  1.146733E-06  7.497240E-09  6.308473E-09  8.900472E-04  1.209896E-03  6.535320E-06  3.240601E-06  4.189710E-06  2.576402E-07
 3.341500E+02  4.326218E-02  2.483396E-06  2.087574E-11  2.786577E-11  3.111742E-11  3.769592E-11  5.478799E-01  7.413184E-04  2.208690E-06  3.909794E-01  1.563830E-03  1.336940E-05  1.288983E-06  6.694840E-04  6.387946E-08  2.467328E-07  3.353023E-09  1.280006E-02  1.102100E-06  7.296879E-09  6.136312E-09  8.771579E-04  1.192378E-03  6.211737E-06  3.078752E-06  3.981632E-06  2.471018E-07
 3.351500E+02  4.334360E-02  2.465705E-06  2.037875E-11  2.720846E-11  3.038489E-11  3.681634E-11  5.479111E-01  7.302188E-04  2.097609E-06  3.910945E-01  1.541277E-03  1.271218E-05  1.257942E-06  6.599909E-04  6.120813E-08  2.369347E-07  3.248923E-09  1.264680E-02  1.059451E-06  7.102894E-09  5.969728E-09  8.645384E-04  1.175226E-03  5.906041E-06  2.925935E-06  3.785110E-06  2.370537E-07
 3.361500E+02  4.342361E-02  2.448172E-06  1.989574E-11  2.656948E-11  2.967275E-11  3.596106E-11  5.479416E-01  7.193600E-04  1.992775E-06  3.912075E-01  1.519189E-03  1.209098E-05  1.227845E-06  6.506833E-04  5.866380E-08  2.275822E-07  3.148606E-09  1.249615E-02  1.018688E-06  6.915056E-09  5.808519E-09  8.521818E-04  1.158433E-03  5.617150E-06  2.781598E-06  3.599441E-06  2.274705E-07
 3.371500E+02  4.350226E-02  2.430796E-06  1.942628E-11  2.594829E-11  2.898041E-11  3.512936E-11  5.479715E-01  7.087353E-04  1.893803E-06  3.913184E-01  1.497552E-03  1.150365E-05  1.198660E-06  6.415567E-04  5.623978E-08  2.186527E-07  3.051917E-09  1.234806E-02  9.797184E-07  6.733150E-09  5.652492E-09  8.400813E-04  1.141988E-03  5.344051E-06  2.645225E-06  3.423967E-06  2.183285E-07
 3.381500E+02  4.357957E-02  2.413577E-06  1.896996E-11  2.534434E-11  2.830724E-11  3.432053E-11  5.480007E-01  6.983385E-04  1.800332E-06  3.914272E-01  1.476356E-03  1.094815E-05  1.170352E-06  6.326073E-04  5.392978E-08  2.101249E-07  2.958711E-09  1.220247E-02  9.424549E-07  6.556963E-09  5.501458E-09  8.282304E-04  1.125882E-03  5.085795E-06  2.516332E-06  3.258072E-06  2.096052E-07
 3.391500E+02  4.365556E-02  2.396516E-06  1.852638E-11  2.475712E-11  2.765268E-11  3.353388E-11  5.480293E-01  6.881636E-04  1.712028E-06  3.915341E-01  1.455591E-03  1.042261E-05  1.142892E-06  6.238309E-04  5.172785E-08  2.019788E-07  2.868846E-09  1.205933E-02  9.068144E-07  6.386296E-09  5.355240E-09  8.166227E-04  1.110108E-03  4.841499E-06  2.394471E-06  3.101182E-06  2.012793E-07
 3.401500E+02  4.373026E-02  2.379614E-06  1.809515E-11  2.418611E-11  2.701617E-11  3.276875E-11  5.480573E-01  6.782047E-04  1.628575E-06  3.916390E-01  1.435245E-03  9.925248E-06  1.116250E-06  6.152237E-04  4.962838E-08  1.941952E-07  2.782190E-09  1.191861E-02  8.727183E-07  6.220953E-09  5.213666E-09  8.052520E-04  1.094656E-03  4.610335E-06  2.279218E-06  2.952761E-06  1.933308E-07
 3.411500E+02  4.380369E-02  2.362869E-06  1.767589E-11  2.363083E-11  2.639716E-11  3.202450E-11  5.480848E-01  6.684561E-04  1.549682E-06  3.917420E-01  1.415307E-03  9.454410E-06  1.090396E-06  6.067817E-04  4.762608E-08  1.867563E-07  2.698613E-09  1.178025E-02  8.400924E-07  6.060749E-09  5.076569E-09  7.941124E-04  1.079518E-03  4.391526E-06  2.170181E-06  2.812305E-06  1.857406E-07
 3.421500E+02  4.387588E-02  2.346282E-06  1.726824E-11  2.309080E-11  2.579512E-11  3.130050E-11  5.481116E-01  6.589122E-04  1.475074E-06  3.918431E-01  1.395769E-03  9.008544E-06  1.065305E-06  5.985014E-04  4.571597E-08  1.796450E-07  2.617992E-09  1.164421E-02  8.088661E-07  5.905503E-09  4.943790E-09  7.831979E-04  1.064687E-03  4.184348E-06  2.066992E-06  2.679344E-06  1.784909E-07
 3.431500E+02  4.394686E-02  2.329853E-06  1.687185E-11  2.256556E-11  2.520954E-11  3.059614E-11  5.481380E-01  6.495677E-04  1.404495E-06  3.919425E-01  1.376619E-03  8.586198E-06  1.040948E-06  5.903790E-04  4.389333E-08  1.728452E-07  2.540212E-09  1.151044E-02  7.789726E-07  5.755043E-09  4.815176E-09  7.725031E-04  1.050154E-03  3.988123E-06  1.969305E-06  2.553439E-06  1.715646E-07
 3.441500E+02  4.401665E-02  2.313581E-06  1.648637E-11  2.205467E-11  2.463993E-11  2.991085E-11  5.481637E-01  6.404174E-04  1.337706E-06  3.920400E-01  1.357849E-03  8.186010E-06  1.017302E-06  5.824110E-04  4.215372E-08  1.663417E-07  2.465159E-09  1.137890E-02  7.503485E-07  5.609202E-09  4.690581E-09  7.620224E-04  1.035913E-03  3.802213E-06  1.876797E-06  2.434178E-06  1.649458E-07
 3.451500E+02  4.408526E-02  2.297466E-06  1.611148E-11  2.155770E-11  2.408581E-11  2.924405E-11  5.481890E-01  6.314564E-04  1.274483E-06  3.921358E-01  1.339450E-03  7.806704E-06  9.943414E-07  5.745939E-04  4.049293E-08  1.601201E-07  2.392725E-09  1.124955E-02  7.229339E-07  5.467820E-09  4.569863E-09  7.517504E-04  1.021956E-03  3.626022E-06  1.789168E-06  2.321174E-06  1.586192E-07
 3.461500E+02  4.415273E-02  2.281508E-06  1.574684E-11  2.107422E-11  2.354671E-11  2.859519E-11  5.482137E-01  6.226796E-04  1.214617E-06  3.922299E-01  1.321411E-03  7.447084E-06  9.720428E-07  5.669244E-04  3.890700E-08  1.541668E-07  2.322809E-09  1.112235E-02  6.966718E-07  5.330744E-09  4.452885E-09  7.416821E-04  1.008276E-03  3.458992E-06  1.706132E-06  2.214066E-06  1.525706E-07
 3.471500E+02  4.421907E-02  2.265705E-06  1.539216E-11  2.060383E-11  2.302218E-11  2.796374E-11  5.482380E-01  6.140825E-04  1.157911E-06  3.923223E-01  1.303725E-03  7.106027E-06  9.503840E-07  5.593992E-04  3.739216E-08  1.484687E-07  2.255311E-09  1.099724E-02  6.715082E-07  5.197825E-09  4.339517E-09  7.318125E-04  9.948657E-04  3.300599E-06  1.627427E-06  2.112516E-06  1.467864E-07
 3.481500E+02  4.428431E-02  2.250058E-06  1.504712E-11  2.014613E-11  2.251178E-11  2.734918E-11  5.482617E-01  6.056603E-04  1.104181E-06  3.924131E-01  1.286383E-03  6.782480E-06  9.293434E-07  5.520151E-04  3.594488E-08  1.430138E-07  2.190138E-09  1.087420E-02  6.473919E-07  5.068921E-09  4.229632E-09  7.221366E-04  9.817191E-04  3.150351E-06  1.552802E-06  2.016205E-06  1.412537E-07
 3.491500E+02  4.434847E-02  2.234566E-06  1.471144E-11  1.970076E-11  2.201510E-11  2.675100E-11  5.482850E-01  5.974088E-04  1.053256E-06  3.925023E-01  1.269377E-03  6.475455E-06  9.089000E-07  5.447688E-04  3.456180E-08  1.377904E-07  2.127199E-09  1.075319E-02  6.242742E-07  4.943894E-09  4.123110E-09  7.126497E-04  9.688296E-04  3.007788E-06  1.482025E-06  1.924836E-06  1.359602E-07
 3.501500E+02  4.441157E-02  2.219229E-06  1.438484E-11  1.926733E-11  2.153172E-11  2.616873E-11  5.483078E-01  5.893235E-04  1.004973E-06  3.925899E-01  1.252699E-03  6.184025E-06  8.890340E-07  5.376575E-04  3.323975E-08  1.327875E-07  2.066408E-09  1.063416E-02  6.021089E-07  4.822612E-09  4.019835E-09  7.033473E-04  9.561909E-04  2.872477E-06  1.414878E-06  1.838129E-06  1.308946E-07
 3.511500E+02  4.447362E-02  2.204044E-06  1.406704E-11  1.884550E-11  2.106124E-11  2.560190E-11  5.483302E-01  5.814003E-04  9.591824E-07  3.926760E-01  1.236341E-03  5.907319E-06  8.697260E-07  5.306780E-04  3.197573E-08  1.279947E-07  2.007682E-09  1.051707E-02  5.808523E-07  4.704947E-09  3.919693E-09  6.942248E-04  9.437970E-04  2.744011E-06  1.351154E-06  1.755822E-06  1.260458E-07
 3.521500E+02  4.453466E-02  2.189012E-06  1.375778E-11  1.843491E-11  2.060329E-11  2.505004E-11  5.483521E-01  5.736350E-04  9.157417E-07  3.927606E-01  1.220295E-03  5.644518E-06  8.509576E-07  5.238275E-04  3.076691E-08  1.234021E-07  1.950942E-09  1.040190E-02  5.604628E-07  4.590779E-09  3.822577E-09  6.852780E-04  9.316419E-04  2.622009E-06  1.290662E-06  1.677669E-06  1.214036E-07
 3.531500E+02  4.459470E-02  2.174132E-06  1.345680E-11  1.803523E-11  2.015749E-11  2.451271E-11  5.483736E-01  5.660239E-04  8.745180E-07  3.928438E-01  1.204554E-03  5.394853E-06  8.327110E-07  5.171032E-04  2.961059E-08  1.190003E-07  1.896112E-09  1.028860E-02  5.409007E-07  4.479987E-09  3.728384E-09  6.765027E-04  9.197200E-04  2.506113E-06  1.233221E-06  1.603438E-06  1.169580E-07
 3.541500E+02  4.465376E-02  2.159403E-06  1.316385E-11  1.764614E-11  1.972347E-11  2.398949E-11  5.483947E-01  5.585631E-04  8.353862E-07  3.929255E-01  1.189111E-03  5.157601E-06  8.149690E-07  5.105022E-04  2.850423E-08  1.147806E-07  1.843120E-09  1.017713E-02  5.221285E-07  4.372459E-09  3.637013E-09  6.678946E-04  9.080255E-04  2.395985E-06  1.178662E-06  1.532912E-06  1.126999E-07
 3.551500E+02  4.471185E-02  2.144825E-06  1.287870E-11  1.726733E-11  1.930090E-11  2.347997E-11  5.484153E-01  5.512487E-04  7.982294E-07  3.930058E-01  1.173959E-03  4.932083E-06  7.977151E-07  5.040220E-04  2.744543E-08  1.107343E-07  1.791895E-09  1.006747E-02  5.041106E-07  4.268085E-09  3.548368E-09  6.594500E-04  8.965532E-04  2.291310E-06  1.126824E-06  1.465887E-06  1.086203E-07
 3.561500E+02  4.476900E-02  2.130395E-06  1.260111E-11  1.689848E-11  1.888943E-11  2.298373E-11  5.484356E-01  5.440774E-04  7.629374E-07  3.930847E-01  1.159091E-03  4.717659E-06  7.809334E-07  4.976597E-04  2.643190E-08  1.068536E-07  1.742371E-09  9.959578E-03  4.868130E-07  4.166759E-09  3.462357E-09  6.511649E-04  8.852978E-04  2.191788E-06  1.077557E-06  1.402170E-06  1.047110E-07
 3.571500E+02  4.482523E-02  2.116113E-06  1.233085E-11  1.653930E-11  1.848874E-11  2.250040E-11  5.484555E-01  5.370455E-04  7.294068E-07  3.931623E-01  1.144501E-03  4.513729E-06  7.646087E-07  4.914129E-04  2.546148E-08  1.031308E-07  1.694485E-09  9.853419E-03  4.702035E-07  4.068381E-09  3.378890E-09  6.430355E-04  8.742540E-04  2.097141E-06  1.030722E-06  1.341582E-06  1.009640E-07
 3.581500E+02  4.488055E-02  2.101979E-06  1.206771E-11  1.618952E-11  1.809850E-11  2.202959E-11  5.484750E-01  5.301496E-04  6.975406E-07  3.932386E-01  1.130181E-03  4.319725E-06  7.487262E-07  4.852791E-04  2.453212E-08  9.955871E-08  1.648174E-09  9.748962E-03  4.542514E-07  3.972852E-09  3.297882E-09  6.350583E-04  8.634171E-04  2.007105E-06  9.861851E-07  1.283953E-06  9.737172E-08
 3.591500E+02  4.493497E-02  2.087990E-06  1.181148E-11  1.584885E-11  1.771841E-11  2.157094E-11  5.484941E-01  5.233865E-04  6.672473E-07  3.933136E-01  1.116127E-03  4.135116E-06  7.332717E-07  4.792557E-04  2.364189E-08  9.613050E-08  1.603379E-09  9.646174E-03  4.389276E-07  3.880079E-09  3.219250E-09  6.272296E-04  8.527821E-04  1.921432E-06  9.438221E-07  1.229123E-06  9.392707E-08
 3.601500E+02  4.498853E-02  2.074147E-06  1.156195E-11  1.551702E-11  1.734817E-11  2.112410E-11  5.485129E-01  5.167530E-04  6.384413E-07  3.933873E-01  1.102331E-03  3.959399E-06  7.182315E-07  4.733405E-04  2.278893E-08  9.283965E-08  1.560045E-09  9.545024E-03  4.242042E-07  3.789969E-09  3.142914E-09  6.195459E-04  8.423443E-04  1.839888E-06  9.035156E-07  1.176941E-06  9.062325E-08
 3.611500E+02  4.504123E-02  2.060447E-06  1.131893E-11  1.519378E-11  1.698750E-11  2.068871E-11  5.485313E-01  5.102459E-04  6.110416E-07  3.934598E-01  1.088789E-03  3.792103E-06  7.035925E-07  4.675311E-04  2.197151E-08  8.967996E-08  1.518118E-09  9.445480E-03  4.100550E-07  3.702436E-09  3.068798E-09  6.120040E-04  8.320991E-04  1.762253E-06  8.651552E-07  1.127266E-06  8.745381E-08
 3.621500E+02  4.509308E-02  2.046891E-06  1.108222E-11  1.487887E-11  1.663611E-11  2.026446E-11  5.485494E-01  5.038622E-04  5.849724E-07  3.935311E-01  1.075493E-03  3.632781E-06  6.893419E-07  4.618251E-04  2.118796E-08  8.664557E-08  1.477545E-09  9.347513E-03  3.964547E-07  3.617396E-09  2.996828E-09  6.046006E-04  8.220422E-04  1.688321E-06  8.286371E-07  1.079965E-06  8.441265E-08
 3.631500E+02  4.514412E-02  2.033476E-06  1.085164E-11  1.457206E-11  1.629374E-11  1.985101E-11  5.485671E-01  4.975990E-04  5.601622E-07  3.936011E-01  1.062439E-03  3.481014E-06  6.754676E-07  4.562205E-04  2.043672E-08  8.373089E-08  1.438276E-09  9.251092E-03  3.833795E-07  3.534766E-09  2.926933E-09  5.973325E-04  8.121691E-04  1.617896E-06  7.938634E-07  1.034912E-06  8.149393E-08
 3.641500E+02  4.519434E-02  2.020201E-06  1.062700E-11  1.427310E-11  1.596012E-11  1.944806E-11  5.485845E-01  4.914535E-04  5.365437E-07  3.936701E-01  1.049621E-03  3.336406E-06  6.619577E-07  4.507150E-04  1.971629E-08  8.093059E-08  1.400265E-09  9.156189E-03  3.708066E-07  3.454469E-09  2.859044E-09  5.901965E-04  8.024757E-04  1.550794E-06  7.607419E-07  9.919892E-07  7.869215E-08
 3.651500E+02  4.524377E-02  2.007066E-06  1.040814E-11  1.398177E-11  1.563500E-11  1.905530E-11  5.486016E-01  4.854228E-04  5.140534E-07  3.937378E-01  1.037034E-03  3.198585E-06  6.488009E-07  4.453065E-04  1.902526E-08  7.823963E-08  1.363465E-09  9.062775E-03  3.587142E-07  3.376429E-09  2.793096E-09  5.831898E-04  7.929579E-04  1.486842E-06  7.291856E-07  9.510846E-07  7.600204E-08
 3.661500E+02  4.529242E-02  1.994069E-06  1.019488E-11  1.369785E-11  1.531813E-11  1.867244E-11  5.486184E-01  4.795042E-04  4.926318E-07  3.938045E-01  1.024672E-03  3.067198E-06  6.359861E-07  4.399929E-04  1.836228E-08  7.565320E-08  1.327831E-09  8.970822E-03  3.470819E-07  3.300573E-09  2.729024E-09  5.763093E-04  7.836117E-04  1.425876E-06  6.991128E-07  9.120932E-07  7.341862E-08
 3.671500E+02  4.534031E-02  1.981209E-06  9.987063E-12  1.342111E-11  1.500927E-11  1.829920E-11  5.486349E-01  4.736952E-04  4.722224E-07  3.938701E-01  1.012531E-03  2.941913E-06  6.235028E-07  4.347723E-04  1.772608E-08  7.316672E-08  1.293323E-09  8.880302E-03  3.358898E-07  3.226831E-09  2.666767E-09  5.695522E-04  7.744331E-04  1.367742E-06  6.704460E-07  8.749159E-07  7.093714E-08
 3.681500E+02  4.538745E-02  1.968485E-06  9.784531E-12  1.315137E-11  1.470820E-11  1.793530E-11  5.486511E-01  4.679932E-04  4.527724E-07  3.939346E-01  1.000606E-03  2.822418E-06  6.113409E-07  4.296426E-04  1.711544E-08  7.077584E-08  1.259899E-09  8.791190E-03  3.251192E-07  3.155135E-09  2.606267E-09  5.629158E-04  7.654185E-04  1.312294E-06  6.431126E-07  8.394590E-07  6.855308E-08
 3.691500E+02  4.543385E-02  1.955896E-06  9.587130E-12  1.288840E-11  1.441469E-11  1.758047E-11  5.486669E-01  4.623957E-04  4.342318E-07  3.939980E-01  9.888914E-04  2.708416E-06  5.994904E-07  4.246019E-04  1.652921E-08  6.847642E-08  1.227521E-09  8.703458E-03  3.147522E-07  3.085420E-09  2.547466E-09  5.563972E-04  7.565642E-04  1.259394E-06  6.170437E-07  8.056343E-07  6.626216E-08
 3.701500E+02  4.547954E-02  1.943439E-06  9.394711E-12  1.263203E-11  1.412852E-11  1.723446E-11  5.486825E-01  4.569003E-04  4.165533E-07  3.940605E-01  9.773833E-04  2.599627E-06  5.879418E-07  4.196485E-04  1.596630E-08  6.626450E-08  1.196151E-09  8.617081E-03  3.047719E-07  3.017622E-09  2.490310E-09  5.499940E-04  7.478665E-04  1.208914E-06  5.921745E-07  7.733585E-07  6.406027E-08
 3.711500E+02  4.552451E-02  1.931115E-06  9.207131E-12  1.238206E-11  1.384949E-11  1.689702E-11  5.486979E-01  4.515047E-04  3.996925E-07  3.941219E-01  9.660769E-04  2.495788E-06  5.766860E-07  4.147804E-04  1.542566E-08  6.413634E-08  1.165753E-09  8.532034E-03  2.951619E-07  2.951682E-09  2.434745E-09  5.437036E-04  7.393220E-04  1.160729E-06  5.684438E-07  7.425527E-07  6.194355E-08
 3.721500E+02  4.556879E-02  1.918922E-06  9.024251E-12  1.213831E-11  1.357739E-11  1.656790E-11  5.487129E-01  4.462065E-04  3.836075E-07  3.941823E-01  9.549678E-04  2.396650E-06  5.657142E-07  4.099958E-04  1.490631E-08  6.208834E-08  1.136293E-09  8.448292E-03  2.859068E-07  2.887539E-09  2.380720E-09  5.375234E-04  7.309274E-04  1.114726E-06  5.457938E-07  7.131427E-07  5.990827E-08
 3.731500E+02  4.561239E-02  1.906858E-06  8.845935E-12  1.190059E-11  1.331202E-11  1.624687E-11  5.487277E-01  4.410036E-04  3.682585E-07  3.942418E-01  9.440518E-04  2.301977E-06  5.550177E-07  4.052931E-04  1.440730E-08  6.011710E-08  1.107737E-09  8.365830E-03  2.769918E-07  2.825138E-09  2.328187E-09  5.314510E-04  7.226792E-04  1.070793E-06  5.241698E-07  6.850584E-07  5.795093E-08
