#         T/K            c1          c2-1          c3-4          c3-5          c3-7          c3-9            m1          m2-1          m3-1            w1            w2          w3-1          w3-2          c1m1        c1m2-1        c1m2-7        c2m1-1        c1w1-2        c1w2-1        c2w1-1        c2w1-9        m1w1-1        m1w1-4        m1w2-1        m2w1-1        m2w1-3      c1m1w1-1
 2.731500E+02  1.923293E-01  1.285498E-04  2.274857E-08  2.985805E-08  3.321945E-08  3.961007E-08  1.471113E-01  1.911446E-04  2.680634E-06  4.348741E-01  6.815038E-03  1.086270E-03  1.524152E-05  3.108796E-03  7.678097E-07  2.519427E-06  3.350895E-07  2.118380E-01  1.824614E-04  2.172751E-06  1.907905E-06  9.076426E-04  1.235546E-03  1.211205E-04  1.483552E-05  1.878939E-05  1.135825E-05
 2.741500E+02  1.937585E-01  1.279436E-04  2.210533E-08  2.902360E-08  3.229348E-08  3.851809E-08  1.471732E-01  1.864734E-04  2.470859E-06  4.364972E-01  6.695757E-03  1.012919E-03  1.476465E-05  3.048513E-03  7.198525E-07  2.369715E-06  3.206789E-07  2.090482E-01  1.729972E-04  2.100114E-06  1.842531E-06  8.890441E-04  1.210152E-03  1.125659E-04  1.373370E-05  1.740084E-05  1.070271E-05
 2.751500E+02  1.951690E-01  1.273259E-04  2.148046E-08  2.821265E-08  3.139348E-08  3.745635E-08  1.472332E-01  1.819526E-04  2.278942E-06  4.380933E-01  6.578972E-03  9.449118E-04  1.430485E-05  2.989637E-03  6.751825E-07  2.229812E-06  3.069507E-07  2.062939E-01  1.640670E-04  2.030088E-06  1.779569E-06  8.709365E-04  1.185431E-03  1.046660E-04  1.272078E-05  1.612384E-05  1.008855E-05
 2.761500E+02  1.965609E-01  1.266972E-04  2.087350E-08  2.742461E-08  3.051884E-08  3.642411E-08  1.472915E-01  1.775763E-04  2.103249E-06  4.396627E-01  6.464636E-03  8.818334E-04  1.386148E-05  2.932133E-03  6.335563E-07  2.099023E-06  2.938703E-07  2.035752E-01  1.556388E-04  1.962578E-06  1.718927E-06  8.533053E-04  1.161365E-03  9.736714E-05  1.178906E-05  1.494875E-05  9.512954E-06
 2.771500E+02  1.979342E-01  1.260581E-04  2.028399E-08  2.665891E-08  2.966892E-08  3.542066E-08  1.473482E-01  1.733391E-04  1.942306E-06  4.412062E-01  6.352698E-03  8.233036E-04  1.343390E-05  2.875969E-03  5.947497E-07  1.976703E-06  2.814048E-07  2.008921E-01  1.476826E-04  1.897492E-06  1.660519E-06  8.361363E-04  1.137932E-03  9.062043E-05  1.093156E-05  1.386686E-05  8.973315E-06
 2.781500E+02  1.992889E-01  1.254094E-04  1.971150E-08  2.591501E-08  2.884310E-08  3.444530E-08  1.474032E-01  1.692357E-04  1.794779E-06  4.427240E-01  6.243111E-03  7.689726E-04  1.302153E-05  2.821109E-03  5.585561E-07  1.862258E-06  2.695233E-07  1.982445E-01  1.401700E-04  1.834742E-06  1.604260E-06  8.194158E-04  1.115114E-03  8.438111E-05  1.014193E-05  1.287021E-05  8.467217E-06
 2.791500E+02  2.006251E-01  1.247516E-04  1.915557E-08  2.519233E-08  2.804079E-08  3.349734E-08  1.474566E-01  1.652612E-04  1.659467E-06  4.442169E-01  6.135826E-03  7.185192E-04  1.262378E-05  2.767523E-03  5.247852E-07  1.755136E-06  2.581963E-07  1.956323E-01  1.330748E-04  1.774243E-06  1.550070E-06  8.031303E-04  1.092893E-03  7.860831E-05  9.414393E-06  1.195159E-05  7.992416E-06
 2.801500E+02  2.019428E-01  1.240853E-04  1.861577E-08  2.449036E-08  2.726138E-08  3.257611E-08  1.475085E-01  1.614106E-04  1.535279E-06  4.456851E-01  6.030796E-03  6.716481E-04  1.224008E-05  2.715177E-03  4.932614E-07  1.654831E-06  2.473960E-07  1.930554E-01  1.263720E-04  1.715911E-06  1.497869E-06  7.872670E-04  1.071251E-03  7.326463E-05  8.743702E-06  1.110443E-05  7.546827E-06
 2.811500E+02  2.032423E-01  1.234111E-04  1.809169E-08  2.380855E-08  2.650430E-08  3.168093E-08  1.475590E-01  1.576795E-04  1.421231E-06  4.471291E-01  5.927972E-03  6.280876E-04  1.186990E-05  2.664042E-03  4.638230E-07  1.560869E-06  2.370962E-07  1.905138E-01  1.200384E-04  1.659667E-06  1.447583E-06  7.718133E-04  1.050170E-03  6.831586E-05  8.125081E-06  1.032274E-05  7.128512E-06
 2.821500E+02  2.045235E-01  1.227296E-04  1.758291E-08  2.314637E-08  2.576896E-08  3.081115E-08  1.476081E-01  1.540633E-04  1.316432E-06  4.485493E-01  5.827308E-03  5.875878E-04  1.151273E-05  2.614087E-03  4.363204E-07  1.472816E-06  2.272718E-07  1.880071E-01  1.140524E-04  1.605434E-06  1.399140E-06  7.567569E-04  1.029634E-03  6.373067E-05  7.554180E-06  9.601085E-06  6.735671E-06
 2.831500E+02  2.057866E-01  1.220414E-04  1.708901E-08  2.250333E-08  2.505480E-08  2.996612E-08  1.476559E-01  1.505579E-04  1.220072E-06  4.499463E-01  5.728757E-03  5.499188E-04  1.116806E-05  2.565284E-03  4.106159E-07  1.390268E-06  2.178993E-07  1.855354E-01  1.083934E-04  1.553138E-06  1.352469E-06  7.420862E-04  1.009626E-03  5.948039E-05  7.027037E-06  8.934495E-06  6.366630E-06
 2.841500E+02  2.070317E-01  1.213470E-04  1.660960E-08  2.187891E-08  2.436126E-08  2.914520E-08  1.477023E-01  1.471592E-04  1.131419E-06  4.513203E-01  5.632273E-03  5.148689E-04  1.083542E-05  2.517602E-03  3.865818E-07  1.312850E-06  2.089563E-07  1.830983E-01  1.030422E-04  1.502709E-06  1.307504E-06  7.277897E-04  9.901303E-04  5.553875E-05  6.540040E-06  8.318444E-06  6.019832E-06
 2.851500E+02  2.082589E-01  1.206469E-04  1.614429E-08  2.127262E-08  2.368781E-08  2.834776E-08  1.477475E-01  1.438633E-04  1.049807E-06  4.526717E-01  5.537810E-03  4.822433E-04  1.051435E-05  2.471016E-03  3.641006E-07  1.240215E-06  2.004216E-07  1.806957E-01  9.798098E-05  1.454076E-06  1.264180E-06  7.138562E-04  9.711322E-04  5.188165E-05  6.089896E-06  7.748803E-06  5.693830E-06
 2.861500E+02  2.094683E-01  1.199418E-04  1.569268E-08  2.068397E-08  2.303389E-08  2.757320E-08  1.477915E-01  1.406665E-04  9.746347E-07  4.540011E-01  5.445326E-03  4.518622E-04  1.020441E-05  2.425496E-03  3.430634E-07  1.172042E-06  1.922751E-07  1.783274E-01  9.319276E-05  1.407174E-06  1.222434E-06  7.002752E-04  9.526166E-04  4.848701E-05  5.673600E-06  7.221802E-06  5.387274E-06
 2.871500E+02  2.106601E-01  1.192320E-04  1.525441E-08  2.011249E-08  2.239899E-08  2.682090E-08  1.478344E-01  1.375653E-04  9.053519E-07  4.553086E-01  5.354775E-03  4.235603E-04  9.905165E-06  2.381018E-03  3.233695E-07  1.108033E-06  1.844977E-07  1.759930E-01  8.866174E-05  1.361939E-06  1.182207E-06  6.870361E-04  9.345692E-04  4.533458E-05  5.288406E-06  6.733999E-06  5.098913E-06
 2.881500E+02  2.118345E-01  1.185180E-04  1.482909E-08  1.955770E-08  2.178259E-08  2.609027E-08  1.478761E-01  1.345561E-04  8.414608E-07  4.565946E-01  5.266115E-03  3.971851E-04  9.616220E-06  2.337555E-03  3.049257E-07  1.047909E-06  1.770714E-07  1.736924E-01  8.437305E-05  1.318309E-06  1.143441E-06  6.741290E-04  9.169762E-04  4.240576E-05  4.931809E-06  6.282247E-06  4.827576E-06
 2.891500E+02  2.129915E-01  1.178005E-04  1.441638E-08  1.901915E-08  2.118419E-08  2.538073E-08  1.479167E-01  1.316357E-04  7.825082E-07  4.578597E-01  5.179303E-03  3.725958E-04  9.337179E-06  2.295082E-03  2.876460E-07  9.914148E-07  1.699791E-07  1.714252E-01  8.031273E-05  1.276225E-06  1.106080E-06  6.615441E-04  8.998241E-04  3.968347E-05  4.601518E-06  5.863671E-06  4.572176E-06
 2.901500E+02  2.141314E-01  1.170797E-04  1.401591E-08  1.849639E-08  2.060328E-08  2.469171E-08  1.479563E-01  1.288009E-04  7.280813E-07  4.591039E-01  5.094298E-03  3.496627E-04  9.067669E-06  2.253574E-03  2.714503E-07  9.383108E-07  1.632045E-07  1.691913E-01  7.646770E-05  1.235630E-06  1.070072E-06  6.492719E-04  8.831000E-04  3.715202E-05  4.295438E-06  5.475639E-06  4.331700E-06
 2.911500E+02  2.152544E-01  1.163562E-04  1.362733E-08  1.798898E-08  2.003939E-08  2.402265E-08  1.479949E-01  1.260488E-04  6.778047E-07  4.603278E-01  5.011060E-03  3.282661E-04  8.807328E-06  2.213008E-03  2.562649E-07  8.883751E-07  1.567322E-07  1.669902E-01  7.282565E-05  1.196468E-06  1.035364E-06  6.373034E-04  8.667913E-04  3.479701E-05  4.011653E-06  5.115743E-06  4.105202E-06
 2.921500E+02  2.163605E-01  1.156304E-04  1.325031E-08  1.749649E-08  1.949203E-08  2.337299E-08  1.480324E-01  1.233765E-04  6.313360E-07  4.615317E-01  4.929548E-03  3.082954E-04  8.555810E-06  2.173359E-03  2.420212E-07  8.414014E-07  1.505477E-07  1.648216E-01  6.937502E-05  1.158687E-06  1.001908E-06  6.256297E-04  8.508858E-04  3.260518E-05  3.748409E-06  4.781779E-06  3.891802E-06
 2.931500E+02  2.174500E-01  1.149027E-04  1.288452E-08  1.701850E-08  1.896074E-08  2.274221E-08  1.480691E-01  1.207810E-04  5.883633E-07  4.627158E-01  4.849724E-03  2.896485E-04  8.312784E-06  2.134606E-03  2.286556E-07  7.971979E-07  1.446370E-07  1.626853E-01  6.610494E-05  1.122235E-06  9.696552E-07  6.142423E-04  8.353718E-04  3.056433E-05  3.504099E-06  4.471727E-06  3.690678E-06
 2.941500E+02  2.185230E-01  1.141735E-04  1.252963E-08  1.655459E-08  1.844507E-08  2.212977E-08  1.481048E-01  1.182598E-04  5.486017E-07  4.638805E-01  4.771549E-03  2.722311E-04  8.077929E-06  2.096727E-03  2.161091E-07  7.555861E-07  1.389870E-07  1.605810E-01  6.300522E-05  1.087063E-06  9.385610E-07  6.031329E-04  8.202380E-04  2.866326E-05  3.277250E-06  4.183734E-06  3.501064E-06
 2.951500E+02  2.195797E-01  1.134432E-04  1.218532E-08  1.610437E-08  1.794458E-08  2.153517E-08  1.481396E-01  1.158104E-04  5.117916E-07  4.650261E-01  4.694986E-03  2.559560E-04  7.850942E-06  2.059698E-03  2.043272E-07  7.163999E-07  1.335852E-07  1.585082E-01  6.006627E-05  1.053124E-06  9.085811E-07  5.922934E-04  8.054732E-04  2.689162E-05  3.066513E-06  3.916103E-06  3.322246E-06
 2.961500E+02  2.206203E-01  1.127121E-04  1.185129E-08  1.566743E-08  1.745881E-08  2.095789E-08  1.481735E-01  1.134301E-04  4.776956E-07  4.661530E-01  4.619998E-03  2.407426E-04  7.631526E-06  2.023500E-03  1.932590E-07  6.794847E-07  1.284198E-07  1.564668E-01  5.727906E-05  1.020372E-06  8.796731E-07  5.817161E-04  7.910668E-04  2.523990E-05  2.870650E-06  3.667276E-06  3.153554E-06
 2.971500E+02  2.216450E-01  1.119806E-04  1.152724E-08  1.524340E-08  1.698737E-08  2.039744E-08  1.482066E-01  1.111168E-04  4.460969E-07  4.672614E-01  4.546550E-03  2.265164E-04  7.419401E-06  1.988112E-03  1.828575E-07  6.446966E-07  1.234795E-07  1.544562E-01  5.463512E-05  9.887627E-07  8.517963E-07  5.713935E-04  7.770085E-04  2.369935E-05  2.688524E-06  3.435821E-06  2.994367E-06
 2.981500E+02  2.226540E-01  1.112491E-04  1.121286E-08  1.483190E-08  1.652982E-08  1.985335E-08  1.482389E-01  1.088680E-04  4.167973E-07  4.683516E-01  4.474606E-03  2.132084E-04  7.214296E-06  1.953513E-03  1.730788E-07  6.119014E-07  1.187536E-07  1.524761E-01  5.212648E-05  9.582547E-07  8.249118E-07  5.613183E-04  7.632882E-04  2.226186E-05  2.519093E-06  3.220426E-06  2.844101E-06
 2.991500E+02  2.236475E-01  1.105179E-04  1.090788E-08  1.443256E-08  1.608576E-08  1.932514E-08  1.482704E-01  1.066816E-04  3.896153E-07  4.694239E-01  4.404132E-03  2.007547E-04  7.015950E-06  1.919684E-03  1.638822E-07  5.809740E-07  1.142321E-07  1.505263E-01  4.974563E-05  9.288068E-07  7.989820E-07  5.514835E-04  7.498965E-04  2.092000E-05  2.361398E-06  3.019883E-06  2.702214E-06
 3.001500E+02  2.246256E-01  1.097872E-04  1.061200E-08  1.404503E-08  1.565480E-08  1.881236E-08  1.483011E-01  1.045555E-04  3.643849E-07  4.704786E-01  4.335095E-03  1.890964E-04  6.824114E-06  1.886607E-03  1.552300E-07  5.517981E-07  1.099053E-07  1.486063E-01  4.748552E-05  9.003799E-07  7.739706E-07  5.418823E-04  7.368238E-04  1.966689E-05  2.214559E-06  2.833081E-06  2.568196E-06
 3.011500E+02  2.255886E-01  1.090574E-04  1.032498E-08  1.366896E-08  1.523656E-08  1.831456E-08  1.483311E-01  1.024877E-04  3.409541E-07  4.715161E-01  4.267462E-03  1.781786E-04  6.638548E-06  1.854262E-03  1.470869E-07  5.242648E-07  1.057640E-07  1.467157E-01  4.533951E-05  8.729363E-07  7.498430E-07  5.325080E-04  7.240611E-04  1.849617E-05  2.077765E-06  2.659000E-06  2.441572E-06
 3.021500E+02  2.265366E-01  1.083288E-04  1.004652E-08  1.330401E-08  1.483065E-08  1.783130E-08  1.483604E-01  1.004762E-04  3.191835E-07  4.725365E-01  4.201201E-03  1.679506E-04  6.459021E-06  1.822632E-03  1.394202E-07  4.982728E-07  1.017995E-07  1.448543E-01  4.330134E-05  8.464396E-07  7.265658E-07  5.233543E-04  7.115996E-04  1.740199E-05  1.950271E-06  2.496700E-06  2.321898E-06
 3.031500E+02  2.274699E-01  1.076016E-04  9.776385E-09  1.294985E-08  1.443672E-08  1.736215E-08  1.483890E-01  9.851925E-05  2.989455E-07  4.735402E-01  4.136281E-03  1.583654E-04  6.285314E-06  1.791698E-03  1.321994E-07  4.737273E-07  9.800364E-08  1.430216E-01  4.136513E-05  8.208549E-07  7.041069E-07  5.144150E-04  6.994309E-04  1.637893E-05  1.831392E-06  2.345316E-06  2.208758E-06
 3.041500E+02  2.283886E-01  1.068761E-04  9.514315E-09  1.260616E-08  1.405440E-08  1.690671E-08  1.484169E-01  9.661494E-05  2.801228E-07  4.745275E-01  4.072671E-03  1.493794E-04  6.117214E-06  1.761444E-03  1.253963E-07  4.505402E-07  9.436853E-08  1.412172E-01  3.952533E-05  7.961485E-07  6.824354E-07  5.056841E-04  6.875467E-04  1.542198E-05  1.720496E-06  2.204051E-06  2.101764E-06
 3.051500E+02  2.292930E-01  1.061526E-04  9.260066E-09  1.227262E-08  1.368336E-08  1.646457E-08  1.484441E-01  9.476157E-05  2.626078E-07  4.754985E-01  4.010341E-03  1.409522E-04  5.954516E-06  1.731852E-03  1.189843E-07  4.286287E-07  9.088673E-08  1.394409E-01  3.777673E-05  7.722882E-07  6.615217E-07  4.971557E-04  6.759390E-04  1.452652E-05  1.617001E-06  2.072170E-06  2.000550E-06
 3.061500E+02  2.301832E-01  1.054312E-04  9.013401E-09  1.194893E-08  1.332325E-08  1.603533E-08  1.484707E-01  9.295750E-05  2.463019E-07  4.764537E-01  3.949262E-03  1.330463E-04  5.797025E-06  1.702907E-03  1.129389E-07  4.079159E-07  8.755116E-08  1.376921E-01  3.611441E-05  7.492428E-07  6.413372E-07  4.888243E-04  6.646002E-04  1.368827E-05  1.520371E-06  1.948997E-06  1.904776E-06
 3.071500E+02  2.310594E-01  1.047122E-04  8.774088E-09  1.163480E-08  1.297374E-08  1.561862E-08  1.484967E-01  9.120111E-05  2.311142E-07  4.773932E-01  3.889407E-03  1.256267E-04  5.644553E-06  1.674593E-03  1.072370E-07  3.883296E-07  8.435507E-08  1.359706E-01  3.453373E-05  7.269823E-07  6.218546E-07  4.806844E-04  6.535228E-04  1.290327E-05  1.430111E-06  1.833906E-06  1.814124E-06
 3.081500E+02  2.319219E-01  1.039958E-04  8.541903E-09  1.132993E-08  1.263452E-08  1.521405E-08  1.485221E-01  8.949086E-05  2.169613E-07  4.783173E-01  3.830746E-03  1.186613E-04  5.496920E-06  1.646893E-03  1.018574E-07  3.698025E-07  8.129207E-08  1.342759E-01  3.303033E-05  7.054779E-07  6.030475E-07  4.727307E-04  6.426995E-04  1.216784E-05  1.345765E-06  1.726321E-06  1.728292E-06
 3.091500E+02  2.327708E-01  1.032822E-04  8.316626E-09  1.103404E-08  1.230527E-08  1.482127E-08  1.485469E-01  8.782529E-05  2.037666E-07  4.792262E-01  3.773254E-03  1.121198E-04  5.353951E-06  1.619794E-03  9.678006E-08  3.522715E-07  7.835607E-08  1.326077E-01  3.160009E-05  6.847020E-07  5.848906E-07  4.649582E-04  6.321234E-04  1.147859E-05  1.266912E-06  1.625710E-06  1.647002E-06
 3.101500E+02  2.336063E-01  1.025717E-04  8.098046E-09  1.074686E-08  1.198569E-08  1.443993E-08  1.485711E-01  8.620295E-05  1.914593E-07  4.801203E-01  3.716903E-03  1.059745E-04  5.215480E-06  1.593280E-03  9.198635E-08  3.356778E-07  7.554129E-08  1.309656E-01  3.023912E-05  6.646277E-07  5.673596E-07  4.573618E-04  6.217876E-04  1.083238E-05  1.193163E-06  1.531581E-06  1.569991E-06
 3.111500E+02  2.344287E-01  1.018642E-04  7.885957E-09  1.046813E-08  1.167550E-08  1.406967E-08  1.485948E-01  8.462248E-05  1.799746E-07  4.809997E-01  3.661668E-03  1.001993E-04  5.081346E-06  1.567336E-03  8.745891E-08  3.199662E-07  7.284222E-08  1.293493E-01  2.894377E-05  6.452296E-07  5.504311E-07  4.499369E-04  6.116856E-04  1.022629E-05  1.124158E-06  1.443479E-06  1.497011E-06
 3.121500E+02  2.352380E-01  1.011602E-04  7.680158E-09  1.019759E-08  1.137440E-08  1.371017E-08  1.486179E-01  8.308256E-05  1.692524E-07  4.818648E-01  3.607523E-03  9.477022E-05  4.951396E-06  1.541950E-03  8.318151E-08  3.050849E-07  7.025362E-08  1.277583E-01  2.771058E-05  6.264828E-07  5.340827E-07  4.426786E-04  6.018111E-04  9.657612E-06  1.059566E-06  1.360985E-06  1.427833E-06
 3.131500E+02  2.360346E-01  1.004596E-04  7.480456E-09  9.934986E-09  1.108211E-08  1.336111E-08  1.486405E-01  8.158190E-05  1.592378E-07  4.827157E-01  3.554444E-03  8.966469E-05  4.825482E-06  1.517106E-03  7.913898E-08  2.909857E-07  6.777051E-08  1.261923E-01  2.653630E-05  6.083637E-07  5.182927E-07  4.355826E-04  5.921578E-04  9.123842E-06  9.990797E-07  1.283710E-06  1.362239E-06
 3.141500E+02  2.368186E-01  9.976268E-05  7.286660E-09  9.680078E-09  1.079837E-08  1.302216E-08  1.486627E-01  8.011928E-05  1.498796E-07  4.835527E-01  3.502406E-03  8.486185E-05  4.703460E-06  1.492793E-03  7.531717E-08  2.776232E-07  6.538816E-08  1.246509E-01  2.541785E-05  5.908493E-07  5.030404E-07  4.286444E-04  5.827197E-04  8.622649E-06  9.424143E-07  1.211294E-06  1.300025E-06
 3.151500E+02  2.375901E-01  9.906956E-05  7.098589E-09  9.432629E-09  1.052292E-08  1.269303E-08  1.486843E-01  7.869352E-05  1.411311E-07  4.843760E-01  3.451387E-03  8.034227E-05  4.585195E-06  1.468996E-03  7.170282E-08  2.649549E-07  6.310205E-08  1.231337E-01  2.435232E-05  5.739178E-07  4.883058E-07  4.218598E-04  5.734912E-04  8.151874E-06  8.893073E-07  1.143403E-06  1.241002E-06
 3.161500E+02  2.383495E-01  9.838035E-05  6.916064E-09  9.192410E-09  1.025550E-08  1.237340E-08  1.487054E-01  7.730348E-05  1.329489E-07  4.851859E-01  3.401364E-03  7.608784E-05  4.470555E-06  1.445705E-03  6.828357E-08  2.529411E-07  6.090788E-08  1.216405E-01  2.333698E-05  5.575479E-07  4.740698E-07  4.152248E-04  5.644665E-04  7.709509E-06  8.395153E-07  1.079731E-06  1.184988E-06
 3.171500E+02  2.390968E-01  9.769519E-05  6.738913E-09  8.959200E-09  9.995864E-09  1.206301E-08  1.487260E-01  7.594805E-05  1.252931E-07  4.859826E-01  3.352313E-03  7.208169E-05  4.359413E-06  1.422905E-03  6.504784E-08  2.415445E-07  5.880158E-08  1.201707E-01  2.236924E-05  5.417193E-07  4.603139E-07  4.087353E-04  5.556402E-04  7.293690E-06  7.928127E-07  1.019991E-06  1.131817E-06
 3.181500E+02  2.398323E-01  9.701419E-05  6.566970E-09  8.732783E-09  9.743778E-09  1.176156E-08  1.487462E-01  7.462618E-05  1.181265E-07  4.867663E-01  3.304214E-03  6.830811E-05  4.251648E-06  1.400585E-03  6.198478E-08  2.307299E-07  5.677924E-08  1.187241E-01  2.144666E-05  5.264125E-07  4.470204E-07  4.023875E-04  5.470070E-04  6.902682E-06  7.489905E-07  9.639184E-07  1.081329E-06
 3.191500E+02  2.405561E-01  9.633746E-05  6.400072E-09  8.512950E-09  9.499007E-09  1.146878E-08  1.487660E-01  7.333685E-05  1.114152E-07  4.875372E-01  3.257045E-03  6.475245E-05  4.147143E-06  1.378735E-03  5.908425E-08  2.204645E-07  5.483717E-08  1.173003E-01  2.056692E-05  5.116086E-07  4.341723E-07  3.961776E-04  5.385619E-04  6.534876E-06  7.078550E-07  9.112671E-07  1.033376E-06
 3.201500E+02  2.412685E-01  9.566509E-05  6.238062E-09  8.299497E-09  9.261327E-09  1.118441E-08  1.487853E-01  7.207907E-05  1.051275E-07  4.882956E-01  3.210785E-03  6.140106E-05  4.045785E-06  1.357341E-03  5.633676E-08  2.107176E-07  5.297184E-08  1.158990E-01  1.972784E-05  4.972895E-07  4.217533E-07  3.901020E-04  5.302998E-04  6.188771E-06  6.692266E-07  8.618096E-07  9.878186E-07
 3.211500E+02  2.419696E-01  9.499719E-05  6.080788E-09  8.092229E-09  9.030519E-09  1.090820E-08  1.488042E-01  7.085188E-05  9.923425E-08  4.890417E-01  3.165413E-03  5.824119E-05  3.947466E-06  1.336394E-03  5.373341E-08  2.014601E-07  5.117987E-08  1.145197E-01  1.892737E-05  4.834378E-07  4.097476E-07  3.841573E-04  5.222159E-04  5.862975E-06  6.329384E-07  8.153343E-07  9.445244E-07
 3.221500E+02  2.426595E-01  9.433384E-05  5.928103E-09  7.890953E-09  8.806372E-09  1.063989E-08  1.488227E-01  6.965438E-05  9.370833E-08  4.897757E-01  3.120911E-03  5.526095E-05  3.852082E-06  1.315882E-03  5.126587E-08  1.926648E-07  4.945808E-08  1.131622E-01  1.816355E-05  4.700367E-07  3.981400E-07  3.783399E-04  5.143057E-04  5.556187E-06  5.988356E-07  7.716447E-07  9.033699E-07
 3.231500E+02  2.433386E-01  9.367512E-05  5.779862E-09  7.695486E-09  8.588681E-09  1.037924E-08  1.488408E-01  6.848567E-05  8.852473E-08  4.904977E-01  3.077259E-03  5.244926E-05  3.759533E-06  1.295795E-03  4.892633E-08  1.843063E-07  4.780340E-08  1.118261E-01  1.743454E-05  4.570701E-07  3.869162E-07  3.726466E-04  5.065645E-04  5.267200E-06  5.667746E-07  7.305585E-07  8.642390E-07
 3.241500E+02  2.440068E-01  9.302109E-05  5.635928E-09  7.505649E-09  8.377248E-09  1.012602E-08  1.488586E-01  6.734490E-05  8.366028E-08  4.912081E-01  3.034438E-03  4.979575E-05  3.669722E-06  1.276123E-03  4.670746E-08  1.763604E-07  4.621294E-08  1.105111E-01  1.673860E-05  4.445224E-07  3.760620E-07  3.670742E-04  4.989879E-04  4.994888E-06  5.366219E-07  6.919061E-07  8.270220E-07
 3.251500E+02  2.446645E-01  9.237183E-05  5.496167E-09  7.321266E-09  8.171878E-09  9.880010E-09  1.488759E-01  6.623124E-05  7.909346E-08  4.919069E-01  2.992429E-03  4.729074E-05  3.582556E-06  1.256856E-03  4.460240E-08  1.688046E-07  4.468393E-08  1.092167E-01  1.607408E-05  4.323789E-07  3.655640E-07  3.616195E-04  4.915718E-04  4.738201E-06  5.082532E-07  6.555298E-07  7.916159E-07
 3.261500E+02  2.453118E-01  9.172740E-05  5.360448E-09  7.142170E-09  7.972386E-09  9.640979E-09  1.488929E-01  6.514391E-05  7.480436E-08  4.925945E-01  2.951215E-03  4.492520E-05  3.497947E-06  1.237984E-03  4.260470E-08  1.616177E-07  4.321371E-08  1.079428E-01  1.543941E-05  4.206250E-07  3.554094E-07  3.562795E-04  4.843119E-04  4.496162E-06  4.815533E-07  6.212832E-07  7.579235E-07
 3.271500E+02  2.459489E-01  9.108785E-05  5.228645E-09  6.968198E-09  7.778590E-09  9.408718E-09  1.489095E-01  6.408212E-05  7.077447E-08  4.932710E-01  2.910778E-03  4.269068E-05  3.415808E-06  1.219497E-03  4.070832E-08  1.547797E-07  4.179977E-08  1.066889E-01  1.483312E-05  4.092469E-07  3.455858E-07  3.510514E-04  4.772044E-04  4.267857E-06  4.564147E-07  5.890297E-07  7.258535E-07
 3.281500E+02  2.465759E-01  9.045324E-05  5.100636E-09  6.799192E-09  7.590315E-09  9.183019E-09  1.489257E-01  6.304515E-05  6.698664E-08  4.939365E-01  2.871101E-03  4.057928E-05  3.336056E-06  1.201388E-03  3.890757E-08  1.482718E-07  4.043972E-08  1.054547E-01  1.425382E-05  3.982314E-07  3.360811E-07  3.459322E-04  4.702451E-04  4.052437E-06  4.327377E-07  5.586424E-07  6.953197E-07
 3.291500E+02  2.471930E-01  8.982360E-05  4.976304E-09  6.634997E-09  7.407391E-09  8.963684E-09  1.489416E-01  6.203226E-05  6.342495E-08  4.945914E-01  2.832167E-03  3.858361E-05  3.258612E-06  1.183645E-03  3.719713E-08  1.420763E-07  3.913126E-08  1.042399E-01  1.370018E-05  3.875657E-07  3.268839E-07  3.409191E-04  4.634305E-04  3.849107E-06  4.104292E-07  5.300032E-07  6.662409E-07
 3.301500E+02  2.478004E-01  8.919898E-05  4.855533E-09  6.475467E-09  7.229653E-09  8.750518E-09  1.489572E-01  6.104277E-05  6.007461E-08  4.952357E-01  2.793960E-03  3.669677E-05  3.183399E-06  1.166262E-03  3.557198E-08  1.361765E-07  3.787220E-08  1.030442E-01  1.317095E-05  3.772373E-07  3.179833E-07  3.360096E-04  4.567568E-04  3.657126E-06  3.894026E-07  5.030018E-07  6.385406E-07
 3.311500E+02  2.483982E-01  8.857942E-05  4.738213E-09  6.320456E-09  7.056942E-09  8.543332E-09  1.489725E-01  6.007601E-05  5.692185E-08  4.958697E-01  2.756464E-03  3.491229E-05  3.110343E-06  1.149229E-03  3.402743E-08  1.305568E-07  3.666047E-08  1.018673E-01  1.266493E-05  3.672346E-07  3.093685E-07  3.312009E-04  4.502205E-04  3.475802E-06  3.695773E-07  4.775357E-07  6.121465E-07
 3.321500E+02  2.489865E-01  8.796493E-05  4.624237E-09  6.169827E-09  6.889103E-09  8.341944E-09  1.489874E-01  5.913133E-05  5.395391E-08  4.964935E-01  2.719663E-03  3.322412E-05  3.039372E-06  1.132538E-03  3.255905E-08  1.252024E-07  3.549407E-08  1.007089E-01  1.218102E-05  3.575460E-07  3.010293E-07  3.264906E-04  4.438181E-04  3.304488E-06  3.508782E-07  4.535093E-07  5.869908E-07
 3.331500E+02  2.495657E-01  8.735556E-05  4.513500E-09  6.023443E-09  6.725986E-09  8.146179E-09  1.490021E-01  5.820810E-05  5.115890E-08  4.971073E-01  2.683544E-03  3.162660E-05  2.970419E-06  1.116181E-03  3.116267E-08  1.200994E-07  3.437112E-08  9.956854E-02  1.171813E-05  3.481606E-07  2.929560E-07  3.218762E-04  4.375462E-04  3.142580E-06  3.332351E-07  4.308332E-07  5.630090E-07
 3.341500E+02  2.501357E-01  8.675133E-05  4.405903E-09  5.881175E-09  6.567447E-09  7.955863E-09  1.490164E-01  5.730572E-05  4.852577E-08  4.977113E-01  2.648089E-03  3.011440E-05  2.903417E-06  1.100150E-03  2.983440E-08  1.152346E-07  3.328979E-08  9.844607E-02  1.127527E-05  3.390678E-07  2.851392E-07  3.173554E-04  4.314017E-04  2.989513E-06  3.165827E-07  4.094243E-07  5.401407E-07
 3.351500E+02  2.506968E-01  8.615224E-05  4.301347E-09  5.742896E-09  6.413345E-09  7.770833E-09  1.490305E-01  5.642360E-05  4.604422E-08  4.983057E-01  2.613286E-03  2.868257E-05  2.838303E-06  1.084438E-03  2.857054E-08  1.105957E-07  3.224836E-08  9.734115E-02  1.085147E-05  3.302575E-07  2.775696E-07  3.129257E-04  4.253813E-04  2.844759E-06  3.008600E-07  3.892049E-07  5.183287E-07
 3.361500E+02  2.512491E-01  8.555832E-05  4.199739E-09  5.608483E-09  6.263545E-09  7.590927E-09  1.490442E-01  5.556119E-05  4.370468E-08  4.988907E-01  2.579120E-03  2.732644E-05  2.775014E-06  1.069036E-03  2.736764E-08  1.061709E-07  3.124518E-08  9.625348E-02  1.044583E-05  3.217198E-07  2.702387E-07  3.085850E-04  4.194820E-04  2.707823E-06  2.860100E-07  3.701025E-07  4.975189E-07
 3.371500E+02  2.517927E-01  8.496958E-05  4.100987E-09  5.477818E-09  6.117913E-09  7.415989E-09  1.490577E-01  5.471792E-05  4.149821E-08  4.994663E-01  2.545577E-03  2.604164E-05  2.713493E-06  1.053939E-03  2.622243E-08  1.019493E-07  3.027867E-08  9.518278E-02  1.005749E-05  3.134453E-07  2.631379E-07  3.043311E-04  4.137008E-04  2.578244E-06  2.719797E-07  3.520493E-07  4.776604E-07
 3.381500E+02  2.523278E-01  8.438603E-05  4.005004E-09  5.350786E-09  5.976324E-09  7.245870E-09  1.490709E-01  5.389328E-05  3.941651E-08  5.000328E-01  2.512644E-03  2.482407E-05  2.653681E-06  1.039138E-03  2.513185E-08  9.792044E-08  2.934733E-08  9.412875E-02  9.685622E-06  3.054250E-07  2.562593E-07  3.001618E-04  4.080348E-04  2.455588E-06  2.587194E-07  3.349822E-07  4.587050E-07
 3.391500E+02  2.528546E-01  8.380767E-05  3.911703E-09  5.227276E-09  5.838653E-09  7.080422E-09  1.490839E-01  5.308676E-05  3.745181E-08  5.005903E-01  2.480308E-03  2.366989E-05  2.595524E-06  1.024627E-03  2.409300E-08  9.407456E-08  2.844973E-08  9.309111E-02  9.329465E-06  2.976500E-07  2.495950E-07  2.960751E-04  4.024812E-04  2.339450E-06  2.461826E-07  3.188418E-07  4.406072E-07
 3.401500E+02  2.533732E-01  8.323450E-05  3.821002E-09  5.107180E-09  5.704781E-09  6.919505E-09  1.490966E-01  5.229784E-05  3.559689E-08  5.011390E-01  2.448556E-03  2.257550E-05  2.538969E-06  1.010399E-03  2.310315E-08  9.040236E-08  2.758448E-08  9.206959E-02  8.988278E-06  2.901120E-07  2.431375E-07  2.920689E-04  3.970372E-04  2.229451E-06  2.343261E-07  3.035730E-07  4.233239E-07
 3.411500E+02  2.538837E-01  8.266652E-05  3.732821E-09  4.990394E-09  5.574592E-09  6.762981E-09  1.491090E-01  5.152607E-05  3.384501E-08  5.016791E-01  2.417376E-03  2.153751E-05  2.483965E-06  9.964478E-04  2.215975E-08  8.689509E-08  2.675029E-08  9.106391E-02  8.661365E-06  2.828029E-07  2.368797E-07  2.881414E-04  3.917001E-04  2.125234E-06  2.231093E-07  2.891239E-07  4.068145E-07
 3.421500E+02  2.543863E-01  8.210373E-05  3.647083E-09  4.876817E-09  5.447974E-09  6.610719E-09  1.491212E-01  5.077096E-05  3.218986E-08  5.022106E-01  2.386755E-03  2.055273E-05  2.430462E-06  9.827666E-04  2.126036E-08  8.354448E-08  2.594588E-08  9.007381E-02  8.348063E-06  2.757149E-07  2.308146E-07  2.842907E-04  3.864675E-04  2.026467E-06  2.124943E-07  2.754463E-07  3.910406E-07
 3.431500E+02  2.548811E-01  8.154612E-05  3.563712E-09  4.766351E-09  5.324819E-09  6.462589E-09  1.491332E-01  5.003208E-05  3.062557E-08  5.027338E-01  2.356681E-03  1.961819E-05  2.378413E-06  9.693494E-04  2.040271E-08  8.034272E-08  2.517007E-08  8.909901E-02  8.047744E-06  2.688404E-07  2.249356E-07  2.805148E-04  3.813368E-04  1.932837E-06  2.024455E-07  2.624949E-07  3.759657E-07
 3.441500E+02  2.553682E-01  8.099368E-05  3.482637E-09  4.658903E-09  5.205022E-09  6.318468E-09  1.491449E-01  4.930899E-05  2.914665E-08  5.032488E-01  2.327143E-03  1.873108E-05  2.327772E-06  9.561901E-04  1.958464E-08  7.728242E-08  2.442171E-08  8.813926E-02  7.759809E-06  2.621722E-07  2.192362E-07  2.768120E-04  3.763055E-04  1.844050E-06  1.929299E-07  2.502271E-07  3.615555E-07
 3.451500E+02  2.558478E-01  8.044641E-05  3.403786E-09  4.554380E-09  5.088481E-09  6.178234E-09  1.491564E-01  4.860127E-05  2.774796E-08  5.037557E-01  2.298129E-03  1.788876E-05  2.278495E-06  9.432828E-04  1.880411E-08  7.435658E-08  2.369971E-08  8.719429E-02  7.483693E-06  2.557033E-07  2.137102E-07  2.731806E-04  3.713713E-04  1.759832E-06  1.839161E-07  2.386033E-07  3.477774E-07
 3.461500E+02  2.563200E-01  7.990428E-05  3.327092E-09  4.452693E-09  4.975097E-09  6.041772E-09  1.491677E-01  4.790850E-05  2.642472E-08  5.042547E-01  2.269629E-03  1.708877E-05  2.230539E-06  9.306218E-04  1.805921E-08  7.155861E-08  2.300301E-08  8.626386E-02  7.218856E-06  2.494271E-07  2.083518E-07  2.696188E-04  3.665319E-04  1.679924E-06  1.753753E-07  2.275863E-07  3.346005E-07
 3.471500E+02  2.567849E-01  7.936729E-05  3.252489E-09  4.353758E-09  4.864776E-09  5.908968E-09  1.491787E-01  4.723030E-05  2.517244E-08  5.047459E-01  2.241631E-03  1.632876E-05  2.183864E-06  9.182014E-04  1.734814E-08  6.888226E-08  2.233062E-08  8.534772E-02  6.964785E-06  2.433370E-07  2.031551E-07  2.661251E-04  3.617850E-04  1.604084E-06  1.672799E-07  2.171412E-07  3.219958E-07
 3.481500E+02  2.572427E-01  7.883542E-05  3.179914E-09  4.257491E-09  4.757424E-09  5.779713E-09  1.491896E-01  4.656629E-05  2.398693E-08  5.052295E-01  2.214126E-03  1.560655E-05  2.138428E-06  9.060161E-04  1.666917E-08  6.632160E-08  2.168158E-08  8.444562E-02  6.720995E-06  2.374268E-07  1.981147E-07  2.626978E-04  3.571284E-04  1.532085E-06  1.596045E-07  2.072353E-07  3.099355E-07
 3.491500E+02  2.576934E-01  7.830864E-05  3.109305E-09  4.163811E-09  4.652954E-09  5.653901E-09  1.492002E-01  4.591608E-05  2.286426E-08  5.057056E-01  2.187102E-03  1.492008E-05  2.094194E-06  8.940608E-04  1.602069E-08  6.387103E-08  2.105497E-08  8.355732E-02  6.487021E-06  2.316905E-07  1.932253E-07  2.593354E-04  3.525600E-04  1.463712E-06  1.523251E-07  1.978379E-07  2.983934E-07
 3.501500E+02  2.581372E-01  7.778693E-05  3.040603E-09  4.072642E-09  4.551277E-09  5.531429E-09  1.492106E-01  4.527932E-05  2.180075E-08  5.061743E-01  2.160549E-03  1.426741E-05  2.051125E-06  8.823301E-04  1.540118E-08  6.152526E-08  2.044991E-08  8.268258E-02  6.262425E-06  2.261223E-07  1.884817E-07  2.560363E-04  3.480779E-04  1.398765E-06  1.454191E-07  1.889203E-07  2.873449E-07
 3.511500E+02  2.585743E-01  7.727028E-05  2.973749E-09  3.983907E-09  4.452312E-09  5.412198E-09  1.492209E-01  4.465567E-05  2.079297E-08  5.066358E-01  2.134458E-03  1.364671E-05  2.009185E-06  8.708190E-04  1.480919E-08  5.927925E-08  1.986557E-08  8.182117E-02  6.046786E-06  2.207166E-07  1.838790E-07  2.527991E-04  3.436798E-04  1.337055E-06  1.388655E-07  1.804555E-07  2.767663E-07
 3.521500E+02  2.590047E-01  7.675866E-05  2.908688E-09  3.897533E-09  4.355976E-09  5.296113E-09  1.492309E-01  4.404478E-05  1.983770E-08  5.070902E-01  2.108820E-03  1.305627E-05  1.968340E-06  8.595226E-04  1.424336E-08  5.712827E-08  1.930114E-08  8.097286E-02  5.839708E-06  2.154681E-07  1.794126E-07  2.496224E-04  3.393640E-04  1.278405E-06  1.326444E-07  1.724180E-07  2.666354E-07
 3.531500E+02  2.594285E-01  7.625204E-05  2.845366E-09  3.813451E-09  4.262191E-09  5.183079E-09  1.492408E-01  4.344633E-05  1.893191E-08  5.075375E-01  2.083624E-03  1.249446E-05  1.928555E-06  8.484361E-04  1.370239E-08  5.506778E-08  1.875586E-08  8.013742E-02  5.640811E-06  2.103715E-07  1.750777E-07  2.465047E-04  3.351285E-04  1.222647E-06  1.267372E-07  1.647841E-07  2.569311E-07
 3.541500E+02  2.598460E-01  7.575040E-05  2.783732E-09  3.731592E-09  4.170881E-09  5.073007E-09  1.492504E-01  4.286001E-05  1.807278E-08  5.079780E-01  2.058862E-03  1.195976E-05  1.889800E-06  8.375548E-04  1.318507E-08  5.309353E-08  1.822898E-08  7.931464E-02  5.449734E-06  2.054220E-07  1.708701E-07  2.434447E-04  3.309714E-04  1.169625E-06  1.211265E-07  1.575314E-07  2.476333E-07
 3.551500E+02  2.602570E-01  7.525371E-05  2.723733E-09  3.651889E-09  4.081973E-09  4.965809E-09  1.492599E-01  4.228549E-05  1.725765E-08  5.084118E-01  2.034524E-03  1.145074E-05  1.852042E-06  8.268741E-04  1.269025E-08  5.120145E-08  1.771980E-08  7.850429E-02  5.266136E-06  2.006145E-07  1.667854E-07  2.404411E-04  3.268909E-04  1.119190E-06  1.157958E-07  1.506390E-07  2.387230E-07
 3.561500E+02  2.606619E-01  7.476194E-05  2.665321E-09  3.574279E-09  3.995395E-09  4.861401E-09  1.492692E-01  4.172249E-05  1.648403E-08  5.088390E-01  2.010602E-03  1.096603E-05  1.815252E-06  8.163896E-04  1.221682E-08  4.938772E-08  1.722765E-08  7.770616E-02  5.089687E-06  1.959446E-07  1.628196E-07  2.374926E-04  3.228854E-04  1.071204E-06  1.107297E-07  1.440870E-07  2.301822E-07
 3.571500E+02  2.610607E-01  7.427506E-05  2.608450E-09  3.498699E-09  3.911079E-09  4.759701E-09  1.492784E-01  4.117071E-05  1.574958E-08  5.092596E-01  1.987088E-03  1.050437E-05  1.779401E-06  8.060970E-04  1.176376E-08  4.764868E-08  1.675188E-08  7.692004E-02  4.920079E-06  1.914077E-07  1.589688E-07  2.345979E-04  3.189531E-04  1.025535E-06  1.059138E-07  1.378568E-07  2.219938E-07
 3.581500E+02  2.614534E-01  7.379304E-05  2.553072E-09  3.425091E-09  3.828958E-09  4.660629E-09  1.492873E-01  4.062988E-05  1.505211E-08  5.096738E-01  1.963972E-03  1.006455E-05  1.744461E-06  7.959919E-04  1.133009E-08  4.598088E-08  1.629187E-08  7.614573E-02  4.757014E-06  1.869995E-07  1.552291E-07  2.317558E-04  3.150923E-04  9.820604E-07  1.013343E-07  1.319311E-07  2.141415E-07
 3.591500E+02  2.618403E-01  7.331585E-05  2.499144E-09  3.353394E-09  3.748967E-09  4.564109E-09  1.492961E-01  4.009971E-05  1.438957E-08  5.100818E-01  1.941247E-03  9.645426E-06  1.710404E-06  7.860703E-04  1.091487E-08  4.438104E-08  1.584703E-08  7.538301E-02  4.600210E-06  1.827159E-07  1.515970E-07  2.289652E-04  3.113014E-04  9.406638E-07  9.697846E-08  1.262933E-07  2.066100E-07
 3.601500E+02  2.622213E-01  7.284345E-05  2.446623E-09  3.283554E-09  3.671043E-09  4.470066E-09  1.493048E-01  3.957996E-05  1.376001E-08  5.104836E-01  1.918906E-03  9.245934E-06  1.677204E-06  7.763282E-04  1.051722E-08  4.284603E-08  1.541678E-08  7.463169E-02  4.449398E-06  1.785528E-07  1.480688E-07  2.262249E-04  3.075789E-04  9.012355E-07  9.283419E-08  1.209280E-07  1.993845E-07
 3.611500E+02  2.625967E-01  7.237581E-05  2.395467E-09  3.215516E-09  3.595127E-09  4.378428E-09  1.493133E-01  3.907035E-05  1.316162E-08  5.108794E-01  1.896939E-03  8.865060E-06  1.644837E-06  7.667616E-04  1.013632E-08  4.137291E-08  1.500059E-08  7.389157E-02  4.304322E-06  1.745064E-07  1.446412E-07  2.235337E-04  3.039232E-04  8.636722E-07  8.889015E-08  1.158206E-07  1.924511E-07
 3.621500E+02  2.629665E-01  7.191289E-05  2.345636E-09  3.149226E-09  3.521159E-09  4.289126E-09  1.493216E-01  3.857064E-05  1.259269E-08  5.112691E-01  1.875340E-03  8.501848E-06  1.613277E-06  7.573667E-04  9.771380E-09  3.995887E-08  1.459792E-08  7.316246E-02  4.164737E-06  1.705729E-07  1.413109E-07  2.208906E-04  3.003329E-04  8.278766E-07  8.513562E-08  1.109575E-07  1.857967E-07
 3.631500E+02  2.633307E-01  7.145467E-05  2.297090E-09  3.084635E-09  3.449083E-09  4.202091E-09  1.493298E-01  3.808060E-05  1.205162E-08  5.116531E-01  1.854100E-03  8.155396E-06  1.582501E-06  7.481397E-04  9.421641E-09  3.860123E-08  1.420828E-08  7.244418E-02  4.030411E-06  1.667487E-07  1.380748E-07  2.182945E-04  2.968064E-04  7.937568E-07  8.156053E-08  1.063256E-07  1.794086E-07
 3.641500E+02  2.636896E-01  7.100109E-05  2.249793E-09  3.021692E-09  3.378843E-09  4.117259E-09  1.493378E-01  3.759997E-05  1.153690E-08  5.120313E-01  1.833214E-03  7.824853E-06  1.552486E-06  7.390771E-04  9.086397E-09  3.729746E-08  1.383119E-08  7.173652E-02  3.901122E-06  1.630303E-07  1.349298E-07  2.157444E-04  2.933424E-04  7.612261E-07  7.815541E-08  1.019128E-07  1.732749E-07
 3.651500E+02  2.640432E-01  7.055214E-05  2.203707E-09  2.960350E-09  3.310387E-09  4.034565E-09  1.493457E-01  3.712854E-05  1.104709E-08  5.124038E-01  1.812673E-03  7.509414E-06  1.523209E-06  7.301753E-04  8.764975E-09  3.604516E-08  1.346618E-08  7.103932E-02  3.776658E-06  1.594144E-07  1.318730E-07  2.132392E-04  2.899395E-04  7.302029E-07  7.491130E-08  9.770760E-08  1.673844E-07
 3.661500E+02  2.643915E-01  7.010777E-05  2.158798E-09  2.900562E-09  3.243662E-09  3.953949E-09  1.493535E-01  3.666608E-05  1.058087E-08  5.127708E-01  1.792471E-03  7.208316E-06  1.494651E-06  7.214308E-04  8.456734E-09  3.484202E-08  1.311282E-08  7.035239E-02  3.656817E-06  1.558978E-07  1.289015E-07  2.107780E-04  2.865963E-04  7.006098E-07  7.181977E-08  9.369923E-08  1.617260E-07
 3.671500E+02  2.647347E-01  6.966794E-05  2.115030E-09  2.842284E-09  3.178619E-09  3.875350E-09  1.493611E-01  3.621238E-05  1.013698E-08  5.131324E-01  1.772602E-03  6.920843E-06  1.466789E-06  7.128402E-04  8.161069E-09  3.368588E-08  1.277067E-08  6.967555E-02  3.541406E-06  1.524773E-07  1.260126E-07  2.083598E-04  2.833116E-04  6.723739E-07  6.887288E-08  8.987745E-08  1.562897E-07
 3.681500E+02  2.650728E-01  6.923261E-05  2.072372E-09  2.785471E-09  3.115210E-09  3.798712E-09  1.493686E-01  3.576723E-05  9.714233E-09  5.134886E-01  1.753057E-03  6.646312E-06  1.439603E-06  7.044002E-04  7.877402E-09  3.257467E-08  1.243933E-08  6.900864E-02  3.430242E-06  1.491499E-07  1.232037E-07  2.059837E-04  2.800841E-04  6.454265E-07  6.606313E-08  8.623264E-08  1.510656E-07
 3.691500E+02  2.654060E-01  6.880175E-05  2.030790E-09  2.730082E-09  3.053387E-09  3.723977E-09  1.493759E-01  3.533043E-05  9.311507E-09  5.138395E-01  1.733832E-03  6.384082E-06  1.413075E-06  6.961077E-04  7.605187E-09  3.150640E-08  1.211842E-08  6.835148E-02  3.323148E-06  1.459127E-07  1.204723E-07  2.036487E-04  2.769124E-04  6.197025E-07  6.338345E-08  8.275570E-08  1.460444E-07
 3.701500E+02  2.657344E-01  6.837532E-05  1.990254E-09  2.676075E-09  2.993105E-09  3.651093E-09  1.493832E-01  3.490177E-05  8.927752E-09  5.141853E-01  1.714919E-03  6.133543E-06  1.387186E-06  6.879595E-04  7.343905E-09  3.047921E-08  1.180755E-08  6.770390E-02  3.219958E-06  1.427628E-07  1.178158E-07  2.013540E-04  2.737956E-04  5.951404E-07  6.082716E-08  7.943807E-08  1.412173E-07
 3.711500E+02  2.660579E-01  6.795328E-05  1.950733E-09  2.623412E-09  2.934320E-09  3.580006E-09  1.493903E-01  3.448107E-05  8.561977E-09  5.145260E-01  1.696312E-03  5.894121E-06  1.361917E-06  6.799525E-04  7.093062E-09  2.949131E-08  1.150637E-08  6.706574E-02  3.120511E-06  1.396976E-07  1.152320E-07  1.990987E-04  2.707322E-04  5.716821E-07  5.838797E-08  7.627164E-08  1.365758E-07
 3.721500E+02  2.663768E-01  6.753559E-05  1.912199E-09  2.572054E-09  2.876989E-09  3.510666E-09  1.493972E-01  3.406814E-05  8.213246E-09  5.148617E-01  1.678006E-03  5.665270E-06  1.337251E-06  6.720838E-04  6.852188E-09  2.854100E-08  1.121452E-08  6.643684E-02  3.024655E-06  1.367145E-07  1.127184E-07  1.968820E-04  2.677213E-04  5.492726E-07  5.605992E-08  7.324876E-08  1.321119E-07
 3.731500E+02  2.666910E-01  6.712221E-05  1.874623E-09  2.521964E-09  2.821071E-09  3.443024E-09  1.494041E-01  3.366280E-05  7.880676E-09  5.151925E-01  1.659994E-03  5.446475E-06  1.313171E-06  6.643504E-04  6.620839E-09  2.762667E-08  1.093169E-08  6.581704E-02  2.932243E-06  1.338109E-07  1.102731E-07  1.947030E-04  2.647616E-04  5.278602E-07  5.383739E-08  7.036222E-08  1.278181E-07
