#         T/K            c1          c2-1          c3-4          c3-5          c3-7          c3-9            m1          m2-1          m3-1            w1            w2          w3-1          w3-2          c1m1        c1m2-1        c1m2-7        c2m1-1        c1w1-2        c1w2-1        c2w1-1        c2w1-9        m1w1-1        m1w1-4        m1w2-1        m2w1-1        m2w1-3      c1m1w1-1
 2.731500E+02  5.449697E-01  1.023066E-03  5.085015E-07  6.674205E-07  7.425583E-07  8.854085E-07  9.679527E-02  8.202702E-05  7.502727E-07  1.477869E-01  7.801745E-04  4.189018E-05  5.877640E-07  5.745211E-03  9.254524E-07  3.036703E-06  1.739323E-06  2.022003E-01  5.866786E-05  5.824969E-06  5.114939E-06  2.011750E-04  2.738535E-04  9.043318E-06  2.144613E-06  2.716180E-06  7.070924E-06
 2.741500E+02  5.463440E-01  1.008578E-03  4.871621E-07  6.396286E-07  7.116907E-07  8.488702E-07  9.686936E-02  8.009633E-05  6.925983E-07  1.490914E-01  7.745005E-04  3.967783E-05  5.783573E-07  5.609592E-03  8.644197E-07  2.845622E-06  1.649678E-06  1.996195E-01  5.594311E-05  5.606410E-06  4.918775E-06  1.981674E-04  2.697421E-04  8.497021E-06  1.997718E-06  2.531145E-06  6.669424E-06
 2.751500E+02  5.477003E-01  9.943943E-04  4.668694E-07  6.131910E-07  6.823251E-07  8.140992E-07  9.694122E-02  7.822421E-05  6.397299E-07  1.503800E-01  7.687462E-04  3.758526E-05  5.689964E-07  5.478112E-03  8.078190E-07  2.667849E-06  1.565276E-06  1.970697E-01  5.335266E-05  5.397071E-06  4.731056E-06  1.952048E-04  2.656932E-04  7.985661E-06  1.861650E-06  2.359678E-06  6.292782E-06
 2.761500E+02  5.490386E-01  9.805062E-04  4.475654E-07  5.880329E-07  6.543787E-07  7.809983E-07  9.701092E-02  7.640863E-05  5.912388E-07  1.516529E-01  7.629183E-04  3.560603E-05  5.596885E-07  5.350621E-03  7.553016E-07  2.502375E-06  1.485778E-06  1.945511E-01  5.088968E-05  5.196529E-06  4.551389E-06  1.922871E-04  2.617064E-04  7.506908E-06  1.735560E-06  2.200723E-06  5.939349E-06
 2.771500E+02  5.503591E-01  9.669061E-04  4.291954E-07  5.640843E-07  6.277738E-07  7.494767E-07  9.707854E-02  7.464764E-05  5.467368E-07  1.529100E-01  7.570235E-04  3.373401E-05  5.504403E-07  5.226979E-03  7.065484E-07  2.348276E-06  1.410867E-06  1.920636E-01  4.854768E-05  5.004381E-06  4.379396E-06  1.894142E-04  2.577814E-04  7.058597E-06  1.618672E-06  2.053311E-06  5.607591E-06
 2.781500E+02  5.516619E-01  9.535863E-04  4.117083E-07  5.412792E-07  6.024374E-07  7.194489E-07  9.714416E-02  7.293935E-05  5.058724E-07  1.541513E-01  7.510679E-04  3.196341E-05  5.412580E-07  5.107047E-03  6.612669E-07  2.204701E-06  1.340251E-06  1.896073E-01  4.632051E-05  4.820246E-06  4.214722E-06  1.865857E-04  2.539179E-04  6.638705E-06  1.510270E-06  1.916548E-06  5.296083E-06
 2.791500E+02  5.529469E-01  9.405394E-04  3.950561E-07  5.195557E-07  5.783010E-07  6.908346E-07  9.720784E-02  7.128194E-05  4.683267E-07  1.553768E-01  7.450577E-04  3.028872E-05  5.321473E-07  4.990695E-03  6.191887E-07  2.070868E-06  1.273657E-06  1.871822E-01  4.420234E-05  4.643760E-06  4.057027E-06  1.838014E-04  2.501154E-04  6.245353E-06  1.409700E-06  1.789617E-06  5.003497E-06
 2.801500E+02  5.542143E-01  9.277582E-04  3.791935E-07  4.988557E-07  5.553000E-07  6.635582E-07  9.726966E-02  6.967367E-05  4.338106E-07  1.565866E-01  7.389989E-04  2.870474E-05  5.231136E-07  4.877797E-03  5.800681E-07  1.946056E-06  1.210831E-06  1.847880E-01  4.218764E-05  4.474576E-06  3.905989E-06  1.810610E-04  2.463735E-04  5.876786E-06  1.316360E-06  1.671765E-06  4.728600E-06
 2.811500E+02  5.554643E-01  9.152358E-04  3.640783E-07  4.791245E-07  5.333740E-07  6.375489E-07  9.732968E-02  6.811284E-05  4.020618E-07  1.577807E-01  7.328971E-04  2.720651E-05  5.141619E-07  4.768232E-03  5.436793E-07  1.829604E-06  1.151536E-06  1.824249E-01  4.027114E-05  4.312365E-06  3.761302E-06  1.783642E-04  2.426917E-04  5.531369E-06  1.229695E-06  1.562301E-06  4.470241E-06
 2.821500E+02  5.566969E-01  9.029656E-04  3.496704E-07  4.603107E-07  5.124659E-07  6.127397E-07  9.738796E-02  6.659783E-05  3.728421E-07  1.589592E-01  7.267578E-04  2.578937E-05  5.052965E-07  4.661884E-03  5.098151E-07  1.720900E-06  1.095553E-06  1.800927E-01  3.844788E-05  4.156813E-06  3.622674E-06  1.757105E-04  2.390694E-04  5.207580E-06  1.149197E-06  1.460587E-06  4.227352E-06
 2.831500E+02  5.579123E-01  8.909410E-04  3.359323E-07  4.423659E-07  4.925221E-07  5.890678E-07  9.744456E-02  6.512708E-05  3.459350E-07  1.601221E-01  7.205862E-04  2.444888E-05  4.965218E-07  4.558640E-03  4.782850E-07  1.619383E-06  1.042675E-06  1.777913E-01  3.671312E-05  4.007623E-06  3.489829E-06  1.730996E-04  2.355061E-04  4.904000E-06  1.074398E-06  1.366038E-06  3.998935E-06
 2.841500E+02  5.591105E-01  8.791559E-04  3.228288E-07  4.252445E-07  4.734922E-07  5.664740E-07  9.749955E-02  6.369909E-05  3.211438E-07  1.612695E-01  7.143874E-04  2.318086E-05  4.878414E-07  4.458394E-03  4.489141E-07  1.524533E-06  9.927112E-07  1.755205E-01  3.506238E-05  3.864510E-06  3.362503E-06  1.705312E-04  2.320012E-04  4.619305E-06  1.004868E-06  1.278117E-06  3.784063E-06
 2.851500E+02  5.602918E-01  8.676042E-04  3.103265E-07  4.089037E-07  4.553286E-07  5.449025E-07  9.755297E-02  6.231241E-05  2.982896E-07  1.624015E-01  7.081663E-04  2.198132E-05  4.792589E-07  4.361043E-03  4.215416E-07  1.435873E-06  9.454838E-07  1.732803E-01  3.349142E-05  3.727203E-06  3.240446E-06  1.680047E-04  2.285541E-04  4.352262E-06  9.402098E-07  1.196326E-06  3.581870E-06
 2.861500E+02  5.614562E-01  8.562801E-04  2.983943E-07  3.933030E-07  4.379865E-07  5.243008E-07  9.760487E-02  6.096563E-05  2.772097E-07  1.635181E-01  7.019274E-04  2.084653E-05  4.707772E-07  4.266488E-03  3.960194E-07  1.352961E-06  9.008257E-07  1.710704E-01  3.199620E-05  3.595445E-06  3.123419E-06  1.655198E-04  2.251642E-04  4.101720E-06  8.800599E-07  1.120209E-06  3.391551E-06
 2.871500E+02  5.626038E-01  8.451778E-04  2.870026E-07  3.784045E-07  4.214237E-07  5.046192E-07  9.765532E-02  5.965741E-05  2.577557E-07  1.646195E-01  6.956753E-04  1.977291E-05  4.623992E-07  4.174632E-03  3.722114E-07  1.275391E-06  8.585816E-07  1.688907E-01  3.057290E-05  3.468991E-06  3.011195E-06  1.630760E-04  2.218309E-04  3.866608E-06  8.240820E-07  1.049346E-06  3.212352E-06
 2.881500E+02  5.637350E-01  8.342920E-04  2.761235E-07  3.641721E-07  4.056005E-07  4.858111E-07  9.770436E-02  5.838647E-05  2.397926E-07  1.657056E-01  6.894142E-04  1.875713E-05  4.541274E-07  4.085386E-03  3.499921E-07  1.202784E-06  8.186062E-07  1.667411E-01  2.921789E-05  3.347606E-06  2.903559E-06  1.606728E-04  2.185534E-04  3.645924E-06  7.719667E-07  9.833483E-07  3.043573E-06
 2.891500E+02  5.648497E-01  8.236172E-04  2.657310E-07  3.505721E-07  3.904793E-07  4.678324E-07  9.775203E-02  5.715154E-05  2.231973E-07  1.667768E-01  6.831482E-04  1.779598E-05  4.459639E-07  3.998660E-03  3.292459E-07  1.134795E-06  7.807639E-07  1.646212E-01  2.792774E-05  3.231068E-06  2.800305E-06  1.583098E-04  2.153310E-04  3.438737E-06  7.234290E-07  9.218587E-07  2.884561E-06
 2.901500E+02  5.659481E-01  8.131483E-04  2.558003E-07  3.375724E-07  3.760247E-07  4.506415E-07  9.779839E-02  5.595144E-05  2.078577E-07  1.678329E-01  6.768811E-04  1.688649E-05  4.379107E-07  3.914371E-03  3.098664E-07  1.071102E-06  7.449278E-07  1.625309E-01  2.669918E-05  3.119165E-06  2.701237E-06  1.559864E-04  2.121632E-04  3.244176E-06  6.782059E-07  8.645475E-07  2.734704E-06
 2.911500E+02  5.670305E-01  8.028803E-04  2.463081E-07  3.251431E-07  3.622033E-07  4.341990E-07  9.784347E-02  5.478500E-05  1.936712E-07  1.688743E-01  6.706168E-04  1.602579E-05  4.299694E-07  3.832436E-03  2.917553E-07  1.011407E-06  7.109795E-07  1.604700E-01  2.552913E-05  3.011694E-06  2.606170E-06  1.537022E-04  2.090491E-04  3.061430E-06  6.360551E-07  8.111106E-07  2.593433E-06
 2.921500E+02  5.680969E-01  7.928085E-04  2.372324E-07  3.132556E-07  3.489835E-07  4.184680E-07  9.788732E-02  5.365110E-05  1.805443E-07  1.699009E-01  6.643586E-04  1.521121E-05  4.221413E-07  3.752778E-03  2.748220E-07  9.554354E-07  6.788082E-07  1.584382E-01  2.441463E-05  2.908463E-06  2.514926E-06  1.514566E-04  2.059881E-04  2.889740E-06  5.967531E-07  7.612674E-07  2.460216E-06
 2.931500E+02  5.691476E-01  7.829280E-04  2.285524E-07  3.018831E-07  3.363357E-07  4.034133E-07  9.792998E-02  5.254868E-05  1.683916E-07  1.709129E-01  6.581100E-04  1.444021E-05  4.144278E-07  3.675320E-03  2.589828E-07  9.029325E-07  6.483100E-07  1.564354E-01  2.335293E-05  2.809287E-06  2.427336E-06  1.492492E-04  2.029795E-04  2.728401E-06  5.600933E-07  7.147585E-07  2.334557E-06
 2.941500E+02  5.701826E-01  7.732344E-04  2.202485E-07  2.910002E-07  3.242315E-07  3.890019E-07  9.797149E-02  5.147670E-05  1.571351E-07  1.719104E-01  6.518741E-04  1.371040E-05  4.068296E-07  3.599991E-03  2.441605E-07  8.536627E-07  6.193878E-07  1.544611E-01  2.234137E-05  2.713992E-06  2.343239E-06  1.470794E-04  2.000224E-04  2.576752E-06  5.258854E-07  6.713449E-07  2.215991E-06
 2.951500E+02  5.712023E-01  7.637232E-04  2.123022E-07  2.805828E-07  3.126444E-07  3.752025E-07  9.801188E-02  5.043417E-05  1.467034E-07  1.728937E-01  6.456539E-04  1.301951E-05  3.993476E-07  3.526721E-03  2.302838E-07  8.074074E-07  5.919508E-07  1.525153E-01  2.137745E-05  2.622411E-06  2.262482E-06  1.449467E-04  1.971163E-04  2.434177E-06  4.939534E-07  6.308053E-07  2.104084E-06
 2.961500E+02  5.722066E-01  7.543902E-04  2.046959E-07  2.706084E-07  3.015492E-07  3.619853E-07  9.805119E-02  4.942011E-05  1.370312E-07  1.738627E-01  6.394524E-04  1.236539E-05  3.919823E-07  3.455442E-03  2.172867E-07  7.639642E-07  5.659138E-07  1.505976E-01  2.045881E-05  2.534383E-06  2.184919E-06  1.428506E-04  1.942603E-04  2.300102E-06  4.641347E-07  5.929354E-07  1.998431E-06
 2.971500E+02  5.731959E-01  7.452311E-04  1.974131E-07  2.610554E-07  2.909223E-07  3.493225E-07  9.808945E-02  4.843361E-05  1.280587E-07  1.748176E-01  6.332723E-04  1.174603E-05  3.847340E-07  3.386089E-03  2.051082E-07  7.231453E-07  5.411970E-07  1.487077E-01  1.958319E-05  2.449758E-06  2.110410E-06  1.407905E-04  1.914537E-04  2.173989E-06  4.362791E-07  5.575465E-07  1.898654E-06
 2.981500E+02  5.741703E-01  7.362419E-04  1.904382E-07  2.519036E-07  2.807409E-07  3.371875E-07  9.812671E-02  4.747378E-05  1.197312E-07  1.757587E-01  6.271161E-04  1.115953E-05  3.776030E-07  3.318601E-03  1.936918E-07  6.847765E-07  5.177254E-07  1.468454E-01  1.874845E-05  2.368390E-06  2.038824E-06  1.387659E-04  1.886957E-04  2.055338E-06  4.102478E-07  5.244636E-07  1.804397E-06
 2.991500E+02  5.751299E-01  7.274187E-04  1.837562E-07  2.431338E-07  2.709839E-07  3.255551E-07  9.816298E-02  4.653975E-05  1.119984E-07  1.766859E-01  6.209861E-04  1.060406E-05  3.705893E-07  3.252918E-03  1.829854E-07  6.486961E-07  4.954290E-07  1.450104E-01  1.795256E-05  2.290140E-06  1.970034E-06  1.367762E-04  1.859856E-04  1.943679E-06  3.859123E-07  4.935253E-07  1.715330E-06
 3.001500E+02  5.760750E-01  7.187577E-04  1.773532E-07  2.347278E-07  2.616310E-07  3.144018E-07  9.819831E-02  4.563070E-05  1.048145E-07  1.775996E-01  6.148848E-04  1.007794E-05  3.636927E-07  3.188981E-03  1.729406E-07  6.147541E-07  4.742419E-07  1.432023E-01  1.719362E-05  2.214878E-06  1.903919E-06  1.348210E-04  1.833227E-04  1.838576E-06  3.631539E-07  4.645820E-07  1.631142E-06
 3.011500E+02  5.770057E-01  7.102551E-04  1.712160E-07  2.266683E-07  2.526633E-07  3.037048E-07  9.823272E-02  4.474583E-05  9.813720E-08  1.784997E-01  6.088143E-04  9.579544E-06  3.569130E-07  3.126735E-03  1.635125E-07  5.828109E-07  4.541024E-07  1.414210E-01  1.646979E-05  2.142475E-06  1.840364E-06  1.328997E-04  1.807063E-04  1.739618E-06  3.418624E-07  4.374952E-07  1.551542E-06
 3.021500E+02  5.779223E-01  7.019075E-04  1.653318E-07  2.189392E-07  2.440625E-07  2.934430E-07  9.826624E-02  4.388437E-05  9.192785E-08  1.793865E-01  6.027765E-04  9.107367E-06  3.502499E-07  3.066127E-03  1.546597E-07  5.527370E-07  4.349524E-07  1.396660E-01  1.577935E-05  2.072813E-06  1.779259E-06  1.310118E-04  1.781355E-04  1.646425E-06  3.219362E-07  4.121366E-07  1.476260E-06
 3.031500E+02  5.788248E-01  6.937111E-04  1.596889E-07  2.115248E-07  2.358115E-07  2.835960E-07  9.829890E-02  4.304558E-05  8.615090E-08  1.802602E-01  5.967734E-04  8.659968E-06  3.437027E-07  3.007104E-03  1.463436E-07  5.244119E-07  4.167374E-07  1.379371E-01  1.512065E-05  2.005777E-06  1.720501E-06  1.291567E-04  1.756096E-04  1.558639E-06  3.032810E-07  3.883874E-07  1.405039E-06
 3.041500E+02  5.797135E-01  6.856628E-04  1.542760E-07  2.044107E-07  2.278942E-07  2.741447E-07  9.833072E-02  4.222873E-05  8.077370E-08  1.811209E-01  5.908067E-04  8.235995E-06  3.372709E-07  2.949617E-03  1.385286E-07  4.977235E-07  3.994063E-07  1.362341E-01  1.449214E-05  1.941257E-06  1.663989E-06  1.273339E-04  1.731279E-04  1.475925E-06  2.858094E-07  3.661376E-07  1.337642E-06
 3.051500E+02  5.805885E-01  6.777590E-04  1.490823E-07  1.975829E-07  2.202950E-07  2.650710E-07  9.836174E-02  4.143315E-05  7.576626E-08  1.819686E-01  5.848781E-04  7.834167E-06  3.309538E-07  2.893617E-03  1.311814E-07  4.725677E-07  3.829110E-07  1.345564E-01  1.389235E-05  1.879148E-06  1.609628E-06  1.255429E-04  1.706897E-04  1.397972E-06  2.694404E-07  3.452851E-07  1.273844E-06
 3.061500E+02  5.814501E-01  6.699967E-04  1.440977E-07  1.910282E-07  2.129994E-07  2.563576E-07  9.839197E-02  4.065816E-05  7.110098E-08  1.828037E-01  5.789892E-04  7.453277E-06  3.247504E-07  2.839059E-03  1.242714E-07  4.488472E-07  3.672062E-07  1.329040E-01  1.331986E-05  1.819350E-06  1.557328E-06  1.237832E-04  1.682943E-04  1.324487E-06  2.540990E-07  3.257351E-07  1.213438E-06
 3.071500E+02  5.822985E-01  6.623727E-04  1.393126E-07  1.847341E-07  2.059935E-07  2.479881E-07  9.842143E-02  3.990313E-05  6.675248E-08  1.836262E-01  5.731413E-04  7.092186E-06  3.186601E-07  2.785898E-03  1.177700E-07  4.264719E-07  3.522494E-07  1.312764E-01  1.277335E-05  1.761768E-06  1.507002E-06  1.220542E-04  1.659408E-04  1.255197E-06  2.397156E-07  3.073998E-07  1.156226E-06
 3.081500E+02  5.831337E-01  6.548839E-04  1.347178E-07  1.786889E-07  1.992641E-07  2.399470E-07  9.845017E-02  3.916742E-05  6.269741E-08  1.844364E-01  5.673357E-04  6.749815E-06  3.126816E-07  2.734090E-03  1.116506E-07  4.053574E-07  3.380007E-07  1.296733E-01  1.225157E-05  1.706310E-06  1.458566E-06  1.203553E-04  1.636287E-04  1.189847E-06  2.262256E-07  2.901978E-07  1.102023E-06
 3.091500E+02  5.839560E-01  6.475273E-04  1.303048E-07  1.728812E-07  1.927988E-07  2.322195E-07  9.847818E-02  3.845046E-05  5.891427E-08  1.852343E-01  5.615738E-04  6.425150E-06  3.068140E-07  2.683595E-03  1.058885E-07  3.854254E-07  3.244223E-07  1.280945E-01  1.175330E-05  1.652890E-06  1.411943E-06  1.186862E-04  1.613572E-04  1.128197E-06  2.135691E-07  2.740533E-07  1.050658E-06
 3.101500E+02  5.847656E-01  6.403001E-04  1.260653E-07  1.673004E-07  1.865857E-07  2.247917E-07  9.850551E-02  3.775166E-05  5.538323E-08  1.860202E-01  5.558567E-04  6.117229E-06  3.010562E-07  2.634372E-03  1.004607E-07  3.666026E-07  3.114787E-07  1.265395E-01  1.127742E-05  1.601424E-06  1.367056E-06  1.170463E-04  1.591255E-04  1.070024E-06  2.016905E-07  2.588961E-07  1.001968E-06
 3.111500E+02  5.855626E-01  6.331995E-04  1.219914E-07  1.619363E-07  1.806135E-07  2.176501E-07  9.853216E-02  3.707046E-05  5.208603E-08  1.867941E-01  5.501854E-04  5.825146E-06  2.954069E-07  2.586382E-03  9.534599E-08  3.488208E-07  2.991368E-07  1.250082E-01  1.082284E-05  1.551833E-06  1.323834E-06  1.154351E-04  1.569331E-04  1.015117E-06  1.905380E-07  2.446609E-07  9.558008E-07
 3.121500E+02  5.863473E-01  6.262227E-04  1.180759E-07  1.567792E-07  1.748716E-07  2.107822E-07  9.855816E-02  3.640633E-05  4.900583E-08  1.875563E-01  5.445608E-04  5.548046E-06  2.898650E-07  2.539588E-03  9.052440E-08  3.320164E-07  2.873648E-07  1.235001E-01  1.038855E-05  1.504039E-06  1.282208E-06  1.138520E-04  1.547791E-04  9.632805E-07  1.800636E-07  2.312870E-07  9.120137E-07
 3.131500E+02  5.871198E-01  6.193670E-04  1.143116E-07  1.518201E-07  1.693497E-07  2.041760E-07  9.858352E-02  3.575875E-05  4.612709E-08  1.883069E-01  5.389838E-04  5.285120E-06  2.844291E-07  2.493954E-03  8.597743E-08  3.161300E-07  2.761333E-07  1.220150E-01  9.973555E-06  1.457972E-06  1.242113E-06  1.122966E-04  1.526630E-04  9.143307E-07  1.702229E-07  2.187180E-07  8.704725E-07
 3.141500E+02  5.878803E-01  6.126298E-04  1.106918E-07  1.470502E-07  1.640382E-07  1.978199E-07  9.860827E-02  3.512722E-05  4.343547E-08  1.890461E-01  5.334553E-04  5.035605E-06  2.790979E-07  2.449446E-03  8.168786E-08  3.011059E-07  2.654143E-07  1.205525E-01  9.576949E-06  1.413560E-06  1.203484E-06  1.107685E-04  1.505840E-04  8.680954E-07  1.609742E-07  2.069015E-07  8.310512E-07
 3.151500E+02  5.886289E-01  6.060087E-04  1.072102E-07  1.424613E-07  1.589279E-07  1.917032E-07  9.863243E-02  3.451125E-05  4.091773E-08  1.897740E-01  5.279759E-04  4.798780E-06  2.738701E-07  2.406029E-03  7.763963E-08  2.868925E-07  2.551814E-07  1.191123E-01  9.197848E-06  1.370739E-06  1.166264E-06  1.092671E-04  1.485415E-04  8.244131E-07  1.522790E-07  1.957887E-07  7.936315E-07
 3.161500E+02  5.893659E-01  5.995011E-04  1.038608E-07  1.380454E-07  1.540101E-07  1.858154E-07  9.865601E-02  3.391039E-05  3.856164E-08  1.904908E-01  5.225463E-04  4.573964E-06  2.687441E-07  2.363672E-03  7.381775E-08  2.734412E-07  2.454099E-07  1.176941E-01  8.835421E-06  1.329443E-06  1.130394E-06  1.077919E-04  1.465348E-04  7.831326E-07  1.441014E-07  1.853341E-07  7.581020E-07
 3.171500E+02  5.900914E-01  5.931046E-04  1.006377E-07  1.337950E-07  1.492764E-07  1.801467E-07  9.867902E-02  3.332417E-05  3.635588E-08  1.911966E-01  5.171670E-04  4.360516E-06  2.637187E-07  2.322343E-03  7.020826E-08  2.607068E-07  2.360761E-07  1.162976E-01  8.488875E-06  1.289612E-06  1.095819E-06  1.063424E-04  1.445633E-04  7.441122E-07  1.364080E-07  1.754954E-07  7.243582E-07
 3.181500E+02  5.908056E-01  5.868170E-04  9.753555E-08  1.297032E-07  1.447189E-07  1.746879E-07  9.870149E-02  3.275217E-05  3.429001E-08  1.918917E-01  5.118386E-04  4.157827E-06  2.587924E-07  2.282011E-03  6.679814E-08  2.486470E-07  2.271581E-07  1.149225E-01  8.157461E-06  1.251189E-06  1.062488E-06  1.049183E-04  1.426263E-04  7.072191E-07  1.291678E-07  1.662334E-07  6.923016E-07
 3.191500E+02  5.915087E-01  5.806358E-04  9.454911E-08  1.257629E-07  1.403301E-07  1.694298E-07  9.872342E-02  3.219397E-05  3.235434E-08  1.925761E-01  5.065615E-04  3.965323E-06  2.539635E-07  2.242648E-03  6.357522E-08  2.372220E-07  2.186349E-07  1.135685E-01  7.840462E-06  1.214116E-06  1.030350E-06  1.035191E-04  1.407233E-04  6.723286E-07  1.223518E-07  1.575113E-07  6.618398E-07
 3.201500E+02  5.922008E-01  5.745589E-04  9.167343E-08  1.219679E-07  1.361028E-07  1.643641E-07  9.874485E-02  3.164915E-05  3.053993E-08  1.932501E-01  5.013361E-04  3.782464E-06  2.492308E-07  2.204225E-03  6.052816E-08  2.263948E-07  2.104867E-07  1.122352E-01  7.537202E-06  1.178342E-06  9.993569E-07  1.021442E-04  1.388535E-04  6.393238E-07  1.159330E-07  1.492950E-07  6.328857E-07
 3.211500E+02  5.928821E-01  5.685841E-04  8.890378E-08  1.183119E-07  1.320301E-07  1.594826E-07  9.876577E-02  3.111733E-05  2.883849E-08  1.939137E-01  4.961628E-04  3.608737E-06  2.445926E-07  2.166716E-03  5.764634E-08  2.161307E-07  2.026950E-07  1.109224E-01  7.247036E-06  1.143815E-06  9.694638E-07  1.007932E-04  1.370164E-04  6.080953E-07  1.098863E-07  1.415526E-07  6.053574E-07
 3.221500E+02  5.935528E-01  5.627093E-04  8.623566E-08  1.147891E-07  1.281056E-07  1.547776E-07  9.878621E-02  3.059814E-05  2.724233E-08  1.945671E-01  4.910417E-04  3.443658E-06  2.400475E-07  2.130093E-03  5.491987E-08  2.063971E-07  1.952421E-07  1.096297E-01  6.969351E-06  1.110486E-06  9.406265E-07  9.946583E-05  1.352113E-04  5.785399E-07  1.041883E-07  1.342545E-07  5.791779E-07
 3.231500E+02  5.942130E-01  5.569324E-04  8.366481E-08  1.113939E-07  1.243231E-07  1.502419E-07  9.880617E-02  3.009119E-05  2.574436E-08  1.952105E-01  4.859731E-04  3.286771E-06  2.355939E-07  2.094331E-03  5.233948E-08  1.971637E-07  1.881113E-07  1.083569E-01  6.703565E-06  1.078309E-06  9.128032E-07  9.816148E-05  1.334377E-04  5.505614E-07  9.881710E-08  1.273728E-07  5.542744E-07
 3.241500E+02  5.948630E-01  5.512515E-04  8.118713E-08  1.081210E-07  1.206766E-07  1.458682E-07  9.882568E-02  2.959614E-05  2.433796E-08  1.958440E-01  4.809572E-04  3.137645E-06  2.312303E-07  2.059406E-03  4.989651E-08  1.884018E-07  1.812869E-07  1.071036E-01  6.449125E-06  1.047238E-06  8.859538E-07  9.687978E-05  1.316950E-04  5.240689E-07  9.375235E-08  1.208818E-07  5.305787E-07
 3.251500E+02  5.955028E-01  5.456644E-04  7.879875E-08  1.049653E-07  1.171605E-07  1.416501E-07  9.884473E-02  2.911265E-05  2.301703E-08  1.964679E-01  4.759941E-04  2.995870E-06  2.269551E-07  2.025293E-03  4.758285E-08  1.800846E-07  1.747540E-07  1.058696E-01  6.205505E-06  1.017231E-06  8.600401E-07  9.562031E-05  1.299826E-04  4.989775E-07  8.897504E-08  1.147574E-07  5.080262E-07
 3.261500E+02  5.961326E-01  5.401694E-04  7.649595E-08  1.019219E-07  1.137695E-07  1.375810E-07  9.886336E-02  2.864039E-05  2.177588E-08  1.970821E-01  4.710839E-04  2.861062E-06  2.227668E-07  1.991971E-03  4.539094E-08  1.721871E-07  1.684985E-07  1.046545E-01  5.972205E-06  9.882475E-07  8.350253E-07  9.438265E-05  1.283000E-04  4.752072E-07  8.446743E-08  1.089769E-07  4.865564E-07
 3.271500E+02  5.967527E-01  5.347645E-04  7.427521E-08  9.898633E-08  1.104983E-07  1.336550E-07  9.888156E-02  2.817904E-05  2.060924E-08  1.976870E-01  4.662267E-04  2.732856E-06  2.186639E-07  1.959416E-03  4.331367E-08  1.646857E-07  1.625071E-07  1.034580E-01  5.748749E-06  9.602474E-07  8.108744E-07  9.316640E-05  1.266465E-04  4.526830E-07  8.021295E-08  1.035195E-07  4.661120E-07
 3.281500E+02  5.973630E-01  5.294479E-04  7.213315E-08  9.615410E-08  1.073422E-07  1.298662E-07  9.889936E-02  2.772828E-05  1.951223E-08  1.982825E-01  4.614223E-04  2.610907E-06  2.146449E-07  1.927606E-03  4.134440E-08  1.575583E-07  1.567670E-07  1.022800E-01  5.534686E-06  9.331933E-07  7.875537E-07  9.197116E-05  1.250216E-04  4.313343E-07  7.619613E-08  9.836534E-08  4.466390E-07
 3.291500E+02  5.979639E-01  5.242179E-04  7.006656E-08  9.342103E-08  1.042964E-07  1.262090E-07  9.891675E-02  2.728782E-05  1.848029E-08  1.988689E-01  4.566709E-04  2.494891E-06  2.107081E-07  1.896522E-03  3.947691E-08  1.507840E-07  1.512665E-07  1.011200E-01  5.329585E-06  9.070491E-07  7.650311E-07  9.079652E-05  1.234248E-04  4.110948E-07  7.240250E-08  9.349617E-08  4.280867E-07
 3.301500E+02  5.985555E-01  5.190726E-04  6.807238E-08  9.078311E-08  1.013565E-07  1.226783E-07  9.893376E-02  2.685737E-05  1.750920E-08  1.994464E-01  4.519723E-04  2.384498E-06  2.068522E-07  1.866142E-03  3.770536E-08  1.443435E-07  1.459940E-07  9.997783E-02  5.133037E-06  8.817803E-07  7.432758E-07  8.964211E-05  1.218556E-04  3.919023E-07  6.881855E-08  8.889478E-08  4.104069E-07
 3.311500E+02  5.991378E-01  5.140105E-04  6.614767E-08  8.823652E-08  9.851820E-08  1.192689E-07  9.895039E-02  2.643665E-05  1.659504E-08  2.000149E-01  4.473264E-04  2.279439E-06  2.030756E-07  1.836448E-03  3.602427E-08  1.382183E-07  1.409389E-07  9.885317E-02  4.944654E-06  8.573537E-07  7.222582E-07  8.850754E-05  1.203134E-04  3.736983E-07  6.543166E-08  8.454511E-08  3.935546E-07
 3.321500E+02  5.997111E-01  5.090297E-04  6.428963E-08  8.577759E-08  9.577751E-08  1.159760E-07  9.896666E-02  2.602538E-05  1.573413E-08  2.005748E-01  4.427331E-04  2.179437E-06  1.993768E-07  1.807421E-03  3.442853E-08  1.323914E-07  1.360911E-07  9.774574E-02  4.764065E-06  8.337377E-07  7.019502E-07  8.739244E-05  1.187977E-04  3.564275E-07  6.223001E-08  8.043214E-08  3.774868E-07
 3.331500E+02  6.002756E-01  5.041288E-04  6.249561E-08  8.340285E-08  9.313052E-08  1.127950E-07  9.898256E-02  2.562332E-05  1.492309E-08  2.011261E-01  4.381922E-04  2.084232E-06  1.957543E-07  1.779041E-03  3.291333E-08  1.268463E-07  1.314408E-07  9.665529E-02  4.590917E-06  8.109017E-07  6.823246E-07  8.629644E-05  1.173081E-04  3.400384E-07  5.920254E-08  7.654182E-08  3.621633E-07
 3.341500E+02  6.008312E-01  4.993061E-04  6.076305E-08  8.110895E-08  9.057353E-08  1.097216E-07  9.899812E-02  2.523020E-05  1.415875E-08  2.016690E-01  4.337035E-04  1.993578E-06  1.922067E-07  1.751292E-03  3.147414E-08  1.215681E-07  1.269789E-07  9.558152E-02  4.424876E-06  7.888166E-07  6.633555E-07  8.521918E-05  1.158440E-04  3.244820E-07  5.633893E-08  7.286098E-08  3.475461E-07
 3.351500E+02  6.013783E-01  4.945601E-04  5.908952E-08  7.889272E-08  8.810299E-08  1.067514E-07  9.901334E-02  2.484577E-05  1.343816E-08  2.022036E-01  4.292668E-04  1.907242E-06  1.887324E-07  1.724157E-03  3.010674E-08  1.165422E-07  1.226968E-07  9.452418E-02  4.265623E-06  7.674544E-07  6.450180E-07  8.416031E-05  1.144049E-04  3.097126E-07  5.362948E-08  6.937731E-08  3.335990E-07
 3.361500E+02  6.019170E-01  4.898893E-04  5.747269E-08  7.675111E-08  8.571551E-08  1.038805E-07  9.902824E-02  2.446981E-05  1.275858E-08  2.027300E-01  4.248819E-04  1.825004E-06  1.853301E-07  1.697618E-03  2.880713E-08  1.117553E-07  1.185861E-07  9.348301E-02  4.112853E-06  7.467884E-07  6.272884E-07  8.311947E-05  1.129903E-04  2.956870E-07  5.106513E-08  6.607926E-08  3.202883E-07
 3.371500E+02  6.024473E-01  4.852922E-04  5.591034E-08  7.468120E-08  8.340787E-08  1.011050E-07  9.904281E-02  2.410208E-05  1.211744E-08  2.032484E-01  4.205486E-04  1.746655E-06  1.819983E-07  1.671659E-03  2.757159E-08  1.071946E-07  1.146392E-07  9.245773E-02  3.966278E-06  7.267926E-07  6.101437E-07  8.209632E-05  1.115999E-04  2.823646E-07  4.863740E-08  6.295603E-08  3.075817E-07
 3.381500E+02  6.029694E-01  4.807673E-04  5.440034E-08  7.268022E-08  8.117696E-08  9.842132E-08  9.905707E-02  2.374235E-05  1.151235E-08  2.037589E-01  4.162664E-04  1.671997E-06  1.787357E-07  1.646266E-03  2.639659E-08  1.028482E-07  1.108485E-07  9.144809E-02  3.825623E-06  7.074425E-07  5.935622E-07  8.109053E-05  1.102331E-04  2.697071E-07  4.633833E-08  5.999749E-08  2.954490E-07
 3.391500E+02  6.034835E-01  4.763133E-04  5.294066E-08  7.074551E-08  7.901984E-08  9.582584E-08  9.907103E-02  2.339042E-05  1.094109E-08  2.042616E-01  4.120351E-04  1.600845E-06  1.755407E-07  1.621423E-03  2.527884E-08  9.870487E-08  1.072070E-07  9.045384E-02  3.690624E-06  6.887144E-07  5.775227E-07  8.010177E-05  1.088894E-04  2.576786E-07  4.416046E-08  5.719413E-08  2.838614E-07
 3.401500E+02  6.039897E-01  4.719288E-04  5.152936E-08  6.887452E-08  7.693366E-08  9.331521E-08  9.908469E-02  2.304607E-05  1.040159E-08  2.047567E-01  4.078545E-04  1.533020E-06  1.724121E-07  1.597115E-03  2.421524E-08  9.475393E-08  1.037080E-07  8.947472E-02  3.561033E-06  6.705855E-07  5.620053E-07  7.912970E-05  1.075685E-04  2.462450E-07  4.209681E-08  5.453704E-08  2.727918E-07
 3.411500E+02  6.044881E-01  4.676124E-04  5.016457E-08  6.706481E-08  7.491572E-08  9.088623E-08  9.909806E-02  2.270910E-05  9.891894E-09  2.052442E-01  4.037241E-04  1.468356E-06  1.693485E-07  1.573328E-03  2.320285E-08  9.098541E-08  1.003452E-07  8.851049E-02  3.436611E-06  6.530340E-07  5.469905E-07  7.817403E-05  1.062700E-04  2.353743E-07  4.014083E-08  5.201788E-08  2.622145E-07
 3.421500E+02  6.049788E-01  4.633629E-04  4.884452E-08  6.531406E-08  7.296343E-08  8.853580E-08  9.911115E-02  2.237932E-05  9.410203E-09  2.057244E-01  3.996436E-04  1.406695E-06  1.663486E-07  1.550049E-03  2.223894E-08  8.738988E-08  9.711253E-08  8.756090E-02  3.317131E-06  6.360390E-07  5.324598E-07  7.723442E-05  1.049932E-04  2.250366E-07  3.828635E-08  4.962880E-08  2.521053E-07
 3.431500E+02  6.054621E-01  4.591789E-04  4.756751E-08  6.362002E-08  7.107431E-08  8.626097E-08  9.912397E-02  2.205653E-05  8.954824E-09  2.061972E-01  3.956126E-04  1.347885E-06  1.634110E-07  1.527263E-03  2.132091E-08  8.395845E-08  9.400421E-08  8.662571E-02  3.202379E-06  6.195803E-07  5.183956E-07  7.631058E-05  1.037380E-04  2.152032E-07  3.652763E-08  4.736244E-08  2.424412E-07
 3.441500E+02  6.059379E-01  4.550591E-04  4.633190E-08  6.198058E-08  6.924598E-08  8.405891E-08  9.913652E-02  2.174055E-05  8.524174E-09  2.066629E-01  3.916308E-04  1.291786E-06  1.605344E-07  1.504960E-03  2.044633E-08  8.068272E-08  9.101481E-08  8.570469E-02  3.092147E-06  6.036388E-07  5.047807E-07  7.540221E-05  1.025037E-04  2.058476E-07  3.485923E-08  4.521189E-08  2.332005E-07
 3.451500E+02  6.064065E-01  4.510024E-04  4.513615E-08  6.039368E-08  6.747616E-08  8.192692E-08  9.914881E-02  2.143121E-05  8.116777E-09  2.071216E-01  3.876977E-04  1.238262E-06  1.577176E-07  1.483124E-03  1.961290E-08  7.755477E-08  8.813912E-08  8.479760E-02  2.986240E-06  5.881957E-07  4.915988E-07  7.450901E-05  1.012902E-04  1.969443E-07  3.327608E-08  4.317067E-08  2.243625E-07
 3.461500E+02  6.068679E-01  4.470076E-04  4.397874E-08  5.885736E-08  6.576268E-08  7.986239E-08  9.916085E-02  2.112832E-05  7.731251E-09  2.075734E-01  3.838129E-04  1.187185E-06  1.549593E-07  1.461746E-03  1.881847E-08  7.456714E-08  8.537220E-08  8.390420E-02  2.884471E-06  5.732334E-07  4.788342E-07  7.363068E-05  1.000968E-04  1.884696E-07  3.177341E-08  4.123269E-08  2.159078E-07
 3.471500E+02  6.073224E-01  4.430735E-04  4.285826E-08  5.736975E-08  6.410346E-08  7.786284E-08  9.917265E-02  2.083173E-05  7.366302E-09  2.080183E-01  3.799761E-04  1.138436E-06  1.522583E-07  1.440812E-03  1.806100E-08  7.171275E-08  8.270936E-08  8.302428E-02  2.786662E-06  5.587347E-07  4.664718E-07  7.276696E-05  9.892336E-05  1.804010E-07  3.034672E-08  3.939220E-08  2.078179E-07
 3.481500E+02  6.077699E-01  4.391989E-04  4.177333E-08  5.592904E-08  6.249648E-08  7.592589E-08  9.918420E-02  2.054127E-05  7.020722E-09  2.084566E-01  3.761868E-04  1.091900E-06  1.496134E-07  1.420312E-03  1.733857E-08  6.898494E-08  8.014610E-08  8.215760E-02  2.692642E-06  5.446832E-07  4.544971E-07  7.191756E-05  9.776938E-05  1.727172E-07  2.899180E-08  3.764383E-08  2.000753E-07
 3.491500E+02  6.082106E-01  4.353828E-04  4.072263E-08  5.453352E-08  6.093983E-08  7.404925E-08  9.919552E-02  2.025677E-05  6.693378E-09  2.088883E-01  3.724446E-04  1.047467E-06  1.470233E-07  1.400234E-03  1.664936E-08  6.637741E-08  7.767818E-08  8.130395E-02  2.602250E-06  5.310632E-07  4.428963E-07  7.108221E-05  9.663450E-05  1.653983E-07  2.770469E-08  3.598251E-08  1.926634E-07
 3.501500E+02  6.086447E-01  4.316240E-04  3.970492E-08  5.318154E-08  5.943168E-08  7.223073E-08  9.920661E-02  1.997810E-05  6.383209E-09  2.093135E-01  3.687490E-04  1.005036E-06  1.444869E-07  1.380568E-03  1.599167E-08  6.388419E-08  7.530153E-08  8.046311E-02  2.515330E-06  5.178594E-07  4.316560E-07  7.026063E-05  9.551836E-05  1.584254E-07  2.648167E-08  3.440349E-08  1.855666E-07
 3.511500E+02  6.090722E-01  4.279214E-04  3.871898E-08  5.187150E-08  5.797026E-08  7.046823E-08  9.921748E-02  1.970510E-05  6.089222E-09  2.097323E-01  3.650996E-04  9.645078E-07  1.420031E-07  1.361302E-03  1.536389E-08  6.149967E-08  7.301228E-08  7.963487E-02  2.431736E-06  5.050574E-07  4.207634E-07  6.945257E-05  9.442061E-05  1.517806E-07  2.531923E-08  3.290229E-08  1.787698E-07
 3.521500E+02  6.094933E-01  4.242741E-04  3.776366E-08  5.060190E-08  5.655388E-08  6.875973E-08  9.922813E-02  1.943762E-05  5.810486E-09  2.101449E-01  3.614959E-04  9.257912E-07  1.395707E-07  1.342429E-03  1.476450E-08  5.921851E-08  7.080676E-08  7.881901E-02  2.351326E-06  4.926430E-07  4.102062E-07  6.865778E-05  9.334090E-05  1.454470E-07  2.421406E-08  3.147468E-08  1.722590E-07
 3.531500E+02  6.099080E-01  4.206809E-04  3.683785E-08  4.937127E-08  5.518092E-08  6.710331E-08  9.923857E-02  1.917553E-05  5.546129E-09  2.105513E-01  3.579374E-04  8.887982E-07  1.371885E-07  1.323936E-03  1.419206E-08  5.703567E-08  6.868145E-08  7.801533E-02  2.273967E-06  4.806028E-07  3.999725E-07  6.787599E-05  9.227888E-05  1.394088E-07  2.316308E-08  3.011671E-08  1.660208E-07
 3.541500E+02  6.103165E-01  4.171410E-04  3.594049E-08  4.817822E-08  5.384984E-08  6.549710E-08  9.924880E-02  1.891869E-05  5.295331E-09  2.109517E-01  3.544238E-04  8.534455E-07  1.348556E-07  1.305815E-03  1.364521E-08  5.494639E-08  6.663301E-08  7.722362E-02  2.199529E-06  4.689239E-07  3.900511E-07  6.710697E-05  9.123421E-05  1.336507E-07  2.216336E-08  2.882463E-08  1.600424E-07
 3.551500E+02  6.107189E-01  4.136532E-04  3.507054E-08  4.702140E-08  5.255912E-08  6.393932E-08  9.925883E-02  1.866698E-05  5.057325E-09  2.113461E-01  3.509545E-04  8.196543E-07  1.325709E-07  1.288057E-03  1.312267E-08  5.294616E-08  6.465825E-08  7.644368E-02  2.127892E-06  4.575938E-07  3.804309E-07  6.635047E-05  9.020657E-05  1.281588E-07  2.121216E-08  2.759493E-08  1.543118E-07
 3.561500E+02  6.111153E-01  4.102167E-04  3.422705E-08  4.589954E-08  5.130735E-08  6.242827E-08  9.926866E-02  1.842025E-05  4.831391E-09  2.117347E-01  3.475290E-04  7.873499E-07  1.303332E-07  1.270652E-03  1.262324E-08  5.103070E-08  6.275413E-08  7.567533E-02  2.058938E-06  4.466006E-07  3.711015E-07  6.560625E-05  8.919563E-05  1.229194E-07  2.030687E-08  2.642429E-08  1.488175E-07
 3.571500E+02  6.115057E-01  4.068305E-04  3.340906E-08  4.481139E-08  5.009315E-08  6.096231E-08  9.927831E-02  1.817840E-05  4.616852E-09  2.121175E-01  3.441469E-04  7.564610E-07  1.281417E-07  1.253592E-03  1.214576E-08  4.919596E-08  6.091774E-08  7.491835E-02  1.992555E-06  4.359327E-07  3.620527E-07  6.487407E-05  8.820107E-05  1.179199E-07  1.944506E-08  2.530959E-08  1.435487E-07
 3.581500E+02  6.118903E-01  4.034936E-04  3.261567E-08  4.375577E-08  4.891520E-08  5.953986E-08  9.928776E-02  1.794129E-05  4.413073E-09  2.124947E-01  3.408078E-04  7.269205E-07  1.259951E-07  1.236868E-03  1.168916E-08  4.743812E-08  5.914632E-08  7.417256E-02  1.928637E-06  4.255791E-07  3.532750E-07  6.415373E-05  8.722259E-05  1.131483E-07  1.862444E-08  2.424788E-08  1.384950E-07
 3.591500E+02  6.122693E-01  4.002053E-04  3.184603E-08  4.273154E-08  4.777223E-08  5.815940E-08  9.929703E-02  1.770882E-05  4.219458E-09  2.128663E-01  3.375110E-04  6.986643E-07  1.238927E-07  1.220473E-03  1.125241E-08  4.575354E-08  5.743722E-08  7.343777E-02  1.867083E-06  4.155290E-07  3.447589E-07  6.344498E-05  8.625987E-05  1.085931E-07  1.784283E-08  2.323639E-08  1.336466E-07
 3.601500E+02  6.126426E-01  3.969646E-04  3.109929E-08  4.173761E-08  4.666303E-08  5.681949E-08  9.930613E-02  1.748087E-05  4.035447E-09  2.132324E-01  3.342563E-04  6.716317E-07  1.218334E-07  1.204397E-03  1.083455E-08  4.413878E-08  5.578793E-08  7.271380E-02  1.807795E-06  4.057723E-07  3.364955E-07  6.274761E-05  8.531263E-05  1.042436E-07  1.709819E-08  2.227250E-08  1.289942E-07
 3.611500E+02  6.130103E-01  3.937706E-04  3.037466E-08  4.077293E-08  4.558642E-08  5.551872E-08  9.931505E-02  1.725732E-05  3.860512E-09  2.135932E-01  3.310429E-04  6.457651E-07  1.198162E-07  1.188634E-03  1.043465E-08  4.259057E-08  5.419604E-08  7.200047E-02  1.750681E-06  3.962991E-07  3.284761E-07  6.206141E-05  8.438056E-05  1.000897E-07  1.638859E-08  2.135374E-08  1.245289E-07
 3.621500E+02  6.133727E-01  3.906226E-04  2.967137E-08  3.983648E-08  4.454128E-08  5.425576E-08  9.932380E-02  1.703808E-05  3.694158E-09  2.139487E-01  3.278706E-04  6.210097E-07  1.178403E-07  1.173176E-03  1.005185E-08  4.110583E-08  5.265924E-08  7.129759E-02  1.695652E-06  3.870998E-07  3.206925E-07  6.138616E-05  8.346338E-05  9.612165E-08  1.571222E-08  2.047777E-08  1.202424E-07
 3.631500E+02  6.137297E-01  3.875196E-04  2.898869E-08  3.892731E-08  4.352654E-08  5.302931E-08  9.933238E-02  1.682303E-05  3.535920E-09  2.142990E-01  3.247388E-04  5.973135E-07  1.159047E-07  1.158016E-03  9.685335E-09  3.968160E-08  5.117535E-08  7.060500E-02  1.642622E-06  3.781654E-07  3.131366E-07  6.072166E-05  8.256082E-05  9.233037E-08  1.506736E-08  1.964241E-08  1.161265E-07
 3.641500E+02  6.140815E-01  3.844609E-04  2.832591E-08  3.804447E-08  4.254116E-08  5.183814E-08  9.934080E-02  1.661209E-05  3.385358E-09  2.146441E-01  3.216469E-04  5.746272E-07  1.140086E-07  1.143146E-03  9.334318E-09  3.831512E-08  4.974226E-08  6.992251E-02  1.591512E-06  3.694870E-07  3.058009E-07  6.006771E-05  8.167259E-05  8.870720E-08  1.445238E-08  1.884556E-08  1.121738E-07
 3.651500E+02  6.144281E-01  3.814457E-04  2.768234E-08  3.718707E-08  4.158413E-08  5.068105E-08  9.934907E-02  1.640514E-05  3.242062E-09  2.149843E-01  3.185947E-04  5.529038E-07  1.121510E-07  1.128559E-03  8.998066E-09  3.700372E-08  4.835797E-08  6.924996E-02  1.542244E-06  3.610561E-07  2.986778E-07  5.942411E-05  8.079842E-05  8.524397E-08  1.386577E-08  1.808527E-08  1.083769E-07
 3.661500E+02  6.147696E-01  3.784732E-04  2.705734E-08  3.635425E-08  4.065450E-08  4.955689E-08  9.935718E-02  1.620210E-05  3.105642E-09  2.153195E-01  3.155815E-04  5.320987E-07  1.103311E-07  1.114250E-03  8.675880E-09  3.574491E-08  4.702057E-08  6.858718E-02  1.494743E-06  3.528646E-07  2.917602E-07  5.879066E-05  7.993806E-05  8.193290E-08  1.330608E-08  1.735969E-08  1.047290E-07
 3.671500E+02  6.151062E-01  3.755427E-04  2.645027E-08  3.554519E-08  3.975135E-08  4.846457E-08  9.936514E-02  1.600287E-05  2.975732E-09  2.156499E-01  3.126068E-04  5.121697E-07  1.085481E-07  1.100210E-03  8.367099E-09  3.453630E-08  4.572822E-08  6.793401E-02  1.448939E-06  3.449047E-07  2.850414E-07  5.816718E-05  7.909125E-05  7.876667E-08  1.277193E-08  1.666706E-08  1.012235E-07
 3.681500E+02  6.154379E-01  3.726533E-04  2.586053E-08  3.475908E-08  3.887380E-08  4.740302E-08  9.937295E-02  1.580736E-05  2.851989E-09  2.159754E-01  3.096703E-04  4.930763E-07  1.068012E-07  1.086435E-03  8.071095E-09  3.337562E-08  4.447917E-08  6.729029E-02  1.404765E-06  3.371686E-07  2.785147E-07  5.755349E-05  7.825772E-05  7.573829E-08  1.226205E-08  1.600574E-08  9.785424E-08
 3.691500E+02  6.157647E-01  3.698045E-04  2.528754E-08  3.399516E-08  3.802097E-08  4.637121E-08  9.938061E-02  1.561549E-05  2.734088E-09  2.162963E-01  3.067714E-04  4.747804E-07  1.050896E-07  1.072917E-03  7.787273E-09  3.226073E-08  4.327175E-08  6.665585E-02  1.362155E-06  3.296492E-07  2.721737E-07  5.694939E-05  7.743723E-05  7.284117E-08  1.177522E-08  1.537415E-08  9.461521E-08
 3.701500E+02  6.160869E-01  3.669955E-04  2.473073E-08  3.325269E-08  3.719207E-08  4.536818E-08  9.938814E-02  1.542717E-05  2.621722E-09  2.166126E-01  3.039097E-04  4.572455E-07  1.034124E-07  1.059651E-03  7.515068E-09  3.118958E-08  4.210436E-08  6.603054E-02  1.321047E-06  3.223394E-07  2.660124E-07  5.635470E-05  7.662955E-05  7.006905E-08  1.131028E-08  1.477081E-08  9.150078E-08
 3.711500E+02  6.164043E-01  3.642255E-04  2.418958E-08  3.253096E-08  3.638629E-08  4.439297E-08  9.939553E-02  1.524231E-05  2.514604E-09  2.169243E-01  3.010846E-04  4.404370E-07  1.017690E-07  1.046631E-03  7.253945E-09  3.016023E-08  4.097545E-08  6.541421E-02  1.281383E-06  3.152324E-07  2.600248E-07  5.576927E-05  7.583443E-05  6.741599E-08  1.086614E-08  1.419434E-08  8.850558E-08
 3.721500E+02  6.167172E-01  3.614940E-04  2.366356E-08  3.182930E-08  3.560288E-08  4.344468E-08  9.940279E-02  1.506084E-05  2.412462E-09  2.172316E-01  2.982958E-04  4.243220E-07  1.001585E-07  1.033851E-03  7.003397E-09  2.917082E-08  3.988357E-08  6.480671E-02  1.243106E-06  3.083218E-07  2.542053E-07  5.519291E-05  7.505163E-05  6.487636E-08  1.044178E-08  1.364339E-08  8.562447E-08
 3.731500E+02  6.170256E-01  3.588002E-04  2.315218E-08  3.114704E-08  3.484111E-08  4.252242E-08  9.940991E-02  1.488268E-05  2.315039E-09  2.175345E-01  2.955427E-04  4.088692E-07  9.858032E-08  1.021306E-03  6.762939E-09  2.821961E-08  3.882731E-08  6.420789E-02  1.206161E-06  3.016011E-07  2.485484E-07  5.462545E-05  7.428093E-05  6.244482E-08  1.003622E-08  1.311673E-08  8.285258E-08
