#         T/K            c1          c2-1          c3-4          c3-5          c3-7          c3-9            m1          m2-1          m3-1            w1            w2          w3-1          w3-2          c1m1        c1m2-1        c1m2-7        c2m1-1        c1w1-2        c1w2-1        c2w1-1        c2w1-9        m1w1-1        m1w1-4        m1w2-1        m2w1-1        m2w1-3      c1m1w1-1
 2.731500E+02  3.668047E-01  4.531223E-04  1.482016E-07  1.945182E-07  2.164170E-07  2.580503E-07  2.926535E-01  7.330651E-04  1.981942E-05  1.710314E-01  1.021546E-03  6.205897E-05  8.707536E-07  1.143022E-02  5.442379E-06  1.785817E-05  2.277078E-06  1.539823E-01  5.054932E-05  2.918983E-06  2.563176E-06  6.881766E-04  9.367939E-04  3.500095E-05  2.168507E-05  2.746443E-05  1.591663E-05
 2.741500E+02  3.680250E-01  4.474983E-04  1.423725E-07  1.869306E-07  2.079906E-07  2.480812E-07  2.928214E-01  7.156568E-04  1.829151E-05  1.721479E-01  1.009670E-03  5.840021E-05  8.512610E-07  1.116910E-02  5.087302E-06  1.674712E-05  2.163500E-06  1.518178E-01  4.803692E-05  2.808506E-06  2.464038E-06  6.763277E-04  9.206059E-04  3.274164E-05  2.015279E-05  2.553394E-05  1.499284E-05
 2.751500E+02  3.692253E-01  4.419664E-04  1.368069E-07  1.796836E-07  1.999420E-07  2.385558E-07  2.929842E-01  6.987891E-04  1.689160E-05  1.732476E-01  9.978620E-04  5.496872E-05  8.321613E-07  1.091563E-02  4.757744E-06  1.571260E-05  2.056321E-06  1.496852E-01  4.565892E-05  2.702709E-06  2.369186E-06  6.647168E-04  9.047458E-04  3.063851E-05  1.873758E-05  2.375025E-05  1.412768E-05
 2.761500E+02  3.704060E-01  4.365248E-04  1.314918E-07  1.727602E-07  1.922522E-07  2.294522E-07  2.931421E-01  6.824425E-04  1.560819E-05  1.743306E-01  9.861258E-04  5.174986E-05  8.134522E-07  1.066953E-02  4.451718E-06  1.474890E-05  1.955143E-06  1.475843E-01  4.340777E-05  2.601377E-06  2.278421E-06  6.533399E-04  8.892078E-04  2.868015E-05  1.742989E-05  2.210143E-05  1.331715E-05
 2.771500E+02  3.715671E-01  4.311722E-04  1.264145E-07  1.661444E-07  1.849035E-07  2.207496E-07  2.932953E-01  6.665981E-04  1.443087E-05  1.753971E-01  9.744660E-04  4.872997E-05  7.951305E-07  1.043057E-02  4.167401E-06  1.385072E-05  1.859597E-06  1.455148E-01  4.127634E-05  2.504307E-06  2.191550E-06  6.421924E-04  8.739856E-04  2.685603E-05  1.622100E-05  2.057659E-05  1.255753E-05
 2.781500E+02  3.727091E-01  4.259070E-04  1.215632E-07  1.598210E-07  1.778789E-07  2.124284E-07  2.934439E-01  6.512378E-04  1.335020E-05  1.764472E-01  9.628870E-04  4.589630E-05  7.771931E-07  1.019849E-02  3.903122E-06  1.301323E-05  1.769336E-06  1.434764E-01  3.925792E-05  2.411307E-06  2.108396E-06  6.312702E-04  8.590734E-04  2.515641E-05  1.510291E-05  1.916575E-05  1.184539E-05
 2.791500E+02  3.738321E-01  4.207277E-04  1.169267E-07  1.537755E-07  1.711627E-07  2.044698E-07  2.935882E-01  6.363441E-04  1.235767E-05  1.774811E-01  9.513926E-04  4.323691E-05  7.596361E-07  9.973081E-03  3.657350E-06  1.223195E-05  1.684038E-06  1.414691E-01  3.734618E-05  2.322190E-06  2.028784E-06  6.205689E-04  8.444650E-04  2.357230E-05  1.406835E-05  1.785980E-05  1.117753E-05
 2.801500E+02  3.749363E-01  4.156328E-04  1.124945E-07  1.479944E-07  1.647396E-07  1.968564E-07  2.937283E-01  6.219005E-04  1.144554E-05  1.784990E-01  9.399865E-04  4.074065E-05  7.424556E-07  9.754104E-03  3.428677E-06  1.150278E-05  1.603402E-06  1.394923E-01  3.553516E-05  2.236782E-06  1.952553E-06  6.100844E-04  8.301547E-04  2.209538E-05  1.311063E-05  1.665038E-05  1.055098E-05
 2.811500E+02  3.760221E-01  4.106210E-04  1.082565E-07  1.424648E-07  1.585955E-07  1.895713E-07  2.938643E-01  6.078908E-04  1.060681E-05  1.795010E-01  9.286719E-04  3.839711E-05  7.256473E-07  9.541349E-03  3.215810E-06  1.082193E-05  1.527147E-06  1.375460E-01  3.381926E-05  2.154915E-06  1.879545E-06  5.998125E-04  8.161366E-04  2.071796E-05  1.222364E-05  1.552987E-05  9.962993E-06
 2.821500E+02  3.770897E-01  4.056908E-04  1.042032E-07  1.371744E-07  1.527169E-07  1.825989E-07  2.939963E-01  5.942997E-04  9.835109E-06  1.804872E-01  9.174519E-04  3.619656E-05  7.092067E-07  9.334609E-03  3.017562E-06  1.018590E-05  1.455010E-06  1.356297E-01  3.219320E-05  2.076431E-06  1.809615E-06  5.897490E-04  8.024048E-04  1.943294E-05  1.140178E-05  1.449125E-05  9.411006E-06
 2.831500E+02  3.781394E-01  4.008408E-04  1.003256E-07  1.321118E-07  1.470909E-07  1.759241E-07  2.941246E-01  5.811124E-04  9.124682E-06  1.814579E-01  9.063294E-04  3.412988E-05  6.931290E-07  9.133686E-03  2.832841E-06  9.591467E-06  1.386745E-06  1.337433E-01  3.065197E-05  2.001177E-06  1.742620E-06  5.798898E-04  7.889537E-04  1.823373E-05  1.063994E-05  1.352811E-05  8.892641E-06
 2.841500E+02  3.791713E-01  3.960697E-04  9.661530E-08  1.272660E-07  1.417054E-07  1.695328E-07  2.942492E-01  5.683146E-04  8.470284E-06  1.824132E-01  8.953071E-04  3.218858E-05  6.774091E-07  8.938387E-03  2.660644E-06  9.035671E-06  1.322122E-06  1.318864E-01  2.919091E-05  1.929009E-06  1.678428E-06  5.702309E-04  7.757775E-04  1.711424E-05  9.933415E-06  1.263456E-05  8.405687E-06
 2.851500E+02  3.801858E-01  3.913761E-04  9.306419E-08  1.226266E-07  1.365490E-07  1.634115E-07  2.943703E-01  5.558927E-04  7.867153E-06  1.833534E-01  8.843871E-04  3.036472E-05  6.620421E-07  8.748528E-03  2.500046E-06  8.515763E-06  1.260926E-06  1.300586E-01  2.780557E-05  1.859790E-06  1.616909E-06  5.607682E-04  7.628707E-04  1.606886E-05  9.277897E-06  1.180523E-05  7.948089E-06
 2.861500E+02  3.811831E-01  3.867587E-04  8.966467E-08  1.181838E-07  1.316108E-07  1.575474E-07  2.944880E-01  5.438336E-04  7.310958E-06  1.842785E-01  8.735717E-04  2.865086E-05  6.470225E-07  8.563931E-03  2.350196E-06  8.029212E-06  1.202957E-06  1.282597E-01  2.649179E-05  1.793389E-06  1.557945E-06  5.514977E-04  7.502278E-04  1.509237E-05  8.669436E-06  1.103514E-05  7.517934E-06
 2.871500E+02  3.821635E-01  3.822163E-04  8.640949E-08  1.139284E-07  1.268804E-07  1.519286E-07  2.946024E-01  5.321247E-04  6.797760E-06  1.851888E-01  8.628629E-04  2.704005E-05  6.323448E-07  8.384425E-03  2.210311E-06  7.573678E-06  1.148025E-06  1.264893E-01  2.524564E-05  1.729680E-06  1.501418E-06  5.424156E-04  7.378432E-04  1.417992E-05  8.104405E-06  1.031976E-05  7.113443E-06
 2.881500E+02  3.831271E-01  3.777474E-04  8.329181E-08  1.098514E-07  1.223481E-07  1.465434E-07  2.947137E-01  5.207539E-04  6.323973E-06  1.860844E-01  8.522623E-04  2.552581E-05  6.180037E-07  8.209845E-03  2.079668E-06  7.146997E-06  1.095954E-06  1.247472E-01  2.406342E-05  1.668545E-06  1.447219E-06  5.335180E-04  7.257117E-04  1.332707E-05  7.579476E-06  9.654904E-06  6.732958E-06
 2.891500E+02  3.840744E-01  3.733509E-04  8.030515E-08  1.059445E-07  1.180046E-07  1.413811E-07  2.948219E-01  5.097094E-04  5.886329E-06  1.869656E-01  8.417715E-04  2.410207E-05  6.039933E-07  8.040032E-03  1.957602E-06  6.747169E-06  1.046580E-06  1.230329E-01  2.294164E-05  1.609871E-06  1.395244E-06  5.248011E-04  7.138280E-04  1.252965E-05  7.091591E-06  9.036747E-06  6.374939E-06
 2.901500E+02  3.850054E-01  3.690254E-04  7.744333E-08  1.021998E-07  1.138411E-07  1.364313E-07  2.949271E-01  4.989802E-04  5.481851E-06  1.878325E-01  8.313918E-04  2.276315E-05  5.903079E-07  7.874832E-03  1.843499E-06  6.372344E-06  9.997464E-07  1.213461E-01  2.187699E-05  1.553548E-06  1.345393E-06  5.162611E-04  7.021869E-04  1.178384E-05  6.637940E-06  8.461759E-06  6.037948E-06
 2.911500E+02  3.859206E-01  3.647699E-04  7.470053E-08  9.860967E-08  1.098493E-07  1.316842E-07  2.950294E-01  4.885554E-04  5.107823E-06  1.886853E-01  8.211245E-04  2.150374E-05  5.769418E-07  7.714098E-03  1.736791E-06  6.020810E-06  9.553094E-07  1.196865E-01  2.086639E-05  1.499474E-06  1.297570E-06  5.078944E-04  6.907831E-04  1.108607E-05  6.215941E-06  7.926696E-06  5.720648E-06
 2.921500E+02  3.868200E-01  3.605831E-04  7.207120E-08  9.516705E-08  1.060212E-07  1.271306E-07  2.951290E-01  4.784248E-04  4.761769E-06  1.895243E-01  8.109705E-04  2.031887E-05  5.638891E-07  7.557687E-03  1.636956E-06  5.690979E-06  9.131324E-07  1.180538E-01  1.990689E-05  1.447551E-06  1.251687E-06  4.996974E-04  6.796119E-04  1.043304E-05  5.823218E-06  7.428576E-06  5.421790E-06
 2.931500E+02  3.877040E-01  3.564638E-04  6.955008E-08  9.186512E-08  1.023493E-07  1.227615E-07  2.952259E-01  4.685784E-04  4.441427E-06  1.903495E-01  8.009308E-04  1.920392E-05  5.511439E-07  7.405462E-03  1.543510E-06  5.381383E-06  8.730878E-07  1.164475E-01  1.899573E-05  1.397685E-06  1.207656E-06  4.916663E-04  6.686681E-04  9.821692E-06  5.457584E-06  6.964652E-06  5.140213E-06
 2.941500E+02  3.885728E-01  3.524109E-04  6.713218E-08  8.869742E-08  9.882639E-08  1.185686E-07  2.953202E-01  4.590066E-04  4.144729E-06  1.911612E-01  7.910060E-04  1.815453E-05  5.387003E-07  7.257291E-03  1.456006E-06  5.090660E-06  8.350557E-07  1.148673E-01  1.813032E-05  1.349787E-06  1.165395E-06  4.837979E-04  6.579469E-04  9.249182E-06  5.117029E-06  6.532395E-06  4.874832E-06
 2.951500E+02  3.894267E-01  3.484231E-04  6.481277E-08  8.565785E-08  9.544577E-08  1.145438E-07  2.954120E-01  4.497001E-04  3.869788E-06  1.919596E-01  7.811968E-04  1.716663E-05  5.265525E-07  7.113046E-03  1.374032E-06  4.817548E-06  7.989237E-07  1.133129E-01  1.730819E-05  1.303772E-06  1.124828E-06  4.760885E-04  6.474436E-04  8.712876E-06  4.799700E-06  6.129477E-06  4.624636E-06
 2.961500E+02  3.902659E-01  3.444994E-04  6.258733E-08  8.274057E-08  9.220097E-08  1.106798E-07  2.955014E-01  4.406503E-04  3.614877E-06  1.927448E-01  7.715036E-04  1.623644E-05  5.146944E-07  6.972604E-03  1.297204E-06  4.560874E-06  7.645862E-07  1.117839E-01  1.652703E-05  1.259558E-06  1.085878E-06  4.685349E-04  6.371534E-04  8.210327E-06  4.503889E-06  5.753751E-06  4.388680E-06
 2.971500E+02  3.910907E-01  3.406387E-04  6.045161E-08  7.994006E-08  8.908585E-08  1.069691E-07  2.955884E-01  4.318485E-04  3.378416E-06  1.935171E-01  7.619266E-04  1.536040E-05  5.031202E-07  6.835845E-03  1.225170E-06  4.319553E-06  7.319440E-07  1.102799E-01  1.578464E-05  1.217068E-06  1.048476E-06  4.611337E-04  6.270718E-04  7.739262E-06  4.228024E-06  5.403238E-06  4.166085E-06
 2.981500E+02  3.919012E-01  3.368399E-04  5.840152E-08  7.725108E-08  8.609459E-08  1.034050E-07  2.956732E-01  4.232866E-04  3.158958E-06  1.942767E-01  7.524663E-04  1.453517E-05  4.918240E-07  6.702656E-03  1.157602E-06  4.092575E-06  7.009039E-07  1.088006E-01  1.507896E-05  1.176228E-06  1.012554E-06  4.538815E-04  6.171942E-04  7.297571E-06  3.970655E-06  5.076112E-06  3.956027E-06
 2.991500E+02  3.926977E-01  3.331019E-04  5.643322E-08  7.466862E-08  8.322164E-08  9.998097E-08  2.957557E-01  4.149566E-04  2.955178E-06  1.950237E-01  7.431225E-04  1.375764E-05  4.808000E-07  6.572926E-03  1.094196E-06  3.879003E-06  6.713782E-07  1.073457E-01  1.440805E-05  1.136967E-06  9.780464E-07  4.467753E-04  6.075163E-04  6.883294E-06  3.730443E-06  4.770690E-06  3.757738E-06
 3.001500E+02  3.934805E-01  3.294236E-04  5.454304E-08  7.218794E-08  8.046175E-08  9.669080E-08  2.958361E-01  4.068511E-04  2.765863E-06  1.957583E-01  7.338954E-04  1.302489E-05  4.700424E-07  6.446547E-03  1.034673E-06  3.677966E-06  6.432847E-07  1.059147E-01  1.377006E-05  1.099218E-06  9.448931E-07  4.398119E-04  5.980337E-04  6.494608E-06  3.506154E-06  4.485416E-06  3.570500E-06
 3.011500E+02  3.942498E-01  3.258040E-04  5.272748E-08  6.980453E-08  7.780991E-08  9.352860E-08  2.959145E-01  3.989626E-04  2.589898E-06  1.964807E-01  7.247847E-04  1.233420E-05  4.595454E-07  6.323418E-03  9.787712E-07  3.488654E-06  6.165458E-07  1.045074E-01  1.316325E-05  1.062918E-06  9.130351E-07  4.329882E-04  5.887421E-04  6.129820E-06  3.296649E-06  4.218855E-06  3.393644E-06
 3.021500E+02  3.950058E-01  3.222421E-04  5.098324E-08  6.751409E-08  7.526135E-08  9.048876E-08  2.959909E-01  3.912842E-04  2.426263E-06  1.971911E-01  7.157904E-04  1.168300E-05  4.493032E-07  6.203439E-03  9.262493E-07  3.310315E-06  5.910886E-07  1.031233E-01  1.258598E-05  1.028004E-06  8.824167E-07  4.263011E-04  5.796373E-04  5.787353E-06  3.100875E-06  3.969681E-06  3.226541E-06
 3.031500E+02  3.957487E-01  3.187369E-04  4.930715E-08  6.531252E-08  7.281153E-08  8.756594E-08  2.960653E-01  3.838090E-04  2.274020E-06  1.978898E-01  7.069121E-04  1.106891E-05  4.393103E-07  6.086514E-03  8.768831E-07  3.142248E-06  5.668446E-07  1.017621E-01  1.203671E-05  9.944178E-07  8.529845E-07  4.197477E-04  5.707153E-04  5.465743E-06  2.917859E-06  3.736666E-06  3.068605E-06
 3.041500E+02  3.964788E-01  3.152874E-04  4.769622E-08  6.319595E-08  7.045615E-08  8.475505E-08  2.961378E-01  3.765306E-04  2.132308E-06  1.985768E-01  6.981495E-04  1.048967E-05  4.295610E-07  5.972549E-03  8.304646E-07  2.983802E-06  5.437492E-07  1.004235E-01  1.151397E-05  9.621042E-07  8.246878E-07  4.133251E-04  5.619721E-04  5.163627E-06  2.746703E-06  3.518679E-06  2.919288E-06
 3.051500E+02  3.971963E-01  3.118927E-04  4.614758E-08  6.116067E-08  6.819109E-08  8.205126E-08  2.962085E-01  3.694427E-04  2.000335E-06  1.992523E-01  6.895020E-04  9.943202E-06  4.200498E-07  5.861457E-03  7.868006E-07  2.834368E-06  5.217416E-07  9.910704E-02  1.101638E-05  9.310094E-07  7.974781E-07  4.070305E-04  5.534037E-04  4.879736E-06  2.586575E-06  3.314669E-06  2.778076E-06
 3.061500E+02  3.979014E-01  3.085517E-04  4.465853E-08  5.920316E-08  6.601244E-08  7.944996E-08  2.962775E-01  3.625392E-04  1.877375E-06  1.999166E-01  6.809693E-04  9.427521E-06  4.107712E-07  5.753150E-03  7.457116E-07  2.693383E-06  5.007644E-07  9.781246E-02  1.054263E-05  9.010827E-07  7.713092E-07  4.008610E-04  5.450063E-04  4.612889E-06  2.436708E-06  3.123669E-06  2.644490E-06
 3.071500E+02  3.985943E-01  3.052635E-04  4.322646E-08  5.732005E-08  6.391649E-08  7.694675E-08  2.963447E-01  3.558143E-04  1.762759E-06  2.005699E-01  6.725507E-04  8.940789E-06  4.017199E-07  5.647545E-03  7.070306E-07  2.560318E-06  4.807638E-07  9.653938E-02  1.009149E-05  8.722753E-07  7.461370E-07  3.948140E-04  5.367762E-04  4.361986E-06  2.296388E-06  2.944778E-06  2.518080E-06
 3.081500E+02  3.992753E-01  3.020272E-04  4.184893E-08  5.550816E-08  6.189968E-08  7.453746E-08  2.964103E-01  3.492624E-04  1.655871E-06  2.012122E-01  6.642455E-04  8.481276E-06  3.928906E-07  5.544561E-03  6.706027E-07  2.434683E-06  4.616888E-07  9.528747E-02  9.661790E-06  8.445408E-07  7.219194E-07  3.888866E-04  5.287096E-04  4.126003E-06  2.164958E-06  2.777165E-06  2.398424E-06
 3.091500E+02  3.999445E-01  2.988419E-04  4.052357E-08  5.376443E-08  5.995863E-08  7.221809E-08  2.964743E-01  3.428781E-04  1.556144E-06  2.018438E-01  6.560531E-04  8.047362E-06  3.842780E-07  5.444121E-03  6.362835E-07  2.316020E-06  4.434915E-07  9.405637E-02  9.252431E-06  8.178349E-07  6.986163E-07  3.830765E-04  5.208029E-04  3.903986E-06  2.041807E-06  2.620061E-06  2.285127E-06
 3.101500E+02  4.006022E-01  2.957068E-04  3.924816E-08  5.208597E-08  5.809012E-08  6.998485E-08  2.965367E-01  3.366561E-04  1.463057E-06  2.024649E-01  6.479728E-04  7.637529E-06  3.758770E-07  5.346150E-03  6.039387E-07  2.203901E-06  4.261266E-07  9.284575E-02  8.862368E-06  7.921151E-07  6.761893E-07  3.773808E-04  5.130527E-04  3.695045E-06  1.926371E-06  2.472750E-06  2.177821E-06
 3.111500E+02  4.012486E-01  2.926208E-04  3.802056E-08  5.047000E-08  5.629108E-08  6.783411E-08  2.965976E-01  3.305914E-04  1.376128E-06  2.030756E-01  6.400036E-04  7.250352E-06  3.676825E-07  5.250574E-03  5.734433E-07  2.097928E-06  4.095514E-07  9.165528E-02  8.490617E-06  7.673410E-07  6.546017E-07  3.717973E-04  5.054555E-04  3.498351E-06  1.818126E-06  2.334570E-06  2.076158E-06
 3.121500E+02  4.018838E-01  2.895833E-04  3.683875E-08  4.891390E-08  5.455858E-08  6.576241E-08  2.966570E-01  3.246792E-04  1.294913E-06  2.036761E-01  6.321448E-04  6.884495E-06  3.596896E-07  5.157324E-03  5.446810E-07  1.997727E-06  3.937257E-07  9.048461E-02  8.136245E-06  7.434739E-07  6.338187E-07  3.663233E-04  4.980079E-04  3.313130E-06  1.716585E-06  2.204909E-06  1.979814E-06
 3.131500E+02  4.025081E-01  2.865932E-04  3.570079E-08  4.741515E-08  5.288984E-08  6.376646E-08  2.967150E-01  3.189147E-04  1.219005E-06  2.042666E-01  6.243955E-04  6.538706E-06  3.518933E-07  5.066331E-03  5.175432E-07  1.902952E-06  3.786115E-07  8.933343E-02  7.798371E-06  7.204767E-07  6.138069E-07  3.609565E-04  4.907066E-04  3.138661E-06  1.621299E-06  2.083195E-06  1.888483E-06
 3.141500E+02  4.031217E-01  2.836498E-04  3.460484E-08  4.597134E-08  5.128219E-08  6.184312E-08  2.967716E-01  3.132935E-04  1.148024E-06  2.048472E-01  6.167547E-04  6.211810E-06  3.442890E-07  4.977530E-03  4.919288E-07  1.813277E-06  3.641728E-07  8.820140E-02  7.476161E-06  6.983142E-07  5.945343E-07  3.556946E-04  4.835483E-04  2.974271E-06  1.531849E-06  1.968899E-06  1.801880E-06
 3.151500E+02  4.037248E-01  2.807523E-04  3.354913E-08  4.458020E-08  4.973309E-08  5.998939E-08  2.968268E-01  3.078113E-04  1.081622E-06  2.054182E-01  6.092215E-04  5.902703E-06  3.368718E-07  4.890858E-03  4.677437E-07  1.728398E-06  3.503757E-07  8.708820E-02  7.168826E-06  6.769524E-07  5.759706E-07  3.505352E-04  4.765300E-04  2.819333E-06  1.447847E-06  1.861531E-06  1.719737E-06
 3.161500E+02  4.043175E-01  2.778999E-04  3.253199E-08  4.323954E-08  4.824012E-08  5.820240E-08  2.968808E-01  3.024637E-04  1.019478E-06  2.059796E-01  6.017948E-04  5.610351E-06  3.296372E-07  4.806253E-03  4.448998E-07  1.648031E-06  3.371882E-07  8.599352E-02  6.875619E-06  6.563591E-07  5.580866E-07  3.454762E-04  4.696485E-04  2.673258E-06  1.368933E-06  1.760635E-06  1.641801E-06
 3.171500E+02  4.049000E-01  2.750917E-04  3.155182E-08  4.194728E-08  4.680098E-08  5.647942E-08  2.969335E-01  2.972468E-04  9.612936E-07  2.065317E-01  5.944738E-04  5.333782E-06  3.225807E-07  4.723656E-03  4.233151E-07  1.571911E-06  3.245800E-07  8.491704E-02  6.595833E-06  6.365035E-07  5.408546E-07  3.405152E-04  4.629008E-04  2.535501E-06  1.294772E-06  1.665786E-06  1.567837E-06
 3.181500E+02  4.054726E-01  2.723270E-04  3.060709E-08  4.070143E-08  4.541344E-08  5.481784E-08  2.969849E-01  2.921567E-04  9.067932E-07  2.070745E-01  5.872572E-04  5.072084E-06  3.156978E-07  4.643010E-03  4.029129E-07  1.499788E-06  3.125224E-07  8.385844E-02  6.328800E-06  6.173559E-07  5.242480E-07  3.356501E-04  4.562840E-04  2.405549E-06  1.225053E-06  1.576590E-06  1.497621E-06
 3.191500E+02  4.060353E-01  2.696050E-04  2.969635E-08  3.950010E-08  4.407541E-08  5.321517E-08  2.970352E-01  2.871895E-04  8.557226E-07  2.076084E-01  5.801440E-04  4.824401E-06  3.089841E-07  4.564259E-03  3.836219E-07  1.431431E-06  3.009885E-07  8.281742E-02  6.073887E-06  5.988880E-07  5.082413E-07  3.308789E-04  4.497952E-04  2.282925E-06  1.159486E-06  1.492681E-06  1.430946E-06
 3.201500E+02  4.065885E-01  2.669250E-04  2.881820E-08  3.834148E-08  4.278488E-08  5.166903E-08  2.970843E-01  2.823417E-04  8.078460E-07  2.081333E-01  5.731332E-04  4.589928E-06  3.024355E-07  4.487349E-03  3.653751E-07  1.366620E-06  2.899527E-07  8.179368E-02  5.830493E-06  5.810729E-07  4.928104E-07  3.261995E-04  4.434315E-04  2.167181E-06  1.097803E-06  1.413718E-06  1.367614E-06
 3.211500E+02  4.071323E-01  2.642863E-04  2.797131E-08  3.722383E-08  4.153992E-08  5.017714E-08  2.971322E-01  2.776096E-04  7.629453E-07  2.086496E-01  5.662236E-04  4.367909E-06  2.960478E-07  4.412228E-03  3.481101E-07  1.305152E-06  2.793906E-07  8.078692E-02  5.598052E-06  5.638847E-07  4.779320E-07  3.216099E-04  4.371902E-04  2.057900E-06  1.039754E-06  1.339383E-06  1.307442E-06
 3.221500E+02  4.076667E-01  2.616880E-04  2.715442E-08  3.614550E-08  4.033870E-08  4.873735E-08  2.971791E-01  2.729900E-04  7.208185E-07  2.091572E-01  5.594140E-04  4.157636E-06  2.898169E-07  4.338847E-03  3.317685E-07  1.246836E-06  2.692793E-07  7.979683E-02  5.376024E-06  5.472986E-07  4.635840E-07  3.171081E-04  4.310687E-04  1.954691E-06  9.851042E-07  1.269381E-06  1.250257E-06
 3.231500E+02  4.081921E-01  2.591296E-04  2.636632E-08  3.510493E-08  3.917946E-08  4.734756E-08  2.972248E-01  2.684795E-04  6.812783E-07  2.096565E-01  5.527034E-04  3.958441E-06  2.837388E-07  4.267156E-03  3.162957E-07  1.191491E-06  2.595973E-07  7.882314E-02  5.163900E-06  5.312909E-07  4.497451E-07  3.126921E-04  4.250642E-04  1.857190E-06  9.336382E-07  1.203437E-06  1.195894E-06
 3.241500E+02  4.087086E-01  2.566103E-04  2.560584E-08  3.410058E-08  3.806054E-08  4.600580E-08  2.972696E-01  2.640750E-04  6.441510E-07  2.101475E-01  5.460906E-04  3.769697E-06  2.778097E-07  4.197108E-03  3.016405E-07  1.138950E-06  2.503238E-07  7.786555E-02  4.961197E-06  5.158390E-07  4.363951E-07  3.083602E-04  4.191742E-04  1.765054E-06  8.851537E-07  1.141294E-06  1.144201E-06
 3.251500E+02  4.092163E-01  2.541294E-04  2.487189E-08  3.313104E-08  3.698033E-08  4.471016E-08  2.973133E-01  2.597733E-04  6.092756E-07  2.106303E-01  5.395743E-04  3.590815E-06  2.720257E-07  4.128659E-03  2.877553E-07  1.089054E-06  2.414395E-07  7.692378E-02  4.767459E-06  5.009211E-07  4.235146E-07  3.041104E-04  4.133962E-04  1.677963E-06  8.394624E-07  1.082714E-06  1.095034E-06
 3.261500E+02  4.097155E-01  2.516863E-04  2.416341E-08  3.219491E-08  3.593729E-08  4.345885E-08  2.973561E-01  2.555716E-04  5.765027E-07  2.111052E-01  5.331535E-04  3.421240E-06  2.663832E-07  4.061763E-03  2.745952E-07  1.041656E-06  2.329259E-07  7.599755E-02  4.582250E-06  4.865165E-07  4.110849E-07  2.999411E-04  4.077277E-04  1.595619E-06  7.963889E-07  1.027473E-06  1.048255E-06
 3.271500E+02  4.102062E-01  2.492802E-04  2.347938E-08  3.129089E-08  3.492998E-08  4.225011E-08  2.973979E-01  2.514669E-04  5.456937E-07  2.115722E-01  5.268269E-04  3.260452E-06  2.608784E-07  3.996378E-03  2.621182E-07  9.966164E-07  2.247655E-07  7.508658E-02  4.405159E-06  4.726053E-07  3.990884E-07  2.958504E-04  4.021664E-04  1.517739E-06  7.557697E-07  9.753646E-07  1.003738E-06
 3.281500E+02  4.106886E-01  2.469106E-04  2.281884E-08  3.041771E-08  3.395698E-08  4.108230E-08  2.974387E-01  2.474566E-04  5.167197E-07  2.120315E-01  5.205934E-04  3.107960E-06  2.555080E-07  3.932462E-03  2.502851E-07  9.538047E-07  2.169418E-07  7.419061E-02  4.235798E-06  4.591685E-07  3.875080E-07  2.918366E-04  3.967099E-04  1.444062E-06  7.174521E-07  9.261944E-07  9.613620E-07
 3.291500E+02  4.111629E-01  2.445768E-04  2.218088E-08  2.957417E-08  3.301696E-08  3.995382E-08  2.974787E-01  2.435378E-04  4.894609E-07  2.124833E-01  5.144517E-04  2.963304E-06  2.502684E-07  3.869977E-03  2.390591E-07  9.130981E-07  2.094390E-07  7.330936E-02  4.073794E-06  4.461877E-07  3.763275E-07  2.878980E-04  3.913559E-04  1.374342E-06  6.812940E-07  8.797815E-07  9.210128E-07
 3.301500E+02  4.116292E-01  2.422781E-04  2.156460E-08  2.875911E-08  3.210864E-08  3.886316E-08  2.975178E-01  2.397081E-04  4.638063E-07  2.129276E-01  5.084007E-04  2.826049E-06  2.451562E-07  3.808882E-03  2.284056E-07  8.743813E-07  2.022423E-07  7.244258E-02  3.918799E-06  4.336455E-07  3.655312E-07  2.840331E-04  3.861022E-04  1.308347E-06  6.471624E-07  8.359571E-07  8.825836E-07
 3.311500E+02  4.120878E-01  2.400141E-04  2.096916E-08  2.797144E-08  3.123079E-08  3.780887E-08  2.975560E-01  2.359650E-04  4.396523E-07  2.133647E-01  5.024391E-04  2.695788E-06  2.401682E-07  3.749140E-03  2.182922E-07  8.375460E-07  1.953376E-07  7.159001E-02  3.770479E-06  4.215252E-07  3.551044E-07  2.802401E-04  3.809466E-04  1.245862E-06  6.149333E-07  7.945634E-07  8.459735E-07
 3.321500E+02  4.125386E-01  2.377839E-04  2.039375E-08  2.721009E-08  3.038224E-08  3.678954E-08  2.975934E-01  2.323060E-04  4.169028E-07  2.137946E-01  4.965658E-04  2.572135E-06  2.353012E-07  3.690715E-03  2.086886E-07  8.024902E-07  1.887113E-07  7.075138E-02  3.628518E-06  4.098108E-07  3.450327E-07  2.765177E-04  3.758869E-04  1.186683E-06  5.844908E-07  7.554530E-07  8.110874E-07
 3.331500E+02  4.129819E-01  2.355872E-04  1.983761E-08  2.647407E-08  2.956187E-08  3.580385E-08  2.976300E-01  2.287287E-04  3.954682E-07  2.142174E-01  4.907795E-04  2.454728E-06  2.305519E-07  3.633572E-03  1.995662E-07  7.691181E-07  1.823508E-07  6.992646E-02  3.492617E-06  3.984867E-07  3.353024E-07  2.728642E-04  3.709211E-04  1.130621E-06  5.557267E-07  7.184883E-07  7.778355E-07
 3.341500E+02  4.134179E-01  2.334232E-04  1.929999E-08  2.576239E-08  2.876860E-08  3.485053E-08  2.976658E-01  2.252310E-04  3.752651E-07  2.146333E-01  4.850791E-04  2.343228E-06  2.259174E-07  3.577675E-03  1.908982E-07  7.373394E-07  1.762440E-07  6.911500E-02  3.362491E-06  3.875384E-07  3.259005E-07  2.692781E-04  3.660471E-04  1.077497E-06  5.285399E-07  6.835405E-07  7.461331E-07
 3.351500E+02  4.138465E-01  2.312914E-04  1.878018E-08  2.507414E-08  2.800140E-08  3.392835E-08  2.977008E-01  2.218107E-04  3.562160E-07  2.150425E-01  4.794634E-04  2.237313E-06  2.213948E-07  3.522993E-03  1.826595E-07  7.070693E-07  1.703794E-07  6.831675E-02  3.237870E-06  3.769517E-07  3.168144E-07  2.657580E-04  3.612630E-04  1.027142E-06  5.028357E-07  6.504891E-07  7.159004E-07
 3.361500E+02  4.142681E-01  2.291913E-04  1.827750E-08  2.440843E-08  2.725930E-08  3.303614E-08  2.977351E-01  2.184655E-04  3.382484E-07  2.154450E-01  4.739312E-04  2.136680E-06  2.169810E-07  3.469493E-03  1.748266E-07  6.782277E-07  1.647462E-07  6.753147E-02  3.118497E-06  3.667130E-07  3.080321E-07  2.623025E-04  3.565668E-04  9.794009E-07  4.785257E-07  6.192215E-07  6.870619E-07
 3.371500E+02  4.146827E-01  2.271222E-04  1.779131E-08  2.376441E-08  2.654134E-08  3.217278E-08  2.977687E-01  2.151935E-04  3.212950E-07  2.158410E-01  4.684812E-04  2.041044E-06  2.126732E-07  3.417144E-03  1.673770E-07  6.507394E-07  1.593338E-07  6.675894E-02  3.004130E-06  3.568093E-07  2.995421E-07  2.589101E-04  3.519566E-04  9.341248E-07  4.555272E-07  5.896324E-07  6.595464E-07
 3.381500E+02  4.150904E-01  2.250838E-04  1.732099E-08  2.314127E-08  2.584662E-08  3.133720E-08  2.978015E-01  2.119927E-04  3.052929E-07  2.162305E-01  4.631124E-04  1.950138E-06  2.084688E-07  3.365915E-03  1.602901E-07  6.245334E-07  1.541326E-07  6.599891E-02  2.894536E-06  3.472283E-07  2.913333E-07  2.555796E-04  3.474305E-04  8.911754E-07  4.337626E-07  5.616229E-07  6.332867E-07
 3.391500E+02  4.154915E-01  2.230753E-04  1.686593E-08  2.253823E-08  2.517428E-08  3.052836E-08  2.978336E-01  2.088611E-04  2.901834E-07  2.166137E-01  4.578235E-04  1.863707E-06  2.043649E-07  3.315778E-03  1.535461E-07  5.995428E-07  1.491332E-07  6.525117E-02  2.789496E-06  3.379579E-07  2.833952E-07  2.523096E-04  3.429869E-04  8.504222E-07  4.131595E-07  5.351008E-07  6.082191E-07
 3.401500E+02  4.158859E-01  2.210964E-04  1.642557E-08  2.195453E-08  2.452347E-08  2.974528E-08  2.978651E-01  2.057970E-04  2.759119E-07  2.169908E-01  4.526135E-04  1.781513E-06  2.003591E-07  3.266703E-03  1.471266E-07  5.757046E-07  1.443266E-07  6.451549E-02  2.688801E-06  3.289867E-07  2.757176E-07  2.490988E-04  3.386238E-04  8.117428E-07  3.936500E-07  5.099793E-07  5.842838E-07
 3.411500E+02  4.162738E-01  2.191464E-04  1.599935E-08  2.138947E-08  2.389342E-08  2.898701E-08  2.978959E-01  2.027984E-04  2.624273E-07  2.173617E-01  4.474810E-04  1.703332E-06  1.964487E-07  3.218664E-03  1.410142E-07  5.529594E-07  1.397044E-07  6.379166E-02  2.592252E-06  3.203037E-07  2.682909E-07  2.459460E-04  3.343395E-04  7.750221E-07  3.751704E-07  4.861775E-07  5.614240E-07
 3.421500E+02  4.166554E-01  2.172250E-04  1.558677E-08  2.084236E-08  2.328335E-08  2.825265E-08  2.979261E-01  1.998637E-04  2.496817E-07  2.177267E-01  4.424251E-04  1.628949E-06  1.926313E-07  3.171634E-03  1.351925E-07  5.312510E-07  1.352585E-07  6.307946E-02  2.499662E-06  3.118984E-07  2.611056E-07  2.428498E-04  3.301324E-04  7.401518E-07  3.576612E-07  4.636193E-07  5.395859E-07
 3.431500E+02  4.170308E-01  2.153315E-04  1.518731E-08  2.031254E-08  2.269254E-08  2.754132E-08  2.979557E-01  1.969911E-04  2.376308E-07  2.180859E-01  4.374444E-04  1.558166E-06  1.889044E-07  3.125587E-03  1.296461E-07  5.105265E-07  1.309814E-07  6.237867E-02  2.410849E-06  3.037606E-07  2.541530E-07  2.398092E-04  3.260009E-04  7.070301E-07  3.410664E-07  4.422333E-07  5.187190E-07
 3.441500E+02  4.174001E-01  2.134656E-04  1.480049E-08  1.979938E-08  2.212027E-08  2.685219E-08  2.979846E-01  1.941790E-04  2.262328E-07  2.184393E-01  4.325380E-04  1.490793E-06  1.852657E-07  3.080497E-03  1.243606E-07  4.907361E-07  1.268656E-07  6.168910E-02  2.325645E-06  2.958807E-07  2.474243E-07  2.368229E-04  3.219433E-04  6.755613E-07  3.253336E-07  4.219528E-07  4.987752E-07
 3.451500E+02  4.177633E-01  2.116267E-04  1.442585E-08  1.930227E-08  2.156588E-08  2.618445E-08  2.980130E-01  1.914259E-04  2.154488E-07  2.187870E-01  4.277047E-04  1.426652E-06  1.817129E-07  3.036340E-03  1.193222E-07  4.718324E-07  1.229042E-07  6.101053E-02  2.243886E-06  2.882493E-07  2.409113E-07  2.338898E-04  3.179580E-04  6.456551E-07  3.104138E-07  4.027149E-07  4.797091E-07
 3.461500E+02  4.181207E-01  2.098144E-04  1.406294E-08  1.882063E-08  2.102872E-08  2.553734E-08  2.980408E-01  1.887302E-04  2.052424E-07  2.191292E-01  4.229434E-04  1.365574E-06  1.782438E-07  2.993093E-03  1.145180E-07  4.537710E-07  1.190907E-07  6.034277E-02  2.165419E-06  2.808575E-07  2.346063E-07  2.310087E-04  3.140435E-04  6.172269E-07  2.962608E-07  3.844608E-07  4.614778E-07
 3.471500E+02  4.184723E-01  2.080283E-04  1.371135E-08  1.835391E-08  2.050818E-08  2.491013E-08  2.980680E-01  1.860904E-04  1.955794E-07  2.194659E-01  4.182530E-04  1.307401E-06  1.748562E-07  2.950733E-03  1.099359E-07  4.365098E-07  1.154187E-07  5.968563E-02  2.090096E-06  2.736966E-07  2.285015E-07  2.281786E-04  3.101984E-04  5.901966E-07  2.828313E-07  3.671352E-07  4.440406E-07
 3.481500E+02  4.188182E-01  2.062677E-04  1.337066E-08  1.790157E-08  2.000365E-08  2.430209E-08  2.980946E-01  1.835050E-04  1.864281E-07  2.197974E-01  4.136324E-04  1.251981E-06  1.715479E-07  2.909237E-03  1.055644E-07  4.200090E-07  1.118823E-07  5.903890E-02  2.017777E-06  2.667584E-07  2.225898E-07  2.253984E-04  3.064211E-04  5.644891E-07  2.700847E-07  3.506861E-07  4.273591E-07
 3.491500E+02  4.191586E-01  2.045325E-04  1.304048E-08  1.746310E-08  1.951457E-08  2.371255E-08  2.981208E-01  1.809727E-04  1.777586E-07  2.201235E-01  4.090805E-04  1.199174E-06  1.683170E-07  2.868583E-03  1.013928E-07  4.042311E-07  1.084757E-07  5.840240E-02  1.948331E-06  2.600351E-07  2.168641E-07  2.226670E-04  3.027102E-04  5.400336E-07  2.579828E-07  3.350649E-07  4.113968E-07
 3.501500E+02  4.194935E-01  2.028220E-04  1.272044E-08  1.703800E-08  1.904038E-08  2.314087E-08  2.981464E-01  1.784921E-04  1.695429E-07  2.204445E-01  4.045963E-04  1.148845E-06  1.651614E-07  2.828751E-03  9.741073E-08  3.891404E-07  1.051935E-07  5.777595E-02  1.881630E-06  2.535189E-07  2.113178E-07  2.199834E-04  2.990644E-04  5.167633E-07  2.464898E-07  3.202257E-07  3.961190E-07
 3.511500E+02  4.198230E-01  2.011359E-04  1.241017E-08  1.662580E-08  1.858057E-08  2.258640E-08  2.981715E-01  1.760618E-04  1.617548E-07  2.207605E-01  4.001787E-04  1.100867E-06  1.620791E-07  2.789721E-03  9.360867E-08  3.747033E-07  1.020305E-07  5.715936E-02  1.817553E-06  2.472025E-07  2.059445E-07  2.173467E-04  2.954823E-04  4.946153E-07  2.355720E-07  3.061254E-07  3.814932E-07
 3.521500E+02  4.201473E-01  1.994738E-04  1.210933E-08  1.622605E-08  1.813462E-08  2.204856E-08  2.981961E-01  1.736807E-04  1.543697E-07  2.210714E-01  3.958266E-04  1.055122E-06  1.590683E-07  2.751471E-03  8.997748E-08  3.608881E-07  9.898178E-08  5.655245E-02  1.755986E-06  2.410790E-07  2.007379E-07  2.147557E-04  2.919625E-04  4.735302E-07  2.251977E-07  2.927235E-07  3.674884E-07
 3.531500E+02  4.204664E-01  1.978352E-04  1.181759E-08  1.583831E-08  1.770205E-08  2.152675E-08  2.982202E-01  1.713474E-04  1.473647E-07  2.213775E-01  3.915391E-04  1.011495E-06  1.561271E-07  2.713984E-03  8.650859E-08  3.476646E-07  9.604255E-08  5.595505E-02  1.696820E-06  2.351416E-07  1.956921E-07  2.122097E-04  2.885037E-04  4.534522E-07  2.153371E-07  2.799819E-07  3.540750E-07
 3.541500E+02  4.207805E-01  1.962198E-04  1.153462E-08  1.546216E-08  1.728239E-08  2.102043E-08  2.982439E-01  1.690607E-04  1.407181E-07  2.216789E-01  3.873151E-04  9.698794E-07  1.532537E-07  2.677241E-03  8.319387E-08  3.350043E-07  9.320834E-08  5.536699E-02  1.639951E-06  2.293837E-07  1.908015E-07  2.097076E-04  2.851047E-04  4.343285E-07  2.059623E-07  2.678649E-07  3.412252E-07
 3.551500E+02  4.210895E-01  1.946271E-04  1.126013E-08  1.509720E-08  1.687520E-08  2.052905E-08  2.982671E-01  1.668196E-04  1.344098E-07  2.219755E-01  3.831537E-04  9.301745E-07  1.504464E-07  2.641222E-03  8.002566E-08  3.228802E-07  9.047485E-08  5.478809E-02  1.585279E-06  2.237992E-07  1.860605E-07  2.072486E-04  2.817642E-04  4.161094E-07  1.970468E-07  2.563385E-07  3.289127E-07
 3.561500E+02  4.213938E-01  1.930568E-04  1.099381E-08  1.474304E-08  1.648004E-08  2.005211E-08  2.982898E-01  1.646228E-04  1.284206E-07  2.222675E-01  3.790537E-04  8.922844E-07  1.477035E-07  2.605912E-03  7.699671E-08  3.112668E-07  8.783798E-08  5.421820E-02  1.532709E-06  2.183821E-07  1.814639E-07  2.048317E-04  2.784810E-04  3.987479E-07  1.885659E-07  2.453712E-07  3.171123E-07
 3.571500E+02  4.216932E-01  1.915085E-04  1.073538E-08  1.439931E-08  1.609651E-08  1.958911E-08  2.983121E-01  1.624693E-04  1.227328E-07  2.225549E-01  3.750144E-04  8.561184E-07  1.450232E-07  2.571291E-03  7.410015E-08  3.001399E-07  8.529382E-08  5.365714E-02  1.482153E-06  2.131265E-07  1.770067E-07  2.024562E-04  2.752540E-04  3.821996E-07  1.804963E-07  2.349330E-07  3.058002E-07
 3.581500E+02  4.219879E-01  1.899819E-04  1.048458E-08  1.406565E-08  1.572420E-08  1.913958E-08  2.983340E-01  1.603579E-04  1.173296E-07  2.228380E-01  3.710346E-04  8.215908E-07  1.424041E-07  2.537345E-03  7.132951E-08  2.894765E-07  8.283863E-08  5.310476E-02  1.433523E-06  2.080269E-07  1.726840E-07  2.001210E-04  2.720820E-04  3.664228E-07  1.728159E-07  2.249958E-07  2.949538E-07
 3.591500E+02  4.222780E-01  1.884765E-04  1.024113E-08  1.374172E-08  1.536272E-08  1.870306E-08  2.983555E-01  1.582878E-04  1.121952E-07  2.231166E-01  3.671134E-04  7.886206E-07  1.398445E-07  2.504056E-03  6.867864E-08  2.792549E-07  8.046884E-08  5.256090E-02  1.386738E-06  2.030780E-07  1.684911E-07  1.978255E-04  2.689638E-04  3.513779E-07  1.655041E-07  2.155330E-07  2.845517E-07
 3.601500E+02  4.225636E-01  1.869920E-04  1.000479E-08  1.342719E-08  1.501172E-08  1.827910E-08  2.983765E-01  1.562577E-04  1.073149E-07  2.233910E-01  3.632500E-04  7.571309E-07  1.373429E-07  2.471409E-03  6.614174E-08  2.694543E-07  7.818104E-08  5.202541E-02  1.341719E-06  1.982747E-07  1.644236E-07  1.955688E-04  2.658983E-04  3.370277E-07  1.585413E-07  2.065196E-07  2.745736E-07
 3.611500E+02  4.228447E-01  1.855280E-04  9.775316E-09  1.312173E-08  1.467084E-08  1.786730E-08  2.983971E-01  1.542668E-04  1.026748E-07  2.236611E-01  3.594433E-04  7.270489E-07  1.348978E-07  2.439389E-03  6.371332E-08  2.600554E-07  7.597197E-08  5.149813E-02  1.298393E-06  1.936120E-07  1.604771E-07  1.933500E-04  2.628845E-04  3.233367E-07  1.519091E-07  1.979321E-07  2.650001E-07
 3.621500E+02  4.231215E-01  1.840843E-04  9.552474E-09  1.282505E-08  1.433973E-08  1.746723E-08  2.984174E-01  1.523142E-04  9.826168E-08  2.239271E-01  3.556925E-04  6.983059E-07  1.325077E-07  2.407980E-03  6.138817E-08  2.510394E-07  7.383852E-08  5.097893E-02  1.256688E-06  1.890852E-07  1.566475E-07  1.911685E-04  2.599214E-04  3.102718E-07  1.455903E-07  1.897482E-07  2.558128E-07
 3.631500E+02  4.233940E-01  1.826604E-04  9.336040E-09  1.253685E-08  1.401807E-08  1.707852E-08  2.984373E-01  1.503989E-04  9.406337E-08  2.241891E-01  3.519966E-04  6.708365E-07  1.301714E-07  2.377169E-03  5.916135E-08  2.423889E-07  7.177771E-08  5.046765E-02  1.216537E-06  1.846897E-07  1.529307E-07  1.890235E-04  2.570078E-04  2.978015E-07  1.395685E-07  1.819470E-07  2.469943E-07
 3.641500E+02  4.236623E-01  1.812561E-04  9.125801E-09  1.225684E-08  1.370555E-08  1.670077E-08  2.984568E-01  1.485199E-04  9.006825E-08  2.244470E-01  3.483548E-04  6.445790E-07  1.278873E-07  2.346941E-03  5.702821E-08  2.340870E-07  6.978670E-08  4.996414E-02  1.177874E-06  1.804211E-07  1.493230E-07  1.869143E-04  2.541427E-04  2.858959E-07  1.338282E-07  1.745087E-07  2.385281E-07
 3.651500E+02  4.239265E-01  1.798710E-04  8.921548E-09  1.198476E-08  1.340186E-08  1.633364E-08  2.984759E-01  1.466765E-04  8.626545E-08  2.247010E-01  3.447662E-04  6.194747E-07  1.256542E-07  2.317282E-03  5.498430E-08  2.261179E-07  6.786277E-08  4.946829E-02  1.140639E-06  1.762751E-07  1.458207E-07  1.848400E-04  2.513253E-04  2.745269E-07  1.283549E-07  1.674147E-07  2.303982E-07
 3.661500E+02  4.241866E-01  1.785048E-04  8.723083E-09  1.172034E-08  1.310671E-08  1.597677E-08  2.984947E-01  1.448678E-04  8.264469E-08  2.249512E-01  3.412299E-04  5.954681E-07  1.234708E-07  2.288180E-03  5.302544E-08  2.184666E-07  6.600331E-08  4.897993E-02  1.104771E-06  1.722477E-07  1.424202E-07  1.828001E-04  2.485545E-04  2.636678E-07  1.231349E-07  1.606472E-07  2.225898E-07
 3.671500E+02  4.244427E-01  1.771572E-04  8.530213E-09  1.146333E-08  1.281981E-08  1.562983E-08  2.985132E-01  1.430930E-04  7.919633E-08  2.251976E-01  3.377451E-04  5.725066E-07  1.213358E-07  2.259621E-03  5.114765E-08  2.111186E-07  6.420585E-08  4.849895E-02  1.070215E-06  1.683350E-07  1.391180E-07  1.807938E-04  2.458295E-04  2.532935E-07  1.181552E-07  1.541897E-07  2.150886E-07
 3.681500E+02  4.246950E-01  1.758278E-04  8.342754E-09  1.121348E-08  1.254091E-08  1.529248E-08  2.985313E-01  1.413512E-04  7.591126E-08  2.254403E-01  3.343110E-04  5.505403E-07  1.192480E-07  2.231593E-03  4.934714E-08  2.040605E-07  6.246799E-08  4.802520E-02  1.036918E-06  1.645332E-07  1.359110E-07  1.788205E-04  2.431491E-04  2.433800E-07  1.134037E-07  1.480265E-07  2.078810E-07
 3.691500E+02  4.249434E-01  1.745164E-04  8.160528E-09  1.097056E-08  1.226973E-08  1.496443E-08  2.985491E-01  1.396417E-04  7.278090E-08  2.256794E-01  3.309267E-04  5.295218E-07  1.172063E-07  2.204083E-03  4.762036E-08  1.972793E-07  6.078746E-08  4.755856E-02  1.004826E-06  1.608386E-07  1.327958E-07  1.768794E-04  2.405127E-04  2.339049E-07  1.088686E-07  1.421428E-07  2.009541E-07
 3.701500E+02  4.251880E-01  1.732227E-04  7.983364E-09  1.073435E-08  1.200603E-08  1.464537E-08  2.985665E-01  1.379638E-04  6.979718E-08  2.259148E-01  3.275914E-04  5.094062E-07  1.152093E-07  2.177080E-03  4.596388E-08  1.907627E-07  5.916208E-08  4.709891E-02  9.738930E-07  1.572477E-07  1.297696E-07  1.749700E-04  2.379193E-04  2.248467E-07  1.045392E-07  1.365244E-07  1.942957E-07
 3.711500E+02  4.254290E-01  1.719463E-04  7.811098E-09  1.050463E-08  1.174956E-08  1.433501E-08  2.985836E-01  1.363167E-04  6.695248E-08  2.261468E-01  3.243043E-04  4.901510E-07  1.132561E-07  2.150572E-03  4.437451E-08  1.844989E-07  5.758975E-08  4.664611E-02  9.440702E-07  1.537572E-07  1.268292E-07  1.730916E-04  2.353680E-04  2.161852E-07  1.004050E-07  1.311581E-07  1.878940E-07
 3.721500E+02  4.256663E-01  1.706871E-04  7.643570E-09  1.028119E-08  1.150009E-08  1.403307E-08  2.986005E-01  1.346996E-04  6.423959E-08  2.263753E-01  3.210646E-04  4.717155E-07  1.113455E-07  2.124547E-03  4.284916E-08  1.784770E-07  5.606849E-08  4.620005E-02  9.153135E-07  1.503637E-07  1.239720E-07  1.712436E-04  2.328581E-04  2.079012E-07  9.645637E-08  1.260314E-07  1.817379E-07
 3.731500E+02  4.259001E-01  1.694447E-04  7.480628E-09  1.006382E-08  1.125740E-08  1.373928E-08  2.986170E-01  1.331120E-04  6.165175E-08  2.266004E-01  3.178716E-04  4.540616E-07  1.094764E-07  2.098996E-03  4.138494E-08  1.726863E-07  5.459638E-08  4.576061E-02  8.875800E-07  1.470643E-07  1.211951E-07  1.694255E-04  2.303886E-04  1.999765E-07  9.268405E-08  1.211325E-07  1.758169E-07
