#         T/K            c1          c2-1          c3-4          c3-5          c3-7          c3-9            m1          m2-1          m3-1          c1m1        c1m2-1        c1m2-7        c2m1-1
 2.731500E+02  6.380607E-01  1.269804E-03  6.690649E-07  8.781638E-07  9.770270E-07  1.164983E-06  3.383870E-01  9.076732E-04  2.627875E-05  2.129162E-02  1.085600E-05  3.562198E-05  6.833229E-06
 2.741500E+02  6.383428E-01  1.248194E-03  6.386031E-07  8.384658E-07  9.329295E-07  1.112753E-06  3.386703E-01  8.875461E-04  2.432470E-05  2.077336E-02  1.014584E-05  3.339954E-05  6.470824E-06
 2.751500E+02  6.386161E-01  1.227121E-03  6.097557E-07  8.008592E-07  8.911520E-07  1.063256E-06  3.389445E-01  8.679932E-04  2.252822E-05  2.027136E-02  9.486827E-06  3.133055E-05  6.130201E-06
 2.761500E+02  6.388811E-01  1.206566E-03  5.824265E-07  7.652200E-07  8.515572E-07  1.016330E-06  3.392102E-01  8.489959E-04  2.087570E-05  1.978501E-02  8.874979E-06  2.940352E-05  5.809914E-06
 2.771500E+02  6.391379E-01  1.186516E-03  5.565258E-07  7.314325E-07  8.140170E-07  9.718257E-07  3.394675E-01  8.305360E-04  1.935478E-05  1.931375E-02  8.306637E-06  2.760784E-05  5.508622E-06
 2.781500E+02  6.393869E-01  1.166955E-03  5.319695E-07  6.993885E-07  7.784112E-07  9.296021E-07  3.397167E-01  8.125962E-04  1.795422E-05  1.885703E-02  7.778446E-06  2.593378E-05  5.225079E-06
 2.791500E+02  6.396283E-01  1.147867E-03  5.086793E-07  6.689866E-07  7.446278E-07  8.895275E-07  3.399583E-01  7.951598E-04  1.666381E-05  1.841433E-02  7.287330E-06  2.437237E-05  4.958130E-06
 2.801500E+02  6.398624E-01  1.129241E-03  4.865815E-07  6.401322E-07  7.125615E-07  8.514786E-07  3.401923E-01  7.782103E-04  1.547425E-05  1.798514E-02  6.830465E-06  2.291536E-05  4.706700E-06
 2.811500E+02  6.400896E-01  1.111061E-03  4.656075E-07  6.127363E-07  6.821141E-07  8.153398E-07  3.404193E-01  7.617323E-04  1.437708E-05  1.756898E-02  6.405256E-06  2.155514E-05  4.469789E-06
 2.821500E+02  6.403099E-01  1.093315E-03  4.456927E-07  5.867158E-07  6.531932E-07  7.810030E-07  3.406393E-01  7.457104E-04  1.336459E-05  1.716538E-02  6.009321E-06  2.028469E-05  4.246469E-06
 2.831500E+02  6.405238E-01  1.075990E-03  4.267769E-07  5.619928E-07  6.257125E-07  7.483667E-07  3.408526E-01  7.301302E-04  1.242976E-05  1.677391E-02  5.640470E-06  1.909757E-05  4.035875E-06
 2.841500E+02  6.407313E-01  1.059074E-03  4.088035E-07  5.384943E-07  5.995911E-07  7.173355E-07  3.410596E-01  7.149775E-04  1.156618E-05  1.639412E-02  5.296688E-06  1.798780E-05  3.837202E-06
 2.851500E+02  6.409327E-01  1.042555E-03  3.917195E-07  5.161516E-07  5.747528E-07  6.878204E-07  3.412604E-01  7.002386E-04  1.076802E-05  1.602562E-02  4.976121E-06  1.694988E-05  3.649703E-06
 2.861500E+02  6.411283E-01  1.026421E-03  3.754751E-07  4.949006E-07  5.511266E-07  6.597375E-07  3.414551E-01  6.859004E-04  1.002994E-05  1.566799E-02  4.677064E-06  1.597873E-05  3.472678E-06
 2.871500E+02  6.413182E-01  1.010663E-03  3.600238E-07  4.746808E-07  5.286453E-07  6.330080E-07  3.416442E-01  6.719501E-04  9.347067E-06  1.532088E-02  4.397943E-06  1.506965E-05  3.305478E-06
 2.881500E+02  6.415027E-01  9.952679E-04  3.453217E-07  4.554357E-07  5.072462E-07  6.075581E-07  3.418277E-01  6.583756E-04  8.714963E-06  1.498390E-02  4.137312E-06  1.421830E-05  3.147496E-06
 2.891500E+02  6.416818E-01  9.802266E-04  3.313276E-07  4.371119E-07  4.868703E-07  5.833183E-07  3.420058E-01  6.451649E-04  8.129557E-06  1.465671E-02  3.893834E-06  1.342068E-05  2.998168E-06
 2.901500E+02  6.418559E-01  9.655289E-04  3.180030E-07  4.196596E-07  4.674622E-07  5.602235E-07  3.421788E-01  6.323067E-04  7.587133E-06  1.433897E-02  3.666280E-06  1.267307E-05  2.856964E-06
 2.911500E+02  6.420250E-01  9.511651E-04  3.053116E-07  4.030317E-07  4.489697E-07  5.382121E-07  3.423468E-01  6.197898E-04  7.084286E-06  1.403036E-02  3.453513E-06  1.197204E-05  2.723395E-06
 2.921500E+02  6.421894E-01  9.371258E-04  2.932193E-07  3.871840E-07  4.313437E-07  5.172265E-07  3.425099E-01  6.076036E-04  6.617902E-06  1.373057E-02  3.254483E-06  1.131441E-05  2.596998E-06
 2.931500E+02  6.423491E-01  9.234020E-04  2.816940E-07  3.720750E-07  4.145383E-07  4.972124E-07  3.426684E-01  5.957378E-04  6.185128E-06  1.343929E-02  3.068223E-06  1.069723E-05  2.477345E-06
 2.941500E+02  6.425045E-01  9.099850E-04  2.707054E-07  3.576656E-07  3.985099E-07  4.781186E-07  3.428225E-01  5.841825E-04  5.783349E-06  1.315624E-02  2.893838E-06  1.011777E-05  2.364035E-06
 2.951500E+02  6.426555E-01  8.968661E-04  2.602253E-07  3.439189E-07  3.832177E-07  4.598971E-07  3.429721E-01  5.729281E-04  5.410167E-06  1.288115E-02  2.730499E-06  9.573512E-06  2.256693E-06
 2.961500E+02  6.428024E-01  8.840373E-04  2.502268E-07  3.308003E-07  3.686234E-07  4.425023E-07  3.431176E-01  5.619653E-04  5.063384E-06  1.261374E-02  2.577442E-06  9.062098E-06  2.154966E-06
 2.971500E+02  6.429452E-01  8.714906E-04  2.406848E-07  3.182771E-07  3.546905E-07  4.258917E-07  3.432591E-01  5.512851E-04  4.740980E-06  1.235375E-02  2.433959E-06  8.581353E-06  2.058528E-06
 2.981500E+02  6.430842E-01  8.592183E-04  2.315756E-07  3.063185E-07  3.413851E-07  4.100249E-07  3.433966E-01  5.408789E-04  4.441103E-06  1.210096E-02  2.299394E-06  8.129258E-06  1.967071E-06
 2.991500E+02  6.432194E-01  8.472129E-04  2.228769E-07  2.948956E-07  3.286749E-07  3.948640E-07  3.435303E-01  5.307383E-04  4.162050E-06  1.185510E-02  2.173140E-06  7.703935E-06  1.880306E-06
 3.001500E+02  6.433510E-01  8.354672E-04  2.145675E-07  2.839810E-07  3.165295E-07  3.803731E-07  3.436604E-01  5.208554E-04  3.902256E-06  1.161597E-02  2.054635E-06  7.303640E-06  1.797966E-06
 3.011500E+02  6.434791E-01  8.239743E-04  2.066277E-07  2.735490E-07  3.049203E-07  3.665185E-07  3.437870E-01  5.112222E-04  3.660283E-06  1.138333E-02  1.943359E-06  6.926753E-06  1.719796E-06
 3.021500E+02  6.436038E-01  8.127273E-04  1.990386E-07  2.635751E-07  2.938204E-07  3.532682E-07  3.439101E-01  5.018313E-04  3.434806E-06  1.115698E-02  1.838826E-06  6.571768E-06  1.645561E-06
 3.031500E+02  6.437251E-01  8.017198E-04  1.917826E-07  2.540363E-07  2.832041E-07  3.405921E-07  3.440299E-01  4.926753E-04  3.224608E-06  1.093671E-02  1.740590E-06  6.237282E-06  1.575038E-06
 3.041500E+02  6.438433E-01  7.909452E-04  1.848431E-07  2.449111E-07  2.730474E-07  3.284618E-07  3.441465E-01  4.837473E-04  3.028565E-06  1.072232E-02  1.648234E-06  5.921991E-06  1.508020E-06
 3.051500E+02  6.439584E-01  7.803976E-04  1.782042E-07  2.361789E-07  2.633277E-07  3.168503E-07  3.442600E-01  4.750405E-04  2.845646E-06  1.051363E-02  1.561372E-06  5.624681E-06  1.444311E-06
 3.061500E+02  6.440705E-01  7.700709E-04  1.718510E-07  2.278204E-07  2.540233E-07  3.057323E-07  3.443705E-01  4.665482E-04  2.674896E-06  1.031046E-02  1.479644E-06  5.344222E-06  1.383727E-06
 3.071500E+02  6.441798E-01  7.599593E-04  1.657695E-07  2.198172E-07  2.451139E-07  2.950838E-07  3.444781E-01  4.582642E-04  2.515438E-06  1.011262E-02  1.402718E-06  5.079559E-06  1.326097E-06
 3.081500E+02  6.442862E-01  7.500573E-04  1.599465E-07  2.121520E-07  2.365804E-07  2.848820E-07  3.445829E-01  4.501824E-04  2.366460E-06  9.919955E-03  1.330283E-06  4.829711E-06  1.271259E-06
 3.091500E+02  6.443899E-01  7.403594E-04  1.543693E-07  2.048086E-07  2.284046E-07  2.751055E-07  3.446850E-01  4.422967E-04  2.227216E-06  9.732296E-03  1.262051E-06  4.593761E-06  1.219060E-06
 3.101500E+02  6.444909E-01  7.308604E-04  1.490260E-07  1.977714E-07  2.205693E-07  2.657338E-07  3.447845E-01  4.346015E-04  2.097015E-06  9.549488E-03  1.197753E-06  4.370857E-06  1.169357E-06
 3.111500E+02  6.445894E-01  7.215550E-04  1.439055E-07  1.910258E-07  2.130582E-07  2.567479E-07  3.448813E-01  4.270912E-04  1.975217E-06  9.371378E-03  1.137141E-06  4.160200E-06  1.122018E-06
 3.121500E+02  6.446855E-01  7.124385E-04  1.389970E-07  1.845580E-07  2.058560E-07  2.481294E-07  3.449757E-01  4.197605E-04  1.861234E-06  9.197820E-03  1.079981E-06  3.961046E-06  1.076914E-06
 3.131500E+02  6.447791E-01  7.035059E-04  1.342905E-07  1.783547E-07  1.989480E-07  2.398611E-07  3.450678E-01  4.126042E-04  1.754521E-06  9.028675E-03  1.026056E-06  3.772701E-06  1.033927E-06
 3.141500E+02  6.448704E-01  6.947526E-04  1.297765E-07  1.724036E-07  1.923205E-07  2.319266E-07  3.451574E-01  4.056172E-04  1.654573E-06  8.863806E-03  9.751663E-07  3.594516E-06  9.929450E-07
 3.151500E+02  6.449595E-01  6.861741E-04  1.254458E-07  1.666928E-07  1.859604E-07  2.243104E-07  3.452449E-01  3.987948E-04  1.560924E-06  8.703082E-03  9.271220E-07  3.425884E-06  9.538627E-07
 3.161500E+02  6.450464E-01  6.777660E-04  1.212900E-07  1.612113E-07  1.798552E-07  2.169978E-07  3.453301E-01  3.921323E-04  1.473141E-06  8.546377E-03  8.817481E-07  3.266237E-06  9.165807E-07
 3.171500E+02  6.451311E-01  6.695240E-04  1.173010E-07  1.559484E-07  1.739931E-07  2.099749E-07  3.454133E-01  3.856250E-04  1.390824E-06  8.393569E-03  8.388807E-07  3.115046E-06  8.810054E-07
 3.181500E+02  6.452138E-01  6.614441E-04  1.134710E-07  1.508942E-07  1.683632E-07  2.032285E-07  3.454944E-01  3.792687E-04  1.313603E-06  8.244540E-03  7.983672E-07  2.971813E-06  8.470486E-07
 3.191500E+02  6.452945E-01  6.535221E-04  1.097927E-07  1.460390E-07  1.629547E-07  1.967460E-07  3.455734E-01  3.730590E-04  1.241134E-06  8.099177E-03  7.600648E-07  2.836074E-06  8.146271E-07
 3.201500E+02  6.453733E-01  6.457543E-04  1.062593E-07  1.413738E-07  1.577576E-07  1.905155E-07  3.456506E-01  3.669920E-04  1.173097E-06  7.957371E-03  7.238401E-07  2.707395E-06  7.836624E-07
 3.211500E+02  6.454502E-01  6.381368E-04  1.028641E-07  1.368901E-07  1.527625E-07  1.845258E-07  3.457259E-01  3.610635E-04  1.109199E-06  7.819015E-03  6.895687E-07  2.585367E-06  7.540806E-07
 3.221500E+02  6.455252E-01  6.306659E-04  9.960094E-08  1.325798E-07  1.479602E-07  1.787660E-07  3.457994E-01  3.552697E-04  1.049163E-06  7.684007E-03  6.571342E-07  2.469609E-06  7.258117E-07
 3.231500E+02  6.455985E-01  6.233381E-04  9.646388E-08  1.284350E-07  1.433421E-07  1.732259E-07  3.458711E-01  3.496070E-04  9.927351E-07  7.552248E-03  6.264276E-07  2.359763E-06  6.987898E-07
 3.241500E+02  6.456701E-01  6.161499E-04  9.344730E-08  1.244485E-07  1.389001E-07  1.678960E-07  3.459410E-01  3.440716E-04  9.396788E-07  7.423644E-03  5.973471E-07  2.255494E-06  6.729527E-07
 3.251500E+02  6.457400E-01  6.090980E-04  9.054585E-08  1.206132E-07  1.346265E-07  1.627669E-07  3.460094E-01  3.386602E-04  8.897740E-07  7.298102E-03  5.697975E-07  2.156486E-06  6.482414E-07
 3.261500E+02  6.458083E-01  6.021791E-04  8.775446E-08  1.169226E-07  1.305138E-07  1.578299E-07  3.460761E-01  3.333693E-04  8.428162E-07  7.175533E-03  5.436894E-07  2.062445E-06  6.246004E-07
 3.271500E+02  6.458750E-01  5.953900E-04  8.506830E-08  1.133703E-07  1.265551E-07  1.530767E-07  3.461412E-01  3.281957E-04  7.986153E-07  7.055851E-03  5.189395E-07  1.973093E-06  6.019772E-07
 3.281500E+02  6.459401E-01  5.887277E-04  8.248280E-08  1.099503E-07  1.227436E-07  1.484993E-07  3.462048E-01  3.231362E-04  7.569943E-07  6.938974E-03  4.954692E-07  1.888170E-06  5.803219E-07
 3.291500E+02  6.460038E-01  5.821891E-04  7.999359E-08  1.066569E-07  1.190731E-07  1.440903E-07  3.462670E-01  3.181876E-04  7.177886E-07  6.824820E-03  4.732054E-07  1.807432E-06  5.595876E-07
 3.301500E+02  6.460660E-01  5.757713E-04  7.759651E-08  1.034847E-07  1.155374E-07  1.398424E-07  3.463277E-01  3.133471E-04  6.808448E-07  6.713312E-03  4.520793E-07  1.730648E-06  5.397299E-07
 3.311500E+02  6.461269E-01  5.694715E-04  7.528762E-08  1.004286E-07  1.121309E-07  1.357489E-07  3.463870E-01  3.086117E-04  6.460203E-07  6.604375E-03  4.320263E-07  1.657604E-06  5.207065E-07
 3.321500E+02  6.461863E-01  5.632870E-04  7.306316E-08  9.748355E-08  1.088481E-07  1.318031E-07  3.464449E-01  3.039786E-04  6.131818E-07  6.497937E-03  4.129860E-07  1.588095E-06  5.024778E-07
 3.331500E+02  6.462445E-01  5.572150E-04  7.091955E-08  9.464492E-08  1.056838E-07  1.279990E-07  3.465016E-01  2.994452E-04  5.822055E-07  6.393927E-03  3.949016E-07  1.521931E-06  4.850059E-07
 3.341500E+02  6.463013E-01  5.512530E-04  6.885338E-08  9.190825E-08  1.026330E-07  1.243305E-07  3.465569E-01  2.950088E-04  5.529757E-07  6.292277E-03  3.777198E-07  1.458933E-06  4.682550E-07
 3.351500E+02  6.463569E-01  5.453985E-04  6.686141E-08  8.926927E-08  9.969094E-08  1.207921E-07  3.466110E-01  2.906668E-04  5.253844E-07  6.192921E-03  3.613906E-07  1.398931E-06  4.521914E-07
 3.361500E+02  6.464112E-01  5.396489E-04  6.494055E-08  8.672395E-08  9.685316E-08  1.173785E-07  3.466639E-01  2.864168E-04  4.993310E-07  6.095797E-03  3.458669E-07  1.341767E-06  4.367829E-07
 3.371500E+02  6.464644E-01  5.340020E-04  6.308784E-08  8.426841E-08  9.411536E-08  1.140844E-07  3.467156E-01  2.822564E-04  4.747215E-07  6.000842E-03  3.311045E-07  1.287290E-06  4.219990E-07
 3.381500E+02  6.465164E-01  5.284552E-04  6.130048E-08  8.189898E-08  9.147344E-08  1.109051E-07  3.467662E-01  2.781833E-04  4.514682E-07  5.907997E-03  3.170619E-07  1.235359E-06  4.078110E-07
 3.391500E+02  6.465673E-01  5.230065E-04  5.957578E-08  7.961213E-08  8.892349E-08  1.078358E-07  3.468156E-01  2.741952E-04  4.294890E-07  5.817204E-03  3.037001E-07  1.185841E-06  3.941914E-07
 3.401500E+02  6.466171E-01  5.176536E-04  5.791119E-08  7.740453E-08  8.646178E-08  1.048722E-07  3.468640E-01  2.702899E-04  4.087074E-07  5.728407E-03  2.909823E-07  1.138610E-06  3.811142E-07
 3.411500E+02  6.466658E-01  5.123943E-04  5.630428E-08  7.527296E-08  8.408476E-08  1.020099E-07  3.469113E-01  2.664653E-04  3.890516E-07  5.641553E-03  2.788740E-07  1.093549E-06  3.685549E-07
 3.421500E+02  6.467135E-01  5.072266E-04  5.475271E-08  7.321439E-08  8.178903E-08  9.924501E-08  3.469576E-01  2.627193E-04  3.704548E-07  5.556589E-03  2.673426E-07  1.050546E-06  3.564899E-07
 3.431500E+02  6.467602E-01  5.021484E-04  5.325427E-08  7.122589E-08  7.957134E-08  9.657359E-08  3.470029E-01  2.590500E-04  3.528543E-07  5.473464E-03  2.563574E-07  1.009496E-06  3.448970E-07
 3.441500E+02  6.468059E-01  4.971577E-04  5.180684E-08  6.930468E-08  7.742861E-08  9.399196E-08  3.470472E-01  2.554554E-04  3.361913E-07  5.392129E-03  2.458897E-07  9.702990E-07  3.337552E-07
 3.451500E+02  6.468506E-01  4.922527E-04  5.040838E-08  6.744811E-08  7.535788E-08  9.149659E-08  3.470906E-01  2.519337E-04  3.204110E-07  5.312537E-03  2.359123E-07  9.328616E-07  3.230444E-07
 3.461500E+02  6.468944E-01  4.874314E-04  4.905697E-08  6.565363E-08  7.335631E-08  8.908412E-08  3.471330E-01  2.484830E-04  3.054621E-07  5.234642E-03  2.263995E-07  8.970951E-07  3.127454E-07
 3.471500E+02  6.469373E-01  4.826921E-04  4.775077E-08  6.391882E-08  7.142122E-08  8.675132E-08  3.471746E-01  2.451015E-04  2.912962E-07  5.158398E-03  2.173271E-07  8.629159E-07  3.028403E-07
 3.481500E+02  6.469793E-01  4.780329E-04  4.648799E-08  6.224137E-08  6.955002E-08  8.449512E-08  3.472153E-01  2.417875E-04  2.778682E-07  5.083763E-03  2.086725E-07  8.302450E-07  2.933116E-07
 3.491500E+02  6.470204E-01  4.734521E-04  4.526696E-08  6.061904E-08  6.774024E-08  8.231258E-08  3.472551E-01  2.385394E-04  2.651360E-07  5.010694E-03  2.004141E-07  7.990077E-07  2.841431E-07
 3.501500E+02  6.470607E-01  4.689480E-04  4.408607E-08  5.904973E-08  6.598953E-08  8.020087E-08  3.472941E-01  2.353556E-04  2.530596E-07  4.939152E-03  1.925317E-07  7.691333E-07  2.753192E-07
 3.511500E+02  6.471002E-01  4.645190E-04  4.294377E-08  5.753141E-08  6.429563E-08  7.815730E-08  3.473323E-01  2.322343E-04  2.416021E-07  4.869096E-03  1.850061E-07  7.405551E-07  2.668249E-07
 3.521500E+02  6.471389E-01  4.601635E-04  4.183858E-08  5.606214E-08  6.265637E-08  7.617931E-08  3.473697E-01  2.291742E-04  2.307283E-07  4.800488E-03  1.778192E-07  7.132099E-07  2.586462E-07
 3.531500E+02  6.471768E-01  4.558800E-04  4.076910E-08  5.464005E-08  6.106970E-08  7.426441E-08  3.474063E-01  2.261738E-04  2.204056E-07  4.733291E-03  1.709541E-07  6.870377E-07  2.507696E-07
 3.541500E+02  6.472139E-01  4.516668E-04  3.973397E-08  5.326338E-08  5.953363E-08  7.241025E-08  3.474422E-01  2.232316E-04  2.106031E-07  4.667470E-03  1.643945E-07  6.619821E-07  2.431823E-07
 3.551500E+02  6.472503E-01  4.475226E-04  3.873189E-08  5.193042E-08  5.804627E-08  7.061456E-08  3.474773E-01  2.203461E-04  2.012919E-07  4.602989E-03  1.581253E-07  6.379895E-07  2.358721E-07
 3.561500E+02  6.472860E-01  4.434458E-04  3.776165E-08  5.063954E-08  5.660582E-08  6.887519E-08  3.475118E-01  2.175161E-04  1.924449E-07  4.539814E-03  1.521321E-07  6.150091E-07  2.288274E-07
 3.571500E+02  6.473210E-01  4.394352E-04  3.682203E-08  4.938919E-08  5.521052E-08  6.719004E-08  3.475456E-01  2.147402E-04  1.840365E-07  4.477913E-03  1.464012E-07  5.929927E-07  2.220371E-07
 3.581500E+02  6.473553E-01  4.354892E-04  3.591192E-08  4.817787E-08  5.385873E-08  6.555715E-08  3.475786E-01  2.120171E-04  1.760427E-07  4.417253E-03  1.409198E-07  5.718949E-07  2.154905E-07
 3.591500E+02  6.473889E-01  4.316066E-04  3.503022E-08  4.700415E-08  5.254884E-08  6.397460E-08  3.476111E-01  2.093456E-04  1.684410E-07  4.357805E-03  1.356758E-07  5.516725E-07  2.091778E-07
 3.601500E+02  6.474219E-01  4.277860E-04  3.417590E-08  4.586665E-08  5.127933E-08  6.244056E-08  3.476428E-01  2.067244E-04  1.612101E-07  4.299536E-03  1.306575E-07  5.322845E-07  2.030892E-07
 3.611500E+02  6.474542E-01  4.240263E-04  3.334794E-08  4.476407E-08  5.004874E-08  6.095328E-08  3.476740E-01  2.041524E-04  1.543299E-07  4.242420E-03  1.258541E-07  5.136921E-07  1.972155E-07
 3.621500E+02  6.474859E-01  4.203261E-04  3.254541E-08  4.369513E-08  4.885565E-08  5.951109E-08  3.477045E-01  2.016285E-04  1.477818E-07  4.186426E-03  1.212552E-07  4.958585E-07  1.915481E-07
 3.631500E+02  6.475170E-01  4.166842E-04  3.176737E-08  4.265864E-08  4.769873E-08  5.811238E-08  3.477345E-01  1.991514E-04  1.415480E-07  4.131529E-03  1.168512E-07  4.787487E-07  1.860786E-07
 3.641500E+02  6.475476E-01  4.130995E-04  3.101295E-08  4.165343E-08  4.657668E-08  5.675559E-08  3.477639E-01  1.967202E-04  1.356117E-07  4.077700E-03  1.126326E-07  4.623295E-07  1.807989E-07
 3.651500E+02  6.475775E-01  4.095708E-04  3.028130E-08  4.067839E-08  4.548827E-08  5.543925E-08  3.477927E-01  1.943337E-04  1.299574E-07  4.024914E-03  1.085907E-07  4.465695E-07  1.757016E-07
 3.661500E+02  6.476069E-01  4.060969E-04  2.957162E-08  3.973245E-08  4.443230E-08  5.416194E-08  3.478209E-01  1.919909E-04  1.245701E-07  3.973146E-03  1.047173E-07  4.314388E-07  1.707794E-07
 3.671500E+02  6.476357E-01  4.026769E-04  2.888313E-08  3.881459E-08  4.340763E-08  5.292228E-08  3.478486E-01  1.896909E-04  1.194359E-07  3.922372E-03  1.010044E-07  4.169089E-07  1.660252E-07
 3.681500E+02  6.476640E-01  3.993096E-04  2.821508E-08  3.792382E-08  4.241318E-08  5.171896E-08  3.478758E-01  1.874326E-04  1.145416E-07  3.872567E-03  9.744450E-08  4.029529E-07  1.614325E-07
 3.691500E+02  6.476917E-01  3.959939E-04  2.756675E-08  3.705921E-08  4.144788E-08  5.055074E-08  3.479024E-01  1.852151E-04  1.098748E-07  3.823708E-03  9.403054E-08  3.895451E-07  1.569950E-07
 3.701500E+02  6.477190E-01  3.927289E-04  2.693746E-08  3.621983E-08  4.051072E-08  4.941639E-08  3.479286E-01  1.830375E-04  1.054239E-07  3.775774E-03  9.075579E-08  3.766613E-07  1.527065E-07
 3.711500E+02  6.477457E-01  3.895136E-04  2.632655E-08  3.540483E-08  3.960075E-08  4.831475E-08  3.479543E-01  1.808989E-04  1.011776E-07  3.728742E-03  8.761385E-08  3.642781E-07  1.485613E-07
 3.721500E+02  6.477720E-01  3.863469E-04  2.573338E-08  3.461336E-08  3.871702E-08  4.724472E-08  3.479795E-01  1.787984E-04  9.712570E-08  3.682590E-03  8.459865E-08  3.523736E-07  1.445539E-07
 3.731500E+02  6.477977E-01  3.832280E-04  2.515735E-08  3.384463E-08  3.785864E-08  4.620521E-08  3.480042E-01  1.767352E-04  9.325818E-08  3.637299E-03  8.170443E-08  3.409268E-07  1.406789E-07
 3.741500E+02  6.478231E-01  3.801559E-04  2.459787E-08  3.309785E-08  3.702474E-08  4.519519E-08  3.480285E-01  1.747084E-04  8.956577E-08  3.592848E-03  7.892572E-08  3.299178E-07  1.369312E-07
 3.751500E+02  6.478479E-01  3.771297E-04  2.405437E-08  3.237229E-08  3.621451E-08  4.421367E-08  3.480523E-01  1.727172E-04  8.603968E-08  3.549218E-03  7.625731E-08  3.193275E-07  1.333061E-07
 3.761500E+02  6.478723E-01  3.741486E-04  2.352632E-08  3.166723E-08  3.542715E-08  4.325970E-08  3.480757E-01  1.707608E-04  8.267157E-08  3.506390E-03  7.369428E-08  3.091380E-07  1.297989E-07
 3.771500E+02  6.478963E-01  3.712116E-04  2.301320E-08  3.098199E-08  3.466188E-08  4.233237E-08  3.480986E-01  1.688385E-04  7.945360E-08  3.464345E-03  7.123192E-08  2.993319E-07  1.264051E-07
 3.781500E+02  6.479198E-01  3.683179E-04  2.251451E-08  3.031590E-08  3.391799E-08  4.143078E-08  3.481212E-01  1.669496E-04  7.637833E-08  3.423066E-03  6.886577E-08  2.898930E-07  1.231205E-07
 3.791500E+02  6.479429E-01  3.654668E-04  2.202976E-08  2.966834E-08  3.319475E-08  4.055409E-08  3.481433E-01  1.650932E-04  7.343872E-08  3.382534E-03  6.659158E-08  2.808056E-07  1.199410E-07
 3.801500E+02  6.479657E-01  3.626573E-04  2.155849E-08  2.903868E-08  3.249148E-08  3.970148E-08  3.481650E-01  1.632687E-04  7.062812E-08  3.342733E-03  6.440532E-08  2.720549E-07  1.168627E-07
 3.811500E+02  6.479880E-01  3.598887E-04  2.110027E-08  2.842634E-08  3.180754E-08  3.887217E-08  3.481864E-01  1.614755E-04  6.794023E-08  3.303646E-03  6.230314E-08  2.636266E-07  1.138819E-07
 3.821500E+02  6.480099E-01  3.571603E-04  2.065465E-08  2.783076E-08  3.114229E-08  3.806540E-08  3.482073E-01  1.597128E-04  6.536910E-08  3.265258E-03  6.028139E-08  2.555073E-07  1.109949E-07
 3.831500E+02  6.480315E-01  3.544713E-04  2.022124E-08  2.725139E-08  3.049513E-08  3.728044E-08  3.482279E-01  1.579799E-04  6.290908E-08  3.227553E-03  5.833659E-08  2.476841E-07  1.081984E-07
 3.841500E+02  6.480526E-01  3.518210E-04  1.979962E-08  2.668771E-08  2.986546E-08  3.651659E-08  3.482482E-01  1.562763E-04  6.055483E-08  3.190514E-03  5.646542E-08  2.401447E-07  1.054890E-07
 3.851500E+02  6.480735E-01  3.492086E-04  1.938943E-08  2.613920E-08  2.925273E-08  3.577318E-08  3.482681E-01  1.546013E-04  5.830128E-08  3.154129E-03  5.466472E-08  2.328774E-07  1.028635E-07
 3.861500E+02  6.480939E-01  3.466334E-04  1.899029E-08  2.560540E-08  2.865640E-08  3.504954E-08  3.482876E-01  1.529543E-04  5.614363E-08  3.118381E-03  5.293150E-08  2.258710E-07  1.003190E-07
 3.871500E+02  6.481140E-01  3.440948E-04  1.860184E-08  2.508581E-08  2.807593E-08  3.434506E-08  3.483068E-01  1.513348E-04  5.407735E-08  3.083257E-03  5.126289E-08  2.191148E-07  9.785261E-08
 3.881500E+02  6.481338E-01  3.415921E-04  1.822376E-08  2.458000E-08  2.751084E-08  3.365914E-08  3.483256E-01  1.497421E-04  5.209811E-08  3.048744E-03  4.965616E-08  2.125987E-07  9.546143E-08
 3.891500E+02  6.481532E-01  3.391246E-04  1.785570E-08  2.408753E-08  2.696063E-08  3.299117E-08  3.483442E-01  1.481756E-04  5.020183E-08  3.014827E-03  4.810871E-08  2.063130E-07  9.314282E-08
 3.901500E+02  6.481723E-01  3.366918E-04  1.749735E-08  2.360798E-08  2.642484E-08  3.234062E-08  3.483624E-01  1.466349E-04  4.838463E-08  2.981494E-03  4.661806E-08  2.002483E-07  9.089423E-08
 3.911500E+02  6.481911E-01  3.342929E-04  1.714841E-08  2.314095E-08  2.590301E-08  3.170693E-08  3.483803E-01  1.451195E-04  4.664283E-08  2.948733E-03  4.518184E-08  1.943957E-07  8.871317E-08
 3.921500E+02  6.482096E-01  3.319273E-04  1.680858E-08  2.268604E-08  2.539471E-08  3.108958E-08  3.483979E-01  1.436287E-04  4.497294E-08  2.916531E-03  4.379780E-08  1.887469E-07  8.659729E-08
 3.931500E+02  6.482277E-01  3.295946E-04  1.647758E-08  2.224288E-08  2.489953E-08  3.048807E-08  3.484152E-01  1.421620E-04  4.337165E-08  2.884875E-03  4.246379E-08  1.832938E-07  8.454432E-08
 3.941500E+02  6.482456E-01  3.272940E-04  1.615514E-08  2.181111E-08  2.441705E-08  2.990191E-08  3.484322E-01  1.407191E-04  4.183581E-08  2.853755E-03  4.117776E-08  1.780285E-07  8.255206E-08
 3.951500E+02  6.482632E-01  3.250250E-04  1.584098E-08  2.139037E-08  2.394690E-08  2.933064E-08  3.484489E-01  1.392993E-04  4.036243E-08  2.823158E-03  3.993773E-08  1.729437E-07  8.061841E-08
 3.961500E+02  6.482805E-01  3.227870E-04  1.553486E-08  2.098034E-08  2.348869E-08  2.877380E-08  3.484654E-01  1.379023E-04  3.894868E-08  2.793074E-03  3.874185E-08  1.680323E-07  7.874137E-08
 3.971500E+02  6.482975E-01  3.205796E-04  1.523653E-08  2.058068E-08  2.304205E-08  2.823096E-08  3.484815E-01  1.365275E-04  3.759185E-08  2.763492E-03  3.758833E-08  1.632876E-07  7.691900E-08
 3.981500E+02  6.483142E-01  3.184021E-04  1.494575E-08  2.019109E-08  2.260665E-08  2.770169E-08  3.484974E-01  1.351746E-04  3.628939E-08  2.734401E-03  3.647546E-08  1.587031E-07  7.514942E-08
 3.991500E+02  6.483307E-01  3.162541E-04  1.466230E-08  1.981125E-08  2.218214E-08  2.718559E-08  3.485131E-01  1.338430E-04  3.503886E-08  2.705791E-03  3.540161E-08  1.542726E-07  7.343086E-08
