#         T/K            c1          c2-1          c3-4          c3-5          c3-7          c3-9            m1          m2-1          m3-1            w1            w2          w3-1          w3-2          c1m1        c1m2-1        c1m2-7        c2m1-1        c1w1-2        c1w2-1        c2w1-1        c2w1-9        m1w1-1        m1w1-4        m1w2-1        m2w1-1        m2w1-3      c1m1w1-1
 2.731500E+02  3.009575E-01  3.107293E-04  8.494078E-08  1.114868E-07  1.240379E-07  1.478998E-07  2.443893E-01  5.207457E-04  1.197646E-05  2.516939E-01  2.253604E-03  2.052331E-04  2.879640E-06  7.977734E-03  3.231234E-06  1.060270E-05  1.328310E-06  1.893930E-01  9.320339E-05  3.000691E-06  2.634925E-06  8.614923E-04  1.172723E-03  6.568322E-05  2.309228E-05  2.924669E-05  1.665325E-05
 2.741500E+02  3.023711E-01  3.076302E-04  8.189135E-08  1.075208E-07  1.196343E-07  1.426940E-07  2.445136E-01  5.081792E-04  1.104520E-05  2.530855E-01  2.222401E-03  1.924573E-04  2.805322E-06  7.803566E-03  3.022555E-06  9.950084E-06  1.264755E-06  1.867510E-01  8.846928E-05  2.890614E-06  2.536075E-06  8.455410E-04  1.150936E-03  6.128513E-05  2.142518E-05  2.714608E-05  1.568325E-05
 2.751500E+02  3.037629E-01  3.045610E-04  7.896507E-08  1.037135E-07  1.154067E-07  1.376946E-07  2.446343E-01  4.960109E-04  1.019267E-05  2.544557E-01  2.191591E-03  1.805296E-04  2.733004E-06  7.634203E-03  2.828707E-06  9.341898E-06  1.204614E-06  1.841475E-01  8.399558E-05  2.785019E-06  2.441339E-06  8.299534E-04  1.129649E-03  5.720427E-05  1.988852E-05  2.520908E-05  1.477508E-05
 2.761500E+02  3.051329E-01  3.015219E-04  7.615656E-08  1.000582E-07  1.113474E-07  1.328926E-07  2.447515E-01  4.842258E-04  9.411725E-06  2.558047E-01  2.161174E-03  1.693906E-04  2.662638E-06  7.469495E-03  2.648550E-06  8.774860E-06  1.147686E-06  1.815824E-01  7.976710E-05  2.683711E-06  2.350533E-06  8.147209E-04  1.108850E-03  5.341629E-05  1.847137E-05  2.342205E-05  1.392451E-05
 2.771500E+02  3.064816E-01  2.985131E-04  7.346069E-08  9.654815E-08  1.074492E-07  1.282797E-07  2.448652E-01  4.728097E-04  8.695913E-06  2.571326E-01  2.131154E-03  1.589855E-04  2.594178E-06  7.309294E-03  2.481036E-06  8.245943E-06  1.093784E-06  1.790554E-01  7.576957E-05  2.586506E-06  2.263484E-06  7.998350E-04  1.088528E-03  4.989883E-05  1.716379E-05  2.177254E-05  1.312759E-05
 2.781500E+02  3.078090E-01  2.955346E-04  7.087256E-08  9.317723E-08  1.037052E-07  1.238478E-07  2.449756E-01  4.617491E-04  8.039390E-06  2.584398E-01  2.101529E-03  1.492634E-04  2.527578E-06  7.153460E-03  2.325204E-06  7.752360E-06  1.042732E-06  1.765662E-01  7.198959E-05  2.493226E-06  2.180024E-06  7.852873E-04  1.068670E-03  4.663131E-05  1.595669E-05  2.024920E-05  1.238070E-05
 2.791500E+02  3.091154E-01  2.925867E-04  6.838750E-08  8.993942E-08  1.001087E-07  1.195892E-07  2.450829E-01  4.510308E-04  7.436875E-06  2.597264E-01  2.072301E-03  1.401771E-04  2.462793E-06  7.001856E-03  2.180169E-06  7.291542E-06  9.943633E-07  1.741144E-01  6.841457E-05  2.403701E-06  2.099996E-06  7.710697E-04  1.049265E-03  4.359481E-05  1.484180E-05  1.884169E-05  1.168043E-05
 2.801500E+02  3.104010E-01  2.896693E-04  6.600105E-08  8.682902E-08  9.665351E-08  1.154965E-07  2.451871E-01  4.406422E-04  6.883587E-06  2.609927E-01  2.043469E-03  1.316826E-04  2.399777E-06  6.854350E-03  2.045120E-06  6.861122E-06  9.485241E-07  1.716998E-01  6.503269E-05  2.317769E-06  2.023249E-06  7.571742E-04  1.030303E-03  4.077193E-05  1.381155E-05  1.754056E-05  1.102366E-05
 2.811500E+02  3.116662E-01  2.867825E-04  6.370898E-08  8.384059E-08  9.333354E-08  1.115628E-07  2.452884E-01  4.305714E-04  6.375196E-06  2.622389E-01  2.015033E-03  1.237393E-04  2.338486E-06  6.710816E-03  1.919311E-06  6.458915E-06  9.050692E-07  1.693221E-01  6.183284E-05  2.235276E-06  1.949637E-06  7.435929E-04  1.011772E-03  3.814663E-05  1.285907E-05  1.633717E-05  1.040746E-05
 2.821500E+02  3.129110E-01  2.839264E-04  6.150722E-08  8.096893E-08  9.014305E-08  1.077813E-07  2.453869E-01  4.208069E-04  5.907780E-06  2.634653E-01  1.986991E-03  1.163095E-04  2.278877E-06  6.571131E-03  1.802055E-06  6.082905E-06  8.638623E-07  1.669808E-01  5.880458E-05  2.156073E-06  1.879024E-06  7.303182E-04  9.936614E-04  3.570416E-05  1.197803E-05  1.522364E-05  9.829139E-06
 2.831500E+02  3.141358E-01  2.811011E-04  5.939191E-08  7.820908E-08  8.707656E-08  1.041456E-07  2.454826E-01  4.113374E-04  5.477780E-06  2.646722E-01  1.959342E-03  1.093580E-04  2.220905E-06  6.435175E-03  1.692721E-06  5.731234E-06  8.247757E-07  1.646756E-01  5.593809E-05  2.080021E-06  1.811278E-06  7.173426E-04  9.759614E-04  3.343092E-05  1.116270E-05  1.419276E-05  9.286175E-06
 2.841500E+02  3.153408E-01  2.783064E-04  5.735935E-08  7.555630E-08  8.412881E-08  1.006496E-07  2.455756E-01  4.021525E-04  5.081969E-06  2.658597E-01  1.932085E-03  1.028524E-04  2.164530E-06  6.302834E-03  1.590727E-06  5.402181E-06  7.876895E-07  1.624063E-01  5.322414E-05  2.006985E-06  1.746274E-06  7.046588E-04  9.586616E-04  3.131440E-05  1.040780E-05  1.323794E-05  8.776233E-06
 2.851500E+02  3.165263E-01  2.755424E-04  5.540601E-08  7.300607E-08  8.129481E-08  9.728743E-08  2.456661E-01  3.932420E-04  4.717415E-06  2.670281E-01  1.905219E-03  9.676229E-05  2.109709E-06  6.173997E-03  1.495536E-06  5.094161E-06  7.524911E-07  1.601723E-01  5.065408E-05  1.936834E-06  1.683892E-06  6.922596E-04  9.417521E-04  2.934305E-05  9.708515E-06  1.235315E-05  8.297143E-06
 2.861500E+02  3.176924E-01  2.728090E-04  5.352853E-08  7.055407E-08  7.856977E-08  9.405357E-08  2.457542E-01  3.845960E-04  4.381455E-06  2.681777E-01  1.878740E-03  9.105964E-05  2.056400E-06  6.048557E-03  1.406657E-06  4.805703E-06  7.190746E-07  1.579733E-01  4.821974E-05  1.869448E-06  1.624018E-06  6.801381E-04  9.252232E-04  2.750622E-05  9.060447E-06  1.153285E-05  7.846885E-06
 2.871500E+02  3.188395E-01  2.701063E-04  5.172370E-08  6.819618E-08  7.594912E-08  9.094264E-08  2.458398E-01  3.762051E-04  4.071670E-06  2.693087E-01  1.852647E-03  8.571834E-05  2.004565E-06  5.926410E-03  1.323632E-06  4.535453E-06  6.873409E-07  1.558089E-01  4.591345E-05  1.804707E-06  1.566543E-06  6.682874E-04  9.090656E-04  2.579409E-05  8.459558E-06  1.077199E-05  7.423582E-06
 2.881500E+02  3.199678E-01  2.674341E-04  4.998844E-08  6.592844E-08  7.342849E-08  8.794954E-08  2.459231E-01  3.680605E-04  3.785857E-06  2.704214E-01  1.826937E-03  8.071411E-05  1.954163E-06  5.807456E-03  1.246042E-06  4.282153E-06  6.571966E-07  1.536787E-01  4.372801E-05  1.742500E-06  1.511364E-06  6.567009E-04  8.932699E-04  2.419762E-05  7.902150E-06  1.006593E-05  7.025486E-06
 2.891500E+02  3.210776E-01  2.647924E-04  4.831983E-08  6.374710E-08  7.100372E-08  8.506940E-08  2.460043E-01  3.601533E-04  3.522014E-06  2.715159E-01  1.801608E-03  7.602440E-05  1.905157E-06  5.691599E-03  1.173499E-06  4.044641E-06  6.285538E-07  1.515823E-01  4.165663E-05  1.682720E-06  1.458381E-06  6.453720E-04  8.778272E-04  2.270842E-05  7.384837E-06  9.410428E-06  6.650972E-06
 2.901500E+02  3.221691E-01  2.621811E-04  4.671507E-08  6.164855E-08  6.867081E-08  8.229757E-08  2.460832E-01  3.524753E-04  3.278316E-06  2.725927E-01  1.776656E-03  7.162822E-05  1.857507E-06  5.578745E-03  1.105646E-06  3.821841E-06  6.013302E-07  1.495193E-01  3.969293E-05  1.625264E-06  1.407500E-06  6.342945E-04  8.627287E-04  2.131879E-05  6.904512E-06  8.801574E-06  6.298525E-06
 2.911500E+02  3.232426E-01  2.596000E-04  4.517147E-08  5.962935E-08  6.642597E-08  7.962957E-08  2.461601E-01  3.450186E-04  3.053100E-06  2.736518E-01  1.752079E-03  6.750609E-05  1.811178E-06  5.468803E-03  1.042153E-06  3.612755E-06  5.754481E-07  1.474893E-01  3.783091E-05  1.570034E-06  1.358629E-06  6.234621E-04  8.479659E-04  2.002159E-05  6.458326E-06  8.235791E-06  5.966735E-06
 2.921500E+02  3.242984E-01  2.570491E-04  4.368650E-08  5.768622E-08  6.426554E-08  7.706115E-08  2.462349E-01  3.377755E-04  2.844851E-06  2.746936E-01  1.727872E-03  6.363983E-05  1.766132E-06  5.361687E-03  9.827123E-07  3.416459E-06  5.508345E-07  1.454918E-01  3.606490E-05  1.516936E-06  1.311684E-06  6.128689E-04  8.335304E-04  1.881023E-05  6.043663E-06  7.709794E-06  5.654290E-06
 2.931500E+02  3.253366E-01  2.545282E-04  4.225770E-08  5.581602E-08  6.218605E-08  7.458823E-08  2.463078E-01  3.307386E-04  2.652186E-06  2.757184E-01  1.704034E-03  6.001258E-05  1.722334E-06  5.257311E-03  9.270431E-07  3.232096E-06  5.274208E-07  1.435264E-01  3.438960E-05  1.465882E-06  1.266580E-06  6.025088E-04  8.194142E-04  1.767862E-05  5.658121E-06  7.220566E-06  5.359964E-06
 2.941500E+02  3.263575E-01  2.520371E-04  4.088275E-08  5.401574E-08  6.018417E-08  7.220693E-08  2.463788E-01  3.239008E-04  2.473844E-06  2.767262E-01  1.680560E-03  5.660862E-05  1.679751E-06  5.155594E-03  8.748840E-07  3.058872E-06  5.051423E-07  1.415928E-01  3.279999E-05  1.416786E-06  1.223241E-06  5.923762E-04  8.056093E-04  1.662113E-05  5.299495E-06  6.765331E-06  5.082617E-06
 2.951500E+02  3.273615E-01  2.495758E-04  3.955942E-08  5.228251E-08  5.825672E-08  6.991350E-08  2.464479E-01  3.172553E-04  2.308671E-06  2.777175E-01  1.657446E-03  5.341331E-05  1.638347E-06  5.056457E-03  8.259930E-07  2.896047E-06  4.839381E-07  1.396904E-01  3.129136E-05  1.369565E-06  1.181590E-06  5.824654E-04  7.921079E-04  1.563253E-05  4.965756E-06  6.341541E-06  4.821184E-06
 2.961500E+02  3.283487E-01  2.471440E-04  3.828556E-08  5.061358E-08  5.640065E-08  6.770439E-08  2.465153E-01  3.107957E-04  2.155615E-06  2.786925E-01  1.634689E-03  5.041305E-05  1.598091E-06  4.959824E-03  7.801465E-07  2.742938E-06  4.637509E-07  1.378188E-01  2.985926E-05  1.324142E-06  1.141557E-06  5.727711E-04  7.789026E-04  1.470802E-05  4.655040E-06  5.946848E-06  4.574673E-06
 2.971500E+02  3.293194E-01  2.447416E-04  3.705916E-08  4.900634E-08  5.461306E-08  6.557618E-08  2.465810E-01  3.045157E-04  2.013712E-06  2.796513E-01  1.612286E-03  4.759515E-05  1.558949E-06  4.865621E-03  7.371373E-07  2.598908E-06  4.445267E-07  1.359777E-01  2.849952E-05  1.280442E-06  1.103072E-06  5.632878E-04  7.659860E-04  1.384314E-05  4.365632E-06  5.579095E-06  4.342157E-06
 2.981500E+02  3.302739E-01  2.423684E-04  3.587826E-08  4.745826E-08  5.289116E-08  6.352561E-08  2.466450E-01  2.984091E-04  1.882083E-06  2.805943E-01  1.590231E-03  4.494779E-05  1.520891E-06  4.773775E-03  6.967732E-07  2.463366E-06  4.262146E-07  1.341666E-01  2.720818E-05  1.238395E-06  1.066070E-06  5.540104E-04  7.533509E-04  1.303374E-05  4.095952E-06  5.236293E-06  4.122773E-06
 2.991500E+02  3.312125E-01  2.400242E-04  3.474101E-08  4.596695E-08  5.123230E-08  6.154955E-08  2.467073E-01  2.924703E-04  1.759920E-06  2.815216E-01  1.568522E-03  4.245997E-05  1.483886E-06  4.684219E-03  6.588764E-07  2.335763E-06  4.087666E-07  1.323850E-01  2.598155E-05  1.197930E-06  1.030488E-06  5.449339E-04  7.409904E-04  1.227600E-05  3.844547E-06  4.916613E-06  3.915712E-06
 3.001500E+02  3.321353E-01  2.377087E-04  3.364561E-08  4.453011E-08  4.963392E-08  5.964503E-08  2.467681E-01  2.866936E-04  1.646486E-06  2.824336E-01  1.547154E-03  4.012143E-05  1.447903E-06  4.596885E-03  6.232817E-07  2.215588E-06  3.921375E-07  1.306325E-01  2.481611E-05  1.158984E-06  9.962680E-07  5.360533E-04  7.288977E-04  1.156637E-05  3.610079E-06  4.618367E-06  3.720221E-06
 3.011500E+02  3.330426E-01  2.354218E-04  3.259037E-08  4.314554E-08  4.809359E-08  5.780917E-08  2.468274E-01  2.810737E-04  1.541103E-06  2.833304E-01  1.526122E-03  3.792261E-05  1.412914E-06  4.511709E-03  5.898359E-07  2.102364E-06  3.762846E-07  1.289087E-01  2.370857E-05  1.121494E-06  9.633516E-07  5.273637E-04  7.170662E-04  1.090157E-05  3.391312E-06  4.340000E-06  3.535594E-06
 3.021500E+02  3.339346E-01  2.331633E-04  3.157367E-08  4.181114E-08  4.660898E-08  5.603924E-08  2.468852E-01  2.756054E-04  1.443152E-06  2.842124E-01  1.505424E-03  3.585458E-05  1.378891E-06  4.428628E-03  5.583971E-07  1.995651E-06  3.611678E-07  1.272132E-01  2.265582E-05  1.085400E-06  9.316846E-07  5.188606E-04  7.054895E-04  1.027854E-05  3.187110E-06  4.080077E-06  3.361175E-06
 3.031500E+02  3.348117E-01  2.309329E-04  3.059394E-08  4.052490E-08  4.517786E-08  5.433263E-08  2.469416E-01  2.702837E-04  1.352063E-06  2.850797E-01  1.485054E-03  3.390904E-05  1.345805E-06  4.347580E-03  5.288331E-07  1.895036E-06  3.467490E-07  1.255455E-01  2.165493E-05  1.050645E-06  9.012150E-07  5.105393E-04  6.941612E-04  9.694467E-06  2.996422E-06  3.837275E-06  3.196347E-06
 3.041500E+02  3.356741E-01  2.287303E-04  2.964970E-08  3.928490E-08  4.379810E-08  5.268682E-08  2.469966E-01  2.651039E-04  1.267314E-06  2.859326E-01  1.465009E-03  3.207823E-05  1.313631E-06  4.268509E-03  5.010214E-07  1.800135E-06  3.329925E-07  1.239052E-01  2.070314E-05  1.017175E-06  8.718932E-07  5.023954E-04  6.830752E-04  9.146717E-06  2.818280E-06  3.610373E-06  3.040535E-06
 3.051500E+02  3.365219E-01  2.265555E-04  2.873952E-08  3.808929E-08  4.246765E-08  5.109941E-08  2.470503E-01  2.600614E-04  1.188427E-06  2.867712E-01  1.445283E-03  3.035491E-05  1.282341E-06  4.191357E-03  4.748480E-07  1.710591E-06  3.198643E-07  1.222920E-01  1.979783E-05  9.849375E-07  8.436715E-07  4.944246E-04  6.722257E-04  8.632858E-06  2.651790E-06  3.398241E-06  2.893200E-06
 3.061500E+02  3.373555E-01  2.244080E-04  2.786204E-08  3.693630E-08  4.118455E-08  4.956810E-08  2.471027E-01  2.551517E-04  1.114960E-06  2.875959E-01  1.425874E-03  2.873232E-05  1.251910E-06  4.116069E-03  4.502072E-07  1.626071E-06  3.073325E-07  1.207052E-01  1.893654E-05  9.538822E-07  8.165045E-07  4.866226E-04  6.616068E-04  8.150628E-06  2.496126E-06  3.199838E-06  2.753839E-06
 3.071500E+02  3.381750E-01  2.222877E-04  2.701596E-08  3.582426E-08  3.994694E-08  4.809068E-08  2.471538E-01  2.503705E-04  1.046508E-06  2.884069E-01  1.406775E-03  2.720416E-05  1.222314E-06  4.042591E-03  4.270002E-07  1.546265E-06  2.953670E-07  1.191447E-01  1.811695E-05  9.239614E-07  7.903489E-07  4.789854E-04  6.512129E-04  7.697926E-06  2.350524E-06  3.014200E-06  2.621980E-06
 3.081500E+02  3.389808E-01  2.201943E-04  2.620002E-08  3.475154E-08  3.875303E-08  4.666506E-08  2.472036E-01  2.457139E-04  9.826990E-07  2.892044E-01  1.387984E-03  2.576454E-05  1.193529E-06  3.970873E-03  4.051356E-07  1.470881E-06  2.839393E-07  1.176099E-01  1.733688E-05  8.951296E-07  7.651630E-07  4.715089E-04  6.410384E-04  7.272802E-06  2.214280E-06  2.840435E-06  2.497181E-06
 3.091500E+02  3.397729E-01  2.181275E-04  2.541303E-08  3.371660E-08  3.760109E-08  4.528921E-08  2.472523E-01  2.411777E-04  9.231907E-07  2.899886E-01  1.369496E-03  2.440797E-05  1.165530E-06  3.900865E-03  3.845280E-07  1.399651E-06  2.730224E-07  1.161004E-01  1.659424E-05  8.673429E-07  7.409073E-07  4.641892E-04  6.310780E-04  6.873440E-06  2.086741E-06  2.677720E-06  2.379029E-06
 3.101500E+02  3.405518E-01  2.160871E-04  2.465385E-08  3.271796E-08  3.648948E-08  4.396119E-08  2.472998E-01  2.367583E-04  8.676673E-07  2.907597E-01  1.351306E-03  2.312929E-05  1.138296E-06  3.832519E-03  3.650979E-07  1.332320E-06  2.625909E-07  1.146158E-01  1.588710E-05  8.405595E-07  7.175438E-07  4.570226E-04  6.213265E-04  6.498156E-06  1.967303E-06  2.525291E-06  2.267137E-06
 3.111500E+02  3.413175E-01  2.140729E-04  2.392138E-08  3.175419E-08  3.541663E-08  4.267916E-08  2.473462E-01  2.324519E-04  8.158383E-07  2.915179E-01  1.333410E-03  2.192373E-05  1.111804E-06  3.765787E-03  3.467714E-07  1.268654E-06  2.526206E-07  1.131557E-01  1.521360E-05  8.147393E-07  6.950361E-07  4.500054E-04  6.117788E-04  6.145379E-06  1.855407E-06  2.382442E-06  2.161141E-06
 3.121500E+02  3.420704E-01  2.120845E-04  2.321458E-08  3.082394E-08  3.438104E-08  4.144132E-08  2.473915E-01  2.282550E-04  7.674360E-07  2.922636E-01  1.315805E-03  2.078677E-05  1.086033E-06  3.700624E-03  3.294796E-07  1.208433E-06  2.430888E-07  1.117197E-01  1.457201E-05  7.898440E-07  6.733497E-07  4.431338E-04  6.024299E-04  5.813651E-06  1.750537E-06  2.248519E-06  2.060701E-06
 3.131500E+02  3.428106E-01  2.101217E-04  2.253244E-08  2.992591E-08  3.338125E-08  4.024599E-08  2.474357E-01  2.241641E-04  7.222136E-07  2.929968E-01  1.298484E-03  1.971424E-05  1.060961E-06  3.636988E-03  3.131580E-07  1.151449E-06  2.339739E-07  1.103075E-01  1.396067E-05  7.658369E-07  6.524513E-07  4.364045E-04  5.932751E-04  5.501613E-06  1.652213E-06  2.122916E-06  1.965499E-06
 3.141500E+02  3.435384E-01  2.081842E-04  2.187400E-08  2.905885E-08  3.241588E-08  3.909153E-08  2.474789E-01  2.201761E-04  6.799433E-07  2.937178E-01  1.281445E-03  1.870221E-05  1.036568E-06  3.574834E-03  2.977469E-07  1.097511E-06  2.252556E-07  1.089185E-01  1.337804E-05  7.426827E-07  6.323091E-07  4.298139E-04  5.843097E-04  5.208001E-06  1.559991E-06  2.005070E-06  1.875233E-06
 3.151500E+02  3.442539E-01  2.062717E-04  2.123833E-08  2.822157E-08  3.148362E-08  3.797638E-08  2.475211E-01  2.162878E-04  6.404151E-07  2.944268E-01  1.264683E-03  1.774701E-05  1.012836E-06  3.514123E-03  2.831902E-07  1.046439E-06  2.169145E-07  1.075526E-01  1.282264E-05  7.203480E-07  6.128928E-07  4.233589E-04  5.755290E-04  4.931638E-06  1.473459E-06  1.894461E-06  1.789624E-06
 3.161500E+02  3.449575E-01  2.043840E-04  2.062457E-08  2.741292E-08  3.058318E-08  3.689904E-08  2.475623E-01  2.124960E-04  6.034350E-07  2.951241E-01  1.248193E-03  1.684521E-05  9.897436E-07  3.454814E-03  2.694358E-07  9.980642E-07  2.089325E-07  1.062091E-01  1.229308E-05  6.988004E-07  5.941734E-07  4.170360E-04  5.669287E-04  4.671425E-06  1.392236E-06  1.790605E-06  1.708408E-06
 3.171500E+02  3.456492E-01  2.025208E-04  2.003185E-08  2.663180E-08  2.971335E-08  3.585807E-08  2.476026E-01  2.087979E-04  5.688238E-07  2.958097E-01  1.231972E-03  1.599359E-05  9.672732E-07  3.396869E-03  2.564349E-07  9.522287E-07  2.012921E-07  1.048878E-01  1.178806E-05  6.780091E-07  5.761230E-07  4.108422E-04  5.585043E-04  4.426341E-06  1.315966E-06  1.693053E-06  1.631338E-06
 3.181500E+02  3.463293E-01  2.006818E-04  1.945938E-08  2.587716E-08  2.887296E-08  3.485209E-08  2.476420E-01  2.051906E-04  5.364158E-07  2.964840E-01  1.216016E-03  1.518915E-05  9.454067E-07  3.340251E-03  2.441419E-07  9.087850E-07  1.939770E-07  1.035883E-01  1.130633E-05  6.579445E-07  5.587151E-07  4.047744E-04  5.502518E-04  4.195433E-06  1.244322E-06  1.601389E-06  1.558180E-06
 3.191500E+02  3.469980E-01  1.988667E-04  1.890637E-08  2.514800E-08  2.806090E-08  3.387978E-08  2.476805E-01  2.016713E-04  5.060579E-07  2.971470E-01  1.200319E-03  1.442908E-05  9.241264E-07  3.284922E-03  2.325145E-07  8.675948E-07  1.869717E-07  1.023103E-01  1.084672E-05  6.385783E-07  5.419242E-07  3.988295E-04  5.421669E-04  3.977811E-06  1.176998E-06  1.515224E-06  1.488718E-06
 3.201500E+02  3.476556E-01  1.970753E-04  1.837209E-08  2.444335E-08  2.727609E-08  3.293989E-08  2.477180E-01  1.982375E-04  4.776086E-07  2.977991E-01  1.184878E-03  1.371073E-05  9.034153E-07  3.230849E-03  2.215127E-07  8.285286E-07  1.802614E-07  1.010533E-01  1.040812E-05  6.198835E-07  5.257258E-07  3.930048E-04  5.342457E-04  3.772646E-06  1.113709E-06  1.434201E-06  1.422745E-06
 3.211500E+02  3.483021E-01  1.953073E-04  1.785582E-08  2.376228E-08  2.651751E-08  3.203118E-08  2.477548E-01  1.948865E-04  4.509367E-07  2.984404E-01  1.169690E-03  1.303163E-05  8.832570E-07  3.177997E-03  2.110994E-07  7.914649E-07  1.738323E-07  9.981695E-02  9.989477E-06  6.018341E-07  5.100968E-07  3.872972E-04  5.264842E-04  3.579165E-06  1.054193E-06  1.357984E-06  1.360068E-06
 3.221500E+02  3.489379E-01  1.935623E-04  1.735688E-08  2.310391E-08  2.578416E-08  3.115251E-08  2.477907E-01  1.916159E-04  4.259208E-07  2.990710E-01  1.154748E-03  1.238948E-05  8.636352E-07  3.126333E-03  2.012399E-07  7.562898E-07  1.676710E-07  9.860097E-02  9.589795E-06  5.844051E-07  4.950147E-07  3.817040E-04  5.188788E-04  3.396646E-06  9.982049E-07  1.286262E-06  1.300507E-06
 3.231500E+02  3.495631E-01  1.918402E-04  1.687461E-08  2.246737E-08  2.507510E-08  3.030274E-08  2.478258E-01  1.884234E-04  4.024486E-07  2.996912E-01  1.140051E-03  1.178211E-05  8.445346E-07  3.075825E-03  1.919016E-07  7.228965E-07  1.617651E-07  9.740498E-02  9.208136E-06  5.675727E-07  4.804581E-07  3.762226E-04  5.114256E-04  3.224414E-06  9.455159E-07  1.218747E-06  1.243891E-06
 3.241500E+02  3.501778E-01  1.901406E-04  1.640839E-08  2.185187E-08  2.438943E-08  2.948081E-08  2.478602E-01  1.853066E-04  3.804160E-07  3.003012E-01  1.125594E-03  1.120747E-05  8.259398E-07  3.026442E-03  1.830541E-07  6.911848E-07  1.561027E-07  9.622862E-02  8.843608E-06  5.513140E-07  4.664067E-07  3.708503E-04  5.041211E-04  3.061840E-06  8.959142E-07  1.155168E-06  1.190060E-06
 3.251500E+02  3.507823E-01  1.884633E-04  1.595760E-08  2.125661E-08  2.372628E-08  2.868568E-08  2.478938E-01  1.822633E-04  3.597262E-07  3.009011E-01  1.111372E-03  1.066367E-05  8.078364E-07  2.978155E-03  1.746687E-07  6.610606E-07  1.506724E-07  9.507156E-02  8.495369E-06  5.356072E-07  4.528407E-07  3.655846E-04  4.969618E-04  2.908334E-06  8.492025E-07  1.095276E-06  1.138862E-06
 3.261500E+02  3.513768E-01  1.868079E-04  1.552169E-08  2.068084E-08  2.308481E-08  2.791638E-08  2.479266E-01  1.792914E-04  3.402898E-07  3.014912E-01  1.097382E-03  1.014891E-05  7.902100E-07  2.930933E-03  1.667189E-07  6.324356E-07  1.454636E-07  9.393346E-02  8.162619E-06  5.204313E-07  4.397414E-07  3.604228E-04  4.899442E-04  2.763347E-06  8.051970E-07  1.038837E-06  1.090156E-06
 3.271500E+02  3.519614E-01  1.851743E-04  1.510009E-08  2.012384E-08  2.246421E-08  2.717195E-08  2.479588E-01  1.763888E-04  3.220237E-07  3.020715E-01  1.083621E-03  9.661519E-06  7.730468E-07  2.884749E-03  1.591796E-07  6.052269E-07  1.404660E-07  9.281399E-02  7.844603E-06  5.057661E-07  4.270908E-07  3.553628E-04  4.830651E-04  2.626366E-06  7.637266E-07  9.856335E-07  1.043807E-06
 3.281500E+02  3.525364E-01  1.835621E-04  1.469227E-08  1.958491E-08  2.186373E-08  2.645148E-08  2.479902E-01  1.735535E-04  3.048506E-07  3.026423E-01  1.070083E-03  9.199926E-06  7.563335E-07  2.839576E-03  1.520273E-07  5.793565E-07  1.356701E-07  9.171282E-02  7.540604E-06  4.915924E-07  4.148716E-07  3.504019E-04  4.763211E-04  2.496908E-06  7.246316E-07  9.354628E-07  9.996907E-07
 3.291500E+02  3.531018E-01  1.819710E-04  1.429772E-08  1.906341E-08  2.128262E-08  2.575410E-08  2.480209E-01  1.707836E-04  2.886990E-07  3.032037E-01  1.056767E-03  8.762649E-06  7.400570E-07  2.795386E-03  1.452399E-07  5.547512E-07  1.310666E-07  9.062962E-02  7.249943E-06  4.778915E-07  4.030673E-07  3.455380E-04  4.697092E-04  2.374525E-06  6.877635E-07  8.881359E-07  9.576874E-07
 3.301500E+02  3.536579E-01  1.804008E-04  1.391595E-08  1.855867E-08  2.072017E-08  2.507897E-08  2.480510E-01  1.680773E-04  2.735023E-07  3.037560E-01  1.043667E-03  8.348303E-06  7.242048E-07  2.752154E-03  1.387970E-07  5.313421E-07  1.266469E-07  8.956408E-02  6.971975E-06  4.646458E-07  3.916622E-07  3.407688E-04  4.632263E-04  2.258795E-06  6.529836E-07  8.434765E-07  9.176856E-07
 3.311500E+02  3.542048E-01  1.788513E-04  1.354649E-08  1.807011E-08  2.017571E-08  2.442528E-08  2.480805E-01  1.654326E-04  2.591985E-07  3.042992E-01  1.030780E-03  7.955585E-06  7.087646E-07  2.709855E-03  1.326790E-07  5.090644E-07  1.224026E-07  8.851589E-02  6.706092E-06  4.518383E-07  3.806409E-07  3.360921E-04  4.568693E-04  2.149325E-06  6.201626E-07  8.013203E-07  8.795798E-07
 3.321500E+02  3.547427E-01  1.773220E-04  1.318890E-08  1.759712E-08  1.964858E-08  2.379227E-08  2.481093E-01  1.628479E-04  2.457303E-07  3.048335E-01  1.018102E-03  7.583272E-06  6.937245E-07  2.668465E-03  1.268679E-07  4.878573E-07  1.183260E-07  8.748474E-02  6.451714E-06  4.394526E-07  3.699891E-07  3.315057E-04  4.506354E-04  2.045745E-06  5.891799E-07  7.615136E-07  8.432708E-07
 3.331500E+02  3.552718E-01  1.758129E-04  1.284274E-08  1.713914E-08  1.913816E-08  2.317919E-08  2.481375E-01  1.603215E-04  2.330439E-07  3.053591E-01  1.005630E-03  7.230214E-06  6.790730E-07  2.627960E-03  1.213465E-07  4.676633E-07  1.144095E-07  8.647032E-02  6.208294E-06  4.274730E-07  3.596926E-07  3.270077E-04  4.445217E-04  1.947710E-06  5.599227E-07  7.239131E-07  8.086648E-07
 3.341500E+02  3.557923E-01  1.743235E-04  1.250760E-08  1.669564E-08  1.864385E-08  2.258532E-08  2.481651E-01  1.578517E-04  2.210898E-07  3.058762E-01  9.933611E-04  6.895332E-06  6.647991E-07  2.588317E-03  1.160988E-07  4.484286E-07  1.106460E-07  8.547234E-02  5.975311E-06  4.158846E-07  3.497383E-07  3.225959E-04  4.385255E-04  1.854897E-06  5.322859E-07  6.883850E-07  7.756735E-07
 3.351500E+02  3.563042E-01  1.728537E-04  1.218307E-08  1.626609E-08  1.816506E-08  2.200998E-08  2.481921E-01  1.554370E-04  2.098213E-07  3.063849E-01  9.812907E-04  6.577610E-06  6.508917E-07  2.549515E-03  1.111098E-07  4.301023E-07  1.070288E-07  8.449051E-02  5.752271E-06  4.046729E-07  3.401131E-07  3.182684E-04  4.326440E-04  1.767002E-06  5.061712E-07  6.548040E-07  7.442134E-07
 3.361500E+02  3.568077E-01  1.714032E-04  1.186877E-08  1.584999E-08  1.770124E-08  2.145252E-08  2.482186E-01  1.530759E-04  1.991955E-07  3.068853E-01  9.694157E-04  6.276093E-06  6.373406E-07  2.511531E-03  1.063652E-07  4.126365E-07  1.035514E-07  8.352453E-02  5.538707E-06  3.938241E-07  3.308049E-07  3.140232E-04  4.268746E-04  1.683740E-06  4.814869E-07  6.230533E-07  7.142059E-07
 3.371500E+02  3.573030E-01  1.699717E-04  1.156435E-08  1.544686E-08  1.725186E-08  2.091230E-08  2.482445E-01  1.507669E-04  1.891720E-07  3.073776E-01  9.577329E-04  5.989885E-06  6.241354E-07  2.474344E-03  1.018518E-07  3.959862E-07  1.002077E-07  8.257413E-02  5.334173E-06  3.833248E-07  3.218019E-07  3.098586E-04  4.212148E-04  1.604845E-06  4.581470E-07  5.930235E-07  6.855767E-07
 3.381500E+02  3.577903E-01  1.685590E-04  1.126943E-08  1.505625E-08  1.681641E-08  2.038871E-08  2.482699E-01  1.485085E-04  1.797133E-07  3.078620E-01  9.462387E-04  5.718140E-06  6.112663E-07  2.437935E-03  9.755710E-08  3.801087E-07  9.699190E-08  8.163901E-02  5.138248E-06  3.731624E-07  3.130927E-07  3.057726E-04  4.156620E-04  1.530068E-06  4.360714E-07  5.646123E-07  6.582555E-07
 3.391500E+02  3.582696E-01  1.671647E-04  1.098370E-08  1.467770E-08  1.639439E-08  1.988116E-08  2.482947E-01  1.462993E-04  1.707845E-07  3.083385E-01  9.349300E-04  5.460064E-06  5.987237E-07  2.402284E-03  9.346925E-08  3.649641E-07  9.389845E-08  8.071892E-02  4.950532E-06  3.633246E-07  3.046665E-07  3.017635E-04  4.102139E-04  1.459172E-06  4.151850E-07  5.377240E-07  6.321762E-07
 3.401500E+02  3.587412E-01  1.657887E-04  1.070681E-08  1.431080E-08  1.598533E-08  1.938910E-08  2.483191E-01  1.441381E-04  1.623529E-07  3.088074E-01  9.238034E-04  5.214910E-06  5.864983E-07  2.367371E-03  8.957720E-08  3.505145E-07  9.092207E-08  7.981358E-02  4.770644E-06  3.537996E-07  2.965129E-07  2.978295E-04  4.048680E-04  1.391939E-06  3.954175E-07  5.122691E-07  6.072761E-07
 3.411500E+02  3.592052E-01  1.644308E-04  1.043846E-08  1.395513E-08  1.558878E-08  1.891199E-08  2.483429E-01  1.420236E-04  1.543881E-07  3.092688E-01  9.128559E-04  4.981974E-06  5.745812E-07  2.333179E-03  8.587049E-08  3.367242E-07  8.805774E-08  7.892272E-02  4.598223E-06  3.445762E-07  2.886218E-07  2.939690E-04  3.996221E-04  1.328160E-06  3.767031E-07  4.881637E-07  5.834960E-07
 3.421500E+02  3.596617E-01  1.630905E-04  1.017834E-08  1.361030E-08  1.520430E-08  1.844930E-08  2.483663E-01  1.399544E-04  1.468616E-07  3.097228E-01  9.020843E-04  4.760593E-06  5.629636E-07  2.299688E-03  8.233931E-08  3.235596E-07  8.530066E-08  7.804609E-02  4.432926E-06  3.356434E-07  2.809838E-07  2.901803E-04  3.944739E-04  1.267643E-06  3.589803E-07  4.653292E-07  5.607800E-07
 3.431500E+02  3.601108E-01  1.617678E-04  9.926169E-09  1.327593E-08  1.483146E-08  1.800054E-08  2.483892E-01  1.379294E-04  1.397470E-07  3.101695E-01  8.914855E-04  4.550143E-06  5.516369E-07  2.266882E-03  7.897440E-08  3.109890E-07  8.264627E-08  7.718342E-02  4.274426E-06  3.269910E-07  2.735895E-07  2.864618E-04  3.894212E-04  1.210204E-06  3.421914E-07  4.436920E-07  5.390752E-07
 3.441500E+02  3.605528E-01  1.604624E-04  9.681668E-09  1.295167E-08  1.446987E-08  1.756523E-08  2.484116E-01  1.359474E-04  1.330193E-07  3.106090E-01  8.810564E-04  4.350036E-06  5.405931E-07  2.234743E-03  7.576703E-08  2.989823E-07  8.009023E-08  7.633448E-02  4.122415E-06  3.186089E-07  2.664303E-07  2.828119E-04  3.844619E-04  1.155672E-06  3.262823E-07  4.231832E-07  5.183316E-07
 3.451500E+02  3.609876E-01  1.591739E-04  9.444568E-09  1.263715E-08  1.411913E-08  1.714290E-08  2.484335E-01  1.340072E-04  1.266555E-07  3.110416E-01  8.707941E-04  4.159718E-06  5.298241E-07  2.203256E-03  7.270899E-08  2.875112E-07  7.762840E-08  7.549900E-02  3.976598E-06  3.104875E-07  2.594974E-07  2.792291E-04  3.795939E-04  1.103887E-06  3.112025E-07  4.037380E-07  4.985019E-07
 3.461500E+02  3.614155E-01  1.579023E-04  9.214613E-09  1.233205E-08  1.377888E-08  1.673311E-08  2.484551E-01  1.321079E-04  1.206339E-07  3.114673E-01  8.606957E-04  3.978668E-06  5.193222E-07  2.172403E-03  6.979252E-08  2.765489E-07  7.525683E-08  7.467676E-02  3.836694E-06  3.026175E-07  2.527829E-07  2.757120E-04  3.748151E-04  1.054696E-06  2.969043E-07  3.852959E-07  4.795413E-07
 3.471500E+02  3.618366E-01  1.566472E-04  8.991556E-09  1.203603E-08  1.344875E-08  1.633543E-08  2.484762E-01  1.302481E-04  1.149341E-07  3.118863E-01  8.507581E-04  3.806393E-06  5.090798E-07  2.142169E-03  6.701031E-08  2.660702E-07  7.297175E-08  7.386750E-02  3.702437E-06  2.949902E-07  2.462789E-07  2.722590E-04  3.701237E-04  1.007957E-06  2.833434E-07  3.677998E-07  4.614074E-07
 3.481500E+02  3.622509E-01  1.554084E-04  8.775160E-09  1.174880E-08  1.312839E-08  1.594946E-08  2.484969E-01  1.284271E-04  1.095373E-07  3.122986E-01  8.409787E-04  3.642429E-06  4.990899E-07  2.112540E-03  6.435547E-08  2.560510E-07  7.076957E-08  7.307100E-02  3.573575E-06  2.875969E-07  2.399779E-07  2.688688E-04  3.655176E-04  9.635361E-07  2.704778E-07  3.511965E-07  4.440601E-07
 3.491500E+02  3.626587E-01  1.541857E-04  8.565196E-09  1.147004E-08  1.281748E-08  1.557479E-08  2.485172E-01  1.266437E-04  1.044257E-07  3.127045E-01  8.313546E-04  3.486338E-06  4.893452E-07  2.083500E-03  6.182149E-08  2.464689E-07  6.864686E-08  7.228702E-02  3.449866E-06  2.804294E-07  2.338726E-07  2.655399E-04  3.609949E-04  9.213075E-07  2.582683E-07  3.354357E-07  4.274613E-07
 3.501500E+02  3.630601E-01  1.529788E-04  8.361443E-09  1.119948E-08  1.251569E-08  1.521104E-08  2.485370E-01  1.248969E-04  9.958265E-08  3.131039E-01  8.218829E-04  3.337708E-06  4.798389E-07  2.055036E-03  5.940222E-08  2.373024E-07  6.660036E-08  7.151535E-02  3.331081E-06  2.734799E-07  2.279562E-07  2.622711E-04  3.565539E-04  8.811524E-07  2.466782E-07  3.204704E-07  4.115752E-07
 3.511500E+02  3.634551E-01  1.517876E-04  8.163692E-09  1.093683E-08  1.222272E-08  1.485785E-08  2.485565E-01  1.231859E-04  9.499259E-08  3.134971E-01  8.125612E-04  3.196149E-06  4.705644E-07  2.027132E-03  5.709185E-08  2.285313E-07  6.462695E-08  7.075576E-02  3.217003E-06  2.667409E-07  2.222219E-07  2.590610E-04  3.521928E-04  8.429590E-07  2.356728E-07  3.062564E-07  3.963675E-07
 3.521500E+02  3.638438E-01  1.506118E-04  7.971738E-09  1.068183E-08  1.193827E-08  1.451487E-08  2.485757E-01  1.215097E-04  9.064096E-08  3.138841E-01  8.033866E-04  3.061294E-06  4.615153E-07  1.999776E-03  5.488492E-08  2.201363E-07  6.272365E-08  7.000803E-02  3.107424E-06  2.602049E-07  2.166634E-07  2.559083E-04  3.479097E-04  8.066222E-07  2.252197E-07  2.927521E-07  3.818061E-07
 3.531500E+02  3.642265E-01  1.494512E-04  7.785385E-09  1.043422E-08  1.166205E-08  1.418175E-08  2.485944E-01  1.198674E-04  8.651407E-08  3.142651E-01  7.943566E-04  2.932796E-06  4.526854E-07  1.972955E-03  5.277625E-08  2.120995E-07  6.088761E-08  6.927194E-02  3.002146E-06  2.538651E-07  2.112744E-07  2.528118E-04  3.437031E-04  7.720428E-07  2.152883E-07  2.799185E-07  3.678602E-07
 3.541500E+02  3.646032E-01  1.483055E-04  7.604446E-09  1.019376E-08  1.139378E-08  1.385816E-08  2.486128E-01  1.182582E-04  8.259912E-08  3.146401E-01  7.854685E-04  2.810326E-06  4.440685E-07  1.946655E-03  5.076094E-08  2.044036E-07  5.911613E-08  6.854730E-02  2.900981E-06  2.477147E-07  2.060492E-07  2.497703E-04  3.395712E-04  7.391276E-07  2.058500E-07  2.677188E-07  3.545008E-07
 3.551500E+02  3.649739E-01  1.471746E-04  7.428738E-09  9.960202E-09  1.113322E-08  1.354380E-08  2.486308E-01  1.166813E-04  7.888408E-08  3.150093E-01  7.767200E-04  2.693575E-06  4.356588E-07  1.920865E-03  4.883436E-08  1.970324E-07  5.740660E-08  6.783389E-02  2.803750E-06  2.417471E-07  2.009819E-07  2.467825E-04  3.355124E-04  7.077884E-07  1.968777E-07  2.561186E-07  3.417005E-07
 3.561500E+02  3.653389E-01  1.460583E-04  7.258088E-09  9.733322E-09  1.088009E-08  1.323836E-08  2.486485E-01  1.151357E-04  7.535768E-08  3.153728E-01  7.681084E-04  2.582251E-06  4.274506E-07  1.895572E-03  4.699215E-08  1.899704E-07  5.575655E-08  6.713151E-02  2.710283E-06  2.359562E-07  1.960671E-07  2.438474E-04  3.315252E-04  6.779423E-07  1.883462E-07  2.450852E-07  3.294329E-07
 3.571500E+02  3.656983E-01  1.449562E-04  7.092327E-09  9.512899E-09  1.063415E-08  1.294154E-08  2.486659E-01  1.136208E-04  7.200932E-08  3.157306E-01  7.596315E-04  2.476079E-06  4.194384E-07  1.870764E-03  4.523016E-08  1.832031E-07  5.416362E-08  6.643997E-02  2.620417E-06  2.303360E-07  1.912996E-07  2.409638E-04  3.276080E-04  6.495112E-07  1.802314E-07  2.345883E-07  3.176735E-07
 3.581500E+02  3.660520E-01  1.438683E-04  6.931293E-09  9.298721E-09  1.039517E-08  1.265306E-08  2.486829E-01  1.121358E-04  6.882908E-08  3.160830E-01  7.512866E-04  2.374796E-06  4.116168E-07  1.846430E-03  4.354449E-08  1.767166E-07  5.262554E-08  6.575906E-02  2.533997E-06  2.248806E-07  1.866743E-07  2.381306E-04  3.237593E-04  6.224212E-07  1.725110E-07  2.245988E-07  3.063986E-07
 3.591500E+02  3.664003E-01  1.427944E-04  6.774830E-09  9.090582E-09  1.016292E-08  1.237266E-08  2.486996E-01  1.106799E-04  6.580762E-08  3.164299E-01  7.430716E-04  2.278156E-06  4.039807E-07  1.822560E-03  4.193143E-08  1.704978E-07  5.114015E-08  6.508861E-02  2.450876E-06  2.195845E-07  1.821864E-07  2.353467E-04  3.199777E-04  5.966027E-07  1.651638E-07  2.150899E-07  2.955859E-07
 3.601500E+02  3.667432E-01  1.417341E-04  6.622788E-09  8.888285E-09  9.937184E-09  1.210007E-08  2.487160E-01  1.092524E-04  6.293617E-08  3.167715E-01  7.349842E-04  2.185925E-06  3.965248E-07  1.799141E-03  4.038748E-08  1.645342E-07  4.970538E-08  6.442841E-02  2.370912E-06  2.144424E-07  1.778310E-07  2.326111E-04  3.162617E-04  5.719901E-07  1.581699E-07  2.060359E-07  2.852143E-07
 3.611500E+02  3.670808E-01  1.406874E-04  6.475023E-09  8.691641E-09  9.717743E-09  1.183503E-08  2.487321E-01  1.078527E-04  6.020649E-08  3.171078E-01  7.270219E-04  2.097884E-06  3.892445E-07  1.776164E-03  3.890931E-08  1.588141E-07  4.831926E-08  6.377829E-02  2.293973E-06  2.094492E-07  1.736038E-07  2.299228E-04  3.126099E-04  5.485212E-07  1.515105E-07  1.974127E-07  2.752635E-07
 3.621500E+02  3.674133E-01  1.396540E-04  6.331395E-09  8.500466E-09  9.504396E-09  1.157731E-08  2.487479E-01  1.064800E-04  5.761083E-08  3.174391E-01  7.191827E-04  2.013822E-06  3.821349E-07  1.753618E-03  3.749378E-08  1.533262E-07  4.697989E-08  6.313807E-02  2.219929E-06  2.045998E-07  1.695005E-07  2.272807E-04  3.090210E-04  5.261376E-07  1.451680E-07  1.891978E-07  2.657145E-07
 3.631500E+02  3.677407E-01  1.386338E-04  6.191770E-09  8.314584E-09  9.296947E-09  1.132667E-08  2.487634E-01  1.051337E-04  5.514191E-08  3.177653E-01  7.114644E-04  1.933544E-06  3.751914E-07  1.731494E-03  3.613791E-08  1.480599E-07  4.568547E-08  6.250757E-02  2.148660E-06  1.998894E-07  1.655167E-07  2.246839E-04  3.054937E-04  5.047839E-07  1.391257E-07  1.813698E-07  2.565491E-07
 3.641500E+02  3.680630E-01  1.376265E-04  6.056017E-09  8.133825E-09  9.095207E-09  1.108288E-08  2.487786E-01  1.038131E-04  5.279287E-08  3.180865E-01  7.038647E-04  1.856861E-06  3.684095E-07  1.709781E-03  3.483888E-08  1.430052E-07  4.443426E-08  6.188662E-02  2.080048E-06  1.953136E-07  1.616486E-07  2.221314E-04  3.020266E-04  4.844080E-07  1.333678E-07  1.739084E-07  2.477501E-07
 3.651500E+02  3.683805E-01  1.366319E-04  5.924014E-09  7.958024E-09  8.898993E-09  1.084573E-08  2.487935E-01  1.025177E-04  5.055727E-08  3.184029E-01  6.963816E-04  1.783597E-06  3.617849E-07  1.688471E-03  3.359401E-08  1.381523E-07  4.322461E-08  6.127504E-02  2.013982E-06  1.908678E-07  1.578923E-07  2.196223E-04  2.986185E-04  4.649604E-07  1.278796E-07  1.667948E-07  2.393009E-07
 3.661500E+02  3.686932E-01  1.356499E-04  5.795638E-09  7.787023E-09  8.708130E-09  1.061501E-08  2.488082E-01  1.012468E-04  4.842903E-08  3.187145E-01  6.890130E-04  1.713585E-06  3.553134E-07  1.667553E-03  3.240076E-08  1.334922E-07  4.205492E-08  6.067268E-02  1.950358E-06  1.865478E-07  1.542439E-07  2.171557E-04  2.952681E-04  4.463945E-07  1.226471E-07  1.600109E-07  2.311861E-07
 3.671500E+02  3.690011E-01  1.346803E-04  5.670775E-09  7.620670E-09  8.522446E-09  1.039051E-08  2.488226E-01  9.999983E-05  4.640244E-08  3.190214E-01  6.817569E-04  1.646666E-06  3.489908E-07  1.647020E-03  3.125674E-08  1.290163E-07  4.092370E-08  6.007936E-02  1.889073E-06  1.823495E-07  1.507000E-07  2.147308E-04  2.919743E-04  4.286662E-07  1.176572E-07  1.535398E-07  2.233907E-07
 3.681500E+02  3.693044E-01  1.337230E-04  5.549312E-09  7.458818E-09  8.341780E-09  1.017203E-08  2.488367E-01  9.877625E-05  4.447211E-08  3.193237E-01  6.746113E-04  1.582689E-06  3.428133E-07  1.626862E-03  3.015965E-08  1.247163E-07  3.982947E-08  5.949492E-02  1.830031E-06  1.782689E-07  1.472572E-07  2.123466E-04  2.887359E-04  4.117337E-07  1.128973E-07  1.473656E-07  2.159007E-07
 3.691500E+02  3.696031E-01  1.327776E-04  5.431142E-09  7.301325E-09  8.165972E-09  9.959398E-09  2.488506E-01  9.757550E-05  4.263298E-08  3.196215E-01  6.675743E-04  1.521512E-06  3.367769E-07  1.607071E-03  2.910733E-08  1.205844E-07  3.877085E-08  5.891922E-02  1.773140E-06  1.743021E-07  1.439119E-07  2.100023E-04  2.855517E-04  3.955577E-07  1.083558E-07  1.414732E-07  2.087026E-07
 3.701500E+02  3.698973E-01  1.318442E-04  5.316160E-09  7.148055E-09  7.994871E-09  9.752421E-09  2.488642E-01  9.639703E-05  4.088026E-08  3.199148E-01  6.606439E-04  1.463001E-06  3.308780E-07  1.587639E-03  2.809773E-08  1.166132E-07  3.774650E-08  5.835209E-02  1.718313E-06  1.704456E-07  1.406612E-07  2.076971E-04  2.824206E-04  3.801007E-07  1.040215E-07  1.358483E-07  2.017836E-07
 3.711500E+02  3.701872E-01  1.309224E-04  5.204267E-09  6.998874E-09  7.828329E-09  9.550925E-09  2.488776E-01  9.524033E-05  3.920945E-08  3.202038E-01  6.538182E-04  1.407027E-06  3.251128E-07  1.568557E-03  2.712889E-08  1.127957E-07  3.675515E-08  5.779337E-02  1.665464E-06  1.666958E-07  1.375018E-07  2.054301E-04  2.793416E-04  3.653275E-07  9.988393E-08  1.304774E-07  1.951316E-07
 3.721500E+02  3.704727E-01  1.300121E-04  5.095366E-09  6.853656E-09  7.666205E-09  9.354741E-09  2.488908E-01  9.410488E-05  3.761629E-08  3.204885E-01  6.470954E-04  1.353470E-06  3.194780E-07  1.549818E-03  2.619896E-08  1.091249E-07  3.579558E-08  5.724294E-02  1.614514E-06  1.630492E-07  1.344309E-07  2.032007E-04  2.763135E-04  3.512047E-07  9.593325E-08  1.253479E-07  1.887350E-07
 3.731500E+02  3.707540E-01  1.291132E-04  4.989363E-09  6.712278E-09  7.508361E-09  9.163706E-09  2.489037E-01  9.299020E-05  3.609678E-08  3.207689E-01  6.404736E-04  1.302214E-06  3.139699E-07  1.531415E-03  2.530618E-08  1.055947E-07  3.486659E-08  5.670063E-02  1.565386E-06  1.595026E-07  1.314455E-07  2.010081E-04  2.733354E-04  3.377005E-07  9.216008E-08  1.204477E-07  1.825828E-07
