#         T/K            c1          c2-1          c3-4          c3-5          c3-7          c3-9            m1          m2-1          m3-1            w1            w2          w3-1          w3-2          c1m1        c1m2-1        c1m2-7        c2m1-1        c1w1-2        c1w2-1        c2w1-1        c2w1-9        m1w1-1        m1w1-4        m1w2-1        m2w1-1        m2w1-3      c1m1w1-1
 2.731500E+02  2.990266E-02  2.843011E-06  7.156561E-11  9.393159E-11  1.045064E-10  1.246108E-10  3.452312E-01  9.630938E-04  2.899923E-05  5.645645E-01  1.050865E-02  1.989503E-03  2.791485E-05  1.037765E-03  5.503045E-07  1.805724E-06  1.591148E-08  3.911981E-02  4.002142E-05  5.707498E-08  5.011788E-08  2.529923E-03  3.443908E-03  4.009946E-04  8.878465E-05  1.124469E-04  4.503465E-06
 2.741500E+02  3.016748E-02  2.840946E-06  7.000153E-11  9.190981E-11  1.022646E-10  1.219763E-10  3.453500E-01  9.405165E-04  2.678650E-05  5.652783E-01  1.028606E-02  1.845835E-03  2.690551E-05  1.020199E-03  5.177965E-07  1.704557E-06  1.530500E-08  3.860942E-02  3.790134E-05  5.531665E-08  4.853197E-08  2.474701E-03  3.368521E-03  3.716849E-04  8.216855E-05  1.041090E-04  4.248734E-06
 2.751500E+02  3.042910E-02  2.838344E-06  6.846400E-11  8.992130E-11  1.000595E-10  1.193835E-10  3.454643E-01  9.186390E-04  2.475765E-05  5.659681E-01  1.006934E-02  1.713372E-03  2.593842E-05  1.002965E-03  4.873917E-07  1.609627E-06  1.472335E-08  3.810501E-02  3.590330E-05  5.361430E-08  4.699814E-08  2.421036E-03  3.295271E-03  3.446972E-04  7.608830E-05  9.644340E-05  4.009718E-06
 2.761500E+02  3.068750E-02  2.835218E-06  6.695303E-11  8.796611E-11  9.789104E-11  1.168325E-10  3.455744E-01  8.974356E-04  2.289622E-05  5.666352E-01  9.858318E-03  1.591183E-03  2.501169E-05  9.860586E-04  4.589432E-07  1.520516E-06  1.416544E-08  3.760661E-02  3.401983E-05  5.196625E-08  4.551473E-08  2.368880E-03  3.224090E-03  3.198349E-04  7.049731E-05  8.939191E-05  3.785378E-06
 2.771500E+02  3.094267E-02  2.831582E-06  6.546863E-11  8.604432E-11  9.575940E-11  1.143237E-10  3.456804E-01  8.768814E-04  2.118733E-05  5.672808E-01  9.652852E-03  1.478422E-03  2.412352E-05  9.694726E-04  4.323147E-07  1.436836E-06  1.363027E-08  3.711426E-02  3.224394E-05  5.037085E-08  4.408016E-08  2.318185E-03  3.154911E-03  2.969190E-04  6.535331E-05  8.290169E-05  3.574746E-06
 2.781500E+02  3.119460E-02  2.827450E-06  6.401078E-11  8.415595E-11  9.366459E-11  1.118571E-10  3.457826E-01  8.569526E-04  1.961753E-05  5.679061E-01  9.452790E-03  1.374312E-03  2.327215E-05  9.532017E-04  4.073804E-07  1.358229E-06  1.311686E-08  3.662799E-02  3.056910E-05  4.882650E-08  4.269286E-08  2.268904E-03  3.087672E-03  2.757863E-04  6.061791E-05  7.692474E-05  3.376923E-06
 2.791500E+02  3.144330E-02  2.822837E-06  6.257946E-11  8.230101E-11  9.160665E-11  1.094327E-10  3.458812E-01  8.376265E-04  1.817460E-05  5.685120E-01  9.257983E-03  1.278146E-03  2.245594E-05  9.372402E-04  3.840238E-07  1.284362E-06  1.262428E-08  3.614782E-02  2.898918E-05  4.733164E-08  4.135135E-08  2.220995E-03  3.022311E-03  2.562882E-04  5.625623E-05  7.141740E-05  3.191071E-06
 2.801500E+02  3.168875E-02  2.817757E-06  6.117461E-11  8.047949E-11  8.958555E-11  1.070507E-10  3.459763E-01  8.188812E-04  1.684751E-05  5.690995E-01  9.068285E-03  1.189276E-03  2.167331E-05  9.215825E-04  3.621369E-07  1.214924E-06  1.215166E-08  3.567377E-02  2.749844E-05  4.588475E-08  4.005415E-08  2.174411E-03  2.958767E-03  2.382892E-04  5.223656E-05  6.633998E-05  3.016413E-06
 2.811500E+02  3.193095E-02  2.812225E-06  5.979616E-11  7.869134E-11  8.760126E-11  1.047109E-10  3.460682E-01  8.006958E-04  1.562621E-05  5.696696E-01  8.883555E-03  1.107112E-03  2.092273E-05  9.062233E-04  3.416196E-07  1.149627E-06  1.169814E-08  3.520583E-02  2.609151E-05  4.448436E-08  3.879985E-08  2.129113E-03  2.896984E-03  2.216657E-04  4.853004E-05  6.165637E-05  2.852224E-06
 2.821500E+02  3.216992E-02  2.806257E-06  5.844402E-11  7.693649E-11  8.565372E-11  1.024135E-10  3.461570E-01  7.830503E-04  1.450161E-05  5.702229E-01  8.703651E-03  1.031111E-03  2.020277E-05  8.911572E-04  3.223794E-07  1.088204E-06  1.126292E-08  3.474402E-02  2.476334E-05  4.312902E-08  3.758706E-08  2.085059E-03  2.836904E-03  2.063049E-04  4.511041E-05  5.733368E-05  2.697827E-06
 2.831500E+02  3.240565E-02  2.799866E-06  5.711808E-11  7.521483E-11  8.374281E-11  1.001583E-10  3.462428E-01  7.659254E-04  1.346546E-05  5.707604E-01  8.528438E-03  9.607793E-04  1.951205E-05  8.763788E-04  3.043302E-07  1.030405E-06  1.084523E-08  3.428833E-02  2.350922E-05  4.181733E-08  3.641443E-08  2.042210E-03  2.778474E-03  1.921037E-04  4.195378E-05  5.334194E-05  2.552596E-06
 2.841500E+02  3.263816E-02  2.793069E-06  5.581820E-11  7.352623E-11  8.186841E-11  9.794529E-11  3.463257E-01  7.493027E-04  1.251023E-05  5.712827E-01  8.357780E-03  8.956639E-04  1.884926E-05  8.618831E-04  2.873922E-07  9.759974E-07  1.044433E-08  3.383875E-02  2.232474E-05  4.054793E-08  3.528068E-08  2.000527E-03  2.721641E-03  1.789681E-04  3.903834E-05  4.965385E-05  2.415943E-06
 2.851500E+02  3.286746E-02  2.785881E-06  5.454422E-11  7.187053E-11  8.003034E-11  9.577422E-11  3.464060E-01  7.331643E-04  1.162912E-05  5.717904E-01  8.191548E-03  8.353499E-04  1.821314E-05  8.476649E-04  2.714915E-07  9.247659E-07  1.005951E-08  3.339527E-02  2.120573E-05  3.931948E-08  3.418452E-08  1.959974E-03  2.666354E-03  1.668121E-04  3.634423E-05  4.624451E-05  2.287323E-06
 2.861500E+02  3.309356E-02  2.778316E-06  5.329597E-11  7.024754E-11  7.822841E-11  9.364494E-11  3.464837E-01  7.174935E-04  1.081591E-05  5.722843E-01  8.029613E-03  7.794577E-04  1.760250E-05  8.337192E-04  2.565592E-07  8.765090E-07  9.690099E-09  3.295786E-02  2.014832E-05  3.813071E-08  3.312473E-08  1.920515E-03  2.612565E-03  1.555572E-04  3.385335E-05  4.309119E-05  2.166227E-06
 2.871500E+02  3.331648E-02  2.770389E-06  5.207326E-11  6.865706E-11  7.646240E-11  9.155725E-11  3.465589E-01  7.022738E-04  1.006494E-05  5.727649E-01  7.871852E-03  7.276392E-04  1.701620E-05  8.200411E-04  2.425314E-07  8.310392E-07  9.335449E-09  3.252650E-02  1.914887E-05  3.698034E-08  3.210012E-08  1.882115E-03  2.560225E-03  1.451314E-04  3.154914E-05  4.017315E-05  2.052181E-06
 2.881500E+02  3.353624E-02  2.762116E-06  5.087586E-11  6.709884E-11  7.473203E-11  8.951087E-11  3.466317E-01  6.874896E-04  9.371071E-06  5.732328E-01  7.718144E-03  6.795757E-04  1.645316E-05  8.066256E-04  2.293489E-07  7.881815E-07  8.994943E-09  3.210117E-02  1.820397E-05  3.586717E-08  3.110953E-08  1.844742E-03  2.509290E-03  1.354690E-04  2.941653E-05  3.747143E-05  1.944740E-06
 2.891500E+02  3.375285E-02  2.753511E-06  4.970356E-11  6.557262E-11  7.303705E-11  8.750553E-11  3.467023E-01  6.731258E-04  8.729606E-06  5.736885E-01  7.568372E-03  6.349748E-04  1.591235E-05  7.934679E-04  2.169565E-07  7.477729E-07  8.667990E-09  3.168182E-02  1.731040E-05  3.479000E-08  3.015183E-08  1.808363E-03  2.459713E-03  1.265097E-04  2.744171E-05  3.496871E-05  1.843493E-06
 2.901500E+02  3.396633E-02  2.744588E-06  4.855610E-11  6.407811E-11  7.137712E-11  8.554091E-11  3.467708E-01  6.591681E-04  8.136266E-06  5.741324E-01  7.422419E-03  5.935681E-04  1.539277E-05  7.805633E-04  2.053028E-07  7.096613E-07  8.354023E-09  3.126844E-02  1.646518E-05  3.374768E-08  2.922593E-08  1.772947E-03  2.411454E-03  1.181984E-04  2.561207E-05  3.264916E-05  1.748053E-06
 2.911500E+02  3.417672E-02  2.735361E-06  4.743322E-11  6.261501E-11  6.975193E-11  8.361664E-11  3.468372E-01  6.456025E-04  7.587145E-06  5.745651E-01  7.280177E-03  5.551096E-04  1.489350E-05  7.679071E-04  1.943401E-07  6.737046E-07  8.052502E-09  3.086097E-02  1.566547E-05  3.273908E-08  2.833078E-08  1.738464E-03  2.364470E-03  1.104846E-04  2.391609E-05  3.049829E-05  1.658061E-06
 2.921500E+02  3.438402E-02  2.725846E-06  4.633464E-11  6.118299E-11  6.816112E-11  8.173236E-11  3.469015E-01  6.324158E-04  7.078677E-06  5.749869E-01  7.141536E-03  5.193734E-04  1.441364E-05  7.554946E-04  1.840239E-07  6.397704E-07  7.762906E-09  3.045938E-02  1.490864E-05  3.176313E-08  2.746534E-08  1.704884E-03  2.318722E-03  1.033219E-04  2.234321E-05  2.850284E-05  1.573181E-06
 2.931500E+02  3.458828E-02  2.716055E-06  4.526007E-11  5.978169E-11  6.660430E-11  7.988765E-11  3.469640E-01  6.195952E-04  6.607604E-06  5.753982E-01  7.006392E-03  4.861518E-04  1.395234E-05  7.433214E-04  1.743130E-07  6.077348E-07  7.484741E-09  3.006362E-02  1.419221E-05  3.081876E-08  2.662863E-08  1.672180E-03  2.274171E-03  9.666773E-05  2.088377E-05  2.665065E-05  1.493098E-06
 2.941500E+02  3.478951E-02  2.706002E-06  4.420920E-11  5.841077E-11  6.508109E-11  7.808209E-11  3.470247E-01  6.071282E-04  6.170950E-06  5.757996E-01  6.874643E-03  4.552543E-04  1.350879E-05  7.313828E-04  1.651687E-07  5.774823E-07  7.217531E-09  2.967365E-02  1.351384E-05  2.990494E-08  2.581969E-08  1.640325E-03  2.230780E-03  9.048322E-05  1.952892E-05  2.493060E-05  1.417518E-06
 2.951500E+02  3.498774E-02  2.695701E-06  4.318172E-11  5.706983E-11  6.359107E-11  7.631522E-11  3.470836E-01  5.950032E-04  5.765989E-06  5.761912E-01  6.746191E-03  4.265055E-04  1.308221E-05  7.196746E-04  1.565552E-07  5.489047E-07  6.960821E-09  2.928942E-02  1.287136E-05  2.902069E-08  2.503757E-08  1.609292E-03  2.188513E-03  8.473251E-05  1.827055E-05  2.333249E-05  1.346168E-06
 2.961500E+02  3.518301E-02  2.685164E-06  4.217731E-11  5.575848E-11  6.213380E-11  7.458657E-11  3.471408E-01  5.832088E-04  5.390230E-06  5.765735E-01  6.620938E-03  3.997442E-04  1.267187E-05  7.081922E-04  1.484391E-07  5.219010E-07  6.714175E-09  2.891087E-02  1.226271E-05  2.816503E-08  2.428137E-08  1.579057E-03  2.147335E-03  7.938270E-05  1.710123E-05  2.184694E-05  1.278792E-06
 2.971500E+02  3.537533E-02  2.674405E-06  4.119562E-11  5.447631E-11  6.070884E-11  7.289564E-11  3.471964E-01  5.717339E-04  5.041391E-06  5.769468E-01  6.498794E-03  3.748222E-04  1.227707E-05  6.969315E-04  1.407890E-07  4.963767E-07  6.477177E-09  2.853795E-02  1.168596E-05  2.733702E-08  2.355022E-08  1.549594E-03  2.107213E-03  7.440359E-05  1.601413E-05  2.046539E-05  1.215148E-06
 2.981500E+02  3.556475E-02  2.663435E-06  4.023632E-11  5.322291E-11  5.931573E-11  7.124192E-11  3.472504E-01  5.605682E-04  4.717380E-06  5.773113E-01  6.379667E-03  3.516030E-04  1.189713E-05  6.858880E-04  1.335760E-07  4.722436E-07  6.249427E-09  2.817061E-02  1.113930E-05  2.653577E-08  2.284327E-08  1.520880E-03  2.068113E-03  6.976738E-05  1.500299E-05  1.917992E-05  1.155014E-06
 2.991500E+02  3.575129E-02  2.652267E-06  3.929904E-11  5.199784E-11  5.795400E-11  6.962488E-11  3.473030E-01  5.497015E-04  4.416282E-06  5.776674E-01  6.263471E-03  3.299609E-04  1.153143E-05  6.750578E-04  1.267729E-07  4.494188E-07  6.030542E-09  2.780879E-02  1.062103E-05  2.576038E-08  2.215969E-08  1.492893E-03  2.030006E-03  6.544852E-05  1.406205E-05  1.798330E-05  1.098178E-06
 3.001500E+02  3.593498E-02  2.640913E-06  3.838344E-11  5.080065E-11  5.662316E-11  6.804399E-11  3.473541E-01  5.391240E-04  4.136337E-06  5.780154E-01  6.150120E-03  3.097802E-04  1.117935E-05  6.644365E-04  1.203543E-07  4.278250E-07  5.820157E-09  2.745243E-02  1.012955E-05  2.501000E-08  2.149870E-08  1.465610E-03  1.992861E-03  6.142349E-05  1.318604E-05  1.686888E-05  1.044445E-06
 3.011500E+02  3.611586E-02  2.629384E-06  3.748916E-11  4.963091E-11  5.532272E-11  6.649869E-11  3.474038E-01  5.288264E-04  3.875935E-06  5.783555E-01  6.039533E-03  2.909542E-04  1.084032E-05  6.540203E-04  1.142966E-07  4.073897E-07  5.617922E-09  2.710147E-02  9.663366E-06  2.428380E-08  2.085953E-08  1.439010E-03  1.956648E-03  5.767064E-05  1.237010E-05  1.583051E-05  9.936306E-07
 3.021500E+02  3.629396E-02  2.617691E-06  3.661582E-11  4.848816E-11  5.405219E-11  6.498841E-11  3.474521E-01  5.187998E-04  3.633593E-06  5.786879E-01  5.931631E-03  2.733844E-04  1.051378E-05  6.438050E-04  1.085777E-07  3.880450E-07  5.423500E-09  2.675586E-02  9.221052E-06  2.358099E-08  2.024142E-08  1.413072E-03  1.921340E-03  5.417003E-05  1.160975E-05  1.486258E-05  9.455624E-07
 3.031500E+02  3.646931E-02  2.605846E-06  3.576305E-11  4.737193E-11  5.281105E-11  6.351259E-11  3.474992E-01  5.090353E-04  3.407952E-06  5.790130E-01  5.826335E-03  2.569803E-04  1.019921E-05  6.337867E-04  1.031770E-07  3.697273E-07  5.236569E-09  2.641553E-02  8.801286E-06  2.290079E-08  1.964367E-08  1.387777E-03  1.886909E-03  5.090327E-05  1.090090E-05  1.395989E-05  9.000790E-07
 3.041500E+02  3.664195E-02  2.593859E-06  3.493048E-11  4.628176E-11  5.159879E-11  6.207064E-11  3.475450E-01  4.995247E-04  3.197761E-06  5.793309E-01  5.723573E-03  2.416581E-04  9.896104E-06  6.239616E-04  9.807511E-08  3.523771E-07  5.056824E-09  2.608041E-02  8.402817E-06  2.224243E-08  1.906557E-08  1.363106E-03  1.853329E-03  4.785344E-05  1.023974E-05  1.311767E-05  8.570293E-07
 3.051500E+02  3.681191E-02  2.581739E-06  3.411774E-11  4.521719E-11  5.041490E-11  6.066197E-11  3.475896E-01  4.902599E-04  3.001872E-06  5.796418E-01  5.623271E-03  2.273406E-04  9.603984E-06  6.143259E-04  9.325412E-08  3.359384E-07  4.883967E-09  2.575045E-02  8.024471E-06  2.160521E-08  1.850645E-08  1.339039E-03  1.820574E-03  4.500490E-05  9.622803E-06  1.233152E-05  8.162715E-07
 3.061500E+02  3.697922E-02  2.569498E-06  3.332444E-11  4.417773E-11  4.925885E-11  5.928600E-11  3.476330E-01  4.812331E-04  2.819225E-06  5.799460E-01  5.525360E-03  2.139563E-04  9.322394E-06  6.048757E-04  8.869711E-08  3.203588E-07  4.717719E-09  2.542558E-02  7.665140E-06  2.098841E-08  1.796567E-08  1.315560E-03  1.788621E-03  4.234325E-05  9.046870E-06  1.159738E-05  7.776727E-07
 3.071500E+02  3.714392E-02  2.557144E-06  3.255021E-11  4.316291E-11  4.813013E-11  5.794213E-11  3.476753E-01  4.724370E-04  2.648849E-06  5.802436E-01  5.429771E-03  2.014393E-04  9.050899E-06  5.956074E-04  8.438833E-08  3.055893E-07  4.557807E-09  2.510574E-02  7.323784E-06  2.039134E-08  1.744258E-08  1.292650E-03  1.757445E-03  3.985516E-05  8.508980E-06  1.091151E-05  7.411084E-07
 3.081500E+02  3.730605E-02  2.544688E-06  3.179468E-11  4.217226E-11  4.702821E-11  5.662976E-11  3.477166E-01  4.638642E-04  2.489845E-06  5.805349E-01  5.336440E-03  1.897287E-04  8.789083E-06  5.865174E-04  8.031301E-08  2.915836E-07  4.403974E-09  2.479086E-02  6.999423E-06  1.981335E-08  1.693660E-08  1.270293E-03  1.727023E-03  3.752835E-05  8.006401E-06  1.027045E-05  7.064615E-07
 3.091500E+02  3.746563E-02  2.532137E-06  3.105745E-11  4.120531E-11  4.595257E-11  5.534828E-11  3.477567E-01  4.555079E-04  2.341389E-06  5.808201E-01  5.245302E-03  1.787682E-04  8.536549E-06  5.776021E-04  7.645735E-08  2.782985E-07  4.255971E-09  2.448087E-02  6.691135E-06  1.925381E-08  1.644712E-08  1.248473E-03  1.697334E-03  3.535147E-05  7.536614E-06  9.671033E-06  6.736226E-07
 3.101500E+02  3.762271E-02  2.519502E-06  3.033816E-11  4.026157E-11  4.490268E-11  5.409711E-11  3.477959E-01  4.473613E-04  2.202719E-06  5.810992E-01  5.156297E-03  1.685057E-04  8.292919E-06  5.688579E-04  7.280840E-08  2.656934E-07  4.113561E-09  2.417571E-02  6.398050E-06  1.871209E-08  1.597358E-08  1.227175E-03  1.668355E-03  3.331401E-05  7.097290E-06  9.110301E-06  6.424885E-07
 3.111500E+02  3.777731E-02  2.506789E-06  2.963644E-11  3.934058E-11  4.387802E-11  5.287563E-11  3.478341E-01  4.394182E-04  2.073133E-06  5.813725E-01  5.069363E-03  1.588928E-04  8.057831E-06  5.602815E-04  6.935407E-08  2.537300E-07  3.976517E-09  2.387532E-02  6.119349E-06  1.818759E-08  1.551543E-08  1.206382E-03  1.640067E-03  3.140626E-05  6.686281E-06  8.585541E-06  6.129627E-07
 3.121500E+02  3.792948E-02  2.494007E-06  2.895190E-11  3.844187E-11  4.287807E-11  5.168326E-11  3.478713E-01  4.316721E-04  1.951982E-06  5.816401E-01  4.984444E-03  1.498850E-04  7.830939E-06  5.518694E-04  6.608299E-08  2.423726E-07  3.844622E-09  2.357963E-02  5.854261E-06  1.767974E-08  1.507215E-08  1.186081E-03  1.612449E-03  2.961926E-05  6.301599E-06  8.094238E-06  5.849544E-07
 3.131500E+02  3.807925E-02  2.481165E-06  2.828419E-11  3.756496E-11  4.190232E-11  5.051940E-11  3.479076E-01  4.241171E-04  1.838668E-06  5.819022E-01  4.901483E-03  1.414408E-04  7.611915E-06  5.436183E-04  6.298453E-08  2.315875E-07  3.717666E-09  2.328857E-02  5.602060E-06  1.718798E-08  1.464322E-08  1.166257E-03  1.585482E-03  2.794467E-05  5.941409E-06  7.634070E-06  5.583785E-07
 3.141500E+02  3.822665E-02  2.468269E-06  2.763292E-11  3.670939E-11  4.095025E-11  4.938345E-11  3.479430E-01  4.167475E-04  1.732640E-06  5.821590E-01  4.820427E-03  1.335220E-04  7.400442E-06  5.355249E-04  6.004873E-08  2.213429E-07  3.595450E-09  2.300207E-02  5.362060E-06  1.671177E-08  1.422815E-08  1.146898E-03  1.559148E-03  2.637481E-05  5.604012E-06  7.202887E-06  5.331547E-07
 3.151500E+02  3.837172E-02  2.455327E-06  2.699775E-11  3.587470E-11  4.002134E-11  4.827482E-11  3.479776E-01  4.095577E-04  1.633386E-06  5.824105E-01  4.741222E-03  1.260929E-04  7.196222E-06  5.275861E-04  5.726624E-08  2.116092E-07  3.477783E-09  2.272008E-02  5.133615E-06  1.625058E-08  1.382646E-08  1.127988E-03  1.533427E-03  2.490255E-05  5.287837E-06  6.798697E-06  5.092078E-07
 3.161500E+02  3.851449E-02  2.442346E-06  2.637830E-11  3.506043E-11  3.911511E-11  4.719294E-11  3.480113E-01  4.025422E-04  1.540434E-06  5.826570E-01  4.663818E-03  1.191208E-04  6.998965E-06  5.197987E-04  5.462829E-08  2.023582E-07  3.364481E-09  2.244253E-02  4.916117E-06  1.580392E-08  1.343770E-08  1.109516E-03  1.508303E-03  2.352128E-05  4.991428E-06  6.419658E-06  4.864672E-07
 3.171500E+02  3.865499E-02  2.429332E-06  2.577422E-11  3.426612E-11  3.823104E-11  4.613721E-11  3.480442E-01  3.956960E-04  1.453348E-06  5.828985E-01  4.588166E-03  1.125749E-04  6.808397E-06  5.121595E-04  5.212665E-08  1.935637E-07  3.255370E-09  2.216934E-02  4.708990E-06  1.537129E-08  1.306141E-08  1.091470E-03  1.483759E-03  2.222488E-05  4.713439E-06  6.064063E-06  4.648662E-07
 3.181500E+02  3.879327E-02  2.416293E-06  2.518517E-11  3.349134E-11  3.736863E-11  4.510708E-11  3.480764E-01  3.890139E-04  1.371724E-06  5.831351E-01  4.514217E-03  1.064270E-04  6.624255E-06  5.046656E-04  4.975359E-08  1.852010E-07  3.150281E-09  2.190046E-02  4.511691E-06  1.495223E-08  1.269718E-08  1.073837E-03  1.459778E-03  2.100765E-05  4.452621E-06  5.730330E-06  4.443422E-07
 3.191500E+02  3.892935E-02  2.403233E-06  2.461079E-11  3.273563E-11  3.652741E-11  4.410196E-11  3.481078E-01  3.824912E-04  1.295188E-06  5.833671E-01  4.441925E-03  1.006508E-04  6.446290E-06  4.973139E-04  4.750188E-08  1.772466E-07  3.049053E-09  2.163582E-02  4.323711E-06  1.454628E-08  1.234458E-08  1.056606E-03  1.436345E-03  1.986433E-05  4.207817E-06  5.416992E-06  4.248365E-07
 3.201500E+02  3.906327E-02  2.390159E-06  2.405074E-11  3.199856E-11  3.570688E-11  4.312130E-11  3.481384E-01  3.761231E-04  1.223394E-06  5.835945E-01  4.371245E-03  9.522160E-05  6.274259E-06  4.901016E-04  4.536470E-08  1.696786E-07  2.951532E-09  2.137535E-02  4.144565E-06  1.415299E-08  1.200321E-08  1.039766E-03  1.413445E-03  1.879003E-05  3.977953E-06  5.122687E-06  4.062936E-07
 3.211500E+02  3.919507E-02  2.377077E-06  2.350468E-11  3.127970E-11  3.490657E-11  4.216455E-11  3.481683E-01  3.699052E-04  1.156021E-06  5.838174E-01  4.302134E-03  9.011688E-05  6.107934E-06  4.830257E-04  4.333565E-08  1.624763E-07  2.857570E-09  2.111900E-02  3.973798E-06  1.377195E-08  1.167270E-08  1.023306E-03  1.391062E-03  1.778020E-05  3.762035E-06  4.846153E-06  3.886613E-07
 3.221500E+02  3.932477E-02  2.363993E-06  2.297228E-11  3.057862E-11  3.412601E-11  4.123115E-11  3.481975E-01  3.638331E-04  1.092772E-06  5.840360E-01  4.234550E-03  8.531545E-05  5.947094E-06  4.760835E-04  4.140873E-08  1.556202E-07  2.767026E-09  2.086670E-02  3.810978E-06  1.340275E-08  1.135267E-08  1.007215E-03  1.369182E-03  1.683062E-05  3.559138E-06  4.586217E-06  3.718907E-07
 3.231500E+02  3.945240E-02  2.350910E-06  2.245322E-11  2.989491E-11  3.336473E-11  4.032058E-11  3.482261E-01  3.579026E-04  1.033370E-06  5.842504E-01  4.168452E-03  8.079767E-05  5.791531E-06  4.692722E-04  3.957829E-08  1.490921E-07  2.679764E-09  2.061838E-02  3.655701E-06  1.304498E-08  1.104276E-08  9.914826E-04  1.347791E-03  1.593737E-05  3.368405E-06  4.341791E-06  3.559353E-07
 3.241500E+02  3.957801E-02  2.337835E-06  2.194717E-11  2.922814E-11  3.262228E-11  3.943229E-11  3.482540E-01  3.521096E-04  9.775596E-07  5.844606E-01  4.103800E-03  7.654528E-05  5.641042E-06  4.625891E-04  3.783902E-08  1.428745E-07  2.595655E-09  2.037399E-02  3.507580E-06  1.269827E-08  1.074262E-08  9.761001E-04  1.326877E-03  1.509679E-05  3.189038E-06  4.111862E-06  3.407518E-07
 3.251500E+02  3.970163E-02  2.324772E-06  2.145381E-11  2.857793E-11  3.189822E-11  3.856576E-11  3.482813E-01  3.464501E-04  9.251039E-07  5.846667E-01  4.040556E-03  7.254126E-05  5.495434E-06  4.560315E-04  3.618593E-08  1.369512E-07  2.514573E-09  2.013345E-02  3.366254E-06  1.236224E-08  1.045192E-08  9.610575E-04  1.306425E-03  1.430549E-05  3.020298E-06  3.895490E-06  3.262989E-07
 3.261500E+02  3.982328E-02  2.311726E-06  2.097284E-11  2.794386E-11  3.119209E-11  3.772049E-11  3.483079E-01  3.409205E-04  8.757820E-07  5.848690E-01  3.978682E-03  6.876979E-05  5.354525E-06  4.495968E-04  3.461431E-08  1.313068E-07  2.436400E-09  1.989672E-02  3.231379E-06  1.203654E-08  1.017034E-08  9.463455E-04  1.286424E-03  1.356033E-05  2.861495E-06  3.691801E-06  3.125382E-07
 3.271500E+02  3.994300E-02  2.298701E-06  2.050395E-11  2.732554E-11  3.050346E-11  3.689595E-11  3.483340E-01  3.355170E-04  8.293890E-07  5.850673E-01  3.918142E-03  6.521613E-05  5.218136E-06  4.432826E-04  3.311975E-08  1.259267E-07  2.361022E-09  1.966372E-02  3.102630E-06  1.172083E-08  9.897573E-09  9.319552E-04  1.266860E-03  1.285835E-05  2.711990E-06  3.499981E-06  2.994330E-07
 3.281500E+02  4.006081E-02  2.285701E-06  2.004683E-11  2.672260E-11  2.983192E-11  3.609166E-11  3.483594E-01  3.302360E-04  7.857346E-07  5.852620E-01  3.858902E-03  6.186654E-05  5.086099E-06  4.370862E-04  3.169808E-08  1.207974E-07  2.288328E-09  1.943441E-02  2.979702E-06  1.141476E-08  9.633310E-09  9.178780E-04  1.247723E-03  1.219682E-05  2.571187E-06  3.319272E-06  2.869490E-07
 3.291500E+02  4.017676E-02  2.272730E-06  1.960121E-11  2.613465E-11  2.917703E-11  3.530713E-11  3.483844E-01  3.250742E-04  7.446417E-07  5.854529E-01  3.800927E-03  5.870821E-05  4.958252E-06  4.310053E-04  3.034540E-08  1.159058E-07  2.218214E-09  1.920871E-02  2.862303E-06  1.111803E-08  9.377265E-09  9.041055E-04  1.229001E-03  1.157319E-05  2.438531E-06  3.148971E-06  2.750538E-07
 3.301500E+02  4.029087E-02  2.259791E-06  1.916678E-11  2.556132E-11  2.853840E-11  3.454188E-11  3.484087E-01  3.200281E-04  7.059457E-07  5.856403E-01  3.744184E-03  5.572923E-05  4.834440E-06  4.250375E-04  2.905800E-08  1.112397E-07  2.150579E-09  1.898657E-02  2.750159E-06  1.083032E-08  9.129160E-09  8.906296E-04  1.210683E-03  1.098509E-05  2.313507E-06  2.988419E-06  2.637168E-07
 3.311500E+02  4.040317E-02  2.246889E-06  1.874327E-11  2.500225E-11  2.791562E-11  3.379543E-11  3.484325E-01  3.150947E-04  6.694935E-07  5.858242E-01  3.688642E-03  5.291845E-05  4.714514E-06  4.191804E-04  2.783242E-08  1.067877E-07  2.085328E-09  1.876793E-02  2.643011E-06  1.055132E-08  8.888724E-09  8.774424E-04  1.192758E-03  1.043030E-05  2.195633E-06  2.837007E-06  2.529090E-07
 3.321500E+02  4.051369E-02  2.234027E-06  1.833040E-11  2.445709E-11  2.730829E-11  3.306733E-11  3.484558E-01  3.102707E-04  6.351424E-07  5.860046E-01  3.634269E-03  5.026549E-05  4.598332E-06  4.134316E-04  2.666538E-08  1.025389E-07  2.022366E-09  1.855274E-02  2.540613E-06  1.028076E-08  8.655700E-09  8.645364E-04  1.175216E-03  9.906749E-06  2.084462E-06  2.694162E-06  2.426033E-07
 3.331500E+02  4.062247E-02  2.221208E-06  1.792790E-11  2.392549E-11  2.671603E-11  3.235712E-11  3.484787E-01  3.055532E-04  6.027598E-07  5.861818E-01  3.581036E-03  4.776067E-05  4.485757E-06  4.077891E-04  2.555379E-08  9.848305E-08  1.961607E-09  1.834094E-02  2.442731E-06  1.001835E-08  8.429835E-09  8.519040E-04  1.158046E-03  9.412521E-06  1.979576E-06  2.559355E-06  2.327739E-07
 3.341500E+02  4.072952E-02  2.208435E-06  1.753551E-11  2.340709E-11  2.613846E-11  3.166436E-11  3.485010E-01  3.009392E-04  5.722217E-07  5.863556E-01  3.528913E-03  4.539493E-05  4.376658E-06  4.022505E-04  2.449475E-08  9.461035E-08  1.902964E-09  1.813246E-02  2.349147E-06  9.763823E-09  8.210889E-09  8.395382E-04  1.141239E-03  8.945813E-06  1.880584E-06  2.432088E-06  2.233965E-07
 3.351500E+02  4.083489E-02  2.195711E-06  1.715296E-11  2.290158E-11  2.557521E-11  3.098861E-11  3.485228E-01  2.964260E-04  5.434131E-07  5.865263E-01  3.477872E-03  4.315982E-05  4.270909E-06  3.968137E-04  2.348551E-08  9.091166E-08  1.846357E-09  1.792727E-02  2.259650E-06  9.516916E-09  7.998628E-09  8.274320E-04  1.124785E-03  8.504944E-06  1.787125E-06  2.311899E-06  2.144481E-07
 3.361500E+02  4.093859E-02  2.183039E-06  1.678001E-11  2.240863E-11  2.502592E-11  3.032946E-11  3.485442E-01  2.920109E-04  5.162265E-07  5.866939E-01  3.427885E-03  4.104744E-05  4.168390E-06  3.914766E-04  2.252348E-08  8.737831E-08  1.791707E-09  1.772529E-02  2.174044E-06  9.277380E-09  7.792828E-09  8.155788E-04  1.108675E-03  8.088347E-06  1.698859E-06  2.198356E-06  2.059071E-07
 3.371500E+02  4.104066E-02  2.170420E-06  1.641640E-11  2.192790E-11  2.449023E-11  2.968647E-11  3.485651E-01  2.876911E-04  4.905615E-07  5.868584E-01  3.378925E-03  3.905042E-05  4.068985E-06  3.862371E-04  2.160622E-08  8.400209E-08  1.738940E-09  1.752648E-02  2.092141E-06  9.044973E-09  7.593271E-09  8.039718E-04  1.092901E-03  7.694557E-06  1.615468E-06  2.091055E-06  1.977529E-07
 3.381500E+02  4.114112E-02  2.157859E-06  1.606190E-11  2.145910E-11  2.396780E-11  2.905926E-11  3.485856E-01  2.834641E-04  4.663247E-07  5.870200E-01  3.330968E-03  3.716185E-05  3.972583E-06  3.810932E-04  2.073143E-08  8.077524E-08  1.687983E-09  1.733078E-02  2.013763E-06  8.819459E-09  7.399750E-09  7.926050E-04  1.077454E-03  7.322204E-06  1.536658E-06  1.989619E-06  1.899662E-07
 3.391500E+02  4.124001E-02  2.145356E-06  1.571627E-11  2.100192E-11  2.345828E-11  2.844741E-11  3.486056E-01  2.793274E-04  4.434288E-07  5.871787E-01  3.283987E-03  3.537528E-05  3.879079E-06  3.760429E-04  1.989693E-08  7.769041E-08  1.638768E-09  1.713815E-02  1.938743E-06  8.600614E-09  7.212061E-09  7.814720E-04  1.062324E-03  6.970007E-06  1.462153E-06  1.893697E-06  1.825286E-07
 3.401500E+02  4.133734E-02  2.132915E-06  1.537928E-11  2.055605E-11  2.296136E-11  2.785054E-11  3.486253E-01  2.752787E-04  4.217923E-07  5.873345E-01  3.237958E-03  3.368467E-05  3.788369E-06  3.710842E-04  1.910066E-08  7.474067E-08  1.591229E-09  1.694852E-02  1.866921E-06  8.388219E-09  7.030011E-09  7.705669E-04  1.047505E-03  6.636769E-06  1.391693E-06  1.802959E-06  1.754229E-07
 3.411500E+02  4.143315E-02  2.120537E-06  1.505070E-11  2.012121E-11  2.247670E-11  2.726827E-11  3.486445E-01  2.713156E-04  4.013390E-07  5.874875E-01  3.192858E-03  3.208437E-05  3.700356E-06  3.662154E-04  1.834069E-08  7.191942E-08  1.545303E-09  1.676186E-02  1.798146E-06  8.182063E-09  6.853411E-09  7.598840E-04  1.032988E-03  6.321369E-06  1.325038E-06  1.717096E-06  1.686325E-07
 3.421500E+02  4.152745E-02  2.108224E-06  1.473031E-11  1.969712E-11  2.200398E-11  2.670022E-11  3.486633E-01  2.674359E-04  3.819978E-07  5.876378E-01  3.148663E-03  3.056909E-05  3.614945E-06  3.614344E-04  1.761519E-08  6.922044E-08  1.500928E-09  1.657810E-02  1.732273E-06  7.981943E-09  6.682081E-09  7.494177E-04  1.018766E-03  6.022759E-06  1.261961E-06  1.635821E-06  1.621420E-07
 3.431500E+02  4.162029E-02  2.095978E-06  1.441790E-11  1.928348E-11  2.154291E-11  2.614604E-11  3.486818E-01  2.636374E-04  3.637022E-07  5.877855E-01  3.105351E-03  2.913387E-05  3.532047E-06  3.567396E-04  1.692241E-08  6.663783E-08  1.458046E-09  1.639720E-02  1.669168E-06  7.787663E-09  6.515846E-09  7.391625E-04  1.004831E-03  5.739956E-06  1.202253E-06  1.558864E-06  1.559367E-07
 3.441500E+02  4.171168E-02  2.083801E-06  1.411326E-11  1.888004E-11  2.109317E-11  2.560537E-11  3.486998E-01  2.599179E-04  3.463900E-07  5.879305E-01  3.062901E-03  2.777406E-05  3.451573E-06  3.521290E-04  1.626072E-08  6.416600E-08  1.416602E-09  1.621911E-02  1.608701E-06  7.599033E-09  6.354537E-09  7.291131E-04  9.911755E-04  5.472041E-06  1.145714E-06  1.485973E-06  1.500027E-07
 3.451500E+02  4.180164E-02  2.071694E-06  1.381619E-11  1.848653E-11  2.065448E-11  2.507786E-11  3.487176E-01  2.562754E-04  3.300031E-07  5.880730E-01  3.021291E-03  2.648533E-05  3.373441E-06  3.476010E-04  1.562858E-08  6.179966E-08  1.376542E-09  1.604378E-02  1.550748E-06  7.415870E-09  6.197992E-09  7.192645E-04  9.777934E-04  5.218153E-06  1.092160E-06  1.416911E-06  1.443269E-07
 3.461500E+02  4.189020E-02  2.059658E-06  1.352649E-11  1.810268E-11  2.022655E-11  2.456318E-11  3.487349E-01  2.527080E-04  3.144870E-07  5.882130E-01  2.980501E-03  2.526358E-05  3.297570E-06  3.431539E-04  1.502451E-08  5.953378E-08  1.337814E-09  1.587116E-02  1.495195E-06  7.237997E-09  6.046054E-09  7.096116E-04  9.646776E-04  4.977483E-06  1.041417E-06  1.351457E-06  1.388968E-07
 3.471500E+02  4.197739E-02  2.047696E-06  1.324395E-11  1.772826E-11  1.980909E-11  2.406098E-11  3.487519E-01  2.492137E-04  2.997907E-07  5.883506E-01  2.940511E-03  2.410500E-05  3.223884E-06  3.387860E-04  1.444714E-08  5.736361E-08  1.300368E-09  1.570121E-02  1.441930E-06  7.065244E-09  5.898572E-09  7.001495E-04  9.518214E-04  4.749275E-06  9.933225E-07  1.289403E-06  1.337005E-07
 3.481500E+02  4.206323E-02  2.035808E-06  1.296840E-11  1.736300E-11  1.940184E-11  2.357097E-11  3.487686E-01  2.457907E-04  2.858666E-07  5.884858E-01  2.901301E-03  2.300599E-05  3.152307E-06  3.344957E-04  1.389516E-08  5.528464E-08  1.264158E-09  1.553389E-02  1.390849E-06  6.897447E-09  5.755399E-09  6.908737E-04  9.392184E-04  4.532818E-06  9.477250E-07  1.230555E-06  1.287269E-07
 3.491500E+02  4.214775E-02  2.023995E-06  1.269965E-11  1.700668E-11  1.900453E-11  2.309280E-11  3.487849E-01  2.424371E-04  2.726699E-07  5.886187E-01  2.862854E-03  2.196318E-05  3.082770E-06  3.302813E-04  1.336732E-08  5.329259E-08  1.229137E-09  1.536914E-02  1.341851E-06  6.734446E-09  5.616396E-09  6.817796E-04  9.268625E-04  4.327447E-06  9.044813E-07  1.174729E-06  1.239653E-07
 3.501500E+02  4.223096E-02  2.012259E-06  1.243752E-11  1.665906E-11  1.861691E-11  2.262620E-11  3.488009E-01  2.391511E-04  2.601588E-07  5.887493E-01  2.825149E-03  2.097343E-05  3.015202E-06  3.261414E-04  1.286244E-08  5.138341E-08  1.195262E-09  1.520692E-02  1.294842E-06  6.576087E-09  5.481425E-09  6.728627E-04  9.147476E-04  4.132536E-06  8.634575E-07  1.121755E-06  1.194058E-07
 3.511500E+02  4.231288E-02  2.000600E-06  1.218184E-11  1.631991E-11  1.823871E-11  2.217084E-11  3.488166E-01  2.359311E-04  2.482940E-07  5.888776E-01  2.788171E-03  2.003375E-05  2.949539E-06  3.220743E-04  1.237943E-08  4.955323E-08  1.162492E-09  1.504719E-02  1.249732E-06  6.422223E-09  5.350355E-09  6.641187E-04  9.028679E-04  3.947499E-06  8.245281E-07  1.071473E-06  1.150387E-07
 3.521500E+02  4.239355E-02  1.989020E-06  1.193242E-11  1.598900E-11  1.786969E-11  2.172645E-11  3.488320E-01  2.327754E-04  2.370386E-07  5.890038E-01  2.751901E-03  1.914136E-05  2.885717E-06  3.180787E-04  1.191721E-08  4.779840E-08  1.130785E-09  1.488991E-02  1.206436E-06  6.272710E-09  5.223061E-09  6.555435E-04  8.912176E-04  3.771784E-06  7.875751E-07  1.023731E-06  1.108551E-07
 3.531500E+02  4.247298E-02  1.977519E-06  1.168912E-11  1.566613E-11  1.750961E-11  2.129273E-11  3.488471E-01  2.296825E-04  2.263582E-07  5.891278E-01  2.716322E-03  1.829364E-05  2.823675E-06  3.141530E-04  1.147481E-08  4.611546E-08  1.100103E-09  1.473503E-02  1.164871E-06  6.127410E-09  5.099420E-09  6.471330E-04  8.797913E-04  3.604874E-06  7.524880E-07  9.783870E-07  1.068463E-07
 3.541500E+02  4.255119E-02  1.966099E-06  1.145176E-11  1.535108E-11  1.715824E-11  2.086942E-11  3.488619E-01  2.266507E-04  2.162203E-07  5.892497E-01  2.681419E-03  1.748813E-05  2.763354E-06  3.102957E-04  1.105126E-08  4.450111E-08  1.070408E-09  1.458251E-02  1.124961E-06  5.986189E-09  4.979314E-09  6.388833E-04  8.685836E-04  3.446282E-06  7.191626E-07  9.353091E-07  1.030042E-07
 3.551500E+02  4.262821E-02  1.954759E-06  1.122019E-11  1.504365E-11  1.681535E-11  2.045624E-11  3.488765E-01  2.236785E-04  2.065945E-07  5.893696E-01  2.647176E-03  1.672251E-05  2.704698E-06  3.065056E-04  1.064568E-08  4.295223E-08  1.041666E-09  1.443232E-02  1.086632E-06  5.848918E-09  4.862629E-09  6.307905E-04  8.575892E-04  3.295552E-06  6.875015E-07  8.943719E-07  9.932103E-08
 3.561500E+02  4.270406E-02  1.943500E-06  1.099426E-11  1.474364E-11  1.648071E-11  2.005293E-11  3.488907E-01  2.207645E-04  1.974523E-07  5.894874E-01  2.613577E-03  1.599461E-05  2.647653E-06  3.027812E-04  1.025722E-08  4.146582E-08  1.013841E-09  1.428440E-02  1.049815E-06  5.715473E-09  4.749256E-09  6.228509E-04  8.468031E-04  3.152253E-06  6.574129E-07  8.554578E-07  9.578955E-08
 3.571500E+02  4.277875E-02  1.932323E-06  1.077381E-11  1.445085E-11  1.615412E-11  1.965923E-11  3.489047E-01  2.179072E-04  1.887667E-07  5.896033E-01  2.580606E-03  1.530238E-05  2.592165E-06  2.991212E-04  9.885064E-09  4.003909E-08  9.869011E-10  1.413873E-02  1.014441E-06  5.585734E-09  4.639088E-09  6.150609E-04  8.362204E-04  3.015980E-06  6.288105E-07  8.184564E-07  9.240275E-08
 3.581500E+02  4.285231E-02  1.921229E-06  1.055870E-11  1.416509E-11  1.583536E-11  1.927489E-11  3.489184E-01  2.151053E-04  1.805127E-07  5.897172E-01  2.548250E-03  1.464389E-05  2.538185E-06  2.955244E-04  9.528456E-09  3.866933E-08  9.608141E-10  1.399525E-02  9.804489E-07  5.459584E-09  4.532024E-09  6.074169E-04  8.258363E-04  2.886355E-06  6.016132E-07  7.832638E-07  8.915400E-08
 3.591500E+02  4.292475E-02  1.910217E-06  1.034879E-11  1.388619E-11  1.552423E-11  1.889968E-11  3.489318E-01  2.123574E-04  1.726665E-07  5.898293E-01  2.516495E-03  1.401733E-05  2.485664E-06  2.919893E-04  9.186668E-09  3.735400E-08  9.355496E-10  1.385395E-02  9.477773E-07  5.336910E-09  4.427963E-09  5.999156E-04  8.156460E-04  2.763018E-06  5.757449E-07  7.497822E-07  8.603703E-08
 3.601500E+02  4.299611E-02  1.899289E-06  1.014395E-11  1.361395E-11  1.522052E-11  1.853335E-11  3.489450E-01  2.096622E-04  1.652058E-07  5.899395E-01  2.485326E-03  1.342099E-05  2.434555E-06  2.885148E-04  8.859014E-09  3.609067E-08  9.110785E-10  1.371476E-02  9.163689E-07  5.217605E-09  4.326812E-09  5.925537E-04  8.056452E-04  2.645633E-06  5.511336E-07  7.179196E-07  8.304587E-08
 3.611500E+02  4.306638E-02  1.888444E-06  9.944030E-12  1.334821E-11  1.492404E-11  1.817567E-11  3.489580E-01  2.070185E-04  1.581097E-07  5.900479E-01  2.454729E-03  1.285326E-05  2.384813E-06  2.850996E-04  8.544840E-09  3.487703E-08  8.873726E-10  1.357767E-02  8.861690E-07  5.101564E-09  4.228478E-09  5.853278E-04  7.958293E-04  2.533882E-06  5.277119E-07  6.875895E-07  8.017483E-08
 3.621500E+02  4.313560E-02  1.877683E-06  9.748909E-12  1.308879E-11  1.463461E-11  1.782642E-11  3.489707E-01  2.044250E-04  1.513584E-07  5.901545E-01  2.424693E-03  1.231263E-05  2.336396E-06  2.817426E-04  8.243526E-09  3.371089E-08  8.644049E-10  1.344264E-02  8.571256E-07  4.988685E-09  4.132871E-09  5.782349E-04  7.861942E-04  2.427467E-06  5.054161E-07  6.587101E-07  7.741853E-08
 3.631500E+02  4.320378E-02  1.867006E-06  9.558459E-12  1.283552E-11  1.435203E-11  1.748539E-11  3.489832E-01  2.018805E-04  1.449335E-07  5.902594E-01  2.395204E-03  1.179767E-05  2.289260E-06  2.784425E-04  7.954484E-09  3.259017E-08  8.421494E-10  1.330962E-02  8.291888E-07  4.878871E-09  4.039907E-09  5.712719E-04  7.767355E-04  2.326105E-06  4.841864E-07  6.312048E-07  7.477183E-08
 3.641500E+02  4.327094E-02  1.856412E-06  9.372556E-12  1.258826E-11  1.407614E-11  1.715235E-11  3.489954E-01  1.993839E-04  1.388175E-07  5.903626E-01  2.366250E-03  1.130703E-05  2.243365E-06  2.751983E-04  7.677155E-09  3.151286E-08  8.205810E-10  1.317858E-02  8.023115E-07  4.772026E-09  3.949502E-09  5.644357E-04  7.674494E-04  2.229532E-06  4.639665E-07  6.050011E-07  7.222986E-08
 3.651500E+02  4.333710E-02  1.845904E-06  9.191081E-12  1.234684E-11  1.380675E-11  1.682710E-11  3.490075E-01  1.969339E-04  1.329938E-07  5.904641E-01  2.337818E-03  1.083945E-05  2.198674E-06  2.720087E-04  7.411007E-09  3.047709E-08  7.996759E-10  1.304950E-02  7.764486E-07  4.668061E-09  3.861576E-09  5.577236E-04  7.583318E-04  2.137497E-06  4.447030E-07  5.800308E-07  6.978798E-08
 3.661500E+02  4.340227E-02  1.835479E-06  9.013916E-12  1.211110E-11  1.354369E-11  1.650945E-11  3.490193E-01  1.945296E-04  1.274471E-07  5.905639E-01  2.309897E-03  1.039372E-05  2.155147E-06  2.688728E-04  7.155537E-09  2.948105E-08  7.794109E-10  1.292233E-02  7.515570E-07  4.566885E-09  3.776052E-09  5.511327E-04  7.493789E-04  2.049764E-06  4.263459E-07  5.562296E-07  6.744178E-08
 3.671500E+02  4.346648E-02  1.825139E-06  8.840948E-12  1.188091E-11  1.328681E-11  1.619918E-11  3.490309E-01  1.921699E-04  1.221628E-07  5.906622E-01  2.282476E-03  9.968721E-06  2.112750E-06  2.657895E-04  6.910263E-09  2.852302E-08  7.597637E-10  1.279704E-02  7.275958E-07  4.468415E-09  3.692856E-09  5.446602E-04  7.405869E-04  1.966111E-06  4.088480E-07  5.335368E-07  6.518705E-08
 3.681500E+02  4.352973E-02  1.814883E-06  8.672066E-12  1.165611E-11  1.303593E-11  1.589612E-11  3.490422E-01  1.898537E-04  1.171270E-07  5.907588E-01  2.255543E-03  9.563383E-06  2.071446E-06  2.627576E-04  6.674731E-09  2.760137E-08  7.407130E-10  1.267360E-02  7.045258E-07  4.372567E-09  3.611914E-09  5.383035E-04  7.319523E-04  1.886327E-06  3.921648E-07  5.118952E-07  6.301979E-08
 3.691500E+02  4.359205E-02  1.804711E-06  8.507164E-12  1.143656E-11  1.279091E-11  1.560008E-11  3.490534E-01  1.875800E-04  1.123269E-07  5.908540E-01  2.229088E-03  9.176700E-06  2.031203E-06  2.597762E-04  6.448506E-09  2.671456E-08  7.222382E-10  1.255198E-02  6.823099E-07  4.279261E-09  3.533157E-09  5.320600E-04  7.234715E-04  1.810214E-06  3.762540E-07  4.912507E-07  6.093621E-08
 3.701500E+02  4.365346E-02  1.794623E-06  8.346136E-12  1.122213E-11  1.255159E-11  1.531087E-11  3.490644E-01  1.853478E-04  1.077502E-07  5.909476E-01  2.203100E-03  8.807722E-06  1.991989E-06  2.568442E-04  6.231176E-09  2.586108E-08  7.043196E-10  1.243214E-02  6.609125E-07  4.188422E-09  3.456519E-09  5.259272E-04  7.151411E-04  1.737585E-06  3.610763E-07  4.715525E-07  5.893268E-08
 3.711500E+02  4.371395E-02  1.784620E-06  8.188881E-12  1.101268E-11  1.231782E-11  1.502832E-11  3.490752E-01  1.831562E-04  1.033854E-07  5.910397E-01  2.177569E-03  8.455552E-06  1.953771E-06  2.539608E-04  6.022349E-09  2.503953E-08  6.869382E-10  1.231406E-02  6.402995E-07  4.099974E-09  3.381933E-09  5.199026E-04  7.069577E-04  1.668264E-06  3.465939E-07  4.527523E-07  5.700573E-08
 3.721500E+02  4.377357E-02  1.774700E-06  8.035299E-12  1.080809E-11  1.208947E-11  1.475226E-11  3.490858E-01  1.810042E-04  9.922148E-08  5.911304E-01  2.152484E-03  8.119342E-06  1.916519E-06  2.511248E-04  5.821651E-09  2.424857E-08  6.700755E-10  1.219771E-02  6.204387E-07  4.013845E-09  3.309337E-09  5.139837E-04  6.989180E-04  1.602083E-06  3.327717E-07  4.348048E-07  5.515210E-08
 3.731500E+02  4.383231E-02  1.764864E-06  7.885296E-12  1.060823E-11  1.186638E-11  1.448252E-11  3.490962E-01  1.788910E-04  9.524832E-08  5.912197E-01  2.127836E-03  7.798291E-06  1.880205E-06  2.483355E-04  5.628728E-09  2.348690E-08  6.537140E-10  1.208305E-02  6.012992E-07  3.929965E-09  3.238671E-09  5.081683E-04  6.910189E-04  1.538885E-06  3.195762E-07  4.176669E-07  5.336864E-08
