#         T/K            c1          c2-1          c3-4          c3-5          c3-7          c3-9            m1          m2-1          m3-1            w1            w2          w3-1          w3-2          c1m1        c1m2-1        c1m2-7        c2m1-1        c1w1-2        c1w2-1        c2w1-1        c2w1-9        m1w1-1        m1w1-4        m1w2-1        m2w1-1        m2w1-3      c1m1w1-1
 2.731500E+02  1.262263E-01  5.342362E-05  5.986514E-09  7.857444E-09  8.742031E-09  1.042378E-08  2.458303E-01  5.149844E-04  1.164427E-05  4.670001E-01  7.582782E-03  1.252290E-03  1.757096E-05  3.289572E-03  1.309916E-06  4.298250E-06  2.245255E-07  1.440506E-01  1.285551E-04  9.355758E-07  8.215346E-07  1.571488E-03  2.139219E-03  2.172804E-04  4.141349E-05  5.245073E-05  1.245275E-05
 2.741500E+02  1.272186E-01  5.324281E-05  5.830313E-09  7.655018E-09  8.517452E-09  1.015920E-08  2.459236E-01  5.026001E-04  1.074206E-05  4.682484E-01  7.437927E-03  1.165157E-03  1.698372E-05  3.228583E-03  1.229707E-06  4.048127E-06  2.152519E-07  1.421326E-01  1.217990E-04  9.049876E-07  7.939894E-07  1.538339E-03  2.093962E-03  2.016941E-04  3.833104E-05  4.856610E-05  1.173749E-05
 2.751500E+02  1.281979E-01  5.305495E-05  5.677959E-09  7.457488E-09  8.298282E-09  9.900887E-09  2.460138E-01  4.906083E-04  9.915919E-06  4.694721E-01  7.296487E-03  1.084575E-03  1.641918E-05  3.168921E-03  1.154881E-06  3.814032E-06  2.063959E-07  1.402390E-01  1.154294E-04  8.754608E-07  7.674263E-07  1.506096E-03  2.049947E-03  1.873201E-04  3.549793E-05  4.499431E-05  1.106712E-05
 2.761500E+02  1.291641E-01  5.286035E-05  5.529384E-09  7.264771E-09  8.084432E-09  9.648736E-09  2.461012E-01  4.789943E-04  9.158949E-06  4.706719E-01  7.158382E-03  1.010019E-03  1.587642E-05  3.110556E-03  1.085048E-06  3.594852E-06  1.979376E-07  1.383700E-01  1.094226E-04  8.469587E-07  7.418102E-07  1.474730E-03  2.007135E-03  1.740575E-04  3.289250E-05  4.170831E-05  1.043859E-05
 2.771500E+02  1.301174E-01  5.265928E-05  5.384523E-09  7.076788E-09  7.875813E-09  9.402651E-09  2.461859E-01  4.677441E-04  8.464921E-06  4.718486E-01  7.023532E-03  9.410085E-04  1.535450E-05  3.053459E-03  1.019849E-06  3.389557E-06  1.898581E-07  1.365254E-01  1.037567E-04  8.194460E-07  7.171074E-07  1.444215E-03  1.965490E-03  1.618143E-04  3.049512E-05  3.868354E-05  9.849113E-06
 2.781500E+02  1.310576E-01  5.245206E-05  5.243308E-09  6.893457E-09  7.672338E-09  9.162536E-09  2.462679E-01  4.568441E-04  7.828202E-06  4.730028E-01  6.891857E-03  8.771031E-04  1.485258E-05  2.997603E-03  9.589502E-07  3.197194E-06  1.821394E-07  1.347054E-01  9.841100E-05  7.928887E-07  6.932852E-07  1.414523E-03  1.924974E-03  1.505066E-04  2.828793E-05  3.589767E-05  9.296073E-06
 2.791500E+02  1.319849E-01  5.223896E-05  5.105672E-09  6.714696E-09  7.473915E-09  8.928290E-09  2.463474E-01  4.462812E-04  7.243699E-06  4.741351E-01  6.763281E-03  8.178997E-04  1.436981E-05  2.942960E-03  9.020462E-07  3.016880E-06  1.747642E-07  1.329098E-01  9.336615E-05  7.672535E-07  6.703121E-07  1.385630E-03  1.885553E-03  1.400577E-04  2.625472E-05  3.333043E-05  8.777050E-06
 2.801500E+02  1.328993E-01  5.202028E-05  4.971549E-09  6.540422E-09  7.280454E-09  8.699811E-09  2.464245E-01  4.360432E-04  6.706800E-06  4.752460E-01  6.637726E-03  7.630285E-04  1.390539E-05  2.889503E-03  8.488535E-07  2.847798E-06  1.677165E-07  1.311386E-01  8.860406E-05  7.425085E-07  6.481575E-07  1.357510E-03  1.847193E-03  1.303976E-04  2.438075E-05  3.096334E-05  8.289791E-06
 2.811500E+02  1.338009E-01  5.179630E-05  4.840870E-09  6.370552E-09  7.091866E-09  8.477000E-09  2.464993E-01  4.261180E-04  6.213328E-06  4.763361E-01  6.515117E-03  7.121504E-04  1.345856E-05  2.837205E-03  7.991102E-07  2.689187E-06  1.609807E-07  1.293918E-01  8.410777E-05  7.186226E-07  6.267922E-07  1.330141E-03  1.809860E-03  1.214625E-04  2.265259E-05  2.877963E-05  7.832204E-06
 2.821500E+02  1.346896E-01  5.156730E-05  4.713569E-09  6.205005E-09  6.908058E-09  8.259752E-09  2.465719E-01  4.164943E-04  5.759498E-06  4.774060E-01  6.395380E-03  6.649545E-04  1.302859E-05  2.786041E-03  7.525745E-07  2.540344E-06  1.545422E-07  1.276692E-01  7.986139E-05  6.955659E-07  6.061875E-07  1.303498E-03  1.773523E-03  1.131940E-04  2.105804E-05  2.676399E-05  7.402340E-06
 2.831500E+02  1.355657E-01  5.133355E-05  4.589577E-09  6.043695E-09  6.728939E-09  8.047966E-09  2.466424E-01  4.071611E-04  5.341876E-06  4.784561E-01  6.278442E-03  6.211554E-04  1.261478E-05  2.735986E-03  7.090223E-07  2.400616E-06  1.483870E-07  1.259707E-01  7.585003E-05  6.733092E-07  5.863161E-07  1.277561E-03  1.738151E-03  1.055385E-04  1.958597E-05  2.490249E-05  6.998391E-06
 2.841500E+02  1.364291E-01  5.109534E-05  4.468827E-09  5.886539E-09  6.554417E-09  7.841539E-09  2.467108E-01  3.981080E-04  4.957346E-06  4.794868E-01  6.164233E-03  5.804912E-04  1.221644E-05  2.687014E-03  6.682467E-07  2.269397E-06  1.425018E-07  1.242963E-01  7.205973E-05  6.518245E-07  5.671513E-07  1.252305E-03  1.703714E-03  9.844734E-05  1.822625E-05  2.318243E-05  6.618671E-06
 2.851500E+02  1.372800E-01  5.085291E-05  4.351252E-09  5.733454E-09  6.384401E-09  7.640365E-09  2.467773E-01  3.893248E-04  4.603080E-06  4.804987E-01  6.052682E-03  5.427212E-04  1.183295E-05  2.639102E-03  6.300559E-07  2.146124E-06  1.368740E-07  1.226458E-01  6.847741E-05  6.310846E-07  5.486676E-07  1.227712E-03  1.670183E-03  9.187566E-05  1.696964E-05  2.159223E-05  6.261611E-06
 2.861500E+02  1.381184E-01  5.060653E-05  4.236784E-09  5.584357E-09  6.218799E-09  7.444342E-09  2.468418E-01  3.808019E-04  4.276506E-06  4.814922E-01  5.943721E-03  5.076246E-04  1.146369E-05  2.592226E-03  5.942725E-07  2.030273E-06  1.314917E-07  1.210189E-01  6.509081E-05  6.110633E-07  5.308402E-07  1.203761E-03  1.637531E-03  8.578255E-05  1.580771E-05  2.012130E-05  5.925752E-06
 2.871500E+02  1.389444E-01  5.035646E-05  4.125357E-09  5.439163E-09  6.057518E-09  7.253365E-09  2.469046E-01  3.725300E-04  3.975288E-06  4.824676E-01  5.837283E-03  4.749983E-04  1.110807E-05  2.546362E-03  5.607318E-07  1.921360E-06  1.263433E-07  1.194157E-01  6.188843E-05  5.917353E-07  5.136452E-07  1.180431E-03  1.605730E-03  8.013049E-05  1.473277E-05  1.876000E-05  5.609734E-06
 2.881500E+02  1.397582E-01  5.010295E-05  4.016904E-09  5.297789E-09  5.900468E-09  7.067331E-09  2.469657E-01  3.645003E-04  3.697298E-06  4.834254E-01  5.733304E-03  4.446554E-04  1.076552E-05  2.501489E-03  5.292815E-07  1.818931E-06  1.214181E-07  1.178359E-01  5.885949E-05  5.730758E-07  4.970596E-07  1.157704E-03  1.574754E-03  7.488511E-05  1.373779E-05  1.749950E-05  5.312290E-06
 2.891500E+02  1.405599E-01  4.984622E-05  3.911358E-09  5.160153E-09  5.747556E-09  6.886135E-09  2.470250E-01  3.567042E-04  3.440602E-06  4.843660E-01  5.631720E-03  4.164244E-04  1.043552E-05  2.457582E-03  4.997803E-07  1.722568E-06  1.167056E-07  1.162793E-01  5.599386E-05  5.550614E-07  4.810611E-07  1.135562E-03  1.544578E-03  7.001487E-05  1.281635E-05  1.633175E-05  5.032240E-06
 2.901500E+02  1.413495E-01  4.958652E-05  3.808653E-09  5.026171E-09  5.598693E-09  6.709674E-09  2.470828E-01  3.491336E-04  3.203436E-06  4.852897E-01  5.532469E-03  3.901473E-04  1.011754E-05  2.414622E-03  4.720970E-07  1.631878E-06  1.121961E-07  1.147456E-01  5.328206E-05  5.376689E-07  4.656283E-07  1.113987E-03  1.515177E-03  6.549086E-05  1.196258E-05  1.524937E-05  4.768483E-06
 2.911500E+02  1.421271E-01  4.932408E-05  3.708724E-09  4.895763E-09  5.453787E-09  6.537845E-09  2.471390E-01  3.417806E-04  2.984194E-06  4.861969E-01  5.435491E-03  3.656786E-04  9.811098E-06  2.372586E-03  4.461101E-07  1.546498E-06  1.078802E-07  1.132349E-01  5.071518E-05  5.208764E-07  4.507406E-07  1.092962E-03  1.486529E-03  6.128653E-05  1.117111E-05  1.424563E-05  4.519993E-06
 2.921500E+02  1.428930E-01  4.905912E-05  3.611507E-09  4.768846E-09  5.312749E-09  6.370546E-09  2.471936E-01  3.346376E-04  2.781410E-06  4.870879E-01  5.340727E-03  3.428844E-04  9.515723E-06  2.331453E-03  4.217066E-07  1.466089E-06  1.037490E-07  1.117467E-01  4.828486E-05  5.046625E-07  4.363779E-07  1.072470E-03  1.458610E-03  5.737753E-05  1.043703E-05  1.331433E-05  4.285812E-06
 2.931500E+02  1.436472E-01  4.879185E-05  3.516936E-09  4.645339E-09  5.175490E-09  6.207674E-09  2.472469E-01  3.276974E-04  2.593748E-06  4.879631E-01  5.248118E-03  3.216413E-04  9.230964E-06  2.291203E-03  3.987818E-07  1.390336E-06  9.979394E-08  1.102809E-01  4.598325E-05  4.890065E-07  4.225210E-07  1.052495E-03  1.431398E-03  5.374145E-05  9.755839E-06  1.244983E-05  4.065049E-06
 2.941500E+02  1.443898E-01  4.852248E-05  3.424948E-09  4.525163E-09  5.041922E-09  6.049128E-09  2.472987E-01  3.209531E-04  2.419986E-06  4.888227E-01  5.157611E-03  3.018358E-04  8.956393E-06  2.251815E-03  3.772381E-07  1.318944E-06  9.600706E-08  1.088373E-01  4.380300E-05  4.738884E-07  4.091514E-07  1.033022E-03  1.404871E-03  5.035773E-05  9.123421E-06  1.164695E-05  3.856870E-06
 2.951500E+02  1.451210E-01  4.825121E-05  3.335481E-09  4.408238E-09  4.911957E-09  5.894808E-09  2.473492E-01  3.143980E-04  2.259011E-06  4.896672E-01  5.069149E-03  2.833630E-04  8.691599E-06  2.213271E-03  3.569851E-07  1.251640E-06  9.238064E-08  1.074156E-01  4.173718E-05  4.592892E-07  3.962512E-07  1.014036E-03  1.379011E-03  4.720745E-05  8.535995E-06  1.090093E-05  3.660495E-06
 2.961500E+02  1.458409E-01  4.797823E-05  3.248472E-09  4.294486E-09  4.785510E-09  5.744615E-09  2.473983E-01  3.080256E-04  2.109802E-06  4.904968E-01  4.982681E-03  2.661263E-04  8.436188E-06  2.175551E-03  3.379387E-07  1.188168E-06  8.890735E-08  1.060155E-01  3.977928E-05  4.451902E-07  3.838031E-07  9.955220E-04  1.353795E-03  4.427321E-05  7.990097E-06  1.020741E-05  3.475200E-06
 2.971500E+02  1.465497E-01  4.770374E-05  3.163861E-09  4.183830E-09  4.662493E-09  5.598450E-09  2.474462E-01  3.018297E-04  1.971428E-06  4.913118E-01  4.898154E-03  2.500364E-04  8.189785E-06  2.138635E-03  3.200206E-07  1.128289E-06  8.558023E-08  1.046370E-01  3.792321E-05  4.315734E-07  3.717906E-07  9.774663E-04  1.329206E-03  4.153900E-05  7.482549E-06  9.562385E-06  3.300305E-06
 2.981500E+02  1.472474E-01  4.742792E-05  3.081586E-09  4.076192E-09  4.542825E-09  5.456218E-09  2.474929E-01  2.958046E-04  1.843036E-06  4.921124E-01  4.815518E-03  2.350111E-04  7.952031E-06  2.102507E-03  3.031580E-07  1.071782E-06  8.239266E-08  1.032796E-01  3.616322E-05  4.184218E-07  3.601976E-07  9.598552E-04  1.305224E-03  3.899006E-05  7.010433E-06  8.962186E-06  3.135177E-06
 2.991500E+02  1.479342E-01  4.715093E-05  3.001589E-09  3.971499E-09  4.426420E-09  5.317821E-09  2.475384E-01  2.899443E-04  1.723845E-06  4.928991E-01  4.734725E-03  2.209744E-04  7.722583E-06  2.067147E-03  2.872833E-07  1.018439E-06  7.933831E-08  1.019432E-01  3.449393E-05  4.057185E-07  3.490088E-07  9.426758E-04  1.281832E-03  3.661282E-05  6.571069E-06  8.403435E-06  2.979221E-06
 3.001500E+02  1.486102E-01  4.687296E-05  2.923810E-09  3.869675E-09  4.313198E-09  5.183165E-09  2.475828E-01  2.842436E-04  1.613139E-06  4.936719E-01  4.655727E-03  2.078560E-04  7.501110E-06  2.032538E-03  2.723332E-07  9.680664E-07  7.641117E-08  1.006275E-01  3.291026E-05  3.934475E-07  3.382092E-07  9.259154E-04  1.259012E-03  3.439477E-05  6.161995E-06  7.883028E-06  2.831885E-06
 3.011500E+02  1.492756E-01  4.659415E-05  2.848193E-09  3.770648E-09  4.203077E-09  5.052157E-09  2.476260E-01  2.786970E-04  1.510264E-06  4.944313E-01  4.578478E-03  1.955911E-04  7.287299E-06  1.998662E-03  2.582491E-07  9.204825E-07  7.360551E-08  9.933229E-02  3.140745E-05  3.815933E-07  3.277846E-07  9.095617E-04  1.236748E-03  3.232436E-05  5.780946E-06  7.398111E-06  2.692650E-06
 3.021500E+02  1.499306E-01  4.631467E-05  2.774681E-09  3.674346E-09  4.095978E-09  4.924706E-09  2.476682E-01  2.732995E-04  1.414618E-06  4.951775E-01  4.502933E-03  1.841196E-04  7.080848E-06  1.965504E-03  2.449763E-07  8.755188E-07  7.091588E-08  9.805724E-02  2.998100E-05  3.701409E-07  3.177211E-07  8.936029E-04  1.215023E-03  3.039095E-05  5.425841E-06  6.946057E-06  2.561030E-06
 3.031500E+02  1.505752E-01  4.603466E-05  2.703218E-09  3.580698E-09  3.991824E-09  4.800720E-09  2.477094E-01  2.680463E-04  1.325650E-06  4.959107E-01  4.429048E-03  1.733862E-04  6.881470E-06  1.933046E-03  2.324637E-07  8.330170E-07  6.833707E-08  9.680211E-02  2.862671E-05  3.590760E-07  3.080056E-07  8.780276E-04  1.193821E-03  2.858472E-05  5.094762E-06  6.524450E-06  2.436573E-06
 3.041500E+02  1.512096E-01  4.575427E-05  2.633751E-09  3.489635E-09  3.890537E-09  4.680112E-09  2.477495E-01  2.629326E-04  1.242852E-06  4.966311E-01  4.356781E-03  1.633395E-04  6.688889E-06  1.901272E-03  2.206638E-07  7.928296E-07  6.586413E-08  9.556665E-02  2.734060E-05  3.483846E-07  2.986252E-07  8.628247E-04  1.173128E-03  2.689660E-05  4.785946E-06  6.131061E-06  2.318854E-06
 3.051500E+02  1.518339E-01  4.547364E-05  2.566224E-09  3.401088E-09  3.792043E-09  4.562794E-09  2.477887E-01  2.579540E-04  1.165760E-06  4.973391E-01  4.286090E-03  1.539319E-04  6.502841E-06  1.870167E-03  2.095322E-07  7.548184E-07  6.349234E-08  9.435060E-02  2.611895E-05  3.380534E-07  2.895676E-07  8.479835E-04  1.152929E-03  2.531823E-05  4.497767E-06  5.763841E-06  2.207474E-06
 3.061500E+02  1.524483E-01  4.519290E-05  2.500586E-09  3.314991E-09  3.696267E-09  4.448680E-09  2.478269E-01  2.531060E-04  1.093947E-06  4.980348E-01  4.216936E-03  1.451195E-04  6.323073E-06  1.839715E-03  1.990277E-07  7.188541E-07  6.121721E-08  9.315369E-02  2.495822E-05  3.280694E-07  2.808210E-07  8.334937E-04  1.133209E-03  2.384186E-05  4.228727E-06  5.420897E-06  2.102062E-06
 3.071500E+02  1.530530E-01  4.491217E-05  2.436787E-09  3.231278E-09  3.603136E-09  4.337686E-09  2.478642E-01  2.483846E-04  1.027020E-06  4.987185E-01  4.149279E-03  1.368615E-04  6.149344E-06  1.809901E-03  1.891115E-07  6.848157E-07  5.903445E-08  9.197566E-02  2.385511E-05  3.184202E-07  2.723740E-07  8.193451E-04  1.113955E-03  2.246035E-05  3.977445E-06  5.100485E-06  2.002269E-06
 3.081500E+02  1.536479E-01  4.463158E-05  2.374774E-09  3.149886E-09  3.512581E-09  4.229730E-09  2.479006E-01  2.437855E-04  9.646158E-07  4.993904E-01  4.083081E-03  1.291201E-04  5.981421E-06  1.780710E-03  1.797477E-07  6.525900E-07  5.693998E-08  9.081624E-02  2.280651E-05  3.090938E-07  2.642155E-07  8.055282E-04  1.095153E-03  2.116707E-05  3.742648E-06  4.800995E-06  1.907767E-06
 3.091500E+02  1.542334E-01  4.435123E-05  2.314500E-09  3.070751E-09  3.424532E-09  4.124730E-09  2.479361E-01  2.393051E-04  9.064034E-07  5.000507E-01  4.018305E-03  1.218604E-04  5.819084E-06  1.752129E-03  1.709025E-07  6.220710E-07  5.492991E-08  8.967517E-02  2.180947E-05  3.000786E-07  2.563351E-07  7.920335E-04  1.076791E-03  1.995591E-05  3.523159E-06  4.520941E-06  1.818251E-06
 3.101500E+02  1.548096E-01  4.407125E-05  2.255916E-09  2.993811E-09  3.338919E-09  4.022608E-09  2.479709E-01  2.349395E-04  8.520758E-07  5.006997E-01  3.954916E-03  1.150499E-04  5.662120E-06  1.724142E-03  1.625444E-07  5.931593E-07  5.300052E-08  8.855219E-02  2.086123E-05  2.913636E-07  2.487226E-07  7.788520E-04  1.058856E-03  1.882122E-05  3.317894E-06  4.258951E-06  1.733432E-06
 3.111500E+02  1.553765E-01  4.379173E-05  2.198976E-09  2.919008E-09  3.255678E-09  3.923286E-09  2.480048E-01  2.306852E-04  8.013507E-07  5.013375E-01  3.892878E-03  1.086584E-04  5.510325E-06  1.696736E-03  1.546442E-07  5.657619E-07  5.114828E-08  8.744703E-02  1.995918E-05  2.829379E-07  2.413681E-07  7.659748E-04  1.041337E-03  1.775773E-05  3.125849E-06  4.013756E-06  1.653041E-06
 3.121500E+02  1.559343E-01  4.351277E-05  2.143633E-09  2.846281E-09  3.174742E-09  3.826689E-09  2.480379E-01  2.265386E-04  7.539680E-07  5.019644E-01  3.832158E-03  1.026580E-04  5.363504E-06  1.669898E-03  1.471744E-07  5.397916E-07  4.936981E-08  8.635943E-02  1.910086E-05  2.747913E-07  2.342622E-07  7.533935E-04  1.024221E-03  1.676061E-05  2.946097E-06  3.784185E-06  1.576826E-06
 3.131500E+02  1.564832E-01  4.323447E-05  2.089842E-09  2.775573E-09  3.096049E-09  3.732741E-09  2.480702E-01  2.224964E-04  7.096876E-07  5.025806E-01  3.772723E-03  9.702276E-05  5.221471E-06  1.643614E-03  1.401091E-07  5.151664E-07  4.766191E-08  8.528914E-02  1.828396E-05  2.669137E-07  2.273959E-07  7.410999E-04  1.007497E-03  1.582533E-05  2.777783E-06  3.569152E-06  1.504548E-06
 3.141500E+02  1.570233E-01  4.295693E-05  2.037560E-09  2.706828E-09  3.019535E-09  3.641371E-09  2.481018E-01  2.185555E-04  6.682883E-07  5.031863E-01  3.714540E-03  9.172854E-05  5.084046E-06  1.617873E-03  1.334244E-07  4.918098E-07  4.602150E-08  8.423587E-02  1.750629E-05  2.592957E-07  2.207605E-07  7.290859E-04  9.911544E-04  1.494775E-05  2.620113E-06  3.367655E-06  1.435986E-06
 3.151500E+02  1.575547E-01  4.268022E-05  1.986744E-09  2.639992E-09  2.945140E-09  3.552507E-09  2.481327E-01  2.147126E-04  6.295655E-07  5.037817E-01  3.657578E-03  8.675295E-05  4.951058E-06  1.592661E-03  1.270979E-07  4.696497E-07  4.444566E-08  8.319939E-02  1.676578E-05  2.519279E-07  2.143475E-07  7.173439E-04  9.751827E-04  1.412397E-05  2.472354E-06  3.178764E-06  1.370929E-06
 3.161500E+02  1.580776E-01  4.240442E-05  1.937352E-09  2.575010E-09  2.872806E-09  3.466081E-09  2.481629E-01  2.109648E-04  5.933307E-07  5.043669E-01  3.601808E-03  8.207516E-05  4.822342E-06  1.567965E-03  1.211083E-07  4.486186E-07  4.293161E-08  8.217944E-02  1.606049E-05  2.448015E-07  2.081489E-07  7.058664E-04  9.595716E-04  1.335042E-05  2.333827E-06  3.001621E-06  1.309182E-06
 3.171500E+02  1.585921E-01  4.212962E-05  1.889344E-09  2.511831E-09  2.802473E-09  3.382025E-09  2.481924E-01  2.073092E-04  5.594093E-07  5.049422E-01  3.547199E-03  7.767583E-05  4.697740E-06  1.543775E-03  1.154361E-07  4.286530E-07  4.147668E-08  8.117575E-02  1.538859E-05  2.379078E-07  2.021569E-07  6.946461E-04  9.443112E-04  1.262376E-05  2.203904E-06  2.835427E-06  1.250560E-06
 3.181500E+02  1.590983E-01  4.185589E-05  1.842680E-09  2.450403E-09  2.734086E-09  3.300272E-09  2.482212E-01  2.037431E-04  5.276402E-07  5.055077E-01  3.493723E-03  7.353694E-05  4.577102E-06  1.520079E-03  1.100627E-07  4.096934E-07  4.007833E-08  8.018807E-02  1.474835E-05  2.312387E-07  1.963639E-07  6.836761E-04  9.293918E-04  1.194089E-05  2.082001E-06  2.679445E-06  1.194889E-06
 3.191500E+02  1.595963E-01  4.158329E-05  1.797321E-09  2.390677E-09  2.667590E-09  3.220758E-09  2.482494E-01  2.002636E-04  4.978743E-07  5.060636E-01  3.441352E-03  6.964174E-05  4.460283E-06  1.496864E-03  1.049709E-07  3.916839E-07  3.873415E-08  7.921616E-02  1.413812E-05  2.247861E-07  1.907629E-07  6.729495E-04  9.148043E-04  1.129895E-05  1.967579E-06  2.532991E-06  1.142006E-06
 3.201500E+02  1.600864E-01  4.131190E-05  1.753231E-09  2.332605E-09  2.602931E-09  3.143421E-09  2.482770E-01  1.968683E-04  4.699736E-07  5.066102E-01  3.390059E-03  6.597461E-05  4.347142E-06  1.474121E-03  1.001443E-07  3.745719E-07  3.744182E-08  7.825975E-02  1.355637E-05  2.185425E-07  1.853468E-07  6.624599E-04  9.005396E-04  1.069525E-05  1.860136E-06  2.395427E-06  1.091758E-06
 3.211500E+02  1.605686E-01  4.104176E-05  1.710372E-09  2.276139E-09  2.540056E-09  3.068200E-09  2.483040E-01  1.935546E-04  4.438105E-07  5.071475E-01  3.339817E-03  6.252105E-05  4.237546E-06  1.451838E-03  9.556787E-08  3.583080E-07  3.619914E-08  7.731862E-02  1.300163E-05  2.125004E-07  1.801090E-07  6.522007E-04  8.865889E-04  1.012731E-05  1.759209E-06  2.266166E-06  1.044000E-06
 3.221500E+02  1.610431E-01  4.077295E-05  1.668708E-09  2.221233E-09  2.478915E-09  2.995034E-09  2.483303E-01  1.903201E-04  4.192666E-07  5.076758E-01  3.290601E-03  5.926752E-05  4.131368E-06  1.430005E-03  9.122727E-08  3.428458E-07  3.500400E-08  7.639250E-02  1.247253E-05  2.066526E-07  1.750431E-07  6.421658E-04  8.729440E-04  9.592824E-06  1.664365E-06  2.144659E-06  9.985980E-07
 3.231500E+02  1.615099E-01  4.050552E-05  1.628206E-09  2.167843E-09  2.419459E-09  2.923866E-09  2.483561E-01  1.871625E-04  3.962326E-07  5.081951E-01  3.242386E-03  5.620141E-05  4.028485E-06  1.408610E-03  8.710911E-08  3.281415E-07  3.385441E-08  7.548117E-02  1.196777E-05  2.009925E-07  1.701430E-07  6.323494E-04  8.595965E-04  9.089644E-06  1.575204E-06  2.030399E-06  9.554227E-07
 3.241500E+02  1.619692E-01  4.023951E-05  1.588830E-09  2.115925E-09  2.361639E-09  2.854638E-09  2.483814E-01  1.840795E-04  3.746067E-07  5.087058E-01  3.195148E-03  5.331096E-05  3.928777E-06  1.387646E-03  8.320085E-08  3.141540E-07  3.274843E-08  7.458437E-02  1.148610E-05  1.955134E-07  1.654026E-07  6.227454E-04  8.465386E-04  8.615768E-06  1.491354E-06  1.922912E-06  9.143544E-07
 3.251500E+02  1.624212E-01  3.997498E-05  1.550550E-09  2.065437E-09  2.305407E-09  2.787296E-09  2.484060E-01  1.810689E-04  3.542948E-07  5.092079E-01  3.148863E-03  5.058522E-05  3.832133E-06  1.367100E-03  7.949070E-08  3.008447E-07  3.168424E-08  7.370187E-02  1.102638E-05  1.902089E-07  1.608162E-07  6.133484E-04  8.337626E-04  8.169333E-06  1.412469E-06  1.821760E-06  8.752800E-07
 3.261500E+02  1.628659E-01  3.971197E-05  1.513331E-09  2.016337E-09  2.250719E-09  2.721787E-09  2.484302E-01  1.781287E-04  3.352096E-07  5.097017E-01  3.103508E-03  4.801396E-05  3.738443E-06  1.346964E-03  7.596757E-08  2.881772E-07  3.066009E-08  7.283343E-02  1.058750E-05  1.850729E-07  1.563784E-07  6.041529E-04  8.212610E-04  7.748603E-06  1.338227E-06  1.726534E-06  8.380927E-07
 3.271500E+02  1.633035E-01  3.945052E-05  1.477145E-09  1.968586E-09  2.197530E-09  2.658057E-09  2.484538E-01  1.752567E-04  3.172699E-07  5.101872E-01  3.059060E-03  4.558764E-05  3.647602E-06  1.327229E-03  7.262107E-08  2.761172E-07  2.967431E-08  7.197883E-02  1.016842E-05  1.800996E-07  1.520839E-07  5.951537E-04  8.090266E-04  7.351964E-06  1.268331E-06  1.636854E-06  8.026922E-07
 3.281500E+02  1.637341E-01  3.919067E-05  1.441959E-09  1.922144E-09  2.145796E-09  2.596056E-09  2.484770E-01  1.724512E-04  3.004005E-07  5.106646E-01  3.015499E-03  4.329735E-05  3.559511E-06  1.307885E-03  6.944142E-08  2.646324E-07  2.872531E-08  7.113784E-02  9.768148E-06  1.752832E-07  1.479275E-07  5.863454E-04  7.970525E-04  6.977906E-06  1.202501E-06  1.552368E-06  7.689839E-07
 3.291500E+02  1.641578E-01  3.893245E-05  1.407746E-09  1.876973E-09  2.095476E-09  2.535735E-09  2.484996E-01  1.697100E-04  2.845315E-07  5.111341E-01  2.972803E-03  4.113478E-05  3.474073E-06  1.288924E-03  6.641945E-08  2.536924E-07  2.781157E-08  7.031022E-02  9.385764E-06  1.706183E-07  1.439044E-07  5.777234E-04  7.853318E-04  6.625026E-06  1.140478E-06  1.472744E-06  7.368786E-07
 3.301500E+02  1.645747E-01  3.867591E-05  1.374476E-09  1.833037E-09  2.046528E-09  2.477046E-09  2.485218E-01  1.670315E-04  2.695978E-07  5.115957E-01  2.930951E-03  3.909216E-05  3.391196E-06  1.270336E-03  6.354651E-08  2.432685E-07  2.693162E-08  6.949576E-02  9.020382E-06  1.660997E-07  1.400098E-07  5.692826E-04  7.738580E-04  6.292013E-06  1.082023E-06  1.397678E-06  7.062920E-07
 3.311500E+02  1.649850E-01  3.842108E-05  1.342122E-09  1.790300E-09  1.998913E-09  2.419940E-09  2.485435E-01  1.644138E-04  2.555390E-07  5.120498E-01  2.889923E-03  3.716223E-05  3.310790E-06  1.252113E-03  6.081449E-08  2.333337E-07  2.608409E-08  6.869423E-02  8.671168E-06  1.617222E-07  1.362392E-07  5.610184E-04  7.626247E-04  5.977643E-06  1.026909E-06  1.326882E-06  6.771450E-07
 3.321500E+02  1.653887E-01  3.816797E-05  1.310657E-09  1.748727E-09  1.952593E-09  2.364374E-09  2.485647E-01  1.618552E-04  2.422989E-07  5.124963E-01  2.849700E-03  3.533819E-05  3.232769E-06  1.234247E-03  5.821573E-08  2.238626E-07  2.526764E-08  6.790542E-02  8.337331E-06  1.574810E-07  1.325883E-07  5.529264E-04  7.516256E-04  5.680774E-06  9.749275E-07  1.260092E-06  6.493628E-07
 3.331500E+02  1.657860E-01  3.791662E-05  1.280055E-09  1.708283E-09  1.907529E-09  2.310303E-09  2.485855E-01  1.593542E-04  2.298253E-07  5.129355E-01  2.810263E-03  3.361371E-05  3.157053E-06  1.216730E-03  5.574306E-08  2.148310E-07  2.448100E-08  6.712910E-02  8.018124E-06  1.533714E-07  1.290527E-07  5.450020E-04  7.408549E-04  5.400341E-06  9.258838E-07  1.197057E-06  6.228746E-07
 3.341500E+02  1.661770E-01  3.766705E-05  1.250290E-09  1.668937E-09  1.863685E-09  2.257684E-09  2.486059E-01  1.569090E-04  2.180694E-07  5.133675E-01  2.771593E-03  3.198286E-05  3.083561E-06  1.199553E-03  5.338970E-08  2.062163E-07  2.372297E-08  6.636508E-02  7.712838E-06  1.493889E-07  1.256286E-07  5.372411E-04  7.303066E-04  5.135348E-06  8.795956E-07  1.137547E-06  5.976139E-07
 3.351500E+02  1.665617E-01  3.741929E-05  1.221338E-09  1.630656E-09  1.821026E-09  2.206475E-09  2.486258E-01  1.545181E-04  2.069860E-07  5.137924E-01  2.733673E-03  3.044007E-05  3.012217E-06  1.182710E-03  5.114928E-08  1.979972E-07  2.299238E-08  6.561314E-02  7.420802E-06  1.455290E-07  1.223119E-07  5.296395E-04  7.199751E-04  4.884863E-06  8.358932E-07  1.081346E-06  5.735178E-07
 3.361500E+02  1.669404E-01  3.717336E-05  1.193176E-09  1.593410E-09  1.779517E-09  2.156636E-09  2.486454E-01  1.521800E-04  1.965328E-07  5.142103E-01  2.696485E-03  2.898015E-05  2.942949E-06  1.166193E-03  4.901580E-08  1.901534E-07  2.228812E-08  6.487307E-02  7.141378E-06  1.417876E-07  1.190990E-07  5.221931E-04  7.098550E-04  4.648016E-06  7.946181E-07  1.028251E-06  5.505268E-07
 3.371500E+02  1.673130E-01  3.692926E-05  1.165779E-09  1.557167E-09  1.739126E-09  2.108127E-09  2.486645E-01  1.498933E-04  1.866704E-07  5.146214E-01  2.660012E-03  2.759823E-05  2.875687E-06  1.149993E-03  4.698359E-08  1.826659E-07  2.160913E-08  6.414467E-02  6.873964E-06  1.381607E-07  1.159862E-07  5.148981E-04  6.999409E-04  4.423995E-06  7.556225E-07  9.780744E-07  5.285850E-07
 3.381500E+02  1.676798E-01  3.668703E-05  1.139125E-09  1.521900E-09  1.699819E-09  2.060910E-09  2.486833E-01  1.476566E-04  1.773622E-07  5.150258E-01  2.624237E-03  2.628976E-05  2.810362E-06  1.134105E-03  4.504735E-08  1.755166E-07  2.095440E-08  6.342774E-02  6.617989E-06  1.346443E-07  1.129700E-07  5.077507E-04  6.902276E-04  4.212037E-06  7.187681E-07  9.306395E-07  5.076392E-07
 3.391500E+02  1.680407E-01  3.644667E-05  1.113193E-09  1.487579E-09  1.661564E-09  2.014947E-09  2.487017E-01  1.454685E-04  1.685740E-07  5.154236E-01  2.589144E-03  2.505046E-05  2.746909E-06  1.118521E-03  4.320203E-08  1.686885E-07  2.032296E-08  6.272209E-02  6.372910E-06  1.312347E-07  1.100471E-07  5.007473E-04  6.807102E-04  4.011430E-06  6.839258E-07  8.857819E-07  4.876394E-07
 3.401500E+02  1.683960E-01  3.620819E-05  1.087961E-09  1.454176E-09  1.624332E-09  1.970203E-09  2.487197E-01  1.433277E-04  1.602738E-07  5.158150E-01  2.554718E-03  2.387633E-05  2.685267E-06  1.103235E-03  4.144290E-08  1.621656E-07  1.971389E-08  6.202752E-02  6.138212E-06  1.279282E-07  1.072143E-07  4.938841E-04  6.713837E-04  3.821508E-06  6.509751E-07  8.433478E-07  4.685382E-07
 3.411500E+02  1.687456E-01  3.597162E-05  1.063409E-09  1.421667E-09  1.588093E-09  1.926642E-09  2.487373E-01  1.412329E-04  1.524318E-07  5.162000E-01  2.520943E-03  2.276362E-05  2.625374E-06  1.088239E-03  3.976550E-08  1.559326E-07  1.912629E-08  6.134384E-02  5.913409E-06  1.247214E-07  1.044684E-07  4.871579E-04  6.622435E-04  3.641646E-06  6.198030E-07  8.031932E-07  4.502908E-07
 3.421500E+02  1.690898E-01  3.573695E-05  1.039516E-09  1.390023E-09  1.552818E-09  1.884231E-09  2.487546E-01  1.391830E-04  1.450202E-07  5.165788E-01  2.487805E-03  2.170881E-05  2.567174E-06  1.073527E-03  3.816561E-08  1.499752E-07  1.855932E-08  6.067085E-02  5.698036E-06  1.216109E-07  1.018066E-07  4.805651E-04  6.532849E-04  3.471259E-06  5.903041E-07  7.651834E-07  4.328549E-07
 3.431500E+02  1.694286E-01  3.550420E-05  1.016264E-09  1.359220E-09  1.518479E-09  1.842936E-09  2.487716E-01  1.371766E-04  1.380131E-07  5.169515E-01  2.455288E-03  2.070860E-05  2.510609E-06  1.059093E-03  3.663925E-08  1.442797E-07  1.801216E-08  6.000839E-02  5.491655E-06  1.185935E-07  9.922579E-08  4.741026E-04  6.445035E-04  3.309800E-06  5.623797E-07  7.291925E-07  4.161905E-07
 3.441500E+02  1.697620E-01  3.527337E-05  9.936331E-10  1.329234E-09  1.485048E-09  1.802726E-09  2.487882E-01  1.352126E-04  1.313861E-07  5.173182E-01  2.423379E-03  1.975989E-05  2.455626E-06  1.044931E-03  3.518266E-08  1.388334E-07  1.748404E-08  5.935625E-02  5.293849E-06  1.156660E-07  9.672336E-08  4.677671E-04  6.358949E-04  3.156755E-06  5.359373E-07  6.951025E-07  4.002597E-07
 3.451500E+02  1.700903E-01  3.504447E-05  9.716059E-10  1.300041E-09  1.452500E-09  1.763568E-09  2.488045E-01  1.332900E-04  1.251166E-07  5.176790E-01  2.392065E-03  1.885978E-05  2.402174E-06  1.031035E-03  3.379231E-08  1.336240E-07  1.697421E-08  5.871428E-02  5.104221E-06  1.128254E-07  9.429659E-08  4.615557E-04  6.274550E-04  3.011641E-06  5.108904E-07  6.628028E-07  3.850265E-07
 3.461500E+02  1.704134E-01  3.481751E-05  9.501643E-10  1.271618E-09  1.420808E-09  1.725434E-09  2.488205E-01  1.314076E-04  1.191832E-07  5.180341E-01  2.361330E-03  1.800554E-05  2.350202E-06  1.017398E-03  3.246484E-08  1.286401E-07  1.648196E-08  5.808228E-02  4.922396E-06  1.100689E-07  9.194291E-08  4.554652E-04  6.191797E-04  2.874008E-06  4.871580E-07  6.321900E-07  3.704571E-07
 3.471500E+02  1.707315E-01  3.459247E-05  9.292914E-10  1.243943E-09  1.389949E-09  1.688292E-09  2.488362E-01  1.295645E-04  1.135662E-07  5.183835E-01  2.331163E-03  1.719459E-05  2.299663E-06  1.004016E-03  3.119708E-08  1.238707E-07  1.600661E-08  5.746008E-02  4.748016E-06  1.073936E-07  8.965985E-08  4.494928E-04  6.110649E-04  2.743431E-06  4.646641E-07  6.031670E-07  3.565192E-07
 3.481500E+02  1.710446E-01  3.436938E-05  9.089704E-10  1.216993E-09  1.359898E-09  1.652116E-09  2.488515E-01  1.277594E-04  1.082469E-07  5.187273E-01  2.301551E-03  1.642454E-05  2.250510E-06  9.908817E-04  2.998605E-08  1.193055E-07  1.554751E-08  5.684752E-02  4.580743E-06  1.047968E-07  8.744502E-08  4.436356E-04  6.031068E-04  2.619513E-06  4.433376E-07  5.756429E-07  3.431825E-07
 3.491500E+02  1.713529E-01  3.414823E-05  8.891852E-10  1.190748E-09  1.330631E-09  1.616877E-09  2.488666E-01  1.259916E-04  1.032080E-07  5.190657E-01  2.272482E-03  1.569312E-05  2.202699E-06  9.779906E-04  2.882892E-08  1.149347E-07  1.510402E-08  5.624442E-02  4.420253E-06  1.022759E-07  8.529613E-08  4.378909E-04  5.953018E-04  2.501880E-06  4.231117E-07  5.495323E-07  3.304181E-07
 3.501500E+02  1.716564E-01  3.392901E-05  8.699203E-10  1.165188E-09  1.302126E-09  1.582549E-09  2.488814E-01  1.242600E-04  9.843316E-08  5.193987E-01  2.243942E-03  1.499821E-05  2.156187E-06  9.653372E-04  2.772302E-08  1.107491E-07  1.467556E-08  5.565063E-02  4.266240E-06  9.982852E-08  8.321096E-08  4.322560E-04  5.876461E-04  2.390182E-06  4.039239E-07  5.247552E-07  3.181985E-07
 3.511500E+02  1.719552E-01  3.371173E-05  8.511606E-10  1.140293E-09  1.274362E-09  1.549105E-09  2.488959E-01  1.225637E-04  9.390713E-08  5.197265E-01  2.215921E-03  1.433779E-05  2.110932E-06  9.529162E-04  2.666582E-08  1.067398E-07  1.426154E-08  5.506597E-02  4.118413E-06  9.745211E-08  8.118737E-08  4.267283E-04  5.801361E-04  2.284088E-06  3.857155E-07  5.012366E-07  3.064980E-07
 3.521500E+02  1.722494E-01  3.349639E-05  8.328912E-10  1.116043E-09  1.247316E-09  1.516521E-09  2.489101E-01  1.209017E-04  8.961559E-08  5.200491E-01  2.188408E-03  1.370999E-05  2.066895E-06  9.407227E-04  2.565493E-08  1.028986E-07  1.386142E-08  5.449029E-02  3.976494E-06  9.514438E-08  7.922332E-08  4.213053E-04  5.727685E-04  2.183290E-06  3.684313E-07  4.789059E-07  2.952920E-07
 3.531500E+02  1.725391E-01  3.328298E-05  8.150980E-10  1.092420E-09  1.220969E-09  1.484771E-09  2.489241E-01  1.192733E-04  8.554514E-08  5.203666E-01  2.161390E-03  1.311305E-05  2.024036E-06  9.287516E-04  2.468809E-08  9.921759E-08  1.347467E-08  5.392344E-02  3.840221E-06  9.290308E-08  7.731682E-08  4.159845E-04  5.655399E-04  2.087495E-06  3.520196E-07  4.576969E-07  2.845572E-07
 3.541500E+02  1.728243E-01  3.307149E-05  7.977671E-10  1.069407E-09  1.195299E-09  1.453832E-09  2.489378E-01  1.176776E-04  8.168321E-08  5.206792E-01  2.134857E-03  1.254528E-05  1.982320E-06  9.169981E-04  2.376315E-08  9.568923E-08  1.310079E-08  5.336525E-02  3.709342E-06  9.072605E-08  7.546596E-08  4.107635E-04  5.584470E-04  1.996431E-06  3.364318E-07  4.375474E-07  2.742714E-07
 3.551500E+02  1.731052E-01  3.286193E-05  7.808853E-10  1.046985E-09  1.170288E-09  1.423681E-09  2.489512E-01  1.161137E-04  7.801800E-08  5.209868E-01  2.108798E-03  1.200513E-05  1.941709E-06  9.054574E-04  2.287809E-08  9.230644E-08  1.273929E-08  5.281559E-02  3.583619E-06  8.861120E-08  7.366891E-08  4.056401E-04  5.514867E-04  1.909840E-06  3.216223E-07  4.183990E-07  2.644137E-07
 3.561500E+02  1.733817E-01  3.265429E-05  7.644394E-10  1.025137E-09  1.145917E-09  1.394296E-09  2.489644E-01  1.145809E-04  7.453844E-08  5.212897E-01  2.083204E-03  1.149111E-05  1.902170E-06  8.941251E-04  2.203099E-08  8.906248E-08  1.238970E-08  5.227429E-02  3.462825E-06  8.655652E-08  7.192389E-08  4.006119E-04  5.446559E-04  1.827480E-06  3.075481E-07  4.001967E-07  2.549643E-07
 3.571500E+02  1.736541E-01  3.244856E-05  7.484170E-10  1.003848E-09  1.122168E-09  1.365654E-09  2.489773E-01  1.130783E-04  7.123413E-08  5.215879E-01  2.058063E-03  1.100184E-05  1.863670E-06  8.829966E-04  2.122003E-08  8.595096E-08  1.205158E-08  5.174121E-02  3.346745E-06  8.456005E-08  7.022919E-08  3.956767E-04  5.379516E-04  1.749123E-06  2.941691E-07  3.828889E-07  2.459042E-07
 3.581500E+02  1.739223E-01  3.224473E-05  7.328058E-10  9.831003E-10  1.099022E-09  1.337736E-09  2.489900E-01  1.116053E-04  6.809533E-08  5.218814E-01  2.033367E-03  1.053600E-05  1.826176E-06  8.720674E-04  2.044349E-08  8.296581E-08  1.172451E-08  5.121621E-02  3.235171E-06  8.261993E-08  6.858316E-08  3.908325E-04  5.313708E-04  1.674554E-06  2.814472E-07  3.664271E-07  2.372156E-07
 3.591500E+02  1.741865E-01  3.204281E-05  7.175940E-10  9.628797E-10  1.076463E-09  1.310519E-09  2.490025E-01  1.101611E-04  6.511287E-08  5.221705E-01  2.009105E-03  1.009235E-05  1.789656E-06  8.613334E-04  1.969973E-08  8.010125E-08  1.140808E-08  5.069915E-02  3.127909E-06  8.073435E-08  6.698421E-08  3.860770E-04  5.249108E-04  1.603571E-06  2.693467E-07  3.507654E-07  2.288814E-07
 3.601500E+02  1.744466E-01  3.184277E-05  7.027701E-10  9.431709E-10  1.054474E-09  1.283986E-09  2.490148E-01  1.087450E-04  6.227813E-08  5.224550E-01  1.985268E-03  9.669742E-06  1.754082E-06  8.507904E-04  1.898720E-08  7.735182E-08  1.110189E-08  5.018989E-02  3.024772E-06  7.890155E-08  6.543082E-08  3.814084E-04  5.185688E-04  1.535984E-06  2.578342E-07  3.358610E-07  2.208854E-07
 3.611500E+02  1.747028E-01  3.164461E-05  6.883231E-10  9.239592E-10  1.033038E-09  1.258115E-09  2.490268E-01  1.073563E-04  5.958302E-08  5.227352E-01  1.961848E-03  9.267063E-06  1.719425E-06  8.404342E-04  1.830445E-08  7.471232E-08  1.080556E-08  4.968829E-02  2.925583E-06  7.711986E-08  6.392149E-08  3.768246E-04  5.123421E-04  1.471613E-06  2.468781E-07  3.216732E-07  2.132123E-07
 3.621500E+02  1.749552E-01  3.144833E-05  6.742421E-10  9.052305E-10  1.012141E-09  1.232889E-09  2.490386E-01  1.059944E-04  5.701992E-08  5.230111E-01  1.938834E-03  8.883281E-06  1.685656E-06  8.302609E-04  1.765007E-08  7.217779E-08  1.051874E-08  4.919422E-02  2.830171E-06  7.538764E-08  6.245482E-08  3.723237E-04  5.062280E-04  1.410290E-06  2.364485E-07  3.081640E-07  2.058476E-07
 3.631500E+02  1.752037E-01  3.125391E-05  6.605167E-10  8.869713E-10  9.917664E-10  1.208290E-09  2.490502E-01  1.046585E-04  5.458169E-08  5.232828E-01  1.916219E-03  8.517418E-06  1.652748E-06  8.202666E-04  1.702274E-08  6.974354E-08  1.024108E-08  4.870755E-02  2.738377E-06  7.370334E-08  6.102942E-08  3.679038E-04  5.002241E-04  1.351854E-06  2.265176E-07  2.952974E-07  1.987772E-07
 3.641500E+02  1.754486E-01  3.106134E-05  6.471368E-10  8.691681E-10  9.719000E-10  1.184300E-09  2.490615E-01  1.033481E-04  5.226157E-08  5.235503E-01  1.893994E-03  8.168551E-06  1.620677E-06  8.104476E-04  1.642121E-08  6.740511E-08  9.972246E-09  4.822815E-02  2.650045E-06  7.206543E-08  5.964397E-08  3.635631E-04  4.943279E-04  1.296156E-06  2.170589E-07  2.830396E-07  1.919881E-07
 3.651500E+02  1.756897E-01  3.087062E-05  6.340926E-10  8.518082E-10  9.525274E-10  1.160902E-09  2.490727E-01  1.020626E-04  5.005324E-08  5.238138E-01  1.872150E-03  7.835810E-06  1.589416E-06  8.008000E-04  1.584430E-08  6.515824E-08  9.711917E-09  4.775589E-02  2.565030E-06  7.047246E-08  5.829718E-08  3.592999E-04  4.885369E-04  1.243055E-06  2.080476E-07  2.713587E-07  1.854678E-07
 3.661500E+02  1.759273E-01  3.068172E-05  6.213744E-10  8.348791E-10  9.336348E-10  1.138079E-09  2.490837E-01  1.008013E-04  4.795073E-08  5.240732E-01  1.850681E-03  7.518370E-06  1.558941E-06  7.913204E-04  1.529087E-08  6.299890E-08  9.459788E-09  4.729065E-02  2.483192E-06  6.892301E-08  5.698784E-08  3.551124E-04  4.828488E-04  1.192415E-06  1.994603E-07  2.602246E-07  1.792042E-07
 3.671500E+02  1.761614E-01  3.049465E-05  6.089733E-10  8.183687E-10  9.152086E-10  1.115816E-09  2.490945E-01  9.956375E-05  4.594841E-08  5.243288E-01  1.829577E-03  7.215457E-06  1.529229E-06  7.820051E-04  1.475985E-08  6.092324E-08  9.215565E-09  4.683231E-02  2.404397E-06  6.741572E-08  5.571473E-08  3.509990E-04  4.772613E-04  1.144111E-06  1.912748E-07  2.496090E-07  1.731861E-07
 3.681500E+02  1.763919E-01  3.030939E-05  5.968800E-10  8.022652E-10  8.972359E-10  1.094097E-09  2.491051E-01  9.834930E-05  4.404099E-08  5.245805E-01  1.808831E-03  6.926335E-06  1.500257E-06  7.728508E-04  1.425023E-08  5.892760E-08  8.978964E-09  4.638074E-02  2.328518E-06  6.594928E-08  5.447672E-08  3.469579E-04  4.717722E-04  1.098023E-06  1.834703E-07  2.394850E-07  1.674027E-07
 3.691500E+02  1.766191E-01  3.012592E-05  5.850861E-10  7.865572E-10  8.797039E-10  1.072906E-09  2.491155E-01  9.715742E-05  4.222348E-08  5.248284E-01  1.788437E-03  6.650310E-06  1.472003E-06  7.638541E-04  1.376103E-08  5.700852E-08  8.749714E-09  4.593584E-02  2.255435E-06  6.452241E-08  5.327270E-08  3.429877E-04  4.663794E-04  1.054040E-06  1.760272E-07  2.298274E-07  1.618436E-07
 3.701500E+02  1.768429E-01  2.994424E-05  5.735830E-10  7.712338E-10  8.626004E-10  1.052230E-09  2.491257E-01  9.598760E-05  4.049119E-08  5.250726E-01  1.768385E-03  6.386728E-06  1.444447E-06  7.550116E-04  1.329133E-08  5.516266E-08  8.527554E-09  4.549747E-02  2.185030E-06  6.313390E-08  5.210160E-08  3.390867E-04  4.610806E-04  1.012054E-06  1.689269E-07  2.206124E-07  1.564992E-07
 3.711500E+02  1.770634E-01  2.976433E-05  5.623626E-10  7.562842E-10  8.459135E-10  1.032054E-09  2.491357E-01  9.483931E-05  3.883967E-08  5.253132E-01  1.748670E-03  6.134968E-06  1.417568E-06  7.463202E-04  1.284027E-08  5.338688E-08  8.312234E-09  4.506554E-02  2.117194E-06  6.178255E-08  5.096238E-08  3.352535E-04  4.558740E-04  9.719648E-07  1.621519E-07  2.118175E-07  1.513601E-07
 3.721500E+02  1.772807E-01  2.958618E-05  5.514171E-10  7.416981E-10  8.296316E-10  1.012364E-09  2.491456E-01  9.371206E-05  3.726475E-08  5.255502E-01  1.729284E-03  5.894443E-06  1.391346E-06  7.377768E-04  1.240701E-08  5.167818E-08  8.103513E-09  4.463992E-02  2.051822E-06  6.046722E-08  4.985405E-08  3.314866E-04  4.507573E-04  9.336782E-07  1.556857E-07  2.034214E-07  1.464175E-07
 3.731500E+02  1.774948E-01  2.940977E-05  5.407387E-10  7.274653E-10  8.137435E-10  9.931469E-10  2.491553E-01  9.260536E-05  3.576248E-08  5.257836E-01  1.710221E-03  5.664600E-06  1.365762E-06  7.293783E-04  1.199076E-08  5.003368E-08  7.901159E-09  4.422052E-02  1.988811E-06  5.918681E-08  4.877564E-08  3.277845E-04  4.457288E-04  8.971039E-07  1.495127E-07  1.954040E-07  1.416628E-07
