#         T/K            c1          c2-1          c3-4          c3-5          c3-7          c3-9            m1          m2-1          m3-1            w1            w2          w3-1          w3-2          c1m1        c1m2-1        c1m2-7        c2m1-1        c1w1-2        c1w2-1        c2w1-1        c2w1-9        m1w1-1        m1w1-4        m1w2-1        m2w1-1        m2w1-3      c1m1w1-1
 2.731500E+02  5.630292E-01  1.070276E-03  5.386634E-07  7.070087E-07  7.866034E-07  9.379267E-07  1.451588E-01  1.808048E-04  2.430727E-06  1.176684E-01  4.847459E-04  2.031109E-05  2.849863E-07  8.724257E-03  2.065573E-06  6.777800E-06  2.674459E-06  1.630193E-01  3.691101E-05  4.755368E-06  4.175716E-06  2.354300E-04  3.204837E-04  8.258746E-06  3.688931E-06  4.672080E-06  8.379097E-06
 2.741500E+02  5.641947E-01  1.054443E-03  5.156292E-07  6.770050E-07  7.532781E-07  8.984736E-07  1.452721E-01  1.766003E-04  2.245141E-06  1.187233E-01  4.814782E-04  1.925636E-05  2.806870E-07  8.516821E-03  1.929542E-06  6.351946E-06  2.535689E-06  1.609300E-01  3.520887E-05  4.575827E-06  4.014594E-06  2.320059E-04  3.158026E-04  7.766135E-06  3.438623E-06  4.356796E-06  7.905072E-06
 2.751500E+02  5.653441E-01  1.038957E-03  4.937462E-07  6.484911E-07  7.216052E-07  8.609652E-07  1.453819E-01  1.725218E-04  2.074916E-06  1.197655E-01  4.781516E-04  1.825749E-05  2.763968E-07  8.315758E-03  1.803375E-06  5.955706E-06  2.405089E-06  1.588659E-01  3.358984E-05  4.403907E-06  3.860452E-06  2.286300E-04  3.111882E-04  7.304568E-06  3.206578E-06  4.064401E-06  7.460271E-06
 2.761500E+02  5.664774E-01  1.023810E-03  4.729492E-07  6.213834E-07  6.914920E-07  8.252929E-07  1.454884E-01  1.685649E-04  1.918690E-06  1.207949E-01  4.747705E-04  1.731158E-05  2.721195E-07  8.120841E-03  1.686298E-06  5.586841E-06  2.282127E-06  1.568270E-01  3.204974E-05  4.239257E-06  3.712961E-06  2.253022E-04  3.066405E-04  6.872012E-06  2.991383E-06  3.793131E-06  7.042765E-06
 2.771500E+02  5.675947E-01  1.008990E-03  4.531773E-07  5.956034E-07  6.628517E-07  7.913549E-07  1.455916E-01  1.647255E-04  1.775230E-06  1.218116E-01  4.713391E-04  1.641585E-05  2.678586E-07  7.931848E-03  1.577601E-06  5.243295E-06  2.166309E-06  1.548134E-01  3.058462E-05  4.081542E-06  3.571808E-06  2.220224E-04  3.021593E-04  6.466570E-06  2.791738E-06  3.541364E-06  6.650760E-06
 2.781500E+02  5.686961E-01  9.944901E-04  4.343735E-07  5.710774E-07  6.356025E-07  7.590556E-07  1.456918E-01  1.609995E-04  1.643418E-06  1.228155E-01  4.678614E-04  1.556765E-05  2.636176E-07  7.748568E-03  1.476633E-06  4.923178E-06  2.057174E-06  1.528250E-01  2.919070E-05  3.930444E-06  3.436698E-06  2.187906E-04  2.977445E-04  6.086473E-06  2.606449E-06  3.307611E-06  6.282584E-06
 2.791500E+02  5.697818E-01  9.803007E-04  4.164839E-07  5.477364E-07  6.096680E-07  7.283055E-07  1.457890E-01  1.573832E-04  1.522240E-06  1.238066E-01  4.643414E-04  1.476448E-05  2.593995E-07  7.570797E-03  1.382799E-06  4.624751E-06  1.954296E-06  1.508618E-01  2.786442E-05  3.785662E-06  3.307348E-06  2.156066E-04  2.933956E-04  5.730069E-06  2.434419E-06  3.090499E-06  5.936684E-06
 2.801500E+02  5.708519E-01  9.664134E-04  3.994584E-07  5.255156E-07  5.849764E-07  6.990202E-07  1.458833E-01  1.538727E-04  1.410776E-06  1.247850E-01  4.607829E-04  1.400396E-05  2.552074E-07  7.398340E-03  1.295551E-06  4.346412E-06  1.857277E-06  1.489238E-01  2.660237E-05  3.646907E-06  3.183493E-06  2.124700E-04  2.891125E-04  5.395818E-06  2.274637E-06  2.888770E-06  5.611614E-06
 2.811500E+02  5.719065E-01  9.528202E-04  3.832497E-07  5.043540E-07  5.614601E-07  6.711205E-07  1.459748E-01  1.504646E-04  1.308190E-06  1.257507E-01  4.571896E-04  1.328382E-05  2.510441E-07  7.231011E-03  1.214387E-06  4.086688E-06  1.765746E-06  1.470110E-01  2.540133E-05  3.513907E-06  3.064876E-06  2.093808E-04  2.848946E-04  5.082282E-06  2.126177E-06  2.701262E-06  5.306026E-06
 2.821500E+02  5.729458E-01  9.395131E-04  3.678133E-07  4.841944E-07  5.390556E-07  6.445322E-07  1.460636E-01  1.471553E-04  1.213724E-06  1.267038E-01  4.535651E-04  1.260192E-05  2.469121E-07  7.068628E-03  1.138847E-06  3.844222E-06  1.679360E-06  1.451232E-01  2.425824E-05  3.386400E-06  2.951257E-06  2.063386E-04  2.807417E-04  4.788119E-06  1.988183E-06  2.526907E-06  5.018665E-06
 2.831500E+02  5.739698E-01  9.264846E-04  3.531076E-07  4.649829E-07  5.177035E-07  6.191853E-07  1.461499E-01  1.439415E-04  1.126686E-06  1.276442E-01  4.499127E-04  1.195622E-05  2.428137E-07  6.911021E-03  1.068507E-06  3.617763E-06  1.597798E-06  1.432604E-01  2.317020E-05  3.264140E-06  2.842405E-06  2.033432E-04  2.766532E-04  4.512078E-06  1.859869E-06  2.364722E-06  4.748363E-06
 2.841500E+02  5.749788E-01  9.137273E-04  3.390934E-07  4.466691E-07  4.973475E-07  5.950139E-07  1.462336E-01  1.408201E-04  1.046449E-06  1.285720E-01  4.462359E-04  1.134479E-05  2.387513E-07  6.758021E-03  1.002978E-06  3.406158E-06  1.520759E-06  1.414225E-01  2.213444E-05  3.146890E-06  2.738103E-06  2.003941E-04  2.726286E-04  4.252989E-06  1.740511E-06  2.213800E-06  4.494030E-06
 2.851500E+02  5.759729E-01  9.012340E-04  3.257338E-07  4.292052E-07  4.779350E-07  5.719562E-07  1.463150E-01  1.377879E-04  9.724411E-07  1.294874E-01  4.425377E-04  1.076580E-05  2.347269E-07  6.609471E-03  9.419008E-07  3.208343E-06  1.447966E-06  1.396094E-01  2.114836E-05  3.034426E-06  2.638143E-06  1.974910E-04  2.686674E-04  4.009761E-06  1.629443E-06  2.073308E-06  4.254649E-06
 2.861500E+02  5.769523E-01  8.889979E-04  3.129942E-07  4.125466E-07  4.594163E-07  5.499538E-07  1.463940E-01  1.348420E-04  9.041428E-07  1.303903E-01  4.388213E-04  1.021752E-05  2.307422E-07  6.465216E-03  8.849475E-07  3.023336E-06  1.379158E-06  1.378209E-01  2.020946E-05  2.926535E-06  2.542326E-06  1.946336E-04  2.647691E-04  3.781377E-06  1.526049E-06  1.942475E-06  4.029276E-06
 2.871500E+02  5.779170E-01  8.770123E-04  3.008418E-07  3.966511E-07  4.417448E-07  5.289520E-07  1.464707E-01  1.319795E-04  8.410798E-07  1.312808E-01  4.350895E-04  9.698282E-06  2.267991E-07  6.325109E-03  8.318145E-07  2.850231E-06  1.314093E-06  1.360569E-01  1.931539E-05  2.823013E-06  2.450465E-06  1.918214E-04  2.609330E-04  3.566886E-06  1.429764E-06  1.820592E-06  3.817025E-06
 2.881500E+02  5.788672E-01  8.652708E-04  2.892461E-07  3.814790E-07  4.248763E-07  5.088988E-07  1.465453E-01  1.291975E-04  7.828199E-07  1.321590E-01  4.313453E-04  9.206544E-06  2.228990E-07  6.189009E-03  7.822225E-07  2.688189E-06  1.252544E-06  1.343173E-01  1.846392E-05  2.723666E-06  2.362382E-06  1.890540E-04  2.571585E-04  3.365399E-06  1.340066E-06  1.707005E-06  3.617073E-06
 2.891500E+02  5.798032E-01  8.537671E-04  2.781779E-07  3.669929E-07  4.087694E-07  4.897457E-07  1.466178E-01  1.264936E-04  7.289691E-07  1.330250E-01  4.275914E-04  8.740824E-06  2.190434E-07  6.056780E-03  7.359144E-07  2.536439E-06  1.194300E-06  1.326019E-01  1.765291E-05  2.628309E-06  2.277905E-06  1.863310E-04  2.534451E-04  3.176089E-06  1.256472E-06  1.601110E-06  3.428651E-06
 2.901500E+02  5.807250E-01  8.424951E-04  2.676101E-07  3.531575E-07  3.933850E-07  4.714467E-07  1.466883E-01  1.238650E-04  6.791678E-07  1.338789E-01  4.238303E-04  8.299723E-06  2.152335E-07  5.928291E-03  6.926529E-07  2.394264E-06  1.139162E-06  1.309105E-01  1.688035E-05  2.536768E-06  2.196874E-06  1.836518E-04  2.497920E-04  2.998180E-06  1.178538E-06  1.502350E-06  3.251042E-06
 2.911500E+02  5.816328E-01  8.314490E-04  2.575170E-07  3.399396E-07  3.786862E-07  4.539583E-07  1.467568E-01  1.213093E-04  6.330876E-07  1.347207E-01  4.200645E-04  7.881915E-06  2.114705E-07  5.803415E-03  6.522194E-07  2.261002E-06  1.086946E-06  1.292430E-01  1.614432E-05  2.448874E-06  2.119133E-06  1.810161E-04  2.461985E-04  2.830950E-06  1.105855E-06  1.410209E-06  3.083575E-06
 2.921500E+02  5.825267E-01  8.206231E-04  2.478743E-07  3.273078E-07  3.646384E-07  4.372399E-07  1.468234E-01  1.188242E-04  5.904287E-07  1.355506E-01  4.162964E-04  7.486145E-06  2.077554E-07  5.682032E-03  6.144121E-07  2.136041E-06  1.037481E-06  1.275992E-01  1.544302E-05  2.364467E-06  2.044537E-06  1.784233E-04  2.426640E-04  2.673723E-06  1.038043E-06  1.324213E-06  2.925624E-06
 2.931500E+02  5.834071E-01  8.100119E-04  2.386592E-07  3.152326E-07  3.512087E-07  4.212526E-07  1.468882E-01  1.164073E-04  5.509169E-07  1.363686E-01  4.125283E-04  7.111227E-06  2.040890E-07  5.564026E-03  5.790448E-07  2.018815E-06  9.906026E-07  1.259788E-01  1.477472E-05  2.283396E-06  1.972945E-06  1.758729E-04  2.391878E-04  2.525868E-06  9.747527E-07  1.243923E-06  2.776605E-06
 2.941500E+02  5.842739E-01  7.996101E-04  2.298501E-07  3.036861E-07  3.383661E-07  4.059602E-07  1.469512E-01  1.140564E-04  5.143017E-07  1.371749E-01  4.087622E-04  6.756034E-06  2.004722E-07  5.449284E-03  5.459453E-07  1.908798E-06  9.461616E-07  1.243817E-01  1.413779E-05  2.205516E-06  1.904225E-06  1.733644E-04  2.357690E-04  2.386796E-06  9.156611E-07  1.168932E-06  2.635971E-06
 2.951500E+02  5.851273E-01  7.894124E-04  2.214267E-07  2.926419E-07  3.260814E-07  3.913282E-07  1.470125E-01  1.117694E-04  4.803536E-07  1.379696E-01  4.050004E-04  6.419505E-06  1.969056E-07  5.337699E-03  5.149547E-07  1.805504E-06  9.040161E-07  1.228076E-01  1.353066E-05  2.130689E-06  1.838249E-06  1.708973E-04  2.324071E-04  2.255955E-06  8.604694E-07  1.098866E-06  2.503211E-06
 2.961500E+02  5.859677E-01  7.794139E-04  2.133697E-07  2.820751E-07  3.143270E-07  3.773240E-07  1.470722E-01  1.095442E-04  4.488627E-07  1.387527E-01  4.012447E-04  6.100631E-06  1.933897E-07  5.229167E-03  4.859262E-07  1.708481E-06  8.640336E-07  1.212564E-01  1.295188E-05  2.058782E-06  1.774897E-06  1.684711E-04  2.291012E-04  2.132830E-06  8.089015E-07  1.033378E-06  2.377847E-06
 2.971500E+02  5.867950E-01  7.696097E-04  2.056610E-07  2.719622E-07  3.030769E-07  3.639170E-07  1.471302E-01  1.073789E-04  4.196368E-07  1.395245E-01  3.974970E-04  5.798461E-06  1.899250E-07  5.123588E-03  4.587238E-07  1.617312E-06  8.260901E-07  1.197278E-01  1.240004E-05  1.989669E-06  1.714055E-06  1.660852E-04  2.258506E-04  2.016941E-06  7.607020E-07  9.721453E-07  2.259434E-06
 2.981500E+02  5.876094E-01  7.599950E-04  1.982834E-07  2.622810E-07  2.923062E-07  3.510782E-07  1.471867E-01  1.052714E-04  3.924997E-07  1.402849E-01  3.937590E-04  5.512094E-06  1.865118E-07  5.020865E-03  4.332217E-07  1.531608E-06  7.900692E-07  1.182216E-01  1.187381E-05  1.923232E-06  1.655611E-06  1.637391E-04  2.226546E-04  1.907837E-06  7.156346E-07  9.148723E-07  2.147554E-06
 2.991500E+02  5.884112E-01  7.505653E-04  1.912208E-07  2.530104E-07  2.819919E-07  3.387799E-07  1.472417E-01  1.032201E-04  3.672900E-07  1.410342E-01  3.900325E-04  5.240678E-06  1.831505E-07  4.920907E-03  4.093036E-07  1.451010E-06  7.558621E-07  1.167375E-01  1.137194E-05  1.859356E-06  1.599463E-06  1.614322E-04  2.195123E-04  1.805097E-06  6.734808E-07  8.612833E-07  2.041814E-06
 3.001500E+02  5.892006E-01  7.413162E-04  1.844578E-07  2.441307E-07  2.721117E-07  3.269963E-07  1.472952E-01  1.012230E-04  3.438593E-07  1.417724E-01  3.863189E-04  4.983406E-06  1.798412E-07  4.823625E-03  3.868618E-07  1.375183E-06  7.233665E-07  1.152754E-01  1.089322E-05  1.797932E-06  1.545510E-06  1.591640E-04  2.164230E-04  1.708328E-06  6.340379E-07  8.111235E-07  1.941851E-06
 3.011500E+02  5.899775E-01  7.322433E-04  1.779799E-07  2.356229E-07  2.626448E-07  3.157027E-07  1.473474E-01  9.927852E-05  3.220719E-07  1.424996E-01  3.826199E-04  4.739517E-06  1.765841E-07  4.728931E-03  3.657963E-07  1.303815E-06  6.924865E-07  1.138350E-01  1.043654E-05  1.738855E-06  1.493658E-06  1.569339E-04  2.133860E-04  1.617161E-06  5.971186E-07  7.641568E-07  1.847320E-06
 3.021500E+02  5.907424E-01  7.233424E-04  1.717734E-07  2.274693E-07  2.535715E-07  3.048759E-07  1.473981E-01  9.738496E-05  3.018029E-07  1.432161E-01  3.789368E-04  4.508290E-06  1.733792E-07  4.636744E-03  3.460146E-07  1.236619E-06  6.631322E-07  1.124160E-01  1.000080E-05  1.682027E-06  1.443816E-06  1.547415E-04  2.104004E-04  1.531252E-06  5.625491E-07  7.201646E-07  1.757901E-06
 3.031500E+02  5.914952E-01  7.146094E-04  1.658253E-07  2.196531E-07  2.448731E-07  2.944938E-07  1.474476E-01  9.554072E-05  2.829376E-07  1.439218E-01  3.752710E-04  4.289044E-06  1.702265E-07  4.546984E-03  3.274309E-07  1.173325E-06  6.352190E-07  1.110182E-01  9.584997E-06  1.627352E-06  1.395898E-06  1.525860E-04  2.074655E-04  1.450280E-06  5.301684E-07  6.789438E-07  1.673293E-06
 3.041500E+02  5.922362E-01  7.060405E-04  1.601234E-07  2.121583E-07  2.365319E-07  2.845355E-07  1.474958E-01  9.374426E-05  2.653707E-07  1.446170E-01  3.716236E-04  4.081134E-06  1.671259E-07  4.459574E-03  3.099656E-07  1.113685E-06  6.086677E-07  1.096413E-01  9.188147E-06  1.574740E-06  1.349822E-06  1.504671E-04  2.045806E-04  1.373942E-06  4.998274E-07  6.403065E-07  1.593215E-06
 3.051500E+02  5.929656E-01  6.976316E-04  1.546560E-07  2.049698E-07  2.285311E-07  2.749812E-07  1.475427E-01  9.199410E-05  2.490052E-07  1.453018E-01  3.679960E-04  3.883951E-06  1.640772E-07  4.374441E-03  2.935447E-07  1.057465E-06  5.834036E-07  1.082851E-01  8.809334E-06  1.524106E-06  1.305509E-06  1.483840E-04  2.017448E-04  1.301956E-06  4.713874E-07  6.040781E-07  1.517404E-06
 3.061500E+02  5.936834E-01  6.893792E-04  1.494120E-07  1.980733E-07  2.208549E-07  2.658122E-07  1.475885E-01  9.028881E-05  2.337519E-07  1.459762E-01  3.643891E-04  3.696920E-06  1.610803E-07  4.291512E-03  2.780998E-07  1.004449E-06  5.593568E-07  1.069494E-01  8.447684E-06  1.475365E-06  1.262884E-06  1.463363E-04  1.989573E-04  1.234059E-06  4.447203E-07  5.700967E-07  1.445610E-06
 3.071500E+02  5.943900E-01  6.812796E-04  1.443811E-07  1.914553E-07  2.134881E-07  2.570106E-07  1.476330E-01  8.862700E-05  2.195289E-07  1.466405E-01  3.608040E-04  3.519495E-06  1.581349E-07  4.210719E-03  2.635670E-07  9.544358E-07  5.364615E-07  1.056338E-01  8.102365E-06  1.428441E-06  1.221876E-06  1.443235E-04  1.962175E-04  1.170003E-06  4.197068E-07  5.382118E-07  1.377603E-06
 3.081500E+02  5.950853E-01  6.733293E-04  1.395534E-07  1.851027E-07  2.064165E-07  2.485596E-07  1.476765E-01  8.700734E-05  2.062607E-07  1.472947E-01  3.572417E-04  3.351162E-06  1.552408E-07  4.131996E-03  2.498871E-07  9.072377E-07  5.146556E-07  1.043382E-01  7.772590E-06  1.383257E-06  1.182417E-06  1.423449E-04  1.935245E-04  1.109556E-06  3.962362E-07  5.082840E-07  1.313165E-06
 3.091500E+02  5.957697E-01  6.655247E-04  1.349194E-07  1.790036E-07  1.996265E-07  2.404433E-07  1.477189E-01  8.542853E-05  1.938775E-07  1.479390E-01  3.537031E-04  3.191435E-06  1.523976E-07  4.055279E-03  2.370052E-07  8.626796E-07  4.938809E-07  1.030622E-01  7.457611E-06  1.339741E-06  1.144442E-06  1.404000E-04  1.908776E-04  1.052501E-06  3.742059E-07  4.801834E-07  1.252091E-06
 3.101500E+02  5.964433E-01  6.578627E-04  1.304702E-07  1.731462E-07  1.931054E-07  2.326463E-07  1.477602E-01  8.388934E-05  1.823152E-07  1.485735E-01  3.501890E-04  3.039854E-06  1.496048E-07  3.980506E-03  2.248699E-07  8.205983E-07  4.740825E-07  1.018057E-01  7.156716E-06  1.297826E-06  1.107889E-06  1.384882E-04  1.882760E-04  9.986353E-07  3.535204E-07  4.537897E-07  1.194190E-06
 3.111500E+02  5.971062E-01  6.503399E-04  1.261975E-07  1.675196E-07  1.868408E-07  2.251544E-07  1.478004E-01  8.238857E-05  1.715147E-07  1.491983E-01  3.467003E-04  2.895984E-06  1.468622E-07  3.907617E-03  2.134337E-07  7.808417E-07  4.552090E-07  1.005683E-01  6.869231E-06  1.257445E-06  1.072699E-06  1.366091E-04  1.857191E-04  9.477687E-07  3.340910E-07  4.289906E-07  1.139282E-06
 3.121500E+02  5.977585E-01  6.429532E-04  1.220932E-07  1.621134E-07  1.808213E-07  2.179537E-07  1.478397E-01  8.092504E-05  1.614214E-07  1.498137E-01  3.432375E-04  2.759415E-06  1.441693E-07  3.836556E-03  2.026522E-07  7.432678E-07  4.372116E-07  9.934974E-02  6.594514E-06  1.218536E-06  1.038814E-06  1.347621E-04  1.832059E-04  8.997224E-07  3.158353E-07  4.056822E-07  1.087197E-06
 3.131500E+02  5.984006E-01  6.356995E-04  1.181497E-07  1.569176E-07  1.750358E-07  2.110313E-07  1.478780E-01  7.949766E-05  1.519850E-07  1.504196E-01  3.398014E-04  2.629757E-06  1.415255E-07  3.767267E-03  1.924842E-07  7.077440E-07  4.200445E-07  9.814986E-02  6.331957E-06  1.181039E-06  1.006181E-06  1.329467E-04  1.807359E-04  8.543294E-07  2.986766E-07  3.837673E-07  1.037778E-06
 3.141500E+02  5.990324E-01  6.285759E-04  1.143597E-07  1.519229E-07  1.694739E-07  2.043749E-07  1.479154E-01  7.810533E-05  1.431589E-07  1.510162E-01  3.363926E-04  2.506643E-06  1.389305E-07  3.699697E-03  1.828911E-07  6.741466E-07  4.036646E-07  9.696835E-02  6.080981E-06  1.144897E-06  9.747484E-07  1.311623E-04  1.783083E-04  8.114328E-07  2.825437E-07  3.631559E-07  9.908743E-07
 3.151500E+02  5.996543E-01  6.215793E-04  1.107165E-07  1.471204E-07  1.641256E-07  1.979727E-07  1.479519E-01  7.674700E-05  1.349001E-07  1.516037E-01  3.330116E-04  2.389727E-06  1.363836E-07  3.633793E-03  1.738371E-07  6.423597E-07  3.880313E-07  9.580497E-02  5.841036E-06  1.110055E-06  9.444669E-07  1.294083E-04  1.759223E-04  7.708858E-07  2.673701E-07  3.437641E-07  9.463467E-07
 3.161500E+02  6.002662E-01  6.147072E-04  1.072134E-07  1.425015E-07  1.589816E-07  1.918136E-07  1.479875E-01  7.542168E-05  1.271689E-07  1.521822E-01  3.296590E-04  2.278680E-06  1.338843E-07  3.569506E-03  1.652889E-07  6.122755E-07  3.731061E-07  9.465944E-02  5.611601E-06  1.076461E-06  9.152893E-07  1.276844E-04  1.735772E-04  7.325503E-07  2.530941E-07  3.255136E-07  9.040633E-07
 3.171500E+02  6.008685E-01  6.079565E-04  1.038444E-07  1.380582E-07  1.540329E-07  1.858869E-07  1.480222E-01  7.412839E-05  1.199287E-07  1.527518E-01  3.263352E-04  2.173192E-06  1.314320E-07  3.506788E-03  1.572152E-07  5.837928E-07  3.588528E-07  9.353152E-02  5.392179E-06  1.044065E-06  8.871706E-07  1.259899E-04  1.712724E-04  6.962972E-07  2.396582E-07  3.083316E-07  8.639002E-07
 3.181500E+02  6.014611E-01  6.013247E-04  1.006034E-07  1.337828E-07  1.492709E-07  1.801825E-07  1.480561E-01  7.286618E-05  1.131454E-07  1.533127E-01  3.230407E-04  2.072969E-06  1.290262E-07  3.445593E-03  1.495870E-07  5.568171E-07  3.452374E-07  9.242094E-02  5.182300E-06  1.012818E-06  8.600678E-07  1.243244E-04  1.690070E-04  6.620051E-07  2.270088E-07  2.921505E-07  8.257409E-07
 3.191500E+02  6.020444E-01  5.948093E-04  9.748502E-08  1.296681E-07  1.446876E-07  1.746909E-07  1.480892E-01  7.163415E-05  1.067875E-07  1.538649E-01  3.197757E-04  1.977735E-06  1.266662E-07  3.385875E-03  1.423771E-07  5.312599E-07  3.322276E-07  9.132747E-02  4.981515E-06  9.826761E-07  8.339399E-07  1.226873E-04  1.667806E-04  6.295601E-07  2.150960E-07  2.769068E-07  7.894758E-07
 3.201500E+02  6.026184E-01  5.884075E-04  9.448379E-08  1.257070E-07  1.402752E-07  1.694029E-07  1.481215E-01  7.043142E-05  1.008261E-07  1.544086E-01  3.165407E-04  1.887227E-06  1.243515E-07  3.327591E-03  1.355602E-07  5.070386E-07  3.197930E-07  9.025083E-02  4.789399E-06  9.535945E-07  8.087475E-07  1.210782E-04  1.645922E-04  5.988556E-07  2.038732E-07  2.625418E-07  7.550018E-07
 3.211500E+02  6.031833E-01  5.821170E-04  9.159469E-08  1.218929E-07  1.360264E-07  1.643098E-07  1.481531E-01  6.925714E-05  9.523410E-08  1.549440E-01  3.133360E-04  1.801197E-06  1.220814E-07  3.270701E-03  1.291126E-07  4.840755E-07  3.079048E-07  8.919080E-02  4.605546E-06  9.255314E-07  7.844531E-07  1.194966E-04  1.624414E-04  5.697911E-07  1.932972E-07  2.490003E-07  7.222218E-07
 3.221500E+02  6.037392E-01  5.759353E-04  8.881290E-08  1.182197E-07  1.319342E-07  1.594033E-07  1.481839E-01  6.811048E-05  8.998653E-08  1.554711E-01  3.101618E-04  1.719411E-06  1.198552E-07  3.215162E-03  1.230122E-07  4.622981E-07  2.965359E-07  8.814710E-02  4.429572E-06  8.984468E-07  7.610208E-07  1.179420E-04  1.603273E-04  5.422724E-07  1.833275E-07  2.362313E-07  6.910444E-07
 3.231500E+02  6.042863E-01  5.698601E-04  8.613382E-08  1.146812E-07  1.279920E-07  1.546756E-07  1.482140E-01  6.699066E-05  8.506025E-08  1.559901E-01  3.070183E-04  1.641647E-06  1.176723E-07  3.160936E-03  1.172383E-07  4.416385E-07  2.856606E-07  8.711951E-02  4.261113E-06  8.723025E-07  7.384161E-07  1.164138E-04  1.582494E-04  5.162113E-07  1.739263E-07  2.241867E-07  6.613836E-07
 3.241500E+02  6.048248E-01  5.638892E-04  8.355310E-08  1.112718E-07  1.241934E-07  1.501191E-07  1.482434E-01  6.589690E-05  8.043375E-08  1.565011E-01  3.039058E-04  1.567696E-06  1.155321E-07  3.107985E-03  1.117716E-07  4.220327E-07  2.752547E-07  8.610776E-02  4.099818E-06  8.470615E-07  7.166064E-07  1.149117E-04  1.562070E-04  4.915245E-07  1.650584E-07  2.128219E-07  6.331583E-07
 3.251500E+02  6.053547E-01  5.580202E-04  8.106656E-08  1.079861E-07  1.205324E-07  1.457267E-07  1.482721E-01  6.482846E-05  7.608712E-08  1.570042E-01  3.008243E-04  1.497359E-06  1.134339E-07  3.056272E-03  1.065940E-07  4.034212E-07  2.652952E-07  8.511163E-02  3.945359E-06  8.226889E-07  6.955601E-07  1.134352E-04  1.541995E-04  4.681341E-07  1.566909E-07  2.020953E-07  6.062921E-07
 3.261500E+02  6.058762E-01  5.522510E-04  7.867025E-08  1.048189E-07  1.170032E-07  1.414916E-07  1.483002E-01  6.378464E-05  7.200184E-08  1.574995E-01  2.977740E-04  1.430449E-06  1.113770E-07  3.005763E-03  1.016885E-07  3.857477E-07  2.557605E-07  8.413086E-02  3.797421E-06  7.991509E-07  6.752471E-07  1.119838E-04  1.522262E-04  4.459666E-07  1.487932E-07  1.919677E-07  5.807130E-07
 3.271500E+02  6.063895E-01  5.465795E-04  7.636040E-08  1.017653E-07  1.136004E-07  1.374072E-07  1.483276E-01  6.276472E-05  6.816075E-08  1.579872E-01  2.947551E-04  1.366788E-06  1.093608E-07  2.956424E-03  9.703937E-08  3.689596E-07  2.466300E-07  8.316523E-02  3.655704E-06  7.764154E-07  6.556387E-07  1.105570E-04  1.502865E-04  4.249533E-07  1.413364E-07  1.824029E-07  5.563532E-07
 3.281500E+02  6.068946E-01  5.410037E-04  7.413340E-08  9.882044E-08  1.103187E-07  1.334673E-07  1.483544E-01  6.176804E-05  6.454786E-08  1.584674E-01  2.917676E-04  1.306209E-06  1.073845E-07  2.908220E-03  9.263171E-08  3.530076E-07  2.378843E-07  8.221448E-02  3.519925E-06  7.544514E-07  6.367074E-07  1.091544E-04  1.483798E-04  4.050292E-07  1.342940E-07  1.733667E-07  5.331487E-07
 3.291500E+02  6.073918E-01  5.355214E-04  7.198582E-08  9.598001E-08  1.071532E-07  1.296661E-07  1.483806E-01  6.079395E-05  6.114836E-08  1.589403E-01  2.888115E-04  1.248552E-06  1.054476E-07  2.861121E-03  8.845162E-08  3.378454E-07  2.295049E-07  8.127840E-02  3.389811E-06  7.332295E-07  6.184267E-07  1.077756E-04  1.465055E-04  3.861335E-07  1.276407E-07  1.648274E-07  5.110391E-07
 3.301500E+02  6.078811E-01  5.301308E-04  6.991439E-08  9.323967E-08  1.040991E-07  1.259979E-07  1.484062E-01  5.984183E-05  5.794844E-08  1.594058E-01  2.858868E-04  1.193669E-06  1.035492E-07  2.815094E-03  8.448608E-08  3.234293E-07  2.214746E-07  8.035675E-02  3.265107E-06  7.127213E-07  6.007715E-07  1.064202E-04  1.446630E-04  3.682088E-07  1.213532E-07  1.567552E-07  4.899675E-07
 3.311500E+02  6.083628E-01  5.248300E-04  6.791599E-08  9.059534E-08  1.011519E-07  1.224573E-07  1.484312E-01  5.891106E-05  5.493527E-08  1.598641E-01  2.829937E-04  1.141415E-06  1.016889E-07  2.770112E-03  8.072285E-08  3.097184E-07  2.137767E-07  7.944929E-02  3.145567E-06  6.928996E-07  5.837176E-07  1.050876E-04  1.428517E-04  3.512012E-07  1.154096E-07  1.491223E-07  4.698801E-07
 3.321500E+02  6.088368E-01  5.196170E-04  6.598765E-08  8.804315E-08  9.830718E-08  1.190392E-07  1.484557E-01  5.800105E-05  5.209693E-08  1.603155E-01  2.801319E-04  1.091658E-06  9.986584E-08  2.726143E-03  7.715049E-08  2.966742E-07  2.063957E-07  7.855581E-02  3.030957E-06  6.737385E-07  5.672418E-07  1.037776E-04  1.410710E-04  3.350600E-07  1.097893E-07  1.419025E-07  4.507263E-07
 3.331500E+02  6.093034E-01  5.144901E-04  6.412652E-08  8.557936E-08  9.556089E-08  1.157386E-07  1.484796E-01  5.711123E-05  4.942230E-08  1.607598E-01  2.773016E-04  1.044269E-06  9.807942E-08  2.683162E-03  7.375824E-08  2.842606E-07  1.993167E-07  7.767607E-02  2.921056E-06  6.552130E-07  5.513220E-07  1.024896E-04  1.393205E-04  3.197375E-07  1.044733E-07  1.350715E-07  4.324581E-07
 3.341500E+02  6.097626E-01  5.094475E-04  6.232990E-08  8.320044E-08  9.290907E-08  1.125509E-07  1.485030E-01  5.624106E-05  4.690102E-08  1.611974E-01  2.745026E-04  9.991292E-07  9.632896E-08  2.641139E-03  7.053603E-08  2.724436E-07  1.925257E-07  7.680987E-02  2.815652E-06  6.372992E-07  5.359369E-07  1.012233E-04  1.375994E-04  3.051888E-07  9.944345E-08  1.286064E-07  4.150303E-07
 3.351500E+02  6.102146E-01  5.044875E-04  6.059519E-08  8.090300E-08  9.034795E-08  1.094715E-07  1.485259E-01  5.538999E-05  4.452346E-08  1.616282E-01  2.717349E-04  9.561232E-07  9.461380E-08  2.600050E-03  6.747437E-08  2.611911E-07  1.860093E-07  7.595697E-02  2.714545E-06  6.199744E-07  5.210663E-07  9.997830E-05  1.359073E-04  2.913716E-07  9.468304E-08  1.224859E-07  3.984003E-07
 3.361500E+02  6.106596E-01  4.996083E-04  5.891993E-08  7.868380E-08  8.787394E-08  1.064964E-07  1.485483E-01  5.455752E-05  4.228063E-08  1.620524E-01  2.689984E-04  9.151434E-07  9.293330E-08  2.559869E-03  6.456438E-08  2.504731E-07  1.797549E-07  7.511717E-02  2.617542E-06  6.032164E-07  5.066906E-07  9.875417E-05  1.342437E-04  2.782460E-07  9.017629E-08  1.166898E-07  3.825276E-07
 3.371500E+02  6.110976E-01  4.948083E-04  5.730176E-08  7.653976E-08  8.548360E-08  1.036212E-07  1.485703E-01  5.374313E-05  4.016416E-08  1.624701E-01  2.662929E-04  8.760877E-07  9.128679E-08  2.520570E-03  6.179771E-08  2.402611E-07  1.737506E-07  7.429024E-02  2.524462E-06  5.870042E-07  4.927911E-07  9.755053E-05  1.326080E-04  2.657745E-07  8.590844E-08  1.111995E-07  3.673742E-07
 3.381500E+02  6.115287E-01  4.900859E-04  5.573841E-08  7.446792E-08  8.317365E-08  1.008422E-07  1.485917E-01  5.294635E-05  3.816623E-08  1.628815E-01  2.636184E-04  8.388592E-07  8.967363E-08  2.482131E-03  5.916648E-08  2.305285E-07  1.679849E-07  7.347599E-02  2.435130E-06  5.713176E-07  4.793500E-07  9.636701E-05  1.309997E-04  2.539218E-07  8.186566E-08  1.059972E-07  3.529039E-07
 3.391500E+02  6.119531E-01  4.854396E-04  5.422774E-08  7.246546E-08  8.094095E-08  9.815553E-08  1.486127E-01  5.216670E-05  3.627956E-08  1.632865E-01  2.609746E-04  8.033664E-07  8.809319E-08  2.444529E-03  5.666334E-08  2.212501E-07  1.624470E-07  7.267419E-02  2.349381E-06  5.561374E-07  4.663500E-07  9.520324E-05  1.294182E-04  2.426545E-07  7.803499E-08  1.010665E-07  3.390827E-07
 3.401500E+02  6.123709E-01  4.808678E-04  5.276769E-08  7.052968E-08  7.878249E-08  9.555772E-08  1.486332E-01  5.140373E-05  3.449734E-08  1.636853E-01  2.583615E-04  7.695223E-07  8.654484E-08  2.407740E-03  5.428134E-08  2.124022E-07  1.571267E-07  7.188466E-02  2.267058E-06  5.414447E-07  4.537748E-07  9.405884E-05  1.278631E-04  2.319414E-07  7.440424E-08  9.639179E-08  3.258783E-07
 3.411500E+02  6.127822E-01  4.763690E-04  5.135628E-08  6.865800E-08  7.669542E-08  9.304532E-08  1.486533E-01  5.065699E-05  3.281322E-08  1.640781E-01  2.557788E-04  7.372447E-07  8.502794E-08  2.371743E-03  5.201394E-08  2.039624E-07  1.520142E-07  7.110718E-02  2.188010E-06  5.272220E-07  4.416085E-07  9.293347E-05  1.263340E-04  2.217528E-07  7.096202E-08  9.195859E-08  3.132603E-07
 3.421500E+02  6.131871E-01  4.719418E-04  4.999164E-08  6.684796E-08  7.467698E-08  9.061506E-08  1.486730E-01  4.992607E-05  3.122126E-08  1.644649E-01  2.532265E-04  7.064558E-07  8.354188E-08  2.336518E-03  4.985501E-08  1.959097E-07  1.471002E-07  7.034155E-02  2.112094E-06  5.134519E-07  4.298361E-07  9.182676E-05  1.248302E-04  2.120608E-07  6.769761E-08  8.775322E-08  3.011998E-07
 3.431500E+02  6.135858E-01  4.675846E-04  4.867196E-08  6.509719E-08  7.272455E-08  8.826382E-08  1.486922E-01  4.921053E-05  2.971592E-08  1.648458E-01  2.507042E-04  6.770817E-07  8.208605E-08  2.302044E-03  4.779875E-08  1.882241E-07  1.423761E-07  6.958759E-02  2.039174E-06  5.001181E-07  4.184430E-07  9.073837E-05  1.233514E-04  2.028391E-07  6.460095E-08  8.376286E-08  2.896695E-07
 3.441500E+02  6.139782E-01  4.632963E-04  4.739552E-08  6.340343E-08  7.083562E-08  8.598861E-08  1.487111E-01  4.851000E-05  2.829202E-08  1.652208E-01  2.482119E-04  6.490524E-07  8.065986E-08  2.268301E-03  4.583973E-08  1.808870E-07  1.378333E-07  6.884509E-02  1.969120E-06  4.872049E-07  4.074152E-07  8.966795E-05  1.218970E-04  1.940629E-07  6.166262E-08  7.997548E-08  2.786434E-07
 3.451500E+02  6.143646E-01  4.590753E-04  4.616068E-08  6.176453E-08  6.900778E-08  8.378655E-08  1.487295E-01  4.782406E-05  2.694470E-08  1.655903E-01  2.457492E-04  6.223018E-07  7.926269E-08  2.235270E-03  4.397282E-08  1.738805E-07  1.334639E-07  6.811387E-02  1.901807E-06  4.746970E-07  3.967395E-07  8.861518E-05  1.204666E-04  1.857088E-07  5.887374E-08  7.637975E-08  2.680972E-07
 3.461500E+02  6.147451E-01  4.549204E-04  4.496585E-08  6.017842E-08  6.723874E-08  8.165492E-08  1.487476E-01  4.715235E-05  2.566945E-08  1.659541E-01  2.433161E-04  5.967669E-07  7.789397E-08  2.202933E-03  4.219318E-08  1.671881E-07  1.292604E-07  6.739374E-02  1.837118E-06  4.625800E-07  3.864030E-07  8.757973E-05  1.190598E-04  1.777546E-07  5.622598E-08  7.296505E-08  2.580077E-07
 3.471500E+02  6.151197E-01  4.508302E-04  4.380953E-08  5.864311E-08  6.552628E-08  7.959107E-08  1.487653E-01  4.649450E-05  2.446201E-08  1.663124E-01  2.409122E-04  5.723881E-07  7.655313E-08  2.171271E-03  4.049626E-08  1.607939E-07  1.252155E-07  6.668451E-02  1.774940E-06  4.508399E-07  3.763935E-07  8.656126E-05  1.176761E-04  1.701797E-07  5.371152E-08  6.972137E-08  2.483529E-07
 3.481500E+02  6.154885E-01  4.468035E-04  4.269027E-08  5.715671E-08  6.386831E-08  7.759251E-08  1.487827E-01  4.585015E-05  2.331841E-08  1.666653E-01  2.385373E-04  5.491092E-07  7.523958E-08  2.140268E-03  3.887777E-08  1.546829E-07  1.213225E-07  6.598600E-02  1.715165E-06  4.394633E-07  3.666990E-07  8.555947E-05  1.163151E-04  1.629641E-07  5.132300E-08  6.663933E-08  2.391119E-07
 3.491500E+02  6.158517E-01  4.428391E-04  4.160669E-08  5.571741E-08  6.226279E-08  7.565681E-08  1.487997E-01  4.521896E-05  2.223494E-08  1.670128E-01  2.361912E-04  5.268764E-07  7.395278E-08  2.109906E-03  3.733365E-08  1.488412E-07  1.175748E-07  6.529803E-02  1.657691E-06  4.284373E-07  3.573083E-07  8.457404E-05  1.149763E-04  1.560895E-07  4.905349E-08  6.371007E-08  2.302651E-07
 3.501500E+02  6.162093E-01  4.389358E-04  4.055746E-08  5.432345E-08  6.070779E-08  7.378166E-08  1.488163E-01  4.460059E-05  2.120812E-08  1.673552E-01  2.338737E-04  5.056390E-07  7.269217E-08  2.080169E-03  3.586010E-08  1.432554E-07  1.139661E-07  6.462042E-02  1.602421E-06  4.177494E-07  3.482104E-07  8.360467E-05  1.136594E-04  1.495381E-07  4.689650E-08  6.092529E-08  2.217937E-07
 3.511500E+02  6.165614E-01  4.350923E-04  3.954131E-08  5.297317E-08  5.920145E-08  7.196486E-08  1.488326E-01  4.399473E-05  2.023467E-08  1.676924E-01  2.315845E-04  4.853488E-07  7.145720E-08  2.051041E-03  3.445349E-08  1.379128E-07  1.104906E-07  6.395301E-02  1.549260E-06  4.073880E-07  3.393950E-07  8.265106E-05  1.123639E-04  1.432935E-07  4.484589E-08  5.827716E-08  2.136801E-07
 3.521500E+02  6.169082E-01  4.313075E-04  3.855703E-08  5.166498E-08  5.774200E-08  7.020429E-08  1.488486E-01  4.340105E-05  1.931154E-08  1.680245E-01  2.293233E-04  4.659602E-07  7.024734E-08  2.022507E-03  3.311043E-08  1.328017E-07  1.071427E-07  6.329562E-02  1.498120E-06  3.973414E-07  3.308520E-07  8.171292E-05  1.110895E-04  1.373399E-07  4.289591E-08  5.575830E-08  2.059073E-07
 3.531500E+02  6.172497E-01  4.275804E-04  3.760344E-08  5.039734E-08  5.632773E-08  6.849789E-08  1.488643E-01  4.281925E-05  1.843586E-08  1.683517E-01  2.270898E-04  4.474298E-07  6.906208E-08  1.994551E-03  3.182771E-08  1.279106E-07  1.039169E-07  6.264807E-02  1.448915E-06  3.875988E-07  3.225717E-07  8.078995E-05  1.098357E-04  1.316626E-07  4.104113E-08  5.336179E-08  1.984595E-07
 3.541500E+02  6.175861E-01  4.239097E-04  3.667943E-08  4.916877E-08  5.495700E-08  6.684374E-08  1.488796E-01  4.224904E-05  1.760494E-08  1.686739E-01  2.248840E-04  4.297166E-07  6.790088E-08  1.967160E-03  3.060230E-08  1.232290E-07  1.008082E-07  6.201021E-02  1.401566E-06  3.781495E-07  3.145449E-07  7.988188E-05  1.086021E-04  1.262475E-07  3.927643E-08  5.108109E-08  1.913215E-07
 3.551500E+02  6.179173E-01  4.202944E-04  3.578393E-08  4.797789E-08  5.362825E-08  6.523994E-08  1.488947E-01  4.169012E-05  1.681625E-08  1.689914E-01  2.227053E-04  4.127814E-07  6.676326E-08  1.940319E-03  2.943132E-08  1.187468E-07  9.781161E-08  6.138188E-02  1.355994E-06  3.689835E-07  3.067627E-07  7.898843E-05  1.073885E-04  1.210814E-07  3.759703E-08  4.891004E-08  1.844790E-07
 3.561500E+02  6.182436E-01  4.167336E-04  3.491591E-08  4.682332E-08  5.233997E-08  6.368471E-08  1.489094E-01  4.114222E-05  1.606743E-08  1.693041E-01  2.205537E-04  3.965872E-07  6.564870E-08  1.914014E-03  2.831207E-08  1.144544E-07  9.492260E-08  6.076290E-02  1.312125E-06  3.600909E-07  2.992165E-07  7.810932E-05  1.061943E-04  1.161518E-07  3.599837E-08  4.684284E-08  1.779182E-07
 3.571500E+02  6.185649E-01  4.132260E-04  3.407438E-08  4.570377E-08  5.109072E-08  6.217633E-08  1.489239E-01  4.060506E-05  1.535625E-08  1.696122E-01  2.184287E-04  3.810989E-07  6.455672E-08  1.888233E-03  2.724199E-08  1.103427E-07  9.213669E-08  6.015313E-02  1.269889E-06  3.514624E-07  2.918981E-07  7.724429E-05  1.050193E-04  1.114468E-07  3.447618E-08  4.487402E-08  1.716263E-07
 3.581500E+02  6.188814E-01  4.097708E-04  3.325839E-08  4.461801E-08  4.987911E-08  6.071313E-08  1.489380E-01  4.007839E-05  1.468062E-08  1.699157E-01  2.163302E-04  3.662831E-07  6.348684E-08  1.862961E-03  2.621866E-08  1.064032E-07  8.944965E-08  5.955240E-02  1.229218E-06  3.430890E-07  2.847996E-07  7.639308E-05  1.038631E-04  1.069553E-07  3.302645E-08  4.299843E-08  1.655910E-07
 3.591500E+02  6.191931E-01  4.063670E-04  3.246704E-08  4.356482E-08  4.870381E-08  5.929354E-08  1.489519E-01  3.956194E-05  1.403857E-08  1.702148E-01  2.142579E-04  3.521080E-07  6.243859E-08  1.838188E-03  2.523978E-08  1.026277E-07  8.685745E-08  5.896057E-02  1.190048E-06  3.349619E-07  2.779134E-07  7.555543E-05  1.027253E-04  1.026666E-07  3.164537E-08  4.121120E-08  1.598005E-07
 3.601500E+02  6.195002E-01  4.030135E-04  3.169946E-08  4.254308E-08  4.756355E-08  5.791602E-08  1.489656E-01  3.905548E-05  1.342826E-08  1.705094E-01  2.122114E-04  3.385436E-07  6.141151E-08  1.813899E-03  2.430319E-08  9.900859E-08  8.435624E-08  5.837749E-02  1.152317E-06  3.270729E-07  2.712322E-07  7.473109E-05  1.016055E-04  9.857071E-08  3.032936E-08  3.950775E-08  1.542439E-07
 3.611500E+02  6.198027E-01  3.997095E-04  3.095481E-08  4.155168E-08  4.645711E-08  5.657911E-08  1.489789E-01  3.855875E-05  1.284796E-08  1.707996E-01  2.101906E-04  3.255613E-07  6.040515E-08  1.790085E-03  2.340685E-08  9.553853E-08  8.194234E-08  5.780300E-02  1.115967E-06  3.194138E-07  2.647490E-07  7.391981E-05  1.005036E-04  9.465814E-08  2.907505E-08  3.788374E-08  1.489104E-07
 3.621500E+02  6.201006E-01  3.964540E-04  3.023228E-08  4.058955E-08  4.538329E-08  5.528141E-08  1.489921E-01  3.807152E-05  1.229603E-08  1.710856E-01  2.081950E-04  3.131340E-07  5.941905E-08  1.766733E-03  2.254880E-08  9.221058E-08  7.961225E-08  5.723696E-02  1.080942E-06  3.119769E-07  2.584570E-07  7.312135E-05  9.941908E-05  9.091990E-08  2.787925E-08  3.633510E-08  1.437901E-07
 3.631500E+02  6.203942E-01  3.932462E-04  2.953111E-08  3.965569E-08  4.434098E-08  5.402156E-08  1.490049E-01  3.759357E-05  1.177094E-08  1.713674E-01  2.062245E-04  3.012357E-07  5.845279E-08  1.743832E-03  2.172722E-08  8.901818E-08  7.736261E-08  5.667923E-02  1.047187E-06  3.047549E-07  2.523496E-07  7.233547E-05  9.835166E-05  8.734745E-08  2.673894E-08  3.485795E-08  1.388735E-07
 3.641500E+02  6.206834E-01  3.900851E-04  2.885055E-08  3.874912E-08  4.332909E-08  5.279827E-08  1.490175E-01  3.712467E-05  1.127124E-08  1.716451E-01  2.042788E-04  2.898420E-07  5.750594E-08  1.721371E-03  2.094036E-08  8.595510E-08  7.519023E-08  5.612968E-02  1.014651E-06  2.977404E-07  2.464208E-07  7.156195E-05  9.730103E-05  8.393274E-08  2.565129E-08  3.344867E-08  1.341515E-07
 3.651500E+02  6.209683E-01  3.869700E-04  2.818990E-08  3.786890E-08  4.234658E-08  5.161029E-08  1.490299E-01  3.666462E-05  1.079558E-08  1.719188E-01  2.023575E-04  2.789296E-07  5.657808E-08  1.699340E-03  2.018657E-08  8.301541E-08  7.309204E-08  5.558815E-02  9.832863E-07  2.909267E-07  2.406643E-07  7.080055E-05  9.626687E-05  8.066812E-08  2.461362E-08  3.210381E-08  1.296155E-07
 3.661500E+02  6.212490E-01  3.838998E-04  2.754846E-08  3.701413E-08  4.139244E-08  5.045641E-08  1.490421E-01  3.621319E-05  1.034267E-08  1.721884E-01  2.004604E-04  2.684764E-07  5.566880E-08  1.677729E-03  1.946429E-08  8.019350E-08  7.106512E-08  5.505452E-02  9.530445E-07  2.843071E-07  2.350745E-07  7.005105E-05  9.524889E-05  7.754634E-08  2.362338E-08  3.082011E-08  1.252572E-07
 3.671500E+02  6.215256E-01  3.808740E-04  2.692559E-08  3.618395E-08  4.046570E-08  4.933549E-08  1.490540E-01  3.577019E-05  9.911307E-09  1.724541E-01  1.985872E-04  2.584611E-07  5.477770E-08  1.656527E-03  1.877203E-08  7.748404E-08  6.910669E-08  5.452865E-02  9.238812E-07  2.778751E-07  2.296458E-07  6.931323E-05  9.424678E-05  7.456055E-08  2.267819E-08  2.959450E-08  1.210689E-07
 3.681500E+02  6.217981E-01  3.778916E-04  2.632064E-08  3.537752E-08  3.956545E-08  4.824642E-08  1.490657E-01  3.533542E-05  9.500357E-09  1.727160E-01  1.967377E-04  2.488639E-07  5.390439E-08  1.635725E-03  1.810841E-08  7.488195E-08  6.721406E-08  5.401041E-02  8.957535E-07  2.716246E-07  2.243728E-07  6.858688E-05  9.326025E-05  7.170423E-08  2.177579E-08  2.842408E-08  1.170432E-07
 3.691500E+02  6.220667E-01  3.749518E-04  2.573302E-08  3.459404E-08  3.869078E-08  4.718813E-08  1.490772E-01  3.490869E-05  9.108748E-09  1.729740E-01  1.949115E-04  2.396657E-07  5.304847E-08  1.615313E-03  1.747207E-08  7.238243E-08  6.538469E-08  5.349967E-02  8.686203E-07  2.655498E-07  2.192503E-07  6.787178E-05  9.228902E-05  6.897121E-08  2.091402E-08  2.730610E-08  1.131728E-07
 3.701500E+02  6.223313E-01  3.720539E-04  2.516214E-08  3.383275E-08  3.784085E-08  4.615959E-08  1.490884E-01  3.448981E-05  8.735471E-09  1.732284E-01  1.931083E-04  2.308484E-07  5.220958E-08  1.595283E-03  1.686176E-08  6.998090E-08  6.361613E-08  5.299631E-02  8.424423E-07  2.596448E-07  2.142733E-07  6.716773E-05  9.133279E-05  6.635563E-08  2.009088E-08  2.623795E-08  1.094512E-07
 3.711500E+02  6.225921E-01  3.691971E-04  2.460743E-08  3.309290E-08  3.701483E-08  4.515982E-08  1.490995E-01  3.407859E-05  8.379574E-09  1.734791E-01  1.913279E-04  2.223947E-07  5.138734E-08  1.575625E-03  1.627628E-08  6.767300E-08  6.190605E-08  5.250020E-02  8.171820E-07  2.539041E-07  2.094371E-07  6.647452E-05  9.039131E-05  6.385195E-08  1.930444E-08  2.521720E-08  1.058720E-07
 3.721500E+02  6.228490E-01  3.663807E-04  2.406836E-08  3.237379E-08  3.621192E-08  4.418786E-08  1.491104E-01  3.367488E-05  8.040158E-09  1.737262E-01  1.895700E-04  2.142883E-07  5.058140E-08  1.556332E-03  1.571449E-08  6.545461E-08  6.025221E-08  5.201122E-02  7.928034E-07  2.483225E-07  2.047371E-07  6.579197E-05  8.946429E-05  6.145489E-08  1.855289E-08  2.424150E-08  1.024289E-07
 3.731500E+02  6.231023E-01  3.636040E-04  2.354441E-08  3.167471E-08  3.543137E-08  4.324281E-08  1.491210E-01  3.327848E-05  7.716377E-09  1.739697E-01  1.878344E-04  2.065135E-07  4.979139E-08  1.537393E-03  1.517531E-08  6.332178E-08  5.865248E-08  5.152925E-02  7.692720E-07  2.428948E-07  2.001688E-07  6.511987E-05  8.855148E-05  5.915945E-08  1.783453E-08  2.330865E-08  9.911615E-08
