#         T/K            c1          c2-1          c3-4          c3-5          c3-7          c3-9            m1          m2-1          m3-1            w1            w2          w3-1          w3-2          c1m1        c1m2-1        c1m2-7        c2m1-1        c1w1-2        c1w2-1        c2w1-1        c2w1-9        m1w1-1        m1w1-4        m1w2-1        m2w1-1        m2w1-3      c1m1w1-1
 2.731500E+02  3.825344E-01  5.119847E-04  1.814264E-07  2.381265E-07  2.649347E-07  3.159017E-07  1.461085E-01  1.898265E-04  2.661934E-06  2.333569E-01  1.975686E-03  1.701296E-04  2.387100E-06  6.182761E-03  1.526894E-06  5.010224E-06  1.334479E-06  2.276258E-01  1.059208E-04  4.675072E-06  4.105208E-06  4.870091E-04  6.629506E-04  3.511011E-05  7.959579E-06  1.008091E-05  1.220377E-05
 2.741500E+02  3.841421E-01  5.062655E-04  1.745763E-07  2.292132E-07  2.550369E-07  3.041957E-07  1.461950E-01  1.852344E-04  2.454447E-06  2.349360E-01  1.952689E-03  1.600566E-04  2.333039E-06  6.043941E-03  1.427173E-06  4.698177E-06  1.268911E-06  2.245655E-01  1.006934E-04  4.502647E-06  3.950390E-06  4.785115E-04  6.513418E-04  3.282776E-05  7.391927E-06  9.365702E-06  1.149719E-05
 2.751500E+02  3.857267E-01  5.006259E-04  1.680227E-07  2.206827E-07  2.455636E-07  2.929881E-07  1.462789E-01  1.807875E-04  2.264530E-06  2.364929E-01  1.929834E-03  1.506134E-04  2.280109E-06  5.909107E-03  1.334625E-06  4.407643E-06  1.206980E-06  2.215469E-01  9.574389E-05  4.337325E-06  3.802086E-06  4.701892E-04  6.399743E-04  3.070451E-05  6.868066E-06  8.705407E-06  1.083535E-05
 2.761500E+02  3.872884E-01  4.950649E-04  1.617515E-07  2.125169E-07  2.364945E-07  2.822552E-07  1.463603E-01  1.764804E-04  2.090587E-06  2.380277E-01  1.907130E-03  1.417592E-04  2.228302E-06  5.778127E-03  1.248690E-06  4.137010E-06  1.148463E-06  2.185701E-01  9.105673E-05  4.178789E-06  3.660000E-06  4.620387E-04  6.288432E-04  2.872861E-05  6.384386E-06  8.095522E-06  1.021521E-05
 2.771500E+02  3.888273E-01  4.895813E-04  1.557491E-07  2.046984E-07  2.278105E-07  2.719748E-07  1.464394E-01  1.723079E-04  1.931175E-06  2.395406E-01  1.884583E-03  1.334556E-04  2.177604E-06  5.650872E-03  1.168856E-06  3.884795E-06  1.093153E-06  2.156346E-01  8.661726E-05  4.026740E-06  3.523850E-06  4.540566E-04  6.179440E-04  2.688924E-05  5.937594E-06  7.531931E-06  9.633937E-06
 2.781500E+02  3.903436E-01  4.841743E-04  1.500027E-07  1.972108E-07  2.194933E-07  2.621255E-07  1.465163E-01  1.682650E-04  1.784990E-06  2.410317E-01  1.862202E-03  1.256670E-04  2.128005E-06  5.527219E-03  1.094653E-06  3.649634E-06  1.040856E-06  2.127403E-01  8.241165E-05  3.880892E-06  3.393370E-06  4.462397E-04  6.072719E-04  2.517641E-05  5.524681E-06  7.010876E-06  9.088918E-06
 2.791500E+02  3.918375E-01  4.788428E-04  1.445001E-07  1.900385E-07  2.115258E-07  2.526873E-07  1.465910E-01  1.643472E-04  1.650853E-06  2.425012E-01  1.839994E-03  1.183603E-04  2.079490E-06  5.407050E-03  1.025650E-06  3.430271E-06  9.913918E-07  2.098870E-01  7.842691E-05  3.740971E-06  3.268304E-06  4.385846E-04  5.968223E-04  2.358089E-05  5.142900E-06  6.528921E-06  8.577714E-06
 2.801500E+02  3.933092E-01  4.735859E-04  1.392299E-07  1.831667E-07  2.038916E-07  2.436411E-07  1.466635E-01  1.605497E-04  1.527696E-06  2.439494E-01  1.817964E-03  1.115042E-04  2.032047E-06  5.290249E-03  9.614516E-07  3.225550E-06  9.445904E-07  2.070744E-01  7.465075E-05  3.606717E-06  3.148410E-06  4.310881E-04  5.865906E-04  2.209415E-05  4.789737E-06  6.082925E-06  8.098064E-06
 2.811500E+02  3.947589E-01  4.684025E-04  1.341811E-07  1.765815E-07  1.965751E-07  2.349688E-07  1.467341E-01  1.568683E-04  1.414553E-06  2.453762E-01  1.796118E-03  1.050698E-04  1.985660E-06  5.176707E-03  9.016945E-07  3.034406E-06  9.002938E-07  2.043023E-01  7.107163E-05  3.477883E-06  3.033456E-06  4.237469E-04  5.765724E-04  2.070832E-05  4.462895E-06  5.670012E-06  7.647868E-06
 2.821500E+02  3.961868E-01  4.632919E-04  1.293435E-07  1.702695E-07  1.895618E-07  2.266532E-07  1.468026E-01  1.532987E-04  1.310548E-06  2.467821E-01  1.774462E-03  9.903000E-05  1.940315E-06  5.066317E-03  8.460448E-07  2.855856E-06  8.583540E-07  2.015702E-01  6.767865E-05  3.354232E-06  2.923222E-06  4.165579E-04  5.667632E-04  1.941613E-05  4.160273E-06  5.287554E-06  7.225176E-06
 2.831500E+02  3.975931E-01  4.582529E-04  1.247072E-07  1.642182E-07  1.828375E-07  2.186779E-07  1.468693E-01  1.498370E-04  1.214886E-06  2.481671E-01  1.753000E-03  9.335947E-05  1.895997E-06  4.958977E-03  7.941955E-07  2.688996E-06  8.186325E-07  1.988780E-01  6.446155E-05  3.235537E-06  2.817499E-06  4.095179E-04  5.571587E-04  1.821086E-05  3.879946E-06  4.933140E-06  6.828172E-06
 2.841500E+02  3.989780E-01  4.532848E-04  1.202628E-07  1.584156E-07  1.763892E-07  2.110275E-07  1.469341E-01  1.464792E-04  1.126847E-06  2.495314E-01  1.731738E-03  8.803459E-05  1.852689E-06  4.854589E-03  7.458644E-07  2.532990E-06  7.809996E-07  1.962252E-01  6.141065E-05  3.121585E-06  2.716085E-06  4.026238E-04  5.477544E-04  1.708629E-05  3.620154E-06  4.604566E-06  6.455172E-06
 2.851500E+02  4.003419E-01  4.483865E-04  1.160016E-07  1.528502E-07  1.702040E-07  2.036872E-07  1.469972E-01  1.432217E-04  1.045775E-06  2.508753E-01  1.710679E-03  8.303330E-05  1.810375E-06  4.753057E-03  7.007917E-07  2.387067E-06  7.453338E-07  1.936115E-01  5.851684E-05  3.012168E-06  2.618791E-06  3.958725E-04  5.385462E-04  1.603667E-05  3.379282E-06  4.299809E-06  6.104608E-06
 2.861500E+02  4.016848E-01  4.435572E-04  1.119151E-07  1.475113E-07  1.642702E-07  1.966430E-07  1.470585E-01  1.400610E-04  9.710776E-07  2.521990E-01  1.689826E-03  7.833498E-05  1.769039E-06  4.654290E-03  6.587383E-07  2.250514E-06  7.115215E-07  1.910366E-01  5.577152E-05  2.907092E-06  2.525435E-06  3.892611E-04  5.295298E-04  1.505668E-05  3.155852E-06  4.017016E-06  5.775020E-06
 2.871500E+02  4.030070E-01  4.387960E-04  1.079953E-07  1.423887E-07  1.585762E-07  1.898816E-07  1.471182E-01  1.369935E-04  9.022131E-07  2.535027E-01  1.669183E-03  7.392037E-05  1.728664E-06  4.558200E-03  6.194839E-07  2.122675E-06  6.794559E-07  1.885002E-01  5.316657E-05  2.806168E-06  2.435844E-06  3.827865E-04  5.207012E-04  1.414141E-05  2.948507E-06  3.754486E-06  5.465052E-06
 2.881500E+02  4.043088E-01  4.341019E-04  1.042347E-07  1.374724E-07  1.531114E-07  1.833903E-07  1.471763E-01  1.340161E-04  8.386904E-07  2.547865E-01  1.648753E-03  6.977149E-05  1.689233E-06  4.464701E-03  5.828255E-07  2.002941E-06  6.490373E-07  1.860018E-01  5.069437E-05  2.709220E-06  2.349852E-06  3.764459E-04  5.120562E-04  1.328630E-05  2.756004E-06  3.510658E-06  5.173439E-06
 2.891500E+02  4.055904E-01  4.294741E-04  1.006261E-07  1.327534E-07  1.478653E-07  1.771572E-07  1.472328E-01  1.311256E-04  7.800625E-07  2.560508E-01  1.628539E-03  6.587152E-05  1.650728E-06  4.373711E-03  5.485760E-07  1.890749E-06  6.201719E-07  1.835410E-01  4.834769E-05  2.616075E-06  2.267303E-06  3.702364E-04  5.035910E-04  1.248714E-05  2.577199E-06  3.284101E-06  4.899005E-06
 2.901500E+02  4.068520E-01  4.249117E-04  9.716262E-08  1.282228E-07  1.428284E-07  1.711706E-07  1.472878E-01  1.283189E-04  7.259219E-07  2.572957E-01  1.608541E-03  6.220477E-05  1.613132E-06  4.285152E-03  5.165628E-07  1.785580E-06  5.927718E-07  1.811175E-01  4.611975E-05  2.526573E-06  2.188045E-06  3.641551E-04  4.953015E-04  1.174002E-05  2.411047E-06  3.073498E-06  4.640653E-06
 2.911500E+02  4.080939E-01  4.204139E-04  9.383773E-08  1.238721E-07  1.379911E-07  1.654198E-07  1.473414E-01  1.255932E-04  6.758979E-07  2.585214E-01  1.588764E-03  5.875654E-05  1.576429E-06  4.198946E-03  4.866265E-07  1.686953E-06  5.667545E-07  1.787308E-01  4.400412E-05  2.440557E-06  2.111937E-06  3.581993E-04  4.871840E-04  1.104132E-05  2.256582E-06  2.877640E-06  4.397363E-06
 2.921500E+02  4.093163E-01  4.159797E-04  9.064527E-08  1.196934E-07  1.333448E-07  1.598944E-07  1.473935E-01  1.229456E-04  6.296521E-07  2.597283E-01  1.569207E-03  5.551313E-05  1.540600E-06  4.115020E-03  4.586201E-07  1.594421E-06  5.420426E-07  1.763806E-01  4.199477E-05  2.357879E-06  2.038841E-06  3.523663E-04  4.792347E-04  1.038769E-05  2.112921E-06  2.695416E-06  4.168182E-06
 2.931500E+02  4.105195E-01  4.116084E-04  8.757935E-08  1.156790E-07  1.288810E-07  1.545846E-07  1.474443E-01  1.203735E-04  5.868761E-07  2.609164E-01  1.549873E-03  5.246171E-05  1.505628E-06  4.033304E-03  4.324078E-07  1.507571E-06  5.185635E-07  1.740664E-01  4.008598E-05  2.278398E-06  1.968627E-06  3.466534E-04  4.714499E-04  9.776033E-06  1.979250E-06  2.525803E-06  3.952222E-06
 2.941500E+02  4.117038E-01  4.072991E-04  8.463435E-08  1.118219E-07  1.245916E-07  1.494808E-07  1.474938E-01  1.178743E-04  5.472884E-07  2.620861E-01  1.530762E-03  4.959029E-05  1.471496E-06  3.953728E-03  4.078639E-07  1.426022E-06  4.962487E-07  1.717878E-01  3.827236E-05  2.201979E-06  1.901171E-06  3.410579E-04  4.638259E-04  9.203460E-06  1.854820E-06  2.367862E-06  3.748656E-06
 2.951500E+02  4.128692E-01  4.030509E-04  8.180496E-08  1.081151E-07  1.204691E-07  1.445742E-07  1.475419E-01  1.154455E-04  5.106318E-07  2.632376E-01  1.511876E-03  4.688766E-05  1.438186E-06  3.876226E-03  3.848725E-07  1.349417E-06  4.750342E-07  1.695444E-01  3.654885E-05  2.128492E-06  1.836354E-06  3.355773E-04  4.563592E-04  8.667303E-06  1.738944E-06  2.220726E-06  3.556711E-06
 2.961500E+02  4.140163E-01  3.988630E-04  7.908610E-08  1.045520E-07  1.165062E-07  1.398563E-07  1.475889E-01  1.130847E-04  4.766715E-07  2.643711E-01  1.493215E-03  4.434333E-05  1.405681E-06  3.800734E-03  3.633261E-07  1.277428E-06  4.548597E-07  1.673358E-01  3.491063E-05  2.057815E-06  1.774064E-06  3.302091E-04  4.490463E-04  8.165083E-06  1.630987E-06  2.083598E-06  3.375667E-06
 2.971500E+02  4.151450E-01  3.947346E-04  7.647293E-08  1.011264E-07  1.126960E-07  1.353188E-07  1.476346E-01  1.107897E-04  4.451928E-07  2.654869E-01  1.474779E-03  4.194752E-05  1.373965E-06  3.727192E-03  3.431254E-07  1.209750E-06  4.356685E-07  1.651615E-01  3.335318E-05  1.989830E-06  1.714193E-06  3.249508E-04  4.418838E-04  7.694501E-06  1.530366E-06  1.955744E-06  3.204850E-06
 2.981500E+02  4.162558E-01  3.906648E-04  7.396087E-08  9.783233E-08  1.090319E-07  1.309542E-07  1.476792E-01  1.085582E-04  4.159992E-07  2.665851E-01  1.456568E-03  3.969104E-05  1.343019E-06  3.655538E-03  3.241785E-07  1.146098E-06  4.174072E-07  1.630211E-01  3.187223E-05  1.924424E-06  1.656637E-06  3.198000E-04  4.348684E-04  7.253421E-06  1.436543E-06  1.836487E-06  3.043633E-06
 2.991500E+02  4.173489E-01  3.866530E-04  7.154553E-08  9.466421E-08  1.055077E-07  1.267550E-07  1.477226E-01  1.063881E-04  3.889111E-07  2.676661E-01  1.438583E-03  3.756531E-05  1.312828E-06  3.585717E-03  3.064001E-07  1.086210E-06  4.000257E-07  1.609141E-01  3.046374E-05  1.861490E-06  1.601298E-06  3.147543E-04  4.279967E-04  6.839862E-06  1.349023E-06  1.725202E-06  2.891428E-06
 3.001500E+02  4.184245E-01  3.826982E-04  6.922274E-08  9.161660E-08  1.021172E-07  1.227142E-07  1.477650E-01  1.042773E-04  3.637637E-07  2.687300E-01  1.420824E-03  3.556232E-05  1.283373E-06  3.517672E-03  2.897113E-07  1.029841E-06  3.834768E-07  1.588401E-01  2.912390E-05  1.800925E-06  1.548083E-06  3.098113E-04  4.212655E-04  6.451983E-06  1.267347E-06  1.621315E-06  2.747686E-06
 3.011500E+02  4.194828E-01  3.787996E-04  6.698853E-08  8.868436E-08  9.885492E-08  1.188250E-07  1.478063E-01  1.022240E-04  3.404064E-07  2.697771E-01  1.403289E-03  3.367454E-05  1.254640E-06  3.451349E-03  2.740390E-07  9.767628E-07  3.677161E-07  1.567987E-01  2.784911E-05  1.742631E-06  1.496902E-06  3.049688E-04  4.146718E-04  6.088074E-06  1.191095E-06  1.524292E-06  2.611897E-06
 3.021500E+02  4.205242E-01  3.749565E-04  6.483910E-08  8.586259E-08  9.571534E-08  1.150812E-07  1.478465E-01  1.002262E-04  3.187009E-07  2.708077E-01  1.385978E-03  3.189494E-05  1.226611E-06  3.386697E-03  2.593152E-07  9.267648E-07  3.527016E-07  1.547894E-01  2.663597E-05  1.686515E-06  1.447669E-06  3.002246E-04  4.082124E-04  5.746544E-06  1.119877E-06  1.433645E-06  2.483579E-06
 3.031500E+02  4.215488E-01  3.711681E-04  6.277085E-08  8.314662E-08  9.269329E-08  1.114765E-07  1.478858E-01  9.828214E-05  2.985205E-07  2.718218E-01  1.368891E-03  3.021695E-05  1.199271E-06  3.323667E-03  2.454771E-07  8.796498E-07  3.383941E-07  1.528118E-01  2.548127E-05  1.632487E-06  1.400303E-06  2.955764E-04  4.018842E-04  5.425917E-06  1.053334E-06  1.348920E-06  2.362285E-06
 3.041500E+02  4.225570E-01  3.674337E-04  6.078034E-08  8.053199E-08  8.978382E-08  1.080052E-07  1.479241E-01  9.639000E-05  2.797488E-07  2.728199E-01  1.352027E-03  2.863441E-05  1.172603E-06  3.262208E-03  2.324662E-07  8.352348E-07  3.247563E-07  1.508655E-01  2.438198E-05  1.580460E-06  1.354725E-06  2.910222E-04  3.956845E-04  5.124817E-06  9.911346E-07  1.269698E-06  2.247595E-06
 3.051500E+02  4.235489E-01  3.637523E-04  5.886428E-08  7.801446E-08  8.698222E-08  1.046618E-07  1.479614E-01  9.454813E-05  2.622790E-07  2.738021E-01  1.335384E-03  2.714153E-05  1.146592E-06  3.202276E-03  2.202281E-07  7.933492E-07  3.117532E-07  1.489499E-01  2.333522E-05  1.530354E-06  1.310861E-06  2.865598E-04  3.896102E-04  4.841968E-06  9.329713E-07  1.195593E-06  2.139118E-06
 3.061500E+02  4.245248E-01  3.601234E-04  5.701954E-08  7.558997E-08  8.428400E-08  1.014409E-07  1.479979E-01  9.275491E-05  2.460130E-07  2.747687E-01  1.318963E-03  2.573292E-05  1.121222E-06  3.143825E-03  2.087126E-07  7.538342E-07  2.993519E-07  1.470647E-01  2.233828E-05  1.482090E-06  1.268640E-06  2.821872E-04  3.836586E-04  4.576179E-06  8.785609E-07  1.126246E-06  2.036485E-06
 3.071500E+02  4.254850E-01  3.565461E-04  5.524314E-08  7.325465E-08  8.168486E-08  9.833745E-08  1.480334E-01  9.100878E-05  2.308607E-07  2.757199E-01  1.302760E-03  2.440351E-05  1.096478E-06  3.086811E-03  1.978727E-07  7.165418E-07  2.875212E-07  1.452094E-01  2.138860E-05  1.435594E-06  1.227995E-06  2.779023E-04  3.778269E-04  4.326343E-06  8.276413E-07  1.061328E-06  1.939353E-06
 3.081500E+02  4.264297E-01  3.530198E-04  5.353223E-08  7.100481E-08  7.918070E-08  9.534668E-08  1.480681E-01  8.930824E-05  2.167392E-07  2.766559E-01  1.286776E-03  2.314857E-05  1.072345E-06  3.031192E-03  1.876649E-07  6.813341E-07  2.762318E-07  1.433836E-01  2.048377E-05  1.390792E-06  1.188859E-06  2.737033E-04  3.721124E-04  4.091431E-06  7.799698E-07  1.000530E-06  1.847400E-06
 3.091500E+02  4.273591E-01  3.495436E-04  5.188408E-08  6.883693E-08  7.676762E-08  9.246395E-08  1.481020E-01  8.765184E-05  2.035722E-07  2.775769E-01  1.271008E-03  2.196364E-05  1.048809E-06  2.976928E-03  1.780486E-07  6.480824E-07  2.654560E-07  1.415868E-01  1.962148E-05  1.347618E-06  1.151171E-06  2.695881E-04  3.665124E-04  3.870481E-06  7.353219E-07  9.435698E-07  1.760323E-06
 3.101500E+02  4.282734E-01  3.461168E-04  5.029611E-08  6.674763E-08  7.444189E-08  8.968487E-08  1.481350E-01  8.603817E-05  1.912895E-07  2.784832E-01  1.255456E-03  2.084456E-05  1.025854E-06  2.923979E-03  1.689862E-07  6.166667E-07  2.551675E-07  1.398186E-01  1.879958E-05  1.306006E-06  1.114872E-06  2.655550E-04  3.610245E-04  3.662602E-06  6.934897E-07  8.901848E-07  1.677840E-06
 3.111500E+02  4.291730E-01  3.427388E-04  4.876585E-08  6.473372E-08  7.219992E-08  8.700522E-08  1.481673E-01  8.446591E-05  1.798265E-07  2.793750E-01  1.240117E-03  1.978743E-05  1.003467E-06  2.872306E-03  1.604426E-07  5.869750E-07  2.453418E-07  1.380786E-01  1.801601E-05  1.265892E-06  1.079905E-06  2.616021E-04  3.556460E-04  3.466958E-06  6.542806E-07  8.401312E-07  1.599685E-06
 3.121500E+02  4.300580E-01  3.394088E-04  4.729091E-08  6.279210E-08  7.003833E-08  8.442099E-08  1.481988E-01  8.293375E-05  1.691237E-07  2.802525E-01  1.224989E-03  1.878858E-05  9.816343E-07  2.821874E-03  1.523850E-07  5.589026E-07  2.359555E-07  1.363664E-01  1.726883E-05  1.227217E-06  1.046215E-06  2.577276E-04  3.503745E-04  3.282774E-06  6.175163E-07  7.931835E-07  1.525611E-06
 3.131500E+02  4.309287E-01  3.361261E-04  4.586905E-08  6.091987E-08  6.795386E-08  8.192835E-08  1.482296E-01  8.144044E-05  1.591260E-07  2.811160E-01  1.210072E-03  1.784459E-05  9.603415E-07  2.772646E-03  1.447831E-07  5.323520E-07  2.269866E-07  1.346815E-01  1.655621E-05  1.189925E-06  1.013751E-06  2.539297E-04  3.452076E-04  3.109325E-06  5.830313E-07  7.491324E-07  1.455383E-06
 3.141500E+02  4.317853E-01  3.328900E-04  4.449811E-08  5.911421E-08  6.594339E-08  7.952362E-08  1.482596E-01  7.998478E-05  1.497829E-07  2.819657E-01  1.195363E-03  1.695222E-05  9.395754E-07  2.724589E-03  1.376084E-07  5.072319E-07  2.184143E-07  1.330235E-01  1.587642E-05  1.153958E-06  9.824631E-07  2.502067E-04  3.401430E-04  2.945937E-06  5.506721E-07  7.077837E-07  1.388782E-06
 3.151500E+02  4.326280E-01  3.296998E-04  4.317603E-08  5.737245E-08  6.400396E-08  7.720329E-08  1.482889E-01  7.856562E-05  1.410477E-07  2.828017E-01  1.180860E-03  1.610847E-05  9.193229E-07  2.677668E-03  1.308344E-07  4.834569E-07  2.102189E-07  1.313919E-01  1.522781E-05  1.119267E-06  9.523043E-07  2.465570E-04  3.351783E-04  2.791979E-06  5.202964E-07  6.689574E-07  1.325604E-06
 3.161500E+02  4.334571E-01  3.265548E-04  4.190083E-08  5.569203E-08  6.213273E-08  7.496402E-08  1.483176E-01  7.718182E-05  1.328773E-07  2.836244E-01  1.166562E-03  1.531050E-05  8.995713E-07  2.631852E-03  1.244366E-07  4.609473E-07  2.023817E-07  1.297864E-01  1.460883E-05  1.085799E-06  9.232289E-07  2.429789E-04  3.303114E-04  2.646863E-06  4.917722E-07  6.324862E-07  1.265655E-06
 3.171500E+02  4.342728E-01  3.234545E-04  4.067065E-08  5.407051E-08  6.032697E-08  7.280259E-08  1.483456E-01  7.583231E-05  1.252318E-07  2.844339E-01  1.152466E-03  1.455564E-05  8.803078E-07  2.587109E-03  1.183918E-07  4.396286E-07  1.948853E-07  1.282066E-01  1.401800E-05  1.053507E-06  8.951937E-07  2.394709E-04  3.255399E-04  2.510041E-06  4.649767E-07  5.982146E-07  1.208754E-06
 3.181500E+02  4.350752E-01  3.203980E-04  3.948367E-08  5.250554E-08  5.858411E-08  7.071594E-08  1.483729E-01  7.451605E-05  1.180745E-07  2.852304E-01  1.138570E-03  1.384141E-05  8.615202E-07  2.543409E-03  1.126786E-07  4.194308E-07  1.877129E-07  1.266520E-01  1.345393E-05  1.022344E-06  8.681571E-07  2.360313E-04  3.208618E-04  2.381000E-06  4.397961E-07  5.659985E-07  1.154731E-06
 3.191500E+02  4.358647E-01  3.173848E-04  3.833818E-08  5.099489E-08  5.690165E-08  6.870113E-08  1.483997E-01  7.323204E-05  1.113712E-07  2.860141E-01  1.124873E-03  1.316546E-05  8.431964E-07  2.500723E-03  1.072769E-07  4.002886E-07  1.808488E-07  1.251223E-01  1.291530E-05  9.922676E-07  8.420796E-07  2.326586E-04  3.162750E-04  2.259262E-06  4.161244E-07  5.357036E-07  1.103427E-06
 3.201500E+02  4.366414E-01  3.144142E-04  3.723254E-08  4.953643E-08  5.527721E-08  6.675536E-08  1.484258E-01  7.197929E-05  1.050907E-07  2.867853E-01  1.111371E-03  1.252558E-05  8.253246E-07  2.459023E-03  1.021679E-07  3.821409E-07  1.742781E-07  1.236169E-01  1.240086E-05  9.632342E-07  8.169230E-07  2.293514E-04  3.117774E-04  2.144380E-06  3.938634E-07  5.072053E-07  1.054690E-06
 3.211500E+02  4.374056E-01  3.114855E-04  3.616517E-08  4.812811E-08  5.370854E-08  6.487594E-08  1.484513E-01  7.075689E-05  9.920363E-08  2.875441E-01  1.098064E-03  1.191972E-05  8.078934E-07  2.418281E-03  9.733416E-08  3.649303E-07  1.679867E-07  1.221357E-01  1.190943E-05  9.352037E-07  7.926510E-07  2.261082E-04  3.073671E-04  2.035934E-06  3.729214E-07  4.803874E-07  1.008379E-06
 3.221500E+02  4.381574E-01  3.085982E-04  3.513457E-08  4.676796E-08  5.219345E-08  6.306030E-08  1.484763E-01  6.956393E-05  9.368322E-08  2.882908E-01  1.084948E-03  1.134592E-05  7.908915E-07  2.378470E-03  9.275922E-08  3.486031E-07  1.619612E-07  1.206780E-01  1.143988E-05  9.081373E-07  7.692289E-07  2.229276E-04  3.030421E-04  1.933536E-06  3.532134E-07  4.551420E-07  9.643624E-07
 3.231500E+02  4.388971E-01  3.057516E-04  3.413931E-08  4.545412E-08  5.072987E-08  6.130598E-08  1.485007E-01  6.839953E-05  8.850447E-08  2.890256E-01  1.072022E-03  1.080237E-05  7.743078E-07  2.339566E-03  8.842779E-08  3.331089E-07  1.561890E-07  1.192437E-01  1.099114E-05  8.819978E-07  7.466234E-07  2.198081E-04  2.988004E-04  1.836820E-06  3.346602E-07  4.313687E-07  9.225141E-07
 3.241500E+02  4.396249E-01  3.029451E-04  3.317800E-08  4.418480E-08  4.931579E-08  5.961062E-08  1.485245E-01  6.726285E-05  8.364425E-08  2.897486E-01  1.059283E-03  1.028735E-05  7.581316E-07  2.301543E-03  8.432552E-08  3.184006E-07  1.506581E-07  1.178322E-01  1.056222E-05  8.567497E-07  7.248025E-07  2.167484E-04  2.946403E-04  1.745443E-06  3.171880E-07  4.089738E-07  8.827168E-07
 3.251500E+02  4.403410E-01  3.001780E-04  3.224932E-08  4.295828E-08  4.794933E-08  5.797197E-08  1.485478E-01  6.615308E-05  7.908115E-08  2.904601E-01  1.046729E-03  9.799259E-06  7.423524E-07  2.264377E-03  8.043901E-08  3.044338E-07  1.453570E-07  1.164432E-01  1.015214E-05  8.323589E-07  7.037357E-07  2.137473E-04  2.905599E-04  1.659087E-06  3.007282E-07  3.878702E-07  8.448596E-07
 3.261500E+02  4.410455E-01  2.974499E-04  3.135203E-08  4.177291E-08  4.662865E-08  5.638787E-08  1.485706E-01  6.506943E-05  7.479528E-08  2.911602E-01  1.034358E-03  9.336570E-06  7.269601E-07  2.228045E-03  7.675569E-08  2.911669E-07  1.402750E-07  1.150763E-01  9.760014E-06  8.087926E-07  6.833939E-07  2.108033E-04  2.865575E-04  1.577451E-06  2.852167E-07  3.679766E-07  8.088384E-07
 3.271500E+02  4.417386E-01  2.947600E-04  3.048490E-08  4.062713E-08  4.535200E-08  5.485624E-08  1.485929E-01  6.401115E-05  7.076822E-08  2.918491E-01  1.022167E-03  8.897864E-06  7.119445E-07  2.192524E-03  7.326380E-08  2.785610E-07  1.354019E-07  1.137312E-01  9.384972E-06  7.860196E-07  6.637489E-07  2.079153E-04  2.826312E-04  1.500257E-06  2.705941E-07  3.492174E-07  7.745551E-07
 3.281500E+02  4.424207E-01  2.921078E-04  2.964679E-08  3.951942E-08  4.411772E-08  5.337511E-08  1.486147E-01  6.297751E-05  6.698285E-08  2.925271E-01  1.010154E-03  8.481801E-06  6.972959E-07  2.157792E-03  6.995232E-08  2.665794E-07  1.307280E-07  1.124075E-01  9.026200E-06  7.640098E-07  6.447740E-07  2.050820E-04  2.787795E-04  1.427241E-06  2.568047E-07  3.315218E-07  7.419171E-07
 3.291500E+02  4.430918E-01  2.894927E-04  2.883658E-08  3.844834E-08  4.292419E-08  5.194257E-08  1.486361E-01  6.196779E-05  6.342329E-08  2.931943E-01  9.983179E-04  8.087123E-06  6.830049E-07  2.123828E-03  6.681092E-08  2.551876E-07  1.262441E-07  1.111048E-01  8.682924E-06  7.427345E-07  6.264435E-07  2.023022E-04  2.750007E-04  1.358158E-06  2.437966E-07  3.148241E-07  7.108372E-07
 3.301500E+02  4.437521E-01  2.869142E-04  2.805322E-08  3.741252E-08  4.176989E-08  5.055680E-08  1.486570E-01  6.098130E-05  6.007478E-08  2.938509E-01  9.866550E-04  7.712643E-06  6.690621E-07  2.090612E-03  6.382991E-08  2.443534E-07  1.219415E-07  1.098228E-01  8.354411E-06  7.221660E-07  6.087327E-07  1.995747E-04  2.712932E-04  1.292778E-06  2.315216E-07  2.990627E-07  6.812335E-07
 3.311500E+02  4.444019E-01  2.843717E-04  2.729570E-08  3.641062E-08  4.065333E-08  4.921606E-08  1.486774E-01  6.001740E-05  5.692361E-08  2.944970E-01  9.751634E-04  7.357246E-06  6.554584E-07  2.058123E-03  6.100021E-08  2.340463E-07  1.178118E-07  1.085611E-01  8.039963E-06  7.022778E-07  5.916180E-07  1.968984E-04  2.676553E-04  1.230885E-06  2.199344E-07  2.841802E-07  6.530284E-07
 3.321500E+02  4.450413E-01  2.818646E-04  2.656303E-08  3.544137E-08  3.957311E-08  4.791868E-08  1.486974E-01  5.907544E-05  5.395703E-08  2.951329E-01  9.638409E-04  7.019883E-06  6.421851E-07  2.026343E-03  5.831330E-08  2.242377E-07  1.138473E-07  1.073194E-01  7.738918E-06  6.830446E-07  5.750769E-07  1.942721E-04  2.640856E-04  1.172277E-06  2.089931E-07  2.701231E-07  6.261489E-07
 3.331500E+02  4.456705E-01  2.793925E-04  2.585429E-08  3.450357E-08  3.852788E-08  4.666305E-08  1.487169E-01  5.815480E-05  5.116318E-08  2.957587E-01  9.526851E-04  6.699564E-06  6.292336E-07  1.995252E-03  5.576118E-08  2.149008E-07  1.100403E-07  1.060974E-01  7.450650E-06  6.644421E-07  5.590877E-07  1.916948E-04  2.605826E-04  1.116763E-06  1.986581E-07  2.568412E-07  6.005261E-07
 3.341500E+02  4.462896E-01  2.769546E-04  2.516858E-08  3.359603E-08  3.751634E-08  4.544763E-08  1.487361E-01  5.725489E-05  4.853103E-08  2.963746E-01  9.416938E-04  6.395360E-06  6.165954E-07  1.964832E-03  5.333635E-08  2.060103E-07  1.063839E-07  1.048946E-01  7.174562E-06  6.464468E-07  5.436296E-07  1.891654E-04  2.571448E-04  1.064167E-06  1.888928E-07  2.442879E-07  5.760951E-07
 3.351500E+02  4.468989E-01  2.745507E-04  2.450505E-08  3.271765E-08  3.653725E-08  4.427094E-08  1.487548E-01  5.637512E-05  4.605030E-08  2.969808E-01  9.308647E-04  6.106394E-06  6.042623E-07  1.935066E-03  5.103175E-08  1.975423E-07  1.028713E-07  1.037109E-01  6.910087E-06  6.290363E-07  5.286826E-07  1.866828E-04  2.537708E-04  1.014322E-06  1.796628E-07  2.324193E-07  5.527945E-07
 3.361500E+02  4.474985E-01  2.721800E-04  2.386288E-08  3.186735E-08  3.558941E-08  4.313158E-08  1.487732E-01  5.551493E-05  4.371144E-08  2.975774E-01  9.201956E-04  5.831841E-06  5.922265E-07  1.905937E-03  4.884075E-08  1.894744E-07  9.949603E-08  1.025458E-01  6.656688E-06  6.121892E-07  5.142276E-07  1.842461E-04  2.504591E-04  9.670697E-07  1.709360E-07  2.211945E-07  5.305664E-07
 3.371500E+02  4.480886E-01  2.698421E-04  2.324127E-08  3.104410E-08  3.467167E-08  4.202818E-08  1.487911E-01  5.467380E-05  4.150554E-08  2.981646E-01  9.096841E-04  5.570921E-06  5.804801E-07  1.877428E-03  4.675714E-08  1.817855E-07  9.625206E-08  1.013990E-01  6.413854E-06  5.958848E-07  5.002464E-07  1.818542E-04  2.472085E-04  9.222642E-07  1.626824E-07  2.105754E-07  5.093562E-07
 3.381500E+02  4.486694E-01  2.675365E-04  2.263948E-08  3.024692E-08  3.378295E-08  4.095944E-08  1.488087E-01  5.385118E-05  3.942429E-08  2.987426E-01  8.993280E-04  5.322903E-06  5.690157E-07  1.849523E-03  4.477506E-08  1.744557E-07  9.313358E-08  1.002702E-01  6.181099E-06  5.801034E-07  4.867214E-07  1.795061E-04  2.440175E-04  8.797672E-07  1.548738E-07  2.005260E-07  4.891121E-07
 3.391500E+02  4.492410E-01  2.652626E-04  2.205678E-08  2.947485E-08  3.292219E-08  3.992411E-08  1.488259E-01  5.304658E-05  3.745996E-08  2.993114E-01  8.891251E-04  5.087095E-06  5.578257E-07  1.822206E-03  4.288900E-08  1.674662E-07  9.013506E-08  9.915919E-02  5.957963E-06  5.648257E-07  4.736357E-07  1.772010E-04  2.408850E-04  8.394489E-07  1.474840E-07  1.910129E-07  4.697855E-07
 3.401500E+02  4.498035E-01  2.630201E-04  2.149246E-08  2.872698E-08  3.208838E-08  3.892099E-08  1.488428E-01  5.225951E-05  3.560533E-08  2.998714E-01  8.790732E-04  4.862845E-06  5.469031E-07  1.795463E-03  4.109379E-08  1.607995E-07  8.725128E-08  9.806555E-02  5.744005E-06  5.500337E-07  4.609731E-07  1.749378E-04  2.378096E-04  8.011876E-07  1.404884E-07  1.820047E-07  4.513302E-07
 3.411500E+02  4.503572E-01  2.608083E-04  2.094588E-08  2.800246E-08  3.128055E-08  3.794893E-08  1.488593E-01  5.148948E-05  3.385365E-08  3.004226E-01  8.691701E-04  4.649540E-06  5.362409E-07  1.769279E-03  3.938455E-08  1.544388E-07  8.447723E-08  9.698901E-02  5.538811E-06  5.357098E-07  4.487181E-07  1.727157E-04  2.347901E-04  7.648686E-07  1.338638E-07  1.734721E-07  4.337027E-07
 3.421500E+02  4.509021E-01  2.586269E-04  2.041638E-08  2.730043E-08  3.049777E-08  3.700682E-08  1.488755E-01  5.073605E-05  3.219865E-08  3.009652E-01  8.594136E-04  4.446600E-06  5.258323E-07  1.743638E-03  3.775671E-08  1.483683E-07  8.180818E-08  9.592927E-02  5.341982E-06  5.218372E-07  4.368558E-07  1.705338E-04  2.318253E-04  7.303843E-07  1.275888E-07  1.653873E-07  4.168616E-07
 3.431500E+02  4.514385E-01  2.564753E-04  1.990335E-08  2.662010E-08  2.973914E-08  3.609359E-08  1.488914E-01  4.999876E-05  3.063446E-08  3.014993E-01  8.498015E-04  4.253477E-06  5.156707E-07  1.718529E-03  3.620593E-08  1.425734E-07  7.923959E-08  9.488605E-02  5.153142E-06  5.083996E-07  4.253720E-07  1.683912E-04  2.289140E-04  6.976335E-07  1.216430E-07  1.577248E-07  4.007681E-07
 3.441500E+02  4.519665E-01  2.543532E-04  1.940621E-08  2.596068E-08  2.900381E-08  3.520824E-08  1.489069E-01  4.927718E-05  2.915558E-08  3.020251E-01  8.403316E-04  4.069657E-06  5.057495E-07  1.693936E-03  3.472816E-08  1.370399E-07  7.676717E-08  9.385906E-02  4.971933E-06  4.953816E-07  4.142529E-07  1.662871E-04  2.260551E-04  6.665208E-07  1.160076E-07  1.504601E-07  3.853854E-07
 3.451500E+02  4.524863E-01  2.522599E-04  1.892438E-08  2.532145E-08  2.829095E-08  3.434977E-08  1.489221E-01  4.857091E-05  2.775690E-08  3.025427E-01  8.310019E-04  3.894653E-06  4.960626E-07  1.669848E-03  3.331956E-08  1.317546E-07  7.438681E-08  9.284802E-02  4.798012E-06  4.827683E-07  4.034853E-07  1.642207E-04  2.232474E-04  6.369569E-07  1.106647E-07  1.435707E-07  3.706784E-07
 3.461500E+02  4.529979E-01  2.501952E-04  1.845732E-08  2.470169E-08  2.759977E-08  3.351724E-08  1.489370E-01  4.787952E-05  2.643363E-08  3.030523E-01  8.218102E-04  3.728004E-06  4.866039E-07  1.646252E-03  3.197652E-08  1.267051E-07  7.209462E-08  9.185264E-02  4.631057E-06  4.705453E-07  3.930566E-07  1.621912E-04  2.204899E-04  6.088573E-07  1.055977E-07  1.370353E-07  3.566142E-07
 3.471500E+02  4.535016E-01  2.481584E-04  1.800452E-08  2.410072E-08  2.692951E-08  3.270975E-08  1.489516E-01  4.720264E-05  2.518129E-08  3.035540E-01  8.127544E-04  3.569278E-06  4.773673E-07  1.623134E-03  3.069563E-08  1.218796E-07  6.988686E-08  9.087266E-02  4.470757E-06  4.586987E-07  3.829546E-07  1.601977E-04  2.177814E-04  5.821427E-07  1.007909E-07  1.308337E-07  3.431616E-07
 3.481500E+02  4.539974E-01  2.461493E-04  1.756546E-08  2.351787E-08  2.627944E-08  3.192644E-08  1.489660E-01  4.653988E-05  2.399569E-08  3.040480E-01  8.038325E-04  3.418064E-06  4.683471E-07  1.600484E-03  2.947369E-08  1.172669E-07  6.775998E-08  8.990781E-02  4.316818E-06  4.472155E-07  3.731676E-07  1.582395E-04  2.151210E-04  5.567383E-07  9.622961E-08  1.249474E-07  3.302909E-07
 3.491500E+02  4.544856E-01  2.441674E-04  1.713967E-08  2.295251E-08  2.564885E-08  3.116645E-08  1.489800E-01  4.589087E-05  2.287291E-08  3.045343E-01  7.950424E-04  3.273975E-06  4.595377E-07  1.578290E-03  2.830766E-08  1.128565E-07  6.571062E-08  8.895783E-02  4.168961E-06  4.360829E-07  3.636846E-07  1.563159E-04  2.125076E-04  5.325739E-07  9.190006E-08  1.193587E-07  3.179742E-07
 3.501500E+02  4.549661E-01  2.422122E-04  1.672669E-08  2.240405E-08  2.503708E-08  3.042900E-08  1.489938E-01  4.525526E-05  2.180928E-08  3.050132E-01  7.863821E-04  3.136647E-06  4.509337E-07  1.556540E-03  2.719468E-08  1.086384E-07  6.373554E-08  8.802245E-02  4.026919E-06  4.252886E-07  3.544946E-07  1.544262E-04  2.099402E-04  5.095832E-07  8.778931E-08  1.140509E-07  3.061849E-07
 3.511500E+02  4.554393E-01  2.402833E-04  1.632606E-08  2.187189E-08  2.444347E-08  2.971330E-08  1.490072E-01  4.463270E-05  2.080136E-08  3.054847E-01  7.778496E-04  3.005732E-06  4.425296E-07  1.535224E-03  2.613207E-08  1.046033E-07  6.183167E-08  8.710142E-02  3.890439E-06  4.148209E-07  3.455873E-07  1.525695E-04  2.074179E-04  4.877036E-07  8.388518E-08  1.090086E-07  2.948978E-07
 3.521500E+02  4.559052E-01  2.383804E-04  1.593737E-08  2.135548E-08  2.386739E-08  2.901862E-08  1.490205E-01  4.402285E-05  1.984594E-08  3.059489E-01  7.694428E-04  2.880906E-06  4.343203E-07  1.514331E-03  2.511726E-08  1.007421E-07  5.999607E-08  8.619449E-02  3.759277E-06  4.046684E-07  3.369529E-07  1.507453E-04  2.049397E-04  4.668763E-07  8.017625E-08  1.042172E-07  2.840890E-07
 3.531500E+02  4.563639E-01  2.365030E-04  1.556020E-08  2.085427E-08  2.330825E-08  2.834423E-08  1.490334E-01  4.342540E-05  1.893998E-08  3.064061E-01  7.611599E-04  2.761858E-06  4.263007E-07  1.493850E-03  2.414786E-08  9.704651E-08  5.822594E-08  8.530142E-02  3.633204E-06  3.948203E-07  3.285817E-07  1.489529E-04  2.025046E-04  4.470458E-07  7.665178E-08  9.966286E-08  2.737360E-07
 3.541500E+02  4.568156E-01  2.346507E-04  1.519415E-08  2.036775E-08  2.276548E-08  2.768946E-08  1.490462E-01  4.284002E-05  1.808068E-08  3.068563E-01  7.529989E-04  2.648298E-06  4.184659E-07  1.473773E-03  2.322160E-08  9.350849E-08  5.651862E-08  8.442196E-02  3.512000E-06  3.852662E-07  3.204646E-07  1.471915E-04  2.001118E-04  4.281598E-07  7.330165E-08  9.533269E-08  2.638173E-07
 3.551500E+02  4.572604E-01  2.328232E-04  1.483884E-08  1.989542E-08  2.223851E-08  2.705363E-08  1.490586E-01  4.226642E-05  1.726537E-08  3.072996E-01  7.449579E-04  2.539949E-06  4.108113E-07  1.454088E-03  2.233631E-08  9.012050E-08  5.487155E-08  8.355588E-02  3.395457E-06  3.759960E-07  3.125927E-07  1.454605E-04  1.977604E-04  4.101690E-07  7.011638E-08  9.121452E-08  2.543127E-07
 3.561500E+02  4.576983E-01  2.310200E-04  1.449392E-08  1.943679E-08  2.172681E-08  2.643612E-08  1.490709E-01  4.170428E-05  1.649156E-08  3.077362E-01  7.370350E-04  2.436550E-06  4.033320E-07  1.434786E-03  2.148998E-08  8.687537E-08  5.328231E-08  8.270294E-02  3.283374E-06  3.669999E-07  3.049575E-07  1.437594E-04  1.954495E-04  3.930266E-07  6.708702E-08  8.729691E-08  2.452027E-07
 3.571500E+02  4.581296E-01  2.292408E-04  1.415902E-08  1.899141E-08  2.122987E-08  2.583630E-08  1.490829E-01  4.115334E-05  1.575692E-08  3.081662E-01  7.292284E-04  2.337854E-06  3.960236E-07  1.415859E-03  2.068068E-08  8.376632E-08  5.174855E-08  8.186291E-02  3.175561E-06  3.582688E-07  2.975510E-07  1.420875E-04  1.931783E-04  3.766889E-07  6.420516E-08  8.356909E-08  2.364691E-07
 3.581500E+02  4.585544E-01  2.274852E-04  1.383381E-08  1.855884E-08  2.074719E-08  2.525360E-08  1.490947E-01  4.061330E-05  1.505927E-08  3.085897E-01  7.215361E-04  2.243627E-06  3.888817E-07  1.397297E-03  1.990660E-08  8.078693E-08  5.026807E-08  8.103558E-02  3.071838E-06  3.497936E-07  2.903651E-07  1.404441E-04  1.909460E-04  3.611142E-07  6.146287E-08  8.002092E-08  2.280945E-07
 3.591500E+02  4.589727E-01  2.257528E-04  1.351797E-08  1.813863E-08  2.027830E-08  2.468744E-08  1.491062E-01  4.008389E-05  1.439653E-08  3.090068E-01  7.139564E-04  2.153649E-06  3.819021E-07  1.379092E-03  1.916601E-08  7.793110E-08  4.883875E-08  8.022071E-02  2.972030E-06  3.415656E-07  2.833924E-07  1.388287E-04  1.887517E-04  3.462635E-07  5.885271E-08  7.664283E-08  2.200624E-07
 3.601500E+02  4.593847E-01  2.240433E-04  1.321117E-08  1.773039E-08  1.982274E-08  2.413727E-08  1.491175E-01  3.956486E-05  1.376678E-08  3.094177E-01  7.064875E-04  2.067709E-06  3.750805E-07  1.361235E-03  1.845730E-08  7.519306E-08  4.745854E-08  7.941808E-02  2.875974E-06  3.335767E-07  2.766257E-07  1.372407E-04  1.865946E-04  3.320997E-07  5.636765E-08  7.342583E-08  2.123571E-07
 3.611500E+02  4.597905E-01  2.223563E-04  1.291313E-08  1.733372E-08  1.938007E-08  2.360258E-08  1.491287E-01  3.905595E-05  1.316820E-08  3.098223E-01  6.991277E-04  1.985609E-06  3.684129E-07  1.343718E-03  1.777893E-08  7.256734E-08  4.612553E-08  7.862750E-02  2.783512E-06  3.258188E-07  2.700578E-07  1.356796E-04  1.844741E-04  3.185879E-07  5.400107E-08  7.036143E-08  2.049638E-07
 3.621500E+02  4.601902E-01  2.206915E-04  1.262354E-08  1.694823E-08  1.894987E-08  2.308284E-08  1.491396E-01  3.855690E-05  1.259908E-08  3.102209E-01  6.918751E-04  1.907161E-06  3.618953E-07  1.326533E-03  1.712943E-08  7.004872E-08  4.483785E-08  7.784874E-02  2.694494E-06  3.182841E-07  2.636822E-07  1.341448E-04  1.823893E-04  3.056951E-07  5.174672E-08  6.744164E-08  1.978683E-07
 3.631500E+02  4.605839E-01  2.190485E-04  1.234213E-08  1.657356E-08  1.853172E-08  2.257759E-08  1.491503E-01  3.806749E-05  1.205782E-08  3.106136E-01  6.847282E-04  1.832188E-06  3.555240E-07  1.309673E-03  1.650743E-08  6.763229E-08  4.359373E-08  7.708161E-02  2.608776E-06  3.109654E-07  2.574923E-07  1.326358E-04  1.803395E-04  2.933900E-07  4.959875E-08  6.465891E-08  1.910572E-07
 3.641500E+02  4.609717E-01  2.174270E-04  1.206863E-08  1.620936E-08  1.812523E-08  2.208634E-08  1.491608E-01  3.758747E-05  1.154291E-08  3.110004E-01  6.776851E-04  1.760521E-06  3.492952E-07  1.293129E-03  1.591162E-08  6.531336E-08  4.239148E-08  7.632589E-02  2.526222E-06  3.038555E-07  2.514818E-07  1.311519E-04  1.783241E-04  2.816432E-07  4.755158E-08  6.200613E-08  1.845177E-07
 3.651500E+02  4.613537E-01  2.158266E-04  1.180279E-08  1.585527E-08  1.773003E-08  2.160864E-08  1.491711E-01  3.711662E-05  1.105292E-08  3.113814E-01  6.707442E-04  1.692000E-06  3.432053E-07  1.276894E-03  1.534077E-08  6.308749E-08  4.122948E-08  7.558140E-02  2.446701E-06  2.969474E-07  2.456449E-07  1.296929E-04  1.763422E-04  2.704267E-07  4.560001E-08  5.947658E-08  1.782377E-07
 3.661500E+02  4.617300E-01  2.142471E-04  1.154434E-08  1.551098E-08  1.734574E-08  2.114405E-08  1.491813E-01  3.665472E-05  1.058653E-08  3.117568E-01  6.639039E-04  1.626474E-06  3.372508E-07  1.260961E-03  1.479368E-08  6.095047E-08  4.010619E-08  7.484793E-02  2.370088E-06  2.902346E-07  2.399756E-07  1.282580E-04  1.743933E-04  2.597142E-07  4.373909E-08  5.706394E-08  1.722056E-07
 3.671500E+02  4.621007E-01  2.126881E-04  1.129306E-08  1.517617E-08  1.697202E-08  2.069216E-08  1.491912E-01  3.620155E-05  1.014246E-08  3.121267E-01  6.571625E-04  1.563799E-06  3.314281E-07  1.245324E-03  1.426927E-08  5.889828E-08  3.902010E-08  7.412529E-02  2.296265E-06  2.837107E-07  2.344685E-07  1.268469E-04  1.724766E-04  2.494807E-07  4.196416E-08  5.476222E-08  1.664105E-07
 3.681500E+02  4.624660E-01  2.111494E-04  1.104870E-08  1.485054E-08  1.660852E-08  2.025256E-08  1.492010E-01  3.575691E-05  9.719535E-09  3.124911E-01  6.505185E-04  1.503838E-06  3.257341E-07  1.229975E-03  1.376646E-08  5.692711E-08  3.796982E-08  7.341331E-02  2.225117E-06  2.773695E-07  2.291183E-07  1.254590E-04  1.705916E-04  2.397026E-07  4.027083E-08  5.256578E-08  1.608419E-07
 3.691500E+02  4.628258E-01  2.096305E-04  1.081105E-08  1.453378E-08  1.625492E-08  1.982485E-08  1.492106E-01  3.532060E-05  9.316640E-09  3.128501E-01  6.439703E-04  1.446464E-06  3.201654E-07  1.214908E-03  1.328425E-08  5.503335E-08  3.695397E-08  7.271179E-02  2.156536E-06  2.712052E-07  2.239196E-07  1.240940E-04  1.687375E-04  2.303575E-07  3.865495E-08  5.046929E-08  1.554898E-07
 3.701500E+02  4.631804E-01  2.081311E-04  1.057990E-08  1.422562E-08  1.591090E-08  1.940867E-08  1.492200E-01  3.489241E-05  8.932719E-09  3.132039E-01  6.375163E-04  1.391552E-06  3.147189E-07  1.200117E-03  1.282170E-08  5.321357E-08  3.597126E-08  7.202055E-02  2.090419E-06  2.652120E-07  2.188676E-07  1.227512E-04  1.669137E-04  2.214243E-07  3.711260E-08  4.846770E-08  1.503449E-07
 3.711500E+02  4.635297E-01  2.066511E-04  1.035502E-08  1.392578E-08  1.557617E-08  1.900365E-08  1.492292E-01  3.447215E-05  8.566783E-09  3.135525E-01  6.311550E-04  1.338988E-06  3.093916E-07  1.185594E-03  1.237791E-08  5.146448E-08  3.502044E-08  7.133941E-02  2.026665E-06  2.593843E-07  2.139576E-07  1.214304E-04  1.651197E-04  2.128830E-07  3.564006E-08  4.655627E-08  1.453981E-07
 3.721500E+02  4.638739E-01  2.051900E-04  1.013623E-08  1.363401E-08  1.525042E-08  1.860943E-08  1.492383E-01  3.405965E-05  8.217894E-09  3.138960E-01  6.248850E-04  1.288661E-06  3.041803E-07  1.171335E-03  1.195201E-08  4.978298E-08  3.410031E-08  7.066820E-02  1.965180E-06  2.537170E-07  2.091847E-07  1.201310E-04  1.633549E-04  2.047145E-07  3.423384E-08  4.473047E-08  1.406407E-07
 3.731500E+02  4.642131E-01  2.037477E-04  9.923336E-09  1.335004E-08  1.493337E-08  1.822568E-08  1.492472E-01  3.365472E-05  7.885172E-09  3.142345E-01  6.187047E-04  1.240466E-06  2.990823E-07  1.157333E-03  1.154319E-08  4.816611E-08  3.320974E-08  7.000676E-02  1.905874E-06  2.482049E-07  2.045448E-07  1.188527E-04  1.616186E-04  1.969009E-07  3.289063E-08  4.298607E-08  1.360648E-07
