#         T/K            c1          c2-1          c3-4          c3-5          c3-7          c3-9            m1          m2-1          m3-1            w1            w2          w3-1          w3-2          c1m1        c1m2-1        c1m2-7        c2m1-1        c1w1-2        c1w2-1        c2w1-1        c2w1-9        m1w1-1        m1w1-4        m1w2-1        m2w1-1        m2w1-3      c1m1w1-1
 2.731500E+02  1.486190E-01  7.640247E-05  1.039914E-08  1.364913E-08  1.518574E-08  1.810710E-08  9.818302E-02  8.474636E-05  7.895236E-07  5.361056E-01  1.030908E-02  2.016297E-03  2.829080E-05  1.595842E-03  2.618303E-07  8.591482E-07  1.323018E-07  2.008620E-01  2.122903E-04  1.584569E-06  1.391420E-06  7.433105E-04  1.011846E-03  1.217133E-04  8.070992E-06  1.022202E-05  7.154413E-06
 2.741500E+02  1.499018E-01  7.623013E-05  1.014301E-08  1.331746E-08  1.481784E-08  1.767400E-08  9.822219E-02  8.267888E-05  7.278170E-07  5.377363E-01  1.011559E-02  1.876592E-03  2.735383E-05  1.566862E-03  2.458006E-07  8.091622E-07  1.269332E-07  1.983335E-01  2.012762E-04  1.534456E-06  1.346253E-06  7.276253E-04  9.904314E-04  1.129783E-04  7.467388E-06  9.461313E-06  6.745907E-06
 2.751500E+02  1.511699E-01  7.604636E-05  9.892655E-09  1.299311E-08  1.445802E-08  1.725022E-08  9.826017E-02  8.067790E-05  6.713583E-07  5.393364E-01  9.926532E-03  1.747339E-03  2.645264E-05  1.538500E-03  2.308474E-07  7.623811E-07  1.218022E-07  1.958335E-01  1.908834E-04  1.486014E-06  1.302636E-06  7.123681E-04  9.696039E-04  1.049228E-04  6.912838E-06  8.762158E-06  6.362888E-06
 2.761500E+02  1.524230E-01  7.585153E-05  9.647987E-09  1.267599E-08  1.410618E-08  1.683567E-08  9.829699E-02  7.874087E-05  6.196677E-07  5.409069E-01  9.741822E-03  1.627706E-03  2.558579E-05  1.510741E-03  2.168925E-07  7.185821E-07  1.168977E-07  1.933623E-01  1.810748E-04  1.439188E-06  1.260516E-06  6.975256E-04  9.493454E-04  9.749030E-05  6.403064E-06  8.119206E-06  6.003646E-06
 2.771500E+02  1.536613E-01  7.564600E-05  9.408925E-09  1.236599E-08  1.376221E-08  1.643021E-08  9.833272E-02  7.686536E-05  5.723117E-07  5.424485E-01  9.561358E-03  1.516931E-03  2.475188E-05  1.483573E-03  2.038637E-07  6.775588E-07  1.122090E-07  1.909199E-01  1.718154E-04  1.393926E-06  1.219842E-06  6.830852E-04  9.296383E-04  9.062925E-05  5.934183E-06  7.527605E-06  5.666594E-06
 2.781500E+02  1.548846E-01  7.543015E-05  9.175385E-09  1.206302E-08  1.342600E-08  1.603373E-08  9.836739E-02  7.504904E-05  5.288993E-07  5.439620E-01  9.385047E-03  1.414315E-03  2.394955E-05  1.456981E-03  1.916945E-07  6.391203E-07  1.077259E-07  1.885065E-01  1.630723E-04  1.350175E-06  1.180564E-06  6.690346E-04  9.104657E-04  8.429260E-05  5.502673E-06  6.982947E-06  5.350257E-06
 2.791500E+02  1.560929E-01  7.520437E-05  8.947282E-09  1.176697E-08  1.309744E-08  1.564611E-08  9.840105E-02  7.328969E-05  4.890769E-07  5.454483E-01  9.212790E-03  1.319216E-03  2.317752E-05  1.430954E-03  1.803236E-07  6.030898E-07  1.034388E-07  1.861222E-01  1.548149E-04  1.307885E-06  1.142636E-06  6.553618E-04  8.918109E-04  7.843739E-05  5.105332E-06  6.481229E-06  5.053267E-06
 2.801500E+02  1.572862E-01  7.496903E-05  8.724533E-09  1.147774E-08  1.277641E-08  1.526723E-08  9.843374E-02  7.158516E-05  4.525247E-07  5.469080E-01  9.044493E-03  1.231047E-03  2.243455E-05  1.405479E-03  1.696944E-07  5.693035E-07  9.933869E-08  1.837670E-01  1.470144E-04  1.267009E-06  1.106010E-06  6.420551E-04  8.736579E-04  7.302441E-05  4.739251E-06  6.018808E-06  4.774348E-06
 2.811500E+02  1.584645E-01  7.472450E-05  8.507050E-09  1.119522E-08  1.246281E-08  1.489696E-08  9.846549E-02  6.993342E-05  4.189534E-07  5.483418E-01  8.880062E-03  1.149268E-03  2.171943E-05  1.380544E-03  1.597544E-07  5.376097E-07  9.541677E-08  1.814411E-01  1.396436E-04  1.227499E-06  1.070641E-06  6.291033E-04  8.559912E-04  6.801782E-05  4.401784E-06  5.592372E-06  4.512316E-06
 2.821500E+02  1.596278E-01  7.447118E-05  8.294748E-09  1.091932E-08  1.215652E-08  1.453518E-08  9.849635E-02  6.833252E-05  3.881010E-07  5.497504E-01  8.719405E-03  1.073384E-03  2.103104E-05  1.356137E-03  1.504552E-07  5.078674E-07  9.166482E-08  1.791444E-01  1.326774E-04  1.189310E-06  1.036487E-06  6.164955E-04  8.387958E-04  6.338487E-05  4.090525E-06  5.198907E-06  4.266070E-06
 2.831500E+02  1.607761E-01  7.420943E-05  8.087540E-09  1.064992E-08  1.185743E-08  1.418175E-08  9.852635E-02  6.678057E-05  3.597300E-07  5.511343E-01  8.562429E-03  1.002940E-03  2.036828E-05  1.332247E-03  1.417522E-07  4.799462E-07  8.807500E-08  1.768769E-01  1.260918E-04  1.152397E-06  1.003504E-06  6.042212E-04  8.220571E-04  5.909562E-05  3.803283E-06  4.835667E-06  4.034583E-06
 2.841500E+02  1.619095E-01  7.393963E-05  7.885339E-09  1.038692E-08  1.156541E-08  1.383656E-08  9.855552E-02  6.527579E-05  3.336253E-07  5.524941E-01  8.409045E-03  9.375187E-04  1.973009E-05  1.308861E-03  1.336038E-07  4.537249E-07  8.463984E-08  1.746385E-01  1.198646E-04  1.116717E-06  9.716539E-07  5.922700E-04  8.057609E-04  5.512266E-05  3.538061E-06  4.500150E-06  3.816903E-06
 2.851500E+02  1.630279E-01  7.366214E-05  7.688057E-09  1.013022E-08  1.128035E-08  1.349946E-08  9.858389E-02  6.381646E-05  3.095916E-07  5.538304E-01  8.259165E-03  8.767359E-04  1.911548E-05  1.285970E-03  1.259719E-07  4.290908E-07  8.135224E-08  1.724292E-01  1.139750E-04  1.082231E-06  9.408958E-07  5.806321E-04  7.898937E-04  5.144091E-05  3.293041E-06  4.190075E-06  3.612138E-06
 2.861500E+02  1.641315E-01  7.337734E-05  7.495605E-09  9.879694E-09  1.100213E-08  1.317033E-08  9.861149E-02  6.240093E-05  2.874514E-07  5.551438E-01  8.112700E-03  8.202392E-04  1.852347E-05  1.263562E-03  1.188208E-07  4.059397E-07  7.820543E-08  1.702490E-01  1.084031E-04  1.048896E-06  9.111921E-07  5.692980E-04  7.744423E-04  4.802742E-05  3.066563E-06  3.903362E-06  3.419464E-06
 2.871500E+02  1.652203E-01  7.308558E-05  7.307896E-09  9.635247E-09  1.073064E-08  1.284903E-08  9.863835E-02  6.102762E-05  2.670437E-07  5.564346E-01  7.969568E-03  7.677045E-04  1.795314E-05  1.241627E-03  1.121178E-07  3.841742E-07  7.519299E-08  1.680977E-01  1.031307E-04  1.016675E-06  8.825062E-07  5.582583E-04  7.593939E-04  4.486116E-05  2.857115E-06  3.638111E-06  3.238107E-06
 2.881500E+02  1.662944E-01  7.278722E-05  7.124839E-09  9.396764E-09  1.046574E-08  1.253543E-08  9.866449E-02  5.969502E-05  2.482222E-07  5.577034E-01  7.829683E-03  7.188334E-04  1.740362E-05  1.220154E-03  1.058324E-07  3.637042E-07  7.230879E-08  1.659752E-01  9.814031E-05  9.855290E-07  8.548024E-07  5.475040E-04  7.447361E-04  4.192283E-05  2.663315E-06  3.392589E-06  3.067349E-06
 2.891500E+02  1.673538E-01  7.248260E-05  6.946347E-09  9.164135E-09  1.020733E-08  1.222938E-08  9.868994E-02  5.840167E-05  2.308535E-07  5.589506E-01  7.692965E-03  6.733515E-04  1.687406E-05  1.199133E-03  9.993635E-08  3.444456E-07  6.954699E-08  1.638813E-01  9.341582E-05  9.554226E-07  8.280465E-07  5.370266E-04  7.304570E-04  3.919477E-05  2.483901E-06  3.165211E-06  2.906522E-06
 2.901500E+02  1.683986E-01  7.217207E-05  6.772329E-09  8.937250E-09  9.955275E-09  1.193076E-08  9.871472E-02  5.714619E-05  2.148166E-07  5.601767E-01  7.559335E-03  6.310064E-04  1.636365E-05  1.178555E-03  9.440347E-08  3.263205E-07  6.690204E-08  1.618159E-01  8.894194E-05  9.263201E-07  8.022053E-07  5.268176E-04  7.165452E-04  3.666075E-05  2.317720E-06  2.954529E-06  2.754999E-06
 2.911500E+02  1.694290E-01  7.185596E-05  6.602696E-09  8.715998E-09  9.709457E-09  1.163942E-08  9.873886E-02  5.592723E-05  2.000009E-07  5.613821E-01  7.428713E-03  5.915654E-04  1.587161E-05  1.158409E-03  8.920947E-08  3.092560E-07  6.436866E-08  1.597789E-01  8.470434E-05  8.981874E-07  7.772468E-07  5.168690E-04  7.029894E-04  3.430590E-05  2.163717E-06  2.759217E-06  2.612198E-06
 2.921500E+02  1.704451E-01  7.153460E-05  6.437360E-09  8.500268E-09  9.469753E-09  1.135523E-08  9.876238E-02  5.474352E-05  1.863059E-07  5.625672E-01  7.301025E-03  5.548143E-04  1.539720E-05  1.138685E-03  8.433179E-08  2.931846E-07  6.194180E-08  1.577701E-01  8.068956E-05  8.709915E-07  7.531398E-07  5.071728E-04  6.897788E-04  3.211656E-05  2.020930E-06  2.578064E-06  2.477575E-06
 2.931500E+02  1.714469E-01  7.120831E-05  6.276230E-09  8.289949E-09  9.236043E-09  1.107805E-08  9.878530E-02  5.359382E-05  1.736399E-07  5.637324E-01  7.176196E-03  5.205556E-04  1.493972E-05  1.119376E-03  7.974950E-08  2.780432E-07  5.961667E-08  1.557892E-01  7.688495E-05  8.447003E-07  7.298547E-07  4.977214E-04  6.769030E-04  3.008016E-05  1.888474E-06  2.409960E-06  2.350623E-06
 2.941500E+02  1.724345E-01  7.087740E-05  6.119220E-09  8.084931E-09  9.008204E-09  1.080774E-08  9.880763E-02  5.247696E-05  1.619192E-07  5.648781E-01  7.054153E-03  4.886074E-04  1.449848E-05  1.100471E-03  7.544315E-08  2.637732E-07  5.738870E-08  1.538361E-01  7.327864E-05  8.192830E-07  7.073622E-07  4.885077E-04  6.643520E-04  2.818518E-05  1.765541E-06  2.253888E-06  2.230868E-06
 2.951500E+02  1.734081E-01  7.054217E-05  5.966240E-09  7.885102E-09  8.786115E-09  1.054416E-08  9.882940E-02  5.139179E-05  1.510674E-07  5.660046E-01  6.934826E-03  4.588019E-04  1.407284E-05  1.081962E-03  7.139467E-08  2.503197E-07  5.525352E-08  1.519105E-01  6.985945E-05  7.947095E-07  6.856347E-07  4.795244E-04  6.521160E-04  2.642101E-05  1.651390E-06  2.108915E-06  2.117867E-06
 2.961500E+02  1.743678E-01  7.020292E-05  5.817204E-09  7.690354E-09  8.569654E-09  1.028717E-08  9.885063E-02  5.033725E-05  1.410147E-07  5.671124E-01  6.818146E-03  4.309841E-04  1.366217E-05  1.063839E-03  6.758724E-08  2.376318E-07  5.320698E-08  1.500122E-01  6.661688E-05  7.709511E-07  6.646451E-07  4.707646E-04  6.401856E-04  2.477789E-05  1.545343E-06  1.974188E-06  2.011208E-06
 2.971500E+02  1.753137E-01  6.985995E-05  5.672023E-09  7.500576E-09  8.358702E-09  1.003664E-08  9.887133E-02  4.931226E-05  1.316974E-07  5.682017E-01  6.704047E-03  4.050112E-04  1.326589E-05  1.046095E-03  6.400526E-08  2.256619E-07  5.124513E-08  1.481410E-01  6.354107E-05  7.479796E-07  6.443672E-07  4.622219E-04  6.285516E-04  2.324684E-05  1.446777E-06  1.848921E-06  1.910503E-06
 2.981500E+02  1.762459E-01  6.951352E-05  5.530612E-09  7.315661E-09  8.153139E-09  9.792432E-09  9.889152E-02  4.831584E-05  1.230571E-07  5.692730E-01  6.592462E-03  3.807512E-04  1.288342E-05  1.028720E-03  6.063417E-08  2.143655E-07  4.936420E-08  1.462967E-01  6.062272E-05  7.257680E-07  6.247761E-07  4.538897E-04  6.172054E-04  2.181960E-05  1.355120E-06  1.732395E-06  1.815392E-06
 2.991500E+02  1.771646E-01  6.916391E-05  5.392885E-09  7.135500E-09  7.952846E-09  9.554405E-09  9.891121E-02  4.734702E-05  1.150406E-07  5.703264E-01  6.483328E-03  3.580822E-04  1.251421E-05  1.011707E-03  5.746045E-08  2.037013E-07  4.756059E-08  1.444790E-01  5.785310E-05  7.042903E-07  6.058475E-07  4.457619E-04  6.061383E-04  2.048856E-05  1.269848E-06  1.623949E-06  1.725536E-06
 3.001500E+02  1.780699E-01  6.881138E-05  5.258757E-09  6.959987E-09  7.757704E-09  9.322425E-09  9.893042E-02  4.640486E-05  1.075990E-07  5.713625E-01  6.376583E-03  3.368917E-04  1.215775E-05  9.950479E-04  5.447150E-08  1.936306E-07  4.583088E-08  1.426875E-01  5.522399E-05  6.835211E-07  5.875578E-07  4.378325E-04  5.953421E-04  1.924670E-05  1.190478E-06  1.522976E-06  1.640621E-06
 3.011500E+02  1.789620E-01  6.845619E-05  5.128144E-09  6.789015E-09  7.567599E-09  9.096360E-09  9.894917E-02  4.548848E-05  1.006875E-07  5.723814E-01  6.272167E-03  3.170753E-04  1.181354E-05  9.787341E-04  5.165559E-08  1.841171E-07  4.417179E-08  1.409222E-01  5.272766E-05  6.634360E-07  5.698845E-07  4.300956E-04  5.848089E-04  1.808755E-05  1.116568E-06  1.428917E-06  1.560350E-06
 3.021500E+02  1.798410E-01  6.809859E-05  5.000964E-09  6.622481E-09  7.382412E-09  8.876075E-09  9.896747E-02  4.459702E-05  9.426510E-08  5.733835E-01  6.170022E-03  2.985370E-04  1.148110E-05  9.627582E-04  4.900180E-08  1.751272E-07  4.258021E-08  1.391826E-01  5.035683E-05  6.440114E-07  5.528057E-07  4.225457E-04  5.745311E-04  1.700514E-05  1.047710E-06  1.341258E-06  1.484448E-06
 3.031500E+02  1.807070E-01  6.773881E-05  4.877135E-09  6.460280E-09  7.202032E-09  8.661439E-09  9.898533E-02  4.372966E-05  8.829432E-08  5.743691E-01  6.070089E-03  2.811876E-04  1.115997E-05  9.471127E-04  4.649993E-08  1.666292E-07  4.105318E-08  1.374686E-01  4.810465E-05  6.252245E-07  5.363005E-07  4.151773E-04  5.645011E-04  1.599397E-05  9.835290E-07  1.259526E-06  1.412654E-06
 3.041500E+02  1.815602E-01  6.737709E-05  4.756576E-09  6.302310E-09  7.026343E-09  8.452323E-09  9.900277E-02  4.288560E-05  8.274062E-08  5.753385E-01  5.972313E-03  2.649447E-04  1.084971E-05  9.317902E-04  4.414050E-08  1.585937E-07  3.958785E-08  1.357798E-01  4.596467E-05  6.070533E-07  5.203485E-07  4.079853E-04  5.547118E-04  1.504897E-05  9.236811E-07  1.183287E-06  1.344728E-06
 3.051500E+02  1.824007E-01  6.701365E-05  4.639207E-09  6.148470E-09  6.855236E-09  8.248596E-09  9.901980E-02  4.206408E-05  7.757234E-08  5.762919E-01  5.876640E-03  2.497320E-04  1.054991E-05  9.167834E-04  4.191463E-08  1.509932E-07  3.818153E-08  1.341159E-01  4.393080E-05  5.894766E-07  5.049301E-07  4.009644E-04  5.451562E-04  1.416543E-05  8.678484E-07  1.112139E-06  1.280442E-06
 3.061500E+02  1.832287E-01  6.664870E-05  4.524950E-09  5.998661E-09  6.688600E-09  8.050134E-09  9.903642E-02  4.126436E-05  7.276041E-08  5.772296E-01  5.783017E-03  2.354788E-04  1.026016E-05  9.020854E-04  3.981408E-08  1.438017E-07  3.683164E-08  1.324767E-01  4.199732E-05  5.724739E-07  4.900265E-07  3.941099E-04  5.358276E-04  1.333902E-05  8.157382E-07  1.045713E-06  1.219583E-06
 3.071500E+02  1.840444E-01  6.628244E-05  4.413728E-09  5.852784E-09  6.526327E-09  7.856809E-09  9.905266E-02  4.048575E-05  6.827811E-08  5.781520E-01  5.691394E-03  2.221195E-04  9.980085E-06  8.876891E-04  3.783112E-08  1.369951E-07  3.553573E-08  1.308619E-01  4.015884E-05  5.560252E-07  4.756193E-07  3.874170E-04  5.267195E-04  1.256573E-05  7.670810E-07  9.836679E-07  1.161951E-06
 3.081500E+02  1.848478E-01  6.591509E-05  4.305465E-09  5.710742E-09  6.368309E-09  7.668499E-09  9.906852E-02  3.972756E-05  6.410089E-08  5.790593E-01  5.601719E-03  2.095935E-04  9.709309E-06  8.735878E-04  3.595856E-08  1.305508E-07  3.429144E-08  1.292711E-01  3.841027E-05  5.401114E-07  4.616911E-07  3.808811E-04  5.178256E-04  1.184186E-05  7.216280E-07  9.256902E-07  1.107361E-06
 3.091500E+02  1.856391E-01  6.554683E-05  4.200086E-09  5.572442E-09  6.214442E-09  7.485081E-09  9.908402E-02  3.898913E-05  6.020614E-08  5.799517E-01  5.513946E-03  1.978445E-04  9.447481E-06  8.597749E-04  3.418966E-08  1.244476E-07  3.309654E-08  1.277042E-01  3.674681E-05  5.247142E-07  4.482248E-07  3.744977E-04  5.091398E-04  1.116398E-05  6.791498E-07  8.714896E-07  1.055636E-06
 3.101500E+02  1.864186E-01  6.517784E-05  4.097518E-09  5.437789E-09  6.064623E-09  7.306437E-09  9.909916E-02  3.826984E-05  5.657309E-08  5.808296E-01  5.428025E-03  1.868203E-04  9.194263E-06  8.462439E-04  3.251815E-08  1.186657E-07  3.194890E-08  1.261607E-01  3.516396E-05  5.098156E-07  4.352042E-07  3.682625E-04  5.006562E-04  1.052891E-05  6.394348E-07  8.207982E-07  1.006613E-06
 3.111500E+02  1.871863E-01  6.480831E-05  3.997689E-09  5.306691E-09  5.918750E-09  7.132447E-09  9.911396E-02  3.756907E-05  5.318258E-08  5.816931E-01  5.343913E-03  1.764724E-04  8.949332E-06  8.329885E-04  3.093816E-08  1.131864E-07  3.084648E-08  1.246404E-01  3.365745E-05  4.953984E-07  4.226135E-07  3.621714E-04  4.923692E-04  9.933722E-06  6.022872E-07  7.733688E-07  9.601372E-07
 3.121500E+02  1.879424E-01  6.443840E-05  3.900528E-09  5.179058E-09  5.776723E-09  6.962997E-09  9.912842E-02  3.688626E-05  5.001698E-08  5.825425E-01  5.261563E-03  1.667558E-04  8.712376E-06  8.200024E-04  2.944419E-08  1.079925E-07  2.978734E-08  1.231429E-01  3.222325E-05  4.814460E-07  4.104374E-07  3.562204E-04  4.842732E-04  9.375690E-06  5.675265E-07  7.289729E-07  9.160636E-07
 3.131500E+02  1.886870E-01  6.406828E-05  3.805966E-09  5.054802E-09  5.638444E-09  6.797972E-09  9.914255E-02  3.622082E-05  4.706004E-08  5.833781E-01  5.180932E-03  1.576287E-04  8.483098E-06  8.072797E-04  2.803110E-08  1.030674E-07  2.876962E-08  1.216681E-01  3.085758E-05  4.679425E-07  3.986615E-07  3.504055E-04  4.763628E-04  8.852291E-06  5.349857E-07  6.873990E-07  8.742565E-07
 3.141500E+02  1.894204E-01  6.369810E-05  3.713935E-09  4.933835E-09  5.503817E-09  6.637261E-09  9.915637E-02  3.557223E-05  4.429675E-08  5.842001E-01  5.101978E-03  1.490524E-04  8.261214E-06  7.948144E-04  2.669411E-08  9.839594E-08  2.779155E-08  1.202155E-01  2.955686E-05  4.548722E-07  3.872715E-07  3.447229E-04  4.686329E-04  8.361190E-06  5.045105E-07  6.484518E-07  8.345883E-07
 3.151500E+02  1.901426E-01  6.332801E-05  3.624368E-09  4.816073E-09  5.372748E-09  6.480753E-09  9.916988E-02  3.493995E-05  4.171331E-08  5.850087E-01  5.024660E-03  1.409907E-04  8.046448E-06  7.826007E-04  2.542870E-08  9.396367E-08  2.685144E-08  1.187849E-01  2.831771E-05  4.422203E-07  3.762538E-07  3.391691E-04  4.610785E-04  7.900216E-06  4.759579E-07  6.119503E-07  7.969392E-07
 3.161500E+02  1.908538E-01  6.295816E-05  3.537201E-09  4.701432E-09  5.245145E-09  6.328342E-09  9.918309E-02  3.432348E-05  3.929693E-08  5.858042E-01  4.948938E-03  1.334102E-04  7.838539E-06  7.706329E-04  2.423068E-08  8.975711E-08  2.594768E-08  1.173760E-01  2.713693E-05  4.299724E-07  3.655953E-07  3.337405E-04  4.536948E-04  7.467360E-06  4.491958E-07  5.777271E-07  7.611966E-07
 3.171500E+02  1.915542E-01  6.258868E-05  3.452369E-09  4.589830E-09  5.120917E-09  6.179922E-09  9.919601E-02  3.372235E-05  3.703584E-08  5.865867E-01  4.874773E-03  1.262796E-04  7.637236E-06  7.589056E-04  2.309610E-08  8.576359E-08  2.507874E-08  1.159885E-01  2.601153E-05  4.181146E-07  3.552835E-07  3.284336E-04  4.464770E-04  7.060754E-06  4.241017E-07  5.456271E-07  7.272546E-07
 3.181500E+02  1.922439E-01  6.221971E-05  3.369811E-09  4.481188E-09  4.999975E-09  6.035390E-09  9.920864E-02  3.313607E-05  3.491914E-08  5.873566E-01  4.802127E-03  1.195699E-04  7.442297E-06  7.474134E-04  2.202128E-08  8.197120E-08  2.424312E-08  1.146220E-01  2.493865E-05  4.066334E-07  3.453061E-07  3.232452E-04  4.394207E-04  6.678665E-06  4.005624E-07  5.155065E-07  6.950137E-07
 3.191500E+02  1.929231E-01  6.185137E-05  3.289465E-09  4.375427E-09  4.882234E-09  5.894644E-09  9.922100E-02  3.256420E-05  3.293676E-08  5.881141E-01  4.730964E-03  1.132542E-04  7.253490E-06  7.361508E-04  2.100274E-08  7.836877E-08  2.343945E-08  1.132764E-01  2.391560E-05  3.955160E-07  3.356513E-07  3.181720E-04  4.325214E-04  6.319481E-06  3.784727E-07  4.872321E-07  6.643804E-07
 3.201500E+02  1.935920E-01  6.148377E-05  3.211271E-09  4.272470E-09  4.767607E-09  5.757586E-09  9.923309E-02  3.200630E-05  3.107940E-08  5.888593E-01  4.661246E-03  1.073072E-04  7.070593E-06  7.251129E-04  2.003726E-08  7.494580E-08  2.266637E-08  1.119512E-01  2.293986E-05  3.847498E-07  3.263080E-07  3.132108E-04  4.257749E-04  5.981707E-06  3.577351E-07  4.606804E-07  6.352666E-07
 3.211500E+02  1.942506E-01  6.111704E-05  3.135172E-09  4.172243E-09  4.656013E-09  5.624119E-09  9.924492E-02  3.146195E-05  2.933844E-08  5.895925E-01  4.592940E-03  1.017056E-04  6.893393E-06  7.142945E-04  1.912179E-08  7.169241E-08  2.192260E-08  1.106461E-01  2.200901E-05  3.743229E-07  3.172651E-07  3.083588E-04  4.191770E-04  5.663952E-06  3.382594E-07  4.357368E-07  6.075896E-07
 3.221500E+02  1.948991E-01  6.075128E-05  3.061110E-09  4.074672E-09  4.547370E-09  5.494147E-09  9.925649E-02  3.093074E-05  2.770591E-08  5.903138E-01  4.526012E-03  9.642754E-05  6.721686E-06  7.036908E-04  1.825348E-08  6.859931E-08  2.120691E-08  1.093610E-01  2.112080E-05  3.642236E-07  3.085121E-07  3.036129E-04  4.127237E-04  5.364922E-06  3.199617E-07  4.122948E-07  5.812715E-07
 3.231500E+02  1.955378E-01  6.038659E-05  2.989030E-09  3.979687E-09  4.441598E-09  5.367579E-09  9.926782E-02  3.041229E-05  2.617443E-08  5.910236E-01  4.460428E-03  9.145267E-05  6.555275E-06  6.932969E-04  1.742965E-08  6.565778E-08  2.051815E-08  1.080955E-01  2.027307E-05  3.544408E-07  3.000390E-07  2.989704E-04  4.064112E-04  5.083413E-06  3.027642E-07  3.902556E-07  5.562389E-07
 3.241500E+02  1.961666E-01  6.002307E-05  2.918878E-09  3.887216E-09  4.338622E-09  5.244323E-09  9.927890E-02  2.990622E-05  2.473716E-08  5.917219E-01  4.396156E-03  8.676204E-05  6.393971E-06  6.831080E-04  1.664780E-08  6.285960E-08  1.985519E-08  1.068493E-01  1.946380E-05  3.449635E-07  2.918360E-07  2.944284E-04  4.002358E-04  4.818305E-06  2.865945E-07  3.695274E-07  5.324227E-07
 3.251500E+02  1.967859E-01  5.966082E-05  2.850601E-09  3.797193E-09  4.238365E-09  5.124292E-09  9.928975E-02  2.941216E-05  2.338776E-08  5.924090E-01  4.333165E-03  8.233797E-05  6.237593E-06  6.731197E-04  1.590556E-08  6.019705E-08  1.921697E-08  1.056221E-01  1.869107E-05  3.357815E-07  2.838937E-07  2.899843E-04  3.941937E-04  4.568555E-06  2.713856E-07  3.500251E-07  5.097579E-07
 3.261500E+02  1.973956E-01  5.929992E-05  2.784147E-09  3.709550E-09  4.140753E-09  5.007399E-09  9.930037E-02  2.892976E-05  2.212035E-08  5.930851E-01  4.271425E-03  7.816394E-05  6.085968E-06  6.633275E-04  1.520073E-08  5.766284E-08  1.860247E-08  1.044136E-01  1.795307E-05  3.268847E-07  2.762030E-07  2.856356E-04  3.882815E-04  4.333192E-06  2.570750E-07  3.316692E-07  4.881833E-07
 3.271500E+02  1.979961E-01  5.894045E-05  2.719466E-09  3.624223E-09  4.045715E-09  4.893559E-09  9.931077E-02  2.845868E-05  2.092947E-08  5.937504E-01  4.210906E-03  7.422457E-05  5.938928E-06  6.537268E-04  1.453123E-08  5.525012E-08  1.801071E-08  1.032236E-01  1.724807E-05  3.182633E-07  2.687553E-07  2.813798E-04  3.824957E-04  4.111309E-06  2.436047E-07  3.143860E-07  4.676410E-07
 3.281500E+02  1.985873E-01  5.858250E-05  2.656508E-09  3.541148E-09  3.953180E-09  4.782691E-09  9.932095E-02  2.799859E-05  1.981007E-08  5.944051E-01  4.151579E-03  7.050546E-05  5.796312E-06  6.443136E-04  1.389510E-08  5.295244E-08  1.744076E-08  1.020517E-01  1.657445E-05  3.099081E-07  2.615420E-07  2.772143E-04  3.768331E-04  3.902065E-06  2.309206E-07  2.981068E-07  4.480766E-07
 3.291500E+02  1.991695E-01  5.822614E-05  2.595227E-09  3.460264E-09  3.863081E-09  4.674714E-09  9.933092E-02  2.754917E-05  1.875745E-08  5.950493E-01  4.093416E-03  6.699319E-05  5.657967E-06  6.350835E-04  1.329050E-08  5.076372E-08  1.689173E-08  1.008977E-01  1.593068E-05  3.018100E-07  2.545551E-07  2.731369E-04  3.712903E-04  3.704671E-06  2.189726E-07  2.827679E-07  4.294388E-07
 3.301500E+02  1.997428E-01  5.787144E-05  2.535576E-09  3.381511E-09  3.775350E-09  4.569550E-09  9.934068E-02  2.711012E-05  1.776724E-08  5.956832E-01  4.036390E-03  6.367521E-05  5.523745E-06  6.260325E-04  1.271571E-08  4.867823E-08  1.636276E-08  9.976138E-02  1.531529E-05  2.939603E-07  2.477869E-07  2.691453E-04  3.658644E-04  3.518395E-06  2.077139E-07  2.683097E-07  4.116792E-07
 3.311500E+02  2.003073E-01  5.751847E-05  2.477509E-09  3.304830E-09  3.689922E-09  4.467123E-09  9.935024E-02  2.668114E-05  1.683538E-08  5.963070E-01  3.980474E-03  6.053980E-05  5.393502E-06  6.171567E-04  1.216911E-08  4.669056E-08  1.585306E-08  9.864235E-02  1.472691E-05  2.863507E-07  2.412296E-07  2.652372E-04  3.605522E-04  3.342551E-06  1.971010E-07  2.546768E-07  3.947521E-07
 3.321500E+02  2.008632E-01  5.716728E-05  2.420982E-09  3.230163E-09  3.606734E-09  4.367357E-09  9.935960E-02  2.626195E-05  1.595811E-08  5.969209E-01  3.925642E-03  5.757598E-05  5.267102E-06  6.084521E-04  1.164916E-08  4.479563E-08  1.536183E-08  9.754038E-02  1.416422E-05  2.789730E-07  2.348762E-07  2.614106E-04  3.553509E-04  3.176500E-06  1.870932E-07  2.418175E-07  3.786145E-07
 3.331500E+02  2.014106E-01  5.681794E-05  2.365952E-09  3.157456E-09  3.525725E-09  4.270182E-09  9.936877E-02  2.585227E-05  1.513192E-08  5.975251E-01  3.871869E-03  5.477351E-05  5.144413E-06  5.999148E-04  1.115443E-08  4.298862E-08  1.488834E-08  9.645520E-02  1.362599E-05  2.718195E-07  2.287196E-07  2.576633E-04  3.502576E-04  3.019646E-06  1.776528E-07  2.296838E-07  3.632256E-07
 3.341500E+02  2.019496E-01  5.647051E-05  2.312377E-09  3.086653E-09  3.446834E-09  4.175525E-09  9.937776E-02  2.545182E-05  1.435354E-08  5.981197E-01  3.819131E-03  5.212278E-05  5.025309E-06  5.915413E-04  1.068357E-08  4.126501E-08  1.443186E-08  9.538656E-02  1.311104E-05  2.648827E-07  2.227531E-07  2.539933E-04  3.452696E-04  2.871430E-06  1.687444E-07  2.182307E-07  3.485471E-07
 3.351500E+02  2.024804E-01  5.612503E-05  2.260217E-09  3.017703E-09  3.370002E-09  4.083317E-09  9.938657E-02  2.506036E-05  1.361995E-08  5.987050E-01  3.767404E-03  4.961483E-05  4.909668E-06  5.833279E-04  1.023530E-08  3.962052E-08  1.399173E-08  9.433418E-02  1.261826E-05  2.581552E-07  2.169702E-07  2.503987E-04  3.403841E-04  2.731332E-06  1.603353E-07  2.074163E-07  3.345428E-07
 3.361500E+02  2.030032E-01  5.578155E-05  2.209431E-09  2.950554E-09  3.295174E-09  3.993493E-09  9.939519E-02  2.467763E-05  1.292830E-08  5.992809E-01  3.716663E-03  4.724124E-05  4.797373E-06  5.752711E-04  9.808421E-09  3.805110E-08  1.356728E-08  9.329781E-02  1.214659E-05  2.516301E-07  2.113647E-07  2.468776E-04  3.355986E-04  2.598864E-06  1.523946E-07  1.972016E-07  3.211784E-07
 3.371500E+02  2.035179E-01  5.544012E-05  2.159982E-09  2.885156E-09  3.222293E-09  3.905987E-09  9.940365E-02  2.430338E-05  1.227597E-08  5.998479E-01  3.666888E-03  4.499415E-05  4.688311E-06  5.673673E-04  9.401803E-09  3.655294E-08  1.315790E-08  9.227719E-02  1.169504E-05  2.453007E-07  2.059304E-07  2.434280E-04  3.309105E-04  2.473572E-06  1.448939E-07  1.875500E-07  3.084214E-07
 3.381500E+02  2.040249E-01  5.510078E-05  2.111832E-09  2.821460E-09  3.151305E-09  3.820734E-09  9.941193E-02  2.393740E-05  1.166050E-08  6.004058E-01  3.618055E-03  4.286618E-05  4.582373E-06  5.596132E-04  9.014381E-09  3.512245E-08  1.276299E-08  9.127207E-02  1.126266E-05  2.391604E-07  2.006617E-07  2.400483E-04  3.263175E-04  2.355029E-06  1.378062E-07  1.784274E-07  2.962415E-07
 3.391500E+02  2.045241E-01  5.476356E-05  2.064943E-09  2.759419E-09  3.082158E-09  3.737674E-09  9.942005E-02  2.357944E-05  1.107960E-08  6.009551E-01  3.570143E-03  4.085042E-05  4.479456E-06  5.520055E-04  8.645148E-09  3.375622E-08  1.238198E-08  9.028220E-02  1.084853E-05  2.332030E-07  1.955528E-07  2.367366E-04  3.218171E-04  2.242837E-06  1.311067E-07  1.698020E-07  2.846096E-07
 3.401500E+02  2.050157E-01  5.442851E-05  2.019282E-09  2.698987E-09  3.014801E-09  3.656745E-09  9.942801E-02  2.322929E-05  1.053114E-08  6.014957E-01  3.523131E-03  3.894040E-05  4.379459E-06  5.445410E-04  8.293159E-09  3.245103E-08  1.201432E-08  8.930733E-02  1.045182E-05  2.274224E-07  1.905985E-07  2.334914E-04  3.174071E-04  2.136622E-06  1.247720E-07  1.616440E-07  2.734984E-07
 3.411500E+02  2.054999E-01  5.409567E-05  1.974813E-09  2.640119E-09  2.949184E-09  3.577890E-09  9.943582E-02  2.288674E-05  1.001312E-08  6.020279E-01  3.476999E-03  3.713005E-05  4.282285E-06  5.372166E-04  7.957520E-09  3.120385E-08  1.165948E-08  8.834722E-02  1.007170E-05  2.218127E-07  1.857934E-07  2.303108E-04  3.130851E-04  2.036035E-06  1.187803E-07  1.539256E-07  2.628821E-07
 3.421500E+02  2.059768E-01  5.376505E-05  1.931503E-09  2.582772E-09  2.885258E-09  3.501051E-09  9.944347E-02  2.255158E-05  9.523693E-09  6.025518E-01  3.431727E-03  3.541367E-05  4.187841E-06  5.300292E-04  7.637387E-09  3.001179E-08  1.131698E-08  8.740163E-02  9.707406E-06  2.163684E-07  1.811327E-07  2.271935E-04  3.088490E-04  1.940749E-06  1.131111E-07  1.466206E-07  2.527363E-07
 3.431500E+02  2.064464E-01  5.343668E-05  1.889319E-09  2.526903E-09  2.822978E-09  3.426172E-09  9.945097E-02  2.222361E-05  9.061115E-09  6.030675E-01  3.387295E-03  3.378591E-05  4.096038E-06  5.229757E-04  7.331964E-09  2.887215E-08  1.098632E-08  8.647033E-02  9.358211E-06  2.110839E-07  1.766114E-07  2.241377E-04  3.046968E-04  1.850456E-06  1.077454E-07  1.397048E-07  2.430378E-07
 3.441500E+02  2.069090E-01  5.311060E-05  1.848229E-09  2.472472E-09  2.762296E-09  3.353200E-09  9.945833E-02  2.190265E-05  8.623765E-09  6.035752E-01  3.343685E-03  3.224177E-05  4.006790E-06  5.160533E-04  7.040502E-09  2.778234E-08  1.066704E-08  8.555307E-02  9.023416E-06  2.059541E-07  1.722249E-07  2.211421E-04  3.006263E-04  1.764871E-06  1.026653E-07  1.331553E-07  2.337648E-07
 3.451500E+02  2.073645E-01  5.278683E-05  1.808203E-09  2.419437E-09  2.703169E-09  3.282082E-09  9.946554E-02  2.158850E-05  8.210130E-09  6.040750E-01  3.300879E-03  3.077653E-05  3.920012E-06  5.092591E-04  6.762290E-09  2.673994E-08  1.035872E-08  8.464963E-02  8.702363E-06  2.009738E-07  1.679687E-07  2.182051E-04  2.966356E-04  1.683722E-06  9.785407E-08  1.269508E-07  2.248964E-07
 3.461500E+02  2.078132E-01  5.246539E-05  1.769211E-09  2.367760E-09  2.645553E-09  3.212767E-09  9.947262E-02  2.128098E-05  7.818793E-09  6.045671E-01  3.258857E-03  2.938577E-05  3.835626E-06  5.025904E-04  6.496659E-09  2.574264E-08  1.006092E-08  8.375978E-02  8.394425E-06  1.961383E-07  1.638385E-07  2.153253E-04  2.927228E-04  1.606757E-06  9.329606E-08  1.210713E-07  2.164131E-07
 3.471500E+02  2.082551E-01  5.214629E-05  1.731224E-09  2.317404E-09  2.589407E-09  3.145206E-09  9.947956E-02  2.097992E-05  7.448430E-09  6.050516E-01  3.217604E-03  2.806535E-05  3.753554E-06  4.960443E-04  6.242975E-09  2.478826E-08  9.773248E-09  8.288330E-02  8.099005E-06  1.914427E-07  1.598301E-07  2.125013E-04  2.888859E-04  1.533740E-06  8.897660E-08  1.154979E-07  2.082963E-07
 3.481500E+02  2.086904E-01  5.182956E-05  1.694214E-09  2.268331E-09  2.534689E-09  3.079350E-09  9.948636E-02  2.068515E-05  7.097802E-09  6.055286E-01  3.177101E-03  2.681135E-05  3.673722E-06  4.896183E-04  6.000642E-09  2.387474E-08  9.495311E-09  8.201997E-02  7.815539E-06  1.868825E-07  1.559394E-07  2.097319E-04  2.851231E-04  1.464447E-06  8.488193E-08  1.102133E-07  2.005284E-07
 3.491500E+02  2.091192E-01  5.151521E-05  1.658152E-09  2.220506E-09  2.481360E-09  3.015151E-09  9.949304E-02  2.039651E-05  6.765750E-09  6.059982E-01  3.137333E-03  2.562011E-05  3.596058E-06  4.833097E-04  5.769092E-09  2.300012E-08  9.226739E-09  8.116957E-02  7.543487E-06  1.824534E-07  1.521626E-07  2.070156E-04  2.814326E-04  1.398669E-06  8.099918E-08  1.052007E-07  1.930927E-07
 3.501500E+02  2.095416E-01  5.120325E-05  1.623013E-09  2.173895E-09  2.429381E-09  2.952566E-09  9.949959E-02  2.011383E-05  6.451188E-09  6.064607E-01  3.098283E-03  2.448818E-05  3.520493E-06  4.771160E-04  5.547793E-09  2.216255E-08  8.967177E-09  8.033188E-02  7.282338E-06  1.781511E-07  1.484959E-07  2.043513E-04  2.778128E-04  1.336211E-06  7.731625E-08  1.004449E-07  1.859734E-07
 3.511500E+02  2.099576E-01  5.089370E-05  1.588770E-09  2.128462E-09  2.378715E-09  2.891548E-09  9.950602E-02  1.983697E-05  6.153101E-09  6.069161E-01  3.059935E-03  2.341231E-05  3.446961E-06  4.710348E-04  5.336238E-09  2.136026E-08  8.716285E-09  7.950670E-02  7.031605E-06  1.739716E-07  1.449358E-07  2.017378E-04  2.742620E-04  1.276888E-06  7.382182E-08  9.593133E-08  1.791555E-07
 3.521500E+02  2.103674E-01  5.058656E-05  1.555399E-09  2.084176E-09  2.329325E-09  2.832056E-09  9.951233E-02  1.956576E-05  5.870536E-09  6.073645E-01  3.022275E-03  2.238947E-05  3.375397E-06  4.650636E-04  5.133948E-09  2.059160E-08  8.473736E-09  7.869382E-02  6.790825E-06  1.699108E-07  1.414786E-07  1.991737E-04  2.707785E-04  1.220526E-06  7.050525E-08  9.164634E-08  1.726248E-07
 3.531500E+02  2.107711E-01  5.028184E-05  1.522875E-09  2.041006E-09  2.281176E-09  2.774047E-09  9.951852E-02  1.930007E-05  5.602601E-09  6.078061E-01  2.985287E-03  2.141677E-05  3.305739E-06  4.592000E-04  4.940473E-09  1.985499E-08  8.239218E-09  7.789303E-02  6.559557E-06  1.659650E-07  1.381212E-07  1.966579E-04  2.673607E-04  1.166963E-06  6.735654E-08  8.757717E-08  1.663678E-07
 3.541500E+02  2.111689E-01  4.997955E-05  1.491174E-09  1.998918E-09  2.234234E-09  2.717480E-09  9.952459E-02  1.903976E-05  5.348459E-09  6.082410E-01  2.948956E-03  2.049151E-05  3.237928E-06  4.534418E-04  4.755382E-09  1.914892E-08  8.012429E-09  7.710413E-02  6.337383E-06  1.621305E-07  1.348602E-07  1.941894E-04  2.640071E-04  1.116046E-06  6.436634E-08  8.371183E-08  1.603717E-07
 3.551500E+02  2.115607E-01  4.967970E-05  1.460273E-09  1.957885E-09  2.188466E-09  2.662316E-09  9.953056E-02  1.878469E-05  5.107327E-09  6.086693E-01  2.913268E-03  1.961115E-05  3.171907E-06  4.477868E-04  4.578270E-09  1.847198E-08  7.793084E-09  7.632692E-02  6.123903E-06  1.584037E-07  1.316925E-07  1.917670E-04  2.607162E-04  1.067630E-06  6.152582E-08  8.003905E-08  1.546244E-07
 3.561500E+02  2.119467E-01  4.938229E-05  1.430151E-09  1.917877E-09  2.143838E-09  2.608517E-09  9.953641E-02  1.853473E-05  4.878469E-09  6.090910E-01  2.878210E-03  1.877329E-05  3.107619E-06  4.422326E-04  4.408754E-09  1.782283E-08  7.580904E-09  7.556121E-02  5.918737E-06  1.547813E-07  1.286150E-07  1.893896E-04  2.574865E-04  1.021581E-06  5.882673E-08  7.654822E-08  1.491144E-07
 3.571500E+02  2.123270E-01  4.908732E-05  1.400784E-09  1.878864E-09  2.100320E-09  2.556045E-09  9.954215E-02  1.828974E-05  4.661193E-09  6.095065E-01  2.843767E-03  1.797567E-05  3.045011E-06  4.367772E-04  4.246469E-09  1.720017E-08  7.375626E-09  7.480682E-02  5.721523E-06  1.512598E-07  1.256250E-07  1.870562E-04  2.543167E-04  9.777696E-07  5.626128E-08  7.322939E-08  1.438307E-07
 3.581500E+02  2.127016E-01  4.879479E-05  1.372153E-09  1.840821E-09  2.057880E-09  2.504863E-09  9.954779E-02  1.804961E-05  4.454853E-09  6.099156E-01  2.809927E-03  1.721617E-05  2.984031E-06  4.314185E-04  4.091071E-09  1.660279E-08  7.176995E-09  7.406354E-02  5.531918E-06  1.478362E-07  1.227195E-07  1.847659E-04  2.512053E-04  9.360772E-07  5.382217E-08  7.007319E-08  1.387629E-07
 3.591500E+02  2.130708E-01  4.850470E-05  1.344237E-09  1.803720E-09  2.016490E-09  2.454937E-09  9.955333E-02  1.781421E-05  4.258840E-09  6.103186E-01  2.776678E-03  1.649278E-05  2.924630E-06  4.261545E-04  3.942232E-09  1.602955E-08  6.984767E-09  7.333119E-02  5.349592E-06  1.445074E-07  1.198959E-07  1.825175E-04  2.481510E-04  8.963904E-07  5.150252E-08  6.707081E-08  1.339013E-07
 3.601500E+02  2.134345E-01  4.821705E-05  1.317015E-09  1.767534E-09  1.976119E-09  2.406233E-09  9.955877E-02  1.758344E-05  4.072581E-09  6.107156E-01  2.744005E-03  1.580360E-05  2.866759E-06  4.209831E-04  3.799644E-09  1.547934E-08  6.798709E-09  7.260959E-02  5.174233E-06  1.412703E-07  1.171515E-07  1.803102E-04  2.451525E-04  8.586025E-07  4.929586E-08  6.421395E-08  1.292363E-07
 3.611500E+02  2.137929E-01  4.793185E-05  1.290469E-09  1.732240E-09  1.936741E-09  2.358716E-09  9.956411E-02  1.735716E-05  3.895540E-09  6.111066E-01  2.711897E-03  1.514686E-05  2.810372E-06  4.159023E-04  3.663013E-09  1.495113E-08  6.618596E-09  7.189856E-02  5.005544E-06  1.381221E-07  1.144838E-07  1.781430E-04  2.422085E-04  8.226134E-07  4.719611E-08  6.149482E-08  1.247592E-07
 3.621500E+02  2.141461E-01  4.764908E-05  1.264580E-09  1.697812E-09  1.898328E-09  2.312355E-09  9.956935E-02  1.713528E-05  3.727211E-09  6.114918E-01  2.680342E-03  1.452088E-05  2.755424E-06  4.109104E-04  3.532060E-09  1.444393E-08  6.444213E-09  7.119793E-02  4.843239E-06  1.350601E-07  1.118904E-07  1.760150E-04  2.393179E-04  7.883283E-07  4.519753E-08  5.890606E-08  1.204615E-07
 3.631500E+02  2.144941E-01  4.736874E-05  1.239329E-09  1.664227E-09  1.860854E-09  2.267118E-09  9.957450E-02  1.691768E-05  3.567121E-09  6.118713E-01  2.649329E-03  1.392406E-05  2.701871E-06  4.060054E-04  3.406520E-09  1.395679E-08  6.275351E-09  7.050752E-02  4.687049E-06  1.320814E-07  1.093689E-07  1.739253E-04  2.364793E-04  7.556583E-07  4.329475E-08  5.644076E-08  1.163350E-07
 3.641500E+02  2.148370E-01  4.709082E-05  1.214700E-09  1.631461E-09  1.824292E-09  2.222975E-09  9.957956E-02  1.670426E-05  3.414822E-09  6.122451E-01  2.618846E-03  1.335491E-05  2.649672E-06  4.011855E-04  3.286144E-09  1.348883E-08  6.111813E-09  6.982715E-02  4.536715E-06  1.291836E-07  1.069171E-07  1.718731E-04  2.336916E-04  7.245191E-07  4.148267E-08  5.409240E-08  1.123723E-07
 3.651500E+02  2.151750E-01  4.681533E-05  1.190674E-09  1.599492E-09  1.788619E-09  2.179896E-09  9.958453E-02  1.649492E-05  3.269894E-09  6.126134E-01  2.588881E-03  1.281200E-05  2.598787E-06  3.964490E-04  3.170693E-09  1.303918E-08  5.953408E-09  6.915667E-02  4.391991E-06  1.263642E-07  1.045327E-07  1.698575E-04  2.309537E-04  6.948315E-07  3.975650E-08  5.185483E-08  1.085659E-07
 3.661500E+02  2.155080E-01  4.654225E-05  1.167236E-09  1.568299E-09  1.753809E-09  2.137852E-09  9.958941E-02  1.628957E-05  3.131943E-09  6.129763E-01  2.559425E-03  1.229402E-05  2.549175E-06  3.917940E-04  3.059941E-09  1.260706E-08  5.799952E-09  6.849590E-02  4.252641E-06  1.236207E-07  1.022137E-07  1.678777E-04  2.282644E-04  6.665206E-07  3.811174E-08  4.972226E-08  1.049090E-07
 3.671500E+02  2.158362E-01  4.627158E-05  1.144369E-09  1.537860E-09  1.719839E-09  2.096816E-09  9.959421E-02  1.608810E-05  3.000594E-09  6.133338E-01  2.530466E-03  1.179968E-05  2.500800E-06  3.872190E-04  2.953674E-09  1.219168E-08  5.651270E-09  6.784468E-02  4.118443E-06  1.209507E-07  9.995795E-08  1.659329E-04  2.256227E-04  6.395158E-07  3.654414E-08  4.768922E-08  1.013951E-07
 3.681500E+02  2.161597E-01  4.600330E-05  1.122057E-09  1.508154E-09  1.686687E-09  2.056759E-09  9.959892E-02  1.589042E-05  2.875500E-09  6.136861E-01  2.501995E-03  1.132781E-05  2.453624E-06  3.827222E-04  2.851687E-09  1.179231E-08  5.507192E-09  6.720286E-02  3.989183E-06  1.183521E-07  9.776356E-08  1.640223E-04  2.230276E-04  6.137505E-07  3.504968E-08  4.575058E-08  9.801771E-08
 3.691500E+02  2.164785E-01  4.573742E-05  1.100285E-09  1.479163E-09  1.654330E-09  2.017657E-09  9.960355E-02  1.569645E-05  2.756328E-09  6.140332E-01  2.474000E-03  1.087727E-05  2.407613E-06  3.783021E-04  2.753789E-09  1.140826E-08  5.367555E-09  6.657028E-02  3.864655E-06  1.158227E-07  9.562859E-08  1.621453E-04  2.204779E-04  5.891616E-07  3.362458E-08  4.390146E-08  9.477106E-08
 3.701500E+02  2.167927E-01  4.547391E-05  1.079039E-09  1.450865E-09  1.622747E-09  1.979483E-09  9.960810E-02  1.550609E-05  2.642767E-09  6.143752E-01  2.446473E-03  1.044699E-05  2.362733E-06  3.739571E-04  2.659793E-09  1.103887E-08  5.232204E-09  6.594678E-02  3.744666E-06  1.133603E-07  9.355120E-08  1.603010E-04  2.179728E-04  5.656897E-07  3.226528E-08  4.213728E-08  9.164940E-08
 3.711500E+02  2.171025E-01  4.521277E-05  1.058305E-09  1.423244E-09  1.591916E-09  1.942212E-09  9.961257E-02  1.531927E-05  2.534525E-09  6.147122E-01  2.419404E-03  1.003598E-05  2.318950E-06  3.696856E-04  2.569526E-09  1.068350E-08  5.100988E-09  6.533221E-02  3.629029E-06  1.109629E-07  9.152962E-08  1.584887E-04  2.155112E-04  5.432785E-07  3.096839E-08  4.045371E-08  8.864734E-08
 3.721500E+02  2.174077E-01  4.495398E-05  1.038067E-09  1.396279E-09  1.561818E-09  1.905820E-09  9.961696E-02  1.513589E-05  2.431325E-09  6.150444E-01  2.392783E-03  9.643270E-06  2.276233E-06  3.654861E-04  2.482822E-09  1.034155E-08  4.973763E-09  6.472642E-02  3.517567E-06  1.086285E-07  8.956212E-08  1.567078E-04  2.130922E-04  5.218750E-07  2.973075E-08  3.884666E-08  8.575974E-08
 3.731500E+02  2.177087E-01  4.469754E-05  1.018313E-09  1.369955E-09  1.532433E-09  1.870283E-09  9.962128E-02  1.495588E-05  2.332907E-09  6.153717E-01  2.366601E-03  9.267966E-06  2.234551E-06  3.613572E-04  2.399522E-09  1.001245E-08  4.850390E-09  6.412926E-02  3.410110E-06  1.063553E-07  8.764705E-08  1.549576E-04  2.107148E-04  5.014290E-07  2.854935E-08  3.731227E-08  8.298168E-08
