#         T/K            c1          c2-1          c3-4          c3-5          c3-7          c3-9            m1          m2-1          m3-1            w1            w2          w3-1          w3-2          c1m1        c1m2-1        c1m2-7        c2m1-1        c1w1-2        c1w2-1        c2w1-1        c2w1-9        m1w1-1        m1w1-4        m1w2-1        m2w1-1        m2w1-3      c1m1w1-1
 2.731500E+02  1.353337E-01  6.072911E-05  7.215141E-09  9.470047E-09  1.053618E-08  1.256308E-08  3.442616E-01  9.987379E-04  3.127331E-05  3.799100E-01  4.962575E-03  6.593228E-04  9.251002E-06  4.884272E-03  2.693445E-06  8.838048E-06  3.534544E-07  1.242470E-01  8.920208E-05  8.555734E-07  7.512840E-07  1.770431E-03  2.410034E-03  1.969261E-04  6.461211E-05  8.183210E-05  1.487444E-05
 2.741500E+02  1.362568E-01  6.040676E-05  7.007018E-09  9.199994E-09  1.023649E-08  1.220959E-08  3.443916E-01  9.748467E-04  2.885778E-05  3.809817E-01  4.869862E-03  6.138838E-04  8.948174E-06  4.789400E-03  2.526575E-06  8.317346E-06  3.382461E-07  1.225006E-01  8.447444E-05  8.262359E-07  7.248968E-07  1.733570E-03  2.359707E-03  1.829024E-04  5.982756E-05  7.580258E-05  1.401140E-05
 2.751500E+02  1.371662E-01  6.007927E-05  6.804925E-09  8.937656E-09  9.945332E-09  1.186602E-08  3.445173E-01  9.517088E-04  2.664526E-05  3.820329E-01  4.779276E-03  5.718276E-04  8.656793E-06  4.696727E-03  2.371040E-06  7.830437E-06  3.237557E-07  1.207793E-01  8.001973E-05  7.979810E-07  6.995078E-07  1.697702E-03  2.310741E-03  1.699614E-04  5.542803E-05  7.025610E-05  1.320309E-05
 2.761500E+02  1.380619E-01  5.974699E-05  6.608714E-09  8.682847E-09  9.662504E-09  1.153216E-08  3.446390E-01  9.292960E-04  2.461741E-05  3.830642E-01  4.690766E-03  5.328857E-04  8.376391E-06  4.606201E-03  2.226009E-06  7.374946E-06  3.099470E-07  1.190829E-01  7.582113E-05  7.707683E-07  6.750787E-07  1.662796E-03  2.263096E-03  1.580137E-04  5.138025E-05  6.515113E-05  1.244579E-05
 2.771500E+02  1.389440E-01  5.941026E-05  6.418237E-09  8.435381E-09  9.387802E-09  1.120776E-08  3.447569E-01  9.075814E-04  2.275766E-05  3.840760E-01  4.604284E-03  4.968122E-04  8.106520E-06  4.517769E-03  2.090716E-06  6.948678E-06  2.967858E-07  1.174114E-01  7.186292E-05  7.445587E-07  6.515725E-07  1.628822E-03  2.216730E-03  1.469775E-04  4.765404E-05  6.044989E-05  1.173603E-05
 2.781500E+02  1.398126E-01  5.906940E-05  6.233348E-09  8.195078E-09  9.121026E-09  1.089260E-08  3.448711E-01  8.865392E-04  2.105101E-05  3.850688E-01  4.519783E-03  4.633814E-04  7.846750E-06  4.431382E-03  1.964455E-06  6.549603E-06  2.842397E-07  1.157646E-01  6.813040E-05  7.193146E-07  6.289535E-07  1.595753E-03  2.171604E-03  1.367785E-04  4.422194E-05  5.611809E-05  1.107060E-05
 2.791500E+02  1.406678E-01  5.872474E-05  6.053904E-09  7.961757E-09  8.861979E-09  1.058646E-08  3.449818E-01  8.661448E-04  1.948390E-05  3.860431E-01  4.437213E-03  4.323866E-04  7.596667E-06  4.346989E-03  1.846574E-06  6.175840E-06  2.722782E-07  1.141423E-01  6.460980E-05  6.949998E-07  6.071875E-07  1.563560E-03  2.127679E-03  1.273484E-04  4.105902E-05  5.212450E-05  1.044653E-05
 2.801500E+02  1.415098E-01  5.837658E-05  5.879763E-09  7.735241E-09  8.610464E-09  1.028911E-08  3.450891E-01  8.463743E-04  1.804405E-05  3.869992E-01  4.356530E-03  4.036380E-04  7.355878E-06  4.264544E-03  1.736472E-06  5.825648E-06  2.608720E-07  1.125445E-01  6.128824E-05  6.715792E-07  5.862413E-07  1.532217E-03  2.084920E-03  1.186251E-04  3.814256E-05  4.844073E-05  9.861044E-06
 2.811500E+02  1.423387E-01  5.802523E-05  5.710785E-09  7.515355E-09  8.366289E-09  1.000034E-08  3.451931E-01  8.272050E-04  1.672031E-05  3.879375E-01  4.277687E-03  3.769615E-04  7.124002E-06  4.183997E-03  1.633594E-06  5.497414E-06  2.499936E-07  1.109709E-01  5.815367E-05  6.490192E-07  5.660832E-07  1.501698E-03  2.043290E-03  1.105518E-04  3.545191E-05  4.504089E-05  9.311576E-06
 2.821500E+02  1.431545E-01  5.767099E-05  5.546834E-09  7.301926E-09  8.129265E-09  9.719912E-09  3.452941E-01  8.086152E-04  1.550260E-05  3.888584E-01  4.200638E-03  3.521974E-04  6.900677E-06  4.105305E-03  1.537427E-06  5.189644E-06  2.396168E-07  1.094213E-01  5.519479E-05  6.272874E-07  5.466826E-07  1.471978E-03  2.002754E-03  1.030765E-04  3.296826E-05  4.190144E-05  8.795737E-06
 2.831500E+02  1.439574E-01  5.731413E-05  5.387773E-09  7.094784E-09  7.899203E-09  9.447630E-09  3.453921E-01  7.905839E-04  1.438177E-05  3.897624E-01  4.125341E-03  3.291988E-04  6.685557E-06  4.028421E-03  1.447498E-06  4.900954E-06  2.297170E-07  1.078956E-01  5.240105E-05  6.063523E-07  5.280102E-07  1.443033E-03  1.963280E-03  9.615147E-05  3.067445E-05  3.900089E-05  8.311306E-06
 2.841500E+02  1.447475E-01  5.695495E-05  5.233472E-09  6.893764E-09  7.675920E-09  9.183276E-09  3.454872E-01  7.730910E-04  1.334950E-05  3.906497E-01  4.051752E-03  3.078310E-04  6.478307E-06  3.953302E-03  1.363367E-06  4.630057E-06  2.202706E-07  1.063935E-01  4.976254E-05  5.861838E-07  5.100375E-07  1.414839E-03  1.924835E-03  8.973331E-05  2.855486E-05  3.631966E-05  7.856221E-06
 2.851500E+02  1.455250E-01  5.659370E-05  5.083798E-09  6.698698E-09  7.459235E-09  8.926644E-09  3.455796E-01  7.561174E-04  1.239824E-05  3.915208E-01  3.979828E-03  2.879699E-04  6.278609E-06  3.879904E-03  1.284630E-06  4.375762E-06  2.112553E-07  1.049148E-01  4.726999E-05  5.667529E-07  4.927373E-07  1.387373E-03  1.887387E-03  8.378208E-05  2.659523E-05  3.383985E-05  7.428561E-06
 2.861500E+02  1.462901E-01  5.623065E-05  4.938625E-09  6.509427E-09  7.248968E-09  8.677527E-09  3.456694E-01  7.396445E-04  1.152113E-05  3.923759E-01  3.909528E-03  2.695017E-04  6.086158E-06  3.808186E-03  1.210912E-06  4.136963E-06  2.026500E-07  1.034593E-01  4.491473E-05  5.480316E-07  4.760835E-07  1.360614E-03  1.850907E-03  7.826125E-05  2.478255E-05  3.154517E-05  7.026541E-06
 2.871500E+02  1.470428E-01  5.586604E-05  4.797825E-09  6.325792E-09  7.044945E-09  8.435725E-09  3.457566E-01  7.236546E-04  1.071193E-05  3.932154E-01  3.840812E-03  2.523216E-04  5.900663E-06  3.738106E-03  1.141867E-06  3.912632E-06  1.944347E-07  1.020267E-01  4.268861E-05  5.299930E-07  4.600509E-07  1.334541E-03  1.815364E-03  7.313732E-05  2.310493E-05  2.942069E-05  6.648500E-06
 2.881500E+02  1.477833E-01  5.550012E-05  4.661277E-09  6.147635E-09  6.846993E-09  8.201039E-09  3.458414E-01  7.081308E-04  9.964955E-06  3.940396E-01  3.773641E-03  2.363331E-04  5.721843E-06  3.669625E-03  1.077172E-06  3.701815E-06  1.865904E-07  1.006168E-01  4.058400E-05  5.126111E-07  4.446153E-07  1.309131E-03  1.780731E-03  6.837957E-05  2.155151E-05  2.745279E-05  6.292891E-06
 2.891500E+02  1.485117E-01  5.513311E-05  4.528859E-09  5.974806E-09  6.654945E-09  7.973275E-09  3.459238E-01  6.930566E-04  9.275043E-06  3.948488E-01  3.707976E-03  2.214475E-04  5.549432E-06  3.602703E-03  1.016531E-06  3.503625E-06  1.790989E-07  9.922938E-02  3.859377E-05  4.958611E-07  4.297533E-07  1.284367E-03  1.746980E-03  6.395981E-05  2.011238E-05  2.562901E-05  5.958273E-06
 2.901500E+02  1.492283E-01  5.476525E-05  4.400452E-09  5.807152E-09  6.468633E-09  7.752242E-09  3.460039E-01  6.784165E-04  8.637479E-06  3.956433E-01  3.643779E-03  2.075831E-04  5.383172E-06  3.537302E-03  9.596669E-07  3.317240E-06  1.719433E-07  9.786411E-02  3.671119E-05  4.797187E-07  4.154427E-07  1.260228E-03  1.714085E-03  5.985217E-05  1.877845E-05  2.393796E-05  5.643306E-06
 2.911500E+02  1.499331E-01  5.439674E-05  4.275942E-09  5.644528E-09  6.287897E-09  7.537753E-09  3.460819E-01  6.641953E-04  8.047967E-06  3.964234E-01  3.581014E-03  1.946645E-04  5.222819E-06  3.473386E-03  9.063249E-07  3.141891E-06  1.651073E-07  9.652075E-02  3.493000E-05  4.641610E-07  4.016619E-07  1.236696E-03  1.682020E-03  5.603289E-05  1.754142E-05  2.236918E-05  5.346739E-06
 2.921500E+02  1.506263E-01  5.402778E-05  4.155215E-09  5.486790E-09  6.112578E-09  7.329624E-09  3.461577E-01  6.503785E-04  7.502590E-06  3.971893E-01  3.519644E-03  1.826225E-04  5.068138E-06  3.410916E-03  8.562678E-07  2.976867E-06  1.585754E-07  9.519904E-02  3.324429E-05  4.491657E-07  3.883903E-07  1.213753E-03  1.650761E-03  5.248014E-05  1.639368E-05  2.091313E-05  5.067407E-06
 2.931500E+02  1.513080E-01  5.365858E-05  4.038160E-09  5.333797E-09  5.942519E-09  7.127675E-09  3.462316E-01  6.369524E-04  6.997773E-06  3.979415E-01  3.459636E-03  1.713930E-04  4.918904E-06  3.349858E-03  8.092754E-07  2.821504E-06  1.523331E-07  9.389870E-02  3.164853E-05  4.347114E-07  3.756079E-07  1.191381E-03  1.620282E-03  4.917386E-05  1.532827E-05  1.956105E-05  4.804224E-06
 2.941500E+02  1.519785E-01  5.328933E-05  3.924668E-09  5.185411E-09  5.777568E-09  6.931731E-09  3.463034E-01  6.239036E-04  6.530249E-06  3.986801E-01  3.400954E-03  1.609171E-04  4.774902E-06  3.290178E-03  7.651438E-07  2.675185E-06  1.463664E-07  9.261948E-02  3.013753E-05  4.207775E-07  3.632959E-07  1.169563E-03  1.590562E-03  4.609558E-05  1.433880E-05  1.830490E-05  4.556178E-06
 2.951500E+02  1.526379E-01  5.292020E-05  3.814635E-09  5.041497E-09  5.617578E-09  6.741618E-09  3.463734E-01  6.112192E-04  6.097036E-06  3.994054E-01  3.343566E-03  1.511402E-04  4.635926E-06  3.231840E-03  7.236834E-07  2.537335E-06  1.406622E-07  9.136108E-02  2.870643E-05  4.073442E-07  3.514357E-07  1.148284E-03  1.561578E-03  4.322835E-05  1.341941E-05  1.713732E-05  4.322322E-06
 2.961500E+02  1.532863E-01  5.255136E-05  3.707957E-09  4.901925E-09  5.462402E-09  6.557169E-09  3.464415E-01  5.988870E-04  5.695406E-06  4.001176E-01  3.287440E-03  1.420122E-04  4.501779E-06  3.174813E-03  6.847180E-07  2.407419E-06  1.352080E-07  9.012323E-02  2.735063E-05  3.943924E-07  3.400099E-07  1.127528E-03  1.533308E-03  4.055652E-05  1.256474E-05  1.605154E-05  4.101777E-06
 2.971500E+02  1.539239E-01  5.218298E-05  3.604533E-09  4.766566E-09  5.311900E-09  6.378220E-09  3.465079E-01  5.868950E-04  5.322864E-06  4.008170E-01  3.232543E-03  1.334867E-04  4.372273E-06  3.119063E-03  6.480843E-07  2.284936E-06  1.299918E-07  8.890565E-02  2.606586E-05  3.819039E-07  3.290014E-07  1.107279E-03  1.505731E-03  3.806571E-05  1.176985E-05  1.504137E-05  3.893717E-06
 2.981500E+02  1.545509E-01  5.181522E-05  3.504265E-09  4.635295E-09  5.165931E-09  6.204608E-09  3.465725E-01  5.752320E-04  4.977126E-06  4.015039E-01  3.178845E-03  1.255208E-04  4.247226E-06  3.064560E-03  6.136300E-07  2.169422E-06  1.250025E-07  8.770806E-02  2.484808E-05  3.698609E-07  3.183941E-07  1.087522E-03  1.478827E-03  3.574267E-05  1.103021E-05  1.410110E-05  3.697376E-06
 2.991500E+02  1.551673E-01  5.144822E-05  3.407058E-09  4.507989E-09  5.024363E-09  6.036178E-09  3.466355E-01  5.638869E-04  4.656100E-06  4.021786E-01  3.126317E-03  1.180749E-04  4.126465E-06  3.011272E-03  5.812138E-07  2.060444E-06  1.202292E-07  8.653017E-02  2.369350E-05  3.582467E-07  3.081724E-07  1.068243E-03  1.452576E-03  3.357518E-05  1.034167E-05  1.322548E-05  3.512035E-06
 3.001500E+02  1.557735E-01  5.108213E-05  3.312818E-09  4.384529E-09  4.887061E-09  5.872776E-09  3.466969E-01  5.528492E-04  4.357871E-06  4.028411E-01  3.074929E-03  1.111124E-04  4.009825E-06  2.959170E-03  5.507042E-07  1.957595E-06  1.156618E-07  8.537171E-02  2.259856E-05  3.470449E-07  2.983213E-07  1.049429E-03  1.426960E-03  3.155197E-05  9.700400E-06  1.240970E-05  3.337023E-06
 3.011500E+02  1.563694E-01  5.071707E-05  3.221455E-09  4.264800E-09  4.753899E-09  5.714254E-09  3.467568E-01  5.421089E-04  4.080681E-06  4.034918E-01  3.024653E-03  1.045994E-04  3.897146E-06  2.908225E-03  5.219788E-07  1.860500E-06  1.112907E-07  8.423238E-02  2.155991E-05  3.362398E-07  2.888264E-07  1.031066E-03  1.401960E-03  2.966264E-05  9.102880E-06  1.164932E-05  3.171714E-06
 3.021500E+02  1.569554E-01  5.035318E-05  3.132881E-09  4.148689E-09  4.624752E-09  5.560465E-09  3.468151E-01  5.316561E-04  3.822920E-06  4.041309E-01  2.975461E-03  9.850459E-05  3.788276E-06  2.858407E-03  4.949237E-07  1.768804E-06  1.071065E-07  8.311191E-02  2.057441E-05  3.258165E-07  2.796740E-07  1.013141E-03  1.377558E-03  2.789762E-05  8.545874E-06  1.094026E-05  3.015522E-06
 3.031500E+02  1.575315E-01  4.999058E-05  3.047009E-09  4.036084E-09  4.499496E-09  5.411267E-09  3.468720E-01  5.214815E-04  3.583109E-06  4.047587E-01  2.927326E-03  9.279902E-05  3.683070E-06  2.809690E-03  4.694328E-07  1.682179E-06  1.031007E-07  8.201000E-02  1.963910E-05  3.157604E-07  2.708506E-07  9.956417E-04  1.353737E-03  2.624804E-05  8.026404E-06  1.027877E-05  2.867898E-06
 3.041500E+02  1.580979E-01  4.962938E-05  2.963755E-09  3.926880E-09  4.378015E-09  5.266523E-09  3.469275E-01  5.115761E-04  3.359889E-06  4.053752E-01  2.880223E-03  8.745580E-05  3.581389E-06  2.762045E-03  4.454072E-07  1.600317E-06  9.926494E-08  8.092639E-02  1.875120E-05  3.060576E-07  2.623437E-07  9.785559E-04  1.330481E-03  2.470572E-05  7.541723E-06  9.661365E-06  2.728330E-06
 3.051500E+02  1.586547E-01  4.926969E-05  2.883039E-09  3.820972E-09  4.260192E-09  5.126097E-09  3.469816E-01  5.019312E-04  3.152013E-06  4.059808E-01  2.834125E-03  8.245008E-05  3.483097E-06  2.715448E-03  4.227549E-07  1.522931E-06  9.559127E-08  7.986078E-02  1.790809E-05  2.966949E-07  2.541410E-07  9.618719E-04  1.307773E-03  2.326312E-05  7.089303E-06  9.084868E-06  2.596339E-06
 3.061500E+02  1.592021E-01  4.891161E-05  2.804782E-09  3.718258E-09  4.145916E-09  4.989860E-09  3.470344E-01  4.925384E-04  2.958335E-06  4.065757E-01  2.789008E-03  7.775880E-05  3.388067E-06  2.669871E-03  4.013900E-07  1.449752E-06  9.207223E-08  7.881290E-02  1.710731E-05  2.876593E-07  2.462307E-07  9.455783E-04  1.285598E-03  2.191323E-05  6.666813E-06  8.546333E-06  2.471475E-06
 3.071500E+02  1.597403E-01  4.855523E-05  2.728906E-09  3.618640E-09  4.035076E-09  4.857683E-09  3.470860E-01  4.833897E-04  2.777800E-06  4.071601E-01  2.744848E-03  7.336060E-05  3.296176E-06  2.625290E-03  3.812325E-07  1.380529E-06  8.870070E-08  7.778247E-02  1.634656E-05  2.789385E-07  2.386017E-07  9.296642E-04  1.263941E-03  2.064960E-05  6.272100E-06  8.043041E-06  2.353319E-06
 3.081500E+02  1.602694E-01  4.820065E-05  2.655337E-09  3.522023E-09  3.927568E-09  4.729443E-09  3.471363E-01  4.744774E-04  2.609439E-06  4.077341E-01  2.701621E-03  6.923569E-05  3.207306E-06  2.581680E-03  3.622076E-07  1.315027E-06  8.546989E-08  7.676921E-02  1.562363E-05  2.705207E-07  2.312430E-07  9.141190E-04  1.242788E-03  1.946625E-05  5.903182E-06  7.572485E-06  2.241476E-06
 3.091500E+02  1.607896E-01  4.784795E-05  2.584003E-09  3.428313E-09  3.823288E-09  4.605019E-09  3.471853E-01  4.657939E-04  2.452357E-06  4.082980E-01  2.659304E-03  6.536568E-05  3.121345E-06  2.539018E-03  3.442456E-07  1.253026E-06  8.237337E-08  7.577285E-02  1.493649E-05  2.623944E-07  2.241443E-07  8.989324E-04  1.222123E-03  1.835765E-05  5.558225E-06  7.132350E-06  2.135578E-06
 3.101500E+02  1.613010E-01  4.749721E-05  2.514834E-09  3.337419E-09  3.722136E-09  4.484294E-09  3.472332E-01  4.573322E-04  2.305732E-06  4.088519E-01  2.617876E-03  6.173351E-05  3.038183E-06  2.497280E-03  3.272814E-07  1.194320E-06  7.940501E-08  7.479311E-02  1.428319E-05  2.545488E-07  2.172956E-07  8.840944E-04  1.201934E-03  1.731867E-05  5.235537E-06  6.720497E-06  2.035280E-06
 3.111500E+02  1.618037E-01  4.714851E-05  2.447761E-09  3.249255E-09  3.624015E-09  4.367154E-09  3.472800E-01  4.490852E-04  2.168807E-06  4.093961E-01  2.577313E-03  5.832337E-05  2.957716E-06  2.456443E-03  3.112543E-07  1.138716E-06  7.655897E-08  7.382972E-02  1.366192E-05  2.469732E-07  2.106874E-07  8.695953E-04  1.182208E-03  1.634456E-05  4.933554E-06  6.334946E-06  1.940256E-06
 3.121500E+02  1.622980E-01  4.680191E-05  2.382718E-09  3.163734E-09  3.528830E-09  4.253490E-09  3.473257E-01  4.410463E-04  2.040882E-06  4.099307E-01  2.537596E-03  5.512055E-05  2.879846E-06  2.416486E-03  2.961076E-07  1.086034E-06  7.382973E-08  7.288241E-02  1.307096E-05  2.396577E-07  2.043105E-07  8.554259E-04  1.162931E-03  1.543092E-05  4.650832E-06  5.973871E-06  1.850204E-06
 3.131500E+02  1.627838E-01  4.645747E-05  2.319640E-09  3.080774E-09  3.436490E-09  4.143193E-09  3.473703E-01  4.332090E-04  1.921312E-06  4.104560E-01  2.498704E-03  5.211138E-05  2.804476E-06  2.377387E-03  2.817881E-07  1.036105E-06  7.121200E-08  7.195092E-02  1.250870E-05  2.325923E-07  1.981560E-07  8.415770E-04  1.144092E-03  1.457368E-05  4.386032E-06  5.635578E-06  1.764839E-06
 3.141500E+02  1.632615E-01  4.611527E-05  2.258467E-09  3.000296E-09  3.346905E-09  4.036159E-09  3.474139E-01  4.255672E-04  1.809504E-06  4.109720E-01  2.460616E-03  4.928318E-05  2.731516E-06  2.339125E-03  2.682462E-07  9.887702E-07  6.870076E-08  7.103498E-02  1.197360E-05  2.257679E-07  1.922155E-07  8.280400E-04  1.125677E-03  1.376904E-05  4.137917E-06  5.318502E-06  1.683893E-06
 3.151500E+02  1.637311E-01  4.577535E-05  2.199136E-09  2.922220E-09  3.259990E-09  3.932288E-09  3.474565E-01  4.181148E-04  1.704907E-06  4.114790E-01  2.423313E-03  4.662414E-05  2.660876E-06  2.301679E-03  2.554356E-07  9.438809E-07  6.629124E-08  7.013434E-02  1.146423E-05  2.191755E-07  1.864808E-07  8.148063E-04  1.107677E-03  1.301351E-05  3.905344E-06  5.021193E-06  1.607116E-06
 3.161500E+02  1.641928E-01  4.543777E-05  2.141591E-09  2.846471E-09  3.175661E-09  3.831481E-09  3.474980E-01  4.108461E-04  1.607014E-06  4.119772E-01  2.386777E-03  4.412329E-05  2.592472E-06  2.265030E-03  2.433129E-07  9.012980E-07  6.397889E-08  6.924873E-02  1.097924E-05  2.128064E-07  1.809442E-07  8.018678E-04  1.090078E-03  1.230382E-05  3.687250E-06  4.742307E-06  1.534272E-06
 3.171500E+02  1.646467E-01  4.510258E-05  2.085773E-09  2.772977E-09  3.093837E-09  3.733643E-09  3.475387E-01  4.037556E-04  1.515356E-06  4.124667E-01  2.350989E-03  4.177041E-05  2.526224E-06  2.229158E-03  2.318375E-07  8.608904E-07  6.175938E-08  6.837789E-02  1.051735E-05  2.066523E-07  1.755982E-07  7.892163E-04  1.072871E-03  1.163695E-05  3.482654E-06  4.480600E-06  1.465140E-06
 3.181500E+02  1.650929E-01  4.476981E-05  2.031628E-09  2.701667E-09  3.014439E-09  3.638681E-09  3.475784E-01  3.968378E-04  1.429501E-06  4.129477E-01  2.315930E-03  3.955600E-05  2.462053E-06  2.194045E-03  2.209714E-07  8.225357E-07  5.962860E-08  6.752158E-02  1.007734E-05  2.007053E-07  1.704355E-07  7.768443E-04  1.056045E-03  1.101007E-05  3.290644E-06  4.234917E-06  1.399512E-06
 3.191500E+02  1.655317E-01  4.443951E-05  1.979103E-09  2.632471E-09  2.937391E-09  3.546506E-09  3.476172E-01  3.900876E-04  1.349046E-06  4.134203E-01  2.281584E-03  3.747121E-05  2.399885E-06  2.159671E-03  2.106789E-07  7.861185E-07  5.758262E-08  6.667955E-02  9.658093E-06  1.949578E-07  1.654493E-07  7.647442E-04  1.039590E-03  1.042059E-05  3.110376E-06  4.004187E-06  1.337194E-06
 3.201500E+02  1.659630E-01  4.411171E-05  1.928146E-09  2.565322E-09  2.862618E-09  3.457032E-09  3.476552E-01  3.835000E-04  1.273621E-06  4.138847E-01  2.247933E-03  3.550779E-05  2.339648E-06  2.126020E-03  2.009268E-07  7.515307E-07  5.561771E-08  6.585154E-02  9.258520E-06  1.894023E-07  1.606329E-07  7.529089E-04  1.023495E-03  9.866072E-06  2.941068E-06  3.787417E-06  1.278001E-06
 3.211500E+02  1.663871E-01  4.378646E-05  1.878707E-09  2.500157E-09  2.790050E-09  3.370173E-09  3.476923E-01  3.770701E-04  1.202883E-06  4.143411E-01  2.214961E-03  3.365807E-05  2.281274E-06  2.093073E-03  1.916838E-07  7.186708E-07  5.373030E-08  6.503732E-02  8.877611E-06  1.840319E-07  1.559800E-07  7.413311E-04  1.007751E-03  9.344254E-06  2.781990E-06  3.583686E-06  1.221762E-06
 3.221500E+02  1.668040E-01  4.346377E-05  1.830738E-09  2.436913E-09  2.719616E-09  3.285849E-09  3.477285E-01  3.707934E-04  1.136513E-06  4.147896E-01  2.182651E-03  3.191490E-05  2.224696E-06  2.060813E-03  1.829206E-07  6.874431E-07  5.191701E-08  6.423665E-02  8.514407E-06  1.788396E-07  1.514844E-07  7.300042E-04  9.923493E-04  8.853037E-06  2.632470E-06  3.392135E-06  1.168314E-06
 3.231500E+02  1.672140E-01  4.314368E-05  1.784193E-09  2.375529E-09  2.651250E-09  3.203980E-09  3.477640E-01  3.646652E-04  1.074216E-06  4.152304E-01  2.150988E-03  3.027159E-05  2.169850E-06  2.029225E-03  1.746098E-07  6.577580E-07  5.017460E-08  6.344929E-02  8.168003E-06  1.738191E-07  1.471403E-07  7.189216E-04  9.772801E-04  8.390464E-06  2.491879E-06  3.211970E-06  1.117505E-06
 3.241500E+02  1.676170E-01  4.282621E-05  1.739024E-09  2.315946E-09  2.584887E-09  3.124490E-09  3.477987E-01  3.586814E-04  1.015719E-06  4.156636E-01  2.119957E-03  2.872192E-05  2.116676E-06  1.998291E-03  1.667257E-07  6.295312E-07  4.850001E-08  6.267500E-02  7.837545E-06  1.689640E-07  1.429420E-07  7.080767E-04  9.625350E-04  7.954714E-06  2.359635E-06  3.042451E-06  1.069192E-06
 3.251500E+02  1.680134E-01  4.251138E-05  1.695190E-09  2.258108E-09  2.520463E-09  3.047304E-09  3.478326E-01  3.528376E-04  9.607679E-07  4.160894E-01  2.089543E-03  2.726008E-05  2.065114E-06  1.967996E-03  1.592440E-07  6.026832E-07  4.689029E-08  6.191355E-02  7.522224E-06  1.642683E-07  1.388842E-07  6.974635E-04  9.481054E-04  7.544090E-06  2.235197E-06  2.882890E-06  1.023239E-06
 3.261500E+02  1.684031E-01  4.219921E-05  1.652647E-09  2.201959E-09  2.457917E-09  2.972351E-09  3.478658E-01  3.471298E-04  9.091282E-07  4.165079E-01  2.059730E-03  2.588067E-05  2.015110E-06  1.938325E-03  1.521421E-07  5.771395E-07  4.534265E-08  6.116472E-02  7.221277E-06  1.597262E-07  1.349616E-07  6.870759E-04  9.339830E-04  7.157010E-06  2.118060E-06  2.732647E-06  9.795192E-07
 3.271500E+02  1.687862E-01  4.188971E-05  1.611354E-09  2.147446E-09  2.397191E-09  2.899560E-09  3.478983E-01  3.415541E-04  8.605812E-07  4.169192E-01  2.030506E-03  2.457860E-05  1.966607E-06  1.909263E-03  1.453987E-07  5.528298E-07  4.385443E-08  6.042829E-02  6.933981E-06  1.553321E-07  1.311692E-07  6.769079E-04  9.201600E-04  6.792001E-06  2.007757E-06  2.591127E-06  9.379133E-07
 3.281500E+02  1.691630E-01  4.158291E-05  1.571271E-09  2.094518E-09  2.338226E-09  2.828865E-09  3.479301E-01  3.361068E-04  8.149241E-07  4.173235E-01  2.001856E-03  2.334917E-05  1.919555E-06  1.880794E-03  1.389939E-07  5.296879E-07  4.242309E-08  5.970402E-02  6.659655E-06  1.510807E-07  1.275022E-07  6.669541E-04  9.066284E-04  6.447689E-06  1.903852E-06  2.457776E-06  8.983085E-07
 3.291500E+02  1.695336E-01  4.127881E-05  1.532360E-09  2.043124E-09  2.280968E-09  2.760200E-09  3.479612E-01  3.307841E-04  7.719684E-07  4.177209E-01  1.973767E-03  2.218796E-05  1.873903E-06  1.852906E-03  1.329088E-07  5.076517E-07  4.104619E-08  5.899172E-02  6.397652E-06  1.469669E-07  1.239560E-07  6.572088E-04  8.933809E-04  6.122791E-06  1.805937E-06  2.332077E-06  8.605985E-07
 3.301500E+02  1.698979E-01  4.097742E-05  1.494584E-09  1.993216E-09  2.225363E-09  2.693501E-09  3.479916E-01  3.255826E-04  7.315391E-07  4.181116E-01  1.946226E-03  2.109083E-05  1.829603E-06  1.825584E-03  1.271258E-07  4.866624E-07  3.972144E-08  5.829116E-02  6.147361E-06  1.429856E-07  1.205263E-07  6.476668E-04  8.804101E-04  5.816112E-06  1.713636E-06  2.213550E-06  8.246832E-07
 3.311500E+02  1.702562E-01  4.067875E-05  1.457906E-09  1.944748E-09  2.171358E-09  2.628707E-09  3.480214E-01  3.204988E-04  6.934733E-07  4.184956E-01  1.919220E-03  2.005394E-05  1.786609E-06  1.798815E-03  1.216283E-07  4.666648E-07  3.844663E-08  5.760212E-02  5.908204E-06  1.391321E-07  1.172087E-07  6.383228E-04  8.677090E-04  5.526534E-06  1.626596E-06  2.101746E-06  7.904682E-07
 3.321500E+02  1.706086E-01  4.038280E-05  1.422292E-09  1.897675E-09  2.118905E-09  2.565760E-09  3.480505E-01  3.155294E-04  6.576195E-07  4.188732E-01  1.892736E-03  1.907367E-05  1.744877E-06  1.772586E-03  1.164007E-07  4.476070E-07  3.721965E-08  5.692442E-02  5.679634E-06  1.354019E-07  1.139991E-07  6.291718E-04  8.552706E-04  5.253015E-06  1.544488E-06  1.996247E-06  7.578647E-07
 3.331500E+02  1.709551E-01  4.008958E-05  1.387708E-09  1.851951E-09  2.067953E-09  2.504601E-09  3.480791E-01  3.106712E-04  6.238366E-07  4.192444E-01  1.866764E-03  1.814666E-05  1.704363E-06  1.746883E-03  1.114284E-07  4.294397E-07  3.603849E-08  5.625783E-02  5.461133E-06  1.317905E-07  1.108937E-07  6.202090E-04  8.430884E-04  4.994580E-06  1.467006E-06  1.896664E-06  7.267888E-07
 3.341500E+02  1.712959E-01  3.979909E-05  1.354121E-09  1.807535E-09  2.018456E-09  2.445175E-09  3.481070E-01  3.059212E-04  5.919936E-07  4.196094E-01  1.841290E-03  1.726974E-05  1.665026E-06  1.721695E-03  1.066976E-07  4.121167E-07  3.490125E-08  5.560216E-02  5.252210E-06  1.282938E-07  1.078887E-07  6.114296E-04  8.311558E-04  4.750320E-06  1.393865E-06  1.802632E-06  6.971611E-07
 3.351500E+02  1.716311E-01  3.951133E-05  1.321501E-09  1.764387E-09  1.970369E-09  2.387429E-09  3.481344E-01  3.012763E-04  5.619682E-07  4.199682E-01  1.816304E-03  1.643995E-05  1.626826E-06  1.697009E-03  1.021952E-07  3.955943E-07  3.380610E-08  5.495722E-02  5.052402E-06  1.249076E-07  1.049803E-07  6.028290E-04  8.194666E-04  4.519384E-06  1.324798E-06  1.713813E-06  6.689072E-07
 3.361500E+02  1.719608E-01  3.922630E-05  1.289815E-09  1.722465E-09  1.923646E-09  2.331309E-09  3.481612E-01  2.967337E-04  5.336464E-07  4.203210E-01  1.791794E-03  1.565454E-05  1.589726E-06  1.672814E-03  9.790904E-08  3.798314E-07  3.275128E-08  5.432281E-02  4.861266E-06  1.216280E-07  1.021653E-07  5.944027E-04  8.080147E-04  4.300975E-06  1.259556E-06  1.629889E-06  6.419565E-07
 3.371500E+02  1.722851E-01  3.894399E-05  1.259035E-09  1.681733E-09  1.878247E-09  2.276766E-09  3.481875E-01  2.922906E-04  5.069221E-07  4.206679E-01  1.767749E-03  1.491090E-05  1.553689E-06  1.649098E-03  9.382761E-08  3.647891E-07  3.173513E-08  5.369873E-02  4.678388E-06  1.184513E-07  9.944009E-08  5.861464E-04  7.967942E-04  4.094350E-06  1.197907E-06  1.550565E-06  6.162423E-07
 3.381500E+02  1.726040E-01  3.866440E-05  1.229132E-09  1.642152E-09  1.834129E-09  2.223751E-09  3.482132E-01  2.879442E-04  4.816964E-07  4.210090E-01  1.744160E-03  1.420661E-05  1.518680E-06  1.625850E-03  8.994006E-08  3.504307E-07  3.075607E-08  5.308480E-02  4.503371E-06  1.153739E-07  9.680159E-08  5.780560E-04  7.857993E-04  3.898811E-06  1.139633E-06  1.475563E-06  5.917019E-07
 3.391500E+02  1.729177E-01  3.838752E-05  1.200079E-09  1.603686E-09  1.791252E-09  2.172217E-09  3.482384E-01  2.836920E-04  4.578768E-07  4.213445E-01  1.721015E-03  1.353939E-05  1.484663E-06  1.603059E-03  8.623616E-08  3.367214E-07  2.981257E-08  5.248084E-02  4.335841E-06  1.123922E-07  9.424669E-08  5.701272E-04  7.750245E-04  3.713707E-06  1.084532E-06  1.404624E-06  5.682758E-07
 3.401500E+02  1.732263E-01  3.811335E-05  1.171849E-09  1.566302E-09  1.749578E-09  2.122117E-09  3.482630E-01  2.795313E-04  4.353774E-07  4.216744E-01  1.698304E-03  1.290712E-05  1.451607E-06  1.580714E-03  8.270629E-08  3.236287E-07  2.890318E-08  5.188667E-02  4.175442E-06  1.095030E-07  9.177240E-08  5.623562E-04  7.644643E-04  3.538428E-06  1.032414E-06  1.337507E-06  5.459080E-07
 3.411500E+02  1.735299E-01  3.784188E-05  1.144416E-09  1.529965E-09  1.709069E-09  2.073408E-09  3.482872E-01  2.754598E-04  4.141175E-07  4.219989E-01  1.676019E-03  1.230777E-05  1.419481E-06  1.558805E-03  7.934137E-08  3.111216E-07  2.802652E-08  5.130210E-02  4.021838E-06  1.067029E-07  8.937587E-08  5.547390E-04  7.541135E-04  3.372401E-06  9.831016E-07  1.273986E-06  5.245453E-07
 3.421500E+02  1.738285E-01  3.757310E-05  1.117755E-09  1.494642E-09  1.669690E-09  2.026047E-09  3.483109E-01  2.714751E-04  3.940221E-07  4.223179E-01  1.654148E-03  1.173949E-05  1.388253E-06  1.537322E-03  7.613283E-08  2.991707E-07  2.718126E-08  5.072697E-02  3.874709E-06  1.039890E-07  8.705434E-08  5.472720E-04  7.439669E-04  3.215090E-06  9.364291E-07  1.213849E-06  5.041378E-07
 3.431500E+02  1.741223E-01  3.730700E-05  1.091842E-09  1.460303E-09  1.631406E-09  1.979993E-09  3.483341E-01  2.675748E-04  3.750211E-07  4.226318E-01  1.632684E-03  1.120050E-05  1.357894E-06  1.516255E-03  7.307260E-08  2.877486E-07  2.636613E-08  5.016110E-02  3.733752E-06  1.013582E-07  8.480518E-08  5.399515E-04  7.340197E-04  3.065995E-06  8.922408E-07  1.156897E-06  4.846378E-07
 3.441500E+02  1.744114E-01  3.704356E-05  1.066653E-09  1.426917E-09  1.594181E-09  1.935205E-09  3.483569E-01  2.637568E-04  3.570488E-07  4.229405E-01  1.611616E-03  1.068916E-05  1.328376E-06  1.495594E-03  7.015305E-08  2.768291E-07  2.557993E-08  4.960432E-02  3.598680E-06  9.880757E-08  8.262583E-08  5.327739E-04  7.242669E-04  2.924642E-06  8.503916E-07  1.102945E-06  4.660007E-07
 3.451500E+02  1.746958E-01  3.678278E-05  1.042167E-09  1.394455E-09  1.557985E-09  1.891644E-09  3.483792E-01  2.600188E-04  3.400439E-07  4.232441E-01  1.590936E-03  1.020390E-05  1.299672E-06  1.475331E-03  6.736699E-08  2.663875E-07  2.482149E-08  4.905646E-02  3.469218E-06  9.633447E-08  8.051386E-08  5.257359E-04  7.147038E-04  2.790592E-06  8.107452E-07  1.051819E-06  4.481840E-07
 3.461500E+02  1.749756E-01  3.652465E-05  1.018361E-09  1.362887E-09  1.522785E-09  1.849274E-09  3.484011E-01  2.563588E-04  3.239492E-07  4.235428E-01  1.570636E-03  9.743272E-06  1.271757E-06  1.455456E-03  6.470763E-08  2.564003E-07  2.408971E-08  4.851737E-02  3.345108E-06  9.393618E-08  7.846691E-08  5.188340E-04  7.053260E-04  2.663429E-06  7.731741E-07  1.003356E-06  4.311474E-07
 3.471500E+02  1.752509E-01  3.626914E-05  9.952141E-10  1.332186E-09  1.488550E-09  1.808058E-09  3.484225E-01  2.527747E-04  3.087108E-07  4.238366E-01  1.550707E-03  9.305905E-06  1.244603E-06  1.435960E-03  6.216855E-08  2.468455E-07  2.338353E-08  4.798688E-02  3.226103E-06  9.161016E-08  7.648272E-08  5.120650E-04  6.961290E-04  2.542765E-06  7.375587E-07  9.574036E-07  4.148531E-07
 3.481500E+02  1.755217E-01  3.601624E-05  9.727059E-10  1.302326E-09  1.455251E-09  1.767960E-09  3.484435E-01  2.492646E-04  2.942787E-07  4.241256E-01  1.531140E-03  8.890509E-06  1.218188E-06  1.416834E-03  5.974369E-08  2.377021E-07  2.270194E-08  4.746484E-02  3.111970E-06  8.935393E-08  7.455911E-08  5.054258E-04  6.871084E-04  2.428234E-06  7.037869E-07  9.138181E-07  3.992650E-07
 3.491500E+02  1.757883E-01  3.576594E-05  9.508166E-10  1.273282E-09  1.422860E-09  1.728947E-09  3.484641E-01  2.458266E-04  2.806057E-07  4.244100E-01  1.511929E-03  8.495874E-06  1.192488E-06  1.398071E-03  5.742734E-08  2.289504E-07  2.204398E-08  4.695109E-02  3.002486E-06  8.716512E-08  7.269400E-08  4.989132E-04  6.782602E-04  2.319495E-06  6.717536E-07  8.724653E-07  3.843491E-07
 3.501500E+02  1.760506E-01  3.551823E-05  9.295273E-10  1.245027E-09  1.391348E-09  1.690985E-09  3.484844E-01  2.424588E-04  2.676479E-07  4.246898E-01  1.493064E-03  8.120860E-06  1.167479E-06  1.379661E-03  5.521407E-08  2.205714E-07  2.140871E-08  4.644549E-02  2.897441E-06  8.504144E-08  7.088535E-08  4.925244E-04  6.695801E-04  2.216224E-06  6.413604E-07  8.332193E-07  3.700730E-07
 3.511500E+02  1.763087E-01  3.527308E-05  9.088193E-10  1.217538E-09  1.360689E-09  1.654044E-09  3.485042E-01  2.391594E-04  2.553640E-07  4.249650E-01  1.474539E-03  7.764398E-06  1.143141E-06  1.361597E-03  5.309877E-08  2.125475E-07  2.079526E-08  4.594787E-02  2.796634E-06  8.298071E-08  6.913124E-08  4.862563E-04  6.610643E-04  2.118119E-06  6.125145E-07  7.959615E-07  3.564062E-07
 3.521500E+02  1.765628E-01  3.503047E-05  8.886750E-10  1.190791E-09  1.330856E-09  1.618091E-09  3.485236E-01  2.359267E-04  2.437154E-07  4.252359E-01  1.456346E-03  7.425479E-06  1.119452E-06  1.343872E-03  5.107661E-08  2.048617E-07  2.020276E-08  4.545811E-02  2.699873E-06  8.098078E-08  6.742980E-08  4.801062E-04  6.527090E-04  2.024895E-06  5.851293E-07  7.605811E-07  3.433198E-07
 3.531500E+02  1.768128E-01  3.479040E-05  8.690769E-10  1.164765E-09  1.301826E-09  1.583098E-09  3.485427E-01  2.327589E-04  2.326658E-07  4.255024E-01  1.438478E-03  7.103155E-06  1.096392E-06  1.326477E-03  4.914300E-08  1.974981E-07  1.963042E-08  4.497605E-02  2.606979E-06  7.903964E-08  6.577923E-08  4.740714E-04  6.445103E-04  1.936287E-06  5.591231E-07  7.269735E-07  3.307861E-07
 3.541500E+02  1.770588E-01  3.455284E-05  8.500085E-10  1.139436E-09  1.273573E-09  1.549035E-09  3.485614E-01  2.296546E-04  2.221811E-07  4.257646E-01  1.420928E-03  6.796532E-06  1.073942E-06  1.309405E-03  4.729363E-08  1.904415E-07  1.907745E-08  4.450155E-02  2.517777E-06  7.715530E-08  6.417781E-08  4.681491E-04  6.364646E-04  1.852040E-06  5.344194E-07  6.950408E-07  3.187792E-07
 3.551500E+02  1.773010E-01  3.431777E-05  8.314535E-10  1.114785E-09  1.246073E-09  1.515875E-09  3.485798E-01  2.266120E-04  2.122295E-07  4.260227E-01  1.403688E-03  6.504771E-06  1.052082E-06  1.292649E-03  4.552438E-08  1.836776E-07  1.854311E-08  4.403448E-02  2.432105E-06  7.532588E-08  6.262386E-08  4.623367E-04  6.285684E-04  1.771920E-06  5.109462E-07  6.646908E-07  3.072743E-07
 3.561500E+02  1.775394E-01  3.408517E-05  8.133964E-10  1.090790E-09  1.219305E-09  1.483591E-09  3.485978E-01  2.236297E-04  2.027810E-07  4.262767E-01  1.386753E-03  6.227078E-06  1.030794E-06  1.276202E-03  4.383139E-08  1.771927E-07  1.802669E-08  4.357470E-02  2.349805E-06  7.354955E-08  6.111578E-08  4.566318E-04  6.208183E-04  1.695704E-06  4.886358E-07  6.358368E-07  2.962481E-07
 3.571500E+02  1.777740E-01  3.385503E-05  7.958220E-10  1.067432E-09  1.193246E-09  1.452155E-09  3.486154E-01  2.207060E-04  1.938076E-07  4.265267E-01  1.370116E-03  5.962709E-06  1.010060E-06  1.260057E-03  4.221097E-08  1.709740E-07  1.752750E-08  4.312208E-02  2.270730E-06  7.182455E-08  5.965204E-08  4.510318E-04  6.132109E-04  1.623180E-06  4.674247E-07  6.083975E-07  2.856782E-07
 3.581500E+02  1.780050E-01  3.362733E-05  7.787157E-10  1.044691E-09  1.167875E-09  1.421544E-09  3.486328E-01  2.178397E-04  1.852829E-07  4.267727E-01  1.353770E-03  5.710959E-06  9.898649E-07  1.244208E-03  4.065965E-08  1.650091E-07  1.704489E-08  4.267649E-02  2.194739E-06  7.014919E-08  5.823114E-08  4.455344E-04  6.057428E-04  1.554154E-06  4.472530E-07  5.822962E-07  2.755436E-07
 3.591500E+02  1.782324E-01  3.340203E-05  7.620635E-10  1.022550E-09  1.143172E-09  1.391733E-09  3.486498E-01  2.150293E-04  1.771819E-07  4.270148E-01  1.337709E-03  5.471165E-06  9.701905E-07  1.228647E-03  3.917414E-08  1.592863E-07  1.657823E-08  4.223781E-02  2.121696E-06  6.852185E-08  5.685166E-08  4.401372E-04  5.984110E-04  1.488438E-06  4.280645E-07  5.574607E-07  2.658242E-07
 3.601500E+02  1.784563E-01  3.317913E-05  7.458516E-10  1.000989E-09  1.119115E-09  1.362697E-09  3.486665E-01  2.122733E-04  1.694815E-07  4.272531E-01  1.321927E-03  5.242703E-06  9.510216E-07  1.213368E-03  3.775130E-08  1.537947E-07  1.612693E-08  4.180589E-02  2.051474E-06  6.694093E-08  5.551221E-08  4.348379E-04  5.912124E-04  1.425856E-06  4.098062E-07  5.338233E-07  2.565010E-07
 3.611500E+02  1.786766E-01  3.295861E-05  7.300667E-10  9.799931E-10  1.095687E-09  1.334414E-09  3.486829E-01  2.095705E-04  1.621597E-07  4.274878E-01  1.306419E-03  5.024982E-06  9.323428E-07  1.198366E-03  3.638818E-08  1.485238E-07  1.569041E-08  4.138064E-02  1.983950E-06  6.540493E-08  5.421147E-08  4.296344E-04  5.841439E-04  1.366245E-06  3.924283E-07  5.113199E-07  2.475559E-07
 3.621500E+02  1.788936E-01  3.274044E-05  7.146962E-10  9.595438E-10  1.072869E-09  1.306862E-09  3.486990E-01  2.069197E-04  1.551959E-07  4.277187E-01  1.291178E-03  4.817446E-06  9.141393E-07  1.183634E-03  3.508197E-08  1.434635E-07  1.526812E-08  4.096191E-02  1.919009E-06  6.391239E-08  5.294816E-08  4.245246E-04  5.772027E-04  1.309449E-06  3.758838E-07  4.898903E-07  2.389718E-07
 3.631500E+02  1.791072E-01  3.252459E-05  6.997276E-10  9.396254E-10  1.050642E-09  1.280019E-09  3.487148E-01  2.043194E-04  1.485708E-07  4.279461E-01  1.276199E-03  4.619570E-06  8.963970E-07  1.169166E-03  3.383002E-08  1.386043E-07  1.485952E-08  4.054960E-02  1.856539E-06  6.246190E-08  5.172104E-08  4.195062E-04  5.703858E-04  1.255320E-06  3.601285E-07  4.694780E-07  2.307323E-07
 3.641500E+02  1.793176E-01  3.231106E-05  6.851490E-10  9.202222E-10  1.028988E-09  1.253864E-09  3.487304E-01  2.017686E-04  1.422661E-07  4.281699E-01  1.261476E-03  4.430859E-06  8.791020E-07  1.154957E-03  3.262978E-08  1.339373E-07  1.446412E-08  4.014359E-02  1.796435E-06  6.105209E-08  5.052893E-08  4.145773E-04  5.636905E-04  1.203720E-06  3.451209E-07  4.500293E-07  2.228219E-07
 3.651500E+02  1.795247E-01  3.209982E-05  6.709487E-10  9.013189E-10  1.007892E-09  1.228378E-09  3.487456E-01  1.992661E-04  1.362646E-07  4.283903E-01  1.247004E-03  4.250843E-06  8.622410E-07  1.141001E-03  3.147887E-08  1.294540E-07  1.408142E-08  3.974377E-02  1.738597E-06  5.968166E-08  4.937068E-08  4.097358E-04  5.571141E-04  1.154519E-06  3.308215E-07  4.314940E-07  2.152260E-07
 3.661500E+02  1.797287E-01  3.189084E-05  6.571155E-10  8.829009E-10  9.873369E-10  1.203541E-09  3.487606E-01  1.968106E-04  1.305502E-07  4.286073E-01  1.232777E-03  4.079082E-06  8.458011E-07  1.127292E-03  3.037502E-08  1.251461E-07  1.371096E-08  3.935002E-02  1.682928E-06  5.834935E-08  4.824518E-08  4.049799E-04  5.506540E-04  1.107594E-06  3.171934E-07  4.138245E-07  2.079304E-07
 3.671500E+02  1.799295E-01  3.168411E-05  6.436387E-10  8.649538E-10  9.673064E-10  1.179333E-09  3.487753E-01  1.944011E-04  1.251076E-07  4.288209E-01  1.218792E-03  3.915157E-06  8.297700E-07  1.113826E-03  2.931606E-08  1.210059E-07  1.335229E-08  3.896224E-02  1.629338E-06  5.705393E-08  4.715138E-08  4.003077E-04  5.443075E-04  1.062827E-06  3.042017E-07  3.969759E-07  2.009219E-07
 3.681500E+02  1.801273E-01  3.147960E-05  6.305077E-10  8.474640E-10  9.477853E-10  1.155737E-09  3.487897E-01  1.920365E-04  1.199226E-07  4.290313E-01  1.205042E-03  3.758673E-06  8.141356E-07  1.100596E-03  2.829994E-08  1.170260E-07  1.300498E-08  3.858031E-02  1.577738E-06  5.579423E-08  4.608825E-08  3.957173E-04  5.380723E-04  1.020110E-06  2.918136E-07  3.809061E-07  1.941878E-07
 3.691500E+02  1.803222E-01  3.127730E-05  6.177123E-10  8.304181E-10  9.287589E-10  1.132735E-09  3.488039E-01  1.897157E-04  1.149816E-07  4.292384E-01  1.191522E-03  3.609259E-06  7.988862E-07  1.087598E-03  2.732473E-08  1.131995E-07  1.266863E-08  3.820414E-02  1.528046E-06  5.456912E-08  4.505480E-08  3.912070E-04  5.319458E-04  9.793375E-07  2.799978E-07  3.655751E-07  1.877160E-07
 3.701500E+02  1.805140E-01  3.107717E-05  6.052427E-10  8.138031E-10  9.102128E-10  1.110309E-09  3.488178E-01  1.874378E-04  1.102718E-07  4.294424E-01  1.178229E-03  3.466560E-06  7.840108E-07  1.074828E-03  2.638856E-08  1.095197E-07  1.234283E-08  3.783362E-02  1.480183E-06  5.337750E-08  4.405008E-08  3.867749E-04  5.259257E-04  9.404125E-07  2.687251E-07  3.509452E-07  1.814950E-07
 3.711500E+02  1.807030E-01  3.087921E-05  5.930894E-10  7.976066E-10  8.921331E-10  1.088444E-09  3.488315E-01  1.852017E-04  1.057813E-07  4.296434E-01  1.165157E-03  3.330244E-06  7.694983E-07  1.062279E-03  2.548968E-08  1.059802E-07  1.202720E-08  3.746865E-02  1.434073E-06  5.221831E-08  4.307316E-08  3.824194E-04  5.200097E-04  9.032421E-07  2.579678E-07  3.369809E-07  1.755140E-07
 3.721500E+02  1.808891E-01  3.068338E-05  5.812432E-10  7.818164E-10  8.745062E-10  1.067122E-09  3.488449E-01  1.830064E-04  1.014987E-07  4.298412E-01  1.152302E-03  3.199994E-06  7.553384E-07  1.049947E-03  2.462642E-08  1.025749E-07  1.172139E-08  3.710912E-02  1.389643E-06  5.109055E-08  4.212317E-08  3.781389E-04  5.141955E-04  8.677386E-07  2.476999E-07  3.236485E-07  1.697625E-07
 3.731500E+02  1.810725E-01  3.048966E-05  5.696951E-10  7.664209E-10  8.573192E-10  1.046330E-09  3.488581E-01  1.808510E-04  9.741336E-08  4.300361E-01  1.139660E-03  3.075513E-06  7.415209E-07  1.037829E-03  2.379720E-08  9.929820E-08  1.142504E-08  3.675495E-02  1.346824E-06  4.999321E-08  4.119923E-08  3.739318E-04  5.084810E-04  8.338193E-07  2.378965E-07  3.109163E-07  1.642306E-07
