#         T/K            c1          c2-1          c3-4          c3-5          c3-7          c3-9            m1          m2-1          m3-1            w1            w2          w3-1          w3-2          c1m1        c1m2-1        c1m2-7        c2m1-1        c1w1-2        c1w2-1        c2w1-1        c2w1-9        m1w1-1        m1w1-4        m1w2-1        m2w1-1        m2w1-3      c1m1w1-1
 2.731500E+02  1.511316E-01  7.435904E-05  9.686554E-09  1.271384E-08  1.414515E-08  1.686634E-08  4.919599E-01  2.002498E-03  8.797799E-05  2.506450E-01  2.120810E-03  1.825196E-04  2.560944E-06  7.652945E-03  5.921291E-06  1.942963E-05  6.072252E-07  8.987768E-02  4.179818E-05  6.785951E-07  5.958783E-07  1.638841E-03  2.230904E-03  1.180803E-04  8.391724E-05  1.062823E-04  1.509683E-05
 2.741500E+02  1.518983E-01  7.372471E-05  9.362541E-09  1.229272E-08  1.367765E-08  1.631404E-08  4.921467E-01  1.955055E-03  8.122053E-05  2.514310E-01  2.082976E-03  1.701793E-04  2.480590E-06  7.493008E-03  5.547377E-06  1.826166E-05  5.793498E-07  8.850869E-02  3.955723E-05  6.535587E-07  5.733987E-07  1.605597E-03  2.185512E-03  1.097912E-04  7.776368E-05  9.852796E-05  1.420723E-05
 2.751500E+02  1.526514E-01  7.309182E-05  9.050197E-09  1.188662E-08  1.322677E-08  1.578119E-08  4.923274E-01  1.909092E-03  7.502786E-05  2.522019E-01  2.045946E-03  1.587382E-04  2.403109E-06  7.337175E-03  5.199388E-06  1.717115E-05  5.528934E-07  8.716267E-02  3.744722E-05  6.295368E-07  5.518501E-07  1.573218E-03  2.141306E-03  1.021321E-04  7.210023E-05  9.138845E-05  1.337499E-05
 2.761500E+02  1.533910E-01  7.246067E-05  8.749101E-09  1.149499E-08  1.279193E-08  1.526712E-08  4.925023E-01  1.864557E-03  6.934924E-05  2.529580E-01  2.009702E-03  1.481265E-04  2.328390E-06  7.185332E-03  4.875382E-06  1.615253E-05  5.277782E-07  8.583936E-02  3.545996E-05  6.064864E-07  5.311922E-07  1.541678E-03  2.098252E-03  9.505179E-05  6.688500E-05  8.481144E-05  1.259613E-05
 2.771500E+02  1.541174E-01  7.183152E-05  8.458847E-09  1.111732E-08  1.237255E-08  1.477115E-08  4.926715E-01  1.821396E-03  6.413879E-05  2.536997E-01  1.974229E-03  1.382803E-04  2.256329E-06  7.037368E-03  4.573573E-06  1.520067E-05  5.039310E-07  8.453852E-02  3.358783E-05  5.843664E-07  5.113862E-07  1.510952E-03  2.056316E-03  8.850354E-05  6.207992E-05  7.874935E-05  1.186697E-05
 2.781500E+02  1.548307E-01  7.120465E-05  8.179041E-09  1.075311E-08  1.196809E-08  1.429265E-08  4.928353E-01  1.779559E-03  5.935496E-05  2.544271E-01  1.939510E-03  1.291406E-04  2.186824E-06  6.893176E-03  4.292316E-06  1.431082E-05  4.812826E-07  8.325989E-02  3.182370E-05  5.631372E-07  4.923953E-07  1.481017E-03  2.015464E-03  8.244452E-05  5.765034E-05  7.315886E-05  1.118410E-05
 2.791500E+02  1.555311E-01  7.058031E-05  7.909303E-09  1.040187E-08  1.157800E-08  1.383100E-08  4.929940E-01  1.738999E-03  5.496017E-05  2.551406E-01  1.905531E-03  1.206534E-04  2.119778E-06  6.752650E-03  4.030099E-06  1.347861E-05  4.597679E-07  8.200319E-02  3.016089E-05  5.427613E-07  4.741841E-07  1.451850E-03  1.975665E-03  7.683559E-05  5.356475E-05  6.800056E-05  1.054434E-05
 2.801500E+02  1.562188E-01  6.995873E-05  7.649265E-09  1.006315E-08  1.120177E-08  1.338560E-08  4.931477E-01  1.699668E-03  5.092035E-05  2.558405E-01  1.872274E-03  1.127690E-04  2.055097E-06  6.615688E-03  3.785525E-06  1.269996E-05  4.393256E-07  8.076816E-02  2.859317E-05  5.232025E-07  4.567189E-07  1.423428E-03  1.936888E-03  7.164092E-05  4.979443E-05  6.323850E-05  9.944768E-06
 2.811500E+02  1.568940E-01  6.934014E-05  7.398573E-09  9.736473E-09  1.083890E-08  1.295587E-08  4.932968E-01  1.661522E-03  4.720460E-05  2.565270E-01  1.839724E-03  1.054418E-04  1.992691E-06  6.482192E-03  3.557309E-06  1.197115E-05  4.198978E-07  7.955452E-02  2.711472E-05  5.044262E-07  4.399672E-07  1.395729E-03  1.899102E-03  6.682770E-05  4.631322E-05  5.883995E-05  9.382658E-06
 2.821500E+02  1.575569E-01  6.872475E-05  7.156884E-09  9.421418E-09  1.048890E-08  1.254126E-08  4.934413E-01  1.624520E-03  4.378492E-05  2.572005E-01  1.807866E-03  9.862972E-05  1.932473E-06  6.352064E-03  3.344266E-06  1.128870E-05  4.014300E-07  7.836198E-02  2.572007E-05  4.863994E-07  4.238984E-07  1.368732E-03  1.862279E-03  6.236591E-05  4.309728E-05  5.477505E-05  8.855486E-06
 2.831500E+02  1.582078E-01  6.811275E-05  6.923868E-09  9.117560E-09  1.015132E-08  1.214122E-08  4.935815E-01  1.588619E-03  4.063587E-05  2.578611E-01  1.776685E-03  9.229404E-05  1.874360E-06  6.225211E-03  3.145303E-06  1.064940E-05  3.838709E-07  7.719025E-02  2.440413E-05  4.690903E-07  4.084827E-07  1.342417E-03  1.826390E-03  5.822801E-05  4.012485E-05  5.101656E-05  8.360905E-06
 2.841500E+02  1.588467E-01  6.750433E-05  6.699204E-09  8.824492E-09  9.825706E-09  1.175523E-08  4.937175E-01  1.553781E-03  3.773434E-05  2.585091E-01  1.746166E-03  8.639917E-05  1.818272E-06  6.101542E-03  2.959410E-06  1.005029E-05  3.671718E-07  7.603904E-02  2.316213E-05  4.524686E-07  3.936921E-07  1.316764E-03  1.791408E-03  5.438876E-05  3.737608E-05  4.753959E-05  7.896740E-06
 2.851500E+02  1.594739E-01  6.689967E-05  6.482585E-09  8.541819E-09  9.511613E-09  1.138277E-08  4.938495E-01  1.519968E-03  3.505936E-05  2.591448E-01  1.716295E-03  8.091232E-05  1.764132E-06  5.980968E-03  2.785656E-06  9.488620E-06  3.512871E-07  7.490807E-02  2.198959E-05  4.365053E-07  3.794995E-07  1.291754E-03  1.757306E-03  5.082502E-05  3.483285E-05  4.432142E-05  7.460968E-06
 2.861500E+02  1.600895E-01  6.629892E-05  6.273714E-09  8.269162E-09  9.208627E-09  1.102338E-08  4.939776E-01  1.487144E-03  3.259182E-05  2.597684E-01  1.687056E-03  7.580328E-05  1.711866E-06  5.863404E-03  2.623180E-06  8.961835E-06  3.361736E-07  7.379703E-02  2.088235E-05  4.211727E-07  3.658792E-07  1.267368E-03  1.724059E-03  4.751554E-05  3.247859E-05  4.134130E-05  7.051711E-06
 2.871500E+02  1.606939E-01  6.570225E-05  6.072303E-09  8.006154E-09  8.916340E-09  1.067656E-08  4.941021E-01  1.455274E-03  3.031436E-05  2.603801E-01  1.658437E-03  7.104420E-05  1.661403E-06  5.748765E-03  2.471187E-06  8.467578E-06  3.217906E-07  7.270563E-02  1.983648E-05  4.064442E-07  3.528066E-07  1.243588E-03  1.691642E-03  4.444083E-05  3.029818E-05  3.858023E-05  6.667224E-06
 2.881500E+02  1.612871E-01  6.510979E-05  5.878077E-09  7.752442E-09  8.634363E-09  1.034188E-08  4.942229E-01  1.424325E-03  2.821115E-05  2.609803E-01  1.630422E-03  6.660943E-05  1.612676E-06  5.636970E-03  2.328943E-06  8.003657E-06  3.080997E-07  7.163357E-02  1.884831E-05  3.922943E-07  3.402580E-07  1.220396E-03  1.660030E-03  4.158298E-05  2.827777E-05  3.602085E-05  6.305883E-06
 2.891500E+02  1.618693E-01  6.452166E-05  5.690769E-09  7.507684E-09  8.362318E-09  1.001888E-08  4.943404E-01  1.394265E-03  2.626780E-05  2.615691E-01  1.603000E-03  6.247529E-05  1.565619E-06  5.527940E-03  2.195768E-06  7.568043E-06  2.950646E-07  7.058056E-02  1.791443E-05  3.786988E-07  3.282111E-07  1.197776E-03  1.629201E-03  3.892555E-05  2.640469E-05  3.364725E-05  5.966179E-06
 2.901500E+02  1.624408E-01  6.393800E-05  5.510122E-09  7.271552E-09  8.099840E-09  9.707139E-09  4.944546E-01  1.365064E-03  2.447117E-05  2.621467E-01  1.576155E-03  5.861993E-05  1.520168E-06  5.421600E-03  2.071033E-06  7.158850E-06  2.826510E-07  6.954628E-02  1.703160E-05  3.656344E-07  3.166442E-07  1.175712E-03  1.599131E-03  3.645340E-05  2.466736E-05  3.144488E-05  5.646707E-06
 2.911500E+02  1.630017E-01  6.335891E-05  5.335888E-09  7.043728E-09  7.846579E-09  9.406257E-09  4.945655E-01  1.336691E-03  2.280927E-05  2.627134E-01  1.549876E-03  5.502321E-05  1.476264E-06  5.317873E-03  1.954155E-06  6.774329E-06  2.708266E-07  6.853045E-02  1.619681E-05  3.530788E-07  3.055369E-07  1.154186E-03  1.569800E-03  3.415263E-05  2.305515E-05  2.940040E-05  5.346161E-06
 2.921500E+02  1.635523E-01  6.278450E-05  5.167829E-09  6.823906E-09  7.602196E-09  9.115833E-09  4.946734E-01  1.309118E-03  2.127119E-05  2.632693E-01  1.524149E-03  5.166652E-05  1.433849E-06  5.216689E-03  1.844597E-06  6.412854E-06  2.595608E-07  6.753277E-02  1.540725E-05  3.410107E-07  2.948694E-07  1.133185E-03  1.541185E-03  3.201045E-05  2.155833E-05  2.750158E-05  5.063325E-06
 2.931500E+02  1.640926E-01  6.221485E-05  5.005715E-09  6.611791E-09  7.366364E-09  8.835488E-09  4.947784E-01  1.282318E-03  1.984693E-05  2.638148E-01  1.498963E-03  4.853267E-05  1.392866E-06  5.117976E-03  1.741859E-06  6.072916E-06  2.488249E-07  6.655294E-02  1.466026E-05  3.294098E-07  2.846231E-07  1.112693E-03  1.513266E-03  3.001508E-05  2.016798E-05  2.573721E-05  4.797065E-06
 2.941500E+02  1.646230E-01  6.165006E-05  4.849324E-09  6.407098E-09  7.138769E-09  8.564853E-09  4.948805E-01  1.256265E-03  1.852738E-05  2.643499E-01  1.474304E-03  4.560577E-05  1.353263E-06  5.021667E-03  1.645478E-06  5.753111E-06  2.385915E-07  6.559067E-02  1.395336E-05  3.182565E-07  2.747800E-07  1.092695E-03  1.486023E-03  2.815567E-05  1.887592E-05  2.409698E-05  4.546327E-06
 2.951500E+02  1.651435E-01  6.109019E-05  4.698443E-09  6.209555E-09  6.919107E-09  8.303575E-09  4.949798E-01  1.230934E-03  1.730420E-05  2.648750E-01  1.450160E-03  4.287115E-05  1.314988E-06  4.927695E-03  1.555025E-06  5.452136E-06  2.288349E-07  6.464565E-02  1.328422E-05  3.075322E-07  2.653230E-07  1.073177E-03  1.459438E-03  2.642224E-05  1.767463E-05  2.257146E-05  4.310127E-06
 2.961500E+02  1.656543E-01  6.053532E-05  4.552867E-09  6.018898E-09  6.707087E-09  8.051312E-09  4.950765E-01  1.206301E-03  1.616976E-05  2.653902E-01  1.426521E-03  4.031525E-05  1.277991E-06  4.835995E-03  1.470103E-06  5.168776E-06  2.195308E-07  6.371760E-02  1.265066E-05  2.972190E-07  2.562357E-07  1.054127E-03  1.433491E-03  2.480558E-05  1.655721E-05  2.115196E-05  4.087549E-06
 2.971500E+02  1.661557E-01  5.998551E-05  4.412397E-09  5.834871E-09  6.502427E-09  7.807736E-09  4.951706E-01  1.182341E-03  1.511710E-05  2.658957E-01  1.403374E-03  3.792550E-05  1.242226E-06  4.746506E-03  1.390343E-06  4.901903E-06  2.106562E-07  6.280623E-02  1.205062E-05  2.873000E-07  2.475023E-07  1.035530E-03  1.408164E-03  2.329721E-05  1.551734E-05  1.983052E-05  3.877738E-06
 2.981500E+02  1.666478E-01  5.944081E-05  4.276845E-09  5.657231E-09  6.304856E-09  7.572528E-09  4.952622E-01  1.159034E-03  1.413982E-05  2.663917E-01  1.380709E-03  3.569030E-05  1.207647E-06  4.659167E-03  1.315403E-06  4.650465E-06  2.021892E-07  6.191124E-02  1.148219E-05  2.777587E-07  2.391081E-07  1.017374E-03  1.383440E-03  2.188929E-05  1.454919E-05  1.859978E-05  3.679897E-06
 2.991500E+02  1.671308E-01  5.890127E-05  4.146026E-09  5.485741E-09  6.114112E-09  7.345384E-09  4.953514E-01  1.136357E-03  1.323206E-05  2.668783E-01  1.358513E-03  3.359888E-05  1.174209E-06  4.573919E-03  1.244964E-06  4.413484E-06  1.941094E-07  6.103236E-02  1.094355E-05  2.685796E-07  2.310386E-07  9.996476E-04  1.359301E-03  2.057461E-05  1.364740E-05  1.745302E-05  3.493283E-06
 3.001500E+02  1.676048E-01  5.836694E-05  4.019764E-09  5.320174E-09  5.929945E-09  7.126009E-09  4.954383E-01  1.114289E-03  1.238846E-05  2.673559E-01  1.336778E-03  3.164131E-05  1.141872E-06  4.490705E-03  1.178731E-06  4.190049E-06  1.863973E-07  6.016930E-02  1.043301E-05  2.597476E-07  2.232802E-07  9.823375E-04  1.335732E-03  1.934649E-05  1.280704E-05  1.638402E-05  3.317201E-06
 3.011500E+02  1.680700E-01  5.783784E-05  3.897889E-09  5.160313E-09  5.752112E-09  6.914119E-09  4.955229E-01  1.092811E-03  1.160409E-05  2.678245E-01  1.315491E-03  2.980836E-05  1.110595E-06  4.409468E-03  1.116429E-06  3.979310E-06  1.790344E-07  5.932178E-02  9.948982E-06  2.512486E-07  2.158199E-07  9.654326E-04  1.312717E-03  1.819877E-05  1.202359E-05  1.538707E-05  3.151004E-06
 3.021500E+02  1.685266E-01  5.731401E-05  3.780238E-09  5.005946E-09  5.580379E-09  6.709441E-09  4.956054E-01  1.071904E-03  1.087445E-05  2.682844E-01  1.294643E-03  2.809148E-05  1.080338E-06  4.330156E-03  1.057803E-06  3.780474E-06  1.720034E-07  5.848951E-02  9.489962E-06  2.430688E-07  2.086451E-07  9.489216E-04  1.290239E-03  1.712576E-05  1.129286E-05  1.445690E-05  2.994086E-06
 3.031500E+02  1.689748E-01  5.679547E-05  3.666654E-09  4.856871E-09  5.414523E-09  6.511713E-09  4.956858E-01  1.051549E-03  1.019539E-05  2.687356E-01  1.274223E-03  2.648275E-05  1.051065E-06  4.252716E-03  1.002616E-06  3.592805E-06  1.652877E-07  5.767223E-02  9.054548E-06  2.351952E-07  2.017440E-07  9.327937E-04  1.268285E-03  1.612221E-05  1.061101E-05  1.358867E-05  2.845883E-06
 3.041500E+02  1.694147E-01  5.628224E-05  3.556986E-09  4.712892E-09  5.254328E-09  6.320680E-09  4.957641E-01  1.031728E-03  9.563097E-06  2.691785E-01  1.254223E-03  2.497484E-05  1.022741E-06  4.177097E-03  9.506479E-07  3.415612E-06  1.588719E-07  5.686967E-02  8.641418E-06  2.276152E-07  1.951051E-07  9.170383E-04  1.246839E-03  1.518325E-05  9.974498E-06  1.277788E-05  2.705865E-06
 3.051500E+02  1.698464E-01  5.577433E-05  3.451089E-09  4.573824E-09  5.099584E-09  6.136100E-09  4.958405E-01  1.012424E-03  8.974070E-06  2.696131E-01  1.234632E-03  2.356093E-05  9.953295E-07  4.103250E-03  9.016919E-07  3.248253E-06  1.527411E-07  5.608155E-02  8.249330E-06  2.203168E-07  1.887175E-07  9.016452E-04  1.225888E-03  1.430439E-05  9.380046E-06  1.202043E-05  2.573540E-06
 3.061500E+02  1.702702E-01  5.527176E-05  3.348821E-09  4.439484E-09  4.950093E-09  5.957736E-09  4.959150E-01  9.936217E-04  8.425093E-06  2.700396E-01  1.215440E-03  2.223470E-05  9.687990E-07  4.031126E-03  8.555573E-07  3.090127E-06  1.468813E-07  5.530762E-02  7.877116E-06  2.132886E-07  1.825709E-07  8.866045E-04  1.205418E-03  1.348145E-05  8.824640E-06  1.131250E-05  2.448444E-06
 3.071500E+02  1.706862E-01  5.477453E-05  3.250050E-09  4.309698E-09  4.805662E-09  5.785363E-09  4.959876E-01  9.753038E-04  7.913203E-06  2.704583E-01  1.196640E-03  2.099028E-05  9.431172E-07  3.960681E-03  8.120658E-07  2.940675E-06  1.412793E-07  5.454760E-02  7.523678E-06  2.065196E-07  1.766551E-07  8.719066E-04  1.185416E-03  1.271059E-05  8.305497E-06  1.065057E-05  2.330148E-06
 3.081500E+02  1.710945E-01  5.428263E-05  3.154645E-09  4.184301E-09  4.666105E-09  5.618763E-09  4.960584E-01  9.574556E-04  7.435677E-06  2.708691E-01  1.178221E-03  1.982222E-05  9.182538E-07  3.891867E-03  7.710514E-07  2.799371E-06  1.359225E-07  5.380124E-02  7.187983E-06  1.999993E-07  1.709608E-07  8.575422E-04  1.165869E-03  1.198823E-05  7.820043E-06  1.003140E-05  2.218246E-06
 3.091500E+02  1.714953E-01  5.379608E-05  3.062481E-09  4.063131E-09  4.531244E-09  5.457727E-09  4.961275E-01  9.400623E-04  6.990002E-06  2.712724E-01  1.160175E-03  1.872547E-05  8.941794E-07  3.824642E-03  7.323594E-07  2.665728E-06  1.307992E-07  5.306829E-02  6.869058E-06  1.937177E-07  1.654788E-07  8.435023E-04  1.146764E-03  1.131107E-05  7.365906E-06  9.451979E-06  2.112360E-06
 3.101500E+02  1.718887E-01  5.331485E-05  2.973440E-09  3.946033E-09  4.400907E-09  5.302052E-09  4.961949E-01  9.231096E-04  6.573868E-06  2.716682E-01  1.142494E-03  1.769532E-05  8.708659E-07  3.758963E-03  6.958453E-07  2.539288E-06  1.258979E-07  5.234849E-02  6.565989E-06  1.876651E-07  1.602003E-07  8.297780E-04  1.128091E-03  1.067604E-05  6.940888E-06  8.909539E-06  2.012135E-06
 3.111500E+02  1.722749E-01  5.283895E-05  2.887406E-09  3.832858E-09  4.274929E-09  5.151545E-09  4.962607E-01  9.065841E-04  6.185141E-06  2.720567E-01  1.125170E-03  1.672740E-05  8.482860E-07  3.694788E-03  6.613746E-07  2.419622E-06  1.212081E-07  5.164160E-02  6.277913E-06  1.818323E-07  1.551172E-07  8.163610E-04  1.109836E-03  1.008029E-05  6.542961E-06  8.401510E-06  1.917242E-06
 3.121500E+02  1.726540E-01  5.236835E-05  2.804269E-09  3.723463E-09  4.153151E-09  5.006018E-09  4.963249E-01  8.904724E-04  5.821855E-06  2.724381E-01  1.108193E-03  1.581765E-05  8.264139E-07  3.632078E-03  6.288218E-07  2.306330E-06  1.167196E-07  5.094738E-02  6.004020E-06  1.762106E-07  1.502213E-07  8.032431E-04  1.091990E-03  9.521204E-06  6.170245E-06  7.925518E-06  1.827368E-06
 3.131500E+02  1.730262E-01  5.190304E-05  2.723921E-09  3.617710E-09  4.035421E-09  4.865292E-09  4.963875E-01  8.747620E-04  5.482197E-06  2.728125E-01  1.091556E-03  1.496228E-05  8.052244E-07  3.570793E-03  5.980695E-07  2.199039E-06  1.124229E-07  5.026557E-02  5.743545E-06  1.707915E-07  1.455051E-07  7.904161E-04  1.074540E-03  8.996318E-06  5.821005E-06  7.479364E-06  1.742223E-06
 3.141500E+02  1.733916E-01  5.144300E-05  2.646260E-09  3.515466E-09  3.921591E-09  4.729194E-09  4.964487E-01  8.594404E-04  5.164491E-06  2.731800E-01  1.075252E-03  1.415778E-05  7.846935E-07  3.510896E-03  5.690083E-07  2.097396E-06  1.083087E-07  4.959596E-02  5.495770E-06  1.655669E-07  1.409613E-07  7.778725E-04  1.057477E-03  8.503364E-06  5.493629E-06  7.061011E-06  1.661533E-06
 3.151500E+02  1.737503E-01  5.098821E-05  2.571189E-09  3.416604E-09  3.811519E-09  4.597557E-09  4.965084E-01  8.444959E-04  4.867191E-06  2.735408E-01  1.059273E-03  1.340087E-05  7.647981E-07  3.452350E-03  5.415359E-07  2.001073E-06  1.043686E-07  4.893830E-02  5.260015E-06  1.605292E-07  1.365828E-07  7.656046E-04  1.040790E-03  8.040233E-06  5.186629E-06  6.668572E-06  1.585044E-06
 3.161500E+02  1.741025E-01  5.053864E-05  2.498612E-09  3.321002E-09  3.705071E-09  4.470221E-09  4.965667E-01  8.299172E-04  4.588867E-06  2.738950E-01  1.043611E-03  1.268851E-05  7.455157E-07  3.395119E-03  5.155568E-07  1.909764E-06  1.005943E-07  4.829236E-02  5.035642E-06  1.556708E-07  1.323632E-07  7.536053E-04  1.024469E-03  7.604964E-06  4.898624E-06  6.300299E-06  1.512514E-06
 3.171500E+02  1.744482E-01  5.009427E-05  2.428438E-09  3.228541E-09  3.602114E-09  4.347031E-09  4.966237E-01  8.156932E-04  4.328197E-06  2.742427E-01  1.028260E-03  1.201785E-05  7.268252E-07  3.339169E-03  4.909816E-07  1.823179E-06  9.697810E-08  4.765793E-02  4.822049E-06  1.509847E-07  1.282959E-07  7.418674E-04  1.008504E-03  7.195736E-06  4.628332E-06  5.954570E-06  1.443719E-06
 3.181500E+02  1.747877E-01  4.965508E-05  2.360579E-09  3.139108E-09  3.502522E-09  4.227838E-09  4.966793E-01  8.018132E-04  4.083959E-06  2.745842E-01  1.013211E-03  1.138625E-05  7.087058E-07  3.284466E-03  4.677267E-07  1.741049E-06  9.351255E-08  4.703478E-02  4.618666E-06  1.464642E-07  1.243748E-07  7.303842E-04  9.928869E-04  6.810854E-06  4.374567E-06  5.629879E-06  1.378447E-06
 3.191500E+02  1.751211E-01  4.922102E-05  2.294952E-09  3.052593E-09  3.406175E-09  4.112501E-09  4.967337E-01  7.882671E-04  3.855023E-06  2.749194E-01  9.984592E-04  1.079125E-05  6.911377E-07  3.230978E-03  4.457140E-07  1.663119E-06  9.019069E-08  4.642268E-02  4.424958E-06  1.421026E-07  1.205942E-07  7.191488E-04  9.776074E-04  6.448745E-06  4.136228E-06  5.324831E-06  1.316500E-06
 3.201500E+02  1.754484E-01  4.879206E-05  2.231476E-09  2.968891E-09  3.312956E-09  4.000881E-09  4.967868E-01  7.750450E-04  3.640342E-06  2.752486E-01  9.839967E-04  1.023054E-05  6.741019E-07  3.178672E-03  4.248704E-07  1.589152E-06  8.700587E-08  4.582144E-02  4.240421E-06  1.378939E-07  1.169484E-07  7.081551E-04  9.626570E-04  6.107941E-06  3.912291E-06  5.038130E-06  1.257692E-06
 3.211500E+02  1.757698E-01  4.836817E-05  2.170072E-09  2.887902E-09  3.222753E-09  3.892846E-09  4.968387E-01  7.621374E-04  3.438945E-06  2.755718E-01  9.698174E-04  9.701981E-06  6.575800E-07  3.127518E-03  4.051274E-07  1.518925E-06  8.395178E-08  4.523083E-02  4.064575E-06  1.338320E-07  1.134321E-07  6.973965E-04  9.480273E-04  5.787078E-06  3.701808E-06  4.768571E-06  1.201847E-06
 3.221500E+02  1.760855E-01  4.794932E-05  2.110666E-09  2.809527E-09  3.135457E-09  3.788269E-09  4.968894E-01  7.495349E-04  3.249935E-06  2.758892E-01  9.559148E-04  9.203570E-06  6.415544E-07  3.077487E-03  3.864209E-07  1.452228E-06  8.102243E-08  4.465066E-02  3.896973E-06  1.299113E-07  1.100401E-07  6.868672E-04  9.337098E-04  5.484887E-06  3.503897E-06  4.515034E-06  1.148802E-06
 3.231500E+02  1.763954E-01  4.753547E-05  2.053186E-09  2.733674E-09  3.050965E-09  3.687027E-09  4.969389E-01  7.372288E-04  3.072479E-06  2.762009E-01  9.422826E-04  8.733442E-06  6.260081E-07  3.028548E-03  3.686909E-07  1.388865E-06  7.821212E-08  4.408071E-02  3.737187E-06  1.261262E-07  1.067676E-07  6.765611E-04  9.196966E-04  5.200183E-06  3.317737E-06  4.276481E-06  1.098401E-06
 3.241500E+02  1.766998E-01  4.712657E-05  1.997562E-09  2.660253E-09  2.969177E-09  3.589002E-09  4.969874E-01  7.252104E-04  2.905805E-06  2.765071E-01  9.289148E-04  8.289853E-06  6.109247E-07  2.980674E-03  3.518811E-07  1.328650E-06  7.551545E-08  4.352080E-02  3.584818E-06  1.224715E-07  1.036098E-07  6.664726E-04  9.059799E-04  4.931865E-06  3.142568E-06  4.051944E-06  1.050500E-06
 3.251500E+02  1.769988E-01  4.672259E-05  1.943728E-09  2.589177E-09  2.889997E-09  3.494080E-09  4.970348E-01  7.134714E-04  2.749195E-06  2.768077E-01  9.158054E-04  7.871175E-06  5.962886E-07  2.933837E-03  3.359387E-07  1.271412E-06  7.292727E-08  4.297071E-02  3.439486E-06  1.189422E-07  1.005622E-07  6.565962E-04  8.925519E-04  4.678904E-06  2.977679E-06  3.840522E-06  1.004961E-06
 3.261500E+02  1.772924E-01  4.632349E-05  1.891620E-09  2.520362E-09  2.813332E-09  3.402153E-09  4.970811E-01  7.020038E-04  2.601985E-06  2.771030E-01  9.029486E-04  7.475889E-06  5.820845E-07  2.888011E-03  3.208143E-07  1.216985E-06  7.044270E-08  4.243027E-02  3.300832E-06  1.155335E-07  9.762065E-08  6.469263E-04  8.794054E-04  4.440342E-06  2.822413E-06  3.641379E-06  9.616563E-07
 3.271500E+02  1.775808E-01  4.592922E-05  1.841176E-09  2.453729E-09  2.739094E-09  3.313115E-09  4.971264E-01  6.907999E-04  2.463558E-06  2.773930E-01  8.903389E-04  7.102572E-06  5.682979E-07  2.843170E-03  3.064615E-07  1.165217E-06  6.805709E-08  4.189928E-02  3.168520E-06  1.122407E-07  9.478089E-08  6.374579E-04  8.665332E-04  4.215286E-06  2.676155E-06  3.453734E-06  9.204650E-07
 3.281500E+02  1.778641E-01  4.553974E-05  1.792337E-09  2.389200E-09  2.667196E-09  3.226864E-09  4.971706E-01  6.798521E-04  2.333340E-06  2.776779E-01  8.779705E-04  6.749898E-06  5.549147E-07  2.799289E-03  2.928368E-07  1.115964E-06  6.576601E-08  4.137757E-02  3.042227E-06  1.090594E-07  9.203899E-08  6.281857E-04  8.539284E-04  4.002900E-06  2.538334E-06  3.276861E-06  8.812731E-07
 3.291500E+02  1.781423E-01  4.515500E-05  1.745046E-09  2.326701E-09  2.597557E-09  3.143304E-09  4.972140E-01  6.691532E-04  2.210797E-06  2.779577E-01  8.658382E-04  6.416624E-06  5.419215E-07  2.756343E-03  2.798993E-07  1.069089E-06  6.356528E-08  4.086494E-02  2.921654E-06  1.059855E-07  8.939120E-08  6.191050E-04  8.415842E-04  3.802408E-06  2.408418E-06  3.110084E-06  8.439733E-07
 3.301500E+02  1.784157E-01  4.477497E-05  1.699248E-09  2.266161E-09  2.530097E-09  3.062341E-09  4.972564E-01  6.586962E-04  2.095434E-06  2.782326E-01  8.539368E-04  6.101589E-06  5.293051E-07  2.714309E-03  2.676106E-07  1.024466E-06  6.145088E-08  4.036122E-02  2.806512E-06  1.030148E-07  8.683387E-08  6.102108E-04  8.294940E-04  3.613081E-06  2.285910E-06  2.952772E-06  8.084648E-07
 3.311500E+02  1.786842E-01  4.439959E-05  1.654890E-09  2.207512E-09  2.464740E-09  2.983883E-09  4.972978E-01  6.484743E-04  1.986790E-06  2.785027E-01  8.422610E-04  5.803705E-06  5.170532E-07  2.673163E-03  2.559348E-07  9.819735E-07  5.941901E-08  3.986623E-02  2.696533E-06  1.001434E-07  8.436353E-08  6.014985E-04  8.176516E-04  3.434240E-06  2.170349E-06  2.804337E-06  7.746524E-07
 3.321500E+02  1.789480E-01  4.402882E-05  1.611922E-09  2.150686E-09  2.401412E-09  2.907845E-09  4.973384E-01  6.384810E-04  1.884436E-06  2.787680E-01  8.308058E-04  5.521956E-06  5.051534E-07  2.632883E-03  2.448379E-07  9.414987E-07  5.746605E-08  3.937981E-02  2.591460E-06  9.736759E-08  8.197687E-08  5.929637E-04  8.060507E-04  3.265251E-06  2.061303E-06  2.664229E-06  7.424466E-07
 3.331500E+02  1.792071E-01  4.366261E-05  1.570295E-09  2.095621E-09  2.340043E-09  2.834143E-09  4.973781E-01  6.287099E-04  1.787972E-06  2.790286E-01  8.195664E-04  5.255389E-06  4.935944E-07  2.593448E-03  2.342882E-07  9.029350E-07  5.558856E-08  3.890178E-02  2.491051E-06  9.468380E-08  7.967068E-08  5.846018E-04  7.946853E-04  3.105521E-06  1.958369E-06  2.531938E-06  7.117628E-07
 3.341500E+02  1.794617E-01  4.330092E-05  1.529962E-09  2.042255E-09  2.280565E-09  2.762696E-09  4.974169E-01  6.191550E-04  1.697027E-06  2.792847E-01  8.085381E-04  5.003113E-06  4.823647E-07  2.554836E-03  2.242557E-07  8.661819E-07  5.378325E-08  3.843199E-02  2.395077E-06  9.208858E-08  7.744191E-08  5.764087E-04  7.835496E-04  2.954495E-06  1.861173E-06  2.406984E-06  6.825215E-07
 3.351500E+02  1.797119E-01  4.294370E-05  1.490878E-09  1.990529E-09  2.222911E-09  2.693426E-09  4.974550E-01  6.098102E-04  1.611255E-06  2.795364E-01  7.977161E-04  4.764292E-06  4.714537E-07  2.517027E-03  2.147124E-07  8.311447E-07  5.204699E-08  3.797026E-02  2.303322E-06  8.957864E-08  7.528764E-08  5.683802E-04  7.726380E-04  2.811655E-06  1.769364E-06  2.288923E-06  6.546476E-07
 3.361500E+02  1.799578E-01  4.259089E-05  1.452998E-09  1.940386E-09  2.167020E-09  2.626259E-09  4.974922E-01  6.006699E-04  1.530332E-06  2.797836E-01  7.870959E-04  4.538144E-06  4.608509E-07  2.480001E-03  2.056317E-07  7.977341E-07  5.037682E-08  3.751645E-02  2.215580E-06  8.715080E-08  7.320506E-08  5.605122E-04  7.619449E-04  2.676515E-06  1.682615E-06  2.177336E-06  6.280702E-07
 3.371500E+02  1.801993E-01  4.224246E-05  1.416282E-09  1.891773E-09  2.112830E-09  2.561123E-09  4.975287E-01  5.917285E-04  1.453957E-06  2.800266E-01  7.766730E-04  4.323934E-06  4.505463E-07  2.443738E-03  1.969888E-07  7.658658E-07  4.876989E-08  3.707039E-02  2.131656E-06  8.480203E-08  7.119146E-08  5.528009E-04  7.514650E-04  2.548620E-06  1.600620E-06  2.071835E-06  6.027224E-07
 3.381500E+02  1.804367E-01  4.189835E-05  1.380689E-09  1.844635E-09  2.060284E-09  2.497948E-09  4.975643E-01  5.829806E-04  1.381849E-06  2.802654E-01  7.664433E-04  4.120975E-06  4.405301E-07  2.408220E-03  1.887602E-07  7.354606E-07  4.722350E-08  3.663194E-02  2.051366E-06  8.252942E-08  6.924427E-08  5.452424E-04  7.411932E-04  2.427547E-06  1.523093E-06  1.972055E-06  5.785412E-07
 3.391500E+02  1.806700E-01  4.155851E-05  1.346180E-09  1.798924E-09  2.009324E-09  2.436669E-09  4.975993E-01  5.744209E-04  1.313748E-06  2.805001E-01  7.564023E-04  3.928621E-06  4.307931E-07  2.373427E-03  1.809239E-07  7.064434E-07  4.573508E-08  3.620094E-02  1.974536E-06  8.033017E-08  6.736101E-08  5.378330E-04  7.311242E-04  2.312895E-06  1.449767E-06  1.877656E-06  5.554671E-07
 3.401500E+02  1.808992E-01  4.122290E-05  1.312718E-09  1.754589E-09  1.959897E-09  2.377220E-09  4.976335E-01  5.660446E-04  1.249407E-06  2.807307E-01  7.465461E-04  3.746267E-06  4.213264E-07  2.339343E-03  1.734592E-07  6.787436E-07  4.430217E-08  3.577726E-02  1.901000E-06  7.820160E-08  6.553931E-08  5.305692E-04  7.212533E-04  2.204293E-06  1.380392E-06  1.788318E-06  5.334437E-07
 3.411500E+02  1.811246E-01  4.089147E-05  1.280268E-09  1.711584E-09  1.911950E-09  2.319539E-09  4.976670E-01  5.578466E-04  1.188599E-06  2.809574E-01  7.368705E-04  3.573344E-06  4.121211E-07  2.305950E-03  1.663463E-07  6.522942E-07  4.292244E-08  3.536074E-02  1.830602E-06  7.614114E-08  6.377689E-08  5.234475E-04  7.115757E-04  2.101390E-06  1.314734E-06  1.703744E-06  5.124180E-07
 3.421500E+02  1.813461E-01  4.056416E-05  1.248793E-09  1.669865E-09  1.865434E-09  2.263568E-09  4.976999E-01  5.498223E-04  1.131110E-06  2.811802E-01  7.273717E-04  3.409321E-06  4.031690E-07  2.273232E-03  1.595669E-07  6.270323E-07  4.159364E-08  3.495124E-02  1.763192E-06  7.414630E-08  6.207155E-08  5.164644E-04  7.020867E-04  2.003858E-06  1.252575E-06  1.623655E-06  4.923397E-07
 3.431500E+02  1.815638E-01  4.024094E-05  1.218262E-09  1.629386E-09  1.820300E-09  2.209248E-09  4.977320E-01  5.419670E-04  1.076741E-06  2.813993E-01  7.180458E-04  3.253695E-06  3.944620E-07  2.241170E-03  1.531036E-07  6.028982E-07  4.031366E-08  3.454864E-02  1.698630E-06  7.221473E-08  6.042121E-08  5.096166E-04  6.927819E-04  1.911391E-06  1.193710E-06  1.547788E-06  4.731614E-07
 3.441500E+02  1.817777E-01  3.992174E-05  1.188642E-09  1.590107E-09  1.776501E-09  2.156525E-09  4.977635E-01  5.342764E-04  1.025306E-06  2.816146E-01  7.088891E-04  3.105997E-06  3.859923E-07  2.209751E-03  1.469399E-07  5.798357E-07  3.908046E-08  3.415279E-02  1.636782E-06  7.034412E-08  5.882385E-08  5.029010E-04  6.836568E-04  1.823699E-06  1.137947E-06  1.475900E-06  4.548382E-07
 3.451500E+02  1.819881E-01  3.960653E-05  1.159902E-09  1.551987E-09  1.733992E-09  2.105345E-09  4.977944E-01  5.267460E-04  9.766306E-07  2.818262E-01  6.998980E-04  2.965784E-06  3.777524E-07  2.178958E-03  1.410604E-07  5.577915E-07  3.789211E-08  3.376356E-02  1.577521E-06  6.853231E-08  5.727753E-08  4.963143E-04  6.747072E-04  1.740512E-06  1.085107E-06  1.407761E-06  4.373278E-07
 3.461500E+02  1.821949E-01  3.929526E-05  1.132012E-09  1.514988E-09  1.692731E-09  2.055657E-09  4.978247E-01  5.193719E-04  9.305514E-07  2.820343E-01  6.910688E-04  2.832641E-06  3.697351E-07  2.148776E-03  1.354506E-07  5.367153E-07  3.674675E-08  3.338083E-02  1.520726E-06  6.677717E-08  5.578041E-08  4.898537E-04  6.659289E-04  1.661576E-06  1.035020E-06  1.343156E-06  4.205901E-07
 3.471500E+02  1.823982E-01  3.898786E-05  1.104944E-09  1.479070E-09  1.652675E-09  2.007411E-09  4.978543E-01  5.121499E-04  8.869162E-07  2.822389E-01  6.823981E-04  2.706178E-06  3.619335E-07  2.119191E-03  1.300966E-07  5.165595E-07  3.564262E-08  3.300446E-02  1.466284E-06  6.507670E-08  5.433069E-08  4.835160E-04  6.573179E-04  1.586652E-06  9.875286E-07  1.281882E-06  4.045869E-07
 3.481500E+02  1.825981E-01  3.868431E-05  1.078671E-09  1.444200E-09  1.613784E-09  1.960559E-09  4.978834E-01  5.050760E-04  8.455820E-07  2.824401E-01  6.738826E-04  2.586028E-06  3.543406E-07  2.090188E-03  1.249854E-07  4.972792E-07  3.457804E-08  3.263434E-02  1.414085E-06  6.342895E-08  5.292668E-08  4.772985E-04  6.488704E-04  1.515517E-06  9.424856E-07  1.223752E-06  3.892826E-07
 3.491500E+02  1.827947E-01  3.838455E-05  1.053165E-09  1.410341E-09  1.576021E-09  1.915056E-09  4.979119E-01  4.981466E-04  8.064152E-07  2.826379E-01  6.655188E-04  2.471845E-06  3.469502E-07  2.061753E-03  1.201047E-07  4.788316E-07  3.355140E-08  3.227034E-02  1.364028E-06  6.183206E-08  5.156672E-08  4.711982E-04  6.405823E-04  1.447959E-06  8.997515E-07  1.168586E-06  3.746430E-07
 3.501500E+02  1.829880E-01  3.808852E-05  1.028402E-09  1.377461E-09  1.539347E-09  1.870857E-09  4.979398E-01  4.913579E-04  7.692905E-07  2.828324E-01  6.573036E-04  2.363305E-06  3.397558E-07  2.033873E-03  1.154430E-07  4.611764E-07  3.256116E-08  3.191234E-02  1.316013E-06  6.028422E-08  5.024925E-08  4.652126E-04  6.324502E-04  1.383782E-06  8.591962E-07  1.116219E-06  3.606360E-07
 3.511500E+02  1.831780E-01  3.779620E-05  1.004356E-09  1.345527E-09  1.503726E-09  1.827919E-09  4.979672E-01  4.847063E-04  7.340904E-07  2.830236E-01  6.492337E-04  2.260101E-06  3.327514E-07  2.006535E-03  1.109893E-07  4.442756E-07  3.160586E-08  3.156023E-02  1.269947E-06  5.878373E-08  4.897274E-08  4.593390E-04  6.244703E-04  1.322798E-06  8.206972E-07  1.066495E-06  3.472311E-07
 3.521500E+02  1.833649E-01  3.750752E-05  9.810034E-10  1.314508E-09  1.469125E-09  1.786202E-09  4.979940E-01  4.781884E-04  7.007049E-07  2.832117E-01  6.413062E-04  2.161946E-06  3.259312E-07  1.979726E-03  1.067332E-07  4.280929E-07  3.068409E-08  3.121389E-02  1.225743E-06  5.732893E-08  4.773575E-08  4.535747E-04  6.166391E-04  1.264834E-06  7.841397E-07  1.019265E-06  3.343994E-07
 3.531500E+02  1.835487E-01  3.722244E-05  9.583218E-10  1.284374E-09  1.435509E-09  1.745665E-09  4.980204E-01  4.718009E-04  6.690307E-07  2.833967E-01  6.335180E-04  2.068569E-06  3.192896E-07  1.953433E-03  1.026649E-07  4.125941E-07  2.979451E-08  3.087322E-02  1.183317E-06  5.591822E-08  4.653687E-08  4.479173E-04  6.089532E-04  1.209725E-06  7.494157E-07  9.743924E-07  3.221136E-07
 3.541500E+02  1.837294E-01  3.694092E-05  9.362891E-10  1.255095E-09  1.402847E-09  1.706271E-09  4.980462E-01  4.655404E-04  6.389711E-07  2.835787E-01  6.258662E-04  1.979714E-06  3.128210E-07  1.927645E-03  9.877513E-08  3.977467E-07  2.893584E-08  3.053809E-02  1.142588E-06  5.455007E-08  4.537476E-08  4.423643E-04  6.014093E-04  1.157316E-06  7.164238E-07  9.317472E-07  3.103478E-07
 3.551500E+02  1.839072E-01  3.666290E-05  9.148838E-10  1.226645E-09  1.371108E-09  1.667982E-09  4.980715E-01  4.594038E-04  6.104351E-07  2.837577E-01  6.183479E-04  1.895142E-06  3.065202E-07  1.902350E-03  9.505520E-08  3.835200E-07  2.810687E-08  3.020841E-02  1.103480E-06  5.322301E-08  4.424814E-08  4.369134E-04  5.940042E-04  1.107461E-06  6.850688E-07  8.912072E-07  2.990773E-07
 3.561500E+02  1.840821E-01  3.638835E-05  8.940855E-10  1.198997E-09  1.340261E-09  1.630763E-09  4.980963E-01  4.533880E-04  5.833375E-07  2.839337E-01  6.109602E-04  1.814624E-06  3.003821E-07  1.877536E-03  9.149678E-08  3.698848E-07  2.730641E-08  2.988407E-02  1.065923E-06  5.193562E-08  4.315575E-08  4.315622E-04  5.867346E-04  1.060024E-06  6.552611E-07  8.526578E-07  2.882789E-07
 3.571500E+02  1.842541E-01  3.611721E-05  8.738745E-10  1.172123E-09  1.310277E-09  1.594580E-09  4.981207E-01  4.474901E-04  5.575981E-07  2.841069E-01  6.037006E-04  1.737948E-06  2.944018E-07  1.853192E-03  8.809203E-08  3.568135E-07  2.653335E-08  2.956497E-02  1.029845E-06  5.068655E-08  4.209642E-08  4.263084E-04  5.795976E-04  1.014875E-06  6.269164E-07  8.159911E-07  2.779304E-07
 3.581500E+02  1.844233E-01  3.584945E-05  8.542317E-10  1.146000E-09  1.281130E-09  1.559399E-09  4.981446E-01  4.417071E-04  5.331417E-07  2.842772E-01  5.965662E-04  1.664912E-06  2.885746E-07  1.829307E-03  8.483353E-08  3.442799E-07  2.578662E-08  2.925100E-02  9.951837E-07  4.947448E-08  4.106898E-08  4.211500E-04  5.725901E-04  9.718919E-07  5.999554E-07  7.811054E-07  2.680109E-07
 3.591500E+02  1.845898E-01  3.558502E-05  8.351388E-10  1.120603E-09  1.252792E-09  1.525188E-09  4.981681E-01  4.360362E-04  5.098977E-07  2.844448E-01  5.895545E-04  1.595326E-06  2.828959E-07  1.805871E-03  8.171423E-08  3.322590E-07  2.506520E-08  2.894207E-02  9.618752E-07  4.829816E-08  4.007234E-08  4.160847E-04  5.657093E-04  9.309611E-07  5.743035E-07  7.479052E-07  2.585005E-07
 3.601500E+02  1.847536E-01  3.532387E-05  8.165780E-10  1.095910E-09  1.225237E-09  1.491917E-09  4.981911E-01  4.304748E-04  4.877995E-07  2.846097E-01  5.826630E-04  1.529011E-06  2.773612E-07  1.782873E-03  7.872748E-08  3.207273E-07  2.436810E-08  2.863809E-02  9.298607E-07  4.715637E-08  3.910544E-08  4.111105E-04  5.589522E-04  8.919742E-07  5.498906E-07  7.163005E-07  2.493804E-07
 3.611500E+02  1.849147E-01  3.506595E-05  7.985322E-10  1.071897E-09  1.198441E-09  1.459555E-09  4.982137E-01  4.250201E-04  4.667846E-07  2.847719E-01  5.758891E-04  1.465797E-06  2.719662E-07  1.760303E-03  7.586696E-08  3.096623E-07  2.369438E-08  2.833895E-02  8.990839E-07  4.604794E-08  3.816725E-08  4.062253E-04  5.523161E-04  8.548294E-07  5.266504E-07  6.862065E-07  2.406325E-07
 3.621500E+02  1.850733E-01  3.481124E-05  7.809850E-10  1.048543E-09  1.172378E-09  1.428075E-09  4.982358E-01  4.196696E-04  4.467944E-07  2.849316E-01  5.692304E-04  1.405525E-06  2.667068E-07  1.738152E-03  7.312670E-08  2.990427E-07  2.304316E-08  2.804457E-02  8.694912E-07  4.497175E-08  3.725680E-08  4.014271E-04  5.457984E-04  8.194306E-07  5.045208E-07  6.575433E-07  2.322399E-07
 3.631500E+02  1.852293E-01  3.455968E-05  7.639206E-10  1.025827E-09  1.147027E-09  1.397448E-09  4.982576E-01  4.144208E-04  4.277735E-07  2.850887E-01  5.626846E-04  1.348044E-06  2.615791E-07  1.716411E-03  7.050103E-08  2.888485E-07  2.241357E-08  2.775485E-02  8.410314E-07  4.392673E-08  3.637315E-08  3.967142E-04  5.393964E-04  7.856872E-07  4.834430E-07  6.302357E-07  2.241863E-07
 3.641500E+02  1.853828E-01  3.431123E-05  7.473235E-10  1.003729E-09  1.122365E-09  1.367648E-09  4.982789E-01  4.092713E-04  4.096698E-07  2.852433E-01  5.562493E-04  1.293212E-06  2.565791E-07  1.695069E-03  6.798458E-08  2.790602E-07  2.180479E-08  2.746971E-02  8.136558E-07  4.291182E-08  3.551538E-08  3.920844E-04  5.331076E-04  7.535137E-07  4.633618E-07  6.042127E-07  2.164565E-07
 3.651500E+02  1.855338E-01  3.406585E-05  7.311790E-10  9.822293E-10  1.098370E-09  1.338648E-09  4.982999E-01  4.042187E-04  3.924344E-07  2.853954E-01  5.499223E-04  1.240895E-06  2.517031E-07  1.674117E-03  6.557223E-08  2.696598E-07  2.121602E-08  2.718906E-02  7.873181E-07  4.192604E-08  3.468263E-08  3.875362E-04  5.269294E-04  7.228294E-07  4.442250E-07  5.794074E-07  2.090359E-07
 3.661500E+02  1.856825E-01  3.382349E-05  7.154729E-10  9.613098E-10  1.075021E-09  1.310425E-09  4.983204E-01  3.992606E-04  3.760211E-07  2.855451E-01  5.437013E-04  1.190964E-06  2.469474E-07  1.653548E-03  6.325917E-08  2.606299E-07  2.064652E-08  2.691281E-02  7.619741E-07  4.096841E-08  3.387404E-08  3.830676E-04  5.208596E-04  6.935583E-07  4.259835E-07  5.557567E-07  2.019105E-07
 3.671500E+02  1.858288E-01  3.358413E-05  7.001912E-10  9.409520E-10  1.052298E-09  1.282954E-09  4.983407E-01  3.943950E-04  3.603865E-07  2.856925E-01  5.375843E-04  1.143301E-06  2.423087E-07  1.633352E-03  6.104080E-08  2.519539E-07  2.009557E-08  2.664089E-02  7.375816E-07  4.003800E-08  3.308882E-08  3.786769E-04  5.148956E-04  6.656283E-07  4.085908E-07  5.332012E-07  1.950671E-07
 3.681500E+02  1.859728E-01  3.334771E-05  6.853209E-10  9.211384E-10  1.030181E-09  1.256211E-09  4.983605E-01  3.896195E-04  3.454896E-07  2.858375E-01  5.315690E-04  1.097791E-06  2.377834E-07  1.613522E-03  5.891277E-08  2.436163E-07  1.956246E-08  2.637320E-02  7.141005E-07  3.913392E-08  3.232617E-08  3.743625E-04  5.090353E-04  6.389714E-07  3.920033E-07  5.116845E-07  1.884933E-07
 3.691500E+02  1.861146E-01  3.311419E-05  6.708490E-10  9.018522E-10  1.008652E-09  1.230175E-09  4.983800E-01  3.849322E-04  3.312918E-07  2.859803E-01  5.256535E-04  1.054327E-06  2.333684E-07  1.594048E-03  5.687093E-08  2.356021E-07  1.904654E-08  2.610968E-02  6.914925E-07  3.825531E-08  3.158536E-08  3.701227E-04  5.032763E-04  6.135236E-07  3.761797E-07  4.911536E-07  1.821772E-07
 3.701500E+02  1.862541E-01  3.288354E-05  6.567632E-10  8.830771E-10  9.876935E-10  1.204823E-09  4.983991E-01  3.803309E-04  3.177568E-07  2.861208E-01  5.198357E-04  1.012807E-06  2.290604E-07  1.574924E-03  5.491138E-08  2.278972E-07  1.854717E-08  2.585024E-02  6.697209E-07  3.740133E-08  3.086566E-08  3.659558E-04  4.976165E-04  5.892242E-07  3.610809E-07  4.715586E-07  1.761073E-07
 3.711500E+02  1.863914E-01  3.265572E-05  6.430515E-10  8.647973E-10  9.672867E-10  1.180135E-09  4.984179E-01  3.758137E-04  3.048502E-07  2.862592E-01  5.141136E-04  9.731364E-07  2.248565E-07  1.556141E-03  5.303037E-08  2.204880E-07  1.806374E-08  2.559480E-02  6.487511E-07  3.657119E-08  3.016637E-08  3.618604E-04  4.920538E-04  5.660157E-07  3.466702E-07  4.528519E-07  1.702728E-07
 3.721500E+02  1.865267E-01  3.243068E-05  6.297024E-10  8.469978E-10  9.474153E-10  1.156090E-09  4.984363E-01  3.713786E-04  2.925396E-07  2.863954E-01  5.084854E-04  9.352232E-07  2.207535E-07  1.537692E-03  5.122436E-08  2.133617E-07  1.759566E-08  2.534330E-02  6.285497E-07  3.576412E-08  2.948682E-08  3.578349E-04  4.865860E-04  5.438440E-07  3.329128E-07  4.349891E-07  1.646636E-07
 3.731500E+02  1.866598E-01  3.220840E-05  6.167047E-10  8.296637E-10  9.280628E-10  1.132670E-09  4.984545E-01  3.670238E-04  2.807944E-07  2.865295E-01  5.029491E-04  8.989816E-07  2.167487E-07  1.519570E-03  4.948999E-08  2.065061E-07  1.714237E-08  2.509565E-02  6.090850E-07  3.497937E-08  2.882638E-08  3.538779E-04  4.812112E-04  5.226577E-07  3.197759E-07  4.179278E-07  1.592698E-07
