#         T/K            c1          c2-1          c3-4          c3-5          c3-7          c3-9            m1          m2-1          m3-1            w1            w2          w3-1          w3-2          c1m1        c1m2-1        c1m2-7        c2m1-1        c1w1-2        c1w2-1        c2w1-1        c2w1-9        m1w1-1        m1w1-4        m1w2-1        m2w1-1        m2w1-3      c1m1w1-1
 2.731500E+02  2.343619E-01  1.923408E-04  4.179390E-08  5.485551E-08  6.103111E-08  7.277201E-08  1.469006E-01  1.920589E-04  2.710220E-06  3.794231E-01  5.227639E-03  7.325752E-04  1.027881E-05  3.811786E-03  9.472937E-07  3.108371E-06  5.044937E-07  2.269460E-01  1.718570E-04  2.858166E-06  2.509772E-06  7.968375E-04  1.084711E-03  9.348664E-05  1.310547E-05  1.659825E-05  1.224404E-05
 2.741500E+02  2.359214E-01  1.911165E-04  4.050881E-08  5.318680E-08  5.917896E-08  7.058580E-08  1.469669E-01  1.873549E-04  2.497774E-06  3.811029E-01  5.142656E-03  6.843679E-04  9.975575E-06  3.734666E-03  8.872879E-07  2.920903E-06  4.819558E-07  2.239134E-01  1.630046E-04  2.759621E-06  2.421149E-06  7.809824E-04  1.063060E-03  8.698649E-05  1.213844E-05  1.537961E-05  1.153413E-05
 2.751500E+02  2.374596E-01  1.898850E-04  3.926563E-08  5.157187E-08  5.738634E-08  6.846907E-08  1.470313E-01  1.828024E-04  2.303441E-06  3.827563E-01  5.059246E-03  6.395744E-04  9.682400E-06  3.659462E-03  8.314576E-07  2.745916E-06  4.605350E-07  2.209211E-01  1.546479E-04  2.664776E-06  2.335935E-06  7.655301E-04  1.041963E-03  8.097544E-05  1.124889E-05  1.425818E-05  1.086925E-05
 2.761500E+02  2.389765E-01  1.886470E-04  3.806301E-08  5.000901E-08  5.565136E-08  6.641967E-08  1.470938E-01  1.783958E-04  2.125561E-06  3.843837E-01  4.977387E-03  5.979378E-04  9.398941E-06  3.586122E-03  7.794886E-07  2.582508E-06  4.401715E-07  2.179692E-01  1.467575E-04  2.573487E-06  2.253993E-06  7.504694E-04  1.021403E-03  7.541418E-05  1.043016E-05  1.322564E-05  1.024634E-05
 2.771500E+02  2.404723E-01  1.874033E-04  3.689964E-08  4.849658E-08  5.397222E-08  6.443551E-08  1.471545E-01  1.741294E-04  1.962637E-06  3.859855E-01  4.897055E-03  5.592218E-04  9.124863E-06  3.514594E-03  7.310920E-07  2.429849E-06  4.208088E-07  2.150574E-01  1.393055E-04  2.485615E-06  2.175192E-06  7.357890E-04  1.001365E-03  7.026671E-05  9.676208E-06  1.227442E-05  9.662539E-06
 2.781500E+02  2.419470E-01  1.861548E-04  3.577426E-08  4.703297E-08  5.234715E-08  6.251454E-08  1.472135E-01  1.699980E-04  1.813316E-06  3.875620E-01  4.818224E-03  5.232084E-04  8.859840E-06  3.444830E-03  6.860021E-07  2.287170E-06  4.023937E-07  2.121857E-01  1.322660E-04  2.401027E-06  2.099408E-06  7.214781E-04  9.818342E-04  6.550010E-05  8.981528E-06  1.139765E-05  9.115206E-06
 2.791500E+02  2.434008E-01  1.849021E-04  3.468565E-08  4.561663E-08  5.077442E-08  6.065479E-08  1.472709E-01  1.659964E-04  1.676377E-06  3.891136E-01  4.740872E-03  4.896968E-04  8.603560E-06  3.376782E-03  6.439744E-07  2.153763E-06  3.848760E-07  2.093539E-01  1.256145E-04  2.319597E-06  2.026519E-06  7.075263E-04  9.627959E-04  6.108418E-05  8.341114E-06  1.058906E-05  8.601886E-06
 2.801500E+02  2.448337E-01  1.836459E-04  3.363260E-08  4.424605E-08  4.925238E-08  5.885435E-08  1.473267E-01  1.621200E-04  1.550714E-06  3.906407E-01  4.664972E-03  4.585020E-04  8.355717E-06  3.310403E-03  6.047834E-07  2.028973E-06  3.682084E-07  2.065617E-01  1.193283E-04  2.241201E-06  1.956410E-06  6.939234E-04  9.442361E-04  5.699133E-05  7.750412E-06  9.842957E-06  8.120301E-06
 2.811500E+02  2.462460E-01  1.823870E-04  3.261396E-08  4.291975E-08  4.777939E-08  5.711133E-08  1.473810E-01  1.583639E-04  1.435328E-06  3.921436E-01  4.590502E-03  4.294534E-04  8.116018E-06  3.245649E-03  5.682219E-07  1.912195E-06  3.523462E-07  2.038089E-01  1.133859E-04  2.165720E-06  1.888970E-06  6.806593E-04  9.261410E-04  5.319623E-05  7.205275E-06  9.154147E-06  7.668334E-06
 2.821500E+02  2.476378E-01  1.811261E-04  3.162861E-08  4.163633E-08  4.635390E-08  5.542394E-08  1.474338E-01  1.547238E-04  1.329313E-06  3.936227E-01  4.517436E-03  4.023934E-04  7.884179E-06  3.182474E-03  5.340985E-07  1.802870E-06  3.372471E-07  2.010954E-01  1.077671E-04  2.093043E-06  1.824093E-06  6.677246E-04  9.084974E-04  4.967565E-05  6.701921E-06  8.517895E-06  7.244021E-06
 2.831500E+02  2.490092E-01  1.798637E-04  3.067547E-08  4.039439E-08  4.497438E-08  5.379039E-08  1.474852E-01  1.511954E-04  1.231849E-06  3.950783E-01  4.445749E-03  3.771770E-04  7.659925E-06  3.120836E-03  5.022369E-07  1.700479E-06  3.228713E-07  1.984208E-01  1.024531E-04  2.023059E-06  1.761675E-06  6.551098E-04  8.912923E-04  4.640830E-05  6.236907E-06  7.929887E-06  6.845533E-06
 2.841500E+02  2.503605E-01  1.786005E-04  2.975347E-08  3.919260E-08  4.363934E-08  5.220899E-08  1.475352E-01  1.477746E-04  1.142193E-06  3.965107E-01  4.375418E-03  3.536701E-04  7.442991E-06  3.060695E-03  4.724744E-07  1.604545E-06  3.091812E-07  1.957849E-01  9.742619E-05  1.955664E-06  1.701620E-06  6.428060E-04  8.745132E-04  4.337464E-05  5.807088E-06  7.386183E-06  6.471174E-06
 2.851500E+02  2.516917E-01  1.773371E-04  2.886159E-08  3.802965E-08  4.234734E-08  5.067807E-08  1.475838E-01  1.444574E-04  1.059669E-06  3.979203E-01  4.306417E-03  3.317488E-04  7.233121E-06  3.002009E-03  4.446610E-07  1.514623E-06  2.961413E-07  1.931873E-01  9.266969E-05  1.890757E-06  1.643832E-06  6.308042E-04  8.581480E-04  4.055672E-05  5.409596E-06  6.883187E-06  6.119363E-06
 2.861500E+02  2.530031E-01  1.760741E-04  2.799884E-08  3.690428E-08  4.109700E-08  4.919602E-08  1.476312E-01  1.412402E-04  9.836667E-07  3.993075E-01  4.238723E-03  3.112991E-04  7.030069E-06  2.944740E-03  4.186580E-07  1.430304E-06  2.837180E-07  1.906278E-01  8.816800E-05  1.828242E-06  1.588222E-06  6.190960E-04  8.421849E-04  3.793808E-05  5.041812E-06  6.417614E-06  5.788633E-06
 2.871500E+02  2.542949E-01  1.748121E-04  2.716425E-08  3.581527E-08  3.988696E-08  4.776126E-08  1.476774E-01  1.381192E-04  9.136284E-07  4.006724E-01  4.172312E-03  2.922152E-04  6.833596E-06  2.888849E-03  3.943374E-07  1.351206E-06  2.718797E-07  1.881060E-01  8.390646E-05  1.768026E-06  1.534703E-06  6.076731E-04  8.266124E-04  3.550357E-05  4.701345E-06  5.986464E-06  5.477617E-06
 2.881500E+02  2.555671E-01  1.735516E-04  2.635691E-08  3.476143E-08  3.871591E-08  4.637228E-08  1.477223E-01  1.350911E-04  8.490493E-07  4.020155E-01  4.107160E-03  2.743997E-04  6.643471E-06  2.834299E-03  3.715809E-07  1.276976E-06  2.605962E-07  1.856216E-01  7.987131E-05  1.710018E-06  1.483191E-06  5.965274E-04  8.114196E-04  3.323928E-05  4.386005E-06  5.586990E-06  5.185042E-06
 2.891500E+02  2.568202E-01  1.722930E-04  2.557589E-08  3.374161E-08  3.758257E-08  4.502759E-08  1.477661E-01  1.321526E-04  7.894696E-07  4.033371E-01  4.043244E-03  2.577623E-04  6.459474E-06  2.781055E-03  3.502791E-07  1.207289E-06  2.498393E-07  1.831742E-01  7.604960E-05  1.654135E-06  1.433607E-06  5.856512E-04  7.965956E-04  3.113241E-05  4.093794E-06  5.216683E-06  4.909725E-06
 2.901500E+02  2.580542E-01  1.710370E-04  2.482033E-08  3.275468E-08  3.648570E-08  4.372578E-08  1.478087E-01  1.293004E-04  7.344711E-07  4.046374E-01  3.980540E-03  2.422197E-04  6.281390E-06  2.729081E-03  3.303308E-07  1.141840E-06  2.395823E-07  1.807636E-01  7.242918E-05  1.600292E-06  1.385874E-06  5.750369E-04  7.821301E-04  2.917119E-05  3.822881E-06  4.873243E-06  4.650562E-06
 2.911500E+02  2.592693E-01  1.697839E-04  2.408937E-08  3.179958E-08  3.542413E-08  4.246544E-08  1.478503E-01  1.265315E-04  6.836730E-07  4.059169E-01  3.919025E-03  2.276947E-04  6.109013E-06  2.678343E-03  3.116425E-07  1.080348E-06  2.297997E-07  1.783892E-01  6.899865E-05  1.548412E-06  1.339919E-06  5.646772E-04  7.680130E-04  2.734478E-05  3.571590E-06  4.554565E-06  4.406526E-06
 2.921500E+02  2.604658E-01  1.685343E-04  2.338221E-08  3.087524E-08  3.439667E-08  4.124523E-08  1.478908E-01  1.238429E-04  6.367283E-07  4.071757E-01  3.858676E-03  2.141160E-04  5.942145E-06  2.628809E-03  2.941275E-07  1.022552E-06  2.204676E-07  1.760507E-01  6.574725E-05  1.498418E-06  1.295671E-06  5.545650E-04  7.542344E-04  2.564322E-05  3.338387E-06  4.258722E-06  4.176659E-06
 2.931500E+02  2.616439E-01  1.672884E-04  2.269803E-08  2.998066E-08  3.340222E-08  4.006385E-08  1.479302E-01  1.212319E-04  5.933209E-07  4.084143E-01  3.799472E-03  2.014175E-04  5.780592E-06  2.580446E-03  2.777055E-07  9.682084E-07  2.115635E-07  1.737478E-01  6.266492E-05  1.450237E-06  1.253062E-06  5.446933E-04  7.407849E-04  2.405730E-05  3.121866E-06  3.983944E-06  3.960069E-06
 2.941500E+02  2.628038E-01  1.660468E-04  2.203608E-08  2.911485E-08  3.243967E-08  3.892002E-08  1.479687E-01  1.186958E-04  5.531622E-07  4.096329E-01  3.741390E-03  1.895380E-04  5.624171E-06  2.533223E-03  2.623022E-07  9.170918E-07  2.030657E-07  1.714800E-01  5.974215E-05  1.403798E-06  1.212028E-06  5.350555E-04  7.276553E-04  2.257856E-05  2.920738E-06  3.728611E-06  3.755923E-06
 2.951500E+02  2.639456E-01  1.648099E-04  2.139560E-08  2.827685E-08  3.150798E-08  3.781252E-08  1.480062E-01  1.162320E-04  5.159890E-07  4.108317E-01  3.684408E-03  1.784208E-04  5.472704E-06  2.487110E-03  2.478488E-07  8.689927E-07  1.949541E-07  1.692470E-01  5.697004E-05  1.359036E-06  1.172507E-06  5.256451E-04  7.148367E-04  2.119920E-05  2.733818E-06  3.491235E-06  3.563444E-06
 2.961500E+02  2.650698E-01  1.635779E-04  2.077587E-08  2.746574E-08  3.060612E-08  3.674016E-08  1.480428E-01  1.138379E-04  4.815609E-07  4.120112E-01  3.628505E-03  1.680135E-04  5.326017E-06  2.442078E-03  2.342813E-07  8.237160E-07  1.872094E-07  1.670483E-01  5.434019E-05  1.315884E-06  1.134438E-06  5.164559E-04  7.023204E-04  1.991201E-05  2.560023E-06  3.270448E-06  3.381908E-06
 2.971500E+02  2.661763E-01  1.623513E-04  2.017620E-08  2.668063E-08  2.973311E-08  3.570178E-08  1.480785E-01  1.115112E-04  4.496583E-07  4.131716E-01  3.573659E-03  1.582673E-04  5.183947E-06  2.398097E-03  2.215405E-07  7.810803E-07  1.798134E-07  1.648835E-01  5.184471E-05  1.274282E-06  1.097764E-06  5.074817E-04  6.900980E-04  1.871035E-05  2.398355E-06  3.064997E-06  3.210639E-06
 2.981500E+02  2.672656E-01  1.611304E-04  1.959591E-08  2.592065E-08  2.888798E-08  3.469628E-08  1.481133E-01  1.092496E-04  4.200804E-07  4.143132E-01  3.519850E-03  1.491373E-04  5.046333E-06  2.355139E-03  2.095713E-07  7.409168E-07  1.727490E-07  1.627522E-01  4.947617E-05  1.234168E-06  1.062432E-06  4.987166E-04  6.781615E-04  1.758809E-05  2.247898E-06  2.873728E-06  3.049003E-06
 2.991500E+02  2.683378E-01  1.599154E-04  1.903435E-08  2.518497E-08  2.806981E-08  3.372256E-08  1.481473E-01  1.070509E-04  3.926434E-07  4.154363E-01  3.467058E-03  1.405815E-04  4.913022E-06  2.313179E-03  1.983228E-07  7.030685E-07  1.659998E-07  1.606540E-01  4.722759E-05  1.195487E-06  1.028386E-06  4.901549E-04  6.665030E-04  1.653956E-05  2.107811E-06  2.695581E-06  2.896413E-06
 3.001500E+02  2.693931E-01  1.587068E-04  1.849088E-08  2.447276E-08  2.727771E-08  3.277959E-08  1.481804E-01  1.049129E-04  3.671794E-07  4.165411E-01  3.415262E-03  1.325611E-04  4.783865E-06  2.272189E-03  1.877476E-07  6.673888E-07  1.595504E-07  1.585885E-01  4.509237E-05  1.158182E-06  9.955786E-07  4.817910E-04  6.551147E-04  1.555954E-05  1.977319E-06  2.529580E-06  2.752317E-06
 3.011500E+02  2.704317E-01  1.575047E-04  1.796490E-08  2.378326E-08  2.651079E-08  3.186634E-08  1.482128E-01  1.028337E-04  3.435343E-07  4.176280E-01  3.364442E-03  1.250400E-04  4.658720E-06  2.232144E-03  1.778015E-07  6.337415E-07  1.533862E-07  1.565552E-01  4.306434E-05  1.122202E-06  9.639595E-07  4.736197E-04  6.439894E-04  1.464319E-05  1.855711E-06  2.374829E-06  2.616199E-06
 3.021500E+02  2.714540E-01  1.563094E-04  1.745581E-08  2.311570E-08  2.576823E-08  3.098185E-08  1.482443E-01  1.008113E-04  3.215671E-07  4.186972E-01  3.314579E-03  1.179850E-04  4.537449E-06  2.193018E-03  1.684436E-07  6.019994E-07  1.474933E-07  1.545537E-01  4.113765E-05  1.087495E-06  9.334826E-07  4.656355E-04  6.331199E-04  1.378603E-05  1.742332E-06  2.230499E-06  2.487578E-06
 3.031500E+02  2.724601E-01  1.551212E-04  1.696305E-08  2.246935E-08  2.504921E-08  3.012514E-08  1.482752E-01  9.884367E-05  3.011486E-07  4.197491E-01  3.265654E-03  1.113647E-04  4.419919E-06  2.154789E-03  1.596360E-07  5.720441E-07  1.418586E-07  1.525836E-01  3.930681E-05  1.054013E-06  9.041034E-07  4.578335E-04  6.224991E-04  1.298395E-05  1.636577E-06  2.095831E-06  2.366004E-06
 3.041500E+02  2.734502E-01  1.539402E-04  1.648605E-08  2.184349E-08  2.435295E-08  2.929532E-08  1.483052E-01  9.692916E-05  2.821601E-07  4.207838E-01  3.217647E-03  1.051505E-04  4.306003E-06  2.117432E-03  1.513431E-07  5.437651E-07  1.364695E-07  1.506444E-01  3.756664E-05  1.021709E-06  8.757790E-07  4.502087E-04  6.121204E-04  1.223310E-05  1.537890E-06  1.970123E-06  2.251056E-06
 3.051500E+02  2.744246E-01  1.527668E-04  1.602429E-08  2.123744E-08  2.367868E-08  2.849149E-08  1.483346E-01  9.506597E-05  2.644928E-07  4.218016E-01  3.170542E-03  9.931554E-05  4.195577E-06  2.080925E-03  1.435320E-07  5.170592E-07  1.313144E-07  1.487358E-01  3.591226E-05  9.905376E-07  8.484683E-07  4.427564E-04  6.019771E-04  1.152995E-05  1.445760E-06  1.852726E-06  2.142339E-06
 3.061500E+02  2.753835E-01  1.516011E-04  1.557725E-08  2.065053E-08  2.302567E-08  2.771278E-08  1.483633E-01  9.325242E-05  2.480468E-07  4.228029E-01  3.124318E-03  9.383480E-05  4.088523E-06  2.045246E-03  1.361721E-07  4.918302E-07  1.263820E-07  1.468572E-01  3.433908E-05  9.604565E-07  8.221321E-07  4.354720E-04  5.920630E-04  1.087121E-05  1.359713E-06  1.743046E-06  2.039485E-06
 3.071500E+02  2.763271E-01  1.504433E-04  1.514443E-08  2.008214E-08  2.239321E-08  2.695837E-08  1.483913E-01  9.148691E-05  2.327302E-07  4.237879E-01  3.078959E-03  8.868514E-05  3.984725E-06  2.010372E-03  1.292347E-07  4.679883E-07  1.216617E-07  1.450083E-01  3.284277E-05  9.314241E-07  7.967324E-07  4.283510E-04  5.823720E-04  1.025386E-05  1.279313E-06  1.640530E-06  1.942148E-06
 3.081500E+02  2.772557E-01  1.492935E-04  1.472536E-08  1.953162E-08  2.178060E-08  2.622745E-08  1.484186E-01  8.976788E-05  2.184588E-07  4.247569E-01  3.034448E-03  8.384500E-05  3.884075E-06  1.976283E-03  1.226934E-07  4.454494E-07  1.171435E-07  1.431887E-01  3.141922E-05  9.034005E-07  7.722331E-07  4.213889E-04  5.728979E-04  9.675080E-06  1.204158E-06  1.544670E-06  1.850004E-06
 3.091500E+02  2.781694E-01  1.481519E-04  1.431956E-08  1.899840E-08  2.118720E-08  2.551925E-08  1.484454E-01  8.809383E-05  2.051548E-07  4.257100E-01  2.990766E-03  7.929430E-05  3.786465E-06  1.942959E-03  1.165232E-07  4.241351E-07  1.128177E-07  1.413979E-01  3.006460E-05  8.763476E-07  7.485994E-07  4.145817E-04  5.636351E-04  9.132252E-06  1.133876E-06  1.454997E-06  1.762752E-06
 3.101500E+02  2.790686E-01  1.470187E-04  1.392659E-08  1.848188E-08  2.061235E-08  2.483301E-08  1.484715E-01  8.646333E-05  1.927470E-07  4.266476E-01  2.947898E-03  7.501438E-05  3.691793E-06  1.910379E-03  1.107012E-07  4.039722E-07  1.086753E-07  1.396354E-01  2.877527E-05  8.502287E-07  7.257979E-07  4.079251E-04  5.545779E-04  8.622959E-06  1.068124E-06  1.371076E-06  1.680106E-06
 3.111500E+02  2.799533E-01  1.458941E-04  1.354600E-08  1.798150E-08  2.005544E-08  2.416800E-08  1.484970E-01  8.487499E-05  1.811695E-07  4.275699E-01  2.905826E-03  7.098783E-05  3.599961E-06  1.878525E-03  1.052056E-07  3.848921E-07  1.047078E-07  1.379009E-01  2.754779E-05  8.250086E-07  7.037967E-07  4.014153E-04  5.457209E-04  8.144955E-06  1.006583E-06  1.292507E-06  1.601800E-06
 3.121500E+02  2.808239E-01  1.447780E-04  1.317740E-08  1.749674E-08  1.951586E-08  2.352353E-08  1.485219E-01  8.332747E-05  1.703619E-07  4.284772E-01  2.864534E-03  6.719846E-05  3.510873E-06  1.847378E-03  1.000165E-07  3.668306E-07  1.009069E-07  1.361940E-01  2.637893E-05  8.006535E-07  6.825649E-07  3.950483E-04  5.370588E-04  7.696155E-06  9.489622E-07  1.218917E-06  1.527585E-06
 3.131500E+02  2.816806E-01  1.436707E-04  1.282036E-08  1.702705E-08  1.899304E-08  2.289890E-08  1.485463E-01  8.181949E-05  1.602683E-07  4.293698E-01  2.824008E-03  6.363117E-05  3.424437E-06  1.816920E-03  9.511497E-08  3.497277E-07  9.726488E-08  1.345142E-01  2.526563E-05  7.771310E-07  6.620732E-07  3.888205E-04  5.285865E-04  7.274624E-06  8.949882E-07  1.149963E-06  1.457227E-06
 3.141500E+02  2.825236E-01  1.425722E-04  1.247450E-08  1.657194E-08  1.848642E-08  2.229347E-08  1.485701E-01  8.034981E-05  1.508373E-07  4.302478E-01  2.784230E-03  6.027190E-05  3.340565E-06  1.787133E-03  9.048356E-08  3.335273E-07  9.377440E-08  1.328611E-01  2.420501E-05  7.544098E-07  6.422933E-07  3.827281E-04  5.202989E-04  6.878563E-06  8.444102E-07  1.085328E-06  1.390506E-06
 3.151500E+02  2.833530E-01  1.414827E-04  1.213944E-08  1.613093E-08  1.799546E-08  2.170660E-08  1.485933E-01  7.891724E-05  1.420216E-07  4.311115E-01  2.745186E-03  5.710753E-05  3.259171E-06  1.757999E-03  8.610588E-08  3.181768E-07  9.042845E-08  1.312344E-01  2.319435E-05  7.324600E-07  6.231981E-07  3.767677E-04  5.121914E-04  6.506301E-06  7.969957E-07  1.024716E-06  1.327216E-06
 3.161500E+02  2.841691E-01  1.404021E-04  1.181482E-08  1.570354E-08  1.751962E-08  2.113768E-08  1.486161E-01  7.752063E-05  1.337772E-07  4.319611E-01  2.706861E-03  5.412584E-05  3.180174E-06  1.729503E-03  8.196664E-08  3.036270E-07  8.722038E-08  1.296335E-01  2.223107E-05  7.112528E-07  6.047614E-07  3.709359E-04  5.042591E-04  6.156286E-06  7.525291E-07  9.678552E-07  1.267163E-06
 3.171500E+02  2.849722E-01  1.393307E-04  1.150028E-08  1.528931E-08  1.705842E-08  2.058610E-08  1.486383E-01  7.615886E-05  1.260639E-07  4.327970E-01  2.669241E-03  5.131540E-05  3.103494E-06  1.701628E-03  7.805155E-08  2.898316E-07  8.414389E-08  1.280581E-01  2.131274E-05  6.907606E-07  5.869584E-07  3.652293E-04  4.964975E-04  5.827072E-06  7.108108E-07  9.144919E-07  1.210165E-06
 3.181500E+02  2.857624E-01  1.382684E-04  1.119549E-08  1.488780E-08  1.661136E-08  2.005131E-08  1.486601E-01  7.483087E-05  1.188443E-07  4.336192E-01  2.632310E-03  4.866559E-05  3.029054E-06  1.674358E-03  7.434724E-08  2.767474E-07  8.119298E-08  1.265078E-01  2.043707E-05  6.709570E-07  5.697651E-07  3.596447E-04  4.889023E-04  5.517317E-06  6.716557E-07  8.643918E-07  1.156052E-06
 3.191500E+02  2.865399E-01  1.372153E-04  1.090011E-08  1.449860E-08  1.617798E-08  1.953274E-08  1.486814E-01  7.353563E-05  1.120838E-07  4.344281E-01  2.596055E-03  4.616644E-05  2.956781E-06  1.647677E-03  7.084120E-08  2.643339E-07  7.836193E-08  1.249822E-01  1.960189E-05  6.518163E-07  5.531584E-07  3.541790E-04  4.814691E-04  5.225769E-06  6.348921E-07  8.173372E-07  1.104664E-06
 3.201500E+02  2.873050E-01  1.361715E-04  1.061383E-08  1.412129E-08  1.575781E-08  1.902987E-08  1.487022E-01  7.227214E-05  1.057506E-07  4.352239E-01  2.560462E-03  4.380869E-05  2.886604E-06  1.621572E-03  6.752174E-08  2.525530E-07  7.564534E-08  1.234808E-01  1.880515E-05  6.333141E-07  5.371163E-07  3.488291E-04  4.741938E-04  4.951265E-06  6.003606E-07  7.731261E-07  1.055849E-06
 3.211500E+02  2.880578E-01  1.351369E-04  1.033635E-08  1.375548E-08  1.535042E-08  1.854217E-08  1.487225E-01  7.103944E-05  9.981516E-08  4.360067E-01  2.525517E-03  4.158367E-05  2.818454E-06  1.596027E-03  6.437791E-08  2.413690E-07  7.303805E-08  1.220034E-01  1.804490E-05  6.154268E-07  5.216176E-07  3.435921E-04  4.670724E-04  4.692721E-06  5.679135E-07  7.315710E-07  1.009466E-06
 3.221500E+02  2.887986E-01  1.341117E-04  1.006738E-08  1.340078E-08  1.495538E-08  1.806915E-08  1.487424E-01  6.983662E-05  9.425019E-08  4.367769E-01  2.491208E-03  3.948327E-05  2.752265E-06  1.571028E-03  6.139946E-08  2.307484E-07  7.053515E-08  1.205495E-01  1.731932E-05  5.981320E-07  5.066419E-07  3.384651E-04  4.601008E-04  4.449126E-06  5.374135E-07  6.924977E-07  9.653810E-07
 3.231500E+02  2.895275E-01  1.330958E-04  9.806612E-09  1.305683E-08  1.457230E-08  1.761032E-08  1.487619E-01  6.866277E-05  8.903040E-08  4.375346E-01  2.457522E-03  3.749993E-05  2.687973E-06  1.546562E-03  5.857680E-08  2.206598E-07  6.813199E-08  1.191187E-01  1.662667E-05  5.814078E-07  4.921697E-07  3.334453E-04  4.532754E-04  4.219540E-06  5.087330E-07  6.557442E-07  9.234696E-07
 3.241500E+02  2.902448E-01  1.320893E-04  9.553790E-09  1.272326E-08  1.420076E-08  1.716521E-08  1.487810E-01  6.751704E-05  8.413237E-08  4.382801E-01  2.424444E-03  3.562657E-05  2.625517E-06  1.522615E-03  5.590091E-08  2.110735E-07  6.582412E-08  1.177107E-01  1.596530E-05  5.652333E-07  4.781823E-07  3.285301E-04  4.465925E-04  4.003086E-06  4.817535E-07  6.211602E-07  8.836135E-07
 3.251500E+02  2.909505E-01  1.310922E-04  9.308644E-09  1.239974E-08  1.384039E-08  1.673339E-08  1.487996E-01  6.639859E-05  7.953441E-08  4.390135E-01  2.391964E-03  3.385657E-05  2.564837E-06  1.499174E-03  5.336339E-08  2.019619E-07  6.360733E-08  1.163251E-01  1.533367E-05  5.495886E-07  4.646616E-07  3.237168E-04  4.400483E-04  3.798944E-06  4.563647E-07  5.886056E-07  8.457015E-07
 3.261500E+02  2.916451E-01  1.301045E-04  9.070919E-09  1.208594E-08  1.349082E-08  1.631441E-08  1.488179E-01  6.530662E-05  7.521639E-08  4.397350E-01  2.360070E-03  3.218374E-05  2.505877E-06  1.476227E-03  5.095631E-08  1.932989E-07  6.147760E-08  1.149614E-01  1.473031E-05  5.344544E-07  4.515903E-07  3.190029E-04  4.336395E-04  3.606352E-06  4.324643E-07  5.579502E-07  8.096292E-07
 3.271500E+02  2.923285E-01  1.291261E-04  8.840367E-09  1.178153E-08  1.315170E-08  1.590785E-08  1.488357E-01  6.424036E-05  7.115965E-08  4.404450E-01  2.328748E-03  3.060228E-05  2.448579E-06  1.453762E-03  4.867227E-08  1.850600E-07  5.943110E-08  1.136195E-01  1.415382E-05  5.198121E-07  4.389518E-07  3.143858E-04  4.273627E-04  3.424597E-06  4.099567E-07  5.290730E-07  7.752980E-07
 3.281500E+02  2.930010E-01  1.281572E-04  8.616750E-09  1.148620E-08  1.282268E-08  1.551332E-08  1.488532E-01  6.319905E-05  6.734688E-08  4.411435E-01  2.297988E-03  2.910678E-05  2.392893E-06  1.431766E-03  4.650432E-08  1.772220E-07  5.746419E-08  1.122988E-01  1.360288E-05  5.056440E-07  4.267303E-07  3.098632E-04  4.212146E-04  3.253014E-06  3.887534E-07  5.018609E-07  7.426154E-07
 3.291500E+02  2.936628E-01  1.271976E-04  8.399838E-09  1.119966E-08  1.250343E-08  1.513041E-08  1.488703E-01  6.218197E-05  6.376200E-08  4.418308E-01  2.267778E-03  2.769216E-05  2.338765E-06  1.410228E-03  4.444592E-08  1.697634E-07  5.557341E-08  1.109990E-01  1.307626E-05  4.919330E-07  4.149103E-07  3.054328E-04  4.151919E-04  3.090982E-06  3.687715E-07  4.762090E-07  7.114939E-07
 3.301500E+02  2.943141E-01  1.262474E-04  8.189410E-09  1.092161E-08  1.219363E-08  1.475875E-08  1.488871E-01  6.118844E-05  6.039009E-08  4.425070E-01  2.238106E-03  2.635365E-05  2.286146E-06  1.389136E-03  4.249095E-08  1.626637E-07  5.375546E-08  1.097199E-01  1.257277E-05  4.786625E-07  4.034773E-07  3.010922E-04  4.092916E-04  2.937921E-06  3.499342E-07  4.520194E-07  6.818512E-07
 3.311500E+02  2.949550E-01  1.253065E-04  7.985251E-09  1.065178E-08  1.189297E-08  1.439797E-08  1.489035E-01  6.021776E-05  5.721728E-08  4.431724E-01  2.208963E-03  2.508682E-05  2.234989E-06  1.368480E-03  4.063366E-08  1.559037E-07  5.200719E-08  1.084609E-01  1.209128E-05  4.658169E-07  3.924169E-07  2.968393E-04  4.035107E-04  2.793289E-06  3.321696E-07  4.292007E-07  6.536097E-07
 3.321500E+02  2.955858E-01  1.243749E-04  7.787153E-09  1.038991E-08  1.160116E-08  1.404772E-08  1.489196E-01  5.926929E-05  5.423067E-08  4.438271E-01  2.180337E-03  2.388747E-05  2.185247E-06  1.348250E-03  3.886863E-08  1.494653E-07  5.032560E-08  1.072219E-01  1.163074E-05  4.533809E-07  3.817158E-07  2.926719E-04  3.978462E-04  2.656578E-06  3.154108E-07  4.076678E-07  6.266962E-07
 3.331500E+02  2.962065E-01  1.234526E-04  7.594919E-09  1.013572E-08  1.131789E-08  1.370767E-08  1.489353E-01  5.834239E-05  5.141829E-08  4.444714E-01  2.152217E-03  2.275170E-05  2.136875E-06  1.328434E-03  3.719080E-08  1.433315E-07  4.870784E-08  1.060024E-01  1.119015E-05  4.413399E-07  3.713608E-07  2.885879E-04  3.922953E-04  2.527315E-06  2.995956E-07  3.873413E-07  6.010415E-07
 3.341500E+02  2.968174E-01  1.225396E-04  7.408355E-09  9.888968E-09  1.104291E-08  1.337748E-08  1.489507E-01  5.743647E-05  4.876896E-08  4.451054E-01  2.124594E-03  2.167583E-05  2.089830E-06  1.309022E-03  3.559538E-08  1.374862E-07  4.715118E-08  1.048022E-01  1.076854E-05  4.296799E-07  3.613394E-07  2.845853E-04  3.868552E-04  2.405056E-06  2.846657E-07  3.681472E-07  5.765807E-07
 3.351500E+02  2.974187E-01  1.216358E-04  7.227275E-09  9.649415E-09  1.077593E-08  1.305683E-08  1.489658E-01  5.655092E-05  4.627233E-08  4.457293E-01  2.097458E-03  2.065644E-05  2.044071E-06  1.290005E-03  3.407789E-08  1.319144E-07  4.565304E-08  1.036208E-01  1.036502E-05  4.183873E-07  3.516396E-07  2.806622E-04  3.815233E-04  2.289386E-06  2.705667E-07  3.500163E-07  5.532522E-07
 3.361500E+02  2.980104E-01  1.207412E-04  7.051499E-09  9.416827E-09  1.051670E-08  1.274541E-08  1.489806E-01  5.568519E-05  4.391872E-08  4.463432E-01  2.070798E-03  1.969028E-05  1.999558E-06  1.271373E-03  3.263410E-08  1.266017E-07  4.421093E-08  1.024580E-01  9.978728E-06  4.074492E-07  3.422498E-07  2.768165E-04  3.762968E-04  2.179917E-06  2.572480E-07  3.328839E-07  5.309980E-07
 3.371500E+02  2.985928E-01  1.198557E-04  6.880856E-09  9.190976E-09  1.026496E-08  1.244294E-08  1.489951E-01  5.483871E-05  4.169914E-08  4.469474E-01  2.044605E-03  1.877432E-05  1.956251E-06  1.253117E-03  3.126003E-08  1.215348E-07  4.282250E-08  1.013135E-01  9.608850E-06  3.968531E-07  3.331589E-07  2.730465E-04  3.711733E-04  2.076286E-06  2.446623E-07  3.166897E-07  5.097632E-07
 3.381500E+02  2.991661E-01  1.189793E-04  6.715177E-09  8.971645E-09  1.002048E-08  1.214913E-08  1.490093E-01  5.401095E-05  3.960520E-08  4.475420E-01  2.018869E-03  1.790573E-05  1.914113E-06  1.235228E-03  2.995196E-08  1.167009E-07  4.148550E-08  1.001870E-01  9.254614E-06  3.865869E-07  3.243562E-07  2.693504E-04  3.661503E-04  1.978151E-06  2.327652E-07  3.013774E-07  4.894962E-07
 3.391500E+02  2.997303E-01  1.181120E-04  6.554301E-09  8.758625E-09  9.783025E-09  1.186369E-08  1.490232E-01  5.320141E-05  3.762908E-08  4.481272E-01  1.993582E-03  1.708182E-05  1.873108E-06  1.217697E-03  2.870636E-08  1.120881E-07  4.019778E-08  9.907805E-02  8.915290E-06  3.766392E-07  3.158315E-07  2.657263E-04  3.612254E-04  1.885194E-06  2.215154E-07  2.868942E-07  4.701480E-07
 3.401500E+02  3.002857E-01  1.172536E-04  6.398073E-09  8.551712E-09  9.552364E-09  1.158636E-08  1.490368E-01  5.240958E-05  3.576349E-08  4.487032E-01  1.968734E-03  1.630010E-05  1.833201E-06  1.200516E-03  2.751992E-08  1.076851E-07  3.895729E-08  9.798647E-02  8.590182E-06  3.669988E-07  3.075749E-07  2.621726E-04  3.563962E-04  1.797114E-06  2.108743E-07  2.731907E-07  4.516725E-07
 3.411500E+02  3.008324E-01  1.164042E-04  6.246343E-09  8.350710E-09  9.328282E-09  1.131688E-08  1.490502E-01  5.163497E-05  3.400165E-08  4.492700E-01  1.944316E-03  1.555820E-05  1.794359E-06  1.183675E-03  2.638951E-08  1.034812E-07  3.776208E-08  9.691192E-02  8.278630E-06  3.576549E-07  2.995768E-07  2.586876E-04  3.516605E-04  1.713633E-06  2.008056E-07  2.602209E-07  4.340260E-07
 3.421500E+02  3.013705E-01  1.155637E-04  6.098964E-09  8.155430E-09  9.110568E-09  1.105501E-08  1.490633E-01  5.087713E-05  3.233719E-08  4.498280E-01  1.920320E-03  1.485391E-05  1.756548E-06  1.167168E-03  2.531218E-08  9.946646E-08  3.661029E-08  9.585412E-02  7.980007E-06  3.485974E-07  2.918282E-07  2.552696E-04  3.470160E-04  1.634487E-06  1.912757E-07  2.479417E-07  4.171671E-07
 3.431500E+02  3.019002E-01  1.147321E-04  5.955797E-09  7.965688E-09  8.899019E-09  1.080050E-08  1.490761E-01  5.013560E-05  3.076419E-08  4.503771E-01  1.896737E-03  1.418514E-05  1.719737E-06  1.150986E-03  2.428517E-08  9.563126E-08  3.550012E-08  9.481278E-02  7.693719E-06  3.398163E-07  2.843203E-07  2.519172E-04  3.424607E-04  1.559428E-06  1.822527E-07  2.363124E-07  4.010569E-07
 3.441500E+02  3.024216E-01  1.139092E-04  5.816707E-09  7.781310E-09  8.693439E-09  1.055312E-08  1.490887E-01  4.940993E-05  2.927713E-08  4.509177E-01  1.873560E-03  1.354994E-05  1.683895E-06  1.135121E-03  2.330586E-08  9.196664E-08  3.442988E-08  9.378760E-02  7.419200E-06  3.313021E-07  2.770446E-07  2.486287E-04  3.379924E-04  1.488226E-06  1.737071E-07  2.252955E-07  3.856584E-07
 3.451500E+02  3.029350E-01  1.130950E-04  5.681564E-09  7.602123E-09  8.493639E-09  1.031264E-08  1.491010E-01  4.869971E-05  2.787083E-08  4.514498E-01  1.850779E-03  1.294646E-05  1.648994E-06  1.119566E-03  2.237178E-08  8.846413E-08  3.339795E-08  9.277832E-02  7.155914E-06  3.230455E-07  2.699931E-07  2.454027E-04  3.336091E-04  1.420664E-06  1.656111E-07  2.148552E-07  3.709367E-07
 3.461500E+02  3.034403E-01  1.122895E-04  5.550240E-09  7.427964E-09  8.299435E-09  1.007886E-08  1.491131E-01  4.800453E-05  2.654046E-08  4.519736E-01  1.828388E-03  1.237298E-05  1.615004E-06  1.104314E-03  2.148061E-08  8.511569E-08  3.240277E-08  9.178465E-02  6.903349E-06  3.150379E-07  2.631579E-07  2.422377E-04  3.293087E-04  1.356536E-06  1.579386E-07  2.049586E-07  3.568586E-07
 3.471500E+02  3.039379E-01  1.114925E-04  5.422616E-09  7.258673E-09  8.110652E-09  9.851550E-09  1.491250E-01  4.732399E-05  2.528151E-08  4.524892E-01  1.806377E-03  1.182786E-05  1.581898E-06  1.089357E-03  2.063014E-08  8.191374E-08  3.144286E-08  9.080633E-02  6.661020E-06  3.072706E-07  2.565315E-07  2.391323E-04  3.250895E-04  1.295652E-06  1.506653E-07  1.955743E-07  3.433930E-07
 3.481500E+02  3.044277E-01  1.107041E-04  5.298572E-09  7.094097E-09  7.927117E-09  9.630518E-09  1.491366E-01  4.665770E-05  2.408974E-08  4.529968E-01  1.784740E-03  1.130957E-05  1.549650E-06  1.074689E-03  1.981832E-08  7.885110E-08  3.051680E-08  8.984309E-02  6.428467E-06  2.997356E-07  2.501067E-07  2.360852E-04  3.209494E-04  1.237831E-06  1.437683E-07  1.866731E-07  3.305100E-07
 3.491500E+02  3.049100E-01  1.099241E-04  5.177995E-09  6.934088E-09  7.748667E-09  9.415566E-09  1.491480E-01  4.600528E-05  2.296121E-08  4.534966E-01  1.763470E-03  1.081666E-05  1.518234E-06  1.060303E-03  1.904317E-08  7.592098E-08  2.962325E-08  8.889466E-02  6.205251E-06  2.924249E-07  2.438766E-07  2.330949E-04  3.168868E-04  1.182904E-06  1.372263E-07  1.782278E-07  3.181817E-07
 3.501500E+02  3.053848E-01  1.091525E-04  5.060776E-09  6.778501E-09  7.575142E-09  9.206506E-09  1.491592E-01  4.536639E-05  2.189221E-08  4.539886E-01  1.742558E-03  1.034776E-05  1.487626E-06  1.046193E-03  1.830285E-08  7.311695E-08  2.876090E-08  8.796080E-02  5.990954E-06  2.853309E-07  2.378344E-07  2.301602E-04  3.128997E-04  1.130712E-06  1.310190E-07  1.702125E-07  3.063815E-07
 3.511500E+02  3.058524E-01  1.083892E-04  4.946810E-09  6.627200E-09  7.406388E-09  9.003153E-09  1.491702E-01  4.474066E-05  2.087929E-08  4.544729E-01  1.721998E-03  9.901611E-06  1.457800E-06  1.032352E-03  1.759561E-08  7.043293E-08  2.792853E-08  8.704124E-02  5.785180E-06  2.784464E-07  2.319737E-07  2.272799E-04  3.089865E-04  1.081104E-06  1.251276E-07  1.626031E-07  2.950841E-07
 3.521500E+02  3.063127E-01  1.076342E-04  4.835993E-09  6.480050E-09  7.242257E-09  8.805331E-09  1.491810E-01  4.412776E-05  1.991918E-08  4.549499E-01  1.701783E-03  9.476986E-06  1.428734E-06  1.018773E-03  1.691980E-08  6.786315E-08  2.712494E-08  8.613574E-02  5.587551E-06  2.717643E-07  2.262884E-07  2.244526E-04  3.051454E-04  1.033942E-06  1.195344E-07  1.553769E-07  2.842657E-07
 3.531500E+02  3.067661E-01  1.068874E-04  4.728227E-09  6.336921E-09  7.082604E-09  8.612871E-09  1.491915E-01  4.352736E-05  1.900886E-08  4.554195E-01  1.681907E-03  9.072752E-06  1.400405E-06  1.005452E-03  1.627387E-08  6.540215E-08  2.634900E-08  8.524405E-02  5.397707E-06  2.652778E-07  2.207724E-07  2.216772E-04  3.013750E-04  9.890905E-07  1.142227E-07  1.485127E-07  2.739036E-07
 3.541500E+02  3.072125E-01  1.061486E-04  4.623417E-09  6.197690E-09  6.927292E-09  8.425606E-09  1.492019E-01  4.293914E-05  1.814547E-08  4.558819E-01  1.662361E-03  8.687835E-06  1.372792E-06  9.923810E-04  1.565633E-08  6.304477E-08  2.559964E-08  8.436594E-02  5.215308E-06  2.589805E-07  2.154200E-07  2.189525E-04  2.976734E-04  9.464267E-07  1.091770E-07  1.419905E-07  2.639764E-07
 3.551500E+02  3.076521E-01  1.054179E-04  4.521470E-09  6.062235E-09  6.776185E-09  8.243377E-09  1.492121E-01  4.236278E-05  1.732635E-08  4.563372E-01  1.643141E-03  8.321221E-06  1.345874E-06  9.795556E-04  1.506580E-08  6.078610E-08  2.487582E-08  8.350116E-02  5.040027E-06  2.528660E-07  2.102258E-07  2.162774E-04  2.940393E-04  9.058326E-07  1.043825E-07  1.357914E-07  2.544636E-07
 3.561500E+02  3.080850E-01  1.046951E-04  4.422298E-09  5.930439E-09  6.629155E-09  8.066031E-09  1.492221E-01  4.179799E-05  1.654897E-08  4.567855E-01  1.624238E-03  7.971957E-06  1.319630E-06  9.669699E-04  1.450094E-08  5.862150E-08  2.417655E-08  8.264949E-02  4.871554E-06  2.469282E-07  2.051843E-07  2.136508E-04  2.904710E-04  8.671978E-07  9.982543E-08  1.298977E-07  2.453460E-07
 3.571500E+02  3.085114E-01  1.039802E-04  4.325815E-09  5.802191E-09  6.486076E-09  7.893417E-09  1.492319E-01  4.124448E-05  1.581099E-08  4.572271E-01  1.605649E-03  7.639139E-06  1.294041E-06  9.546184E-04  1.396052E-08  5.654656E-08  2.350087E-08  8.181069E-02  4.709594E-06  2.411614E-07  2.002904E-07  2.110715E-04  2.869672E-04  8.304181E-07  9.549283E-08  1.242930E-07  2.366051E-07
 3.581500E+02  3.089313E-01  1.032731E-04  4.231937E-09  5.677382E-09  6.346827E-09  7.725393E-09  1.492415E-01  4.070196E-05  1.511021E-08  4.576619E-01  1.587365E-03  7.321919E-06  1.269088E-06  9.424958E-04  1.344334E-08  5.455711E-08  2.284789E-08  8.098455E-02  4.553865E-06  2.355599E-07  1.955393E-07  2.085385E-04  2.835263E-04  7.953953E-07  9.137248E-08  1.189614E-07  2.282237E-07
 3.591500E+02  3.093448E-01  1.025737E-04  4.140584E-09  5.555905E-09  6.211290E-09  7.561818E-09  1.492509E-01  4.017016E-05  1.444455E-08  4.580901E-01  1.569382E-03  7.019492E-06  1.244752E-06  9.305971E-04  1.294829E-08  5.264918E-08  2.221672E-08  8.017084E-02  4.404100E-06  2.301184E-07  1.909261E-07  2.060509E-04  2.801471E-04  7.620369E-07  8.745289E-08  1.138883E-07  2.201852E-07
 3.601500E+02  3.097522E-01  1.018820E-04  4.051679E-09  5.437661E-09  6.079354E-09  7.402559E-09  1.492602E-01  3.964881E-05  1.381205E-08  4.585119E-01  1.551692E-03  6.731101E-06  1.221016E-06  9.189171E-04  1.247432E-08  5.081902E-08  2.160655E-08  7.936935E-02  4.260044E-06  2.248315E-07  1.864463E-07  2.036075E-04  2.768280E-04  7.302558E-07  8.372325E-08  1.090599E-07  2.124739E-07
 3.611500E+02  3.101534E-01  1.011979E-04  3.965146E-09  5.322549E-09  5.950909E-09  7.247484E-09  1.492693E-01  3.913766E-05  1.321090E-08  4.589273E-01  1.534292E-03  6.456029E-06  1.197861E-06  9.074510E-04  1.202040E-08  4.906305E-08  2.101658E-08  7.857987E-02  4.121452E-06  2.196942E-07  1.820955E-07  2.012075E-04  2.735678E-04  6.999696E-07  8.017341E-08  1.044630E-07  2.050748E-07
 3.621500E+02  3.105486E-01  1.005213E-04  3.880914E-09  5.210476E-09  5.825848E-09  7.096468E-09  1.492782E-01  3.863645E-05  1.263938E-08  4.593364E-01  1.517174E-03  6.193600E-06  1.175273E-06  8.961940E-04  1.158560E-08  4.737789E-08  2.044603E-08  7.780218E-02  3.988093E-06  2.147017E-07  1.778694E-07  1.988499E-04  2.703652E-04  6.711009E-07  7.679376E-08  1.000855E-07  1.979739E-07
 3.631500E+02  3.109379E-01  9.985211E-05  3.798912E-09  5.101349E-09  5.704070E-09  6.949390E-09  1.492870E-01  3.814495E-05  1.209586E-08  4.597394E-01  1.500334E-03  5.943174E-06  1.153234E-06  8.851414E-04  1.116900E-08  4.576031E-08  1.989418E-08  7.703608E-02  3.859746E-06  2.098494E-07  1.737640E-07  1.965336E-04  2.672190E-04  6.435764E-07  7.357529E-08  9.591569E-08  1.911577E-07
 3.641500E+02  3.113214E-01  9.919027E-05  3.719073E-09  4.995079E-09  5.585476E-09  6.806131E-09  1.492956E-01  3.766290E-05  1.157883E-08  4.601364E-01  1.483766E-03  5.704148E-06  1.131728E-06  8.742888E-04  1.076976E-08  4.420727E-08  1.936033E-08  7.628137E-02  3.736199E-06  2.051326E-07  1.697752E-07  1.942580E-04  2.641278E-04  6.173270E-07  7.050949E-08  9.194269E-08  1.846134E-07
 3.651500E+02  3.116992E-01  9.853571E-05  3.641331E-09  4.891582E-09  5.469970E-09  6.666578E-09  1.493040E-01  3.719009E-05  1.108685E-08  4.605274E-01  1.467465E-03  5.475950E-06  1.110742E-06  8.636317E-04  1.038706E-08  4.271585E-08  1.884380E-08  7.553786E-02  3.617252E-06  2.005471E-07  1.658993E-07  1.920220E-04  2.610906E-04  5.922875E-07  6.758836E-08  8.815622E-08  1.783288E-07
 3.661500E+02  3.120713E-01  9.788836E-05  3.565623E-09  4.790773E-09  5.357461E-09  6.530620E-09  1.493123E-01  3.672630E-05  1.061858E-08  4.609126E-01  1.451426E-03  5.258040E-06  1.090259E-06  8.531658E-04  1.002014E-08  4.128331E-08  1.834396E-08  7.480535E-02  3.502712E-06  1.960886E-07  1.621325E-07  1.898248E-04  2.581061E-04  5.683962E-07  6.480433E-08  8.454658E-08  1.722924E-07
 3.671500E+02  3.124380E-01  9.724813E-05  3.491887E-09  4.692572E-09  5.247858E-09  6.398151E-09  1.493205E-01  3.627129E-05  1.017276E-08  4.612921E-01  1.435644E-03  5.049907E-06  1.070266E-06  8.428869E-04  9.668258E-09  3.990701E-08  1.786019E-08  7.408364E-02  3.392396E-06  1.917531E-07  1.584715E-07  1.876656E-04  2.551732E-04  5.455951E-07  6.215028E-08  8.110462E-08  1.664931E-07
 3.681500E+02  3.127993E-01  9.661495E-05  3.420065E-09  4.596903E-09  5.141076E-09  6.269069E-09  1.493285E-01  3.582488E-05  9.748187E-09  4.616660E-01  1.420113E-03  4.851067E-06  1.050750E-06  8.327909E-04  9.330727E-09  3.858446E-08  1.739189E-08  7.337256E-02  3.286129E-06  1.875367E-07  1.549127E-07  1.855436E-04  2.522908E-04  5.238291E-07  5.961949E-08  7.782170E-08  1.609206E-07
 3.691500E+02  3.131552E-01  9.598874E-05  3.350100E-09  4.503689E-09  5.037030E-09  6.143272E-09  1.493364E-01  3.538684E-05  9.343742E-09  4.620344E-01  1.404829E-03  4.661063E-06  1.031696E-06  8.228739E-04  9.006888E-09  3.731329E-08  1.693849E-08  7.267192E-02  3.183745E-06  1.834356E-07  1.514530E-07  1.834579E-04  2.494579E-04  5.030462E-07  5.720561E-08  7.468969E-08  1.555649E-07
 3.701500E+02  3.135060E-01  9.536944E-05  3.281936E-09  4.412858E-09  4.935640E-09  6.020665E-09  1.493441E-01  3.495699E-05  8.958364E-09  4.623973E-01  1.389788E-03  4.479461E-06  1.013092E-06  8.131320E-04  8.696116E-09  3.609125E-08  1.649946E-08  7.198153E-02  3.085084E-06  1.794462E-07  1.480890E-07  1.814078E-04  2.466733E-04  4.831973E-07  5.490266E-08  7.170089E-08  1.504164E-07
 3.711500E+02  3.138515E-01  9.475696E-05  3.215520E-09  4.324339E-09  4.836828E-09  5.901155E-09  1.493517E-01  3.453512E-05  8.591057E-09  4.627549E-01  1.374984E-03  4.305853E-06  9.949262E-07  8.035613E-04  8.397819E-09  3.491619E-08  1.607427E-08  7.130123E-02  2.989994E-06  1.755650E-07  1.448178E-07  1.793926E-04  2.439361E-04  4.642360E-07  5.270500E-08  6.884803E-08  1.454663E-07
 3.721500E+02  3.141921E-01  9.415123E-05  3.150800E-09  4.238066E-09  4.740518E-09  5.784651E-09  1.493592E-01  3.412106E-05  8.240879E-09  4.631073E-01  1.360414E-03  4.139850E-06  9.771854E-07  7.941582E-04  8.111434E-09  3.378606E-08  1.566242E-08  7.063083E-02  2.898329E-06  1.717886E-07  1.416364E-07  1.774115E-04  2.412452E-04  4.461184E-07  5.060727E-08  6.612425E-08  1.407058E-07
 3.731500E+02  3.145277E-01  9.355217E-05  3.087725E-09  4.153972E-09  4.646637E-09  5.671066E-09  1.493665E-01  3.371461E-05  7.906942E-09  4.634545E-01  1.346072E-03  3.981083E-06  9.598582E-07  7.849191E-04  7.836424E-09  3.269893E-08  1.526342E-08  6.997018E-02  2.809951E-06  1.681137E-07  1.385419E-07  1.754638E-04  2.385996E-04  4.288029E-07  4.860444E-08  6.352307E-08  1.361269E-07
