#         T/K            c1          c2-1          c3-4          c3-5          c3-7          c3-9            m1          m2-1          m3-1            w1            w2          w3-1          w3-2          c1m1        c1m2-1        c1m2-7        c2m1-1        c1w1-2        c1w2-1        c2w1-1        c2w1-9        m1w1-1        m1w1-4        m1w2-1        m2w1-1        m2w1-3      c1m1w1-1
 2.731500E+02  2.219808E-01  1.653714E-04  3.261837E-08  4.281239E-08  4.763219E-08  5.679546E-08  3.432867E-01  1.005155E-03  3.176642E-05  2.717383E-01  2.569756E-03  2.471710E-04  3.468073E-06  8.085786E-03  4.500321E-06  1.476698E-05  9.714262E-07  1.475401E-01  7.668558E-05  1.686690E-06  1.481093E-06  1.278092E-03  1.739828E-03  1.029203E-04  4.707713E-05  5.962382E-05  1.782697E-05
 2.741500E+02  2.231333E-01  1.639304E-04  3.151192E-08  4.137417E-08  4.603549E-08  5.490890E-08  3.434369E-01  9.810405E-04  2.930688E-05  2.728990E-01  2.528564E-03  2.310484E-04  3.367839E-06  7.914863E-03  4.213574E-06  1.387085E-05  9.263240E-07  1.454132E-01  7.268595E-05  1.625315E-06  1.425967E-06  1.253128E-03  1.705737E-03  9.583691E-05  4.364268E-05  5.529605E-05  1.678430E-05
 2.751500E+02  2.242671E-01  1.624956E-04  3.044658E-08  3.998884E-08  4.449738E-08  5.309094E-08  3.435826E-01  9.576880E-04  2.705451E-05  2.740401E-01  2.488103E-03  2.160551E-04  3.270819E-06  7.748431E-03  3.946909E-06  1.303480E-05  8.835561E-07  1.433191E-01  6.891310E-05  1.566399E-06  1.373101E-06  1.228781E-03  1.672494E-03  8.928048E-05  4.048018E-05  5.130942E-05  1.580837E-05
 2.761500E+02  2.253824E-01  1.610674E-04  2.942076E-08  3.865441E-08  4.301566E-08  5.133901E-08  3.437238E-01  9.350686E-04  2.499057E-05  2.751617E-01  2.448363E-03  2.021072E-04  3.176909E-06  7.586358E-03  3.698807E-06  1.225444E-05  8.429915E-07  1.412574E-01  6.535333E-05  1.509840E-06  1.322396E-06  1.205035E-03  1.640075E-03  8.320914E-05  3.756655E-05  4.763509E-05  1.489459E-05
 2.771500E+02  2.264793E-01  1.596463E-04  2.843293E-08  3.736892E-08  4.158816E-08  4.965062E-08  3.438608E-01  9.131553E-04  2.309809E-05  2.762643E-01  2.409334E-03  1.891274E-04  3.086006E-06  7.428519E-03  3.467868E-06  1.152577E-05  8.045069E-07  1.392279E-01  6.199381E-05  1.455538E-06  1.273759E-06  1.181873E-03  1.608458E-03  7.758456E-05  3.488077E-05  4.424681E-05  1.403869E-05
 2.781500E+02  2.275581E-01  1.582326E-04  2.748163E-08  3.613051E-08  4.021284E-08  4.802338E-08  3.439937E-01  8.919219E-04  2.136176E-05  2.773481E-01  2.371007E-03  1.770444E-04  2.998012E-06  7.274788E-03  3.252808E-06  1.084505E-05  7.679864E-07  1.372303E-01  5.882252E-05  1.403398E-06  1.227101E-06  1.159278E-03  1.577621E-03  7.237159E-05  3.240374E-05  4.112067E-05  1.323673E-05
 2.791500E+02  2.286190E-01  1.568269E-04  2.656545E-08  3.493740E-08  3.888771E-08  4.645501E-08  3.441226E-01  8.713434E-04  1.976772E-05  2.784134E-01  2.333370E-03  1.657923E-04  2.912831E-06  7.125048E-03  3.052444E-06  1.020885E-05  7.333210E-07  1.352643E-01  5.582821E-05  1.353328E-06  1.182337E-06  1.137236E-03  1.547541E-03  6.753804E-05  3.011802E-05  3.823488E-05  1.248505E-05
 2.801500E+02  2.296622E-01  1.554295E-04  2.568305E-08  3.378785E-08  3.761086E-08  4.494327E-08  3.442479E-01  8.513958E-04  1.830341E-05  2.794604E-01  2.296414E-03  1.553105E-04  2.830370E-06  6.979182E-03  2.865687E-06  9.614023E-06  7.004082E-07  1.333296E-01  5.300032E-05  1.305243E-06  1.139385E-06  1.115731E-03  1.518199E-03  6.305437E-05  2.800774E-05  3.556959E-05  1.178024E-05
 2.811500E+02  2.306880E-01  1.540407E-04  2.483311E-08  3.268021E-08  3.638046E-08  4.348604E-08  3.443694E-01  8.320561E-04  1.695746E-05  2.804895E-01  2.260129E-03  1.455428E-04  2.750538E-06  6.837077E-03  2.691536E-06  9.057629E-06  6.691516E-07  1.314258E-01  5.032896E-05  1.259058E-06  1.098167E-06  1.094749E-03  1.489573E-03  5.889347E-05  2.605845E-05  3.310670E-05  1.111915E-05
 2.821500E+02  2.316965E-01  1.526609E-04  2.401439E-08  3.161287E-08  3.519474E-08  4.208127E-08  3.444875E-01  8.133023E-04  1.571956E-05  2.815009E-01  2.224504E-03  1.364375E-04  2.673249E-06  6.698626E-03  2.529069E-06  8.536968E-06  6.394603E-07  1.295526E-01  4.780485E-05  1.214694E-06  1.058609E-06  1.074275E-03  1.461644E-03  5.503047E-05  2.425692E-05  3.082966E-05  1.049886E-05
 2.831500E+02  2.326880E-01  1.512904E-04  2.322569E-08  3.058430E-08  3.405200E-08  4.072697E-08  3.446023E-01  7.951131E-04  1.458037E-05  2.824950E-01  2.189530E-03  1.279468E-04  2.598417E-06  6.563722E-03  2.377433E-06  8.049542E-06  6.112488E-07  1.277098E-01  4.541931E-05  1.172074E-06  1.020639E-06  1.054295E-03  1.434393E-03  5.144251E-05  2.259113E-05  2.872339E-05  9.916647E-06
 2.841500E+02  2.336628E-01  1.499295E-04  2.246584E-08  2.959302E-08  3.295060E-08  3.942126E-08  3.447138E-01  7.774683E-04  1.353139E-05  2.834719E-01  2.155195E-03  1.200266E-04  2.525960E-06  6.432263E-03  2.235847E-06  7.593039E-06  5.844368E-07  1.258969E-01  4.316418E-05  1.131125E-06  9.841901E-07  1.034796E-03  1.407801E-03  4.810862E-05  2.105006E-05  2.677411E-05  9.369983E-06
 2.851500E+02  2.346210E-01  1.485785E-04  2.173375E-08  2.863761E-08  3.188897E-08  3.816229E-08  3.448222E-01  7.603485E-04  1.256492E-05  2.844320E-01  2.121490E-03  1.126359E-04  2.455800E-06  6.304150E-03  2.103585E-06  7.165322E-06  5.589484E-07  1.241135E-01  4.103181E-05  1.091778E-06  9.491966E-07  1.015765E-03  1.381850E-03  4.500950E-05  1.962367E-05  2.496922E-05  8.856523E-06
 2.861500E+02  2.355629E-01  1.472375E-04  2.102832E-08  2.771669E-08  3.086561E-08  3.694831E-08  3.449275E-01  7.437349E-04  1.167396E-05  2.853755E-01  2.088403E-03  1.057370E-04  2.387860E-06  6.179287E-03  1.979981E-06  6.764411E-06  5.347123E-07  1.223594E-01  3.901504E-05  1.053966E-06  9.155965E-07  9.971893E-04  1.356523E-03  4.212743E-05  1.830276E-05  2.329719E-05  8.374086E-06
 2.871500E+02  2.364888E-01  1.459069E-04  2.034855E-08  2.682897E-08  2.987904E-08  3.577763E-08  3.450300E-01  7.276095E-04  1.085214E-05  2.863027E-01  2.055925E-03  9.929512E-05  2.322065E-06  6.057579E-03  1.864419E-06  6.388474E-06  5.116611E-07  1.206341E-01  3.710713E-05  1.017624E-06  8.833303E-07  9.790557E-04  1.331801E-03  3.944609E-05  1.707894E-05  2.174749E-05  7.920643E-06
 2.881500E+02  2.373988E-01  1.445869E-04  1.969344E-08  2.597317E-08  2.892788E-08  3.464860E-08  3.451296E-01  7.119552E-04  1.009365E-05  2.872139E-01  2.024046E-03  9.327784E-05  2.258343E-06  5.938938E-03  1.756330E-06  6.035811E-06  4.897315E-07  1.189373E-01  3.530177E-05  9.826915E-07  8.523413E-07  9.613527E-04  1.307669E-03  3.695047E-05  1.594451E-05  2.031047E-05  7.494307E-06
 2.891500E+02  2.382932E-01  1.432776E-04  1.906205E-08  2.514807E-08  2.801078E-08  3.355966E-08  3.452266E-01  6.967555E-04  9.393241E-06  2.881093E-01  1.992755E-03  8.765532E-05  2.196626E-06  5.823274E-03  1.655187E-06  5.704851E-06  4.688638E-07  1.172686E-01  3.359303E-05  9.491097E-07  8.225752E-07  9.440684E-04  1.284110E-03  3.462677E-05  1.489243E-05  1.897729E-05  7.093323E-06
 2.901500E+02  2.391722E-01  1.419793E-04  1.845346E-08  2.435250E-08  2.712645E-08  3.250931E-08  3.453209E-01  6.819944E-04  8.746091E-06  2.889891E-01  1.962042E-03  8.239990E-05  2.136845E-06  5.710504E-03  1.560506E-06  5.394133E-06  4.490016E-07  1.156276E-01  3.197534E-05  9.168224E-07  7.939802E-07  9.271915E-04  1.261109E-03  3.246226E-05  1.391626E-05  1.773985E-05  6.716056E-06
 2.911500E+02  2.400361E-01  1.406921E-04  1.786679E-08  2.358535E-08  2.627363E-08  3.149609E-08  3.454127E-01  6.676568E-04  8.147825E-06  2.898537E-01  1.931897E-03  7.748597E-05  2.078936E-06  5.600544E-03  1.471835E-06  5.102305E-06  4.300918E-07  1.140140E-01  3.044348E-05  8.857760E-07  7.665065E-07  9.107111E-04  1.238651E-03  3.044521E-05  1.301010E-05  1.659074E-05  6.360986E-06
 2.921500E+02  2.408851E-01  1.394162E-04  1.730121E-08  2.284553E-08  2.545114E-08  3.051860E-08  3.455021E-01  6.537279E-04  7.594449E-06  2.907033E-01  1.902310E-03  7.288980E-05  2.022837E-06  5.493315E-03  1.388760E-06  4.828110E-06  4.120844E-07  1.124273E-01  2.899254E-05  8.559191E-07  7.401069E-07  8.946163E-04  1.216720E-03  2.856483E-05  1.216851E-05  1.552315E-05  6.026696E-06
 2.931500E+02  2.417194E-01  1.381517E-04  1.675590E-08  2.213200E-08  2.465783E-08  2.957550E-08  3.455891E-01  6.401939E-04  7.082319E-06  2.915381E-01  1.873270E-03  6.858942E-05  1.968486E-06  5.388739E-03  1.310896E-06  4.570383E-06  3.949320E-07  1.108672E-01  2.761792E-05  8.272026E-07  7.147359E-07  8.788967E-04  1.195303E-03  2.681115E-05  1.138653E-05  1.453083E-05  5.711865E-06
 2.941500E+02  2.425393E-01  1.368987E-04  1.623009E-08  2.144377E-08  2.389258E-08  2.866551E-08  3.456738E-01  6.270410E-04  6.608106E-06  2.923584E-01  1.844769E-03  6.456446E-05  1.915825E-06  5.286741E-03  1.237886E-06  4.328041E-06  3.785900E-07  1.093333E-01  2.631528E-05  7.995794E-07  6.903504E-07  8.635423E-04  1.174385E-03  2.517499E-05  1.065961E-05  1.360805E-05  5.415263E-06
 2.951500E+02  2.433450E-01  1.356573E-04  1.572303E-08  2.077987E-08  2.315433E-08  2.778736E-08  3.457563E-01  6.142565E-04  6.168771E-06  2.931644E-01  1.816797E-03  6.079604E-05  1.864798E-06  5.187248E-03  1.169399E-06  4.100079E-06  3.630164E-07  1.078252E-01  2.508055E-05  7.730046E-07  6.669088E-07  8.485433E-04  1.153953E-03  2.364787E-05  9.983552E-06  1.274954E-05  5.135743E-06
 2.961500E+02  2.441367E-01  1.344276E-04  1.523400E-08  2.013937E-08  2.244207E-08  2.693988E-08  3.458367E-01  6.018277E-04  5.761535E-06  2.939564E-01  1.789343E-03  5.726665E-05  1.815350E-06  5.090190E-03  1.105131E-06  3.885561E-06  3.481713E-07  1.063425E-01  2.390991E-05  7.474350E-07  6.443716E-07  8.338900E-04  1.133994E-03  2.222197E-05  9.354511E-06  1.195046E-05  4.872236E-06
 2.971500E+02  2.449147E-01  1.332098E-04  1.476232E-08  1.952141E-08  2.175481E-08  2.612191E-08  3.459150E-01  5.897427E-04  5.383856E-06  2.947346E-01  1.762398E-03  5.396004E-05  1.767427E-06  4.995498E-03  1.044797E-06  3.683618E-06  3.340174E-07  1.048848E-01  2.279975E-05  7.228294E-07  6.227009E-07  8.195733E-04  1.114495E-03  2.089005E-05  8.768951E-06  1.120635E-05  4.623743E-06
 2.981500E+02  2.456792E-01  1.320038E-04  1.430731E-08  1.892511E-08  2.109161E-08  2.533235E-08  3.459913E-01  5.779901E-04  5.033410E-06  2.954993E-01  1.735953E-03  5.086113E-05  1.720980E-06  4.903106E-03  9.881345E-07  3.493443E-06  3.205191E-07  1.034519E-01  2.174671E-05  6.991484E-07  6.018606E-07  8.055842E-04  1.095444E-03  1.964545E-05  8.223622E-06  1.051314E-05  4.389335E-06
 2.991500E+02  2.464303E-01  1.308097E-04  1.386836E-08  1.834967E-08  2.045156E-08  2.457013E-08  3.460657E-01  5.665586E-04  4.708067E-06  2.962506E-01  1.709998E-03  4.795595E-05  1.675958E-06  4.812949E-03  9.348988E-07  3.314282E-06  3.076430E-07  1.020431E-01  2.074759E-05  6.763542E-07  5.818161E-07  7.919138E-04  1.076829E-03  1.848198E-05  7.715533E-06  9.867036E-06  4.168141E-06
 3.001500E+02  2.471684E-01  1.296276E-04  1.344483E-08  1.779429E-08  1.983378E-08  2.383424E-08  3.461382E-01  5.554377E-04  4.405876E-06  2.969889E-01  1.684525E-03  4.523149E-05  1.632315E-06  4.724965E-03  8.848634E-07  3.145436E-06  2.953574E-07  1.006583E-01  1.979941E-05  6.544106E-07  5.625343E-07  7.785539E-04  1.058638E-03  1.739394E-05  7.241931E-06  9.264588E-06  3.959350E-06
 3.011500E+02  2.478936E-01  1.284576E-04  1.303616E-08  1.725823E-08  1.923745E-08  2.312368E-08  3.462088E-01  5.446172E-04  4.125049E-06  2.977142E-01  1.659525E-03  4.267569E-05  1.590003E-06  4.639093E-03  8.378179E-07  2.986252E-06  2.836324E-07  9.929695E-02  1.889936E-05  6.332832E-07  5.439835E-07  7.654961E-04  1.040859E-03  1.637607E-05  6.800282E-06  8.702596E-06  3.762205E-06
 3.021500E+02  2.486063E-01  1.272995E-04  1.264177E-08  1.674074E-08  1.866175E-08  2.243752E-08  3.462777E-01  5.340870E-04  3.863947E-06  2.984270E-01  1.634987E-03  4.027733E-05  1.548980E-06  4.555275E-03  7.935668E-07  2.836122E-06  2.724398E-07  9.795875E-02  1.804477E-05  6.129387E-07  5.261336E-07  7.527324E-04  1.023483E-03  1.542346E-05  6.388250E-06  8.178114E-06  3.575997E-06
 3.031500E+02  2.493065E-01  1.261535E-04  1.226112E-08  1.624114E-08  1.810591E-08  2.177486E-08  3.463449E-01  5.238379E-04  3.621066E-06  2.991273E-01  1.610904E-03  3.802601E-05  1.509202E-06  4.473454E-03  7.519284E-07  2.694482E-06  2.617529E-07  9.664331E-02  1.723317E-05  5.933455E-07  5.089556E-07  7.402551E-04  1.006497E-03  1.453162E-05  6.003683E-06  7.688431E-06  3.400064E-06
 3.041500E+02  2.499945E-01  1.250196E-04  1.189369E-08  1.575875E-08  1.756918E-08  2.113480E-08  3.464105E-01  5.138606E-04  3.395023E-06  2.998154E-01  1.587267E-03  3.591202E-05  1.470628E-06  4.393575E-03  7.127336E-07  2.560802E-06  2.515463E-07  9.535025E-02  1.646220E-05  5.744732E-07  4.924218E-07  7.280566E-04  9.898926E-04  1.369633E-05  5.644596E-06  7.231040E-06  3.233787E-06
 3.051500E+02  2.506705E-01  1.238978E-04  1.153898E-08  1.529293E-08  1.705086E-08  2.051653E-08  3.464744E-01  5.041463E-04  3.184551E-06  3.004916E-01  1.564068E-03  3.392637E-05  1.433217E-06  4.315583E-03  6.758253E-07  2.434591E-06  2.417963E-07  9.407921E-02  1.572965E-05  5.562929E-07  4.765058E-07  7.161297E-04  9.736588E-04  1.291374E-05  5.309160E-06  6.803633E-06  3.076587E-06
 3.061500E+02  2.513347E-01  1.227879E-04  1.119652E-08  1.484306E-08  1.655025E-08  1.991922E-08  3.465368E-01  4.946866E-04  2.988483E-06  3.011560E-01  1.541297E-03  3.206067E-05  1.396932E-06  4.239427E-03  6.410573E-07  2.315390E-06  2.324801E-07  9.282982E-02  1.503345E-05  5.387767E-07  4.611823E-07  7.044673E-04  9.577861E-04  1.218025E-05  4.995683E-06  6.404075E-06  2.927924E-06
 3.071500E+02  2.519874E-01  1.216902E-04  1.086584E-08  1.440854E-08  1.606669E-08  1.934211E-08  3.465977E-01  4.854734E-04  2.805747E-06  3.018088E-01  1.518947E-03  3.030713E-05  1.361734E-06  4.165058E-03  6.082935E-07  2.202768E-06  2.235764E-07  9.160172E-02  1.437162E-05  5.218979E-07  4.464271E-07  6.930624E-04  9.422649E-04  1.149253E-05  4.702607E-06  6.030397E-06  2.787290E-06
 3.081500E+02  2.526287E-01  1.206044E-04  1.054649E-08  1.398880E-08  1.559955E-08  1.878445E-08  3.466571E-01  4.764988E-04  2.635358E-06  3.024503E-01  1.497009E-03  2.865849E-05  1.327589E-06  4.092425E-03  5.774070E-07  2.096328E-06  2.150649E-07  9.039455E-02  1.374233E-05  5.056312E-07  4.322171E-07  6.819083E-04  9.270862E-04  1.084748E-05  4.428489E-06  5.680779E-06  2.654212E-06
 3.091500E+02  2.532589E-01  1.195306E-04  1.023806E-08  1.358330E-08  1.514823E-08  1.824551E-08  3.467150E-01  4.677553E-04  2.476408E-06  3.030806E-01  1.475476E-03  2.710798E-05  1.294462E-06  4.021481E-03  5.482798E-07  1.995694E-06  2.069265E-07  8.920795E-02  1.314382E-05  4.899521E-07  4.185301E-07  6.709985E-04  9.122409E-04  1.024224E-05  4.171999E-06  5.353537E-06  2.528245E-06
 3.101500E+02  2.538781E-01  1.184687E-04  9.940138E-09  1.319149E-08  1.471212E-08  1.772463E-08  3.467716E-01  4.592356E-04  2.328060E-06  3.037000E-01  1.454340E-03  2.564932E-05  1.262318E-06  3.952182E-03  5.208019E-07  1.900517E-06  1.991430E-07  8.804158E-02  1.257447E-05  4.748372E-07  4.053449E-07  6.603268E-04  8.977204E-04  9.674149E-06  3.931905E-06  5.047115E-06  2.408973E-06
 3.111500E+02  2.544865E-01  1.174188E-04  9.652324E-09  1.281288E-08  1.429068E-08  1.722112E-08  3.468269E-01  4.509326E-04  2.189545E-06  3.043087E-01  1.433592E-03  2.427664E-05  1.231126E-06  3.884481E-03  4.948706E-07  1.810471E-06  1.916972E-07  8.689508E-02  1.203271E-05  4.602642E-07  3.926412E-07  6.498870E-04  8.835163E-04  9.140742E-06  3.707068E-06  4.760073E-06  2.296006E-06
 3.121500E+02  2.550844E-01  1.163807E-04  9.374245E-09  1.244697E-08  1.388336E-08  1.673436E-08  3.468808E-01  4.428397E-04  2.060152E-06  3.049068E-01  1.413225E-03  2.298448E-05  1.200855E-06  3.818336E-03  4.703903E-07  1.725251E-06  1.845727E-07  8.576811E-02  1.151709E-05  4.462116E-07  3.803997E-07  6.396730E-04  8.696204E-04  8.639721E-06  3.496434E-06  4.491077E-06  2.188980E-06
 3.131500E+02  2.556719E-01  1.153543E-04  9.105539E-09  1.209330E-08  1.348963E-08  1.626373E-08  3.469335E-01  4.349503E-04  1.939227E-06  3.054945E-01  1.393233E-03  2.176774E-05  1.171474E-06  3.753705E-03  4.472717E-07  1.644571E-06  1.777543E-07  8.466033E-02  1.102624E-05  4.326589E-07  3.686018E-07  6.296792E-04  8.560248E-04  8.168956E-06  3.299027E-06  4.238894E-06  2.087552E-06
 3.141500E+02  2.562492E-01  1.143397E-04  8.845859E-09  1.175142E-08  1.310900E-08  1.580864E-08  3.469850E-01  4.272581E-04  1.826166E-06  3.060721E-01  1.373606E-03  2.062167E-05  1.142954E-06  3.690547E-03  4.254315E-07  1.568164E-06  1.712272E-07  8.357140E-02  1.055886E-05  4.195865E-07  3.572297E-07  6.198999E-04  8.427217E-04  7.726465E-06  3.113944E-06  4.002380E-06  1.991401E-06
 3.151500E+02  2.568165E-01  1.133368E-04  8.594869E-09  1.142089E-08  1.274100E-08  1.536853E-08  3.470352E-01  4.197571E-04  1.720412E-06  3.066397E-01  1.354339E-03  1.954184E-05  1.115268E-06  3.628822E-03  4.047918E-07  1.495779E-06  1.649775E-07  8.250100E-02  1.011371E-05  4.069755E-07  3.462665E-07  6.103297E-04  8.297038E-04  7.310407E-06  2.940348E-06  3.780475E-06  1.900225E-06
 3.161500E+02  2.573739E-01  1.123455E-04  8.352248E-09  1.110130E-08  1.238515E-08  1.494286E-08  3.470843E-01  4.124415E-04  1.621449E-06  3.071976E-01  1.335423E-03  1.852411E-05  1.088388E-06  3.568493E-03  3.852801E-07  1.427183E-06  1.589922E-07  8.144879E-02  9.689639E-06  3.948079E-07  3.356958E-07  6.009632E-04  8.169636E-04  6.919068E-06  2.777462E-06  3.572196E-06  1.813743E-06
 3.171500E+02  2.579218E-01  1.113657E-04  8.117689E-09  1.079224E-08  1.204101E-08  1.453109E-08  3.471323E-01  4.053056E-04  1.528801E-06  3.077458E-01  1.316853E-03  1.756463E-05  1.062287E-06  3.509522E-03  3.668284E-07  1.362157E-06  1.532588E-07  8.041446E-02  9.285560E-06  3.830663E-07  3.255021E-07  5.917952E-04  8.044942E-04  6.550853E-06  2.624568E-06  3.376631E-06  1.731688E-06
 3.181500E+02  2.584602E-01  1.103974E-04  7.890894E-09  1.049334E-08  1.170816E-08  1.413273E-08  3.471792E-01  3.983439E-04  1.442028E-06  3.082845E-01  1.298621E-03  1.665978E-05  1.036942E-06  3.451874E-03  3.493732E-07  1.300494E-06  1.477653E-07  7.939769E-02  8.900439E-06  3.717343E-07  3.156704E-07  5.828208E-04  7.922887E-04  6.204280E-06  2.480997E-06  3.192936E-06  1.653812E-06
 3.191500E+02  2.589892E-01  1.094404E-04  7.671580E-09  1.020422E-08  1.138618E-08  1.374729E-08  3.472250E-01  3.915514E-04  1.360725E-06  3.088141E-01  1.280720E-03  1.580622E-05  1.012327E-06  3.395512E-03  3.328553E-07  1.242003E-06  1.425007E-07  7.839815E-02  8.533301E-06  3.607960E-07  3.061865E-07  5.740351E-04  7.803404E-04  5.877966E-06  2.346130E-06  3.020324E-06  1.579881E-06
 3.201500E+02  2.595092E-01  1.084948E-04  7.459471E-09  9.924533E-09  1.107469E-08  1.337431E-08  3.472698E-01  3.849228E-04  1.284514E-06  3.093345E-01  1.263144E-03  1.500078E-05  9.884186E-07  3.340403E-03  3.172192E-07  1.186502E-06  1.374542E-07  7.741555E-02  8.183225E-06  3.502361E-07  2.970367E-07  5.654333E-04  7.686429E-04  5.570625E-06  2.219392E-06  2.858065E-06  1.509675E-06
 3.211500E+02  2.600203E-01  1.075603E-04  7.254306E-09  9.653929E-09  1.077330E-08  1.301335E-08  3.473135E-01  3.784534E-04  1.213046E-06  3.098460E-01  1.245887E-03  1.424055E-05  9.651945E-07  3.286515E-03  3.024128E-07  1.133822E-06  1.326157E-07  7.644957E-02  7.849342E-06  3.400400E-07  2.882079E-07  5.570109E-04  7.571898E-04  5.281057E-06  2.100249E-06  2.705484E-06  1.442987E-06
 3.221500E+02  2.605225E-01  1.066370E-04  7.055831E-09  9.392083E-09  1.048165E-08  1.266396E-08  3.473563E-01  3.721384E-04  1.146000E-06  3.103487E-01  1.228942E-03  1.352276E-05  9.426325E-07  3.233814E-03  2.883877E-07  1.083804E-06  1.279757E-07  7.549992E-02  7.530831E-06  3.301939E-07  2.796875E-07  5.487634E-04  7.459750E-04  5.008145E-06  1.988203E-06  2.561949E-06  1.379624E-06
 3.231500E+02  2.610162E-01  1.057246E-04  6.863804E-09  9.138680E-09  1.019938E-08  1.232574E-08  3.473982E-01  3.659733E-04  1.083075E-06  3.108429E-01  1.212302E-03  1.284485E-05  9.207114E-07  3.182271E-03  2.750982E-07  1.036300E-06  1.235251E-07  7.456631E-02  7.226913E-06  3.206842E-07  2.714636E-07  5.406864E-04  7.349926E-04  4.750846E-06  1.882795E-06  2.426876E-06  1.319403E-06
 3.241500E+02  2.615014E-01  1.048232E-04  6.677991E-09  8.893416E-09  9.926170E-09  1.199829E-08  3.474391E-01  3.599537E-04  1.023996E-06  3.113286E-01  1.195962E-03  1.220442E-05  8.994109E-07  3.131855E-03  2.625019E-07  9.911679E-07  1.192551E-07  7.364843E-02  6.936855E-06  3.114982E-07  2.635247E-07  5.327757E-04  7.242369E-04  4.508189E-06  1.783594E-06  2.299719E-06  1.262152E-06
 3.251500E+02  2.619783E-01  1.039327E-04  6.498168E-09  8.655999E-09  9.661685E-09  1.168123E-08  3.474791E-01  3.540753E-04  9.685046E-07  3.118061E-01  1.179916E-03  1.159923E-05  8.787110E-07  3.082536E-03  2.505586E-07  9.482775E-07  1.151575E-07  7.274601E-02  6.659962E-06  3.026236E-07  2.558597E-07  5.250273E-04  7.137021E-04  4.279266E-06  1.690202E-06  2.179972E-06  1.207711E-06
 3.261500E+02  2.624471E-01  1.030529E-04  6.324119E-09  8.426149E-09  9.405616E-09  1.137418E-08  3.475182E-01  3.483340E-04  9.163627E-07  3.122754E-01  1.164158E-03  1.102717E-05  8.585928E-07  3.034286E-03  2.392310E-07  9.075049E-07  1.112246E-07  7.185876E-02  6.395577E-06  2.940485E-07  2.484580E-07  5.174370E-04  7.033829E-04  4.063230E-06  1.602247E-06  2.067163E-06  1.155926E-06
 3.271500E+02  2.629078E-01  1.021837E-04  6.155637E-09  8.203597E-09  9.157664E-09  1.107680E-08  3.475565E-01  3.427260E-04  8.673489E-07  3.127368E-01  1.148682E-03  1.048627E-05  8.390379E-07  2.987078E-03  2.284841E-07  8.687339E-07  1.074490E-07  7.098640E-02  6.143078E-06  2.857617E-07  2.413095E-07  5.100011E-04  6.932739E-04  3.859293E-06  1.519383E-06  1.960852E-06  1.106655E-06
 3.281500E+02  2.633608E-01  1.013251E-04  5.992522E-09  7.988083E-09  8.917540E-09  1.078874E-08  3.475939E-01  3.372474E-04  8.212578E-07  3.131903E-01  1.133482E-03  9.974700E-06  8.200283E-07  2.940885E-03  2.182847E-07  8.318553E-07  1.038234E-07  7.012867E-02  5.901876E-06  2.777522E-07  2.344046E-07  5.027158E-04  6.833700E-04  3.666714E-06  1.441288E-06  1.860630E-06  1.059763E-06
 3.291500E+02  2.638060E-01  1.004769E-04  5.834584E-09  7.779357E-09  8.684968E-09  1.050968E-08  3.476306E-01  3.318944E-04  7.778985E-07  3.136362E-01  1.118554E-03  9.490721E-06  8.015470E-07  2.895680E-03  2.086022E-07  7.967665E-07  1.003414E-07  6.928529E-02  5.671416E-06  2.700097E-07  2.277339E-07  4.955774E-04  6.736662E-04  3.484805E-06  1.367662E-06  1.766115E-06  1.015123E-06
 3.301500E+02  2.642438E-01  9.963904E-05  5.681637E-09  7.577180E-09  8.459681E-09  1.023930E-08  3.476664E-01  3.266635E-04  7.370935E-07  3.140746E-01  1.103890E-03  9.032722E-06  7.835773E-07  2.851439E-03  1.994074E-07  7.633707E-07  9.699636E-08  6.845600E-02  5.451169E-06  2.625242E-07  2.212885E-07  4.885823E-04  6.641576E-04  3.312920E-06  1.298226E-06  1.676953E-06  9.726162E-07
 3.311500E+02  2.646741E-01  9.881142E-05  5.533504E-09  7.381321E-09  8.241423E-09  9.977297E-09  3.477015E-01  3.215513E-04  6.986779E-07  3.145056E-01  1.089487E-03  8.599187E-06  7.661032E-07  2.808137E-03  1.906732E-07  7.315772E-07  9.378235E-08  6.764054E-02  5.240638E-06  2.552860E-07  2.150599E-07  4.817271E-04  6.548394E-04  3.150458E-06  1.232718E-06  1.592811E-06  9.321296E-07
 3.321500E+02  2.650971E-01  9.799393E-05  5.390016E-09  7.191558E-09  8.029947E-09  9.723380E-09  3.477358E-01  3.165545E-04  6.624984E-07  3.149293E-01  1.075339E-03  8.188695E-06  7.491091E-07  2.765750E-03  1.823740E-07  7.013003E-07  9.069356E-08  6.683865E-02  5.039348E-06  2.482860E-07  2.090399E-07  4.750084E-04  6.457071E-04  2.996854E-06  1.170895E-06  1.513379E-06  8.935570E-07
 3.331500E+02  2.655131E-01  9.718645E-05  5.251008E-09  7.007677E-09  7.825016E-09  9.477268E-09  3.477695E-01  3.116697E-04  6.284121E-07  3.153460E-01  1.061441E-03  7.799915E-06  7.325802E-07  2.724255E-03  1.744858E-07  6.724595E-07  8.772450E-08  6.605008E-02  4.846852E-06  2.415155E-07  2.032206E-07  4.684229E-04  6.367562E-04  2.851581E-06  1.112531E-06  1.438370E-06  8.567984E-07
 3.341500E+02  2.659220E-01  9.638889E-05  5.116324E-09  6.829473E-09  7.626402E-09  9.238690E-09  3.478024E-01  3.068939E-04  5.962861E-07  3.157556E-01  1.047788E-03  7.431597E-06  7.165019E-07  2.683629E-03  1.669859E-07  6.449788E-07  8.486993E-08  6.527460E-02  4.662726E-06  2.349658E-07  1.975945E-07  4.619675E-04  6.279823E-04  2.714145E-06  1.057413E-06  1.367512E-06  8.217594E-07
 3.351500E+02  2.663241E-01  9.560114E-05  4.985810E-09  6.656749E-09  7.433885E-09  9.007386E-09  3.478346E-01  3.022241E-04  5.659969E-07  3.161585E-01  1.034374E-03  7.082569E-06  7.008603E-07  2.643851E-03  1.598533E-07  6.187868E-07  8.212487E-08  6.451195E-02  4.486567E-06  2.286289E-07  1.921544E-07  4.556389E-04  6.193812E-04  2.584086E-06  1.005344E-06  1.300554E-06  7.883509E-07
 3.361500E+02  2.667195E-01  9.482309E-05  4.859322E-09  6.489314E-09  7.247255E-09  8.783107E-09  3.478661E-01  2.976573E-04  5.374290E-07  3.165546E-01  1.021196E-03  6.751732E-06  6.856419E-07  2.604899E-03  1.530678E-07  5.938162E-07  7.948459E-08  6.376190E-02  4.317995E-06  2.224969E-07  1.868933E-07  4.494343E-04  6.109487E-04  2.460969E-06  9.561384E-07  1.237262E-06  7.564888E-07
 3.371500E+02  2.671083E-01  9.405463E-05  4.736719E-09  6.326985E-09  7.066307E-09  8.565610E-09  3.478970E-01  2.931908E-04  5.104751E-07  3.169441E-01  1.008249E-03  6.438052E-06  6.708336E-07  2.566753E-03  1.466109E-07  5.700033E-07  7.694457E-08  6.302421E-02  4.156648E-06  2.165625E-07  1.818046E-07  4.433506E-04  6.026808E-04  2.344390E-06  9.096242E-07  1.177414E-06  7.260939E-07
 3.381500E+02  2.674906E-01  9.329566E-05  4.617867E-09  6.169586E-09  6.890846E-09  8.354663E-09  3.479272E-01  2.888217E-04  4.850349E-07  3.173272E-01  9.955268E-04  6.140561E-06  6.564229E-07  2.529393E-03  1.404647E-07  5.472882E-07  7.450051E-08  6.229865E-02  4.002184E-06  2.108184E-07  1.768820E-07  4.373851E-04  5.945737E-04  2.233969E-06  8.656398E-07  1.120805E-06  6.970912E-07
 3.391500E+02  2.678665E-01  9.254606E-05  4.502635E-09  6.016948E-09  6.720684E-09  8.150044E-09  3.479569E-01  2.845474E-04  4.610151E-07  3.177039E-01  9.830263E-04  5.858347E-06  6.423974E-07  2.492798E-03  1.346127E-07  5.256145E-07  7.214831E-08  6.158501E-02  3.854276E-06  2.052577E-07  1.721192E-07  4.315348E-04  5.866236E-04  2.129350E-06  8.240343E-07  1.067242E-06  6.694101E-07
 3.401500E+02  2.682362E-01  9.180573E-05  4.390898E-09  5.868907E-09  6.555639E-09  7.951537E-09  3.479859E-01  2.803655E-04  4.383285E-07  3.180744E-01  9.707428E-04  5.590556E-06  6.287456E-07  2.456951E-03  1.290392E-07  5.049289E-07  6.988406E-08  6.088306E-02  3.712618E-06  1.998737E-07  1.675104E-07  4.257972E-04  5.788267E-04  2.030200E-06  7.846663E-07  1.016547E-06  6.429836E-07
 3.411500E+02  2.685998E-01  9.107456E-05  4.282537E-09  5.725307E-09  6.395537E-09  7.758935E-09  3.480143E-01  2.762733E-04  4.168937E-07  3.184388E-01  9.586718E-04  5.336383E-06  6.154559E-07  2.421833E-03  1.237295E-07  4.851809E-07  6.770405E-08  6.019257E-02  3.576915E-06  1.946601E-07  1.630501E-07  4.201696E-04  5.711795E-04  1.936205E-06  7.474040E-07  9.685493E-07  6.177488E-07
 3.421500E+02  2.689574E-01  9.035244E-05  4.177436E-09  5.585996E-09  6.240210E-09  7.572039E-09  3.480421E-01  2.722685E-04  3.966348E-07  3.187973E-01  9.468093E-04  5.095072E-06  6.025174E-07  2.387426E-03  1.186697E-07  4.663232E-07  6.560473E-08  5.951335E-02  3.446892E-06  1.896109E-07  1.587327E-07  4.146494E-04  5.636784E-04  1.847073E-06  7.121236E-07  9.230923E-07  5.936458E-07
 3.431500E+02  2.693091E-01  8.963926E-05  4.075483E-09  5.450828E-09  6.089495E-09  7.390656E-09  3.480694E-01  2.683488E-04  3.774808E-07  3.191498E-01  9.351510E-04  4.865914E-06  5.899194E-07  2.353713E-03  1.138467E-07  4.483107E-07  6.358271E-08  5.884517E-02  3.322283E-06  1.847200E-07  1.545530E-07  4.092341E-04  5.563201E-04  1.762527E-06  6.787093E-07  8.800278E-07  5.706184E-07
 3.441500E+02  2.696551E-01  8.893493E-05  3.976571E-09  5.319664E-09  5.943238E-09  7.214602E-09  3.480962E-01  2.645120E-04  3.593653E-07  3.194966E-01  9.236929E-04  4.648239E-06  5.776518E-07  2.320676E-03  1.092481E-07  4.311012E-07  6.163476E-08  5.818784E-02  3.202838E-06  1.799819E-07  1.505062E-07  4.039213E-04  5.491013E-04  1.682308E-06  6.470527E-07  8.392175E-07  5.486132E-07
 3.451500E+02  2.699954E-01  8.823932E-05  3.880597E-09  5.192369E-09  5.801288E-09  7.043697E-09  3.481224E-01  2.607557E-04  3.422264E-07  3.198377E-01  9.124310E-04  4.441419E-06  5.657044E-07  2.288299E-03  1.048624E-07  4.146546E-07  5.975781E-08  5.754116E-02  3.088320E-06  1.753912E-07  1.465874E-07  3.987087E-04  5.420187E-04  1.606175E-06  6.170522E-07  8.005317E-07  5.275797E-07
 3.461500E+02  2.703301E-01  8.755234E-05  3.787461E-09  5.068812E-09  5.663501E-09  6.877771E-09  3.481480E-01  2.570780E-04  3.260060E-07  3.201733E-01  9.013614E-04  4.244863E-06  5.540677E-07  2.256567E-03  1.006785E-07  3.989329E-07  5.794893E-08  5.690492E-02  2.978504E-06  1.709425E-07  1.427920E-07  3.935939E-04  5.350691E-04  1.533899E-06  5.886124E-07  7.638486E-07  5.074701E-07
 3.471500E+02  2.706594E-01  8.687387E-05  3.697068E-09  4.948868E-09  5.529736E-09  6.716658E-09  3.481732E-01  2.534767E-04  3.106501E-07  3.205035E-01  8.904802E-04  4.058014E-06  5.427325E-07  2.225463E-03  9.668612E-08  3.839005E-07  5.620530E-08  5.627893E-02  2.873173E-06  1.666310E-07  1.391155E-07  3.885747E-04  5.282496E-04  1.465264E-06  5.616442E-07  7.290541E-07  4.882394E-07
 3.481500E+02  2.709833E-01  8.620382E-05  3.609326E-09  4.832418E-09  5.399861E-09  6.560199E-09  3.481979E-01  2.499499E-04  2.961077E-07  3.208283E-01  8.797839E-04  3.880347E-06  5.316897E-07  2.194973E-03  9.287544E-08  3.695234E-07  5.452426E-08  5.566300E-02  2.772125E-06  1.624519E-07  1.355538E-07  3.836490E-04  5.215572E-04  1.400071E-06  5.360637E-07  6.960413E-07  4.698448E-07
 3.491500E+02  2.713020E-01  8.554207E-05  3.524146E-09  4.719343E-09  5.273747E-09  6.408239E-09  3.482221E-01  2.464957E-04  2.823314E-07  3.211478E-01  8.692687E-04  3.711369E-06  5.209306E-07  2.165082E-03  8.923724E-08  3.557696E-07  5.290325E-08  5.505694E-02  2.675166E-06  1.584004E-07  1.321028E-07  3.788145E-04  5.149889E-04  1.338130E-06  5.117924E-07  6.647096E-07  4.522457E-07
 3.501500E+02  2.716155E-01  8.488853E-05  3.441442E-09  4.609534E-09  5.151267E-09  6.260631E-09  3.482458E-01  2.431121E-04  2.692767E-07  3.214622E-01  8.589310E-04  3.550614E-06  5.104469E-07  2.135776E-03  8.576282E-08  3.426088E-07  5.133983E-08  5.446058E-02  2.582112E-06  1.544721E-07  1.287585E-07  3.740692E-04  5.085420E-04  1.279262E-06  4.887564E-07  6.349648E-07  4.354039E-07
 3.511500E+02  2.719240E-01  8.424308E-05  3.361132E-09  4.502881E-09  5.032304E-09  6.117233E-09  3.482691E-01  2.397975E-04  2.569018E-07  3.217716E-01  8.487673E-04  3.397645E-06  5.002304E-07  2.107040E-03  8.244395E-08  3.300124E-07  4.983167E-08  5.387373E-02  2.492787E-06  1.506627E-07  1.255172E-07  3.694112E-04  5.022136E-04  1.223300E-06  4.668866E-07  6.067183E-07  4.192830E-07
 3.521500E+02  2.722276E-01  8.360563E-05  3.283137E-09  4.399281E-09  4.916741E-09  5.977906E-09  3.482919E-01  2.365499E-04  2.451678E-07  3.220760E-01  8.387742E-04  3.252049E-06  4.902731E-07  2.078862E-03  7.927284E-08  3.179531E-07  4.837656E-08  5.329621E-02  2.407024E-06  1.469683E-07  1.223752E-07  3.648384E-04  4.960012E-04  1.170086E-06  4.461179E-07  5.798870E-07  4.038485E-07
 3.531500E+02  2.725262E-01  8.297607E-05  3.207380E-09  4.298634E-09  4.804466E-09  5.842518E-09  3.483142E-01  2.333678E-04  2.340380E-07  3.223756E-01  8.289484E-04  3.113435E-06  4.805676E-07  2.051227E-03  7.624214E-08  3.064053E-07  4.697236E-08  5.272786E-02  2.324666E-06  1.433846E-07  1.193291E-07  3.603489E-04  4.899021E-04  1.119472E-06  4.263893E-07  5.543926E-07  3.890680E-07
 3.541500E+02  2.728201E-01  8.235431E-05  3.133788E-09  4.200843E-09  4.695373E-09  5.710942E-09  3.483362E-01  2.302495E-04  2.234781E-07  3.226703E-01  8.192866E-04  2.981438E-06  4.711065E-07  2.024124E-03  7.334491E-08  2.953446E-07  4.561705E-08  5.216851E-02  2.245562E-06  1.399081E-07  1.163756E-07  3.559409E-04  4.839138E-04  1.071319E-06  4.076432E-07  5.301616E-07  3.749104E-07
 3.551500E+02  2.731093E-01  8.174023E-05  3.062290E-09  4.105815E-09  4.589357E-09  5.583054E-09  3.483577E-01  2.271933E-04  2.134557E-07  3.229605E-01  8.097855E-04  2.855711E-06  4.618826E-07  1.997540E-03  7.057457E-08  2.847478E-07  4.430868E-08  5.161798E-02  2.169567E-06  1.365349E-07  1.135114E-07  3.516126E-04  4.780338E-04  1.025494E-06  3.898258E-07  5.071251E-07  3.613465E-07
 3.561500E+02  2.733939E-01  8.113374E-05  2.992817E-09  4.013460E-09  4.486320E-09  5.458735E-09  3.483788E-01  2.241978E-04  2.039408E-07  3.232460E-01  8.004421E-04  2.735926E-06  4.528890E-07  1.971462E-03  6.792490E-08  2.745932E-07  4.304540E-08  5.107611E-02  2.096547E-06  1.332617E-07  1.107334E-07  3.473622E-04  4.722597E-04  9.818735E-07  3.728864E-07  4.852180E-07  3.483484E-07
 3.571500E+02  2.736740E-01  8.053475E-05  2.925303E-09  3.923693E-09  4.386165E-09  5.337870E-09  3.483995E-01  2.212614E-04  1.949049E-07  3.235270E-01  7.912532E-04  2.621777E-06  4.441191E-07  1.945880E-03  6.539003E-08  2.648599E-07  4.182543E-08  5.054275E-02  2.026369E-06  1.300849E-07  1.080387E-07  3.431879E-04  4.665891E-04  9.403413E-07  3.567770E-07  4.643791E-07  3.358898E-07
 3.581500E+02  2.739497E-01  7.994315E-05  2.859685E-09  3.836429E-09  4.288799E-09  5.220350E-09  3.484198E-01  2.183826E-04  1.863213E-07  3.238036E-01  7.822157E-04  2.512971E-06  4.355664E-07  1.920781E-03  6.296438E-08  2.555283E-07  4.064708E-08  5.001774E-02  1.958912E-06  1.270014E-07  1.054244E-07  3.390881E-04  4.610199E-04  9.007869E-07  3.414530E-07  4.445510E-07  3.239456E-07
 3.591500E+02  2.742211E-01  7.935884E-05  2.795902E-09  3.751588E-09  4.194132E-09  5.106067E-09  3.484398E-01  2.155600E-04  1.781651E-07  3.240758E-01  7.733269E-04  2.409235E-06  4.272247E-07  1.896154E-03  6.064268E-08  2.465798E-07  3.950873E-08  4.950092E-02  1.894057E-06  1.240079E-07  1.028877E-07  3.350612E-04  4.555496E-04  8.631067E-07  3.268720E-07  4.256796E-07  3.124920E-07
 3.601500E+02  2.744881E-01  7.878174E-05  2.733894E-09  3.669093E-09  4.102079E-09  4.994919E-09  3.484593E-01  2.127923E-04  1.704126E-07  3.243438E-01  7.645837E-04  2.310308E-06  4.190878E-07  1.871989E-03  5.841995E-08  2.379966E-07  3.840882E-08  4.899215E-02  1.831691E-06  1.211015E-07  1.004260E-07  3.311055E-04  4.501763E-04  8.272028E-07  3.129942E-07  4.077137E-07  3.015066E-07
 3.611500E+02  2.747510E-01  7.821173E-05  2.673604E-09  3.588868E-09  4.012556E-09  4.886806E-09  3.484785E-01  2.100781E-04  1.630418E-07  3.246076E-01  7.559834E-04  2.215946E-06  4.111500E-07  1.848274E-03  5.629145E-08  2.297619E-07  3.734587E-08  4.849128E-02  1.771708E-06  1.182792E-07  9.803680E-08  3.272196E-04  4.448976E-04  7.929829E-07  2.997822E-07  3.906053E-07  2.909679E-07
 3.621500E+02  2.750098E-01  7.764874E-05  2.614978E-09  3.510843E-09  3.925483E-09  4.781633E-09  3.484974E-01  2.074161E-04  1.560318E-07  3.248673E-01  7.475232E-04  2.125918E-06  4.034056E-07  1.825000E-03  5.425270E-08  2.218598E-07  3.631846E-08  4.799815E-02  1.714005E-06  1.155383E-07  9.571759E-08  3.234019E-04  4.397117E-04  7.603599E-07  2.872006E-07  3.743093E-07  2.808555E-07
 3.631500E+02  2.752646E-01  7.709266E-05  2.557963E-09  3.434946E-09  3.840783E-09  4.679307E-09  3.485159E-01  2.048051E-04  1.493632E-07  3.251229E-01  7.392004E-04  2.040003E-06  3.958491E-07  1.802156E-03  5.229947E-08  2.142752E-07  3.532522E-08  4.751264E-02  1.658487E-06  1.128760E-07  9.346603E-08  3.196509E-04  4.346165E-04  7.292515E-07  2.752162E-07  3.587828E-07  2.711502E-07
 3.641500E+02  2.755154E-01  7.654341E-05  2.502506E-09  3.361111E-09  3.758380E-09  4.579740E-09  3.485341E-01  2.022438E-04  1.430174E-07  3.253747E-01  7.310122E-04  1.957996E-06  3.884752E-07  1.779734E-03  5.042772E-08  2.069936E-07  3.436486E-08  4.703460E-02  1.605059E-06  1.102898E-07  9.127984E-08  3.159651E-04  4.296100E-04  6.995802E-07  2.637977E-07  3.439858E-07  2.618335E-07
 3.651500E+02  2.757623E-01  7.600089E-05  2.448560E-09  3.289274E-09  3.678203E-09  4.482844E-09  3.485519E-01  1.997310E-04  1.369773E-07  3.256225E-01  7.229562E-04  1.879702E-06  3.812786E-07  1.757722E-03  4.863363E-08  2.000014E-07  3.343612E-08  4.656389E-02  1.553634E-06  1.077771E-07  8.915685E-08  3.123433E-04  4.246903E-04  6.712727E-07  2.529154E-07  3.298803E-07  2.528881E-07
 3.661500E+02  2.760055E-01  7.546501E-05  2.396077E-09  3.219371E-09  3.600182E-09  4.388537E-09  3.485694E-01  1.972656E-04  1.312264E-07  3.258665E-01  7.150298E-04  1.804934E-06  3.742545E-07  1.736112E-03  4.691360E-08  1.932856E-07  3.253781E-08  4.610039E-02  1.504127E-06  1.053356E-07  8.709494E-08  3.087839E-04  4.198556E-04  6.442598E-07  2.425416E-07  3.164305E-07  2.442972E-07
 3.671500E+02  2.762448E-01  7.493568E-05  2.345010E-09  3.151342E-09  3.524249E-09  4.296739E-09  3.485866E-01  1.948464E-04  1.257495E-07  3.261068E-01  7.072305E-04  1.733518E-06  3.673981E-07  1.714896E-03  4.526419E-08  1.868339E-07  3.166879E-08  4.564395E-02  1.456458E-06  1.029628E-07  8.509209E-08  3.052858E-04  4.151040E-04  6.184761E-07  2.326500E-07  3.036026E-07  2.360453E-07
 3.681500E+02  2.764806E-01  7.441281E-05  2.295315E-09  3.085129E-09  3.450341E-09  4.207373E-09  3.486035E-01  1.924724E-04  1.205320E-07  3.263434E-01  6.995559E-04  1.665288E-06  3.607045E-07  1.694063E-03  4.368213E-08  1.806345E-07  3.082797E-08  4.519446E-02  1.410551E-06  1.006566E-07  8.314635E-08  3.018475E-04  4.104338E-04  5.938597E-07  2.232156E-07  2.913648E-07  2.281171E-07
 3.691500E+02  2.767127E-01  7.389632E-05  2.246950E-09  3.020675E-09  3.378393E-09  4.120363E-09  3.486200E-01  1.901425E-04  1.155603E-07  3.265764E-01  6.920036E-04  1.600089E-06  3.541693E-07  1.673606E-03  4.216434E-08  1.746764E-07  3.001428E-08  4.475178E-02  1.366332E-06  9.841481E-08  8.125584E-08  2.984678E-04  4.058432E-04  5.703524E-07  2.142152E-07  2.796870E-07  2.204986E-07
 3.701500E+02  2.769412E-01  7.338612E-05  2.199873E-09  2.957927E-09  3.308347E-09  4.035637E-09  3.486363E-01  1.878556E-04  1.108216E-07  3.268059E-01  6.845712E-04  1.537771E-06  3.477882E-07  1.653516E-03  4.070787E-08  1.689488E-07  2.922672E-08  4.431579E-02  1.323732E-06  9.623534E-08  7.941875E-08  2.951455E-04  4.013306E-04  5.478987E-07  2.056266E-07  2.685408E-07  2.131760E-07
 3.711500E+02  2.771663E-01  7.288212E-05  2.154045E-09  2.896832E-09  3.240144E-09  3.953126E-09  3.486523E-01  1.856108E-04  1.063038E-07  3.270319E-01  6.772565E-04  1.478193E-06  3.415568E-07  1.633786E-03  3.930995E-08  1.634417E-07  2.846434E-08  4.388638E-02  1.282683E-06  9.411619E-08  7.763333E-08  2.918794E-04  3.968944E-04  5.264465E-07  1.974288E-07  2.578994E-07  2.061365E-07
 3.721500E+02  2.773880E-01  7.238424E-05  2.109426E-09  2.837340E-09  3.173726E-09  3.872762E-09  3.486680E-01  1.834071E-04  1.019954E-07  3.272544E-01  6.700573E-04  1.421224E-06  3.354710E-07  1.614406E-03  3.796793E-08  1.581455E-07  2.772619E-08  4.346341E-02  1.243123E-06  9.205542E-08  7.589791E-08  2.886683E-04  3.925328E-04  5.059464E-07  1.896023E-07  2.477373E-07  1.993678E-07
 3.731500E+02  2.776064E-01  7.189239E-05  2.065981E-09  2.779400E-09  3.109040E-09  3.794480E-09  3.486835E-01  1.812435E-04  9.788564E-08  3.274737E-01  6.629713E-04  1.366737E-06  3.295269E-07  1.595371E-03  3.667928E-08  1.530510E-07  2.701140E-08  4.304679E-02  1.204991E-06  9.005117E-08  7.421086E-08  2.855110E-04  3.882444E-04  4.863516E-07  1.821283E-07  2.380307E-07  1.928581E-07
