#         T/K            c1          c2-1          c3-4          c3-5          c3-7          c3-9            m1          m2-1          m3-1            w1            w2          w3-1          w3-2          c1m1        c1m2-1        c1m2-7        c2m1-1        c1w1-2        c1w2-1        c2w1-1        c2w1-9        m1w1-1        m1w1-4        m1w2-1        m2w1-1        m2w1-3      c1m1w1-1
 2.731500E+02  3.538922E-01  4.279129E-04  1.369925E-07  1.798060E-07  2.000484E-07  2.385329E-07  2.439201E-01  5.166520E-04  1.181158E-05  2.064707E-01  1.510396E-03  1.123797E-04  1.576808E-06  9.325077E-03  3.754467E-06  1.231960E-05  1.818359E-06  1.819521E-01  7.315639E-05  3.376152E-06  2.964618E-06  7.024966E-04  9.562873E-04  4.375973E-05  1.871831E-05  2.370700E-05  1.590374E-05
 2.741500E+02  3.552674E-01  4.229903E-04  1.317728E-07  1.730136E-07  1.925058E-07  2.296116E-07  2.440569E-01  5.042715E-04  1.089633E-05  2.077795E-01  1.491985E-03  1.056533E-04  1.540038E-06  9.115229E-03  3.510008E-06  1.155475E-05  1.728889E-06  1.794257E-01  6.950577E-05  3.250111E-06  2.851480E-06  6.901275E-04  9.393900E-04  4.090312E-05  1.738516E-05  2.202730E-05  1.498018E-05
 2.751500E+02  3.566211E-01  4.181379E-04  1.267807E-07  1.665150E-07  1.852888E-07  2.210727E-07  2.441897E-01  4.922793E-04  1.005816E-05  2.090687E-01  1.473715E-03  9.935270E-05  1.504082E-06  8.911412E-03  3.283078E-06  1.084247E-05  1.644385E-06  1.769357E-01  6.605161E-05  3.129325E-06  2.743157E-06  6.780175E-04  9.228493E-04  3.824660E-05  1.615474E-05  2.047645E-05  1.411529E-05
 2.761500E+02  3.579536E-01  4.133549E-04  1.220051E-07  1.602962E-07  1.783819E-07  2.128981E-07  2.443185E-01  4.806611E-04  9.290099E-06  2.103386E-01  1.455593E-03  9.344988E-05  1.468932E-06  8.713425E-03  3.072316E-06  1.017883E-05  1.564543E-06  1.744821E-01  6.278276E-05  3.013558E-06  2.639430E-06  6.661613E-04  9.066580E-04  3.577534E-05  1.501861E-05  1.904388E-05  1.330506E-05
 2.771500E+02  3.592650E-01  4.086404E-04  1.174358E-07  1.543438E-07  1.717705E-07  2.050706E-07  2.444435E-01  4.694034E-04  8.585850E-06  2.115894E-01  1.437623E-03  8.791867E-05  1.434575E-06  8.521074E-03  2.876473E-06  9.560213E-06  1.489080E-06  1.720646E-01  5.968873E-05  2.902585E-06  2.540088E-06  6.545538E-04  8.908088E-04  3.347563E-05  1.396904E-05  1.771994E-05  1.254577E-05
 2.781500E+02  3.605557E-01  4.039936E-04  1.130627E-07  1.486452E-07  1.654404E-07  1.975739E-07  2.445649E-01  4.584929E-04  7.939716E-06  2.128211E-01  1.419810E-03  8.273467E-05  1.401002E-06  8.334173E-03  2.694404E-06  8.983294E-06  1.417732E-06  1.696828E-01  5.675963E-05  2.796193E-06  2.444932E-06  6.431900E-04  8.752946E-04  3.133486E-05  1.299897E-05  1.649582E-05  1.183398E-05
 2.791500E+02  3.618258E-01  3.994137E-04  1.088766E-07  1.431884E-07  1.593785E-07  1.903925E-07  2.446828E-01  4.479171E-04  7.346543E-06  2.140341E-01  1.402159E-03  7.787513E-05  1.368200E-06  8.152543E-03  2.525056E-06  8.445014E-06  1.350251E-06  1.673366E-01  5.398616E-05  2.694178E-06  2.353772E-06  6.320647E-04  8.601084E-04  2.934136E-05  1.210195E-05  1.536345E-05  1.116648E-05
 2.801500E+02  3.630755E-01  3.948996E-04  1.048686E-07  1.379621E-07  1.535721E-07  1.835117E-07  2.447973E-01  4.376638E-04  6.801660E-06  2.152284E-01  1.384673E-03  7.331882E-05  1.336158E-06  7.976010E-03  2.367466E-06  7.942554E-06  1.286407E-06  1.650257E-01  5.135957E-05  2.596344E-06  2.266425E-06  6.211731E-04  8.452433E-04  2.748439E-05  1.127210E-05  1.431548E-05  1.054030E-05
 2.811500E+02  3.643052E-01  3.904508E-04  1.010304E-07  1.329553E-07  1.480094E-07  1.769175E-07  2.449085E-01  4.277215E-04  6.300839E-06  2.164043E-01  1.367356E-03  6.904595E-05  1.304864E-06  7.804410E-03  2.220746E-06  7.473314E-06  1.225983E-06  1.627497E-01  4.887161E-05  2.502508E-06  2.182721E-06  6.105102E-04  8.306924E-04  2.575400E-05  1.050403E-05  1.334515E-05  9.952688E-06
 2.821500E+02  3.655150E-01  3.860662E-04  9.735395E-08  1.281580E-07  1.426789E-07  1.705968E-07  2.450166E-01  4.180788E-04  5.840244E-06  2.175619E-01  1.350211E-03  6.503808E-05  1.274305E-06  7.637580E-03  2.084083E-06  7.034901E-06  1.168777E-06  1.605083E-01  4.651453E-05  2.412493E-06  2.102494E-06  6.000712E-04  8.164491E-04  2.414104E-05  9.792812E-06  1.244630E-05  9.401079E-06
 2.831500E+02  3.667052E-01  3.817451E-04  9.383168E-08  1.235604E-07  1.375699E-07  1.645368E-07  2.451216E-01  4.087253E-04  5.416395E-06  2.187015E-01  1.333242E-03  6.127799E-05  1.244468E-06  7.475366E-03  1.956726E-06  6.625104E-06  1.114601E-06  1.583012E-01  4.428101E-05  2.326129E-06  2.025588E-06  5.898514E-04  8.025066E-04  2.263703E-05  9.133927E-06  1.161329E-05  8.883091E-06
 2.841500E+02  3.678761E-01  3.774866E-04  9.045644E-08  1.191533E-07  1.326722E-07  1.587257E-07  2.452236E-01  3.996506E-04  5.026135E-06  2.198233E-01  1.316450E-03  5.774961E-05  1.215341E-06  7.317620E-03  1.837986E-06  6.241884E-06  1.063276E-06  1.561281E-01  4.216417E-05  2.243258E-06  1.951854E-06  5.798460E-04  7.888585E-04  2.123414E-05  8.523248E-06  1.084094E-05  8.396511E-06
 2.851500E+02  3.690279E-01  3.732899E-04  8.722142E-08  1.149278E-07  1.279762E-07  1.531521E-07  2.453229E-01  3.908447E-04  4.666594E-06  2.209274E-01  1.299838E-03  5.443797E-05  1.186911E-06  7.164197E-03  1.727228E-06  5.883360E-06  1.014637E-06  1.539885E-01  4.015753E-05  2.163724E-06  1.881151E-06  5.700504E-04  7.754984E-04  1.992512E-05  7.956989E-06  1.012450E-05  7.939283E-06
 2.861500E+02  3.701609E-01  3.691543E-04  8.412014E-08  1.108758E-07  1.234725E-07  1.478053E-07  2.454193E-01  3.822983E-04  4.335166E-06  2.220141E-01  1.283407E-03  5.132908E-05  1.159165E-06  7.014960E-03  1.623870E-06  5.547791E-06  9.685295E-07  1.518823E-01  3.825499E-05  2.087383E-06  1.813342E-06  5.604602E-04  7.624199E-04  1.870330E-05  7.431681E-06  9.459626E-06  7.509491E-06
 2.871500E+02  3.712752E-01  3.650788E-04  8.114646E-08  1.069892E-07  1.191524E-07  1.426749E-07  2.455132E-01  3.740022E-04  4.029478E-06  2.230836E-01  1.267160E-03  4.840989E-05  1.132089E-06  6.869773E-03  1.527372E-06  5.233572E-06  9.248068E-07  1.498089E-01  3.645079E-05  2.014096E-06  1.748300E-06  5.510708E-04  7.496169E-04  1.756249E-05  6.944143E-06  8.842334E-06  7.105354E-06
 2.881500E+02  3.723713E-01  3.610628E-04  7.829455E-08  1.032606E-07  1.150076E-07  1.377512E-07  2.456044E-01  3.659477E-04  3.747375E-06  2.241361E-01  1.251099E-03  4.566825E-05  1.105671E-06  6.728509E-03  1.437237E-06  4.939217E-06  8.833325E-07  1.477680E-01  3.473951E-05  1.943729E-06  1.685901E-06  5.418779E-04  7.370832E-04  1.649694E-05  6.491457E-06  8.268961E-06  6.725217E-06
 2.891500E+02  3.734492E-01  3.571053E-04  7.555886E-08  9.968284E-08  1.110302E-07  1.330250E-07  2.456932E-01  3.581264E-04  3.486891E-06  2.251718E-01  1.235223E-03  4.309277E-05  1.079897E-06  6.591043E-03  1.353010E-06  4.663351E-06  8.439788E-07  1.457593E-01  3.311605E-05  1.876156E-06  1.626029E-06  5.328772E-04  7.248130E-04  1.550138E-05  6.070944E-06  7.736147E-06  6.367535E-06
 2.901500E+02  3.745093E-01  3.532056E-04  7.293412E-08  9.624909E-08  1.072126E-07  1.284875E-07  2.457796E-01  3.505302E-04  3.246237E-06  2.261909E-01  1.219534E-03  4.067285E-05  1.054753E-06  6.457255E-03  1.274267E-06  4.404705E-06  8.066256E-07  1.437824E-01  3.157559E-05  1.811256E-06  1.568571E-06  5.240644E-04  7.128004E-04  1.457089E-05  5.680145E-06  7.240803E-06  6.030871E-06
 2.911500E+02  3.755519E-01  3.493629E-04  7.041532E-08  9.295291E-08  1.035478E-07  1.241301E-07  2.458637E-01  3.431513E-04  3.023782E-06  2.271937E-01  1.204034E-03  3.839860E-05  1.030228E-06  6.327031E-03  1.200619E-06  4.162099E-06  7.711601E-07  1.418368E-01  3.011360E-05  1.748914E-06  1.513423E-06  5.154354E-04  7.010395E-04  1.370093E-05  5.316801E-06  6.780094E-06  5.713887E-06
 2.921500E+02  3.765771E-01  3.455764E-04  6.799770E-08  8.978816E-08  1.000288E-07  1.199451E-07  2.459455E-01  3.359824E-04  2.818038E-06  2.281803E-01  1.188722E-03  3.626075E-05  1.006308E-06  6.200257E-03  1.131706E-06  3.934445E-06  7.374766E-07  1.399222E-01  2.872581E-05  1.689019E-06  1.460482E-06  5.069861E-04  6.895249E-04  1.288730E-05  4.978835E-06  6.351412E-06  5.415336E-06
 2.931500E+02  3.775853E-01  3.418454E-04  6.567672E-08  8.674900E-08  9.664927E-08  1.159247E-07  2.460252E-01  3.290162E-04  2.627649E-06  2.291509E-01  1.173599E-03  3.425067E-05  9.829791E-07  6.076827E-03  1.067196E-06  3.720732E-06  7.054758E-07  1.380383E-01  2.740818E-05  1.631467E-06  1.409653E-06  4.987125E-04  6.782509E-04  1.212609E-05  4.664339E-06  5.952359E-06  5.134054E-06
 2.941500E+02  3.785767E-01  3.381691E-04  6.344809E-08  8.382986E-08  9.340297E-08  1.120617E-07  2.461028E-01  3.222458E-04  2.451375E-06  2.301059E-01  1.158664E-03  3.236030E-05  9.602293E-07  5.956636E-03  1.006781E-06  3.520025E-06  6.750643E-07  1.361845E-01  2.615692E-05  1.576158E-06  1.360842E-06  4.906108E-04  6.672122E-04  1.141370E-05  4.371557E-06  5.580726E-06  4.868958E-06
 2.951500E+02  3.795515E-01  3.345466E-04  6.130769E-08  8.102546E-08  9.028406E-08  1.083493E-07  2.461783E-01  3.156647E-04  2.288082E-06  2.310454E-01  1.143919E-03  3.058210E-05  9.380454E-07  5.839585E-03  9.501769E-07  3.331454E-06  6.461545E-07  1.343605E-01  2.496844E-05  1.522995E-06  1.313963E-06  4.826771E-04  6.564035E-04  1.074677E-05  4.098873E-06  5.234483E-06  4.619035E-06
 2.961500E+02  3.805100E-01  3.309773E-04  5.925163E-08  7.833076E-08  8.728696E-08  1.047809E-07  2.462519E-01  3.092665E-04  2.136737E-06  2.319696E-01  1.129363E-03  2.890903E-05  9.164147E-07  5.725576E-03  8.971215E-07  3.154214E-06  6.186641E-07  1.325659E-01  2.383936E-05  1.471889E-06  1.268931E-06  4.749076E-04  6.458195E-04  1.012220E-05  3.844799E-06  4.911759E-06  4.383342E-06
 2.971500E+02  3.814524E-01  3.274603E-04  5.727620E-08  7.574097E-08  8.440634E-08  1.013502E-07  2.463235E-01  3.030450E-04  1.996393E-06  2.328787E-01  1.114995E-03  2.733451E-05  8.953248E-07  5.614517E-03  8.473711E-07  2.987557E-06  5.925155E-07  1.308002E-01  2.276649E-05  1.422750E-06  1.225667E-06  4.672986E-04  6.354552E-04  9.537102E-06  3.607965E-06  4.610829E-06  4.160998E-06
 2.981500E+02  3.823791E-01  3.239950E-04  5.537786E-08  7.325150E-08  8.163715E-08  9.805134E-08  2.463933E-01  2.969944E-04  1.866183E-06  2.337731E-01  1.100815E-03  2.585239E-05  8.747630E-07  5.506317E-03  8.007004E-07  2.830790E-06  5.676360E-07  1.290632E-01  2.174683E-05  1.375497E-06  1.184094E-06  4.598466E-04  6.253056E-04  8.988812E-06  3.387110E-06  4.330105E-06  3.951181E-06
 2.991500E+02  3.832902E-01  3.205806E-04  5.355324E-08  7.085803E-08  7.897456E-08  9.487860E-08  2.464614E-01  2.911089E-04  1.745315E-06  2.346527E-01  1.086822E-03  2.445692E-05  8.547172E-07  5.400888E-03  7.569007E-07  2.683266E-06  5.439570E-07  1.273543E-01  2.077754E-05  1.330049E-06  1.144141E-06  4.525480E-04  6.153659E-04  8.474843E-06  3.181069E-06  4.068121E-06  3.753123E-06
 3.001500E+02  3.841860E-01  3.172163E-04  5.179915E-08  6.855640E-08  7.641397E-08  9.182659E-08  2.465277E-01  2.853833E-04  1.633061E-06  2.355180E-01  1.073017E-03  2.314273E-05  8.351752E-07  5.298148E-03  7.157786E-07  2.544388E-06  5.214139E-07  1.256733E-01  1.985594E-05  1.286332E-06  1.105737E-06  4.453994E-04  6.056313E-04  7.992891E-06  2.988769E-06  3.823526E-06  3.566106E-06
 3.011500E+02  3.850667E-01  3.139014E-04  5.011253E-08  6.634266E-08  7.395102E-08  8.889016E-08  2.465923E-01  2.798121E-04  1.528756E-06  2.363691E-01  1.059397E-03  2.190479E-05  8.161251E-07  5.198015E-03  6.771547E-07  2.413596E-06  4.999462E-07  1.240196E-01  1.897951E-05  1.244272E-06  1.068816E-06  4.383974E-04  5.960971E-04  7.540817E-06  2.809220E-06  3.595073E-06  3.389460E-06
 3.021500E+02  3.859326E-01  3.106353E-04  4.849046E-08  6.421305E-08  7.158151E-08  8.606440E-08  2.466552E-01  2.743903E-04  1.431789E-06  2.372063E-01  1.045962E-03  2.073841E-05  7.975551E-07  5.100409E-03  6.408626E-07  2.290374E-06  4.794966E-07  1.223928E-01  1.814586E-05  1.203800E-06  1.033317E-06  4.315387E-04  5.867588E-04  7.116631E-06  2.641509E-06  3.381609E-06  3.222559E-06
 3.031500E+02  3.867839E-01  3.074171E-04  4.693019E-08  6.216399E-08  6.930149E-08  8.334463E-08  2.467167E-01  2.691132E-04  1.341600E-06  2.380296E-01  1.032711E-03  1.963919E-05  7.794536E-07  5.005257E-03  6.067480E-07  2.174238E-06  4.600114E-07  1.207927E-01  1.735273E-05  1.164850E-06  9.991769E-07  4.248200E-04  5.776119E-04  6.718485E-06  2.484791E-06  3.182070E-06  3.064815E-06
 3.041500E+02  3.876209E-01  3.042462E-04  4.542907E-08  6.019205E-08  6.710715E-08  8.072638E-08  2.467765E-01  2.639760E-04  1.257674E-06  2.388395E-01  1.019642E-03  1.860302E-05  7.618092E-07  4.912483E-03  5.746676E-07  2.064741E-06  4.414397E-07  1.192187E-01  1.659801E-05  1.127360E-06  9.663400E-07  4.182382E-04  5.686520E-04  6.344663E-06  2.338287E-06  2.995474E-06  2.915682E-06
 3.051500E+02  3.884437E-01  3.011219E-04  4.398458E-08  5.829398E-08  6.499487E-08  7.820540E-08  2.468349E-01  2.589742E-04  1.179540E-06  2.396360E-01  1.006756E-03  1.762604E-05  7.446107E-07  4.822019E-03  5.444881E-07  1.961463E-06  4.237337E-07  1.176704E-01  1.587968E-05  1.091267E-06  9.347509E-07  4.117901E-04  5.598750E-04  5.993565E-06  2.201276E-06  2.820913E-06  2.774645E-06
 3.061500E+02  3.892527E-01  2.980435E-04  4.259432E-08  5.646667E-08  6.296121E-08  7.577762E-08  2.468919E-01  2.541035E-04  1.106762E-06  2.404193E-01  9.940491E-04  1.670466E-05  7.278471E-07  4.733794E-03  5.160860E-07  1.864015E-06  4.068485E-07  1.161476E-01  1.519584E-05  1.056516E-06  9.043573E-07  4.054729E-04  5.512765E-04  5.663707E-06  2.073094E-06  2.657544E-06  2.641226E-06
 3.071500E+02  3.900481E-01  2.950102E-04  4.125600E-08  5.470714E-08  6.100288E-08  7.343917E-08  2.469474E-01  2.493597E-04  1.038942E-06  2.411898E-01  9.815213E-04  1.583551E-05  7.115076E-07  4.647744E-03  4.893463E-07  1.772034E-06  3.907415E-07  1.146497E-01  1.454471E-05  1.023051E-06  8.751092E-07  3.992834E-04  5.428527E-04  5.353706E-06  1.953123E-06  2.504591E-06  2.514974E-06
 3.081500E+02  3.908300E-01  2.920215E-04  3.996745E-08  5.301257E-08  5.911674E-08  7.118634E-08  2.470016E-01  2.447388E-04  9.757123E-07  2.419475E-01  9.691708E-04  1.501543E-05  6.955816E-07  4.563804E-03  4.641619E-07  1.685182E-06  3.753726E-07  1.131764E-01  1.392460E-05  9.908187E-07  8.469588E-07  3.932188E-04  5.345994E-04  5.062274E-06  1.840794E-06  2.361334E-06  2.395469E-06
 3.091500E+02  3.915988E-01  2.890766E-04  3.872657E-08  5.138027E-08  5.729978E-08  6.901561E-08  2.470545E-01  2.402369E-04  9.167351E-07  2.426928E-01  9.569961E-04  1.424146E-05  6.800588E-07  4.481913E-03  4.404336E-07  1.603142E-06  3.607039E-07  1.117274E-01  1.333389E-05  9.597692E-07  8.198604E-07  3.872764E-04  5.265128E-04  4.788214E-06  1.735579E-06  2.227107E-06  2.282316E-06
 3.101500E+02  3.923546E-01  2.861749E-04  3.753138E-08  4.980764E-08  5.554916E-08  6.692360E-08  2.471061E-01  2.358502E-04  8.616991E-07  2.434257E-01  9.449957E-04  1.351084E-05  6.649288E-07  4.402011E-03  4.180686E-07  1.525622E-06  3.466998E-07  1.103021E-01  1.277109E-05  9.298544E-07  7.937704E-07  3.814532E-04  5.185892E-04  4.530410E-06  1.636990E-06  2.101292E-06  2.175147E-06
 3.111500E+02  3.930976E-01  2.833157E-04  3.637999E-08  4.829224E-08  5.386213E-08  6.490708E-08  2.471565E-01  2.315752E-04  8.103178E-07  2.441465E-01  9.331679E-04  1.282097E-05  6.501819E-07  4.324040E-03  3.969809E-07  1.452344E-06  3.333266E-07  1.089002E-01  1.223475E-05  9.010282E-07  7.686473E-07  3.757467E-04  5.108247E-04  4.287823E-06  1.544575E-06  1.983317E-06  2.073614E-06
 3.121500E+02  3.938282E-01  2.804984E-04  3.527058E-08  4.683170E-08  5.223610E-08  6.296299E-08  2.472057E-01  2.274084E-04  7.623267E-07  2.448554E-01  9.215110E-04  1.216943E-05  6.358081E-07  4.247945E-03  3.770900E-07  1.383054E-06  3.205524E-07  1.075215E-01  1.172354E-05  8.732465E-07  7.444512E-07  3.701541E-04  5.032158E-04  4.059483E-06  1.457913E-06  1.872652E-06  1.977393E-06
 3.131500E+02  3.945464E-01  2.777223E-04  3.420143E-08  4.542380E-08  5.066856E-08  6.108839E-08  2.472537E-01  2.233465E-04  7.174824E-07  2.455527E-01  9.100233E-04  1.155394E-05  6.217979E-07  4.173672E-03  3.583213E-07  1.317510E-06  3.083472E-07  1.061654E-01  1.123617E-05  8.464674E-07  7.211441E-07  3.646730E-04  4.957589E-04  3.844488E-06  1.376617E-06  1.768804E-06  1.886180E-06
 3.141500E+02  3.952525E-01  2.749868E-04  3.317088E-08  4.406638E-08  4.915715E-08  5.928047E-08  2.473005E-01  2.193862E-04  6.755599E-07  2.462384E-01  8.987030E-04  1.097236E-05  6.081419E-07  4.101167E-03  3.406050E-07  1.255489E-06  2.966825E-07  1.048316E-01  1.077143E-05  8.206505E-07  6.986897E-07  3.593007E-04  4.884506E-04  3.641996E-06  1.300325E-06  1.671319E-06  1.799690E-06
 3.151500E+02  3.959468E-01  2.722913E-04  3.217737E-08  4.275740E-08  4.769960E-08  5.753654E-08  2.473463E-01  2.155244E-04  6.363518E-07  2.469127E-01  8.875484E-04  1.042269E-05  5.948311E-07  4.030382E-03  3.238760E-07  1.196780E-06  2.855315E-07  1.035197E-01  1.032818E-05  7.957573E-07  6.770533E-07  3.540349E-04  4.812875E-04  3.451222E-06  1.228703E-06  1.579772E-06  1.717653E-06
 3.161500E+02  3.966294E-01  2.696351E-04  3.121939E-08  4.149491E-08  4.629373E-08  5.585404E-08  2.473910E-01  2.117581E-04  5.996664E-07  2.475760E-01  8.765576E-04  9.903066E-06  5.818565E-07  3.961266E-03  3.080737E-07  1.141190E-06  2.748688E-07  1.022294E-01  9.905341E-06  7.717510E-07  6.562016E-07  3.488731E-04  4.742664E-04  3.271432E-06  1.161440E-06  1.493770E-06  1.639818E-06
 3.171500E+02  3.973005E-01  2.670176E-04  3.029549E-08  4.027703E-08  4.493746E-08  5.423052E-08  2.474346E-01  2.080844E-04  5.653267E-07  2.482283E-01  8.657288E-04  9.411717E-06  5.692093E-07  3.893774E-03  2.931414E-07  1.088533E-06  2.646703E-07  1.009603E-01  9.501889E-06  7.485964E-07  6.361030E-07  3.438129E-04  4.673839E-04  3.101944E-06  1.098247E-06  1.412947E-06  1.565949E-06
 3.181500E+02  3.979604E-01  2.644383E-04  2.940432E-08  3.910198E-08  4.362881E-08  5.266364E-08  2.474773E-01  2.045006E-04  5.331690E-07  2.488699E-01  8.550600E-04  8.946996E-06  5.568809E-07  3.827858E-03  2.790264E-07  1.038638E-06  2.549135E-07  9.971207E-02  9.116853E-06  7.262596E-07  6.167271E-07  3.388522E-04  4.606369E-04  2.942120E-06  1.038858E-06  1.336965E-06  1.495825E-06
 3.191500E+02  3.986092E-01  2.618965E-04  2.854454E-08  3.796805E-08  4.236590E-08  5.115116E-08  2.475189E-01  2.010039E-04  5.030420E-07  2.495009E-01  8.445494E-04  8.507356E-06  5.448631E-07  3.763475E-03  2.656792E-07  9.913445E-07  2.455767E-07  9.848434E-02  8.749318E-06  7.047083E-07  5.980448E-07  3.339886E-04  4.540225E-04  2.791362E-06  9.830228E-07  1.265508E-06  1.429236E-06
 3.201500E+02  3.992471E-01  2.593917E-04  2.771492E-08  3.687361E-08  4.114690E-08  4.969093E-08  2.475596E-01  1.975917E-04  4.748057E-07  2.501215E-01  8.341950E-04  8.091342E-06  5.331477E-07  3.700582E-03  2.530538E-07  9.465024E-07  2.366396E-07  9.727677E-02  8.398417E-06  6.839118E-07  5.800285E-07  3.292200E-04  4.475375E-04  2.649114E-06  9.305100E-07  1.198282E-06  1.365987E-06
 3.211500E+02  3.998744E-01  2.569232E-04  2.691425E-08  3.581711E-08  3.997009E-08  4.828090E-08  2.475994E-01  1.942616E-04  4.483305E-07  2.507319E-01  8.239950E-04  7.697592E-06  5.217267E-07  3.639138E-03  2.411069E-07  9.039705E-07  2.280830E-07  9.608901E-02  8.063326E-06  6.638404E-07  5.626515E-07  3.245442E-04  4.411791E-04  2.514857E-06  8.811045E-07  1.135015E-06  1.305893E-06
 3.221500E+02  4.004911E-01  2.544906E-04  2.614138E-08  3.479704E-08  3.883379E-08  4.691912E-08  2.476383E-01  1.910110E-04  4.234963E-07  2.513322E-01  8.139473E-04  7.324824E-06  5.105924E-07  3.579101E-03  2.297983E-07  8.636167E-07  2.198887E-07  9.492072E-02  7.743268E-06  6.444658E-07  5.458885E-07  3.199592E-04  4.349444E-04  2.388104E-06  8.346060E-07  1.075453E-06  1.248782E-06
 3.231500E+02  4.010976E-01  2.520931E-04  2.539522E-08  3.381197E-08  3.773644E-08  4.560370E-08  2.476763E-01  1.878377E-04  4.001920E-07  2.519227E-01  8.040501E-04  6.971836E-06  4.997372E-07  3.520434E-03  2.190904E-07  8.253171E-07  2.120393E-07  9.377157E-02  7.437505E-06  6.257608E-07  5.297152E-07  3.154629E-04  4.288306E-04  2.268400E-06  7.908283E-07  1.019358E-06  1.194490E-06
 3.241500E+02  4.016940E-01  2.497304E-04  2.467471E-08  3.286055E-08  3.667651E-08  4.433285E-08  2.477134E-01  1.847394E-04  3.783146E-07  2.525035E-01  7.943014E-04  6.637500E-06  4.891538E-07  3.463099E-03  2.089478E-07  7.889556E-07  2.045185E-07  9.264123E-02  7.145340E-06  6.076995E-07  5.141083E-07  3.110533E-04  4.228350E-04  2.155321E-06  7.495979E-07  9.665117E-07  1.142864E-06
 3.251500E+02  4.022804E-01  2.474018E-04  2.397886E-08  3.194147E-08  3.565254E-08  4.310484E-08  2.477497E-01  1.817139E-04  3.577685E-07  2.530748E-01  7.846991E-04  6.320753E-06  4.788349E-07  3.407059E-03  1.993374E-07  7.544230E-07  1.973108E-07  9.152937E-02  6.866110E-06  5.902570E-07  4.990455E-07  3.067285E-04  4.169550E-04  2.048468E-06  7.107531E-07  9.167081E-07  1.093760E-06
 3.261500E+02  4.028571E-01  2.451067E-04  2.330671E-08  3.105346E-08  3.466316E-08  4.191804E-08  2.477852E-01  1.787591E-04  3.384651E-07  2.536367E-01  7.752415E-04  6.020601E-06  4.687735E-07  3.352279E-03  1.902285E-07  7.216173E-07  1.904015E-07  9.043568E-02  6.599189E-06  5.734095E-07  4.845056E-07  3.024866E-04  4.111880E-04  1.947470E-06  6.741434E-07  8.697562E-07  1.047042E-06
 3.271500E+02  4.034242E-01  2.428448E-04  2.265733E-08  3.019535E-08  3.370702E-08  4.077087E-08  2.478199E-01  1.758729E-04  3.203221E-07  2.541894E-01  7.659263E-04  5.736105E-06  4.589628E-07  3.298725E-03  1.815919E-07  6.904422E-07  1.837767E-07  8.935983E-02  6.343980E-06  5.571341E-07  4.704681E-07  2.983257E-04  4.055313E-04  1.851979E-06  6.396285E-07  8.254777E-07  1.002583E-06
 3.281500E+02  4.039819E-01  2.406153E-04  2.202984E-08  2.936597E-08  3.278286E-08  3.966181E-08  2.478539E-01  1.730535E-04  3.032631E-07  2.547331E-01  7.567519E-04  5.466385E-06  4.493961E-07  3.246363E-03  1.734006E-07  6.608077E-07  1.774230E-07  8.830151E-02  6.099922E-06  5.414091E-07  4.569136E-07  2.942441E-04  3.999827E-04  1.761668E-06  6.070776E-07  7.837065E-07  9.602611E-07
 3.291500E+02  4.045304E-01  2.384179E-04  2.142341E-08  2.856423E-08  3.188945E-08  3.858943E-08  2.478871E-01  1.702988E-04  2.872172E-07  2.552679E-01  7.477160E-04  5.210614E-06  4.400669E-07  3.195161E-03  1.656292E-07  6.326289E-07  1.713280E-07  8.726042E-02  5.866480E-06  5.262133E-07  4.438233E-07  2.902400E-04  3.945396E-04  1.676232E-06  5.763687E-07  7.442874E-07  9.199637E-07
 3.301500E+02  4.050698E-01  2.362520E-04  2.083723E-08  2.778908E-08  3.102563E-08  3.755233E-08  2.479196E-01  1.676071E-04  2.721185E-07  2.557941E-01  7.388169E-04  4.968013E-06  4.309689E-07  3.145089E-03  1.582537E-07  6.058262E-07  1.654798E-07  8.623625E-02  5.643146E-06  5.115268E-07  4.311794E-07  2.863117E-04  3.891997E-04  1.595385E-06  5.473880E-07  7.070758E-07  8.815837E-07
 3.311500E+02  4.056003E-01  2.341170E-04  2.027053E-08  2.703951E-08  3.019027E-08  3.654919E-08  2.479514E-01  1.649766E-04  2.579058E-07  2.563116E-01  7.300526E-04  4.737850E-06  4.220960E-07  3.096116E-03  1.512518E-07  5.803248E-07  1.598671E-07  8.522871E-02  5.429440E-06  4.973302E-07  4.189646E-07  2.824575E-04  3.839607E-04  1.518860E-06  5.200291E-07  6.719365E-07  8.450204E-07
 3.321500E+02  4.061221E-01  2.320126E-04  1.972256E-08  2.631456E-08  2.938230E-08  3.557873E-08  2.479825E-01  1.624055E-04  2.445220E-07  2.568208E-01  7.214210E-04  4.519436E-06  4.134420E-07  3.048212E-03  1.446026E-07  5.560542E-07  1.544791E-07  8.423750E-02  5.224905E-06  4.836052E-07  4.071626E-07  2.786757E-04  3.788204E-04  1.446404E-06  4.941930E-07  6.387433E-07  8.101788E-07
 3.331500E+02  4.066353E-01  2.299382E-04  1.919262E-08  2.561330E-08  2.860071E-08  3.463974E-08  2.480129E-01  1.598922E-04  2.319141E-07  2.573216E-01  7.129204E-04  4.312122E-06  4.050013E-07  3.001351E-03  1.382862E-07  5.329482E-07  1.493056E-07  8.326234E-02  5.029109E-06  4.703340E-07  3.957575E-07  2.749648E-04  3.737766E-04  1.377783E-06  4.697869E-07  6.073783E-07  7.769692E-07
 3.341500E+02  4.071400E-01  2.278933E-04  1.868003E-08  2.493485E-08  2.784449E-08  3.373106E-08  2.480427E-01  1.574351E-04  2.200328E-07  2.578144E-01  7.045487E-04  4.115299E-06  3.967680E-07  2.955503E-03  1.322842E-07  5.109445E-07  1.443370E-07  8.230293E-02  4.841641E-06  4.574996E-07  3.847344E-07  2.713232E-04  3.688271E-04  1.312775E-06  4.467242E-07  5.777314E-07  7.453069E-07
 3.351500E+02  4.076366E-01  2.258775E-04  1.818414E-08  2.427835E-08  2.711271E-08  3.285155E-08  2.480718E-01  1.550326E-04  2.088321E-07  2.582992E-01  6.963041E-04  3.928392E-06  3.887367E-07  2.910642E-03  1.265793E-07  4.899843E-07  1.395641E-07  8.135901E-02  4.662110E-06  4.450858E-07  3.740787E-07  2.677493E-04  3.639700E-04  1.251173E-06  4.249242E-07  5.496994E-07  7.151124E-07
 3.361500E+02  4.081249E-01  2.238902E-04  1.770433E-08  2.364299E-08  2.640446E-08  3.200014E-08  2.481003E-01  1.526832E-04  1.982692E-07  2.587762E-01  6.881847E-04  3.750861E-06  3.809019E-07  2.866743E-03  1.211550E-07  4.700125E-07  1.349782E-07  8.043029E-02  4.490147E-06  4.330770E-07  3.637767E-07  2.642418E-04  3.592030E-04  1.192783E-06  4.043110E-07  5.231862E-07  6.863102E-07
 3.371500E+02  4.086054E-01  2.219312E-04  1.723999E-08  2.302800E-08  2.571887E-08  3.117581E-08  2.481283E-01  1.503855E-04  1.883044E-07  2.592455E-01  6.801886E-04  3.582196E-06  3.732585E-07  2.823781E-03  1.159960E-07  4.509770E-07  1.305708E-07  7.951651E-02  4.325400E-06  4.214582E-07  3.538149E-07  2.607991E-04  3.545244E-04  1.137422E-06  3.848140E-07  4.981015E-07  6.588291E-07
 3.381500E+02  4.090780E-01  2.199998E-04  1.679056E-08  2.243261E-08  2.505512E-08  3.037756E-08  2.481556E-01  1.481380E-04  1.789002E-07  2.597073E-01  6.723139E-04  3.421917E-06  3.658012E-07  2.781730E-03  1.110880E-07  4.328286E-07  1.263343E-07  7.861739E-02  4.167535E-06  4.102150E-07  3.441808E-07  2.574198E-04  3.499320E-04  1.084919E-06  3.663670E-07  4.743610E-07  6.326022E-07
 3.391500E+02  4.095429E-01  2.180956E-04  1.635549E-08  2.185612E-08  2.441239E-08  2.960444E-08  2.481824E-01  1.459395E-04  1.700222E-07  2.601616E-01  6.645588E-04  3.269573E-06  3.585252E-07  2.740568E-03  1.064172E-07  4.155213E-07  1.222609E-07  7.773268E-02  4.016235E-06  3.993337E-07  3.348620E-07  2.541025E-04  3.454241E-04  1.035113E-06  3.489080E-07  4.518858E-07  6.075658E-07
 3.401500E+02  4.100003E-01  2.162182E-04  1.593425E-08  2.129784E-08  2.378994E-08  2.885555E-08  2.482086E-01  1.437884E-04  1.616379E-07  2.606087E-01  6.569215E-04  3.124737E-06  3.514256E-07  2.700272E-03  1.019711E-07  3.990115E-07  1.183436E-07  7.686212E-02  3.871197E-06  3.888009E-07  3.258469E-07  2.508460E-04  3.409988E-04  9.878530E-07  3.323790E-07  4.306019E-07  5.836601E-07
 3.411500E+02  4.104503E-01  2.143672E-04  1.552634E-08  2.075710E-08  2.318702E-08  2.813002E-08  2.482343E-01  1.416837E-04  1.537172E-07  2.610486E-01  6.494001E-04  2.987008E-06  3.444977E-07  2.660819E-03  9.773739E-08  3.832579E-07  1.145756E-07  7.600546E-02  3.732137E-06  3.786042E-07  3.171242E-07  2.476488E-04  3.366544E-04  9.429965E-07  3.167257E-07  4.104400E-07  5.608285E-07
 3.421500E+02  4.108930E-01  2.125422E-04  1.513126E-08  2.023327E-08  2.260292E-08  2.742700E-08  2.482594E-01  1.396240E-04  1.462319E-07  2.614815E-01  6.419928E-04  2.856007E-06  3.377369E-07  2.622188E-03  9.370496E-08  3.682220E-07  1.109505E-07  7.516244E-02  3.598781E-06  3.687311E-07  3.086831E-07  2.445097E-04  3.323889E-04  9.004102E-07  3.018973E-07  3.913353E-07  5.390172E-07
 3.431500E+02  4.113286E-01  2.107427E-04  1.474856E-08  1.972573E-08  2.203698E-08  2.674568E-08  2.482840E-01  1.376082E-04  1.391556E-07  2.619075E-01  6.346980E-04  2.731377E-06  3.311388E-07  2.584358E-03  8.986308E-08  3.538670E-07  1.074620E-07  7.433283E-02  3.470870E-06  3.591701E-07  3.005134E-07  2.414275E-04  3.282008E-04  8.599686E-07  2.878460E-07  3.732268E-07  5.181758E-07
 3.441500E+02  4.117572E-01  2.089683E-04  1.437780E-08  1.923392E-08  2.148853E-08  2.608531E-08  2.483082E-01  1.356350E-04  1.324638E-07  2.623267E-01  6.275137E-04  2.612783E-06  3.246990E-07  2.547309E-03  8.620173E-08  3.401584E-07  1.041043E-07  7.351638E-02  3.348159E-06  3.499098E-07  2.926050E-07  2.384009E-04  3.240884E-04  8.215536E-07  2.745272E-07  3.560576E-07  4.982562E-07
 3.451500E+02  4.121789E-01  2.072186E-04  1.401853E-08  1.875726E-08  2.095696E-08  2.544512E-08  2.483318E-01  1.337034E-04  1.261334E-07  2.627393E-01  6.204383E-04  2.499905E-06  3.184134E-07  2.511021E-03  8.271144E-08  3.270636E-07  1.008717E-07  7.271286E-02  3.230414E-06  3.409396E-07  2.849485E-07  2.354286E-04  3.200500E-04  7.850542E-07  2.618989E-07  3.397741E-07  4.792133E-07
 3.461500E+02  4.125939E-01  2.054933E-04  1.367035E-08  1.829522E-08  2.044167E-08  2.482442E-08  2.483550E-01  1.318122E-04  1.201430E-07  2.631454E-01  6.134700E-04  2.392445E-06  3.122778E-07  2.475475E-03  7.938331E-08  3.145518E-07  9.775912E-08  7.192203E-02  3.117411E-06  3.322491E-07  2.775348E-07  2.325097E-04  3.160840E-04  7.503658E-07  2.499218E-07  3.243261E-07  4.610040E-07
 3.471500E+02  4.130022E-01  2.037919E-04  1.333286E-08  1.784727E-08  1.994208E-08  2.422251E-08  2.483776E-01  1.299605E-04  1.144724E-07  2.635450E-01  6.066072E-04  2.290118E-06  3.062882E-07  2.440652E-03  7.620892E-08  3.025940E-07  9.476132E-08  7.114367E-02  3.008939E-06  3.238282E-07  2.703550E-07  2.296428E-04  3.121889E-04  7.173903E-07  2.385590E-07  3.096665E-07  4.435877E-07
 3.481500E+02  4.134041E-01  2.021140E-04  1.300570E-08  1.741293E-08  1.945764E-08  2.363875E-08  2.483999E-01  1.281471E-04  1.091029E-07  2.639384E-01  5.998482E-04  2.192660E-06  3.004408E-07  2.406534E-03  7.318035E-08  2.911625E-07  9.187351E-08  7.037755E-02  2.904797E-06  3.156675E-07  2.634007E-07  2.268270E-04  3.083632E-04  6.860349E-07  2.277759E-07  2.957511E-07  4.269261E-07
 3.491500E+02  4.137996E-01  2.004593E-04  1.268848E-08  1.699172E-08  1.898781E-08  2.307249E-08  2.484217E-01  1.263712E-04  1.040168E-07  2.643256E-01  5.931912E-04  2.099816E-06  2.947319E-07  2.373105E-03  7.029011E-08  2.802315E-07  8.909108E-08  6.962346E-02  2.804793E-06  3.077578E-07  2.566639E-07  2.240610E-04  3.046054E-04  6.562125E-07  2.175400E-07  2.825382E-07  4.109827E-07
 3.501500E+02  4.141888E-01  1.988274E-04  1.238087E-08  1.658317E-08  1.853210E-08  2.252313E-08  2.484431E-01  1.246316E-04  9.919758E-08  2.647066E-01  5.866347E-04  2.011350E-06  2.891577E-07  2.340346E-03  6.753115E-08  2.697762E-07  8.640965E-08  6.888118E-02  2.708744E-06  3.000901E-07  2.501368E-07  2.213439E-04  3.009140E-04  6.278410E-07  2.078207E-07  2.699889E-07  3.957230E-07
 3.511500E+02  4.145718E-01  1.972179E-04  1.208252E-08  1.618685E-08  1.809000E-08  2.199008E-08  2.484640E-01  1.229276E-04  9.462985E-08  2.650818E-01  5.801771E-04  1.927036E-06  2.837147E-07  2.308241E-03  6.489681E-08  2.597735E-07  8.382502E-08  6.815050E-02  2.616477E-06  2.926562E-07  2.438119E-07  2.186746E-04  2.972876E-04  6.008431E-07  1.985894E-07  2.580665E-07  3.811144E-07
 3.521500E+02  4.149488E-01  1.956304E-04  1.179311E-08  1.580233E-08  1.766105E-08  2.147279E-08  2.484845E-01  1.212581E-04  9.029912E-08  2.654511E-01  5.738168E-04  1.846661E-06  2.783994E-07  2.276775E-03  6.238079E-08  2.502013E-07  8.133321E-08  6.743120E-02  2.527825E-06  2.854477E-07  2.376821E-07  2.160522E-04  2.937249E-04  5.751458E-07  1.898190E-07  2.467365E-07  3.671259E-07
 3.531500E+02  4.153199E-01  1.940647E-04  1.151234E-08  1.542920E-08  1.724480E-08  2.097071E-08  2.485047E-01  1.196224E-04  8.619181E-08  2.658146E-01  5.675521E-04  1.770025E-06  2.732085E-07  2.245931E-03  5.997715E-08  2.410388E-07  7.893040E-08  6.672309E-02  2.442632E-06  2.784568E-07  2.317404E-07  2.134755E-04  2.902245E-04  5.506804E-07  1.814844E-07  2.359665E-07  3.537281E-07
 3.541500E+02  4.156852E-01  1.925204E-04  1.123990E-08  1.506708E-08  1.684080E-08  2.048332E-08  2.485244E-01  1.180195E-04  8.229520E-08  2.661725E-01  5.613815E-04  1.696939E-06  2.681387E-07  2.215695E-03  5.768027E-08  2.322663E-07  7.661295E-08  6.602596E-02  2.360747E-06  2.716761E-07  2.259803E-07  2.109437E-04  2.867851E-04  5.273822E-07  1.735615E-07  2.257260E-07  3.408933E-07
 3.551500E+02  4.160448E-01  1.909971E-04  1.097551E-08  1.471559E-08  1.644864E-08  2.001014E-08  2.485438E-01  1.164486E-04  7.859736E-08  2.665248E-01  5.553035E-04  1.627222E-06  2.631868E-07  2.186051E-03  5.548484E-08  2.238652E-07  7.437740E-08  6.533962E-02  2.282028E-06  2.650982E-07  2.203953E-07  2.084558E-04  2.834054E-04  5.051899E-07  1.660281E-07  2.159862E-07  3.285949E-07
 3.561500E+02  4.163987E-01  1.894945E-04  1.071889E-08  1.437436E-08  1.606792E-08  1.955066E-08  2.485628E-01  1.149090E-04  7.508708E-08  2.668717E-01  5.493166E-04  1.560704E-06  2.583497E-07  2.156986E-03  5.338586E-08  2.158176E-07  7.222043E-08  6.466388E-02  2.206337E-06  2.587162E-07  2.149795E-07  2.060109E-04  2.800842E-04  4.840461E-07  1.588629E-07  2.067202E-07  3.168080E-07
 3.571500E+02  4.167472E-01  1.880122E-04  1.046977E-08  1.404305E-08  1.569825E-08  1.910444E-08  2.485814E-01  1.133998E-04  7.175385E-08  2.672132E-01  5.434193E-04  1.497226E-06  2.536245E-07  2.128486E-03  5.137856E-08  2.081070E-07  7.013888E-08  6.399853E-02  2.133545E-06  2.525234E-07  2.097269E-07  2.036081E-04  2.768202E-04  4.638962E-07  1.520463E-07  1.979026E-07  3.055087E-07
 3.581500E+02  4.170902E-01  1.865500E-04  1.022791E-08  1.372132E-08  1.533926E-08  1.867103E-08  2.485997E-01  1.119203E-04  6.858780E-08  2.675495E-01  5.376101E-04  1.436636E-06  2.490081E-07  2.100537E-03  4.945848E-08  2.007173E-07  6.812973E-08  6.334341E-02  2.063529E-06  2.465134E-07  2.046318E-07  2.012466E-04  2.736123E-04  4.446889E-07  1.455594E-07  1.895095E-07  2.946746E-07
 3.591500E+02  4.174279E-01  1.851074E-04  9.993055E-09  1.340885E-08  1.499058E-08  1.825000E-08  2.486176E-01  1.104698E-04  6.557967E-08  2.678807E-01  5.318876E-04  1.378789E-06  2.444978E-07  2.073125E-03  4.762135E-08  1.936336E-07  6.619008E-08  6.269832E-02  1.996170E-06  2.406799E-07  1.996889E-07  1.989254E-04  2.704592E-04  4.263758E-07  1.393847E-07  1.815182E-07  2.842843E-07
 3.601500E+02  4.177605E-01  1.836843E-04  9.764970E-09  1.310533E-08  1.465188E-08  1.784094E-08  2.486352E-01  1.090475E-04  6.272073E-08  2.682067E-01  5.262503E-04  1.323550E-06  2.400908E-07  2.046239E-03  4.586315E-08  1.868416E-07  6.431719E-08  6.206309E-02  1.931356E-06  2.350169E-07  1.948929E-07  1.966437E-04  2.673599E-04  4.089110E-07  1.335056E-07  1.739075E-07  2.743173E-07
 3.611500E+02  4.180879E-01  1.822803E-04  9.543429E-09  1.281047E-08  1.432282E-08  1.744345E-08  2.486524E-01  1.076528E-04  6.000280E-08  2.685278E-01  5.206969E-04  1.270790E-06  2.357844E-07  2.019866E-03  4.418010E-08  1.803276E-07  6.250841E-08  6.143754E-02  1.868979E-06  2.295188E-07  1.902387E-07  1.944008E-04  2.643132E-04  3.922514E-07  1.279065E-07  1.666575E-07  2.647545E-07
 3.621500E+02  4.184102E-01  1.808950E-04  9.328213E-09  1.252396E-08  1.400308E-08  1.705716E-08  2.486693E-01  1.062850E-04  5.741819E-08  2.688440E-01  5.152259E-04  1.220388E-06  2.315760E-07  1.993993E-03  4.256857E-08  1.740790E-07  6.076122E-08  6.082150E-02  1.808937E-06  2.241799E-07  1.857216E-07  1.921958E-04  2.613180E-04  3.763561E-07  1.225726E-07  1.597492E-07  2.555774E-07
 3.631500E+02  4.187277E-01  1.795283E-04  9.119111E-09  1.224555E-08  1.369235E-08  1.668168E-08  2.486860E-01  1.049435E-04  5.495965E-08  2.691555E-01  5.098360E-04  1.172228E-06  2.274630E-07  1.968610E-03  4.102517E-08  1.680834E-07  5.907321E-08  6.021480E-02  1.751132E-06  2.189950E-07  1.813370E-07  1.900279E-04  2.583733E-04  3.611865E-07  1.174901E-07  1.531648E-07  2.467686E-07
 3.641500E+02  4.190403E-01  1.781797E-04  8.915922E-09  1.197496E-08  1.339034E-08  1.631668E-08  2.487023E-01  1.036275E-04  5.262038E-08  2.694621E-01  5.045259E-04  1.126200E-06  2.234430E-07  1.943704E-03  3.954664E-08  1.623294E-07  5.744209E-08  5.961727E-02  1.695471E-06  2.139590E-07  1.770802E-07  1.878964E-04  2.554781E-04  3.467061E-07  1.126459E-07  1.468876E-07  2.383115E-07
 3.651500E+02  4.193481E-01  1.768491E-04  8.718449E-09  1.171193E-08  1.309677E-08  1.596181E-08  2.487183E-01  1.023365E-04  5.039396E-08  2.697642E-01  4.992942E-04  1.082201E-06  2.195136E-07  1.919264E-03  3.812994E-08  1.568059E-07  5.586564E-08  5.902875E-02  1.641865E-06  2.090668E-07  1.729471E-07  1.858005E-04  2.526313E-04  3.328805E-07  1.080277E-07  1.409016E-07  2.301905E-07
 3.661500E+02  4.196513E-01  1.755360E-04  8.526507E-09  1.145622E-08  1.281135E-08  1.561673E-08  2.487340E-01  1.010699E-04  4.827437E-08  2.700617E-01  4.941396E-04  1.040133E-06  2.156725E-07  1.895280E-03  3.677216E-08  1.515025E-07  5.434177E-08  5.844907E-02  1.590229E-06  2.043138E-07  1.689335E-07  1.837396E-04  2.498320E-04  3.196769E-07  1.036237E-07  1.351920E-07  2.223906E-07
 3.671500E+02  4.199499E-01  1.742403E-04  8.339914E-09  1.120759E-08  1.253382E-08  1.528114E-08  2.487494E-01  9.982715E-05  4.625592E-08  2.703548E-01  4.890609E-04  9.999032E-07  2.119173E-07  1.871741E-03  3.547053E-08  1.464093E-07  5.286844E-08  5.787809E-02  1.540482E-06  1.996954E-07  1.650353E-07  1.817129E-04  2.470791E-04  3.070646E-07  9.942303E-08  1.297447E-07  2.148974E-07
 3.681500E+02  4.202440E-01  1.729617E-04  8.158495E-09  1.096582E-08  1.226393E-08  1.495473E-08  2.487645E-01  9.860763E-05  4.433326E-08  2.706434E-01  4.840568E-04  9.614230E-07  2.082460E-07  1.848637E-03  3.422246E-08  1.415169E-07  5.144373E-08  5.731565E-02  1.492547E-06  1.952071E-07  1.612489E-07  1.797196E-04  2.443718E-04  2.950143E-07  9.541527E-08  1.245462E-07  2.076975E-07
 3.691500E+02  4.205336E-01  1.716999E-04  7.982083E-09  1.073067E-08  1.200143E-08  1.463721E-08  2.487794E-01  9.741081E-05  4.250135E-08  2.709278E-01  4.791260E-04  9.246090E-07  2.046562E-07  1.825958E-03  3.302546E-08  1.368162E-07  5.006579E-08  5.676160E-02  1.446349E-06  1.908448E-07  1.575703E-07  1.777593E-04  2.417091E-04  2.834984E-07  9.159061E-08  1.195840E-07  2.007780E-07
 3.701500E+02  4.208189E-01  1.704546E-04  7.810517E-09  1.050194E-08  1.174609E-08  1.432828E-08  2.487940E-01  9.623617E-05  4.075544E-08  2.712079E-01  4.742674E-04  8.893819E-07  2.011461E-07  1.803695E-03  3.187717E-08  1.322989E-07  4.873285E-08  5.621578E-02  1.401819E-06  1.866043E-07  1.539962E-07  1.758311E-04  2.390902E-04  2.724907E-07  8.793980E-08  1.148462E-07  1.941266E-07
 3.711500E+02  4.211000E-01  1.692256E-04  7.643641E-09  1.027943E-08  1.149767E-08  1.402769E-08  2.488083E-01  9.508317E-05  3.909104E-08  2.714839E-01  4.694797E-04  8.556665E-07  1.977134E-07  1.781837E-03  3.077537E-08  1.279569E-07  4.744322E-08  5.567806E-02  1.358887E-06  1.824816E-07  1.505230E-07  1.739344E-04  2.365140E-04  2.619666E-07  8.445408E-08  1.103215E-07  1.877316E-07
 3.721500E+02  4.213768E-01  1.680126E-04  7.481304E-09  1.006292E-08  1.125595E-08  1.373516E-08  2.488224E-01  9.395133E-05  3.750393E-08  2.717558E-01  4.647618E-04  8.233915E-07  1.943564E-07  1.760375E-03  2.971794E-08  1.237823E-07  4.619528E-08  5.514829E-02  1.317491E-06  1.784730E-07  1.471475E-07  1.720686E-04  2.339799E-04  2.519025E-07  8.112518E-08  1.059994E-07  1.815819E-07
 3.731500E+02  4.216496E-01  1.668154E-04  7.323362E-09  9.852249E-09  1.102074E-08  1.345044E-08  2.488362E-01  9.284014E-05  3.599013E-08  2.720236E-01  4.601125E-04  7.924892E-07  1.910729E-07  1.739302E-03  2.870286E-08  1.197680E-07  4.498746E-08  5.462633E-02  1.277568E-06  1.745748E-07  1.438665E-07  1.702332E-04  2.314869E-04  2.422762E-07  7.794529E-08  1.018698E-07  1.756670E-07
