#         T/K            c1          c2-1          c3-4          c3-5          c3-7          c3-9            m1          m2-1          m3-1            w1            w2          w3-1          w3-2          c1m1        c1m2-1        c1m2-7        c2m1-1        c1w1-2        c1w2-1        c2w1-1        c2w1-9        m1w1-1        m1w1-4        m1w2-1        m2w1-1        m2w1-3      c1m1w1-1
 2.731500E+02  1.768359E-01  1.045094E-04  1.635299E-08  2.146369E-08  2.388006E-08  2.847400E-08  3.438082E-01  1.004007E-03  3.164581E-05  3.241330E-01  3.641009E-03  4.159919E-04  5.836811E-06  6.424236E-03  3.566047E-06  1.170133E-05  6.122786E-07  1.396119E-01  8.619531E-05  1.266157E-06  1.111820E-06  1.520474E-03  2.069774E-03  1.454371E-04  5.585616E-05  7.074258E-05  1.682420E-05
 2.741500E+02  1.779009E-01  1.037771E-04  1.583964E-08  2.079695E-08  2.313999E-08  2.760026E-08  3.439469E-01  9.799198E-04  2.919660E-05  3.252713E-01  3.577471E-03  3.880284E-04  5.656031E-06  6.293847E-03  3.341816E-06  1.100107E-05  5.848764E-07  1.376182E-01  8.165465E-05  1.221344E-06  1.071544E-06  1.489698E-03  2.027752E-03  1.352365E-04  5.174559E-05  6.556258E-05  1.584289E-05
 2.751500E+02  1.789492E-01  1.030419E-04  1.534331E-08  2.015205E-08  2.242410E-08  2.675475E-08  3.440812E-01  9.565943E-04  2.695364E-05  3.263893E-01  3.515248E-03  3.620911E-04  5.481631E-06  6.166686E-03  3.133063E-06  1.034704E-05  5.588308E-07  1.356544E-01  7.737443E-05  1.178259E-06  1.032858E-06  1.459722E-03  1.986828E-03  1.258108E-04  4.796362E-05  6.079483E-05  1.492419E-05
 2.761500E+02  1.799810E-01  1.023043E-04  1.486345E-08  1.952831E-08  2.173163E-08  2.593661E-08  3.442114E-01  9.340017E-04  2.489825E-05  3.274875E-01  3.454315E-03  3.380239E-04  5.313372E-06  6.042666E-03  2.938633E-06  9.735927E-06  5.340697E-07  1.337203E-01  7.333871E-05  1.136833E-06  9.956971E-07  1.430523E-03  1.946968E-03  1.170970E-04  4.448206E-05  5.640409E-05  1.406381E-05
 2.771500E+02  1.809964E-01  1.015647E-04  1.439953E-08  1.892506E-08  2.106184E-08  2.514498E-08  3.443376E-01  9.121148E-04  2.301357E-05  3.285662E-01  3.394646E-03  3.156830E-04  5.151023E-06  5.921704E-03  2.757465E-06  9.164679E-06  5.105248E-07  1.318157E-01  6.953258E-05  1.097001E-06  9.599989E-07  1.402077E-03  1.908143E-03  1.090375E-04  4.127530E-05  5.235837E-05  1.325777E-05
 2.781500E+02  1.819956E-01  1.008236E-04  1.395103E-08  1.834163E-08  2.041402E-08  2.437904E-08  3.444600E-01  8.909074E-04  2.128434E-05  3.296259E-01  3.336215E-03  2.949366E-04  4.994361E-06  5.803718E-03  2.588581E-06  8.630476E-06  4.881318E-07  1.299403E-01  6.594208E-05  1.058698E-06  9.257034E-07  1.374362E-03  1.870321E-03  1.015797E-04  3.832005E-05  4.862852E-05  1.250236E-05
 2.791500E+02  1.829787E-01  1.000815E-04  1.351745E-08  1.777740E-08  1.978746E-08  2.363797E-08  3.445787E-01  8.703545E-04  1.969677E-05  3.306668E-01  3.278998E-03  2.756634E-04  4.843173E-06  5.688630E-03  2.431080E-06  8.130711E-06  4.668300E-07  1.280939E-01  6.255414E-05  1.021864E-06  8.927530E-07  1.347357E-03  1.833473E-03  9.467553E-05  3.559510E-05  4.518805E-05  1.179416E-05
 2.801500E+02  1.839459E-01  9.933865E-05  1.309831E-08  1.723175E-08  1.918148E-08  2.292100E-08  3.446939E-01  8.504320E-04  1.823836E-05  3.316894E-01  3.222969E-03  2.577516E-04  4.697252E-06  5.576362E-03  2.284131E-06  7.662974E-06  4.465620E-07  1.262763E-01  5.935655E-05  9.864403E-07  8.610928E-07  1.321042E-03  1.797569E-03  8.828095E-05  3.308118E-05  4.201281E-05  1.113000E-05
 2.811500E+02  1.848974E-01  9.859558E-05  1.269314E-08  1.670408E-08  1.859542E-08  2.222735E-08  3.448057E-01  8.311170E-04  1.689780E-05  3.326938E-01  3.168104E-03  2.410988E-04  4.556402E-06  5.466838E-03  2.146969E-06  7.225035E-06  4.272737E-07  1.244872E-01  5.633783E-05  9.523699E-07  8.306696E-07  1.295396E-03  1.762584E-03  8.235560E-05  3.076070E-05  3.908080E-05  1.050692E-05
 2.821500E+02  1.858334E-01  9.785266E-05  1.230146E-08  1.619381E-08  1.802863E-08  2.155628E-08  3.449142E-01  8.123873E-04  1.566481E-05  3.336805E-01  3.114378E-03  2.256103E-04  4.420430E-06  5.359986E-03  2.018888E-06  6.814832E-06  4.089139E-07  1.227263E-01  5.348727E-05  9.195990E-07  8.014330E-07  1.270399E-03  1.728488E-03  7.686256E-05  2.861765E-05  3.637198E-05  9.922182E-06
 2.831500E+02  1.867541E-01  9.711023E-05  1.192284E-08  1.570036E-08  1.748049E-08  2.090707E-08  3.450197E-01  7.942219E-04  1.453010E-05  3.346499E-01  3.061768E-03  2.111992E-04  4.289154E-06  5.255735E-03  1.899236E-06  6.430454E-06  3.914343E-07  1.209934E-01  5.079482E-05  8.880756E-07  7.733342E-07  1.246033E-03  1.695257E-03  7.176798E-05  2.663743E-05  3.386804E-05  9.373236E-06
 2.841500E+02  1.876595E-01  9.636867E-05  1.155684E-08  1.522319E-08  1.695039E-08  2.027902E-08  3.451221E-01  7.766003E-04  1.348522E-05  3.356020E-01  3.010248E-03  1.977854E-04  4.162397E-06  5.154014E-03  1.787412E-06  6.070132E-06  3.747892E-07  1.192881E-01  4.825107E-05  8.577498E-07  7.463266E-07  1.222279E-03  1.662864E-03  6.704083E-05  2.480673E-05  3.155231E-05  8.857717E-06
 2.851500E+02  1.885500E-01  9.562830E-05  1.120304E-08  1.476176E-08  1.643774E-08  1.967143E-08  3.452216E-01  7.595032E-04  1.252249E-05  3.365374E-01  2.959797E-03  1.852951E-04  4.039990E-06  5.054757E-03  1.682860E-06  5.732229E-06  3.589355E-07  1.176102E-01  4.584719E-05  8.285738E-07  7.203655E-07  1.199119E-03  1.631286E-03  6.265263E-05  2.311337E-05  2.940952E-05  8.373426E-06
 2.861500E+02  1.894257E-01  9.488944E-05  1.086104E-08  1.431556E-08  1.594196E-08  1.908365E-08  3.453184E-01  7.429118E-04  1.163495E-05  3.374563E-01  2.910391E-03  1.736602E-04  3.921770E-06  4.957898E-03  1.585067E-06  5.415225E-06  3.438324E-07  1.159593E-01  4.357491E-05  8.005016E-07  6.954081E-07  1.176537E-03  1.600498E-03  5.857728E-05  2.154626E-05  2.742577E-05  7.918317E-06
 2.871500E+02  1.902869E-01  9.415242E-05  1.053044E-08  1.388407E-08  1.546250E-08  1.851503E-08  3.454125E-01  7.268081E-04  1.081625E-05  3.383590E-01  2.862008E-03  1.628181E-04  3.807580E-06  4.863373E-03  1.493559E-06  5.117712E-06  3.294414E-07  1.143351E-01  4.142649E-05  7.734892E-07  6.714134E-07  1.154516E-03  1.570478E-03  5.479080E-05  2.009525E-05  2.558832E-05  7.490489E-06
 2.881500E+02  1.911336E-01  9.341750E-05  1.021085E-08  1.346682E-08  1.499881E-08  1.796494E-08  3.455039E-01  7.111750E-04  1.006063E-05  3.392457E-01  2.814625E-03  1.527108E-04  3.697270E-06  4.771120E-03  1.407897E-06  4.838384E-06  3.157261E-07  1.127373E-01  3.939466E-05  7.474941E-07  6.483419E-07  1.133039E-03  1.541203E-03  5.127116E-05  1.875107E-05  2.388553E-05  7.088172E-06
 2.891500E+02  1.919661E-01  9.268499E-05  9.901902E-09  1.306332E-08  1.455038E-08  1.743278E-08  3.455929E-01  6.959960E-04  9.362838E-06  3.401168E-01  2.768220E-03  1.432851E-04  3.590696E-06  4.681078E-03  1.327674E-06  4.576028E-06  3.026519E-07  1.111656E-01  3.747260E-05  7.224758E-07  6.261560E-07  1.112090E-03  1.512651E-03  4.799814E-05  1.750523E-05  2.230675E-05  6.709718E-06
 2.901500E+02  1.927846E-01  9.195513E-05  9.603239E-09  1.267312E-08  1.411669E-08  1.691795E-08  3.456795E-01  6.812551E-04  8.718085E-06  3.409725E-01  2.722773E-03  1.344916E-04  3.487718E-06  4.593189E-03  1.252516E-06  4.329520E-06  2.901863E-07  1.096197E-01  3.565393E-05  6.983953E-07  6.048195E-07  1.091655E-03  1.484803E-03  4.495314E-05  1.634997E-05  2.084223E-05  6.353595E-06
 2.911500E+02  1.935894E-01  9.122817E-05  9.314510E-09  1.229577E-08  1.369726E-08  1.641989E-08  3.457637E-01  6.669371E-04  8.122016E-06  3.418131E-01  2.678261E-03  1.262848E-04  3.388202E-06  4.507395E-03  1.182075E-06  4.097815E-06  2.782985E-07  1.080991E-01  3.393263E-05  6.752153E-07  5.842978E-07  1.071719E-03  1.457636E-03  4.211904E-05  1.527817E-05  1.948304E-05  6.018372E-06
 2.921500E+02  1.943805E-01  9.050437E-05  9.035377E-09  1.193084E-08  1.329160E-08  1.593803E-08  3.458457E-01  6.530274E-04  7.570652E-06  3.426389E-01  2.634665E-03  1.186229E-04  3.292021E-06  4.423641E-03  1.116028E-06  3.879941E-06  2.669593E-07  1.066036E-01  3.230310E-05  6.528999E-07  5.645576E-07  1.052267E-03  1.431133E-03  3.948012E-05  1.428332E-05  1.822098E-05  5.702722E-06
 2.931500E+02  1.951582E-01  8.978392E-05  8.765514E-09  1.157792E-08  1.289925E-08  1.547183E-08  3.459256E-01  6.395120E-04  7.060367E-06  3.434501E-01  2.591964E-03  1.114669E-04  3.199051E-06  4.341872E-03  1.054078E-06  3.674997E-06  2.561411E-07  1.051329E-01  3.076003E-05  6.314146E-07  5.455673E-07  1.033286E-03  1.405274E-03  3.702190E-05  1.335946E-05  1.704857E-05  5.405402E-06
 2.941500E+02  1.959227E-01  8.906705E-05  8.504602E-09  1.123658E-08  1.251976E-08  1.502079E-08  3.460033E-01  6.263774E-04  6.587846E-06  3.442470E-01  2.550139E-03  1.047810E-04  3.109173E-06  4.262035E-03  9.959463E-07  3.482144E-06  2.458178E-07  1.036865E-01  2.929848E-05  6.107264E-07  5.272962E-07  1.014763E-03  1.380039E-03  3.473102E-05  1.250111E-05  1.595891E-05  5.125258E-06
 2.951500E+02  1.966742E-01  8.835396E-05  8.252337E-09  1.090645E-08  1.215271E-08  1.458439E-08  3.460790E-01  6.136105E-04  6.150065E-06  3.450299E-01  2.509170E-03  9.853202E-05  3.022274E-06  4.184081E-03  9.413776E-07  3.300602E-06  2.359647E-07  1.022642E-01  2.791378E-05  5.908038E-07  5.097153E-07  9.966839E-04  1.355413E-03  3.259522E-05  1.170325E-05  1.494569E-05  4.861212E-06
 2.961500E+02  1.974130E-01  8.764482E-05  8.008421E-09  1.058715E-08  1.179766E-08  1.416213E-08  3.461527E-01  6.011990E-04  5.744254E-06  3.457990E-01  2.469038E-03  9.268926E-05  2.938245E-06  4.107957E-03  8.901335E-07  3.129644E-06  2.265584E-07  1.008655E-01  2.660157E-05  5.716163E-07  4.927965E-07  9.790366E-04  1.331377E-03  3.060315E-05  1.096126E-05  1.400309E-05  4.612259E-06
 2.971500E+02  1.981391E-01  8.693982E-05  7.772569E-09  1.027830E-08  1.145422E-08  1.375356E-08  3.462246E-01  5.891308E-04  5.367886E-06  3.465545E-01  2.429724E-03  8.722435E-05  2.856979E-06  4.033618E-03  8.419932E-07  2.968596E-06  2.175767E-07  9.949026E-02  2.535774E-05  5.531349E-07  4.765130E-07  9.618091E-04  1.307914E-03  2.874439E-05  1.027092E-05  1.312581E-05  4.377460E-06
 2.981500E+02  1.988528E-01  8.623911E-05  7.544501E-09  9.979549E-09  1.112198E-08  1.335820E-08  3.462946E-01  5.773945E-04  5.018643E-06  3.472968E-01  2.391210E-03  8.211100E-05  2.778376E-06  3.961014E-03  7.967515E-07  2.816829E-06  2.089987E-07  9.813798E-02  2.417842E-05  5.353315E-07  4.608391E-07  9.449894E-04  1.285009E-03  2.700930E-05  9.628328E-06  1.230892E-05  4.155940E-06
 2.991500E+02  1.995543E-01  8.554285E-05  7.323951E-09  9.690557E-09  1.080058E-08  1.297562E-08  3.463628E-01  5.659789E-04  4.694406E-06  3.480259E-01  2.353479E-03  7.732488E-05  2.702340E-06  3.890100E-03  7.542178E-07  2.673755E-06  2.008044E-07  9.680836E-02  2.305999E-05  5.181793E-07  4.457503E-07  9.285663E-04  1.262646E-03  2.538900E-05  9.029913E-06  1.154794E-05  3.946882E-06
 3.001500E+02  2.002437E-01  8.485117E-05  7.110660E-09  9.410989E-09  1.048963E-08  1.260537E-08  3.464293E-01  5.548734E-04  4.393233E-06  3.487422E-01  2.316512E-03  7.284346E-05  2.628776E-06  3.820833E-03  7.142151E-07  2.538830E-06  1.929752E-07  9.550105E-02  2.199903E-05  5.016528E-07  4.312230E-07  9.125286E-04  1.240810E-03  2.387528E-05  8.472383E-06  1.083870E-05  3.749523E-06
 3.011500E+02  2.009214E-01  8.416422E-05  6.904376E-09  9.140522E-09  1.018878E-08  1.224706E-08  3.464942E-01  5.440679E-04  4.113342E-06  3.494460E-01  2.280294E-03  6.864584E-05  2.557595E-06  3.753167E-03  6.765788E-07  2.411544E-06  1.854931E-07  9.421572E-02  2.099235E-05  4.857272E-07  4.172345E-07  8.968656E-04  1.219485E-03  2.246056E-05  7.952713E-06  1.017741E-05  3.563148E-06
 3.021500E+02  2.015875E-01  8.348212E-05  6.704858E-09  8.878847E-09  9.897697E-09  1.190027E-08  3.465574E-01  5.335523E-04  3.853102E-06  3.501373E-01  2.244806E-03  6.471267E-05  2.488711E-06  3.687062E-03  6.411560E-07  2.291422E-06  1.783412E-07  9.295201E-02  2.003693E-05  4.703789E-07  4.037633E-07  8.815670E-04  1.198658E-03  2.113785E-05  7.468115E-06  9.560537E-06  3.387092E-06
 3.031500E+02  2.022421E-01  8.280497E-05  6.511873E-09  8.625662E-09  9.616037E-09  1.156461E-08  3.466191E-01  5.233173E-04  3.611014E-06  3.508165E-01  2.210033E-03  6.102599E-05  2.422041E-06  3.622476E-03  6.078042E-07  2.178023E-06  1.715035E-07  9.170959E-02  1.912992E-05  4.555852E-07  3.907885E-07  8.666227E-04  1.178314E-03  1.990066E-05  7.016023E-06  8.984853E-06  3.220732E-06
 3.041500E+02  2.028854E-01  8.213288E-05  6.325193E-09  8.380677E-09  9.343481E-09  1.123972E-08  3.466792E-01  5.133538E-04  3.385703E-06  3.514838E-01  2.175959E-03  5.756916E-05  2.357505E-06  3.559370E-03  5.763909E-07  2.070932E-06  1.649649E-07  9.048813E-02  1.826867E-05  4.413244E-07  3.782905E-07  8.520229E-04  1.158442E-03  1.874303E-05  6.594072E-06  8.447371E-06  3.063485E-06
 3.051500E+02  2.035177E-01  8.146594E-05  6.144601E-09  8.143611E-09  9.079718E-09  1.092522E-08  3.467379E-01  5.036529E-04  3.175905E-06  3.521394E-01  2.142569E-03  5.432671E-05  2.295028E-06  3.497705E-03  5.467928E-07  1.969765E-06  1.587109E-07  8.928727E-02  1.745066E-05  4.275757E-07  3.662500E-07  8.377582E-04  1.139026E-03  1.765940E-05  6.200081E-06  7.945339E-06  2.914807E-06
 3.061500E+02  2.041392E-01  8.080425E-05  5.969887E-09  7.914192E-09  8.824448E-09  1.062076E-08  3.467952E-01  4.942062E-04  2.980459E-06  3.527835E-01  2.109846E-03  5.128431E-05  2.234534E-06  3.437443E-03  5.188950E-07  1.874160E-06  1.527280E-07  8.810670E-02  1.667353E-05  4.143189E-07  3.546489E-07  8.238194E-04  1.120056E-03  1.664466E-05  5.832039E-06  7.476219E-06  2.774186E-06
 3.071500E+02  2.047500E-01  8.014789E-05  5.800847E-09  7.692159E-09  8.577379E-09  1.032600E-08  3.468510E-01  4.850057E-04  2.798298E-06  3.534163E-01  2.077776E-03  4.842864E-05  2.175954E-06  3.378547E-03  4.925906E-07  1.783782E-06  1.470031E-07  8.694607E-02  1.593505E-05  4.015351E-07  3.434698E-07  8.101977E-04  1.101518E-03  1.569407E-05  5.488092E-06  7.037665E-06  2.641147E-06
 3.081500E+02  2.053502E-01  7.949691E-05  5.637284E-09  7.477259E-09  8.338232E-09  1.004061E-08  3.469056E-01  4.760433E-04  2.628438E-06  3.540381E-01  2.046344E-03  4.574732E-05  2.119220E-06  3.320982E-03  4.677797E-07  1.698316E-06  1.415240E-07  8.580506E-02  1.523313E-05  3.892057E-07  3.326958E-07  7.968845E-04  1.083402E-03  1.480322E-05  5.166524E-06  6.627515E-06  2.515241E-06
 3.091500E+02  2.059402E-01  7.885140E-05  5.479010E-09  7.269247E-09  8.106736E-09  9.764283E-09  3.469588E-01  4.673117E-04  2.469977E-06  3.546490E-01  2.015537E-03  4.322886E-05  2.064266E-06  3.264714E-03  4.443694E-07  1.617468E-06  1.362791E-07  8.468335E-02  1.456579E-05  3.773131E-07  3.223109E-07  7.838714E-04  1.065695E-03  1.396806E-05  4.865754E-06  6.243768E-06  2.396052E-06
 3.101500E+02  2.065200E-01  7.821140E-05  5.325840E-09  7.067886E-09  7.882628E-09  9.496703E-09  3.470108E-01  4.588036E-04  2.322080E-06  3.552492E-01  1.985340E-03  4.086256E-05  2.011030E-06  3.209709E-03  4.222729E-07  1.540964E-06  1.312572E-07  8.358060E-02  1.393118E-05  3.658405E-07  3.122998E-07  7.711503E-04  1.048386E-03  1.318480E-05  4.584321E-06  5.884576E-06  2.283186E-06
 3.111500E+02  2.070899E-01  7.757697E-05  5.177599E-09  6.872950E-09  7.665657E-09  9.237575E-09  3.470615E-01  4.505118E-04  2.183983E-06  3.558389E-01  1.955739E-03  3.863850E-05  1.959450E-06  3.155934E-03  4.014093E-07  1.468546E-06  1.264480E-07  8.249650E-02  1.332754E-05  3.547715E-07  3.026477E-07  7.587134E-04  1.031465E-03  1.244995E-05  4.320871E-06  5.548229E-06  2.176277E-06
 3.121500E+02  2.076499E-01  7.694816E-05  5.034116E-09  6.684218E-09  7.455579E-09  8.986613E-09  3.471111E-01  4.424298E-04  2.054976E-06  3.564184E-01  1.926721E-03  3.654742E-05  1.909469E-06  3.103357E-03  3.817031E-07  1.399973E-06  1.218413E-07  8.143073E-02  1.275322E-05  3.440906E-07  2.933406E-07  7.465531E-04  1.014921E-03  1.176026E-05  4.074156E-06  5.233146E-06  2.074980E-06
 3.131500E+02  2.082004E-01  7.632500E-05  4.895227E-09  6.501478E-09  7.252157E-09  8.743540E-09  3.471594E-01  4.345510E-04  1.934409E-06  3.569878E-01  1.898274E-03  3.458074E-05  1.861030E-06  3.051948E-03  3.630838E-07  1.335021E-06  1.174279E-07  8.038297E-02  1.220667E-05  3.337829E-07  2.843648E-07  7.346621E-04  9.987449E-04  1.111272E-05  3.843019E-06  4.937865E-06  1.978973E-06
 3.141500E+02  2.087414E-01  7.570753E-05  4.760773E-09  6.324524E-09  7.055166E-09  8.508090E-09  3.472067E-01  4.268691E-04  1.821678E-06  3.575472E-01  1.870385E-03  3.273043E-05  1.814081E-06  3.001676E-03  3.454854E-07  1.273478E-06  1.131987E-07  7.935293E-02  1.168641E-05  3.238340E-07  2.757075E-07  7.230331E-04  9.829258E-04  1.050453E-05  3.626388E-06  4.661029E-06  1.887952E-06
 3.151500E+02  2.092732E-01  7.509577E-05  4.630601E-09  6.153159E-09  6.864384E-09  8.280004E-09  3.472529E-01  4.193781E-04  1.716230E-06  3.580970E-01  1.843040E-03  3.098905E-05  1.768569E-06  2.952513E-03  3.288464E-07  1.215147E-06  1.091452E-07  7.834029E-02  1.119107E-05  3.142302E-07  2.673561E-07  7.116592E-04  9.674547E-04  9.933091E-06  3.423274E-06  4.401384E-06  1.801633E-06
 3.161500E+02  2.097958E-01  7.448975E-05  4.504564E-09  5.987192E-09  6.679601E-09  8.059034E-09  3.472980E-01  4.120721E-04  1.617550E-06  3.586373E-01  1.816229E-03  2.934965E-05  1.724444E-06  2.904429E-03  3.131094E-07  1.159843E-06  1.052593E-07  7.734475E-02  1.071933E-05  3.049584E-07  2.592989E-07  7.005338E-04  9.523223E-04  9.395995E-06  3.232757E-06  4.157767E-06  1.719751E-06
 3.171500E+02  2.103095E-01  7.388949E-05  4.382519E-09  5.826438E-09  6.500612E-09  7.844938E-09  3.473421E-01  4.049456E-04  1.525165E-06  3.591682E-01  1.789938E-03  2.780576E-05  1.681659E-06  2.857398E-03  2.982204E-07  1.107392E-06  1.015332E-07  7.636601E-02  1.026997E-05  2.960058E-07  2.515243E-07  6.896503E-04  9.375197E-04  8.890996E-06  3.053986E-06  3.929098E-06  1.642054E-06
 3.181500E+02  2.108144E-01  7.329500E-05  4.264328E-09  5.670721E-09  6.327220E-09  7.637486E-09  3.473852E-01  3.979932E-04  1.438636E-06  3.596899E-01  1.764158E-03  2.635136E-05  1.640167E-06  2.811392E-03  2.841292E-07  1.057632E-06  9.795978E-08  7.540378E-02  9.841817E-06  2.873603E-07  2.440214E-07  6.790023E-04  9.230382E-04  8.416009E-06  2.886172E-06  3.714378E-06  1.568308E-06
 3.191500E+02  2.113107E-01  7.270629E-05  4.149860E-09  5.519867E-09  6.159235E-09  7.436452E-09  3.474273E-01  3.912095E-04  1.357559E-06  3.602026E-01  1.738875E-03  2.498081E-05  1.599924E-06  2.766385E-03  2.707887E-07  1.010410E-06  9.453198E-08  7.445777E-02  9.433778E-06  2.790103E-07  2.367798E-07  6.685837E-04  9.088694E-04  7.969093E-06  2.728583E-06  3.512679E-06  1.498291E-06
 3.201500E+02  2.117985E-01  7.212337E-05  4.038986E-09  5.373712E-09  5.996472E-09  7.241621E-09  3.474685E-01  3.845896E-04  1.281557E-06  3.607065E-01  1.714080E-03  2.368888E-05  1.560887E-06  2.722353E-03  2.581549E-07  9.655822E-07  9.124321E-08  7.352768E-02  9.044815E-06  2.709447E-07  2.297893E-07  6.583887E-04  8.950052E-04  7.548443E-06  2.580539E-06  3.323139E-06  1.431797E-06
 3.211500E+02  2.122781E-01  7.154623E-05  3.931583E-09  5.232096E-09  5.838756E-09  7.052784E-09  3.475087E-01  3.781285E-04  1.210284E-06  3.612017E-01  1.689761E-03  2.247068E-05  1.523016E-06  2.679270E-03  2.461864E-07  9.230148E-07  8.808720E-08  7.261324E-02  8.673949E-06  2.631526E-07  2.230404E-07  6.484113E-04  8.814377E-04  7.152380E-06  2.441409E-06  3.144958E-06  1.368631E-06
 3.221500E+02  2.127494E-01  7.097487E-05  3.827533E-09  5.094865E-09  5.685914E-09  6.869740E-09  3.475481E-01  3.718216E-04  1.143418E-06  3.616884E-01  1.665909E-03  2.132164E-05  1.486270E-06  2.637112E-03  2.348447E-07  8.825815E-07  8.505797E-08  7.171417E-02  8.320256E-06  2.556238E-07  2.165237E-07  6.386459E-04  8.681591E-04  6.779338E-06  2.310608E-06  2.977392E-06  1.308608E-06
 3.231500E+02  2.132128E-01  7.040930E-05  3.726720E-09  4.961870E-09  5.537782E-09  6.692293E-09  3.475866E-01  3.656644E-04  1.080662E-06  3.621667E-01  1.642512E-03  2.023749E-05  1.450612E-06  2.595857E-03  2.240935E-07  8.441638E-07  8.214985E-08  7.083019E-02  7.982861E-06  2.483484E-07  2.102304E-07  6.290873E-04  8.551621E-04  6.427860E-06  2.187592E-06  2.819752E-06  1.251558E-06
 3.241500E+02  2.136682E-01  6.984949E-05  3.629035E-09  4.832968E-09  5.394200E-09  6.520256E-09  3.476242E-01  3.596524E-04  1.021738E-06  3.626369E-01  1.619560E-03  1.921426E-05  1.416004E-06  2.555481E-03  2.138989E-07  8.076502E-07  7.935743E-08  6.996103E-02  7.660939E-06  2.413170E-07  2.041520E-07  6.197299E-04  8.424394E-04  6.096587E-06  2.071854E-06  2.671394E-06  1.197318E-06
 3.251500E+02  2.141160E-01  6.929544E-05  3.534370E-09  4.708021E-09  5.255016E-09  6.353449E-09  3.476610E-01  3.537815E-04  9.663922E-07  3.630991E-01  1.597045E-03  1.824822E-05  1.382412E-06  2.515962E-03  2.042290E-07  7.729362E-07  7.667557E-08  6.910642E-02  7.353708E-06  2.345204E-07  1.982804E-07  6.105688E-04  8.299840E-04  5.784255E-06  1.962924E-06  2.531721E-06  1.145735E-06
 3.261500E+02  2.145562E-01  6.874713E-05  3.442624E-09  4.586894E-09  5.120080E-09  6.191696E-09  3.476970E-01  3.480475E-04  9.143852E-07  3.635533E-01  1.574956E-03  1.733591E-05  1.349801E-06  2.477280E-03  1.950542E-07  7.399233E-07  7.409939E-08  6.826611E-02  7.060432E-06  2.279500E-07  1.926076E-07  6.015989E-04  8.177891E-04  5.489681E-06  1.860365E-06  2.400177E-06  1.096666E-06
 3.271500E+02  2.149889E-01  6.820454E-05  3.353696E-09  4.469460E-09  4.989251E-09  6.034829E-09  3.477322E-01  3.424465E-04  8.654970E-07  3.639998E-01  1.553284E-03  1.647407E-05  1.318139E-06  2.439412E-03  1.863462E-07  7.085190E-07  7.162422E-08  6.743983E-02  6.780412E-06  2.215973E-07  1.871263E-07  5.928154E-04  8.058481E-04  5.211764E-06  1.763768E-06  2.276246E-06  1.049976E-06
 3.281500E+02  2.154144E-01  6.766766E-05  3.267491E-09  4.355593E-09  4.862390E-09  5.882684E-09  3.477667E-01  3.369746E-04  8.195228E-07  3.644388E-01  1.532019E-03  1.565967E-05  1.287394E-06  2.402340E-03  1.780790E-07  6.786363E-07  6.924564E-08  6.662734E-02  6.512987E-06  2.154542E-07  1.818292E-07  5.842136E-04  7.941545E-04  4.949478E-06  1.672756E-06  2.159444E-06  1.005537E-06
 3.291500E+02  2.158327E-01  6.713645E-05  3.183917E-09  4.245175E-09  4.739365E-09  5.735106E-09  3.478004E-01  3.316283E-04  7.762723E-07  3.648703E-01  1.511154E-03  1.488986E-05  1.257536E-06  2.366042E-03  1.702277E-07  6.501933E-07  6.695942E-08  6.582837E-02  6.257533E-06  2.095131E-07  1.767093E-07  5.757889E-04  7.827022E-04  4.701862E-06  1.586975E-06  2.049323E-06  9.632305E-07
 3.301500E+02  2.162439E-01  6.661090E-05  3.102886E-09  4.138090E-09  4.620046E-09  5.591942E-09  3.478335E-01  3.264039E-04  7.355688E-07  3.652945E-01  1.490679E-03  1.416200E-05  1.228536E-06  2.330501E-03  1.627693E-07  6.231130E-07  6.476156E-08  6.504268E-02  6.013459E-06  2.037665E-07  1.717602E-07  5.675370E-04  7.714851E-04  4.468021E-06  1.506096E-06  1.945465E-06  9.229421E-07
 3.311500E+02  2.166483E-01  6.609097E-05  3.024311E-09  4.034227E-09  4.504311E-09  5.453046E-09  3.478658E-01  3.212979E-04  6.972478E-07  3.657116E-01  1.470585E-03  1.347358E-05  1.200364E-06  2.295697E-03  1.556820E-07  5.973226E-07  6.264821E-08  6.427004E-02  5.780206E-06  1.982073E-07  1.669753E-07  5.594534E-04  7.604972E-04  4.247117E-06  1.429812E-06  1.847479E-06  8.845661E-07
 3.321500E+02  2.170459E-01  6.557665E-05  2.948110E-09  3.933477E-09  4.392040E-09  5.318276E-09  3.478974E-01  3.163071E-04  6.611564E-07  3.661216E-01  1.450865E-03  1.282229E-05  1.172994E-06  2.261612E-03  1.489454E-07  5.727540E-07  6.061573E-08  6.351019E-02  5.557244E-06  1.928287E-07  1.623486E-07  5.515341E-04  7.497330E-04  4.038369E-06  1.357838E-06  1.755002E-06  8.480021E-07
 3.331500E+02  2.174368E-01  6.506788E-05  2.874203E-09  3.835737E-09  4.283117E-09  5.187497E-09  3.479283E-01  3.114283E-04  6.271523E-07  3.665247E-01  1.431510E-03  1.220594E-05  1.146401E-06  2.228229E-03  1.425402E-07  5.493427E-07  5.866065E-08  6.276292E-02  5.344070E-06  1.876241E-07  1.578743E-07  5.437749E-04  7.391868E-04  3.841045E-06  1.289906E-06  1.667695E-06  8.131553E-07
 3.341500E+02  2.178212E-01  6.456465E-05  2.802513E-09  3.740907E-09  4.177432E-09  5.060578E-09  3.479587E-01  3.066582E-04  5.951032E-07  3.669211E-01  1.412513E-03  1.162248E-05  1.120557E-06  2.195531E-03  1.364483E-07  5.270280E-07  5.677966E-08  6.202798E-02  5.140211E-06  1.825871E-07  1.535466E-07  5.361720E-04  7.288533E-04  3.654462E-06  1.225769E-06  1.585240E-06  7.799367E-07
 3.351500E+02  2.181992E-01  6.406691E-05  2.732967E-09  3.648891E-09  4.074877E-09  4.937391E-09  3.479883E-01  3.019940E-04  5.648856E-07  3.673108E-01  1.393865E-03  1.107001E-05  1.095440E-06  2.163500E-03  1.306528E-07  5.057528E-07  5.496961E-08  6.130516E-02  4.945216E-06  1.777117E-07  1.493603E-07  5.287215E-04  7.187272E-04  3.477981E-06  1.165193E-06  1.507342E-06  7.482620E-07
 3.361500E+02  2.185710E-01  6.357463E-05  2.665493E-09  3.559595E-09  3.975350E-09  4.817813E-09  3.480174E-01  2.974326E-04  5.363846E-07  3.676940E-01  1.375560E-03  1.054673E-05  1.071026E-06  2.132121E-03  1.251376E-07  4.854629E-07  5.322748E-08  6.059422E-02  4.758658E-06  1.729920E-07  1.453101E-07  5.214196E-04  7.088035E-04  3.311003E-06  1.107963E-06  1.433725E-06  7.180517E-07
 3.371500E+02  2.189365E-01  6.308778E-05  2.600021E-09  3.472930E-09  3.878749E-09  4.701728E-09  3.480459E-01  2.929713E-04  5.094932E-07  3.680709E-01  1.357589E-03  1.005095E-05  1.047291E-06  2.101377E-03  1.198878E-07  4.661077E-07  5.155040E-08  5.989496E-02  4.580133E-06  1.684226E-07  1.413911E-07  5.142628E-04  6.990772E-04  3.152968E-06  1.053874E-06  1.364130E-06  6.892308E-07
 3.381500E+02  2.192961E-01  6.260631E-05  2.536486E-09  3.388808E-09  3.784980E-09  4.589020E-09  3.480737E-01  2.886073E-04  4.841114E-07  3.684414E-01  1.339946E-03  9.581102E-06  1.024215E-06  2.071254E-03  1.148892E-07  4.476391E-07  4.993565E-08  5.920715E-02  4.409259E-06  1.639979E-07  1.375984E-07  5.072475E-04  6.895435E-04  3.003351E-06  1.002739E-06  1.298317E-06  6.617285E-07
 3.391500E+02  2.196497E-01  6.213019E-05  2.474822E-09  3.307148E-09  3.693948E-09  4.479580E-09  3.481010E-01  2.843381E-04  4.601463E-07  3.688059E-01  1.322623E-03  9.135700E-06  1.001776E-06  2.041736E-03  1.101283E-07  4.300117E-07  4.838060E-08  5.853059E-02  4.245672E-06  1.597128E-07  1.339275E-07  5.003703E-04  6.801978E-04  2.861663E-06  9.543800E-07  1.236059E-06  6.354780E-07
 3.401500E+02  2.199974E-01  6.165936E-05  2.414970E-09  3.227866E-09  3.605565E-09  4.373302E-09  3.481278E-01  2.801609E-04  4.375107E-07  3.691643E-01  1.305614E-03  8.713356E-06  9.799534E-07  2.012810E-03  1.055927E-07  4.131829E-07  4.688278E-08  5.786506E-02  4.089027E-06  1.555624E-07  1.303740E-07  4.936279E-04  6.710354E-04  2.727442E-06  9.086317E-07  1.177146E-06  6.104159E-07
 3.411500E+02  2.203395E-01  6.119380E-05  2.356868E-09  3.150887E-09  3.519744E-09  4.270082E-09  3.481540E-01  2.760735E-04  4.161238E-07  3.695168E-01  1.288912E-03  8.312766E-06  9.587283E-07  1.984460E-03  1.012705E-07  3.971122E-07  4.543980E-08  5.721037E-02  3.938998E-06  1.515419E-07  1.269336E-07  4.870170E-04  6.620521E-04  2.600257E-06  8.653393E-07  1.121380E-06  5.864827E-07
 3.421500E+02  2.206759E-01  6.073345E-05  2.300459E-09  3.076134E-09  3.436402E-09  4.169823E-09  3.481797E-01  2.720733E-04  3.959096E-07  3.698635E-01  1.272511E-03  7.932705E-06  9.380815E-07  1.956673E-03  9.715047E-08  3.817614E-07  4.404940E-08  5.656632E-02  3.795274E-06  1.476466E-07  1.236023E-07  4.805346E-04  6.532435E-04  2.479703E-06  8.243580E-07  1.068576E-06  5.636217E-07
 3.431500E+02  2.210069E-01  6.027828E-05  2.245688E-09  3.003536E-09  3.355457E-09  4.072428E-09  3.482049E-01  2.681580E-04  3.767975E-07  3.702045E-01  1.256403E-03  7.572022E-06  9.179948E-07  1.929435E-03  9.322219E-08  3.670946E-07  4.270942E-08  5.593270E-02  3.657562E-06  1.438721E-07  1.203761E-07  4.741776E-04  6.446054E-04  2.365403E-06  7.855522E-07  1.018562E-06  5.417798E-07
 3.441500E+02  2.213324E-01  5.982823E-05  2.192502E-09  2.933023E-09  3.276833E-09  3.977805E-09  3.482295E-01  2.643254E-04  3.587212E-07  3.705399E-01  1.240584E-03  7.229637E-06  8.984506E-07  1.902734E-03  8.947569E-08  3.530777E-07  4.141778E-08  5.530933E-02  3.525582E-06  1.402143E-07  1.172514E-07  4.679429E-04  6.361338E-04  2.256999E-06  7.487951E-07  9.711759E-07  5.209063E-07
 3.451500E+02  2.216527E-01  5.938327E-05  2.140847E-09  2.864526E-09  3.200454E-09  3.885866E-09  3.482537E-01  2.605734E-04  3.416191E-07  3.708698E-01  1.225046E-03  6.904535E-06  8.794319E-07  1.876557E-03  8.590161E-08  3.396784E-07  4.017252E-08  5.469601E-02  3.399068E-06  1.366690E-07  1.142244E-07  4.618277E-04  6.278248E-04  2.154158E-06  7.139677E-07  9.262648E-07  5.009537E-07
 3.461500E+02  2.219677E-01  5.894334E-05  2.090676E-09  2.797981E-09  3.126248E-09  3.796525E-09  3.482774E-01  2.568997E-04  3.254332E-07  3.711944E-01  1.209783E-03  6.595759E-06  8.609223E-07  1.850892E-03  8.249111E-08  3.268663E-07  3.897174E-08  5.409257E-02  3.277769E-06  1.332323E-07  1.112918E-07  4.558292E-04  6.196745E-04  2.056567E-06  6.809585E-07  8.836870E-07  4.818766E-07
 3.471500E+02  2.222777E-01  5.850840E-05  2.041939E-09  2.733325E-09  3.054146E-09  3.709698E-09  3.483006E-01  2.533024E-04  3.101096E-07  3.715137E-01  1.194791E-03  6.302413E-06  8.429061E-07  1.825726E-03  7.923585E-08  3.146127E-07  3.781366E-08  5.349882E-02  3.161447E-06  1.299004E-07  1.084502E-07  4.499447E-04  6.116792E-04  1.963931E-06  6.496632E-07  8.433089E-07  4.636323E-07
 3.481500E+02  2.225826E-01  5.807841E-05  1.994591E-09  2.670497E-09  2.984079E-09  3.625306E-09  3.483234E-01  2.497795E-04  2.955975E-07  3.718278E-01  1.180063E-03  6.023652E-06  8.253679E-07  1.801048E-03  7.612796E-08  3.028902E-07  3.669655E-08  5.291458E-02  3.049872E-06  1.266697E-07  1.056964E-07  4.441714E-04  6.038353E-04  1.875974E-06  6.199837E-07  8.050055E-07  4.461804E-07
 3.491500E+02  2.228827E-01  5.765331E-05  1.948586E-09  2.609439E-09  2.915982E-09  3.543271E-09  3.483457E-01  2.463290E-04  2.818497E-07  3.721369E-01  1.165594E-03  5.758682E-06  8.082931E-07  1.776846E-03  7.315999E-08  2.916731E-07  3.561877E-08  5.233967E-02  2.942831E-06  1.235368E-07  1.030272E-07  4.385069E-04  5.961392E-04  1.792436E-06  5.918283E-07  7.686593E-07  4.294825E-07
 3.501500E+02  2.231779E-01  5.723306E-05  1.903881E-09  2.550095E-09  2.849794E-09  3.463518E-09  3.483676E-01  2.429491E-04  2.688217E-07  3.724409E-01  1.151378E-03  5.506753E-06  7.916673E-07  1.753109E-03  7.032492E-08  2.809369E-07  3.457874E-08  5.177393E-02  2.840117E-06  1.204981E-07  1.004399E-07  4.329485E-04  5.885876E-04  1.713074E-06  5.651108E-07  7.341601E-07  4.135024E-07
 3.511500E+02  2.234683E-01  5.681760E-05  1.860435E-09  2.492409E-09  2.785452E-09  3.385976E-09  3.483891E-01  2.396380E-04  2.564719E-07  3.727401E-01  1.137411E-03  5.267164E-06  7.754769E-07  1.729827E-03  6.761611E-08  2.706585E-07  3.357497E-08  5.121718E-02  2.741536E-06  1.175506E-07  9.793141E-08  4.274939E-04  5.811770E-04  1.637657E-06  5.397502E-07  7.014044E-07  3.982056E-07
 3.521500E+02  2.237542E-01  5.640690E-05  1.818207E-09  2.436330E-09  2.722900E-09  3.310575E-09  3.484102E-01  2.363940E-04  2.447615E-07  3.730345E-01  1.123686E-03  5.039250E-06  7.597085E-07  1.706989E-03  6.502728E-08  2.608160E-07  3.260602E-08  5.066926E-02  2.646902E-06  1.146910E-07  9.549910E-08  4.221406E-04  5.739042E-04  1.565971E-06  5.156706E-07  6.702951E-07  3.835595E-07
 3.531500E+02  2.240355E-01  5.600090E-05  1.777159E-09  2.381805E-09  2.662079E-09  3.237247E-09  3.484308E-01  2.332152E-04  2.336538E-07  3.733241E-01  1.110198E-03  4.822388E-06  7.443493E-07  1.684584E-03  6.255250E-08  2.513888E-07  3.167051E-08  5.013001E-02  2.556038E-06  1.119164E-07  9.314033E-08  4.168864E-04  5.667661E-04  1.497811E-06  4.928008E-07  6.407410E-07  3.695334E-07
 3.541500E+02  2.243123E-01  5.559955E-05  1.737253E-09  2.328787E-09  2.602936E-09  3.165928E-09  3.484511E-01  2.301002E-04  2.231147E-07  3.736092E-01  1.096944E-03  4.615989E-06  7.293871E-07  1.662604E-03  6.018616E-08  2.423570E-07  3.076714E-08  4.959927E-02  2.468778E-06  1.092240E-07  9.085255E-08  4.117290E-04  5.597595E-04  1.432987E-06  4.710736E-07  6.126562E-07  3.560979E-07
 3.551500E+02  2.245847E-01  5.520281E-05  1.698452E-09  2.277228E-09  2.545417E-09  3.096556E-09  3.484710E-01  2.270472E-04  2.131120E-07  3.738897E-01  1.083918E-03  4.419499E-06  7.148097E-07  1.641037E-03  5.792294E-08  2.337022E-07  2.989465E-08  4.907687E-02  2.384961E-06  1.066109E-07  8.863333E-08  4.066661E-04  5.528816E-04  1.371320E-06  4.504261E-07  5.859601E-07  3.432252E-07
 3.561500E+02  2.248528E-01  5.481062E-05  1.660723E-09  2.227081E-09  2.489473E-09  3.029068E-09  3.484905E-01  2.240548E-04  2.036154E-07  3.741658E-01  1.071115E-03  4.232395E-06  7.006056E-07  1.619875E-03  5.575782E-08  2.254065E-07  2.905184E-08  4.856268E-02  2.304436E-06  1.040744E-07  8.648032E-08  4.016956E-04  5.461293E-04  1.312640E-06  4.307991E-07  5.605769E-07  3.308890E-07
 3.571500E+02  2.251167E-01  5.442294E-05  1.624031E-09  2.178304E-09  2.435053E-09  2.963408E-09  3.485096E-01  2.211214E-04  1.945968E-07  3.744375E-01  1.058532E-03  4.054185E-06  6.867637E-07  1.599109E-03  5.368604E-08  2.174533E-07  2.823755E-08  4.805653E-02  2.227059E-06  1.016120E-07  8.439127E-08  3.968156E-04  5.394999E-04  1.256787E-06  4.121370E-07  5.364353E-07  3.190643E-07
 3.581500E+02  2.253764E-01  5.403972E-05  1.588343E-09  2.130852E-09  2.382110E-09  2.899518E-09  3.485284E-01  2.182455E-04  1.860296E-07  3.747049E-01  1.046162E-03  3.884404E-06  6.732731E-07  1.578728E-03  5.170311E-08  2.098267E-07  2.745070E-08  4.755828E-02  2.152690E-06  9.922126E-08  8.236399E-08  3.920238E-04  5.329905E-04  1.203612E-06  3.943873E-07  5.134682E-07  3.077274E-07
 3.591500E+02  2.256321E-01  5.366091E-05  1.553629E-09  2.084686E-09  2.330599E-09  2.837344E-09  3.485468E-01  2.154259E-04  1.778887E-07  3.749682E-01  1.034002E-03  3.722614E-06  6.601235E-07  1.558726E-03  4.980475E-08  2.025116E-07  2.669021E-08  4.706779E-02  2.081201E-06  9.689972E-08  8.039641E-08  3.873184E-04  5.265985E-04  1.152973E-06  3.775008E-07  4.916125E-07  2.968559E-07
 3.601500E+02  2.258837E-01  5.328646E-05  1.519858E-09  2.039764E-09  2.280475E-09  2.776833E-09  3.485649E-01  2.126610E-04  1.701507E-07  3.752273E-01  1.022048E-03  3.568401E-06  6.473047E-07  1.539093E-03  4.798693E-08  1.954936E-07  2.595509E-08  4.658491E-02  2.012465E-06  9.464511E-08  7.848650E-08  3.826974E-04  5.203213E-04  1.104736E-06  3.614311E-07  4.708087E-07  2.864282E-07
 3.611500E+02  2.261315E-01  5.291632E-05  1.487000E-09  1.996049E-09  2.231695E-09  2.717934E-09  3.485827E-01  2.099495E-04  1.627935E-07  3.754823E-01  1.010295E-03  3.421374E-06  6.348070E-07  1.519820E-03  4.624582E-08  1.887592E-07  2.524437E-08  4.610951E-02  1.946365E-06  9.245521E-08  7.663234E-08  3.781589E-04  5.141563E-04  1.058776E-06  3.461346E-07  4.510008E-07  2.764242E-07
 3.621500E+02  2.263754E-01  5.255044E-05  1.455027E-09  1.953504E-09  2.184219E-09  2.660598E-09  3.486001E-01  2.072901E-04  1.557964E-07  3.757334E-01  9.987400E-04  3.281166E-06  6.226209E-07  1.500900E-03  4.457779E-08  1.822954E-07  2.455712E-08  4.564144E-02  1.882786E-06  9.032788E-08  7.483205E-08  3.737012E-04  5.081009E-04  1.014974E-06  3.315701E-07  4.321362E-07  2.668246E-07
 3.631500E+02  2.266155E-01  5.218877E-05  1.423912E-09  1.912092E-09  2.138005E-09  2.604777E-09  3.486172E-01  2.046817E-04  1.491398E-07  3.759806E-01  9.873781E-04  3.147427E-06  6.107374E-07  1.482326E-03  4.297940E-08  1.760901E-07  2.389246E-08  4.518058E-02  1.821621E-06  8.826109E-08  7.308384E-08  3.693224E-04  5.021529E-04  9.732190E-07  3.176989E-07  4.141650E-07  2.576111E-07
 3.641500E+02  2.268519E-01  5.183128E-05  1.393628E-09  1.871779E-09  2.093015E-09  2.550425E-09  3.486340E-01  2.021229E-04  1.428055E-07  3.762239E-01  9.762055E-04  3.019830E-06  5.991476E-07  1.464088E-03  4.144740E-08  1.701315E-07  2.324954E-08  4.472680E-02  1.762768E-06  8.625283E-08  7.138597E-08  3.650208E-04  4.963098E-04  9.334045E-07  3.044845E-07  3.970405E-07  2.487662E-07
 3.651500E+02  2.270846E-01  5.147790E-05  1.364151E-09  1.832532E-09  2.049213E-09  2.497498E-09  3.486505E-01  1.996125E-04  1.367762E-07  3.764635E-01  9.652186E-04  2.898062E-06  5.878429E-07  1.446180E-03  3.997868E-08  1.644087E-07  2.262755E-08  4.427996E-02  1.706128E-06  8.430121E-08  6.973679E-08  3.607947E-04  4.905693E-04  8.954311E-07  2.918925E-07  3.807184E-07  2.402734E-07
 3.661500E+02  2.273138E-01  5.112859E-05  1.335454E-09  1.794317E-09  2.006562E-09  2.445953E-09  3.486667E-01  1.971495E-04  1.310355E-07  3.766995E-01  9.544136E-04  2.781832E-06  5.768153E-07  1.428595E-03  3.857032E-08  1.589110E-07  2.202570E-08  4.383993E-02  1.651608E-06  8.240439E-08  6.813469E-08  3.566425E-04  4.849293E-04  8.592048E-07  2.798904E-07  3.651573E-07  2.321171E-07
 3.671500E+02  2.275395E-01  5.078330E-05  1.307515E-09  1.757104E-09  1.965027E-09  2.395747E-09  3.486826E-01  1.947327E-04  1.255681E-07  3.769318E-01  9.437869E-04  2.670861E-06  5.660566E-07  1.411325E-03  3.721953E-08  1.536285E-07  2.144325E-08  4.340661E-02  1.599119E-06  8.056059E-08  6.657812E-08  3.525626E-04  4.793874E-04  8.246366E-07  2.684476E-07  3.503176E-07  2.242821E-07
 3.681500E+02  2.277617E-01  5.044199E-05  1.280310E-09  1.720862E-09  1.924575E-09  2.346842E-09  3.486982E-01  1.923609E-04  1.203597E-07  3.771605E-01  9.333348E-04  2.564887E-06  5.555591E-07  1.394364E-03  3.592366E-08  1.485517E-07  2.087948E-08  4.297985E-02  1.548575E-06  7.876811E-08  6.506559E-08  3.485534E-04  4.739416E-04  7.916428E-07  2.575353E-07  3.361625E-07  2.167545E-07
 3.691500E+02  2.279805E-01  5.010460E-05  1.253818E-09  1.685563E-09  1.885173E-09  2.299198E-09  3.487136E-01  1.900332E-04  1.153966E-07  3.773857E-01  9.230540E-04  2.463661E-06  5.453154E-07  1.377704E-03  3.468021E-08  1.436715E-07  2.033371E-08  4.255955E-02  1.499896E-06  7.702529E-08  6.359566E-08  3.446134E-04  4.685899E-04  7.601440E-07  2.471262E-07  3.226568E-07  2.095205E-07
 3.701500E+02  2.281960E-01  4.977110E-05  1.228016E-09  1.651177E-09  1.846789E-09  2.252777E-09  3.487286E-01  1.877485E-04  1.106660E-07  3.776076E-01  9.129409E-04  2.366948E-06  5.353183E-07  1.361339E-03  3.348680E-08  1.389793E-07  1.980527E-08  4.214560E-02  1.453004E-06  7.533055E-08  6.216696E-08  3.407410E-04  4.633301E-04  7.300653E-07  2.371946E-07  3.097675E-07  2.025673E-07
 3.711500E+02  2.284083E-01  4.944144E-05  1.202883E-09  1.617678E-09  1.809393E-09  2.207544E-09  3.487434E-01  1.855058E-04  1.061558E-07  3.778260E-01  9.029924E-04  2.274528E-06  5.255607E-07  1.345263E-03  3.234115E-08  1.344670E-07  1.929354E-08  4.173786E-02  1.407826E-06  7.368235E-08  6.077814E-08  3.369349E-04  4.581603E-04  7.013357E-07  2.277162E-07  2.974635E-07  1.958828E-07
 3.721500E+02  2.286173E-01  4.911556E-05  1.178401E-09  1.585039E-09  1.772956E-09  2.163463E-09  3.487580E-01  1.833042E-04  1.018547E-07  3.780412E-01  8.932050E-04  2.186188E-06  5.160359E-07  1.329470E-03  3.124112E-08  1.301267E-07  1.879790E-08  4.133624E-02  1.364291E-06  7.207922E-08  5.942792E-08  3.331937E-04  4.530787E-04  6.738883E-07  2.186681E-07  2.857152E-07  1.894551E-07
 3.731500E+02  2.288233E-01  4.879342E-05  1.154549E-09  1.553235E-09  1.737450E-09  2.120500E-09  3.487723E-01  1.811426E-04  9.775174E-08  3.782531E-01  8.835758E-04  2.101731E-06  5.067373E-07  1.313953E-03  3.018467E-08  1.259511E-07  1.831778E-08  4.094063E-02  1.322332E-06  7.051974E-08  5.811507E-08  3.295159E-04  4.480833E-04  6.476597E-07  2.100286E-07  2.744947E-07  1.832733E-07
