#         T/K            c1          c2-1          c3-4          c3-5          c3-7          c3-9            m1          m2-1          m3-1            w1            w2          w3-1          w3-2          c1m1        c1m2-1        c1m2-7        c2m1-1        c1w1-2        c1w2-1        c2w1-1        c2w1-9        m1w1-1        m1w1-4        m1w2-1        m2w1-1        m2w1-3      c1m1w1-1
 2.731500E+02  3.192777E-02  3.228944E-06  8.645889E-11  1.134794E-10  1.262548E-10  1.505432E-10  4.441422E-01  1.588024E-03  6.128464E-05  4.706752E-01  7.276571E-03  1.144187E-03  1.605416E-05  1.420151E-03  9.651946E-07  3.167110E-06  2.316164E-08  3.469187E-02  2.947785E-05  5.383938E-08  4.727668E-08  2.703284E-03  3.679898E-03  3.558730E-04  1.215902E-04  1.539957E-04  5.118637E-06
 2.741500E+02  3.218203E-02  3.221136E-06  8.435779E-11  1.107591E-10  1.232375E-10  1.469918E-10  4.442889E-01  1.550871E-03  5.661461E-05  4.712486E-01  7.122327E-03  1.061575E-03  1.547387E-05  1.394963E-03  9.074861E-07  2.987394E-06  2.224246E-08  3.420997E-02  2.789324E-05  5.209391E-08  4.570450E-08  2.644318E-03  3.599402E-03  3.298762E-04  1.125382E-04  1.425879E-04  4.825276E-06
 2.751500E+02  3.243275E-02  3.212794E-06  8.230065E-11  1.080945E-10  1.202816E-10  1.435110E-10  4.444301E-01  1.514865E-03  5.233196E-05  4.718042E-01  6.972188E-03  9.854125E-04  1.491798E-05  1.370280E-03  8.535525E-07  2.818885E-06  2.136255E-08  3.373456E-02  2.640132E-05  5.040770E-08  4.418724E-08  2.587020E-03  3.521192E-03  3.059389E-04  1.042186E-04  1.320991E-04  4.550254E-06
 2.761500E+02  3.267993E-02  3.203939E-06  8.028713E-11  1.054851E-10  1.173866E-10  1.401005E-10  4.445659E-01  1.479963E-03  4.840212E-05  4.723429E-01  6.826040E-03  9.151629E-04  1.438538E-05  1.346094E-03  8.031276E-07  2.660826E-06  2.052016E-08  3.326565E-02  2.499632E-05  4.877882E-08  4.272301E-08  2.531336E-03  3.445196E-03  2.838866E-04  9.656780E-05  1.224498E-04  4.292340E-06
 2.771500E+02  3.292359E-02  3.194588E-06  7.831686E-11  1.029305E-10  1.145522E-10  1.367598E-10  4.446968E-01  1.446127E-03  4.479381E-05  4.728656E-01  6.683773E-03  8.503366E-04  1.387500E-05  1.322395E-03  7.559651E-07  2.512517E-06  1.971361E-08  3.280323E-02  2.367285E-05  4.720538E-08  4.131001E-08  2.477215E-03  3.371343E-03  2.635604E-04  8.952813E-05  1.135678E-04  4.050394E-06
 2.781500E+02  3.316373E-02  3.184763E-06  7.638947E-11  1.004304E-10  1.117779E-10  1.334885E-10  4.448230E-01  1.413316E-03  4.147871E-05  4.733728E-01  6.545276E-03  7.904865E-04  1.338584E-05  1.299173E-03  7.118375E-07  2.373306E-06  1.894132E-08  3.234730E-02  2.242585E-05  4.568555E-08  3.994648E-08  2.424607E-03  3.299563E-03  2.448156E-04  8.304712E-05  1.053876E-04  3.823354E-06
 2.791500E+02  3.340036E-02  3.174482E-06  7.450453E-11  9.798420E-11  1.090631E-10  1.302861E-10  4.449446E-01  1.381494E-03  3.843116E-05  4.738655E-01  6.410442E-03  7.352045E-04  1.291692E-05  1.276421E-03  6.705339E-07  2.242591E-06  1.820176E-08  3.189785E-02  2.125061E-05  4.421756E-08  3.863073E-08  2.373464E-03  3.229790E-03  2.275202E-04  7.707713E-05  9.784957E-05  3.610236E-06
 2.801500E+02  3.363351E-02  3.163764E-06  7.266161E-11  9.559145E-11  1.064074E-10  1.271520E-10  4.450620E-01  1.350626E-03  3.562789E-05  4.743442E-01  6.279166E-03  6.841179E-04  1.246733E-05  1.254127E-03  6.318593E-07  2.119809E-06  1.749348E-08  3.145485E-02  2.014272E-05  4.279966E-08  3.736109E-08  2.323739E-03  3.161960E-03  2.115541E-04  7.157483E-05  9.089942E-05  3.410120E-06
 2.811500E+02  3.386320E-02  3.152629E-06  7.086024E-11  9.325160E-11  1.038101E-10  1.240856E-10  4.451754E-01  1.320678E-03  3.304782E-05  4.748095E-01  6.151345E-03  6.368859E-04  1.203618E-05  1.232285E-03  5.956330E-07  2.004440E-06  1.681510E-08  3.101827E-02  1.909805E-05  4.143020E-08  3.613597E-08  2.275386E-03  3.096010E-03  1.968076E-04  6.650079E-05  8.448783E-05  3.222155E-06
 2.821500E+02  3.408943E-02  3.141095E-06  6.909994E-11  9.096408E-11  1.012707E-10  1.210863E-10  4.452848E-01  1.291616E-03  3.067177E-05  4.752621E-01  6.026880E-03  5.931971E-04  1.162263E-05  1.210885E-03  5.616876E-07  1.895998E-06  1.616530E-08  3.058810E-02  1.811274E-05  4.010752E-08  3.495382E-08  2.228362E-03  3.031880E-03  1.831806E-04  6.181915E-05  7.856987E-05  3.045548E-06
 2.831500E+02  3.431225E-02  3.129182E-06  6.738020E-11  8.872830E-11  9.878847E-11  1.181533E-10  4.453906E-01  1.263409E-03  2.848234E-05  4.757024E-01  5.905672E-03  5.527667E-04  1.122590E-05  1.189919E-03  5.298680E-07  1.794033E-06  1.554281E-08  3.016429E-02  1.718317E-05  3.883007E-08  3.381313E-08  2.182625E-03  2.969512E-03  1.705818E-04  5.749723E-05  7.310459E-05  2.879559E-06
 2.841500E+02  3.453166E-02  3.116908E-06  6.570047E-11  8.654361E-11  9.636273E-11  1.152859E-10  4.454929E-01  1.236027E-03  2.646373E-05  4.761310E-01  5.787627E-03  5.153341E-04  1.084521E-05  1.169378E-03  5.000304E-07  1.698126E-06  1.494644E-08  2.974680E-02  1.630596E-05  3.759630E-08  3.271247E-08  2.138133E-03  2.908849E-03  1.589279E-04  5.350524E-05  6.805468E-05  2.723500E-06
 2.851500E+02  3.474770E-02  3.104291E-06  6.406022E-11  8.440935E-11  9.399276E-11  1.124834E-10  4.455919E-01  1.209442E-03  2.460155E-05  4.765484E-01  5.672652E-03  4.806608E-04  1.047985E-05  1.149254E-03  4.720411E-07  1.607887E-06  1.437502E-08  2.933560E-02  1.547795E-05  3.640472E-08  3.165041E-08  2.094847E-03  2.849836E-03  1.481425E-04  4.981605E-05  6.338610E-05  2.576733E-06
 2.861500E+02  3.496040E-02  3.091348E-06  6.245887E-11  8.232485E-11  9.167783E-11  1.097448E-10  4.456877E-01  1.183625E-03  2.288272E-05  4.769549E-01  5.560657E-03  4.485284E-04  1.012912E-05  1.129539E-03  4.457765E-07  1.522951E-06  1.382748E-08  2.893063E-02  1.469616E-05  3.525390E-08  3.062561E-08  2.052729E-03  2.792421E-03  1.381561E-04  4.640490E-05  5.906779E-05  2.438660E-06
 2.871500E+02  3.516979E-02  3.078099E-06  6.089584E-11  8.028938E-11  8.941714E-11  1.070695E-10  4.457804E-01  1.158550E-03  2.129531E-05  4.773510E-01  5.451554E-03  4.187370E-04  9.792370E-06  1.110224E-03  4.211215E-07  1.442982E-06  1.330275E-08  2.853185E-02  1.395782E-05  3.414244E-08  2.963673E-08  2.011741E-03  2.736554E-03  1.289048E-04  4.324917E-05  5.507139E-05  2.308727E-06
 2.881500E+02  3.537590E-02  3.064559E-06  5.937052E-11  7.830221E-11  8.720991E-11  1.044563E-10  4.458702E-01  1.134191E-03  1.982847E-05  4.777372E-01  5.345258E-03  3.911033E-04  9.468973E-06  1.091302E-03  3.979693E-07  1.367663E-06  1.279984E-08  2.813920E-02  1.326035E-05  3.306899E-08  2.868252E-08  1.971849E-03  2.682185E-03  1.203305E-04  4.032823E-05  5.137100E-05  2.186414E-06
 2.891500E+02  3.557875E-02  3.050746E-06  5.788229E-11  7.636261E-11  8.505531E-11  1.019046E-10  4.459572E-01  1.110523E-03  1.847230E-05  4.781137E-01  5.241688E-03  3.654591E-04  9.158335E-06  1.072765E-03  3.762208E-07  1.296701E-06  1.231779E-08  2.775263E-02  1.260128E-05  3.203224E-08  2.776173E-08  1.933017E-03  2.629266E-03  1.123796E-04  3.762323E-05  4.794293E-05  2.071240E-06
 2.901500E+02  3.577840E-02  3.036676E-06  5.643054E-11  7.446978E-11  8.295249E-11  9.941324E-11  4.460415E-01  1.087523E-03  1.721778E-05  4.784809E-01  5.140761E-03  3.416504E-04  8.859887E-06  1.054605E-03  3.557838E-07  1.229823E-06  1.185568E-08  2.737208E-02  1.197836E-05  3.103092E-08  2.687318E-08  1.895212E-03  2.577752E-03  1.050034E-04  3.511692E-05  4.476554E-05  1.962754E-06
 2.911500E+02  3.597486E-02  3.022365E-06  5.501462E-11  7.262297E-11  8.090061E-11  9.698135E-11  4.461233E-01  1.065169E-03  1.605666E-05  4.788392E-01  5.042402E-03  3.195357E-04  8.573092E-06  1.036815E-03  3.365726E-07  1.166772E-06  1.141266E-08  2.699749E-02  1.138944E-05  3.006379E-08  2.601571E-08  1.858403E-03  2.527599E-03  9.815695E-05  3.279354E-05  4.181900E-05  1.860537E-06
 2.921500E+02  3.616818E-02  3.007828E-06  5.363390E-11  7.082135E-11  7.889878E-11  9.460794E-11  4.462026E-01  1.043437E-03  1.498143E-05  4.791889E-01  4.946534E-03  2.989852E-04  8.297434E-06  1.019387E-03  3.185075E-07  1.107311E-06  1.098788E-08  2.662880E-02  1.083251E-05  2.912968E-08  2.518821E-08  1.822558E-03  2.478764E-03  9.179929E-05  3.063866E-05  3.908519E-05  1.764196E-06
 2.931500E+02  3.635839E-02  2.993082E-06  5.228771E-11  6.906414E-11  7.694612E-11  9.229200E-11  4.462796E-01  1.022308E-03  1.398521E-05  4.795302E-01  4.853085E-03  2.798797E-04  8.032424E-06  1.002313E-03  3.015143E-07  1.051217E-06  1.058055E-08  2.626595E-02  1.030571E-05  2.822742E-08  2.438962E-08  1.787647E-03  2.431206E-03  8.589269E-05  2.863906E-05  3.654750E-05  1.673367E-06
 2.941500E+02  3.654553E-02  2.978140E-06  5.097540E-11  6.735051E-11  7.504173E-11  9.003253E-11  4.463543E-01  1.001761E-03  1.306171E-05  4.798634E-01  4.761983E-03  2.621097E-04  7.777598E-06  9.855874E-04  2.855240E-07  9.982824E-07  1.018990E-08  2.590886E-02  9.807259E-06  2.735592E-08  2.361888E-08  1.753641E-03  2.384885E-03  8.040261E-05  2.678264E-05  3.419069E-05  1.587707E-06
 2.951500E+02  3.672964E-02  2.963018E-06  4.969632E-11  6.567965E-11  7.318471E-11  8.782849E-11  4.464268E-01  9.817768E-04  1.220519E-05  4.801889E-01  4.673160E-03  2.455745E-04  7.532510E-06  9.692016E-04  2.704723E-07  9.483140E-07  9.815224E-09  2.555748E-02  9.335516E-06  2.651409E-08  2.287500E-08  1.720512E-03  2.339763E-03  7.529729E-05  2.505830E-05  3.200082E-05  1.506898E-06
 2.961500E+02  3.691075E-02  2.947728E-06  4.844979E-11  6.405071E-11  7.137415E-11  8.567886E-11  4.464973E-01  9.623366E-04  1.141038E-05  4.805068E-01  4.586549E-03  2.301814E-04  7.296738E-06  9.531492E-04  2.562995E-07  9.011304E-07  9.455815E-09  2.521173E-02  8.888930E-06  2.570089E-08  2.215701E-08  1.688233E-03  2.295802E-03  7.054759E-05  2.345589E-05  2.996507E-05  1.430642E-06
 2.971500E+02  3.708891E-02  2.932284E-06  4.723516E-11  6.246288E-11  6.960913E-11  8.358259E-11  4.465657E-01  9.434225E-04  1.067246E-05  4.808175E-01  4.502085E-03  2.158454E-04  7.069879E-06  9.374231E-04  2.429498E-07  8.565625E-07  9.111015E-09  2.487154E-02  8.466048E-06  2.491532E-08  2.146398E-08  1.656779E-03  2.252968E-03  6.612671E-05  2.196605E-05  2.807169E-05  1.358661E-06
 2.981500E+02  3.726415E-02  2.916700E-06  4.605174E-11  6.091531E-11  6.788874E-11  8.153864E-11  4.466323E-01  9.250172E-04  9.987029E-06  4.811211E-01  4.419707E-03  2.024879E-04  6.851551E-06  9.220166E-04  2.303711E-07  8.144522E-07  8.780190E-09  2.453685E-02  8.065506E-06  2.415641E-08  2.079500E-08  1.626123E-03  2.211224E-03  6.201003E-05  2.058023E-05  2.630990E-05  1.290695E-06
 2.991500E+02  3.743651E-02  2.900988E-06  4.489889E-11  5.940718E-11  6.621206E-11  7.954597E-11  4.466969E-01  9.071042E-04  9.350027E-06  4.814178E-01  4.339353E-03  1.900370E-04  6.641387E-06  9.069230E-04  2.185152E-07  7.746517E-07  8.462737E-09  2.420758E-02  7.686022E-06  2.342321E-08  2.014921E-08  1.596242E-03  2.170538E-03  5.817489E-05  1.929055E-05  2.466979E-05  1.226501E-06
 3.001500E+02  3.760604E-02  2.885160E-06  4.377594E-11  5.793765E-11  6.457816E-11  7.760351E-11  4.467598E-01  8.896674E-04  8.757745E-06  4.817079E-01  4.260965E-03  1.784260E-04  6.439039E-06  8.921357E-04  2.073367E-07  7.370227E-07  8.158079E-09  2.388366E-02  7.326397E-06  2.271483E-08  1.952577E-08  1.567112E-03  2.130878E-03  5.460044E-05  1.808979E-05  2.314223E-05  1.165851E-06
 3.011500E+02  3.777277E-02  2.869229E-06  4.268223E-11  5.650588E-11  6.298614E-11  7.571022E-11  4.468210E-01  8.726915E-04  8.206777E-06  4.819916E-01  4.184486E-03  1.675936E-04  6.244174E-06  8.776484E-04  1.967937E-07  7.014358E-07  7.865663E-09  2.356502E-02  6.985500E-06  2.203038E-08  1.892386E-08  1.538710E-03  2.092213E-03  5.126749E-05  1.697129E-05  2.171885E-05  1.108533E-06
 3.021500E+02  3.793674E-02  2.853204E-06  4.161710E-11  5.511106E-11  6.143507E-11  7.386505E-11  4.468805E-01  8.561617E-04  7.693995E-06  4.822690E-01  4.109861E-03  1.574835E-04  6.056478E-06  8.634546E-04  1.868467E-07  6.677699E-07  7.584964E-09  2.325159E-02  6.662271E-06  2.136902E-08  1.834271E-08  1.511015E-03  2.054512E-03  4.815836E-05  1.592895E-05  2.039193E-05  1.054347E-06
 3.031500E+02  3.809799E-02  2.837097E-06  4.057990E-11  5.375236E-11  5.992406E-11  7.206697E-11  4.469384E-01  8.400636E-04  7.216525E-06  4.825404E-01  4.037037E-03  1.480434E-04  5.875647E-06  8.495482E-04  1.774590E-07  6.359117E-07  7.315478E-09  2.294329E-02  6.355715E-06  2.072993E-08  1.778156E-08  1.484006E-03  2.017747E-03  4.525675E-05  1.495713E-05  1.915439E-05  1.003107E-06
 3.041500E+02  3.825657E-02  2.820919E-06  3.956999E-11  5.242896E-11  5.845220E-11  7.031494E-11  4.469947E-01  8.243836E-04  6.771727E-06  4.828059E-01  3.965963E-03  1.392253E-04  5.701395E-06  8.359230E-04  1.685964E-07  6.057550E-07  7.056725E-09  2.264005E-02  6.064895E-06  2.011232E-08  1.723970E-08  1.457661E-03  1.981889E-03  4.254765E-05  1.405066E-05  1.799968E-05  9.546398E-07
 3.051500E+02  3.841250E-02  2.804680E-06  3.858673E-11  5.114006E-11  5.701861E-11  6.860792E-11  4.470496E-01  8.091084E-04  6.357170E-06  4.830657E-01  3.896587E-03  1.309849E-04  5.533446E-06  8.225730E-04  1.602268E-07  5.772005E-07  6.808244E-09  2.234179E-02  5.788932E-06  1.951544E-08  1.671641E-08  1.431961E-03  1.946912E-03  4.001719E-05  1.320477E-05  1.692177E-05  9.087809E-07
 3.061500E+02  3.856585E-02  2.788390E-06  3.762947E-11  4.988485E-11  5.562238E-11  6.694489E-11  4.471030E-01  7.942252E-04  5.970621E-06  4.833199E-01  3.828863E-03  1.232810E-04  5.371540E-06  8.094925E-04  1.523203E-07  5.501549E-07  6.569598E-09  2.204845E-02  5.526999E-06  1.893855E-08  1.621103E-08  1.406887E-03  1.912789E-03  3.765260E-05  1.241505E-05  1.591513E-05  8.653776E-07
 3.071500E+02  3.871663E-02  2.772057E-06  3.669761E-11  4.866253E-11  5.426265E-11  6.532485E-11  4.471551E-01  7.797219E-04  5.610023E-06  4.835687E-01  3.762742E-03  1.160759E-04  5.215426E-06  7.966755E-04  1.448490E-07  5.245309E-07  6.340367E-09  2.175995E-02  5.278318E-06  1.838094E-08  1.572290E-08  1.382421E-03  1.879495E-03  3.544207E-05  1.167746E-05  1.497462E-05  8.242865E-07
 3.081500E+02  3.886490E-02  2.755691E-06  3.579052E-11  4.747233E-11  5.293855E-11  6.374679E-11  4.472058E-01  7.655866E-04  5.273479E-06  4.838123E-01  3.698181E-03  1.093346E-04  5.064866E-06  7.841165E-04  1.377866E-07  5.002467E-07  6.120150E-09  2.147621E-02  5.042158E-06  1.784193E-08  1.525141E-08  1.358545E-03  1.847005E-03  3.337470E-05  1.098826E-05  1.409552E-05  7.853734E-07
 3.091500E+02  3.901069E-02  2.739300E-06  3.490759E-11  4.631346E-11  5.164923E-11  6.220971E-11  4.472552E-01  7.518078E-04  4.959246E-06  4.840508E-01  3.635134E-03  1.030246E-04  4.919634E-06  7.718099E-04  1.311088E-07  4.772254E-07  5.908565E-09  2.119717E-02  4.817829E-06  1.732086E-08  1.479594E-08  1.335241E-03  1.815297E-03  3.144042E-05  1.034398E-05  1.327347E-05  7.485120E-07
 3.101500E+02  3.915404E-02  2.722892E-06  3.404823E-11  4.518517E-11  5.039384E-11  6.071266E-11  4.473033E-01  7.383746E-04  4.665713E-06  4.842843E-01  3.573559E-03  9.711596E-05  4.779511E-06  7.597502E-04  1.247927E-07  4.553951E-07  5.705246E-09  2.092275E-02  4.604686E-06  1.681710E-08  1.435592E-08  1.312493E-03  1.784347E-03  2.962992E-05  9.741455E-06  1.250443E-05  7.135845E-07
 3.111500E+02  3.929499E-02  2.706476E-06  3.321183E-11  4.408670E-11  4.917154E-11  5.925465E-11  4.473503E-01  7.252763E-04  4.391395E-06  4.845129E-01  3.513416E-03  9.158104E-05  4.644292E-06  7.479322E-04  1.188168E-07  4.346881E-07  5.509843E-09  2.065287E-02  4.402118E-06  1.633002E-08  1.393078E-08  1.290285E-03  1.754133E-03  2.793459E-05  9.177731E-06  1.178470E-05  6.804798E-07
 3.121500E+02  3.943358E-02  2.690059E-06  3.239783E-11  4.301732E-11  4.798153E-11  5.783473E-11  4.473960E-01  7.125028E-04  4.134923E-06  4.847369E-01  3.454663E-03  8.639415E-05  4.513777E-06  7.363506E-04  1.131611E-07  4.150410E-07  5.322023E-09  2.038748E-02  4.209552E-06  1.585905E-08  1.351999E-08  1.268601E-03  1.724634E-03  2.634646E-05  8.650090E-06  1.111081E-05  6.490941E-07
 3.131500E+02  3.956985E-02  2.673648E-06  3.160565E-11  4.197628E-11  4.682298E-11  5.645198E-11  4.474407E-01  7.000441E-04  3.895033E-06  4.849563E-01  3.397263E-03  8.153151E-05  4.387778E-06  7.250002E-04  1.078068E-07  3.963941E-07  5.141465E-09  2.012648E-02  4.026447E-06  1.540361E-08  1.312303E-08  1.247427E-03  1.695829E-03  2.485815E-05  8.156018E-06  1.047960E-05  6.193296E-07
 3.141500E+02  3.970383E-02  2.657249E-06  3.083473E-11  4.096287E-11  4.569512E-11  5.510546E-11  4.474842E-01  6.878909E-04  3.670555E-06  4.851712E-01  3.341179E-03  7.697109E-05  4.266116E-06  7.138761E-04  1.027363E-07  3.786916E-07  4.967866E-09  1.986982E-02  3.852294E-06  1.496314E-08  1.273940E-08  1.226747E-03  1.667699E-03  2.346284E-05  7.693188E-06  9.888123E-06  5.910948E-07
 3.151500E+02  3.983557E-02  2.640870E-06  3.008451E-11  3.997640E-11  4.459715E-11  5.379428E-11  4.475267E-01  6.760338E-04  3.460411E-06  4.853817E-01  3.286373E-03  7.269248E-05  4.148616E-06  7.029733E-04  9.793317E-08  3.618808E-07  4.800934E-09  1.961742E-02  3.686614E-06  1.453713E-08  1.236861E-08  1.206547E-03  1.640223E-03  2.215420E-05  7.259448E-06  9.333644E-06  5.643036E-07
 3.161500E+02  3.996510E-02  2.624516E-06  2.935446E-11  3.901616E-11  4.352831E-11  5.251753E-11  4.475681E-01  6.644640E-04  3.263603E-06  4.855881E-01  3.232810E-03  6.867674E-05  4.035115E-06  6.922871E-04  9.338194E-08  3.459124E-07  4.640389E-09  1.936922E-02  3.528954E-06  1.412506E-08  1.201021E-08  1.186815E-03  1.613385E-03  2.092637E-05  6.852805E-06  8.813643E-06  5.388751E-07
 3.171500E+02  4.009246E-02  2.608194E-06  2.864405E-11  3.808147E-11  4.248786E-11  5.127435E-11  4.476086E-01  6.531731E-04  3.079207E-06  4.857902E-01  3.180457E-03  6.490631E-05  3.925455E-06  6.818126E-04  8.906812E-08  3.307398E-07  4.485966E-09  1.912513E-02  3.378890E-06  1.372644E-08  1.166374E-08  1.167536E-03  1.587165E-03  1.977391E-05  6.471413E-06  8.325781E-06  5.147334E-07
 3.181500E+02  4.021769E-02  2.591909E-06  2.795275E-11  3.717168E-11  4.147505E-11  5.006387E-11  4.476481E-01  6.421526E-04  2.906370E-06  4.859884E-01  3.129281E-03  6.136487E-05  3.819485E-06  6.715454E-04  8.497812E-08  3.163195E-07  4.337410E-09  1.888511E-02  3.236020E-06  1.334079E-08  1.132877E-08  1.148699E-03  1.561545E-03  1.869178E-05  6.113563E-06  7.867891E-06  4.918071E-07
 3.191500E+02  4.034081E-02  2.575666E-06  2.728007E-11  3.628613E-11  4.048916E-11  4.888525E-11  4.476866E-01  6.313948E-04  2.744300E-06  4.861826E-01  3.079250E-03  5.803728E-05  3.717062E-06  6.614808E-04  8.109921E-08  3.026102E-07  4.194477E-09  1.864907E-02  3.099964E-06  1.296767E-08  1.100490E-08  1.130290E-03  1.536511E-03  1.767530E-05  5.777669E-06  7.437963E-06  4.700291E-07
 3.201500E+02  4.046188E-02  2.559471E-06  2.662550E-11  3.542418E-11  3.952949E-11  4.773767E-11  4.477242E-01  6.208918E-04  2.592266E-06  4.863730E-01  3.030332E-03  5.490949E-05  3.618048E-06  6.516145E-04  7.741941E-08  2.895735E-07  4.056935E-09  1.841694E-02  2.970366E-06  1.260661E-08  1.069172E-08  1.112298E-03  1.512044E-03  1.672014E-05  5.462260E-06  7.034132E-06  4.493362E-07
 3.211500E+02  4.058092E-02  2.543328E-06  2.598855E-11  3.458520E-11  3.859534E-11  4.662031E-11  4.477610E-01  6.106362E-04  2.449588E-06  4.865597E-01  2.982499E-03  5.196843E-05  3.522312E-06  6.419421E-04  7.392751E-08  2.771729E-07  3.924561E-09  1.818868E-02  2.846890E-06  1.225721E-08  1.038885E-08  1.094711E-03  1.488129E-03  1.582224E-05  5.165973E-06  6.654669E-06  4.296691E-07
 3.221500E+02  4.069797E-02  2.527242E-06  2.536875E-11  3.376858E-11  3.768603E-11  4.553238E-11  4.477969E-01  6.006210E-04  2.315638E-06  4.867427E-01  2.935719E-03  4.920195E-05  3.429726E-06  6.324594E-04  7.061296E-08  2.653741E-07  3.797143E-09  1.796419E-02  2.729216E-06  1.191906E-08  1.009592E-08  1.077519E-03  1.464751E-03  1.497788E-05  4.887543E-06  6.297966E-06  4.109720E-07
 3.231500E+02  4.081306E-02  2.511217E-06  2.476563E-11  3.297372E-11  3.680090E-11  4.447311E-11  4.478320E-01  5.908390E-04  2.189831E-06  4.869222E-01  2.889967E-03  4.659875E-05  3.340172E-06  6.231623E-04  6.746585E-08  2.541450E-07  3.674476E-09  1.774343E-02  2.617045E-06  1.159175E-08  9.812578E-09  1.060709E-03  1.441896E-03  1.418356E-05  4.625792E-06  5.962531E-06  3.931921E-07
 3.241500E+02  4.092623E-02  2.495258E-06  2.417874E-11  3.220005E-11  3.593930E-11  4.344174E-11  4.478662E-01  5.812837E-04  2.071628E-06  4.870982E-01  2.845213E-03  4.414833E-05  3.253533E-06  6.140466E-04  6.447688E-08  2.434551E-07  3.556368E-09  1.752633E-02  2.510094E-06  1.127491E-08  9.538475E-09  1.044273E-03  1.419548E-03  1.343604E-05  4.379629E-06  5.646979E-06  3.762802E-07
 3.251500E+02  4.103752E-02  2.479368E-06  2.360764E-11  3.144698E-11  3.510060E-11  4.243753E-11  4.478997E-01  5.719486E-04  1.960525E-06  4.872708E-01  2.801432E-03  4.184090E-05  3.169699E-06  6.051084E-04  6.163731E-08  2.332759E-07  3.442630E-09  1.731283E-02  2.408095E-06  1.096818E-08  9.273284E-09  1.028199E-03  1.397694E-03  1.273232E-05  4.148041E-06  5.350019E-06  3.601894E-07
 3.261500E+02  4.114694E-02  2.463550E-06  2.305189E-11  3.071395E-11  3.428418E-11  4.145974E-11  4.479324E-01  5.628274E-04  1.856056E-06  4.874401E-01  2.758598E-03  3.966737E-05  3.088564E-06  5.963439E-04  5.893892E-08  2.235803E-07  3.333087E-09  1.710285E-02  2.310795E-06  1.067120E-08  9.016689E-09  1.012477E-03  1.376321E-03  1.206958E-05  3.930082E-06  5.070454E-06  3.448761E-07
 3.271500E+02  4.125455E-02  2.447808E-06  2.251107E-11  3.000043E-11  3.348943E-11  4.050768E-11  4.479644E-01  5.539140E-04  1.757787E-06  4.876062E-01  2.716686E-03  3.761924E-05  3.010027E-06  5.877492E-04  5.637397E-08  2.143431E-07  3.227566E-09  1.689635E-02  2.217956E-06  1.038363E-08  8.768382E-09  9.970997E-04  1.355415E-03  1.144523E-05  3.724876E-06  4.807168E-06  3.302987E-07
 3.281500E+02  4.136037E-02  2.432146E-06  2.198476E-11  2.930587E-11  3.271577E-11  3.958064E-11  4.479957E-01  5.452026E-04  1.665316E-06  4.877691E-01  2.675671E-03  3.568863E-05  2.933992E-06  5.793207E-04  5.393519E-08  2.055401E-07  3.125906E-09  1.669325E-02  2.129352E-06  1.010514E-08  8.528072E-09  9.820560E-04  1.334964E-03  1.085682E-05  3.531606E-06  4.559124E-06  3.164184E-07
 3.291500E+02  4.146442E-02  2.416566E-06  2.147256E-11  2.862976E-11  3.196261E-11  3.867796E-11  4.480262E-01  5.366876E-04  1.578268E-06  4.879289E-01  2.635531E-03  3.386816E-05  2.860365E-06  5.710546E-04  5.161574E-08  1.971489E-07  3.027950E-09  1.649351E-02  2.044770E-06  9.835419E-09  8.295474E-09  9.673375E-04  1.314956E-03  1.030211E-05  3.349512E-06  4.325355E-06  3.031983E-07
 3.301500E+02  4.156676E-02  2.401071E-06  2.097409E-11  2.797160E-11  3.122940E-11  3.779897E-11  4.480561E-01  5.283635E-04  1.496295E-06  4.880858E-01  2.596243E-03  3.215098E-05  2.789057E-06  5.629476E-04  4.940918E-08  1.891480E-07  2.933550E-09  1.629705E-02  1.964008E-06  9.574165E-09  8.070316E-09  9.529356E-04  1.295379E-03  9.778965E-06  3.177887E-06  4.104962E-06  2.906039E-07
 3.311500E+02  4.166739E-02  2.385665E-06  2.048896E-11  2.733088E-11  3.051559E-11  3.694303E-11  4.480854E-01  5.202249E-04  1.419072E-06  4.882397E-01  2.557785E-03  3.053067E-05  2.719983E-06  5.549959E-04  4.730944E-08  1.815174E-07  2.842562E-09  1.610383E-02  1.886876E-06  9.321083E-09  7.852335E-09  9.388418E-04  1.276222E-03  9.285432E-06  3.016071E-06  3.897105E-06  2.786025E-07
 3.321500E+02  4.176636E-02  2.370348E-06  2.001679E-11  2.670713E-11  2.982064E-11  3.610951E-11  4.481140E-01  5.122668E-04  1.346298E-06  4.883907E-01  2.520135E-03  2.900126E-05  2.653061E-06  5.471964E-04  4.531083E-08  1.742381E-07  2.754851E-09  1.591378E-02  1.813192E-06  9.075890E-09  7.641280E-09  9.250481E-04  1.257473E-03  8.819674E-06  2.863451E-06  3.701004E-06  2.671632E-07
 3.331500E+02  4.186370E-02  2.355124E-06  1.955722E-11  2.609988E-11  2.914403E-11  3.529779E-11  4.481420E-01  5.044842E-04  1.277692E-06  4.885389E-01  2.483272E-03  2.755718E-05  2.588213E-06  5.395457E-04  4.340795E-08  1.672921E-07  2.670286E-09  1.572684E-02  1.742788E-06  8.838315E-09  7.436907E-09  9.115465E-04  1.239121E-03  8.379978E-06  2.719453E-06  3.515928E-06  2.562570E-07
 3.341500E+02  4.195943E-02  2.339995E-06  1.910990E-11  2.550866E-11  2.848526E-11  3.450729E-11  4.481693E-01  4.968723E-04  1.212993E-06  4.886844E-01  2.447177E-03  2.619321E-05  2.525364E-06  5.320405E-04  4.159575E-08  1.606625E-07  2.588741E-09  1.554297E-02  1.675500E-06  8.608097E-09  7.238981E-09  8.983295E-04  1.221157E-03  7.964748E-06  2.583544E-06  3.341198E-06  2.458564E-07
 3.351500E+02  4.205359E-02  2.324962E-06  1.867449E-11  2.493304E-11  2.784383E-11  3.373742E-11  4.481961E-01  4.894265E-04  1.151955E-06  4.888272E-01  2.411829E-03  2.490450E-05  2.464441E-06  5.246777E-04  3.986944E-08  1.543333E-07  2.510098E-09  1.536211E-02  1.611177E-06  8.384982E-09  7.047278E-09  8.853896E-04  1.203571E-03  7.572490E-06  2.455225E-06  3.176180E-06  2.359356E-07
 3.361500E+02  4.214619E-02  2.310028E-06  1.825065E-11  2.437258E-11  2.721926E-11  3.298761E-11  4.482223E-01  4.821423E-04  1.094352E-06  4.889674E-01  2.377211E-03  2.368650E-05  2.405376E-06  5.174541E-04  3.822453E-08  1.482895E-07  2.434240E-09  1.518420E-02  1.549673E-06  8.168728E-09  6.861580E-09  8.727197E-04  1.186351E-03  7.201813E-06  2.334031E-06  3.020281E-06  2.264700E-07
 3.371500E+02  4.223728E-02  2.295194E-06  1.783806E-11  2.382686E-11  2.661108E-11  3.225732E-11  4.482480E-01  4.750153E-04  1.039972E-06  4.891050E-01  2.343303E-03  2.253495E-05  2.348102E-06  5.103668E-04  3.665676E-08  1.425166E-07  2.361060E-09  1.500920E-02  1.490853E-06  7.959100E-09  6.681679E-09  8.603128E-04  1.169490E-03  6.851414E-06  2.219529E-06  2.872948E-06  2.174365E-07
 3.381500E+02  4.232688E-02  2.280463E-06  1.743639E-11  2.329546E-11  2.601883E-11  3.154599E-11  4.482731E-01  4.680414E-04  9.886159E-07  4.892401E-01  2.310087E-03  2.144589E-05  2.292555E-06  5.034127E-04  3.516214E-08  1.370012E-07  2.290451E-09  1.483704E-02  1.434585E-06  7.755873E-09  6.507373E-09  8.481621E-04  1.152977E-03  6.520077E-06  2.111312E-06  2.733663E-06  2.088133E-07
 3.391500E+02  4.241501E-02  2.265834E-06  1.704534E-11  2.277799E-11  2.544208E-11  3.085312E-11  4.482977E-01  4.612163E-04  9.400999E-07  4.893728E-01  2.277547E-03  2.041561E-05  2.238675E-06  4.965891E-04  3.373688E-08  1.317305E-07  2.222313E-09  1.466767E-02  1.380747E-06  7.558828E-09  6.338469E-09  8.362612E-04  1.136804E-03  6.206663E-06  2.009001E-06  2.601945E-06  2.005798E-07
 3.401500E+02  4.250170E-02  2.251310E-06  1.666462E-11  2.227405E-11  2.488038E-11  3.017818E-11  4.483218E-01  4.545363E-04  8.942512E-07  4.895030E-01  2.245665E-03  1.944062E-05  2.186402E-06  4.898931E-04  3.237742E-08  1.266925E-07  2.156549E-09  1.450105E-02  1.329222E-06  7.367757E-09  6.174780E-09  8.246036E-04  1.120962E-03  5.910108E-06  1.912244E-06  2.477340E-06  1.927165E-07
 3.411500E+02  4.258699E-02  2.236891E-06  1.629392E-11  2.178327E-11  2.433332E-11  2.952069E-11  4.483453E-01  4.479974E-04  8.509086E-07  4.896310E-01  2.214425E-03  1.851767E-05  2.135680E-06  4.833218E-04  3.108039E-08  1.218756E-07  2.093068E-09  1.433713E-02  1.279901E-06  7.182457E-09  6.016127E-09  8.131833E-04  1.105443E-03  5.629418E-06  1.820708E-06  2.359427E-06  1.852048E-07
 3.421500E+02  4.267088E-02  2.222579E-06  1.593296E-11  2.130528E-11  2.380049E-11  2.888016E-11  4.483684E-01  4.415960E-04  8.099215E-07  4.897566E-01  2.183812E-03  1.764371E-05  2.086456E-06  4.768727E-04  2.984261E-08  1.172692E-07  2.031781E-09  1.417586E-02  1.232678E-06  7.002733E-09  5.862336E-09  8.019941E-04  1.090239E-03  5.363659E-06  1.734083E-06  2.247811E-06  1.780274E-07
 3.431500E+02  4.275342E-02  2.208375E-06  1.558148E-11  2.083973E-11  2.328149E-11  2.825612E-11  4.483911E-01  4.353284E-04  7.711491E-07  4.898800E-01  2.153809E-03  1.681590E-05  2.038677E-06  4.705431E-04  2.866108E-08  1.128629E-07  1.972604E-09  1.401719E-02  1.187454E-06  6.828398E-09  5.713241E-09  7.910304E-04  1.075341E-03  5.111959E-06  1.652081E-06  2.142121E-06  1.711678E-07
 3.441500E+02  4.283462E-02  2.194280E-06  1.523919E-11  2.038625E-11  2.277594E-11  2.764811E-11  4.484132E-01  4.291912E-04  7.344598E-07  4.900013E-01  2.124402E-03  1.603156E-05  1.992294E-06  4.643303E-04  2.753297E-08  1.086471E-07  1.915454E-09  1.386107E-02  1.144136E-06  6.659271E-09  5.568681E-09  7.802865E-04  1.060742E-03  4.873501E-06  1.574430E-06  2.042012E-06  1.646103E-07
 3.451500E+02  4.291450E-02  2.180294E-06  1.490585E-11  1.994452E-11  2.228345E-11  2.705570E-11  4.484349E-01  4.231810E-04  6.997304E-07  4.901203E-01  2.095576E-03  1.528817E-05  1.947257E-06  4.582320E-04  2.645558E-08  1.046126E-07  1.860255E-09  1.370745E-02  1.102633E-06  6.495177E-09  5.428501E-09  7.697570E-04  1.046435E-03  4.647519E-06  1.500876E-06  1.947158E-06  1.583402E-07
 3.461500E+02  4.299310E-02  2.166418E-06  1.458119E-11  1.951421E-11  2.180367E-11  2.647844E-11  4.484562E-01  4.172945E-04  6.668457E-07  4.902373E-01  2.067317E-03  1.458340E-05  1.903523E-06  4.522456E-04  2.542640E-08  1.007507E-07  1.806932E-09  1.355630E-02  1.062861E-06  6.335949E-09  5.292554E-09  7.594364E-04  1.032412E-03  4.433295E-06  1.431180E-06  1.857257E-06  1.523434E-07
 3.471500E+02  4.307044E-02  2.152653E-06  1.426497E-11  1.909498E-11  2.133624E-11  2.591592E-11  4.484770E-01  4.115286E-04  6.356977E-07  4.903522E-01  2.039612E-03  1.391504E-05  1.861045E-06  4.463688E-04  2.444301E-08  9.705306E-08  1.755413E-09  1.340756E-02  1.024740E-06  6.181424E-09  5.160695E-09  7.493198E-04  1.018666E-03  4.230156E-06  1.365121E-06  1.772024E-06  1.466068E-07
 3.481500E+02  4.314654E-02  2.138999E-06  1.395696E-11  1.868655E-11  2.088080E-11  2.536773E-11  4.484975E-01  4.058802E-04  6.061855E-07  4.904652E-01  2.012446E-03  1.328102E-05  1.819782E-06  4.405991E-04  2.350316E-08  9.351200E-08  1.705630E-09  1.326120E-02  9.881930E-07  6.031446E-09  5.032787E-09  7.394020E-04  1.005191E-03  4.037472E-06  1.302489E-06  1.691191E-06  1.411177E-07
 3.491500E+02  4.322142E-02  2.125456E-06  1.365691E-11  1.828859E-11  2.043704E-11  2.483347E-11  4.485175E-01  4.003462E-04  5.782144E-07  4.905761E-01  1.985808E-03  1.267941E-05  1.779692E-06  4.349344E-04  2.260471E-08  9.012008E-08  1.657517E-09  1.311716E-02  9.531479E-07  5.885864E-09  4.908695E-09  7.296782E-04  9.919794E-04  3.854649E-06  1.243088E-06  1.614508E-06  1.358644E-07
 3.501500E+02  4.329510E-02  2.112025E-06  1.336461E-11  1.790082E-11  2.000461E-11  2.431275E-11  4.485371E-01  3.949238E-04  5.516957E-07  4.906852E-01  1.959684E-03  1.210838E-05  1.740736E-06  4.293723E-04  2.174561E-08  8.687026E-08  1.611012E-09  1.297541E-02  9.195358E-07  5.744533E-09  4.788292E-09  7.201437E-04  9.790255E-04  3.681132E-06  1.186735E-06  1.541740E-06  1.308354E-07
 3.511500E+02  4.336761E-02  2.098706E-06  1.307984E-11  1.752295E-11  1.958320E-11  2.380520E-11  4.485563E-01  3.896102E-04  5.265463E-07  4.907923E-01  1.934061E-03  1.156621E-05  1.702877E-06  4.239107E-04  2.092396E-08  8.375591E-08  1.566053E-09  1.283591E-02  8.872913E-07  5.607314E-09  4.671454E-09  7.107940E-04  9.663227E-04  3.516399E-06  1.133258E-06  1.472667E-06  1.260203E-07
 3.521500E+02  4.343897E-02  2.085500E-06  1.280238E-11  1.715471E-11  1.917251E-11  2.331046E-11  4.485752E-01  3.844027E-04  5.026882E-07  4.908976E-01  1.908930E-03  1.105132E-05  1.666078E-06  4.185474E-04  2.013794E-08  8.077069E-08  1.522584E-09  1.269861E-02  8.563522E-07  5.474071E-09  4.558063E-09  7.016244E-04  9.538650E-04  3.359961E-06  1.082494E-06  1.407081E-06  1.214087E-07
 3.531500E+02  4.350920E-02  2.072405E-06  1.253203E-11  1.679583E-11  1.877224E-11  2.282817E-11  4.485937E-01  3.792985E-04  4.800482E-07  4.910011E-01  1.884276E-03  1.056218E-05  1.630303E-06  4.132804E-04  1.938583E-08  7.790862E-08  1.480548E-09  1.256347E-02  8.266596E-07  5.344673E-09  4.448003E-09  6.926309E-04  9.416466E-04  3.211357E-06  1.034292E-06  1.344789E-06  1.169912E-07
 3.541500E+02  4.357831E-02  2.059424E-06  1.226858E-11  1.644603E-11  1.838209E-11  2.235798E-11  4.486118E-01  3.742952E-04  4.585577E-07  4.911029E-01  1.860090E-03  1.009738E-05  1.595519E-06  4.081076E-04  1.866599E-08  7.516401E-08  1.439892E-09  1.243046E-02  7.981574E-07  5.218996E-09  4.341163E-09  6.838090E-04  9.296616E-04  3.070155E-06  9.885089E-07  1.285608E-06  1.127586E-07
 3.551500E+02  4.364634E-02  2.046555E-06  1.201185E-11  1.610508E-11  1.800178E-11  2.189956E-11  4.486296E-01  3.693903E-04  4.381523E-07  4.912029E-01  1.836361E-03  9.655584E-06  1.561694E-06  4.030270E-04  1.797688E-08  7.253146E-08  1.400566E-09  1.229953E-02  7.707921E-07  5.096918E-09  4.237437E-09  6.751548E-04  9.179046E-04  2.935948E-06  9.450111E-07  1.229367E-06  1.087023E-07
 3.561500E+02  4.371330E-02  2.033798E-06  1.176164E-11  1.577272E-11  1.763104E-11  2.145259E-11  4.486470E-01  3.645813E-04  4.187715E-07  4.913012E-01  1.813077E-03  9.235538E-06  1.528796E-06  3.980367E-04  1.731704E-08  7.000584E-08  1.362520E-09  1.217066E-02  7.445130E-07  4.978323E-09  4.136723E-09  6.666642E-04  9.063700E-04  2.808353E-06  9.036725E-07  1.175903E-06  1.048142E-07
 3.571500E+02  4.377921E-02  2.021153E-06  1.151777E-11  1.544872E-11  1.726961E-11  2.101675E-11  4.486642E-01  3.598659E-04  4.003584E-07  4.913979E-01  1.790228E-03  8.836062E-06  1.496796E-06  3.931348E-04  1.668508E-08  6.758229E-08  1.325707E-09  1.204379E-02  7.192720E-07  4.863097E-09  4.038921E-09  6.583335E-04  8.950527E-04  2.687012E-06  8.643748E-07  1.125066E-06  1.010863E-07
 3.581500E+02  4.384408E-02  2.008621E-06  1.128006E-11  1.513284E-11  1.691722E-11  2.059173E-11  4.486809E-01  3.552417E-04  3.828598E-07  4.914929E-01  1.767805E-03  8.456046E-06  1.465663E-06  3.883194E-04  1.607968E-08  6.525617E-08  1.290082E-09  1.191890E-02  6.950231E-07  4.751132E-09  3.943935E-09  6.501588E-04  8.839475E-04  2.571586E-06  8.270067E-07  1.076712E-06  9.751141E-08
 3.591500E+02  4.390795E-02  1.996200E-06  1.104834E-11  1.482485E-11  1.657362E-11  2.017724E-11  4.486974E-01  3.507067E-04  3.662253E-07  4.915864E-01  1.745797E-03  8.094445E-06  1.435371E-06  3.835888E-04  1.549961E-08  6.302309E-08  1.255601E-09  1.179595E-02  6.717226E-07  4.642323E-09  3.851673E-09  6.421365E-04  8.730495E-04  2.461756E-06  7.914635E-07  1.030709E-06  9.408244E-08
 3.601500E+02  4.397082E-02  1.983891E-06  1.082244E-11  1.452454E-11  1.623856E-11  1.977298E-11  4.487136E-01  3.462586E-04  3.504078E-07  4.916783E-01  1.724195E-03  7.750273E-06  1.405893E-06  3.789410E-04  1.494366E-08  6.087888E-08  1.222224E-09  1.167490E-02  6.493289E-07  4.536569E-09  3.762048E-09  6.342630E-04  8.623539E-04  2.357224E-06  7.576467E-07  9.869285E-07  9.079273E-08
 3.611500E+02  4.403271E-02  1.971693E-06  1.060220E-11  1.423169E-11  1.591182E-11  1.937867E-11  4.487294E-01  3.418954E-04  3.353629E-07  4.917686E-01  1.702989E-03  7.422605E-06  1.377201E-06  3.743745E-04  1.441074E-08  5.881956E-08  1.189909E-09  1.155572E-02  6.278026E-07  4.433772E-09  3.674972E-09  6.265350E-04  8.518559E-04  2.257706E-06  7.254636E-07  9.452528E-07  8.763597E-08
 3.621500E+02  4.409365E-02  1.959606E-06  1.038746E-11  1.394609E-11  1.559316E-11  1.899404E-11  4.487450E-01  3.376149E-04  3.210489E-07  4.918575E-01  1.682171E-03  7.110567E-06  1.349273E-06  3.698875E-04  1.389975E-08  5.684135E-08  1.158620E-09  1.143838E-02  6.071058E-07  4.333838E-09  3.590364E-09  6.189490E-04  8.415509E-04  2.162936E-06  6.948269E-07  9.055697E-07  8.460615E-08
 3.631500E+02  4.415364E-02  1.947630E-06  1.017806E-11  1.366755E-11  1.528236E-11  1.861883E-11  4.487603E-01  3.334154E-04  3.074265E-07  4.919449E-01  1.661732E-03  6.813335E-06  1.322083E-06  3.654783E-04  1.340971E-08  5.494067E-08  1.128318E-09  1.132284E-02  5.872029E-07  4.236676E-09  3.508143E-09  6.115018E-04  8.314345E-04  2.072665E-06  6.656544E-07  8.677737E-07  8.169755E-08
 3.641500E+02  4.421271E-02  1.935764E-06  9.973861E-12  1.339587E-11  1.497921E-11  1.825277E-11  4.487753E-01  3.292947E-04  2.944587E-07  4.920309E-01  1.641663E-03  6.530135E-06  1.295608E-06  3.611454E-04  1.293964E-08  5.311410E-08  1.098968E-09  1.120907E-02  5.680594E-07  4.142198E-09  3.428233E-09  6.041902E-04  8.215025E-04  1.986657E-06  6.378687E-07  8.317655E-07  7.890475E-08
 3.651500E+02  4.427088E-02  1.924008E-06  9.774715E-12  1.313086E-11  1.468348E-11  1.789563E-11  4.487900E-01  3.252511E-04  2.821107E-07  4.921155E-01  1.621956E-03  6.260233E-06  1.269826E-06  3.568872E-04  1.248864E-08  5.135838E-08  1.070537E-09  1.109703E-02  5.496430E-07  4.050319E-09  3.350560E-09  5.970110E-04  8.117505E-04  1.904687E-06  6.113968E-07  7.974513E-07  7.622257E-08
 3.661500E+02  4.432815E-02  1.912361E-06  9.580481E-12  1.287234E-11  1.439498E-11  1.754714E-11  4.488045E-01  3.212828E-04  2.703496E-07  4.921987E-01  1.602603E-03  6.002940E-06  1.244715E-06  3.527021E-04  1.205583E-08  4.967043E-08  1.042992E-09  1.098671E-02  5.319226E-07  3.960958E-09  3.275052E-09  5.899614E-04  8.021746E-04  1.826548E-06  5.861699E-07  7.647430E-07  7.364611E-08
 3.671500E+02  4.438456E-02  1.900823E-06  9.391024E-12  1.262013E-11  1.411350E-11  1.720708E-11  4.488186E-01  3.173880E-04  2.591445E-07  4.922805E-01  1.583595E-03  5.757605E-06  1.220255E-06  3.485886E-04  1.164040E-08  4.804729E-08  1.016301E-09  1.087806E-02  5.148687E-07  3.874036E-09  3.201640E-09  5.830384E-04  7.927706E-04  1.752039E-06  5.621231E-07  7.335571E-07  7.117069E-08
 3.681500E+02  4.444010E-02  1.889393E-06  9.206211E-12  1.237405E-11  1.383887E-11  1.687522E-11  4.488326E-01  3.135649E-04  2.484664E-07  4.923610E-01  1.564926E-03  5.523613E-06  1.196425E-06  3.445453E-04  1.124157E-08  4.648617E-08  9.904343E-10  1.077105E-02  4.984530E-07  3.789477E-09  3.130258E-09  5.762391E-04  7.835348E-04  1.680976E-06  5.391953E-07  7.038151E-07  6.879188E-08
 3.691500E+02  4.449480E-02  1.878070E-06  9.025914E-12  1.213394E-11  1.357088E-11  1.655134E-11  4.488463E-01  3.098120E-04  2.382877E-07  4.924403E-01  1.546587E-03  5.300385E-06  1.173206E-06  3.405707E-04  1.085858E-08  4.498440E-08  9.653630E-10  1.066566E-02  4.826486E-07  3.707206E-09  3.060842E-09  5.695608E-04  7.744633E-04  1.613181E-06  5.173288E-07  6.754430E-07  6.650543E-08
 3.701500E+02  4.454867E-02  1.866854E-06  8.850008E-12  1.189963E-11  1.330936E-11  1.623521E-11  4.488597E-01  3.061276E-04  2.285825E-07  4.925182E-01  1.528572E-03  5.087371E-06  1.150580E-06  3.366634E-04  1.049074E-08  4.353942E-08  9.410591E-10  1.056186E-02  4.674300E-07  3.627153E-09  2.993328E-09  5.630007E-04  7.655526E-04  1.548487E-06  4.964690E-07  6.483706E-07  6.430733E-08
 3.711500E+02  4.460173E-02  1.855745E-06  8.678372E-12  1.167097E-11  1.305412E-11  1.592664E-11  4.488729E-01  3.025101E-04  2.193265E-07  4.925949E-01  1.510873E-03  4.884056E-06  1.128528E-06  3.328220E-04  1.013737E-08  4.214883E-08  9.174959E-10  1.045962E-02  4.527727E-07  3.549249E-09  2.927658E-09  5.565562E-04  7.567989E-04  1.486739E-06  4.765647E-07  6.225319E-07  6.219374E-08
 3.721500E+02  4.465399E-02  1.844742E-06  8.510889E-12  1.144780E-11  1.280501E-11  1.562541E-11  4.488859E-01  2.989580E-04  2.104964E-07  4.926704E-01  1.493483E-03  4.689950E-06  1.107033E-06  3.290453E-04  9.797829E-09  4.081030E-08  8.946476E-10  1.035890E-02  4.386534E-07  3.473428E-09  2.863774E-09  5.502248E-04  7.481989E-04  1.427786E-06  4.575672E-07  5.978645E-07  6.016101E-08
 3.731500E+02  4.470547E-02  1.833843E-06  8.347446E-12  1.122997E-11  1.256185E-11  1.533132E-11  4.488986E-01  2.954698E-04  2.020707E-07  4.927447E-01  1.476395E-03  4.504591E-06  1.086078E-06  3.253318E-04  9.471514E-09  3.952164E-08  8.724894E-10  1.025969E-02  4.250497E-07  3.399625E-09  2.801619E-09  5.440040E-04  7.397491E-04  1.371488E-06  4.394307E-07  5.743095E-07  5.820567E-08
