#         T/K            c1          c2-1          c3-4          c3-5          c3-7          c3-9            m1          m2-1          m3-1            w1            w2          w3-1          w3-2          c1m1        c1m2-1        c1m2-7        c2m1-1        c1w1-2        c1w2-1        c2w1-1        c2w1-9        m1w1-1        m1w1-4        m1w2-1        m2w1-1        m2w1-3      c1m1w1-1
 2.731500E+02  6.000157E-01  1.167993E-03  6.019697E-07  7.900997E-07  8.790487E-07  1.048156E-06  2.418176E-01  4.821478E-04  1.037605E-05  5.829551E-02  1.143262E-04  2.280453E-06  3.199719E-08  1.488284E-02  5.640575E-06  1.850852E-05  4.672033E-06  8.270409E-02  8.914567E-06  2.470500E-06  2.169360E-06  1.867079E-04  2.541598E-04  3.117965E-06  4.683030E-06  5.931120E-06  6.804728E-06
 2.741500E+02  6.007481E-01  1.149346E-03  5.753464E-07  7.554117E-07  8.405183E-07  1.002530E-06  2.420133E-01  4.712017E-04  9.594383E-06  5.883344E-02  1.136721E-04  2.165910E-06  3.157103E-08  1.452442E-02  5.270281E-06  1.734947E-05  4.426716E-06  8.163746E-02  8.509296E-06  2.376218E-06  2.084771E-06  1.841388E-04  2.506467E-04  2.936570E-06  4.371081E-06  5.538237E-06  6.422681E-06
 2.751500E+02  6.014680E-01  1.131137E-03  5.500972E-07  7.225031E-07  8.039617E-07  9.592267E-07  2.422029E-01  4.605754E-04  8.876561E-06  5.936492E-02  1.130004E-04  2.057179E-06  3.114325E-08  1.417715E-02  4.926753E-06  1.627076E-05  4.196009E-06  8.058362E-02  8.123447E-06  2.285979E-06  2.003882E-06  1.816012E-04  2.471773E-04  2.766282E-06  4.081454E-06  5.173323E-06  6.063986E-06
 2.761500E+02  6.021756E-01  1.113355E-03  5.261421E-07  6.912708E-07  7.692646E-07  9.181141E-07  2.423867E-01  4.502582E-04  8.216997E-06  5.988991E-02  1.123122E-04  1.953971E-06  3.071433E-08  1.384062E-02  4.607897E-06  1.526633E-05  3.978949E-06  7.954260E-02  7.756068E-06  2.199594E-06  1.926518E-06  1.790953E-04  2.437520E-04  2.606399E-06  3.812455E-06  4.834265E-06  5.727116E-06
 2.771500E+02  6.028712E-01  1.095987E-03  5.034064E-07  6.616186E-07  7.363205E-07  8.790667E-07  2.425647E-01  4.402398E-04  7.610625E-06  6.040841E-02  1.116084E-04  1.856014E-06  3.028472E-08  1.351443E-02  4.311792E-06  1.433062E-05  3.774644E-06  7.851441E-02  7.406254E-06  2.116885E-06  1.852512E-06  1.766212E-04  2.403709E-04  2.456261E-06  3.562525E-06  4.519119E-06  5.410649E-06
 2.781500E+02  6.035548E-01  1.079020E-03  4.818200E-07  6.334561E-07  7.050292E-07  8.419671E-07  2.427373E-01  4.305104E-04  7.052848E-06  6.092041E-02  1.108900E-04  1.763048E-06  2.985488E-08  1.319822E-02  4.036679E-06  1.345852E-05  3.582264E-06  7.749908E-02  7.073142E-06  2.037682E-06  1.781706E-06  1.741790E-04  2.370341E-04  2.315254E-06  3.330229E-06  4.226094E-06  5.113261E-06
 2.791500E+02  6.042268E-01  1.062443E-03  4.613173E-07  6.066988E-07  6.752972E-07  8.067056E-07  2.429047E-01  4.210604E-04  6.539491E-06  6.142593E-02  1.101581E-04  1.674822E-06  2.942522E-08  1.289163E-02  3.780943E-06  1.264531E-05  3.401039E-06  7.649661E-02  6.755915E-06  1.961822E-06  1.713949E-06  1.717689E-04  2.337417E-04  2.182800E-06  3.114245E-06  3.953540E-06  4.833721E-06
 2.801500E+02  6.048873E-01  1.046246E-03  4.418369E-07  5.812675E-07  6.470365E-07  7.731791E-07  2.430670E-01  4.118805E-04  6.066758E-06  6.192495E-02  1.094136E-04  1.591100E-06  2.899613E-08  1.259431E-02  3.543103E-06  1.188667E-05  3.230252E-06  7.550698E-02  6.453791E-06  1.889153E-06  1.649098E-06  1.693909E-04  2.304937E-04  2.058360E-06  2.913356E-06  3.699937E-06  4.570879E-06
 2.811500E+02  6.055365E-01  1.030416E-03  4.233212E-07  5.570879E-07  6.201648E-07  7.412911E-07  2.432244E-01  4.029618E-04  5.631199E-06  6.241750E-02  1.086574E-04  1.511655E-06  2.856800E-08  1.230594E-02  3.321799E-06  1.117860E-05  3.069238E-06  7.453017E-02  6.166030E-06  1.819529E-06  1.587017E-06  1.670449E-04  2.272901E-04  1.941431E-06  2.726440E-06  3.463884E-06  4.323665E-06
 2.821500E+02  6.061746E-01  1.014945E-03  4.057163E-07  5.340903E-07  5.946050E-07  7.109509E-07  2.433770E-01  3.942958E-04  5.229675E-06  6.290359E-02  1.078903E-04  1.436272E-06  2.814117E-08  1.202619E-02  3.115782E-06  1.051744E-05  2.917375E-06  7.356617E-02  5.891929E-06  1.752810E-06  1.527579E-06  1.647309E-04  2.241307E-04  1.831540E-06  2.552463E-06  3.244087E-06  4.091082E-06
 2.831500E+02  6.068018E-01  9.998212E-04  3.889713E-07  5.122093E-07  5.702845E-07  6.820734E-07  2.435252E-01  3.858742E-04  4.859329E-06  6.338324E-02  1.071133E-04  1.364744E-06  2.771599E-08  1.175477E-02  2.923905E-06  9.899791E-06  2.774086E-06  7.261493E-02  5.630816E-06  1.688864E-06  1.470659E-06  1.624490E-04  2.210156E-04  1.728247E-06  2.390472E-06  3.039356E-06  3.872199E-06
 2.841500E+02  6.074182E-01  9.850356E-04  3.730389E-07  4.913836E-07  5.471352E-07  6.545787E-07  2.436690E-01  3.776889E-04  4.517559E-06  6.385646E-02  1.063272E-04  1.296876E-06  2.729278E-08  1.149137E-02  2.745112E-06  9.322528E-06  2.638835E-06  7.167642E-02  5.382054E-06  1.627566E-06  1.416143E-06  1.601990E-04  2.179446E-04  1.631138E-06  2.239588E-06  2.848589E-06  3.666149E-06
 2.851500E+02  6.080240E-01  9.705787E-04  3.578743E-07  4.715554E-07  5.250934E-07  6.283917E-07  2.438085E-01  3.697322E-04  4.201994E-06  6.432329E-02  1.055329E-04  1.232482E-06  2.687182E-08  1.123573E-02  2.578433E-06  8.782768E-06  2.511121E-06  7.075057E-02  5.145039E-06  1.568796E-06  1.363918E-06  1.579808E-04  2.149175E-04  1.539827E-06  2.098997E-06  2.670771E-06  3.472123E-06
 2.861500E+02  6.086194E-01  9.564413E-04  3.434358E-07  4.526706E-07  5.040988E-07  6.034419E-07  2.439440E-01  3.619968E-04  3.910472E-06  6.478376E-02  1.047310E-04  1.171385E-06  2.645339E-08  1.098757E-02  2.422974E-06  8.277850E-06  2.390476E-06  6.983734E-02  4.919195E-06  1.512439E-06  1.313879E-06  1.557942E-04  2.119341E-04  1.453953E-06  1.967953E-06  2.504965E-06  3.289366E-06
 2.871500E+02  6.092046E-01  9.426147E-04  3.296838E-07  4.346784E-07  4.840951E-07  5.796629E-07  2.440755E-01  3.544753E-04  3.641022E-06  6.523789E-02  1.039224E-04  1.113416E-06  2.603777E-08  1.074663E-02  2.277912E-06  7.805316E-06  2.276466E-06  6.893666E-02  4.703975E-06  1.458388E-06  1.265928E-06  1.536393E-04  2.089942E-04  1.373176E-06  1.845763E-06  2.350305E-06  3.117173E-06
 2.881500E+02  6.097797E-01  9.290904E-04  3.165813E-07  4.175308E-07  4.650293E-07  5.569924E-07  2.442032E-01  3.471610E-04  3.391844E-06  6.568574E-02  1.031078E-04  1.058414E-06  2.562518E-08  1.051266E-02  2.142491E-06  7.362893E-06  2.168684E-06  6.804845E-02  4.498858E-06  1.406540E-06  1.219968E-06  1.515157E-04  2.060974E-04  1.297181E-06  1.731789E-06  2.205991E-06  2.954887E-06
 2.891500E+02  6.103450E-01  9.158602E-04  3.040937E-07  4.011829E-07  4.468514E-07  5.353717E-07  2.443273E-01  3.400471E-04  3.161296E-06  6.612733E-02  1.022880E-04  1.006227E-06  2.521585E-08  1.028542E-02  2.016011E-06  6.948483E-06  2.066752E-06  6.717265E-02  4.303351E-06  1.356795E-06  1.175908E-06  1.494232E-04  2.032437E-04  1.225670E-06  1.625441E-06  2.071284E-06  2.801892E-06
 2.901500E+02  6.109005E-01  9.029160E-04  2.921881E-07  3.855923E-07  4.295144E-07  5.147454E-07  2.444478E-01  3.331272E-04  2.947876E-06  6.656271E-02  1.014635E-04  9.567102E-07  2.481000E-08  1.006468E-02  1.897829E-06  6.560144E-06  1.970317E-06  6.630916E-02  4.116984E-06  1.309060E-06  1.133663E-06  1.473618E-04  2.004325E-04  1.158367E-06  1.526174E-06  1.945500E-06  2.657616E-06
 2.911500E+02  6.114465E-01  8.902502E-04  2.808337E-07  3.707192E-07  4.129742E-07  4.950617E-07  2.445649E-01  3.263950E-04  2.750212E-06  6.699192E-02  1.006351E-04  9.097260E-07  2.440780E-08  9.850232E-03  1.787351E-06  6.196079E-06  1.879048E-06  6.545789E-02  3.939311E-06  1.263247E-06  1.093151E-06  1.453311E-04  1.976636E-04  1.095012E-06  1.433483E-06  1.828008E-06  2.521522E-06
 2.921500E+02  6.119831E-01  8.778553E-04  2.700016E-07  3.565260E-07  3.971891E-07  4.762715E-07  2.446787E-01  3.198445E-04  2.567051E-06  6.741501E-02  9.980337E-05  8.651435E-07  2.400945E-08  9.641848E-03  1.684028E-06  5.854627E-06  1.792636E-06  6.461877E-02  3.769907E-06  1.219270E-06  1.054294E-06  1.433309E-04  1.949367E-04  1.035361E-06  1.346904E-06  1.718222E-06  2.393109E-06
 2.931500E+02  6.125104E-01  8.657241E-04  2.596645E-07  3.429775E-07  3.821199E-07  4.583287E-07  2.447893E-01  3.134700E-04  2.397243E-06  6.783203E-02  9.896895E-05  8.228386E-07  2.361510E-08  9.439329E-03  1.587356E-06  5.534248E-06  1.710794E-06  6.379168E-02  3.608369E-06  1.177048E-06  1.017017E-06  1.413609E-04  1.922514E-04  9.791879E-07  1.266004E-06  1.615601E-06  2.271909E-06
 2.941500E+02  6.130286E-01  8.538495E-04  2.497966E-07  3.300402E-07  3.677297E-07  4.411897E-07  2.448969E-01  3.072660E-04  2.239738E-06  6.824304E-02  9.813240E-05  7.826932E-07  2.322490E-08  9.242477E-03  1.496865E-06  5.233514E-06  1.633251E-06  6.297653E-02  3.454315E-06  1.136505E-06  9.812494E-07  1.394210E-04  1.896073E-04  9.262782E-07  1.190385E-06  1.519645E-06  2.157484E-06
 2.951500E+02  6.135380E-01  8.422249E-04  2.403738E-07  3.176828E-07  3.539837E-07  4.248135E-07  2.450014E-01  3.012269E-04  2.093573E-06  6.864808E-02  9.729430E-05  7.445955E-07  2.283899E-08  9.051103E-03  1.412124E-06  4.951105E-06  1.559756E-06  6.217320E-02  3.307380E-06  1.097567E-06  9.469247E-07  1.375107E-04  1.870039E-04  8.764329E-07  1.119678E-06  1.429889E-06  2.049424E-06
 2.961500E+02  6.140385E-01  8.308435E-04  2.313731E-07  3.058757E-07  3.408490E-07  4.091614E-07  2.451031E-01  2.953476E-04  1.957866E-06  6.904720E-02  9.645516E-05  7.084392E-07  2.245749E-08  8.865026E-03  1.332734E-06  4.685794E-06  1.490072E-06  6.138160E-02  3.167219E-06  1.060164E-06  9.139785E-07  1.356299E-04  1.844410E-04  8.294649E-07  1.053540E-06  1.345906E-06  1.947346E-06
 2.971500E+02  6.145305E-01  8.196992E-04  2.227731E-07  2.945910E-07  3.282946E-07  3.941970E-07  2.452020E-01  2.896231E-04  1.831808E-06  6.944048E-02  9.561551E-05  6.741235E-07  2.208049E-08  8.684070E-03  1.258324E-06  4.436444E-06  1.423979E-06  6.060161E-02  3.033503E-06  1.024229E-06  8.823499E-07  1.337782E-04  1.819180E-04  7.851992E-07  9.916560E-07  1.267295E-06  1.850892E-06
 2.981500E+02  6.150139E-01  8.087856E-04  2.145535E-07  2.838023E-07  3.162913E-07  3.798857E-07  2.452982E-01  2.840485E-04  1.714658E-06  6.982796E-02  9.477583E-05  6.415528E-07  2.170812E-08  8.508067E-03  1.188553E-06  4.202001E-06  1.361269E-06  5.983312E-02  2.905920E-06  9.896990E-07  8.519807E-07  1.319553E-04  1.794346E-04  7.434718E-07  9.337314E-07  1.193689E-06  1.759726E-06
 2.991500E+02  6.154891E-01  7.980969E-04  2.066950E-07  2.734848E-07  3.048115E-07  3.661951E-07  2.453918E-01  2.786192E-04  1.605734E-06  7.020971E-02  9.393658E-05  6.106363E-07  2.134044E-08  8.336854E-03  1.123105E-06  3.981485E-06  1.301749E-06  5.907600E-02  2.784172E-06  9.565130E-07  8.228155E-07  1.301609E-04  1.769902E-04  7.041289E-07  8.794947E-07  1.124745E-06  1.673534E-06
 3.001500E+02  6.159561E-01  7.876272E-04  1.991796E-07  2.636151E-07  2.938292E-07  3.530943E-07  2.454829E-01  2.733307E-04  1.504411E-06  7.058579E-02  9.309822E-05  5.812880E-07  2.097753E-08  8.170275E-03  1.061685E-06  3.773985E-06  1.245238E-06  5.833013E-02  2.667979E-06  9.246133E-07  7.948017E-07  1.283947E-04  1.745845E-04  6.670266E-07  8.286938E-07  1.060146E-06  1.592021E-06
 3.011500E+02  6.164150E-01  7.773710E-04  1.919902E-07  2.541708E-07  2.833198E-07  3.405544E-07  2.455715E-01  2.681786E-04  1.410116E-06  7.095625E-02  9.226115E-05  5.534263E-07  2.061946E-08  8.008180E-03  1.004022E-06  3.578656E-06  1.191564E-06  5.759540E-02  2.557072E-06  8.939448E-07  7.678891E-07  1.266563E-04  1.722170E-04  6.320300E-07  7.810949E-07  9.995987E-07  1.514912E-06
 3.021500E+02  6.168660E-01  7.673227E-04  1.851107E-07  2.451311E-07  2.732599E-07  3.285479E-07  2.456578E-01  2.631587E-04  1.322320E-06  7.132116E-02  9.142580E-05  5.269739E-07  2.026629E-08  7.850424E-03  9.498645E-07  3.394713E-06  1.140569E-06  5.687168E-02  2.451197E-06  8.644548E-07  7.420297E-07  1.249455E-04  1.698871E-04  5.990126E-07  7.364810E-07  9.428289E-07  1.441948E-06
 3.031500E+02  6.173093E-01  7.574771E-04  1.785257E-07  2.364762E-07  2.636277E-07  3.170488E-07  2.457418E-01  2.582669E-04  1.240538E-06  7.168059E-02  9.059252E-05  5.018574E-07  1.991806E-08  7.696867E-03  8.989782E-07  3.221425E-06  1.092102E-06  5.615884E-02  2.350112E-06  8.360933E-07  7.171780E-07  1.232618E-04  1.675945E-04  5.678559E-07  6.946510E-07  8.895833E-07  1.372888E-06
 3.041500E+02  6.177450E-01  7.478292E-04  1.722210E-07  2.281873E-07  2.544023E-07  3.060327E-07  2.458236E-01  2.534994E-04  1.164323E-06  7.203460E-02  8.976169E-05  4.780073E-07  1.957480E-08  7.547375E-03  8.511465E-07  3.058110E-06  1.046023E-06  5.545675E-02  2.253586E-06  8.088123E-07  6.932904E-07  1.216050E-04  1.653387E-04  5.384488E-07  6.554179E-07  8.396267E-07  1.307504E-06
 3.051500E+02  6.181731E-01  7.383738E-04  1.661829E-07  2.202468E-07  2.455641E-07  2.954762E-07  2.459033E-01  2.488524E-04  1.093265E-06  7.238325E-02  8.893365E-05  4.553578E-07  1.923655E-08  7.401819E-03  8.061680E-07  2.904138E-06  1.002200E-06  5.476529E-02  2.161402E-06  7.825663E-07  6.703256E-07  1.199747E-04  1.631191E-04  5.106871E-07  6.186083E-07  7.927401E-07  1.245584E-06
 3.061500E+02  6.185940E-01  7.291063E-04  1.603984E-07  2.126379E-07  2.370945E-07  2.853576E-07  2.459808E-01  2.443221E-04  1.026985E-06  7.272661E-02  8.810873E-05  4.338463E-07  1.890333E-08  7.260075E-03  7.638559E-07  2.758917E-06  9.605094E-07  5.408432E-02  2.073352E-06  7.573115E-07  6.482439E-07  1.183705E-04  1.609352E-04  4.844730E-07  5.840610E-07  7.487205E-07  1.186928E-06
 3.071500E+02  6.190076E-01  7.200219E-04  1.548555E-07  2.053447E-07  2.289759E-07  2.756558E-07  2.460564E-01  2.399052E-04  9.651345E-07  7.306475E-02  8.728722E-05  4.134138E-07  1.857516E-08  7.122020E-03  7.240365E-07  2.621900E-06  9.208339E-07  5.341372E-02  1.989239E-06  7.330065E-07  6.270077E-07  1.167921E-04  1.587867E-04  4.597149E-07  5.516262E-07  7.073790E-07  1.131349E-06
 3.081500E+02  6.194141E-01  7.111161E-04  1.495425E-07  1.983522E-07  2.211916E-07  2.663513E-07  2.461301E-01  2.355981E-04  9.073920E-07  7.339773E-02  8.646943E-05  3.940041E-07  1.825203E-08  6.987541E-03  6.865482E-07  2.492575E-06  8.830644E-07  5.275334E-02  1.908875E-06  7.096116E-07  6.065810E-07  1.152391E-04  1.566730E-04  4.363270E-07  5.211646E-07  6.685397E-07  1.078670E-06
 3.091500E+02  6.198136E-01  7.023846E-04  1.444485E-07  1.916463E-07  2.137259E-07  2.574254E-07  2.462018E-01  2.313976E-04  8.534614E-07  7.372562E-02  8.565561E-05  3.755641E-07  1.793395E-08  6.856525E-03  6.512412E-07  2.370465E-06  8.470979E-07  5.210307E-02  1.832081E-06  6.870887E-07  5.869294E-07  1.137113E-04  1.545936E-04  4.142285E-07  4.925470E-07  6.320395E-07  1.028728E-06
 3.101500E+02  6.202063E-01  6.938229E-04  1.395633E-07  1.852135E-07  2.065638E-07  2.488605E-07  2.462717E-01  2.273005E-04  8.030692E-07  7.404849E-02  8.484603E-05  3.580436E-07  1.762093E-08  6.728865E-03  6.179757E-07  2.255125E-06  8.128377E-07  5.146276E-02  1.758689E-06  6.654017E-07  5.680203E-07  1.122081E-04  1.525480E-04  3.933439E-07  4.656528E-07  5.977263E-07  9.813661E-07
 3.111500E+02  6.205923E-01  6.854271E-04  1.348769E-07  1.790410E-07  1.996911E-07  2.406397E-07  2.463399E-01  2.233038E-04  7.559632E-07  7.436640E-02  8.404093E-05  3.413947E-07  1.731294E-08  6.604456E-03  5.866218E-07  2.146141E-06  7.801926E-07  5.083229E-02  1.688538E-06  6.445161E-07  5.498225E-07  1.107293E-04  1.505357E-04  3.736020E-07  4.403701E-07  5.654587E-07  9.364401E-07
 3.121500E+02  6.209717E-01  6.771930E-04  1.303802E-07  1.731167E-07  1.930944E-07  2.327472E-07  2.464063E-01  2.194044E-04  7.119104E-07  7.467942E-02  8.324053E-05  3.255725E-07  1.700997E-08  6.483199E-03  5.570586E-07  2.043124E-06  7.490770E-07  5.021152E-02  1.621474E-06  6.243988E-07  5.323060E-07  1.092746E-04  1.485562E-04  3.549363E-07  4.165946E-07  5.351048E-07  8.938128E-07
 3.131500E+02  6.213447E-01  6.691167E-04  1.260643E-07  1.674292E-07  1.867611E-07  2.251679E-07  2.464711E-01  2.155995E-04  6.706955E-07  7.498762E-02  8.244504E-05  3.105340E-07  1.671200E-08  6.364997E-03  5.291734E-07  1.945715E-06  7.194101E-07  4.960031E-02  1.557352E-06  6.050182E-07  5.154425E-07  1.078435E-04  1.466091E-04  3.372842E-07  3.942293E-07  5.065422E-07  8.533560E-07
 3.141500E+02  6.217112E-01  6.611945E-04  1.219208E-07  1.619676E-07  1.806789E-07  2.178875E-07  2.465343E-01  2.118864E-04  6.321197E-07  7.529107E-02  8.165467E-05  2.962387E-07  1.641900E-08  6.249757E-03  5.028613E-07  1.853574E-06  6.911159E-07  4.899854E-02  1.496034E-06  5.863443E-07  4.992048E-07  1.064357E-04  1.446938E-04  3.205870E-07  3.731838E-07  4.796565E-07  8.149487E-07
 3.151500E+02  6.220716E-01  6.534226E-04  1.179419E-07  1.567216E-07  1.748365E-07  2.108925E-07  2.465959E-01  2.082624E-04  5.959991E-07  7.558983E-02  8.086959E-05  2.826483E-07  1.613096E-08  6.137389E-03  4.780244E-07  1.766387E-06  6.641228E-07  4.840606E-02  1.437388E-06  5.683481E-07  4.835670E-07  1.050509E-04  1.428099E-04  3.047895E-07  3.533739E-07  4.543412E-07  7.784775E-07
 3.161500E+02  6.224258E-01  6.457976E-04  1.141200E-07  1.516813E-07  1.692231E-07  2.041700E-07  2.466560E-01  2.047248E-04  5.621635E-07  7.588397E-02  8.008997E-05  2.697264E-07  1.584783E-08  6.027806E-03  4.545716E-07  1.683858E-06  6.383633E-07  4.782276E-02  1.381289E-06  5.510023E-07  4.685042E-07  1.036887E-04  1.409569E-04  2.898399E-07  3.347212E-07  4.304971E-07  7.438357E-07
 3.171500E+02  6.227739E-01  6.383158E-04  1.104481E-07  1.468377E-07  1.638282E-07  1.977078E-07  2.467146E-01  2.012711E-04  5.304554E-07  7.617355E-02  7.931598E-05  2.574386E-07  1.556957E-08  5.920924E-03  4.324177E-07  1.605712E-06  6.137739E-07  4.724848E-02  1.327618E-06  5.342805E-07  4.539929E-07  1.023488E-04  1.391343E-04  2.756896E-07  3.171524E-07  4.080317E-07  7.109229E-07
 3.181500E+02  6.231162E-01  6.309739E-04  1.069193E-07  1.421817E-07  1.586420E-07  1.914943E-07  2.467718E-01  1.978991E-04  5.007292E-07  7.645865E-02  7.854775E-05  2.457522E-07  1.529616E-08  5.816663E-03  4.114834E-07  1.531691E-06  5.902945E-07  4.668312E-02  1.276262E-06  5.181575E-07  4.400104E-07  1.010307E-04  1.373415E-04  2.622928E-07  3.005995E-07  3.868586E-07  6.796445E-07
 3.191500E+02  6.234527E-01  6.237687E-04  1.035272E-07  1.377050E-07  1.536554E-07  1.855184E-07  2.468276E-01  1.946062E-04  4.728498E-07  7.673932E-02  7.778543E-05  2.346363E-07  1.502754E-08  5.714945E-03  3.916944E-07  1.461552E-06  5.678684E-07  4.612652E-02  1.227114E-06  5.026093E-07  4.265352E-07  9.973426E-05  1.355783E-04  2.496067E-07  2.849988E-07  3.668973E-07  6.499117E-07
 3.201500E+02  6.237835E-01  6.166968E-04  1.002658E-07  1.333997E-07  1.488594E-07  1.797696E-07  2.468821E-01  1.913903E-04  4.466922E-07  7.701564E-02  7.702913E-05  2.240616E-07  1.476367E-08  5.615694E-03  3.729817E-07  1.395071E-06  5.464424E-07  4.557857E-02  1.180072E-06  4.876130E-07  4.135466E-07  9.845901E-05  1.338439E-04  2.375907E-07  2.702910E-07  3.480726E-07  6.216407E-07
 3.211500E+02  6.241086E-01  6.097553E-04  9.712925E-08  1.292583E-07  1.442457E-07  1.742381E-07  2.469353E-01  1.882491E-04  4.221403E-07  7.728766E-02  7.627898E-05  2.140005E-07  1.450451E-08  5.518838E-03  3.552804E-07  1.332036E-06  5.259660E-07  4.503913E-02  1.135037E-06  4.731464E-07  4.010249E-07  9.720465E-05  1.321381E-04  2.262071E-07  2.564207E-07  3.303143E-07  5.947528E-07
 3.221500E+02  6.244283E-01  6.029411E-04  9.411203E-08  1.252734E-07  1.398062E-07  1.689143E-07  2.469872E-01  1.851806E-04  3.990866E-07  7.755546E-02  7.553507E-05  2.044267E-07  1.425000E-08  5.424305E-03  3.385302E-07  1.272247E-06  5.063916E-07  4.450807E-02  1.091918E-06  4.591886E-07  3.889513E-07  9.597083E-05  1.304603E-04  2.154200E-07  2.433362E-07  3.135569E-07  5.691737E-07
 3.231500E+02  6.247427E-01  5.962512E-04  9.120892E-08  1.214384E-07  1.355334E-07  1.637893E-07  2.470379E-01  1.821826E-04  3.774313E-07  7.781910E-02  7.479750E-05  1.953152E-07  1.400008E-08  5.332029E-03  3.226746E-07  1.215520E-06  4.876742E-07  4.398527E-02  1.050627E-06  4.457194E-07  3.773077E-07  9.475723E-05  1.288101E-04  2.051959E-07  2.309891E-07  2.977392E-07  5.448335E-07
 3.241500E+02  6.250517E-01  5.896828E-04  8.841493E-08  1.177466E-07  1.314200E-07  1.588544E-07  2.470873E-01  1.792533E-04  3.570818E-07  7.807864E-02  7.406635E-05  1.866426E-07  1.375472E-08  5.241944E-03  3.076606E-07  1.161681E-06  4.697714E-07  4.347060E-02  1.011079E-06  4.327197E-07  3.660769E-07  9.356350E-05  1.271870E-04  1.955034E-07  2.193344E-07  2.828040E-07  5.216663E-07
 3.251500E+02  6.253555E-01  5.832331E-04  8.572534E-08  1.141920E-07  1.274592E-07  1.541014E-07  2.471357E-01  1.763907E-04  3.379521E-07  7.833415E-02  7.334170E-05  1.783865E-07  1.351385E-08  5.153985E-03  2.934389E-07  1.110565E-06  4.526429E-07  4.296394E-02  9.731949E-07  4.201709E-07  3.552426E-07  9.238932E-05  1.255905E-04  1.863126E-07  2.083300E-07  2.686978E-07  4.996100E-07
 3.261500E+02  6.256543E-01  5.768995E-04  8.313565E-08  1.107685E-07  1.236444E-07  1.495228E-07  2.471829E-01  1.735929E-04  3.199623E-07  7.858569E-02  7.262361E-05  1.705258E-07  1.327741E-08  5.068093E-03  2.799632E-07  1.062019E-06  4.362509E-07  4.246515E-02  9.368992E-07  4.080555E-07  3.447888E-07  9.123437E-05  1.240203E-04  1.775958E-07  1.979364E-07  2.553706E-07  4.786060E-07
 3.271500E+02  6.259481E-01  5.706792E-04  8.064157E-08  1.074708E-07  1.199694E-07  1.451110E-07  2.472290E-01  1.708582E-04  3.030382E-07  7.883331E-02  7.191215E-05  1.630404E-07  1.304535E-08  4.984207E-03  2.671900E-07  1.015900E-06  4.205594E-07  4.197412E-02  9.021195E-07  3.963565E-07  3.347006E-07  9.009833E-05  1.224758E-04  1.693265E-07  1.881168E-07  2.427756E-07  4.585991E-07
 3.281500E+02  6.262369E-01  5.645698E-04  7.823901E-08  1.042933E-07  1.164284E-07  1.408590E-07  2.472740E-01  1.681847E-04  2.871107E-07  7.907709E-02  7.120736E-05  1.559114E-07  1.281760E-08  4.902271E-03  2.550789E-07  9.720731E-07  4.055345E-07  4.149072E-02  8.687870E-07  3.850579E-07  3.249635E-07  8.898087E-05  1.209567E-04  1.614801E-07  1.788367E-07  2.308691E-07  4.395373E-07
 3.291500E+02  6.265209E-01  5.585687E-04  7.592411E-08  1.012310E-07  1.130155E-07  1.367601E-07  2.473180E-01  1.655709E-04  2.721157E-07  7.931708E-02  7.050930E-05  1.491207E-07  1.259412E-08  4.822229E-03  2.435917E-07  9.304108E-07  3.911441E-07  4.101484E-02  8.368364E-07  3.741440E-07  3.155638E-07  8.788169E-05  1.194625E-04  1.540332E-07  1.700639E-07  2.196101E-07  4.213714E-07
 3.301500E+02  6.268002E-01  5.526734E-04  7.369315E-08  9.827913E-08  1.097255E-07  1.328079E-07  2.473610E-01  1.630151E-04  2.579933E-07  7.955334E-02  6.981800E-05  1.426513E-07  1.237482E-08  4.744028E-03  2.326929E-07  8.907941E-07  3.773577E-07  4.054635E-02  8.062054E-07  3.636002E-07  3.064882E-07  8.680047E-05  1.179928E-04  1.469641E-07  1.617682E-07  2.089604E-07  4.040549E-07
 3.311500E+02  6.270749E-01  5.468818E-04  7.154262E-08  9.543303E-08  1.065533E-07  1.289964E-07  2.474030E-01  1.605157E-04  2.446882E-07  7.978594E-02  6.913348E-05  1.364872E-07  1.215967E-08  4.667615E-03  2.223490E-07  8.531112E-07  3.641465E-07  4.008513E-02  7.768347E-07  3.534122E-07  2.977241E-07  8.573691E-05  1.165471E-04  1.402519E-07  1.539214E-07  1.988839E-07  3.875442E-07
 3.321500E+02  6.273450E-01  5.411914E-04  6.946917E-08  9.268831E-08  1.034939E-07  1.253197E-07  2.474441E-01  1.580712E-04  2.321483E-07  8.001492E-02  6.845578E-05  1.306129E-07  1.194858E-08  4.592941E-03  2.125286E-07  8.172568E-07  3.514833E-07  3.963107E-02  7.486679E-07  3.435665E-07  2.892595E-07  8.469070E-05  1.151251E-04  1.338772E-07  1.464971E-07  1.893471E-07  3.717980E-07
 3.331500E+02  6.276107E-01  5.356000E-04  6.746958E-08  9.004080E-08  1.005427E-07  1.217723E-07  2.474843E-01  1.556801E-04  2.203257E-07  8.024036E-02  6.778492E-05  1.250140E-07  1.174151E-08  4.519957E-03  2.032024E-07  7.831320E-07  3.393423E-07  3.918406E-02  7.216512E-07  3.340499E-07  2.810828E-07  8.366155E-05  1.137263E-04  1.278218E-07  1.394704E-07  1.803186E-07  3.567770E-07
 3.341500E+02  6.278720E-01  5.301055E-04  6.554081E-08  8.748650E-08  9.769527E-08  1.183489E-07  2.475235E-01  1.533409E-04  2.091752E-07  8.046230E-02  6.712090E-05  1.196767E-07  1.153838E-08  4.448617E-03  1.943426E-07  7.506435E-07  3.276988E-07  3.874397E-02  6.957334E-07  3.248501E-07  2.731828E-07  8.264917E-05  1.123504E-04  1.220684E-07  1.328182E-07  1.717687E-07  3.424446E-07
 3.351500E+02  6.281289E-01  5.247057E-04  6.367996E-08  8.502160E-08  9.494737E-08  1.150445E-07  2.475619E-01  1.510523E-04  1.986551E-07  8.068081E-02  6.646374E-05  1.145881E-07  1.133914E-08  4.378874E-03  1.859235E-07  7.197039E-07  3.165298E-07  3.831069E-02  6.708657E-07  3.159551E-07  2.655489E-07  8.165326E-05  1.109969E-04  1.166007E-07  1.265186E-07  1.636697E-07  3.287658E-07
 3.361500E+02  6.283817E-01  5.193985E-04  6.188425E-08  8.264246E-08  9.229496E-08  1.118543E-07  2.475995E-01  1.488130E-04  1.887262E-07  8.089594E-02  6.581344E-05  1.097357E-07  1.114371E-08  4.310686E-03  1.779205E-07  6.902306E-07  3.058132E-07  3.788412E-02  6.470017E-07  3.073533E-07  2.581711E-07  8.067353E-05  1.096654E-04  1.114033E-07  1.205514E-07  1.559959E-07  3.157077E-07
 3.371500E+02  6.286303E-01  5.141820E-04  6.015103E-08  8.034563E-08  8.973419E-08  1.087737E-07  2.476362E-01  1.466216E-04  1.793521E-07  8.110775E-02  6.517000E-05  1.051078E-07  1.095205E-08  4.244009E-03  1.703110E-07  6.621460E-07  2.955282E-07  3.746414E-02  6.240971E-07  2.990339E-07  2.510395E-07  7.970971E-05  1.083556E-04  1.064619E-07  1.148974E-07  1.487227E-07  3.032393E-07
 3.381500E+02  6.288748E-01  5.090542E-04  5.847779E-08  7.812779E-08  8.726138E-08  1.057983E-07  2.476721E-01  1.444769E-04  1.704988E-07  8.131629E-02  6.453341E-05  1.006934E-07  1.076408E-08  4.178802E-03  1.630732E-07  6.353771E-07  2.856549E-07  3.705065E-02  6.021097E-07  2.909863E-07  2.441449E-07  7.876151E-05  1.070671E-04  1.017627E-07  1.095386E-07  1.418273E-07  2.913309E-07
 3.391500E+02  6.291153E-01  5.040132E-04  5.686209E-08  7.598579E-08  8.487301E-08  1.029239E-07  2.477072E-01  1.423776E-04  1.621346E-07  8.152161E-02  6.390367E-05  9.648198E-08  1.057974E-08  4.115026E-03  1.561871E-07  6.098548E-07  2.761746E-07  3.664353E-02  5.809993E-07  2.832004E-07  2.374782E-07  7.782867E-05  1.057994E-04  9.729293E-08  1.044582E-07  1.352884E-07  2.799549E-07
 3.401500E+02  6.293519E-01  4.990571E-04  5.530166E-08  7.391661E-08  8.256573E-08  1.001465E-07  2.477416E-01  1.403225E-04  1.542297E-07  8.172377E-02  6.328075E-05  9.246347E-08  1.039897E-08  4.052642E-03  1.496335E-07  5.855142E-07  2.670694E-07  3.624269E-02  5.607277E-07  2.756664E-07  2.310309E-07  7.691091E-05  1.045523E-04  9.304044E-08  9.964045E-08  1.290857E-07  2.690849E-07
 3.411500E+02  6.295847E-01  4.941841E-04  5.379429E-08  7.191736E-08  8.033634E-08  9.746241E-08  2.477753E-01  1.383106E-04  1.467566E-07  8.192282E-02  6.266464E-05  8.862846E-08  1.022170E-08  3.991612E-03  1.433947E-07  5.622941E-07  2.583224E-07  3.584801E-02  5.412582E-07  2.683752E-07  2.247949E-07  7.600797E-05  1.033254E-04  8.899377E-08  9.507047E-08  1.232004E-07  2.586960E-07
 3.421500E+02  6.298137E-01  4.893925E-04  5.233788E-08  6.998531E-08  7.818177E-08  9.486787E-08  2.478082E-01  1.363406E-04  1.396892E-07  8.211881E-02  6.205532E-05  8.496796E-08  1.004788E-08  3.931901E-03  1.374537E-07  5.401367E-07  2.499175E-07  3.545940E-02  5.225562E-07  2.613178E-07  2.187621E-07  7.511958E-05  1.021183E-04  8.514214E-08  9.073432E-08  1.176146E-07  2.487645E-07
 3.431500E+02  6.300390E-01  4.846805E-04  5.093042E-08  6.811781E-08  7.609910E-08  9.235942E-08  2.478404E-01  1.344116E-04  1.330033E-07  8.231180E-02  6.145276E-05  8.147346E-08  9.877441E-09  3.873473E-03  1.317948E-07  5.189877E-07  2.418394E-07  3.507675E-02  5.045883E-07  2.544856E-07  2.129251E-07  7.424550E-05  1.009307E-04  8.147533E-08  8.661895E-08  1.123118E-07  2.392682E-07
 3.441500E+02  6.302606E-01  4.800464E-04  4.957001E-08  6.631236E-08  7.408553E-08  8.993373E-08  2.478719E-01  1.325224E-04  1.266764E-07  8.250183E-02  6.085694E-05  7.813688E-08  9.710324E-09  3.816294E-03  1.264030E-07  4.987955E-07  2.340736E-07  3.469996E-02  4.873229E-07  2.478705E-07  2.072767E-07  7.338546E-05  9.976212E-05  7.798372E-08  8.271204E-08  1.072763E-07  2.301859E-07
 3.451500E+02  6.304787E-01  4.754887E-04  4.825480E-08  6.456654E-08  7.213839E-08  8.758761E-08  2.479028E-01  1.306720E-04  1.206873E-07  8.268896E-02  6.026782E-05  7.495056E-08  9.546467E-09  3.760332E-03  1.212642E-07  4.795116E-07  2.266063E-07  3.432894E-02  4.707299E-07  2.414646E-07  2.018098E-07  7.253921E-05  9.861236E-05  7.465822E-08  7.900204E-08  1.024932E-07  2.214976E-07
 3.461500E+02  6.306933E-01  4.710057E-04  4.698305E-08  6.287807E-08  7.025512E-08  8.531801E-08  2.479330E-01  1.288595E-04  1.150160E-07  8.287322E-02  5.968538E-05  7.190724E-08  9.385810E-09  3.705554E-03  1.163651E-07  4.610903E-07  2.194244E-07  3.396358E-02  4.547804E-07  2.352602E-07  1.965179E-07  7.170652E-05  9.748104E-05  7.149025E-08  7.547808E-08  9.794870E-08  2.131844E-07
 3.471500E+02  6.309045E-01  4.665959E-04  4.575308E-08  6.124474E-08  6.843327E-08  8.312203E-08  2.479626E-01  1.270838E-04  1.096441E-07  8.305468E-02  5.910957E-05  6.900001E-08  9.228294E-09  3.651929E-03  1.116934E-07  4.434882E-07  2.125154E-07  3.360380E-02  4.394470E-07  2.292502E-07  1.913945E-07  7.088714E-05  9.636783E-05  6.847168E-08  7.212995E-08  9.362980E-08  2.052281E-07
 3.481500E+02  6.311122E-01  4.622577E-04  4.456330E-08  5.966445E-08  6.667052E-08  8.099686E-08  2.479915E-01  1.253441E-04  1.045541E-07  8.323338E-02  5.854036E-05  6.622232E-08  9.073860E-09  3.599428E-03  1.072372E-07  4.266645E-07  2.058674E-07  3.324950E-02  4.247035E-07  2.234276E-07  1.864335E-07  7.008083E-05  9.527240E-05  6.559486E-08  6.894803E-08  8.952420E-08  1.976119E-07
 3.491500E+02  6.313167E-01  4.579897E-04  4.341216E-08  5.813520E-08  6.496461E-08  7.893984E-08  2.480199E-01  1.236395E-04  9.972973E-08  8.340936E-02  5.797770E-05  6.356796E-08  8.922449E-09  3.548021E-03  1.029854E-07  4.105805E-07  1.994692E-07  3.290058E-02  4.105248E-07  2.177856E-07  1.816290E-07  6.928736E-05  9.419445E-05  6.285255E-08  6.592329E-08  8.562035E-08  1.903196E-07
 3.501500E+02  6.315179E-01  4.537904E-04  4.229821E-08  5.665504E-08  6.331340E-08  7.694842E-08  2.480477E-01  1.219690E-04  9.515576E-08  8.358267E-02  5.742156E-05  6.103103E-08  8.774004E-09  3.497681E-03  9.892753E-08  3.951997E-07  1.933100E-07  3.255696E-02  3.968872E-07  2.123180E-07  1.769753E-07  6.850650E-05  9.313365E-05  6.023789E-08  6.304720E-08  8.190737E-08  1.833358E-07
 3.511500E+02  6.317159E-01  4.496585E-04  4.122004E-08  5.522215E-08  6.171485E-08  7.502013E-08  2.480749E-01  1.203318E-04  9.081785E-08  8.375335E-02  5.687189E-05  5.860594E-08  8.628467E-09  3.448379E-03  9.505371E-08  3.804876E-07  1.873795E-07  3.221854E-02  3.837677E-07  2.070184E-07  1.724671E-07  6.773803E-05  9.208969E-05  5.774442E-08  6.031176E-08  7.837502E-08  1.766461E-07
 3.521500E+02  6.319108E-01  4.455925E-04  4.017631E-08  5.383475E-08  6.016699E-08  7.315265E-08  2.481016E-01  1.187272E-04  8.670258E-08  8.392146E-02  5.632865E-05  5.628735E-08  8.485783E-09  3.400090E-03  9.135460E-08  3.664115E-07  1.816680E-07  3.188524E-02  3.711447E-07  2.018810E-07  1.680991E-07  6.698172E-05  9.106228E-05  5.536601E-08  5.770941E-08  7.501365E-08  1.702366E-07
 3.531500E+02  6.321026E-01  4.415911E-04  3.916572E-08  5.249115E-08  5.866793E-08  7.134372E-08  2.481277E-01  1.171542E-04  8.279733E-08  8.408703E-02  5.579177E-05  5.407023E-08  8.345895E-09  3.352787E-03  8.782138E-08  3.529405E-07  1.761663E-07  3.155697E-02  3.589975E-07  1.969001E-07  1.638663E-07  6.623736E-05  9.005112E-05  5.309687E-08  5.523305E-08  7.181417E-08  1.640943E-07
 3.541500E+02  6.322914E-01  4.376531E-04  3.818705E-08  5.118974E-08  5.721588E-08  6.959119E-08  2.481533E-01  1.156122E-04  7.909030E-08  8.425010E-02  5.526123E-05  5.194978E-08  8.208750E-09  3.306446E-03  8.444573E-08  3.400452E-07  1.708655E-07  3.123364E-02  3.473061E-07  1.920701E-07  1.597640E-07  6.550474E-05  8.905592E-05  5.093153E-08  5.287598E-08  6.876802E-08  1.582068E-07
 3.551500E+02  6.324773E-01  4.337771E-04  3.723913E-08  4.992896E-08  5.580911E-08  6.789300E-08  2.481784E-01  1.141003E-04  7.557038E-08  8.441073E-02  5.473695E-05  4.992144E-08  8.074293E-09  3.261043E-03  8.121978E-08  3.276981E-07  1.657571E-07  3.091517E-02  3.360517E-07  1.873859E-07  1.557875E-07  6.478364E-05  8.807639E-05  4.886481E-08  5.063189E-08  6.586711E-08  1.525623E-07
 3.561500E+02  6.326602E-01  4.299619E-04  3.632081E-08  4.870733E-08  5.444596E-08  6.624717E-08  2.482030E-01  1.126178E-04  7.222715E-08  8.456894E-02  5.421891E-05  4.798088E-08  7.942472E-09  3.216553E-03  7.813610E-08  3.158729E-07  1.608332E-07  3.060148E-02  3.252162E-07  1.828424E-07  1.519323E-07  6.407385E-05  8.711224E-05  4.689180E-08  4.849482E-08  6.310383E-08  1.471496E-07
 3.571500E+02  6.328403E-01  4.262063E-04  3.543101E-08  4.752342E-08  5.312484E-08  6.465182E-08  2.482271E-01  1.111641E-04  6.905082E-08  8.472479E-02  5.370703E-05  4.612400E-08  7.813233E-09  3.172954E-03  7.518765E-08  3.045448E-07  1.560861E-07  3.029249E-02  3.147823E-07  1.784346E-07  1.481943E-07  6.337518E-05  8.616321E-05  4.500786E-08  4.645917E-08  6.047101E-08  1.419581E-07
 3.581500E+02  6.330175E-01  4.225091E-04  3.456870E-08  4.637586E-08  5.184424E-08  6.310511E-08  2.482507E-01  1.097383E-04  6.603219E-08  8.487831E-02  5.320126E-05  4.434689E-08  7.686524E-09  3.130224E-03  7.236779E-08  2.936902E-07  1.515085E-07  2.998812E-02  3.047336E-07  1.741580E-07  1.445693E-07  6.268743E-05  8.522902E-05  4.320860E-08  4.451963E-08  5.796186E-08  1.369777E-07
 3.591500E+02  6.331921E-01  4.188692E-04  3.373288E-08  4.526335E-08  5.060270E-08  6.160530E-08  2.482739E-01  1.083399E-04  6.316260E-08  8.502954E-02  5.270156E-05  4.264583E-08  7.562297E-09  3.088342E-03  6.967023E-08  2.832868E-07  1.470934E-07  2.968828E-02  2.950542E-07  1.700080E-07  1.410534E-07  6.201039E-05  8.430941E-05  4.148986E-08  4.267123E-08  5.556998E-08  1.321989E-07
 3.601500E+02  6.333639E-01  4.152854E-04  3.292260E-08  4.418463E-08  4.939882E-08  6.015074E-08  2.482966E-01  1.069682E-04  6.043393E-08  8.517853E-02  5.220785E-05  4.101729E-08  7.440499E-09  3.047286E-03  6.708902E-08  2.733135E-07  1.428343E-07  2.939290E-02  2.857290E-07  1.659804E-07  1.376428E-07  6.134389E-05  8.340411E-05  3.984769E-08  4.090924E-08  5.328935E-08  1.276125E-07
 3.611500E+02  6.335331E-01  4.117566E-04  3.213693E-08  4.313848E-08  4.823125E-08  5.873980E-08  2.483188E-01  1.056226E-04  5.783852E-08  8.532530E-02  5.172010E-05  3.945793E-08  7.321083E-09  3.007036E-03  6.461854E-08  2.637501E-07  1.387246E-07  2.910191E-02  2.767438E-07  1.620709E-07  1.343339E-07  6.068772E-05  8.251286E-05  3.827836E-08  3.922922E-08  5.111426E-08  1.232098E-07
 3.621500E+02  6.336996E-01  4.082817E-04  3.137501E-08  4.212376E-08  4.709870E-08  5.737095E-08  2.483407E-01  1.043024E-04  5.536919E-08  8.546990E-02  5.123824E-05  3.796455E-08  7.204000E-09  2.967573E-03  6.225344E-08  2.545778E-07  1.347585E-07  2.881523E-02  2.680847E-07  1.582755E-07  1.311232E-07  6.004172E-05  8.163542E-05  3.677833E-08  3.762697E-08  4.903933E-08  1.189827E-07
 3.631500E+02  6.338636E-01  4.048597E-04  3.063598E-08  4.113936E-08  4.599995E-08  5.604272E-08  2.483621E-01  1.030070E-04  5.301915E-08  8.561236E-02  5.076220E-05  3.653411E-08  7.089203E-09  2.928878E-03  5.998868E-08  2.457785E-07  1.309302E-07  2.853278E-02  2.597385E-07  1.545905E-07  1.280073E-07  5.940568E-05  8.077153E-05  3.534426E-08  3.609852E-08  4.705947E-08  1.149233E-07
 3.641500E+02  6.340251E-01  4.014897E-04  2.991904E-08  4.018421E-08  4.493380E-08  5.475368E-08  2.483831E-01  1.017359E-04  5.078203E-08  8.575272E-02  5.029194E-05  3.516375E-08  6.976644E-09  2.890931E-03  5.781948E-08  2.373349E-07  1.272340E-07  2.825450E-02  2.516927E-07  1.510120E-07  1.249830E-07  5.877944E-05  7.992096E-05  3.397296E-08  3.464012E-08  4.516989E-08  1.110242E-07
 3.651500E+02  6.341842E-01  3.981704E-04  2.922342E-08  3.925728E-08  4.389912E-08  5.350247E-08  2.484037E-01  1.004884E-04  4.865182E-08  8.589102E-02  4.982739E-05  3.385071E-08  6.866278E-09  2.853715E-03  5.574130E-08  2.292310E-07  1.236648E-07  2.798031E-02  2.439353E-07  1.475366E-07  1.220472E-07  5.816282E-05  7.908347E-05  3.266142E-08  3.324824E-08  4.336603E-08  1.072782E-07
 3.661500E+02  6.343408E-01  3.949011E-04  2.854836E-08  3.835760E-08  4.289482E-08  5.228778E-08  2.484239E-01  9.926409E-05  4.662287E-08  8.602729E-02  4.936850E-05  3.259239E-08  6.758060E-09  2.817212E-03  5.374986E-08  2.214512E-07  1.202175E-07  2.771014E-02  2.364547E-07  1.441607E-07  1.191969E-07  5.755565E-05  7.825881E-05  3.140679E-08  3.191953E-08  4.164362E-08  1.036787E-07
 3.671500E+02  6.344950E-01  3.916807E-04  2.789315E-08  3.748421E-08  4.191983E-08  5.110836E-08  2.484437E-01  9.806237E-05  4.468984E-08  8.616156E-02  4.891520E-05  3.138630E-08  6.651946E-09  2.781406E-03  5.184109E-08  2.139809E-07  1.168874E-07  2.744393E-02  2.292399E-07  1.408812E-07  1.164292E-07  5.695777E-05  7.744677E-05  3.020636E-08  3.065082E-08  3.999858E-08  1.002192E-07
 3.681500E+02  6.346470E-01  3.885082E-04  2.725711E-08  3.663622E-08  4.097315E-08  4.996299E-08  2.484631E-01  9.688271E-05  4.284772E-08  8.629388E-02  4.846743E-05  3.023009E-08  6.547893E-09  2.746279E-03  5.001111E-08  2.068062E-07  1.136698E-07  2.718161E-02  2.222804E-07  1.376947E-07  1.137413E-07  5.636899E-05  7.664712E-05  2.905755E-08  2.943912E-08  3.842708E-08  9.689370E-08
 3.691500E+02  6.347966E-01  3.853829E-04  2.663957E-08  3.581276E-08  4.005382E-08  4.885052E-08  2.484822E-01  9.572461E-05  4.109176E-08  8.642426E-02  4.802514E-05  2.912150E-08  6.445857E-09  2.711817E-03  4.825628E-08  1.999138E-07  1.105603E-07  2.692311E-02  2.155662E-07  1.345983E-07  1.111306E-07  5.578917E-05  7.585963E-05  2.795793E-08  2.828161E-08  3.692549E-08  9.369627E-08
 3.701500E+02  6.349440E-01  3.823038E-04  2.603990E-08  3.501298E-08  3.916090E-08  4.776983E-08  2.485009E-01  9.458759E-05  3.941750E-08  8.655275E-02  4.758826E-05  2.805840E-08  6.345797E-09  2.678001E-03  4.657311E-08  1.932911E-07  1.075547E-07  2.666837E-02  2.090875E-07  1.315889E-07  1.085945E-07  5.521814E-05  7.508408E-05  2.690519E-08  2.717561E-08  3.549036E-08  9.062142E-08
 3.711500E+02  6.350891E-01  3.792700E-04  2.545748E-08  3.423608E-08  3.829349E-08  4.671984E-08  2.485193E-01  9.347115E-05  3.782072E-08  8.667938E-02  4.715673E-05  2.703875E-08  6.247672E-09  2.644819E-03  4.495832E-08  1.869263E-07  1.046490E-07  2.641732E-02  2.028352E-07  1.286639E-07  1.061306E-07  5.465575E-05  7.432028E-05  2.589712E-08  2.611859E-08  3.411846E-08  8.766387E-08
 3.721500E+02  6.352321E-01  3.762806E-04  2.489174E-08  3.348130E-08  3.745074E-08  4.569953E-08  2.485374E-01  9.237482E-05  3.629744E-08  8.680418E-02  4.673050E-05  2.606061E-08  6.151442E-09  2.612255E-03  4.340877E-08  1.808079E-07  1.018394E-07  2.616990E-02  1.968003E-07  1.258203E-07  1.037364E-07  5.410185E-05  7.356800E-05  2.493165E-08  2.510814E-08  3.280669E-08  8.481861E-08
 3.731500E+02  6.353730E-01  3.733349E-04  2.434211E-08  3.274787E-08  3.663181E-08  4.470790E-08  2.485551E-01  9.129817E-05  3.484391E-08  8.692718E-02  4.630950E-05  2.512214E-08  6.057068E-09  2.580294E-03  4.192149E-08  1.749251E-07  9.912225E-08  2.592605E-02  1.909745E-07  1.230556E-07  1.014097E-07  5.355627E-05  7.282704E-05  2.400679E-08  2.414200E-08  3.155214E-08  8.208084E-08
