#         T/K            c1          c2-1          c3-4          c3-5          c3-7          c3-9            m1          m2-1          m3-1            w1            w2          w3-1          w3-2          c1m1        c1m2-1        c1m2-7        c2m1-1        c1w1-2        c1w2-1        c2w1-1        c2w1-9        m1w1-1        m1w1-4        m1w2-1        m2w1-1        m2w1-3      c1m1w1-1
 2.731500E+02  1.124415E-01  4.070047E-05  3.900580E-09  5.119605E-09  5.695968E-09  6.791733E-09  5.419663E-01  2.403146E-03  1.150131E-04  2.607445E-01  2.269535E-03  2.009202E-04  2.819124E-06  6.202480E-03  5.227795E-06  1.715406E-05  3.620602E-07  6.878635E-02  3.290688E-05  3.820809E-07  3.355075E-07  1.857198E-03  2.528148E-03  1.376506E-04  1.035948E-04  1.312042E-04  1.258640E-05
 2.741500E+02  1.130389E-01  4.037926E-05  3.774065E-09  4.955229E-09  5.513497E-09  6.576233E-09  5.421570E-01  2.346471E-03  1.062057E-04  2.613929E-01  2.226536E-03  1.870348E-04  2.726282E-06  6.075150E-03  4.900206E-06  1.613121E-05  3.457100E-07  6.772223E-02  3.112014E-05  3.680445E-07  3.229032E-07  1.818601E-03  2.475449E-03  1.278612E-04  9.596293E-05  1.215867E-04  1.184352E-05
 2.751500E+02  1.136255E-01  4.005768E-05  3.651883E-09  4.796420E-09  5.337192E-09  6.367937E-09  5.423411E-01  2.291558E-03  9.813229E-05  2.620279E-01  2.184536E-03  1.741858E-04  2.636966E-06  5.950991E-03  4.595133E-06  1.517558E-05  3.301747E-07  6.667631E-02  2.943924E-05  3.545717E-07  3.108165E-07  1.781039E-03  2.424171E-03  1.188263E-04  8.894194E-05  1.127356E-04  1.114859E-05
 2.761500E+02  1.142015E-01  3.973591E-05  3.533893E-09  4.642999E-09  5.166853E-09  6.166618E-09  5.425191E-01  2.238342E-03  9.072702E-05  2.626498E-01  2.143512E-03  1.622905E-04  2.551033E-06  5.829921E-03  4.310906E-06  1.428238E-05  3.154107E-07  6.564839E-02  2.785747E-05  3.416393E-07  2.992254E-07  1.744481E-03  2.374271E-03  1.104838E-04  8.247939E-05  1.045854E-04  1.049830E-05
 2.771500E+02  1.147670E-01  3.941417E-05  3.419955E-09  4.494789E-09  5.002287E-09  5.972051E-09  5.426910E-01  2.186762E-03  8.393047E-05  2.632589E-01  2.103441E-03  1.512735E-04  2.468341E-06  5.711858E-03  4.045988E-06  1.344720E-05  3.013771E-07  6.463827E-02  2.636859E-05  3.292246E-07  2.881085E-07  1.708896E-03  2.325706E-03  1.027769E-04  7.652758E-05  9.707643E-05  9.889558E-06
 2.781500E+02  1.153222E-01  3.909262E-05  3.309934E-09  4.351621E-09  4.843303E-09  5.784019E-09  5.428573E-01  2.136757E-03  7.768879E-05  2.638556E-01  2.064299E-03  1.410655E-04  2.388758E-06  5.596723E-03  3.798962E-06  1.266595E-05  2.880350E-07  6.364573E-02  2.496674E-05  3.173060E-07  2.774457E-07  1.674255E-03  2.278435E-03  9.565355E-05  7.104315E-05  9.015447E-05  9.319510E-06
 2.791500E+02  1.158672E-01  3.877144E-05  3.203699E-09  4.213327E-09  4.689720E-09  5.602309E-09  5.430182E-01  2.088270E-03  7.195322E-05  2.644401E-01  2.026064E-03  1.316032E-04  2.312156E-06  5.484438E-03  3.568521E-06  1.193487E-05  2.753479E-07  6.267056E-02  2.364648E-05  3.058629E-07  2.672175E-07  1.640530E-03  2.232419E-03  8.906649E-05  6.598665E-05  8.377019E-05  8.785508E-06
 2.801500E+02  1.164022E-01  3.845081E-05  3.101123E-09  4.079745E-09  4.541358E-09  5.426716E-09  5.431739E-01  2.041248E-03  6.667957E-05  2.650127E-01  1.988712E-03  1.228281E-04  2.238413E-06  5.374927E-03  3.353462E-06  1.125045E-05  2.632812E-07  6.171252E-02  2.240272E-05  2.948755E-07  2.574055E-07  1.607691E-03  2.187619E-03  8.297238E-05  6.132220E-05  7.787866E-05  8.285095E-06
 2.811500E+02  1.169273E-01  3.813087E-05  3.002081E-09  3.950718E-09  4.398043E-09  5.257038E-09  5.433247E-01  1.995636E-03  6.182776E-05  2.655737E-01  1.952223E-03  1.146871E-04  2.167412E-06  5.268117E-03  3.152675E-06  1.060946E-05  2.518022E-07  6.077140E-02  2.123070E-05  2.843246E-07  2.479917E-07  1.575712E-03  2.143998E-03  7.733165E-05  5.701708E-05  7.243897E-05  7.815995E-06
 2.821500E+02  1.174427E-01  3.781178E-05  2.906453E-09  3.826093E-09  4.259606E-09  5.093080E-09  5.434707E-01  1.951385E-03  5.736143E-05  2.661234E-01  1.916574E-03  1.071310E-04  2.099040E-06  5.163936E-03  2.965133E-06  1.000892E-05  2.408803E-07  5.984695E-02  2.012597E-05  2.741921E-07  2.389592E-07  1.544568E-03  2.101520E-03  7.210809E-05  5.304151E-05  6.741381E-05  7.376093E-06
 2.831500E+02  1.179486E-01  3.749368E-05  2.814123E-09  3.705722E-09  4.125884E-09  4.934652E-09  5.436122E-01  1.908447E-03  5.324756E-05  2.666620E-01  1.881745E-03  1.001149E-04  2.033190E-06  5.062314E-03  2.789891E-06  9.446047E-06  2.304861E-07  5.893895E-02  1.908439E-05  2.644606E-07  2.302917E-07  1.514233E-03  2.060150E-03  6.726855E-05  4.936834E-05  6.276916E-05  6.963429E-06
 2.841500E+02  1.184451E-01  3.717670E-05  2.724976E-09  3.589461E-09  3.996716E-09  4.781570E-09  5.437494E-01  1.866774E-03  4.945614E-05  2.671898E-01  1.847715E-03  9.359749E-05  1.969760E-06  4.963182E-03  2.626076E-06  8.918274E-06  2.205922E-07  5.804715E-02  1.810206E-05  2.551132E-07  2.219736E-07  1.484683E-03  2.019854E-03  6.278271E-05  4.597279E-05  5.847397E-05  6.576180E-06
 2.851500E+02  1.189323E-01  3.686098E-05  2.638904E-09  3.477169E-09  3.871949E-09  4.633653E-09  5.438824E-01  1.826322E-03  4.595991E-05  2.677070E-01  1.814464E-03  8.754075E-05  1.908651E-06  4.866474E-03  2.472878E-06  8.423223E-06  2.111726E-07  5.717133E-02  1.717537E-05  2.461340E-07  2.139900E-07  1.455893E-03  1.980601E-03  5.862277E-05  4.283226E-05  5.449990E-05  6.212655E-06
 2.861500E+02  1.194105E-01  3.654663E-05  2.555800E-09  3.368710E-09  3.751432E-09  4.490729E-09  5.440114E-01  1.787048E-03  4.273406E-05  2.682138E-01  1.781972E-03  8.190980E-05  1.849770E-06  4.772125E-03  2.329553E-06  7.958687E-06  2.022027E-07  5.631123E-02  1.630092E-05  2.375077E-07  2.063266E-07  1.427841E-03  1.942358E-03  5.476328E-05  3.992610E-05  5.082107E-05  5.871284E-06
 2.871500E+02  1.198797E-01  3.623377E-05  2.475561E-09  3.263954E-09  3.635020E-09  4.352629E-09  5.441366E-01  1.748911E-03  3.975602E-05  2.687106E-01  1.750221E-03  7.667255E-05  1.793025E-06  4.680073E-03  2.195409E-06  7.522616E-06  1.936593E-07  5.546663E-02  1.547553E-05  2.292194E-07  1.989698E-07  1.400506E-03  1.905096E-03  5.118089E-05  3.723545E-05  4.741381E-05  5.550605E-06
 2.881500E+02  1.203402E-01  3.592251E-05  2.398086E-09  3.162773E-09  3.522572E-09  4.219187E-09  5.442581E-01  1.711872E-03  3.700521E-05  2.691974E-01  1.719192E-03  7.179945E-05  1.738331E-06  4.590256E-03  2.069808E-06  7.113112E-06  1.855204E-07  5.463726E-02  1.469623E-05  2.212552E-07  1.919066E-07  1.373865E-03  1.868784E-03  4.785418E-05  3.474308E-05  4.425650E-05  5.249262E-06
 2.891500E+02  1.207920E-01  3.561293E-05  2.323280E-09  3.065043E-09  3.413951E-09  4.090247E-09  5.443761E-01  1.675892E-03  3.446290E-05  2.696746E-01  1.688867E-03  6.726334E-05  1.685606E-06  4.502614E-03  1.952160E-06  6.728411E-06  1.777652E-07  5.382290E-02  1.396025E-05  2.136016E-07  1.851244E-07  1.347898E-03  1.833394E-03  4.476352E-05  3.243321E-05  4.132933E-05  4.965990E-06
 2.901500E+02  1.212354E-01  3.530514E-05  2.251048E-09  2.970644E-09  3.309024E-09  3.965654E-09  5.444907E-01  1.640935E-03  3.211201E-05  2.701423E-01  1.659227E-03  6.303919E-05  1.634771E-06  4.417089E-03  1.841917E-06  6.366876E-06  1.703742E-07  5.302330E-02  1.326498E-05  2.062455E-07  1.786113E-07  1.322585E-03  1.798899E-03  4.189085E-05  3.029142E-05  3.861420E-05  4.699617E-06
 2.911500E+02  1.216704E-01  3.499923E-05  2.181300E-09  2.879461E-09  3.207665E-09  3.845258E-09  5.446020E-01  1.606966E-03  2.993696E-05  2.706007E-01  1.630256E-03  5.910396E-05  1.585750E-06  4.333624E-03  1.738572E-06  6.026983E-06  1.633287E-07  5.223822E-02  1.260800E-05  1.991748E-07  1.723559E-07  1.297906E-03  1.765272E-03  3.921962E-05  2.830451E-05  3.609450E-05  4.449050E-06
 2.921500E+02  1.220973E-01  3.469527E-05  2.113948E-09  2.791381E-09  3.109748E-09  3.728915E-09  5.447101E-01  1.573951E-03  2.792351E-05  2.710501E-01  1.601936E-03  5.543641E-05  1.538471E-06  4.252165E-03  1.641657E-06  5.707321E-06  1.566111E-07  5.146741E-02  1.198702E-05  1.923774E-07  1.663473E-07  1.273843E-03  1.732486E-03  3.673458E-05  2.646037E-05  3.375503E-05  4.213270E-06
 2.931500E+02  1.225162E-01  3.439334E-05  2.048908E-09  2.706297E-09  3.015154E-09  3.616486E-09  5.448153E-01  1.541859E-03  2.605868E-05  2.714907E-01  1.574252E-03  5.201697E-05  1.492864E-06  4.172658E-03  1.550735E-06  5.406573E-06  1.502050E-07  5.071064E-02  1.139990E-05  1.858422E-07  1.605750E-07  1.250378E-03  1.700519E-03  3.442176E-05  2.474792E-05  3.158186E-05  3.991331E-06
 2.941500E+02  1.229271E-01  3.409352E-05  1.986097E-09  2.624102E-09  2.923766E-09  3.507835E-09  5.449175E-01  1.510657E-03  2.433058E-05  2.719226E-01  1.547187E-03  4.882759E-05  1.448864E-06  4.095051E-03  1.465404E-06  5.123517E-06  1.440945E-07  4.996767E-02  1.084465E-05  1.795582E-07  1.550291E-07  1.227493E-03  1.669344E-03  3.226827E-05  2.315699E-05  2.956220E-05  3.782350E-06
 2.951500E+02  1.233304E-01  3.379586E-05  1.925437E-09  2.544695E-09  2.835472E-09  3.402831E-09  5.450169E-01  1.480316E-03  2.272836E-05  2.723460E-01  1.520725E-03  4.585160E-05  1.406407E-06  4.019292E-03  1.385288E-06  4.857016E-06  1.382647E-07  4.923825E-02  1.031939E-05  1.735151E-07  1.496999E-07  1.205171E-03  1.638939E-03  3.026226E-05  2.167826E-05  2.768432E-05  3.585506E-06
 2.961500E+02  1.237261E-01  3.350043E-05  1.866850E-09  2.467979E-09  2.750164E-09  3.301348E-09  5.451135E-01  1.450807E-03  2.124209E-05  2.727612E-01  1.494852E-03  4.307366E-05  1.365433E-06  3.945333E-03  1.310041E-06  4.606010E-06  1.327017E-07  4.852216E-02  9.822372E-06  1.677029E-07  1.445784E-07  1.183395E-03  1.609281E-03  2.839284E-05  2.030316E-05  2.593744E-05  3.400033E-06
 2.971500E+02  1.241143E-01  3.320728E-05  1.810264E-09  2.393859E-09  2.667736E-09  3.203262E-09  5.452076E-01  1.422103E-03  1.986267E-05  2.731682E-01  1.469553E-03  4.047955E-05  1.325882E-06  3.873125E-03  1.239340E-06  4.369514E-06  1.273920E-07  4.781916E-02  9.351937E-06  1.621120E-07  1.396558E-07  1.162151E-03  1.580349E-03  2.664996E-05  1.902384E-05  2.431167E-05  3.225215E-06
 2.981500E+02  1.244952E-01  3.291646E-05  1.755607E-09  2.322243E-09  2.588087E-09  3.108455E-09  5.452991E-01  1.394176E-03  1.858178E-05  2.735673E-01  1.444812E-03  3.805618E-05  1.287701E-06  3.802623E-03  1.172886E-06  4.146611E-06  1.223230E-07  4.712902E-02  8.906547E-06  1.567335E-07  1.349238E-07  1.141422E-03  1.552121E-03  2.502436E-05  1.783307E-05  2.279792E-05  3.060388E-06
 2.991500E+02  1.248690E-01  3.262802E-05  1.702809E-09  2.253042E-09  2.511119E-09  3.016813E-09  5.453882E-01  1.367002E-03  1.739178E-05  2.739586E-01  1.420617E-03  3.579145E-05  1.250835E-06  3.733780E-03  1.110399E-06  3.936443E-06  1.174829E-07  4.645150E-02  8.484753E-06  1.515585E-07  1.303743E-07  1.121194E-03  1.524577E-03  2.350752E-05  1.672421E-05  2.138782E-05  2.904928E-06
 3.001500E+02  1.252357E-01  3.234200E-05  1.651805E-09  2.186171E-09  2.436738E-09  2.928226E-09  5.454750E-01  1.340555E-03  1.628568E-05  2.743423E-01  1.396953E-03  3.367414E-05  1.215233E-06  3.666553E-03  1.051622E-06  3.738215E-06  1.128603E-07  4.578637E-02  8.085195E-06  1.465788E-07  1.259998E-07  1.101452E-03  1.497698E-03  2.209156E-05  1.569117E-05  2.007368E-05  2.758257E-06
 3.011500E+02  1.255956E-01  3.205844E-05  1.602530E-09  2.121547E-09  2.364852E-09  2.842585E-09  5.455594E-01  1.314813E-03  1.525705E-05  2.747186E-01  1.373807E-03  3.169392E-05  1.180847E-06  3.600898E-03  9.963138E-07  3.551182E-06  1.084445E-07  4.513342E-02  7.706600E-06  1.417863E-07  1.217929E-07  1.082182E-03  1.471463E-03  2.076923E-05  1.472831E-05  1.884842E-05  2.619833E-06
 3.021500E+02  1.259487E-01  3.177738E-05  1.554922E-09  2.059092E-09  2.295373E-09  2.759789E-09  5.456417E-01  1.289752E-03  1.430002E-05  2.750877E-01  1.351166E-03  2.984121E-05  1.147629E-06  3.536774E-03  9.442508E-07  3.374651E-06  1.042253E-07  4.449242E-02  7.347770E-06  1.371733E-07  1.177467E-07  1.063371E-03  1.445855E-03  1.953384E-05  1.383048E-05  1.770552E-05  2.489150E-06
 3.031500E+02  1.262951E-01  3.149883E-05  1.508922E-09  1.998727E-09  2.228215E-09  2.679737E-09  5.457218E-01  1.265350E-03  1.340916E-05  2.754496E-01  1.329018E-03  2.810714E-05  1.115535E-06  3.474140E-03  8.952249E-07  3.207975E-06  1.001931E-07  4.386315E-02  7.007581E-06  1.327326E-07  1.138544E-07  1.045006E-03  1.420856E-03  1.837918E-05  1.299291E-05  1.663897E-05  2.365736E-06
 3.041500E+02  1.266351E-01  3.122284E-05  1.464472E-09  1.940379E-09  2.163297E-09  2.602333E-09  5.457999E-01  1.241586E-03  1.257950E-05  2.758045E-01  1.307350E-03  2.648352E-05  1.084522E-06  3.412957E-03  8.490422E-07  3.050550E-06  9.633883E-08  4.324538E-02  6.684978E-06  1.284571E-07  1.101097E-07  1.027074E-03  1.396448E-03  1.729956E-05  1.221121E-05  1.564323E-05  2.249150E-06
 3.051500E+02  1.269687E-01  3.094942E-05  1.421517E-09  1.883976E-09  2.100539E-09  2.527484E-09  5.458760E-01  1.218440E-03  1.180649E-05  2.761527E-01  1.286150E-03  2.496274E-05  1.054549E-06  3.353187E-03  8.055224E-07  2.901812E-06  9.265385E-08  4.263891E-02  6.378970E-06  1.243402E-07  1.065065E-07  1.009563E-03  1.372614E-03  1.628969E-05  1.148133E-05  1.471321E-05  2.138979E-06
 3.061500E+02  1.272961E-01  3.067859E-05  1.380003E-09  1.829449E-09  2.039864E-09  2.455100E-09  5.459501E-01  1.195892E-03  1.108590E-05  2.764941E-01  1.265406E-03  2.353777E-05  1.025576E-06  3.294792E-03  7.644973E-07  2.761234E-06  8.912997E-08  4.204353E-02  6.088627E-06  1.203754E-07  1.030390E-07  9.924613E-04  1.349340E-03  1.534469E-05  1.079956E-05  1.384419E-05  2.034838E-06
 3.071500E+02  1.276173E-01  3.041037E-05  1.339877E-09  1.776732E-09  1.981200E-09  2.385095E-09  5.460224E-01  1.173924E-03  1.041388E-05  2.768290E-01  1.245108E-03  2.220209E-05  9.975652E-07  3.237736E-03  7.258104E-07  2.628324E-06  8.575944E-08  4.145901E-02  5.813071E-06  1.165565E-07  9.970144E-08  9.757571E-04  1.326608E-03  1.446004E-05  1.016243E-05  1.303182E-05  1.936365E-06
 3.081500E+02  1.279326E-01  3.014478E-05  1.301092E-09  1.725760E-09  1.924474E-09  2.317385E-09  5.460929E-01  1.152517E-03  9.786873E-06  2.771576E-01  1.225244E-03  2.094963E-05  9.704806E-07  3.181983E-03  6.893156E-07  2.502622E-06  8.253489E-08  4.088516E-02  5.551482E-06  1.128777E-07  9.648864E-08  9.594396E-04  1.304403E-03  1.363156E-05  9.566788E-06  1.227209E-05  1.843223E-06
 3.091500E+02  1.282419E-01  2.988183E-05  1.263598E-09  1.676471E-09  1.869617E-09  2.251889E-09  5.461617E-01  1.131653E-03  9.201588E-06  2.774799E-01  1.205803E-03  1.977480E-05  9.442872E-07  3.127501E-03  6.548768E-07  2.383698E-06  7.944934E-08  4.032178E-02  5.303085E-06  1.093333E-07  9.339543E-08  9.434979E-04  1.282711E-03  1.285538E-05  9.009685E-06  1.156129E-05  1.755097E-06
 3.101500E+02  1.285455E-01  2.962152E-05  1.227349E-09  1.628806E-09  1.816565E-09  2.188531E-09  5.462287E-01  1.111316E-03  8.655006E-06  2.777960E-01  1.186775E-03  1.867239E-05  9.189519E-07  3.074254E-03  6.223670E-07  2.271150E-06  7.649619E-08  3.976866E-02  5.067153E-06  1.059180E-07  9.041692E-08  9.279216E-04  1.261518E-03  1.212793E-05  8.488413E-06  1.089599E-05  1.671691E-06
 3.111500E+02  1.288435E-01  2.936387E-05  1.192301E-09  1.582707E-09  1.765252E-09  2.127234E-09  5.462941E-01  1.091490E-03  8.144341E-06  2.781062E-01  1.168150E-03  1.763756E-05  8.944426E-07  3.022211E-03  5.916675E-07  2.164600E-06  7.366915E-08  3.922560E-02  4.843002E-06  1.026266E-07  8.754845E-08  9.127007E-04  1.240809E-03  1.144587E-05  8.000466E-06  1.027302E-05  1.592728E-06
 3.121500E+02  1.291359E-01  2.910888E-05  1.158410E-09  1.538119E-09  1.715618E-09  2.067927E-09  5.463579E-01  1.072158E-03  7.667023E-06  2.784105E-01  1.149918E-03  1.666583E-05  8.707286E-07  2.971341E-03  5.626678E-07  2.063697E-06  7.096227E-08  3.869242E-02  4.629988E-06  9.945403E-08  8.478553E-08  8.978254E-04  1.220572E-03  1.080614E-05  7.543526E-06  9.689461E-06  1.517949E-06
 3.131500E+02  1.294229E-01  2.885654E-05  1.125637E-09  1.494987E-09  1.667603E-09  2.010540E-09  5.464202E-01  1.053306E-03  7.220678E-06  2.787091E-01  1.132069E-03  1.575304E-05  8.477807E-07  2.921613E-03  5.352645E-07  1.968111E-06  6.836989E-08  3.816891E-02  4.427504E-06  9.639570E-08  8.212388E-08  8.832863E-04  1.200794E-03  1.020588E-05  7.115450E-06  9.142587E-06  1.447110E-06
 3.141500E+02  1.297046E-01  2.860687E-05  1.093939E-09  1.453261E-09  1.621149E-09  1.955005E-09  5.464810E-01  1.034919E-03  6.803117E-06  2.790021E-01  1.114594E-03  1.489530E-05  8.255705E-07  2.872998E-03  5.093611E-07  1.877533E-06  6.588665E-08  3.765490E-02  4.234981E-06  9.344702E-08  7.955941E-08  8.690742E-04  1.181461E-03  9.642440E-06  6.714252E-06  8.629888E-06  1.379984E-06
 3.151500E+02  1.299811E-01  2.835986E-05  1.063280E-09  1.412891E-09  1.576202E-09  1.901258E-09  5.465403E-01  1.016983E-03  6.412315E-06  2.792896E-01  1.097483E-03  1.408902E-05  8.040710E-07  2.825465E-03  4.848673E-07  1.791673E-06  6.350745E-08  3.715019E-02  4.051881E-06  9.060366E-08  7.708820E-08  8.551802E-04  1.162562E-03  9.113374E-06  6.338095E-06  8.149039E-06  1.316357E-06
 3.161500E+02  1.302525E-01  2.811550E-05  1.033623E-09  1.373828E-09  1.532709E-09  1.849236E-09  5.465983E-01  9.994841E-04  6.046403E-06  2.795716E-01  1.080729E-03  1.333084E-05  7.832562E-07  2.778988E-03  4.616988E-07  1.710259E-06  6.122746E-08  3.665461E-02  3.877698E-06  8.786144E-08  7.470650E-08  8.415957E-04  1.144085E-03  8.616397E-06  5.985276E-06  7.697882E-06  1.256030E-06
 3.171500E+02  1.305189E-01  2.787379E-05  1.004931E-09  1.336028E-09  1.490619E-09  1.798879E-09  5.466548E-01  9.824097E-04  5.703651E-06  2.798485E-01  1.064321E-03  1.261767E-05  7.631012E-07  2.733539E-03  4.397767E-07  1.633038E-06  5.904209E-08  3.616797E-02  3.711955E-06  8.521639E-08  7.241072E-08  8.283125E-04  1.126019E-03  8.149394E-06  5.654218E-06  7.274420E-06  1.198813E-06
 3.181500E+02  1.307804E-01  2.763473E-05  9.771698E-10  1.299444E-09  1.449881E-09  1.750128E-09  5.467101E-01  9.657469E-04  5.382458E-06  2.801202E-01  1.048252E-03  1.194659E-05  7.435821E-07  2.689092E-03  4.190271E-07  1.559771E-06  5.694698E-08  3.569011E-02  3.554204E-06  8.266469E-08  7.019743E-08  8.153224E-04  1.108352E-03  7.710396E-06  5.343457E-06  6.876798E-06  1.144532E-06
 3.191500E+02  1.310371E-01  2.739831E-05  9.503073E-10  1.264035E-09  1.410449E-09  1.702929E-09  5.467640E-01  9.494836E-04  5.081346E-06  2.803868E-01  1.032514E-03  1.131491E-05  7.246759E-07  2.645621E-03  3.993812E-07  1.490234E-06  5.493797E-08  3.522084E-02  3.404021E-06  8.020268E-08  6.806333E-08  8.026176E-04  1.091074E-03  7.297576E-06  5.051636E-06  6.503295E-06  1.093020E-06
 3.201500E+02  1.312891E-01  2.716451E-05  9.243112E-10  1.229760E-09  1.372277E-09  1.657226E-09  5.468167E-01  9.336079E-04  4.798943E-06  2.806485E-01  1.017098E-03  1.072012E-05  7.063606E-07  2.603100E-03  3.807741E-07  1.424218E-06  5.301113E-08  3.475999E-02  3.261006E-06  7.782686E-08  6.600529E-08  7.901905E-04  1.074175E-03  6.909234E-06  4.777497E-06  6.152316E-06  1.044121E-06
 3.211500E+02  1.315365E-01  2.693332E-05  8.991509E-10  1.196578E-09  1.335320E-09  1.612968E-09  5.468682E-01  9.181085E-04  4.533978E-06  2.809053E-01  1.001997E-03  1.015987E-05  6.886150E-07  2.561506E-03  3.631454E-07  1.361524E-06  5.116272E-08  3.430741E-02  3.124784E-06  7.553387E-08  6.402028E-08  7.780337E-04  1.057644E-03  6.543790E-06  4.519871E-06  5.822377E-06  9.976910E-07
 3.221500E+02  1.317794E-01  2.670474E-05  8.747969E-10  1.164450E-09  1.299537E-09  1.570105E-09  5.469185E-01  9.029743E-04  4.285276E-06  2.811575E-01  9.872033E-04  9.631997E-06  6.714188E-07  2.520814E-03  3.464383E-07  1.301967E-06  4.938918E-08  3.386293E-02  2.994999E-06  7.332050E-08  6.210542E-08  7.661402E-04  1.041472E-03  6.199772E-06  4.277671E-06  5.512101E-06  9.535914E-07
 3.231500E+02  1.320179E-01  2.647876E-05  8.512208E-10  1.133342E-09  1.264886E-09  1.528588E-09  5.469677E-01  8.881948E-04  4.051746E-06  2.814050E-01  9.727092E-04  9.134453E-06  6.547524E-07  2.481003E-03  3.305998E-07  1.245375E-06  4.768713E-08  3.342639E-02  2.871316E-06  7.118367E-08  6.025796E-08  7.545029E-04  1.025648E-03  5.875811E-06  4.049889E-06  5.220207E-06  9.116938E-07
 3.241500E+02  1.322521E-01  2.625534E-05  8.283952E-10  1.103215E-09  1.231327E-09  1.488371E-09  5.470157E-01  8.737597E-04  3.832374E-06  2.816479E-01  9.585078E-04  8.665348E-06  6.385970E-07  2.442049E-03  3.155800E-07  1.191583E-06  4.605335E-08  3.299762E-02  2.753420E-06  6.912042E-08  5.847525E-08  7.431153E-04  1.010165E-03  5.570632E-06  3.835589E-06  4.945507E-06  8.718770E-07
 3.251500E+02  1.324820E-01  2.603449E-05  8.062937E-10  1.074038E-09  1.198823E-09  1.449408E-09  5.470627E-01  8.596591E-04  3.626224E-06  2.818865E-01  9.445920E-04  8.222912E-06  6.229348E-07  2.403931E-03  3.013321E-07  1.140437E-06  4.448479E-08  3.257648E-02  2.641011E-06  6.712792E-08  5.675475E-08  7.319707E-04  9.950132E-04  5.283048E-06  3.633897E-06  4.686892E-06  8.340270E-07
 3.261500E+02  1.327078E-01  2.581619E-05  7.848909E-10  1.045775E-09  1.167338E-09  1.411658E-09  5.471086E-01  8.458835E-04  3.432422E-06  2.821206E-01  9.309551E-04  7.805496E-06  6.077483E-07  2.366627E-03  2.878124E-07  1.091794E-06  4.297854E-08  3.216282E-02  2.533809E-06  6.520347E-08  5.509404E-08  7.210630E-04  9.801838E-04  5.011951E-06  3.444004E-06  4.443334E-06  7.980368E-07
 3.271500E+02  1.329295E-01  2.560041E-05  7.641625E-10  1.018397E-09  1.136835E-09  1.375077E-09  5.471535E-01  8.324235E-04  3.250159E-06  2.823506E-01  9.175904E-04  7.411560E-06  5.930209E-07  2.330118E-03  2.749797E-07  1.045518E-06  4.153182E-08  3.175648E-02  2.431546E-06  6.334446E-08  5.349080E-08  7.103859E-04  9.656684E-04  4.756311E-06  3.265155E-06  4.213872E-06  7.638053E-07
 3.281500E+02  1.331472E-01  2.538714E-05  7.440848E-10  9.918713E-10  1.107281E-09  1.339626E-09  5.471974E-01  8.192703E-04  3.078683E-06  2.825763E-01  9.044915E-04  7.039663E-06  5.787366E-07  2.294382E-03  2.627955E-07  1.001480E-06  4.014201E-08  3.135732E-02  2.333973E-06  6.154840E-08  5.194280E-08  6.999334E-04  9.514591E-04  4.515164E-06  3.096647E-06  3.997615E-06  7.312379E-07
 3.291500E+02  1.333610E-01  2.517637E-05  7.246352E-10  9.661694E-10  1.078643E-09  1.305266E-09  5.472404E-01  8.064151E-04  2.917295E-06  2.827980E-01  8.916522E-04  6.688465E-06  5.648800E-07  2.259402E-03  2.512235E-07  9.595608E-07  3.880659E-08  3.096519E-02  2.240850E-06  5.981289E-08  5.044790E-08  6.897000E-04  9.375479E-04  4.287615E-06  2.937826E-06  3.793730E-06  7.002450E-07
 3.301500E+02  1.335710E-01  2.496807E-05  7.057918E-10  9.412626E-10  1.050890E-09  1.271960E-09  5.472824E-01  7.938497E-04  2.765344E-06  2.830157E-01  8.790663E-04  6.356708E-06  5.514364E-07  2.225157E-03  2.402298E-07  9.196466E-07  3.752319E-08  3.057997E-02  2.151955E-06  5.813566E-08  4.900408E-08  6.796799E-04  9.239273E-04  4.072824E-06  2.788084E-06  3.601443E-06  6.707427E-07
 3.311500E+02  1.337773E-01  2.476222E-05  6.875337E-10  9.171236E-10  1.023991E-09  1.239672E-09  5.473235E-01  7.815660E-04  2.622227E-06  2.832295E-01  8.667278E-04  6.043219E-06  5.383915E-07  2.191630E-03  2.297822E-07  8.816310E-07  3.628953E-08  3.020150E-02  2.067074E-06  5.651449E-08  4.760936E-08  6.698677E-04  9.105898E-04  3.870010E-06  2.646851E-06  3.420031E-06  6.426516E-07
 3.321500E+02  1.339799E-01  2.455880E-05  6.698406E-10  8.937260E-10  9.979162E-10  1.208367E-09  5.473637E-01  7.695561E-04  2.487379E-06  2.834394E-01  8.546311E-04  5.746902E-06  5.257317E-07  2.158802E-03  2.198509E-07  8.454137E-07  3.510345E-08  2.982965E-02  1.986007E-06  5.494729E-08  4.626187E-08  6.602582E-04  8.975281E-04  3.678443E-06  2.513598E-06  3.248820E-06  6.158971E-07
 3.331500E+02  1.341789E-01  2.435780E-05  6.526930E-10  8.710444E-10  9.726385E-10  1.178011E-09  5.474030E-01  7.578124E-04  2.360277E-06  2.836456E-01  8.427703E-04  5.466731E-06  5.134439E-07  2.126657E-03  2.104074E-07  8.108998E-07  3.396288E-08  2.946430E-02  1.908565E-06  5.343203E-08  4.495981E-08  6.508462E-04  8.847354E-04  3.497441E-06  2.387832E-06  3.087181E-06  5.904088E-07
 3.341500E+02  1.343744E-01  2.415918E-05  6.360720E-10  8.490544E-10  9.481302E-10  1.148573E-09  5.474415E-01  7.463277E-04  2.240434E-06  2.838482E-01  8.311401E-04  5.201744E-06  5.015153E-07  2.095177E-03  2.014254E-07  7.780004E-07  3.286587E-08  2.910531E-02  1.834568E-06  5.196677E-08  4.370147E-08  6.416268E-04  8.722049E-04  3.326367E-06  2.269091E-06  2.934528E-06  5.661205E-07
 3.351500E+02  1.345664E-01  2.396294E-05  6.199597E-10  8.277323E-10  9.243652E-10  1.120022E-09  5.474792E-01  7.350949E-04  2.127393E-06  2.840471E-01  8.197352E-04  4.951044E-06  4.899338E-07  2.064346E-03  1.928797E-07  7.466313E-07  3.181055E-08  2.875256E-02  1.763846E-06  5.054966E-08  4.248518E-08  6.325952E-04  8.599299E-04  3.164624E-06  2.156945E-06  2.790313E-06  5.429694E-07
 3.361500E+02  1.347551E-01  2.376904E-05  6.043385E-10  8.070555E-10  9.013182E-10  1.092327E-09  5.475160E-01  7.241071E-04  2.020732E-06  2.842426E-01  8.085502E-04  4.713789E-06  4.786878E-07  2.034149E-03  1.847469E-07  7.167131E-07  3.079512E-08  2.840592E-02  1.696239E-06  4.917890E-08  4.130936E-08  6.237466E-04  8.479040E-04  3.011656E-06  2.050993E-06  2.654025E-06  5.208967E-07
 3.371500E+02  1.349404E-01  2.357746E-05  5.891918E-10  7.870020E-10  8.789649E-10  1.065460E-09  5.475521E-01  7.133576E-04  1.920055E-06  2.844345E-01  7.975801E-04  4.489192E-06  4.677659E-07  2.004569E-03  1.770049E-07  6.881712E-07  2.981790E-08  2.806527E-02  1.631594E-06  4.785279E-08  4.017250E-08  6.150765E-04  8.361212E-04  2.866940E-06  1.950860E-06  2.525184E-06  4.998466E-07
 3.381500E+02  1.351225E-01  2.338819E-05  5.745032E-10  7.675508E-10  8.572819E-10  1.039394E-09  5.475875E-01  7.028401E-04  1.824994E-06  2.846232E-01  7.868200E-04  4.276514E-06  4.571573E-07  1.975592E-03  1.696328E-07  6.609350E-07  2.887727E-08  2.773049E-02  1.569768E-06  4.656967E-08  3.907313E-08  6.065806E-04  8.245753E-04  2.729991E-06  1.856194E-06  2.403345E-06  4.797667E-07
 3.391500E+02  1.353015E-01  2.320120E-05  5.602574E-10  7.486815E-10  8.362465E-10  1.014100E-09  5.476221E-01  6.925483E-04  1.735203E-06  2.848085E-01  7.762650E-04  4.075065E-06  4.468515E-07  1.947202E-03  1.626109E-07  6.349377E-07  2.797168E-08  2.740146E-02  1.510623E-06  4.532798E-08  3.800987E-08  5.982545E-04  8.132605E-04  2.600350E-06  1.766669E-06  2.288090E-06  4.606072E-07
 3.401500E+02  1.354773E-01  2.301646E-05  5.464391E-10  7.303745E-10  8.158371E-10  9.895540E-10  5.476560E-01  6.824763E-04  1.650363E-06  2.849905E-01  7.659105E-04  3.884195E-06  4.368386E-07  1.919386E-03  1.559209E-07  6.101166E-07  2.709965E-08  2.707807E-02  1.454031E-06  4.412621E-08  3.698135E-08  5.900941E-04  8.021711E-04  2.477590E-06  1.681978E-06  2.179027E-06  4.423214E-07
 3.411500E+02  1.356501E-01  2.283395E-05  5.330341E-10  7.126111E-10  7.960326E-10  9.657305E-10  5.476892E-01  6.726181E-04  1.570173E-06  2.851694E-01  7.557519E-04  3.703297E-06  4.271088E-07  1.892130E-03  1.495453E-07  5.864123E-07  2.625979E-08  2.676021E-02  1.399870E-06  4.296288E-08  3.598631E-08  5.820952E-04  7.913016E-04  2.361311E-06  1.601833E-06  2.075791E-06  4.248651E-07
 3.421500E+02  1.358199E-01  2.265366E-05  5.200283E-10  6.953729E-10  7.768127E-10  9.426056E-10  5.477217E-01  6.629681E-04  1.494352E-06  2.853452E-01  7.457847E-04  3.531801E-06  4.176529E-07  1.865420E-03  1.434676E-07  5.637686E-07  2.545075E-08  2.644777E-02  1.348023E-06  4.183662E-08  3.502351E-08  5.742540E-04  7.806466E-04  2.251137E-06  1.525968E-06  1.978041E-06  4.081964E-07
 3.431500E+02  1.359867E-01  2.247555E-05  5.074083E-10  6.786424E-10  7.581581E-10  9.201561E-10  5.477535E-01  6.535208E-04  1.422640E-06  2.855179E-01  7.360046E-04  3.369171E-06  4.084618E-07  1.839244E-03  1.376723E-07  5.421324E-07  2.467126E-08  2.614064E-02  1.298380E-06  4.074608E-08  3.409176E-08  5.665667E-04  7.702009E-04  2.146717E-06  1.454131E-06  1.885455E-06  3.922758E-07
 3.441500E+02  1.361507E-01  2.229960E-05  4.951613E-10  6.624028E-10  7.400500E-10  8.983597E-10  5.477847E-01  6.442710E-04  1.354790E-06  2.856877E-01  7.264073E-04  3.214907E-06  3.995269E-07  1.813587E-03  1.321450E-07  5.214538E-07  2.392010E-08  2.583871E-02  1.250838E-06  3.968997E-08  3.318993E-08  5.590296E-04  7.599594E-04  2.047721E-06  1.386086E-06  1.797733E-06  3.770661E-07
 3.451500E+02  1.363119E-01  2.212578E-05  4.832746E-10  6.466377E-10  7.224701E-10  8.771950E-10  5.478153E-01  6.352135E-04  1.290575E-06  2.858546E-01  7.169888E-04  3.068535E-06  3.908399E-07  1.788438E-03  1.268717E-07  5.016853E-07  2.319610E-08  2.554189E-02  1.205296E-06  3.866706E-08  3.231693E-08  5.516389E-04  7.499173E-04  1.953840E-06  1.321614E-06  1.714594E-06  3.625319E-07
 3.461500E+02  1.364704E-01  2.195408E-05  4.717364E-10  6.313314E-10  7.054012E-10  8.566412E-10  5.478452E-01  6.263433E-04  1.229779E-06  2.860186E-01  7.077451E-04  2.929615E-06  3.823928E-07  1.763785E-03  1.218395E-07  4.827821E-07  2.249814E-08  2.525007E-02  1.161662E-06  3.767615E-08  3.147170E-08  5.443913E-04  7.400698E-04  1.864783E-06  1.260509E-06  1.635776E-06  3.486398E-07
 3.471500E+02  1.366261E-01  2.178447E-05  4.605351E-10  6.164689E-10  6.888262E-10  8.366783E-10  5.478746E-01  6.176556E-04  1.172202E-06  2.861797E-01  6.986722E-04  2.797729E-06  3.741777E-07  1.739616E-03  1.170361E-07  4.647018E-07  2.182518E-08  2.496315E-02  1.119846E-06  3.671612E-08  3.065325E-08  5.372833E-04  7.304121E-04  1.780278E-06  1.202576E-06  1.561029E-06  3.353582E-07
 3.481500E+02  1.367792E-01  2.161693E-05  4.496594E-10  6.020354E-10  6.727291E-10  8.172870E-10  5.479033E-01  6.091457E-04  1.117656E-06  2.863382E-01  6.897662E-04  2.672488E-06  3.661874E-07  1.715920E-03  1.124499E-07  4.474043E-07  2.117618E-08  2.468103E-02  1.079764E-06  3.578586E-08  2.986060E-08  5.303116E-04  7.209398E-04  1.700069E-06  1.147635E-06  1.490124E-06  3.226573E-07
 3.491500E+02  1.369297E-01  2.145143E-05  4.390987E-10  5.880170E-10  6.570941E-10  7.984487E-10  5.479315E-01  6.008090E-04  1.065966E-06  2.864939E-01  6.810236E-04  2.553524E-06  3.584146E-07  1.692685E-03  1.080700E-07  4.308517E-07  2.055020E-08  2.440363E-02  1.041336E-06  3.488432E-08  2.909284E-08  5.234729E-04  7.116485E-04  1.623916E-06  1.095516E-06  1.422842E-06  3.105088E-07
 3.501500E+02  1.370777E-01  2.128795E-05  4.288426E-10  5.744000E-10  6.419062E-10  7.801454E-10  5.479592E-01  5.926411E-04  1.016967E-06  2.866471E-01  6.724406E-04  2.440491E-06  3.508523E-07  1.669901E-03  1.038860E-07  4.150079E-07  1.994629E-08  2.413084E-02  1.004485E-06  3.401049E-08  2.834907E-08  5.167642E-04  7.025338E-04  1.551594E-06  1.046058E-06  1.358980E-06  2.988859E-07
 3.511500E+02  1.372232E-01  2.112646E-05  4.188810E-10  5.611714E-10  6.271508E-10  7.623600E-10  5.479863E-01  5.846379E-04  9.705036E-07  2.867976E-01  6.640138E-04  2.333066E-06  3.434940E-07  1.647556E-03  9.988810E-08  3.998391E-07  1.936357E-08  2.386259E-02  9.691393E-07  3.316339E-08  2.762843E-08  5.101824E-04  6.935917E-04  1.482890E-06  9.991126E-07  1.298345E-06  2.877632E-07
 3.521500E+02  1.373662E-01  2.096694E-05  4.092044E-10  5.483186E-10  6.128138E-10  7.450756E-10  5.480128E-01  5.767950E-04  9.264318E-07  2.869456E-01  6.557396E-04  2.230943E-06  3.363331E-07  1.625641E-03  9.606713E-08  3.853128E-07  1.880121E-08  2.359877E-02  9.352302E-07  3.234210E-08  2.693011E-08  5.037245E-04  6.848181E-04  1.417606E-06  9.545386E-07  1.240758E-06  2.771167E-07
 3.531500E+02  1.375069E-01  2.080937E-05  3.998034E-10  5.358293E-10  5.988818E-10  7.282762E-10  5.480389E-01  5.691086E-04  8.846156E-07  2.870912E-01  6.476148E-04  2.133834E-06  3.293634E-07  1.604146E-03  9.241430E-08  3.713987E-07  1.825839E-08  2.333930E-02  9.026925E-07  3.154571E-08  2.625331E-08  4.973876E-04  6.762091E-04  1.355553E-06  9.122041E-07  1.186050E-06  2.669237E-07
 3.541500E+02  1.376452E-01  2.065372E-05  3.906691E-10  5.236918E-10  5.853417E-10  7.119461E-10  5.480644E-01  5.615747E-04  8.449276E-07  2.872343E-01  6.396361E-04  2.041469E-06  3.225790E-07  1.583061E-03  8.892137E-08  3.580677E-07  1.773434E-08  2.308410E-02  8.714640E-07  3.077335E-08  2.559728E-08  4.911689E-04  6.677609E-04  1.296557E-06  8.719849E-07  1.134063E-06  2.571626E-07
 3.551500E+02  1.377812E-01  2.049997E-05  3.817928E-10  5.118949E-10  5.721809E-10  6.960705E-10  5.480895E-01  5.541894E-04  8.072482E-07  2.873750E-01  6.318002E-04  1.953593E-06  3.159741E-07  1.562376E-03  8.558051E-08  3.452924E-07  1.722832E-08  2.283308E-02  8.414860E-07  3.002420E-08  2.496129E-08  4.850658E-04  6.594696E-04  1.240450E-06  8.337645E-07  1.084646E-06  2.478130E-07
 3.561500E+02  1.379150E-01  2.034810E-05  3.731662E-10  5.004275E-10  5.593872E-10  6.806349E-10  5.481141E-01  5.469492E-04  7.714651E-07  2.875134E-01  6.241041E-04  1.869966E-06  3.095431E-07  1.542082E-03  8.238432E-08  3.330468E-07  1.673962E-08  2.258617E-02  8.127023E-07  2.929745E-08  2.434463E-08  4.790755E-04  6.513318E-04  1.187078E-06  7.974333E-07  1.037659E-06  2.388554E-07
 3.571500E+02  1.380466E-01  2.019808E-05  3.647813E-10  4.892792E-10  5.469489E-10  6.656252E-10  5.481382E-01  5.398505E-04  7.374730E-07  2.876495E-01  6.165448E-04  1.790362E-06  3.032806E-07  1.522171E-03  7.932579E-08  3.213062E-07  1.626757E-08  2.234328E-02  7.850597E-07  2.859235E-08  2.374664E-08  4.731954E-04  6.433439E-04  1.136292E-06  7.628882E-07  9.929713E-07  2.302715E-07
 3.581500E+02  1.381760E-01  2.004990E-05  3.566303E-10  4.784397E-10  5.348547E-10  6.510281E-10  5.481618E-01  5.328898E-04  7.051727E-07  2.877834E-01  6.091192E-04  1.714569E-06  2.971815E-07  1.502633E-03  7.639828E-08  3.100471E-07  1.581153E-08  2.210433E-02  7.585075E-07  2.790814E-08  2.316666E-08  4.674231E-04  6.355024E-04  1.087956E-06  7.300322E-07  9.504576E-07  2.220439E-07
 3.591500E+02  1.383033E-01  1.990351E-05  3.487058E-10  4.678993E-10  5.230936E-10  6.368305E-10  5.481850E-01  5.260638E-04  6.744711E-07  2.879150E-01  6.018245E-04  1.642385E-06  2.912407E-07  1.483460E-03  7.359553E-08  2.992475E-07  1.537086E-08  2.186925E-02  7.329976E-07  2.724412E-08  2.260408E-08  4.617560E-04  6.278041E-04  1.041938E-06  6.987742E-07  9.100012E-07  2.141560E-07
 3.601500E+02  1.384285E-01  1.975892E-05  3.410004E-10  4.576485E-10  5.116552E-10  6.230197E-10  5.482078E-01  5.193691E-04  6.452809E-07  2.880445E-01  5.946579E-04  1.573621E-06  2.854534E-07  1.464644E-03  7.091156E-08  2.888861E-07  1.494499E-08  2.163796E-02  7.084840E-07  2.659960E-08  2.205829E-08  4.561919E-04  6.202456E-04  9.981163E-07  6.690282E-07  8.714920E-07  2.065921E-07
 3.611500E+02  1.385516E-01  1.961608E-05  3.335074E-10  4.476781E-10  5.005293E-10  6.095839E-10  5.482301E-01  5.128026E-04  6.175196E-07  2.881720E-01  5.876166E-04  1.508099E-06  2.798149E-07  1.446176E-03  6.834076E-08  2.789429E-07  1.453334E-08  2.141039E-02  6.849231E-07  2.597392E-08  2.152872E-08  4.507284E-04  6.128239E-04  9.563747E-07  6.407135E-07  8.348265E-07  1.993373E-07
 3.621500E+02  1.386728E-01  1.947498E-05  3.262198E-10  4.379793E-10  4.897060E-10  5.965111E-10  5.482520E-01  5.063612E-04  5.911098E-07  2.882973E-01  5.806979E-04  1.445650E-06  2.743207E-07  1.428049E-03  6.587776E-08  2.693991E-07  1.413537E-08  2.118647E-02  6.622735E-07  2.536645E-08  2.101481E-08  4.453631E-04  6.055358E-04  9.166044E-07  6.137538E-07  7.999070E-07  1.923775E-07
 3.631500E+02  1.387920E-01  1.933560E-05  3.191313E-10  4.285437E-10  4.791759E-10  5.837901E-10  5.482735E-01  5.000420E-04  5.659788E-07  2.884206E-01  5.738994E-04  1.386115E-06  2.689665E-07  1.410255E-03  6.351751E-08  2.602364E-07  1.375057E-08  2.096613E-02  6.404954E-07  2.477658E-08  2.051603E-08  4.400941E-04  5.983783E-04  8.787025E-07  5.880775E-07  7.666414E-07  1.856992E-07
 3.641500E+02  1.389093E-01  1.919792E-05  3.122355E-10  4.193629E-10  4.689298E-10  5.714101E-10  5.482947E-01  4.938420E-04  5.420580E-07  2.885419E-01  5.672183E-04  1.329345E-06  2.637480E-07  1.392787E-03  6.125519E-08  2.514377E-07  1.337842E-08  2.074930E-02  6.195513E-07  2.420372E-08  2.003187E-08  4.349189E-04  5.913486E-04  8.425721E-07  5.636171E-07  7.349431E-07  1.792896E-07
 3.651500E+02  1.390248E-01  1.906191E-05  3.055265E-10  4.104290E-10  4.589588E-10  5.593604E-10  5.483154E-01  4.877583E-04  5.192829E-07  2.886613E-01  5.606522E-04  1.275198E-06  2.586612E-07  1.375636E-03  5.908624E-08  2.429868E-07  1.301846E-08  2.053591E-02  5.994052E-07  2.364730E-08  1.956184E-08  4.298357E-04  5.844438E-04  8.081216E-07  5.403087E-07  7.047304E-07  1.731367E-07
 3.661500E+02  1.391383E-01  1.892754E-05  2.989984E-10  4.017345E-10  4.492546E-10  5.476309E-10  5.483358E-01  4.817883E-04  4.975926E-07  2.887788E-01  5.541987E-04  1.223541E-06  2.537022E-07  1.358797E-03  5.700635E-08  2.348680E-07  1.267024E-08  2.032589E-02  5.800231E-07  2.310678E-08  1.910546E-08  4.248424E-04  5.776611E-04  7.752647E-07  5.180923E-07  6.759260E-07  1.672289E-07
 3.671500E+02  1.392501E-01  1.879481E-05  2.926456E-10  3.932718E-10  4.398088E-10  5.362117E-10  5.483557E-01  4.759293E-04  4.769300E-07  2.888943E-01  5.478554E-04  1.174246E-06  2.488672E-07  1.342262E-03  5.501141E-08  2.270668E-07  1.233330E-08  2.011918E-02  5.613723E-07  2.258164E-08  1.866226E-08  4.199369E-04  5.709978E-04  7.439200E-07  4.969113E-07  6.484573E-07  1.615551E-07
 3.681500E+02  1.393601E-01  1.866369E-05  2.864626E-10  3.850338E-10  4.306134E-10  5.250935E-10  5.483754E-01  4.701787E-04  4.572409E-07  2.890081E-01  5.416201E-04  1.127195E-06  2.441524E-07  1.326025E-03  5.309751E-08  2.195690E-07  1.200723E-08  1.991573E-02  5.434217E-07  2.207136E-08  1.823182E-08  4.151175E-04  5.644514E-04  7.140103E-07  4.767122E-07  6.222556E-07  1.561051E-07
 3.691500E+02  1.394683E-01  1.853415E-05  2.804443E-10  3.770137E-10  4.216609E-10  5.142668E-10  5.483946E-01  4.645339E-04  4.384747E-07  2.891200E-01  5.354904E-04  1.082274E-06  2.395545E-07  1.310078E-03  5.126097E-08  2.123614E-07  1.169163E-08  1.971546E-02  5.261419E-07  2.157547E-08  1.781371E-08  4.103820E-04  5.580192E-04  6.854630E-07  4.574447E-07  5.972561E-07  1.508690E-07
 3.701500E+02  1.395749E-01  1.840618E-05  2.745854E-10  3.692047E-10  4.129437E-10  5.037231E-10  5.484135E-01  4.589926E-04  4.205832E-07  2.892302E-01  5.294642E-04  1.039378E-06  2.350699E-07  1.294417E-03  4.949826E-08  2.054313E-07  1.138612E-08  1.951832E-02  5.095045E-07  2.109349E-08  1.740752E-08  4.057289E-04  5.516988E-04  6.582095E-07  4.390610E-07  5.733977E-07  1.458371E-07
 3.711500E+02  1.396798E-01  1.827975E-05  2.688812E-10  3.616005E-10  4.044547E-10  4.934535E-10  5.484321E-01  4.535522E-04  4.035213E-07  2.893387E-01  5.235393E-04  9.984057E-07  2.306953E-07  1.279033E-03  4.780605E-08  1.987665E-07  1.109032E-08  1.932424E-02  4.934826E-07  2.062497E-08  1.701286E-08  4.011562E-04  5.454877E-04  6.321848E-07  4.215162E-07  5.506226E-07  1.410007E-07
 3.721500E+02  1.397830E-01  1.815485E-05  2.633269E-10  3.541947E-10  3.961870E-10  4.834500E-10  5.484504E-01  4.482105E-04  3.872462E-07  2.894454E-01  5.177136E-04  9.592612E-07  2.264275E-07  1.263922E-03  4.618117E-08  1.923556E-07  1.080388E-08  1.913317E-02  4.780507E-07  2.016948E-08  1.662934E-08  3.966622E-04  5.393836E-04  6.073275E-07  4.047679E-07  5.288762E-07  1.363512E-07
 3.731500E+02  1.398846E-01  1.803145E-05  2.579179E-10  3.469814E-10  3.881338E-10  4.737044E-10  5.484683E-01  4.429653E-04  3.717178E-07  2.895505E-01  5.119851E-04  9.218546E-07  2.222635E-07  1.249077E-03  4.462060E-08  1.861877E-07  1.052645E-08  1.894506E-02  4.631842E-07  1.972659E-08  1.625661E-08  3.922453E-04  5.333842E-04  5.835796E-07  3.887760E-07  5.081068E-07  1.318804E-07
