#         T/K            c1          c2-1          c3-4          c3-5          c3-7          c3-9            m1          m2-1          m3-1            w1            w2          w3-1          w3-2          c1m1        c1m2-1        c1m2-7        c2m1-1        c1w1-2        c1w2-1        c2w1-1        c2w1-9        m1w1-1        m1w1-4        m1w2-1        m2w1-1        m2w1-3      c1m1w1-1
 2.731500E+02  2.788272E-01  2.453275E-04  5.714976E-08  7.501044E-08  8.345507E-08  9.950980E-08  6.372534E-01  3.256790E-03  1.796498E-04  3.753486E-02  4.610056E-05  5.758937E-07  8.080403E-09  1.772734E-02  1.722133E-05  5.650864E-05  2.515345E-06  2.406912E-02  1.624779E-06  3.249763E-07  2.853636E-07  3.081397E-04  4.194613E-04  3.222679E-06  1.981059E-05  2.509037E-05  5.076092E-06
 2.741500E+02  2.792381E-01  2.416042E-04  5.469588E-08  7.181398E-08  7.990472E-08  9.530649E-08  6.375653E-01  3.181755E-03  1.660549E-04  3.773714E-02  4.550222E-05  5.410694E-07  7.886808E-09  1.730437E-02  1.609404E-05  5.298070E-05  2.385119E-06  2.368131E-02  1.540436E-06  3.117267E-07  2.734929E-07  3.027364E-04  4.120797E-04  3.012961E-06  1.841971E-05  2.333810E-05  4.775371E-06
 2.751500E+02  2.796388E-01  2.379590E-04  5.236342E-08  6.877463E-08  7.652863E-08  9.130822E-08  6.378669E-01  3.108986E-03  1.535784E-04  3.793566E-02  4.490890E-05  5.084626E-07  7.697522E-09  1.689435E-02  1.504807E-05  4.969672E-05  2.262511E-06  2.330056E-02  1.460813E-06  2.990843E-07  2.621764E-07  2.974432E-04  4.048498E-04  2.817840E-06  1.713435E-05  2.171812E-05  4.494126E-06
 2.761500E+02  2.800296E-01  2.343902E-04  5.014569E-08  6.588382E-08  7.331728E-08  8.750387E-08  6.381585E-01  3.038402E-03  1.421218E-04  3.813046E-02  4.432082E-05  4.779270E-07  7.512499E-09  1.649682E-02  1.407704E-05  4.663835E-05  2.147029E-06  2.292678E-02  1.385631E-06  2.870191E-07  2.513862E-07  2.922580E-04  3.977686E-04  2.636245E-06  1.594597E-05  2.021979E-05  4.231001E-06
 2.771500E+02  2.804108E-01  2.308960E-04  4.803644E-08  6.313348E-08  7.026175E-08  8.388299E-08  6.384405E-01  2.969926E-03  1.315952E-04  3.832161E-02  4.373814E-05  4.493265E-07  7.331693E-09  1.611134E-02  1.317514E-05  4.378873E-05  2.038218E-06  2.255988E-02  1.314629E-06  2.755025E-07  2.410957E-07  2.871791E-04  3.908336E-04  2.467185E-06  1.484675E-05  1.883333E-05  3.984742E-06
 2.781500E+02  2.807825E-01  2.274747E-04  4.602976E-08  6.051602E-08  6.735363E-08  8.043573E-08  6.387135E-01  2.903485E-03  1.219177E-04  3.850916E-02  4.316104E-05  4.225339E-07  7.155053E-09  1.573748E-02  1.233702E-05  4.113233E-05  1.935653E-06  2.219975E-02  1.247562E-06  2.645075E-07  2.312798E-07  2.822042E-04  3.840418E-04  2.309747E-06  1.382955E-05  1.754984E-05  3.754187E-06
 2.791500E+02  2.811452E-01  2.241246E-04  4.412010E-08  5.802429E-08  6.458500E-08  7.715282E-08  6.389777E-01  2.839006E-03  1.130155E-04  3.869318E-02  4.258967E-05  3.974307E-07  6.982522E-09  1.537484E-02  1.155780E-05  3.865488E-05  1.838940E-06  2.184630E-02  1.184199E-06  2.540086E-07  2.219149E-07  2.773316E-04  3.773906E-04  2.163085E-06  1.288783E-05  1.636112E-05  3.538257E-06
 2.801500E+02  2.814990E-01  2.208440E-04  4.230224E-08  5.565156E-08  6.194840E-08  7.402552E-08  6.392335E-01  2.776422E-03  1.048218E-04  3.887371E-02  4.202415E-05  3.739061E-07  6.814046E-09  1.502303E-02  1.083297E-05  3.634326E-05  1.747708E-06  2.149942E-02  1.124325E-06  2.439812E-07  2.129784E-07  2.725592E-04  3.708771E-04  2.026421E-06  1.201559E-05  1.525970E-05  3.335955E-06
 2.811500E+02  2.818442E-01  2.176313E-04  4.057126E-08  5.339150E-08  5.943682E-08  7.104560E-08  6.394813E-01  2.715667E-03  9.727590E-05  3.905082E-02  4.146462E-05  3.518569E-07  6.649562E-09  1.468166E-02  1.015841E-05  3.418534E-05  1.661617E-06  2.115903E-02  1.067736E-06  2.344026E-07  2.044490E-07  2.678852E-04  3.644987E-04  1.899032E-06  1.120736E-05  1.423871E-05  3.146353E-06
 2.821500E+02  2.821810E-01  2.144849E-04  3.892253E-08  5.123814E-08  5.704363E-08  6.820532E-08  6.397213E-01  2.656677E-03  9.032265E-05  3.922456E-02  4.091118E-05  3.311867E-07  6.489011E-09  1.435039E-02  9.530329E-06  3.216999E-05  1.580345E-06  2.082500E-02  1.014241E-06  2.252507E-07  1.963066E-07  2.633074E-04  3.582527E-04  1.780251E-06  1.045810E-05  1.329186E-05  2.968592E-06
 2.831500E+02  2.825097E-01  2.114034E-04  3.735169E-08  4.918584E-08  5.476262E-08  6.549736E-08  6.399539E-01  2.599392E-03  8.391190E-05  3.939500E-02  4.036392E-05  3.118057E-07  6.332327E-09  1.402884E-02  8.945246E-06  3.028692E-05  1.503595E-06  2.049725E-02  9.636606E-07  2.165048E-07  1.885319E-07  2.588242E-04  3.521364E-04  1.669463E-06  9.763215E-06  1.241340E-05  2.801874E-06
 2.841500E+02  2.828305E-01  2.083851E-04  3.585463E-08  4.722932E-08  5.258789E-08  6.291482E-08  6.401793E-01  2.543753E-03  7.799805E-05  3.956218E-02  3.982292E-05  2.936299E-07  6.179445E-09  1.371670E-02  8.399957E-06  2.852664E-05  1.431088E-06  2.017567E-02  9.158259E-07  2.081453E-07  1.811069E-07  2.544335E-04  3.461472E-04  1.566097E-06  9.118469E-06  1.159801E-05  2.645459E-06
 2.851500E+02  2.831436E-01  2.054287E-04  3.442747E-08  4.536357E-08  5.051392E-08  6.045121E-08  6.403979E-01  2.489703E-03  7.253957E-05  3.972617E-02  3.928827E-05  2.765811E-07  6.030299E-09  1.341364E-02  7.891515E-06  2.688042E-05  1.362565E-06  1.986016E-02  8.705788E-07  2.001536E-07  1.740144E-07  2.501335E-04  3.402824E-04  1.469625E-06  8.519986E-06  1.084086E-05  2.498660E-06
 2.861500E+02  2.834492E-01  2.025326E-04  3.306657E-08  4.358388E-08  4.853547E-08  5.810039E-08  6.406098E-01  2.437190E-03  6.749863E-05  3.988703E-02  3.876002E-05  2.605862E-07  5.884820E-09  1.311935E-02  7.417208E-06  2.534016E-05  1.297783E-06  1.955061E-02  8.277702E-07  1.925119E-07  1.672381E-07  2.459224E-04  3.345396E-04  1.379558E-06  7.964207E-06  1.013747E-05  2.360837E-06
 2.871500E+02  2.837476E-01  1.996954E-04  3.176847E-08  4.188580E-08  4.664762E-08  5.585658E-08  6.408154E-01  2.386160E-03  6.284079E-05  4.004480E-02  3.823822E-05  2.455771E-07  5.742940E-09  1.283352E-02  6.974539E-06  2.389841E-05  1.236516E-06  1.924692E-02  7.872602E-07  1.852035E-07  1.607626E-07  2.417983E-04  3.289161E-04  1.295446E-06  7.447864E-06  9.483749E-06  2.231397E-06
 2.881500E+02  2.840388E-01  1.969159E-04  3.052994E-08  4.026514E-08  4.484572E-08  5.371431E-08  6.410149E-01  2.336565E-03  5.853461E-05  4.019955E-02  3.772291E-05  2.314901E-07  5.604589E-09  1.255588E-02  6.561207E-06  2.254827E-05  1.178553E-06  1.894900E-02  7.489172E-07  1.782125E-07  1.545733E-07  2.377594E-04  3.234095E-04  1.216870E-06  6.967954E-06  8.875934E-06  2.109789E-06
 2.891500E+02  2.843232E-01  1.941925E-04  2.934791E-08  3.871794E-08  4.312537E-08  5.166842E-08  6.412085E-01  2.288354E-03  5.455143E-05  4.035133E-02  3.721413E-05  2.182658E-07  5.469698E-09  1.228615E-02  6.175093E-06  2.128338E-05  1.123696E-06  1.865674E-02  7.126176E-07  1.715236E-07  1.486562E-07  2.338040E-04  3.180173E-04  1.143441E-06  6.521716E-06  8.310561E-06  1.995499E-06
 2.901500E+02  2.846009E-01  1.915241E-04  2.821948E-08  3.724045E-08  4.148244E-08  4.971404E-08  6.413964E-01  2.241483E-03  5.086508E-05  4.050019E-02  3.671190E-05  2.058487E-07  5.338196E-09  1.202406E-02  5.814240E-06  2.009783E-05  1.071760E-06  1.837004E-02  6.782450E-07  1.651226E-07  1.429983E-07  2.299302E-04  3.127371E-04  1.074802E-06  6.106612E-06  7.784445E-06  1.888052E-06
 2.911500E+02  2.848720E-01  1.889094E-04  2.714193E-08  3.582916E-08  3.991300E-08  4.784658E-08  6.415789E-01  2.195907E-03  4.745166E-05  4.064620E-02  3.621623E-05  1.941872E-07  5.210012E-09  1.176935E-02  5.476844E-06  1.898618E-05  1.022572E-06  1.808879E-02  6.456901E-07  1.589959E-07  1.375871E-07  2.261365E-04  3.075664E-04  1.010619E-06  5.720309E-06  7.294656E-06  1.787002E-06
 2.921500E+02  2.851368E-01  1.863470E-04  2.611268E-08  3.448072E-08  3.841337E-08  4.606167E-08  6.417560E-01  2.151583E-03  4.428932E-05  4.078940E-02  3.572714E-05  1.832329E-07  5.085077E-09  1.152178E-02  5.161240E-06  1.794337E-05  9.759714E-07  1.781291E-02  6.148500E-07  1.531305E-07  1.324108E-07  2.224210E-04  3.025030E-04  9.505837E-07  5.360657E-06  6.838496E-06  1.691937E-06
 2.931500E+02  2.853955E-01  1.838358E-04  2.512929E-08  3.319199E-08  3.698004E-08  4.435522E-08  6.419281E-01  2.108469E-03  4.135809E-05  4.092984E-02  3.524462E-05  1.729407E-07  4.963320E-09  1.128112E-02  4.865891E-06  1.696472E-05  9.318064E-07  1.754229E-02  5.856280E-07  1.475141E-07  1.274581E-07  2.187821E-04  2.975445E-04  8.944110E-07  5.025680E-06  6.413481E-06  1.602472E-06
 2.941500E+02  2.856482E-01  1.813747E-04  2.418947E-08  3.195999E-08  3.560972E-08  4.272334E-08  6.420953E-01  2.066526E-03  3.863970E-05  4.106759E-02  3.476867E-05  1.632683E-07  4.844671E-09  1.104712E-02  4.589375E-06  1.604591E-05  8.899353E-07  1.727683E-02  5.579331E-07  1.421351E-07  1.227183E-07  2.152183E-04  2.926887E-04  8.418355E-07  4.713556E-06  6.017322E-06  1.518249E-06
 2.951500E+02  2.858950E-01  1.789623E-04  2.329104E-08  3.078191E-08  3.429929E-08  4.116235E-08  6.422578E-01  2.025716E-03  3.611743E-05  4.120269E-02  3.429928E-05  1.541766E-07  4.729061E-09  1.081959E-02  4.330380E-06  1.518292E-05  8.502255E-07  1.701644E-02  5.316797E-07  1.369825E-07  1.181815E-07  2.117277E-04  2.879333E-04  7.926113E-07  4.422606E-06  5.647909E-06  1.438935E-06
 2.961500E+02  2.861361E-01  1.765976E-04  2.243195E-08  2.965508E-08  3.304579E-08  3.966878E-08  6.424157E-01  1.986001E-03  3.377596E-05  4.133519E-02  3.383643E-05  1.456287E-07  4.616420E-09  1.059829E-02  4.087690E-06  1.437202E-05  8.125528E-07  1.676102E-02  5.067872E-07  1.320456E-07  1.138379E-07  2.083090E-04  2.832761E-04  7.465103E-07  4.151284E-06  5.303296E-06  1.364219E-06
 2.971500E+02  2.863717E-01  1.742795E-04  2.161025E-08  2.857699E-08  3.184643E-08  3.823934E-08  6.425692E-01  1.947347E-03  3.160126E-05  4.146514E-02  3.338009E-05  1.375902E-07  4.506680E-09  1.038304E-02  3.860182E-06  1.360976E-05  7.768008E-07  1.651048E-02  4.831798E-07  1.273145E-07  1.096785E-07  2.049604E-04  2.787150E-04  7.033206E-07  3.898163E-06  4.981690E-06  1.293811E-06
 2.981500E+02  2.866020E-01  1.720070E-04  2.082412E-08  2.754527E-08  3.069858E-08  3.687092E-08  6.427185E-01  1.909719E-03  2.958046E-05  4.159259E-02  3.293025E-05  1.300291E-07  4.399774E-09  1.017362E-02  3.646817E-06  1.289293E-05  7.428602E-07  1.626472E-02  4.607861E-07  1.227797E-07  1.056947E-07  2.016805E-04  2.742479E-04  6.628457E-07  3.661927E-06  4.681433E-06  1.227441E-06
 2.991500E+02  2.868270E-01  1.697789E-04  2.007180E-08  2.655765E-08  2.959973E-08  3.556058E-08  6.428636E-01  1.873084E-03  2.770175E-05  4.171760E-02  3.248686E-05  1.229155E-07  4.295633E-09  9.969866E-03  3.446631E-06  1.221855E-05  7.106287E-07  1.602365E-02  4.395390E-07  1.184322E-07  1.018782E-07  1.984679E-04  2.698727E-04  6.249031E-07  3.441362E-06  4.400998E-06  1.164856E-06
 3.001500E+02  2.870469E-01  1.675942E-04  1.935166E-08  2.561200E-08  2.854751E-08  3.430552E-08  6.430048E-01  1.837411E-03  2.595432E-05  4.184021E-02  3.204990E-05  1.162212E-07  4.194192E-09  9.771579E-03  3.258732E-06  1.158386E-05  6.800102E-07  1.578718E-02  4.193753E-07  1.142634E-07  9.822129E-08  1.953209E-04  2.655873E-04  5.893231E-07  3.235346E-06  4.138972E-06  1.105823E-06
 3.011500E+02  2.872618E-01  1.654519E-04  1.866214E-08  2.470631E-08  2.753970E-08  3.310311E-08  6.431421E-01  1.802669E-03  2.432820E-05  4.196047E-02  3.161931E-05  1.099201E-07  4.095385E-09  9.578590E-03  3.082294E-06  1.098628E-05  6.509145E-07  1.555523E-02  4.002353E-07  1.102651E-07  9.471653E-08  1.922382E-04  2.613899E-04  5.559482E-07  3.042844E-06  3.894050E-06  1.050120E-06
 3.021500E+02  2.874719E-01  1.633511E-04  1.800176E-08  2.383867E-08  2.657416E-08  3.195084E-08  6.432758E-01  1.768829E-03  2.281426E-05  4.207843E-02  3.119506E-05  1.039878E-07  3.999148E-09  9.390728E-03  2.916550E-06  1.042343E-05  6.232570E-07  1.532769E-02  3.820629E-07  1.064296E-07  9.135691E-08  1.892184E-04  2.572783E-04  5.246320E-07  2.862898E-06  3.665027E-06  9.975434E-07
 3.031500E+02  2.876773E-01  1.612908E-04  1.736914E-08  2.300726E-08  2.564889E-08  3.084634E-08  6.434058E-01  1.735863E-03  2.140411E-05  4.219412E-02  3.077710E-05  9.840129E-08  3.905417E-09  9.207830E-03  2.760788E-06  9.893088E-06  5.969582E-07  1.510448E-02  3.648054E-07  1.027495E-07  8.813575E-08  1.862600E-04  2.532508E-04  4.952382E-07  2.694624E-06  3.450787E-06  9.479019E-07
 3.041500E+02  2.878781E-01  1.592701E-04  1.676295E-08  2.221037E-08  2.476198E-08  2.978736E-08  6.435325E-01  1.703742E-03  2.009002E-05  4.230761E-02  3.036538E-05  9.313923E-08  3.814130E-09  9.029740E-03  2.614349E-06  9.393175E-06  5.719435E-07  1.488553E-02  3.484130E-07  9.921789E-08  8.504669E-08  1.833617E-04  2.493054E-04  4.676404E-07  2.537205E-06  3.250300E-06  9.010165E-07
 3.051500E+02  2.880744E-01  1.572880E-04  1.618194E-08  2.144637E-08  2.391163E-08  2.877179E-08  6.436557E-01  1.672441E-03  1.886488E-05  4.241892E-02  2.995984E-05  8.818160E-08  3.725225E-09  8.856307E-03  2.476620E-06  8.921769E-06  5.481426E-07  1.467073E-02  3.328387E-07  9.582799E-08  8.208372E-08  1.805223E-04  2.454403E-04  4.417208E-07  2.389882E-06  3.062609E-06  8.567203E-07
 3.061500E+02  2.882664E-01  1.553438E-04  1.562492E-08  2.071373E-08  2.309613E-08  2.779758E-08  6.437757E-01  1.641934E-03  1.772216E-05  4.252812E-02  2.956043E-05  8.350967E-08  3.638641E-09  8.687384E-03  2.347032E-06  8.477078E-06  5.254897E-07  1.446002E-02  3.180384E-07  9.257348E-08  7.924110E-08  1.777402E-04  2.416537E-04  4.173697E-07  2.251957E-06  2.886833E-06  8.148569E-07
 3.071500E+02  2.884542E-01  1.534364E-04  1.509077E-08  2.001097E-08  2.231385E-08  2.686284E-08  6.438926E-01  1.612197E-03  1.665582E-05  4.263523E-02  2.916709E-05  7.910593E-08  3.554320E-09  8.522830E-03  2.225055E-06  8.057430E-06  5.039226E-07  1.425330E-02  3.039704E-07  8.944835E-08  7.651337E-08  1.750144E-04  2.379439E-04  3.944852E-07  2.122780E-06  2.722152E-06  7.752803E-07
 3.081500E+02  2.886378E-01  1.515652E-04  1.457841E-08  1.933672E-08  2.156326E-08  2.596573E-08  6.440065E-01  1.583206E-03  1.566033E-05  4.274030E-02  2.877975E-05  7.495398E-08  3.472203E-09  8.362511E-03  2.110200E-06  7.661269E-06  4.833831E-07  1.405050E-02  2.905953E-07  8.644684E-08  7.389537E-08  1.723436E-04  2.343091E-04  3.729724E-07  2.001752E-06  2.567808E-06  7.378541E-07
 3.091500E+02  2.888174E-01  1.497292E-04  1.408685E-08  1.868965E-08  2.084289E-08  2.510454E-08  6.441174E-01  1.554939E-03  1.473055E-05  4.284338E-02  2.839836E-05  7.103850E-08  3.392234E-09  8.206294E-03  2.002007E-06  7.287142E-06  4.638161E-07  1.385153E-02  2.778763E-07  8.356348E-08  7.138215E-08  1.697264E-04  2.307477E-04  3.527428E-07  1.888315E-06  2.423098E-06  7.024503E-07
 3.101500E+02  2.889932E-01  1.479277E-04  1.361512E-08  1.806853E-08  2.015136E-08  2.427762E-08  6.442254E-01  1.527373E-03  1.386178E-05  4.294450E-02  2.802285E-05  6.734513E-08  3.314355E-09  8.054054E-03  1.900052E-06  6.933695E-06  4.451701E-07  1.365633E-02  2.657782E-07  8.079308E-08  6.896903E-08  1.671618E-04  2.272580E-04  3.337141E-07  1.781954E-06  2.287371E-06  6.689494E-07
 3.111500E+02  2.891650E-01  1.461598E-04  1.316230E-08  1.747217E-08  1.948736E-08  2.348343E-08  6.443308E-01  1.500487E-03  1.304966E-05  4.304371E-02  2.765316E-05  6.386042E-08  3.238513E-09  7.905669E-03  1.803939E-06  6.599665E-06  4.273964E-07  1.346481E-02  2.542683E-07  7.813068E-08  6.665156E-08  1.646485E-04  2.238384E-04  3.158096E-07  1.682190E-06  2.160022E-06  6.372393E-07
 3.121500E+02  2.893332E-01  1.444249E-04  1.272755E-08  1.689943E-08  1.884963E-08  2.272048E-08  6.444334E-01  1.474262E-03  1.229016E-05  4.314105E-02  2.728922E-05  6.057179E-08  3.164654E-09  7.761021E-03  1.713300E-06  6.283871E-06  4.104490E-07  1.327689E-02  2.433154E-07  7.557155E-08  6.442548E-08  1.621854E-04  2.204873E-04  2.989576E-07  1.588581E-06  2.040491E-06  6.072152E-07
 3.131500E+02  2.894978E-01  1.427222E-04  1.231002E-08  1.634926E-08  1.823699E-08  2.198737E-08  6.445335E-01  1.448676E-03  1.157957E-05  4.323654E-02  2.693095E-05  5.746746E-08  3.092725E-09  7.619996E-03  1.627790E-06  5.985213E-06  3.942849E-07  1.309251E-02  2.328901E-07  7.311122E-08  6.228677E-08  1.597715E-04  2.172032E-04  2.830916E-07  1.500714E-06  1.928256E-06  5.787787E-07
 3.141500E+02  2.896588E-01  1.410510E-04  1.190895E-08  1.582064E-08  1.764832E-08  2.128277E-08  6.446310E-01  1.423711E-03  1.091447E-05  4.333024E-02  2.657829E-05  5.453639E-08  3.022675E-09  7.482486E-03  1.547091E-06  5.702660E-06  3.788633E-07  1.291159E-02  2.229649E-07  7.074539E-08  6.023158E-08  1.574055E-04  2.139845E-04  2.681493E-07  1.418208E-06  1.822835E-06  5.518379E-07
 3.151500E+02  2.898164E-01  1.394105E-04  1.152360E-08  1.531260E-08  1.708254E-08  2.060542E-08  6.447262E-01  1.399348E-03  1.029168E-05  4.342218E-02  2.623118E-05  5.176824E-08  2.954453E-09  7.348384E-03  1.470903E-06  5.435252E-06  3.641459E-07  1.273406E-02  2.135135E-07  6.846998E-08  5.825624E-08  1.550864E-04  2.108299E-04  2.540728E-07  1.340707E-06  1.723779E-06  5.263064E-07
 3.161500E+02  2.899707E-01  1.378002E-04  1.115326E-08  1.482423E-08  1.653863E-08  1.995409E-08  6.448190E-01  1.375571E-03  9.708262E-06  4.351239E-02  2.588953E-05  4.915330E-08  2.888012E-09  7.217589E-03  1.398948E-06  5.182088E-06  3.500964E-07  1.255984E-02  2.045113E-07  6.628113E-08  5.635727E-08  1.528132E-04  2.077378E-04  2.408078E-07  1.267882E-06  1.630669E-06  5.021033E-07
 3.171500E+02  2.901217E-01  1.362192E-04  1.079726E-08  1.435466E-08  1.601563E-08  1.932767E-08  6.449095E-01  1.352360E-03  9.161507E-06  4.360091E-02  2.555328E-05  4.668251E-08  2.823302E-09  7.090001E-03  1.330967E-06  4.942328E-06  3.366807E-07  1.238888E-02  1.959350E-07  6.417511E-08  5.453136E-08  1.505848E-04  2.047069E-04  2.283039E-07  1.199426E-06  1.543119E-06  4.791526E-07
 3.181500E+02  2.902695E-01  1.346670E-04  1.045497E-08  1.390307E-08  1.551263E-08  1.872504E-08  6.449978E-01  1.329701E-03  8.648903E-06  4.368778E-02  2.522235E-05  4.434735E-08  2.760277E-09  6.965526E-03  1.266718E-06  4.715186E-06  3.238665E-07  1.222111E-02  1.877626E-07  6.214840E-08  5.277535E-08  1.484002E-04  2.017358E-04  2.165140E-07  1.135056E-06  1.460767E-06  4.573833E-07
 3.191500E+02  2.904141E-01  1.331429E-04  1.012579E-08  1.346865E-08  1.502873E-08  1.814518E-08  6.450839E-01  1.307577E-03  8.168120E-06  4.377303E-02  2.489668E-05  4.213983E-08  2.698893E-09  6.844072E-03  1.205974E-06  4.499923E-06  3.116236E-07  1.205645E-02  1.799734E-07  6.019763E-08  5.108622E-08  1.462586E-04  1.988232E-04  2.053939E-07  1.074504E-06  1.383278E-06  4.367283E-07
 3.201500E+02  2.905558E-01  1.316463E-04  9.809138E-09  1.305067E-08  1.456312E-08  1.758710E-08  6.451680E-01  1.285972E-03  7.717004E-06  4.385670E-02  2.457619E-05  4.005248E-08  2.639103E-09  6.725550E-03  1.148525E-06  4.295852E-06  2.999231E-07  1.189485E-02  1.725476E-07  5.831960E-08  4.946110E-08  1.441588E-04  1.959676E-04  1.949026E-07  1.017527E-06  1.310340E-06  4.171250E-07
 3.211500E+02  2.906945E-01  1.301766E-04  9.504470E-09  1.264842E-08  1.411499E-08  1.704987E-08  6.452500E-01  1.264872E-03  7.293556E-06  4.393881E-02  2.426080E-05  3.807826E-08  2.580865E-09  6.609873E-03  1.094172E-06  4.102326E-06  2.887379E-07  1.173623E-02  1.654668E-07  5.651124E-08  4.789726E-08  1.421000E-04  1.931679E-04  1.850015E-07  9.638931E-07  1.241661E-06  3.985144E-07
 3.221500E+02  2.908304E-01  1.287332E-04  9.211265E-09  1.226120E-08  1.368361E-08  1.653258E-08  6.453301E-01  1.244262E-03  6.895923E-06  4.401941E-02  2.395044E-05  3.621059E-08  2.524136E-09  6.496959E-03  1.042731E-06  3.918740E-06  2.780424E-07  1.158055E-02  1.587134E-07  5.476964E-08  4.639209E-08  1.400812E-04  1.904229E-04  1.756547E-07  9.133898E-07  1.176971E-06  3.808412E-07
 3.231500E+02  2.909634E-01  1.273155E-04  8.929031E-09  1.188839E-08  1.326824E-08  1.603439E-08  6.454083E-01  1.224128E-03  6.522385E-06  4.409851E-02  2.364505E-05  3.444329E-08  2.468875E-09  6.386729E-03  9.940300E-07  3.744527E-06  2.678124E-07  1.142773E-02  1.522707E-07  5.309200E-08  4.494312E-08  1.381016E-04  1.877312E-04  1.668286E-07  8.658182E-07  1.116018E-06  3.640535E-07
 3.241500E+02  2.910937E-01  1.259230E-04  8.657295E-09  1.152935E-08  1.286821E-08  1.555449E-08  6.454847E-01  1.204456E-03  6.171348E-06  4.417616E-02  2.334454E-05  3.277056E-08  2.415042E-09  6.279104E-03  9.479069E-07  3.579155E-06  2.580249E-07  1.127772E-02  1.461232E-07  5.147568E-08  4.354796E-08  1.361603E-04  1.850916E-04  1.584919E-07  8.209929E-07  1.058567E-06  3.481022E-07
 3.251500E+02  2.912213E-01  1.245552E-04  8.395609E-09  1.118352E-08  1.248286E-08  1.509210E-08  6.455592E-01  1.185234E-03  5.841328E-06  4.425238E-02  2.304884E-05  3.118696E-08  2.362598E-09  6.174009E-03  9.042108E-07  3.422125E-06  2.486584E-07  1.113046E-02  1.402560E-07  4.991813E-08  4.220436E-08  1.342565E-04  1.825031E-04  1.506151E-07  7.787411E-07  1.004397E-06  3.329415E-07
 3.261500E+02  2.913464E-01  1.232114E-04  8.143547E-09  1.085032E-08  1.211158E-08  1.464649E-08  6.456320E-01  1.166449E-03  5.530951E-06  4.432720E-02  2.275789E-05  2.968736E-08  2.311505E-09  6.071373E-03  8.628004E-07  3.272968E-06  2.396924E-07  1.098589E-02  1.346550E-07  4.841693E-08  4.091016E-08  1.323892E-04  1.799645E-04  1.431706E-07  7.389020E-07  9.533055E-07  3.185281E-07
 3.271500E+02  2.914689E-01  1.218912E-04  7.900701E-09  1.052924E-08  1.175377E-08  1.421697E-08  6.457032E-01  1.148089E-03  5.238937E-06  4.440066E-02  2.247161E-05  2.826698E-08  2.261725E-09  5.971124E-03  8.235432E-07  3.131246E-06  2.311074E-07  1.084395E-02  1.293071E-07  4.696978E-08  3.966331E-08  1.305577E-04  1.774746E-04  1.361329E-07  7.013253E-07  9.051010E-07  3.048214E-07
 3.281500E+02  2.915889E-01  1.205940E-04  7.666685E-09  1.021976E-08  1.140888E-08  1.380285E-08  6.457726E-01  1.130141E-03  4.964098E-06  4.447278E-02  2.218993E-05  2.692130E-08  2.213223E-09  5.873196E-03  7.863151E-07  2.996547E-06  2.228851E-07  1.070460E-02  1.241996E-07  4.557446E-08  3.846185E-08  1.287612E-04  1.750324E-04  1.294777E-07  6.658709E-07  8.596057E-07  2.917832E-07
 3.291500E+02  2.917064E-01  1.193195E-04  7.441127E-09  9.921391E-09  1.107636E-08  1.340350E-08  6.458405E-01  1.112595E-03  4.705328E-06  4.454359E-02  2.191277E-05  2.564608E-08  2.165962E-09  5.777523E-03  7.509998E-07  2.868481E-06  2.150082E-07  1.056778E-02  1.193207E-07  4.422888E-08  3.730390E-08  1.269990E-04  1.726369E-04  1.231824E-07  6.324081E-07  8.166533E-07  2.793774E-07
 3.301500E+02  2.918217E-01  1.180670E-04  7.223677E-09  9.633686E-09  1.075570E-08  1.301833E-08  6.459069E-01  1.095439E-03  4.461599E-06  4.461311E-02  2.164006E-05  2.443735E-08  2.119909E-09  5.684042E-03  7.174884E-07  2.746686E-06  2.074601E-07  1.043343E-02  1.146590E-07  4.293100E-08  3.618767E-08  1.252702E-04  1.702869E-04  1.172260E-07  6.008148E-07  7.760887E-07  2.675701E-07
 3.311500E+02  2.919346E-01  1.168361E-04  7.013999E-09  9.356200E-09  1.044642E-08  1.264673E-08  6.459717E-01  1.078663E-03  4.231952E-06  4.468138E-02  2.137175E-05  2.329136E-08  2.075031E-09  5.592691E-03  6.856787E-07  2.630820E-06  2.002255E-07  1.030151E-02  1.102040E-07  4.167892E-08  3.511146E-08  1.235742E-04  1.679815E-04  1.115886E-07  5.709770E-07  7.377668E-07  2.563294E-07
 3.321500E+02  2.920453E-01  1.156263E-04  6.811772E-09  9.088516E-09  1.014805E-08  1.228817E-08  6.460351E-01  1.062255E-03  4.015496E-06  4.474841E-02  2.110774E-05  2.220459E-08  2.031295E-09  5.503411E-03  6.554746E-07  2.520560E-06  1.932894E-07  1.017196E-02  1.059456E-07  4.047079E-08  3.407364E-08  1.219101E-04  1.657196E-04  1.062517E-07  5.427881E-07  7.015523E-07  2.456253E-07
 3.331500E+02  2.921538E-01  1.144373E-04  6.616690E-09  8.830233E-09  9.860145E-09  1.194212E-08  6.460970E-01  1.046208E-03  3.811402E-06  4.481424E-02  2.084798E-05  2.117373E-08  1.988670E-09  5.416145E-03  6.267863E-07  2.415603E-06  1.866378E-07  1.004473E-02  1.018742E-07  3.930485E-08  3.307265E-08  1.202773E-04  1.635004E-04  1.011977E-07  5.161486E-07  6.673184E-07  2.354294E-07
 3.341500E+02  2.922601E-01  1.132685E-04  6.428463E-09  8.580970E-09  9.582280E-09  1.160806E-08  6.461576E-01  1.030509E-03  3.618894E-06  4.487889E-02  2.059240E-05  2.019568E-08  1.947124E-09  5.330836E-03  5.995292E-07  2.315666E-06  1.802576E-07  9.919783E-03  9.798069E-08  3.817944E-08  3.210700E-08  1.186752E-04  1.613229E-04  9.641051E-08  4.909654E-07  6.349467E-07  2.257149E-07
 3.351500E+02  2.923644E-01  1.121196E-04  6.246813E-09  8.340363E-09  9.314051E-09  1.128552E-08  6.462168E-01  1.015151E-03  3.437252E-06  4.494239E-02  2.034093E-05  1.926751E-08  1.906629E-09  5.247432E-03  5.736240E-07  2.220480E-06  1.741362E-07  9.797062E-03  9.425656E-08  3.709293E-08  3.117528E-08  1.171030E-04  1.591861E-04  9.187467E-08  4.671515E-07  6.043265E-07  2.164568E-07
 3.361500E+02  2.924666E-01  1.109901E-04  6.071473E-09  8.108064E-09  9.055072E-09  1.097404E-08  6.462747E-01  1.000123E-03  3.265803E-06  4.500475E-02  2.009350E-05  1.838646E-08  1.867155E-09  5.165881E-03  5.489961E-07  2.129793E-06  1.682615E-07  9.676524E-03  9.069365E-08  3.604380E-08  3.027613E-08  1.155601E-04  1.570892E-04  8.757584E-08  4.446255E-07  5.753539E-07  2.076312E-07
 3.371500E+02  2.925669E-01  1.098796E-04  5.902190E-09  7.883741E-09  8.804974E-09  1.067318E-08  6.463314E-01  9.854180E-04  3.103919E-06  4.506600E-02  1.985004E-05  1.754994E-08  1.828673E-09  5.086131E-03  5.255756E-07  2.043367E-06  1.626224E-07  9.558124E-03  8.728427E-08  3.503059E-08  2.940824E-08  1.140458E-04  1.550313E-04  8.350053E-08  4.233111E-07  5.479320E-07  1.992157E-07
 3.381500E+02  2.926651E-01  1.087877E-04  5.738723E-09  7.667078E-09  8.563404E-09  1.038252E-08  6.463868E-01  9.710263E-04  2.951014E-06  4.512617E-02  1.961049E-05  1.675552E-08  1.791157E-09  5.008134E-03  5.032966E-07  1.960979E-06  1.572080E-07  9.441817E-03  8.402108E-08  3.405188E-08  2.857039E-08  1.125595E-04  1.530115E-04  7.963607E-08  4.031371E-07  5.219699E-07  1.911893E-07
 3.391500E+02  2.927615E-01  1.077140E-04  5.580840E-09  7.457772E-09  8.330025E-09  1.010166E-08  6.464410E-01  9.569398E-04  2.806542E-06  4.518528E-02  1.937479E-05  1.600090E-08  1.754580E-09  4.931843E-03  4.820972E-07  1.882417E-06  1.520081E-07  9.327560E-03  8.089717E-08  3.310633E-08  2.776137E-08  1.111007E-04  1.510290E-04  7.597057E-08  3.840366E-07  4.973824E-07  1.835320E-07
 3.401500E+02  2.928561E-01  1.066582E-04  5.428320E-09  7.255532E-09  8.104516E-09  9.830217E-09  6.464940E-01  9.431507E-04  2.669992E-06  4.524335E-02  1.914286E-05  1.528391E-08  1.718915E-09  4.857212E-03  4.619190E-07  1.807484E-06  1.470132E-07  9.215312E-03  7.790594E-08  3.219266E-08  2.698007E-08  1.096686E-04  1.490830E-04  7.249286E-08  3.659471E-07  4.740899E-07  1.762249E-07
 3.411500E+02  2.929488E-01  1.056199E-04  5.280951E-09  7.060082E-09  7.886567E-09  9.567823E-09  6.465459E-01  9.296510E-04  2.540886E-06  4.530040E-02  1.891465E-05  1.460252E-08  1.684139E-09  4.784196E-03  4.427074E-07  1.735990E-06  1.422139E-07  9.105030E-03  7.504117E-08  3.130963E-08  2.622539E-08  1.082628E-04  1.471727E-04  6.919243E-08  3.488100E-07  4.520175E-07  1.692502E-07
 3.421500E+02  2.930398E-01  1.045986E-04  5.138533E-09  6.871158E-09  7.675886E-09  9.314128E-09  6.465967E-01  9.164333E-04  2.418778E-06  4.535645E-02  1.869010E-05  1.395481E-08  1.650225E-09  4.712753E-03  4.244108E-07  1.667760E-06  1.376015E-07  8.996674E-03  7.229693E-08  3.045608E-08  2.549630E-08  1.068827E-04  1.452973E-04  6.605943E-08  3.325702E-07  4.310951E-07  1.625911E-07
 3.431500E+02  2.931290E-01  1.035942E-04  5.000872E-09  6.688507E-09  7.472191E-09  9.068797E-09  6.466464E-01  9.034902E-04  2.303251E-06  4.541152E-02  1.846913E-05  1.333897E-08  1.617151E-09  4.642842E-03  4.069806E-07  1.602627E-06  1.331677E-07  8.890205E-03  6.966759E-08  2.963087E-08  2.479180E-08  1.055276E-04  1.434561E-04  6.308458E-08  3.171764E-07  4.112571E-07  1.562318E-07
 3.441500E+02  2.932165E-01  1.026062E-04  4.867784E-09  6.511886E-09  7.275213E-09  8.831509E-09  6.466950E-01  8.908147E-04  2.193916E-06  4.546563E-02  1.825169E-05  1.275330E-08  1.584894E-09  4.574420E-03  3.903709E-07  1.540433E-06  1.289047E-07  8.785584E-03  6.714783E-08  2.883292E-08  2.411094E-08  1.041971E-04  1.416483E-04  6.025915E-08  3.025801E-07  3.924417E-07  1.501573E-07
 3.451500E+02  2.933024E-01  1.016343E-04  4.739092E-09  6.341065E-09  7.084694E-09  8.601958E-09  6.467426E-01  8.783998E-04  2.090407E-06  4.551881E-02  1.803773E-05  1.219619E-08  1.553431E-09  4.507451E-03  3.745389E-07  1.481029E-06  1.248049E-07  8.682774E-03  6.473256E-08  2.806120E-08  2.345283E-08  1.028906E-04  1.398731E-04  5.757495E-08  2.887360E-07  3.745912E-07  1.443533E-07
 3.461500E+02  2.933867E-01  1.006781E-04  4.614628E-09  6.175821E-09  6.900387E-09  8.379850E-09  6.467892E-01  8.662390E-04  1.992382E-06  4.557107E-02  1.782717E-05  1.166612E-08  1.522740E-09  4.441895E-03  3.594438E-07  1.424276E-06  1.208612E-07  8.581736E-03  6.241699E-08  2.731472E-08  2.281657E-08  1.016077E-04  1.381300E-04  5.502425E-08  2.756016E-07  3.576510E-07  1.388065E-07
 3.471500E+02  2.934694E-01  9.973739E-05  4.494230E-09  6.015944E-09  6.722058E-09  8.164904E-09  6.468349E-01  8.543257E-04  1.899522E-06  4.562243E-02  1.761996E-05  1.116167E-08  1.492800E-09  4.377715E-03  3.450473E-07  1.370040E-06  1.170667E-07  8.482435E-03  6.019654E-08  2.659253E-08  2.220135E-08  1.003477E-04  1.364182E-04  5.259980E-08  2.631369E-07  3.415704E-07  1.335042E-07
 3.481500E+02  2.935506E-01  9.881181E-05  4.377744E-09  5.861229E-09  6.549481E-09  7.956851E-09  6.468796E-01  8.426537E-04  1.811526E-06  4.567291E-02  1.741605E-05  1.068149E-08  1.463590E-09  4.314877E-03  3.313134E-07  1.318196E-06  1.134151E-07  8.384836E-03  5.806687E-08  2.589373E-08  2.160636E-08  9.911033E-05  1.347370E-04  5.029475E-08  2.513044E-07  3.263012E-07  1.284344E-07
 3.491500E+02  2.936303E-01  9.790105E-05  4.265022E-09  5.711484E-09  6.382438E-09  7.755433E-09  6.469234E-01  8.312168E-04  1.728115E-06  4.572252E-02  1.721537E-05  1.022430E-08  1.435091E-09  4.253346E-03  3.182079E-07  1.268626E-06  1.099002E-07  8.288903E-03  5.602385E-08  2.521744E-08  2.103085E-08  9.789495E-05  1.330858E-04  4.810267E-08  2.400690E-07  3.117986E-07  1.235856E-07
 3.501500E+02  2.937085E-01  9.700483E-05  4.155921E-09  5.566521E-09  6.220724E-09  7.560404E-09  6.469663E-01  8.200093E-04  1.649025E-06  4.577129E-02  1.701788E-05  9.788912E-09  1.407283E-09  4.193087E-03  3.056988E-07  1.221218E-06  1.065161E-07  8.194604E-03  5.406356E-08  2.456282E-08  2.047407E-08  9.670114E-05  1.314639E-04  4.601749E-08  2.293974E-07  2.980202E-07  1.189473E-07
 3.511500E+02  2.937852E-01  9.612285E-05  4.050307E-09  5.426163E-09  6.064140E-09  7.371526E-09  6.470083E-01  8.090253E-04  1.574009E-06  4.581923E-02  1.682350E-05  9.374186E-09  1.380148E-09  4.134069E-03  2.937557E-07  1.175866E-06  1.032572E-07  8.101905E-03  5.218226E-08  2.392908E-08  1.993532E-08  9.552844E-05  1.298707E-04  4.403351E-08  2.192586E-07  2.849262E-07  1.145091E-07
 3.521500E+02  2.938606E-01  9.525482E-05  3.948050E-09  5.290239E-09  5.912497E-09  7.188573E-09  6.470494E-01  7.982593E-04  1.502836E-06  4.586636E-02  1.663220E-05  8.979052E-09  1.353666E-09  4.076260E-03  2.823500E-07  1.132469E-06  1.001183E-07  8.010773E-03  5.037642E-08  2.331545E-08  1.941394E-08  9.437641E-05  1.283056E-04  4.214534E-08  2.096234E-07  2.724792E-07  1.102614E-07
 3.531500E+02  2.939346E-01  9.440048E-05  3.849025E-09  5.158586E-09  5.765611E-09  7.011329E-09  6.470897E-01  7.877060E-04  1.435289E-06  4.591269E-02  1.644392E-05  8.602502E-09  1.327821E-09  4.019629E-03  2.714546E-07  1.090934E-06  9.709426E-08  7.921177E-03  4.864266E-08  2.272119E-08  1.890928E-08  9.324460E-05  1.267680E-04  4.034790E-08  2.004641E-07  2.606440E-07  1.061952E-07
 3.541500E+02  2.940072E-01  9.355954E-05  3.753112E-09  5.031047E-09  5.623310E-09  6.839584E-09  6.471293E-01  7.773599E-04  1.371164E-06  4.595824E-02  1.625860E-05  8.243581E-09  1.302595E-09  3.964147E-03  2.610439E-07  1.051169E-06  9.418028E-08  7.833086E-03  4.697777E-08  2.214560E-08  1.842072E-08  9.213259E-05  1.252574E-04  3.863642E-08  1.917550E-07  2.493875E-07  1.023017E-07
 3.551500E+02  2.940786E-01  9.273175E-05  3.660199E-09  4.907471E-09  5.485425E-09  6.673139E-09  6.471680E-01  7.672162E-04  1.310269E-06  4.600303E-02  1.607619E-05  7.901388E-09  1.277970E-09  3.909785E-03  2.510939E-07  1.013091E-06  9.137176E-08  7.746470E-03  4.537870E-08  2.158800E-08  1.794767E-08  9.103996E-05  1.237731E-04  3.700639E-08  1.834716E-07  2.386785E-07  9.857284E-08
 3.561500E+02  2.941486E-01  9.191685E-05  3.570174E-09  4.787715E-09  5.351796E-09  6.511803E-09  6.472059E-01  7.572698E-04  1.252426E-06  4.604707E-02  1.589665E-05  7.575069E-09  1.253932E-09  3.856514E-03  2.415817E-07  9.766180E-07  8.866432E-08  7.661299E-03  4.384255E-08  2.104774E-08  1.748956E-08  8.996631E-05  1.223146E-04  3.545354E-08  1.755911E-07  2.284877E-07  9.500073E-08
 3.571500E+02  2.942174E-01  9.111458E-05  3.482934E-09  4.671640E-09  5.222270E-09  6.355393E-09  6.472431E-01  7.475159E-04  1.197464E-06  4.609038E-02  1.571991E-05  7.263822E-09  1.230464E-09  3.804309E-03  2.324857E-07  9.416747E-07  8.605378E-08  7.577544E-03  4.236654E-08  2.052420E-08  1.704585E-08  8.891125E-05  1.208814E-04  3.397387E-08  1.680918E-07  2.187874E-07  9.157804E-08
 3.581500E+02  2.942850E-01  9.032470E-05  3.398377E-09  4.559114E-09  5.096699E-09  6.203731E-09  6.472796E-01  7.379500E-04  1.145226E-06  4.613297E-02  1.554594E-05  6.966883E-09  1.207551E-09  3.753141E-03  2.237855E-07  9.081885E-07  8.353617E-08  7.495177E-03  4.094806E-08  2.001678E-08  1.661601E-08  8.787437E-05  1.194729E-04  3.256359E-08  1.609535E-07  2.095517E-07  8.829777E-08
 3.591500E+02  2.943514E-01  8.954697E-05  3.316407E-09  4.450011E-09  4.974942E-09  6.056650E-09  6.473153E-01  7.285673E-04  1.095563E-06  4.617485E-02  1.537468E-05  6.683533E-09  1.185177E-09  3.702986E-03  2.154618E-07  8.760911E-07  8.110767E-08  7.414171E-03  3.958460E-08  1.952490E-08  1.619955E-08  8.685530E-05  1.180886E-04  3.121913E-08  1.541570E-07  2.007559E-07  8.515330E-08
 3.601500E+02  2.944166E-01  8.878115E-05  3.236931E-09  4.344207E-09  4.856863E-09  5.913986E-09  6.473504E-01  7.193637E-04  1.048333E-06  4.621605E-02  1.520609E-05  6.413092E-09  1.163329E-09  3.653819E-03  2.074963E-07  8.453174E-07  7.876467E-08  7.334497E-03  3.827376E-08  1.904802E-08  1.579598E-08  8.585368E-05  1.167280E-04  2.993709E-08  1.476842E-07  1.923769E-07  8.213833E-08
 3.611500E+02  2.944806E-01  8.802702E-05  3.159860E-09  4.241586E-09  4.742331E-09  5.775584E-09  6.473848E-01  7.103347E-04  1.003406E-06  4.625657E-02  1.504011E-05  6.154915E-09  1.141992E-09  3.605616E-03  1.998717E-07  8.158060E-07  7.650370E-08  7.256130E-03  3.701328E-08  1.858560E-08  1.540484E-08  8.486914E-05  1.153906E-04  2.871431E-08  1.415181E-07  1.843930E-07  7.924689E-08
 3.621500E+02  2.945436E-01  8.728434E-05  3.085109E-09  4.142036E-09  4.631223E-09  5.641294E-09  6.474185E-01  7.014762E-04  9.606571E-07  4.629642E-02  1.487671E-05  5.908393E-09  1.121153E-09  3.558353E-03  1.925717E-07  7.874984E-07  7.432145E-08  7.179044E-03  3.580099E-08  1.813713E-08  1.502569E-08  8.390133E-05  1.140760E-04  2.754776E-08  1.356427E-07  1.767835E-07  7.647331E-08
 3.631500E+02  2.946054E-01  8.655290E-05  3.012597E-09  4.045449E-09  4.523416E-09  5.510974E-09  6.474515E-01  6.927843E-04  9.199694E-07  4.633563E-02  1.471584E-05  5.672950E-09  1.100798E-09  3.512007E-03  1.855807E-07  7.603391E-07  7.221477E-08  7.103213E-03  3.463482E-08  1.770213E-08  1.465810E-08  8.294990E-05  1.127837E-04  2.643459E-08  1.300429E-07  1.695291E-07  7.381220E-08
 3.641500E+02  2.946662E-01  8.583248E-05  2.942243E-09  3.951721E-09  4.418797E-09  5.384485E-09  6.474840E-01  6.842549E-04  8.812329E-07  4.637420E-02  1.455744E-05  5.448039E-09  1.080915E-09  3.466557E-03  1.788840E-07  7.342756E-07  7.018065E-08  7.028613E-03  3.351282E-08  1.728013E-08  1.430166E-08  8.201452E-05  1.115131E-04  2.537213E-08  1.247043E-07  1.626114E-07  7.125845E-08
 3.651500E+02  2.947259E-01  8.512288E-05  2.873974E-09  3.860753E-09  4.317255E-09  5.261695E-09  6.475158E-01  6.758843E-04  8.443441E-07  4.641214E-02  1.440149E-05  5.233143E-09  1.061491E-09  3.421980E-03  1.724678E-07  7.092580E-07  6.821620E-08  6.955219E-03  3.243310E-08  1.687068E-08  1.395599E-08  8.109486E-05  1.102640E-04  2.435782E-08  1.196136E-07  1.560133E-07  6.880720E-08
 3.661500E+02  2.947845E-01  8.442389E-05  2.807716E-09  3.772449E-09  4.218683E-09  5.142476E-09  6.475470E-01  6.676688E-04  8.092054E-07  4.644947E-02  1.424793E-05  5.027774E-09  1.042513E-09  3.378256E-03  1.663188E-07  6.852388E-07  6.631867E-08  6.883009E-03  3.139387E-08  1.647333E-08  1.362070E-08  8.019060E-05  1.090357E-04  2.338926E-08  1.147580E-07  1.497183E-07  6.645383E-08
 3.671500E+02  2.948422E-01  8.373531E-05  2.743400E-09  3.686718E-09  4.122978E-09  5.026706E-09  6.475776E-01  6.596047E-04  7.757248E-07  4.648620E-02  1.409673E-05  4.831466E-09  1.023971E-09  3.335365E-03  1.604244E-07  6.621729E-07  6.448544E-08  6.811958E-03  3.039345E-08  1.608768E-08  1.329543E-08  7.930142E-05  1.078279E-04  2.246418E-08  1.101254E-07  1.437110E-07  6.419396E-08
 3.681500E+02  2.948989E-01  8.305694E-05  2.680959E-09  3.603472E-09  4.030044E-09  4.914268E-09  6.476076E-01  6.516885E-04  7.438156E-07  4.652235E-02  1.394784E-05  4.643782E-09  1.005852E-09  3.293286E-03  1.547729E-07  6.400177E-07  6.271399E-08  6.742044E-03  2.943019E-08  1.571333E-08  1.297984E-08  7.842701E-05  1.066403E-04  2.158042E-08  1.057046E-07  1.379770E-07  6.202341E-08
 3.691500E+02  2.949546E-01  8.238859E-05  2.620329E-09  3.522625E-09  3.939785E-09  4.805049E-09  6.476371E-01  6.439169E-04  7.133961E-07  4.655791E-02  1.380122E-05  4.464305E-09  9.881452E-10  3.252001E-03  1.493530E-07  6.187324E-07  6.100191E-08  6.673245E-03  2.850254E-08  1.534989E-08  1.267358E-08  7.756709E-05  1.054723E-04  2.073594E-08  1.014849E-07  1.325024E-07  5.993822E-08
 3.701500E+02  2.950094E-01  8.173008E-05  2.561447E-09  3.444096E-09  3.852111E-09  4.698939E-09  6.476661E-01  6.362865E-04  6.843891E-07  4.659291E-02  1.365684E-05  4.292640E-09  9.708403E-10  3.211491E-03  1.441540E-07  5.982784E-07  5.934691E-08  6.605539E-03  2.760903E-08  1.499699E-08  1.237635E-08  7.672135E-05  1.043235E-04  1.992883E-08  9.745615E-08  1.272742E-07  5.793462E-08
 3.711500E+02  2.950633E-01  8.108121E-05  2.504255E-09  3.367807E-09  3.766935E-09  4.595835E-09  6.476945E-01  6.287941E-04  6.567220E-07  4.662736E-02  1.351464E-05  4.128414E-09  9.539265E-10  3.171738E-03  1.391657E-07  5.786189E-07  5.774679E-08  6.538905E-03  2.674825E-08  1.465427E-08  1.208782E-08  7.588951E-05  1.031937E-04  1.915725E-08  9.360874E-08  1.222802E-07  5.600900E-08
 3.721500E+02  2.951162E-01  8.044182E-05  2.448696E-09  3.293683E-09  3.684172E-09  4.495637E-09  6.477224E-01  6.214366E-04  6.303260E-07  4.666126E-02  1.337460E-05  3.971271E-09  9.373935E-10  3.132724E-03  1.343786E-07  5.597190E-07  5.619945E-08  6.473322E-03  2.591885E-08  1.432139E-08  1.180771E-08  7.507129E-05  1.020824E-04  1.841948E-08  8.993367E-08  1.175087E-07  5.415797E-08
 3.731500E+02  2.951683E-01  7.981173E-05  2.394713E-09  3.221650E-09  3.603741E-09  4.398247E-09  6.477497E-01  6.142109E-04  6.051363E-07  4.669462E-02  1.323668E-05  3.820876E-09  9.212315E-10  3.094432E-03  1.297834E-07  5.415454E-07  5.470287E-08  6.408771E-03  2.511953E-08  1.399803E-08  1.153573E-08  7.426642E-05  1.009892E-04  1.771388E-08  8.642238E-08  1.129488E-07  5.237826E-08
