#         T/K            c1          c2-1          c3-4          c3-5          c3-7          c3-9            m1          m2-1          m3-1            w1            w2          w3-1          w3-2          c1m1        c1m2-1        c1m2-7        c2m1-1        c1w1-2        c1w2-1        c2w1-1        c2w1-9        m1w1-1        m1w1-4        m1w2-1        m2w1-1        m2w1-3      c1m1w1-1
 2.731500E+02  1.858087E-01  1.209533E-04  2.084617E-08  2.736111E-08  3.044141E-08  3.629759E-08  9.806800E-02  8.563078E-05  8.070340E-07  4.762972E-01  8.241428E-03  1.450413E-03  2.035084E-05  2.018364E-03  3.350019E-07  1.099248E-06  2.118819E-07  2.259665E-01  2.148974E-04  2.257232E-06  1.982088E-06  6.680607E-04  9.094107E-04  9.843244E-05  7.338215E-06  9.293947E-06  8.142133E-06
 2.741500E+02  1.872852E-01  1.204949E-04  2.028405E-08  2.663232E-08  2.963279E-08  3.534455E-08  9.810904E-02  8.352998E-05  7.437352E-07  4.780251E-01  8.094739E-03  1.351798E-03  1.970426E-05  1.980048E-03  3.141784E-07  1.034258E-06  2.029391E-07  2.230607E-01  2.037744E-04  2.183368E-06  1.915575E-06  6.542407E-04  8.905415E-04  9.144396E-05  6.791206E-06  8.604578E-06  7.673892E-06
 2.751500E+02  1.887436E-01  1.200229E-04  1.973682E-08  2.592254E-08  2.884517E-08  3.441590E-08  9.814887E-02  8.149704E-05  6.858374E-07  4.797239E-01  7.951194E-03  1.260420E-03  1.908126E-05  1.942603E-03  2.947752E-07  9.735048E-07  1.944108E-07  2.201899E-01  1.932777E-04  2.112087E-06  1.851449E-06  6.407897E-04  8.721785E-04  8.499318E-05  6.288498E-06  7.970794E-06  7.235091E-06
 2.761500E+02  1.901838E-01  1.195378E-04  1.920417E-08  2.523136E-08  2.807813E-08  3.351113E-08  9.818755E-02  7.952938E-05  6.328451E-07  4.813941E-01  7.810732E-03  1.175712E-03  1.848093E-05  1.906006E-03  2.766876E-07  9.166883E-07  1.862765E-07  2.173541E-01  1.833697E-04  2.043298E-06  1.789626E-06  6.276964E-04  8.543065E-04  7.903585E-05  5.826242E-06  7.387784E-06  6.823739E-06
 2.771500E+02  1.916058E-01  1.190401E-04  1.868576E-08  2.455838E-08  2.733121E-08  3.262976E-08  9.822511E-02  7.762449E-05  5.843114E-07  4.830364E-01  7.673289E-03  1.097156E-03  1.790237E-05  1.870237E-03  2.598192E-07  8.635319E-07  1.785166E-07  2.145536E-01  1.740152E-04  1.976913E-06  1.730021E-06  6.149501E-04  8.369105E-04  7.353158E-05  5.400943E-06  6.851181E-06  6.437991E-06
 2.781500E+02  1.930096E-01  1.185306E-04  1.818128E-08  2.390321E-08  2.660399E-08  3.177129E-08  9.826160E-02  7.578000E-05  5.398327E-07  4.846514E-01  7.538801E-03  1.024276E-03  1.734475E-05  1.835276E-03  2.440809E-07  8.137796E-07  1.711127E-07  2.117883E-01  1.651813E-04  1.912848E-06  1.672554E-06  6.025405E-04  8.199762E-04  6.844347E-05  5.009427E-06  6.357014E-06  6.076130E-06
 2.791500E+02  1.943953E-01  1.180098E-04  1.769042E-08  2.326546E-08  2.589604E-08  3.093525E-08  9.829707E-02  7.399363E-05  4.990445E-07  4.862396E-01  7.407207E-03  9.566343E-04  1.680726E-05  1.801104E-03  2.293910E-07  7.671950E-07  1.640473E-07  2.090582E-01  1.568370E-04  1.851020E-06  1.617146E-06  5.904573E-04  8.034894E-04  6.373780E-05  4.648812E-06  5.901676E-06  5.736565E-06
 2.801500E+02  1.957628E-01  1.174782E-04  1.721287E-08  2.264474E-08  2.520694E-08  3.012115E-08  9.833155E-02  7.226320E-05  4.616170E-07  4.878016E-01  7.278445E-03  8.938291E-04  1.628910E-05  1.767703E-03  2.156739E-07  7.235590E-07  1.573037E-07  2.063633E-01  1.489533E-04  1.791350E-06  1.563722E-06  5.786908E-04  7.874368E-04  5.938376E-05  4.316475E-06  5.481886E-06  5.417815E-06
 2.811500E+02  1.971122E-01  1.169365E-04  1.674832E-08  2.204068E-08  2.453626E-08  2.932852E-08  9.836507E-02  7.058662E-05  4.272520E-07  4.893379E-01  7.152451E-03  8.354910E-04  1.578952E-05  1.735052E-03  2.028597E-07  6.826689E-07  1.508664E-07  2.037036E-01  1.415029E-04  1.733762E-06  1.512210E-06  5.672314E-04  7.718050E-04  5.535315E-05  4.010031E-06  5.094659E-06  5.118506E-06
 2.821500E+02  1.984436E-01  1.163852E-04  1.629647E-08  2.145289E-08  2.388360E-08  2.855688E-08  9.839768E-02  6.896190E-05  3.956795E-07  4.908489E-01  7.029167E-03  7.812804E-04  1.530779E-05  1.703136E-03  1.908842E-07  6.443370E-07  1.447202E-07  2.010789E-01  1.344605E-04  1.678182E-06  1.462540E-06  5.560698E-04  7.565814E-04  5.162020E-05  3.727310E-06  4.737274E-06  4.837359E-06
 2.831500E+02  1.997570E-01  1.158249E-04  1.585702E-08  2.088101E-08  2.324853E-08  2.780578E-08  9.842940E-02  6.738711E-05  3.666550E-07  4.923352E-01  6.908531E-03  7.308849E-04  1.484322E-05  1.671935E-03  1.796879E-07  6.083893E-07  1.388512E-07  1.984892E-01  1.278021E-04  1.624539E-06  1.414645E-06  5.451972E-04  7.417536E-04  4.816129E-05  3.466335E-06  4.407256E-06  4.573184E-06
 2.841500E+02  2.010526E-01  1.152562E-04  1.542967E-08  2.032466E-08  2.263067E-08  2.707475E-08  9.846027E-02  6.586042E-05  3.399567E-07  4.937972E-01  6.790483E-03  6.840171E-04  1.439515E-05  1.641433E-03  1.692157E-07  5.746645E-07  1.332459E-07  1.959343E-01  1.215051E-04  1.572763E-06  1.368458E-06  5.346048E-04  7.273096E-04  4.495483E-05  3.225304E-06  4.102347E-06  4.324877E-06
 2.851500E+02  2.023303E-01  1.146795E-04  1.501414E-08  1.978347E-08  2.202959E-08  2.636333E-08  9.849032E-02  6.438007E-05  3.153834E-07  4.952352E-01  6.674966E-03  6.404127E-04  1.396292E-05  1.611613E-03  1.594171E-07  5.430132E-07  1.278916E-07  1.934141E-01  1.155486E-04  1.522788E-06  1.323918E-06  5.242843E-04  7.132380E-04  4.198099E-05  3.002576E-06  3.820487E-06  4.091407E-06
 2.861500E+02  2.035903E-01  1.140954E-04  1.461013E-08  1.925710E-08  2.144491E-08  2.567108E-08  9.851957E-02  6.294437E-05  2.927528E-07  4.966499E-01  6.561921E-03  5.998282E-04  1.354592E-05  1.582460E-03  1.502448E-07  5.132966E-07  1.227762E-07  1.909284E-01  1.099128E-04  1.474550E-06  1.280964E-06  5.142276E-04  6.995275E-04  3.922164E-05  2.796652E-06  3.559798E-06  3.871817E-06
 2.871500E+02  2.048328E-01  1.135045E-04  1.421736E-08  1.874518E-08  2.087624E-08  2.499753E-08  9.854805E-02  6.155172E-05  2.718990E-07  4.980415E-01  6.451293E-03  5.620393E-04  1.314356E-05  1.553956E-03  1.416556E-07  4.853860E-07  1.178882E-07  1.884770E-01  1.045791E-04  1.427986E-06  1.239538E-06  5.044267E-04  6.861672E-04  3.666012E-05  2.606166E-06  3.318565E-06  3.665214E-06
 2.881500E+02  2.060578E-01  1.129072E-04  1.383556E-08  1.824735E-08  2.032318E-08  2.434225E-08  9.857579E-02  6.020055E-05  2.526713E-07  4.994104E-01  6.343025E-03  5.268396E-04  1.275528E-05  1.526086E-03  1.336091E-07  4.591618E-07  1.132167E-07  1.860598E-01  9.953017E-05  1.383037E-06  1.199583E-06  4.948740E-04  6.731467E-04  3.428119E-05  2.429869E-06  3.095220E-06  3.470768E-06
 2.891500E+02  2.072654E-01  1.123040E-04  1.346444E-08  1.776328E-08  1.978536E-08  2.370480E-08  9.860282E-02  5.888939E-05  2.349329E-07  5.007571E-01  6.237064E-03  4.940387E-04  1.238051E-05  1.498836E-03  1.260682E-07  4.345129E-07  1.087515E-07  1.836764E-01  9.474954E-05  1.339645E-06  1.161045E-06  4.855623E-04  6.604559E-04  3.207081E-05  2.266620E-06  2.888332E-06  3.287706E-06
 2.901500E+02  2.084558E-01  1.116954E-04  1.310373E-08  1.729263E-08  1.926240E-08  2.308475E-08  9.862914E-02  5.761682E-05  2.185589E-07  5.020819E-01  6.133355E-03  4.634610E-04  1.201876E-05  1.472190E-03  1.189983E-07  4.113364E-07  1.044827E-07  1.813267E-01  9.022190E-05  1.297754E-06  1.123872E-06  4.764843E-04  6.480848E-04  3.001612E-05  2.115377E-06  2.696591E-06  3.115304E-06
 2.911500E+02  2.096292E-01  1.110819E-04  1.275318E-08  1.683505E-08  1.875392E-08  2.248167E-08  9.865480E-02  5.638145E-05  2.034360E-07  5.033853E-01  6.031846E-03  4.349448E-04  1.166950E-05  1.446134E-03  1.123675E-07  3.895361E-07  1.004010E-07  1.790103E-01  8.593281E-05  1.257310E-06  1.088013E-06  4.676331E-04  6.360241E-04  2.810531E-05  1.975187E-06  2.518799E-06  2.952892E-06
 2.921500E+02  2.107856E-01  1.104639E-04  1.241251E-08  1.639021E-08  1.825957E-08  2.189515E-08  9.867981E-02  5.518199E-05  1.894607E-07  5.046674E-01  5.932487E-03  4.083407E-04  1.133227E-05  1.420654E-03  1.061460E-07  3.690231E-07  9.649747E-08  1.767271E-01  8.186872E-05  1.218260E-06  1.053421E-06  4.590022E-04  6.242645E-04  2.632752E-05  1.845177E-06  2.353859E-06  2.799840E-06
 2.931500E+02  2.119253E-01  1.098418E-04  1.208147E-08  1.595779E-08  1.777898E-08  2.132476E-08  9.870419E-02  5.401717E-05  1.765389E-07  5.059288E-01  5.835227E-03  3.835108E-04  1.100659E-05  1.395735E-03  1.003065E-07  3.497142E-07  9.276382E-08  1.744767E-01  7.801689E-05  1.180556E-06  1.020048E-06  4.505849E-04  6.127972E-04  2.467275E-05  1.724547E-06  2.200767E-06  2.655566E-06
 2.941500E+02  2.130483E-01  1.092161E-04  1.175980E-08  1.553747E-08  1.731180E-08  2.077011E-08  9.872796E-02  5.288579E-05  1.645846E-07  5.071697E-01  5.740016E-03  3.603279E-04  1.069203E-05  1.371366E-03  9.482331E-08  3.315324E-07  8.919201E-08  1.722589E-01  7.436535E-05  1.144149E-06  9.878487E-07  4.423751E-04  6.016134E-04  2.313182E-05  1.612567E-06  2.058601E-06  2.519522E-06
 2.951500E+02  2.141549E-01  1.085872E-04  1.144726E-08  1.512893E-08  1.685768E-08  2.023078E-08  9.875114E-02  5.178668E-05  1.535194E-07  5.083906E-01  5.646807E-03  3.386745E-04  1.038817E-05  1.347532E-03  8.967288E-08  3.144057E-07  8.577446E-08  1.700734E-01  7.090284E-05  1.108991E-06  9.567807E-07  4.343667E-04  5.907051E-04  2.169627E-05  1.508565E-06  1.926519E-06  2.391199E-06
 2.961500E+02  2.152452E-01  1.079554E-04  1.114360E-08  1.473186E-08  1.641627E-08  1.970640E-08  9.877375E-02  5.071873E-05  1.432716E-07  5.095916E-01  5.555553E-03  3.184419E-04  1.009459E-05  1.324220E-03  8.483317E-08  2.982672E-07  8.250395E-08  1.679197E-01  6.761878E-05  1.075038E-06  9.268019E-07  4.265538E-04  5.800639E-04  2.035833E-05  1.411926E-06  1.803745E-06  2.270121E-06
 2.971500E+02  2.163193E-01  1.073212E-04  1.084858E-08  1.434596E-08  1.598725E-08  1.919656E-08  9.879580E-02  4.968088E-05  1.337759E-07  5.107732E-01  5.466208E-03  2.995297E-04  9.810907E-06  1.301418E-03  8.028376E-08  2.830547E-07  7.937362E-08  1.657978E-01  6.450322E-05  1.042247E-06  8.978719E-07  4.189308E-04  5.696823E-04  1.911082E-05  1.322086E-06  1.689571E-06  2.155843E-06
 2.981500E+02  2.173775E-01  1.066849E-04  1.056197E-08  1.397093E-08  1.557029E-08  1.870090E-08  9.881732E-02  4.867210E-05  1.249723E-07  5.119356E-01  5.378728E-03  2.818451E-04  9.536746E-06  1.279115E-03  7.600567E-08  2.687098E-07  7.637696E-08  1.637071E-01  6.154680E-05  1.010576E-06  8.699522E-07  4.114922E-04  5.595526E-04  1.794714E-05  1.238527E-06  1.583342E-06  2.047951E-06
 2.991500E+02  2.184200E-01  1.060469E-04  1.028354E-08  1.360648E-08  1.516506E-08  1.821902E-08  9.883832E-02  4.769139E-05  1.168062E-07  5.130792E-01  5.293068E-03  2.653022E-04  9.271747E-06  1.257297E-03  7.198125E-08  2.551786E-07  7.350776E-08  1.616473E-01  5.874071E-05  9.799834E-07  8.430053E-07  4.042326E-04  5.496676E-04  1.686120E-05  1.160774E-06  1.484460E-06  1.946057E-06
 3.001500E+02  2.194468E-01  1.054075E-04  1.001306E-08  1.325233E-08  1.477124E-08  1.775058E-08  9.885881E-02  4.673781E-05  1.092276E-07  5.142043E-01  5.209186E-03  2.498216E-04  9.015566E-06  1.235953E-03  6.819409E-08  2.424104E-07  7.076015E-08  1.596183E-01  5.607666E-05  9.504317E-07  8.169954E-07  3.971470E-04  5.400202E-04  1.584738E-05  1.088389E-06  1.392374E-06  1.849797E-06
 3.011500E+02  2.204582E-01  1.047670E-04  9.750310E-09  1.290818E-08  1.438852E-08  1.729521E-08  9.887881E-02  4.581046E-05  1.021905E-07  5.153111E-01  5.127041E-03  2.353297E-04  8.767872E-06  1.215072E-03  6.462893E-08  2.303582E-07  6.812851E-08  1.576195E-01  5.354686E-05  9.218831E-07  7.918878E-07  3.902304E-04  5.306036E-04  1.490050E-05  1.020971E-06  1.306578E-06  1.758833E-06
 3.021500E+02  2.214543E-01  1.041258E-04  9.495078E-09  1.257377E-08  1.401661E-08  1.685255E-08  9.889833E-02  4.490844E-05  9.565303E-08  5.164001E-01  5.046590E-03  2.217583E-04  8.528349E-06  1.194644E-03  6.127154E-08  2.189779E-07  6.560752E-08  1.556506E-01  5.114397E-05  8.943014E-07  7.676494E-07  3.834780E-04  5.214111E-04  1.401578E-05  9.581495E-07  1.226605E-06  1.672847E-06
 3.031500E+02  2.224354E-01  1.034841E-04  9.247152E-09  1.224883E-08  1.365521E-08  1.642227E-08  9.891740E-02  4.403093E-05  8.957658E-08  5.174714E-01  4.967796E-03  2.090443E-04  8.296692E-06  1.174656E-03  5.810871E-08  2.082284E-07  6.319211E-08  1.537113E-01  4.886106E-05  8.676519E-07  7.442481E-07  3.768850E-04  5.124365E-04  1.318879E-05  8.995853E-07  1.152026E-06  1.591543E-06
 3.041500E+02  2.234017E-01  1.028423E-04  9.006327E-09  1.193309E-08  1.330401E-08  1.600403E-08  9.893601E-02  4.317711E-05  8.392587E-08  5.185254E-01  4.890618E-03  1.971293E-04  8.072610E-06  1.155098E-03  5.512810E-08  1.980715E-07  6.087746E-08  1.518013E-01  4.669164E-05  8.419009E-07  7.216530E-07  3.704470E-04  5.036734E-04  1.241546E-05  8.449651E-07  1.082447E-06  1.514642E-06
 3.051500E+02  2.243532E-01  1.022006E-04  8.772401E-09  1.162631E-08  1.296275E-08  1.559749E-08  9.895419E-02  4.234620E-05  7.866849E-08  5.195623E-01  4.815020E-03  1.859590E-04  7.855822E-06  1.135961E-03  5.231825E-08  1.884711E-07  5.865897E-08  1.499201E-01  4.462956E-05  8.170163E-07  6.998346E-07  3.641597E-04  4.951160E-04  1.169202E-05  7.940005E-07  1.017503E-06  1.441884E-06
 3.061500E+02  2.252903E-01  1.015593E-04  8.545177E-09  1.132822E-08  1.263114E-08  1.520234E-08  9.897195E-02  4.153745E-05  7.377468E-08  5.205825E-01  4.740964E-03  1.754831E-04  7.646060E-06  1.117234E-03  4.966845E-08  1.793939E-07  5.653230E-08  1.480675E-01  4.266905E-05  7.929668E-07  6.787641E-07  3.580188E-04  4.867585E-04  1.101497E-05  7.464260E-07  9.568598E-07  1.373026E-06
 3.071500E+02  2.262130E-01  1.009186E-04  8.324465E-09  1.103858E-08  1.230891E-08  1.481825E-08  9.898929E-02  4.075014E-05  6.921709E-08  5.215861E-01  4.668414E-03  1.656549E-04  7.443065E-06  1.098907E-03  4.716871E-08  1.708086E-07  5.449328E-08  1.462430E-01  4.080466E-05  7.697224E-07  6.584141E-07  3.520202E-04  4.785951E-04  1.038110E-05  7.019965E-07  9.002067E-07  1.307840E-06
 3.081500E+02  2.271216E-01  1.002789E-04  8.110077E-09  1.075716E-08  1.199580E-08  1.444492E-08  9.900624E-02  3.998358E-05  6.497060E-08  5.225735E-01  4.597336E-03  1.564312E-04  7.246590E-06  1.080970E-03  4.480974E-08  1.626858E-07  5.253797E-08  1.444462E-01  3.903126E-05  7.472543E-07  6.387583E-07  3.461599E-04  4.706206E-04  9.787410E-06  6.604862E-07  8.472587E-07  1.246112E-06
 3.091500E+02  2.280163E-01  9.964021E-05  7.901832E-09  1.048371E-08  1.169154E-08  1.408206E-08  9.902279E-02  3.923710E-05  6.101211E-08  5.235450E-01  4.527694E-03  1.477717E-04  7.056398E-06  1.063415E-03  4.258286E-08  1.549981E-07  5.066259E-08  1.426769E-01  3.734401E-05  7.255347E-07  6.197710E-07  3.404341E-04  4.628295E-04  9.231142E-06  6.216865E-07  7.977522E-07  1.187640E-06
 3.101500E+02  2.288972E-01  9.900289E-05  7.699550E-09  1.021802E-08  1.139589E-08  1.372935E-08  9.903897E-02  3.851006E-05  5.732035E-08  5.245008E-01  4.459456E-03  1.396390E-04  6.872261E-06  1.046233E-03  4.047995E-08  1.477200E-07  4.886357E-08  1.409347E-01  3.573834E-05  7.045367E-07  6.014280E-07  3.348392E-04  4.552170E-04  8.709734E-06  5.854050E-07  7.514439E-07  1.132239E-06
 3.111500E+02  2.297646E-01  9.836713E-05  7.503060E-09  9.959859E-09  1.110860E-08  1.338653E-08  9.905479E-02  3.780183E-05  5.387576E-08  5.254411E-01  4.392590E-03  1.319985E-04  6.693959E-06  1.029413E-03  3.849346E-08  1.408273E-07  4.713750E-08  1.392191E-01  3.420996E-05  6.842346E-07  5.837054E-07  3.293714E-04  4.477779E-04  8.220816E-06  5.514639E-07  7.081090E-07  1.079730E-06
 3.121500E+02  2.306186E-01  9.773311E-05  7.312192E-09  9.709010E-09  1.082943E-08  1.305330E-08  9.907024E-02  3.711182E-05  5.066030E-08  5.263662E-01  4.327062E-03  1.248180E-04  6.521281E-06  1.012949E-03  3.661630E-08  1.342976E-07  4.548113E-08  1.375299E-01  3.275480E-05  6.646033E-07  5.665808E-07  3.240274E-04  4.405076E-04  7.762188E-06  5.196989E-07  6.675395E-07  1.029949E-06
 3.131500E+02  2.314595E-01  9.710103E-05  7.126783E-09  9.465264E-09  1.055815E-08  1.272940E-08  9.908535E-02  3.643946E-05  4.765737E-08  5.272764E-01  4.262842E-03  1.180673E-04  6.354027E-06  9.968303E-04  3.484189E-08  1.281099E-07  4.389137E-08  1.358666E-01  3.136903E-05  6.456191E-07  5.500323E-07  3.188037E-04  4.334014E-04  7.331812E-06  4.899581E-07  6.295434E-07  9.827413E-07
 3.141500E+02  2.322873E-01  9.647108E-05  6.946671E-09  9.228414E-09  1.029453E-08  1.241456E-08  9.910013E-02  3.578419E-05  4.485167E-08  5.281720E-01  4.199901E-03  1.117187E-04  6.192001E-06  9.810499E-04  3.316403E-08  1.222444E-07  4.236527E-08  1.342289E-01  3.004904E-05  6.272588E-07  5.340388E-07  3.136971E-04  4.264549E-04  6.927795E-06  4.621011E-07  5.939427E-07  9.379602E-07
 3.151500E+02  2.331024E-01  9.584342E-05  6.771702E-09  8.998261E-09  1.003834E-08  1.210852E-08  9.911457E-02  3.514548E-05  4.222905E-08  5.290530E-01  4.138208E-03  1.057462E-04  6.035018E-06  9.655995E-04  3.157698E-08  1.166827E-07  4.090002E-08  1.326164E-01  2.879140E-05  6.095001E-07  5.185803E-07  3.087043E-04  4.196636E-04  6.548383E-06  4.359979E-07  5.605729E-07  8.954694E-07
 3.161500E+02  2.339048E-01  9.521821E-05  6.601725E-09  8.774610E-09  9.789379E-09  1.181103E-08  9.912870E-02  3.452282E-05  3.977650E-08  5.299199E-01  4.077735E-03  1.001256E-04  5.882898E-06  9.504713E-04  3.007532E-08  1.114072E-07  3.949296E-08  1.310288E-01  2.759290E-05  5.923218E-07  5.036372E-07  3.038224E-04  4.130235E-04  6.191946E-06  4.115283E-07  5.292816E-07  8.551404E-07
 3.171500E+02  2.346948E-01  9.459562E-05  6.436591E-09  8.557270E-09  9.547427E-09  1.152183E-08  9.914251E-02  3.391570E-05  3.748199E-08  5.307729E-01  4.018454E-03  9.483438E-05  5.735469E-06  9.356575E-04  2.865400E-08  1.064019E-07  3.814154E-08  1.294657E-01  2.645050E-05  5.757031E-07  4.891909E-07  2.990484E-04  4.065303E-04  5.856970E-06  3.885807E-07  4.999276E-07  8.168526E-07
 3.181500E+02  2.354726E-01  9.397578E-05  6.276157E-09  8.346059E-09  9.312282E-09  1.124071E-08  9.915602E-02  3.332367E-05  3.533438E-08  5.316121E-01  3.960338E-03  8.985165E-05  5.592566E-06  9.211508E-04  2.730830E-08  1.016514E-07  3.684332E-08  1.279267E-01  2.536131E-05  5.596243E-07  4.752233E-07  2.943793E-04  4.001803E-04  5.542050E-06  3.670520E-07  4.723800E-07  7.804927E-07
 3.191500E+02  2.362383E-01  9.335884E-05  6.120284E-09  8.140795E-09  9.083745E-09  1.096741E-08  9.916924E-02  3.274624E-05  3.332343E-08  5.324378E-01  3.903359E-03  8.515786E-05  5.454030E-06  9.069439E-04  2.603379E-08  9.714140E-08  3.559600E-08  1.264116E-01  2.432263E-05  5.440663E-07  4.617173E-07  2.898124E-04  3.939695E-04  5.245876E-06  3.468464E-07  4.465176E-07  7.459539E-07
 3.201500E+02  2.369921E-01  9.274492E-05  5.968837E-09  7.941304E-09  8.861622E-09  1.070171E-08  9.918217E-02  3.218298E-05  3.143962E-08  5.332503E-01  3.847493E-03  8.073482E-05  5.319709E-06  8.930297E-04  2.482632E-08  9.285843E-08  3.439737E-08  1.249198E-01  2.333188E-05  5.290105E-07  4.486560E-07  2.853449E-04  3.878942E-04  4.967235E-06  3.278753E-07  4.222278E-07  7.131362E-07
 3.211500E+02  2.377342E-01  9.213415E-05  5.821685E-09  7.747417E-09  8.645726E-09  1.044340E-08  9.919482E-02  3.163346E-05  2.967417E-08  5.340497E-01  3.792713E-03  7.656557E-05  5.189454E-06  8.794012E-04  2.368202E-08  8.878985E-08  3.324534E-08  1.234511E-01  2.238663E-05  5.144393E-07  4.360236E-07  2.809742E-04  3.819509E-04  4.704996E-06  3.100563E-07  3.994062E-07  6.819453E-07
 3.221500E+02  2.384648E-01  9.152663E-05  5.678698E-09  7.558968E-09  8.435874E-09  1.019225E-08  9.920720E-02  3.109727E-05  2.801897E-08  5.348363E-01  3.738995E-03  7.263428E-05  5.063126E-06  8.660518E-04  2.259724E-08  8.492381E-08  3.213788E-08  1.220052E-01  2.148460E-05  5.003357E-07  4.238046E-07  2.766979E-04  3.761361E-04  4.458106E-06  2.933130E-07  3.779559E-07  6.522925E-07
 3.231500E+02  2.391840E-01  9.092249E-05  5.539753E-09  7.375797E-09  8.231887E-09  9.948063E-09  9.921931E-02  3.057401E-05  2.646647E-08  5.356103E-01  3.686315E-03  6.892618E-05  4.940589E-06  8.529749E-04  2.156857E-08  8.124914E-08  3.107310E-08  1.205816E-01  2.062362E-05  4.866832E-07  4.119841E-07  2.725133E-04  3.704463E-04  4.225585E-06  2.775746E-07  3.577867E-07  6.240944E-07
 3.241500E+02  2.398921E-01  9.032181E-05  5.404729E-09  7.197749E-09  8.033593E-09  9.710631E-09  9.923117E-02  3.006330E-05  2.500972E-08  5.363719E-01  3.634649E-03  6.542750E-05  4.821711E-06  8.401641E-04  2.059280E-08  7.775535E-08  3.004917E-08  1.191800E-01  1.980162E-05  4.734659E-07  4.005479E-07  2.684182E-04  3.648784E-04  4.006523E-06  2.627750E-07  3.388152E-07  5.972724E-07
 3.251500E+02  2.405892E-01  8.972470E-05  5.273510E-09  7.024671E-09  7.840824E-09  9.479757E-09  9.924278E-02  2.956475E-05  2.364225E-08  5.371213E-01  3.583975E-03  6.212537E-05  4.706368E-06  8.276131E-04  1.966695E-08  7.443258E-08  2.906435E-08  1.178002E-01  1.901667E-05  4.606686E-07  3.894822E-07  2.644101E-04  3.594291E-04  3.800069E-06  2.488532E-07  3.209634E-07  5.717526E-07
 3.261500E+02  2.412755E-01  8.913123E-05  5.145980E-09  6.856418E-09  7.653417E-09  9.255251E-09  9.925414E-02  2.907802E-05  2.235807E-08  5.378588E-01  3.534270E-03  5.900777E-05  4.594438E-06  8.153159E-04  1.878818E-08  7.127156E-08  2.811698E-08  1.164417E-01  1.826694E-05  4.482767E-07  3.787739E-07  2.604869E-04  3.540953E-04  3.605431E-06  2.357522E-07  3.041592E-07  5.474653E-07
 3.271500E+02  2.419511E-01  8.854151E-05  5.022031E-09  6.692844E-09  7.471213E-09  9.036925E-09  9.926526E-02  2.860276E-05  2.115163E-08  5.385845E-01  3.485513E-03  5.606349E-05  4.485806E-06  8.032665E-04  1.795387E-08  6.826355E-08  2.720549E-08  1.151042E-01  1.755069E-05  4.362759E-07  3.684102E-07  2.566463E-04  3.488741E-04  3.421871E-06  2.234190E-07  2.883352E-07  5.243450E-07
 3.281500E+02  2.426162E-01  8.795559E-05  4.901554E-09  6.533814E-09  7.294059E-09  8.824599E-09  9.927615E-02  2.813864E-05  2.001777E-08  5.392986E-01  3.437682E-03  5.328202E-05  4.380359E-06  7.914591E-04  1.716151E-08  6.540034E-08  2.632835E-08  1.137874E-01  1.686626E-05  4.246527E-07  3.583790E-07  2.528863E-04  3.437626E-04  3.248701E-06  2.118045E-07  2.734289E-07  5.023299E-07
 3.291500E+02  2.432710E-01  8.737355E-05  4.784446E-09  6.379190E-09  7.121805E-09  8.618096E-09  9.928681E-02  2.768532E-05  1.895172E-08  5.400014E-01  3.390756E-03  5.065356E-05  4.277990E-06  7.798881E-04  1.640879E-08  6.267420E-08  2.548413E-08  1.124910E-01  1.621210E-05  4.133940E-07  3.486683E-07  2.492047E-04  3.387579E-04  3.085277E-06  2.008628E-07  2.593820E-07  4.813616E-07
 3.301500E+02  2.439157E-01  8.679545E-05  4.670606E-09  6.228843E-09  6.954306E-09  8.417247E-09  9.929726E-02  2.724250E-05  1.794902E-08  5.406930E-01  3.344716E-03  4.816895E-05  4.178596E-06  7.685480E-04  1.569351E-08  6.007783E-08  2.467145E-08  1.112146E-01  1.558674E-05  4.024871E-07  3.392670E-07  2.455995E-04  3.338573E-04  2.931002E-06  1.905513E-07  2.461402E-07  4.613852E-07
 3.311500E+02  2.445504E-01  8.622136E-05  4.559936E-09  6.082647E-09  6.791421E-09  8.221885E-09  9.930748E-02  2.680988E-05  1.700555E-08  5.413737E-01  3.299541E-03  4.581959E-05  4.082076E-06  7.574334E-04  1.501361E-08  5.760438E-08  2.388900E-08  1.099579E-01  1.498878E-05  3.919199E-07  3.301640E-07  2.420689E-04  3.290582E-04  2.785314E-06  1.808301E-07  2.336530E-07  4.423489E-07
 3.321500E+02  2.451753E-01  8.565134E-05  4.452341E-09  5.940476E-09  6.633015E-09  8.031850E-09  9.931750E-02  2.638717E-05  1.611748E-08  5.420435E-01  3.255212E-03  4.359746E-05  3.988335E-06  7.465391E-04  1.436715E-08  5.524739E-08  2.313553E-08  1.087206E-01  1.441688E-05  3.816805E-07  3.213490E-07  2.386110E-04  3.243580E-04  2.647691E-06  1.716624E-07  2.218732E-07  4.242039E-07
 3.331500E+02  2.457905E-01  8.508542E-05  4.347728E-09  5.802214E-09  6.478954E-09  7.846985E-09  9.932732E-02  2.597408E-05  1.528124E-08  5.427028E-01  3.211711E-03  4.149505E-05  3.897280E-06  7.358600E-04  1.375232E-08  5.300075E-08  2.240983E-08  1.075025E-01  1.386981E-05  3.717579E-07  3.128117E-07  2.352238E-04  3.197542E-04  2.517646E-06  1.630135E-07  2.107570E-07  4.069041E-07
 3.341500E+02  2.463962E-01  8.452366E-05  4.246009E-09  5.667742E-09  6.329109E-09  7.667138E-09  9.933693E-02  2.557035E-05  1.449350E-08  5.433516E-01  3.169020E-03  3.950531E-05  3.808823E-06  7.253912E-04  1.316739E-08  5.085872E-08  2.171077E-08  1.063030E-01  1.334637E-05  3.621410E-07  3.045425E-07  2.319057E-04  3.152444E-04  2.394721E-06  1.548513E-07  2.002632E-07  3.904058E-07
 3.351500E+02  2.469925E-01  8.396609E-05  4.147096E-09  5.536949E-09  6.183356E-09  7.492162E-09  9.934635E-02  2.517570E-05  1.375118E-08  5.439902E-01  3.127120E-03  3.762167E-05  3.722877E-06  7.151278E-04  1.261077E-08  4.881588E-08  2.103725E-08  1.051221E-01  1.284542E-05  3.528194E-07  2.965321E-07  2.286549E-04  3.108262E-04  2.278489E-06  1.471457E-07  1.903538E-07  3.746681E-07
 3.361500E+02  2.475797E-01  8.341276E-05  4.050906E-09  5.409726E-09  6.041573E-09  7.321915E-09  9.935558E-02  2.478990E-05  1.305140E-08  5.446188E-01  3.085994E-03  3.583793E-05  3.639360E-06  7.050650E-04  1.208093E-08  4.686712E-08  2.038822E-08  1.039593E-01  1.236591E-05  3.437829E-07  2.887713E-07  2.254697E-04  3.064974E-04  2.168553E-06  1.398688E-07  1.809929E-07  3.596521E-07
 3.371500E+02  2.481578E-01  8.286370E-05  3.957358E-09  5.285967E-09  5.903644E-09  7.156257E-09  9.936462E-02  2.441268E-05  1.239150E-08  5.452374E-01  3.045625E-03  3.414831E-05  3.558194E-06  6.951983E-04  1.157643E-08  4.500762E-08  1.976270E-08  1.028144E-01  1.190682E-05  3.350220E-07  2.812516E-07  2.223486E-04  3.022556E-04  2.064537E-06  1.329943E-07  1.721472E-07  3.453213E-07
 3.381500E+02  2.487270E-01  8.231894E-05  3.866371E-09  5.165569E-09  5.769454E-09  6.995055E-09  9.937349E-02  2.404381E-05  1.176896E-08  5.458464E-01  3.005997E-03  3.254739E-05  3.479300E-06  6.855232E-04  1.109595E-08  4.323281E-08  1.915971E-08  1.016871E-01  1.146718E-05  3.265272E-07  2.739646E-07  2.192899E-04  2.980989E-04  1.966094E-06  1.264979E-07  1.637857E-07  3.316409E-07
 3.391500E+02  2.492875E-01  8.177850E-05  3.777871E-09  5.048433E-09  5.638893E-09  6.838177E-09  9.938217E-02  2.368307E-05  1.118146E-08  5.464458E-01  2.967094E-03  3.103008E-05  3.402605E-06  6.760353E-04  1.063821E-08  4.153840E-08  1.857837E-08  1.005770E-01  1.104608E-05  3.182894E-07  2.669022E-07  2.162921E-04  2.940250E-04  1.872895E-06  1.203567E-07  1.558791E-07  3.185782E-07
 3.401500E+02  2.498393E-01  8.124241E-05  3.691781E-09  4.934462E-09  5.511853E-09  6.685497E-09  9.939069E-02  2.333022E-05  1.062685E-08  5.470358E-01  2.928899E-03  2.959160E-05  3.328039E-06  6.667304E-04  1.020201E-08  3.992033E-08  1.801779E-08  9.948396E-02  1.064266E-05  3.103000E-07  2.600567E-07  2.133537E-04  2.900320E-04  1.784635E-06  1.145493E-07  1.484004E-07  3.061024E-07
 3.411500E+02  2.503827E-01  8.071068E-05  3.608032E-09  4.823563E-09  5.388231E-09  6.536892E-09  9.939904E-02  2.298506E-05  1.010308E-08  5.476167E-01  2.891397E-03  2.822747E-05  3.255532E-06  6.576042E-04  9.786228E-09  3.837477E-08  1.747714E-08  9.840763E-02  1.025609E-05  3.025507E-07  2.534207E-07  2.104732E-04  2.861178E-04  1.701026E-06  1.090560E-07  1.413239E-07  2.941843E-07
 3.421500E+02  2.509178E-01  8.018333E-05  3.526552E-09  4.715644E-09  5.267926E-09  6.392243E-09  9.940722E-02  2.264738E-05  9.608280E-09  5.481884E-01  2.854574E-03  2.693349E-05  3.185019E-06  6.486528E-04  9.389805E-09  3.689807E-08  1.695562E-08  9.734775E-02  9.885592E-06  2.950332E-07  2.469870E-07  2.076494E-04  2.822806E-04  1.621800E-06  1.038579E-07  1.346261E-07  2.827960E-07
 3.431500E+02  2.514447E-01  7.966038E-05  3.447274E-09  4.610618E-09  5.150839E-09  6.251435E-09  9.941525E-02  2.231697E-05  9.140681E-09  5.487513E-01  2.818415E-03  2.570572E-05  3.116435E-06  6.398721E-04  9.011736E-09  3.548683E-08  1.645248E-08  9.630403E-02  9.530427E-06  2.877399E-07  2.407486E-07  2.048807E-04  2.785185E-04  1.546704E-06  9.893761E-08  1.282844E-07  2.719116E-07
 3.441500E+02  2.519636E-01  7.914183E-05  3.370133E-09  4.508400E-09  5.036878E-09  6.114354E-09  9.942311E-02  2.199363E-05  8.698638E-09  5.493055E-01  2.782905E-03  2.454043E-05  3.049720E-06  6.312583E-04  8.651078E-09  3.413779E-08  1.596699E-08  9.527621E-02  9.189889E-06  2.806633E-07  2.346990E-07  2.021659E-04  2.748297E-04  1.475502E-06  9.427887E-08  1.222783E-07  2.615062E-07
 3.451500E+02  2.524745E-01  7.862769E-05  3.295065E-09  4.408907E-09  4.925948E-09  5.980894E-09  9.943083E-02  2.167719E-05  8.280613E-09  5.498510E-01  2.748030E-03  2.343416E-05  2.984813E-06  6.228077E-04  8.306938E-09  3.284790E-08  1.549844E-08  9.426403E-02  8.863310E-06  2.737960E-07  2.288317E-07  1.995037E-04  2.712124E-04  1.407973E-06  8.986636E-08  1.165880E-07  2.515564E-07
 3.461500E+02  2.529777E-01  7.811796E-05  3.222008E-09  4.312059E-09  4.817962E-09  5.850947E-09  9.943840E-02  2.136744E-05  7.885169E-09  5.503881E-01  2.713777E-03  2.238362E-05  2.921659E-06  6.145166E-04  7.978475E-09  3.161425E-08  1.504618E-08  9.326722E-02  8.550052E-06  2.671312E-07  2.231405E-07  1.968928E-04  2.676649E-04  1.343908E-06  8.568574E-08  1.111953E-07  2.420401E-07
 3.471500E+02  2.534733E-01  7.761266E-05  3.150904E-09  4.217777E-09  4.712834E-09  5.724413E-09  9.944582E-02  2.106423E-05  7.510961E-09  5.509169E-01  2.680133E-03  2.138574E-05  2.860202E-06  6.063814E-04  7.664892E-09  3.043411E-08  1.460956E-08  9.228552E-02  8.249512E-06  2.606622E-07  2.176194E-07  1.943321E-04  2.641856E-04  1.283112E-06  8.172362E-08  1.060831E-07  2.329362E-07
 3.481500E+02  2.539613E-01  7.711177E-05  3.081694E-09  4.125987E-09  4.610479E-09  5.601191E-09  9.945310E-02  2.076738E-05  7.156733E-09  5.514376E-01  2.647085E-03  2.043763E-05  2.800388E-06  5.983986E-04  7.365441E-09  2.930487E-08  1.418797E-08  9.131868E-02  7.961117E-06  2.543823E-07  2.122629E-07  1.918202E-04  2.607727E-04  1.225402E-06  7.796742E-08  1.012352E-07  2.242249E-07
 3.491500E+02  2.544419E-01  7.661530E-05  3.014322E-09  4.036616E-09  4.510816E-09  5.481186E-09  9.946024E-02  2.047671E-05  6.821308E-09  5.519503E-01  2.614620E-03  1.953656E-05  2.742167E-06  5.905649E-04  7.079410E-09  2.822408E-08  1.378084E-08  9.036644E-02  7.684319E-06  2.482855E-07  2.070652E-07  1.893561E-04  2.574249E-04  1.170605E-06  7.440534E-08  9.663674E-08  2.158874E-07
 3.501500E+02  2.549153E-01  7.612324E-05  2.948735E-09  3.949592E-09  4.413766E-09  5.364304E-09  9.946725E-02  2.019207E-05  6.503585E-09  5.524551E-01  2.582725E-03  1.867997E-05  2.685488E-06  5.828769E-04  6.806130E-09  2.718941E-08  1.338760E-08  8.942858E-02  7.418599E-06  2.423656E-07  2.020212E-07  1.869386E-04  2.541405E-04  1.118560E-06  7.102635E-08  9.227343E-08  2.079057E-07
 3.511500E+02  2.553815E-01  7.563558E-05  2.884879E-09  3.864848E-09  4.319255E-09  5.250455E-09  9.947412E-02  1.991330E-05  6.202535E-09  5.529522E-01  2.551389E-03  1.786546E-05  2.630305E-06  5.753313E-04  6.544967E-09  2.619865E-08  1.300771E-08  8.850483E-02  7.163465E-06  2.366170E-07  1.971256E-07  1.845667E-04  2.509180E-04  1.069115E-06  6.782005E-08  8.813204E-08  2.002629E-07
 3.521500E+02  2.558407E-01  7.515232E-05  2.822703E-09  3.782316E-09  4.227206E-09  5.139552E-09  9.948086E-02  1.964025E-05  5.917191E-09  5.534417E-01  2.520599E-03  1.709075E-05  2.576571E-06  5.679251E-04  6.295321E-09  2.524972E-08  1.264066E-08  8.759497E-02  6.918445E-06  2.310339E-07  1.923736E-07  1.822393E-04  2.477560E-04  1.022126E-06  6.477674E-08  8.420013E-08  1.929431E-07
 3.531500E+02  2.562930E-01  7.467345E-05  2.762159E-09  3.701933E-09  4.137550E-09  5.031509E-09  9.948748E-02  1.937277E-05  5.646649E-09  5.539237E-01  2.490345E-03  1.635370E-05  2.524241E-06  5.606552E-04  6.056625E-09  2.434063E-08  1.228597E-08  8.669876E-02  6.683093E-06  2.256109E-07  1.877604E-07  1.799553E-04  2.446531E-04  9.774600E-07  6.188726E-08  8.046600E-08  1.859310E-07
 3.541500E+02  2.567385E-01  7.419894E-05  2.703198E-09  3.623636E-09  4.050216E-09  4.926244E-09  9.949398E-02  1.911073E-05  5.390061E-09  5.543984E-01  2.460616E-03  1.565232E-05  2.473273E-06  5.535185E-04  5.828344E-09  2.346952E-08  1.194315E-08  8.581596E-02  6.456983E-06  2.203430E-07  1.832814E-07  1.777138E-04  2.416080E-04  9.349898E-07  5.914305E-08  7.691867E-08  1.792122E-07
 3.551500E+02  2.571774E-01  7.372880E-05  2.645774E-09  3.547364E-09  3.965138E-09  4.823677E-09  9.950035E-02  1.885397E-05  5.146632E-09  5.548660E-01  2.431399E-03  1.498470E-05  2.423625E-06  5.465121E-04  5.609970E-09  2.263459E-08  1.161176E-08  8.494636E-02  6.239711E-06  2.152250E-07  1.789321E-07  1.755138E-04  2.386192E-04  8.945966E-07  5.653604E-08  7.354783E-08  1.727729E-07
 3.561500E+02  2.576097E-01  7.326301E-05  2.589842E-09  3.473059E-09  3.882249E-09  4.723731E-09  9.950661E-02  1.860237E-05  4.915616E-09  5.553264E-01  2.402685E-03  1.434905E-05  2.375257E-06  5.396332E-04  5.401022E-09  2.183417E-08  1.129137E-08  8.408972E-02  6.030890E-06  2.102521E-07  1.747083E-07  1.733542E-04  2.356855E-04  8.561686E-07  5.405866E-08  7.034377E-08  1.666003E-07
 3.571500E+02  2.580356E-01  7.280154E-05  2.535359E-09  3.400663E-09  3.801487E-09  4.626330E-09  9.951275E-02  1.835580E-05  4.696314E-09  5.557799E-01  2.374463E-03  1.374369E-05  2.328130E-06  5.328790E-04  5.201046E-09  2.106664E-08  1.098157E-08  8.324584E-02  5.830153E-06  2.054196E-07  1.706060E-07  1.712343E-04  2.328057E-04  8.196003E-07  5.170379E-08  6.729739E-08  1.606819E-07
 3.581500E+02  2.584551E-01  7.234439E-05  2.482282E-09  3.330122E-09  3.722791E-09  4.531402E-09  9.951878E-02  1.811413E-05  4.488069E-09  5.562265E-01  2.346723E-03  1.316704E-05  2.282207E-06  5.262467E-04  5.009610E-09  2.033050E-08  1.068195E-08  8.241449E-02  5.637151E-06  2.007230E-07  1.666210E-07  1.691531E-04  2.299784E-04  7.847925E-07  4.946475E-08  6.440009E-08  1.550061E-07
 3.591500E+02  2.588684E-01  7.189153E-05  2.430572E-09  3.261382E-09  3.646101E-09  4.438877E-09  9.952470E-02  1.787725E-05  4.290264E-09  5.566665E-01  2.319455E-03  1.261759E-05  2.237452E-06  5.197338E-04  4.826307E-09  1.962429E-08  1.039213E-08  8.159545E-02  5.451551E-06  1.961581E-07  1.627497E-07  1.671097E-04  2.272026E-04  7.516517E-07  4.733524E-08  6.164383E-08  1.495618E-07
 3.601500E+02  2.592756E-01  7.144294E-05  2.380187E-09  3.194392E-09  3.571359E-09  4.348685E-09  9.953052E-02  1.764502E-05  4.102321E-09  5.570998E-01  2.292650E-03  1.209394E-05  2.193830E-06  5.133376E-04  4.650750E-09  1.894666E-08  1.011176E-08  8.078853E-02  5.273034E-06  1.917204E-07  1.589883E-07  1.651033E-04  2.244771E-04  7.200897E-07  4.530933E-08  5.902100E-08  1.443384E-07
 3.611500E+02  2.596767E-01  7.099860E-05  2.331090E-09  3.129101E-09  3.498510E-09  4.260761E-09  9.953622E-02  1.741733E-05  3.923695E-09  5.575267E-01  2.266297E-03  1.159475E-05  2.151307E-06  5.070557E-04  4.482573E-09  1.829629E-08  9.840476E-09  7.999352E-02  5.101299E-06  1.874061E-07  1.553333E-07  1.631331E-04  2.218006E-04  6.900237E-07  4.338145E-08  5.652446E-08  1.393259E-07
 3.621500E+02  2.600720E-01  7.055848E-05  2.283244E-09  3.065460E-09  3.427500E-09  4.175040E-09  9.954183E-02  1.719408E-05  3.753875E-09  5.579472E-01  2.240387E-03  1.111876E-05  2.109851E-06  5.008855E-04  4.321428E-09  1.767195E-08  9.577950E-09  7.921021E-02  4.936057E-06  1.832112E-07  1.517812E-07  1.611981E-04  2.191722E-04  6.613753E-07  4.154637E-08  5.414749E-08  1.345147E-07
 3.631500E+02  2.604614E-01  7.012258E-05  2.236613E-09  3.003423E-09  3.358276E-09  4.091459E-09  9.954733E-02  1.697515E-05  3.592381E-09  5.583614E-01  2.214912E-03  1.066478E-05  2.069430E-06  4.948247E-04  4.166986E-09  1.707248E-08  9.323857E-09  7.843841E-02  4.777033E-06  1.791320E-07  1.483287E-07  1.592977E-04  2.165907E-04  6.340706E-07  3.979913E-08  5.188374E-08  1.298959E-07
 3.641500E+02  2.608451E-01  6.969085E-05  2.191161E-09  2.942944E-09  3.290787E-09  4.009959E-09  9.955274E-02  1.676045E-05  3.438759E-09  5.587695E-01  2.189863E-03  1.023170E-05  2.030014E-06  4.888709E-04  4.018934E-09  1.649675E-08  9.077890E-09  7.767792E-02  4.623964E-06  1.751647E-07  1.449727E-07  1.574311E-04  2.140552E-04  6.080401E-07  3.813508E-08  4.972724E-08  1.254607E-07
 3.651500E+02  2.612232E-01  6.926328E-05  2.146855E-09  2.883978E-09  3.224985E-09  3.930480E-09  9.955805E-02  1.654985E-05  3.292586E-09  5.591716E-01  2.165231E-03  9.818443E-06  1.991573E-06  4.830218E-04  3.876975E-09  1.594371E-08  8.839751E-09  7.692855E-02  4.476601E-06  1.713059E-07  1.417100E-07  1.555975E-04  2.115645E-04  5.832181E-07  3.654985E-08  4.767236E-08  1.212011E-07
 3.661500E+02  2.615958E-01  6.883984E-05  2.103663E-09  2.826483E-09  3.160820E-09  3.852966E-09  9.956326E-02  1.634328E-05  3.153460E-09  5.595677E-01  2.141007E-03  9.424021E-06  1.954079E-06  4.772752E-04  3.740829E-09  1.541234E-08  8.609157E-09  7.619011E-02  4.334705E-06  1.675522E-07  1.385378E-07  1.537962E-04  2.091177E-04  5.595424E-07  3.503929E-08  4.571380E-08  1.171091E-07
 3.671500E+02  2.619629E-01  6.842050E-05  2.061552E-09  2.770416E-09  3.098248E-09  3.777362E-09  9.956839E-02  1.614063E-05  3.021005E-09  5.599579E-01  2.117184E-03  9.047482E-06  1.917504E-06  4.716290E-04  3.610228E-09  1.490169E-08  8.385835E-09  7.546243E-02  4.198049E-06  1.639003E-07  1.354530E-07  1.520265E-04  2.067139E-04  5.369546E-07  3.359951E-08  4.384655E-08  1.131775E-07
 3.681500E+02  2.623247E-01  6.800523E-05  2.020491E-09  2.715738E-09  3.037222E-09  3.703613E-09  9.957342E-02  1.594180E-05  2.894866E-09  5.603425E-01  2.093752E-03  8.687933E-06  1.881822E-06  4.660809E-04  3.484919E-09  1.441085E-08  8.169522E-09  7.474530E-02  4.066415E-06  1.603471E-07  1.324531E-07  1.502877E-04  2.043521E-04  5.153994E-07  3.222684E-08  4.206590E-08  1.093991E-07
 3.691500E+02  2.626812E-01  6.759402E-05  1.980452E-09  2.662410E-09  2.977701E-09  3.631669E-09  9.957837E-02  1.574671E-05  2.774709E-09  5.607214E-01  2.070706E-03  8.344527E-06  1.847007E-06  4.606290E-04  3.364661E-09  1.393895E-08  7.959968E-09  7.403857E-02  3.939596E-06  1.568894E-07  1.295352E-07  1.485791E-04  2.020313E-04  4.948246E-07  3.091780E-08  4.036739E-08  1.057673E-07
 3.701500E+02  2.630326E-01  6.718682E-05  1.941404E-09  2.610392E-09  2.919640E-09  3.561479E-09  9.958323E-02  1.555527E-05  2.660220E-09  5.610948E-01  2.048035E-03  8.016464E-06  1.813035E-06  4.552712E-04  3.249225E-09  1.348517E-08  7.756931E-09  7.334204E-02  3.817394E-06  1.535243E-07  1.266968E-07  1.469002E-04  1.997507E-04  4.751807E-07  2.966914E-08  3.874682E-08  1.022757E-07
 3.711500E+02  2.633790E-01  6.678361E-05  1.903321E-09  2.559650E-09  2.863000E-09  3.492994E-09  9.958801E-02  1.536738E-05  2.551100E-09  5.614627E-01  2.025735E-03  7.702986E-06  1.779880E-06  4.500056E-04  3.138394E-09  1.304871E-08  7.560179E-09  7.265556E-02  3.699620E-06  1.502490E-07  1.239355E-07  1.452501E-04  1.975095E-04  4.564212E-07  2.847775E-08  3.720021E-08  9.891821E-08
 3.721500E+02  2.637203E-01  6.638436E-05  1.866174E-09  2.510146E-09  2.807741E-09  3.426167E-09  9.959270E-02  1.518298E-05  2.447072E-09  5.618253E-01  2.003796E-03  7.403377E-06  1.747520E-06  4.448301E-04  3.031961E-09  1.262884E-08  7.369490E-09  7.197894E-02  3.586093E-06  1.470608E-07  1.212488E-07  1.436284E-04  1.953067E-04  4.385019E-07  2.734073E-08  3.572383E-08  9.568901E-08
 3.731500E+02  2.640567E-01  6.598904E-05  1.829937E-09  2.461847E-09  2.753825E-09  3.360951E-09  9.959731E-02  1.500197E-05  2.347871E-09  5.621826E-01  1.982211E-03  7.116959E-06  1.715933E-06  4.397430E-04  2.929730E-09  1.222484E-08  7.184648E-09  7.131203E-02  3.476642E-06  1.439569E-07  1.186344E-07  1.420343E-04  1.931415E-04  4.213811E-07  2.625533E-08  3.431413E-08  9.258262E-08
