#         T/K            c1          c2-1          c3-4          c3-5          c3-7          c3-9            m1          m2-1          m3-1            w1            w2          w3-1          w3-2          c1m1        c1m2-1        c1m2-7        c2m1-1        c1w1-2        c1w2-1        c2w1-1        c2w1-9        m1w1-1        m1w1-4        m1w2-1        m2w1-1        m2w1-3      c1m1w1-1
 2.731500E+02  1.402959E-01  6.488169E-05  7.944312E-09  1.042710E-08  1.160098E-08  1.383272E-08  3.934901E-01  1.297147E-03  4.615340E-05  3.366103E-01  3.873001E-03  4.532443E-04  6.359502E-06  5.753488E-03  3.605221E-06  1.182987E-05  4.290926E-07  1.134538E-01  7.174666E-05  8.051492E-07  7.070062E-07  1.782453E-03  2.426399E-03  1.746369E-04  7.391716E-05  9.361707E-05  1.543355E-05
 2.741500E+02  1.411747E-01  6.447047E-05  7.703452E-09  1.011439E-08  1.125390E-08  1.342311E-08  3.936386E-01  1.266208E-03  4.259464E-05  3.375909E-01  3.801616E-03  4.221849E-04  6.153907E-06  5.639014E-03  3.380475E-06  1.112834E-05  4.102340E-07  1.118154E-01  6.792877E-05  7.768629E-07  6.815794E-07  1.745628E-03  2.376119E-03  1.622536E-04  6.845969E-05  8.673963E-05  1.453344E-05
 2.751500E+02  1.420395E-01  6.405572E-05  7.470123E-09  9.811333E-09  1.091751E-08  1.302596E-08  3.937823E-01  1.236242E-03  3.933448E-05  3.385529E-01  3.731836E-03  3.934235E-04  5.955966E-06  5.527282E-03  3.171096E-06  1.047265E-05  3.922878E-07  1.102020E-01  6.433223E-05  7.496534E-07  6.571440E-07  1.709784E-03  2.327187E-03  1.508221E-04  6.344004E-05  8.041149E-05  1.369073E-05
 2.761500E+02  1.428906E-01  6.363777E-05  7.244109E-09  9.517659E-09  1.059151E-08  1.264092E-08  3.939214E-01  1.207212E-03  3.634597E-05  3.394967E-01  3.663624E-03  3.667789E-04  5.765370E-06  5.418226E-03  2.975949E-06  9.859558E-06  3.752068E-07  1.086131E-01  6.094336E-05  7.234790E-07  6.336603E-07  1.674893E-03  2.279561E-03  1.402640E-04  5.882053E-05  7.458553E-05  1.290149E-05
 2.771500E+02  1.437280E-01  6.321698E-05  7.025200E-09  9.233103E-09  1.027559E-08  1.226766E-08  3.940561E-01  1.179084E-03  3.360478E-05  3.404226E-01  3.596944E-03  3.420850E-04  5.581826E-06  5.311777E-03  2.793991E-06  9.286074E-06  3.589463E-07  1.070489E-01  5.774934E-05  6.982991E-07  6.110902E-07  1.640926E-03  2.233203E-03  1.305078E-04  5.456690E-05  6.921896E-05  1.216206E-05
 2.781500E+02  1.445519E-01  6.279366E-05  6.813189E-09  8.957404E-09  9.969486E-09  1.190586E-08  3.941866E-01  1.151825E-03  3.108888E-05  3.413312E-01  3.531761E-03  3.191894E-04  5.405049E-06  5.207869E-03  2.624257E-06  8.749422E-06  3.434642E-07  1.055089E-01  5.473820E-05  6.740750E-07  5.893969E-07  1.607854E-03  2.188072E-03  1.214884E-04  5.064802E-05  6.427285E-05  1.146907E-05
 2.791500E+02  1.453623E-01  6.236813E-05  6.607874E-09  8.690308E-09  9.672906E-09  1.155519E-08  3.943130E-01  1.125402E-03  2.877834E-05  3.422227E-01  3.468039E-03  2.979521E-04  5.234768E-06  5.106438E-03  2.465861E-06  8.247038E-06  3.287206E-07  1.039931E-01  5.189872E-05  6.507691E-07  5.685453E-07  1.575651E-03  2.144133E-03  1.131461E-04  4.703559E-05  5.971177E-05  1.081937E-05
 2.801500E+02  1.461596E-01  6.194070E-05  6.409057E-09  8.431565E-09  9.385576E-09  1.121534E-08  3.944355E-01  1.099786E-03  2.665513E-05  3.430976E-01  3.405745E-03  2.782450E-04  5.070722E-06  5.007422E-03  2.317984E-06  7.776548E-06  3.146776E-07  1.025012E-01  4.922044E-05  6.283456E-07  5.485014E-07  1.544290E-03  2.101348E-03  1.054264E-04  4.370383E-05  5.550349E-05  1.021006E-05
 2.811500E+02  1.469437E-01  6.151167E-05  6.216544E-09  8.180931E-09  9.107226E-09  1.088599E-08  3.945543E-01  1.074947E-03  2.470286E-05  3.439561E-01  3.344845E-03  2.599500E-04  4.912662E-06  4.910759E-03  2.179870E-06  7.335755E-06  3.012996E-07  1.010329E-01  4.669353E-05  6.067699E-07  5.292327E-07  1.513746E-03  2.059683E-03  9.827931E-05  4.062929E-05  5.161864E-05  9.638428E-06
 2.821500E+02  1.477149E-01  6.108132E-05  6.030147E-09  7.938166E-09  8.837594E-09  1.056684E-08  3.946696E-01  1.050856E-03  2.290672E-05  3.447987E-01  3.285306E-03  2.429590E-04  4.760347E-06  4.816390E-03  2.050821E-06  6.922624E-06  2.885528E-07  9.958818E-02  4.430883E-05  5.860086E-07  5.107081E-07  1.483995E-03  2.019104E-03  9.165937E-05  3.779060E-05  4.803047E-05  9.101959E-06
 2.831500E+02  1.484733E-01  6.064993E-05  5.849680E-09  7.703037E-09  8.576420E-09  1.025760E-08  3.947815E-01  1.027488E-03  2.125324E-05  3.456256E-01  3.227094E-03  2.271726E-04  4.613549E-06  4.724256E-03  1.930193E-06  6.535269E-06  2.764050E-07  9.816665E-02  4.205774E-05  5.660299E-07  4.928975E-07  1.455012E-03  1.979577E-03  8.552478E-05  3.516829E-05  4.471456E-05  8.598322E-06
 2.841500E+02  1.492190E-01  6.021775E-05  5.674963E-09  7.475315E-09  8.323454E-09  9.957969E-09  3.948901E-01  1.004815E-03  1.973020E-05  3.464372E-01  3.170179E-03  2.124992E-04  4.472048E-06  4.634301E-03  1.817390E-06  6.171942E-06  2.648261E-07  9.676810E-02  3.993223E-05  5.468030E-07  4.757723E-07  1.426774E-03  1.941072E-03  7.983730E-05  3.274458E-05  4.164867E-05  8.125347E-06
 2.851500E+02  1.499523E-01  5.978505E-05  5.505819E-09  7.254777E-09  8.078447E-09  9.667670E-09  3.949955E-01  9.828134E-04  1.832651E-05  3.472338E-01  3.114529E-03  1.988548E-04  4.335632E-06  4.546468E-03  1.711863E-06  5.831023E-06  2.537873E-07  9.539227E-02  3.792475E-05  5.282982E-07  4.593047E-07  1.399260E-03  1.903557E-03  7.456192E-05  3.050328E-05  3.881247E-05  7.681018E-06
 2.861500E+02  1.506732E-01  5.935206E-05  5.342078E-09  7.041205E-09  7.841160E-09  9.386424E-09  3.950979E-01  9.614594E-04  1.703205E-05  3.480156E-01  3.060113E-03  1.861621E-04  4.204100E-06  4.460704E-03  1.613103E-06  5.511008E-06  2.432615E-07  9.403889E-02  3.602827E-05  5.104874E-07  4.434683E-07  1.372447E-03  1.867003E-03  6.966650E-05  2.842959E-05  3.618741E-05  7.263461E-06
 2.871500E+02  1.513820E-01  5.891902E-05  5.183570E-09  6.834385E-09  7.611358E-09  9.113957E-09  3.951974E-01  9.407299E-04  1.583767E-05  3.487830E-01  3.006902E-03  1.743499E-04  4.077259E-06  4.376956E-03  1.520639E-06  5.210502E-06  2.332230E-07  9.270771E-02  3.423617E-05  4.933430E-07  4.282376E-07  1.346315E-03  1.831381E-03  6.512162E-05  2.650998E-05  3.375652E-05  6.870930E-06
 2.881500E+02  1.520788E-01  5.848614E-05  5.030134E-09  6.634112E-09  7.388811E-09  8.850006E-09  3.952940E-01  9.206030E-04  1.473499E-05  3.495363E-01  2.954866E-03  1.633528E-04  3.954922E-06  4.295173E-03  1.434035E-06  4.928210E-06  2.236474E-07  9.139845E-02  3.254226E-05  4.768390E-07  4.135882E-07  1.320843E-03  1.796662E-03  6.090026E-05  2.473212E-05  3.150432E-05  6.501804E-06
 2.891500E+02  1.527638E-01  5.805365E-05  4.881610E-09  6.440181E-09  7.173296E-09  8.594311E-09  3.953880E-01  9.010577E-04  1.371641E-05  3.502758E-01  2.903978E-03  1.531102E-04  3.836912E-06  4.215304E-03  1.352888E-06  4.662930E-06  2.145116E-07  9.011083E-02  3.094075E-05  4.609502E-07  3.994967E-07  1.296013E-03  1.762820E-03  5.697761E-05  2.308470E-05  2.941662E-05  6.154572E-06
 2.901500E+02  1.534371E-01  5.762174E-05  4.737843E-09  6.252397E-09  6.964595E-09  8.346620E-09  3.954794E-01  8.820736E-04  1.277500E-05  3.510017E-01  2.854208E-03  1.435667E-04  3.723060E-06  4.137301E-03  1.276824E-06  4.413543E-06  2.057938E-07  8.884457E-02  2.942619E-05  4.456523E-07  3.859407E-07  1.271804E-03  1.729830E-03  5.333092E-05  2.155740E-05  2.748044E-05  5.827827E-06
 2.911500E+02  1.540989E-01  5.719060E-05  4.598682E-09  6.070566E-09  6.762495E-09  8.106688E-09  3.955683E-01  8.636315E-04  1.190444E-05  3.517142E-01  2.805530E-03  1.346710E-04  3.613201E-06  4.061115E-03  1.205498E-06  4.179011E-06  1.974732E-07  8.759939E-02  2.799350E-05  4.309221E-07  3.728986E-07  1.248199E-03  1.697665E-03  4.993926E-05  2.014075E-05  2.568390E-05  5.520260E-06
 2.921500E+02  1.547494E-01  5.676043E-05  4.463980E-09  5.894502E-09  6.566791E-09  7.874274E-09  3.956547E-01  8.457127E-04  1.109896E-05  3.524137E-01  2.757917E-03  1.263758E-04  3.507180E-06  3.986701E-03  1.138588E-06  3.958370E-06  1.895303E-07  8.637500E-02  2.663789E-05  4.167373E-07  3.603497E-07  1.225179E-03  1.666302E-03  4.678340E-05  1.882610E-05  2.401612E-05  5.230649E-06
 2.931500E+02  1.553887E-01  5.633139E-05  4.333596E-09  5.724024E-09  6.377280E-09  7.649145E-09  3.957389E-01  8.282991E-04  1.035329E-05  3.531004E-01  2.711344E-03  1.186376E-04  3.404848E-06  3.914012E-03  1.075797E-06  3.750720E-06  1.819465E-07  8.517112E-02  2.535487E-05  4.030765E-07  3.482741E-07  1.202729E-03  1.635716E-03  4.384566E-05  1.760550E-05  2.246712E-05  4.957859E-06
 2.941500E+02  1.560171E-01  5.590365E-05  4.207390E-09  5.558953E-09  6.193768E-09  7.431073E-09  3.958207E-01  8.113737E-04  9.662620E-06  3.537746E-01  2.665784E-03  1.114162E-04  3.306060E-06  3.843006E-03  1.016849E-06  3.555226E-06  1.747041E-07  8.398745E-02  2.414025E-05  3.899191E-07  3.366530E-07  1.180831E-03  1.605885E-03  4.110979E-05  1.647169E-05  2.102775E-05  4.700829E-06
 2.951500E+02  1.566347E-01  5.547737E-05  4.085228E-09  5.399118E-09  6.016063E-09  7.219838E-09  3.959004E-01  7.949199E-04  9.022565E-06  3.544365E-01  2.621214E-03  1.046744E-04  3.210680E-06  3.773638E-03  9.614880E-07  3.371112E-06  1.677864E-07  8.282371E-02  2.299008E-05  3.772453E-07  3.254680E-07  1.159468E-03  1.576787E-03  3.856080E-05  1.541799E-05  1.968961E-05  4.458569E-06
 2.961500E+02  1.572416E-01  5.505269E-05  3.966978E-09  5.244352E-09  5.843982E-09  7.015224E-09  3.959780E-01  7.789217E-04  8.429105E-06  3.550863E-01  2.577608E-03  9.837793E-05  3.118575E-06  3.705867E-03  9.094761E-07  3.197652E-06  1.611776E-07  8.167960E-02  2.190066E-05  3.650362E-07  3.147016E-07  1.138627E-03  1.548401E-03  3.618492E-05  1.443827E-05  1.844500E-05  4.230158E-06
 2.971500E+02  1.578380E-01  5.462976E-05  3.852514E-09  5.094492E-09  5.677343E-09  6.817023E-09  3.960536E-01  7.633639E-04  7.878562E-06  3.557242E-01  2.534944E-03  9.249513E-05  3.029620E-06  3.639653E-03  8.605926E-07  3.034172E-06  1.548627E-07  8.055483E-02  2.086850E-05  3.532736E-07  3.043371E-07  1.118290E-03  1.520705E-03  3.396944E-05  1.352692E-05  1.728683E-05  4.014736E-06
 2.981500E+02  1.584241E-01  5.420870E-05  3.741713E-09  4.949380E-09  5.515973E-09  6.625030E-09  3.961272E-01  7.482318E-04  7.367572E-06  3.563506E-01  2.493199E-03  8.699673E-05  2.943694E-06  3.574954E-03  8.146322E-07  2.880044E-06  1.488274E-07  7.944911E-02  1.989034E-05  3.419400E-07  2.943584E-07  1.098445E-03  1.493680E-03  3.190268E-05  1.267876E-05  1.620862E-05  3.811499E-06
 2.991500E+02  1.590000E-01  5.378964E-05  3.634454E-09  4.808864E-09  5.359702E-09  6.439048E-09  3.961989E-01  7.335112E-04  6.893054E-06  3.569656E-01  2.452350E-03  8.185565E-05  2.860680E-06  3.511733E-03  7.714043E-07  2.734682E-06  1.430582E-07  7.836216E-02  1.896312E-05  3.310186E-07  2.847501E-07  1.079076E-03  1.467307E-03  2.997383E-05  1.188906E-05  1.520436E-05  3.619697E-06
 3.001500E+02  1.595660E-01  5.337271E-05  3.530622E-09  4.672793E-09  5.208365E-09  6.258886E-09  3.962688E-01  7.191886E-04  6.452183E-06  3.575694E-01  2.412375E-03  7.704687E-05  2.780469E-06  3.449953E-03  7.307315E-07  2.597541E-06  1.375424E-07  7.729367E-02  1.808397E-05  3.204933E-07  2.754975E-07  1.060171E-03  1.441566E-03  2.817295E-05  1.115344E-05  1.426857E-05  3.438630E-06
 3.011500E+02  1.601222E-01  5.295800E-05  3.430104E-09  4.541025E-09  5.061802E-09  6.084357E-09  3.963369E-01  7.052508E-04  6.042371E-06  3.581623E-01  2.373253E-03  7.254723E-05  2.702952E-06  3.389575E-03  6.924489E-07  2.468110E-06  1.322677E-07  7.624336E-02  1.725016E-05  3.103486E-07  2.665862E-07  1.041716E-03  1.416440E-03  2.649085E-05  1.046789E-05  1.339618E-05  3.267643E-06
 3.021500E+02  1.606687E-01  5.254563E-05  3.332791E-09  4.413418E-09  4.919859E-09  5.915280E-09  3.964032E-01  6.916854E-04  5.661242E-06  3.587445E-01  2.334964E-03  6.833529E-05  2.628029E-06  3.330564E-03  6.564031E-07  2.345914E-06  1.272226E-07  7.521094E-02  1.645916E-05  3.005698E-07  2.580028E-07  1.023698E-03  1.391912E-03  2.491906E-05  9.828721E-06  1.258254E-05  3.106124E-06
 3.031500E+02  1.612057E-01  5.213569E-05  3.238578E-09  4.289838E-09  4.782385E-09  5.751480E-09  3.964680E-01  6.784801E-04  5.306616E-06  3.593162E-01  2.297487E-03  6.439120E-05  2.555601E-06  3.272886E-03  6.224513E-07  2.230510E-06  1.223962E-07  7.419612E-02  1.570859E-05  2.911426E-07  2.497342E-07  1.006105E-03  1.367963E-03  2.344975E-05  9.232525E-06  1.182335E-05  2.953503E-06
 3.041500E+02  1.617334E-01  5.172826E-05  3.147361E-09  4.170152E-09  4.649235E-09  5.592786E-09  3.965311E-01  6.656234E-04  4.976490E-06  3.598775E-01  2.260802E-03  6.069656E-05  2.485575E-06  3.216507E-03  5.904605E-07  2.121484E-06  1.177782E-07  7.319863E-02  1.499618E-05  2.820533E-07  2.417679E-07  9.889243E-04  1.344578E-03  2.207567E-05  8.676167E-06  1.111465E-05  2.809245E-06
 3.051500E+02  1.622519E-01  5.132344E-05  3.059042E-09  4.054234E-09  4.520268E-09  5.439034E-09  3.965926E-01  6.531040E-04  4.669026E-06  3.604288E-01  2.224891E-03  5.723434E-05  2.417860E-06  3.161393E-03  5.603068E-07  2.018448E-06  1.133586E-07  7.221816E-02  1.431983E-05  2.732888E-07  2.340920E-07  9.721454E-04  1.321741E-03  2.079016E-05  8.156759E-06  1.045280E-05  2.672849E-06
 3.061500E+02  1.627615E-01  5.092131E-05  2.973525E-09  3.941959E-09  4.395345E-09  5.290063E-09  3.966526E-01  6.409112E-04  4.382532E-06  3.609701E-01  2.189735E-03  5.398875E-05  2.352371E-06  3.107513E-03  5.318746E-07  1.921040E-06  1.091280E-07  7.125445E-02  1.367756E-05  2.648366E-07  2.266950E-07  9.557565E-04  1.299436E-03  1.958701E-05  7.671636E-06  9.834437E-06  2.543847E-06
 3.071500E+02  1.632621E-01  5.052192E-05  2.890716E-09  3.833208E-09  4.274336E-09  5.145719E-09  3.967112E-01  6.290344E-04  4.115453E-06  3.615017E-01  2.155315E-03  5.094513E-05  2.289023E-06  3.054834E-03  5.050565E-07  1.828924E-06  1.050777E-07  7.030722E-02  1.306748E-05  2.566845E-07  2.195658E-07  9.397468E-04  1.277649E-03  1.846051E-05  7.218340E-06  9.256453E-06  2.421802E-06
 3.081500E+02  1.637541E-01  5.012536E-05  2.810526E-09  3.727864E-09  4.157111E-09  5.005850E-09  3.967683E-01  6.174638E-04  3.866358E-06  3.620237E-01  2.121614E-03  4.808990E-05  2.227739E-06  3.003328E-03  4.797520E-07  1.741783E-06  1.011991E-07  6.937618E-02  1.248784E-05  2.488210E-07  2.126940E-07  9.241058E-04  1.256365E-03  1.740537E-05  6.794603E-06  8.715982E-06  2.306303E-06
 3.091500E+02  1.642375E-01  4.973169E-05  2.732867E-09  3.625817E-09  4.043547E-09  4.870312E-09  3.968241E-01  6.061897E-04  3.633929E-06  3.625364E-01  2.088614E-03  4.541044E-05  2.168442E-06  2.952963E-03  4.558675E-07  1.659321E-06  9.748430E-08  6.846106E-02  1.193697E-05  2.412350E-07  2.060693E-07  9.088234E-04  1.235570E-03  1.641668E-05  6.398329E-06  8.210378E-06  2.196967E-06
 3.101500E+02  1.647125E-01  4.934095E-05  2.657655E-09  3.526956E-09  3.933522E-09  4.738964E-09  3.968785E-01  5.952027E-04  3.416952E-06  3.630400E-01  2.056299E-03  4.289505E-05  2.111058E-06  2.903711E-03  4.333157E-07  1.581261E-06  9.392563E-08  6.756160E-02  1.141333E-05  2.339157E-07  1.996822E-07  8.938895E-04  1.215251E-03  1.548990E-05  6.027584E-06  7.737193E-06  2.093434E-06
 3.111500E+02  1.651792E-01  4.895321E-05  2.584809E-09  3.431178E-09  3.826921E-09  4.611668E-09  3.969317E-01  5.844940E-04  3.214308E-06  3.635345E-01  2.024652E-03  4.053286E-05  2.055517E-06  2.855545E-03  4.120150E-07  1.507346E-06  9.051585E-08  6.667752E-02  1.091544E-05  2.268529E-07  1.935233E-07  8.792948E-04  1.195394E-03  1.462082E-05  5.680578E-06  7.294165E-06  1.995367E-06
 3.121500E+02  1.656379E-01  4.856850E-05  2.514249E-09  3.338380E-09  3.723630E-09  4.488293E-09  3.969836E-01  5.740548E-04  3.024967E-06  3.640202E-01  1.993658E-03  3.831376E-05  2.001753E-06  2.808436E-03  3.918892E-07  1.437333E-06  8.724812E-08  6.580856E-02  1.044192E-05  2.200369E-07  1.875836E-07  8.650298E-04  1.175988E-03  1.380554E-05  5.355659E-06  6.879203E-06  1.902449E-06
 3.131500E+02  1.660886E-01  4.818688E-05  2.445900E-09  3.248463E-09  3.623540E-09  4.368710E-09  3.970342E-01  5.638769E-04  2.847977E-06  3.644973E-01  1.963300E-03  3.622836E-05  1.949700E-06  2.762358E-03  3.728673E-07  1.370994E-06  8.411589E-08  6.495445E-02  9.991455E-06  2.134582E-07  1.818547E-07  8.510856E-04  1.157018E-03  1.304045E-05  5.051296E-06  6.490371E-06  1.814385E-06
 3.141500E+02  1.665314E-01  4.780838E-05  2.379687E-09  3.161333E-09  3.526546E-09  4.252795E-09  3.970837E-01  5.539523E-04  2.682459E-06  3.649659E-01  1.933564E-03  3.426793E-05  1.899297E-06  2.717285E-03  3.548826E-07  1.308117E-06  8.111295E-08  6.411494E-02  9.562825E-06  2.071077E-07  1.763284E-07  8.374536E-04  1.138475E-03  1.232219E-05  4.766073E-06  6.125876E-06  1.730896E-06
 3.151500E+02  1.669666E-01  4.743304E-05  2.315540E-09  3.076897E-09  3.432546E-09  4.140430E-09  3.971320E-01  5.442731E-04  2.527603E-06  3.654262E-01  1.904434E-03  3.242437E-05  1.850484E-06  2.673192E-03  3.378731E-07  1.248503E-06  7.823341E-08  6.328977E-02  9.154868E-06  2.009767E-07  1.709967E-07  8.241253E-04  1.120345E-03  1.164764E-05  4.498679E-06  5.784058E-06  1.651722E-06
 3.161500E+02  1.673943E-01  4.706089E-05  2.253389E-09  2.995067E-09  3.341441E-09  4.031497E-09  3.971792E-01  5.348321E-04  2.382659E-06  3.658783E-01  1.875897E-03  3.069011E-05  1.803203E-06  2.630054E-03  3.217807E-07  1.191964E-06  7.547166E-08  6.247868E-02  8.766492E-06  1.950569E-07  1.658523E-07  8.110925E-04  1.102618E-03  1.101390E-05  4.247901E-06  5.463381E-06  1.576618E-06
 3.171500E+02  1.678146E-01  4.669195E-05  2.193167E-09  2.915755E-09  3.253136E-09  3.925884E-09  3.972253E-01  5.256219E-04  2.246936E-06  3.663225E-01  1.847938E-03  2.905812E-05  1.757400E-06  2.587848E-03  3.065509E-07  1.138326E-06  7.282236E-08  6.168143E-02  8.396668E-06  1.893403E-07  1.608877E-07  7.983474E-04  1.085284E-03  1.041830E-05  4.012613E-06  5.162417E-06  1.505355E-06
 3.181500E+02  1.682276E-01  4.632626E-05  2.134811E-09  2.838880E-09  3.167537E-09  3.823483E-09  3.972704E-01  5.166356E-04  2.119793E-06  3.667588E-01  1.820543E-03  2.752187E-05  1.713022E-06  2.546550E-03  2.921329E-07  1.087425E-06  7.028044E-08  6.089777E-02  8.044422E-06  1.838192E-07  1.560961E-07  7.858821E-04  1.068331E-03  9.858337E-06  3.791772E-06  4.879846E-06  1.437717E-06
 3.191500E+02  1.686335E-01  4.596382E-05  2.078257E-09  2.764360E-09  3.084556E-09  3.724189E-09  3.973144E-01  5.078665E-04  2.000638E-06  3.671874E-01  1.793700E-03  2.607525E-05  1.670019E-06  2.506137E-03  2.784791E-07  1.039105E-06  6.784107E-08  6.012745E-02  7.708838E-06  1.784863E-07  1.514709E-07  7.736894E-04  1.051750E-03  9.331688E-06  3.584411E-06  4.614442E-06  1.373501E-06
 3.201500E+02  1.690324E-01  4.560466E-05  2.023447E-09  2.692117E-09  3.004107E-09  3.627900E-09  3.973574E-01  4.993082E-04  1.888923E-06  3.676086E-01  1.767396E-03  2.471259E-05  1.628340E-06  2.466588E-03  2.655448E-07  9.932229E-07  6.549966E-08  5.937024E-02  7.389050E-06  1.733344E-07  1.470057E-07  7.617620E-04  1.035530E-03  8.836196E-06  3.389632E-06  4.365065E-06  1.312516E-06
 3.211500E+02  1.694244E-01  4.524880E-05  1.970322E-09  2.622077E-09  2.926105E-09  3.534519E-09  3.973995E-01  4.909544E-04  1.784141E-06  3.680223E-01  1.741617E-03  2.342860E-05  1.587941E-06  2.427881E-03  2.532883E-07  9.496417E-07  6.325184E-08  5.862590E-02  7.084242E-06  1.683568E-07  1.426943E-07  7.500928E-04  1.019662E-03  8.369853E-06  3.206602E-06  4.130659E-06  1.254585E-06
 3.221500E+02  1.698097E-01  4.489623E-05  1.918825E-09  2.554166E-09  2.850471E-09  3.443949E-09  3.974407E-01  4.827991E-04  1.685820E-06  3.684287E-01  1.716351E-03  2.221833E-05  1.548776E-06  2.389996E-03  2.416705E-07  9.082340E-07  6.109345E-08  5.789420E-02  6.793643E-06  1.635470E-07  1.385309E-07  7.386752E-04  1.004136E-03  7.930792E-06  3.034548E-06  3.910243E-06  1.199539E-06
 3.231500E+02  1.701884E-01  4.454699E-05  1.868903E-09  2.488315E-09  2.777127E-09  3.356100E-09  3.974809E-01  4.748364E-04  1.593526E-06  3.688281E-01  1.691587E-03  2.107719E-05  1.510801E-06  2.352911E-03  2.306546E-07  8.688797E-07  5.902054E-08  5.717490E-02  6.516523E-06  1.588986E-07  1.345099E-07  7.275025E-04  9.889447E-04  7.517273E-06  2.872751E-06  3.702905E-06  1.147219E-06
 3.241500E+02  1.705606E-01  4.420106E-05  1.820503E-09  2.424455E-09  2.705996E-09  3.270882E-09  3.975202E-01  4.670609E-04  1.506855E-06  3.692205E-01  1.667312E-03  2.000089E-05  1.473975E-06  2.316608E-03  2.202063E-07  8.314661E-07  5.702933E-08  5.646779E-02  6.252195E-06  1.544057E-07  1.306258E-07  7.165683E-04  9.740782E-04  7.127675E-06  2.720543E-06  3.507796E-06  1.097477E-06
 3.251500E+02  1.709264E-01  4.385845E-05  1.773574E-09  2.362521E-09  2.637007E-09  3.188210E-09  3.975586E-01  4.594669E-04  1.425432E-06  3.696061E-01  1.643516E-03  1.898542E-05  1.438259E-06  2.281067E-03  2.102932E-07  7.958871E-07  5.511624E-08  5.577263E-02  6.000009E-06  1.500625E-07  1.268736E-07  7.058665E-04  9.595281E-04  6.760489E-06  2.577302E-06  3.324128E-06  1.050173E-06
 3.261500E+02  1.712859E-01  4.351917E-05  1.728069E-09  2.302450E-09  2.570090E-09  3.108001E-09  3.975963E-01  4.520494E-04  1.348909E-06  3.699850E-01  1.620187E-03  1.802703E-05  1.403613E-06  2.246269E-03  2.008852E-07  7.620429E-07  5.327786E-08  5.508922E-02  5.759350E-06  1.458634E-07  1.232481E-07  6.953910E-04  9.452864E-04  6.414309E-06  2.442453E-06  3.151167E-06  1.005176E-06
 3.271500E+02  1.716394E-01  4.318322E-05  1.683939E-09  2.244180E-09  2.505175E-09  3.030174E-09  3.976331E-01  4.448031E-04  1.276963E-06  3.703574E-01  1.597315E-03  1.712224E-05  1.370001E-06  2.212196E-03  1.919538E-07  7.298398E-07  5.151092E-08  5.441733E-02  5.529637E-06  1.418032E-07  1.197447E-07  6.851361E-04  9.313450E-04  6.087824E-06  2.315456E-06  2.988231E-06  9.623605E-07
 3.281500E+02  1.719868E-01  4.285059E-05  1.641139E-09  2.187652E-09  2.442198E-09  2.954653E-09  3.976691E-01  4.377234E-04  1.209295E-06  3.707233E-01  1.574888E-03  1.626778E-05  1.337387E-06  2.178831E-03  1.834723E-07  6.991894E-07  4.981233E-08  5.375675E-02  5.310323E-06  1.378767E-07  1.163588E-07  6.750961E-04  9.176963E-04  5.779809E-06  2.195813E-06  2.834683E-06  9.216107E-07
 3.291500E+02  1.723283E-01  4.252128E-05  1.599625E-09  2.132810E-09  2.381094E-09  2.881363E-09  3.977043E-01  4.308053E-04  1.145626E-06  3.710829E-01  1.552897E-03  1.546060E-05  1.305738E-06  2.146156E-03  1.754156E-07  6.700087E-07  4.817913E-08  5.310727E-02  5.100886E-06  1.340790E-07  1.130860E-07  6.652655E-04  9.043327E-04  5.489125E-06  2.083057E-06  2.689932E-06  8.828165E-07
 3.301500E+02  1.726640E-01  4.219528E-05  1.559355E-09  2.079597E-09  2.321804E-09  2.810230E-09  3.977388E-01  4.240443E-04  1.085697E-06  3.714363E-01  1.531332E-03  1.469785E-05  1.275020E-06  2.114154E-03  1.677603E-07  6.422194E-07  4.660851E-08  5.246870E-02  4.900837E-06  1.304053E-07  1.099221E-07  6.556389E-04  8.912470E-04  5.214705E-06  1.976754E-06  2.553426E-06  8.458741E-07
 3.311500E+02  1.729940E-01  4.187259E-05  1.520288E-09  2.027962E-09  2.264268E-09  2.741186E-09  3.977725E-01  4.174360E-04  1.029267E-06  3.717836E-01  1.510182E-03  1.397686E-05  1.245201E-06  2.082809E-03  1.604842E-07  6.157477E-07  4.509779E-08  5.184083E-02  4.709710E-06  1.268513E-07  1.068630E-07  6.462112E-04  8.784321E-04  4.955555E-06  1.876500E-06  2.424650E-06  8.106859E-07
 3.321500E+02  1.733185E-01  4.155319E-05  1.482384E-09  1.977851E-09  2.208428E-09  2.674163E-09  3.978055E-01  4.109762E-04  9.761128E-07  3.721250E-01  1.489439E-03  1.329515E-05  1.216252E-06  2.052105E-03  1.535665E-07  5.905242E-07  4.364441E-08  5.122345E-02  4.527067E-06  1.234124E-07  1.039048E-07  6.369774E-04  8.658812E-04  4.710746E-06  1.781918E-06  2.303125E-06  7.771599E-07
 3.331500E+02  1.736374E-01  4.123707E-05  1.445604E-09  1.929216E-09  2.154230E-09  2.609095E-09  3.978378E-01  4.046607E-04  9.260252E-07  3.724606E-01  1.469093E-03  1.265038E-05  1.188143E-06  2.022027E-03  1.469877E-07  5.664835E-07  4.224592E-08  5.061638E-02  4.352489E-06  1.200846E-07  1.010439E-07  6.279326E-04  8.535876E-04  4.479410E-06  1.692656E-06  2.188402E-06  7.452092E-07
 3.341500E+02  1.739510E-01  4.092423E-05  1.409913E-09  1.882008E-09  2.101619E-09  2.545920E-09  3.978695E-01  3.984855E-04  8.788103E-07  3.727905E-01  1.449135E-03  1.204036E-05  1.160846E-06  1.992560E-03  1.407294E-07  5.435638E-07  4.090002E-08  5.001942E-02  4.185584E-06  1.168638E-07  9.827661E-08  6.190721E-04  8.415448E-04  4.260737E-06  1.608387E-06  2.080066E-06  7.147519E-07
 3.351500E+02  1.742594E-01  4.061465E-05  1.375274E-09  1.836182E-09  2.050545E-09  2.484576E-09  3.979004E-01  3.924467E-04  8.342872E-07  3.731147E-01  1.429556E-03  1.146305E-05  1.134333E-06  1.963688E-03  1.347743E-07  5.217069E-07  3.960447E-08  4.943239E-02  4.025979E-06  1.137461E-07  9.559953E-08  6.103913E-04  8.297466E-04  4.053967E-06  1.528805E-06  1.977725E-06  6.857108E-07
 3.361500E+02  1.745625E-01  4.030831E-05  1.341653E-09  1.791692E-09  2.000958E-09  2.425005E-09  3.979308E-01  3.865406E-04  7.922876E-07  3.734335E-01  1.410348E-03  1.091653E-05  1.108579E-06  1.935399E-03  1.291061E-07  5.008581E-07  3.835717E-08  4.885511E-02  3.873319E-06  1.107279E-07  9.300935E-08  6.018857E-04  8.181870E-04  3.858392E-06  1.453623E-06  1.881016E-06  6.580129E-07
 3.371500E+02  1.748606E-01  4.000519E-05  1.309017E-09  1.748495E-09  1.952810E-09  2.367150E-09  3.979605E-01  3.807636E-04  7.526543E-07  3.737469E-01  1.391502E-03  1.039902E-05  1.083559E-06  1.907676E-03  1.237094E-07  4.809654E-07  3.715609E-08  4.828738E-02  3.727271E-06  1.078055E-07  9.050291E-08  5.935510E-04  8.068599E-04  3.673347E-06  1.382575E-06  1.789599E-06  6.315895E-07
 3.381500E+02  1.751538E-01  3.970529E-05  1.277333E-09  1.706549E-09  1.906054E-09  2.310956E-09  3.979896E-01  3.751121E-04  7.152410E-07  3.740549E-01  1.373011E-03  9.908820E-06  1.059248E-06  1.880509E-03  1.185699E-07  4.619801E-07  3.599931E-08  4.772903E-02  3.587516E-06  1.049756E-07  8.807717E-08  5.853830E-04  7.957596E-04  3.498212E-06  1.315411E-06  1.703155E-06  6.063755E-07
 3.391500E+02  1.754420E-01  3.940857E-05  1.246571E-09  1.665814E-09  1.860646E-09  2.256370E-09  3.980181E-01  3.695829E-04  6.799109E-07  3.743578E-01  1.354866E-03  9.444367E-06  1.035623E-06  1.853882E-03  1.136739E-07  4.438559E-07  3.488500E-08  4.717989E-02  3.453755E-06  1.022348E-07  8.572920E-08  5.773776E-04  7.848807E-04  3.332406E-06  1.251898E-06  1.621388E-06  5.823095E-07
 3.401500E+02  1.757255E-01  3.911503E-05  1.216701E-09  1.626252E-09  1.816542E-09  2.203340E-09  3.980460E-01  3.641724E-04  6.465366E-07  3.746557E-01  1.337059E-03  9.004179E-06  1.012661E-06  1.827784E-03  1.090086E-07  4.265494E-07  3.381138E-08  4.663979E-02  3.325701E-06  9.958005E-08  8.345619E-08  5.695308E-04  7.742175E-04  3.175383E-06  1.191819E-06  1.544019E-06  5.593336E-07
 3.411500E+02  1.760042E-01  3.882464E-05  1.187694E-09  1.587823E-09  1.773701E-09  2.151818E-09  3.980733E-01  3.588777E-04  6.149991E-07  3.749485E-01  1.319583E-03  8.586869E-06  9.903412E-07  1.802201E-03  1.045620E-07  4.100193E-07  3.277681E-08  4.610855E-02  3.203085E-06  9.700822E-08  8.125545E-08  5.618388E-04  7.637650E-04  3.026633E-06  1.134969E-06  1.470789E-06  5.373930E-07
 3.421500E+02  1.762784E-01  3.853738E-05  1.159522E-09  1.550493E-09  1.732082E-09  2.101755E-09  3.981001E-01  3.536956E-04  5.851872E-07  3.752365E-01  1.302431E-03  8.191137E-06  9.686423E-07  1.777122E-03  1.003226E-07  3.942267E-07  3.177966E-08  4.558602E-02  3.085649E-06  9.451642E-08  7.912439E-08  5.542979E-04  7.535179E-04  2.885678E-06  1.081158E-06  1.401455E-06  5.164359E-07
 3.431500E+02  1.765480E-01  3.825323E-05  1.132158E-09  1.514225E-09  1.691645E-09  2.053104E-09  3.981264E-01  3.486232E-04  5.569969E-07  3.755196E-01  1.285595E-03  7.815761E-06  9.475444E-07  1.752535E-03  9.627978E-08  3.791349E-07  3.081842E-08  4.507202E-02  2.973152E-06  9.210181E-08  7.706051E-08  5.469043E-04  7.434714E-04  2.752071E-06  1.030208E-06  1.335787E-06  4.964133E-07
 3.441500E+02  1.768132E-01  3.797217E-05  1.105577E-09  1.478987E-09  1.652354E-09  2.005822E-09  3.981521E-01  3.436575E-04  5.303313E-07  3.757981E-01  1.269069E-03  7.459594E-06  9.270280E-07  1.728428E-03  9.242331E-08  3.647092E-07  2.989162E-08  4.456640E-02  2.865362E-06  8.976171E-08  7.506142E-08  5.396545E-04  7.336205E-04  2.625390E-06  9.819500E-07  1.273574E-06  4.772789E-07
 3.451500E+02  1.770741E-01  3.769417E-05  1.079752E-09  1.444745E-09  1.614173E-09  1.959865E-09  3.981773E-01  3.387957E-04  5.050996E-07  3.760719E-01  1.252845E-03  7.121561E-06  9.070745E-07  1.704790E-03  8.874366E-08  3.509166E-07  2.899788E-08  4.406901E-02  2.762060E-06  8.749351E-08  7.312481E-08  5.325451E-04  7.239606E-04  2.505242E-06  9.362289E-07  1.214615E-06  4.589889E-07
 3.461500E+02  1.773306E-01  3.741922E-05  1.054661E-09  1.411467E-09  1.577065E-09  1.915192E-09  3.982020E-01  3.340351E-04  4.812167E-07  3.763413E-01  1.236917E-03  6.800649E-06  8.876659E-07  1.681610E-03  8.523181E-08  3.377262E-07  2.813585E-08  4.357969E-02  2.663038E-06  8.529470E-08  7.124849E-08  5.255728E-04  7.144871E-04  2.391256E-06  8.928977E-07  1.158723E-06  4.415019E-07
 3.471500E+02  1.775830E-01  3.714727E-05  1.030279E-09  1.379123E-09  1.540996E-09  1.871761E-09  3.982263E-01  3.293732E-04  4.586034E-07  3.766062E-01  1.221279E-03  6.495908E-06  8.687848E-07  1.658878E-03  8.187923E-08  3.251085E-07  2.730428E-08  4.309828E-02  2.568099E-06  8.316288E-08  6.943032E-08  5.187343E-04  7.051956E-04  2.283086E-06  8.518190E-07  1.105722E-06  4.247786E-07
 3.481500E+02  1.778313E-01  3.687832E-05  1.006584E-09  1.347684E-09  1.505935E-09  1.829535E-09  3.982500E-01  3.248073E-04  4.371853E-07  3.768667E-01  1.205924E-03  6.206446E-06  8.504145E-07  1.636583E-03  7.867789E-08  3.130356E-07  2.650193E-08  4.262465E-02  2.477055E-06  8.109572E-08  6.766827E-08  5.120264E-04  6.960817E-04  2.180405E-06  8.128638E-07  1.055447E-06  4.087820E-07
 3.491500E+02  1.780755E-01  3.661234E-05  9.835536E-10  1.317121E-09  1.471850E-09  1.788475E-09  3.982733E-01  3.203349E-04  4.168927E-07  3.771230E-01  1.190845E-03  5.931421E-06  8.325389E-07  1.614714E-03  7.562016E-08  3.014812E-07  2.572765E-08  4.215864E-02  2.389729E-06  7.909101E-08  6.596035E-08  5.054460E-04  6.871413E-04  2.082906E-06  7.759114E-07  1.007744E-06  3.934768E-07
 3.501500E+02  1.783158E-01  3.634930E-05  9.611678E-10  1.287407E-09  1.438709E-09  1.748545E-09  3.982962E-01  3.159538E-04  3.976604E-07  3.773751E-01  1.176038E-03  5.670044E-06  8.151424E-07  1.593263E-03  7.269888E-08  2.904205E-07  2.498033E-08  4.170012E-02  2.305950E-06  7.714660E-08  6.430469E-08  4.989902E-04  6.783703E-04  1.990303E-06  7.408482E-07  9.624682E-07  3.788297E-07
 3.511500E+02  1.785522E-01  3.608917E-05  9.394056E-10  1.258514E-09  1.406483E-09  1.709710E-09  3.983186E-01  3.116615E-04  3.794273E-07  3.776231E-01  1.161496E-03  5.421571E-06  7.982101E-07  1.572220E-03  6.990725E-08  2.798296E-07  2.425889E-08  4.124895E-02  2.225559E-06  7.526042E-08  6.269947E-08  4.926560E-04  6.697647E-04  1.902325E-06  7.075678E-07  9.194832E-07  3.648093E-07
 3.521500E+02  1.787848E-01  3.583193E-05  9.182475E-10  1.230417E-09  1.375144E-09  1.671937E-09  3.983405E-01  3.074558E-04  3.621362E-07  3.778671E-01  1.147213E-03  5.185304E-06  7.817273E-07  1.551575E-03  6.723885E-08  2.696864E-07  2.356233E-08  4.080498E-02  2.148402E-06  7.343049E-08  6.114294E-08  4.864407E-04  6.613207E-04  1.818718E-06  6.759705E-07  8.786611E-07  3.513856E-07
 3.531500E+02  1.790137E-01  3.557755E-05  8.976745E-10  1.203092E-09  1.344663E-09  1.635191E-09  3.983621E-01  3.033345E-04  3.457333E-07  3.781072E-01  1.133184E-03  4.960583E-06  7.656802E-07  1.531319E-03  6.468761E-08  2.599694E-07  2.288967E-08  4.036809E-02  2.074334E-06  7.165490E-08  5.963342E-08  4.803414E-04  6.530345E-04  1.739243E-06  6.459622E-07  8.398819E-07  3.385303E-07
 3.541500E+02  1.792389E-01  3.532601E-05  8.776682E-10  1.176514E-09  1.315015E-09  1.599442E-09  3.983832E-01  2.992955E-04  3.301683E-07  3.783433E-01  1.119403E-03  4.746789E-06  7.500553E-07  1.511444E-03  6.224778E-08  2.506587E-07  2.223998E-08  3.993814E-02  2.003217E-06  6.993180E-08  5.816930E-08  4.743555E-04  6.449025E-04  1.663674E-06  6.174549E-07  8.030329E-07  3.262165E-07
 3.551500E+02  1.794605E-01  3.507728E-05  8.582109E-10  1.150660E-09  1.286174E-09  1.564658E-09  3.984039E-01  2.953367E-04  3.153939E-07  3.785757E-01  1.105865E-03  4.543339E-06  7.348395E-07  1.491940E-03  5.991392E-08  2.417352E-07  2.161237E-08  3.951501E-02  1.934920E-06  6.825942E-08  5.674900E-08  4.684804E-04  6.369210E-04  1.591801E-06  5.903658E-07  7.680079E-07  3.144188E-07
 3.561500E+02  1.796786E-01  3.483133E-05  8.392856E-10  1.125508E-09  1.258114E-09  1.530811E-09  3.984243E-01  2.914561E-04  3.013657E-07  3.788043E-01  1.092565E-03  4.349681E-06  7.200204E-07  1.472800E-03  5.768090E-08  2.331808E-07  2.100598E-08  3.909856E-02  1.869317E-06  6.663607E-08  5.537105E-08  4.627135E-04  6.290867E-04  1.523424E-06  5.646170E-07  7.347073E-07  3.031130E-07
 3.571500E+02  1.798932E-01  3.458813E-05  8.208756E-10  1.101036E-09  1.230811E-09  1.497871E-09  3.984442E-01  2.876519E-04  2.880421E-07  3.790293E-01  1.079498E-03  4.165297E-06  7.055857E-07  1.454015E-03  5.554384E-08  2.249783E-07  2.042001E-08  3.868868E-02  1.806291E-06  6.506009E-08  5.403399E-08  4.570523E-04  6.213962E-04  1.458356E-06  5.401353E-07  7.030372E-07  2.922762E-07
 3.581500E+02  1.801044E-01  3.434766E-05  8.029650E-10  1.077223E-09  1.204243E-09  1.465811E-09  3.984638E-01  2.839221E-04  2.753841E-07  3.792507E-01  1.066658E-03  3.989700E-06  6.915237E-07  1.435576E-03  5.349813E-08  2.171114E-07  1.985365E-08  3.828524E-02  1.745726E-06  6.352990E-08  5.273644E-08  4.514946E-04  6.138462E-04  1.396420E-06  5.168518E-07  6.729096E-07  2.818866E-07
 3.591500E+02  1.803123E-01  3.410989E-05  7.855384E-10  1.054049E-09  1.178386E-09  1.434604E-09  3.984830E-01  2.802648E-04  2.633547E-07  3.794686E-01  1.054042E-03  3.822427E-06  6.778232E-07  1.417478E-03  5.153940E-08  2.095648E-07  1.930618E-08  3.788813E-02  1.687517E-06  6.204399E-08  5.147707E-08  4.460378E-04  6.064335E-04  1.337450E-06  4.947018E-07  6.442413E-07  2.719237E-07
 3.601500E+02  1.805169E-01  3.387479E-05  7.685808E-10  1.031494E-09  1.153220E-09  1.404224E-09  3.985019E-01  2.766784E-04  2.519196E-07  3.796831E-01  1.041644E-03  3.663046E-06  6.644733E-07  1.399711E-03  4.966350E-08  2.023238E-07  1.877686E-08  3.749722E-02  1.631560E-06  6.060087E-08  5.025458E-08  4.406798E-04  5.991551E-04  1.281289E-06  4.736243E-07  6.169542E-07  2.623677E-07
 3.611500E+02  1.807182E-01  3.364233E-05  7.520779E-10  1.009539E-09  1.128722E-09  1.374646E-09  3.985204E-01  2.731611E-04  2.410462E-07  3.798941E-01  1.029459E-03  3.511146E-06  6.514633E-07  1.382269E-03  4.786653E-08  1.953743E-07  1.826502E-08  3.711241E-02  1.577758E-06  5.919915E-08  4.906775E-08  4.354183E-04  5.920078E-04  1.227790E-06  4.535619E-07  5.909748E-07  2.532002E-07
 3.621500E+02  1.809165E-01  3.341249E-05  7.360157E-10  9.881672E-10  1.104873E-09  1.345846E-09  3.985386E-01  2.697112E-04  2.307039E-07  3.801019E-01  1.017484E-03  3.366339E-06  6.387831E-07  1.365143E-03  4.614475E-08  1.887033E-07  1.777000E-08  3.673357E-02  1.526017E-06  5.783745E-08  4.791538E-08  4.302512E-04  5.849889E-04  1.176813E-06  4.344606E-07  5.662336E-07  2.444033E-07
 3.631500E+02  1.811116E-01  3.318524E-05  7.203808E-10  9.673595E-10  1.081652E-09  1.317800E-09  3.985564E-01  2.663270E-04  2.208642E-07  3.803063E-01  1.005713E-03  3.228262E-06  6.264228E-07  1.348328E-03  4.449465E-08  1.822982E-07  1.729116E-08  3.636061E-02  1.476250E-06  5.651447E-08  4.679632E-08  4.251763E-04  5.780953E-04  1.128227E-06  4.162694E-07  5.426654E-07  2.359604E-07
 3.641500E+02  1.813037E-01  3.296055E-05  7.051601E-10  9.470992E-10  1.059042E-09  1.290486E-09  3.985739E-01  2.630071E-04  2.114998E-07  3.805076E-01  9.941431E-04  3.096569E-06  6.143730E-07  1.331817E-03  4.291287E-08  1.761469E-07  1.682790E-08  3.599340E-02  1.428371E-06  5.522894E-08  4.570947E-08  4.201917E-04  5.713243E-04  1.081908E-06  3.989403E-07  5.202086E-07  2.278554E-07
 3.651500E+02  1.814928E-01  3.273840E-05  6.903411E-10  9.273697E-10  1.037023E-09  1.263882E-09  3.985911E-01  2.597499E-04  2.025855E-07  3.807057E-01  9.827695E-04  2.970935E-06  6.026245E-07  1.315602E-03  4.139624E-08  1.702382E-07  1.637964E-08  3.563186E-02  1.382300E-06  5.397963E-08  4.465376E-08  4.152953E-04  5.646732E-04  1.037740E-06  3.824283E-07  4.988052E-07  2.200733E-07
 3.661500E+02  1.816790E-01  3.251875E-05  6.759116E-10  9.081553E-10  1.015579E-09  1.237967E-09  3.986080E-01  2.565539E-04  1.940972E-07  3.809008E-01  9.715883E-04  2.851053E-06  5.911683E-07  1.299677E-03  3.994175E-08  1.645613E-07  1.594583E-08  3.527587E-02  1.337961E-06  5.276538E-08  4.362817E-08  4.104851E-04  5.581394E-04  9.956110E-07  3.666905E-07  4.784005E-07  2.125995E-07
 3.671500E+02  1.818624E-01  3.230157E-05  6.618599E-10  8.894404E-10  9.946904E-10  1.212720E-09  3.986246E-01  2.534177E-04  1.860123E-07  3.810928E-01  9.605954E-04  2.736632E-06  5.799959E-07  1.284037E-03  3.854655E-08  1.591060E-07  1.552593E-08  3.492533E-02  1.295281E-06  5.158506E-08  4.263171E-08  4.057594E-04  5.517202E-04  9.554181E-07  3.516868E-07  4.589428E-07  2.054204E-07
 3.681500E+02  1.820429E-01  3.208685E-05  6.481745E-10  8.712100E-10  9.743423E-10  1.188121E-09  3.986409E-01  2.503397E-04  1.783097E-07  3.812819E-01  9.497870E-04  2.627397E-06  5.690989E-07  1.268674E-03  3.720792E-08  1.538623E-07  1.511943E-08  3.458014E-02  1.254188E-06  5.043756E-08  4.166343E-08  4.011161E-04  5.454133E-04  9.170624E-07  3.373793E-07  4.403834E-07  1.985230E-07
 3.691500E+02  1.822206E-01  3.187455E-05  6.348446E-10  8.534498E-10  9.545181E-10  1.164151E-09  3.986569E-01  2.473188E-04  1.709692E-07  3.814680E-01  9.391593E-04  2.523089E-06  5.584695E-07  1.253582E-03  3.592328E-08  1.488212E-07  1.472585E-08  3.424021E-02  1.214619E-06  4.932184E-08  4.072240E-08  3.965537E-04  5.392160E-04  8.804511E-07  3.237322E-07  4.226763E-07  1.918947E-07
 3.701500E+02  1.823957E-01  3.166465E-05  6.218595E-10  8.361459E-10  9.352024E-10  1.140792E-09  3.986726E-01  2.443535E-04  1.639720E-07  3.816513E-01  9.287086E-04  2.423462E-06  5.480997E-07  1.238757E-03  3.469019E-08  1.439737E-07  1.434470E-08  3.390543E-02  1.176507E-06  4.823688E-08  3.980775E-08  3.920702E-04  5.331261E-04  8.454964E-07  3.107116E-07  4.057781E-07  1.855239E-07
 3.711500E+02  1.825680E-01  3.145711E-05  6.092089E-10  8.192846E-10  9.163802E-10  1.118026E-09  3.986880E-01  2.414426E-04  1.573002E-07  3.818318E-01  9.184312E-04  2.328285E-06  5.379820E-07  1.224191E-03  3.350632E-08  1.393115E-07  1.397555E-08  3.357572E-02  1.139794E-06  4.718170E-08  3.891862E-08  3.876640E-04  5.271412E-04  8.121153E-07  2.982858E-07  3.896479E-07  1.793992E-07
 3.721500E+02  1.827378E-01  3.125192E-05  5.968828E-10  8.028529E-10  8.980367E-10  1.095836E-09  3.987032E-01  2.385847E-04  1.509371E-07  3.820096E-01  9.083238E-04  2.237337E-06  5.281093E-07  1.209880E-03  3.236946E-08  1.348265E-07  1.361795E-08  3.325099E-02  1.104422E-06  4.615536E-08  3.805420E-08  3.833334E-04  5.212590E-04  7.802294E-07  2.864245E-07  3.742468E-07  1.735101E-07
 3.731500E+02  1.829049E-01  3.104904E-05  5.848717E-10  7.868383E-10  8.801581E-10  1.074204E-09  3.987180E-01  2.357788E-04  1.448668E-07  3.821846E-01  8.983828E-04  2.150412E-06  5.184746E-07  1.195819E-03  3.127751E-08  1.305112E-07  1.327150E-08  3.293114E-02  1.070335E-06  4.515694E-08  3.721368E-08  3.790769E-04  5.154774E-04  7.497643E-07  2.750994E-07  3.595383E-07  1.678462E-07
