#         T/K            c1          c2-1          c3-4          c3-5          c3-7          c3-9            m1          m2-1          m3-1            w1            w2          w3-1          w3-2          c1m1        c1m2-1        c1m2-7        c2m1-1        c1w1-2        c1w2-1        c2w1-1        c2w1-9        m1w1-1        m1w1-4        m1w2-1        m2w1-1        m2w1-3      c1m1w1-1
 2.731500E+02  6.659598E-02  1.424999E-05  8.073059E-10  1.059608E-09  1.178899E-09  1.405690E-09  4.437545E-01  1.608028E-03  6.289325E-05  4.086780E-01  5.564700E-03  7.706674E-04  1.081329E-05  3.002132E-03  2.067883E-06  6.785381E-06  1.035950E-07  6.373268E-02  4.769637E-05  2.092710E-07  1.837621E-07  2.378852E-03  3.238259E-03  2.758201E-04  1.084402E-04  1.373410E-04  9.530258E-06
 2.741500E+02  6.707975E-02  1.419309E-05  7.857475E-10  1.031662E-09  1.147891E-09  1.369149E-09  4.439050E-01  1.570134E-03  5.807990E-05  4.093830E-01  5.451215E-03  7.158363E-04  1.043427E-05  2.946300E-03  1.942186E-06  6.393569E-06  9.930864E-08  6.282353E-02  4.512948E-05  2.022304E-07  1.774265E-07  2.327716E-03  3.168447E-03  2.558343E-04  1.003812E-04  1.271848E-04  8.979006E-06
 2.751500E+02  6.755629E-02  1.413436E-05  7.647295E-10  1.004403E-09  1.117645E-09  1.333490E-09  4.440500E-01  1.533416E-03  5.366744E-05  4.100710E-01  5.340635E-03  6.652248E-04  1.007072E-05  2.891673E-03  1.824852E-06  6.026634E-06  9.521471E-08  6.192751E-02  4.271307E-05  1.954415E-07  1.713234E-07  2.278006E-03  3.100593E-03  2.374194E-04  9.297322E-05  1.178454E-04  8.462562E-06
 2.761500E+02  6.802562E-02  1.407389E-05  7.442429E-10  9.778222E-10  1.088147E-09  1.298699E-09  4.441899E-01  1.497833E-03  4.961998E-05  4.107426E-01  5.232882E-03  6.184865E-04  9.721943E-06  2.838224E-03  1.715282E-06  5.682868E-06  9.130417E-08  6.104458E-02  4.043774E-05  1.888953E-07  1.654442E-07  2.229678E-03  3.034633E-03  2.204432E-04  8.615974E-05  1.092522E-04  7.978570E-06
 2.771500E+02  6.848780E-02  1.401177E-05  7.242787E-10  9.519073E-10  1.059385E-09  1.264762E-09  4.443249E-01  1.463342E-03  4.590503E-05  4.113984E-01  5.127878E-03  5.753048E-04  9.387290E-06  2.785929E-03  1.612922E-06  5.360690E-06  8.756837E-08  6.017468E-02  3.829470E-05  1.825832E-07  1.597808E-07  2.182687E-03  2.970508E-03  2.047854E-04  7.988957E-05  1.013412E-04  7.524839E-06
 2.781500E+02  6.894286E-02  1.394809E-05  7.048276E-10  9.266476E-10  1.031348E-09  1.231667E-09  4.444553E-01  1.429904E-03  4.249320E-05  4.120389E-01  5.025550E-03  5.353906E-04  9.066131E-06  2.734763E-03  1.517261E-06  5.058632E-06  8.399910E-08  5.931776E-02  3.627573E-05  1.764970E-07  1.543252E-07  2.136993E-03  2.908158E-03  1.903362E-04  7.411615E-05  9.405414E-05  7.099339E-06
 2.791500E+02  6.939086E-02  1.388293E-05  6.858802E-10  9.020315E-10  1.004023E-09  1.199399E-09  4.445813E-01  1.397481E-03  3.935786E-05  4.126647E-01  4.925822E-03  4.984796E-04  8.757866E-06  2.684703E-03  1.427824E-06  4.775336E-06  8.058852E-08  5.847375E-02  3.437316E-05  1.706285E-07  1.490698E-07  2.092552E-03  2.847528E-03  1.769955E-04  6.879718E-05  8.733816E-05  6.700181E-06
 2.801500E+02  6.983186E-02  1.381638E-05  6.674273E-10  8.780475E-10  9.773964E-10  1.167944E-09  4.447031E-01  1.366035E-03  3.647488E-05  4.132763E-01  4.828623E-03  4.643299E-04  8.461925E-06  2.635725E-03  1.344175E-06  4.509540E-06  7.732920E-08  5.764257E-02  3.257979E-05  1.649700E-07  1.440072E-07  2.049327E-03  2.788563E-03  1.646720E-04  6.389419E-05  8.114508E-05  6.325612E-06
 2.811500E+02  7.026590E-02  1.374852E-05  6.494594E-10  8.546841E-10  9.514567E-10  1.137289E-09  4.448208E-01  1.335533E-03  3.382238E-05  4.138741E-01  4.733882E-03  4.327205E-04  8.177762E-06  2.587805E-03  1.265910E-06  4.260073E-06  7.421406E-08  5.682413E-02  3.088892E-05  1.595139E-07  1.391301E-07  2.007278E-03  2.731209E-03  1.532826E-04  5.937218E-05  7.543109E-05  5.974002E-06
 2.821500E+02  7.069306E-02  1.367943E-05  6.319668E-10  8.319295E-10  9.261906E-10  1.107418E-09  4.449348E-01  1.305939E-03  3.138049E-05  4.144586E-01  4.641531E-03  4.034488E-04  7.904857E-06  2.540921E-03  1.192654E-06  4.025848E-06  7.123636E-08  5.601834E-02  2.929427E-05  1.542529E-07  1.344318E-07  1.966369E-03  2.675416E-03  1.427511E-04  5.519929E-05  7.015627E-05  5.643836E-06
 2.831500E+02  7.111340E-02  1.360919E-05  6.149400E-10  8.097718E-10  9.015851E-10  1.078317E-09  4.450451E-01  1.277223E-03  2.913118E-05  4.150302E-01  4.551503E-03  3.763296E-04  7.642716E-06  2.495051E-03  1.124060E-06  3.805856E-06  6.838970E-08  5.522510E-02  2.778996E-05  1.491800E-07  1.299056E-07  1.926563E-03  2.621133E-03  1.330081E-04  5.134648E-05  6.528426E-05  5.333706E-06
 2.841500E+02  7.152698E-02  1.353788E-05  5.983694E-10  7.881990E-10  8.776270E-10  1.049971E-09  4.451519E-01  1.249352E-03  2.705808E-05  4.155893E-01  4.463731E-03  3.511931E-04  7.390863E-06  2.450172E-03  1.059808E-06  3.599158E-06  6.566796E-08  5.444429E-02  2.637049E-05  1.442884E-07  1.255451E-07  1.887825E-03  2.568314E-03  1.239900E-04  4.778732E-05  6.078191E-05  5.042301E-06
 2.851500E+02  7.193388E-02  1.346557E-05  5.822455E-10  7.671994E-10  8.543033E-10  1.022365E-09  4.452554E-01  1.222297E-03  2.514629E-05  4.161362E-01  4.378154E-03  3.278837E-04  7.148850E-06  2.406263E-03  9.996009E-07  3.404883E-06  6.306534E-08  5.367581E-02  2.503072E-05  1.395714E-07  1.213440E-07  1.850123E-03  2.516912E-03  1.156390E-04  4.449767E-05  5.661897E-05  4.768402E-06
 2.861500E+02  7.233416E-02  1.339235E-05  5.665584E-10  7.467607E-10  8.316007E-10  9.954849E-10  4.453557E-01  1.196029E-03  2.338225E-05  4.166714E-01  4.294708E-03  3.062589E-04  6.916245E-06  2.363302E-03  9.431624E-07  3.222221E-06  6.057632E-08  5.291954E-02  2.376584E-05  1.350228E-07  1.172964E-07  1.813423E-03  2.466883E-03  1.079018E-04  4.145553E-05  5.276785E-05  4.510873E-06
 2.871500E+02  7.272791E-02  1.331827E-05  5.512987E-10  7.268712E-10  8.095061E-10  9.693151E-10  4.454529E-01  1.170521E-03  2.175364E-05  4.171952E-01  4.213333E-03  2.861877E-04  6.692640E-06  2.321269E-03  8.902375E-07  3.050418E-06  5.819562E-08  5.217535E-02  2.257134E-05  1.306364E-07  1.133965E-07  1.777694E-03  2.418182E-03  1.007299E-04  3.864082E-05  4.920335E-05  4.268660E-06
 2.881500E+02  7.311520E-02  1.324342E-05  5.364567E-10  7.075187E-10  7.880063E-10  9.438407E-10  4.455473E-01  1.145746E-03  2.024923E-05  4.177079E-01  4.133972E-03  2.675504E-04  6.477643E-06  2.280144E-03  8.405893E-07  2.888773E-06  5.591824E-08  5.144311E-02  2.144300E-05  1.264062E-07  1.096389E-07  1.742907E-03  2.370769E-03  9.407873E-05  3.603519E-05  4.590243E-05  4.040777E-06
 2.891500E+02  7.349610E-02  1.316785E-05  5.220230E-10  6.886913E-10  7.670882E-10  9.190468E-10  4.456388E-01  1.121680E-03  1.885878E-05  4.182097E-01  4.056567E-03  2.502366E-04  6.270882E-06  2.239905E-03  7.939978E-07  2.736632E-06  5.373940E-08  5.072269E-02  2.037687E-05  1.223265E-07  1.060181E-07  1.709031E-03  2.324604E-03  8.790761E-05  3.362188E-05  4.284404E-05  3.826309E-06
 2.901500E+02  7.387070E-02  1.309163E-05  5.079879E-10  6.703772E-10  7.467386E-10  8.949183E-10  4.457276E-01  1.098297E-03  1.757296E-05  4.187011E-01  3.981063E-03  2.341454E-04  6.072002E-06  2.200534E-03  7.502590E-07  2.593388E-06  5.165456E-08  5.001396E-02  1.936926E-05  1.183919E-07  1.025289E-07  1.676040E-03  2.279647E-03  8.217916E-05  3.138554E-05  4.000893E-05  3.624401E-06
 2.911500E+02  7.423907E-02  1.301482E-05  4.943421E-10  6.525645E-10  7.269445E-10  8.714404E-10  4.458138E-01  1.075574E-03  1.638326E-05  4.191823E-01  3.907406E-03  2.191837E-04  5.880664E-06  2.162011E-03  7.091836E-07  2.458476E-06  4.965940E-08  4.931678E-02  1.841669E-05  1.145969E-07  9.916650E-08  1.643904E-03  2.235860E-03  7.685911E-05  2.931217E-05  3.737949E-05  3.434257E-06
 2.921500E+02  7.460131E-02  1.293750E-05  4.810763E-10  6.352414E-10  7.076929E-10  8.485983E-10  4.458975E-01  1.053489E-03  1.528191E-05  4.196535E-01  3.835544E-03  2.052662E-04  5.696546E-06  2.124317E-03  6.705955E-07  2.331366E-06  4.774981E-08  4.863100E-02  1.751591E-05  1.109365E-07  9.592601E-08  1.612598E-03  2.193209E-03  7.191606E-05  2.738893E-05  3.493958E-05  3.255136E-06
 2.931500E+02  7.495748E-02  1.285970E-05  4.681811E-10  6.183963E-10  6.889710E-10  8.263772E-10  4.459789E-01  1.032020E-03  1.426180E-05  4.201151E-01  3.765427E-03  1.923144E-04  5.519338E-06  2.087434E-03  6.343312E-07  2.211569E-06  4.592184E-08  4.795649E-02  1.666388E-05  1.074058E-07  9.280284E-08  1.582097E-03  2.151657E-03  6.732115E-05  2.560407E-05  3.267442E-05  3.086345E-06
 2.941500E+02  7.530768E-02  1.278150E-05  4.556475E-10  6.020176E-10  6.707661E-10  8.047624E-10  4.460579E-01  1.011146E-03  1.331644E-05  4.205673E-01  3.697006E-03  1.802561E-04  5.348749E-06  2.051343E-03  6.002388E-07  2.098625E-06  4.417178E-08  4.729310E-02  1.585775E-05  1.039998E-07  8.979257E-08  1.552375E-03  2.111172E-03  6.304791E-05  2.394681E-05  3.057047E-05  2.927238E-06
 2.951500E+02  7.565198E-02  1.270294E-05  4.434663E-10  5.860939E-10  6.530655E-10  7.837396E-10  4.461348E-01  9.908481E-04  1.243991E-05  4.210102E-01  3.630232E-03  1.690247E-04  5.184498E-06  2.016027E-03  5.681769E-07  1.992108E-06  4.249607E-08  4.664068E-02  1.509484E-05  1.007140E-07  8.689091E-08  1.523410E-03  2.071719E-03  5.907199E-05  2.240728E-05  2.861532E-05  2.777214E-06
 2.961500E+02  7.599047E-02  1.262408E-05  4.316286E-10  5.706138E-10  6.358567E-10  7.632942E-10  4.462095E-01  9.711062E-04  1.162678E-05  4.214442E-01  3.565060E-03  1.585592E-04  5.026317E-06  1.981467E-03  5.380139E-07  1.891618E-06  4.089131E-08  4.599908E-02  1.437263E-05  9.754406E-08  8.409376E-08  1.495177E-03  2.033269E-03  5.537105E-05  2.097644E-05  2.679756E-05  2.635708E-06
 2.971500E+02  7.632324E-02  1.254496E-05  4.201257E-10  5.555663E-10  6.191275E-10  7.434122E-10  4.462822E-01  9.519020E-04  1.087208E-05  4.218695E-01  3.501445E-03  1.488031E-04  4.873952E-06  1.947647E-03  5.096278E-07  1.796783E-06  3.935428E-08  4.536815E-02  1.368878E-05  9.448558E-08  8.139716E-08  1.467656E-03  1.995790E-03  5.192451E-05  1.964598E-05  2.510674E-05  2.502198E-06
 2.981500E+02  7.665037E-02  1.246564E-05  4.089487E-10  5.409402E-10  6.028657E-10  7.240795E-10  4.463528E-01  9.332179E-04  1.017126E-05  4.222863E-01  3.439343E-03  1.397046E-04  4.727161E-06  1.914550E-03  4.829044E-07  1.707256E-06  3.788191E-08  4.474775E-02  1.304108E-05  9.153449E-08  7.879730E-08  1.440824E-03  1.959252E-03  4.871346E-05  1.840826E-05  2.353325E-05  2.376190E-06
 2.991500E+02  7.697195E-02  1.238617E-05  3.980893E-10  5.267248E-10  5.870592E-10  7.052823E-10  4.464216E-01  9.150366E-04  9.520136E-06  4.226948E-01  3.378713E-03  1.312157E-04  4.585710E-06  1.882160E-03  4.577378E-07  1.622713E-06  3.647127E-08  4.413773E-02  1.242744E-05  8.868680E-08  7.629052E-08  1.414661E-03  1.923629E-03  4.572049E-05  1.725629E-05  2.206827E-05  2.257229E-06
 3.001500E+02  7.728805E-02  1.230658E-05  3.875389E-10  5.129094E-10  5.716964E-10  6.870069E-10  4.464885E-01  8.973418E-04  8.914900E-06  4.230952E-01  3.319512E-03  1.232924E-04  4.449379E-06  1.850460E-03  4.340293E-07  1.542850E-06  3.511957E-08  4.353792E-02  1.184593E-05  8.593870E-08  7.387329E-08  1.389147E-03  1.888891E-03  4.292957E-05  1.618362E-05  2.070367E-05  2.144884E-06
 3.011500E+02  7.759876E-02  1.222691E-05  3.772893E-10  4.994834E-10  5.567655E-10  6.692400E-10  4.465537E-01  8.801177E-04  8.352037E-06  4.234877E-01  3.261703E-03  1.158939E-04  4.317957E-06  1.819434E-03  4.116867E-07  1.467383E-06  3.382415E-08  4.294819E-02  1.129472E-05  8.328650E-08  7.154222E-08  1.364263E-03  1.855013E-03  4.032591E-05  1.518434E-05  1.943201E-05  2.038756E-06
 3.021500E+02  7.790418E-02  1.214722E-05  3.673324E-10  4.864365E-10  5.422552E-10  6.519682E-10  4.466172E-01  8.633490E-04  7.828329E-06  4.238724E-01  3.205246E-03  1.089827E-04  4.191241E-06  1.789068E-03  3.906243E-07  1.396049E-06  3.258248E-08  4.236837E-02  1.077208E-05  8.072665E-08  6.929405E-08  1.339989E-03  1.821970E-03  3.789592E-05  1.425299E-05  1.824641E-05  1.938470E-06
 3.031500E+02  7.820437E-02  1.206753E-05  3.576602E-10  4.737586E-10  5.281543E-10  6.351786E-10  4.466790E-01  8.470211E-04  7.340816E-06  4.242497E-01  3.150103E-03  1.025239E-04  4.069039E-06  1.759346E-03  3.707621E-07  1.328600E-06  3.139216E-08  4.179832E-02  1.027642E-05  7.825574E-08  6.712564E-08  1.316308E-03  1.789735E-03  3.562703E-05  1.338457E-05  1.714054E-05  1.843677E-06
 3.041500E+02  7.849944E-02  1.198789E-05  3.482649E-10  4.614398E-10  5.144517E-10  6.188584E-10  4.467392E-01  8.311198E-04  6.886783E-06  4.246196E-01  3.096239E-03  9.648565E-05  3.951168E-06  1.730253E-03  3.520255E-07  1.264803E-06  3.025088E-08  4.123788E-02  9.806202E-06  7.587048E-08  6.503397E-08  1.293203E-03  1.758286E-03  3.350766E-05  1.257447E-05  1.610859E-05  1.754047E-06
 3.051500E+02  7.878945E-02  1.190833E-05  3.391388E-10  4.494701E-10  5.011367E-10  6.029952E-10  4.467978E-01  8.156316E-04  6.463730E-06  4.249823E-01  3.043620E-03  9.083819E-05  3.837452E-06  1.701774E-03  3.343448E-07  1.204443E-06  2.915645E-08  4.068692E-02  9.360015E-06  7.356770E-08  6.301615E-08  1.270656E-03  1.727599E-03  3.152714E-05  1.181842E-05  1.514519E-05  1.669275E-06
 3.061500E+02  7.907449E-02  1.182888E-05  3.302746E-10  4.378402E-10  4.881986E-10  5.875765E-10  4.468550E-01  8.005434E-04  6.069361E-06  4.253380E-01  2.992209E-03  8.555417E-05  3.727723E-06  1.673896E-03  3.176550E-07  1.147316E-06  2.810679E-08  4.014526E-02  8.936517E-06  7.134437E-08  6.106939E-08  1.248651E-03  1.697652E-03  2.967559E-05  1.111252E-05  1.424538E-05  1.589074E-06
 3.071500E+02  7.935464E-02  1.174958E-05  3.216647E-10  4.265405E-10  4.756272E-10  5.725904E-10  4.469107E-01  7.858426E-04  5.701560E-06  4.256868E-01  2.941976E-03  8.060825E-05  3.621821E-06  1.646605E-03  3.018955E-07  1.093232E-06  2.709991E-08  3.961278E-02  8.534451E-06  6.919753E-08  5.919099E-08  1.227172E-03  1.668424E-03  2.794390E-05  1.045314E-05  1.340461E-05  1.513174E-06
 3.081500E+02  7.962999E-02  1.167045E-05  3.133021E-10  4.155620E-10  4.634121E-10  5.580249E-10  4.469650E-01  7.715171E-04  5.358381E-06  4.260289E-01  2.892887E-03  7.597698E-05  3.519593E-06  1.619887E-03  2.870096E-07  1.042014E-06  2.613391E-08  3.908931E-02  8.152632E-06  6.712438E-08  5.737839E-08  1.206205E-03  1.639893E-03  2.632364E-05  9.836966E-06  1.261867E-05  1.441324E-06
 3.091500E+02  7.990061E-02  1.159153E-05  3.051798E-10  4.048956E-10  4.515436E-10  5.438687E-10  4.470180E-01  7.575551E-04  5.038031E-06  4.263645E-01  2.844912E-03  7.163867E-05  3.420893E-06  1.593730E-03  2.729443E-07  9.934949E-07  2.520699E-08  3.857471E-02  7.789947E-06  6.512219E-08  5.562911E-08  1.185735E-03  1.612039E-03  2.480702E-05  9.260905E-06  1.188365E-05  1.373287E-06
 3.101500E+02  8.016659E-02  1.151284E-05  2.972908E-10  3.945326E-10  4.400119E-10  5.301103E-10  4.470696E-01  7.439453E-04  4.738856E-06  4.266937E-01  2.798021E-03  6.757322E-05  3.325581E-06  1.568119E-03  2.596501E-07  9.475185E-07  2.431742E-08  3.806884E-02  7.445349E-06  6.318835E-08  5.394075E-08  1.165747E-03  1.584843E-03  2.338685E-05  8.722122E-06  1.119599E-05  1.308843E-06
 3.111500E+02  8.042800E-02  1.143440E-05  2.896286E-10  3.844644E-10  4.288075E-10  5.167387E-10  4.471200E-01  7.306769E-04  4.459333E-06  4.270166E-01  2.752184E-03  6.376201E-05  3.233522E-06  1.543042E-03  2.470808E-07  9.039385E-07  2.346357E-08  3.757155E-02  7.117850E-06  6.132035E-08  5.231104E-08  1.146227E-03  1.558287E-03  2.205645E-05  8.217992E-06  1.055234E-05  1.247784E-06
 3.121500E+02  8.068493E-02  1.135625E-05  2.821865E-10  3.746827E-10  4.179212E-10  5.037430E-10  4.471692E-01  7.177394E-04  4.198056E-06  4.273334E-01  2.707373E-03  6.018778E-05  3.144590E-06  1.518488E-03  2.351930E-07  8.626175E-07  2.264386E-08  3.708270E-02  6.806523E-06  5.951576E-08  5.073777E-08  1.127162E-03  1.532351E-03  2.080967E-05  7.746089E-06  9.949648E-06  1.189915E-06
 3.131500E+02  8.093745E-02  1.127841E-05  2.749582E-10  3.651791E-10  4.073438E-10  4.911128E-10  4.472172E-01  7.051227E-04  3.953727E-06  4.276443E-01  2.663561E-03  5.683454E-05  3.058663E-06  1.494444E-03  2.239463E-07  8.234267E-07  2.185681E-08  3.660213E-02  6.510493E-06  5.777226E-08  4.921882E-08  1.108540E-03  1.507018E-03  1.964077E-05  7.304170E-06  9.385072E-06  1.135054E-06
 3.141500E+02  8.118563E-02  1.120089E-05  2.679376E-10  3.559459E-10  3.970666E-10  4.788376E-10  4.472640E-01  6.928171E-04  3.725149E-06  4.279493E-01  2.620722E-03  5.368746E-05  2.975622E-06  1.470898E-03  2.133027E-07  7.862454E-07  2.110099E-08  3.612972E-02  6.228939E-06  5.608761E-08  4.775216E-08  1.090348E-03  1.482271E-03  1.854448E-05  6.890160E-06  8.855985E-06  1.083030E-06
 3.151500E+02  8.142956E-02  1.112372E-05  2.611185E-10  3.469751E-10  3.870809E-10  4.669074E-10  4.473097E-01  6.808130E-04  3.511214E-06  4.282486E-01  2.578829E-03  5.073275E-05  2.895357E-06  1.447838E-03  2.032269E-07  7.509601E-07  2.037505E-08  3.566533E-02  5.961083E-06  5.445965E-08  4.633584E-08  1.072573E-03  1.458094E-03  1.751588E-05  6.502140E-06  8.359955E-06  1.033683E-06
 3.161500E+02  8.166931E-02  1.104691E-05  2.544950E-10  3.382592E-10  3.773784E-10  4.553124E-10  4.473543E-01  6.691016E-04  3.310899E-06  4.285422E-01  2.537857E-03  4.795765E-05  2.817761E-06  1.425254E-03  1.936855E-07  7.174643E-07  1.967769E-08  3.520881E-02  5.706195E-06  5.288631E-08  4.496797E-08  1.055205E-03  1.434471E-03  1.655041E-05  6.138330E-06  7.894731E-06  9.868598E-07
 3.171500E+02  8.190495E-02  1.097049E-05  2.480614E-10  3.297909E-10  3.679508E-10  4.440430E-10  4.473979E-01  6.576739E-04  3.123259E-06  4.288305E-01  2.497782E-03  4.535029E-05  2.742730E-06  1.403134E-03  1.846475E-07  6.856580E-07  1.900767E-08  3.476002E-02  5.463586E-06  5.136559E-08  4.364676E-08  1.038231E-03  1.411385E-03  1.564387E-05  5.797084E-06  7.458225E-06  9.424205E-07
 3.181500E+02  8.213655E-02  1.089447E-05  2.418122E-10  3.215628E-10  3.587902E-10  4.330898E-10  4.474404E-01  6.465215E-04  2.947419E-06  4.291133E-01  2.458581E-03  4.289963E-05  2.670168E-06  1.381469E-03  1.760836E-07  6.554473E-07  1.836383E-08  3.431884E-02  5.232608E-06  4.989557E-08  4.237046E-08  1.021641E-03  1.388823E-03  1.479234E-05  5.476877E-06  7.048503E-06  9.002316E-07
 3.191500E+02  8.236420E-02  1.081887E-05  2.357418E-10  3.135680E-10  3.498887E-10  4.224438E-10  4.474820E-01  6.356364E-04  2.782568E-06  4.293910E-01  2.420231E-03  4.059544E-05  2.599980E-06  1.360246E-03  1.679667E-07  6.267438E-07  1.774502E-08  3.388513E-02  5.012647E-06  4.847442E-08  4.113741E-08  1.005425E-03  1.366770E-03  1.399217E-05  5.176292E-06  6.663772E-06  8.601678E-07
 3.201500E+02  8.258795E-02  1.074371E-05  2.298450E-10  3.057997E-10  3.412389E-10  4.120961E-10  4.475226E-01  6.250106E-04  2.627956E-06  4.296635E-01  2.382709E-03  3.842818E-05  2.532076E-06  1.339456E-03  1.602709E-07  5.994647E-07  1.715020E-08  3.345876E-02  4.803127E-06  4.710035E-08  3.994600E-08  9.895716E-04  1.345211E-03  1.323999E-05  4.894018E-06  6.302367E-06  8.221117E-07
 3.211500E+02  8.280788E-02  1.066899E-05  2.241166E-10  2.982512E-10  3.328333E-10  4.020380E-10  4.475622E-01  6.146364E-04  2.482889E-06  4.299310E-01  2.345994E-03  3.638900E-05  2.466371E-06  1.319089E-03  1.529723E-07  5.735319E-07  1.657832E-08  3.303960E-02  4.603502E-06  4.577165E-08  3.879470E-08  9.740713E-04  1.324134E-03  1.253266E-05  4.628837E-06  5.962744E-06  7.859527E-07
 3.221500E+02  8.302406E-02  1.059473E-05  2.185516E-10  2.909161E-10  3.246649E-10  3.922612E-10  4.476010E-01  6.045067E-04  2.346723E-06  4.301936E-01  2.310065E-03  3.446966E-05  2.402781E-06  1.299136E-03  1.460484E-07  5.488719E-07  1.602842E-08  3.262752E-02  4.413258E-06  4.448669E-08  3.768203E-08  9.589145E-04  1.303524E-03  1.186726E-05  4.379619E-06  5.643468E-06  7.515868E-07
 3.231500E+02  8.323655E-02  1.052095E-05  2.131451E-10  2.837880E-10  3.167265E-10  3.827574E-10  4.476389E-01  5.946142E-04  2.218861E-06  4.304514E-01  2.274902E-03  3.266249E-05  2.341229E-06  1.279586E-03  1.394780E-07  5.254158E-07  1.549956E-08  3.222239E-02  4.231911E-06  4.324389E-08  3.660655E-08  9.440919E-04  1.283370E-03  1.124109E-05  4.145314E-06  5.343207E-06  7.189163E-07
 3.241500E+02  8.344543E-02  1.044764E-05  2.078925E-10  2.768608E-10  3.090115E-10  3.735186E-10  4.476759E-01  5.849522E-04  2.098750E-06  4.307045E-01  2.240484E-03  3.096034E-05  2.281637E-06  1.260430E-03  1.332411E-07  5.030986E-07  1.499085E-08  3.182410E-02  4.059002E-06  4.204171E-08  3.556691E-08  9.295944E-04  1.263659E-03  1.065161E-05  3.924947E-06  5.060723E-06  6.878490E-07
 3.251500E+02  8.365076E-02  1.037484E-05  2.027890E-10  2.701287E-10  3.015132E-10  3.645372E-10  4.477121E-01  5.755139E-04  1.985875E-06  4.309531E-01  2.206794E-03  2.935656E-05  2.223935E-06  1.241660E-03  1.273192E-07  4.818591E-07  1.450145E-08  3.143251E-02  3.894098E-06  4.087871E-08  3.456178E-08  9.154135E-04  1.244378E-03  1.009648E-05  3.717612E-06  4.794865E-06  6.582984E-07
 3.261500E+02  8.385260E-02  1.030253E-05  1.978303E-10  2.635857E-10  2.942253E-10  3.558056E-10  4.477475E-01  5.662930E-04  1.879760E-06  4.311971E-01  2.173813E-03  2.784495E-05  2.168052E-06  1.223266E-03  1.216947E-07  4.616398E-07  1.403054E-08  3.104751E-02  3.736792E-06  3.975346E-08  3.358991E-08  9.015405E-04  1.225518E-03  9.573514E-06  3.522466E-06  4.544562E-06  6.301829E-07
 3.271500E+02  8.405102E-02  1.023074E-05  1.930119E-10  2.572264E-10  2.871414E-10  3.473165E-10  4.477821E-01  5.572834E-04  1.779961E-06  4.314367E-01  2.141522E-03  2.641973E-05  2.113921E-06  1.205241E-03  1.163512E-07  4.423863E-07  1.357736E-08  3.066897E-02  3.586696E-06  3.866463E-08  3.265009E-08  8.879674E-04  1.207065E-03  9.080674E-06  3.338726E-06  4.308819E-06  6.034257E-07
 3.281500E+02  8.424609E-02  1.015947E-05  1.883298E-10  2.510452E-10  2.802557E-10  3.390628E-10  4.478159E-01  5.484790E-04  1.686068E-06  4.316720E-01  2.109904E-03  2.507552E-05  2.061479E-06  1.187574E-03  1.112731E-07  4.240476E-07  1.314115E-08  3.029678E-02  3.443446E-06  3.761091E-08  3.174113E-08  8.746861E-04  1.189010E-03  8.616065E-06  3.165661E-06  4.086709E-06  5.779544E-07
 3.291500E+02  8.443785E-02  1.008872E-05  1.837797E-10  2.450368E-10  2.735621E-10  3.310375E-10  4.478490E-01  5.398740E-04  1.597697E-06  4.319032E-01  2.078942E-03  2.380729E-05  2.010665E-06  1.170259E-03  1.064459E-07  4.065755E-07  1.272122E-08  2.993083E-02  3.306698E-06  3.659104E-08  3.086193E-08  8.616889E-04  1.171342E-03  8.177918E-06  3.002594E-06  3.877367E-06  5.537009E-07
 3.301500E+02  8.462639E-02  1.001852E-05  1.793577E-10  2.391962E-10  2.670549E-10  3.232339E-10  4.478814E-01  5.314629E-04  1.514492E-06  4.321301E-01  2.048619E-03  2.261035E-05  1.961420E-06  1.153286E-03  1.018560E-07  3.899246E-07  1.231690E-08  2.957100E-02  3.176126E-06  3.560382E-08  3.001140E-08  8.489684E-04  1.154051E-03  7.764585E-06  2.848892E-06  3.679991E-06  5.306010E-07
 3.311500E+02  8.481174E-02  9.948848E-06  1.750600E-10  2.335182E-10  2.607287E-10  3.156455E-10  4.479131E-01  5.232403E-04  1.436123E-06  4.323531E-01  2.018920E-03  2.148033E-05  1.913687E-06  1.136649E-03  9.749036E-08  3.740521E-07  1.192753E-08  2.921718E-02  3.051420E-06  3.464809E-08  2.918850E-08  8.365174E-04  1.137126E-03  7.374528E-06  2.703966E-06  3.493830E-06  5.085940E-07
 3.321500E+02  8.499398E-02  9.879726E-06  1.708828E-10  2.279981E-10  2.545781E-10  3.082660E-10  4.479441E-01  5.152009E-04  1.362281E-06  4.325720E-01  1.989829E-03  2.041313E-05  1.867412E-06  1.120340E-03  9.333698E-08  3.589177E-07  1.155250E-08  2.886926E-02  2.932291E-06  3.372274E-08  2.839225E-08  8.243288E-04  1.120559E-03  7.006313E-06  2.567267E-06  3.318187E-06  4.876229E-07
 3.331500E+02  8.517316E-02  9.811155E-06  1.668225E-10  2.226312E-10  2.485977E-10  3.010892E-10  4.479744E-01  5.073397E-04  1.292681E-06  4.327872E-01  1.961330E-03  1.940495E-05  1.822543E-06  1.104351E-03  8.938442E-08  3.444831E-07  1.119123E-08  2.852712E-02  2.818462E-06  3.282669E-08  2.762167E-08  8.123959E-04  1.104340E-03  6.658601E-06  2.438283E-06  3.152409E-06  4.676337E-07
 3.341500E+02  8.534934E-02  9.743140E-06  1.628756E-10  2.174128E-10  2.427827E-10  2.941090E-10  4.480041E-01  4.996518E-04  1.227054E-06  4.329985E-01  1.933410E-03  1.845220E-05  1.779031E-06  1.088674E-03  8.562194E-08  3.307125E-07  1.084315E-08  2.819068E-02  2.709671E-06  3.195891E-08  2.687585E-08  8.007119E-04  1.088460E-03  6.330142E-06  2.316537E-06  2.995889E-06  4.485756E-07
 3.351500E+02  8.552258E-02  9.675683E-06  1.590386E-10  2.123386E-10  2.371279E-10  2.873198E-10  4.480332E-01  4.921324E-04  1.165151E-06  4.332061E-01  1.906054E-03  1.755157E-05  1.736827E-06  1.073304E-03  8.203943E-08  3.175720E-07  1.050772E-08  2.785981E-02  2.605673E-06  3.111840E-08  2.615391E-08  7.892707E-04  1.072910E-03  6.019768E-06  2.201584E-06  2.848059E-06  4.304007E-07
 3.361500E+02  8.569292E-02  9.608789E-06  1.553083E-10  2.074042E-10  2.316287E-10  2.807159E-10  4.480616E-01  4.847770E-04  1.106742E-06  4.334100E-01  1.879248E-03  1.669992E-05  1.695886E-06  1.058232E-03  7.862735E-08  3.050294E-07  1.018444E-08  2.753442E-02  2.506232E-06  3.030422E-08  2.545498E-08  7.780658E-04  1.057681E-03  5.726387E-06  2.093007E-06  2.708391E-06  4.130636E-07
 3.371500E+02  8.586043E-02  9.542460E-06  1.516813E-10  2.026055E-10  2.262805E-10  2.742918E-10  4.480895E-01  4.775810E-04  1.051608E-06  4.336104E-01  1.852978E-03  1.589435E-05  1.656164E-06  1.043452E-03  7.537674E-08  2.930546E-07  9.872812E-09  2.721440E-02  2.411129E-06  2.951543E-08  2.477826E-08  7.670913E-04  1.042767E-03  5.448980E-06  1.990419E-06  2.576390E-06  3.965217E-07
 3.381500E+02  8.602515E-02  9.476698E-06  1.481547E-10  1.979385E-10  2.210786E-10  2.680422E-10  4.481167E-01  4.705404E-04  9.995498E-07  4.338073E-01  1.827232E-03  1.513213E-05  1.617617E-06  1.028958E-03  7.227912E-08  2.816189E-07  9.572364E-09  2.689966E-02  2.320152E-06  2.875115E-08  2.412295E-08  7.563414E-04  1.028158E-03  5.186594E-06  1.893457E-06  2.451592E-06  3.807344E-07
 3.391500E+02  8.618714E-02  9.411505E-06  1.447255E-10  1.933991E-10  2.160189E-10  2.619619E-10  4.481434E-01  4.636507E-04  9.503773E-07  4.340008E-01  1.801997E-03  1.441070E-05  1.580206E-06  1.014742E-03  6.932651E-08  2.706953E-07  9.282649E-09  2.659011E-02  2.233103E-06  2.801054E-08  2.348829E-08  7.458104E-04  1.013846E-03  4.938336E-06  1.801783E-06  2.333567E-06  3.656637E-07
 3.401500E+02  8.634646E-02  9.346883E-06  1.413905E-10  1.889836E-10  2.110970E-10  2.560460E-10  4.481696E-01  4.569082E-04  9.039151E-07  4.341910E-01  1.777260E-03  1.372767E-05  1.543891E-06  1.000800E-03  6.651139E-08  2.602582E-07  9.003238E-09  2.628563E-02  2.149795E-06  2.729276E-08  2.287356E-08  7.354928E-04  9.998254E-04  4.703371E-06  1.715079E-06  2.221911E-06  3.512735E-07
 3.411500E+02  8.650314E-02  9.282832E-06  1.381471E-10  1.846883E-10  2.063088E-10  2.502896E-10  4.481952E-01  4.503087E-04  8.599992E-07  4.343778E-01  1.753010E-03  1.308079E-05  1.508635E-06  9.871239E-04  6.382664E-08  2.502836E-07  8.733722E-09  2.598614E-02  2.070048E-06  2.659703E-08  2.227805E-08  7.253832E-04  9.860876E-04  4.480919E-06  1.633050E-06  2.116245E-06  3.375298E-07
 3.421500E+02  8.665724E-02  9.219354E-06  1.349925E-10  1.805097E-10  2.016504E-10  2.446881E-10  4.482203E-01  4.438486E-04  8.184759E-07  4.345615E-01  1.729234E-03  1.246799E-05  1.474401E-06  9.737085E-04  6.126558E-08  2.407486E-07  8.473707E-09  2.569155E-02  1.993693E-06  2.592259E-08  2.170109E-08  7.154765E-04  9.726258E-04  4.270247E-06  1.555419E-06  2.016216E-06  3.244002E-07
 3.431500E+02  8.680881E-02  9.156449E-06  1.319240E-10  1.764442E-10  1.971180E-10  2.392367E-10  4.482449E-01  4.375242E-04  7.792020E-07  4.347420E-01  1.705922E-03  1.188727E-05  1.441155E-06  9.605478E-04  5.882188E-08  2.316315E-07  8.222818E-09  2.540177E-02  1.920570E-06  2.526871E-08  2.114203E-08  7.057676E-04  9.594330E-04  4.070671E-06  1.481926E-06  1.921495E-06  3.118543E-07
 3.441500E+02  8.695789E-02  9.094116E-06  1.289391E-10  1.724885E-10  1.927077E-10  2.339313E-10  4.482690E-01  4.313319E-04  7.420433E-07  4.349194E-01  1.683062E-03  1.133681E-05  1.408863E-06  9.476363E-04  5.648955E-08  2.229119E-07  7.980695E-09  2.511670E-02  1.850527E-06  2.463468E-08  2.060025E-08  6.962517E-04  9.465028E-04  3.881549E-06  1.412329E-06  1.831770E-06  2.998634E-07
 3.451500E+02  8.710454E-02  9.032356E-06  1.260352E-10  1.686393E-10  1.884160E-10  2.287673E-10  4.482926E-01  4.252684E-04  7.068746E-07  4.350939E-01  1.660644E-03  1.081488E-05  1.377493E-06  9.349682E-04  5.426296E-08  2.145706E-07  7.746994E-09  2.483627E-02  1.783419E-06  2.401982E-08  2.007515E-08  6.869239E-04  9.338285E-04  3.702278E-06  1.346401E-06  1.746751E-06  2.884001E-07
 3.461500E+02  8.724879E-02  8.971167E-06  1.232099E-10  1.648935E-10  1.842393E-10  2.237408E-10  4.483157E-01  4.193302E-04  6.735784E-07  4.352653E-01  1.638657E-03  1.031984E-05  1.347014E-06  9.225383E-04  5.213679E-08  2.065891E-07  7.521386E-09  2.456037E-02  1.719109E-06  2.342349E-08  1.956614E-08  6.777797E-04  9.214039E-04  3.532295E-06  1.283929E-06  1.666168E-06  2.774386E-07
 3.471500E+02  8.739069E-02  8.910550E-06  1.204609E-10  1.612480E-10  1.801743E-10  2.188476E-10  4.483384E-01  4.135141E-04  6.420450E-07  4.354339E-01  1.617091E-03  9.850182E-06  1.317397E-06  9.103412E-04  5.010599E-08  1.989501E-07  7.303555E-09  2.428894E-02  1.657468E-06  2.284504E-08  1.907267E-08  6.688146E-04  9.092230E-04  3.371071E-06  1.224713E-06  1.589764E-06  2.669545E-07
 3.481500E+02  8.753029E-02  8.850502E-06  1.177858E-10  1.576999E-10  1.762177E-10  2.140839E-10  4.483606E-01  4.078170E-04  6.121715E-07  4.355996E-01  1.595936E-03  9.404475E-06  1.288612E-06  8.983717E-04  4.816580E-08  1.916372E-07  7.093200E-09  2.402188E-02  1.598372E-06  2.228387E-08  1.859421E-08  6.600243E-04  8.972797E-04  3.218108E-06  1.168566E-06  1.517302E-06  2.569247E-07
 3.491500E+02  8.766763E-02  8.791022E-06  1.151826E-10  1.542462E-10  1.723662E-10  2.094458E-10  4.483824E-01  4.022359E-04  5.838617E-07  4.357625E-01  1.575182E-03  8.981375E-06  1.260633E-06  8.866249E-04  4.631173E-08  1.846349E-07  6.890031E-09  2.375912E-02  1.541704E-06  2.173941E-08  1.813024E-08  6.514045E-04  8.855683E-04  3.072942E-06  1.115314E-06  1.448556E-06  2.473272E-07
 3.501500E+02  8.780275E-02  8.732109E-06  1.126490E-10  1.508842E-10  1.686168E-10  2.049297E-10  4.484038E-01  3.967678E-04  5.570253E-07  4.359227E-01  1.554821E-03  8.579624E-06  1.233432E-06  8.750958E-04  4.453951E-08  1.779283E-07  6.693773E-09  2.350057E-02  1.487352E-06  2.121108E-08  1.768026E-08  6.429511E-04  8.740832E-04  2.935135E-06  1.064792E-06  1.383318E-06  2.381414E-07
 3.511500E+02  8.793570E-02  8.673760E-06  1.101829E-10  1.476111E-10  1.649664E-10  2.005320E-10  4.484247E-01  3.914099E-04  5.315779E-07  4.360802E-01  1.534843E-03  8.198037E-06  1.206985E-06  8.637796E-04  4.284513E-08  1.715035E-07  6.504159E-09  2.324616E-02  1.435211E-06  2.069834E-08  1.724380E-08  6.346602E-04  8.628191E-04  2.804276E-06  1.016846E-06  1.321390E-06  2.293475E-07
 3.521500E+02  8.806651E-02  8.615974E-06  1.077824E-10  1.444244E-10  1.614122E-10  1.962493E-10  4.484453E-01  3.861593E-04  5.074400E-07  4.362351E-01  1.515239E-03  7.835502E-06  1.181266E-06  8.526716E-04  4.122477E-08  1.653472E-07  6.320936E-09  2.299581E-02  1.385181E-06  2.020069E-08  1.682039E-08  6.265278E-04  8.517705E-04  2.679979E-06  9.713307E-07  1.262585E-06  2.209269E-07
 3.531500E+02  8.819522E-02  8.558748E-06  1.054456E-10  1.413216E-10  1.579513E-10  1.920782E-10  4.484654E-01  3.810134E-04  4.845374E-07  4.363875E-01  1.496001E-03  7.490971E-06  1.156253E-06  8.417674E-04  3.967482E-08  1.594469E-07  6.143860E-09  2.274945E-02  1.337166E-06  1.971760E-08  1.640960E-08  6.185502E-04  8.409324E-04  2.561882E-06  9.281103E-07  1.206732E-06  2.128619E-07
 3.541500E+02  8.832187E-02  8.502080E-06  1.031705E-10  1.383000E-10  1.545809E-10  1.880155E-10  4.484851E-01  3.759696E-04  4.628002E-07  4.365373E-01  1.477119E-03  7.163461E-06  1.131921E-06  8.310624E-04  3.819188E-08  1.537907E-07  5.972699E-09  2.250700E-02  1.291076E-06  1.924860E-08  1.601099E-08  6.107238E-04  8.302998E-04  2.449644E-06  8.870574E-07  1.153665E-06  2.051358E-07
 3.551500E+02  8.844651E-02  8.445967E-06  1.009553E-10  1.353575E-10  1.512985E-10  1.840580E-10  4.485045E-01  3.710254E-04  4.421631E-07  4.366847E-01  1.458587E-03  6.852047E-06  1.108250E-06  8.205522E-04  3.677271E-08  1.483671E-07  5.807228E-09  2.226839E-02  1.246823E-06  1.879321E-08  1.562416E-08  6.030449E-04  8.198677E-04  2.342944E-06  8.480519E-07  1.103232E-06  1.977326E-07
 3.561500E+02  8.856916E-02  8.390406E-06  9.879827E-11  1.324916E-10  1.481015E-10  1.802027E-10  4.485235E-01  3.661782E-04  4.225644E-07  4.368296E-01  1.440396E-03  6.555857E-06  1.085218E-06  8.102328E-04  3.541424E-08  1.431656E-07  5.647234E-09  2.203355E-02  1.204327E-06  1.835100E-08  1.524871E-08  5.955101E-04  8.096317E-04  2.241482E-06  8.109811E-07  1.055288E-06  1.906374E-07
 3.571500E+02  8.868988E-02  8.335394E-06  9.669768E-11  1.297001E-10  1.449874E-10  1.764466E-10  4.485422E-01  3.614257E-04  4.039466E-07  4.369722E-01  1.422539E-03  6.274073E-06  1.062804E-06  8.000998E-04  3.411359E-08  1.381758E-07  5.492512E-09  2.180241E-02  1.163509E-06  1.792153E-08  1.488426E-08  5.881160E-04  7.995869E-04  2.144973E-06  7.757391E-07  1.009698E-06  1.838358E-07
 3.581500E+02  8.880868E-02  8.280928E-06  9.465188E-11  1.269808E-10  1.419537E-10  1.727868E-10  4.485605E-01  3.567657E-04  3.862553E-07  4.371124E-01  1.405007E-03  6.005921E-06  1.040990E-06  7.901494E-04  3.286800E-08  1.333882E-07  5.342863E-09  2.157490E-02  1.124294E-06  1.750437E-08  1.453045E-08  5.808594E-04  7.897290E-04  2.053151E-06  7.422262E-07  9.663333E-07  1.773143E-07
 3.591500E+02  8.892561E-02  8.227006E-06  9.265926E-11  1.243318E-10  1.389982E-10  1.692207E-10  4.485784E-01  3.521957E-04  3.694396E-07  4.372504E-01  1.387793E-03  5.750676E-06  1.019756E-06  7.803775E-04  3.167486E-08  1.287934E-07  5.198101E-09  2.135096E-02  1.086614E-06  1.709912E-08  1.418691E-08  5.737370E-04  7.800536E-04  1.965764E-06  7.103487E-07  9.250744E-07  1.710599E-07
 3.601500E+02  8.904070E-02  8.173622E-06  9.071826E-11  1.217508E-10  1.361185E-10  1.657454E-10  4.485961E-01  3.477137E-04  3.534516E-07  4.373862E-01  1.370891E-03  5.507652E-06  9.990831E-07  7.707803E-04  3.053170E-08  1.243829E-07  5.058043E-09  2.113051E-02  1.050399E-06  1.670541E-08  1.385332E-08  5.667459E-04  7.705565E-04  1.882576E-06  6.800184E-07  8.858081E-07  1.650604E-07
 3.611500E+02  8.915399E-02  8.120775E-06  8.882737E-11  1.192360E-10  1.333125E-10  1.623584E-10  4.486134E-01  3.433175E-04  3.382461E-07  4.375197E-01  1.354294E-03  5.276204E-06  9.789549E-07  7.613541E-04  2.943619E-08  1.201482E-07  4.922516E-09  2.091350E-02  1.015586E-06  1.632284E-08  1.352933E-08  5.598829E-04  7.612336E-04  1.803364E-06  6.511523E-07  8.484278E-07  1.593041E-07
 3.621500E+02  8.926550E-02  8.068460E-06  8.698515E-11  1.167854E-10  1.305781E-10  1.590572E-10  4.486303E-01  3.390050E-04  3.237809E-07  4.376511E-01  1.337994E-03  5.055724E-06  9.593540E-07  7.520951E-04  2.838610E-08  1.160815E-07  4.791353E-09  2.069986E-02  9.821153E-07  1.595106E-08  1.321464E-08  5.531451E-04  7.520810E-04  1.727918E-06  6.236721E-07  8.128335E-07  1.537802E-07
 3.631500E+02  8.937528E-02  8.016674E-06  8.519017E-11  1.143972E-10  1.279131E-10  1.558393E-10  4.486470E-01  3.347743E-04  3.100160E-07  4.377804E-01  1.321985E-03  4.845639E-06  9.402640E-07  7.429999E-04  2.737933E-08  1.121753E-07  4.664395E-09  2.048953E-02  9.499275E-07  1.558973E-08  1.290894E-08  5.465297E-04  7.430946E-04  1.656040E-06  5.975044E-07  7.789306E-07  1.484779E-07
 3.641500E+02  8.948336E-02  7.965413E-06  8.344106E-11  1.120695E-10  1.253156E-10  1.527022E-10  4.486633E-01  3.306235E-04  2.969139E-07  4.379076E-01  1.306261E-03  4.645406E-06  9.216692E-07  7.340649E-04  2.641386E-08  1.084225E-07  4.541488E-09  2.028245E-02  9.189679E-07  1.523850E-08  1.261194E-08  5.400339E-04  7.342708E-04  1.587544E-06  5.725797E-07  7.466302E-07  1.433875E-07
 3.651500E+02  8.958976E-02  7.914673E-06  8.173649E-11  1.098007E-10  1.227837E-10  1.496438E-10  4.486794E-01  3.265505E-04  2.844393E-07  4.380328E-01  1.290815E-03  4.454517E-06  9.035542E-07  7.252868E-04  2.548781E-08  1.048163E-07  4.422485E-09  2.007855E-02  8.891837E-07  1.489706E-08  1.232335E-08  5.336550E-04  7.256059E-04  1.522254E-06  5.488327E-07  7.158483E-07  1.384993E-07
 3.661500E+02  8.969451E-02  7.864449E-06  8.007518E-11  1.075891E-10  1.203155E-10  1.466618E-10  4.486952E-01  3.225536E-04  2.725589E-07  4.381561E-01  1.275641E-03  4.272490E-06  8.859045E-07  7.166621E-04  2.459936E-08  1.013502E-07  4.307244E-09  1.987779E-02  8.605248E-07  1.456509E-08  1.204290E-08  5.273904E-04  7.170963E-04  1.460004E-06  5.262017E-07  6.865059E-07  1.338045E-07
 3.671500E+02  8.979766E-02  7.814739E-06  7.845589E-11  1.054329E-10  1.179091E-10  1.437540E-10  4.487107E-01  3.186310E-04  2.612412E-07  4.382773E-01  1.260734E-03  4.098870E-06  8.687057E-07  7.081878E-04  2.374681E-08  9.801810E-08  4.195631E-09  1.968010E-02  8.329435E-07  1.424228E-08  1.177032E-08  5.212375E-04  7.087385E-04  1.400636E-06  5.046287E-07  6.585284E-07  1.292943E-07
 3.681500E+02  8.989922E-02  7.765538E-06  7.687740E-11  1.033308E-10  1.155629E-10  1.409183E-10  4.487259E-01  3.147810E-04  2.504569E-07  4.383967E-01  1.246087E-03  3.933228E-06  8.519443E-07  6.998605E-04  2.292853E-08  9.481417E-08  4.087514E-09  1.948543E-02  8.063941E-07  1.392835E-08  1.150537E-08  5.151938E-04  7.005291E-04  1.344004E-06  4.840589E-07  6.318453E-07  1.249607E-07
 3.691500E+02  8.999922E-02  7.716841E-06  7.533855E-11  1.012810E-10  1.132750E-10  1.381527E-10  4.487408E-01  3.110018E-04  2.401779E-07  4.385142E-01  1.231695E-03  3.775158E-06  8.356070E-07  6.916772E-04  2.214298E-08  9.173285E-08  3.982770E-09  1.929373E-02  7.808332E-07  1.362302E-08  1.124780E-08  5.092568E-04  6.924648E-04  1.289967E-06  4.644406E-07  6.063902E-07  1.207959E-07
 3.701500E+02  9.009770E-02  7.668646E-06  7.383820E-11  9.928209E-11  1.110438E-10  1.354551E-10  4.487555E-01  3.072918E-04  2.303780E-07  4.386298E-01  1.217553E-03  3.624279E-06  8.196811E-07  6.836350E-04  2.138868E-08  8.876883E-08  3.881276E-09  1.910493E-02  7.562195E-07  1.332601E-08  1.099737E-08  5.034244E-04  6.845423E-04  1.238395E-06  4.457249E-07  5.821006E-07  1.167925E-07
 3.711500E+02  9.019468E-02  7.620946E-06  7.237526E-11  9.733269E-11  1.088678E-10  1.328238E-10  4.487699E-01  3.036495E-04  2.210325E-07  4.387437E-01  1.203654E-03  3.480228E-06  8.041541E-07  6.757308E-04  2.066423E-08  8.591709E-08  3.782919E-09  1.891899E-02  7.325133E-07  1.303707E-08  1.075385E-08  4.976940E-04  6.767587E-04  1.189162E-06  4.278659E-07  5.589171E-07  1.129435E-07
 3.721500E+02  9.029019E-02  7.573739E-06  7.094865E-11  9.543135E-11  1.067454E-10  1.302568E-10  4.487840E-01  3.000732E-04  2.121180E-07  4.388558E-01  1.189995E-03  3.342662E-06  7.890143E-07  6.679618E-04  1.996832E-08  8.317281E-08  3.687588E-09  1.873586E-02  7.096770E-07  1.275594E-08  1.051703E-08  4.920635E-04  6.691108E-04  1.142151E-06  4.108200E-07  5.367838E-07  1.092422E-07
 3.731500E+02  9.038426E-02  7.527019E-06  6.955736E-11  9.357674E-11  1.046750E-10  1.277524E-10  4.487979E-01  2.965615E-04  2.036124E-07  4.389661E-01  1.176569E-03  3.211260E-06  7.742501E-07  6.603251E-04  1.929967E-08  8.053142E-08  3.595175E-09  1.855547E-02  6.876746E-07  1.248238E-08  1.028669E-08  4.865307E-04  6.615956E-04  1.097250E-06  3.945461E-07  5.156479E-07  1.056823E-07
