#         T/K            c1          c2-1          c3-4          c3-5          c3-7          c3-9            m1          m2-1          m3-1            w1            w2          w3-1          w3-2          c1m1        c1m2-1        c1m2-7        c2m1-1        c1w1-2        c1w2-1        c2w1-1        c2w1-9        m1w1-1        m1w1-4        m1w2-1        m2w1-1        m2w1-3      c1m1w1-1
 2.731500E+02  1.705671E-01  9.794700E-05  1.489170E-08  1.954571E-08  2.174615E-08  2.592959E-08  2.946735E-01  7.429718E-04  2.021916E-05  3.661188E-01  4.679566E-03  6.083504E-04  8.535806E-06  5.350044E-03  2.564094E-06  8.413608E-06  4.954457E-07  1.532260E-01  1.076412E-04  1.350233E-06  1.185647E-06  1.482821E-03  2.018519E-03  1.613876E-04  4.703184E-05  5.956645E-05  1.594246E-05
 2.741500E+02  1.716906E-01  9.736117E-05  1.444593E-08  1.896706E-08  2.110393E-08  2.517175E-08  2.947916E-01  7.250794E-04  1.865085E-05  3.673610E-01  4.596406E-03  5.671537E-04  8.267021E-06  5.243918E-03  2.403773E-06  7.913089E-06  4.737178E-07  1.510913E-01  1.019857E-04  1.303518E-06  1.143640E-06  1.452503E-03  1.977122E-03  1.500057E-04  4.355754E-05  5.518817E-05  1.501651E-05
 2.751500E+02  1.727975E-01  9.676947E-05  1.401395E-08  1.840606E-08  2.048125E-08  2.443669E-08  2.949061E-01  7.077546E-04  1.721489E-05  3.685812E-01  4.515023E-03  5.289668E-04  8.007932E-06  5.140336E-03  2.254452E-06  7.445399E-06  4.530405E-07  1.489869E-01  9.665367E-05  1.258554E-06  1.103245E-06  1.422983E-03  1.936821E-03  1.394935E-04  4.036208E-05  5.115972E-05  1.414937E-05
 2.761500E+02  1.738878E-01  9.617240E-05  1.359535E-08  1.786223E-08  1.987756E-08  2.372379E-08  2.950171E-01  6.909762E-04  1.589929E-05  3.697798E-01  4.435378E-03  4.935557E-04  7.758165E-06  5.039235E-03  2.115314E-06  7.008206E-06  4.333593E-07  1.469129E-01  9.162544E-05  1.215272E-06  1.064398E-06  1.394238E-03  1.897584E-03  1.297800E-04  3.742143E-05  4.745108E-05  1.333703E-05
 2.771500E+02  1.749618E-01  9.557046E-05  1.318975E-08  1.733507E-08  1.929234E-08  2.303243E-08  2.951247E-01  6.747237E-04  1.469318E-05  3.709574E-01  4.357436E-03  4.607052E-04  7.517360E-06  4.940551E-03  1.985611E-06  6.599353E-06  4.146227E-07  1.448691E-01  8.688253E-05  1.173608E-06  1.027039E-06  1.366244E-03  1.859377E-03  1.208002E-04  3.471380E-05  4.403500E-05  1.257577E-05
 2.781500E+02  1.760195E-01  9.496411E-05  1.279678E-08  1.682413E-08  1.872506E-08  2.236203E-08  2.952290E-01  6.589777E-04  1.358677E-05  3.721142E-01  4.281160E-03  4.302180E-04  7.285171E-06  4.844222E-03  1.864650E-06  6.216848E-06  3.967822E-07  1.428552E-01  8.240763E-05  1.133501E-06  9.911093E-07  1.338979E-03  1.822170E-03  1.124947E-04  3.221934E-05  4.088667E-05  1.186211E-05
 2.791500E+02  1.770610E-01  9.435381E-05  1.241607E-08  1.632893E-08  1.817521E-08  2.171199E-08  2.953303E-01  6.437194E-04  1.257119E-05  3.732507E-01  4.206515E-03  4.019126E-04  7.061265E-06  4.750188E-03  1.751794E-06  5.858851E-06  3.797916E-07  1.408711E-01  7.818454E-05  1.094889E-06  9.565516E-07  1.312422E-03  1.785933E-03  1.048093E-04  2.992002E-05  3.798353E-05  1.119287E-05
 2.801500E+02  1.780865E-01  9.374002E-05  1.204726E-08  1.584902E-08  1.764229E-08  2.108174E-08  2.954286E-01  6.289308E-04  1.163840E-05  3.743673E-01  4.133466E-03  3.756223E-04  6.845321E-06  4.658391E-03  1.646457E-06  5.523657E-06  3.636075E-07  1.389166E-01  7.419811E-05  1.057717E-06  9.233121E-07  1.286552E-03  1.750638E-03  9.769435E-05  2.779943E-05  3.530504E-05  1.056506E-05
 2.811500E+02  1.790961E-01  9.312317E-05  1.169000E-08  1.538395E-08  1.712582E-08  2.047072E-08  2.955240E-01  6.145947E-04  1.078115E-05  3.754644E-01  4.061977E-03  3.511939E-04  6.637032E-06  4.568774E-03  1.548094E-06  5.209688E-06  3.481887E-07  1.369915E-01  7.043414E-05  1.021927E-06  8.913383E-07  1.261347E-03  1.716256E-03  9.110441E-05  2.584263E-05  3.283251E-05  9.975919E-06
 2.821500E+02  1.800900E-01  9.250368E-05  1.134393E-08  1.493331E-08  1.662531E-08  1.987838E-08  2.956167E-01  6.006946E-04  9.992830E-06  3.765423E-01  3.992014E-03  3.284864E-04  6.436103E-06  4.481281E-03  1.456208E-06  4.915485E-06  3.334963E-07  1.350956E-01  6.687931E-05  9.874671E-07  8.605803E-07  1.236789E-03  1.682759E-03  8.499792E-05  2.403601E-05  3.054888E-05  9.422875E-06
 2.831500E+02  1.810683E-01  9.188194E-05  1.100874E-08  1.449665E-08  1.614030E-08  1.930417E-08  2.957067E-01  5.872147E-04  9.267475E-06  3.776013E-01  3.923543E-03  3.073702E-04  6.242249E-06  4.395857E-03  1.370335E-06  4.639695E-06  3.194933E-07  1.332285E-01  6.352116E-05  9.542856E-07  8.309897E-07  1.212858E-03  1.650122E-03  7.933680E-05  2.236715E-05  2.843862E-05  8.903545E-06
 2.841500E+02  1.820312E-01  9.125836E-05  1.068409E-08  1.407356E-08  1.567033E-08  1.874758E-08  2.957942E-01  5.741398E-04  8.599660E-06  3.786419E-01  3.856531E-03  2.877261E-04  6.055198E-06  4.312450E-03  1.290049E-06  4.381066E-06  3.061449E-07  1.313901E-01  6.034801E-05  9.223332E-07  8.025205E-07  1.189536E-03  1.618318E-03  7.408615E-05  2.082475E-05  2.648754E-05  8.415707E-06
 2.851500E+02  1.829789E-01  9.063331E-05  1.036966E-08  1.366365E-08  1.521495E-08  1.820809E-08  2.958792E-01  5.614553E-04  7.984459E-06  3.796643E-01  3.790945E-03  2.694440E-04  5.874689E-06  4.231008E-03  1.214956E-06  4.138435E-06  2.934181E-07  1.295801E-01  5.734892E-05  8.915624E-07  7.751280E-07  1.166804E-03  1.587324E-03  6.921400E-05  1.939849E-05  2.468270E-05  7.957301E-06
 2.861500E+02  1.839115E-01  9.000716E-05  1.006514E-08  1.326651E-08  1.477373E-08  1.768520E-08  2.959619E-01  5.491473E-04  7.417399E-06  3.806689E-01  3.726753E-03  2.524230E-04  5.700470E-06  4.151480E-03  1.144692E-06  3.910726E-06  2.812817E-07  1.277982E-01  5.451362E-05  8.619274E-07  7.487696E-07  1.144646E-03  1.557114E-03  6.469101E-05  1.807894E-05  2.301229E-05  7.526405E-06
 2.871500E+02  1.848292E-01  8.938024E-05  9.770231E-09  1.288176E-08  1.434624E-08  1.717840E-08  2.960423E-01  5.372023E-04  6.894414E-06  3.816560E-01  3.663923E-03  2.365698E-04  5.532300E-06  4.073819E-03  1.078919E-06  3.696939E-06  2.697060E-07  1.260441E-01  5.183249E-05  8.333844E-07  7.234043E-07  1.123044E-03  1.527667E-03  6.049027E-05  1.685748E-05  2.146550E-05  7.121236E-06
 2.881500E+02  1.857321E-01  8.875290E-05  9.484630E-09  1.250903E-08  1.393206E-08  1.668724E-08  2.961205E-01  5.256076E-04  6.411803E-06  3.826259E-01  3.602425E-03  2.217985E-04  5.369947E-06  3.997975E-03  1.017326E-06  3.496147E-06  2.586631E-07  1.243175E-01  4.929650E-05  8.058911E-07  6.989928E-07  1.101982E-03  1.498958E-03  5.658708E-05  1.572626E-05  2.003246E-05  6.740131E-06
 2.891500E+02  1.866205E-01  8.812546E-05  9.208052E-09  1.214794E-08  1.353080E-08  1.621122E-08  2.961966E-01  5.143507E-04  5.966198E-06  3.835790E-01  3.542227E-03  2.080299E-04  5.213189E-06  3.923903E-03  9.596245E-07  3.307489E-06  2.481264E-07  1.226181E-01  4.689719E-05  7.794070E-07  6.754972E-07  1.081444E-03  1.470967E-03  5.295875E-05  1.467809E-05  1.870415E-05  6.381542E-06
 2.901500E+02  1.874946E-01  8.749822E-05  8.940216E-09  1.179815E-08  1.314205E-08  1.574991E-08  2.962706E-01  5.034199E-04  5.554532E-06  3.845154E-01  3.483301E-03  1.951910E-04  5.061813E-06  3.851556E-03  9.055471E-07  3.130166E-06  2.380707E-07  1.209456E-01  4.462662E-05  7.538931E-07  6.528812E-07  1.061416E-03  1.443673E-03  4.958443E-05  1.370638E-05  1.747230E-05  6.044030E-06
 2.911500E+02  1.883544E-01  8.687147E-05  8.680847E-09  1.145930E-08  1.276544E-08  1.530285E-08  2.963427E-01  4.928037E-04  5.174010E-06  3.854356E-01  3.425617E-03  1.832145E-04  4.915615E-06  3.780892E-03  8.548464E-07  2.963434E-06  2.284723E-07  1.192997E-01  4.247734E-05  7.293117E-07  6.311101E-07  1.041882E-03  1.417055E-03  4.644497E-05  1.280510E-05  1.632933E-05  5.726251E-06
 2.921500E+02  1.892002E-01  8.624551E-05  8.429682E-09  1.113105E-08  1.240058E-08  1.486960E-08  2.964128E-01  4.824913E-04  4.822084E-06  3.863398E-01  3.369146E-03  1.720380E-04  4.774398E-06  3.711866E-03  8.072930E-07  2.806603E-06  2.193085E-07  1.176800E-01  4.044235E-05  7.056269E-07  6.101503E-07  1.022827E-03  1.391093E-03  4.352275E-05  1.196875E-05  1.526833E-05  5.426956E-06
 2.931500E+02  1.900323E-01  8.562059E-05  8.186459E-09  1.081307E-08  1.204712E-08  1.444976E-08  2.964812E-01  4.724721E-04  4.496428E-06  3.872282E-01  3.313860E-03  1.616043E-04  4.637973E-06  3.644438E-03  7.626743E-07  2.659032E-06  2.105581E-07  1.160863E-01  3.851510E-05  6.828041E-07  5.899699E-07  1.004239E-03  1.365769E-03  4.080156E-05  1.119227E-05  1.428293E-05  5.144976E-06
 2.941500E+02  1.908507E-01  8.499697E-05  7.950929E-09  1.050505E-08  1.170469E-08  1.404289E-08  2.965477E-01  4.627360E-04  4.194920E-06  3.881013E-01  3.259734E-03  1.518603E-04  4.506160E-06  3.578565E-03  7.207931E-07  2.520121E-06  2.022007E-07  1.145182E-01  3.668941E-05  6.608098E-07  5.705378E-07  9.861032E-04  1.341063E-03  3.826650E-05  1.047103E-05  1.336731E-05  4.879226E-06
 2.951500E+02  1.916556E-01  8.437490E-05  7.722846E-09  1.020667E-08  1.137296E-08  1.364861E-08  2.966125E-01  4.532735E-04  3.915620E-06  3.889591E-01  3.206738E-03  1.427569E-04  4.378784E-06  3.514208E-03  6.814665E-07  2.389317E-06  1.942172E-07  1.129754E-01  3.495951E-05  6.396123E-07  5.518247E-07  9.684070E-04  1.316959E-03  3.590381E-05  9.800771E-06  1.251612E-05  4.628691E-06
 2.961500E+02  1.924473E-01  8.375460E-05  7.501973E-09  9.917622E-09  1.105158E-08  1.326653E-08  2.966757E-01  4.440752E-04  3.656756E-06  3.898021E-01  3.154848E-03  1.342488E-04  4.255681E-06  3.451328E-03  6.445247E-07  2.266102E-06  1.865893E-07  1.114575E-01  3.331994E-05  6.191806E-07  5.338022E-07  9.511378E-04  1.293438E-03  3.370086E-05  9.177601E-06  1.172445E-05  4.392425E-06
 2.971500E+02  1.932260E-01  8.313629E-05  7.288079E-09  9.637618E-09  1.074024E-08  1.289625E-08  2.967372E-01  4.351321E-04  3.416709E-06  3.906304E-01  3.104038E-03  1.262942E-04  4.136689E-06  3.389888E-03  6.098100E-07  2.149993E-06  1.792997E-07  1.099643E-01  3.176561E-05  5.994854E-07  5.164429E-07  9.342834E-04  1.270484E-03  3.164598E-05  8.597940E-06  1.098781E-05  4.169543E-06
 2.981500E+02  1.939917E-01  8.252019E-05  7.080939E-09  9.366369E-09  1.043861E-08  1.253742E-08  2.967972E-01  4.264358E-04  3.193995E-06  3.914444E-01  3.054283E-03  1.188543E-04  4.021655E-06  3.329851E-03  5.771760E-07  2.040543E-06  1.723322E-07  1.084953E-01  3.029171E-05  5.804982E-07  4.997209E-07  9.178320E-04  1.248080E-03  2.972842E-05  8.058497E-06  1.030204E-05  3.959223E-06
 2.991500E+02  1.947448E-01  8.190649E-05  6.880338E-09  9.103597E-09  1.014638E-08  1.218968E-08  2.968557E-01  4.179778E-04  2.987257E-06  3.922443E-01  3.005558E-03  1.118933E-04  3.910431E-06  3.271181E-03  5.464865E-07  1.937333E-06  1.656711E-07  1.070502E-01  2.889373E-05  5.621918E-07  4.836109E-07  9.017722E-04  1.226212E-03  2.793826E-05  7.556251E-06  9.663338E-06  3.760692E-06
 3.001500E+02  1.954854E-01  8.129537E-05  6.686062E-09  8.849031E-09  9.863261E-09  1.185267E-08  2.969127E-01  4.097504E-04  2.795252E-06  3.930303E-01  2.957841E-03  1.053779E-04  3.802878E-06  3.213843E-03  5.176152E-07  1.839973E-06  1.593018E-07  1.056288E-01  2.756743E-05  5.445400E-07  4.680890E-07  8.860929E-04  1.204864E-03  2.626636E-05  7.088423E-06  9.068206E-06  3.573233E-06
 3.011500E+02  1.962137E-01  8.068701E-05  6.497908E-09  8.602409E-09  9.588958E-09  1.152606E-08  2.969683E-01  4.017458E-04  2.616840E-06  3.938027E-01  2.911106E-03  9.927732E-05  3.698858E-06  3.157803E-03  4.904443E-07  1.748101E-06  1.532102E-07  1.042305E-01  2.630882E-05  5.275178E-07  4.531322E-07  8.707834E-04  1.184020E-03  2.470427E-05  6.652458E-06  8.513419E-06  3.396172E-06
 3.021500E+02  1.969299E-01  8.008158E-05  6.315676E-09  8.363476E-09  9.323187E-09  1.120952E-08  2.970225E-01  3.939567E-04  2.450977E-06  3.945618E-01  2.865332E-03  9.356321E-05  3.598241E-06  3.103029E-03  4.648644E-07  1.661375E-06  1.473832E-07  1.028552E-01  2.511414E-05  5.111008E-07  4.387181E-07  8.558332E-04  1.163668E-03  2.324418E-05  6.246001E-06  7.996011E-06  3.228881E-06
 3.031500E+02  1.976341E-01  7.947923E-05  6.139175E-09  8.131985E-09  9.065678E-09  1.090273E-08  2.970754E-01  3.863761E-04  2.296705E-06  3.953077E-01  2.820497E-03  8.820910E-05  3.500903E-06  3.049487E-03  4.407737E-07  1.579481E-06  1.418081E-07  1.015025E-01  2.397988E-05  4.952660E-07  4.248257E-07  8.412325E-04  1.143792E-03  2.187889E-05  5.866888E-06  7.513249E-06  3.070772E-06
 3.041500E+02  1.983266E-01  7.888011E-05  5.968218E-09  7.907696E-09  8.816163E-09  1.060538E-08  2.971271E-01  3.789971E-04  2.153143E-06  3.960407E-01  2.776579E-03  8.319054E-05  3.406723E-06  2.997146E-03  4.180774E-07  1.502123E-06  1.364730E-07  1.001720E-01  2.290270E-05  4.799911E-07  4.114345E-07  8.269713E-04  1.124381E-03  2.060173E-05  5.513122E-06  7.062615E-06  2.921295E-06
 3.051500E+02  1.990075E-01  7.828436E-05  5.802623E-09  7.690377E-09  8.574386E-09  1.031717E-08  2.971774E-01  3.718133E-04  2.019483E-06  3.967610E-01  2.733557E-03  7.848483E-05  3.315585E-06  2.945977E-03  3.966871E-07  1.429025E-06  1.313666E-07  9.886343E-02  2.187948E-05  4.652548E-07  3.985249E-07  8.130404E-04  1.105420E-03  1.940655E-05  5.182865E-06  6.641787E-06  2.779937E-06
 3.061500E+02  1.996770E-01  7.769210E-05  5.642216E-09  7.479803E-09  8.340097E-09  1.003781E-08  2.972266E-01  3.648183E-04  1.894983E-06  3.974689E-01  2.691409E-03  7.407091E-05  3.227380E-06  2.895949E-03  3.765206E-07  1.359928E-06  1.264780E-07  9.757639E-02  2.090728E-05  4.510363E-07  3.860783E-07  7.994305E-04  1.086897E-03  1.828765E-05  4.874420E-06  6.248625E-06  2.646215E-06
 3.071500E+02  2.003354E-01  7.710346E-05  5.486826E-09  7.275754E-09  8.113054E-09  9.767013E-09  2.972745E-01  3.580060E-04  1.778960E-06  3.981646E-01  2.650117E-03  6.992923E-05  3.142001E-06  2.847034E-03  3.575013E-07  1.294593E-06  1.217972E-07  9.631058E-02  1.998332E-05  4.373161E-07  3.740766E-07  7.861328E-04  1.068800E-03  1.723974E-05  4.586222E-06  5.881151E-06  2.519680E-06
 3.081500E+02  2.009827E-01  7.651855E-05  5.336289E-09  7.078021E-09  7.893023E-09  9.504507E-09  2.973214E-01  3.513707E-04  1.670787E-06  3.988484E-01  2.609659E-03  6.604166E-05  3.059345E-06  2.799203E-03  3.395575E-07  1.232794E-06  1.173143E-07  9.506566E-02  1.910500E-05  4.240752E-07  3.625025E-07  7.731388E-04  1.051118E-03  1.625794E-05  4.316828E-06  5.537542E-06  2.399908E-06
 3.091500E+02  2.016192E-01  7.593747E-05  5.190446E-09  6.886396E-09  7.679777E-09  9.250027E-09  2.973671E-01  3.449067E-04  1.569885E-06  3.995203E-01  2.570018E-03  6.239134E-05  2.979314E-06  2.752428E-03  3.226227E-07  1.174321E-06  1.130202E-07  9.384131E-02  1.826987E-05  4.112954E-07  3.513395E-07  7.604401E-04  1.033839E-03  1.533774E-05  4.064905E-06  5.216113E-06  2.286506E-06
 3.101500E+02  2.022451E-01  7.536032E-05  5.049143E-09  6.700683E-09  7.473097E-09  9.003314E-09  2.974117E-01  3.386086E-04  1.475722E-06  4.001807E-01  2.531174E-03  5.896262E-05  2.901815E-06  2.706685E-03  3.066347E-07  1.118975E-06  1.089061E-07  9.263719E-02  1.747559E-05  3.989592E-07  3.405716E-07  7.480287E-04  1.016952E-03  1.447494E-05  3.829220E-06  4.915305E-06  2.179101E-06
 3.111500E+02  2.028605E-01  7.478720E-05  4.912230E-09  6.520689E-09  7.272767E-09  8.764119E-09  2.974553E-01  3.324712E-04  1.387809E-06  4.008297E-01  2.493109E-03  5.574095E-05  2.826756E-06  2.661945E-03  2.915353E-07  1.066574E-06  1.049636E-07  9.145298E-02  1.672000E-05  3.870499E-07  3.301837E-07  7.358967E-04  1.000446E-03  1.366566E-05  3.608636E-06  4.633680E-06  2.077348E-06
 3.121500E+02  2.034655E-01  7.421817E-05  4.779564E-09  6.346227E-09  7.078584E-09  8.532201E-09  2.974979E-01  3.264895E-04  1.305693E-06  4.014676E-01  2.455805E-03  5.271279E-05  2.754050E-06  2.618184E-03  2.772704E-07  1.016945E-06  1.011850E-07  9.028836E-02  1.600102E-05  3.755513E-07  3.201611E-07  7.240367E-04  9.843108E-04  1.290628E-05  3.402099E-06  4.369907E-06  1.980920E-06
 3.131500E+02  2.040605E-01  7.365333E-05  4.651004E-09  6.177118E-09  6.890346E-09  8.307324E-09  2.975395E-01  3.206586E-04  1.228958E-06  4.020946E-01  2.419244E-03  4.986557E-05  2.683614E-06  2.575378E-03  2.637894E-07  9.699257E-07  9.756264E-08  8.914300E-02  1.531673E-05  3.644479E-07  3.104898E-07  7.124413E-04  9.685366E-04  1.219348E-05  3.208637E-06  4.122752E-06  1.889512E-06
 3.141500E+02  2.046455E-01  7.309274E-05  4.526415E-09  6.013187E-09  6.707861E-09  8.089263E-09  2.975801E-01  3.149739E-04  1.157219E-06  4.027108E-01  2.383411E-03  4.718758E-05  2.615367E-06  2.533503E-03  2.510448E-07  9.253649E-07  9.408940E-08  8.801659E-02  1.466530E-05  3.537250E-07  3.011562E-07  7.011034E-04  9.531136E-04  1.152414E-05  3.027347E-06  3.891077E-06  1.802837E-06
 3.151500E+02  2.052207E-01  7.253646E-05  4.405667E-09  5.854265E-09  6.530942E-09  7.877797E-09  2.976198E-01  3.094308E-04  1.090122E-06  4.033165E-01  2.348287E-03  4.466792E-05  2.549233E-06  2.492534E-03  2.389926E-07  8.831209E-07  9.075851E-08  8.690881E-02  1.404499E-05  3.433681E-07  2.921475E-07  6.900161E-04  9.380323E-04  1.089539E-05  2.857397E-06  3.673824E-06  1.720628E-06
 3.161500E+02  2.057862E-01  7.198455E-05  4.288633E-09  5.700189E-09  6.359407E-09  7.672715E-09  2.976587E-01  3.040251E-04  1.027339E-06  4.039118E-01  2.313857E-03  4.229645E-05  2.485136E-06  2.452451E-03  2.275913E-07  8.430606E-07  8.756350E-08  8.581936E-02  1.345418E-05  3.333637E-07  2.834512E-07  6.791727E-04  9.232836E-04  1.030455E-05  2.698014E-06  3.470014E-06  1.642631E-06
 3.171500E+02  2.063423E-01  7.143707E-05  4.175190E-09  5.550801E-09  6.193080E-09  7.473809E-09  2.976966E-01  2.987525E-04  9.685681E-07  4.044970E-01  2.280106E-03  4.006372E-05  2.423005E-06  2.413229E-03  2.168022E-07  8.050594E-07  8.449823E-08  8.474793E-02  1.289133E-05  3.236985E-07  2.750555E-07  6.685668E-04  9.088586E-04  9.749130E-06  2.548481E-06  3.278742E-06  1.568609E-06
 3.181500E+02  2.068892E-01  7.089406E-05  4.065221E-09  5.405947E-09  6.031794E-09  7.280882E-09  2.977337E-01  2.936091E-04  9.135285E-07  4.050722E-01  2.247017E-03  3.796093E-05  2.362772E-06  2.374849E-03  2.065893E-07  7.690004E-07  8.155687E-08  8.369421E-02  1.235499E-05  3.143599E-07  2.669490E-07  6.581921E-04  8.947488E-04  9.226828E-06  2.408135E-06  3.099166E-06  1.498341E-06
 3.191500E+02  2.074269E-01  7.035557E-05  3.958611E-09  5.265481E-09  5.875383E-09  7.093740E-09  2.977699E-01  2.885908E-04  8.619619E-07  4.056376E-01  2.214576E-03  3.597987E-05  2.304371E-06  2.337289E-03  1.969186E-07  7.347739E-07  7.873386E-08  8.265790E-02  1.184379E-05  3.053357E-07  2.591206E-07  6.480425E-04  8.809458E-04  8.735493E-06  2.276361E-06  2.930505E-06  1.431617E-06
 3.201500E+02  2.079556E-01  6.982162E-05  3.855250E-09  5.129259E-09  5.723689E-09  6.912196E-09  2.978053E-01  2.836941E-04  8.136289E-07  4.061934E-01  2.182768E-03  3.411291E-05  2.247738E-06  2.300529E-03  1.877584E-07  7.022768E-07  7.602391E-08  8.163870E-02  1.135645E-05  2.966143E-07  2.515599E-07  6.381121E-04  8.674416E-04  8.273126E-06  2.152587E-06  2.772036E-06  1.368240E-06
 3.211500E+02  2.084755E-01  6.929226E-05  3.755031E-09  4.997143E-09  5.576559E-09  6.736071E-09  2.978400E-01  2.789152E-04  7.683081E-07  4.067397E-01  2.151579E-03  3.235289E-05  2.192812E-06  2.264549E-03  1.790791E-07  6.714126E-07  7.342200E-08  8.063633E-02  1.089173E-05  2.881845E-07  2.442567E-07  6.283952E-04  8.542282E-04  7.837867E-06  2.036284E-06  2.623086E-06  1.308027E-06
 3.221500E+02  2.089867E-01  6.876751E-05  3.657850E-09  4.868999E-09  5.433845E-09  6.565189E-09  2.978739E-01  2.742506E-04  7.257942E-07  4.072769E-01  2.120994E-03  3.069318E-05  2.139534E-06  2.229330E-03  1.708527E-07  6.420903E-07  7.092333E-08  7.965049E-02  1.044848E-05  2.800355E-07  2.372014E-07  6.188862E-04  8.412982E-04  7.427985E-06  1.926958E-06  2.483031E-06  1.250802E-06
 3.231500E+02  2.094895E-01  6.824740E-05  3.563608E-09  4.744697E-09  5.295402E-09  6.399382E-09  2.979070E-01  2.696970E-04  6.858972E-07  4.078049E-01  2.091001E-03  2.912757E-05  2.087847E-06  2.194853E-03  1.630533E-07  6.142246E-07  6.852335E-08  7.868089E-02  1.002562E-05  2.721569E-07  2.303846E-07  6.095797E-04  8.286441E-04  7.041868E-06  1.824154E-06  2.351290E-06  1.196404E-06
 3.241500E+02  2.099839E-01  6.773194E-05  3.472208E-09  4.624114E-09  5.161092E-09  6.238486E-09  2.979394E-01  2.652512E-04  6.484408E-07  4.083240E-01  2.061585E-03  2.765024E-05  2.037698E-06  2.161100E-03  1.556564E-07  5.877355E-07  6.621771E-08  7.772726E-02  9.622112E-06  2.645388E-07  2.237975E-07  6.004705E-04  8.162588E-04  6.678013E-06  1.727447E-06  2.227324E-06  1.144677E-06
 3.251500E+02  2.104700E-01  6.722115E-05  3.383557E-09  4.507127E-09  5.030782E-09  6.082344E-09  2.979711E-01  2.609099E-04  6.132619E-07  4.088344E-01  2.032735E-03  2.625580E-05  1.989034E-06  2.128053E-03  1.486391E-07  5.625475E-07  6.400229E-08  7.678932E-02  9.236981E-06  2.571718E-07  2.174314E-07  5.915535E-04  8.041354E-04  6.335022E-06  1.636440E-06  2.110632E-06  1.095479E-06
 3.261500E+02  2.109481E-01  6.671505E-05  3.297565E-09  4.393620E-09  4.904341E-09  5.930803E-09  2.980022E-01  2.566701E-04  5.802088E-07  4.093361E-01  2.004436E-03  2.493919E-05  1.941805E-06  2.095695E-03  1.419798E-07  5.385897E-07  6.187315E-08  7.586679E-02  8.869307E-06  2.500465E-07  2.112782E-07  5.828239E-04  7.922671E-04  6.011589E-06  1.550768E-06  2.000746E-06  1.048671E-06
 3.271500E+02  2.114183E-01  6.621365E-05  3.214145E-09  4.283481E-09  4.781644E-09  5.783714E-09  2.980325E-01  2.525290E-04  5.491409E-07  4.098295E-01  1.976678E-03  2.369568E-05  1.895961E-06  2.064009E-03  1.356584E-07  5.157956E-07  5.982654E-08  7.495940E-02  8.518219E-06  2.431541E-07  2.053299E-07  5.742768E-04  7.806475E-04  5.706498E-06  1.470087E-06  1.897233E-06  1.004128E-06
 3.281500E+02  2.118807E-01  6.571694E-05  3.133213E-09  4.176600E-09  4.662570E-09  5.640935E-09  2.980622E-01  2.484836E-04  5.199277E-07  4.103145E-01  1.949447E-03  2.252084E-05  1.851457E-06  2.032978E-03  1.296560E-07  4.941023E-07  5.785889E-08  7.406689E-02  8.182891E-06  2.364863E-07  1.995789E-07  5.659075E-04  7.692701E-04  5.418612E-06  1.394081E-06  1.799688E-06  9.617262E-07
 3.291500E+02  2.123355E-01  6.522494E-05  3.054688E-09  4.072872E-09  4.547003E-09  5.502328E-09  2.980913E-01  2.445312E-04  4.924478E-07  4.107915E-01  1.922733E-03  2.141057E-05  1.808248E-06  2.002587E-03  1.239546E-07  4.734509E-07  5.596680E-08  7.318900E-02  7.862545E-06  2.300349E-07  1.940180E-07  5.577116E-04  7.581288E-04  5.146874E-06  1.322452E-06  1.707734E-06  9.213537E-07
 3.301500E+02  2.127828E-01  6.473764E-05  2.978491E-09  3.972194E-09  4.434828E-09  5.367760E-09  2.981198E-01  2.406692E-04  4.665886E-07  4.112605E-01  1.896523E-03  2.036098E-05  1.766289E-06  1.972821E-03  1.185377E-07  4.537857E-07  5.414701E-08  7.232546E-02  7.556441E-06  2.237920E-07  1.886401E-07  5.496848E-04  7.472176E-04  4.890293E-06  1.254925E-06  1.621021E-06  8.829029E-07
 3.311500E+02  2.132227E-01  6.425503E-05  2.904546E-09  3.874468E-09  4.325937E-09  5.237101E-09  2.981476E-01  2.368950E-04  4.422453E-07  4.117216E-01  1.870806E-03  1.936847E-05  1.725541E-06  1.943663E-03  1.133896E-07  4.350545E-07  5.239645E-08  7.147602E-02  7.263881E-06  2.177501E-07  1.834386E-07  5.418227E-04  7.365308E-04  4.647946E-06  1.191243E-06  1.539221E-06  8.462727E-07
 3.321500E+02  2.136554E-01  6.377713E-05  2.832780E-09  3.779599E-09  4.220224E-09  5.110226E-09  2.981749E-01  2.332061E-04  4.193205E-07  4.121751E-01  1.845572E-03  1.842965E-05  1.685961E-06  1.915100E-03  1.084954E-07  4.172079E-07  5.071216E-08  7.064043E-02  6.984204E-06  2.119020E-07  1.784070E-07  5.341212E-04  7.260627E-04  4.418969E-06  1.131166E-06  1.462030E-06  8.113679E-07
 3.331500E+02  2.140809E-01  6.330391E-05  2.763123E-09  3.687496E-09  4.117586E-09  4.987014E-09  2.982016E-01  2.296002E-04  3.977235E-07  4.126211E-01  1.820811E-03  1.754137E-05  1.647513E-06  1.887117E-03  1.038413E-07  4.001994E-07  4.909133E-08  6.981845E-02  6.716782E-06  2.062407E-07  1.735391E-07  5.265764E-04  7.158078E-04  4.202557E-06  1.074470E-06  1.389162E-06  7.780985E-07
 3.341500E+02  2.144995E-01  6.283536E-05  2.695505E-09  3.598068E-09  4.017925E-09  4.867350E-09  2.982277E-01  2.260749E-04  3.773699E-07  4.130597E-01  1.796510E-03  1.670064E-05  1.610157E-06  1.859701E-03  9.941431E-08  3.839852E-07  4.753127E-08  6.900983E-02  6.461022E-06  2.007596E-07  1.688289E-07  5.191843E-04  7.057609E-04  3.997955E-06  1.020947E-06  1.320352E-06  7.463799E-07
 3.351500E+02  2.149113E-01  6.237148E-05  2.629862E-09  3.511230E-09  3.921146E-09  4.751120E-09  2.982534E-01  2.226280E-04  3.581812E-07  4.134910E-01  1.772661E-03  1.590470E-05  1.573860E-06  1.832837E-03  9.520206E-08  3.685241E-07  4.602944E-08  6.821433E-02  6.216362E-06  1.954523E-07  1.642707E-07  5.119412E-04  6.959167E-04  3.804459E-06  9.704026E-07  1.255353E-06  7.161320E-07
 3.361500E+02  2.153163E-01  6.191225E-05  2.566128E-09  3.426900E-09  3.827156E-09  4.638215E-09  2.982784E-01  2.192573E-04  3.400841E-07  4.139152E-01  1.749254E-03  1.515094E-05  1.538586E-06  1.806512E-03  9.119303E-08  3.537771E-07  4.458340E-08  6.743172E-02  5.982269E-06  1.903125E-07  1.598590E-07  5.048434E-04  6.862704E-04  3.621407E-06  9.226544E-07  1.193933E-06  6.872793E-07
 3.371500E+02  2.157148E-01  6.145765E-05  2.504243E-09  3.344997E-09  3.735867E-09  4.528529E-09  2.983030E-01  2.159608E-04  3.230105E-07  4.143324E-01  1.726278E-03  1.443692E-05  1.504301E-06  1.780714E-03  8.737635E-08  3.397075E-07  4.319081E-08  6.666176E-02  5.758237E-06  1.853343E-07  1.555885E-07  4.978874E-04  6.768169E-04  3.448184E-06  8.775330E-07  1.135875E-06  6.597506E-07
 3.381500E+02  2.161067E-01  6.100766E-05  2.444148E-09  3.265443E-09  3.647192E-09  4.421962E-09  2.983271E-01  2.127363E-04  3.068968E-07  4.147428E-01  1.703725E-03  1.376035E-05  1.470974E-06  1.755430E-03  8.374177E-08  3.262805E-07  4.184945E-08  6.590424E-02  5.543788E-06  1.805121E-07  1.514542E-07  4.910696E-04  6.675516E-04  3.284212E-06  8.348798E-07  1.080977E-06  6.334785E-07
 3.391500E+02  2.164923E-01  6.056226E-05  2.385784E-09  3.188163E-09  3.561048E-09  4.318414E-09  2.983506E-01  2.095820E-04  2.916837E-07  4.151464E-01  1.681584E-03  1.311908E-05  1.438574E-06  1.730649E-03  8.027965E-08  3.134634E-07  4.055721E-08  6.515892E-02  5.338467E-06  1.758403E-07  1.474512E-07  4.843868E-04  6.584699E-04  3.128948E-06  7.945466E-07  1.029052E-06  6.083994E-07
 3.401500E+02  2.168716E-01  6.012144E-05  2.329096E-09  3.113086E-09  3.477355E-09  4.217791E-09  2.983737E-01  2.064959E-04  2.773158E-07  4.155434E-01  1.659849E-03  1.251111E-05  1.407071E-06  1.706357E-03  7.698090E-08  3.012253E-07  3.931206E-08  6.442559E-02  5.141844E-06  1.713136E-07  1.435748E-07  4.778355E-04  6.495674E-04  2.981886E-06  7.563950E-07  9.799208E-07  5.844534E-07
 3.411500E+02  2.172448E-01  5.968517E-05  2.274030E-09  3.040141E-09  3.396034E-09  4.119999E-09  2.983964E-01  2.034763E-04  2.637415E-07  4.159340E-01  1.638508E-03  1.193455E-05  1.376436E-06  1.682544E-03  7.383696E-08  2.895371E-07  3.811206E-08  6.370403E-02  4.953510E-06  1.669270E-07  1.398204E-07  4.714128E-04  6.408396E-04  2.842552E-06  7.202952E-07  9.334195E-07  5.615834E-07
 3.421500E+02  2.176120E-01  5.925342E-05  2.220535E-09  2.969261E-09  3.317012E-09  4.024951E-09  2.984186E-01  2.005212E-04  2.509127E-07  4.163182E-01  1.617555E-03  1.138761E-05  1.346641E-06  1.659198E-03  7.083974E-08  2.783711E-07  3.695537E-08  6.299404E-02  4.773077E-06  1.626756E-07  1.361838E-07  4.651154E-04  6.322824E-04  2.710500E-06  6.861262E-07  8.893930E-07  5.397360E-07
 3.431500E+02  2.179733E-01  5.882617E-05  2.168560E-09  2.900380E-09  3.240214E-09  3.932561E-09  2.984403E-01  1.976291E-04  2.387842E-07  4.166962E-01  1.596980E-03  1.086864E-05  1.317660E-06  1.636308E-03  6.798165E-08  2.677013E-07  3.584024E-08  6.229539E-02  4.600177E-06  1.585547E-07  1.326608E-07  4.589404E-04  6.238917E-04  2.585313E-06  6.537743E-07  8.476966E-07  5.188602E-07
 3.441500E+02  2.183287E-01  5.840339E-05  2.118058E-09  2.833436E-09  3.165573E-09  3.842744E-09  2.984616E-01  1.947982E-04  2.273139E-07  4.170680E-01  1.576776E-03  1.037606E-05  1.289467E-06  1.613865E-03  6.525549E-08  2.575030E-07  3.476496E-08  6.160789E-02  4.434461E-06  1.545597E-07  1.292474E-07  4.528848E-04  6.156635E-04  2.466598E-06  6.231333E-07  8.081945E-07  4.989082E-07
 3.451500E+02  2.186785E-01  5.798506E-05  2.068981E-09  2.768366E-09  3.093018E-09  3.755422E-09  2.984825E-01  1.920269E-04  2.164626E-07  4.174338E-01  1.556934E-03  9.908417E-06  1.262037E-06  1.591856E-03  6.265448E-08  2.477529E-07  3.372794E-08  6.093133E-02  4.275597E-06  1.506863E-07  1.259397E-07  4.469459E-04  6.075940E-04  2.353989E-06  5.941039E-07  7.707597E-07  4.798344E-07
 3.461500E+02  2.190227E-01  5.757113E-05  2.021285E-09  2.705114E-09  3.022486E-09  3.670515E-09  2.985030E-01  1.893136E-04  2.061935E-07  4.177938E-01  1.537447E-03  9.464320E-06  1.235346E-06  1.570273E-03  6.017223E-08  2.384291E-07  3.272764E-08  6.026552E-02  4.123270E-06  1.469304E-07  1.227341E-07  4.411208E-04  5.996793E-04  2.247140E-06  5.665926E-07  7.352731E-07  4.615959E-07
 3.471500E+02  2.193614E-01  5.716159E-05  1.974925E-09  2.643620E-09  2.953912E-09  3.587950E-09  2.985230E-01  1.866569E-04  1.964721E-07  4.181479E-01  1.518307E-03  9.042472E-06  1.209371E-06  1.549105E-03  5.780270E-08  2.295106E-07  3.176259E-08  5.961027E-02  3.977180E-06  1.432878E-07  1.196269E-07  4.354069E-04  5.919158E-04  2.145729E-06  5.405122E-07  7.016232E-07  4.441520E-07
 3.481500E+02  2.196947E-01  5.675640E-05  1.929860E-09  2.583831E-09  2.887236E-09  3.507654E-09  2.985427E-01  1.840552E-04  1.872663E-07  4.184964E-01  1.499507E-03  8.641651E-06  1.184089E-06  1.528343E-03  5.554019E-08  2.209777E-07  3.083137E-08  5.896537E-02  3.837045E-06  1.397547E-07  1.166148E-07  4.298015E-04  5.842999E-04  2.049451E-06  5.157807E-07  6.697052E-07  4.274641E-07
 3.491500E+02  2.200227E-01  5.635553E-05  1.886049E-09  2.525694E-09  2.822399E-09  3.429555E-09  2.985620E-01  1.815072E-04  1.785459E-07  4.188393E-01  1.481040E-03  8.260708E-06  1.159479E-06  1.507978E-03  5.337931E-08  2.128118E-07  2.993266E-08  5.833066E-02  3.702593E-06  1.363274E-07  1.136944E-07  4.243021E-04  5.768282E-04  1.958021E-06  4.923213E-07  6.394208E-07  4.114958E-07
 3.501500E+02  2.203455E-01  5.595895E-05  1.843453E-09  2.469156E-09  2.759343E-09  3.353588E-09  2.985810E-01  1.790113E-04  1.702826E-07  4.191767E-01  1.462898E-03  7.898562E-06  1.135521E-06  1.488000E-03  5.131496E-08  2.049951E-07  2.906516E-08  5.770593E-02  3.573567E-06  1.330023E-07  1.108626E-07  4.189063E-04  5.694974E-04  1.871169E-06  4.700620E-07  6.106780E-07  3.962126E-07
 3.511500E+02  2.206632E-01  5.556662E-05  1.802033E-09  2.414169E-09  2.698013E-09  3.279685E-09  2.985995E-01  1.765665E-04  1.624502E-07  4.195087E-01  1.445075E-03  7.554197E-06  1.112193E-06  1.468400E-03  4.934235E-08  1.975110E-07  2.822764E-08  5.709102E-02  3.449724E-06  1.297759E-07  1.081163E-07  4.136116E-04  5.623040E-04  1.788645E-06  4.489350E-07  5.833903E-07  3.815815E-07
 3.521500E+02  2.209759E-01  5.517851E-05  1.761753E-09  2.360683E-09  2.638356E-09  3.207784E-09  2.986177E-01  1.741712E-04  1.550237E-07  4.198355E-01  1.427564E-03  7.226653E-06  1.089478E-06  1.449170E-03  4.745691E-08  1.903435E-07  2.741893E-08  5.648574E-02  3.330831E-06  1.266449E-07  1.054527E-07  4.084157E-04  5.552451E-04  1.710210E-06  4.288770E-07  5.574764E-07  3.675717E-07
 3.531500E+02  2.212836E-01  5.479458E-05  1.722578E-09  2.308654E-09  2.580320E-09  3.137823E-09  2.986356E-01  1.718242E-04  1.479799E-07  4.201571E-01  1.410358E-03  6.915030E-06  1.067355E-06  1.430302E-03  4.565435E-08  1.834777E-07  2.663791E-08  5.588992E-02  3.216668E-06  1.236060E-07  1.028688E-07  4.033164E-04  5.483173E-04  1.635642E-06  4.098283E-07  5.328600E-07  3.541538E-07
 3.541500E+02  2.215866E-01  5.441480E-05  1.684473E-09  2.258035E-09  2.523855E-09  3.069743E-09  2.986531E-01  1.695244E-04  1.412972E-07  4.204737E-01  1.393452E-03  6.618477E-06  1.045807E-06  1.411787E-03  4.393060E-08  1.768993E-07  2.588350E-08  5.530339E-02  3.107024E-06  1.206562E-07  1.003619E-07  3.983114E-04  5.415179E-04  1.564731E-06  3.917329E-07  5.094694E-07  3.412997E-07
 3.551500E+02  2.218848E-01  5.403913E-05  1.647405E-09  2.208784E-09  2.468914E-09  3.003487E-09  2.986703E-01  1.672705E-04  1.349549E-07  4.207852E-01  1.376838E-03  6.336194E-06  1.024816E-06  1.393618E-03  4.228180E-08  1.705948E-07  2.515466E-08  5.472598E-02  3.001700E-06  1.177926E-07  9.792949E-08  3.933985E-04  5.348437E-04  1.497279E-06  3.745381E-07  4.872372E-07  3.289831E-07
 3.561500E+02  2.221784E-01  5.366754E-05  1.611342E-09  2.160859E-09  2.415448E-09  2.938999E-09  2.986872E-01  1.650614E-04  1.289341E-07  4.210919E-01  1.360510E-03  6.067426E-06  1.004366E-06  1.375786E-03  4.070433E-08  1.645513E-07  2.445042E-08  5.415753E-02  2.900506E-06  1.150121E-07  9.556900E-08  3.885756E-04  5.282919E-04  1.433101E-06  3.581945E-07  4.661002E-07  3.171789E-07
 3.571500E+02  2.224674E-01  5.329999E-05  1.576253E-09  2.114219E-09  2.363415E-09  2.876226E-09  2.987038E-01  1.628960E-04  1.232166E-07  4.213937E-01  1.344464E-03  5.811462E-06  9.844399E-07  1.358283E-03  3.919472E-08  1.587567E-07  2.376982E-08  5.359788E-02  2.803260E-06  1.123122E-07  9.327799E-08  3.838408E-04  5.218598E-04  1.372021E-06  3.426556E-07  4.459987E-07  3.058632E-07
 3.581500E+02  2.227519E-01  5.293645E-05  1.542108E-09  2.068825E-09  2.312769E-09  2.815116E-09  2.987200E-01  1.607732E-04  1.177856E-07  4.216909E-01  1.328692E-03  5.567632E-06  9.650224E-07  1.341104E-03  3.774970E-08  1.531996E-07  2.311197E-08  5.304687E-02  2.709791E-06  1.096900E-07  9.105414E-08  3.791921E-04  5.155447E-04  1.313875E-06  3.278776E-07  4.268766E-07  2.950134E-07
 3.591500E+02  2.230320E-01  5.257686E-05  1.508879E-09  2.024639E-09  2.263469E-09  2.755618E-09  2.987360E-01  1.586919E-04  1.126252E-07  4.219834E-01  1.313190E-03  5.335302E-06  9.460982E-07  1.324239E-03  3.636620E-08  1.478689E-07  2.247600E-08  5.250433E-02  2.619934E-06  1.071431E-07  8.889520E-08  3.746274E-04  5.093438E-04  1.258506E-06  3.138193E-07  4.086813E-07  2.846082E-07
 3.601500E+02  2.233077E-01  5.222121E-05  1.476537E-09  1.981624E-09  2.215474E-09  2.697684E-09  2.987516E-01  1.566511E-04  1.077205E-07  4.222714E-01  1.297951E-03  5.113877E-06  9.276526E-07  1.307683E-03  3.504127E-08  1.427544E-07  2.186108E-08  5.197013E-02  2.533533E-06  1.046690E-07  8.679901E-08  3.701449E-04  5.032548E-04  1.205770E-06  3.004421E-07  3.913630E-07  2.746271E-07
 3.611500E+02  2.235793E-01  5.186945E-05  1.445055E-09  1.939746E-09  2.168745E-09  2.641268E-09  2.987670E-01  1.546498E-04  1.030574E-07  4.225549E-01  1.282970E-03  4.902792E-06  9.096714E-07  1.291429E-03  3.377214E-08  1.378460E-07  2.126642E-08  5.144411E-02  2.450439E-06  1.022652E-07  8.476347E-08  3.657428E-04  4.972749E-04  1.155527E-06  2.877095E-07  3.748751E-07  2.650508E-07
 3.621500E+02  2.238466E-01  5.152154E-05  1.414407E-09  1.898969E-09  2.123243E-09  2.586323E-09  2.987821E-01  1.526871E-04  9.862291E-08  4.228340E-01  1.268243E-03  4.701516E-06  8.921409E-07  1.275469E-03  3.255617E-08  1.331345E-07  2.069125E-08  5.092612E-02  2.370511E-06  9.992959E-08  8.278657E-08  3.614193E-04  4.914019E-04  1.107648E-06  2.755871E-07  3.591734E-07  2.558608E-07
 3.631500E+02  2.241099E-01  5.117744E-05  1.384569E-09  1.859261E-09  2.078931E-09  2.532806E-09  2.987969E-01  1.507620E-04  9.440446E-08  4.231089E-01  1.253763E-03  4.509547E-06  8.750477E-07  1.259798E-03  3.139087E-08  1.286110E-07  2.013484E-08  5.041602E-02  2.293613E-06  9.765984E-08  8.086639E-08  3.571726E-04  4.856333E-04  1.062009E-06  2.640426E-07  3.442165E-07  2.470399E-07
 3.641500E+02  2.243691E-01  5.083712E-05  1.355515E-09  1.820590E-09  2.035775E-09  2.480675E-09  2.988114E-01  1.488737E-04  9.039045E-08  4.233795E-01  1.239526E-03  4.326411E-06  8.583790E-07  1.244408E-03  3.027388E-08  1.242669E-07  1.959650E-08  4.991367E-02  2.219616E-06  9.545384E-08  7.900106E-08  3.530011E-04  4.799669E-04  1.018496E-06  2.530455E-07  3.299653E-07  2.385712E-07
 3.651500E+02  2.246244E-01  5.050054E-05  1.327222E-09  1.782924E-09  1.993740E-09  2.429889E-09  2.988257E-01  1.470212E-04  8.656991E-08  4.236460E-01  1.225527E-03  4.151659E-06  8.421225E-07  1.229295E-03  2.920294E-08  1.200944E-07  1.907555E-08  4.941893E-02  2.148398E-06  9.330953E-08  7.718877E-08  3.489030E-04  4.744003E-04  9.769979E-07  2.425671E-07  3.163828E-07  2.304392E-07
 3.661500E+02  2.248758E-01  5.016766E-05  1.299667E-09  1.746234E-09  1.952791E-09  2.380407E-09  2.988397E-01  1.452037E-04  8.293249E-08  4.239084E-01  1.211760E-03  3.984870E-06  8.262661E-07  1.214451E-03  2.817592E-08  1.160857E-07  1.857136E-08  4.893166E-02  2.079841E-06  9.122493E-08  7.542780E-08  3.448769E-04  4.689314E-04  9.374125E-07  2.325803E-07  3.034344E-07  2.226287E-07
 3.671500E+02  2.251234E-01  4.983844E-05  1.272828E-09  1.710490E-09  1.912898E-09  2.332191E-09  2.988535E-01  1.434203E-04  7.946846E-08  4.241668E-01  1.198222E-03  3.825641E-06  8.107983E-07  1.199871E-03  2.719081E-08  1.122336E-07  1.808331E-08  4.845174E-02  2.013834E-06  8.919813E-08  7.371648E-08  3.409211E-04  4.635581E-04  8.996420E-07  2.230595E-07  2.910873E-07  2.151255E-07
 3.681500E+02  2.253673E-01  4.951285E-05  1.246684E-09  1.675666E-09  1.874028E-09  2.285204E-09  2.988670E-01  1.416702E-04  7.616867E-08  4.244213E-01  1.184908E-03  3.673597E-06  7.957078E-07  1.185550E-03  2.624568E-08  1.085312E-07  1.761079E-08  4.797902E-02  1.950270E-06  8.722728E-08  7.205320E-08  3.370340E-04  4.582783E-04  8.635946E-07  2.139807E-07  2.793104E-07  2.079160E-07
 3.691500E+02  2.256075E-01  4.919084E-05  1.221214E-09  1.641732E-09  1.836152E-09  2.239411E-09  2.988803E-01  1.399528E-04  7.302448E-08  4.246719E-01  1.171813E-03  3.528378E-06  7.809837E-07  1.171481E-03  2.533871E-08  1.049720E-07  1.715326E-08  4.751338E-02  1.889048E-06  8.531060E-08  7.043640E-08  3.332143E-04  4.530900E-04  8.291832E-07  2.053212E-07  2.680747E-07  2.009874E-07
 3.701500E+02  2.258441E-01  4.887238E-05  1.196398E-09  1.608665E-09  1.799240E-09  2.194775E-09  2.988934E-01  1.382671E-04  7.002774E-08  4.249188E-01  1.158932E-03  3.389646E-06  7.666156E-07  1.157659E-03  2.446817E-08  1.015496E-07  1.671016E-08  4.705470E-02  1.830071E-06  8.344639E-08  6.886460E-08  3.294604E-04  4.479911E-04  7.963256E-07  1.970594E-07  2.573525E-07  1.943273E-07
 3.711500E+02  2.260772E-01  4.855743E-05  1.172217E-09  1.576437E-09  1.763264E-09  2.151264E-09  2.989062E-01  1.366124E-04  6.717078E-08  4.251620E-01  1.146263E-03  3.257082E-06  7.525934E-07  1.144079E-03  2.363241E-08  9.825808E-08  1.628097E-08  4.660285E-02  1.773245E-06  8.163297E-08  6.733634E-08  3.257710E-04  4.429797E-04  7.649443E-07  1.891752E-07  2.471177E-07  1.879241E-07
 3.721500E+02  2.263067E-01  4.824595E-05  1.148651E-09  1.545024E-09  1.728197E-09  2.108845E-09  2.989188E-01  1.349881E-04  6.444637E-08  4.254015E-01  1.133799E-03  3.130383E-06  7.389071E-07  1.130736E-03  2.282987E-08  9.509186E-08  1.586520E-08  4.615772E-02  1.718484E-06  7.986875E-08  6.585024E-08  3.221446E-04  4.380541E-04  7.349657E-07  1.816493E-07  2.373459E-07  1.817665E-07
 3.731500E+02  2.265329E-01  4.793790E-05  1.125684E-09  1.514403E-09  1.694012E-09  2.067486E-09  2.989312E-01  1.333935E-04  6.184766E-08  4.256374E-01  1.121538E-03  3.009261E-06  7.255472E-07  1.117624E-03  2.205906E-08  9.204551E-08  1.546235E-08  4.571917E-02  1.665701E-06  7.815219E-08  6.440495E-08  3.185800E-04  4.332123E-04  7.063203E-07  1.744638E-07  2.280136E-07  1.758441E-07
