#         T/K            c1          c2-1          c3-4          c3-5          c3-7          c3-9            m1          m2-1          m3-1            w1            w2          w3-1          w3-2          c1m1        c1m2-1        c1m2-7        c2m1-1        c1w1-2        c1w2-1        c2w1-1        c2w1-9        m1w1-1        m1w1-4        m1w2-1        m2w1-1        m2w1-3      c1m1w1-1
 2.731500E+02  3.357047E-01  3.719497E-04  1.091109E-07  1.432107E-07  1.593333E-07  1.899851E-07  3.908617E-01  1.281461E-03  4.534683E-05  1.412888E-01  6.831969E-04  3.360072E-05  4.714540E-07  1.369211E-02  8.532926E-06  2.799924E-05  2.446471E-06  1.140904E-01  3.032144E-05  1.939797E-06  1.703347E-06  7.440898E-04  1.012907E-03  3.063806E-05  3.068877E-05  3.886774E-05  1.543558E-05
 2.741500E+02  3.367001E-01  3.671639E-04  1.047604E-07  1.375472E-07  1.530436E-07  1.825430E-07  3.910738E-01  1.251277E-03  4.186884E-05  1.421504E-01  6.748532E-04  3.159566E-05  4.605489E-07  1.337756E-02  7.976989E-06  2.625981E-05  2.323905E-06  1.124273E-01  2.879437E-05  1.865208E-06  1.636437E-06  7.311330E-04  9.952059E-04  2.864989E-05  2.852116E-05  3.613681E-05  1.453537E-05
 2.751500E+02  3.376776E-01  3.624594E-04  1.006092E-07  1.321411E-07  1.470393E-07  1.754363E-07  3.912793E-01  1.222025E-03  3.868084E-05  1.429982E-01  6.665698E-04  2.971683E-05  4.498777E-07  1.307226E-02  7.460953E-06  2.464004E-05  2.208270E-06  1.107902E-01  2.735017E-05  1.793830E-06  1.572466E-06  7.184411E-04  9.778699E-04  2.679995E-05  2.651913E-05  3.361351E-05  1.369257E-05
 2.761500E+02  3.386376E-01  3.578346E-04  9.664696E-08  1.269794E-07  1.413061E-07  1.686482E-07  3.914784E-01  1.193670E-03  3.575686E-05  1.438323E-01  6.583496E-04  2.795600E-05  4.394383E-07  1.277589E-02  6.981713E-06  2.313097E-05  2.099136E-06  1.091790E-01  2.598411E-05  1.725513E-06  1.511294E-06  7.060092E-04  9.608918E-04  2.507808E-05  2.466917E-05  3.128097E-05  1.290324E-05
 2.771500E+02  3.395804E-01  3.532884E-04  9.286428E-08  1.220500E-07  1.358304E-07  1.621630E-07  3.916715E-01  1.166180E-03  3.307341E-05  1.446528E-01  6.501953E-04  2.630545E-05  4.292280E-07  1.248815E-02  6.536424E-06  2.172438E-05  1.996099E-06  1.075932E-01  2.469173E-05  1.660117E-06  1.452789E-06  6.938324E-04  9.442646E-04  2.347490E-05  2.295894E-05  2.912377E-05  1.216374E-05
 2.781500E+02  3.405062E-01  3.488192E-04  8.925209E-08  1.173411E-07  1.305993E-07  1.559656E-07  3.918587E-01  1.139525E-03  3.060922E-05  1.454601E-01  6.421093E-04  2.475802E-05  4.192443E-07  1.220875E-02  6.122477E-06  2.041269E-05  1.898785E-06  1.060328E-01  2.346883E-05  1.597507E-06  1.396826E-06  6.819056E-04  9.279814E-04  2.198176E-05  2.137715E-05  2.712782E-05  1.147068E-05
 2.791500E+02  3.414152E-01  3.444258E-04  8.580187E-08  1.128418E-07  1.256007E-07  1.500417E-07  3.920403E-01  1.113674E-03  2.834503E-05  1.462541E-01  6.340938E-04  2.330699E-05  4.094843E-07  1.193740E-02  5.737479E-06  1.918891E-05  1.806844E-06  1.044974E-01  2.231147E-05  1.537553E-06  1.343285E-06  6.702241E-04  9.120353E-04  2.059064E-05  1.991348E-05  2.528021E-05  1.082092E-05
 2.801500E+02  3.423078E-01  3.401069E-04  8.250555E-08  1.085418E-07  1.208231E-07  1.443781E-07  3.922165E-01  1.088600E-03  2.626338E-05  1.470351E-01  6.261510E-04  2.194612E-05  3.999449E-07  1.167384E-02  5.379229E-06  1.804664E-05  1.719947E-06  1.029869E-01  2.121593E-05  1.480135E-06  1.292054E-06  6.587829E-04  8.964197E-04  1.929417E-05  1.855850E-05  2.356914E-05  1.021155E-05
 2.811500E+02  3.431842E-01  3.358611E-04  7.935549E-08  1.044313E-07  1.162556E-07  1.389619E-07  3.923875E-01  1.064273E-03  2.434843E-05  1.478032E-01  6.182826E-04  2.066955E-05  3.906232E-07  1.141781E-02  5.045711E-06  1.697996E-05  1.637791E-06  1.015008E-01  2.017871E-05  1.425136E-06  1.243023E-06  6.475772E-04  8.811278E-04  1.808551E-05  1.730356E-05  2.198380E-05  9.639854E-06
 2.821500E+02  3.440448E-01  3.316872E-04  7.634448E-08  1.005009E-07  1.118881E-07  1.337811E-07  3.925534E-01  1.040668E-03  2.258581E-05  1.485586E-01  6.104903E-04  1.947184E-05  3.815158E-07  1.116905E-02  4.735067E-06  1.598340E-05  1.560089E-06  1.000390E-01  1.919653E-05  1.372446E-06  1.196090E-06  6.366024E-04  8.661530E-04  1.695835E-05  1.614075E-05  2.051430E-05  9.103331E-06
 2.831500E+02  3.448897E-01  3.275839E-04  7.346569E-08  9.674186E-08  1.077106E-07  1.288244E-07  3.927145E-01  1.017760E-03  2.096247E-05  1.493014E-01  6.027757E-04  1.834789E-05  3.726195E-07  1.092732E-02  4.445592E-06  1.505194E-05  1.486574E-06  9.860118E-02  1.826629E-05  1.321958E-06  1.151158E-06  6.258537E-04  8.514887E-04  1.590686E-05  1.506281E-05  1.915155E-05  8.599642E-06
 2.841500E+02  3.457192E-01  3.235499E-04  7.071266E-08  9.314588E-08  1.037141E-07  1.240809E-07  3.928709E-01  9.955234E-04  1.946654E-05  1.500318E-01  5.951402E-04  1.729297E-05  3.639308E-07  1.069240E-02  4.175717E-06  1.418093E-05  1.416998E-06  9.718704E-02  1.738507E-05  1.273575E-06  1.108135E-06  6.153266E-04  8.371285E-04  1.492565E-05  1.406312E-05  1.788724E-05  8.126617E-06
 2.851500E+02  3.465336E-01  3.195841E-04  6.807926E-08  8.970506E-08  9.988971E-08  1.195404E-07  3.930228E-01  9.739358E-04  1.808725E-05  1.507499E-01  5.875850E-04  1.630263E-05  3.554463E-07  1.046406E-02  3.923997E-06  1.336609E-05  1.351127E-06  9.579628E-02  1.655013E-05  1.227199E-06  1.066932E-06  6.050164E-04  8.230662E-04  1.400971E-05  1.313557E-05  1.671374E-05  7.682240E-06
 2.861500E+02  3.473332E-01  3.156852E-04  6.555970E-08  8.641194E-08  9.622925E-08  1.151932E-07  3.931704E-01  9.529743E-04  1.681479E-05  1.514560E-01  5.801111E-04  1.537273E-05  3.471624E-07  1.024207E-02  3.689102E-06  1.260345E-05  1.288742E-06  9.442861E-02  1.575888E-05  1.182740E-06  1.027465E-06  5.949186E-04  8.092953E-04  1.315443E-05  1.227458E-05  1.562405E-05  7.264636E-06
 2.871500E+02  3.481182E-01  3.118521E-04  6.314849E-08  8.325943E-08  9.272485E-08  1.110302E-07  3.933138E-01  9.326173E-04  1.564023E-05  1.521502E-01  5.727196E-04  1.449940E-05  3.390756E-07  1.002624E-02  3.469807E-06  1.188937E-05  1.229640E-06  9.308374E-02  1.500889E-05  1.140113E-06  9.896543E-07  5.850289E-04  7.958097E-04  1.235553E-05  1.147502E-05  1.461174E-05  6.872061E-06
 2.881500E+02  3.488888E-01  3.080836E-04  6.084044E-08  8.024085E-08  8.936909E-08  1.070425E-07  3.934531E-01  9.128441E-04  1.455545E-05  1.528327E-01  5.654112E-04  1.367904E-05  3.311823E-07  9.816361E-03  3.264984E-06  1.122046E-05  1.173629E-06  9.176136E-02  1.429787E-05  1.099234E-06  9.534246E-07  5.753428E-04  7.826034E-04  1.160906E-05  1.073219E-05  1.367090E-05  6.502891E-06
 2.891500E+02  3.496454E-01  3.043784E-04  5.863061E-08  7.734984E-08  8.615492E-08  1.032220E-07  3.935885E-01  8.936345E-04  1.355303E-05  1.535036E-01  5.581866E-04  1.290827E-05  3.234788E-07  9.612243E-03  3.073590E-06  1.059359E-05  1.120530E-06  9.046117E-02  1.362366E-05  1.060025E-06  9.187036E-07  5.658560E-04  7.696705E-04  1.091136E-05  1.004175E-05  1.279611E-05  6.155616E-06
 2.901500E+02  3.503881E-01  3.007356E-04  5.651433E-08  7.458036E-08  8.307566E-08  9.956085E-08  3.937202E-01  8.749694E-04  1.262622E-05  1.541630E-01  5.510464E-04  1.218394E-05  3.159614E-07  9.413700E-03  2.894666E-06  1.000587E-05  1.070175E-06  8.918286E-02  1.298423E-05  1.022412E-06  8.854225E-07  5.565644E-04  7.570049E-04  1.025902E-05  9.399741E-06  1.198238E-05  5.828830E-06
 2.911500E+02  3.511173E-01  2.971539E-04  5.448718E-08  7.192670E-08  8.012498E-08  9.605156E-08  3.938482E-01  8.568303E-04  1.176886E-05  1.548113E-01  5.439911E-04  1.150311E-05  3.086265E-07  9.220551E-03  2.727325E-06  9.454619E-06  1.022407E-06  8.792612E-02  1.237765E-05  9.863244E-07  8.535161E-07  5.474637E-04  7.446010E-04  9.648902E-06  8.802504E-06  1.122513E-05  5.521223E-06
 2.921500E+02  3.518331E-01  2.936324E-04  5.254495E-08  6.938345E-08  7.729687E-08  9.268709E-08  3.939727E-01  8.391995E-04  1.097532E-05  1.554485E-01  5.370211E-04  1.086302E-05  3.014704E-07  9.032624E-03  2.570747E-06  8.937360E-06  9.770786E-07  8.669064E-02  1.180213E-05  9.516934E-07  8.229222E-07  5.385499E-04  7.324532E-04  9.078089E-06  8.246681E-06  1.052015E-05  5.231574E-06
 2.931500E+02  3.525358E-01  2.901698E-04  5.068367E-08  6.694545E-08  7.458563E-08  8.946075E-08  3.940938E-01  8.220598E-04  1.024046E-05  1.560748E-01  5.301366E-04  1.026111E-05  2.944894E-07  8.849752E-03  2.424178E-06  8.451792E-06  9.340510E-07  8.547612E-02  1.125596E-05  9.184551E-07  7.935817E-07  5.298189E-04  7.205557E-04  8.543879E-06  7.729180E-06  9.863531E-06  4.958746E-06
 2.941500E+02  3.532257E-01  2.867651E-04  4.889956E-08  6.460784E-08  7.198585E-08  8.636618E-08  3.942117E-01  8.053948E-04  9.559600E-06  1.566903E-01  5.233378E-04  9.694984E-06  2.876799E-07  8.671776E-03  2.286917E-06  7.995787E-06  8.931946E-07  8.428223E-02  1.073755E-05  8.865479E-07  7.654382E-07  5.212669E-04  7.089033E-04  8.043764E-06  7.247157E-06  9.251715E-06  4.701679E-06
 2.951500E+02  3.539029E-01  2.834173E-04  4.718903E-08  6.236596E-08  6.949238E-08  8.339735E-08  3.943263E-01  7.891887E-04  8.928434E-06  1.572953E-01  5.166248E-04  9.162389E-06  2.810381E-07  8.498539E-03  2.158319E-06  7.567369E-06  8.543877E-07  8.310868E-02  1.024537E-05  8.559133E-07  7.384382E-07  5.128898E-04  6.974905E-04  7.575418E-06  6.797992E-06  8.681405E-06  4.459384E-06
 2.961500E+02  3.545678E-01  2.801254E-04  4.554868E-08  6.021543E-08  6.710035E-08  8.054851E-08  3.944379E-01  7.734264E-04  8.343038E-06  1.578900E-01  5.099977E-04  8.661231E-06  2.745606E-07  8.329893E-03  2.037785E-06  7.164705E-06  8.175159E-07  8.195514E-02  9.778008E-06  8.264957E-07  7.125307E-07  5.046840E-04  6.863120E-04  7.136684E-06  6.379271E-06  8.149565E-06  4.230940E-06
 2.971500E+02  3.552205E-01  2.768883E-04  4.397527E-08  5.815207E-08  6.480513E-08  7.781423E-08  3.945465E-01  7.580930E-04  7.799817E-06  1.584743E-01  5.034562E-04  8.189550E-06  2.682436E-07  8.165693E-03  1.924763E-06  6.786095E-06  7.824719E-07  8.082132E-02  9.334119E-06  7.982417E-07  6.876669E-07  4.966457E-04  6.753627E-04  6.725559E-06  5.988769E-06  7.653396E-06  4.015485E-06
 2.981500E+02  3.558613E-01  2.737051E-04  4.246574E-08  5.617190E-08  6.260232E-08  7.518931E-08  3.946522E-01  7.431746E-04  7.295481E-06  1.590486E-01  4.970004E-04  7.745511E-06  2.620836E-07  8.005801E-03  1.818740E-06  6.429959E-06  7.491548E-07  7.970690E-02  8.912436E-06  7.711008E-07  6.638007E-07  4.887711E-04  6.646376E-04  6.340183E-06  5.624435E-06  7.190316E-06  3.812216E-06
 2.991500E+02  3.564903E-01  2.705747E-04  4.101718E-08  5.427116E-08  6.048772E-08  7.266885E-08  3.947552E-01  7.286576E-04  6.827012E-06  1.596131E-01  4.906300E-04  7.327402E-06  2.560771E-07  7.850082E-03  1.719241E-06  6.094832E-06  7.174697E-07  7.861158E-02  8.511765E-06  7.450245E-07  6.408880E-07  4.810569E-04  6.541317E-04  5.978829E-06  5.284377E-06  6.757944E-06  3.620383E-06
 3.001500E+02  3.571079E-01  2.674963E-04  3.962682E-08  5.244626E-08  5.845738E-08  7.024817E-08  3.948555E-01  7.145290E-04  6.391644E-06  1.601677E-01  4.843446E-04  6.933617E-06  2.502205E-07  7.698408E-03  1.625827E-06  5.779349E-06  6.873276E-07  7.753504E-02  8.130980E-06  7.199669E-07  6.188867E-07  4.734994E-04  6.438401E-04  5.639893E-06  4.966849E-06  6.354080E-06  3.439286E-06
 3.011500E+02  3.577142E-01  2.644688E-04  3.829202E-08  5.069380E-08  5.650751E-08  6.792282E-08  3.949531E-01  7.007762E-04  5.986842E-06  1.607128E-01  4.781441E-04  6.562659E-06  2.445104E-07  7.550653E-03  1.538090E-06  5.482244E-06  6.586447E-07  7.647700E-02  7.769017E-06  6.958840E-07  5.977570E-07  4.660951E-04  6.337581E-04  5.321883E-06  4.670239E-06  5.976694E-06  3.268271E-06
 3.021500E+02  3.583094E-01  2.614913E-04  3.701029E-08  4.901054E-08  5.463451E-08  6.568856E-08  3.950483E-01  6.873870E-04  5.610276E-06  1.612485E-01  4.720280E-04  6.213123E-06  2.389434E-07  7.406696E-03  1.455651E-06  5.202338E-06  6.313421E-07  7.543713E-02  7.424875E-06  6.727339E-07  5.774605E-07  4.588407E-04  6.238811E-04  5.023416E-06  4.393059E-06  5.623909E-06  3.106725E-06
 3.031500E+02  3.588938E-01  2.585630E-04  3.577926E-08  4.739340E-08  5.283498E-08  6.354137E-08  3.951409E-01  6.743499E-04  5.259810E-06  1.617749E-01  4.659959E-04  5.883697E-06  2.335162E-07  7.266422E-03  1.378159E-06  4.938535E-06  6.053458E-07  7.441515E-02  7.097608E-06  6.504766E-07  5.579611E-07  4.517330E-04  6.142044E-04  4.743201E-06  4.133932E-06  5.293992E-06  2.954077E-06
 3.041500E+02  3.594675E-01  2.556828E-04  3.459665E-08  4.583945E-08  5.110566E-08  6.147743E-08  3.952313E-01  6.616536E-04  4.933479E-06  1.622922E-01  4.600473E-04  5.573152E-06  2.282253E-07  7.129719E-03  1.305289E-06  4.689814E-06  5.805860E-07  7.341076E-02  6.786321E-06  6.290741E-07  5.392241E-07  4.447685E-04  6.047237E-04  4.480040E-06  3.891588E-06  4.985340E-06  2.809793E-06
 3.051500E+02  3.600308E-01  2.528501E-04  3.346033E-08  4.434591E-08  4.944347E-08  5.949309E-08  3.953193E-01  6.492873E-04  4.629477E-06  1.628006E-01  4.541817E-04  5.280339E-06  2.230675E-07  6.996477E-03  1.236739E-06  4.455224E-06  5.569968E-07  7.242366E-02  6.490173E-06  6.084900E-07  5.212164E-07  4.379443E-04  5.954345E-04  4.232819E-06  3.664852E-06  4.696470E-06  2.673373E-06
 3.061500E+02  3.605839E-01  2.500637E-04  3.236825E-08  4.291012E-08  4.784545E-08  5.758488E-08  3.954051E-01  6.372405E-04  4.346146E-06  1.633002E-01  4.483984E-04  5.004180E-06  2.180396E-07  6.866593E-03  1.172226E-06  4.233879E-06  5.345165E-07  7.145356E-02  6.208368E-06  5.886895E-07  5.039068E-07  4.312571E-04  5.863325E-04  4.000500E-06  3.452635E-06  4.426008E-06  2.544348E-06
 3.071500E+02  3.611269E-01  2.473230E-04  3.131846E-08  4.152956E-08  4.630881E-08  5.574951E-08  3.954888E-01  6.255033E-04  4.081957E-06  1.637911E-01  4.426969E-04  4.743668E-06  2.131384E-07  6.739965E-03  1.111490E-06  4.024956E-06  5.130867E-07  7.050017E-02  5.940155E-06  5.696396E-07  4.872650E-07  4.247040E-04  5.774137E-04  3.782118E-06  3.253931E-06  4.172685E-06  2.422280E-06
 3.081500E+02  3.616601E-01  2.446271E-04  3.030912E-08  4.020183E-08  4.483089E-08  5.398382E-08  3.955703E-01  6.140660E-04  3.835504E-06  1.642735E-01  4.370766E-04  4.497859E-06  2.083609E-07  6.616496E-03  1.054287E-06  3.827684E-06  4.926525E-07  6.956320E-02  5.684824E-06  5.513087E-07  4.712626E-07  4.182819E-04  5.686738E-04  3.576772E-06  3.067809E-06  3.935325E-06  2.306760E-06
 3.091500E+02  3.621836E-01  2.419752E-04  2.933846E-08  3.892464E-08  4.340915E-08  5.228482E-08  3.956499E-01  6.029192E-04  3.605492E-06  1.647476E-01  4.315368E-04  4.265868E-06  2.037039E-07  6.496091E-03  1.000392E-06  3.641346E-06  4.731621E-07  6.864237E-02  5.441705E-06  5.336666E-07  4.558722E-07  4.119880E-04  5.601089E-04  3.383627E-06  2.893405E-06  3.712836E-06  2.197403E-06
 3.101500E+02  3.626976E-01  2.393664E-04  2.840480E-08  3.769582E-08  4.204116E-08  5.064966E-08  3.957274E-01  5.920539E-04  3.390728E-06  1.652135E-01  4.260767E-04  4.046868E-06  1.991645E-07  6.378660E-03  9.495945E-07  3.465273E-06  4.545666E-07  6.773740E-02  5.210164E-06  5.166844E-07  4.410678E-07  4.058194E-04  5.517151E-04  3.201900E-06  2.729920E-06  3.504210E-06  2.093850E-06
 3.111500E+02  3.632023E-01  2.368000E-04  2.750656E-08  3.651329E-08  4.072464E-08  4.907562E-08  3.958031E-01  5.814614E-04  3.190112E-06  1.656714E-01  4.206957E-04  3.840083E-06  1.947397E-07  6.264114E-03  9.016981E-07  3.298839E-06  4.368201E-07  6.684801E-02  4.989605E-06  5.003348E-07  4.268246E-07  3.997732E-04  5.434886E-04  3.030866E-06  2.576613E-06  3.308509E-06  1.995764E-06
 3.121500E+02  3.636980E-01  2.342751E-04  2.664220E-08  3.537508E-08  3.945737E-08  4.756010E-08  3.958769E-01  5.711335E-04  3.002628E-06  1.661213E-01  4.153929E-04  3.644785E-06  1.904266E-07  6.152369E-03  8.565206E-07  3.141462E-06  4.198790E-07  6.597393E-02  4.779461E-06  4.845914E-07  4.131189E-07  3.938469E-04  5.354256E-04  2.869846E-06  2.432797E-06  3.124864E-06  1.902828E-06
 3.131500E+02  3.641847E-01  2.317911E-04  2.581027E-08  3.427929E-08  3.823728E-08  4.610065E-08  3.959490E-01  5.610620E-04  2.827341E-06  1.665635E-01  4.101677E-04  3.460292E-06  1.862224E-07  6.043342E-03  8.138920E-07  2.992595E-06  4.037023E-07  6.511489E-02  4.579198E-06  4.694292E-07  3.999281E-07  3.880377E-04  5.275224E-04  2.718208E-06  2.297834E-06  2.952470E-06  1.814746E-06
 3.141500E+02  3.646627E-01  2.293472E-04  2.500941E-08  3.322414E-08  3.706237E-08  4.469490E-08  3.960193E-01  5.512392E-04  2.663387E-06  1.669980E-01  4.050191E-04  3.285966E-06  1.821244E-07  5.936954E-03  7.736539E-07  2.851730E-06  3.882513E-07  6.427061E-02  4.388312E-06  4.548242E-07  3.872306E-07  3.823430E-04  5.197754E-04  2.575362E-06  2.171133E-06  2.790577E-06  1.731241E-06
 3.151500E+02  3.651320E-01  2.269426E-04  2.423829E-08  3.220792E-08  3.593073E-08  4.334061E-08  3.960879E-01  5.416575E-04  2.509966E-06  1.674250E-01  3.999465E-04  3.121208E-06  1.781298E-07  5.833128E-03  7.356584E-07  2.718391E-06  3.734895E-07  6.344085E-02  4.206324E-06  4.407535E-07  3.750058E-07  3.767603E-04  5.121813E-04  2.440759E-06  2.052145E-06  2.638492E-06  1.652051E-06
 3.161500E+02  3.655930E-01  2.245766E-04  2.349565E-08  3.122899E-08  3.484057E-08  4.203564E-08  3.961548E-01  5.323097E-04  2.366341E-06  1.678447E-01  3.949489E-04  2.965455E-06  1.742359E-07  5.731790E-03  6.997679E-07  2.592133E-06  3.593823E-07  6.262533E-02  4.032784E-06  4.271954E-07  3.632341E-07  3.712871E-04  5.047365E-04  2.313884E-06  1.940360E-06  2.495568E-06  1.576933E-06
 3.171500E+02  3.660457E-01  2.222485E-04  2.278031E-08  3.028579E-08  3.379014E-08  4.077794E-08  3.962202E-01  5.231888E-04  2.231829E-06  1.682572E-01  3.900255E-04  2.818181E-06  1.704402E-07  5.632868E-03  6.658535E-07  2.472538E-06  3.458970E-07  6.182380E-02  3.867264E-06  4.141288E-07  3.518967E-07  3.659209E-04  4.974378E-04  2.194259E-06  1.835303E-06  2.361205E-06  1.505655E-06
 3.181500E+02  3.664903E-01  2.199576E-04  2.209111E-08  2.937685E-08  3.277781E-08  3.956557E-08  3.962841E-01  5.142880E-04  2.105801E-06  1.686626E-01  3.851755E-04  2.678891E-06  1.667401E-07  5.536293E-03  6.337954E-07  2.359217E-06  3.330028E-07  6.103601E-02  3.709360E-06  4.015338E-07  3.409756E-07  3.606594E-04  4.902818E-04  2.081436E-06  1.736536E-06  2.234846E-06  1.438003E-06
 3.191500E+02  3.669270E-01  2.177033E-04  2.142699E-08  2.850075E-08  3.180200E-08  3.839666E-08  3.963464E-01  5.056009E-04  1.987671E-06  1.690610E-01  3.803980E-04  2.547121E-06  1.631332E-07  5.441998E-03  6.034812E-07  2.251805E-06  3.206706E-07  6.026170E-02  3.558691E-06  3.893914E-07  3.304538E-07  3.555003E-04  4.832653E-04  1.974996E-06  1.643648E-06  2.115973E-06  1.373773E-06
 3.201500E+02  3.673560E-01  2.154848E-04  2.078688E-08  2.765613E-08  3.086120E-08  3.726944E-08  3.964073E-01  4.971211E-04  1.876900E-06  1.694526E-01  3.756921E-04  2.422436E-06  1.596170E-07  5.349917E-03  5.748063E-07  2.149960E-06  3.088728E-07  5.950064E-02  3.414893E-06  3.776833E-07  3.203148E-07  3.504412E-04  4.763854E-04  1.874550E-06  1.556258E-06  2.004102E-06  1.312776E-06
 3.211500E+02  3.677773E-01  2.133015E-04  2.016982E-08  2.684171E-08  2.995399E-08  3.618221E-08  3.964667E-01  4.888426E-04  1.772987E-06  1.698375E-01  3.710569E-04  2.304426E-06  1.561892E-07  5.259989E-03  5.476726E-07  2.053363E-06  2.975833E-07  5.875258E-02  3.277626E-06  3.663921E-07  3.105431E-07  3.454800E-04  4.696389E-04  1.779731E-06  1.474014E-06  1.898785E-06  1.254833E-06
 3.221500E+02  3.681911E-01  2.111527E-04  1.957484E-08  2.605625E-08  2.907900E-08  3.513335E-08  3.965248E-01  4.807595E-04  1.675468E-06  1.702158E-01  3.664916E-04  2.192709E-06  1.528474E-07  5.172152E-03  5.219887E-07  1.961712E-06  2.867773E-07  5.801729E-02  3.146565E-06  3.555011E-07  3.011238E-07  3.406145E-04  4.630228E-04  1.690199E-06  1.396584E-06  1.799603E-06  1.199775E-06
 3.231500E+02  3.685976E-01  2.090379E-04  1.900105E-08  2.529859E-08  2.823493E-08  3.412132E-08  3.965816E-01  4.728661E-04  1.583913E-06  1.705876E-01  3.619952E-04  2.086922E-06  1.495894E-07  5.086348E-03  4.976688E-07  1.874727E-06  2.764317E-07  5.729452E-02  3.021403E-06  3.449943E-07  2.920424E-07  3.358426E-04  4.565342E-04  1.605634E-06  1.323662E-06  1.706168E-06  1.147445E-06
 3.241500E+02  3.689970E-01  2.069564E-04  1.844759E-08  2.456758E-08  2.742051E-08  3.314463E-08  3.966370E-01  4.651569E-04  1.497923E-06  1.709531E-01  3.575668E-04  1.986729E-06  1.464130E-07  5.002519E-03  4.746329E-07  1.792143E-06  2.665241E-07  5.658405E-02  2.901850E-06  3.348564E-07  2.832855E-07  3.311622E-04  4.501704E-04  1.525739E-06  1.254962E-06  1.618115E-06  1.097692E-06
 3.251500E+02  3.693893E-01  2.049076E-04  1.791364E-08  2.386218E-08  2.663457E-08  3.220188E-08  3.966912E-01  4.576267E-04  1.417129E-06  1.713124E-01  3.532056E-04  1.891811E-06  1.433160E-07  4.920611E-03  4.528059E-07  1.713713E-06  2.570338E-07  5.588566E-02  2.787630E-06  3.250730E-07  2.748400E-07  3.265713E-04  4.439286E-04  1.450232E-06  1.190218E-06  1.535108E-06  1.050379E-06
 3.261500E+02  3.697747E-01  2.028909E-04  1.739840E-08  2.318134E-08  2.587597E-08  3.129172E-08  3.967442E-01  4.502704E-04  1.341187E-06  1.716656E-01  3.489106E-04  1.801869E-06  1.402963E-07  4.840570E-03  4.321176E-07  1.639205E-06  2.479407E-07  5.519911E-02  2.678483E-06  3.156300E-07  2.666934E-07  3.220678E-04  4.378059E-04  1.378854E-06  1.129181E-06  1.456830E-06  1.005372E-06
 3.271500E+02  3.701534E-01  2.009057E-04  1.690114E-08  2.252409E-08  2.514361E-08  3.041286E-08  3.967960E-01  4.430829E-04  1.269778E-06  1.720127E-01  3.446810E-04  1.716621E-06  1.373520E-07  4.762345E-03  4.125022E-07  1.568401E-06  2.392263E-07  5.452419E-02  2.574162E-06  3.065141E-07  2.588337E-07  3.176500E-04  4.317999E-04  1.311358E-06  1.071620E-06  1.382988E-06  9.625475E-07
 3.281500E+02  3.705254E-01  1.989514E-04  1.642113E-08  2.188950E-08  2.443646E-08  2.956406E-08  3.968466E-01  4.360595E-04  1.202606E-06  1.723540E-01  3.405157E-04  1.635805E-06  1.344809E-07  4.685885E-03  3.938980E-07  1.501095E-06  2.308725E-07  5.386068E-02  2.474433E-06  2.977124E-07  2.512497E-07  3.133158E-04  4.259079E-04  1.247516E-06  1.017319E-06  1.313308E-06  9.217891E-07
 3.291500E+02  3.708909E-01  1.970275E-04  1.595768E-08  2.127667E-08  2.375353E-08  2.874414E-08  3.968960E-01  4.291956E-04  1.139396E-06  1.726895E-01  3.364140E-04  1.559172E-06  1.316812E-07  4.611143E-03  3.762473E-07  1.437095E-06  2.228626E-07  5.320838E-02  2.379074E-06  2.892128E-07  2.439304E-07  3.090636E-04  4.201275E-04  1.187114E-06  9.660768E-07  1.247533E-06  8.829867E-07
 3.301500E+02  3.712501E-01  1.951334E-04  1.551015E-08  2.068474E-08  2.309385E-08  2.795199E-08  3.969444E-01  4.224867E-04  1.079892E-06  1.730194E-01  3.323749E-04  1.486488E-06  1.289509E-07  4.538072E-03  3.594960E-07  1.376221E-06  2.151805E-07  5.256706E-02  2.287875E-06  2.810035E-07  2.368653E-07  3.048913E-04  4.144560E-04  1.129949E-06  9.177047E-07  1.185424E-06  8.460365E-07
 3.311500E+02  3.716030E-01  1.932686E-04  1.507790E-08  2.011290E-08  2.245653E-08  2.718651E-08  3.969918E-01  4.159285E-04  1.023856E-06  1.733437E-01  3.283975E-04  1.417533E-06  1.262883E-07  4.466626E-03  3.435931E-07  1.318302E-06  2.078111E-07  5.193654E-02  2.200636E-06  2.730733E-07  2.300445E-07  3.007974E-04  4.088913E-04  1.075833E-06  8.720274E-07  1.126758E-06  8.108409E-07
 3.321500E+02  3.719499E-01  1.914326E-04  1.466034E-08  1.956036E-08  2.184070E-08  2.644668E-08  3.970380E-01  4.095168E-04  9.710657E-07  1.736625E-01  3.244810E-04  1.352101E-06  1.236914E-07  4.396761E-03  3.284910E-07  1.263178E-06  2.007399E-07  5.131660E-02  2.117168E-06  2.654115E-07  2.234584E-07  2.967801E-04  4.034308E-04  1.024589E-06  8.288808E-07  1.071327E-06  7.773078E-07
 3.331500E+02  3.722907E-01  1.896247E-04  1.425689E-08  1.902638E-08  2.124552E-08  2.573151E-08  3.970833E-01  4.032475E-04  9.213157E-07  1.739760E-01  3.206244E-04  1.289998E-06  1.211587E-07  4.328434E-03  3.141449E-07  1.210699E-06  1.939532E-07  5.070704E-02  2.037292E-06  2.580078E-07  2.170979E-07  2.928377E-04  3.980724E-04  9.760526E-07  7.881118E-07  1.018934E-06  7.453504E-07
 3.341500E+02  3.726256E-01  1.878446E-04  1.386701E-08  1.851024E-08  2.067020E-08  2.504006E-08  3.971276E-01  3.971167E-04  8.744138E-07  1.742842E-01  3.168268E-04  1.231041E-06  1.186882E-07  4.261606E-03  3.005128E-07  1.160723E-06  1.874381E-07  5.010769E-02  1.960838E-06  2.508522E-07  2.109542E-07  2.889686E-04  3.928137E-04  9.300667E-07  7.495771E-07  9.693994E-07  7.148867E-07
 3.351500E+02  3.729548E-01  1.860916E-04  1.349017E-08  1.801126E-08  2.011397E-08  2.437141E-08  3.971709E-01  3.911207E-04  8.301811E-07  1.745873E-01  3.130875E-04  1.175057E-06  1.162785E-07  4.196234E-03  2.875553E-07  1.113117E-06  1.811822E-07  4.951833E-02  1.887644E-06  2.439355E-07  2.050191E-07  2.851712E-04  3.876527E-04  8.864859E-07  7.131428E-07  9.225509E-07  6.858394E-07
 3.361500E+02  3.732783E-01  1.843654E-04  1.312588E-08  1.752877E-08  1.957610E-08  2.372471E-08  3.972133E-01  3.852558E-04  7.884509E-07  1.748853E-01  3.094054E-04  1.121883E-06  1.139279E-07  4.132282E-03  2.752351E-07  1.067756E-06  1.751739E-07  4.893879E-02  1.817557E-06  2.372485E-07  1.992843E-07  2.814439E-04  3.825871E-04  8.451731E-07  6.786836E-07  8.782296E-07  6.581357E-07
 3.371500E+02  3.735963E-01  1.826654E-04  1.277364E-08  1.706216E-08  1.905591E-08  2.309912E-08  3.972548E-01  3.795184E-04  7.490679E-07  1.751783E-01  3.057797E-04  1.071368E-06  1.116347E-07  4.069710E-03  2.635176E-07  1.024521E-06  1.694019E-07  4.836888E-02  1.750432E-06  2.307825E-07  1.937423E-07  2.777852E-04  3.776150E-04  8.059998E-07  6.460824E-07  8.362862E-07  6.317067E-07
 3.381500E+02  3.739089E-01  1.809912E-04  1.243301E-08  1.661081E-08  1.855271E-08  2.249385E-08  3.972954E-01  3.739051E-04  7.118869E-07  1.754665E-01  3.022096E-04  1.023368E-06  1.093975E-07  4.008483E-03  2.523698E-07  9.833008E-07  1.638558E-07  4.780842E-02  1.686130E-06  2.245293E-07  1.883857E-07  2.741937E-04  3.727342E-04  7.688452E-07  6.152295E-07  7.965808E-07  6.064874E-07
 3.391500E+02  3.742162E-01  1.793423E-04  1.210353E-08  1.617416E-08  1.806587E-08  2.190814E-08  3.973351E-01  3.684125E-04  6.767728E-07  1.757499E-01  2.986943E-04  9.777459E-07  1.072148E-07  3.948566E-03  2.417610E-07  9.439906E-07  1.585255E-07  4.725724E-02  1.624521E-06  2.184808E-07  1.832075E-07  2.706678E-04  3.679427E-04  7.335959E-07  5.860222E-07  7.589827E-07  5.824164E-07
 3.401500E+02  3.745182E-01  1.777182E-04  1.178480E-08  1.575165E-08  1.759478E-08  2.134125E-08  3.973741E-01  3.630374E-04  6.435993E-07  1.760287E-01  2.952328E-04  9.343748E-07  1.050851E-07  3.889924E-03  2.316622E-07  9.064915E-07  1.534014E-07  4.671515E-02  1.565479E-06  2.126295E-07  1.782009E-07  2.672062E-04  3.632388E-04  7.001453E-07  5.583643E-07  7.233692E-07  5.594357E-07
 3.411500E+02  3.748152E-01  1.761185E-04  1.147640E-08  1.534275E-08  1.713885E-08  2.079250E-08  3.974121E-01  3.577768E-04  6.122485E-07  1.763028E-01  2.918243E-04  8.931343E-07  1.030070E-07  3.832524E-03  2.220461E-07  8.707100E-07  1.484745E-07  4.618199E-02  1.508887E-06  2.069681E-07  1.733594E-07  2.638074E-04  3.586204E-04  6.683933E-07  5.321658E-07  6.896255E-07  5.374905E-07
 3.421500E+02  3.751071E-01  1.745428E-04  1.117795E-08  1.494697E-08  1.669751E-08  2.026121E-08  3.974494E-01  3.526275E-04  5.826104E-07  1.765724E-01  2.884681E-04  8.539107E-07  1.009791E-07  3.776334E-03  2.128869E-07  8.365580E-07  1.437361E-07  4.565760E-02  1.454632E-06  2.014894E-07  1.686768E-07  2.604702E-04  3.540857E-04  6.382457E-07  5.073422E-07  6.576438E-07  5.165290E-07
 3.431500E+02  3.753941E-01  1.729906E-04  1.088908E-08  1.456380E-08  1.627022E-08  1.974673E-08  3.974860E-01  3.475867E-04  5.545819E-07  1.768376E-01  2.851632E-04  8.165969E-07  9.900019E-08  3.721322E-03  2.041605E-07  8.039526E-07  1.391781E-07  4.514179E-02  1.402608E-06  1.961868E-07  1.641472E-07  2.571931E-04  3.496329E-04  6.096139E-07  4.838145E-07  6.273233E-07  4.965023E-07
 3.441500E+02  3.756763E-01  1.714615E-04  1.060943E-08  1.419279E-08  1.585647E-08  1.924845E-08  3.975217E-01  3.426515E-04  5.280670E-07  1.770985E-01  2.819089E-04  7.810919E-07  9.706883E-08  3.667459E-03  1.958441E-07  7.728153E-07  1.347925E-07  4.463443E-02  1.352712E-06  1.910538E-07  1.597649E-07  2.539750E-04  3.452603E-04  5.824148E-07  4.615083E-07  5.985692E-07  4.773639E-07
 3.451500E+02  3.759537E-01  1.699551E-04  1.033867E-08  1.383349E-08  1.545577E-08  1.876579E-08  3.975568E-01  3.378191E-04  5.029757E-07  1.773550E-01  2.787043E-04  7.473004E-07  9.518379E-08  3.614715E-03  1.879162E-07  7.430719E-07  1.305720E-07  4.413534E-02  1.304848E-06  1.860842E-07  1.555244E-07  2.508146E-04  3.409661E-04  5.565699E-07  4.403541E-07  5.712927E-07  4.590702E-07
 3.461500E+02  3.762266E-01  1.684710E-04  1.007646E-08  1.348547E-08  1.506763E-08  1.829817E-08  3.975911E-01  3.330869E-04  4.792237E-07  1.776075E-01  2.755487E-04  7.151326E-07  9.334386E-08  3.563061E-03  1.803565E-07  7.146526E-07  1.265094E-07  4.364437E-02  1.258925E-06  1.812721E-07  1.514205E-07  2.477105E-04  3.367487E-04  5.320055E-07  4.202866E-07  5.454103E-07  4.415796E-07
 3.471500E+02  3.764949E-01  1.670088E-04  9.822499E-09  1.314832E-08  1.469159E-08  1.784505E-08  3.976247E-01  3.284523E-04  4.567325E-07  1.778558E-01  2.724413E-04  6.845036E-07  9.154782E-08  3.512470E-03  1.731461E-07  6.874912E-07  1.225981E-07  4.316137E-02  1.214856E-06  1.766118E-07  1.474482E-07  2.446617E-04  3.326064E-04  5.086522E-07  4.012444E-07  5.208438E-07  4.248529E-07
 3.481500E+02  3.767587E-01  1.655681E-04  9.576479E-09  1.282166E-08  1.432723E-08  1.740591E-08  3.976576E-01  3.239127E-04  4.354282E-07  1.781000E-01  2.693813E-04  6.553332E-07  8.979452E-08  3.462915E-03  1.662667E-07  6.615253E-07  1.188316E-07  4.268620E-02  1.172557E-06  1.720977E-07  1.436025E-07  2.416670E-04  3.285377E-04  4.864448E-07  3.831701E-07  4.975195E-07  4.088530E-07
 3.491500E+02  3.770182E-01  1.641486E-04  9.338114E-09  1.250509E-08  1.397412E-08  1.698025E-08  3.976899E-01  3.194658E-04  4.152419E-07  1.783404E-01  2.663680E-04  6.275458E-07  8.808283E-08  3.414370E-03  1.597016E-07  6.366958E-07  1.152037E-07  4.221869E-02  1.131949E-06  1.677246E-07  1.398790E-07  2.387251E-04  3.245409E-04  4.653216E-07  3.660094E-07  4.753685E-07  3.935447E-07
 3.501500E+02  3.772734E-01  1.627498E-04  9.107130E-09  1.219827E-08  1.363186E-08  1.656758E-08  3.977215E-01  3.151092E-04  3.961089E-07  1.785768E-01  2.634005E-04  6.010701E-07  8.641163E-08  3.366810E-03  1.534346E-07  6.129468E-07  1.117087E-07  4.175871E-02  1.092957E-06  1.634875E-07  1.362732E-07  2.358351E-04  3.206146E-04  4.452246E-07  3.497118E-07  4.543259E-07  3.788947E-07
 3.511500E+02  3.775244E-01  1.613713E-04  8.883259E-09  1.190083E-08  1.330006E-08  1.616746E-08  3.977525E-01  3.108407E-04  3.779685E-07  1.788095E-01  2.604782E-04  5.758386E-07  8.477987E-08  3.320209E-03  1.474506E-07  5.902257E-07  1.083410E-07  4.130613E-02  1.055510E-06  1.593815E-07  1.327808E-07  2.329958E-04  3.167572E-04  4.260993E-07  3.342294E-07  4.343305E-07  3.648714E-07
 3.521500E+02  3.777713E-01  1.600129E-04  8.666249E-09  1.161245E-08  1.297835E-08  1.577943E-08  3.977829E-01  3.066578E-04  3.607640E-07  1.790384E-01  2.576003E-04  5.517874E-07  8.318650E-08  3.274545E-03  1.417354E-07  5.684823E-07  1.050952E-07  4.086079E-02  1.019540E-06  1.554020E-07  1.293977E-07  2.302061E-04  3.129673E-04  4.078942E-07  3.195173E-07  4.153250E-07  3.514450E-07
 3.531500E+02  3.780142E-01  1.586742E-04  8.455855E-09  1.133281E-08  1.266637E-08  1.540307E-08  3.978126E-01  3.025587E-04  3.444421E-07  1.792636E-01  2.547660E-04  5.288564E-07  8.163050E-08  3.229794E-03  1.362754E-07  5.476694E-07  1.019664E-07  4.042257E-02  9.849819E-07  1.515444E-07  1.261200E-07  2.274650E-04  3.092435E-04  3.905607E-07  3.055335E-07  3.972555E-07  3.385871E-07
 3.541500E+02  3.782531E-01  1.573548E-04  8.251843E-09  1.106159E-08  1.236378E-08  1.503797E-08  3.978418E-01  2.985410E-04  3.289528E-07  1.794853E-01  2.519747E-04  5.069887E-07  8.011090E-08  3.185933E-03  1.310578E-07  5.277423E-07  9.894966E-08  3.999133E-02  9.517738E-07  1.478046E-07  1.229439E-07  2.247714E-04  3.055844E-04  3.740531E-07  2.922381E-07  3.800712E-07  3.262709E-07
 3.551500E+02  3.784881E-01  1.560544E-04  8.053988E-09  1.079852E-08  1.207026E-08  1.468373E-08  3.978704E-01  2.946029E-04  3.142493E-07  1.797034E-01  2.492257E-04  4.861304E-07  7.862673E-08  3.142941E-03  1.260707E-07  5.086584E-07  9.604043E-08  3.956694E-02  9.198573E-07  1.441783E-07  1.198658E-07  2.221245E-04  3.019887E-04  3.583281E-07  2.795940E-07  3.637243E-07  3.144709E-07
 3.561500E+02  3.787193E-01  1.547727E-04  7.862073E-09  1.054328E-08  1.178548E-08  1.433999E-08  3.978985E-01  2.907423E-04  3.002875E-07  1.799181E-01  2.465182E-04  4.662307E-07  7.717707E-08  3.100797E-03  1.213026E-07  4.903777E-07  9.323430E-08  3.914928E-02  8.891762E-07  1.406616E-07  1.168823E-07  2.195232E-04  2.984550E-04  3.433451E-07  2.675658E-07  3.481698E-07  3.031629E-07
 3.571500E+02  3.789468E-01  1.535093E-04  7.675891E-09  1.029563E-08  1.150914E-08  1.400638E-08  3.979260E-01  2.869573E-04  2.870260E-07  1.801294E-01  2.438516E-04  4.472413E-07  7.576100E-08  3.059479E-03  1.167427E-07  4.728621E-07  9.052710E-08  3.873821E-02  8.596772E-07  1.372506E-07  1.139900E-07  2.169666E-04  2.949820E-04  3.290656E-07  2.561207E-07  3.333654E-07  2.923239E-07
 3.581500E+02  3.791706E-01  1.522639E-04  7.495243E-09  1.005529E-08  1.124095E-08  1.368255E-08  3.979530E-01  2.832461E-04  2.744261E-07  1.803373E-01  2.412252E-04  4.291169E-07  7.437766E-08  3.018969E-03  1.123810E-07  4.560756E-07  8.791481E-08  3.833363E-02  8.313097E-07  1.339418E-07  1.111856E-07  2.144537E-04  2.915685E-04  3.154533E-07  2.452274E-07  3.192711E-07  2.819323E-07
 3.591500E+02  3.793908E-01  1.510362E-04  7.319936E-09  9.822014E-09  1.098064E-08  1.336817E-08  3.979795E-01  2.796069E-04  2.624513E-07  1.805420E-01  2.386382E-04  4.118143E-07  7.302618E-08  2.979245E-03  1.082076E-07  4.399839E-07  8.539363E-08  3.793540E-02  8.040251E-07  1.307315E-07  1.084662E-07  2.119837E-04  2.882132E-04  3.024740E-07  2.348565E-07  3.058494E-07  2.719674E-07
 3.601500E+02  3.796076E-01  1.498259E-04  7.149788E-09  9.595558E-09  1.072792E-08  1.306291E-08  3.980054E-01  2.760378E-04  2.510673E-07  1.807435E-01  2.360902E-04  3.952926E-07  7.170573E-08  2.940290E-03  1.042135E-07  4.245546E-07  8.295989E-08  3.754341E-02  7.777772E-07  1.276165E-07  1.058287E-07  2.095556E-04  2.849150E-04  2.900953E-07  2.249805E-07  2.930649E-07  2.624096E-07
 3.611500E+02  3.798208E-01  1.486327E-04  6.984619E-09  9.375689E-09  1.048255E-08  1.276647E-08  3.980309E-01  2.725374E-04  2.402418E-07  1.809418E-01  2.335804E-04  3.795135E-07  7.041551E-08  2.902086E-03  1.003901E-07  4.097570E-07  8.061013E-08  3.715754E-02  7.525221E-07  1.245934E-07  1.032703E-07  2.071686E-04  2.816727E-04  2.782866E-07  2.155733E-07  2.808842E-07  2.532403E-07
 3.621500E+02  3.800307E-01  1.474563E-04  6.824262E-09  9.162184E-09  1.024426E-08  1.247854E-08  3.980559E-01  2.691038E-04  2.299445E-07  1.811370E-01  2.311081E-04  3.644402E-07  6.915473E-08  2.864613E-03  9.672911E-08  3.955619E-07  7.834101E-08  3.677768E-02  7.282179E-07  1.216590E-07  1.007883E-07  2.048219E-04  2.784851E-04  2.670191E-07  2.066103E-07  2.692757E-07  2.444418E-07
 3.631500E+02  3.802372E-01  1.462965E-04  6.668551E-09  8.954828E-09  1.001284E-08  1.219885E-08  3.980804E-01  2.657354E-04  2.201469E-07  1.813292E-01  2.286728E-04  3.500383E-07  6.792262E-08  2.827855E-03  9.322287E-08  3.819416E-07  7.614934E-08  3.640372E-02  7.048243E-07  1.188105E-07  9.838002E-08  2.025146E-04  2.753511E-04  2.562655E-07  1.980683E-07  2.582098E-07  2.359973E-07
 3.641500E+02  3.804405E-01  1.451528E-04  6.517330E-09  8.753413E-09  9.788028E-09  1.192711E-08  3.981044E-01  2.624308E-04  2.108222E-07  1.815184E-01  2.262739E-04  3.362750E-07  6.671844E-08  2.791796E-03  8.986399E-08  3.688699E-07  7.403209E-08  3.603555E-02  6.823034E-07  1.160449E-07  9.604294E-08  2.002460E-04  2.722695E-04  2.460000E-07  1.899256E-07  2.476584E-07  2.278908E-07
 3.651500E+02  3.806406E-01  1.440251E-04  6.370447E-09  8.557740E-09  9.569621E-09  1.166307E-08  3.981280E-01  2.591883E-04  2.019451E-07  1.817047E-01  2.239106E-04  3.231191E-07  6.554148E-08  2.756417E-03  8.664554E-08  3.563218E-07  7.198635E-08  3.567307E-02  6.606186E-07  1.133593E-07  9.377463E-08  1.980152E-04  2.692395E-04  2.361981E-07  1.821614E-07  2.375951E-07  2.201072E-07
 3.661500E+02  3.808375E-01  1.429131E-04  6.227757E-09  8.367618E-09  9.357402E-09  1.140645E-08  3.981512E-01  2.560066E-04  1.934917E-07  1.818881E-01  2.215825E-04  3.105414E-07  6.439102E-08  2.721705E-03  8.356090E-08  3.442737E-07  7.000934E-08  3.531616E-02  6.397352E-07  1.107512E-07  9.157275E-08  1.958215E-04  2.662598E-04  2.268368E-07  1.747564E-07  2.279949E-07  2.126320E-07
 3.671500E+02  3.810314E-01  1.418165E-04  6.089119E-09  8.182862E-09  9.151164E-09  1.115703E-08  3.981739E-01  2.528842E-04  1.854397E-07  1.820687E-01  2.192890E-04  2.985138E-07  6.326639E-08  2.687642E-03  8.060382E-08  3.327029E-07  6.809840E-08  3.496473E-02  6.196199E-07  1.082178E-07  8.943505E-08  1.936641E-04  2.633295E-04  2.178943E-07  1.676922E-07  2.188342E-07  2.054516E-07
 3.681500E+02  3.812222E-01  1.407351E-04  5.954399E-09  8.003295E-09  8.950711E-09  1.091457E-08  3.981962E-01  2.498197E-04  1.777679E-07  1.822465E-01  2.170294E-04  2.870101E-07  6.216692E-08  2.654214E-03  7.776838E-08  3.215881E-07  6.625098E-08  3.461868E-02  6.002412E-07  1.057569E-07  8.735937E-08  1.915423E-04  2.604476E-04  2.093499E-07  1.609513E-07  2.100908E-07  1.985528E-07
 3.691500E+02  3.814101E-01  1.396685E-04  5.823467E-09  7.828746E-09  8.755852E-09  1.067883E-08  3.982181E-01  2.468118E-04  1.704565E-07  1.824216E-01  2.148031E-04  2.760051E-07  6.109196E-08  2.621407E-03  7.504893E-08  3.109090E-07  6.446465E-08  3.427790E-02  5.815688E-07  1.033658E-07  8.534362E-08  1.894554E-04  2.576130E-04  2.011841E-07  1.545176E-07  2.017437E-07  1.919234E-07
 3.701500E+02  3.815951E-01  1.386166E-04  5.696199E-09  7.659050E-09  8.566403E-09  1.044960E-08  3.982396E-01  2.438591E-04  1.634866E-07  1.825941E-01  2.126098E-04  2.654752E-07  6.004090E-08  2.589205E-03  7.244014E-08  3.006463E-07  6.273708E-08  3.394231E-02  5.635737E-07  1.010424E-07  8.338580E-08  1.874027E-04  2.548250E-04  1.933783E-07  1.483754E-07  1.937728E-07  1.855514E-07
 3.711500E+02  3.817772E-01  1.375791E-04  5.572473E-09  7.494049E-09  8.382188E-09  1.022666E-08  3.982608E-01  2.409603E-04  1.568406E-07  1.827639E-01  2.104487E-04  2.553977E-07  5.901312E-08  2.557596E-03  6.993694E-08  2.907816E-07  6.106603E-08  3.361181E-02  5.462284E-07  9.878439E-08  8.148398E-08  1.853835E-04  2.520824E-04  1.859151E-07  1.425101E-07  1.861595E-07  1.794256E-07
 3.721500E+02  3.819565E-01  1.365557E-04  5.452174E-09  7.333590E-09  8.203039E-09  1.000982E-08  3.982815E-01  2.381143E-04  1.505017E-07  1.829311E-01  2.083193E-04  2.457512E-07  5.800802E-08  2.526565E-03  6.753452E-08  2.812974E-07  5.944939E-08  3.328630E-02  5.295066E-07  9.658965E-08  7.963630E-08  1.833971E-04  2.493845E-04  1.787778E-07  1.369079E-07  1.788860E-07  1.735354E-07
 3.731500E+02  3.821330E-01  1.355462E-04  5.335191E-09  7.177527E-09  8.028790E-09  9.798871E-09  3.983018E-01  2.353198E-04  1.444542E-07  1.830959E-01  2.062211E-04  2.365156E-07  5.702504E-08  2.496099E-03  6.522830E-08  2.721771E-07  5.788509E-08  3.296569E-02  5.133830E-07  9.445612E-08  7.784096E-08  1.814429E-04  2.467303E-04  1.719507E-07  1.315557E-07  1.719354E-07  1.678705E-07
