#         T/K            c1          c2-1          c3-4          c3-5          c3-7          c3-9            m1          m2-1          m3-1            w1            w2          w3-1          w3-2          c1m1        c1m2-1        c1m2-7        c2m1-1        c1w1-2        c1w2-1        c2w1-1        c2w1-9        m1w1-1        m1w1-4        m1w2-1        m2w1-1        m2w1-3      c1m1w1-1
 2.731500E+02  7.690189E-01  1.879551E-03  1.216265E-06  1.596377E-06  1.776096E-06  2.117774E-06  1.441900E-01  1.679346E-04  2.111079E-06  2.640080E-02  2.297073E-05  2.032812E-07  2.852253E-09  1.114225E-02  2.466737E-06  8.094149E-06  4.391698E-06  4.702713E-02  2.248893E-06  1.763786E-06  1.548791E-06  4.939207E-05  6.723592E-05  3.659425E-07  7.236592E-07  9.165240E-07  2.260190E-06
 2.741500E+02  7.694654E-01  1.847781E-03  1.161000E-06  1.524357E-06  1.696095E-06  2.023019E-06  1.443302E-01  1.642288E-04  1.954267E-06  2.668070E-02  2.290901E-05  1.939869E-07  2.827617E-09  1.087227E-02  2.305575E-06  7.589827E-06  4.159163E-06  4.646924E-02  2.152530E-06  1.697718E-06  1.489490E-06  4.880258E-05  6.642925E-05  3.458734E-07  6.770344E-07  8.578146E-07  2.136569E-06
 2.751500E+02  7.699042E-01  1.816806E-03  1.108669E-06  1.456137E-06  1.620309E-06  1.933231E-06  1.444660E-01  1.606269E-04  1.810063E-06  2.695788E-02  2.284213E-05  1.851098E-07  2.802343E-09  1.061071E-02  2.155994E-06  7.120242E-06  3.940588E-06  4.591681E-02  2.060469E-06  1.634430E-06  1.432736E-06  4.821763E-05  6.562900E-05  3.269523E-07  6.336266E-07  8.031341E-07  2.020294E-06
 2.761500E+02  7.703353E-01  1.786603E-03  1.059095E-06  1.391490E-06  1.548488E-06  1.848114E-06  1.445976E-01  1.571258E-04  1.677384E-06  2.723228E-02  2.277029E-05  1.766327E-07  2.776477E-09  1.035728E-02  2.017095E-06  6.682798E-06  3.735048E-06  4.536989E-02  1.972518E-06  1.573795E-06  1.378411E-06  4.763739E-05  6.483538E-05  3.091121E-07  5.932012E-07  7.521903E-07  1.910898E-06
 2.771500E+02  7.707589E-01  1.757147E-03  1.012116E-06  1.330207E-06  1.480397E-06  1.767393E-06  1.447252E-01  1.537222E-04  1.555245E-06  2.750388E-02  2.269366E-05  1.685390E-07  2.750063E-09  1.011167E-02  1.888052E-06  6.275106E-06  3.541683E-06  4.482855E-02  1.888492E-06  1.515693E-06  1.326402E-06  4.706201E-05  6.404859E-05  2.922896E-07  5.555415E-07  7.047131E-07  1.807947E-06
 2.781500E+02  7.711752E-01  1.728414E-03  9.675765E-07  1.272088E-06  1.415819E-06  1.690813E-06  1.448488E-01  1.504132E-04  1.442749E-06  2.777267E-02  2.261246E-05  1.608125E-07  2.723146E-09  9.873606E-03  1.768107E-06  5.894968E-06  3.359696E-06  4.429282E-02  1.808213E-06  1.460008E-06  1.276600E-06  4.649161E-05  6.326880E-05  2.764253E-07  5.204473E-07  6.604528E-07  1.711035E-06
 2.791500E+02  7.715843E-01  1.700384E-03  9.253347E-07  1.216949E-06  1.354547E-06  1.618133E-06  1.449686E-01  1.471957E-04  1.339082E-06  2.803861E-02  2.252685E-05  1.534376E-07  2.695770E-09  9.642815E-03  1.656566E-06  5.540359E-06  3.188346E-06  4.376276E-02  1.731514E-06  1.406631E-06  1.228905E-06  4.592634E-05  6.249619E-05  2.614631E-07  4.877335E-07  6.191787E-07  1.619783E-06
 2.801500E+02  7.719863E-01  1.673034E-03  8.852563E-07  1.164617E-06  1.296390E-06  1.549127E-06  1.450848E-01  1.440669E-04  1.243502E-06  2.830169E-02  2.243703E-05  1.463994E-07  2.667974E-09  9.419036E-03  1.552789E-06  5.209415E-06  3.026944E-06  4.323841E-02  1.658231E-06  1.355457E-06  1.183218E-06  4.536631E-05  6.173090E-05  2.473502E-07  4.572292E-07  5.806771E-07  1.533837E-06
 2.811500E+02  7.723814E-01  1.646344E-03  8.472160E-07  1.114931E-06  1.241170E-06  1.483587E-06  1.451975E-01  1.410240E-04  1.155332E-06  2.856189E-02  2.234319E-05  1.396832E-07  2.639801E-09  9.202019E-03  1.456192E-06  4.900416E-06  2.874850E-06  4.271978E-02  1.588210E-06  1.306388E-06  1.139449E-06  4.481162E-05  6.097306E-05  2.340372E-07  4.287760E-07  5.447507E-07  1.452867E-06
 2.821500E+02  7.727696E-01  1.620294E-03  8.110966E-07  1.067738E-06  1.188718E-06  1.421313E-06  1.453068E-01  1.380644E-04  1.073958E-06  2.881921E-02  2.224550E-05  1.332753E-07  2.611290E-09  8.991526E-03  1.366235E-06  4.611778E-06  2.731470E-06  4.220692E-02  1.521305E-06  1.259329E-06  1.097509E-06  4.426237E-05  6.022281E-05  2.214773E-07  4.022278E-07  5.112168E-07  1.376565E-06
 2.831500E+02  7.731512E-01  1.594864E-03  7.767883E-07  1.022899E-06  1.138877E-06  1.362123E-06  1.454129E-01  1.351854E-04  9.988159E-07  2.907362E-02  2.214415E-05  1.271620E-07  2.582479E-09  8.787325E-03  1.282422E-06  4.342040E-06  2.596249E-06  4.169984E-02  1.457373E-06  1.214191E-06  1.057315E-06  4.371865E-05  5.948025E-05  2.096266E-07  3.774493E-07  4.799062E-07  1.304641E-06
 2.841500E+02  7.735262E-01  1.570037E-03  7.441882E-07  9.802781E-07  1.091499E-06  1.305842E-06  1.455158E-01  1.323846E-04  9.293948E-07  2.932512E-02  2.203931E-05  1.213306E-07  2.553404E-09  8.589196E-03  1.204298E-06  4.089851E-06  2.468673E-06  4.119856E-02  1.396279E-06  1.170887E-06  1.018787E-06  4.318053E-05  5.874548E-05  1.984438E-07  3.543151E-07  4.506624E-07  1.236827E-06
 2.851500E+02  7.738948E-01  1.545794E-03  7.132000E-07  9.397525E-07  1.046447E-06  1.252308E-06  1.456156E-01  1.296594E-04  8.652268E-07  2.957371E-02  2.193116E-05  1.157686E-07  2.524102E-09  8.396924E-03  1.131442E-06  3.853968E-06  2.348261E-06  4.070309E-02  1.337896E-06  1.129337E-06  9.818504E-07  4.264808E-05  5.801858E-05  1.878899E-07  3.327093E-07  4.233403E-07  1.172871E-06
 2.861500E+02  7.742570E-01  1.522119E-03  6.837333E-07  9.012049E-07  1.003591E-06  1.201370E-06  1.457125E-01  1.270077E-04  8.058849E-07  2.981938E-02  2.181986E-05  1.104639E-07  2.494607E-09  8.210307E-03  1.063469E-06  3.633238E-06  2.234566E-06  4.021343E-02  1.282099E-06  1.089463E-06  9.464331E-07  4.212136E-05  5.729963E-05  1.779284E-07  3.125246E-07  3.978058E-07  1.112536E-06
 2.871500E+02  7.746130E-01  1.498994E-03  6.557034E-07  8.645257E-07  9.628100E-07  1.152884E-06  1.458066E-01  1.244271E-04  7.509789E-07  3.006213E-02  2.170558E-05  1.054051E-07  2.464951E-09  8.029147E-03  1.000023E-06  3.426600E-06  2.127172E-06  3.972960E-02  1.228772E-06  1.051190E-06  9.124668E-07  4.160042E-05  5.658869E-05  1.685249E-07  2.936616E-07  3.739344E-07  1.055603E-06
 2.881500E+02  7.749630E-01  1.476404E-03  6.290308E-07  8.296122E-07  9.239892E-07  1.106715E-06  1.458980E-01  1.219153E-04  7.001524E-07  3.030196E-02  2.158850E-05  1.005813E-07  2.435166E-09  7.853256E-03  9.407747E-07  3.233070E-06  2.025690E-06  3.925159E-02  1.177802E-06  1.014449E-06  8.798864E-07  4.108531E-05  5.588582E-05  1.596469E-07  2.760282E-07  3.516108E-07  1.001865E-06
 2.891500E+02  7.753069E-01  1.454333E-03  6.036408E-07  7.963677E-07  8.870218E-07  1.062739E-06  1.459867E-01  1.194704E-04  6.530793E-07  3.053888E-02  2.146876E-05  9.598173E-08  2.405284E-09  7.682453E-03  8.854223E-07  3.051740E-06  1.929758E-06  3.877939E-02  1.129082E-06  9.791724E-07  8.486300E-07  4.057606E-05  5.519106E-05  1.512640E-07  2.595390E-07  3.307281E-07  9.511295E-07
 2.901500E+02  7.756449E-01  1.432766E-03  5.794634E-07  7.647015E-07  8.518071E-07  1.020836E-06  1.460729E-01  1.170901E-04  6.094612E-07  3.077288E-02  2.134653E-05  9.159632E-08  2.375332E-09  7.516563E-03  8.336866E-07  2.881769E-06  1.839038E-06  3.831300E-02  1.082510E-06  9.452960E-07  8.186387E-07  4.007270E-05  5.450445E-05  1.433476E-07  2.441150E-07  3.111872E-07  9.032159E-07
 2.911500E+02  7.759772E-01  1.411689E-03  5.564329E-07  7.345284E-07  8.182507E-07  9.808958E-07  1.461566E-01  1.147726E-04  5.690252E-07  3.100397E-02  2.122195E-05  8.741531E-08  2.345339E-09  7.355418E-03  7.853100E-07  2.722377E-06  1.753215E-06  3.785241E-02  1.037989E-06  9.127591E-07  7.898564E-07  3.957527E-05  5.382600E-05  1.358705E-07  2.296828E-07  2.928963E-07  8.579552E-07
 2.921500E+02  7.763038E-01  1.391088E-03  5.344872E-07  7.057684E-07  7.862637E-07  9.428130E-07  1.462380E-01  1.125159E-04  5.315211E-07  3.123217E-02  2.109519E-05  8.342937E-08  2.315331E-09  7.198858E-03  7.400546E-07  2.572845E-06  1.671995E-06  3.739759E-02  9.954240E-07  8.815035E-07  7.622296E-07  3.908376E-05  5.315575E-05  1.288075E-07  2.161744E-07  2.757699E-07  8.151892E-07
 2.931500E+02  7.766248E-01  1.370949E-03  5.135684E-07  6.783460E-07  7.557625E-07  9.064893E-07  1.463170E-01  1.103182E-04  4.967200E-07  3.145748E-02  2.096638E-05  7.962957E-08  2.285333E-09  7.046727E-03  6.977007E-07  2.432504E-06  1.595100E-06  3.694853E-02  9.547272E-07  8.514739E-07  7.357073E-07  3.859820E-05  5.249370E-05  1.221347E-07  2.035267E-07  2.597289E-07  7.747695E-07
 2.941500E+02  7.769404E-01  1.351259E-03  4.936216E-07  6.521904E-07  7.266685E-07  8.718323E-07  1.463939E-01  1.081776E-04  4.644116E-07  3.167992E-02  2.083566E-05  7.600733E-08  2.255370E-09  6.898877E-03  6.580452E-07  2.300735E-06  1.522276E-06  3.650520E-02  9.158135E-07  8.226173E-07  7.102410E-07  3.811859E-05  5.183985E-05  1.158296E-07  1.916811E-07  2.447000E-07  7.365575E-07
 2.951500E+02  7.772506E-01  1.332006E-03  4.745956E-07  6.272350E-07  6.989077E-07  8.387545E-07  1.464686E-01  1.060924E-04  4.344036E-07  3.189949E-02  2.070317E-05  7.255447E-08  2.225465E-09  6.755163E-03  6.209003E-07  2.176964E-06  1.453281E-06  3.606759E-02  8.786019E-07  7.948833E-07  6.857846E-07  3.764494E-05  5.119420E-05  1.098710E-07  1.805834E-07  2.306148E-07  7.004229E-07
 2.961500E+02  7.775555E-01  1.313177E-03  4.564418E-07  6.034168E-07  6.724104E-07  8.071740E-07  1.465412E-01  1.040610E-04  4.065190E-07  3.211621E-02  2.056906E-05  6.926314E-08  2.195638E-09  6.615448E-03  5.860924E-07  2.060658E-06  1.387889E-06  3.563565E-02  8.430150E-07  7.682240E-07  6.622940E-07  3.717723E-05  5.055674E-05  1.042390E-07  1.701831E-07  2.174101E-07  6.662437E-07
 2.971500E+02  7.778552E-01  1.294761E-03  4.391146E-07  5.806769E-07  6.471110E-07  7.770132E-07  1.466118E-01  1.020816E-04  3.805958E-07  3.233009E-02  2.043343E-05  6.612584E-08  2.165911E-09  6.479600E-03  5.534607E-07  1.951324E-06  1.325892E-06  3.520937E-02  8.089790E-07  7.425934E-07  6.397272E-07  3.671546E-05  4.992746E-05  9.891504E-08  1.604332E-07  2.050269E-07  6.339057E-07
 2.981500E+02  7.781498E-01  1.276747E-03  4.225713E-07  5.589595E-07  6.229478E-07  7.481994E-07  1.466805E-01  1.001529E-04  3.564848E-07  3.254116E-02  2.029643E-05  6.313540E-08  2.136302E-09  6.347489E-03  5.228565E-07  1.848503E-06  1.267092E-06  3.478871E-02  7.764236E-07  7.179479E-07  6.180442E-07  3.625962E-05  4.930632E-05  9.388136E-08  1.512904E-07  1.934106E-07  6.033017E-07
 2.991500E+02  7.784394E-01  1.259122E-03  4.067712E-07  5.382121E-07  5.998624E-07  7.206638E-07  1.467473E-01  9.827309E-05  3.340493E-07  3.274943E-02  2.015817E-05  6.028495E-08  2.106830E-09  6.218994E-03  4.941418E-07  1.751768E-06  1.211304E-06  3.437363E-02  7.452815E-07  6.942456E-07  5.972067E-07  3.580969E-05  4.869331E-05  8.912140E-08  1.427140E-07  1.825103E-07  5.743310E-07
 3.001500E+02  7.787242E-01  1.241878E-03  3.916763E-07  5.183852E-07  5.777999E-07  6.943415E-07  1.468123E-01  9.644088E-05  3.131633E-07  3.295491E-02  2.001877E-05  5.756794E-08  2.077513E-09  6.093996E-03  4.671890E-07  1.660723E-06  1.158356E-06  3.396410E-02  7.154887E-07  6.714467E-07  5.771785E-07  3.536564E-05  4.808838E-05  8.461957E-08  1.346667E-07  1.722788E-07  5.468993E-07
 3.011500E+02  7.790041E-01  1.225003E-03  3.772506E-07  4.994322E-07  5.567084E-07  6.691714E-07  1.468755E-01  9.465481E-05  2.937112E-07  3.315764E-02  1.987835E-05  5.497811E-08  2.048365E-09  5.972381E-03  4.418797E-07  1.575001E-06  1.108085E-06  3.356007E-02  6.869840E-07  6.495131E-07  5.579249E-07  3.492746E-05  4.749151E-05  8.036117E-08  1.271133E-07  1.626720E-07  5.209181E-07
 3.021500E+02  7.792792E-01  1.208487E-03  3.634603E-07  4.813089E-07  5.365392E-07  6.450957E-07  1.469371E-01  9.291350E-05  2.755865E-07  3.335762E-02  1.973701E-05  5.250949E-08  2.019403E-09  5.854039E-03  4.181040E-07  1.494259E-06  1.060341E-06  3.316151E-02  6.597092E-07  6.284087E-07  5.394127E-07  3.449511E-05  4.690265E-05  7.633239E-08  1.200214E-07  1.536491E-07  4.963044E-07
 3.031500E+02  7.795497E-01  1.192321E-03  3.502733E-07  4.639739E-07  5.172461E-07  6.220600E-07  1.469970E-01  9.121561E-05  2.586910E-07  3.355488E-02  1.959486E-05  5.015635E-08  1.990639E-09  5.738864E-03  3.957602E-07  1.418179E-06  1.014981E-06  3.276837E-02  6.336085E-07  6.080986E-07  5.216104E-07  3.406856E-05  4.632175E-05  7.252021E-08  1.133608E-07  1.451720E-07  4.729800E-07
 3.041500E+02  7.798156E-01  1.176495E-03  3.376594E-07  4.473878E-07  4.987855E-07  6.000127E-07  1.470553E-01  8.955988E-05  2.429346E-07  3.374945E-02  1.945201E-05  4.791326E-08  1.962088E-09  5.626756E-03  3.747536E-07  1.346464E-06  9.718706E-07  3.238060E-02  6.086289E-07  5.885499E-07  5.044879E-07  3.364778E-05  4.574876E-05  6.891237E-08  1.071033E-07  1.372052E-07  4.508717E-07
 3.051500E+02  7.800771E-01  1.161001E-03  3.255902E-07  4.315137E-07  4.811162E-07  5.789054E-07  1.471121E-01  8.794505E-05  2.282341E-07  3.394134E-02  1.930854E-05  4.577501E-08  1.933762E-09  5.517615E-03  3.549964E-07  1.278838E-06  9.308855E-07  3.199817E-02  5.847198E-07  5.697308E-07  4.880164E-07  3.323273E-05  4.518363E-05  6.549735E-08  1.012227E-07  1.297158E-07  4.299108E-07
 3.061500E+02  7.803341E-01  1.145829E-03  3.140387E-07  4.163165E-07  4.641994E-07  5.586920E-07  1.471674E-01  8.636992E-05  2.145128E-07  3.413059E-02  1.916456E-05  4.373665E-08  1.905671E-09  5.411347E-03  3.364071E-07  1.215045E-06  8.919079E-07  3.162102E-02  5.618329E-07  5.516112E-07  4.721685E-07  3.282338E-05  4.462631E-05  6.226428E-08  9.569461E-08  1.226730E-07  4.100325E-07
 3.071500E+02  7.805868E-01  1.130971E-03  3.029795E-07  4.017631E-07  4.479983E-07  5.393290E-07  1.472212E-01  8.483333E-05  2.017000E-07  3.431721E-02  1.902016E-05  4.179342E-08  1.877827E-09  5.307862E-03  3.189099E-07  1.154845E-06  8.548273E-07  3.124910E-02  5.399221E-07  5.341623E-07  4.569180E-07  3.241967E-05  4.407673E-05  5.920294E-08  9.049638E-08  1.160482E-07  3.911761E-07
 3.081500E+02  7.808353E-01  1.116420E-03  2.923885E-07  3.878223E-07  4.324783E-07  5.207755E-07  1.472737E-01  8.333416E-05  1.897304E-07  3.450123E-02  1.887542E-05  3.994083E-08  1.850238E-09  5.207071E-03  3.024342E-07  1.098015E-06  8.195400E-07  3.088237E-02  5.189436E-07  5.173565E-07  4.422400E-07  3.202157E-05  4.353483E-05  5.630371E-08  8.560684E-08  1.098148E-07  3.732845E-07
 3.091500E+02  7.810796E-01  1.102166E-03  2.822430E-07  3.744644E-07  4.176064E-07  5.029925E-07  1.473248E-01  8.187132E-05  1.785440E-07  3.468267E-02  1.873043E-05  3.817456E-08  1.822913E-09  5.108890E-03  2.869146E-07  1.044346E-06  7.859484E-07  3.052076E-02  4.988554E-07  5.011674E-07  4.281105E-07  3.162903E-05  4.300054E-05  5.355751E-08  8.100625E-08  1.039477E-07  3.563041E-07
 3.101500E+02  7.813197E-01  1.088203E-03  2.725215E-07  3.616615E-07  4.033516E-07  4.859432E-07  1.473746E-01  8.044375E-05  1.680849E-07  3.486157E-02  1.858527E-05  3.649052E-08  1.795862E-09  5.013238E-03  2.722900E-07  9.936444E-07  7.539609E-07  3.016424E-02  4.796176E-07  4.855698E-07  4.145068E-07  3.124201E-05  4.247379E-05  5.095581E-08  7.667624E-08  9.842399E-08  3.401843E-07
 3.111500E+02  7.815559E-01  1.074522E-03  2.632037E-07  3.493871E-07  3.896844E-07  4.695930E-07  1.474231E-01  7.905045E-05  1.583020E-07  3.503795E-02  1.844002E-05  3.488478E-08  1.769090E-09  4.920035E-03  2.585037E-07  9.457291E-07  7.234913E-07  2.981274E-02  4.611920E-07  4.705398E-07  4.014072E-07  3.086044E-05  4.195453E-05  4.849056E-08  7.259968E-08  9.322186E-08  3.248776E-07
 3.121500E+02  7.817881E-01  1.061117E-03  2.542704E-07  3.376161E-07  3.765771E-07  4.539087E-07  1.474704E-01  7.769041E-05  1.491477E-07  3.521183E-02  1.829475E-05  3.335363E-08  1.742605E-09  4.829206E-03  2.455028E-07  9.004308E-07  6.944585E-07  2.946622E-02  4.435423E-07  4.560544E-07  3.887908E-07  3.048428E-05  4.144266E-05  4.615419E-08  6.876060E-08  8.832118E-08  3.103394E-07
 3.131500E+02  7.820164E-01  1.047980E-03  2.457032E-07  3.263247E-07  3.640032E-07  4.388592E-07  1.475165E-01  7.636270E-05  1.405781E-07  3.538325E-02  1.814952E-05  3.189351E-08  1.716412E-09  4.740678E-03  2.332380E-07  8.575913E-07  6.667861E-07  2.912462E-02  4.266338E-07  4.420914E-07  3.766378E-07  3.011349E-05  4.093813E-05  4.393955E-08  6.514408E-08  8.370312E-08  2.965275E-07
 3.141500E+02  7.822409E-01  1.035105E-03  2.374850E-07  3.154906E-07  3.519377E-07  4.244150E-07  1.475614E-01  7.506639E-05  1.325527E-07  3.555222E-02  1.800442E-05  3.050104E-08  1.690517E-09  4.654380E-03  2.216634E-07  8.170632E-07  6.404023E-07  2.878788E-02  4.104334E-07  4.286300E-07  3.649292E-07  2.974799E-05  4.044085E-05  4.183992E-08  6.173621E-08  7.935010E-08  2.834026E-07
 3.151500E+02  7.824617E-01  1.022485E-03  2.295994E-07  3.050924E-07  3.403571E-07  4.105479E-07  1.476052E-01  7.380058E-05  1.250339E-07  3.571879E-02  1.785949E-05  2.917299E-08  1.664925E-09  4.570245E-03  2.107362E-07  7.787084E-07  6.152395E-07  2.845595E-02  3.949097E-07  4.156499E-07  3.536470E-07  2.938775E-05  3.995074E-05  3.984896E-08  5.852401E-08  7.524571E-08  2.709271E-07
 3.161500E+02  7.826787E-01  1.010114E-03  2.220309E-07  2.951099E-07  3.292389E-07  3.972314E-07  1.476480E-01  7.256442E-05  1.179868E-07  3.588297E-02  1.771481E-05  2.790629E-08  1.639639E-09  4.488206E-03  2.004165E-07  7.423978E-07  5.912339E-07  2.812877E-02  3.800325E-07  4.031321E-07  3.427737E-07  2.903270E-05  3.946774E-05  3.796070E-08  5.549536E-08  7.137461E-08  2.590662E-07
 3.171500E+02  7.828922E-01  9.979847E-04  2.147648E-07  2.855239E-07  3.185617E-07  3.844403E-07  1.476896E-01  7.135706E-05  1.113794E-07  3.604479E-02  1.757043E-05  2.669802E-08  1.614664E-09  4.408201E-03  1.906671E-07  7.080108E-07  5.683254E-07  2.780628E-02  3.657731E-07  3.910580E-07  3.322928E-07  2.868278E-05  3.899175E-05  3.616950E-08  5.263893E-08  6.772248E-08  2.477866E-07
 3.181500E+02  7.831021E-01  9.860923E-04  2.077873E-07  2.763164E-07  3.083055E-07  3.721506E-07  1.477303E-01  7.017770E-05  1.051816E-07  3.620429E-02  1.742641E-05  2.554539E-08  1.590002E-09  4.330168E-03  1.814531E-07  6.754346E-07  5.464574E-07  2.748844E-02  3.521041E-07  3.794101E-07  3.221885E-07  2.833794E-05  3.852270E-05  3.447007E-08  4.994414E-08  6.427595E-08  2.370574E-07
 3.191500E+02  7.833086E-01  9.744305E-04  2.010851E-07  2.674700E-07  2.984511E-07  3.603398E-07  1.477699E-01  6.902555E-05  9.936590E-08  3.636149E-02  1.728280E-05  2.444575E-08  1.565655E-09  4.254048E-03  1.727423E-07  6.445633E-07  5.255765E-07  2.717518E-02  3.389994E-07  3.681715E-07  3.124457E-07  2.799813E-05  3.806051E-05  3.285739E-08  4.740112E-08  6.102250E-08  2.268490E-07
 3.201500E+02  7.835116E-01  9.629937E-04  1.946457E-07  2.589684E-07  2.889803E-07  3.489862E-07  1.478086E-01  6.789985E-05  9.390661E-08  3.651642E-02  1.713966E-05  2.339658E-08  1.541627E-09  4.179784E-03  1.645041E-07  6.152981E-07  5.056324E-07  2.686644E-02  3.264342E-07  3.573261E-07  3.030498E-07  2.766327E-05  3.760510E-05  3.132675E-08  4.500062E-08  5.795042E-08  2.171339E-07
 3.211500E+02  7.837112E-01  9.517762E-04  1.884572E-07  2.507962E-07  2.798759E-07  3.380694E-07  1.478464E-01  6.679988E-05  8.877991E-08  3.666911E-02  1.699701E-05  2.239547E-08  1.517918E-09  4.107321E-03  1.567103E-07  5.875462E-07  4.865776E-07  2.656217E-02  3.143846E-07  3.468586E-07  2.939871E-07  2.733332E-05  3.715638E-05  2.987370E-08  4.273399E-08  5.504879E-08  2.078859E-07
 3.221500E+02  7.839076E-01  9.407728E-04  1.825083E-07  2.429386E-07  2.711215E-07  3.275699E-07  1.478833E-01  6.572491E-05  8.396372E-08  3.681958E-02  1.685493E-05  2.144014E-08  1.494531E-09  4.036606E-03  1.493343E-07  5.612208E-07  4.683671E-07  2.626231E-02  3.028280E-07  3.367540E-07  2.852443E-07  2.700820E-05  3.671427E-05  2.849405E-08  4.059318E-08  5.230736E-08  1.990806E-07
 3.231500E+02  7.841007E-01  9.299783E-04  1.767884E-07  2.353815E-07  2.627016E-07  3.174694E-07  1.479192E-01  6.467426E-05  7.943752E-08  3.696787E-02  1.671344E-05  2.052841E-08  1.471465E-09  3.967588E-03  1.423515E-07  5.362405E-07  4.509586E-07  2.596680E-02  2.917427E-07  3.269984E-07  2.768087E-07  2.668787E-05  3.627868E-05  2.718384E-08  3.857060E-08  4.971655E-08  1.906945E-07
 3.241500E+02  7.842907E-01  9.193877E-04  1.712872E-07  2.281118E-07  2.546014E-07  3.077503E-07  1.479544E-01  6.364727E-05  7.518228E-08  3.711401E-02  1.657258E-05  1.965820E-08  1.448721E-09  3.900217E-03  1.357387E-07  5.125289E-07  4.343122E-07  2.567559E-02  2.811081E-07  3.175781E-07  2.686682E-07  2.637226E-05  3.584954E-05  2.593933E-08  3.665920E-08  4.726740E-08  1.827060E-07
 3.251500E+02  7.844775E-01  9.089960E-04  1.659951E-07  2.211167E-07  2.468069E-07  2.983958E-07  1.479886E-01  6.264327E-05  7.118027E-08  3.725802E-02  1.643240E-05  1.882754E-08  1.426299E-09  3.834444E-03  1.294741E-07  4.900144E-07  4.183900E-07  2.538862E-02  2.709045E-07  3.084802E-07  2.608112E-07  2.606131E-05  3.542675E-05  2.475701E-08  3.485235E-08  4.495152E-08  1.750942E-07
 3.261500E+02  7.846613E-01  8.987985E-04  1.609029E-07  2.143843E-07  2.393046E-07  2.893903E-07  1.480221E-01  6.166166E-05  6.741506E-08  3.739994E-02  1.629293E-05  1.803456E-08  1.404200E-09  3.770225E-03  1.235374E-07  4.686298E-07  4.031563E-07  2.510582E-02  2.611131E-07  2.996922E-07  2.532266E-07  2.575496E-05  3.501024E-05  2.363355E-08  3.314385E-08  4.276103E-08  1.678398E-07
 3.271500E+02  7.848421E-01  8.887906E-04  1.560019E-07  2.079032E-07  2.320820E-07  2.807185E-07  1.480548E-01  6.070182E-05  6.387134E-08  3.753978E-02  1.615421E-05  1.727747E-08  1.382422E-09  3.707514E-03  1.179097E-07  4.483121E-07  3.885773E-07  2.482716E-02  2.517160E-07  2.912023E-07  2.459038E-07  2.545314E-05  3.459992E-05  2.256582E-08  3.152789E-08  4.068857E-08  1.609242E-07
 3.281500E+02  7.850199E-01  8.789678E-04  1.512837E-07  2.016624E-07  2.251269E-07  2.723662E-07  1.480868E-01  5.976317E-05  6.053486E-08  3.767759E-02  1.601626E-05  1.655456E-08  1.360964E-09  3.646268E-03  1.125732E-07  4.290020E-07  3.746212E-07  2.455256E-02  2.426961E-07  2.829991E-07  2.388327E-07  2.515581E-05  3.419571E-05  2.155085E-08  2.999904E-08  3.872725E-08  1.543301E-07
 3.291500E+02  7.851948E-01  8.693257E-04  1.467404E-07  1.956517E-07  2.184279E-07  2.643197E-07  1.481180E-01  5.884513E-05  5.739240E-08  3.781338E-02  1.587912E-05  1.586423E-08  1.339827E-09  3.586444E-03  1.075111E-07  4.106439E-07  3.612577E-07  2.428197E-02  2.340371E-07  2.750717E-07  2.320033E-07  2.486289E-05  3.379752E-05  2.058585E-08  2.855221E-08  3.687058E-08  1.480411E-07
 3.301500E+02  7.853668E-01  8.598602E-04  1.423647E-07  1.898613E-07  2.119741E-07  2.565660E-07  1.481485E-01  5.794716E-05  5.443160E-08  3.794719E-02  1.574281E-05  1.520492E-08  1.319008E-09  3.528003E-03  1.027078E-07  3.931855E-07  3.484583E-07  2.401534E-02  2.257233E-07  2.674096E-07  2.254066E-07  2.457432E-05  3.340527E-05  1.966818E-08  2.718261E-08  3.511250E-08  1.420417E-07
 3.311500E+02  7.855361E-01  8.505670E-04  1.381492E-07  1.842817E-07  2.057549E-07  2.490927E-07  1.481783E-01  5.706871E-05  5.164099E-08  3.807904E-02  1.560735E-05  1.457518E-08  1.298506E-09  3.470906E-03  9.814860E-08  3.765777E-07  3.361958E-07  2.375261E-02  2.177398E-07  2.600027E-07  2.190334E-07  2.429006E-05  3.301887E-05  1.879536E-08  2.588576E-08  3.344733E-08  1.363171E-07
 3.321500E+02  7.857026E-01  8.414423E-04  1.340872E-07  1.789040E-07  1.997606E-07  2.418881E-07  1.482074E-01  5.620927E-05  4.900986E-08  3.820896E-02  1.547279E-05  1.397361E-08  1.278319E-09  3.415114E-03  9.381979E-08  3.607743E-07  3.244448E-07  2.349372E-02  2.100726E-07  2.528415E-07  2.128753E-07  2.401002E-05  3.263825E-05  1.796502E-08  2.465747E-08  3.186972E-08  1.308536E-07
 3.331500E+02  7.858664E-01  8.324820E-04  1.301722E-07  1.737199E-07  1.939817E-07  2.349409E-07  1.482358E-01  5.536834E-05  4.652824E-08  3.833698E-02  1.533913E-05  1.339889E-08  1.258444E-09  3.360592E-03  8.970842E-08  3.457318E-07  3.131809E-07  2.323862E-02  2.027080E-07  2.459168E-07  2.069241E-07  2.373417E-05  3.226332E-05  1.717496E-08  2.349379E-08  3.037467E-08  1.256379E-07
 3.341500E+02  7.860276E-01  8.236825E-04  1.263980E-07  1.687211E-07  1.884091E-07  2.282405E-07  1.482636E-01  5.454543E-05  4.418682E-08  3.846313E-02  1.520639E-05  1.284974E-08  1.238881E-09  3.307303E-03  8.580237E-08  3.314095E-07  3.023811E-07  2.298725E-02  1.956330E-07  2.392197E-07  2.011718E-07  2.346242E-05  3.189399E-05  1.642306E-08  2.239103E-08  2.895747E-08  1.206578E-07
 3.351500E+02  7.861862E-01  8.150401E-04  1.227588E-07  1.639000E-07  1.830344E-07  2.217766E-07  1.482908E-01  5.374006E-05  4.197693E-08  3.858743E-02  1.507461E-05  1.232498E-08  1.219626E-09  3.255213E-03  8.209024E-08  3.177687E-07  2.920237E-07  2.273957E-02  1.888354E-07  2.327416E-07  1.956110E-07  2.319474E-05  3.153019E-05  1.570734E-08  2.134572E-08  2.761371E-08  1.159015E-07
 3.361500E+02  7.863422E-01  8.065511E-04  1.192489E-07  1.592493E-07  1.778493E-07  2.155395E-07  1.483174E-01  5.295179E-05  3.989048E-08  3.870992E-02  1.494378E-05  1.182345E-08  1.200678E-09  3.204290E-03  7.856135E-08  3.047734E-07  2.820881E-07  2.249551E-02  1.823033E-07  2.264746E-07  1.902345E-07  2.293105E-05  3.117184E-05  1.502594E-08  2.035460E-08  2.633924E-08  1.113579E-07
 3.371500E+02  7.864957E-01  7.982122E-04  1.158630E-07  1.547619E-07  1.728462E-07  2.095200E-07  1.483434E-01  5.218015E-05  3.791990E-08  3.883061E-02  1.481394E-05  1.134407E-08  1.182032E-09  3.154501E-03  7.520562E-08  2.923893E-07  2.725547E-07  2.225502E-02  1.760254E-07  2.204109E-07  1.850353E-07  2.267130E-05  3.081885E-05  1.437707E-08  1.941461E-08  2.513018E-08  1.070165E-07
 3.381500E+02  7.866468E-01  7.900198E-04  1.125961E-07  1.504312E-07  1.680174E-07  2.037093E-07  1.483688E-01  5.142473E-05  3.605814E-08  3.894953E-02  1.468510E-05  1.088581E-08  1.163688E-09  3.105815E-03  7.201362E-08  2.805844E-07  2.634049E-07  2.201805E-02  1.699911E-07  2.145428E-07  1.800068E-07  2.241543E-05  3.047114E-05  1.375907E-08  1.852287E-08  2.398286E-08  1.028674E-07
 3.391500E+02  7.867954E-01  7.819708E-04  1.094431E-07  1.462507E-07  1.633561E-07  1.980988E-07  1.483937E-01  5.068511E-05  3.429861E-08  3.906672E-02  1.455726E-05  1.044768E-08  1.145641E-09  3.058203E-03  6.897646E-08  2.693285E-07  2.546212E-07  2.178455E-02  1.641899E-07  2.088633E-07  1.751427E-07  2.216338E-05  3.012865E-05  1.317035E-08  1.767669E-08  2.289385E-08  9.890119E-08
 3.401500E+02  7.869417E-01  7.740619E-04  1.063996E-07  1.422145E-07  1.588553E-07  1.926805E-07  1.484180E-01  4.996087E-05  3.263516E-08  3.918219E-02  1.443044E-05  1.002873E-08  1.127888E-09  3.011634E-03  6.608577E-08  2.585928E-07  2.461867E-07  2.155446E-02  1.586122E-07  2.033654E-07  1.704368E-07  2.191509E-05  2.979127E-05  1.260941E-08  1.687353E-08  2.185991E-08  9.510891E-08
 3.411500E+02  7.870856E-01  7.662901E-04  1.034611E-07  1.383167E-07  1.545087E-07  1.874468E-07  1.484418E-01  4.925163E-05  3.106201E-08  3.929598E-02  1.430466E-05  9.628093E-09  1.110428E-09  2.966082E-03  6.333370E-08  2.483506E-07  2.380858E-07  2.132774E-02  1.532485E-07  1.980427E-07  1.658833E-07  2.167052E-05  2.945895E-05  1.207485E-08  1.611101E-08  2.087801E-08  9.148216E-08
 3.421500E+02  7.872273E-01  7.586522E-04  1.006234E-07  1.345518E-07  1.503101E-07  1.823904E-07  1.484650E-01  4.855700E-05  2.957380E-08  3.940810E-02  1.417993E-05  9.244901E-09  1.093255E-09  2.921518E-03  6.071283E-08  2.385765E-07  2.303032E-07  2.110433E-02  1.480899E-07  1.928886E-07  1.614766E-07  2.142959E-05  2.913160E-05  1.156531E-08  1.538687E-08  1.994527E-08  8.801295E-08
 3.431500E+02  7.873667E-01  7.511454E-04  9.788239E-08  1.309146E-07  1.462537E-07  1.775041E-07  1.484878E-01  4.787661E-05  2.816549E-08  3.951859E-02  1.405624E-05  8.878353E-09  1.076368E-09  2.877916E-03  5.821620E-08  2.292464E-07  2.228248E-07  2.088418E-02  1.431277E-07  1.878972E-07  1.572113E-07  2.119227E-05  2.880914E-05  1.107954E-08  1.469901E-08  1.905903E-08  8.469370E-08
 3.441500E+02  7.875039E-01  7.437667E-04  9.523430E-08  1.273998E-07  1.423337E-07  1.727814E-07  1.485101E-01  4.721011E-05  2.683235E-08  3.962746E-02  1.393361E-05  8.527678E-09  1.059762E-09  2.835251E-03  5.583725E-08  2.203379E-07  2.156369E-07  2.066724E-02  1.383539E-07  1.830625E-07  1.530823E-07  2.095848E-05  2.849151E-05  1.061634E-08  1.404545E-08  1.821673E-08  8.151724E-08
 3.451500E+02  7.876390E-01  7.365134E-04  9.267543E-08  1.240028E-07  1.385449E-07  1.682158E-07  1.485319E-01  4.655714E-05  2.556999E-08  3.973475E-02  1.381206E-05  8.192144E-09  1.043435E-09  2.793497E-03  5.356978E-08  2.118295E-07  2.087266E-07  2.045347E-02  1.337606E-07  1.783790E-07  1.490845E-07  2.072818E-05  2.817861E-05  1.017456E-08  1.342431E-08  1.741600E-08  7.847676E-08
 3.461500E+02  7.877719E-01  7.293827E-04  9.020229E-08  1.207190E-07  1.348821E-07  1.638012E-07  1.485533E-01  4.591736E-05  2.437427E-08  3.984047E-02  1.369157E-05  7.871056E-09  1.027382E-09  2.752631E-03  5.140798E-08  2.037012E-07  2.020817E-07  2.024281E-02  1.293404E-07  1.738412E-07  1.452133E-07  2.050131E-05  2.787039E-05  9.753148E-09  1.283384E-08  1.665460E-08  7.556581E-08
 3.471500E+02  7.879027E-01  7.223720E-04  8.781151E-08  1.175438E-07  1.313404E-07  1.595318E-07  1.485742E-01  4.529045E-05  2.324132E-08  3.994466E-02  1.357216E-05  7.563748E-09  1.011601E-09  2.712630E-03  4.934634E-08  1.959339E-07  1.956905E-07  2.003522E-02  1.250860E-07  1.694441E-07  1.414640E-07  2.027782E-05  2.756677E-05  9.351073E-09  1.227238E-08  1.593042E-08  7.277828E-08
 3.481500E+02  7.880315E-01  7.154787E-04  8.549989E-08  1.144732E-07  1.279152E-07  1.554019E-07  1.485946E-01  4.467609E-05  2.216752E-08  4.004733E-02  1.345384E-05  7.269590E-09  9.960877E-10  2.673470E-03  4.737969E-08  1.885095E-07  1.895419E-07  1.983064E-02  1.209908E-07  1.651825E-07  1.378324E-07  2.005766E-05  2.726767E-05  8.967379E-09  1.173837E-08  1.524145E-08  7.010836E-08
 3.491500E+02  7.881583E-01  7.087003E-04  8.326436E-08  1.115031E-07  1.246019E-07  1.514063E-07  1.486147E-01  4.407396E-05  2.114946E-08  4.014852E-02  1.333660E-05  6.987980E-09  9.808384E-10  2.635131E-03  4.550314E-08  1.814112E-07  1.836253E-07  1.962904E-02  1.170481E-07  1.610518E-07  1.343140E-07  1.984077E-05  2.697303E-05  8.601153E-09  1.123034E-08  1.458583E-08  6.755054E-08
 3.501500E+02  7.882831E-01  7.020344E-04  8.110201E-08  1.086296E-07  1.213962E-07  1.475398E-07  1.486343E-01  4.348376E-05  2.018397E-08  4.024823E-02  1.322045E-05  6.718346E-09  9.658495E-10  2.597590E-03  4.371207E-08  1.746228E-07  1.779308E-07  1.943036E-02  1.132517E-07  1.570473E-07  1.309050E-07  1.962710E-05  2.668277E-05  8.251534E-09  1.074692E-08  1.396179E-08  6.509959E-08
 3.511500E+02  7.884059E-01  6.954785E-04  7.901002E-08  1.058491E-07  1.182942E-07  1.437976E-07  1.486535E-01  4.290521E-05  1.926805E-08  4.034650E-02  1.310538E-05  6.460143E-09  9.511174E-10  2.560827E-03  4.200213E-08  1.681291E-07  1.724488E-07  1.923456E-02  1.095957E-07  1.531646E-07  1.276014E-07  1.941661E-05  2.639683E-05  7.917702E-09  1.028679E-08  1.336766E-08  6.275056E-08
 3.521500E+02  7.885269E-01  6.890303E-04  7.698572E-08  1.031580E-07  1.152918E-07  1.401749E-07  1.486723E-01  4.233801E-05  1.839890E-08  4.044334E-02  1.299141E-05  6.212851E-09  9.366386E-10  2.524822E-03  4.036922E-08  1.619157E-07  1.671701E-07  1.904160E-02  1.060743E-07  1.493994E-07  1.243996E-07  1.920923E-05  2.611513E-05  7.598886E-09  9.848723E-09  1.280188E-08  6.049874E-08
 3.531500E+02  7.886460E-01  6.826876E-04  7.502654E-08  1.005530E-07  1.123853E-07  1.366673E-07  1.486908E-01  4.178190E-05  1.757389E-08  4.053879E-02  1.287853E-05  5.975977E-09  9.224092E-10  2.489556E-03  3.880946E-08  1.559692E-07  1.620861E-07  1.885142E-02  1.026821E-07  1.457478E-07  1.212958E-07  1.900493E-05  2.583761E-05  7.294349E-09  9.431562E-09  1.226294E-08  5.833965E-08
 3.541500E+02  7.887632E-01  6.764481E-04  7.313002E-08  9.803079E-08  1.095711E-07  1.332704E-07  1.487088E-01  4.123659E-05  1.679055E-08  4.063286E-02  1.276674E-05  5.749050E-09  9.084256E-10  2.455010E-03  3.731917E-08  1.502765E-07  1.571887E-07  1.866400E-02  9.941392E-08  1.422057E-07  1.182867E-07  1.880365E-05  2.556420E-05  7.003398E-09  9.034212E-09  1.174947E-08  5.626905E-08
 3.551500E+02  7.888787E-01  6.703097E-04  7.129383E-08  9.558835E-08  1.068458E-07  1.299803E-07  1.487265E-01  4.070184E-05  1.604655E-08  4.072557E-02  1.265605E-05  5.531620E-09  8.946842E-10  2.421166E-03  3.589489E-08  1.448254E-07  1.524698E-07  1.847927E-02  9.626471E-08  1.387694E-07  1.153690E-07  1.860534E-05  2.529483E-05  6.725373E-09  8.655641E-09  1.126014E-08  5.428290E-08
 3.561500E+02  7.889924E-01  6.642703E-04  6.951570E-08  9.322271E-08  1.042061E-07  1.267928E-07  1.487439E-01  4.017739E-05  1.533972E-08  4.081695E-02  1.254644E-05  5.323262E-09  8.811812E-10  2.388006E-03  3.453336E-08  1.396045E-07  1.479221E-07  1.829720E-02  9.322972E-08  1.354352E-07  1.125395E-07  1.840996E-05  2.502945E-05  6.459649E-09  8.294874E-09  1.079370E-08  5.237736E-08
 3.571500E+02  7.891043E-01  6.583279E-04  6.779348E-08  9.093103E-08  1.016488E-07  1.237044E-07  1.487609E-01  3.966298E-05  1.466801E-08  4.090702E-02  1.243791E-05  5.123567E-09  8.679130E-10  2.355512E-03  3.323146E-08  1.346028E-07  1.435384E-07  1.811775E-02  9.030437E-08  1.321997E-07  1.097951E-07  1.821746E-05  2.476798E-05  6.205633E-09  7.950993E-09  1.034897E-08  5.054880E-08
 3.581500E+02  7.892145E-01  6.524804E-04  6.612512E-08  8.871058E-08  9.917083E-08  1.207113E-07  1.487775E-01  3.915839E-05  1.402949E-08  4.099579E-02  1.233047E-05  4.932149E-09  8.548758E-10  2.323669E-03  3.198629E-08  1.298099E-07  1.393118E-07  1.794088E-02  8.748430E-08  1.290595E-07  1.071329E-07  1.802779E-05  2.451036E-05  5.962764E-09  7.623130E-09  9.924851E-09  4.879374E-08
 3.591500E+02  7.893231E-01  6.467259E-04  6.450862E-08  8.655876E-08  9.676940E-08  1.178101E-07  1.487939E-01  3.866338E-05  1.342235E-08  4.108329E-02  1.222411E-05  4.748638E-09  8.420662E-10  2.292461E-03  3.079506E-08  1.252161E-07  1.352360E-07  1.776654E-02  8.476532E-08  1.260114E-07  1.045500E-07  1.784091E-05  2.425653E-05  5.730507E-09  7.310464E-09  9.520287E-09  4.710889E-08
 3.601500E+02  7.894300E-01  6.410625E-04  6.294211E-08  8.447309E-08  9.444169E-08  1.149974E-07  1.488099E-01  3.817773E-05  1.284488E-08  4.116954E-02  1.211883E-05  4.572681E-09  8.294803E-10  2.261870E-03  2.965515E-08  1.208119E-07  1.313047E-07  1.759470E-02  8.214341E-08  1.230523E-07  1.020437E-07  1.765677E-05  2.400643E-05  5.508359E-09  7.012223E-09  9.134287E-09  4.549112E-08
 3.611500E+02  7.895352E-01  6.354884E-04  6.142376E-08  8.245117E-08  9.218504E-08  1.122702E-07  1.488256E-01  3.770120E-05  1.229550E-08  4.125456E-02  1.201463E-05  4.403945E-09  8.171146E-10  2.231883E-03  2.856409E-08  1.165886E-07  1.275121E-07  1.742531E-02  7.961476E-08  1.201791E-07  9.961151E-08  1.747533E-05  2.375999E-05  5.295838E-09  6.727673E-09  8.765914E-09  4.393744E-08
 3.621500E+02  7.896389E-01  6.300018E-04  5.995182E-08  8.049071E-08  8.999689E-08  1.096253E-07  1.488409E-01  3.723360E-05  1.177268E-08  4.133836E-02  1.191149E-05  4.242108E-09  8.049655E-10  2.202484E-03  2.751952E-08  1.125377E-07  1.238524E-07  1.725833E-02  7.717569E-08  1.173890E-07  9.725078E-08  1.729655E-05  2.351716E-05  5.092489E-09  6.456123E-09  8.414282E-09  4.244503E-08
 3.631500E+02  7.897411E-01  6.246008E-04  5.852464E-08  7.858950E-08  8.787480E-08  1.070597E-07  1.488560E-01  3.677471E-05  1.127500E-08  4.142098E-02  1.180941E-05  4.086867E-09  7.930295E-10  2.173659E-03  2.651923E-08  1.086514E-07  1.203203E-07  1.709374E-02  7.482268E-08  1.146792E-07  9.495913E-08  1.712037E-05  2.327789E-05  4.897880E-09  6.196921E-09  8.078554E-09  4.101119E-08
 3.641500E+02  7.898417E-01  6.192838E-04  5.714061E-08  7.674544E-08  8.581641E-08  1.045708E-07  1.488708E-01  3.632433E-05  1.080113E-08  4.150242E-02  1.170840E-05  3.937931E-09  7.813029E-10  2.145394E-03  2.556109E-08  1.049221E-07  1.169108E-07  1.693148E-02  7.255237E-08  1.120471E-07  9.273423E-08  1.694676E-05  2.304210E-05  4.711600E-09  5.949447E-09  7.757936E-09  3.963334E-08
 3.651500E+02  7.899407E-01  6.140491E-04  5.579819E-08  7.495650E-08  8.381948E-08  1.021558E-07  1.488853E-01  3.588226E-05  1.034982E-08  4.158270E-02  1.160844E-05  3.795023E-09  7.697823E-10  2.117676E-03  2.464313E-08  1.013426E-07  1.136188E-07  1.677152E-02  7.036154E-08  1.094900E-07  9.057383E-08  1.677568E-05  2.280975E-05  4.533260E-09  5.713118E-09  7.451681E-09  3.830904E-08
 3.661500E+02  7.900384E-01  6.088951E-04  5.449591E-08  7.322074E-08  8.188183E-08  9.981204E-08  1.488996E-01  3.544831E-05  9.919858E-09  4.166185E-02  1.150953E-05  3.657878E-09  7.584642E-10  2.090491E-03  2.376344E-08  9.790614E-08  1.104397E-07  1.661383E-02  6.824710E-08  1.070056E-07  8.847577E-08  1.660709E-05  2.258077E-05  4.362490E-09  5.487381E-09  7.159078E-09  3.703597E-08
 3.671500E+02  7.901345E-01  6.038201E-04  5.323235E-08  7.153629E-08  8.000139E-08  9.753713E-08  1.489135E-01  3.502229E-05  9.510142E-09  4.173988E-02  1.141166E-05  3.526247E-09  7.473452E-10  2.063827E-03  2.292023E-08  9.460624E-08  1.073690E-07  1.645836E-02  6.620609E-08  1.045913E-07  8.643798E-08  1.644094E-05  2.235512E-05  4.198938E-09  5.271712E-09  6.879457E-09  3.581190E-08
 3.681500E+02  7.902292E-01  5.988226E-04  5.200616E-08  6.990137E-08  7.817617E-08  9.532864E-08  1.489272E-01  3.460403E-05  9.119612E-09  4.181681E-02  1.131483E-05  3.399887E-09  7.364218E-10  2.037670E-03  2.211179E-08  9.143678E-08  1.044026E-07  1.630509E-02  6.423567E-08  1.022450E-07  8.445846E-08  1.627719E-05  2.213273E-05  4.042269E-09  5.065617E-09  6.612183E-09  3.463473E-08
 3.691500E+02  7.903226E-01  5.939011E-04  5.081604E-08  6.831425E-08  7.640425E-08  9.318430E-08  1.489407E-01  3.419334E-05  8.747274E-09  4.189266E-02  1.121903E-05  3.278571E-09  7.256906E-10  2.012010E-03  2.133652E-08  8.839191E-08  1.015362E-07  1.615397E-02  6.233315E-08  9.996443E-08  8.253528E-08  1.611581E-05  2.191356E-05  3.892168E-09  4.868626E-09  6.356653E-09  3.350244E-08
 3.701500E+02  7.904145E-01  5.890541E-04  4.966072E-08  6.677329E-08  7.468379E-08  9.110189E-08  1.489538E-01  3.379006E-05  8.392187E-09  4.196744E-02  1.112425E-05  3.162080E-09  7.151483E-10  1.986834E-03  2.059289E-08  8.546610E-08  9.876594E-08  1.600498E-02  6.049590E-08  9.774740E-08  8.066659E-08  1.595676E-05  2.169755E-05  3.748331E-09  4.680297E-09  6.112298E-09  3.241312E-08
 3.711500E+02  7.905051E-01  5.842802E-04  4.853901E-08  6.527690E-08  7.301303E-08  8.907930E-08  1.489668E-01  3.339402E-05  8.053467E-09  4.204117E-02  1.103048E-05  3.050205E-09  7.047916E-10  1.962131E-03  1.987943E-08  8.265408E-08  9.608816E-08  1.585807E-02  5.872144E-08  9.559188E-08  7.885059E-08  1.579999E-05  2.148465E-05  3.610474E-09  4.500208E-09  5.878578E-09  3.136493E-08
 3.721500E+02  7.905944E-01  5.795779E-04  4.744976E-08  6.382354E-08  7.139027E-08  8.711449E-08  1.489795E-01  3.300506E-05  7.730276E-09  4.211388E-02  1.093773E-05  2.942749E-09  6.946172E-10  1.937889E-03  1.919478E-08  7.995083E-08  9.349925E-08  1.571322E-02  5.700738E-08  9.349591E-08  7.708557E-08  1.564548E-05  2.127481E-05  3.478321E-09  4.327962E-09  5.654983E-09  3.035614E-08
 3.731500E+02  7.906823E-01  5.749459E-04  4.639185E-08  6.241177E-08  6.981387E-08  8.520551E-08  1.489919E-01  3.262301E-05  7.421826E-09  4.218556E-02  1.084597E-05  2.839520E-09  6.846219E-10  1.914099E-03  1.853761E-08  7.735159E-08  9.099580E-08  1.557039E-02  5.535143E-08  9.145757E-08  7.536986E-08  1.549318E-05  2.106798E-05  3.351616E-09  4.163181E-09  5.441027E-09  2.938509E-08
