#         T/K            c1          c2-1          c3-4          c3-5          c3-7          c3-9            m1          m2-1          m3-1            w1            w2          w3-1          w3-2          c1m1        c1m2-1        c1m2-7        c2m1-1        c1w1-2        c1w2-1        c2w1-1        c2w1-9        m1w1-1        m1w1-4        m1w2-1        m2w1-1        m2w1-3      c1m1w1-1
 2.731500E+02  2.428798E-01  2.044951E-04  4.558598E-08  5.983270E-08  6.656863E-08  7.937482E-08  1.958632E-01  3.379832E-04  6.295016E-06  3.397838E-01  4.150170E-03  5.155775E-04  7.234102E-06  5.213923E-03  1.710221E-06  5.611778E-06  7.079437E-07  2.085011E-01  1.399698E-04  2.693892E-06  2.365522E-06  9.418467E-04  1.282107E-03  9.795835E-05  2.044535E-05  2.589431E-05  1.484712E-05
 2.741500E+02  2.443605E-01  2.029932E-04  4.412171E-08  5.793042E-08  6.445701E-08  7.688120E-08  1.959527E-01  3.297497E-04  5.803104E-06  3.413383E-01  4.084408E-03  4.819812E-04  7.025518E-06  5.106262E-03  1.601414E-06  5.271766E-06  6.757376E-07  2.056565E-01  1.327581E-04  2.599151E-06  2.280361E-06  9.233615E-04  1.256864E-03  9.119712E-05  1.894440E-05  2.400289E-05  1.398411E-05
 2.751500E+02  2.458198E-01  2.014900E-04  4.270823E-08  5.609341E-08  6.241766E-08  7.447207E-08  1.960396E-01  3.217801E-04  5.353001E-06  3.428683E-01  4.019801E-03  4.507374E-04  6.823631E-06  5.001352E-03  1.500214E-06  4.954506E-06  6.451618E-07  2.028515E-01  1.259502E-04  2.508058E-06  2.198556E-06  9.053370E-04  1.232254E-03  8.494056E-05  1.756307E-05  2.226154E-05  1.317600E-05
 2.761500E+02  2.472579E-01  1.999865E-04  4.134374E-08  5.431940E-08  6.044808E-08  7.214453E-08  1.961240E-01  3.140644E-04  4.940890E-06  3.443740E-01  3.956337E-03  4.216715E-04  6.628223E-06  4.899113E-03  1.406047E-06  4.658345E-06  6.161269E-07  2.000859E-01  1.195220E-04  2.420467E-06  2.119970E-06  8.877607E-04  1.208259E-03  7.914844E-05  1.629114E-05  2.065747E-05  1.241903E-05
 2.771500E+02  2.486749E-01  1.984831E-04  4.002653E-08  5.260620E-08  5.854585E-08  6.989579E-08  1.962060E-01  3.065929E-04  4.563323E-06  3.458558E-01  3.893998E-03  3.946222E-04  6.439079E-06  4.799471E-03  1.318383E-06  4.381761E-06  5.885487E-07  1.973595E-01  1.134510E-04  2.336237E-06  2.044470E-06  8.706201E-04  1.184862E-03  7.378391E-05  1.511931E-05  1.917908E-05  1.170971E-05
 2.781500E+02  2.500710E-01  1.969807E-04  3.875492E-08  5.095168E-08  5.670863E-08  6.772315E-08  1.962857E-01  2.993565E-04  4.217186E-06  3.473141E-01  3.832770E-03  3.694410E-04  6.255994E-06  4.702352E-03  1.236736E-06  4.123348E-06  5.623478E-07  1.946722E-01  1.077160E-04  2.255232E-06  1.971928E-06  8.539031E-04  1.162047E-03  6.881324E-05  1.403912E-05  1.781578E-05  1.104481E-05
 2.791500E+02  2.514463E-01  1.954799E-04  3.752729E-08  4.935381E-08  5.493415E-08  6.562398E-08  1.963631E-01  2.923465E-04  3.899665E-06  3.487491E-01  3.772638E-03  3.459907E-04  6.078765E-06  4.607686E-03  1.160659E-06  3.881809E-06  5.374496E-07  1.920236E-01  1.022972E-04  2.177325E-06  1.902223E-06  8.375980E-04  1.139796E-03  6.420548E-05  1.304288E-05  1.655796E-05  1.042134E-05
 2.801500E+02  2.528011E-01  1.939813E-04  3.634211E-08  4.781059E-08  5.322024E-08  6.359577E-08  1.964383E-01  2.855545E-04  3.608212E-06  3.501612E-01  3.713584E-03  3.241448E-04  5.907199E-06  4.515403E-03  1.089741E-06  3.655946E-06  5.137837E-07  1.894136E-01  9.717592E-05  2.102389E-06  1.835238E-06  8.216935E-04  1.118096E-03  5.993229E-05  1.212358E-05  1.539685E-05  9.836519E-06
 2.811500E+02  2.541354E-01  1.924856E-04  3.519785E-08  4.632013E-08  5.156478E-08  6.163606E-08  1.965115E-01  2.789724E-04  3.340524E-06  3.515506E-01  3.655593E-03  3.037866E-04  5.741107E-06  4.425436E-03  1.023602E-06  3.444652E-06  4.912838E-07  1.868419E-01  9.233469E-05  2.030307E-06  1.770860E-06  8.061783E-04  1.096929E-03  5.596765E-05  1.127484E-05  1.432444E-05  9.287752E-06
 2.821500E+02  2.554496E-01  1.909932E-04  3.409307E-08  4.488057E-08  4.996573E-08  5.974248E-08  1.965826E-01  2.725924E-04  3.094514E-06  3.529178E-01  3.598648E-03  2.848081E-04  5.580305E-06  4.337721E-03  9.618929E-07  3.246906E-06  4.698875E-07  1.843081E-01  8.775715E-05  1.960962E-06  1.708984E-06  7.910417E-04  1.076281E-03  5.228770E-05  1.049083E-05  1.333346E-05  8.772644E-06
 2.831500E+02  2.567437E-01  1.895049E-04  3.302636E-08  4.349012E-08  4.842111E-08  5.791276E-08  1.966518E-01  2.664072E-04  2.868288E-06  3.542630E-01  3.542734E-03  2.671098E-04  5.424617E-06  4.252195E-03  9.042918E-07  3.061762E-06  4.495358E-07  1.818120E-01  8.342793E-05  1.894246E-06  1.649505E-06  7.762732E-04  1.056138E-03  4.887054E-05  9.766244E-06  1.241725E-05  8.288967E-06
 2.841500E+02  2.580179E-01  1.880210E-04  3.199639E-08  4.214707E-08  4.692902E-08  5.614469E-08  1.967191E-01  2.604097E-04  2.660133E-06  3.555865E-01  3.487833E-03  2.505996E-04  5.273872E-06  4.168796E-03  8.505020E-07  2.888344E-06  4.301732E-07  1.793532E-01  7.933258E-05  1.830054E-06  1.592326E-06  7.618627E-04  1.036485E-03  4.569603E-05  9.096234E-06  1.156973E-05  7.834648E-06
 2.851500E+02  2.592726E-01  1.865422E-04  3.100183E-08  4.084975E-08  4.548762E-08  5.443612E-08  1.967846E-01  2.545930E-04  2.468490E-06  3.568887E-01  3.433930E-03  2.351925E-04  5.127903E-06  4.087465E-03  8.002494E-07  2.725844E-06  4.117473E-07  1.769314E-01  7.545756E-05  1.768283E-06  1.537353E-06  7.478002E-04  1.017310E-03  4.274571E-05  8.476375E-06  1.078537E-05  7.407761E-06
 2.861500E+02  2.605078E-01  1.850688E-04  3.004142E-08  3.959655E-08  4.409514E-08  5.278499E-08  1.968484E-01  2.489507E-04  2.291947E-06  3.581698E-01  3.381008E-03  2.208099E-04  4.986550E-06  4.008144E-03  7.532816E-07  2.573512E-06  3.942087E-07  1.745463E-01  7.179016E-05  1.708838E-06  1.484494E-06  7.340762E-04  9.985977E-04  4.000258E-05  7.902625E-06  1.005908E-05  7.006514E-06
 2.871500E+02  2.617238E-01  1.836015E-04  2.911396E-08  3.838591E-08  4.274984E-08  5.118932E-08  1.969104E-01  2.434765E-04  2.129220E-06  3.594302E-01  3.329050E-03  2.073790E-04  4.849659E-06  3.930778E-03  7.093650E-07  2.430655E-06  3.775108E-07  1.721974E-01  6.831843E-05  1.651625E-06  1.433664E-06  7.206812E-04  9.803364E-04  3.745102E-05  7.371288E-06  9.386240E-06  6.629241E-06
 2.881500E+02  2.629208E-01  1.821405E-04  2.821827E-08  3.721633E-08  4.145008E-08  4.964716E-08  1.969708E-01  2.381643E-04  1.979141E-06  3.606700E-01  3.278041E-03  1.948326E-04  4.717079E-06  3.855312E-03  6.682842E-07  2.296629E-06  3.616096E-07  1.698845E-01  6.503116E-05  1.596556E-06  1.384779E-06  7.076063E-04  9.625134E-04  3.507666E-05  6.878985E-06  8.762603E-06  6.274391E-06
 2.891500E+02  2.640990E-01  1.806864E-04  2.735321E-08  3.608638E-08  4.019425E-08  4.815665E-08  1.970297E-01  2.330085E-04  1.840648E-06  3.618898E-01  3.227963E-03  1.831085E-04  4.588665E-06  3.781694E-03  6.298400E-07  2.170838E-06  3.464636E-07  1.676072E-01  6.191780E-05  1.543544E-06  1.337760E-06  6.948426E-04  9.451165E-04  3.286629E-05  6.422625E-06  8.184290E-06  5.940520E-06
 2.901500E+02  2.652587E-01  1.792394E-04  2.651769E-08  3.499464E-08  3.898081E-08  4.671601E-08  1.970870E-01  2.280035E-04  1.712774E-06  3.630897E-01  3.178802E-03  1.721491E-04  4.464277E-06  3.709872E-03  5.938482E-07  2.052730E-06  3.320335E-07  1.653649E-01  5.896847E-05  1.492508E-06  1.292531E-06  6.823817E-04  9.281339E-04  3.080772E-05  5.999377E-06  7.647746E-06  5.626285E-06
 2.911500E+02  2.664001E-01  1.778001E-04  2.571065E-08  3.393978E-08  3.780827E-08  4.532348E-08  1.971428E-01  2.231439E-04  1.594640E-06  3.642700E-01  3.130541E-03  1.619010E-04  4.343779E-06  3.639797E-03  5.601384E-07  1.941791E-06  3.182824E-07  1.631575E-01  5.617385E-05  1.443368E-06  1.249019E-06  6.702152E-04  9.115543E-04  2.888974E-05  5.606648E-06  7.149714E-06  5.330433E-06
 2.921500E+02  2.675233E-01  1.763687E-04  2.493109E-08  3.292047E-08  3.667517E-08  4.397739E-08  1.971972E-01  2.184248E-04  1.485443E-06  3.654310E-01  3.083165E-03  1.523149E-04  4.227041E-06  3.571421E-03  5.285531E-07  1.837547E-06  3.051752E-07  1.609844E-01  5.352521E-05  1.396051E-06  1.207155E-06  6.583350E-04  8.953666E-04  2.710204E-05  5.242064E-06  6.687209E-06  5.051798E-06
 2.931500E+02  2.686287E-01  1.749456E-04  2.417801E-08  3.193548E-08  3.558013E-08  4.267612E-08  1.972502E-01  2.138411E-04  1.384451E-06  3.665730E-01  3.036657E-03  1.433450E-04  4.113937E-06  3.504697E-03  4.989464E-07  1.739555E-06  2.926790E-07  1.588452E-01  5.101432E-05  1.350482E-06  1.166870E-06  6.467335E-04  8.795600E-04  2.543508E-05  4.903446E-06  6.257493E-06  4.789292E-06
 2.941500E+02  2.697165E-01  1.735310E-04  2.345047E-08  3.098359E-08  3.452181E-08  4.141810E-08  1.973018E-01  2.093883E-04  1.290997E-06  3.676963E-01  2.991002E-03  1.349488E-04  4.004344E-06  3.439579E-03  4.711830E-07  1.647405E-06  2.807624E-07  1.567396E-01  4.863346E-05  1.306594E-06  1.128102E-06  6.354029E-04  8.641240E-04  2.388008E-05  4.588796E-06  5.858053E-06  4.541901E-06
 2.951500E+02  2.707869E-01  1.721254E-04  2.274755E-08  3.006362E-08  3.349892E-08  4.020183E-08  1.973522E-01  2.050618E-04  1.204473E-06  3.688012E-01  2.946184E-03  1.270871E-04  3.898145E-06  3.376024E-03  4.451379E-07  1.560716E-06  2.693961E-07  1.546671E-01  4.637536E-05  1.264318E-06  1.090789E-06  6.243360E-04  8.490486E-04  2.242895E-05  4.296281E-06  5.486585E-06  4.308680E-06
 2.961500E+02  2.718401E-01  1.707289E-04  2.206838E-08  2.917444E-08  3.251019E-08  3.902584E-08  1.974012E-01  2.008573E-04  1.124321E-06  3.698880E-01  2.902189E-03  1.197234E-04  3.795225E-06  3.313988E-03  4.206950E-07  1.479133E-06  2.585521E-07  1.526273E-01  4.423319E-05  1.223593E-06  1.054872E-06  6.135255E-04  8.343239E-04  2.107422E-05  4.024218E-06  5.140968E-06  4.088747E-06
 2.971500E+02  2.728763E-01  1.693418E-04  2.141211E-08  2.831497E-08  3.155443E-08  3.788873E-08  1.974491E-01  1.967706E-04  1.050032E-06  3.709569E-01  2.859002E-03  1.128239E-04  3.695475E-06  3.253431E-03  3.977467E-07  1.402326E-06  2.482040E-07  1.506198E-01  4.220051E-05  1.184355E-06  1.020295E-06  6.029646E-04  8.199404E-04  1.980897E-05  3.771060E-06  4.819257E-06  3.881278E-06
 2.981500E+02  2.738959E-01  1.679643E-04  2.077792E-08  2.748416E-08  3.063048E-08  3.678913E-08  1.974958E-01  1.927977E-04  9.811434E-07  3.720082E-01  2.816607E-03  1.063571E-04  3.598789E-06  3.194312E-03  3.761931E-07  1.329990E-06  2.383270E-07  1.486441E-01  4.027126E-05  1.146548E-06  9.870038E-07  5.926466E-04  8.058888E-04  1.862683E-05  3.535385E-06  4.519661E-06  3.685505E-06
 2.991500E+02  2.748990E-01  1.665967E-04  2.016502E-08  2.668099E-08  2.973720E-08  3.572573E-08  1.975413E-01  1.889347E-04  9.172278E-07  3.730422E-01  2.774990E-03  1.002941E-04  3.505063E-06  3.136591E-03  3.559417E-07  1.261838E-06  2.288974E-07  1.466999E-01  3.843976E-05  1.110114E-06  9.549466E-07  5.825649E-04  7.921602E-04  1.752192E-05  3.315888E-06  4.240535E-06  3.500709E-06
 3.001500E+02  2.758859E-01  1.652391E-04  1.957264E-08  2.590448E-08  2.887352E-08  3.469727E-08  1.975857E-01  1.851781E-04  8.578963E-07  3.740592E-01  2.734137E-03  9.460759E-05  3.414200E-06  3.080232E-03  3.369064E-07  1.197606E-06  2.198930E-07  1.447866E-01  3.670065E-05  1.074999E-06  9.240740E-07  5.727131E-04  7.787459E-04  1.648880E-05  3.111366E-06  3.980364E-06  3.326222E-06
 3.011500E+02  2.768568E-01  1.638918E-04  1.900007E-08  2.515369E-08  2.803839E-08  3.370253E-08  1.976290E-01  1.815242E-04  8.027920E-07  3.750594E-01  2.694032E-03  8.927261E-05  3.326104E-06  3.025196E-03  3.190074E-07  1.137045E-06  2.112926E-07  1.429040E-01  3.504887E-05  1.041152E-06  8.943387E-07  5.630852E-04  7.656374E-04  1.552242E-05  2.920712E-06  3.737753E-06  3.161415E-06
 3.021500E+02  2.778119E-01  1.625550E-04  1.844658E-08  2.442772E-08  2.723080E-08  3.274033E-08  1.976713E-01  1.779696E-04  7.515881E-07  3.760431E-01  2.654663E-03  8.426577E-05  3.240681E-06  2.971449E-03  3.021705E-07  1.079925E-06  2.030761E-07  1.410514E-01  3.347967E-05  1.008523E-06  8.656951E-07  5.536751E-04  7.528265E-04  1.461813E-05  2.742908E-06  3.511418E-06  3.005704E-06
 3.031500E+02  2.787515E-01  1.612287E-04  1.791150E-08  2.372568E-08  2.644979E-08  3.180954E-08  1.977125E-01  1.745111E-04  7.039848E-07  3.770106E-01  2.616015E-03  7.956538E-05  3.157845E-06  2.918956E-03  2.863266E-07  1.026031E-06  1.952249E-07  1.392286E-01  3.198857E-05  9.770650E-07  8.380997E-07  5.444772E-04  7.403053E-04  1.377162E-05  2.577014E-06  3.300173E-06  2.858541E-06
 3.041500E+02  2.796758E-01  1.599131E-04  1.739418E-08  2.304673E-08  2.569442E-08  3.090904E-08  1.977528E-01  1.711454E-04  6.597071E-07  3.779620E-01  2.578074E-03  7.515127E-05  3.077508E-06  2.867682E-03  2.714117E-07  9.751636E-07  1.877208E-07  1.374350E-01  3.057135E-05  9.467316E-07  8.115108E-07  5.354856E-04  7.280660E-04  1.297891E-05  2.422166E-06  3.102929E-06  2.719415E-06
 3.051500E+02  2.805851E-01  1.586084E-04  1.689397E-08  2.239005E-08  2.496379E-08  3.003780E-08  1.977921E-01  1.678696E-04  6.185024E-07  3.788978E-01  2.540828E-03  7.100468E-05  2.999587E-06  2.817595E-03  2.573661E-07  9.271350E-07  1.805470E-07  1.356703E-01  2.922404E-05  9.174792E-07  7.858884E-07  5.266951E-04  7.161011E-04  1.223629E-05  2.277567E-06  2.918678E-06  2.587845E-06
 3.061500E+02  2.814795E-01  1.573147E-04  1.641028E-08  2.175487E-08  2.425702E-08  2.919478E-08  1.978304E-01  1.646807E-04  5.801390E-07  3.798181E-01  2.504262E-03  6.710817E-05  2.924003E-06  2.768664E-03  2.441342E-07  8.817712E-07  1.736873E-07  1.339341E-01  2.794289E-05  8.892659E-07  7.611943E-07  5.181003E-04  7.044035E-04  1.154034E-05  2.142479E-06  2.746491E-06  2.463384E-06
 3.071500E+02  2.823593E-01  1.560321E-04  1.594251E-08  2.114042E-08  2.357327E-08  2.837901E-08  1.978679E-01  1.615759E-04  5.444037E-07  3.807232E-01  2.468364E-03  6.344549E-05  2.850679E-06  2.720857E-03  2.316644E-07  8.389093E-07  1.671267E-07  1.322258E-01  2.672437E-05  8.620514E-07  7.373916E-07  5.096960E-04  6.929660E-04  1.088789E-05  2.016225E-06  2.585510E-06  2.345612E-06
 3.081500E+02  2.832248E-01  1.547606E-04  1.549010E-08  2.054597E-08  2.291175E-08  2.758954E-08  1.979044E-01  1.585525E-04  5.111008E-07  3.816133E-01  2.433122E-03  6.000153E-05  2.779539E-06  2.674145E-03  2.199085E-07  7.983975E-07  1.608506E-07  1.305451E-01  2.556515E-05  8.357972E-07  7.144453E-07  5.014772E-04  6.817817E-04  1.027599E-05  1.898176E-06  2.434943E-06  2.234136E-06
 3.091500E+02  2.840761E-01  1.535004E-04  1.505250E-08  1.997082E-08  2.227166E-08  2.682544E-08  1.979402E-01  1.556079E-04  4.800501E-07  3.824887E-01  2.398521E-03  5.676222E-05  2.710512E-06  2.628498E-03  2.088216E-07  7.600937E-07  1.548453E-07  1.288915E-01  2.446208E-05  8.104661E-07  6.923216E-07  4.934392E-04  6.708441E-04  9.701922E-06  1.787755E-06  2.294059E-06  2.128588E-06
 3.101500E+02  2.849135E-01  1.522515E-04  1.462919E-08  1.941429E-08  2.165225E-08  2.608585E-08  1.979750E-01  1.527395E-04  4.510858E-07  3.833497E-01  2.364551E-03  5.371445E-05  2.643529E-06  2.583888E-03  1.983620E-07  7.238653E-07  1.490980E-07  1.272647E-01  2.341220E-05  7.860225E-07  6.709883E-07  4.855772E-04  6.601467E-04  9.163146E-06  1.684424E-06  2.162179E-06  2.028622E-06
 3.111500E+02  2.857372E-01  1.510140E-04  1.421966E-08  1.887574E-08  2.105281E-08  2.536990E-08  1.980091E-01  1.499451E-04  4.240552E-07  3.841964E-01  2.331198E-03  5.084601E-05  2.578522E-06  2.540289E-03  1.884907E-07  6.895882E-07  1.435964E-07  1.256643E-01  2.241273E-05  7.624325E-07  6.504144E-07  4.778867E-04  6.496832E-04  8.657313E-06  1.587690E-06  2.038678E-06  1.933917E-06
 3.121500E+02  2.865474E-01  1.497879E-04  1.382342E-08  1.835452E-08  2.047264E-08  2.467678E-08  1.980424E-01  1.472221E-04  3.988177E-07  3.850292E-01  2.298451E-03  4.814551E-05  2.515426E-06  2.497672E-03  1.791712E-07  6.571465E-07  1.383287E-07  1.240897E-01  2.146101E-05  7.396633E-07  6.305702E-07  4.703631E-04  6.394475E-04  8.182240E-06  1.497094E-06  1.922978E-06  1.844167E-06
 3.131500E+02  2.873444E-01  1.485733E-04  1.344002E-08  1.785003E-08  1.991105E-08  2.400569E-08  1.980749E-01  1.445685E-04  3.752437E-07  3.858482E-01  2.266298E-03  4.560234E-05  2.454180E-06  2.456012E-03  1.703698E-07  6.264318E-07  1.332839E-07  1.225406E-01  2.055456E-05  7.176836E-07  6.114273E-07  4.630022E-04  6.294337E-04  7.735897E-06  1.412213E-06  1.814542E-06  1.759091E-06
 3.141500E+02  2.881283E-01  1.473702E-04  1.306898E-08  1.736169E-08  1.936741E-08  2.335588E-08  1.981067E-01  1.419820E-04  3.532137E-07  3.866536E-01  2.234727E-03  4.320661E-05  2.394722E-06  2.415285E-03  1.620547E-07  5.973425E-07  1.284516E-07  1.210167E-01  1.969102E-05  6.964631E-07  5.929584E-07  4.557999E-04  6.196362E-04  7.316401E-06  1.332655E-06  1.712873E-06  1.678419E-06
 3.151500E+02  2.888994E-01  1.461787E-04  1.270988E-08  1.688894E-08  1.884108E-08  2.272661E-08  1.981378E-01  1.394605E-04  3.326174E-07  3.874458E-01  2.203727E-03  4.094908E-05  2.336995E-06  2.375466E-03  1.541964E-07  5.697836E-07  1.238218E-07  1.195174E-01  1.886819E-05  6.759731E-07  5.751374E-07  4.487520E-04  6.100493E-04  6.921999E-06  1.258056E-06  1.617512E-06  1.601903E-06
 3.161500E+02  2.896578E-01  1.449987E-04  1.236230E-08  1.643122E-08  1.833147E-08  2.211718E-08  1.981682E-01  1.370020E-04  3.133529E-07  3.882249E-01  2.173288E-03  3.882114E-05  2.280943E-06  2.336530E-03  1.467672E-07  5.436660E-07  1.193851E-07  1.180424E-01  1.808396E-05  6.561858E-07  5.579392E-07  4.418545E-04  6.006676E-04  6.551062E-06  1.188080E-06  1.528033E-06  1.529308E-06
 3.171500E+02  2.904039E-01  1.438303E-04  1.202584E-08  1.598802E-08  1.783799E-08  2.152688E-08  1.981978E-01  1.346047E-04  2.953264E-07  3.889912E-01  2.143396E-03  3.681474E-05  2.226511E-06  2.298456E-03  1.397413E-07  5.189065E-07  1.151325E-07  1.165913E-01  1.733635E-05  6.370746E-07  5.413399E-07  4.351038E-04  5.914859E-04  6.202073E-06  1.122414E-06  1.444039E-06  1.460412E-06
 3.181500E+02  2.911377E-01  1.426734E-04  1.170010E-08  1.555884E-08  1.736009E-08  2.095508E-08  1.982269E-01  1.322666E-04  2.784511E-07  3.897448E-01  2.114044E-03  3.492239E-05  2.173647E-06  2.261221E-03  1.330947E-07  4.954269E-07  1.110554E-07  1.151637E-01  1.662349E-05  6.186140E-07  5.253163E-07  4.284960E-04  5.824991E-04  5.873623E-06  1.060770E-06  1.365165E-06  1.395009E-06
 3.191500E+02  2.918596E-01  1.415280E-04  1.138471E-08  1.514318E-08  1.689722E-08  2.040113E-08  1.982552E-01  1.299859E-04  2.626466E-07  3.904861E-01  2.085218E-03  3.313706E-05  2.122300E-06  2.224802E-03  1.268047E-07  4.731540E-07  1.071459E-07  1.137593E-01  1.594361E-05  6.007795E-07  5.098465E-07  4.220276E-04  5.737022E-04  5.564398E-06  1.002879E-06  1.291070E-06  1.332905E-06
 3.201500E+02  2.925697E-01  1.403942E-04  1.107931E-08  1.474058E-08  1.644887E-08  1.986443E-08  1.982830E-01  1.277609E-04  2.478387E-07  3.912152E-01  2.056910E-03  3.145221E-05  2.072421E-06  2.189179E-03  1.208503E-07  4.520191E-07  1.033962E-07  1.123776E-01  1.529505E-05  5.835476E-07  4.949091E-07  4.156949E-04  5.650904E-04  5.273175E-06  9.484912E-07  1.221438E-06  1.273916E-06
 3.211500E+02  2.932682E-01  1.392720E-04  1.078354E-08  1.435059E-08  1.601454E-08  1.934437E-08  1.983101E-01  1.255900E-04  2.339587E-07  3.919323E-01  2.029108E-03  2.986171E-05  2.023964E-06  2.154332E-03  1.152117E-07  4.319578E-07  9.979899E-08  1.110182E-01  1.467621E-05  5.668957E-07  4.804840E-07  4.094947E-04  5.566591E-04  4.998813E-06  8.973764E-07  1.155976E-06  1.217870E-06
 3.221500E+02  2.939552E-01  1.381612E-04  1.049709E-08  1.397277E-08  1.559373E-08  1.884040E-08  1.983366E-01  1.234714E-04  2.209432E-07  3.926376E-01  2.001804E-03  2.835985E-05  1.976883E-06  2.120241E-03  1.098705E-07  4.129097E-07  9.634742E-08  1.096808E-01  1.408561E-05  5.508022E-07  4.665517E-07  4.034235E-04  5.484037E-04  4.740251E-06  8.493194E-07  1.094412E-06  1.164607E-06
 3.231500E+02  2.946311E-01  1.370618E-04  1.021961E-08  1.360671E-08  1.518600E-08  1.835196E-08  1.983626E-01  1.214037E-04  2.087332E-07  3.933314E-01  1.974987E-03  2.694126E-05  1.931134E-06  2.086885E-03  1.048092E-07  3.948181E-07  9.303486E-08  1.083651E-01  1.352183E-05  5.352462E-07  4.530934E-07  3.974782E-04  5.403198E-04  4.496499E-06  8.041206E-07  1.036492E-06  1.113973E-06
 3.241500E+02  2.952960E-01  1.359739E-04  9.950809E-09  1.325199E-08  1.479089E-08  1.787853E-08  1.983880E-01  1.193853E-04  1.972742E-07  3.940138E-01  1.948647E-03  2.560096E-05  1.886675E-06  2.054248E-03  1.000118E-07  3.776296E-07  8.985506E-08  1.070706E-01  1.298353E-05  5.202079E-07  4.400912E-07  3.916557E-04  5.324032E-04  4.266634E-06  7.615942E-07  9.819795E-07  1.065826E-06
 3.251500E+02  2.959500E-01  1.348974E-04  9.690376E-09  1.290824E-08  1.440796E-08  1.741960E-08  1.984128E-01  1.174148E-04  1.865157E-07  3.946850E-01  1.922775E-03  2.433424E-05  1.843464E-06  2.022309E-03  9.546297E-08  3.612943E-07  8.680206E-08  1.057970E-01  1.246945E-05  5.056680E-07  4.275279E-07  3.859528E-04  5.246496E-04  4.049793E-06  7.215678E-07  9.306567E-07  1.020031E-06
 3.261500E+02  2.965935E-01  1.338322E-04  9.438027E-09  1.257507E-08  1.403681E-08  1.697467E-08  1.984371E-01  1.154908E-04  1.764108E-07  3.953453E-01  1.897362E-03  2.313673E-05  1.801462E-06  1.991052E-03  9.114854E-08  3.457651E-07  8.387020E-08  1.045440E-01  1.197840E-05  4.916082E-07  4.153871E-07  3.803667E-04  5.170550E-04  3.845174E-06  6.838809E-07  8.823191E-07  9.764623E-07
 3.271500E+02  2.972264E-01  1.327783E-04  9.193482E-09  1.225212E-08  1.367703E-08  1.654327E-08  1.984609E-01  1.136119E-04  1.669160E-07  3.959948E-01  1.872399E-03  2.200433E-05  1.760631E-06  1.960459E-03  8.705512E-08  3.309979E-07  8.105409E-08  1.033112E-01  1.150923E-05  4.780107E-07  4.036529E-07  3.748944E-04  5.096155E-04  3.652024E-06  6.483839E-07  8.367770E-07  9.349996E-07
 3.281500E+02  2.978491E-01  1.317356E-04  8.956473E-09  1.193906E-08  1.332823E-08  1.612494E-08  1.984842E-01  1.117768E-04  1.579910E-07  3.966337E-01  1.847877E-03  2.093319E-05  1.720935E-06  1.930513E-03  8.317021E-08  3.169511E-07  7.834861E-08  1.020982E-01  1.106088E-05  4.648587E-07  3.923102E-07  3.695331E-04  5.023273E-04  3.469645E-06  6.149378E-07  7.938535E-07  8.955308E-07
 3.291500E+02  2.984617E-01  1.307041E-04  8.726744E-09  1.163553E-08  1.299004E-08  1.571925E-08  1.985070E-01  1.099843E-04  1.495984E-07  3.972622E-01  1.823787E-03  1.991971E-05  1.682336E-06  1.901199E-03  7.948204E-08  3.035856E-07  7.574889E-08  1.009047E-01  1.063232E-05  4.521358E-07  3.813442E-07  3.642803E-04  4.951866E-04  3.297380E-06  5.834129E-07  7.533839E-07  8.579501E-07
 3.301500E+02  2.990644E-01  1.296838E-04  8.504044E-09  1.134122E-08  1.266211E-08  1.532577E-08  1.985293E-01  1.082331E-04  1.417033E-07  3.978806E-01  1.800121E-03  1.896052E-05  1.644801E-06  1.872500E-03  7.597959E-08  2.908647E-07  7.325027E-08  9.973036E-02  1.022260E-05  4.398263E-07  3.707411E-07  3.591331E-04  4.881899E-04  3.134617E-06  5.536887E-07  7.152146E-07  8.221577E-07
 3.311500E+02  2.996574E-01  1.286744E-04  8.288134E-09  1.105581E-08  1.234408E-08  1.494409E-08  1.985511E-01  1.065221E-04  1.342734E-07  3.984888E-01  1.776870E-03  1.805246E-05  1.608297E-06  1.844402E-03  7.265249E-08  2.787539E-07  7.084836E-08  9.857489E-02  9.830804E-06  4.279152E-07  3.604875E-07  3.540891E-04  4.813337E-04  2.980786E-06  5.256524E-07  6.792024E-07  7.880597E-07
 3.321500E+02  3.002408E-01  1.276761E-04  8.078783E-09  1.077901E-08  1.203562E-08  1.457381E-08  1.985725E-01  1.048500E-04  1.272787E-07  3.990873E-01  1.754026E-03  1.719257E-05  1.572792E-06  1.816888E-03  6.949103E-08  2.672205E-07  6.853893E-08  9.743793E-02  9.456064E-06  4.163881E-07  3.505704E-07  3.491457E-04  4.746144E-04  2.835350E-06  4.991992E-07  6.452139E-07  7.555674E-07
 3.331500E+02  3.008148E-01  1.266886E-04  7.875769E-09  1.051052E-08  1.173642E-08  1.421456E-08  1.985934E-01  1.032159E-04  1.206911E-07  3.996760E-01  1.731581E-03  1.637807E-05  1.538254E-06  1.789945E-03  6.648605E-08  2.562340E-07  6.631798E-08  9.631916E-02  9.097564E-06  4.052311E-07  3.409774E-07  3.443005E-04  4.680289E-04  2.697809E-06  4.742313E-07  6.131244E-07  7.245972E-07
 3.341500E+02  3.013795E-01  1.257120E-04  7.678877E-09  1.025007E-08  1.144615E-08  1.386597E-08  1.986139E-01  1.016186E-04  1.144847E-07  4.002553E-01  1.709527E-03  1.560635E-05  1.504654E-06  1.763558E-03  6.362898E-08  2.457653E-07  6.418171E-08  9.521827E-02  8.754525E-06  3.944308E-07  3.316967E-07  3.395511E-04  4.615738E-04  2.567696E-06  4.506572E-07  5.828177E-07  6.950701E-07
 3.351500E+02  3.019352E-01  1.247461E-04  7.487901E-09  9.997388E-09  1.116453E-08  1.352768E-08  1.986340E-01  1.000571E-04  1.086353E-07  4.008252E-01  1.687856E-03  1.487497E-05  1.471962E-06  1.737714E-03  6.091173E-08  2.357874E-07  6.212647E-08  9.413495E-02  8.426213E-06  3.839745E-07  3.227169E-07  3.348954E-04  4.552462E-04  2.444571E-06  4.283917E-07  5.541852E-07  6.669118E-07
 3.361500E+02  3.024820E-01  1.237909E-04  7.302642E-09  9.752211E-09  1.089125E-08  1.319935E-08  1.986537E-01  9.853044E-05  1.031204E-07  4.013860E-01  1.666562E-03  1.418162E-05  1.440151E-06  1.712400E-03  5.832672E-08  2.262745E-07  6.014880E-08  9.306890E-02  8.111927E-06  3.738498E-07  3.140269E-07  3.303309E-04  4.490428E-04  2.328025E-06  4.073551E-07  5.271254E-07  6.400520E-07
 3.371500E+02  3.030200E-01  1.228463E-04  7.122907E-09  9.514291E-09  1.062606E-08  1.288065E-08  1.986729E-01  9.703760E-05  9.791880E-08  4.019377E-01  1.645635E-03  1.352416E-05  1.409193E-06  1.687601E-03  5.586679E-08  2.172026E-07  5.824540E-08  9.201980E-02  7.811007E-06  3.640449E-07  3.056164E-07  3.258556E-04  4.429607E-04  2.217673E-06  3.874732E-07  5.015436E-07  6.144244E-07
 3.381500E+02  3.035495E-01  1.219122E-04  6.948512E-09  9.283386E-09  1.036867E-08  1.257128E-08  1.986918E-01  9.557768E-05  9.301111E-08  4.024806E-01  1.625070E-03  1.290056E-05  1.379063E-06  1.663307E-03  5.352523E-08  2.085487E-07  5.641312E-08  9.098736E-02  7.522822E-06  3.545484E-07  2.974751E-07  3.214673E-04  4.369971E-04  2.113155E-06  3.686764E-07  4.773512E-07  5.899663E-07
 3.391500E+02  3.040704E-01  1.209885E-04  6.779278E-09  9.059265E-09  1.011883E-08  1.227091E-08  1.987103E-01  9.414976E-05  8.837904E-08  4.030148E-01  1.604858E-03  1.230892E-05  1.349735E-06  1.639504E-03  5.129570E-08  2.002914E-07  5.464897E-08  8.997129E-02  7.246777E-06  3.453494E-07  2.895934E-07  3.171640E-04  4.311492E-04  2.014134E-06  3.508996E-07  4.544653E-07  5.666185E-07
 3.401500E+02  3.045831E-01  1.200752E-04  6.615033E-09  8.841702E-09  9.876287E-09  1.197925E-08  1.987284E-01  9.275297E-05  8.400555E-08  4.035405E-01  1.584994E-03  1.174745E-05  1.321185E-06  1.616181E-03  4.917225E-08  1.924104E-07  5.295009E-08  8.897130E-02  6.982306E-06  3.364374E-07  2.819619E-07  3.129437E-04  4.254142E-04  1.920292E-06  3.340823E-07  4.328085E-07  5.443252E-07
 3.411500E+02  3.050876E-01  1.191721E-04  6.455612E-09  8.630482E-09  9.640805E-09  1.169603E-08  1.987461E-01  9.138647E-05  7.987479E-08  4.040578E-01  1.565470E-03  1.121448E-05  1.293389E-06  1.593326E-03  4.714927E-08  1.848866E-07  5.131374E-08  8.798712E-02  6.728870E-06  3.278022E-07  2.745717E-07  3.088044E-04  4.197894E-04  1.831334E-06  3.181674E-07  4.123082E-07  5.230334E-07
 3.421500E+02  3.055842E-01  1.182792E-04  6.300855E-09  8.425395E-09  9.412151E-09  1.142096E-08  1.987635E-01  9.004945E-05  7.597192E-08  4.045669E-01  1.546279E-03  1.070842E-05  1.266324E-06  1.570927E-03  4.522147E-08  1.777018E-07  4.973732E-08  8.701846E-02  6.485960E-06  3.194342E-07  2.674142E-07  3.047443E-04  4.142723E-04  1.746981E-06  3.031019E-07  3.928967E-07  5.026933E-07
 3.431500E+02  3.060728E-01  1.173964E-04  6.150608E-09  8.226242E-09  9.190101E-09  1.115378E-08  1.987806E-01  8.874110E-05  7.228312E-08  4.050679E-01  1.527416E-03  1.022780E-05  1.239968E-06  1.548974E-03  4.338386E-08  1.708389E-07  4.821835E-08  8.606504E-02  6.253091E-06  3.113239E-07  2.604811E-07  3.007614E-04  4.088604E-04  1.666972E-06  2.888359E-07  3.745102E-07  4.832576E-07
 3.441500E+02  3.065538E-01  1.165235E-04  6.004723E-09  8.032828E-09  8.974440E-09  1.089423E-08  1.987973E-01  8.746066E-05  6.879546E-08  4.055610E-01  1.508872E-03  9.771210E-06  1.214300E-06  1.527456E-03  4.163174E-08  1.642819E-07  4.675447E-08  8.512660E-02  6.029802E-06  3.034625E-07  2.537643E-07  2.968541E-04  4.035512E-04  1.591061E-06  2.753228E-07  3.570894E-07  4.646817E-07
 3.451500E+02  3.070271E-01  1.156605E-04  5.863056E-09  7.844965E-09  8.764960E-09  1.064207E-08  1.988137E-01  8.620739E-05  6.549687E-08  4.060463E-01  1.490644E-03  9.337347E-06  1.189300E-06  1.506363E-03  3.996069E-08  1.580155E-07  4.534340E-08  8.420288E-02  5.815655E-06  2.958411E-07  2.472564E-07  2.930205E-04  3.983423E-04  1.519018E-06  2.625189E-07  3.405784E-07  4.469231E-07
 3.461500E+02  3.074931E-01  1.148073E-04  5.725469E-09  7.662474E-09  8.561459E-09  1.039706E-08  1.988297E-01  8.498056E-05  6.237604E-08  4.065239E-01  1.472723E-03  8.924970E-06  1.164946E-06  1.485684E-03  3.836653E-08  1.520252E-07  4.398298E-08  8.329362E-02  5.610236E-06  2.884517E-07  2.409499E-07  2.892589E-04  3.932315E-04  1.450628E-06  2.503832E-07  3.249250E-07  4.299420E-07
 3.471500E+02  3.079516E-01  1.139638E-04  5.591828E-09  7.485180E-09  8.363745E-09  1.015897E-08  1.988455E-01  8.377949E-05  5.942244E-08  4.069940E-01  1.455104E-03  8.532917E-06  1.141221E-06  1.465410E-03  3.684531E-08  1.462975E-07  4.267117E-08  8.239855E-02  5.413149E-06  2.812860E-07  2.348377E-07  2.855678E-04  3.882164E-04  1.385687E-06  2.388775E-07  3.100800E-07  4.137004E-07
 3.481500E+02  3.084031E-01  1.131300E-04  5.462007E-09  7.312916E-09  8.171631E-09  9.927573E-09  1.988609E-01  8.260348E-05  5.662618E-08  4.074568E-01  1.437781E-03  8.160093E-06  1.118106E-06  1.445531E-03  3.539332E-08  1.408193E-07  4.140598E-08  8.151744E-02  5.224017E-06  2.743365E-07  2.289131E-07  2.819455E-04  3.832949E-04  1.324003E-06  2.279658E-07  2.959976E-07  3.981626E-07
 3.491500E+02  3.088474E-01  1.123056E-04  5.335880E-09  7.145519E-09  7.984936E-09  9.702662E-09  1.988760E-01  8.145190E-05  5.397801E-08  4.079122E-01  1.420749E-03  7.805464E-06  1.095581E-06  1.426038E-03  3.400703E-08  1.355787E-07  4.018553E-08  8.065002E-02  5.042485E-06  2.675957E-07  2.231696E-07  2.783903E-04  3.784648E-04  1.265398E-06  2.176142E-07  2.826346E-07  3.832946E-07
 3.501500E+02  3.092848E-01  1.114906E-04  5.213329E-09  6.982833E-09  7.803488E-09  9.484027E-09  1.988909E-01  8.032411E-05  5.146930E-08  4.083606E-01  1.404001E-03  7.468060E-06  1.073631E-06  1.406922E-03  3.268313E-08  1.305639E-07  3.900803E-08  7.979607E-02  4.868212E-06  2.610565E-07  2.176008E-07  2.749009E-04  3.737240E-04  1.209703E-06  2.077911E-07  2.699505E-07  3.690641E-07
 3.511500E+02  3.097155E-01  1.106850E-04  5.094237E-09  6.824707E-09  7.627117E-09  9.271469E-09  1.989054E-01  7.921948E-05  4.909194E-08  4.088020E-01  1.387532E-03  7.146965E-06  1.052237E-06  1.388173E-03  3.141849E-08  1.257641E-07  3.787176E-08  7.895534E-02  4.700875E-06  2.547120E-07  2.122007E-07  2.714757E-04  3.690706E-04  1.156759E-06  1.984669E-07  2.579073E-07  3.554408E-07
 3.521500E+02  3.101394E-01  1.098886E-04  4.978494E-09  6.670996E-09  7.455663E-09  9.064797E-09  1.989197E-01  7.813743E-05  4.683834E-08  4.092365E-01  1.371337E-03  6.841314E-06  1.031384E-06  1.369784E-03  3.021014E-08  1.211690E-07  3.677508E-08  7.812759E-02  4.540166E-06  2.485557E-07  2.069634E-07  2.681133E-04  3.645025E-04  1.106417E-06  1.896135E-07  2.464693E-07  3.423957E-07
 3.531500E+02  3.105568E-01  1.091012E-04  4.865993E-09  6.521559E-09  7.288969E-09  8.863823E-09  1.989337E-01  7.707738E-05  4.470139E-08  4.096643E-01  1.355411E-03  6.550294E-06  1.011057E-06  1.351746E-03  2.905529E-08  1.167687E-07  3.571642E-08  7.731261E-02  4.385794E-06  2.425811E-07  2.018835E-07  2.648121E-04  3.600178E-04  1.058536E-06  1.812048E-07  2.356030E-07  3.299016E-07
 3.541500E+02  3.109677E-01  1.083230E-04  4.756629E-09  6.376261E-09  7.126884E-09  8.668369E-09  1.989475E-01  7.603876E-05  4.267442E-08  4.100854E-01  1.339748E-03  6.273136E-06  9.912383E-07  1.334051E-03  2.795128E-08  1.125539E-07  3.469428E-08  7.651016E-02  4.237478E-06  2.367821E-07  1.969555E-07  2.615710E-04  3.556147E-04  1.012983E-06  1.732162E-07  2.252768E-07  3.179323E-07
 3.551500E+02  3.113723E-01  1.075536E-04  4.650303E-09  6.234970E-09  6.969263E-09  8.478261E-09  1.989610E-01  7.502103E-05  4.075118E-08  4.105001E-01  1.324342E-03  6.009118E-06  9.719148E-07  1.316691E-03  2.689561E-08  1.085160E-07  3.370722E-08  7.572001E-02  4.094955E-06  2.311529E-07  1.921741E-07  2.583885E-04  3.512913E-04  9.696347E-07  1.656244E-07  2.154611E-07  3.064633E-07
 3.561500E+02  3.117706E-01  1.067931E-04  4.546919E-09  6.097560E-09  6.815966E-09  8.293333E-09  1.989742E-01  7.402367E-05  3.892580E-08  4.109083E-01  1.309190E-03  5.757556E-06  9.530718E-07  1.299658E-03  2.588593E-08  1.046464E-07  3.275387E-08  7.494197E-02  3.957972E-06  2.256877E-07  1.875346E-07  2.552634E-04  3.470459E-04  9.283731E-07  1.584079E-07  2.061281E-07  2.954713E-07
 3.571500E+02  3.121629E-01  1.060413E-04  4.446383E-09  5.963910E-09  6.666855E-09  8.113422E-09  1.989872E-01  7.304616E-05  3.719279E-08  4.113103E-01  1.294286E-03  5.517805E-06  9.346954E-07  1.282944E-03  2.491997E-08  1.009374E-07  3.183292E-08  7.417580E-02  3.826289E-06  2.203812E-07  1.830319E-07  2.521943E-04  3.428767E-04  8.890876E-07  1.515460E-07  1.972515E-07  2.849340E-07
 3.581500E+02  3.125491E-01  1.052982E-04  4.348606E-09  5.833901E-09  6.521802E-09  7.938374E-09  1.989999E-01  7.208801E-05  3.554696E-08  4.117062E-01  1.279626E-03  5.289255E-06  9.167722E-07  1.266544E-03  2.399563E-08  9.738147E-08  3.094311E-08  7.342130E-02  3.699675E-06  2.152279E-07  1.786616E-07  2.491801E-04  3.387820E-04  8.516741E-07  1.450196E-07  1.888067E-07  2.748305E-07
 3.591500E+02  3.129295E-01  1.045636E-04  4.253501E-09  5.707420E-09  6.380678E-09  7.768036E-09  1.990124E-01  7.114873E-05  3.398348E-08  4.120959E-01  1.265204E-03  5.071334E-06  8.992892E-07  1.250448E-03  2.311090E-08  9.397145E-08  3.008324E-08  7.267827E-02  3.577914E-06  2.102229E-07  1.744192E-07  2.462194E-04  3.347602E-04  8.160341E-07  1.388105E-07  1.807704E-07  2.651408E-07
 3.601500E+02  3.133040E-01  1.038374E-04  4.160984E-09  5.584357E-09  6.243362E-09  7.602264E-09  1.990247E-01  7.022787E-05  3.249778E-08  4.124798E-01  1.251016E-03  4.863496E-06  8.822338E-07  1.234651E-03  2.226387E-08  9.070063E-08  2.925217E-08  7.194650E-02  3.460797E-06  2.053613E-07  1.703003E-07  2.433112E-04  3.308097E-04  7.820752E-07  1.329017E-07  1.731209E-07  2.558460E-07
 3.611500E+02  3.136729E-01  1.031196E-04  4.070975E-09  5.464606E-09  6.109736E-09  7.440917E-09  1.990368E-01  6.932496E-05  3.108559E-08  4.128578E-01  1.237058E-03  4.665231E-06  8.655940E-07  1.219145E-03  2.145275E-08  8.756260E-08  2.844878E-08  7.122579E-02  3.348126E-06  2.006383E-07  1.663009E-07  2.404543E-04  3.269290E-04  7.497097E-07  1.272772E-07  1.658376E-07  2.469279E-07
 3.621500E+02  3.140362E-01  1.024101E-04  3.983394E-09  5.348065E-09  5.979686E-09  7.283859E-09  1.990486E-01  6.843956E-05  2.974287E-08  4.132301E-01  1.223325E-03  4.476052E-06  8.493578E-07  1.203925E-03  2.067583E-08  8.455128E-08  2.767202E-08  7.051595E-02  3.239712E-06  1.960495E-07  1.624170E-07  2.376476E-04  3.231164E-04  7.188554E-07  1.219218E-07  1.589010E-07  2.383696E-07
 3.631500E+02  3.143940E-01  1.017087E-04  3.898168E-09  5.234634E-09  5.853103E-09  7.130959E-09  1.990602E-01  6.757125E-05  2.846584E-08  4.135967E-01  1.209814E-03  4.295503E-06  8.335139E-07  1.188983E-03  1.993149E-08  8.166092E-08  2.692088E-08  6.981679E-02  3.135375E-06  1.915904E-07  1.586448E-07  2.348900E-04  3.193706E-04  6.894343E-07  1.168213E-07  1.522929E-07  2.301547E-07
 3.641500E+02  3.147464E-01  1.010154E-04  3.815223E-09  5.124218E-09  5.729878E-09  6.982091E-09  1.990716E-01  6.671962E-05  2.725094E-08  4.139578E-01  1.196519E-03  4.123150E-06  8.180512E-07  1.174313E-03  1.921819E-08  7.888603E-08  2.619441E-08  6.912812E-02  3.034944E-06  1.872568E-07  1.549805E-07  2.321805E-04  3.156901E-04  6.613730E-07  1.119623E-07  1.459961E-07  2.222679E-07
 3.651500E+02  3.150935E-01  1.003301E-04  3.734489E-09  5.016725E-09  5.609911E-09  6.837132E-09  1.990828E-01  6.588425E-05  2.609483E-08  4.143135E-01  1.183436E-03  3.958583E-06  8.029590E-07  1.159910E-03  1.853450E-08  7.622141E-08  2.549166E-08  6.844975E-02  2.938254E-06  1.830447E-07  1.514207E-07  2.295179E-04  3.120735E-04  6.346021E-07  1.073321E-07  1.399944E-07  2.146944E-07
 3.661500E+02  3.154354E-01  9.965260E-05  3.655897E-09  4.912066E-09  5.493101E-09  6.695963E-09  1.990938E-01  6.506476E-05  2.499435E-08  4.146638E-01  1.170562E-03  3.801416E-06  7.882269E-07  1.145768E-03  1.787901E-08  7.366212E-08  2.481175E-08  6.778150E-02  2.845149E-06  1.789501E-07  1.479619E-07  2.269014E-04  3.085193E-04  6.090561E-07  1.029188E-07  1.342724E-07  2.074203E-07
 3.671500E+02  3.157722E-01  9.898292E-05  3.579383E-09  4.810154E-09  5.379354E-09  6.558470E-09  1.991046E-01  6.426077E-05  2.394653E-08  4.150089E-01  1.157893E-03  3.651282E-06  7.738449E-07  1.131880E-03  1.725044E-08  7.120344E-08  2.415383E-08  6.712321E-02  2.755480E-06  1.749692E-07  1.446008E-07  2.243298E-04  3.050263E-04  5.846730E-07  9.871116E-08  1.288157E-07  2.004323E-07
 3.681500E+02  3.161040E-01  9.832094E-05  3.504883E-09  4.710906E-09  5.268575E-09  6.424542E-09  1.991152E-01  6.347190E-05  2.294857E-08  4.153489E-01  1.145424E-03  3.507834E-06  7.598033E-07  1.118241E-03  1.664753E-08  6.884093E-08  2.351708E-08  6.647468E-02  2.669105E-06  1.710985E-07  1.413342E-07  2.218023E-04  3.015933E-04  5.613944E-07  9.469857E-08  1.236107E-07  1.937177E-07
 3.691500E+02  3.164308E-01  9.766656E-05  3.432336E-09  4.614242E-09  5.160676E-09  6.294073E-09  1.991256E-01  6.269781E-05  2.199786E-08  4.156838E-01  1.133153E-03  3.370745E-06  7.460926E-07  1.104845E-03  1.606911E-08  6.657031E-08  2.290073E-08  6.583576E-02  2.585887E-06  1.673344E-07  1.381591E-07  2.193179E-04  2.982187E-04  5.391649E-07  9.087099E-08  1.186444E-07  1.872646E-07
 3.701500E+02  3.167528E-01  9.701969E-05  3.361683E-09  4.520084E-09  5.055570E-09  6.166960E-09  1.991359E-01  6.193813E-05  2.109189E-08  4.160137E-01  1.121074E-03  3.239702E-06  7.327038E-07  1.091688E-03  1.551406E-08  6.438757E-08  2.230402E-08  6.520627E-02  2.505698E-06  1.636735E-07  1.350725E-07  2.168758E-04  2.949016E-04  5.179323E-07  8.721899E-08  1.139048E-07  1.810616E-07
 3.711500E+02  3.170701E-01  9.638024E-05  3.292866E-09  4.428357E-09  4.953173E-09  6.043101E-09  1.991459E-01  6.119254E-05  2.022834E-08  4.163387E-01  1.109185E-03  3.114414E-06  7.196278E-07  1.078763E-03  1.498131E-08  6.228884E-08  2.172623E-08  6.458604E-02  2.428413E-06  1.601126E-07  1.320716E-07  2.144749E-04  2.916406E-04  4.976471E-07  8.373363E-08  1.093804E-07  1.750976E-07
 3.721500E+02  3.173827E-01  9.574813E-05  3.225830E-09  4.338987E-09  4.853405E-09  5.922402E-09  1.991558E-01  6.046070E-05  1.940500E-08  4.166590E-01  1.097482E-03  2.994599E-06  7.068562E-07  1.066067E-03  1.446987E-08  6.027047E-08  2.116668E-08  6.397493E-02  2.353914E-06  1.566485E-07  1.291536E-07  2.121145E-04  2.884345E-04  4.782625E-07  8.040649E-08  1.050604E-07  1.693625E-07
 3.731500E+02  3.176906E-01  9.512326E-05  3.160522E-09  4.251906E-09  4.756186E-09  5.804767E-09  1.991655E-01  5.974229E-05  1.861980E-08  4.169745E-01  1.085962E-03  2.879996E-06  6.943807E-07  1.053594E-03  1.397877E-08  5.832899E-08  2.062469E-08  6.337276E-02  2.282088E-06  1.532781E-07  1.263159E-07  2.097937E-04  2.852823E-04  4.597343E-07  7.722958E-08  1.009344E-07  1.638462E-07
