#         T/K            c1          c2-1          c3-4          c3-5          c3-7          c3-9            m1          m2-1          m3-1            w1            w2          w3-1          w3-2          c1m1        c1m2-1        c1m2-7        c2m1-1        c1w1-2        c1w2-1        c2w1-1        c2w1-9        m1w1-1        m1w1-4        m1w2-1        m2w1-1        m2w1-3      c1m1w1-1
 2.731500E+02  3.304267E-02  3.451882E-06  9.547590E-11  1.253144E-10  1.394223E-10  1.662437E-10  4.936410E-01  1.958023E-03  8.382697E-05  4.236275E-01  5.883485E-03  8.310935E-04  1.166113E-05  1.630469E-03  1.229318E-06  4.033784E-06  2.746857E-08  3.225368E-02  2.462025E-05  5.170595E-08  4.540329E-08  2.699143E-03  3.674262E-03  3.192085E-04  1.346804E-04  1.705745E-04  5.279313E-06
 2.741500E+02  3.328959E-02  3.440300E-06  9.302606E-11  1.221403E-10  1.359009E-10  1.620961E-10  4.938008E-01  1.912253E-03  7.744290E-05  4.241376E-01  5.758807E-03  7.711079E-04  1.123993E-05  1.600815E-03  1.155319E-06  3.803246E-06  2.635442E-08  3.179081E-02  2.328637E-05  4.998366E-08  4.385308E-08  2.640304E-03  3.593937E-03  2.959000E-04  1.246589E-04  1.579451E-04  4.974558E-06
 2.751500E+02  3.353283E-02  3.428209E-06  9.063282E-11  1.190380E-10  1.324590E-10  1.580401E-10  4.939544E-01  1.867894E-03  7.158799E-05  4.246326E-01  5.637460E-03  7.158060E-04  1.083646E-05  1.571776E-03  1.086192E-06  3.587183E-06  2.528903E-08  3.133462E-02  2.203119E-05  4.832191E-08  4.235884E-08  2.583129E-03  3.515896E-03  2.744378E-04  1.154480E-04  1.463326E-04  4.688995E-06
 2.761500E+02  3.377240E-02  3.415631E-06  8.829550E-11  1.160069E-10  1.290955E-10  1.540750E-10  4.941023E-01  1.824894E-03  6.621507E-05  4.251130E-01  5.519349E-03  6.647978E-04  1.044991E-05  1.543342E-03  1.021591E-06  3.384613E-06  2.427020E-08  3.088509E-02  2.084976E-05  4.671862E-08  4.091859E-08  2.527567E-03  3.440066E-03  2.546653E-04  1.069771E-04  1.356490E-04  4.421329E-06
 2.771500E+02  3.400832E-02  3.402587E-06  8.601339E-11  1.130459E-10  1.258097E-10  1.501997E-10  4.942448E-01  1.783203E-03  6.128145E-05  4.255795E-01  5.404384E-03  6.177273E-04  1.007950E-05  1.515499E-03  9.611977E-07  3.194625E-06  2.329577E-08  3.044220E-02  1.973746E-05  4.517179E-08  3.953039E-08  2.473565E-03  3.366375E-03  2.364401E-04  9.918261E-05  1.258147E-04  4.170356E-06
 2.781500E+02  3.424061E-02  3.389101E-06  8.378575E-11  1.101544E-10  1.226006E-10  1.464133E-10  4.943821E-01  1.742776E-03  5.674848E-05  4.260328E-01  5.292473E-03  5.742698E-04  9.724499E-06  1.488236E-03  9.047163E-07  3.016375E-06  2.236374E-08  3.000593E-02  1.868998E-05  4.367945E-08  3.819239E-08  2.421073E-03  3.294753E-03  2.196324E-04  9.200635E-05  1.167570E-04  3.934960E-06
 2.791500E+02  3.446929E-02  3.375193E-06  8.161183E-11  1.073313E-10  1.194671E-10  1.427146E-10  4.945145E-01  1.703566E-03  5.258111E-05  4.264735E-01  5.183527E-03  5.341289E-04  9.384194E-06  1.461543E-03  8.518735E-07  2.849078E-06  2.147216E-08  2.957624E-02  1.770327E-05  4.223972E-08  3.690279E-08  2.370043E-03  3.225135E-03  2.041240E-04  8.539564E-05  1.084099E-04  3.714101E-06
 2.801500E+02  3.469440E-02  3.360885E-06  7.949085E-11  1.045758E-10  1.164083E-10  1.391026E-10  4.946423E-01  1.665529E-03  4.874760E-05  4.269020E-01  5.077462E-03  4.970336E-04  9.057915E-06  1.435406E-03  8.024164E-07  2.692007E-06  2.061921E-08  2.915310E-02  1.677357E-05  4.085075E-08  3.565982E-08  2.320428E-03  3.157455E-03  1.898070E-04  7.930258E-05  1.007136E-04  3.506816E-06
 2.811500E+02  3.491595E-02  3.346198E-06  7.742199E-11  1.018868E-10  1.134231E-10  1.355761E-10  4.947656E-01  1.628623E-03  4.521911E-05  4.273190E-01  4.974193E-03  4.627366E-04  8.745022E-06  1.409816E-03  7.561109E-07  2.544484E-06  1.980312E-08  2.873646E-02  1.589734E-05  3.951077E-08  3.446182E-08  2.272183E-03  3.091652E-03  1.765833E-04  7.368353E-05  9.361334E-05  3.312208E-06
 2.821500E+02  3.513398E-02  3.331152E-06  7.540444E-11  9.926341E-11  1.105104E-10  1.321339E-10  4.948848E-01  1.592810E-03  4.196950E-05  4.277248E-01  4.873637E-03  4.310117E-04  8.444903E-06  1.384762E-03  7.127402E-07  2.405882E-06  1.902223E-08  2.832628E-02  1.507130E-05  3.821807E-08  3.330715E-08  2.225263E-03  3.027664E-03  1.643632E-04  6.849881E-05  8.705947E-05  3.129442E-06
 2.831500E+02  3.534852E-02  3.315769E-06  7.343734E-11  9.670453E-11  1.076691E-10  1.287747E-10  4.949999E-01  1.558049E-03  3.897498E-05  4.281199E-01  4.775716E-03  4.016522E-04  8.156980E-06  1.360231E-03  6.721034E-07  2.275616E-06  1.827495E-08  2.792250E-02  1.429235E-05  3.697096E-08  3.219422E-08  2.179627E-03  2.965434E-03  1.530647E-04  6.371228E-05  8.100669E-05  2.957742E-06
 2.841500E+02  3.555961E-02  3.300067E-06  7.151985E-11  9.420915E-11  1.048980E-10  1.254973E-10  4.951112E-01  1.524304E-03  3.621397E-05  4.285047E-01  4.680351E-03  3.744687E-04  7.880699E-06  1.336214E-03  6.340144E-07  2.153142E-06  1.755974E-08  2.752508E-02  1.355762E-05  3.576784E-08  3.112153E-08  2.135233E-03  2.904904E-03  1.426131E-04  5.929097E-05  7.541370E-05  2.796388E-06
 2.851500E+02  3.576728E-02  3.284067E-06  6.965107E-11  9.177617E-11  1.021960E-10  1.223004E-10  4.952188E-01  1.491539E-03  3.366681E-05  4.288797E-01  4.587468E-03  3.492883E-04  7.615534E-06  1.312700E-03  5.983004E-07  2.037956E-06  1.687516E-08  2.713396E-02  1.286441E-05  3.460714E-08  3.008759E-08  2.092043E-03  2.846021E-03  1.329402E-04  5.520487E-05  7.024285E-05  2.644707E-06
 2.861500E+02  3.597157E-02  3.267786E-06  6.783014E-11  8.940452E-11  9.956182E-11  1.191825E-10  4.953230E-01  1.459721E-03  3.131562E-05  4.292452E-01  4.496993E-03  3.259523E-04  7.360983E-06  1.289680E-03  5.648013E-07  1.929588E-06  1.621984E-08  2.674908E-02  1.221020E-05  3.348736E-08  2.909099E-08  2.050017E-03  2.788732E-03  1.239835E-04  5.142656E-05  6.545976E-05  2.502073E-06
 2.871500E+02  3.617250E-02  3.251245E-06  6.605614E-11  8.709308E-11  9.699433E-11  1.161425E-10  4.954238E-01  1.428816E-03  2.914412E-05  4.296015E-01  4.408854E-03  3.043157E-04  7.116571E-06  1.267141E-03  5.333685E-07  1.827599E-06  1.559244E-08  2.637037E-02  1.159262E-05  3.240703E-08  2.813034E-08  2.009119E-03  2.732987E-03  1.156858E-04  4.793104E-05  6.103306E-05  2.367906E-06
 2.881500E+02  3.637013E-02  3.234461E-06  6.432817E-11  8.484073E-11  9.449225E-11  1.131788E-10  4.955215E-01  1.398793E-03  2.713748E-05  4.299490E-01  4.322984E-03  2.842453E-04  6.881843E-06  1.245075E-03  5.038641E-07  1.731582E-06  1.499172E-08  2.599777E-02  1.100946E-05  3.136475E-08  2.720434E-08  1.969313E-03  2.678735E-03  1.079950E-04  4.469547E-05  5.693408E-05  2.241661E-06
 2.891500E+02  3.656449E-02  3.217450E-06  6.264532E-11  8.264634E-11  9.205435E-11  1.102901E-10  4.956161E-01  1.369621E-03  2.528218E-05  4.302880E-01  4.239314E-03  2.656193E-04  6.656368E-06  1.223472E-03  4.761599E-07  1.641156E-06  1.441647E-08  2.563122E-02  1.045867E-05  3.035914E-08  2.631169E-08  1.930565E-03  2.625930E-03  1.008631E-04  4.169897E-05  5.313661E-05  2.122835E-06
 2.901500E+02  3.675562E-02  3.200232E-06  6.100667E-11  8.050878E-11  8.967938E-11  1.074750E-10  4.957079E-01  1.341272E-03  2.356586E-05  4.306188E-01  4.157780E-03  2.483256E-04  6.439733E-06  1.202322E-03  4.501370E-07  1.555969E-06  1.386556E-08  2.527064E-02  9.938288E-06  2.938889E-08  2.545117E-08  1.892841E-03  2.574527E-03  9.424647E-05  3.892248E-05  4.961669E-05  2.010955E-06
 2.911500E+02  3.694356E-02  3.182821E-06  5.941131E-11  7.842689E-11  8.736607E-11  1.047320E-10  4.957968E-01  1.313718E-03  2.197728E-05  4.309417E-01  4.078318E-03  2.322618E-04  6.231548E-06  1.181615E-03  4.256849E-07  1.475691E-06  1.333789E-08  2.491598E-02  9.446516E-06  2.845273E-08  2.462158E-08  1.856110E-03  2.524480E-03  8.810481E-05  3.634854E-05  4.635240E-05  1.905582E-06
 2.921500E+02  3.712835E-02  3.165234E-06  5.785831E-11  7.639952E-11  8.511315E-11  1.020596E-10  4.958830E-01  1.286931E-03  2.050615E-05  4.312568E-01  4.000869E-03  2.173336E-04  6.031440E-06  1.161341E-03  4.027006E-07  1.400013E-06  1.283241E-08  2.456714E-02  8.981652E-06  2.754941E-08  2.382177E-08  1.820340E-03  2.475748E-03  8.240136E-05  3.396117E-05  4.332367E-05  1.806308E-06
 2.931500E+02  3.731004E-02  3.147486E-06  5.634676E-11  7.442553E-11  8.291937E-11  9.945655E-11  4.959667E-01  1.260886E-03  1.914308E-05  4.315646E-01  3.925371E-03  2.034545E-04  5.839053E-06  1.141493E-03  3.810887E-07  1.328650E-06  1.234815E-08  2.422407E-02  8.542103E-06  2.667776E-08  2.305065E-08  1.785501E-03  2.428289E-03  7.710236E-05  3.174576E-05  4.051210E-05  1.712749E-06
 2.941500E+02  3.748867E-02  3.129593E-06  5.487573E-11  7.250376E-11  8.078346E-11  9.692126E-11  4.960480E-01  1.235559E-03  1.787946E-05  4.318653E-01  3.851770E-03  1.905449E-04  5.654051E-06  1.122060E-03  3.607603E-07  1.261332E-06  1.188414E-08  2.388668E-02  8.126378E-06  2.583663E-08  2.230713E-08  1.751566E-03  2.382063E-03  7.217682E-05  2.968891E-05  3.790084E-05  1.624550E-06
 2.951500E+02  3.766427E-02  3.111568E-06  5.344431E-11  7.063306E-11  7.870414E-11  9.445232E-11  4.961268E-01  1.210924E-03  1.670746E-05  4.321589E-01  3.780007E-03  1.785319E-04  5.476111E-06  1.103034E-03  3.416324E-07  1.197811E-06  1.143950E-08  2.355491E-02  7.733079E-06  2.502490E-08  2.159021E-08  1.718505E-03  2.337033E-03  6.759631E-05  2.777834E-05  3.547446E-05  1.541378E-06
 2.961500E+02  3.783690E-02  3.093426E-06  5.205159E-11  6.881230E-11  7.668017E-11  9.204830E-11  4.962034E-01  1.186960E-03  1.561986E-05  4.324459E-01  3.710030E-03  1.673482E-04  5.304927E-06  1.084405E-03  3.236283E-07  1.137853E-06  1.101335E-08  2.322868E-02  7.360896E-06  2.424152E-08  2.089887E-08  1.686292E-03  2.293162E-03  6.333469E-05  2.600280E-05  3.321876E-05  1.462921E-06
 2.971500E+02  3.800659E-02  3.075180E-06  5.069667E-11  6.704033E-11  7.471028E-11  8.970775E-11  4.962778E-01  1.163644E-03  1.461008E-05  4.327263E-01  3.641787E-03  1.569319E-04  5.140207E-06  1.066166E-03  3.066760E-07  1.081241E-06  1.060487E-08  2.290790E-02  7.008599E-06  2.348545E-08  2.023217E-08  1.654900E-03  2.250413E-03  5.936794E-05  2.435193E-05  3.112075E-05  1.388891E-06
 2.981500E+02  3.817339E-02  3.056843E-06  4.937866E-11  6.531602E-11  7.279323E-11  8.742924E-11  4.963502E-01  1.140954E-03  1.367209E-05  4.330004E-01  3.575227E-03  1.472263E-04  4.981673E-06  1.048307E-03  2.907089E-07  1.027770E-06  1.021329E-08  2.259251E-02  6.675035E-06  2.275569E-08  1.958919E-08  1.624305E-03  2.208752E-03  5.567400E-05  2.281628E-05  2.916849E-05  1.319015E-06
 2.991500E+02  3.833735E-02  3.038428E-06  4.809666E-11  6.363825E-11  7.092778E-11  8.521135E-11  4.964204E-01  1.118871E-03  1.280036E-05  4.332684E-01  3.510301E-03  1.381790E-04  4.829061E-06  1.030821E-03  2.756645E-07  9.772502E-07  9.837848E-09  2.228243E-02  6.359124E-06  2.205129E-08  1.896905E-08  1.594483E-03  2.168147E-03  5.223256E-05  2.138711E-05  2.735098E-05  1.253041E-06
 3.001500E+02  3.849850E-02  3.019946E-06  4.684980E-11  6.200591E-11  6.911270E-11  8.305266E-11  4.964888E-01  1.097375E-03  1.198980E-05  4.335305E-01  3.446962E-03  1.297416E-04  4.682116E-06  1.013700E-03  2.614850E-07  9.295043E-07  9.477838E-09  2.197757E-02  6.059851E-06  2.137132E-08  1.837088E-08  1.565410E-03  2.128564E-03  4.902492E-05  2.005643E-05  2.565815E-05  1.190732E-06
 3.011500E+02  3.865688E-02  3.001409E-06  4.563721E-11  6.041790E-11  6.734679E-11  8.095179E-11  4.965553E-01  1.076447E-03  1.123576E-05  4.337867E-01  3.385163E-03  1.218697E-04  4.540600E-06  9.969343E-04  2.481162E-07  8.843656E-07  9.132576E-09  2.167787E-02  5.776263E-06  2.071489E-08  1.779387E-08  1.537063E-03  2.089973E-03  4.603388E-05  1.881688E-05  2.408072E-05  1.131866E-06
 3.021500E+02  3.881255E-02  2.982827E-06  4.445803E-11  5.887314E-11  6.562885E-11  7.890734E-11  4.966199E-01  1.056069E-03  1.053396E-05  4.340374E-01  3.324862E-03  1.145223E-04  4.404283E-06  9.805175E-04  2.355075E-07  8.416785E-07  8.801414E-09  2.138324E-02  5.507466E-06  2.008114E-08  1.723723E-08  1.509420E-03  2.052344E-03  4.324359E-05  1.766168E-05  2.261015E-05  1.076237E-06
 3.031500E+02  3.896555E-02  2.964212E-06  4.331142E-11  5.737055E-11  6.395768E-11  7.691795E-11  4.966828E-01  1.036222E-03  9.880477E-06  4.342826E-01  3.266013E-03  1.076616E-04  4.272945E-06  9.644415E-04  2.236119E-07  8.012975E-07  8.483732E-09  2.109360E-02  5.252620E-06  1.946925E-08  1.670019E-08  1.482462E-03  2.015648E-03  4.063944E-05  1.658462E-05  2.123857E-05  1.023650E-06
 3.041500E+02  3.911591E-02  2.945574E-06  4.219655E-11  5.590907E-11  6.233212E-11  7.498227E-11  4.967441E-01  1.016891E-03  9.271690E-06  4.345226E-01  3.208577E-03  1.012526E-04  4.146379E-06  9.486988E-04  2.123855E-07  7.630863E-07  8.178940E-09  2.080889E-02  5.010937E-06  1.887841E-08  1.618203E-08  1.456166E-03  1.979857E-03  3.820797E-05  1.557994E-05  1.995877E-05  9.739254E-07
 3.051500E+02  3.926368E-02  2.926921E-06  4.111260E-11  5.448766E-11  6.075102E-11  7.309896E-11  4.968037E-01  9.980579E-04  8.704280E-06  4.347574E-01  3.152512E-03  9.526321E-05  4.024387E-06  9.332819E-04  2.017871E-07  7.269173E-07  7.886472E-09  2.052901E-02  4.781676E-06  1.830786E-08  1.568203E-08  1.430513E-03  1.944944E-03  3.593676E-05  1.464237E-05  1.876405E-05  9.268921E-07
 3.061500E+02  3.940891E-02  2.908264E-06  4.005875E-11  5.310530E-11  5.921324E-11  7.126671E-11  4.968617E-01  9.797085E-04  8.175191E-06  4.349872E-01  3.097780E-03  8.966359E-05  3.906777E-06  9.181838E-04  1.917784E-07  6.926709E-07  7.605792E-09  2.025390E-02  4.564141E-06  1.775686E-08  1.519953E-08  1.405485E-03  1.910882E-03  3.381434E-05  1.376705E-05  1.764828E-05  8.823918E-07
 3.071500E+02  3.955163E-02  2.889611E-06  3.903422E-11  5.176097E-11  5.771767E-11  6.948421E-11  4.969183E-01  9.618270E-04  7.681609E-06  4.352121E-01  3.044343E-03  8.442627E-05  3.793370E-06  9.033972E-04  1.823237E-07  6.602353E-07  7.336385E-09  1.998348E-02  4.357677E-06  1.722469E-08  1.473386E-08  1.381063E-03  1.877648E-03  3.183014E-05  1.294947E-05  1.660578E-05  8.402757E-07
 3.081500E+02  3.969189E-02  2.870971E-06  3.803824E-11  5.045368E-11  5.626320E-11  6.775021E-11  4.969734E-01  9.443990E-04  7.220943E-06  4.354323E-01  2.992163E-03  7.952583E-05  3.683992E-06  8.889152E-04  1.733893E-07  6.295054E-07  7.077761E-09  1.971766E-02  4.161670E-06  1.671066E-08  1.428439E-08  1.357229E-03  1.845216E-03  2.997437E-05  1.218550E-05  1.563132E-05  8.004043E-07
 3.091500E+02  3.982973E-02  2.852351E-06  3.707003E-11  4.918246E-11  5.484877E-11  6.606345E-11  4.970270E-01  9.274104E-04  6.790805E-06  4.356478E-01  2.941207E-03  7.493876E-05  3.578479E-06  8.747312E-04  1.649441E-07  6.003829E-07  6.829453E-09  1.945639E-02  3.975541E-06  1.621412E-08  1.385053E-08  1.333966E-03  1.813564E-03  2.823801E-05  1.147132E-05  1.472007E-05  7.626470E-07
 3.101500E+02  3.996519E-02  2.833759E-06  3.612885E-11  4.794635E-11  5.347331E-11  6.442269E-11  4.970793E-01  9.108476E-04  6.388993E-06  4.358589E-01  2.891439E-03  7.064332E-05  3.476674E-06  8.608383E-04  1.569587E-07  5.727756E-07  6.591014E-09  1.919957E-02  3.798746E-06  1.573443E-08  1.343170E-08  1.311258E-03  1.782667E-03  2.661270E-05  1.080339E-05  1.386757E-05  7.268814E-07
 3.111500E+02  4.009830E-02  2.815202E-06  3.521396E-11  4.674440E-11  5.213578E-11  6.282672E-11  4.971303E-01  8.946976E-04  6.013476E-06  4.360657E-01  2.842826E-03  6.661938E-05  3.378427E-06  8.472300E-04  1.494057E-07  5.465969E-07  6.362018E-09  1.894714E-02  3.630773E-06  1.527096E-08  1.302732E-08  1.289088E-03  1.752505E-03  2.509073E-05  1.017847E-05  1.306969E-05  6.929926E-07
 3.121500E+02  4.022912E-02  2.796688E-06  3.432465E-11  4.557571E-11  5.083516E-11  6.127437E-11  4.971800E-01  8.789479E-04  5.662380E-06  4.362681E-01  2.795336E-03  6.284831E-05  3.283593E-06  8.339001E-04  1.422596E-07  5.217656E-07  6.142059E-09  1.869902E-02  3.471140E-06  1.482314E-08  1.263687E-08  1.267441E-03  1.723056E-03  2.366495E-05  9.593523E-06  1.232263E-05  6.608729E-07
 3.131500E+02  4.035768E-02  2.778223E-06  3.346021E-11  4.443937E-11  4.957047E-11  5.976448E-11  4.972285E-01  8.635862E-04  5.333976E-06  4.364665E-01  2.748938E-03  5.931285E-05  3.192038E-06  8.208422E-04  1.354963E-07  4.982055E-07  5.930749E-09  1.845513E-02  3.319394E-06  1.439040E-08  1.225983E-08  1.246302E-03  1.694299E-03  2.232874E-05  9.045778E-06  1.162285E-05  6.304213E-07
 3.141500E+02  4.048402E-02  2.759812E-06  3.261995E-11  4.333449E-11  4.834071E-11  5.829589E-11  4.972758E-01  8.486008E-04  5.026666E-06  4.366608E-01  2.703602E-03  5.599699E-05  3.103628E-06  8.080503E-04  1.290933E-07  4.758451E-07  5.727716E-09  1.821542E-02  3.175108E-06  1.397218E-08  1.189570E-08  1.225656E-03  1.666215E-03  2.107599E-05  8.532655E-06  1.096710E-05  6.015429E-07
 3.151500E+02  4.060818E-02  2.741462E-06  3.180321E-11  4.226022E-11  4.714495E-11  5.686750E-11  4.973219E-01  8.339805E-04  4.738971E-06  4.368511E-01  2.659299E-03  5.288592E-05  3.018240E-06  7.955184E-04  1.230297E-07  4.546172E-07  5.532608E-09  1.797980E-02  3.037880E-06  1.356795E-08  1.154401E-08  1.205489E-03  1.638785E-03  1.990101E-05  8.051770E-06  1.035235E-05  5.741488E-07
 3.161500E+02  4.073020E-02  2.723179E-06  3.100932E-11  4.121570E-11  4.598223E-11  5.547822E-11  4.973669E-01  8.197143E-04  4.469529E-06  4.370377E-01  2.615999E-03  4.996588E-05  2.935754E-06  7.832406E-04  1.172857E-07  4.344586E-07  5.345086E-09  1.774820E-02  2.907332E-06  1.317722E-08  1.120428E-08  1.185789E-03  1.611989E-03  1.879856E-05  7.600915E-06  9.775815E-06  5.481552E-07
 3.171500E+02  4.085012E-02  2.704967E-06  3.023765E-11  4.020012E-11  4.485166E-11  5.412698E-11  4.974108E-01  8.057918E-04  4.217074E-06  4.372204E-01  2.573676E-03  4.722410E-05  2.856057E-06  7.712113E-04  1.118429E-07  4.153102E-07  5.164827E-09  1.752055E-02  2.783107E-06  1.279949E-08  1.087608E-08  1.166541E-03  1.585811E-03  1.776374E-05  7.178047E-06  9.234899E-06  5.234838E-07
 3.181500E+02  4.096797E-02  2.686832E-06  2.948756E-11  3.921267E-11  4.375233E-11  5.281273E-11  4.974537E-01  7.922026E-04  3.980439E-06  4.373996E-01  2.532303E-03  4.464876E-05  2.779038E-06  7.594248E-04  1.066838E-07  3.971160E-07  4.991525E-09  1.729678E-02  2.664868E-06  1.243429E-08  1.055899E-08  1.147733E-03  1.560232E-03  1.679205E-05  6.781269E-06  8.727200E-06  5.000607E-07
 3.191500E+02  4.108379E-02  2.668778E-06  2.875845E-11  3.825257E-11  4.268337E-11  5.153447E-11  4.974955E-01  7.789371E-04  3.758541E-06  4.375752E-01  2.491854E-03  4.222884E-05  2.704593E-06  7.478757E-04  1.017923E-07  3.798237E-07  4.824885E-09  1.707683E-02  2.552298E-06  1.208117E-08  1.025259E-08  1.129352E-03  1.535236E-03  1.587928E-05  6.408826E-06  8.250493E-06  4.778167E-07
 3.201500E+02  4.119762E-02  2.650810E-06  2.804971E-11  3.731903E-11  4.164394E-11  5.029118E-11  4.975364E-01  7.659857E-04  3.550380E-06  4.377473E-01  2.452305E-03  3.995415E-05  2.632624E-06  7.365586E-04  9.715316E-08  3.633841E-07  4.664626E-09  1.686063E-02  2.445099E-06  1.173970E-08  9.956489E-09  1.111388E-03  1.510807E-03  1.502154E-05  6.059090E-06  7.802711E-06  4.566865E-07
 3.211500E+02  4.130949E-02  2.632931E-06  2.736077E-11  3.641133E-11  4.063320E-11  4.908190E-11  4.975763E-01  7.533393E-04  3.355025E-06  4.379160E-01  2.413631E-03  3.781517E-05  2.563033E-06  7.254683E-04  9.275201E-08  3.477506E-07  4.510481E-09  1.664811E-02  2.342990E-06  1.140945E-08  9.670314E-09  1.093828E-03  1.486928E-03  1.421521E-05  5.730548E-06  7.381939E-06  4.366089E-07
 3.221500E+02  4.141944E-02  2.615146E-06  2.669105E-11  3.552871E-11  3.965035E-11  4.790569E-11  4.976152E-01  7.409891E-04  3.171616E-06  4.380814E-01  2.375808E-03  3.580310E-05  2.495731E-06  7.145998E-04  8.857544E-08  3.328798E-07  4.362191E-09  1.643920E-02  2.245703E-06  1.109002E-08  9.393698E-09  1.076661E-03  1.463585E-03  1.345693E-05  5.421798E-06  6.986395E-06  4.175263E-07
 3.231500E+02  4.152751E-02  2.597458E-06  2.604002E-11  3.467048E-11  3.869459E-11  4.676160E-11  4.976533E-01  7.289265E-04  2.999356E-06  4.382436E-01  2.338815E-03  3.390972E-05  2.430629E-06  7.039479E-04  8.461086E-08  3.187305E-07  4.219514E-09  1.623384E-02  2.152989E-06  1.078103E-08  9.126291E-09  1.059876E-03  1.440763E-03  1.274356E-05  5.131538E-06  6.614426E-06  3.993845E-07
 3.241500E+02  4.163372E-02  2.579871E-06  2.540712E-11  3.383594E-11  3.776516E-11  4.564875E-11  4.976905E-01  7.171432E-04  2.837502E-06  4.384027E-01  2.302628E-03  3.212740E-05  2.367644E-06  6.935080E-04  8.084643E-08  3.052641E-07  4.082215E-09  1.603197E-02  2.064610E-06  1.048210E-08  8.867758E-09  1.043463E-03  1.418448E-03  1.207221E-05  4.858558E-06  6.264497E-06  3.821323E-07
 3.251500E+02  4.173812E-02  2.562388E-06  2.479184E-11  3.302440E-11  3.686130E-11  4.456626E-11  4.977268E-01  7.056313E-04  2.685368E-06  4.385587E-01  2.267227E-03  3.044903E-05  2.306696E-06  6.832751E-04  7.727102E-08  2.924440E-07  3.950071E-09  1.583352E-02  1.980344E-06  1.019286E-08  8.617774E-09  1.027413E-03  1.396626E-03  1.144018E-05  4.601733E-06  5.935178E-06  3.657219E-07
 3.261500E+02  4.184074E-02  2.545011E-06  2.419366E-11  3.223522E-11  3.598228E-11  4.351326E-11  4.977623E-01  6.943831E-04  2.542315E-06  4.387116E-01  2.232590E-03  2.886801E-05  2.247709E-06  6.732447E-04  7.387418E-08  2.802361E-07  3.822868E-09  1.563843E-02  1.899979E-06  9.912981E-09  8.376029E-09  1.011714E-03  1.375283E-03  1.084494E-05  4.360018E-06  5.625143E-06  3.501079E-07
 3.271500E+02  4.194160E-02  2.527744E-06  2.361209E-11  3.146775E-11  3.512740E-11  4.248891E-11  4.977970E-01  6.833911E-04  2.407750E-06  4.388617E-01  2.198698E-03  2.737816E-05  2.190608E-06  6.634121E-04  7.064609E-08  2.686080E-07  3.700403E-09  1.544663E-02  1.823315E-06  9.642121E-09  8.142224E-09  9.963575E-04  1.354406E-03  1.028416E-05  4.132440E-06  5.333154E-06  3.352479E-07
 3.281500E+02  4.204075E-02  2.510589E-06  2.304664E-11  3.072137E-11  3.429596E-11  4.149242E-11  4.978310E-01  6.726481E-04  2.281122E-06  4.390089E-01  2.165532E-03  2.597374E-05  2.135323E-06  6.537731E-04  6.757749E-08  2.575292E-07  3.582480E-09  1.525808E-02  1.750166E-06  9.379962E-09  7.916071E-09  9.813347E-04  1.333984E-03  9.755657E-06  3.918095E-06  5.058063E-06  3.211016E-07
 3.291500E+02  4.213821E-02  2.493548E-06  2.249685E-11  2.999546E-11  3.348729E-11  4.052298E-11  4.978641E-01  6.621471E-04  2.161918E-06  4.391533E-01  2.133072E-03  2.464942E-05  2.081788E-06  6.443231E-04  6.465970E-08  2.469710E-07  3.468913E-09  1.507270E-02  1.680352E-06  9.126195E-09  7.697293E-09  9.666364E-04  1.314003E-03  9.257396E-06  3.716141E-06  4.798798E-06  3.076313E-07
 3.301500E+02  4.223402E-02  2.476624E-06  2.196226E-11  2.928944E-11  3.270073E-11  3.957982E-11  4.978966E-01  6.518815E-04  2.049662E-06  4.392950E-01  2.101300E-03  2.340019E-05  2.029937E-06  6.350580E-04  6.188455E-08  2.369062E-07  3.359523E-09  1.489045E-02  1.613707E-06  8.880522E-09  7.485626E-09  9.522539E-04  1.294453E-03  8.787486E-06  3.525793E-06  4.554362E-06  2.948013E-07
 3.311500E+02  4.232820E-02  2.459819E-06  2.144242E-11  2.860274E-11  3.193564E-11  3.866219E-11  4.979283E-01  6.418446E-04  1.943909E-06  4.394340E-01  2.070198E-03  2.222140E-05  1.979708E-06  6.259736E-04  5.924433E-08  2.273093E-07  3.254141E-09  1.471126E-02  1.550070E-06  8.642658E-09  7.280812E-09  9.381790E-04  1.275321E-03  8.344160E-06  3.346321E-06  4.323825E-06  2.825780E-07
 3.321500E+02  4.242080E-02  2.443134E-06  2.093690E-11  2.793479E-11  3.119141E-11  3.776936E-11  4.979593E-01  6.320301E-04  1.844247E-06  4.395704E-01  2.039749E-03  2.110871E-05  1.931043E-06  6.170660E-04  5.673180E-08  2.181563E-07  3.152604E-09  1.453507E-02  1.489292E-06  8.412328E-09  7.082606E-09  9.244034E-04  1.256596E-03  7.925773E-06  3.177044E-06  4.106322E-06  2.709298E-07
 3.331500E+02  4.251182E-02  2.426571E-06  2.044529E-11  2.728504E-11  3.046743E-11  3.690063E-11  4.979897E-01  6.224321E-04  1.750291E-06  4.397042E-01  2.009936E-03  2.005807E-05  1.883885E-06  6.083311E-04  5.434014E-08  2.094242E-07  3.054756E-09  1.436184E-02  1.431230E-06  8.189268E-09  6.890772E-09  9.109195E-04  1.238269E-03  7.530788E-06  3.017327E-06  3.901043E-06  2.598268E-07
 3.341500E+02  4.260132E-02  2.410131E-06  1.996718E-11  2.665299E-11  2.976311E-11  3.605530E-11  4.980194E-01  6.130445E-04  1.661684E-06  4.398356E-01  1.980743E-03  1.906569E-05  1.838178E-06  5.997651E-04  5.206292E-08  2.010917E-07  2.960448E-09  1.419150E-02  1.375750E-06  7.973222E-09  6.705082E-09  8.977194E-04  1.220328E-03  7.157772E-06  2.866579E-06  3.707237E-06  2.492407E-07
 3.351500E+02  4.268931E-02  2.393817E-06  1.950216E-11  2.603810E-11  2.907789E-11  3.523269E-11  4.980484E-01  6.038616E-04  1.578090E-06  4.399646E-01  1.952154E-03  1.812803E-05  1.793872E-06  5.913642E-04  4.989408E-08  1.931384E-07  2.869538E-09  1.402401E-02  1.322726E-06  7.763944E-09  6.525318E-09  8.847960E-04  1.202764E-03  6.805385E-06  2.724247E-06  3.524198E-06  2.391449E-07
 3.361500E+02  4.277582E-02  2.377628E-06  1.904986E-11  2.543987E-11  2.841121E-11  3.443217E-11  4.980769E-01  5.948779E-04  1.499199E-06  4.400911E-01  1.924155E-03  1.724180E-05  1.750914E-06  5.831247E-04  4.782792E-08  1.855451E-07  2.781889E-09  1.385931E-02  1.272035E-06  7.561200E-09  6.351268E-09  8.721420E-04  1.185566E-03  6.472378E-06  2.589815E-06  3.351271E-06  2.295143E-07
 3.371500E+02  4.286088E-02  2.361567E-06  1.860991E-11  2.485784E-11  2.776253E-11  3.365308E-11  4.981047E-01  5.860880E-04  1.424721E-06  4.402154E-01  1.896729E-03  1.640391E-05  1.709258E-06  5.750432E-04  4.585906E-08  1.782938E-07  2.697372E-09  1.369734E-02  1.223566E-06  7.364760E-09  6.182730E-09  8.597505E-04  1.168725E-03  6.157580E-06  2.462803E-06  3.187842E-06  2.203253E-07
 3.381500E+02  4.294452E-02  2.345635E-06  1.818193E-11  2.429152E-11  2.713134E-11  3.289483E-11  4.981319E-01  5.774868E-04  1.354383E-06  4.403373E-01  1.869863E-03  1.561146E-05  1.668857E-06  5.671159E-04  4.398242E-08  1.713673E-07  2.615860E-09  1.353806E-02  1.177209E-06  7.174408E-09  6.019510E-09  8.476147E-04  1.152233E-03  5.859901E-06  2.342762E-06  3.033338E-06  2.115553E-07
 3.391500E+02  4.302676E-02  2.329831E-06  1.776558E-11  2.374045E-11  2.651711E-11  3.215679E-11  4.981586E-01  5.690692E-04  1.287934E-06  4.404571E-01  1.843543E-03  1.486176E-05  1.629667E-06  5.593397E-04  4.219322E-08  1.647495E-07  2.537236E-09  1.338142E-02  1.132862E-06  6.989931E-09  5.861419E-09  8.357282E-04  1.136080E-03  5.578318E-06  2.229270E-06  2.887224E-06  2.031832E-07
 3.401500E+02  4.310764E-02  2.314157E-06  1.736052E-11  2.320420E-11  2.591937E-11  3.143841E-11  4.981847E-01  5.608304E-04  1.225138E-06  4.405747E-01  1.817754E-03  1.415227E-05  1.591645E-06  5.517110E-04  4.048694E-08  1.584249E-07  2.461385E-09  1.322737E-02  1.090429E-06  6.811127E-09  5.708279E-09  8.240846E-04  1.120257E-03  5.311877E-06  2.121936E-06  2.748999E-06  1.951889E-07
 3.411500E+02  4.318717E-02  2.298614E-06  1.696642E-11  2.268233E-11  2.533763E-11  3.073910E-11  4.982103E-01  5.527656E-04  1.165773E-06  4.406901E-01  1.792485E-03  1.348064E-05  1.554750E-06  5.442266E-04  3.885933E-08  1.523792E-07  2.388197E-09  1.307586E-02  1.049818E-06  6.637800E-09  5.559915E-09  8.126778E-04  1.104756E-03  5.059683E-06  2.020392E-06  2.618195E-06  1.875537E-07
 3.421500E+02  4.326539E-02  2.283202E-06  1.658294E-11  2.217443E-11  2.477143E-11  3.005832E-11  4.982353E-01  5.448702E-04  1.109633E-06  4.408035E-01  1.767721E-03  1.284465E-05  1.518943E-06  5.368834E-04  3.730636E-08  1.465986E-07  2.317568E-09  1.292684E-02  1.010942E-06  6.469763E-09  5.416160E-09  8.015017E-04  1.089569E-03  4.820901E-06  1.924295E-06  2.494374E-06  1.802595E-07
 3.431500E+02  4.334231E-02  2.267921E-06  1.620979E-11  2.168008E-11  2.422031E-11  2.939553E-11  4.982598E-01  5.371399E-04  1.056526E-06  4.409149E-01  1.743451E-03  1.224222E-05  1.484187E-06  5.296782E-04  3.582423E-08  1.410703E-07  2.249398E-09  1.278026E-02  9.737183E-07  6.306835E-09  5.276855E-09  7.905507E-04  1.074689E-03  4.594746E-06  1.833325E-06  2.377125E-06  1.732895E-07
 3.441500E+02  4.341797E-02  2.252772E-06  1.584666E-11  2.119889E-11  2.368384E-11  2.875023E-11  4.982839E-01  5.295703E-04  1.006272E-06  4.410243E-01  1.719663E-03  1.167142E-05  1.450445E-06  5.226080E-04  3.440935E-08  1.357818E-07  2.183592E-09  1.263609E-02  9.380689E-07  6.148840E-09  5.141843E-09  7.798190E-04  1.060106E-03  4.380484E-06  1.747179E-06  2.266065E-06  1.666277E-07
 3.451500E+02  4.349238E-02  2.237755E-06  1.549325E-11  2.073049E-11  2.316159E-11  2.812190E-11  4.983074E-01  5.221573E-04  9.587011E-07  4.411317E-01  1.696344E-03  1.113041E-05  1.417682E-06  5.156699E-04  3.305834E-08  1.307217E-07  2.120056E-09  1.249427E-02  9.039197E-07  5.995611E-09  5.010977E-09  7.693013E-04  1.045815E-03  4.177428E-06  1.665577E-06  2.160834E-06  1.602590E-07
 3.461500E+02  4.356556E-02  2.222870E-06  1.514928E-11  2.027449E-11  2.265316E-11  2.751006E-11  4.983304E-01  5.148969E-04  9.136567E-07  4.412372E-01  1.673484E-03  1.061749E-05  1.385865E-06  5.088609E-04  3.176798E-08  1.258788E-07  2.058703E-09  1.235476E-02  8.712005E-07  5.846986E-09  4.884113E-09  7.589923E-04  1.031808E-03  3.984934E-06  1.588256E-06  2.061096E-06  1.541689E-07
 3.471500E+02  4.363756E-02  2.208118E-06  1.481447E-11  1.983055E-11  2.215813E-11  2.691423E-11  4.983530E-01  5.077850E-04  8.709906E-07  4.413409E-01  1.651070E-03  1.013106E-05  1.354962E-06  5.021782E-04  3.053527E-08  1.212429E-07  1.999450E-09  1.221752E-02  8.398444E-07  5.702809E-09  4.761113E-09  7.488868E-04  1.018077E-03  3.802397E-06  1.514966E-06  1.966534E-06  1.483441E-07
 3.481500E+02  4.370837E-02  2.193497E-06  1.448856E-11  1.939830E-11  2.167613E-11  2.633396E-11  4.983752E-01  5.008180E-04  8.305646E-07  4.414427E-01  1.629094E-03  9.669608E-06  1.324941E-06  4.956191E-04  2.935732E-08  1.168039E-07  1.942214E-09  1.208250E-02  8.097882E-07  5.562930E-09  4.641845E-09  7.389798E-04  1.004617E-03  3.629251E-06  1.445479E-06  1.876853E-06  1.427715E-07
 3.491500E+02  4.377803E-02  2.179009E-06  1.417128E-11  1.897741E-11  2.120677E-11  2.576879E-11  4.983969E-01  4.939922E-04  7.922491E-07  4.415428E-01  1.607543E-03  9.231734E-06  1.295774E-06  4.891808E-04  2.823144E-08  1.125526E-07  1.886920E-09  1.194967E-02  7.809718E-07  5.427204E-09  4.526181E-09  7.292665E-04  9.914197E-04  3.464963E-06  1.379575E-06  1.791775E-06  1.374391E-07
 3.501500E+02  4.384656E-02  2.164653E-06  1.386239E-11  1.856755E-11  2.074970E-11  2.521830E-11  4.984181E-01  4.873040E-04  7.559227E-07  4.416411E-01  1.586408E-03  8.816111E-06  1.267430E-06  4.828608E-04  2.715506E-08  1.084801E-07  1.833492E-09  1.181899E-02  7.533382E-07  5.295492E-09  4.413998E-09  7.197421E-04  9.784795E-04  3.309035E-06  1.317052E-06  1.711039E-06  1.323353E-07
 3.511500E+02  4.391398E-02  2.150429E-06  1.356163E-11  1.816841E-11  2.030455E-11  2.468206E-11  4.984390E-01  4.807498E-04  7.214715E-07  4.417378E-01  1.565679E-03  8.421494E-06  1.239884E-06  4.766564E-04  2.612576E-08  1.045780E-07  1.781861E-09  1.169040E-02  7.268330E-07  5.167659E-09  4.305178E-09  7.104022E-04  9.657901E-04  3.160999E-06  1.257718E-06  1.634402E-06  1.274492E-07
 3.521500E+02  4.398032E-02  2.136336E-06  1.326878E-11  1.777966E-11  1.987097E-11  2.415967E-11  4.984594E-01  4.743265E-04  6.887888E-07  4.418327E-01  1.545346E-03  8.046715E-06  1.213109E-06  4.705653E-04  2.514124E-08  1.008383E-07  1.731957E-09  1.156388E-02  7.014049E-07  5.043577E-09  4.199606E-09  7.012422E-04  9.533454E-04  3.020413E-06  1.201393E-06  1.561633E-06  1.227705E-07
 3.531500E+02  4.404558E-02  2.122375E-06  1.298359E-11  1.740102E-11  1.944865E-11  2.365072E-11  4.984795E-01  4.680306E-04  6.577743E-07  4.419260E-01  1.525400E-03  7.690677E-06  1.187078E-06  4.645848E-04  2.419934E-08  9.725338E-08  1.683716E-09  1.143939E-02  6.770050E-07  4.923120E-09  4.097173E-09  6.922579E-04  9.411395E-04  2.886866E-06  1.147911E-06  1.492517E-06  1.182893E-07
 3.541500E+02  4.410979E-02  2.108544E-06  1.270585E-11  1.703219E-11  1.903725E-11  2.315485E-11  4.984991E-01  4.618591E-04  6.283342E-07  4.420177E-01  1.505831E-03  7.352348E-06  1.161768E-06  4.587127E-04  2.329800E-08  9.381614E-08  1.637075E-09  1.131688E-02  6.535867E-07  4.806169E-09  3.997773E-09  6.834450E-04  9.291667E-04  2.759968E-06  1.097112E-06  1.426852E-06  1.139963E-07
 3.551500E+02  4.417298E-02  2.094844E-06  1.243535E-11  1.667289E-11  1.863646E-11  2.267166E-11  4.985184E-01  4.558089E-04  6.003803E-07  4.421079E-01  1.486632E-03  7.030758E-06  1.137155E-06  4.529466E-04  2.243526E-08  9.051974E-08  1.591974E-09  1.119633E-02  6.311060E-07  4.692607E-09  3.901304E-09  6.747995E-04  9.174215E-04  2.639355E-06  1.048847E-06  1.364447E-06  1.098828E-07
 3.561500E+02  4.423515E-02  2.081274E-06  1.217186E-11  1.632284E-11  1.824598E-11  2.220081E-11  4.985373E-01  4.498769E-04  5.738296E-07  4.421965E-01  1.467793E-03  6.724994E-06  1.113216E-06  4.472842E-04  2.160929E-08  8.735770E-08  1.548356E-09  1.107769E-02  6.095207E-07  4.582323E-09  3.807668E-09  6.663173E-04  9.058984E-04  2.524683E-06  1.002978E-06  1.305124E-06  1.059404E-07
 3.571500E+02  4.429634E-02  2.067833E-06  1.191519E-11  1.598178E-11  1.786550E-11  2.174194E-11  4.985559E-01  4.440604E-04  5.486044E-07  4.422836E-01  1.449306E-03  6.434199E-06  1.089929E-06  4.417233E-04  2.081833E-08  8.432389E-08  1.506166E-09  1.096093E-02  5.887911E-07  4.475209E-09  3.716770E-09  6.579948E-04  8.945922E-04  2.415629E-06  9.593731E-07  1.248715E-06  1.021610E-07
 3.581500E+02  4.435655E-02  2.054521E-06  1.166515E-11  1.564945E-11  1.749475E-11  2.129471E-11  4.985740E-01  4.383564E-04  5.246315E-07  4.423693E-01  1.431163E-03  6.157565E-06  1.067274E-06  4.362618E-04  2.006073E-08  8.141248E-08  1.465350E-09  1.084601E-02  5.688790E-07  4.371161E-09  3.628520E-09  6.498280E-04  8.834979E-04  2.311889E-06  9.179084E-07  1.195061E-06  9.853726E-08
 3.591500E+02  4.441580E-02  2.041338E-06  1.142153E-11  1.532560E-11  1.713344E-11  2.085878E-11  4.985919E-01  4.327623E-04  5.018424E-07  4.424535E-01  1.413355E-03  5.894331E-06  1.045230E-06  4.308975E-04  1.933492E-08  7.861791E-08  1.425858E-09  1.073290E-02  5.497485E-07  4.270080E-09  3.542829E-09  6.418134E-04  8.726104E-04  2.213178E-06  8.784682E-07  1.144013E-06  9.506190E-08
 3.601500E+02  4.447413E-02  2.028282E-06  1.118416E-11  1.500999E-11  1.678131E-11  2.043385E-11  4.986094E-01  4.272754E-04  4.801722E-07  4.425363E-01  1.395876E-03  5.643781E-06  1.023777E-06  4.256283E-04  1.863940E-08  7.593493E-08  1.387642E-09  1.062157E-02  5.313650E-07  4.171869E-09  3.459613E-09  6.339475E-04  8.619249E-04  2.119226E-06  8.409431E-07  1.095432E-06  9.172815E-08
 3.611500E+02  4.453153E-02  2.015353E-06  1.095286E-11  1.470239E-11  1.643809E-11  2.001960E-11  4.986266E-01  4.218931E-04  4.595603E-07  4.426177E-01  1.378717E-03  5.405242E-06  1.002897E-06  4.204523E-04  1.797277E-08  7.335852E-08  1.350654E-09  1.051199E-02  5.136959E-07  4.076435E-09  3.378790E-09  6.262267E-04  8.514367E-04  2.029780E-06  8.052305E-07  1.049186E-06  8.852956E-08
 3.621500E+02  4.458803E-02  2.002551E-06  1.072744E-11  1.440255E-11  1.610354E-11  1.961573E-11  4.986434E-01  4.166129E-04  4.399495E-07  4.426978E-01  1.361872E-03  5.178077E-06  9.825711E-07  4.153675E-04  1.733367E-08  7.088394E-08  1.314850E-09  1.040411E-02  4.967100E-07  3.983689E-09  3.300283E-09  6.186478E-04  8.411413E-04  1.944601E-06  7.712334E-07  1.005150E-06  8.546000E-08
 3.631500E+02  4.464365E-02  1.989874E-06  1.050775E-11  1.411028E-11  1.577740E-11  1.922194E-11  4.986600E-01  4.114324E-04  4.212860E-07  4.427765E-01  1.345333E-03  4.961687E-06  9.627825E-07  4.103718E-04  1.672084E-08  6.850665E-08  1.280186E-09  1.029791E-02  4.803777E-07  3.893543E-09  3.224015E-09  6.112074E-04  8.310343E-04  1.863463E-06  7.388606E-07  9.632083E-07  8.251364E-08
 3.641500E+02  4.469839E-02  1.977321E-06  1.029362E-11  1.382534E-11  1.545943E-11  1.883795E-11  4.986762E-01  4.063493E-04  4.035192E-07  4.428539E-01  1.329094E-03  4.755509E-06  9.435141E-07  4.054636E-04  1.613307E-08  6.622235E-08  1.246622E-09  1.019337E-02  4.646707E-07  3.805914E-09  3.149912E-09  6.039024E-04  8.211113E-04  1.786156E-06  7.080264E-07  9.232495E-07  7.968495E-08
 3.651500E+02  4.475229E-02  1.964893E-06  1.008489E-11  1.354753E-11  1.514941E-11  1.846349E-11  4.986922E-01  4.013612E-04  3.866013E-07  4.429301E-01  1.313147E-03  4.559011E-06  9.247496E-07  4.006409E-04  1.556921E-08  6.402695E-08  1.214118E-09  1.009044E-02  4.495622E-07  3.720722E-09  3.077906E-09  5.967298E-04  8.113681E-04  1.712478E-06  6.786498E-07  8.851701E-07  7.696864E-08
 3.661500E+02  4.480535E-02  1.952588E-06  9.881400E-12  1.327666E-11  1.484712E-11  1.809829E-11  4.987078E-01  3.964659E-04  3.704873E-07  4.430050E-01  1.297486E-03  4.371689E-06  9.064734E-07  3.959019E-04  1.502817E-08  6.191655E-08  1.182635E-09  9.989098E-03  4.350265E-07  3.637889E-09  3.007928E-09  5.896865E-04  8.018007E-04  1.642242E-06  6.506544E-07  8.488723E-07  7.435973E-08
 3.671500E+02  4.485758E-02  1.940405E-06  9.683012E-12  1.301251E-11  1.455232E-11  1.774209E-11  4.987232E-01  3.916612E-04  3.551351E-07  4.430787E-01  1.282105E-03  4.193070E-06  8.886703E-07  3.912448E-04  1.450891E-08  5.988745E-08  1.152138E-09  9.889317E-03  4.210391E-07  3.557340E-09  2.939912E-09  5.827696E-04  7.924051E-04  1.575268E-06  6.239684E-07  8.142637E-07  7.185345E-08
 3.681500E+02  4.490902E-02  1.928344E-06  9.489577E-12  1.275492E-11  1.426482E-11  1.739464E-11  4.987383E-01  3.869451E-04  3.405047E-07  4.431512E-01  1.266997E-03  4.022707E-06  8.713257E-07  3.866681E-04  1.401046E-08  5.793611E-08  1.122591E-09  9.791067E-03  4.075769E-07  3.479004E-09  2.873795E-09  5.759762E-04  7.831773E-04  1.511391E-06  5.985238E-07  7.812570E-07  6.944527E-08
 3.691500E+02  4.495966E-02  1.916403E-06  9.300954E-12  1.250369E-11  1.398441E-11  1.705570E-11  4.987531E-01  3.823154E-04  3.265584E-07  4.432226E-01  1.252156E-03  3.860178E-06  8.544257E-07  3.821700E-04  1.353187E-08  5.605919E-08  1.093960E-09  9.694321E-03  3.946176E-07  3.402809E-09  2.809517E-09  5.693036E-04  7.741137E-04  1.450450E-06  5.742567E-07  7.497701E-07  6.713087E-08
 3.701500E+02  4.500952E-02  1.904582E-06  9.117008E-12  1.225864E-11  1.371089E-11  1.672502E-11  4.987677E-01  3.777702E-04  3.132607E-07  4.432927E-01  1.237577E-03  3.705085E-06  8.379565E-07  3.777488E-04  1.307227E-08  5.425347E-08  1.066212E-09  9.599049E-03  3.821401E-07  3.328689E-09  2.747019E-09  5.627491E-04  7.652105E-04  1.392297E-06  5.511067E-07  7.197254E-07  6.490616E-08
 3.711500E+02  4.505862E-02  1.892879E-06  8.937608E-12  1.201960E-11  1.344407E-11  1.640239E-11  4.987820E-01  3.733076E-04  3.005783E-07  4.433618E-01  1.223254E-03  3.557051E-06  8.219052E-07  3.734031E-04  1.263079E-08  5.251591E-08  1.039318E-09  9.505226E-03  3.701242E-07  3.256579E-09  2.686244E-09  5.563101E-04  7.564643E-04  1.336790E-06  5.290167E-07  6.910495E-07  6.276724E-08
 3.721500E+02  4.510698E-02  1.881295E-06  8.762624E-12  1.178640E-11  1.318376E-11  1.608758E-11  4.987960E-01  3.689256E-04  2.884795E-07  4.434297E-01  1.209181E-03  3.415720E-06  8.062590E-07  3.691311E-04  1.220665E-08  5.084360E-08  1.013246E-09  9.412826E-03  3.585507E-07  3.186416E-09  2.627138E-09  5.499840E-04  7.478715E-04  1.283795E-06  5.079329E-07  6.636732E-07  6.071038E-08
 3.731500E+02  4.515459E-02  1.869828E-06  8.591935E-12  1.155888E-11  1.292978E-11  1.578036E-11  4.988098E-01  3.646224E-04  2.769345E-07  4.434966E-01  1.195353E-03  3.280756E-06  7.910058E-07  3.649315E-04  1.179907E-08  4.923379E-08  9.879682E-10  9.321821E-03  3.474011E-07  3.118139E-09  2.569648E-09  5.437684E-04  7.394287E-04  1.233187E-06  4.878045E-07  6.375311E-07  5.873205E-08
