#         T/K            c1          c2-1          c3-4          c3-5          c3-7          c3-9            m1          m2-1          m3-1            w1            w2          w3-1          w3-2          c1m1        c1m2-1        c1m2-7        c2m1-1        c1w1-2        c1w2-1        c2w1-1        c2w1-9        m1w1-1        m1w1-4        m1w2-1        m2w1-1        m2w1-3      c1m1w1-1
 2.731500E+02  2.137771E-01  1.465938E-04  2.661504E-08  3.493288E-08  3.886560E-08  4.634240E-08  5.894180E-01  2.832238E-03  1.468911E-04  1.186953E-01  4.686202E-04  1.881799E-05  2.640365E-07  1.277904E-02  1.167213E-05  3.829995E-05  1.413173E-06  5.932016E-02  1.287219E-05  6.242192E-07  5.481306E-07  9.161680E-04  1.247152E-03  3.080070E-05  5.538006E-05  7.013959E-05  1.176252E-05
 2.741500E+02  2.144009E-01  1.447498E-04  2.556994E-08  3.357252E-08  3.735489E-08  4.455510E-08  5.896704E-01  2.765959E-03  1.356828E-04  1.192043E-01  4.614113E-04  1.761333E-05  2.567377E-07  1.248826E-02  1.091706E-05  3.593836E-05  1.343129E-06  5.837008E-02  1.218880E-05  5.995427E-07  5.260078E-07  8.988391E-04  1.223485E-03  2.871729E-05  5.140370E-05  6.512940E-05  1.106333E-05
 2.751500E+02  2.150118E-01  1.429339E-04  2.457137E-08  3.227228E-08  3.591082E-08  4.284610E-08  5.899145E-01  2.701721E-03  1.254049E-04  1.197037E-01  4.543134E-04  1.649094E-05  2.496534E-07  1.220587E-02  1.021576E-05  3.373788E-05  1.276987E-06  5.743736E-02  1.154479E-05  5.759570E-07  5.048822E-07  8.819143E-04  1.200373E-03  2.678565E-05  4.773673E-05  6.050724E-05  1.040965E-05
 2.761500E+02  2.156099E-01  1.411459E-04  2.361708E-08  3.102926E-08  3.453019E-08  4.121164E-08  5.901506E-01  2.639449E-03  1.159744E-04  1.201934E-01  4.473261E-04  1.544493E-05  2.427777E-07  1.193159E-02  9.564080E-06  3.168657E-05  1.214507E-06  5.652176E-02  1.093775E-05  5.534104E-07  4.847055E-07  8.653837E-04  1.177803E-03  2.499400E-05  4.435338E-05  5.624092E-05  9.798269E-06
 2.771500E+02  2.161955E-01  1.393854E-04  2.270493E-08  2.984071E-08  3.320997E-08  3.964819E-08  5.903791E-01  2.579072E-03  1.073162E-04  1.206738E-01  4.404488E-04  1.446982E-05  2.361050E-07  1.166516E-02  8.958218E-06  2.977343E-05  1.155470E-06  5.562303E-02  1.036542E-05  5.318537E-07  4.654318E-07  8.492376E-04  1.155762E-03  2.333157E-05  4.123017E-05  5.230111E-05  9.226254E-06
 2.781500E+02  2.167689E-01  1.376521E-04  2.183289E-08  2.870404E-08  3.194726E-08  3.815238E-08  5.906003E-01  2.520522E-03  9.936223E-05  1.211449E-01  4.336807E-04  1.356054E-05  2.296297E-07  1.140632E-02  8.394681E-06  2.798834E-05  1.099666E-06  5.474091E-02  9.825690E-06  5.112401E-07  4.470175E-07  8.334665E-04  1.134235E-03  2.178843E-05  3.834565E-05  4.866102E-05  8.690872E-06
 2.791500E+02  2.173304E-01  1.359458E-04  2.099903E-08  2.761676E-08  3.073934E-08  3.672101E-08  5.908145E-01  2.463735E-03  9.205087E-05  1.216070E-01  4.270212E-04  1.271240E-05  2.233462E-07  1.115482E-02  7.870263E-06  2.632198E-05  1.046902E-06  5.387517E-02  9.316582E-06  4.915250E-07  4.294215E-07  8.180613E-04  1.113211E-03  2.035547E-05  3.568028E-05  4.529619E-05  8.189594E-06
 2.801500E+02  2.178802E-01  1.342661E-04  2.020153E-08  2.657653E-08  2.958360E-08  3.535105E-08  5.910220E-01  2.408646E-03  8.532622E-05  1.220602E-01  4.204695E-04  1.192108E-05  2.172491E-07  1.091043E-02  7.382017E-06  2.476575E-05  9.969955E-07  5.302553E-02  8.836242E-06  4.726664E-07  4.126044E-07  8.030127E-04  1.092676E-03  1.902429E-05  3.321621E-05  4.218430E-05  7.720079E-06
 2.811500E+02  2.184185E-01  1.326127E-04  1.943864E-08  2.558112E-08  2.847758E-08  3.403962E-08  5.912231E-01  2.355196E-03  7.913759E-05  1.225047E-01  4.140246E-04  1.118254E-05  2.113331E-07  1.067290E-02  6.927234E-06  2.331171E-05  9.497772E-07  5.219175E-02  8.382935E-06  4.546238E-07  3.965289E-07  7.883121E-04  1.072619E-03  1.778721E-05  3.093711E-05  3.930494E-05  7.280154E-06
 2.821500E+02  2.189455E-01  1.309853E-04  1.870873E-08  2.462842E-08  2.741893E-08  3.278397E-08  5.914180E-01  2.303326E-03  7.343893E-05  1.229406E-01  4.076857E-04  1.049307E-05  2.055930E-07  1.044203E-02  6.503424E-06  2.195256E-05  9.050877E-07  5.137356E-02  7.955037E-06  4.373591E-07  3.811597E-07  7.739506E-04  1.053027E-03  1.663711E-05  2.882810E-05  3.663945E-05  6.867807E-06
 2.831500E+02  2.194617E-01  1.293836E-04  1.801023E-08  2.371642E-08  2.640543E-08  3.158150E-08  5.916069E-01  2.252981E-03  6.818843E-05  1.233680E-01  4.014516E-04  9.849230E-06  2.000238E-07  1.021759E-02  6.108296E-06  2.068154E-05  8.627783E-07  5.057072E-02  7.551026E-06  4.208361E-07  3.664631E-07  7.599198E-04  1.033889E-03  1.556747E-05  2.687553E-05  3.417077E-05  6.481169E-06
 2.841500E+02  2.199670E-01  1.278071E-04  1.734166E-08  2.284321E-08  2.543496E-08  3.042974E-08  5.917902E-01  2.204108E-03  6.334809E-05  1.237873E-01  3.953215E-04  9.247813E-06  1.946203E-07  9.999374E-03  5.739737E-06  1.949241E-05  8.227094E-07  4.978297E-02  7.169473E-06  4.050200E-07  3.524072E-07  7.462115E-04  1.015192E-03  1.457229E-05  2.506694E-05  3.188328E-05  6.118510E-06
 2.851500E+02  2.204619E-01  1.262557E-04  1.670160E-08  2.200697E-08  2.450552E-08  2.932634E-08  5.919680E-01  2.156654E-03  5.888335E-05  1.241984E-01  3.892941E-04  8.685865E-06  1.893779E-07  9.787190E-03  5.395807E-06  1.837943E-05  7.847505E-07  4.901004E-02  6.809043E-06  3.898781E-07  3.389617E-07  7.328175E-04  9.969272E-04  1.364602E-05  2.339093E-05  2.976269E-05  5.778220E-06
 2.861500E+02  2.209465E-01  1.247289E-04  1.608872E-08  2.120598E-08  2.361520E-08  2.826907E-08  5.921405E-01  2.110572E-03  5.476276E-05  1.246016E-01  3.833684E-04  8.160640E-06  1.842918E-07  9.580840E-03  5.074713E-06  1.733726E-05  7.487792E-07  4.825169E-02  6.468483E-06  3.753792E-07  3.260977E-07  7.197300E-04  9.790819E-04  1.278357E-05  2.183704E-05  2.779589E-05  5.458807E-06
 2.871500E+02  2.214210E-01  1.232264E-04  1.550175E-08  2.043861E-08  2.276219E-08  2.725579E-08  5.923079E-01  2.065812E-03  5.095767E-05  1.249970E-01  3.775432E-04  7.669594E-06  1.793572E-07  9.380139E-03  4.774805E-06  1.636097E-05  7.146807E-07  4.750766E-02  6.146617E-06  3.614935E-07  3.137879E-07  7.069413E-04  9.616461E-04  1.198023E-05  2.039570E-05  2.597089E-05  5.158885E-06
 2.881500E+02  2.218858E-01  1.217479E-04  1.493949E-08  1.970330E-08  2.194476E-08  2.628450E-08  5.924705E-01  2.022331E-03  4.744201E-05  1.253847E-01  3.718173E-04  7.210370E-06  1.745697E-07  9.184908E-03  4.494560E-06  1.544603E-05  6.823476E-07  4.677770E-02  5.842345E-06  3.481927E-07  3.020063E-07  6.944438E-04  9.446092E-04  1.123167E-05  1.905814E-05  2.427668E-05  4.877164E-06
 2.891500E+02  2.223408E-01  1.202930E-04  1.440078E-08  1.899858E-08  2.116127E-08  2.535327E-08  5.926283E-01  1.980083E-03  4.419198E-05  1.257650E-01  3.661894E-04  6.780777E-06  1.699250E-07  8.994972E-03  4.232575E-06  1.458820E-05  6.516789E-07  4.606156E-02  5.554633E-06  3.354500E-07  2.907281E-07  6.822302E-04  9.279611E-04  1.053389E-05  1.781632E-05  2.270317E-05  4.612449E-06
 2.901500E+02  2.227865E-01  1.188615E-04  1.388454E-08  1.832303E-08  2.041017E-08  2.446028E-08  5.927816E-01  1.939028E-03  4.118590E-05  1.261379E-01  3.606583E-04  6.378785E-06  1.654186E-07  8.810164E-03  3.987551E-06  1.378360E-05  6.225801E-07  4.535899E-02  5.282513E-06  3.232397E-07  2.799298E-07  6.702934E-04  9.116921E-04  9.883204E-06  1.666286E-05  2.124109E-05  4.363626E-06
 2.911500E+02  2.232230E-01  1.174528E-04  1.338972E-08  1.767533E-08  1.968998E-08  2.360379E-08  5.929306E-01  1.899124E-03  3.840398E-05  1.265036E-01  3.552228E-04  6.002510E-06  1.610464E-07  8.630324E-03  3.758292E-06  1.302860E-05  5.949622E-07  4.466974E-02  5.025075E-06  3.115377E-07  2.695892E-07  6.586263E-04  8.957924E-04  9.276206E-06  1.559098E-05  1.988194E-05  4.129660E-06
 2.921500E+02  2.236505E-01  1.160668E-04  1.291536E-08  1.705420E-08  1.899929E-08  2.278214E-08  5.930753E-01  1.860332E-03  3.582812E-05  1.268622E-01  3.498815E-04  5.650203E-06  1.568044E-07  8.455294E-03  3.543690E-06  1.231986E-05  5.687421E-07  4.399357E-02  4.781467E-06  3.003206E-07  2.596850E-07  6.472223E-04  8.802527E-04  8.709751E-06  1.459447E-05  1.861791E-05  3.909588E-06
 2.931500E+02  2.240692E-01  1.147031E-04  1.246050E-08  1.645843E-08  1.833676E-08  2.199378E-08  5.932160E-01  1.822616E-03  3.344183E-05  1.272139E-01  3.446332E-04  5.320239E-06  1.526885E-07  8.284925E-03  3.342724E-06  1.165426E-05  5.438414E-07  4.333023E-02  4.550889E-06  2.895665E-07  2.501970E-07  6.360746E-04  8.650638E-04  8.180936E-06  1.366761E-05  1.744181E-05  3.702514E-06
 2.941500E+02  2.244793E-01  1.133614E-04  1.202426E-08  1.588688E-08  1.770111E-08  2.123720E-08  5.933528E-01  1.785939E-03  3.123000E-05  1.275589E-01  3.394765E-04  5.011109E-06  1.486950E-07  8.119071E-03  3.154446E-06  1.102894E-05  5.201866E-07  4.267949E-02  4.332588E-06  2.792545E-07  2.411060E-07  6.251768E-04  8.502169E-04  7.687077E-06  1.280515E-05  1.634705E-05  3.507603E-06
 2.951500E+02  2.248809E-01  1.120412E-04  1.160580E-08  1.533846E-08  1.709115E-08  2.051098E-08  5.934858E-01  1.750267E-03  2.917882E-05  1.278971E-01  3.344101E-04  4.721414E-06  1.448200E-07  7.957592E-03  2.977981E-06  1.044122E-05  4.977087E-07  4.204110E-02  4.125860E-06  2.693645E-07  2.323939E-07  6.145226E-04  8.357032E-04  7.225695E-06  1.200227E-05  1.532755E-05  3.324081E-06
 2.961500E+02  2.252744E-01  1.107423E-04  1.120431E-08  1.481212E-08  1.650571E-08  1.981376E-08  5.936151E-01  1.715567E-03  2.727565E-05  1.282288E-01  3.294326E-04  4.449849E-06  1.410600E-07  7.800352E-03  2.812520E-06  9.888614E-06  4.763427E-07  4.141483E-02  3.930043E-06  2.598776E-07  2.240432E-07  6.041059E-04  8.215143E-04  6.794496E-06  1.125452E-05  1.437773E-05  3.151221E-06
 2.971500E+02  2.256598E-01  1.094643E-04  1.081903E-08  1.430688E-08  1.594370E-08  1.914427E-08  5.937410E-01  1.681806E-03  2.550893E-05  1.285542E-01  3.245428E-04  4.195206E-06  1.374114E-07  7.647222E-03  2.657312E-06  9.368824E-06  4.560277E-07  4.080046E-02  3.744514E-06  2.507756E-07  2.160375E-07  5.939207E-04  8.076420E-04  6.391358E-06  1.055781E-05  1.349244E-05  2.988351E-06
 2.981500E+02  2.260373E-01  1.082070E-04  1.044922E-08  1.382179E-08  1.540408E-08  1.850126E-08  5.938634E-01  1.648953E-03  2.386805E-05  1.288733E-01  3.197393E-04  3.956359E-06  1.338707E-07  7.498074E-03  2.511661E-06  8.879707E-06  4.367062E-07  4.019775E-02  3.568688E-06  2.420415E-07  2.083610E-07  5.839611E-04  7.940782E-04  6.014320E-06  9.908382E-06  1.266694E-05  2.834841E-06
 2.991500E+02  2.264071E-01  1.069699E-04  1.009420E-08  1.335597E-08  1.488584E-08  1.788358E-08  5.939825E-01  1.616980E-03  2.234329E-05  1.291862E-01  3.150207E-04  3.732263E-06  1.304346E-07  7.352786E-03  2.374925E-06  8.419276E-06  4.183244E-07  3.960647E-02  3.402018E-06  2.336588E-07  2.009989E-07  5.742216E-04  7.808152E-04  5.661564E-06  9.302767E-06  1.189688E-05  2.690107E-06
 3.001500E+02  2.267695E-01  1.057528E-04  9.753310E-09  1.290855E-08  1.438806E-08  1.729011E-08  5.940985E-01  1.585857E-03  2.092574E-05  1.294931E-01  3.103857E-04  3.521944E-06  1.271000E-07  7.211241E-03  2.246505E-06  7.985682E-06  4.008314E-07  3.902641E-02  3.243985E-06  2.256119E-07  1.939370E-07  5.646965E-04  7.678453E-04  5.331408E-06  8.737769E-06  1.117821E-05  2.553600E-06
 3.011500E+02  2.271245E-01  1.045553E-04  9.425916E-09  1.247872E-08  1.390982E-08  1.671980E-08  5.942113E-01  1.555558E-03  1.960722E-05  1.297942E-01  3.058329E-04  3.324497E-06  1.238635E-07  7.073325E-03  2.125848E-06  7.577203E-06  3.841794E-07  3.845734E-02  3.094106E-06  2.178859E-07  1.871617E-07  5.553805E-04  7.551611E-04  5.022294E-06  8.210443E-06  1.050724E-05  2.424811E-06
 3.021500E+02  2.274723E-01  1.033771E-04  9.111426E-09  1.206572E-08  1.345027E-08  1.617162E-08  5.943213E-01  1.526055E-03  1.838022E-05  1.300895E-01  3.013611E-04  3.139079E-06  1.207223E-07  6.938929E-03  2.012439E-06  7.192240E-06  3.683235E-07  3.789905E-02  2.951925E-06  2.104666E-07  1.806601E-07  5.462683E-04  7.427555E-04  4.732778E-06  7.718070E-06  9.880526E-06  2.303264E-06
 3.031500E+02  2.278130E-01  1.022179E-04  8.809269E-09  1.166881E-08  1.300859E-08  1.564463E-08  5.944283E-01  1.497323E-03  1.723785E-05  1.303791E-01  2.969688E-04  2.964907E-06  1.176732E-07  6.807945E-03  1.905801E-06  6.829302E-06  3.532213E-07  3.735133E-02  2.817012E-06  2.033407E-07  1.744201E-07  5.373550E-04  7.306215E-04  4.461522E-06  7.258145E-06  9.294919E-06  2.188514E-06
 3.041500E+02  2.281469E-01  1.010774E-04  8.518907E-09  1.128728E-08  1.258400E-08  1.513790E-08  5.945325E-01  1.469338E-03  1.617376E-05  1.306632E-01  2.926548E-04  2.801250E-06  1.147136E-07  6.680272E-03  1.805491E-06  6.487002E-06  3.388330E-07  3.681396E-02  2.688964E-06  1.964952E-07  1.684300E-07  5.286354E-04  7.187521E-04  4.207284E-06  6.828350E-06  8.747495E-06  2.080147E-06
 3.051500E+02  2.284741E-01  9.995523E-05  8.239822E-09  1.092046E-08  1.217577E-08  1.465056E-08  5.946341E-01  1.442076E-03  1.518213E-05  1.309418E-01  2.884178E-04  2.647429E-06  1.118404E-07  6.555809E-03  1.711096E-06  6.164047E-06  3.251208E-07  3.628674E-02  2.567402E-06  1.899179E-07  1.626787E-07  5.201047E-04  7.071408E-04  3.968914E-06  6.426550E-06  8.235557E-06  1.977773E-06
 3.061500E+02  2.287948E-01  9.885114E-05  7.971524E-09  1.056773E-08  1.178319E-08  1.418178E-08  5.947331E-01  1.415515E-03  1.425760E-05  1.312152E-01  2.842564E-04  2.502810E-06  1.090512E-07  6.434463E-03  1.622234E-06  5.859232E-06  3.120493E-07  3.576946E-02  2.451968E-06  1.835972E-07  1.571556E-07  5.117583E-04  6.957810E-04  3.745344E-06  6.050767E-06  7.756611E-06  1.881032E-06
 3.071500E+02  2.291090E-01  9.776481E-05  7.713546E-09  1.022848E-08  1.140558E-08  1.373076E-08  5.948295E-01  1.389632E-03  1.339523E-05  1.314833E-01  2.801693E-04  2.366802E-06  1.063432E-07  6.316139E-03  1.538548E-06  5.571433E-06  2.995853E-07  3.526194E-02  2.342327E-06  1.775219E-07  1.518507E-07  5.035915E-04  6.846666E-04  3.535581E-06  5.699177E-06  7.308351E-06  1.789584E-06
 3.081500E+02  2.294169E-01  9.669593E-05  7.465443E-09  9.902117E-09  1.104230E-08  1.329676E-08  5.949235E-01  1.364406E-03  1.259047E-05  1.317463E-01  2.761553E-04  2.238857E-06  1.037138E-07  6.200748E-03  1.459708E-06  5.299602E-06  2.876970E-07  3.476396E-02  2.238162E-06  1.716814E-07  1.467544E-07  4.955999E-04  6.737913E-04  3.338706E-06  5.370090E-06  6.888645E-06  1.703112E-06
 3.091500E+02  2.297188E-01  9.564422E-05  7.226789E-09  9.588103E-09  1.069275E-08  1.287904E-08  5.950151E-01  1.339817E-03  1.183914E-05  1.320044E-01  2.722130E-04  2.118460E-06  1.011608E-07  6.088205E-03  1.385405E-06  5.042763E-06  2.763549E-07  3.427534E-02  2.139174E-06  1.660656E-07  1.418576E-07  4.877792E-04  6.631492E-04  3.153864E-06  5.061944E-06  6.495520E-06  1.621320E-06
 3.101500E+02  2.300146E-01  9.460937E-05  6.997179E-09  9.285909E-09  1.035633E-08  1.247693E-08  5.951044E-01  1.315845E-03  1.113738E-05  1.322576E-01  2.683412E-04  2.005134E-06  9.868160E-08  5.978424E-03  1.315352E-06  4.800001E-06  2.655309E-07  3.379588E-02  2.045085E-06  1.606649E-07  1.371516E-07  4.801251E-04  6.527344E-04  2.980259E-06  4.773293E-06  6.127147E-06  1.543930E-06
 3.111500E+02  2.303046E-01  9.359109E-05  6.776229E-09  8.995035E-09  1.003250E-08  1.208976E-08  5.951915E-01  1.292472E-03  1.048163E-05  1.325060E-01  2.645387E-04  1.898432E-06  9.627397E-08  5.871326E-03  1.249282E-06  4.570465E-06  2.551985E-07  3.332541E-02  1.955629E-06  1.554701E-07  1.326281E-07  4.726334E-04  6.425414E-04  2.817154E-06  4.502799E-06  5.781834E-06  1.470682E-06
 3.121500E+02  2.305888E-01  9.258911E-05  6.563571E-09  8.715003E-09  9.720717E-09  1.171691E-08  5.952765E-01  1.269679E-03  9.868597E-06  1.327497E-01  2.608042E-04  1.797938E-06  9.393566E-08  5.766832E-03  1.186945E-06  4.353358E-06  2.453328E-07  3.286374E-02  1.870557E-06  1.504724E-07  1.282792E-07  4.653003E-04  6.325647E-04  2.663862E-06  4.249222E-06  5.458014E-06  1.401335E-06
 3.131500E+02  2.308674E-01  9.160314E-05  6.358853E-09  8.445357E-09  9.420483E-09  1.135778E-08  5.953594E-01  1.247448E-03  9.295256E-06  1.329888E-01  2.571365E-04  1.703264E-06  9.166452E-08  5.664867E-03  1.128109E-06  4.147937E-06  2.359100E-07  3.241069E-02  1.789635E-06  1.456635E-07  1.240973E-07  4.581217E-04  6.227988E-04  2.519745E-06  4.011411E-06  5.154231E-06  1.335659E-06
 3.141500E+02  2.311406E-01  9.063290E-05  6.161742E-09  8.185663E-09  9.131313E-09  1.101179E-08  5.954402E-01  1.225763E-03  8.758807E-06  1.332234E-01  2.535344E-04  1.614048E-06  8.945844E-08  5.565357E-03  1.072557E-06  3.953505E-06  2.269081E-07  3.196608E-02  1.712641E-06  1.410354E-07  1.200754E-07  4.510939E-04  6.132387E-04  2.384208E-06  3.788303E-06  4.869140E-06  1.273441E-06
 3.151500E+02  2.314084E-01  8.967813E-05  5.971918E-09  7.935505E-09  8.852746E-09  1.067842E-08  5.955191E-01  1.204606E-03  8.256660E-06  1.334537E-01  2.499966E-04  1.529949E-06  8.731540E-08  5.468232E-03  1.020089E-06  3.769413E-06  2.183058E-07  3.152974E-02  1.639367E-06  1.365805E-07  1.162066E-07  4.442132E-04  6.038791E-04  2.256697E-06  3.578908E-06  4.601487E-06  1.214482E-06
 3.161500E+02  2.316710E-01  8.873854E-05  5.789077E-09  7.694488E-09  8.584344E-09  1.035713E-08  5.955961E-01  1.183963E-03  7.786425E-06  1.336796E-01  2.465220E-04  1.450654E-06  8.523342E-08  5.373424E-03  9.705141E-07  3.595051E-06  2.100833E-07  3.110150E-02  1.569617E-06  1.322915E-07  1.124843E-07  4.374760E-04  5.947152E-04  2.136700E-06  3.382311E-06  4.350114E-06  1.158594E-06
 3.171500E+02  2.319285E-01  8.781388E-05  5.612929E-09  7.462235E-09  8.325686E-09  1.004744E-08  5.956712E-01  1.163818E-03  7.345890E-06  1.339013E-01  2.431095E-04  1.375864E-06  8.321062E-08  5.280866E-03  9.236575E-07  3.429850E-06  2.022218E-07  3.068120E-02  1.503205E-06  1.281615E-07  1.089024E-07  4.308787E-04  5.857422E-04  2.023734E-06  3.197661E-06  4.113943E-06  1.105602E-06
 3.181500E+02  2.321810E-01  8.690389E-05  5.443196E-09  7.238383E-09  8.076371E-09  9.748858E-09  5.957445E-01  1.144156E-03  6.933007E-06  1.341189E-01  2.397579E-04  1.305306E-06  8.124513E-08  5.190493E-03  8.793547E-07  3.273278E-06  1.947034E-07  3.026867E-02  1.439956E-06  1.241839E-07  1.054549E-07  4.244180E-04  5.769554E-04  1.917355E-06  3.024167E-06  3.891972E-06  1.055340E-06
 3.191500E+02  2.324286E-01  8.600830E-05  5.279613E-09  7.022590E-09  7.836019E-09  9.460945E-09  5.958161E-01  1.124963E-03  6.545882E-06  1.343324E-01  2.364660E-04  1.238720E-06  7.933520E-08  5.102245E-03  8.374519E-07  3.124834E-06  1.875114E-07  2.986375E-02  1.379705E-06  1.203524E-07  1.021361E-07  4.180906E-04  5.683503E-04  1.817146E-06  2.861096E-06  3.683272E-06  1.007653E-06
 3.201500E+02  2.326714E-01  8.512686E-05  5.121929E-09  6.814526E-09  7.604262E-09  9.183264E-09  5.958860E-01  1.106226E-03  6.182761E-06  1.345420E-01  2.332327E-04  1.175865E-06  7.747907E-08  5.016061E-03  7.978057E-07  2.984050E-06  1.806299E-07  2.946628E-02  1.322296E-06  1.166610E-07  9.894069E-08  4.118932E-04  5.599224E-04  1.722718E-06  2.707765E-06  3.486978E-06  9.623973E-07
 3.211500E+02  2.329095E-01  8.425933E-05  4.969902E-09  6.613876E-09  7.380753E-09  8.915403E-09  5.959543E-01  1.087930E-03  5.842019E-06  1.347477E-01  2.300570E-04  1.116516E-06  7.567510E-08  4.931884E-03  7.602819E-07  2.850488E-06  1.740437E-07  2.907612E-02  1.267582E-06  1.131038E-07  9.586348E-08  4.058227E-04  5.516675E-04  1.633710E-06  2.563542E-06  3.302287E-06  9.194352E-07
 3.221500E+02  2.331431E-01  8.340546E-05  4.823301E-09  6.420342E-09  7.165157E-09  8.656967E-09  5.960210E-01  1.070063E-03  5.522147E-06  1.349496E-01  2.269377E-04  1.060461E-06  7.392165E-08  4.849656E-03  7.247548E-07  2.723738E-06  1.677386E-07  2.869311E-02  1.215424E-06  1.096755E-07  9.289957E-08  3.998760E-04  5.435812E-04  1.549783E-06  2.427837E-06  3.128451E-06  8.786391E-07
 3.231500E+02  2.333722E-01  8.256500E-05  4.681907E-09  6.233636E-09  6.957157E-09  8.407579E-09  5.960861E-01  1.052613E-03  5.221751E-06  1.351478E-01  2.238738E-04  1.007502E-06  7.221717E-08  4.769324E-03  6.911072E-07  2.603412E-06  1.617011E-07  2.831710E-02  1.165691E-06  1.063707E-07  9.004424E-08  3.940501E-04  5.356597E-04  1.470623E-06  2.300101E-06  2.964774E-06  8.398885E-07
 3.241500E+02  2.335969E-01  8.173772E-05  4.545510E-09  6.053483E-09  6.756449E-09  8.166879E-09  5.961497E-01  1.035568E-03  4.939532E-06  1.353423E-01  2.208643E-04  9.574554E-07  7.056014E-08  4.690835E-03  6.592290E-07  2.489150E-06  1.559183E-07  2.794795E-02  1.118259E-06  1.031844E-07  8.729304E-08  3.883421E-04  5.278988E-04  1.395936E-06  2.179824E-06  2.810608E-06  8.030706E-07
 3.251500E+02  2.338174E-01  8.092339E-05  4.413908E-09  5.879623E-09  6.562740E-09  7.934521E-09  5.962119E-01  1.018916E-03  4.674288E-06  1.355333E-01  2.179080E-04  9.101473E-07  6.894910E-08  4.614137E-03  6.290173E-07  2.380613E-06  1.503783E-07  2.758552E-02  1.073011E-06  1.001118E-07  8.464167E-08  3.827492E-04  5.202948E-04  1.325447E-06  2.066531E-06  2.665350E-06  7.680788E-07
 3.261500E+02  2.340337E-01  8.012178E-05  4.286909E-09  5.711806E-09  6.375753E-09  7.710177E-09  5.962727E-01  1.002646E-03  4.424903E-06  1.357208E-01  2.150041E-04  8.654157E-07  6.738263E-08  4.539183E-03  6.003758E-07  2.277480E-06  1.450695E-07  2.722967E-02  1.029836E-06  9.714835E-08  8.208605E-08  3.772687E-04  5.128438E-04  1.258898E-06  1.959779E-06  2.528439E-06  7.348133E-07
 3.271500E+02  2.342459E-01  7.933266E-05  4.164331E-09  5.549790E-09  6.195223E-09  7.493531E-09  5.963320E-01  9.867475E-04  4.190338E-06  1.359049E-01  2.121514E-04  8.231085E-07  6.585936E-08  4.465923E-03  5.732140E-07  2.179454E-06  1.399809E-07  2.688026E-02  9.886306E-07  9.428968E-08  7.962228E-08  3.718979E-04  5.055422E-04  1.196052E-06  1.859157E-06  2.399350E-06  7.031800E-07
 3.281500E+02  2.344541E-01  7.855580E-05  4.045997E-09  5.393349E-09  6.020894E-09  7.284282E-09  5.963901E-01  9.712095E-04  3.969630E-06  1.360857E-01  2.093490E-04  7.830836E-07  6.437795E-08  4.394312E-03  5.474474E-07  2.086252E-06  1.351023E-07  2.653716E-02  9.492945E-07  9.153157E-08  7.724662E-08  3.666341E-04  4.983865E-04  1.136683E-06  1.764279E-06  2.277595E-06  6.730906E-07
 3.291500E+02  2.346584E-01  7.779100E-05  3.931741E-09  5.242262E-09  5.852524E-09  7.082140E-09  5.964468E-01  9.560221E-04  3.761883E-06  1.362632E-01  2.065960E-04  7.452075E-07  6.293713E-08  4.324304E-03  5.229965E-07  1.997611E-06  1.304240E-07  2.620023E-02  9.117347E-07  8.887004E-08  7.495553E-08  3.614748E-04  4.913731E-04  1.080582E-06  1.674787E-06  2.162718E-06  6.444617E-07
 3.301500E+02  2.348588E-01  7.703804E-05  3.821401E-09  5.096321E-09  5.689880E-09  6.886831E-09  5.965022E-01  9.411755E-04  3.566262E-06  1.364375E-01  2.038914E-04  7.093551E-07  6.153566E-08  4.255856E-03  4.997868E-07  1.913282E-06  1.259365E-07  2.586937E-02  8.758628E-07  8.630124E-08  7.274559E-08  3.564177E-04  4.844987E-04  1.027554E-06  1.590348E-06  2.054296E-06  6.172149E-07
 3.311500E+02  2.350556E-01  7.629670E-05  3.714824E-09  4.955325E-09  5.532739E-09  6.698089E-09  5.965565E-01  9.266604E-04  3.381992E-06  1.366086E-01  2.012342E-04  6.754091E-07  6.017232E-08  4.188926E-03  4.777486E-07  1.833031E-06  1.216312E-07  2.554442E-02  8.415950E-07  8.382152E-08  7.061354E-08  3.514601E-04  4.777600E-04  9.774140E-07  1.510650E-06  1.951931E-06  5.912766E-07
 3.321500E+02  2.352487E-01  7.556678E-05  3.611864E-09  4.819082E-09  5.380889E-09  6.515663E-09  5.966095E-01  9.124674E-04  3.208351E-06  1.367767E-01  1.986236E-04  6.432597E-07  5.884597E-08  4.123474E-03  4.568162E-07  1.756639E-06  1.174996E-07  2.522529E-02  8.088522E-07  8.142737E-08  6.855629E-08  3.465999E-04  4.711538E-04  9.299916E-07  1.435401E-06  1.855253E-06  5.665770E-07
 3.331500E+02  2.354382E-01  7.484807E-05  3.512380E-09  4.687409E-09  5.234124E-09  6.339310E-09  5.966614E-01  8.985878E-04  3.044668E-06  1.369417E-01  1.960586E-04  6.128035E-07  5.755546E-08  4.059459E-03  4.369280E-07  1.683899E-06  1.135338E-07  2.491184E-02  7.775594E-07  7.911544E-08  6.657085E-08  3.418347E-04  4.646769E-04  8.851260E-07  1.364330E-06  1.763916E-06  5.430509E-07
 3.341500E+02  2.356242E-01  7.414038E-05  3.416238E-09  4.560131E-09  5.092251E-09  6.168798E-09  5.967121E-01  8.850131E-04  2.890315E-06  1.371038E-01  1.935383E-04  5.839438E-07  5.629972E-08  3.996843E-03  4.180262E-07  1.614616E-06  1.097263E-07  2.460396E-02  7.476457E-07  7.688253E-08  6.465438E-08  3.371622E-04  4.583265E-04  8.426667E-07  1.297183E-06  1.677597E-06  5.206364E-07
 3.351500E+02  2.358068E-01  7.344352E-05  3.323309E-09  4.437079E-09  4.955082E-09  6.003905E-09  5.967617E-01  8.717348E-04  2.744710E-06  1.372631E-01  1.910620E-04  5.565895E-07  5.507769E-08  3.935590E-03  4.000566E-07  1.548606E-06  1.060699E-07  2.430153E-02  7.190438E-07  7.472555E-08  6.280416E-08  3.325805E-04  4.520994E-04  8.024731E-07  1.233723E-06  1.595995E-06  4.992753E-07
 3.361500E+02  2.359860E-01  7.275727E-05  3.233470E-09  4.318092E-09  4.822438E-09  5.844418E-09  5.968103E-01  8.587451E-04  2.607308E-06  1.374195E-01  1.886287E-04  5.306554E-07  5.388834E-08  3.875662E-03  3.829680E-07  1.485698E-06  1.025578E-07  2.400444E-02  6.916900E-07  7.264158E-08  6.101759E-08  3.280872E-04  4.459928E-04  7.644131E-07  1.173728E-06  1.518826E-06  4.789128E-07
 3.371500E+02  2.361620E-01  7.208147E-05  3.146603E-09  4.203016E-09  4.694148E-09  5.690135E-09  5.968578E-01  8.460360E-04  2.477602E-06  1.375731E-01  1.862376E-04  5.060614E-07  5.273070E-08  3.817026E-03  3.667124E-07  1.425728E-06  9.918359E-08  2.371259E-02  6.655242E-07  7.062781E-08  5.929217E-08  3.236805E-04  4.400039E-04  7.283631E-07  1.116991E-06  1.445828E-06  4.594971E-07
 3.381500E+02  2.363347E-01  7.141593E-05  3.062595E-09  4.091704E-09  4.570048E-09  5.540859E-09  5.969043E-01  8.336002E-04  2.355118E-06  1.377240E-01  1.838879E-04  4.827319E-07  5.160380E-08  3.759647E-03  3.512446E-07  1.368544E-06  9.594108E-08  2.342586E-02  6.404891E-07  6.868153E-08  5.762554E-08  3.193582E-04  4.341300E-04  6.942070E-07  1.063318E-06  1.376752E-06  4.409793E-07
 3.391500E+02  2.365044E-01  7.076045E-05  2.981338E-09  3.984013E-09  4.449980E-09  5.396405E-09  5.969498E-01  8.214302E-04  2.239416E-06  1.378723E-01  1.815788E-04  4.605964E-07  5.050673E-08  3.703492E-03  3.365223E-07  1.314000E-06  9.282445E-08  2.314415E-02  6.165306E-07  6.680017E-08  5.601540E-08  3.151184E-04  4.283685E-04  6.618362E-07  1.012527E-06  1.311368E-06  4.233135E-07
 3.401500E+02  2.366709E-01  7.011486E-05  2.902729E-09  3.879809E-09  4.333793E-09  5.256592E-09  5.969943E-01  8.095191E-04  2.130081E-06  1.380180E-01  1.793094E-04  4.395883E-07  4.943859E-08  3.648530E-03  3.225055E-07  1.261960E-06  8.982814E-08  2.286736E-02  5.935974E-07  6.498125E-08  5.445958E-08  3.109593E-04  4.227166E-04  6.311487E-07  9.644500E-07  1.249459E-06  4.064559E-07
 3.411500E+02  2.368345E-01  6.947899E-05  2.826668E-09  3.778961E-09  4.221344E-09  5.121248E-09  5.970379E-01  7.978599E-04  2.026730E-06  1.381611E-01  1.770791E-04  4.196449E-07  4.839851E-08  3.594730E-03  3.091564E-07  1.212296E-06  8.694688E-08  2.259539E-02  5.716409E-07  6.322242E-08  5.295599E-08  3.068790E-04  4.171720E-04  6.020487E-07  9.189266E-07  1.190823E-06  3.903657E-07
 3.421500E+02  2.369951E-01  6.885267E-05  2.753061E-09  3.681345E-09  4.112493E-09  4.990210E-09  5.970806E-01  7.864461E-04  1.929002E-06  1.383017E-01  1.748871E-04  4.007077E-07  4.738566E-08  3.542062E-03  2.964397E-07  1.164886E-06  8.417564E-08  2.232813E-02  5.506147E-07  6.152141E-08  5.150263E-08  3.028756E-04  4.117321E-04  5.744464E-07  8.758083E-07  1.135269E-06  3.750039E-07
 3.431500E+02  2.371529E-01  6.823572E-05  2.681815E-09  3.586842E-09  4.007108E-09  4.863319E-09  5.971224E-01  7.752713E-04  1.836561E-06  1.384399E-01  1.727325E-04  3.827211E-07  4.639922E-08  3.490496E-03  2.843221E-07  1.119617E-06  8.150964E-08  2.206550E-02  5.304753E-07  5.987604E-08  5.009758E-08  2.989475E-04  4.063946E-04  5.482574E-07  8.349557E-07  1.082620E-06  3.603339E-07
 3.441500E+02  2.373078E-01  6.762798E-05  2.612844E-09  3.495336E-09  3.905062E-09  4.740423E-09  5.971634E-01  7.643291E-04  1.749091E-06  1.385757E-01  1.706148E-04  3.656331E-07  4.543842E-08  3.440005E-03  2.727720E-07  1.076379E-06  7.894434E-08  2.180739E-02  5.111809E-07  5.828423E-08  4.873900E-08  2.950930E-04  4.011571E-04  5.234025E-07  7.962380E-07  1.032709E-06  3.463211E-07
 3.451500E+02  2.374600E-01  6.702929E-05  2.546064E-09  3.406719E-09  3.806232E-09  4.621378E-09  5.972034E-01  7.536137E-04  1.666299E-06  1.387092E-01  1.685331E-04  3.493949E-07  4.450249E-08  3.390560E-03  2.617599E-07  1.035070E-06  7.647540E-08  2.155373E-02  4.926923E-07  5.674398E-08  4.742515E-08  2.913103E-04  3.960174E-04  4.998073E-07  7.595328E-07  9.853787E-07  3.329327E-07
 3.461500E+02  2.376095E-01  6.643948E-05  2.481394E-09  3.320885E-09  3.710501E-09  4.506043E-09  5.972427E-01  7.431191E-04  1.587910E-06  1.388403E-01  1.664867E-04  3.339602E-07  4.359070E-08  3.342137E-03  2.512578E-07  9.955947E-07  7.409869E-08  2.130440E-02  4.749720E-07  5.525338E-08  4.615434E-08  2.875978E-04  3.909732E-04  4.774018E-07  7.247250E-07  9.404833E-07  3.201377E-07
 3.471500E+02  2.377563E-01  6.585840E-05  2.418758E-09  3.237732E-09  3.617757E-09  4.394285E-09  5.972812E-01  7.328396E-04  1.513665E-06  1.389692E-01  1.644751E-04  3.192856E-07  4.270234E-08  3.294707E-03  2.412393E-07  9.578611E-07  7.181030E-08  2.105934E-02  4.579844E-07  5.381060E-08  4.492494E-08  2.839540E-04  3.860225E-04  4.561202E-07  6.917070E-07  8.978848E-07  3.079068E-07
 3.481500E+02  2.379006E-01  6.528590E-05  2.358082E-09  3.157165E-09  3.527893E-09  4.285976E-09  5.973188E-01  7.227698E-04  1.443324E-06  1.390959E-01  1.624975E-04  3.053303E-07  4.183671E-08  3.248248E-03  2.316796E-07  9.217833E-07  6.960647E-08  2.081845E-02  4.416959E-07  5.241388E-08  4.373543E-08  2.803773E-04  3.811630E-04  4.359009E-07  6.603774E-07  8.574539E-07  2.962123E-07
 3.491500E+02  2.380424E-01  6.472182E-05  2.299294E-09  3.079089E-09  3.440804E-09  4.180993E-09  5.973558E-01  7.129043E-04  1.376659E-06  1.392205E-01  1.605532E-04  2.920557E-07  4.099317E-08  3.202734E-03  2.225553E-07  8.872797E-07  6.748364E-08  2.058164E-02  4.260744E-07  5.106153E-08  4.258431E-08  2.768662E-04  3.763928E-04  4.166855E-07  6.306414E-07  8.190692E-07  2.850281E-07
 3.501500E+02  2.381816E-01  6.416602E-05  2.242327E-09  3.003417E-09  3.356392E-09  4.079216E-09  5.973919E-01  7.032380E-04  1.313460E-06  1.393429E-01  1.586416E-04  2.794255E-07  4.017105E-08  3.158141E-03  2.138441E-07  8.542731E-07  6.543842E-08  2.034884E-02  4.110894E-07  4.975193E-08  4.147017E-08  2.734193E-04  3.717098E-04  3.984194E-07  6.024098E-07  7.826168E-07  2.743292E-07
 3.511500E+02  2.383185E-01  6.361836E-05  2.187116E-09  2.930061E-09  3.274561E-09  3.980533E-09  5.974274E-01  6.937658E-04  1.253527E-06  1.394633E-01  1.567621E-04  2.674055E-07  3.936973E-08  3.114448E-03  2.055252E-07  8.226907E-07  6.346755E-08  2.011997E-02  3.967121E-07  4.848352E-08  4.039163E-08  2.700352E-04  3.671122E-04  3.810512E-07  5.755987E-07  7.479895E-07  2.640922E-07
 3.521500E+02  2.384530E-01  6.307867E-05  2.133597E-09  2.858940E-09  3.195219E-09  3.884834E-09  5.974621E-01  6.844829E-04  1.196674E-06  1.395816E-01  1.549140E-04  2.559635E-07  3.858861E-08  3.071630E-03  1.975789E-07  7.924634E-07  6.156796E-08  1.989494E-02  3.829149E-07  4.725482E-08  3.934740E-08  2.667124E-04  3.625980E-04  3.645323E-07  5.501296E-07  7.150867E-07  2.542948E-07
 3.531500E+02  2.385851E-01  6.254684E-05  2.081711E-09  2.789975E-09  3.118280E-09  3.792015E-09  5.974962E-01  6.753845E-04  1.142728E-06  1.396980E-01  1.530967E-04  2.450691E-07  3.782711E-08  3.029668E-03  1.899864E-07  7.635259E-07  5.973669E-08  1.967368E-02  3.696718E-07  4.606440E-08  3.833622E-08  2.634495E-04  3.581653E-04  3.488172E-07  5.259285E-07  6.838138E-07  2.449160E-07
 3.541500E+02  2.387150E-01  6.202272E-05  2.031399E-09  2.723090E-09  3.043657E-09  3.701974E-09  5.975296E-01  6.664661E-04  1.091523E-06  1.398124E-01  1.513097E-04  2.346934E-07  3.708466E-08  2.988540E-03  1.827303E-07  7.358164E-07  5.797093E-08  1.945611E-02  3.569579E-07  4.491089E-08  3.735689E-08  2.602454E-04  3.538125E-04  3.338628E-07  5.029258E-07  6.540817E-07  2.359358E-07
 3.551500E+02  2.388427E-01  6.150618E-05  1.982607E-09  2.658213E-09  2.971271E-09  3.614616E-09  5.975623E-01  6.577231E-04  1.042906E-06  1.399249E-01  1.495523E-04  2.248096E-07  3.636070E-08  2.948225E-03  1.757937E-07  7.092762E-07  5.626800E-08  1.924217E-02  3.447495E-07  4.379296E-08  3.640826E-08  2.570986E-04  3.495376E-04  3.196288E-07  4.810561E-07  6.258067E-07  2.273352E-07
 3.561500E+02  2.389682E-01  6.099708E-05  1.935281E-09  2.595272E-09  2.901043E-09  3.529847E-09  5.975944E-01  6.491514E-04  9.967326E-07  1.400355E-01  1.478240E-04  2.153920E-07  3.565472E-08  2.908705E-03  1.691609E-07  6.838498E-07  5.462534E-08  1.903177E-02  3.330243E-07  4.270935E-08  3.548921E-08  2.540080E-04  3.453391E-04  3.060769E-07  4.602579E-07  5.989101E-07  2.190963E-07
 3.571500E+02  2.390916E-01  6.049530E-05  1.889369E-09  2.534201E-09  2.832898E-09  3.447578E-09  5.976258E-01  6.407466E-04  9.528672E-07  1.401443E-01  1.461242E-04  2.064165E-07  3.496618E-08  2.869958E-03  1.628171E-07  6.594846E-07  5.304051E-08  1.882485E-02  3.217608E-07  4.165884E-08  3.459868E-08  2.509723E-04  3.412152E-04  2.931711E-07  4.404733E-07  5.733178E-07  2.112021E-07
 3.581500E+02  2.392128E-01  6.000071E-05  1.844824E-09  2.474935E-09  2.766765E-09  3.367723E-09  5.976567E-01  6.325048E-04  9.111822E-07  1.402513E-01  1.444524E-04  1.978604E-07  3.429461E-08  2.831967E-03  1.567481E-07  6.361308E-07  5.151117E-08  1.862133E-02  3.109387E-07  4.064027E-08  3.373566E-08  2.479903E-04  3.371644E-04  2.808777E-07  4.216479E-07  5.489598E-07  2.036365E-07
 3.591500E+02  2.393320E-01  5.951318E-05  1.801596E-09  2.417412E-09  2.702575E-09  3.290199E-09  5.976869E-01  6.244219E-04  8.715578E-07  1.403565E-01  1.428080E-04  1.897022E-07  3.363950E-08  2.794714E-03  1.509406E-07  6.137410E-07  5.003510E-08  1.842116E-02  3.005386E-07  3.965252E-08  3.289917E-08  2.450608E-04  3.331850E-04  2.691646E-07  4.037302E-07  5.257706E-07  1.963842E-07
 3.601500E+02  2.394493E-01  5.903259E-05  1.759642E-09  2.361573E-09  2.640260E-09  3.214927E-09  5.977166E-01  6.164941E-04  8.338814E-07  1.404600E-01  1.411906E-04  1.819215E-07  3.300040E-08  2.758181E-03  1.453820E-07  5.922704E-07  4.861016E-08  1.822426E-02  2.905422E-07  3.869450E-08  3.208825E-08  2.421828E-04  3.292755E-04  2.580016E-07  3.866721E-07  5.036882E-07  1.894305E-07
 3.611500E+02  2.395645E-01  5.855882E-05  1.718917E-09  2.307360E-09  2.579757E-09  3.141831E-09  5.977457E-01  6.087177E-04  7.980471E-07  1.405618E-01  1.395995E-04  1.744992E-07  3.237685E-08  2.722351E-03  1.400602E-07  5.716766E-07  4.723432E-08  1.803057E-02  2.809318E-07  3.776519E-08  3.130202E-08  2.393550E-04  3.254343E-04  2.473602E-07  3.704279E-07  4.826541E-07  1.827619E-07
 3.621500E+02  2.396778E-01  5.809176E-05  1.679379E-09  2.254717E-09  2.521005E-09  3.070838E-09  5.977743E-01  6.010890E-04  7.639553E-07  1.406619E-01  1.380342E-04  1.674172E-07  3.176842E-08  2.687206E-03  1.349641E-07  5.519190E-07  4.590564E-08  1.784003E-02  2.716907E-07  3.686359E-08  3.053960E-08  2.365766E-04  3.216601E-04  2.372137E-07  3.549548E-07  4.626135E-07  1.763651E-07
 3.631500E+02  2.397893E-01  5.763129E-05  1.640988E-09  2.203591E-09  2.463944E-09  3.001876E-09  5.978023E-01  5.936046E-04  7.315121E-07  1.407605E-01  1.364944E-04  1.606583E-07  3.117467E-08  2.652732E-03  1.300827E-07  5.329595E-07  4.462227E-08  1.765258E-02  2.628031E-07  3.598873E-08  2.980016E-08  2.338463E-04  3.179514E-04  2.275367E-07  3.402123E-07  4.435144E-07  1.702277E-07
 3.641500E+02  2.398989E-01  5.717729E-05  1.603705E-09  2.153933E-09  2.408518E-09  2.934878E-09  5.978298E-01  5.862610E-04  7.006293E-07  1.408574E-01  1.349794E-04  1.542062E-07  3.059520E-08  2.618911E-03  1.254061E-07  5.147616E-07  4.338242E-08  1.746815E-02  2.542537E-07  3.513971E-08  2.908290E-08  2.311631E-04  3.143068E-04  2.183051E-07  3.261624E-07  4.253079E-07  1.643380E-07
 3.651500E+02  2.400066E-01  5.672965E-05  1.567492E-09  2.105691E-09  2.354671E-09  2.869778E-09  5.978568E-01  5.790549E-04  6.712239E-07  1.409527E-01  1.334889E-04  1.480458E-07  3.002961E-08  2.585729E-03  1.209245E-07  4.972907E-07  4.218440E-08  1.728668E-02  2.460282E-07  3.431563E-08  2.838704E-08  2.285261E-04  3.107249E-04  2.094965E-07  3.127689E-07  4.079479E-07  1.586848E-07
 3.661500E+02  2.401127E-01  5.628828E-05  1.532315E-09  2.058819E-09  2.302352E-09  2.806513E-09  5.978832E-01  5.719830E-04  6.432174E-07  1.410466E-01  1.320223E-04  1.421624E-07  2.947750E-08  2.553171E-03  1.166287E-07  4.805142E-07  4.102659E-08  1.710812E-02  2.381127E-07  3.351565E-08  2.771186E-08  2.259343E-04  3.072044E-04  2.010893E-07  2.999981E-07  3.913907E-07  1.532573E-07
 3.671500E+02  2.402169E-01  5.585305E-05  1.498138E-09  2.013272E-09  2.251509E-09  2.745023E-09  5.979092E-01  5.650422E-04  6.165363E-07  1.411389E-01  1.305793E-04  1.365425E-07  2.893852E-08  2.521222E-03  1.125102E-07  4.644008E-07  3.990742E-08  1.693242E-02  2.304942E-07  3.273896E-08  2.705663E-08  2.233867E-04  3.037441E-04  1.930634E-07  2.878179E-07  3.755954E-07  1.480454E-07
 3.681500E+02  2.403195E-01  5.542386E-05  1.464927E-09  1.969006E-09  2.202093E-09  2.685250E-09  5.979347E-01  5.582295E-04  5.911109E-07  1.412298E-01  1.291592E-04  1.311729E-07  2.841228E-08  2.489868E-03  1.085607E-07  4.489208E-07  3.882543E-08  1.675951E-02  2.231600E-07  3.198475E-08  2.642067E-08  2.208825E-04  3.003425E-04  1.853998E-07  2.761980E-07  3.605231E-07  1.430396E-07
 3.691500E+02  2.404204E-01  5.500062E-05  1.432652E-09  1.925978E-09  2.154058E-09  2.627137E-09  5.979597E-01  5.515419E-04  5.668758E-07  1.413192E-01  1.277618E-04  1.260414E-07  2.789845E-08  2.459095E-03  1.047724E-07  4.340462E-07  3.777917E-08  1.658934E-02  2.160984E-07  3.125228E-08  2.580333E-08  2.184206E-04  2.969986E-04  1.780802E-07  2.651100E-07  3.461371E-07  1.382306E-07
 3.701500E+02  2.405197E-01  5.458322E-05  1.401281E-09  1.884148E-09  2.107359E-09  2.570630E-09  5.979843E-01  5.449765E-04  5.437691E-07  1.414072E-01  1.263866E-04  1.211364E-07  2.739668E-08  2.428890E-03  1.011380E-07  4.197501E-07  3.676730E-08  1.642186E-02  2.092978E-07  3.054081E-08  2.520398E-08  2.160002E-04  2.937110E-04  1.710878E-07  2.545268E-07  3.324028E-07  1.336099E-07
 3.711500E+02  2.406174E-01  5.417156E-05  1.370784E-09  1.843476E-09  2.061952E-09  2.515677E-09  5.980085E-01  5.385304E-04  5.217325E-07  1.414938E-01  1.250331E-04  1.164469E-07  2.690664E-08  2.399240E-03  9.765025E-08  4.060071E-07  3.578851E-08  1.625702E-02  2.027474E-07  2.984966E-08  2.462199E-08  2.136205E-04  2.904787E-04  1.644063E-07  2.444231E-07  3.192875E-07  1.291690E-07
 3.721500E+02  2.407135E-01  5.376555E-05  1.341133E-09  1.803926E-09  2.017794E-09  2.462228E-09  5.980321E-01  5.322010E-04  5.007111E-07  1.415790E-01  1.237010E-04  1.119624E-07  2.642801E-08  2.370133E-03  9.430263E-08  3.927930E-07  3.484155E-08  1.609476E-02  1.964368E-07  2.917813E-08  2.405680E-08  2.112806E-04  2.873005E-04  1.580204E-07  2.347746E-07  3.067602E-07  1.249001E-07
 3.731500E+02  2.408080E-01  5.336508E-05  1.312300E-09  1.765461E-09  1.974846E-09  2.410234E-09  5.980554E-01  5.259856E-04  4.806530E-07  1.416629E-01  1.223899E-04  1.076730E-07  2.596047E-08  2.341555E-03  9.108877E-08  3.800847E-07  3.392522E-08  1.593504E-02  1.903563E-07  2.852559E-08  2.350784E-08  2.089796E-04  2.841752E-04  1.519156E-07  2.255588E-07  2.947918E-07  1.207958E-07
