#         T/K            c1          c2-1          c3-4          c3-5          c3-7          c3-9            m1          m2-1          m3-1            w1            w2          w3-1          w3-2          c1m1        c1m2-1        c1m2-7        c2m1-1        c1w1-2        c1w2-1        c2w1-1        c2w1-9        m1w1-1        m1w1-4        m1w2-1        m2w1-1        m2w1-3      c1m1w1-1
 2.731500E+02  2.064083E-01  1.455795E-04  2.718505E-08  3.568103E-08  3.969798E-08  4.733491E-08  2.452039E-01  5.221438E-04  1.200086E-05  3.527397E-01  4.408746E-03  5.604547E-04  7.863778E-06  5.467902E-03  2.213241E-06  7.262348E-06  6.219227E-07  1.813183E-01  1.245561E-04  1.962433E-06  1.723224E-06  1.206569E-03  1.642466E-03  1.284136E-04  3.232117E-05  4.093519E-05  1.593294E-05
 2.741500E+02  2.077180E-01  1.446098E-04  2.634157E-08  3.458565E-08  3.848216E-08  4.589965E-08  2.453087E-01  5.094926E-04  1.106637E-05  3.541430E-01  4.334571E-03  5.232035E-04  7.626388E-06  5.357201E-03  2.073624E-06  6.826256E-06  5.941361E-07  1.788171E-01  1.180731E-04  1.893962E-06  1.661664E-06  1.182380E-03  1.609435E-03  1.194510E-04  2.994041E-05  3.793504E-05  1.500698E-05
 2.751500E+02  2.090085E-01  1.436352E-04  2.552577E-08  3.352580E-08  3.730566E-08  4.451031E-08  2.454104E-01  4.972449E-04  1.021105E-05  3.555229E-01  4.261849E-03  4.886189E-04  7.397113E-06  5.249242E-03  1.943679E-06  6.419062E-06  5.677249E-07  1.763512E-01  1.119573E-04  1.828092E-06  1.602500E-06  1.158811E-03  1.577257E-03  1.111657E-04  2.775012E-05  3.517382E-05  1.413989E-05
 2.761500E+02  2.102800E-01  1.426563E-04  2.473676E-08  3.250035E-08  3.616726E-08  4.316547E-08  2.455091E-01  4.853857E-04  9.427685E-06  3.568799E-01  4.190554E-03  4.564981E-04  7.175660E-06  5.143951E-03  1.822681E-06  6.038688E-06  5.426155E-07  1.739205E-01  1.061864E-04  1.764721E-06  1.545634E-06  1.135845E-03  1.545907E-03  1.035028E-04  2.573394E-05  3.263112E-05  1.332765E-05
 2.771500E+02  2.115325E-01  1.416739E-04  2.397369E-08  3.150822E-08  3.506575E-08  4.186374E-08  2.456048E-01  4.739002E-04  8.709762E-06  3.582142E-01  4.120661E-03  4.266542E-04  6.961748E-06  5.041257E-03  1.709965E-06  5.683219E-06  5.187388E-07  1.715247E-01  1.007397E-04  1.703752E-06  1.490974E-06  1.113465E-03  1.515360E-03  9.641244E-05  2.387702E-05  3.028837E-05  1.256652E-05
 2.781500E+02  2.127663E-01  1.406884E-04  2.323572E-08  3.054836E-08  3.399997E-08  4.060378E-08  2.456978E-01  4.627746E-04  8.051404E-06  3.595263E-01  4.052144E-03  3.989155E-04  6.755106E-06  4.941090E-03  1.604917E-06  5.350885E-06  4.960295E-07  1.691637E-01  9.559770E-05  1.645089E-06  1.438432E-06  1.091654E-03  1.485593E-03  8.984877E-05  2.216585E-05  2.812868E-05  1.185304E-05
 2.791500E+02  2.139814E-01  1.397004E-04  2.252204E-08  2.961973E-08  3.296878E-08  3.938429E-08  2.457881E-01  4.519954E-04  7.447292E-06  3.608166E-01  3.984979E-03  3.731238E-04  6.555471E-06  4.843381E-03  1.506974E-06  5.040052E-06  4.744259E-07  1.668372E-01  9.074227E-05  1.588643E-06  1.387920E-06  1.070395E-03  1.456585E-03  8.376993E-05  2.058814E-05  2.613668E-05  1.118400E-05
 2.801500E+02  2.151781E-01  1.387106E-04  2.183186E-08  2.872134E-08  3.197109E-08  3.820400E-08  2.458758E-01  4.415498E-04  6.892614E-06  3.620853E-01  3.919141E-03  3.491334E-04  6.362589E-06  4.748066E-03  1.415614E-06  4.749208E-06  4.538698E-07  1.645451E-01  8.615629E-05  1.534326E-06  1.339358E-06  1.049673E-03  1.428312E-03  7.813752E-05  1.913270E-05  2.429837E-05  1.055641E-05
 2.811500E+02  2.163564E-01  1.377195E-04  2.116441E-08  2.785222E-08  3.100582E-08  3.706166E-08  2.459610E-01  4.314256E-04  6.383015E-06  3.633329E-01  3.854603E-03  3.268101E-04  6.176216E-06  4.655080E-03  1.330358E-06  4.476957E-06  4.343064E-07  1.622870E-01  8.182377E-05  1.482054E-06  1.292667E-06  1.029472E-03  1.400754E-03  7.291643E-05  1.778935E-05  2.260099E-05  9.967509E-06
 2.821500E+02  2.175167E-01  1.367276E-04  2.051895E-08  2.701142E-08  3.007193E-08  3.595608E-08  2.460438E-01  4.216110E-04  5.914547E-06  3.645597E-01  3.791342E-03  3.060303E-04  5.996116E-06  4.564360E-03  1.250765E-06  4.222006E-06  4.156836E-07  1.600628E-01  7.772970E-05  1.431746E-06  1.247770E-06  1.009777E-03  1.373889E-03  6.807443E-05  1.654881E-05  2.103292E-05  9.414717E-06
 2.831500E+02  2.186589E-01  1.357354E-04  1.989476E-08  2.619803E-08  2.916841E-08  3.488609E-08  2.461243E-01  4.120946E-04  5.483631E-06  3.657659E-01  3.729333E-03  2.866802E-04  5.822063E-06  4.475845E-03  1.176427E-06  3.983159E-06  3.979526E-07  1.578720E-01  7.386001E-05  1.383326E-06  1.204597E-06  9.905729E-04  1.347698E-03  6.358200E-05  1.540259E-05  1.958356E-05  8.895647E-06
 2.841500E+02  2.197834E-01  1.347434E-04  1.929115E-08  2.541116E-08  2.829428E-08  3.385055E-08  2.462026E-01  4.028657E-04  5.087022E-06  3.669520E-01  3.668551E-03  2.686545E-04  5.653838E-06  4.389477E-03  1.106967E-06  3.759311E-06  3.810671E-07  1.557145E-01  7.020151E-05  1.336718E-06  1.163076E-06  9.718467E-04  1.322161E-03  5.941205E-05  1.434299E-05  1.824322E-05  8.408075E-06
 2.851500E+02  2.208903E-01  1.337520E-04  1.870742E-08  2.464995E-08  2.744858E-08  3.284836E-08  2.462788E-01  3.939139E-04  4.721774E-06  3.681182E-01  3.608973E-03  2.518566E-04  5.491230E-06  4.305198E-03  1.042038E-06  3.549434E-06  3.649834E-07  1.535899E-01  6.674184E-05  1.291852E-06  1.123142E-06  9.535843E-04  1.297259E-03  5.553972E-05  1.336296E-05  1.700307E-05  7.949937E-06
 2.861500E+02  2.219798E-01  1.327618E-04  1.814292E-08  2.391355E-08  2.663039E-08  3.187845E-08  2.463528E-01  3.852291E-04  4.385211E-06  3.692649E-01  3.550574E-03  2.361969E-04  5.334035E-06  4.222952E-03  9.813189E-07  3.352579E-06  3.496600E-07  1.514979E-01  6.346939E-05  1.248659E-06  1.084730E-06  9.357723E-04  1.272974E-03  5.194221E-05  1.245605E-05  1.585504E-05  7.519311E-06
 2.871500E+02  2.230521E-01  1.317731E-04  1.759702E-08  2.320116E-08  2.583880E-08  3.093978E-08  2.464249E-01  3.768019E-04  4.074900E-06  3.703924E-01  3.493330E-03  2.215929E-04  5.182059E-06  4.142685E-03  9.245136E-07  3.167866E-06  3.350581E-07  1.494382E-01  6.037326E-05  1.207074E-06  1.047779E-06  9.183980E-04  1.249289E-03  4.859854E-05  1.161639E-05  1.479175E-05  7.114411E-06
 2.881500E+02  2.241074E-01  1.307863E-04  1.706910E-08  2.251199E-08  2.507296E-08  3.003133E-08  2.464951E-01  3.686231E-04  3.788630E-06  3.715009E-01  3.437219E-03  2.079686E-04  5.035112E-06  4.064343E-03  8.713479E-07  2.994478E-06  3.211407E-07  1.474104E-01  5.744324E-05  1.167032E-06  1.012230E-06  9.014489E-04  1.226186E-03  4.548946E-05  1.083860E-05  1.380645E-05  6.733571E-06
 2.891500E+02  2.251459E-01  1.298019E-04  1.655855E-08  2.184526E-08  2.433201E-08  2.915213E-08  2.465634E-01  3.606839E-04  3.524389E-06  3.725909E-01  3.382218E-03  1.952535E-04  4.893014E-06  3.987877E-03  8.215683E-07  2.831658E-06  3.078728E-07  1.454142E-01  5.466973E-05  1.128474E-06  9.780271E-07  8.849129E-04  1.203648E-03  4.259727E-05  1.011777E-05  1.289298E-05  6.375245E-06
 2.901500E+02  2.261678E-01  1.288201E-04  1.606479E-08  2.120025E-08  2.361513E-08  2.830122E-08  2.466299E-01  3.529758E-04  3.280345E-06  3.736626E-01  3.328304E-03  1.833826E-04  4.755590E-06  3.913234E-03  7.749401E-07  2.678702E-06  2.952215E-07  1.434492E-01  5.204374E-05  1.091341E-06  9.451157E-07  8.687782E-04  1.181659E-03  3.990569E-05  9.449384E-06  1.204567E-05  6.037990E-06
 2.911500E+02  2.271733E-01  1.278415E-04  1.558726E-08  2.057622E-08  2.292152E-08  2.747767E-08  2.466946E-01  3.454908E-04  3.054829E-06  3.747162E-01  3.275455E-03  1.722959E-04  4.622671E-06  3.840368E-03  7.312464E-07  2.534959E-06  2.831556E-07  1.415152E-01  4.955680E-05  1.055577E-06  9.134441E-07  8.530335E-04  1.160204E-03  3.739974E-05  8.829333E-06  1.125935E-05  5.720464E-06
 2.921500E+02  2.281626E-01  1.268662E-04  1.512542E-08  1.997249E-08  2.225042E-08  2.668060E-08  2.467577E-01  3.382211E-04  2.846319E-06  3.757521E-01  3.223649E-03  1.619378E-04  4.494096E-06  3.769230E-03  6.902860E-07  2.399822E-06  2.716455E-07  1.396116E-01  4.720098E-05  1.021129E-06  8.829625E-07  8.376679E-04  1.139268E-03  3.506564E-05  8.253840E-06  1.052928E-05  5.421413E-06
 2.931500E+02  2.291360E-01  1.258947E-04  1.467873E-08  1.938837E-08  2.160108E-08  2.590913E-08  2.468191E-01  3.311592E-04  2.653427E-06  3.767706E-01  3.172864E-03  1.522571E-04  4.369710E-06  3.699776E-03  6.518729E-07  2.272727E-06  2.606633E-07  1.377381E-01  4.496881E-05  9.879442E-07  8.536231E-07  8.226706E-04  1.118835E-03  3.289069E-05  7.719446E-06  9.851108E-06  5.139673E-06
 2.941500E+02  2.300936E-01  1.249271E-04  1.424668E-08  1.882322E-08  2.097277E-08  2.516242E-08  2.468790E-01  3.242978E-04  2.474888E-06  3.777719E-01  3.123079E-03  1.432061E-04  4.249362E-06  3.631959E-03  6.158343E-07  2.153152E-06  2.501826E-07  1.358944E-01  4.285329E-05  9.559740E-07  8.253802E-07  8.080313E-04  1.098892E-03  3.086319E-05  7.222979E-06  9.220849E-06  4.874154E-06
 2.951500E+02  2.310357E-01  1.239639E-04  1.382878E-08  1.827639E-08  2.036480E-08  2.443966E-08  2.469373E-01  3.176303E-04  2.309545E-06  3.787564E-01  3.074274E-03  1.347409E-04  4.132908E-06  3.565736E-03  5.820103E-07  2.040610E-06  2.401784E-07  1.340801E-01  4.084783E-05  9.251708E-07  7.981900E-07  7.937400E-04  1.079425E-03  2.897237E-05  6.761529E-06  8.634840E-06  4.623843E-06
 2.961500E+02  2.319624E-01  1.230053E-04  1.342455E-08  1.774728E-08  1.977647E-08  2.374005E-08  2.469942E-01  3.111499E-04  2.156341E-06  3.797243E-01  3.026428E-03  1.268207E-04  4.020210E-06  3.501066E-03  5.502524E-07  1.934647E-06  2.306269E-07  1.322948E-01  3.894623E-05  8.954888E-07  7.720104E-07  7.797870E-04  1.060420E-03  2.720829E-05  6.332425E-06  8.089719E-06  4.387793E-06
 2.971500E+02  2.328741E-01  1.220514E-04  1.303353E-08  1.723529E-08  1.920715E-08  2.306282E-08  2.470496E-01  3.048502E-04  2.014311E-06  3.806758E-01  2.979522E-03  1.194080E-04  3.911133E-06  3.437908E-03  5.204231E-07  1.834844E-06  2.215058E-07  1.305382E-01  3.714269E-05  8.668844E-07  7.468010E-07  7.661628E-04  1.041865E-03  2.556179E-05  5.933214E-06  7.582399E-06  4.165121E-06
 2.981500E+02  2.337708E-01  1.211027E-04  1.265526E-08  1.673985E-08  1.865618E-08  2.240725E-08  2.471036E-01  2.987252E-04  1.882571E-06  3.816113E-01  2.933534E-03  1.124677E-04  3.805550E-06  3.376220E-03  4.923944E-07  1.740807E-06  2.127938E-07  1.288097E-01  3.543172E-05  8.393155E-07  7.225233E-07  7.528584E-04  1.023747E-03  2.402440E-05  5.561642E-06  7.110041E-06  3.955001E-06
 2.991500E+02  2.346529E-01  1.201593E-04  1.228932E-08  1.626039E-08  1.812296E-08  2.177260E-08  2.471563E-01  2.927690E-04  1.760313E-06  3.825311E-01  2.888447E-03  1.059674E-04  3.703335E-06  3.315966E-03  4.660477E-07  1.652172E-06  2.044708E-07  1.271091E-01  3.380818E-05  8.127418E-07  6.991401E-07  7.398648E-04  1.006054E-03  2.258833E-05  5.215637E-06  6.670036E-06  3.756664E-06
 3.001500E+02  2.355205E-01  1.192213E-04  1.193527E-08  1.579639E-08  1.760689E-08  2.115818E-08  2.472077E-01  2.869759E-04  1.646796E-06  3.834353E-01  2.844241E-03  9.987723E-05  3.604371E-06  3.257105E-03  4.412726E-07  1.568598E-06  1.965177E-07  1.254360E-01  3.226723E-05  7.871247E-07  6.766159E-07  7.271736E-04  9.887734E-04  2.124635E-05  4.893295E-06  6.259982E-06  3.569390E-06
 3.011500E+02  2.363738E-01  1.182891E-04  1.159273E-08  1.534731E-08  1.710738E-08  2.056331E-08  2.472579E-01  2.813406E-04  1.541343E-06  3.843242E-01  2.800897E-03  9.416927E-05  3.508543E-06  3.199604E-03  4.179668E-07  1.489768E-06  1.889165E-07  1.237899E-01  3.080431E-05  7.624270E-07  6.549167E-07  7.147764E-04  9.718947E-04  1.999181E-05  4.592861E-06  5.877669E-06  3.392507E-06
 3.021500E+02  2.372131E-01  1.173628E-04  1.126129E-08  1.491266E-08  1.662389E-08  1.998736E-08  2.473068E-01  2.758577E-04  1.443331E-06  3.851981E-01  2.758398E-03  8.881771E-05  3.415740E-06  3.143424E-03  3.960350E-07  1.415386E-06  1.816502E-07  1.221705E-01  2.941513E-05  7.386130E-07  6.340097E-07  7.026651E-04  9.554067E-04  1.881855E-05  4.312721E-06  5.521063E-06  3.225387E-06
 3.031500E+02  2.380386E-01  1.164425E-04  1.094058E-08  1.449195E-08  1.615587E-08  1.942967E-08  2.473545E-01  2.705224E-04  1.352191E-06  3.860573E-01  2.716725E-03  8.379859E-05  3.325855E-06  3.088532E-03  3.753885E-07  1.345178E-06  1.747024E-07  1.205773E-01  2.809566E-05  7.156485E-07  6.138638E-07  6.908320E-04  9.392985E-04  1.772087E-05  4.051391E-06  5.188288E-06  3.067442E-06
 3.041500E+02  2.388505E-01  1.155285E-04  1.063022E-08  1.408470E-08  1.570281E-08  1.888966E-08  2.474011E-01  2.653296E-04  1.267398E-06  3.869020E-01  2.675861E-03  7.908966E-05  3.238788E-06  3.034895E-03  3.559449E-07  1.278885E-06  1.680578E-07  1.190101E-01  2.684209E-05  6.935008E-07  5.944488E-07  6.792695E-04  9.235598E-04  1.669351E-05  3.807499E-06  4.877617E-06  2.918122E-06
 3.051500E+02  2.396489E-01  1.146208E-04  1.032988E-08  1.369047E-08  1.526419E-08  1.836671E-08  2.474465E-01  2.602749E-04  1.188473E-06  3.877324E-01  2.635789E-03  7.467026E-05  3.154439E-06  2.982478E-03  3.376275E-07  1.216268E-06  1.617019E-07  1.174684E-01  2.565086E-05  6.721384E-07  5.757360E-07  6.679702E-04  9.081805E-04  1.573160E-05  3.579783E-06  4.587454E-06  2.776913E-06
 3.061500E+02  2.404342E-01  1.137196E-04  1.003919E-08  1.330881E-08  1.483953E-08  1.786027E-08  2.474909E-01  2.553537E-04  1.114974E-06  3.885489E-01  2.596492E-03  7.052121E-05  3.072715E-06  2.931251E-03  3.203648E-07  1.157103E-06  1.556208E-07  1.159519E-01  2.451858E-05  6.515309E-07  5.576977E-07  6.569270E-04  8.931509E-04  1.483061E-05  3.367079E-06  4.316332E-06  2.643334E-06
 3.071500E+02  2.412065E-01  1.128251E-04  9.757844E-09  1.293930E-08  1.442836E-08  1.736979E-08  2.475342E-01  2.505617E-04  1.046496E-06  3.893515E-01  2.557954E-03  6.662465E-05  2.993522E-06  2.881183E-03  3.040903E-07  1.101180E-06  1.498015E-07  1.144600E-01  2.344208E-05  6.316493E-07  5.403076E-07  6.461330E-04  8.784614E-04  1.398637E-05  3.168312E-06  4.062891E-06  2.516935E-06
 3.081500E+02  2.419660E-01  1.119374E-04  9.485510E-09  1.258152E-08  1.403023E-08  1.689472E-08  2.475765E-01  2.458948E-04  9.826645E-07  3.901406E-01  2.520158E-03  6.296402E-05  2.916775E-06  2.832243E-03  2.887420E-07  1.048304E-06  1.442314E-07  1.129926E-01  2.241836E-05  6.124660E-07  5.235402E-07  6.355816E-04  8.641028E-04  1.319502E-05  2.982490E-06  3.825880E-06  2.397294E-06
 3.091500E+02  2.427130E-01  1.110565E-04  9.221882E-09  1.223508E-08  1.364468E-08  1.643455E-08  2.476178E-01  2.413489E-04  9.231375E-07  3.909165E-01  2.483089E-03  5.952390E-05  2.842388E-06  2.784402E-03  2.742620E-07  9.982913E-07  1.388989E-07  1.115491E-01  2.144462E-05  5.939540E-07  5.073713E-07  6.252661E-04  8.500664E-04  1.245295E-05  2.808698E-06  3.604140E-06  2.284016E-06
 3.101500E+02  2.434476E-01  1.101826E-04  8.966663E-09  1.189960E-08  1.327131E-08  1.598879E-08  2.476581E-01  2.369204E-04  8.675987E-07  3.916792E-01  2.446731E-03  5.628994E-05  2.770280E-06  2.737631E-03  2.605965E-07  9.509721E-07  1.337926E-07  1.101292E-01  2.051818E-05  5.760877E-07  4.917774E-07  6.151804E-04  8.363434E-04  1.175685E-05  2.646089E-06  3.396602E-06  2.176730E-06
 3.111500E+02  2.441700E-01  1.093158E-04  8.719566E-09  1.157470E-08  1.290969E-08  1.555695E-08  2.476975E-01  2.326053E-04  8.157572E-07  3.924291E-01  2.411069E-03  5.324880E-05  2.700373E-06  2.691904E-03  2.476951E-07  9.061860E-07  1.289021E-07  1.087326E-01  1.963655E-05  5.588426E-07  4.767363E-07  6.053183E-04  8.229256E-04  1.110362E-05  2.493881E-06  3.202275E-06  2.075089E-06
 3.121500E+02  2.448804E-01  1.084560E-04  8.480313E-09  1.126002E-08  1.255943E-08  1.513856E-08  2.477360E-01  2.284003E-04  7.673448E-07  3.931664E-01  2.376088E-03  5.038805E-05  2.632591E-06  2.647193E-03  2.355109E-07  8.637837E-07  1.242172E-07  1.073588E-01  1.879735E-05  5.421950E-07  4.622265E-07  5.956740E-04  8.098047E-04  1.049040E-05  2.351349E-06  3.020246E-06  1.978769E-06
 3.131500E+02  2.455791E-01  1.076035E-04  8.248637E-09  1.095523E-08  1.222015E-08  1.473319E-08  2.477736E-01  2.243017E-04  7.221143E-07  3.938913E-01  2.341774E-03  4.769614E-05  2.566862E-06  2.603472E-03  2.240002E-07  8.236252E-07  1.197283E-07  1.060076E-01  1.799836E-05  5.261222E-07  4.482274E-07  5.862415E-04  7.969729E-04  9.914532E-06  2.217825E-06  2.849667E-06  1.887463E-06
 3.141500E+02  2.462662E-01  1.067583E-04  8.024280E-09  1.065998E-08  1.189148E-08  1.434038E-08  2.478103E-01  2.203064E-04  6.798379E-07  3.946040E-01  2.308113E-03  4.516228E-05  2.503115E-06  2.560715E-03  2.131220E-07  7.855794E-07  1.154264E-07  1.046784E-01  1.723747E-05  5.106024E-07  4.347194E-07  5.770155E-04  7.844225E-04  9.373545E-06  2.092690E-06  2.689753E-06  1.800887E-06
 3.151500E+02  2.469420E-01  1.059203E-04  7.806991E-09  1.037396E-08  1.157305E-08  1.395972E-08  2.478462E-01  2.164112E-04  6.403051E-07  3.953048E-01  2.275090E-03  4.277643E-05  2.441284E-06  2.518898E-03  2.028381E-07  7.495236E-07  1.113028E-07  1.033711E-01  1.651269E-05  4.956148E-07  4.216834E-07  5.679904E-04  7.721462E-04  8.865144E-06  1.975368E-06  2.539778E-06  1.718770E-06
 3.161500E+02  2.476065E-01  1.050898E-04  7.596531E-09  1.009685E-08  1.126453E-08  1.359082E-08  2.478813E-01  2.126129E-04  6.033216E-07  3.959938E-01  2.242693E-03  4.052924E-05  2.381303E-06  2.477997E-03  1.931128E-07  7.153428E-07  1.073493E-07  1.020851E-01  1.582216E-05  4.811392E-07  4.091013E-07  5.591610E-04  7.601368E-04  8.387198E-06  1.865330E-06  2.399069E-06  1.640862E-06
 3.171500E+02  2.482601E-01  1.042666E-04  7.392666E-09  9.828346E-09  1.096558E-08  1.323326E-08  2.479156E-01  2.089086E-04  5.687082E-07  3.966712E-01  2.210907E-03  3.841199E-05  2.323111E-06  2.437989E-03  1.839126E-07  6.829293E-07  1.035581E-07  1.008202E-01  1.516409E-05  4.671565E-07  3.969558E-07  5.505223E-04  7.483873E-04  7.937724E-06  1.762082E-06  2.267003E-06  1.566925E-06
 3.181500E+02  2.489028E-01  1.034509E-04  7.195172E-09  9.568169E-09  1.067588E-08  1.288668E-08  2.479491E-01  2.052954E-04  5.362990E-07  3.973373E-01  2.179720E-03  3.641654E-05  2.266646E-06  2.398851E-03  1.752064E-07  6.521821E-07  9.992179E-08  9.957604E-02  1.453681E-05  4.536481E-07  3.852301E-07  5.420693E-04  7.368909E-04  7.514878E-06  1.665168E-06  2.142999E-06  1.496736E-06
 3.191500E+02  2.495349E-01  1.026427E-04  7.003834E-09  9.316034E-09  1.039511E-08  1.255071E-08  2.479819E-01  2.017706E-04  5.059407E-07  3.979923E-01  2.149120E-03  3.453529E-05  2.211851E-06  2.360560E-03  1.669650E-07  6.230063E-07  9.643338E-08  9.835222E-02  1.393876E-05  4.405962E-07  3.739083E-07  5.337971E-04  7.256411E-04  7.116945E-06  1.574164E-06  2.026522E-06  1.430088E-06
 3.201500E+02  2.501566E-01  1.018420E-04  6.818442E-09  9.071669E-09  1.012299E-08  1.222499E-08  2.480140E-01  1.983316E-04  4.774917E-07  3.986363E-01  2.119093E-03  3.276116E-05  2.158670E-06  2.323095E-03  1.591610E-07  5.953132E-07  9.308616E-08  9.714842E-02  1.336843E-05  4.279838E-07  3.629749E-07  5.257012E-04  7.146315E-04  6.742328E-06  1.488677E-06  1.917073E-06  1.366784E-06
 3.211500E+02  2.507680E-01  1.010488E-04  6.638795E-09  8.834816E-09  9.859209E-09  1.190919E-08  2.480453E-01  1.949756E-04  4.508207E-07  3.992696E-01  2.089627E-03  3.108755E-05  2.107049E-06  2.286436E-03  1.517687E-07  5.690193E-07  8.987374E-08  9.596430E-02  1.282442E-05  4.157946E-07  3.524153E-07  5.177769E-04  7.038559E-04  6.389540E-06  1.408343E-06  1.814189E-06  1.306639E-06
 3.221500E+02  2.513693E-01  1.002631E-04  6.464698E-09  8.605220E-09  9.603501E-09  1.160298E-08  2.480760E-01  1.917004E-04  4.258062E-07  3.998924E-01  2.060711E-03  2.950827E-05  2.056936E-06  2.250563E-03  1.447644E-07  5.440463E-07  8.679010E-08  9.479953E-02  1.230538E-05  4.040129E-07  3.422152E-07  5.100201E-04  6.933083E-04  6.057197E-06  1.332821E-06  1.717440E-06  1.249481E-06
 3.231500E+02  2.519608E-01  9.948500E-05  6.295964E-09  8.382640E-09  9.355591E-09  1.130604E-08  2.481060E-01  1.885034E-04  4.023358E-07  4.005047E-01  2.032333E-03  2.801755E-05  2.008282E-06  2.215454E-03  1.381254E-07  5.203207E-07  8.382946E-08  9.365378E-02  1.181008E-05  3.926234E-07  3.323612E-07  5.024262E-04  6.829830E-04  5.744008E-06  1.261798E-06  1.626427E-06  1.195144E-06
 3.241500E+02  2.525424E-01  9.871441E-05  6.132412E-09  8.166841E-09  9.115221E-09  1.101805E-08  2.481353E-01  1.853824E-04  3.803052E-07  4.011069E-01  2.004481E-03  2.661000E-05  1.961037E-06  2.181092E-03  1.318308E-07  4.977734E-07  8.098635E-08  9.252673E-02  1.133730E-05  3.816118E-07  3.228402E-07  4.949913E-04  6.728741E-04  5.448771E-06  1.194982E-06  1.540778E-06  1.143477E-06
 3.251500E+02  2.531146E-01  9.795135E-05  5.973867E-09  7.957595E-09  8.882138E-09  1.073873E-08  2.481640E-01  1.823351E-04  3.596178E-07  4.016991E-01  1.977145E-03  2.528060E-05  1.915156E-06  2.147458E-03  1.258608E-07  4.763395E-07  7.825557E-08  9.141804E-02  1.088593E-05  3.709642E-07  3.136396E-07  4.877113E-04  6.629763E-04  5.170364E-06  1.132099E-06  1.460147E-06  1.094335E-06
 3.261500E+02  2.536773E-01  9.719581E-05  5.820161E-09  7.754684E-09  8.656099E-09  1.046779E-08  2.481921E-01  1.793595E-04  3.401839E-07  4.022815E-01  1.950313E-03  2.402461E-05  1.870594E-06  2.114533E-03  1.201969E-07  4.559580E-07  7.563215E-08  9.032741E-02  1.045489E-05  3.606670E-07  3.047476E-07  4.805824E-04  6.532842E-04  4.907742E-06  1.072896E-06  1.384213E-06  1.047581E-06
 3.271500E+02  2.542308E-01  9.644780E-05  5.671131E-09  7.557898E-09  8.436871E-09  1.020495E-08  2.482195E-01  1.764533E-04  3.219205E-07  4.028543E-01  1.923975E-03  2.283764E-05  1.827307E-06  2.082300E-03  1.148219E-07  4.365716E-07  7.311138E-08  8.925453E-02  1.004319E-05  3.507076E-07  2.961526E-07  4.736006E-04  6.437926E-04  4.659929E-06  1.017139E-06  1.312677E-06  1.003088E-06
 3.281500E+02  2.547752E-01  9.570729E-05  5.526621E-09  7.367033E-09  8.224227E-09  9.949948E-09  2.482464E-01  1.736146E-04  3.047502E-07  4.034176E-01  1.898120E-03  2.171557E-05  1.785255E-06  2.050741E-03  1.097193E-07  4.181263E-07  7.068875E-08  8.819908E-02  9.649860E-06  3.410735E-07  2.878436E-07  4.667624E-04  6.344965E-04  4.426014E-06  9.646081E-07  1.245260E-06  9.607356E-07
 3.291500E+02  2.553107E-01  9.497425E-05  5.386479E-09  7.181891E-09  8.017950E-09  9.702522E-09  2.482728E-01  1.708415E-04  2.886015E-07  4.039716E-01  1.872739E-03  2.065453E-05  1.744396E-06  2.019841E-03  1.048740E-07  4.005714E-07  6.835999E-08  8.716077E-02  9.274004E-06  3.317530E-07  2.798099E-07  4.600641E-04  6.253910E-04  4.205146E-06  9.150989E-07  1.181703E-06  9.204092E-07
 3.301500E+02  2.558374E-01  9.424868E-05  5.250559E-09  7.002284E-09  7.817828E-09  9.462424E-09  2.482985E-01  1.681320E-04  2.734078E-07  4.045164E-01  1.847820E-03  1.965092E-05  1.704692E-06  1.989582E-03  1.002715E-07  3.838590E-07  6.612103E-08  8.613928E-02  8.914764E-06  3.227345E-07  2.720414E-07  4.535024E-04  6.164714E-04  3.996531E-06  8.684213E-07  1.121763E-06  8.820022E-07
 3.311500E+02  2.563556E-01  9.353054E-05  5.118721E-09  6.828029E-09  7.623658E-09  9.229415E-09  2.483237E-01  1.654845E-04  2.591070E-07  4.050524E-01  1.823356E-03  1.870135E-05  1.666107E-06  1.959950E-03  9.589845E-08  3.679443E-07  6.396799E-08  8.513434E-02  8.571331E-06  3.140073E-07  2.645283E-07  4.470737E-04  6.077331E-04  3.799427E-06  8.243981E-07  1.065216E-06  8.454137E-07
 3.321500E+02  2.568653E-01  9.281981E-05  4.990829E-09  6.658948E-09  7.435245E-09  9.003263E-09  2.483484E-01  1.628970E-04  2.456418E-07  4.055795E-01  1.799335E-03  1.780266E-05  1.628603E-06  1.930928E-03  9.174212E-08  3.527848E-07  6.189716E-08  8.414565E-02  8.242936E-06  3.055607E-07  2.572612E-07  4.407749E-04  5.991715E-04  3.613140E-06  7.828640E-07  1.011850E-06  8.105485E-07
 3.331500E+02  2.573667E-01  9.211645E-05  4.866752E-09  6.494871E-09  7.252399E-09  8.783743E-09  2.483726E-01  1.603680E-04  2.329585E-07  4.060980E-01  1.775749E-03  1.695187E-05  1.592146E-06  1.902501E-03  8.779062E-08  3.383407E-07  5.990502E-08  8.317291E-02  7.928853E-06  2.973846E-07  2.502311E-07  4.346028E-04  5.907824E-04  3.437021E-06  7.436649E-07  9.614699E-07  7.773168E-07
 3.341500E+02  2.578600E-01  9.142043E-05  4.746362E-09  6.335634E-09  7.074937E-09  8.570641E-09  2.483963E-01  1.578958E-04  2.210072E-07  4.066080E-01  1.752588E-03  1.614621E-05  1.556703E-06  1.874656E-03  8.403277E-08  3.245744E-07  5.798821E-08  8.221586E-02  7.628394E-06  2.894694E-07  2.434294E-07  4.285542E-04  5.825615E-04  3.270463E-06  7.066570E-07  9.138924E-07  7.456340E-07
 3.351500E+02  2.583452E-01  9.073171E-05  4.629540E-09  6.181078E-09  6.902683E-09  8.363747E-09  2.484195E-01  1.554787E-04  2.097418E-07  4.071097E-01  1.729845E-03  1.538306E-05  1.522241E-06  1.847379E-03  8.045803E-08  3.114505E-07  5.614353E-08  8.127422E-02  7.340904E-06  2.818057E-07  2.368476E-07  4.226262E-04  5.745047E-04  3.112900E-06  6.717059E-07  8.689465E-07  7.154202E-07
 3.361500E+02  2.588227E-01  9.005026E-05  4.516165E-09  6.031050E-09  6.735467E-09  8.162859E-09  2.484422E-01  1.531154E-04  1.991188E-07  4.076032E-01  1.707509E-03  1.465999E-05  1.488730E-06  1.820654E-03  7.705653E-08  2.989355E-07  5.436793E-08  8.034771E-02  7.065765E-06  2.743845E-07  2.304779E-07  4.168158E-04  5.666080E-04  2.963799E-06  6.386865E-07  8.264726E-07  6.865999E-07
 3.371500E+02  2.592924E-01  8.937603E-05  4.406126E-09  5.885401E-09  6.573124E-09  7.967784E-09  2.484644E-01  1.508042E-04  1.890981E-07  4.080887E-01  1.685572E-03  1.397469E-05  1.456138E-06  1.794469E-03  7.381893E-08  2.869980E-07  5.265849E-08  7.943606E-02  6.802390E-06  2.671973E-07  2.243126E-07  4.111202E-04  5.588675E-04  2.822664E-06  6.074815E-07  7.863214E-07  6.591021E-07
 3.381500E+02  2.597545E-01  8.870897E-05  4.299313E-09  5.743990E-09  6.415495E-09  7.778334E-09  2.484862E-01  1.485438E-04  1.796422E-07  4.085663E-01  1.664027E-03  1.332501E-05  1.424437E-06  1.768812E-03  7.073647E-08  2.756083E-07  5.101245E-08  7.853902E-02  6.550222E-06  2.602357E-07  2.183443E-07  4.055366E-04  5.512795E-04  2.689028E-06  5.779817E-07  7.483535E-07  6.328593E-07
 3.391500E+02  2.602092E-01  8.804905E-05  4.195619E-09  5.606677E-09  6.262429E-09  7.594327E-09  2.485076E-01  1.463327E-04  1.707161E-07  4.090362E-01  1.642865E-03  1.270894E-05  1.393600E-06  1.743669E-03  6.780089E-08  2.647383E-07  4.942714E-08  7.765631E-02  6.308733E-06  2.534917E-07  2.125659E-07  4.000623E-04  5.438402E-04  2.562456E-06  5.500848E-07  7.124386E-07  6.078082E-07
 3.401500E+02  2.606566E-01  8.739622E-05  4.094943E-09  5.473331E-09  6.113776E-09  7.415588E-09  2.485285E-01  1.441697E-04  1.622872E-07  4.094985E-01  1.622078E-03  1.212457E-05  1.363598E-06  1.719027E-03  6.500442E-08  2.543615E-07  4.790005E-08  7.678770E-02  6.077422E-06  2.469576E-07  2.069706E-07  3.946947E-04  5.365462E-04  2.442538E-06  5.236951E-07  6.784547E-07  5.838887E-07
 3.411500E+02  2.610968E-01  8.675042E-05  3.997186E-09  5.343822E-09  5.969394E-09  7.241948E-09  2.485490E-01  1.420534E-04  1.543249E-07  4.099534E-01  1.601658E-03  1.157013E-05  1.334407E-06  1.694876E-03  6.233972E-08  2.444529E-07  4.642876E-08  7.593292E-02  5.855814E-06  2.406262E-07  2.015519E-07  3.894314E-04  5.293939E-04  2.328891E-06  4.987233E-07  6.462878E-07  5.610440E-07
 3.421500E+02  2.615299E-01  8.611161E-05  3.902254E-09  5.218027E-09  5.829146E-09  7.073244E-09  2.485691E-01  1.399826E-04  1.468009E-07  4.104009E-01  1.581598E-03  1.104393E-05  1.306000E-06  1.671203E-03  5.979990E-08  2.349890E-07  4.501097E-08  7.509173E-02  5.643457E-06  2.344903E-07  1.963035E-07  3.842697E-04  5.223800E-04  2.221156E-06  4.750856E-07  6.158311E-07  5.392207E-07
 3.431500E+02  2.619562E-01  8.547973E-05  3.810055E-09  5.095827E-09  5.692899E-09  6.909318E-09  2.485888E-01  1.379561E-04  1.396887E-07  4.108413E-01  1.561890E-03  1.054441E-05  1.278353E-06  1.647997E-03  5.737845E-08  2.259475E-07  4.364448E-08  7.426389E-02  5.439922E-06  2.285431E-07  1.912193E-07  3.792073E-04  5.155012E-04  2.118995E-06  4.527038E-07  5.869846E-07  5.183678E-07
 3.441500E+02  2.623756E-01  8.485474E-05  3.720500E-09  4.977105E-09  5.560524E-09  6.750018E-09  2.486081E-01  1.359726E-04  1.329634E-07  4.112746E-01  1.542527E-03  1.007009E-05  1.251443E-06  1.625247E-03  5.506922E-08  2.173072E-07  4.232719E-08  7.344915E-02  5.244803E-06  2.227780E-07  1.862936E-07  3.742419E-04  5.087543E-04  2.022092E-06  4.315045E-07  5.596548E-07  4.984376E-07
 3.451500E+02  2.627884E-01  8.423657E-05  3.633504E-09  4.861750E-09  5.431898E-09  6.595198E-09  2.486270E-01  1.340310E-04  1.266019E-07  4.117010E-01  1.523503E-03  9.619576E-06  1.225247E-06  1.602942E-03  5.286642E-08  2.090483E-07  4.105711E-08  7.264729E-02  5.057713E-06  2.171887E-07  1.815207E-07  3.693712E-04  5.021363E-04  1.930151E-06  4.114190E-07  5.337538E-07  4.793845E-07
 3.461500E+02  2.631946E-01  8.362517E-05  3.548985E-09  4.749655E-09  5.306900E-09  6.444714E-09  2.486455E-01  1.321303E-04  1.205824E-07  4.121206E-01  1.504809E-03  9.191562E-06  1.199744E-06  1.581072E-03  5.076460E-08  2.011518E-07  3.983230E-08  7.185808E-02  4.878285E-06  2.117691E-07  1.768953E-07  3.645930E-04  4.956440E-04  1.842892E-06  3.923830E-07  5.091995E-07  4.611658E-07
 3.471500E+02  2.635944E-01  8.302049E-05  3.466862E-09  4.640716E-09  5.185415E-09  6.298430E-09  2.486637E-01  1.302693E-04  1.148848E-07  4.125335E-01  1.486439E-03  8.784817E-06  1.174911E-06  1.559626E-03  4.875859E-08  1.936001E-07  3.865096E-08  7.108129E-02  4.706170E-06  2.065135E-07  1.724122E-07  3.599051E-04  4.892746E-04  1.760053E-06  3.743361E-07  4.859148E-07  4.437407E-07
 3.481500E+02  2.639879E-01  8.242247E-05  3.387060E-09  4.534832E-09  5.067332E-09  6.156214E-09  2.486816E-01  1.284470E-04  1.094900E-07  4.129399E-01  1.468387E-03  8.398186E-06  1.150729E-06  1.538595E-03  4.684352E-08  1.863763E-07  3.751133E-08  7.031669E-02  4.541037E-06  2.014161E-07  1.680665E-07  3.553054E-04  4.830251E-04  1.681390E-06  3.572217E-07  4.638274E-07  4.270708E-07
 3.491500E+02  2.643752E-01  8.183105E-05  3.309504E-09  4.431906E-09  4.952543E-09  6.017938E-09  2.486990E-01  1.266624E-04  1.043803E-07  4.133398E-01  1.450646E-03  8.030578E-06  1.127178E-06  1.517969E-03  4.501480E-08  1.794643E-07  3.641174E-08  6.956407E-02  4.382571E-06  1.964716E-07  1.638534E-07  3.507919E-04  4.768930E-04  1.606669E-06  3.409868E-07  4.428695E-07  4.111196E-07
 3.501500E+02  2.647564E-01  8.124617E-05  3.234122E-09  4.331845E-09  4.840944E-09  5.883477E-09  2.487162E-01  1.249146E-04  9.953910E-08  4.137334E-01  1.433210E-03  7.680968E-06  1.104239E-06  1.497738E-03  4.326809E-08  1.728491E-07  3.535059E-08  6.882322E-02  4.230470E-06  1.916747E-07  1.597683E-07  3.463627E-04  4.708753E-04  1.535675E-06  3.255817E-07  4.229774E-07  3.958525E-07
 3.511500E+02  2.651316E-01  8.066777E-05  3.160846E-09  4.234559E-09  4.732434E-09  5.752713E-09  2.487330E-01  1.232025E-04  9.495085E-08  4.141209E-01  1.416072E-03  7.348391E-06  1.081893E-06  1.477894E-03  4.159928E-08  1.665165E-07  3.432637E-08  6.809392E-02  4.084452E-06  1.870205E-07  1.558068E-07  3.420157E-04  4.649695E-04  1.468204E-06  3.109596E-07  4.040914E-07  3.812370E-07
 3.521500E+02  2.655009E-01  8.009579E-05  3.089608E-09  4.139960E-09  4.626917E-09  5.625530E-09  2.487495E-01  1.215254E-04  9.060094E-08  4.145022E-01  1.399227E-03  7.031936E-06  1.060122E-06  1.458427E-03  4.000449E-08  1.604528E-07  3.333760E-08  6.737597E-02  3.944245E-06  1.825040E-07  1.519646E-07  3.377491E-04  4.591730E-04  1.404062E-06  2.970766E-07  3.861554E-07  3.672420E-07
 3.531500E+02  2.658645E-01  7.953018E-05  3.020345E-09  4.047963E-09  4.524298E-09  5.501818E-09  2.487657E-01  1.198821E-04  8.647572E-08  4.148776E-01  1.382669E-03  6.730747E-06  1.038910E-06  1.439329E-03  3.848005E-08  1.546453E-07  3.238290E-08  6.666917E-02  3.809590E-06  1.781207E-07  1.482376E-07  3.335610E-04  4.534834E-04  1.343069E-06  2.838916E-07  3.691167E-07  3.538381E-07
 3.541500E+02  2.662224E-01  7.897087E-05  2.952994E-09  3.958488E-09  4.424488E-09  5.381467E-09  2.487816E-01  1.182720E-04  8.256236E-08  4.152471E-01  1.366391E-03  6.444016E-06  1.018239E-06  1.420591E-03  3.702250E-08  1.490818E-07  3.146093E-08  6.597331E-02  3.680243E-06  1.738662E-07  1.446219E-07  3.294498E-04  4.478982E-04  1.285055E-06  2.713659E-07  3.529258E-07  3.409975E-07
 3.551500E+02  2.665748E-01  7.841779E-05  2.887495E-09  3.871456E-09  4.327399E-09  5.264375E-09  2.487972E-01  1.166942E-04  7.884885E-08  4.156108E-01  1.350389E-03  6.170980E-06  9.980942E-07  1.402206E-03  3.562856E-08  1.437508E-07  3.057041E-08  6.528820E-02  3.555970E-06  1.697359E-07  1.411138E-07  3.254136E-04  4.424150E-04  1.229859E-06  2.594631E-07  3.375360E-07  3.286937E-07
 3.561500E+02  2.669217E-01  7.787090E-05  2.823791E-09  3.786791E-09  4.232945E-09  5.150441E-09  2.488124E-01  1.151479E-04  7.532391E-08  4.159689E-01  1.334656E-03  5.910922E-06  9.784590E-07  1.384164E-03  3.429512E-08  1.386414E-07  2.971013E-08  6.461366E-02  3.436549E-06  1.657259E-07  1.377095E-07  3.214507E-04  4.370316E-04  1.177332E-06  2.481490E-07  3.229037E-07  3.169016E-07
 3.571500E+02  2.672632E-01  7.733012E-05  2.761824E-09  3.704420E-09  4.141047E-09  5.039567E-09  2.488275E-01  1.136322E-04  7.197697E-08  4.163215E-01  1.319187E-03  5.663164E-06  9.593186E-07  1.366459E-03  3.301924E-08  1.337432E-07  2.887891E-08  6.394948E-02  3.321768E-06  1.618322E-07  1.344056E-07  3.175596E-04  4.317456E-04  1.127331E-06  2.373915E-07  3.089876E-07  3.055976E-07
 3.581500E+02  2.675995E-01  7.679540E-05  2.701542E-09  3.624271E-09  4.051624E-09  4.931660E-09  2.488422E-01  1.121464E-04  6.879808E-08  4.166685E-01  1.303977E-03  5.427067E-06  9.406586E-07  1.349082E-03  3.179816E-08  1.290464E-07  2.807564E-08  6.329548E-02  3.211426E-06  1.580507E-07  1.311986E-07  3.137386E-04  4.265550E-04  1.079722E-06  2.271604E-07  2.957490E-07  2.947590E-07
 3.591500E+02  2.679306E-01  7.626666E-05  2.642891E-09  3.546276E-09  3.964601E-09  4.826629E-09  2.488566E-01  1.106898E-04  6.577791E-08  4.170103E-01  1.289021E-03  5.202027E-06  9.224649E-07  1.332027E-03  3.062922E-08  1.245417E-07  2.729924E-08  6.265149E-02  3.105330E-06  1.543780E-07  1.280854E-07  3.099862E-04  4.214576E-04  1.034378E-06  2.174272E-07  2.831516E-07  2.843643E-07
 3.601500E+02  2.682566E-01  7.574386E-05  2.585822E-09  3.470369E-09  3.879904E-09  4.724387E-09  2.488708E-01  1.092617E-04  6.290769E-08  4.173467E-01  1.274313E-03  4.987477E-06  9.047238E-07  1.315286E-03  2.950994E-08  1.202203E-07  2.654869E-08  6.201733E-02  3.003298E-06  1.508103E-07  1.250627E-07  3.063007E-04  4.164513E-04  9.911819E-07  2.081652E-07  2.711609E-07  2.743933E-07
 3.611500E+02  2.685776E-01  7.522693E-05  2.530285E-09  3.396486E-09  3.797462E-09  4.624848E-09  2.488847E-01  1.078613E-04  6.017920E-08  4.176781E-01  1.259850E-03  4.782877E-06  8.874222E-07  1.298851E-03  2.843795E-08  1.160737E-07  2.582300E-08  6.139282E-02  2.905156E-06  1.473443E-07  1.221276E-07  3.026809E-04  4.115341E-04  9.500205E-07  1.993490E-07  2.597446E-07  2.648266E-07
 3.621500E+02  2.688938E-01  7.471580E-05  2.476233E-09  3.324566E-09  3.717206E-09  4.527931E-09  2.488984E-01  1.064880E-04  5.758467E-08  4.180043E-01  1.245625E-03  4.587720E-06  8.705473E-07  1.282717E-03  2.741101E-08  1.120940E-07  2.512124E-08  6.077778E-02  2.810738E-06  1.439766E-07  1.192772E-07  2.991251E-04  4.067040E-04  9.107882E-07  1.909551E-07  2.488723E-07  2.556459E-07
 3.631500E+02  2.692051E-01  7.421041E-05  2.423622E-09  3.254547E-09  3.639070E-09  4.433557E-09  2.489118E-01  1.051411E-04  5.511684E-08  4.183256E-01  1.231634E-03  4.401526E-06  8.540869E-07  1.266877E-03  2.642701E-08  1.082736E-07  2.444250E-08  6.017206E-02  2.719884E-06  1.407040E-07  1.165087E-07  2.956321E-04  4.019592E-04  8.733852E-07  1.829611E-07  2.385153E-07  2.468337E-07
 3.641500E+02  2.695117E-01  7.371071E-05  2.372406E-09  3.186374E-09  3.562989E-09  4.341648E-09  2.489250E-01  1.038200E-04  5.276884E-08  4.186420E-01  1.217873E-03  4.223842E-06  8.380290E-07  1.251323E-03  2.548392E-08  1.046053E-07  2.378592E-08  5.957548E-02  2.632446E-06  1.375234E-07  1.138193E-07  2.922004E-04  3.972977E-04  8.377174E-07  1.753458E-07  2.286467E-07  2.383735E-07
 3.651500E+02  2.698137E-01  7.321662E-05  2.322544E-09  3.119989E-09  3.488902E-09  4.252132E-09  2.489379E-01  1.025241E-04  5.053423E-08  4.189535E-01  1.204337E-03  4.054240E-06  8.223621E-07  1.236050E-03  2.457985E-08  1.010824E-07  2.315067E-08  5.898788E-02  2.548277E-06  1.344318E-07  1.112065E-07  2.888287E-04  3.927178E-04  8.036959E-07  1.680894E-07  2.192408E-07  2.302494E-07
 3.661500E+02  2.701111E-01  7.272810E-05  2.273994E-09  3.055339E-09  3.416748E-09  4.164936E-09  2.489506E-01  1.012527E-04  4.840695E-08  4.192604E-01  1.191022E-03  3.892315E-06  8.070749E-07  1.221051E-03  2.371297E-08  9.769820E-08  2.253597E-08  5.840911E-02  2.467242E-06  1.314265E-07  1.086678E-07  2.855157E-04  3.882177E-04  7.712367E-07  1.611732E-07  2.102736E-07  2.224466E-07
 3.671500E+02  2.704040E-01  7.224507E-05  2.226716E-09  2.992372E-09  3.346469E-09  4.079991E-09  2.489631E-01  1.000052E-04  4.638127E-08  4.195627E-01  1.177922E-03  3.737684E-06  7.921568E-07  1.206320E-03  2.288156E-08  9.444666E-08  2.194103E-08  5.783901E-02  2.389210E-06  1.285046E-07  1.062007E-07  2.822602E-04  3.837956E-04  7.402605E-07  1.545796E-07  2.017226E-07  2.149507E-07
 3.681500E+02  2.706925E-01  7.176747E-05  2.180673E-09  2.931038E-09  3.278009E-09  3.997230E-09  2.489754E-01  9.878122E-05  4.445181E-08  4.198604E-01  1.165035E-03  3.589984E-06  7.775972E-07  1.191852E-03  2.208401E-08  9.132189E-08  2.136515E-08  5.727742E-02  2.314054E-06  1.256634E-07  1.038029E-07  2.790608E-04  3.794498E-04  7.106924E-07  1.482918E-07  1.935662E-07  2.077483E-07
 3.691500E+02  2.709768E-01  7.129525E-05  2.135827E-09  2.871287E-09  3.211314E-09  3.916589E-09  2.489874E-01  9.758004E-05  4.261352E-08  4.201536E-01  1.152356E-03  3.448874E-06  7.633860E-07  1.177641E-03  2.131875E-08  8.831829E-08  2.080762E-08  5.672419E-02  2.241658E-06  1.229004E-07  1.014723E-07  2.759164E-04  3.751789E-04  6.824617E-07  1.422942E-07  1.857844E-07  2.008263E-07
 3.701500E+02  2.712567E-01  7.082834E-05  2.092141E-09  2.813072E-09  3.146331E-09  3.838004E-09  2.489992E-01  9.640116E-05  4.086159E-08  4.204424E-01  1.139880E-03  3.314028E-06  7.495135E-07  1.163681E-03  2.058433E-08  8.543057E-08  2.026777E-08  5.617918E-02  2.171905E-06  1.202131E-07  9.920651E-08  2.728259E-04  3.709810E-04  6.555014E-07  1.365719E-07  1.783579E-07  1.941726E-07
 3.711500E+02  2.715326E-01  7.036668E-05  2.049583E-09  2.756348E-09  3.083010E-09  3.761416E-09  2.490109E-01  9.524407E-05  3.919154E-08  4.207270E-01  1.127605E-03  3.185139E-06  7.359700E-07  1.149967E-03  1.987933E-08  8.265366E-08  1.974495E-08  5.564224E-02  2.104689E-06  1.175991E-07  9.700358E-08  2.697880E-04  3.668547E-04  6.297482E-07  1.311109E-07  1.712689E-07  1.877754E-07
 3.721500E+02  2.718043E-01  6.991021E-05  2.008117E-09  2.701071E-09  3.021302E-09  3.686765E-09  2.490223E-01  9.410825E-05  3.759912E-08  4.210073E-01  1.115525E-03  3.061918E-06  7.227465E-07  1.136494E-03  1.920244E-08  7.998276E-08  1.923855E-08  5.511324E-02  2.039904E-06  1.150561E-07  9.486148E-08  2.668017E-04  3.627985E-04  6.051424E-07  1.258979E-07  1.645002E-07  1.816237E-07
 3.731500E+02  2.720720E-01  6.945888E-05  1.967712E-09  2.647198E-09  2.961158E-09  3.613995E-09  2.490335E-01  9.299322E-05  3.608031E-08  4.212834E-01  1.103638E-03  2.944089E-06  7.098339E-07  1.123255E-03  1.855240E-08  7.741330E-08  1.874798E-08  5.459202E-02  1.977453E-06  1.125818E-07  9.277827E-08  2.638659E-04  3.588108E-04  5.816273E-07  1.209206E-07  1.580359E-07  1.757069E-07
