#         T/K            c1          c2-1          c3-4          c3-5          c3-7          c3-9            m1          m2-1          m3-1            w1            w2          w3-1          w3-2          c1m1        c1m2-1        c1m2-7        c2m1-1        c1w1-2        c1w2-1        c2w1-1        c2w1-9        m1w1-1        m1w1-4        m1w2-1        m2w1-1        m2w1-3      c1m1w1-1
 2.731500E+02  5.830411E-02  1.105342E-05  5.548190E-10  7.282133E-10  8.101952E-10  9.660570E-10  2.462753E-01  5.012215E-04  1.101027E-05  5.922204E-01  1.182567E-02  2.401780E-03  3.369953E-05  1.476178E-03  5.710748E-07  1.873878E-06  4.513143E-08  8.182676E-02  8.980500E-05  2.380528E-07  2.090356E-07  1.936099E-03  2.635552E-03  3.292062E-04  4.956879E-05  6.277954E-05  6.872199E-06
 2.741500E+02  5.883594E-02  1.104794E-05  5.428012E-10  7.126810E-10  7.929734E-10  9.458203E-10  2.463639E-01  4.893424E-04  1.016462E-05  5.932266E-01  1.158182E-02  2.229924E-03  3.250411E-05  1.451167E-03  5.371807E-07  1.768369E-06  4.340910E-08  8.079163E-02  8.509365E-05  2.308042E-07  2.024957E-07  1.894130E-03  2.578258E-03  3.052330E-04  4.586924E-05  5.811714E-05  6.484275E-06
 2.751500E+02  5.936174E-02  1.104040E-05  5.309873E-10  6.974039E-10  7.760327E-10  9.259040E-10  2.464494E-01  4.778357E-04  9.389712E-06  5.942044E-01  1.134418E-02  2.071345E-03  3.135771E-05  1.426634E-03  5.054917E-07  1.669403E-06  4.175758E-08  7.976789E-02  8.065083E-05  2.237839E-07  1.961683E-07  1.853337E-03  2.522576E-03  2.831518E-04  4.246979E-05  5.383128E-05  6.120249E-06
 2.761500E+02  5.988147E-02  1.103083E-05  5.193769E-10  6.823824E-10  7.593734E-10  9.063090E-10  2.465319E-01  4.666875E-04  8.679164E-06  5.951553E-01  1.111261E-02  1.924952E-03  3.025818E-05  1.402572E-03  4.758526E-07  1.576538E-06  4.017381E-08  7.875563E-02  7.646030E-05  2.169849E-07  1.900466E-07  1.813682E-03  2.468455E-03  2.628030E-04  3.934430E-05  4.988932E-05  5.778538E-06
 2.771500E+02  6.039509E-02  1.101929E-05  5.079700E-10  6.676165E-10  7.429956E-10  8.870359E-10  2.466115E-01  4.558843E-04  8.027222E-06  5.960806E-01  1.088694E-02  1.789749E-03  2.920347E-05  1.378969E-03  4.481199E-07  1.489366E-06  3.865484E-08  7.775496E-02  7.250683E-05  2.104007E-07  1.841242E-07  1.775130E-03  2.415846E-03  2.440414E-04  3.646908E-05  4.626160E-05  5.457675E-06
 2.781500E+02  6.090257E-02  1.100582E-05  4.967662E-10  6.531061E-10  7.268995E-10  8.680853E-10  2.466884E-01  4.454133E-04  7.428678E-06  5.969814E-01  1.066704E-02  1.664825E-03  2.819160E-05  1.355819E-03  4.221608E-07  1.407508E-06  3.719787E-08  7.676596E-02  6.877614E-05  2.040247E-07  1.783949E-07  1.737646E-03  2.364701E-03  2.267343E-04  3.382259E-05  4.292120E-05  5.156293E-06
 2.791500E+02  6.140388E-02  1.099049E-05  4.857651E-10  6.388512E-10  7.110850E-10  8.494575E-10  2.467627E-01  4.352624E-04  6.878819E-06  5.978588E-01  1.045273E-02  1.549346E-03  2.722071E-05  1.333113E-03  3.978526E-07  1.330612E-06  3.580024E-08  7.578870E-02  6.525486E-05  1.978506E-07  1.728524E-07  1.701197E-03  2.314975E-03  2.107611E-04  3.138528E-05  3.984367E-05  4.873119E-06
 2.801500E+02  6.189901E-02  1.097333E-05  4.749661E-10  6.248513E-10  6.955516E-10  8.311525E-10  2.468345E-01  4.254197E-04  6.373376E-06  5.987138E-01  1.024389E-02  1.442551E-03  2.628898E-05  1.310841E-03  3.750817E-07  1.258352E-06  3.445941E-08  7.482321E-02  6.193045E-05  1.918723E-07  1.674910E-07  1.665751E-03  2.266622E-03  1.960115E-04  2.913936E-05  3.700674E-05  4.606971E-06
 2.811500E+02  6.238795E-02  1.095442E-05  4.643685E-10  6.111059E-10  6.802991E-10  8.131704E-10  2.469040E-01  4.158741E-04  5.908481E-06  5.995474E-01  1.004036E-02  1.343742E-03  2.539469E-05  1.288997E-03  3.537427E-07  1.190424E-06  3.317294E-08  7.386956E-02  5.879116E-05  1.860838E-07  1.623047E-07  1.631275E-03  2.219599E-03  1.823850E-04  2.706867E-05  3.439017E-05  4.356747E-06
 2.821500E+02  6.287069E-02  1.093379E-05  4.539716E-10  5.976143E-10  6.653265E-10  7.955105E-10  2.469713E-01  4.066149E-04  5.480625E-06  6.003606E-01  9.842000E-03  1.252281E-03  2.453619E-05  1.267573E-03  3.337383E-07  1.126546E-06  3.193852E-08  7.292774E-02  5.582597E-05  1.804793E-07  1.572882E-07  1.597740E-03  2.173864E-03  1.697898E-04  2.515850E-05  3.197553E-05  4.121422E-06
 2.831500E+02  6.334724E-02  1.091152E-05  4.437744E-10  5.843756E-10  6.506332E-10  7.781723E-10  2.470364E-01  3.976315E-04  5.086623E-06  6.011540E-01  9.648666E-03  1.167582E-03  2.371191E-05  1.246559E-03  3.149780E-07  1.066456E-06  3.075394E-08  7.199779E-02  5.302454E-05  1.750532E-07  1.524359E-07  1.565116E-03  2.129376E-03  1.581422E-04  2.339544E-05  2.974603E-05  3.900039E-06
 2.841500E+02  6.381759E-02  1.088764E-05  4.337757E-10  5.713888E-10  6.362178E-10  7.611548E-10  2.470994E-01  3.889143E-04  4.723585E-06  6.019285E-01  9.460222E-03  1.089110E-03  2.292034E-05  1.225950E-03  2.973782E-07  1.009910E-06  2.961709E-08  7.107970E-02  5.037720E-05  1.697998E-07  1.477425E-07  1.533373E-03  2.086097E-03  1.473655E-04  2.176730E-05  2.768638E-05  3.691710E-06
 2.851500E+02  6.428177E-02  1.086223E-05  4.239744E-10  5.586525E-10  6.220790E-10  7.444568E-10  2.471606E-01  3.804537E-04  4.388884E-06  6.026848E-01  9.276532E-03  1.016376E-03  2.216005E-05  1.205737E-03  2.808609E-07  9.566805E-07  2.852593E-08  7.017347E-02  4.787486E-05  1.647140E-07  1.432030E-07  1.502486E-03  2.043986E-03  1.373897E-04  2.026293E-05  2.578262E-05  3.495604E-06
 2.861500E+02  6.473979E-02  1.083533E-05  4.143690E-10  5.461652E-10  6.082154E-10  7.280769E-10  2.472198E-01  3.722406E-04  4.080130E-06  6.034237E-01  9.097465E-03  9.489287E-04  2.142966E-05  1.185913E-03  2.653541E-07  9.065562E-07  2.747855E-08  6.927907E-02  4.550899E-05  1.597903E-07  1.388123E-07  1.472426E-03  2.003009E-03  1.281508E-04  1.887220E-05  2.402202E-05  3.310948E-06
 2.871500E+02  6.519167E-02  1.080699E-05  4.049581E-10  5.339254E-10  5.946251E-10  7.120133E-10  2.472772E-01  3.642663E-04  3.795151E-06  6.041456E-01  8.922891E-03  8.863560E-04  2.072787E-05  1.166471E-03  2.507909E-07  8.593404E-07  2.647310E-08  6.839648E-02  4.327161E-05  1.550239E-07  1.345657E-07  1.443168E-03  1.963129E-03  1.195902E-04  1.758586E-05  2.239298E-05  3.137021E-06
 2.881500E+02  6.563742E-02  1.077729E-05  3.957400E-10  5.219311E-10  5.813062E-10  6.962640E-10  2.473330E-01  3.565224E-04  3.531969E-06  6.048513E-01  8.752685E-03  8.282798E-04  2.005342E-05  1.147403E-03  2.371089E-07  8.148495E-07  2.550780E-08  6.752566E-02  4.115522E-05  1.504096E-07  1.304584E-07  1.414687E-03  1.924311E-03  1.116542E-04  1.639543E-05  2.088487E-05  2.973148E-06
 2.891500E+02  6.607709E-02  1.074627E-05  3.867130E-10  5.101804E-10  5.682566E-10  6.808270E-10  2.473871E-01  3.490008E-04  3.288781E-06  6.055412E-01  8.586723E-03  7.743529E-04  1.940513E-05  1.128704E-03  2.242504E-07  7.729125E-07  2.458099E-08  6.666657E-02  3.915278E-05  1.459428E-07  1.264859E-07  1.386958E-03  1.886523E-03  1.042939E-04  1.529321E-05  1.948800E-05  2.818704E-06
 2.901500E+02  6.651070E-02  1.071398E-05  3.778751E-10  4.986711E-10  5.554738E-10  6.656997E-10  2.474396E-01  3.416940E-04  3.063944E-06  6.062160E-01  8.424888E-03  7.242566E-04  1.878187E-05  1.110364E-03  2.121616E-07  7.333699E-07  2.369103E-08  6.581916E-02  3.725768E-05  1.416188E-07  1.226437E-07  1.359958E-03  1.849732E-03  9.746413E-05  1.427214E-05  1.819351E-05  2.673101E-06
 2.911500E+02  6.693829E-02  1.068048E-05  3.692245E-10  4.874009E-10  5.429553E-10  6.508795E-10  2.474905E-01  3.345944E-04  2.855961E-06  6.068762E-01  8.267061E-03  6.776982E-04  1.818253E-05  1.092379E-03  2.007925E-07  6.960729E-07  2.283638E-08  6.498337E-02  3.546373E-05  1.374330E-07  1.189277E-07  1.333666E-03  1.813908E-03  9.112370E-05  1.332576E-05  1.699328E-05  2.535792E-06
 2.921500E+02  6.735990E-02  1.064582E-05  3.607589E-10  4.763672E-10  5.306986E-10  6.363635E-10  2.475401E-01  3.276950E-04  2.663465E-06  6.075221E-01  8.113131E-03  6.344088E-04  1.760610E-05  1.074741E-03  1.900967E-07  6.608828E-07  2.201558E-08  6.415913E-02  3.376511E-05  1.333810E-07  1.153336E-07  1.308057E-03  1.779020E-03  8.523478E-05  1.244816E-05  1.587990E-05  2.406267E-06
 2.931500E+02  6.777556E-02  1.061006E-05  3.524762E-10  4.655676E-10  5.187007E-10  6.221487E-10  2.475882E-01  3.209889E-04  2.485207E-06  6.081543E-01  7.962987E-03  5.941413E-04  1.705159E-05  1.057444E-03  1.800309E-07  6.276699E-07  2.122720E-08  6.334637E-02  3.215635E-05  1.294586E-07  1.118573E-07  1.283113E-03  1.745038E-03  7.976266E-05  1.163395E-05  1.484657E-05  2.284048E-06
 2.941500E+02  6.818532E-02  1.057325E-05  3.443741E-10  4.549992E-10  5.069587E-10  6.082319E-10  2.476350E-01  3.144696E-04  2.320047E-06  6.087731E-01  7.816521E-03  5.566685E-04  1.651806E-05  1.040481E-03  1.705547E-07  5.963133E-07  2.046989E-08  6.254502E-02  3.063232E-05  1.256615E-07  1.084951E-07  1.258812E-03  1.711936E-03  7.467548E-05  1.087816E-05  1.388706E-05  2.168688E-06
 2.951500E+02  6.858922E-02  1.053543E-05  3.364502E-10  4.446593E-10  4.954695E-10  5.946096E-10  2.476804E-01  3.081307E-04  2.166944E-06  6.093791E-01  7.673632E-03  5.217811E-04  1.600460E-05  1.023845E-03  1.616307E-07  5.666998E-07  1.974235E-08  6.175499E-02  2.918820E-05  1.219859E-07  1.052432E-07  1.235134E-03  1.679686E-03  6.994401E-05  1.017627E-05  1.299565E-05  2.059770E-06
 2.961500E+02  6.898732E-02  1.049665E-05  3.287021E-10  4.345447E-10  4.842298E-10  5.812784E-10  2.477247E-01  3.019663E-04  2.024942E-06  6.099725E-01  7.534216E-03  4.892870E-04  1.551037E-05  1.007531E-03  1.532238E-07  5.387238E-07  1.904336E-08  6.097620E-02  2.781946E-05  1.184276E-07  1.020977E-07  1.212060E-03  1.648262E-03  6.554134E-05  9.524116E-06  1.216713E-05  1.956906E-06
 2.971500E+02  6.937967E-02  1.045697E-05  3.211272E-10  4.246526E-10  4.732363E-10  5.682346E-10  2.477677E-01  2.959705E-04  1.893171E-06  6.105538E-01  7.398177E-03  4.590089E-04  1.503455E-05  9.915320E-04  1.453016E-07  5.122867E-07  1.837171E-08  6.020855E-02  2.652184E-05  1.149831E-07  9.905527E-08  1.189573E-03  1.617639E-03  6.144278E-05  8.917877E-06  1.139667E-05  1.859729E-06
 2.981500E+02  6.976631E-02  1.041644E-05  3.137231E-10  4.149797E-10  4.624855E-10  5.554742E-10  2.478095E-01  2.901377E-04  1.770830E-06  6.111232E-01  7.265420E-03  4.307837E-04  1.457636E-05  9.758422E-04  1.378337E-07  4.872960E-07  1.772628E-08  5.945195E-02  2.529134E-05  1.116484E-07  9.611237E-08  1.167654E-03  1.587792E-03  5.762561E-05  8.354054E-06  1.067988E-05  1.767899E-06
 2.991500E+02  7.014730E-02  1.037509E-05  3.064870E-10  4.055228E-10  4.519740E-10  5.429934E-10  2.478503E-01  2.844624E-04  1.657188E-06  6.116812E-01  7.135851E-03  4.044611E-04  1.413505E-05  9.604556E-04  1.307916E-07  4.636654E-07  1.710599E-08  5.870630E-02  2.412420E-05  1.084202E-07  9.326568E-08  1.146286E-03  1.558697E-03  5.406892E-05  7.829431E-06  1.001269E-05  1.681096E-06
 3.001500E+02  7.052270E-02  1.033298E-05  2.994163E-10  3.962787E-10  4.416981E-10  5.307881E-10  2.478899E-01  2.789397E-04  1.551575E-06  6.122280E-01  7.009382E-03  3.799025E-04  1.370993E-05  9.453661E-04  1.241490E-07  4.413140E-07  1.650978E-08  5.797150E-02  2.301688E-05  1.052949E-07  9.051198E-08  1.125453E-03  1.530333E-03  5.075347E-05  7.341054E-06  9.391395E-06  1.599022E-06
 3.011500E+02  7.089256E-02  1.029015E-05  2.925082E-10  3.872439E-10  4.316541E-10  5.188543E-10  2.479286E-01  2.735644E-04  1.453373E-06  6.127639E-01  6.885925E-03  3.569802E-04  1.330031E-05  9.305680E-04  1.178812E-07  4.201663E-07  1.593667E-08  5.724744E-02  2.196606E-05  1.022692E-07  8.784814E-08  1.105138E-03  1.502676E-03  4.766153E-05  6.886207E-06  8.812557E-06  1.521397E-06
 3.021500E+02  7.125694E-02  1.024663E-05  2.857600E-10  3.784151E-10  4.218383E-10  5.071876E-10  2.479662E-01  2.683317E-04  1.362019E-06  6.132893E-01  6.765397E-03  3.355762E-04  1.290554E-05  9.160556E-04  1.119651E-07  4.001513E-07  1.538569E-08  5.653402E-02  2.096861E-05  9.933973E-08  8.527112E-08  1.085326E-03  1.475706E-03  4.477679E-05  6.462394E-06  8.273032E-06  1.447958E-06
 3.031500E+02  7.161590E-02  1.020249E-05  2.791690E-10  3.697887E-10  4.122469E-10  4.957839E-10  2.480028E-01  2.632371E-04  1.276995E-06  6.138044E-01  6.647714E-03  3.155818E-04  1.252502E-05  9.018232E-04  1.063793E-07  3.812028E-07  1.485595E-08  5.583112E-02  2.002158E-05  9.650344E-08  8.277802E-08  1.066001E-03  1.449402E-03  4.208419E-05  6.067316E-06  7.769921E-06  1.378460E-06
 3.041500E+02  7.196950E-02  1.015774E-05  2.727322E-10  3.613614E-10  4.028760E-10  4.846387E-10  2.480385E-01  2.582762E-04  1.197823E-06  6.143094E-01  6.532799E-03  2.968965E-04  1.215816E-05  8.878652E-04  1.011037E-07  3.632587E-07  1.434656E-08  5.513863E-02  1.912221E-05  9.375724E-08  8.036598E-08  1.047151E-03  1.423745E-03  3.956986E-05  5.698859E-06  7.300554E-06  1.312672E-06
 3.051500E+02  7.231781E-02  1.011244E-05  2.664470E-10  3.531296E-10  3.937218E-10  4.737477E-10  2.480733E-01  2.534445E-04  1.124066E-06  6.148047E-01  6.420575E-03  2.794275E-04  1.180439E-05  8.741762E-04  9.611948E-08  3.462606E-07  1.385670E-08  5.445643E-02  1.826788E-05  9.109816E-08  7.803228E-08  1.028760E-03  1.398715E-03  3.722099E-05  5.355075E-06  6.862473E-06  1.250380E-06
 3.061500E+02  7.266088E-02  1.006663E-05  2.603104E-10  3.450897E-10  3.847804E-10  4.631064E-10  2.481073E-01  2.487382E-04  1.055322E-06  6.152905E-01  6.310965E-03  2.630891E-04  1.146319E-05  8.607508E-04  9.140906E-08  3.301539E-07  1.338555E-08  5.378441E-02  1.745614E-05  8.852334E-08  7.577425E-08  1.010815E-03  1.374293E-03  3.502578E-05  5.034170E-06  6.453412E-06  1.191381E-06
 3.071500E+02  7.299878E-02  1.002033E-05  2.543196E-10  3.372381E-10  3.760478E-10  4.527103E-10  2.481403E-01  2.441530E-04  9.912203E-07  6.157669E-01  6.203900E-03  2.478019E-04  1.113403E-05  8.475839E-04  8.695604E-08  3.148875E-07  1.293235E-08  5.312244E-02  1.668468E-05  8.603000E-08  7.358934E-08  9.933030E-04  1.350462E-03  3.297331E-05  4.734488E-06  6.071280E-06  1.135485E-06
 3.081500E+02  7.333156E-02  9.973594E-06  2.484718E-10  3.295714E-10  3.675201E-10  4.425551E-10  2.481726E-01  2.396854E-04  9.314195E-07  6.162343E-01  6.099307E-03  2.334927E-04  1.081643E-05  8.346701E-04  8.274507E-08  3.004134E-07  1.249638E-08  5.247042E-02  1.595132E-05  8.361545E-08  7.147507E-08  9.762112E-04  1.327205E-03  3.105350E-05  4.454504E-06  5.714150E-06  1.082515E-06
 3.091500E+02  7.365930E-02  9.926448E-06  2.427641E-10  3.220860E-10  3.591935E-10  4.326361E-10  2.482040E-01  2.353315E-04  8.756058E-07  6.166929E-01  5.997120E-03  2.200936E-04  1.050992E-05  8.220043E-04  7.876177E-08  2.866864E-07  1.207692E-08  5.182821E-02  1.525401E-05  8.127709E-08  6.942905E-08  9.595276E-04  1.304504E-03  2.925705E-05  4.192811E-06  5.380243E-06  1.032302E-06
 3.101500E+02  7.398206E-02  9.878927E-06  2.371938E-10  3.147782E-10  3.510639E-10  4.229490E-10  2.482347E-01  2.310878E-04  8.234899E-07  6.171428E-01  5.897272E-03  2.075418E-04  1.021406E-05  8.095817E-04  7.499269E-08  2.736643E-07  1.167330E-08  5.119570E-02  1.459082E-05  7.901239E-08  6.744895E-08  9.432403E-04  1.282344E-03  2.757533E-05  3.948108E-06  5.067913E-06  9.846913E-07
 3.111500E+02  7.429991E-02  9.831066E-06  2.317579E-10  3.076446E-10  3.431275E-10  4.134891E-10  2.482647E-01  2.269510E-04  7.748051E-07  6.175844E-01  5.799700E-03  1.957792E-04  9.928428E-06  7.973972E-04  7.142523E-08  2.613074E-07  1.128488E-08  5.057276E-02  1.395992E-05  7.681893E-08  6.553253E-08  9.273379E-04  1.260709E-03  2.600038E-05  3.719195E-06  4.775645E-06  9.395346E-07
 3.121500E+02  7.461290E-02  9.782894E-06  2.264537E-10  3.006815E-10  3.353803E-10  4.042520E-10  2.482939E-01  2.229177E-04  7.293054E-07  6.180177E-01  5.704341E-03  1.847519E-04  9.652610E-06  7.854461E-04  6.804761E-08  2.495783E-07  1.091104E-08  4.995927E-02  1.335960E-05  7.469433E-08  6.367765E-08  9.118094E-04  1.239583E-03  2.452483E-05  3.504964E-06  4.502034E-06  8.966941E-07
 3.131500E+02  7.492110E-02  9.734444E-06  2.212784E-10  2.938855E-10  3.278184E-10  3.952332E-10  2.483224E-01  2.189847E-04  6.867638E-07  6.184429E-01  5.611135E-03  1.744100E-04  9.386219E-06  7.737236E-04  6.484876E-08  2.384420E-07  1.055120E-08  4.935511E-02  1.278824E-05  7.263633E-08  6.188219E-08  8.966440E-04  1.218953E-03  2.314186E-05  3.304388E-06  4.245783E-06  8.560399E-07
 3.141500E+02  7.522458E-02  9.685745E-06  2.162292E-10  2.872530E-10  3.204380E-10  3.864282E-10  2.483503E-01  2.151490E-04  6.469707E-07  6.188603E-01  5.520025E-03  1.647072E-04  9.128883E-06  7.622250E-04  6.181832E-08  2.278657E-07  1.020478E-08  4.876015E-02  1.224431E-05  7.064270E-08  6.014415E-08  8.818314E-04  1.198804E-03  2.184514E-05  3.116520E-06  4.005691E-06  8.174499E-07
 3.151500E+02  7.552341E-02  9.636825E-06  2.113034E-10  2.807806E-10  3.132352E-10  3.778327E-10  2.483775E-01  2.114077E-04  6.097325E-07  6.192701E-01  5.430953E-03  1.556006E-04  8.880248E-06  7.509457E-04  5.894659E-08  2.178184E-07  9.871244E-09  4.817426E-02  1.172636E-05  6.871133E-08  5.846158E-08  8.673618E-04  1.179122E-03  2.062882E-05  2.940483E-06  3.780648E-06  7.808095E-07
 3.161500E+02  7.581764E-02  9.587712E-06  2.064982E-10  2.744648E-10  3.062062E-10  3.694422E-10  2.484040E-01  2.077579E-04  5.748703E-07  6.196723E-01  5.343866E-03  1.470504E-04  8.639974E-06  7.398814E-04  5.622446E-08  2.082709E-07  9.550073E-09  4.759733E-02  1.123305E-05  6.684014E-08  5.683259E-08  8.532253E-04  1.159895E-03  1.948748E-05  2.775464E-06  3.569626E-06  7.460109E-07
 3.171500E+02  7.610734E-02  9.538433E-06  2.018110E-10  2.683022E-10  2.993473E-10  3.612523E-10  2.484299E-01  2.041968E-04  5.422188E-07  6.200673E-01  5.258709E-03  1.390196E-04  8.407735E-06  7.290275E-04  5.364339E-08  1.991959E-07  9.240770E-09  4.702923E-02  1.076309E-05  6.502713E-08  5.525535E-08  8.394126E-04  1.141109E-03  1.841608E-05  2.620712E-06  3.371670E-06  7.129527E-07
 3.181500E+02  7.639258E-02  9.489012E-06  1.972391E-10  2.622894E-10  2.926546E-10  3.532587E-10  2.484553E-01  2.007217E-04  5.116249E-07  6.204550E-01  5.175431E-03  1.314738E-04  8.183221E-06  7.183798E-04  5.119535E-08  1.905677E-07  8.942858E-09  4.646983E-02  1.031526E-05  6.327039E-08  5.372813E-08  8.259148E-04  1.122752E-03  1.740994E-05  2.475529E-06  3.185899E-06  6.815395E-07
 3.191500E+02  7.667342E-02  9.439475E-06  1.927799E-10  2.564230E-10  2.861246E-10  3.454572E-10  2.484800E-01  1.973303E-04  4.829472E-07  6.208358E-01  5.093983E-03  1.243812E-04  7.966135E-06  7.079340E-04  4.887282E-08  1.823620E-07  8.655883E-09  4.591901E-02  9.888429E-06  6.156804E-08  5.224920E-08  8.127230E-04  1.104812E-03  1.646474E-05  2.339271E-06  3.011494E-06  6.516816E-07
 3.201500E+02  7.694992E-02  9.389845E-06  1.884308E-10  2.506998E-10  2.797535E-10  3.378434E-10  2.485042E-01  1.940198E-04  4.560546E-07  6.212097E-01  5.014316E-03  1.177122E-04  7.756191E-06  6.976859E-04  4.666875E-08  1.745561E-07  8.379408E-09  4.537665E-02  9.481510E-06  5.991828E-08  5.081695E-08  7.998287E-04  1.087277E-03  1.557645E-05  2.211339E-06  2.847695E-06  6.232946E-07
 3.211500E+02  7.722216E-02  9.340145E-06  1.841893E-10  2.451165E-10  2.735377E-10  3.304133E-10  2.485278E-01  1.907881E-04  4.308258E-07  6.215769E-01  4.936383E-03  1.114392E-04  7.553117E-06  6.876316E-04  4.457650E-08  1.671285E-07  8.113013E-09  4.484262E-02  9.093485E-06  5.831937E-08  4.942978E-08  7.872238E-04  1.070137E-03  1.474133E-05  2.091177E-06  2.693798E-06  5.962988E-07
 3.221500E+02  7.749018E-02  9.290395E-06  1.800527E-10  2.396699E-10  2.674737E-10  3.231626E-10  2.485509E-01  1.876327E-04  4.071482E-07  6.219376E-01  4.860138E-03  1.055366E-04  7.356653E-06  6.777670E-04  4.258983E-08  1.600590E-07  7.856299E-09  4.431680E-02  8.723391E-06  5.676962E-08  4.808616E-08  7.749003E-04  1.053380E-03  1.395591E-05  1.978269E-06  2.549149E-06  5.706196E-07
 3.231500E+02  7.775406E-02  9.240618E-06  1.760187E-10  2.343568E-10  2.615579E-10  3.160873E-10  2.485735E-01  1.845515E-04  3.849176E-07  6.222918E-01  4.785537E-03  9.998056E-05  7.166549E-06  6.680881E-04  4.070289E-08  1.533285E-07  7.608882E-09  4.379908E-02  8.370317E-06  5.526741E-08  4.678463E-08  7.628506E-04  1.036996E-03  1.321696E-05  1.872138E-06  2.413140E-06  5.461863E-07
 3.241500E+02  7.801386E-02  9.190833E-06  1.720848E-10  2.291740E-10  2.557870E-10  3.091834E-10  2.485956E-01  1.815423E-04  3.640374E-07  6.226398E-01  4.712538E-03  9.474889E-05  6.982566E-06  6.585911E-04  3.891017E-08  1.469190E-07  7.370393E-09  4.328933E-02  8.033402E-06  5.381117E-08  4.552376E-08  7.510671E-04  1.020975E-03  1.252149E-05  1.772339E-06  2.285207E-06  5.229325E-07
 3.251500E+02  7.826964E-02  9.141059E-06  1.682486E-10  2.241186E-10  2.501575E-10  3.024468E-10  2.486172E-01  1.786030E-04  3.444178E-07  6.229816E-01  4.641098E-03  8.982095E-05  6.804474E-06  6.492724E-04  3.720650E-08  1.408137E-07  7.140481E-09  4.278742E-02  7.711833E-06  5.239937E-08  4.430218E-08  7.395427E-04  1.005306E-03  1.186669E-05  1.678459E-06  2.164826E-06  5.007957E-07
 3.261500E+02  7.852147E-02  9.091315E-06  1.645078E-10  2.191874E-10  2.446660E-10  2.958738E-10  2.486383E-01  1.757317E-04  3.259756E-07  6.233174E-01  4.571178E-03  8.517750E-05  6.632054E-06  6.401281E-04  3.558701E-08  1.349966E-07  6.918807E-09  4.229325E-02  7.404841E-06  5.103055E-08  4.311855E-08  7.282704E-04  9.899812E-04  1.124997E-05  1.590114E-06  2.051509E-06  4.797168E-07
 3.271500E+02  7.876939E-02  9.041618E-06  1.608600E-10  2.143776E-10  2.393094E-10  2.894605E-10  2.486589E-01  1.729263E-04  3.086335E-07  6.236473E-01  4.502737E-03  8.080061E-05  6.465097E-06  6.311546E-04  3.404712E-08  1.294527E-07  6.705049E-09  4.180669E-02  7.111698E-06  4.970329E-08  4.197161E-08  7.172433E-04  9.749902E-04  1.066890E-05  1.506946E-06  1.944802E-06  4.596401E-07
 3.281500E+02  7.901348E-02  8.991984E-06  1.573029E-10  2.096861E-10  2.340842E-10  2.832030E-10  2.486791E-01  1.701850E-04  2.923196E-07  6.239715E-01  4.435739E-03  7.667360E-05  6.303400E-06  6.223485E-04  3.258252E-08  1.241678E-07  6.498896E-09  4.132763E-02  6.831716E-06  4.841622E-08  4.086011E-08  7.064551E-04  9.603243E-04  1.012124E-05  1.428625E-06  1.844283E-06  4.405133E-07
 3.291500E+02  7.925379E-02  8.942430E-06  1.538343E-10  2.051101E-10  2.289874E-10  2.770977E-10  2.486989E-01  1.675060E-04  2.769671E-07  6.242900E-01  4.370146E-03  7.278087E-05  6.146771E-06  6.137063E-04  3.118915E-08  1.191285E-07  6.300051E-09  4.085594E-02  6.564243E-06  4.716802E-08  3.978286E-08  6.958992E-04  9.459749E-04  9.604886E-06  1.354841E-06  1.749559E-06  4.222868E-07
 3.301500E+02  7.949038E-02  8.892971E-06  1.504521E-10  2.006469E-10  2.240159E-10  2.711409E-10  2.487182E-01  1.648876E-04  2.625140E-07  6.246030E-01  4.305922E-03  6.910790E-05  5.995023E-06  6.052245E-04  2.986319E-08  1.143222E-07  6.108229E-09  4.039153E-02  6.308663E-06  4.595741E-08  3.873871E-08  6.855696E-04  9.319335E-04  9.117876E-06  1.285306E-06  1.660264E-06  4.049140E-07
 3.311500E+02  7.972332E-02  8.843622E-06  1.471541E-10  1.962936E-10  2.191665E-10  2.653291E-10  2.487372E-01  1.623281E-04  2.489026E-07  6.249106E-01  4.243032E-03  6.564114E-05  5.847981E-06  5.968998E-04  2.860105E-08  1.097368E-07  5.923158E-09  3.993426E-02  6.064392E-06  4.478315E-08  3.772655E-08  6.754603E-04  9.181921E-04  8.658387E-06  1.219752E-06  1.576058E-06  3.883506E-07
 3.321500E+02  7.995266E-02  8.794395E-06  1.439381E-10  1.920475E-10  2.144363E-10  2.596588E-10  2.487557E-01  1.598257E-04  2.360792E-07  6.252129E-01  4.181444E-03  6.236793E-05  5.705473E-06  5.887290E-04  2.739934E-08  1.053613E-07  5.744575E-09  3.948402E-02  5.830878E-06  4.364405E-08  3.674531E-08  6.655654E-04  9.047426E-04  8.224716E-06  1.157929E-06  1.496621E-06  3.725552E-07
 3.331500E+02  8.017845E-02  8.745305E-06  1.408022E-10  1.879060E-10  2.098224E-10  2.541264E-10  2.487738E-01  1.573790E-04  2.239936E-07  6.255100E-01  4.121123E-03  5.927645E-05  5.567337E-06  5.807088E-04  2.625486E-08  1.011849E-07  5.572230E-09  3.904072E-02  5.607598E-06  4.253896E-08  3.579395E-08  6.558795E-04  8.915775E-04  7.815275E-06  1.099606E-06  1.421659E-06  3.574885E-07
 3.341500E+02  8.040076E-02  8.696364E-06  1.377443E-10  1.838666E-10  2.053219E-10  2.487287E-10  2.487916E-01  1.549864E-04  2.125994E-07  6.258020E-01  4.062038E-03  5.635567E-05  5.433415E-06  5.728362E-04  2.516459E-08  9.719760E-08  5.405883E-09  3.860423E-02  5.394055E-06  4.146676E-08  3.487148E-08  6.463970E-04  8.786894E-04  7.428582E-06  1.044563E-06  1.350894E-06  3.431132E-07
 3.351500E+02  8.061964E-02  8.647583E-06  1.347624E-10  1.799265E-10  2.009319E-10  2.434623E-10  2.488089E-01  1.526464E-04  2.018532E-07  6.260891E-01  4.004159E-03  5.359528E-05  5.303557E-06  5.651081E-04  2.412572E-08  9.338988E-08  5.245303E-09  3.817445E-02  5.189781E-06  4.042639E-08  3.397694E-08  6.371128E-04  8.660709E-04  7.063250E-06  9.926000E-07  1.284068E-06  3.293945E-07
 3.361500E+02  8.083515E-02  8.598975E-06  1.318546E-10  1.760834E-10  1.966497E-10  2.383240E-10  2.488260E-01  1.503576E-04  1.917145E-07  6.263712E-01  3.947455E-03  5.098564E-05  5.177619E-06  5.575214E-04  2.313554E-08  8.975276E-08  5.090268E-09  3.775126E-02  4.994330E-06  3.941680E-08  3.310939E-08  6.280215E-04  8.537153E-04  6.717988E-06  9.435269E-07  1.220942E-06  3.162991E-07
 3.371500E+02  8.104734E-02  8.550549E-06  1.290191E-10  1.723348E-10  1.924725E-10  2.333106E-10  2.488426E-01  1.481185E-04  1.821456E-07  6.266486E-01  3.891897E-03  4.851774E-05  5.055462E-06  5.500733E-04  2.219155E-08  8.627776E-08  4.940568E-09  3.733457E-02  4.807280E-06  3.843700E-08  3.226793E-08  6.191185E-04  8.416157E-04  6.391585E-06  8.971675E-07  1.161290E-06  3.037957E-07
 3.381500E+02  8.125626E-02  8.502317E-06  1.262539E-10  1.686783E-10  1.883978E-10  2.284190E-10  2.488589E-01  1.459280E-04  1.731114E-07  6.269213E-01  3.837457E-03  4.618314E-05  4.936954E-06  5.427609E-04  2.129136E-08  8.295686E-08  4.795998E-09  3.692427E-02  4.628231E-06  3.748601E-08  3.145171E-08  6.103987E-04  8.297655E-04  6.082913E-06  8.533571E-07  1.104901E-06  2.918547E-07
 3.391500E+02  8.146197E-02  8.454287E-06  1.235573E-10  1.651117E-10  1.844230E-10  2.236462E-10  2.488749E-01  1.437845E-04  1.645790E-07  6.271894E-01  3.784107E-03  4.397395E-05  4.821967E-06  5.355813E-04  2.043271E-08  7.978245E-08  4.656364E-09  3.652024E-02  4.456805E-06  3.656289E-08  3.065988E-08  6.018576E-04  8.181584E-04  5.790913E-06  8.119417E-07  1.051581E-06  2.804482E-07
 3.401500E+02  8.166453E-02  8.406468E-06  1.209275E-10  1.616325E-10  1.805455E-10  2.189892E-10  2.488906E-01  1.416870E-04  1.565178E-07  6.274530E-01  3.731821E-03  4.188280E-05  4.710377E-06  5.285318E-04  1.961349E-08  7.674734E-08  4.521479E-09  3.612240E-02  4.292641E-06  3.566675E-08  2.989164E-08  5.934905E-04  8.067882E-04  5.514599E-06  7.727777E-07  1.001145E-06  2.695496E-07
 3.411500E+02  8.186397E-02  8.358870E-06  1.183627E-10  1.582387E-10  1.767628E-10  2.144450E-10  2.489059E-01  1.396341E-04  1.488992E-07  6.277122E-01  3.680572E-03  3.990277E-05  4.602068E-06  5.216098E-04  1.883169E-08  7.384475E-08  4.391163E-09  3.573064E-02  4.135399E-06  3.479672E-08  2.914622E-08  5.852933E-04  7.956490E-04  5.253045E-06  7.357305E-07  9.534218E-07  2.591339E-07
 3.421500E+02  8.206037E-02  8.311499E-06  1.158614E-10  1.549279E-10  1.730726E-10  2.100109E-10  2.489209E-01  1.376247E-04  1.416964E-07  6.279671E-01  3.630335E-03  3.802739E-05  4.496926E-06  5.148125E-04  1.808541E-08  7.106822E-08  4.265244E-09  3.534486E-02  3.984753E-06  3.395194E-08  2.842286E-08  5.772615E-04  7.847349E-04  5.005385E-06  7.006743E-07  9.082511E-07  2.491773E-07
 3.431500E+02  8.225376E-02  8.264365E-06  1.134219E-10  1.516981E-10  1.694724E-10  2.056841E-10  2.489357E-01  1.356576E-04  1.348846E-07  6.282177E-01  3.581087E-03  3.625058E-05  4.394842E-06  5.081375E-04  1.737286E-08  6.841166E-08  4.143558E-09  3.496496E-02  3.840398E-06  3.313162E-08  2.772083E-08  5.693910E-04  7.740402E-04  4.770808E-06  6.674915E-07  8.654826E-07  2.396576E-07
 3.441500E+02  8.244419E-02  8.217474E-06  1.110425E-10  1.485473E-10  1.659601E-10  2.014619E-10  2.489501E-01  1.337318E-04  1.284404E-07  6.284642E-01  3.532802E-03  3.456667E-05  4.295712E-06  5.015821E-04  1.669236E-08  6.586929E-08  4.025945E-09  3.459084E-02  3.702041E-06  3.233495E-08  2.703945E-08  5.616778E-04  7.635596E-04  4.548555E-06  6.360721E-07  8.249758E-07  2.305532E-07
 3.451500E+02  8.263172E-02  8.170832E-06  1.087217E-10  1.454733E-10  1.625332E-10  1.973415E-10  2.489643E-01  1.318460E-04  1.223418E-07  6.287066E-01  3.485458E-03  3.297032E-05  4.199436E-06  4.951440E-04  1.604231E-08  6.343565E-08  3.912254E-09  3.422241E-02  3.569405E-06  3.156119E-08  2.637802E-08  5.541181E-04  7.532876E-04  4.337915E-06  6.063128E-07  7.865989E-07  2.218443E-07
 3.461500E+02  8.281639E-02  8.124446E-06  1.064580E-10  1.424742E-10  1.591897E-10  1.933205E-10  2.489781E-01  1.299994E-04  1.165686E-07  6.289451E-01  3.439033E-03  3.145653E-05  4.105916E-06  4.888206E-04  1.542118E-08  6.110555E-08  3.802339E-09  3.385957E-02  3.442228E-06  3.080959E-08  2.573591E-08  5.467080E-04  7.432192E-04  4.138219E-06  5.781172E-07  7.502288E-07  2.135117E-07
 3.471500E+02  8.299826E-02  8.078322E-06  1.042499E-10  1.395481E-10  1.559274E-10  1.893962E-10  2.489917E-01  1.281909E-04  1.111016E-07  6.291796E-01  3.393504E-03  3.002062E-05  4.015060E-06  4.826097E-04  1.482755E-08  5.887407E-08  3.696060E-09  3.350224E-02  3.320259E-06  3.007946E-08  2.511249E-08  5.394438E-04  7.333493E-04  3.948842E-06  5.513949E-07  7.157497E-07  2.055373E-07
 3.481500E+02  8.317736E-02  8.032466E-06  1.020959E-10  1.366931E-10  1.527442E-10  1.855663E-10  2.490050E-01  1.264195E-04  1.059230E-07  6.294103E-01  3.348850E-03  2.865818E-05  3.926778E-06  4.765089E-04  1.426008E-08  5.673655E-08  3.593282E-09  3.315031E-02  3.203261E-06  2.937010E-08  2.450714E-08  5.323221E-04  7.236730E-04  3.769199E-06  5.260610E-07  6.830534E-07  1.979040E-07
 3.491500E+02  8.335375E-02  7.986882E-06  9.999463E-11  1.339073E-10  1.496381E-10  1.818283E-10  2.490181E-01  1.246843E-04  1.010158E-07  6.296372E-01  3.305050E-03  2.736508E-05  3.840984E-06  4.705159E-04  1.371747E-08  5.468858E-08  3.493877E-09  3.280370E-02  3.091008E-06  2.868086E-08  2.391928E-08  5.253392E-04  7.141857E-04  3.598737E-06  5.020360E-07  6.520382E-07  1.905957E-07
 3.501500E+02  8.352747E-02  7.941575E-06  9.794471E-11  1.311890E-10  1.466070E-10  1.781799E-10  2.490309E-01  1.229843E-04  9.636457E-08  6.298604E-01  3.262085E-03  2.613744E-05  3.757597E-06  4.646286E-04  1.319851E-08  5.272596E-08  3.397721E-09  3.246232E-02  2.983287E-06  2.801110E-08  2.334835E-08  5.184919E-04  7.048827E-04  3.436941E-06  4.792456E-07  6.226089E-07  1.835969E-07
 3.511500E+02  8.369856E-02  7.896550E-06  9.594480E-11  1.285365E-10  1.436490E-10  1.746187E-10  2.490435E-01  1.213186E-04  9.195445E-08  6.300801E-01  3.219934E-03  2.497162E-05  3.676536E-06  4.588448E-04  1.270207E-08  5.084472E-08  3.304694E-09  3.212608E-02  2.879892E-06  2.736021E-08  2.279379E-08  5.117769E-04  6.957595E-04  3.283325E-06  4.576197E-07  5.946760E-07  1.768930E-07
 3.521500E+02  8.386708E-02  7.851810E-06  9.399357E-11  1.259479E-10  1.407623E-10  1.711426E-10  2.490558E-01  1.196865E-04  8.777170E-08  6.302962E-01  3.178580E-03  2.386419E-05  3.597724E-06  4.531623E-04  1.222704E-08  4.904109E-08  3.214682E-09  3.179490E-02  2.780631E-06  2.672757E-08  2.225509E-08  5.051910E-04  6.868120E-04  3.137434E-06  4.370928E-07  5.681556E-07  1.704702E-07
 3.531500E+02  8.403305E-02  7.807361E-06  9.208976E-11  1.234216E-10  1.379450E-10  1.677494E-10  2.490679E-01  1.180869E-04  8.380337E-08  6.305088E-01  3.138002E-03  2.281194E-05  3.521088E-06  4.475792E-04  1.177241E-08  4.731149E-08  3.127577E-09  3.146869E-02  2.685318E-06  2.611263E-08  2.173174E-08  4.987311E-04  6.780357E-04  2.998840E-06  4.176032E-07  5.429688E-07  1.643154E-07
 3.541500E+02  8.419654E-02  7.763204E-06  9.023212E-11  1.209561E-10  1.351953E-10  1.644369E-10  2.490798E-01  1.165192E-04  8.003734E-08  6.307179E-01  3.098183E-03  2.181183E-05  3.446557E-06  4.420933E-04  1.133720E-08  4.565251E-08  3.043272E-09  3.114737E-02  2.593780E-06  2.551483E-08  2.122324E-08  4.923942E-04  6.694267E-04  2.867140E-06  3.990931E-07  5.190417E-07  1.584161E-07
 3.551500E+02  8.435757E-02  7.719343E-06  8.841944E-11  1.185498E-10  1.325114E-10  1.612031E-10  2.490914E-01  1.149825E-04  7.646222E-08  6.309238E-01  3.059107E-03  2.086103E-05  3.374063E-06  4.367026E-04  1.092047E-08  4.406092E-08  2.961666E-09  3.083085E-02  2.505848E-06  2.493362E-08  2.072912E-08  4.861774E-04  6.609810E-04  2.741956E-06  3.815082E-07  4.963046E-07  1.527605E-07
 3.561500E+02  8.451619E-02  7.675781E-06  8.665054E-11  1.162011E-10  1.298917E-10  1.580459E-10  2.491028E-01  1.134761E-04  7.306732E-08  6.311264E-01  3.020754E-03  1.995686E-05  3.303540E-06  4.314054E-04  1.052136E-08  4.253366E-08  2.882663E-09  3.051906E-02  2.421364E-06  2.436849E-08  2.024893E-08  4.800779E-04  6.526947E-04  2.622932E-06  3.647974E-07  4.746922E-07  1.473374E-07
 3.571500E+02  8.467244E-02  7.632521E-06  8.492427E-11  1.139085E-10  1.273345E-10  1.549634E-10  2.491140E-01  1.119992E-04  6.984260E-08  6.313257E-01  2.983110E-03  1.909679E-05  3.234924E-06  4.261995E-04  1.013904E-08  4.106782E-08  2.806168E-09  3.021191E-02  2.340177E-06  2.381894E-08  1.978221E-08  4.740929E-04  6.445641E-04  2.509734E-06  3.489128E-07  4.541431E-07  1.421361E-07
 3.581500E+02  8.482636E-02  7.589565E-06  8.323952E-11  1.116705E-10  1.248381E-10  1.519536E-10  2.491250E-01  1.105510E-04  6.677865E-08  6.315219E-01  2.946157E-03  1.827845E-05  3.168154E-06  4.210833E-04  9.772720E-09  3.966063E-08  2.732092E-09  2.990932E-02  2.262143E-06  2.328448E-08  1.932855E-08  4.682197E-04  6.365855E-04  2.402048E-06  3.338092E-07  4.345993E-07  1.371465E-07
 3.591500E+02  8.497799E-02  7.546916E-06  8.159519E-11  1.094858E-10  1.224010E-10  1.490147E-10  2.491358E-01  1.091310E-04  6.386659E-08  6.317150E-01  2.909881E-03  1.749962E-05  3.103172E-06  4.160549E-04  9.421646E-09  3.830944E-08  2.660349E-09  2.961123E-02  2.187125E-06  2.276465E-08  1.888752E-08  4.624556E-04  6.287553E-04  2.299577E-06  3.194442E-07  4.160065E-07  1.323590E-07
 3.601500E+02  8.512737E-02  7.504574E-06  7.999023E-11  1.073530E-10  1.200216E-10  1.461449E-10  2.491464E-01  1.077383E-04  6.109811E-08  6.319051E-01  2.874265E-03  1.675819E-05  3.039921E-06  4.111124E-04  9.085114E-09  3.701177E-08  2.590856E-09  2.931755E-02  2.114992E-06  2.225899E-08  1.845875E-08  4.567983E-04  6.210701E-04  2.202042E-06  3.057779E-07  3.983135E-07  1.277644E-07
 3.611500E+02  8.527454E-02  7.462542E-06  7.842360E-11  1.052706E-10  1.176985E-10  1.433424E-10  2.491568E-01  1.063724E-04  5.846537E-08  6.320921E-01  2.839295E-03  1.605218E-05  2.978345E-06  4.062543E-04  8.762450E-09  3.576524E-08  2.523533E-09  2.902820E-02  2.045621E-06  2.176706E-08  1.804183E-08  4.512452E-04  6.135266E-04  2.109180E-06  2.927727E-07  3.814722E-07  1.233540E-07
 3.621500E+02  8.541953E-02  7.420821E-06  7.689429E-11  1.032375E-10  1.154301E-10  1.406055E-10  2.491670E-01  1.050326E-04  5.596100E-08  6.322763E-01  2.804956E-03  1.537972E-05  2.918394E-06  4.014787E-04  8.453015E-09  3.456757E-08  2.458304E-09  2.874313E-02  1.978892E-06  2.128845E-08  1.763639E-08  4.457939E-04  6.061214E-04  2.020744E-06  2.803932E-07  3.654372E-07  1.191196E-07
 3.631500E+02  8.556239E-02  7.379412E-06  7.540134E-11  1.012523E-10  1.132152E-10  1.379325E-10  2.491771E-01  1.037183E-04  5.357809E-08  6.324576E-01  2.771235E-03  1.473905E-05  2.860015E-06  3.967840E-04  8.156203E-09  3.341663E-08  2.395095E-09  2.846224E-02  1.914694E-06  2.082274E-08  1.724209E-08  4.404420E-04  5.988515E-04  1.936500E-06  2.686062E-07  3.501658E-07  1.150533E-07
 3.641500E+02  8.570314E-02  7.338317E-06  7.394378E-11  9.931374E-11  1.110522E-10  1.353216E-10  2.491869E-01  1.024288E-04  5.131011E-08  6.326360E-01  2.738117E-03  1.412851E-05  2.803159E-06  3.921686E-04  7.871438E-09  3.231035E-08  2.333835E-09  2.818548E-02  1.852918E-06  2.036954E-08  1.685857E-08  4.351874E-04  5.917136E-04  1.856230E-06  2.573802E-07  3.356176E-07  1.111476E-07
 3.651500E+02  8.584183E-02  7.297536E-06  7.252070E-11  9.742068E-11  1.089399E-10  1.327715E-10  2.491966E-01  1.011636E-04  4.915092E-08  6.328117E-01  2.705589E-03  1.354654E-05  2.747780E-06  3.876309E-04  7.598172E-09  3.124679E-08  2.274457E-09  2.791277E-02  1.793461E-06  1.992846E-08  1.648549E-08  4.300278E-04  5.847049E-04  1.779726E-06  2.466857E-07  3.217547E-07  1.073955E-07
 3.661500E+02  8.597848E-02  7.257070E-06  7.113118E-11  9.557190E-11  1.068769E-10  1.302804E-10  2.492061E-01  9.992209E-05  4.709473E-08  6.329847E-01  2.673638E-03  1.299166E-05  2.693832E-06  3.831693E-04  7.335886E-09  3.022409E-08  2.216894E-09  2.764405E-02  1.736227E-06  1.949915E-08  1.612255E-08  4.249610E-04  5.778223E-04  1.706791E-06  2.364948E-07  3.085415E-07  1.037902E-07
 3.671500E+02  8.611314E-02  7.216919E-06  6.977436E-11  9.376627E-11  1.048619E-10  1.278469E-10  2.492154E-01  9.870371E-05  4.513612E-08  6.331551E-01  2.642252E-03  1.246248E-05  2.641271E-06  3.787824E-04  7.084085E-09  2.924049E-08  2.161084E-09  2.737924E-02  1.681122E-06  1.908124E-08  1.576941E-08  4.199849E-04  5.710631E-04  1.637242E-06  2.267812E-07  2.959440E-07  1.003253E-07
 3.681500E+02  8.624583E-02  7.177085E-06  6.844938E-11  9.200267E-11  1.028938E-10  1.254695E-10  2.492245E-01  9.750793E-05  4.326993E-08  6.333228E-01  2.611417E-03  1.195768E-05  2.590055E-06  3.744687E-04  6.842300E-09  2.829431E-08  2.106966E-09  2.711829E-02  1.628056E-06  1.867438E-08  1.542578E-08  4.150976E-04  5.644244E-04  1.570906E-06  2.175202E-07  2.839306E-07  9.699456E-08
 3.691500E+02  8.637660E-02  7.137566E-06  6.715541E-11  9.028001E-11  1.009713E-10  1.231468E-10  2.492335E-01  9.633422E-05  4.149134E-08  6.334879E-01  2.581122E-03  1.147601E-05  2.540142E-06  3.702266E-04  6.610083E-09  2.738393E-08  2.054483E-09  2.686112E-02  1.576946E-06  1.827824E-08  1.509137E-08  4.102970E-04  5.579036E-04  1.507616E-06  2.086885E-07  2.724711E-07  9.379224E-08
 3.701500E+02  8.650547E-02  7.098363E-06  6.589164E-11  8.859723E-11  9.909317E-11  1.208773E-10  2.492424E-01  9.518206E-05  3.979579E-08  6.336506E-01  2.551356E-03  1.101631E-05  2.491493E-06  3.660548E-04  6.387011E-09  2.650784E-08  2.003577E-09  2.660767E-02  1.527709E-06  1.789251E-08  1.476589E-08  4.055812E-04  5.514980E-04  1.447219E-06  2.002638E-07  2.615373E-07  9.071276E-08
 3.711500E+02  8.663247E-02  7.059476E-06  6.465729E-11  8.695330E-11  9.725837E-11  1.186597E-10  2.492510E-01  9.405095E-05  3.817897E-08  6.338108E-01  2.522106E-03  1.057747E-05  2.444070E-06  3.619519E-04  6.172679E-09  2.566457E-08  1.954196E-09  2.635788E-02  1.480270E-06  1.751686E-08  1.444908E-08  4.009484E-04  5.452051E-04  1.389568E-06  1.922255E-07  2.511024E-07  8.775083E-08
 3.721500E+02  8.675764E-02  7.020905E-06  6.345159E-11  8.534723E-11  9.546574E-11  1.164928E-10  2.492596E-01  9.294042E-05  3.663683E-08  6.339685E-01  2.493361E-03  1.015844E-05  2.397836E-06  3.579165E-04  5.966703E-09  2.485274E-08  1.906286E-09  2.611169E-02  1.434553E-06  1.715101E-08  1.414067E-08  3.963966E-04  5.390224E-04  1.334525E-06  1.845539E-07  2.411410E-07  8.490142E-08
 3.731500E+02  8.688100E-02  6.982648E-06  6.227379E-11  8.377803E-11  9.371420E-11  1.143751E-10  2.492680E-01  9.184999E-05  3.516553E-08  6.341239E-01  2.465111E-03  9.758228E-06  2.352755E-06  3.539472E-04  5.768717E-09  2.407104E-08  1.859799E-09  2.586904E-02  1.390488E-06  1.679464E-08  1.384041E-08  3.919242E-04  5.329475E-04  1.281958E-06  1.772304E-07  2.316295E-07  8.215973E-08
