#         T/K            c1          c2-1          c3-4          c3-5          c3-7          c3-9            m1          m2-1          m3-1            w1            w2          w3-1          w3-2          c1m1        c1m2-1        c1m2-7        c2m1-1        c1w1-2        c1w2-1        c2w1-1        c2w1-9        m1w1-1        m1w1-4        m1w2-1        m2w1-1        m2w1-3      c1m1w1-1
 2.731500E+02  1.378279E-01  5.947025E-05  6.793906E-09  8.917166E-09  9.921056E-09  1.182963E-08  7.887359E-01  4.949694E-03  3.352622E-04  4.268884E-02  5.915822E-05  8.338359E-07  1.169961E-08  1.076006E-02  1.283532E-05  4.211677E-05  7.487212E-07  1.342430E-02  1.022480E-06  8.888625E-08  7.805153E-08  4.303249E-04  5.857882E-04  5.078029E-06  3.397154E-05  4.302541E-05  3.476401E-06
 2.741500E+02  1.380766E-01  5.861421E-05  6.510379E-09  8.547923E-09  9.510954E-09  1.134421E-08  7.890188E-01  4.835038E-03  3.098526E-04  4.282215E-02  5.813520E-05  7.783354E-07  1.134528E-08  1.050683E-02  1.199918E-05  3.950062E-05  7.105244E-07  1.318434E-02  9.656138E-07  8.514902E-08  7.470536E-08  4.218271E-04  5.741840E-04  4.726836E-06  3.151541E-05  3.993059E-05  3.264601E-06
 2.751500E+02  1.383188E-01  5.777429E-05  6.240351E-09  8.196139E-09  9.120212E-09  1.088155E-08  7.892917E-01  4.723876E-03  2.865380E-04  4.295242E-02  5.713171E-05  7.267893E-07  1.100273E-08  1.026119E-02  1.122300E-05  3.706432E-05  6.745207E-07  1.294956E-02  9.121955E-07  8.158885E-08  7.152054E-08  4.135387E-04  5.628674E-04  4.401831E-06  2.925176E-05  3.707718E-05  3.066945E-06
 2.761500E+02  1.385548E-01  5.695019E-05  5.983118E-09  7.860908E-09  8.747829E-09  1.044050E-08  7.895549E-01  4.616082E-03  2.651327E-04  4.307974E-02  5.614749E-05  6.789000E-07  1.067158E-08  1.002287E-02  1.050214E-05  3.479443E-05  6.405722E-07  1.271986E-02  8.620019E-07  7.819665E-08  6.848867E-08  4.054543E-04  5.518309E-04  4.100934E-06  2.716444E-05  3.444502E-05  2.882417E-06
 2.771500E+02  1.387846E-01  5.614165E-05  5.738015E-09  7.541377E-09  8.392858E-09  1.001993E-08  7.898090E-01  4.511536E-03  2.454687E-04  4.320416E-02  5.518227E-05  6.343935E-07  1.035145E-08  9.791637E-03  9.832321E-06  3.267858E-05  6.085504E-07  1.249513E-02  8.148253E-07  7.496382E-08  6.560177E-08  3.975683E-04  5.410668E-04  3.822242E-06  2.523874E-05  3.201573E-05  2.710076E-06
 2.781500E+02  1.390085E-01  5.534838E-05  5.504414E-09  7.236738E-09  8.054405E-09  9.618812E-09  7.900543E-01  4.410123E-03  2.273936E-04  4.332578E-02  5.423578E-05  5.930172E-07  1.004196E-08  9.567241E-03  9.209628E-06  3.070542E-05  5.783353E-07  1.227527E-02  7.704716E-07  7.188224E-08  6.285232E-08  3.898756E-04  5.305680E-04  3.564007E-06  2.346124E-05  2.977254E-05  2.549054E-06
 2.791500E+02  1.392266E-01  5.457011E-05  5.281723E-09  6.946227E-09  7.731625E-09  9.236149E-09  7.902913E-01  4.311730E-03  2.107692E-04  4.344464E-02  5.330773E-05  5.545382E-07  9.742769E-09  9.349448E-03  8.630464E-06  2.886446E-05  5.498150E-07  1.206017E-02  7.287601E-07  6.894421E-08  6.023320E-08  3.823711E-04  5.203274E-04  3.324631E-06  2.181972E-05  2.770017E-05  2.398550E-06
 2.801500E+02  1.394391E-01  5.380655E-05  5.069379E-09  6.669125E-09  7.423720E-09  8.871007E-09  7.905204E-01  4.216253E-03  1.954702E-04  4.356083E-02  5.239783E-05  5.187417E-07  9.453522E-09  9.138037E-03  8.091527E-06  2.714607E-05  5.228851E-07  1.184974E-02  6.895222E-07  6.614245E-08  5.773770E-08  3.750496E-04  5.103379E-04  3.102642E-06  2.030302E-05  2.578466E-05  2.257823E-06
 2.811500E+02  1.396462E-01  5.305744E-05  4.866855E-09  6.404748E-09  7.129933E-09  8.522503E-09  7.907418E-01  4.123587E-03  1.813827E-04  4.367439E-02  5.150580E-05  4.854296E-07  9.173885E-09  8.932791E-03  7.589783E-06  2.554134E-05  4.974480E-07  1.164387E-02  6.526006E-07  6.347008E-08  5.535945E-08  3.679063E-04  5.005928E-04  2.896694E-06  1.890096E-05  2.401326E-05  2.126185E-06
 2.821500E+02  1.398480E-01  5.232251E-05  4.673649E-09  6.152453E-09  6.849552E-09  8.189799E-09  7.909560E-01  4.033635E-03  1.684034E-04  4.378541E-02  5.063135E-05  4.544191E-07  8.903529E-09  8.733501E-03  7.122444E-06  2.404208E-05  4.734128E-07  1.144247E-02  6.178485E-07  6.092057E-08  5.309244E-08  3.609365E-04  4.910856E-04  2.705548E-06  1.760423E-05  2.237433E-05  2.003002E-06
 2.831500E+02  1.400447E-01  5.160148E-05  4.489287E-09  5.911630E-09  6.581901E-09  7.872105E-09  7.911633E-01  3.946302E-03  1.564384E-04  4.389394E-02  4.977417E-05  4.255415E-07  8.642139E-09  8.539968E-03  6.686946E-06  2.264074E-05  4.506944E-07  1.124543E-02  5.851292E-07  5.848775E-08  5.093100E-08  3.541356E-04  4.818097E-04  2.528068E-06  1.640434E-05  2.085722E-05  1.887688E-06
 2.841500E+02  1.402364E-01  5.089409E-05  4.313323E-09  5.681702E-09  6.326340E-09  7.568673E-09  7.913639E-01  3.861497E-03  1.454021E-04  4.400004E-02  4.893397E-05  3.986411E-07  8.389408E-09  8.351998E-03  6.280930E-06  2.133033E-05  4.292133E-07  1.105266E-02  5.543147E-07  5.616578E-08  4.886974E-08  3.474989E-04  4.727590E-04  2.363209E-06  1.529351E-05  1.945221E-05  1.779698E-06
 2.851500E+02  1.404233E-01  5.020008E-05  4.145333E-09  5.462124E-09  6.082266E-09  7.278792E-09  7.915581E-01  3.779132E-03  1.352169E-04  4.410377E-02  4.811047E-05  3.735741E-07  8.145038E-09  8.169406E-03  5.902225E-06  2.010441E-05  4.088952E-07  1.086407E-02  5.252859E-07  5.394912E-08  4.690359E-08  3.410220E-04  4.639274E-04  2.210012E-06  1.426464E-05  1.815038E-05  1.678528E-06
 2.861500E+02  1.406055E-01  4.951918E-05  3.984917E-09  5.252380E-09  5.849106E-09  7.001793E-09  7.917462E-01  3.699123E-03  1.258118E-04  4.420520E-02  4.730335E-05  3.502077E-07  7.908742E-09  7.992013E-03  5.548830E-06  1.895703E-05  3.896706E-07  1.067957E-02  4.979312E-07  5.183254E-08  4.502773E-08  3.347008E-04  4.553089E-04  2.067593E-06  1.331123E-05  1.694358E-05  1.583712E-06
 2.871500E+02  1.407831E-01  4.885114E-05  3.831697E-09  5.051981E-09  5.626319E-09  6.737041E-09  7.919284E-01  3.621391E-03  1.171224E-04  4.430436E-02  4.651233E-05  3.284191E-07  7.680241E-09  7.819645E-03  5.218905E-06  1.788269E-05  3.714746E-07  1.049905E-02  4.721467E-07  4.981109E-08  4.323762E-08  3.285310E-04  4.468978E-04  1.935141E-06  1.242732E-05  1.582435E-05  1.494817E-06
 2.881500E+02  1.409563E-01  4.819571E-05  3.685315E-09  4.860465E-09  5.413394E-09  6.483934E-09  7.921051E-01  3.545856E-03  1.090900E-04  4.440133E-02  4.573712E-05  3.080950E-07  7.459267E-09  7.652137E-03  4.910751E-06  1.687631E-05  3.542464E-07  1.032243E-02  4.478352E-07  4.788005E-08  4.152895E-08  3.225085E-04  4.386885E-04  1.811909E-06  1.160747E-05  1.478585E-05  1.411443E-06
 2.891500E+02  1.411252E-01  4.755264E-05  3.545431E-09  4.677395E-09  5.209844E-09  6.241903E-09  7.922763E-01  3.472445E-03  1.016607E-04  4.449615E-02  4.497741E-05  2.891306E-07  7.245558E-09  7.489329E-03  4.622803E-06  1.593318E-05  3.379291E-07  1.014963E-02  4.249060E-07  4.603498E-08  3.989764E-08  3.166294E-04  4.306754E-04  1.697208E-06  1.084666E-05  1.382179E-05  1.333217E-06
 2.901500E+02  1.412900E-01  4.692168E-05  3.411725E-09  4.502357E-09  5.015212E-09  6.010409E-09  7.924424E-01  3.401086E-03  9.478572E-05  4.458888E-02  4.423292E-05  2.714290E-07  7.038863E-09  7.331065E-03  4.353615E-06  1.504896E-05  3.224693E-07  9.980549E-03  4.032740E-07  4.427167E-08  3.833985E-08  3.108898E-04  4.228534E-04  1.590406E-06  1.014032E-05  1.292644E-05  1.259793E-06
 2.911500E+02  1.414506E-01  4.630258E-05  3.283893E-09  4.334958E-09  4.829061E-09  5.788941E-09  7.926034E-01  3.331711E-03  8.842032E-05  4.467956E-02  4.350335E-05  2.549004E-07  6.838938E-09  7.177198E-03  4.101855E-06  1.421960E-05  3.078173E-07  9.815111E-03  3.828601E-07  4.258612E-08  3.685191E-08  3.052861E-04  4.152172E-04  1.490919E-06  9.484255E-06  1.209452E-05  1.190852E-06
 2.921500E+02  1.416074E-01  4.569512E-05  3.161649E-09  4.174827E-09  4.650980E-09  5.577015E-09  7.927597E-01  3.264251E-03  8.252365E-05  4.476826E-02  4.278842E-05  2.394621E-07  6.645548E-09  7.027584E-03  3.866290E-06  1.344139E-05  2.939262E-07  9.653229E-03  3.635901E-07  4.097455E-08  3.543039E-08  2.998145E-04  4.077618E-04  1.398210E-06  8.874599E-06  1.132117E-05  1.126097E-06
 2.931500E+02  1.417603E-01  4.509904E-05  3.044718E-09  4.021611E-09  4.480580E-09  5.374172E-09  7.929114E-01  3.198645E-03  7.705837E-05  4.485501E-02  4.208785E-05  2.250371E-07  6.458466E-09  6.882084E-03  3.645784E-06  1.271087E-05  2.807523E-07  9.494822E-03  3.453946E-07  3.943336E-08  3.407199E-08  2.944715E-04  4.004823E-04  1.311782E-06  8.307814E-06  1.060195E-05  1.065250E-06
 2.941500E+02  1.419095E-01  4.451413E-05  2.932845E-09  3.874978E-09  4.317489E-09  5.179977E-09  7.930586E-01  3.134830E-03  7.199032E-05  4.493986E-02  4.140135E-05  2.115546E-07  6.277472E-09  6.740566E-03  3.439284E-06  1.202483E-05  2.682545E-07  9.339810E-03  3.282086E-07  3.795917E-08  3.277364E-08  2.892537E-04  3.933741E-04  1.231179E-06  7.780647E-06  9.932768E-06  1.008055E-06
 2.951500E+02  1.420550E-01  4.394015E-05  2.825784E-09  3.734612E-09  4.161358E-09  4.994018E-09  7.932016E-01  3.072747E-03  6.728826E-05  4.502286E-02  4.072865E-05  1.989486E-07  6.102355E-09  6.602901E-03  3.245819E-06  1.138030E-05  2.563942E-07  9.188113E-03  3.119716E-07  3.654874E-08  3.153239E-08  2.841577E-04  3.864325E-04  1.155978E-06  7.290110E-06  9.309867E-06  9.542737E-07
 2.961500E+02  1.421971E-01  4.337688E-05  2.723303E-09  3.600212E-09  4.011854E-09  4.815904E-09  7.933405E-01  3.012340E-03  6.292356E-05  4.510406E-02  4.006947E-05  1.871583E-07  5.932909E-09  6.468966E-03  3.064488E-06  1.077452E-05  2.451354E-07  9.039654E-03  2.966267E-07  3.519903E-08  3.034545E-08  2.791803E-04  3.796529E-04  1.085790E-06  6.833454E-06  8.729788E-06  9.036838E-07
 2.971500E+02  1.423357E-01  4.282410E-05  2.625185E-09  3.471495E-09  3.868662E-09  4.645264E-09  7.934754E-01  2.953554E-03  5.886999E-05  4.518350E-02  3.942353E-05  1.761273E-07  5.768938E-09  6.338640E-03  2.894460E-06  1.020493E-05  2.344442E-07  8.894359E-03  2.821206E-07  3.390712E-08  2.921020E-08  2.743183E-04  3.730312E-04  1.020256E-06  6.408151E-06  8.189350E-06  8.560789E-07
 2.981500E+02  1.424710E-01  4.228160E-05  2.531220E-09  3.348192E-09  3.731484E-09  4.481747E-09  7.936065E-01  2.896336E-03  5.510353E-05  4.526122E-02  3.879056E-05  1.658031E-07  5.610251E-09  6.211809E-03  2.734963E-06  9.669165E-06  2.242888E-07  8.752153E-03  2.684037E-07  3.267027E-08  2.812415E-08  2.695686E-04  3.665630E-04  9.590441E-07  6.011876E-06  7.685624E-06  8.112671E-07
 2.991500E+02  1.426031E-01  4.174916E-05  2.441212E-09  3.230047E-09  3.600037E-09  4.325019E-09  7.937340E-01  2.840636E-03  5.160213E-05  4.533727E-02  3.817031E-05  1.561372E-07  5.456663E-09  6.088362E-03  2.585283E-06  9.165011E-06  2.146392E-07  8.612963E-03  2.554292E-07  3.148588E-08  2.708491E-08  2.649283E-04  3.602442E-04  9.018467E-07  5.642487E-06  7.215915E-06  7.690694E-07
 3.001500E+02  1.427321E-01  4.122658E-05  2.354974E-09  3.116818E-09  3.474051E-09  4.174764E-09  7.938579E-01  2.786405E-03  4.834556E-05  4.541168E-02  3.756251E-05  1.470848E-07  5.307997E-09  5.968193E-03  2.444759E-06  8.690416E-06  2.054674E-07  8.476721E-03  2.431534E-07  3.035147E-08  2.609026E-08  2.603944E-04  3.540709E-04  8.483806E-07  5.298011E-06  6.777735E-06  7.293196E-07
 3.011500E+02  1.428580E-01  4.071364E-05  2.272328E-09  3.008275E-09  3.353272E-09  4.030680E-09  7.939783E-01  2.733595E-03  4.531525E-05  4.548449E-02  3.696691E-05  1.386040E-07  5.164082E-09  5.851197E-03  2.312776E-06  8.243476E-06  1.967472E-07  8.343355E-03  2.315355E-07  2.926469E-08  2.513805E-08  2.559641E-04  3.480392E-04  7.983833E-07  4.976631E-06  6.368796E-06  6.918623E-07
 3.021500E+02  1.429810E-01  4.021016E-05  2.193106E-09  2.904200E-09  3.237458E-09  3.892483E-09  7.940955E-01  2.682162E-03  4.249414E-05  4.555575E-02  3.638324E-05  1.306561E-07  5.024754E-09  5.737275E-03  2.188766E-06  7.822415E-06  1.884536E-07  8.212800E-03  2.205369E-07  2.822331E-08  2.422629E-08  2.516348E-04  3.421452E-04  7.516123E-07  4.676671E-06  5.986984E-06  6.565533E-07
 3.031500E+02  1.431010E-01  3.971593E-05  2.117148E-09  2.804386E-09  3.126378E-09  3.759902E-09  7.942095E-01  2.632062E-03  3.986656E-05  4.562549E-02  3.581127E-05  1.232052E-07  4.889852E-09  5.626331E-03  2.072201E-06  7.425584E-06  1.805634E-07  8.084988E-03  2.101218E-07  2.722521E-08  2.335304E-08  2.474036E-04  3.363854E-04  7.078430E-07  4.396585E-06  5.630350E-06  6.232578E-07
 3.041500E+02  1.432183E-01  3.923076E-05  2.044304E-09  2.708637E-09  3.019816E-09  3.632680E-09  7.943204E-01  2.583254E-03  3.741809E-05  4.569375E-02  3.525074E-05  1.162180E-07  4.759223E-09  5.518272E-03  1.962589E-06  7.051448E-06  1.730548E-07  7.959855E-03  2.002564E-07  2.626840E-08  2.251651E-08  2.432681E-04  3.307562E-04  6.668675E-07  4.134947E-06  5.297096E-06  5.918501E-07
 3.051500E+02  1.433328E-01  3.875446E-05  1.974429E-09  2.616766E-09  2.917563E-09  3.510572E-09  7.944283E-01  2.535695E-03  3.513546E-05  4.576057E-02  3.470141E-05  1.096634E-07  4.632720E-09  5.413010E-03  1.859477E-06  6.698574E-06  1.659070E-07  7.837338E-03  1.909091E-07  2.535095E-08  2.171495E-08  2.392257E-04  3.252542E-04  6.284934E-07  3.890441E-06  4.985559E-06  5.622133E-07
 3.061500E+02  1.434447E-01  3.828685E-05  1.907387E-09  2.528596E-09  2.819424E-09  3.393346E-09  7.945334E-01  2.489349E-03  3.300647E-05  4.582597E-02  3.416306E-05  1.035126E-07  4.510198E-09  5.310458E-03  1.762440E-06  6.365632E-06  1.591008E-07  7.717376E-03  1.820501E-07  2.447106E-08  2.094675E-08  2.352739E-04  3.198759E-04  5.925423E-07  3.661850E-06  4.694206E-06  5.342379E-07
 3.071500E+02  1.435540E-01  3.782775E-05  1.843049E-09  2.443958E-09  2.725210E-09  3.280782E-09  7.946357E-01  2.444176E-03  3.101988E-05  4.589000E-02  3.363543E-05  9.773891E-08  4.391521E-09  5.210531E-03  1.671086E-06  6.051380E-06  1.526179E-07  7.599908E-03  1.736516E-07  2.362701E-08  2.021035E-08  2.314105E-04  3.146181E-04  5.588489E-07  3.448053E-06  4.421617E-06  5.078219E-07
 3.081500E+02  1.436608E-01  3.737698E-05  1.781290E-09  2.362692E-09  2.634746E-09  3.172670E-09  7.947353E-01  2.400141E-03  2.916533E-05  4.595268E-02  3.311831E-05  9.231744E-08  4.276556E-09  5.113151E-03  1.585048E-06  5.754659E-06  1.464411E-07  7.484876E-03  1.656874E-07  2.281717E-08  1.950428E-08  2.276330E-04  3.094777E-04  5.272599E-07  3.248009E-06  4.166482E-06  4.828701E-07
 3.091500E+02  1.437652E-01  3.693436E-05  1.721995E-09  2.284647E-09  2.547861E-09  3.068811E-09  7.948324E-01  2.357208E-03  2.743328E-05  4.601406E-02  3.261148E-05  8.722506E-08  4.165175E-09  5.018240E-03  1.503987E-06  5.474389E-06  1.405543E-07  7.372223E-03  1.581330E-07  2.203997E-08  1.882713E-08  2.239393E-04  3.044516E-04  4.976333E-07  3.060760E-06  3.927588E-06  4.592935E-07
 3.101500E+02  1.438672E-01  3.649973E-05  1.665051E-09  2.209679E-09  2.464397E-09  2.969015E-09  7.949269E-01  2.315345E-03  2.581493E-05  4.607415E-02  3.211470E-05  8.244026E-08  4.057254E-09  4.925722E-03  1.427586E-06  5.209564E-06  1.349421E-07  7.261891E-03  1.509652E-07  2.129394E-08  1.817758E-08  2.203272E-04  2.995368E-04  4.698371E-07  2.885418E-06  3.703811E-06  4.370090E-07
 3.111500E+02  1.439668E-01  3.607291E-05  1.610355E-09  2.137648E-09  2.384199E-09  2.873102E-09  7.950190E-01  2.274518E-03  2.430214E-05  4.613300E-02  3.162777E-05  7.794302E-08  3.952675E-09  4.835526E-03  1.355550E-06  4.959243E-06  1.295903E-07  7.153828E-03  1.441625E-07  2.057768E-08  1.755437E-08  2.167945E-04  2.947304E-04  4.437490E-07  2.721159E-06  3.494113E-06  4.159387E-07
 3.121500E+02  1.440643E-01  3.565375E-05  1.557804E-09  2.068426E-09  2.307124E-09  2.780901E-09  7.951087E-01  2.234696E-03  2.288743E-05  4.619063E-02  3.115047E-05  7.371471E-08  3.851323E-09  4.747580E-03  1.287604E-06  4.722547E-06  1.244852E-07  7.047979E-03  1.377045E-07  1.988985E-08  1.695629E-08  2.133392E-04  2.900296E-04  4.192554E-07  2.567223E-06  3.297531E-06  3.960102E-07
 3.131500E+02  1.441595E-01  3.524208E-05  1.507303E-09  2.001888E-09  2.233032E-09  2.692248E-09  7.951962E-01  2.195850E-03  2.156387E-05  4.624707E-02  3.068259E-05  6.973799E-08  3.753087E-09  4.661819E-03  1.223494E-06  4.498657E-06  1.196142E-07  6.944292E-03  1.315719E-07  1.922919E-08  1.638222E-08  2.099593E-04  2.854316E-04  3.962506E-07  2.422906E-06  3.113173E-06  3.771554E-07
 3.141500E+02  1.442526E-01  3.483776E-05  1.458763E-09  1.937916E-09  2.161794E-09  2.606989E-09  7.952814E-01  2.157948E-03  2.032505E-05  4.630235E-02  3.022393E-05  6.599670E-08  3.657861E-09  4.578177E-03  1.162980E-06  4.286806E-06  1.149652E-07  6.842717E-03  1.257469E-07  1.859448E-08  1.583107E-08  2.066528E-04  2.809338E-04  3.746366E-07  2.287553E-06  2.940212E-06  3.593107E-07
 3.151500E+02  1.443437E-01  3.444061E-05  1.412095E-09  1.876397E-09  2.093284E-09  2.524975E-09  7.953646E-01  2.120965E-03  1.916508E-05  4.635649E-02  2.977430E-05  6.247581E-08  3.565542E-09  4.496590E-03  1.105839E-06  4.086277E-06  1.105267E-07  6.743204E-03  1.202125E-07  1.798458E-08  1.530180E-08  2.034180E-04  2.765336E-04  3.543224E-07  2.160560E-06  2.777883E-06  3.424166E-07
 3.161500E+02  1.444327E-01  3.405051E-05  1.367219E-09  1.817224E-09  2.027383E-09  2.446067E-09  7.954456E-01  2.084871E-03  1.807846E-05  4.640954E-02  2.933349E-05  5.916128E-08  3.476032E-09  4.416999E-03  1.051866E-06  3.896401E-06  1.062882E-07  6.645704E-03  1.149527E-07  1.739839E-08  1.479344E-08  2.002529E-04  2.722285E-04  3.352230E-07  2.041364E-06  2.625473E-06  3.264175E-07
 3.171500E+02  1.445198E-01  3.366729E-05  1.324056E-09  1.760296E-09  1.963979E-09  2.370130E-09  7.955247E-01  2.049642E-03  1.706016E-05  4.646150E-02  2.890132E-05  5.604005E-08  3.389235E-09  4.339344E-03  1.000866E-06  3.716550E-06  1.022395E-07  6.550171E-03  1.099527E-07  1.683487E-08  1.430506E-08  1.971557E-04  2.680161E-04  3.172598E-07  1.929445E-06  2.482323E-06  3.112612E-07
 3.181500E+02  1.446049E-01  3.329082E-05  1.282532E-09  1.705516E-09  1.902963E-09  2.297036E-09  7.956018E-01  2.015251E-03  1.610548E-05  4.651241E-02  2.847759E-05  5.309994E-08  3.305058E-09  4.263568E-03  9.526574E-07  3.546137E-06  9.837098E-08  6.456559E-03  1.051982E-07  1.629304E-08  1.383577E-08  1.941248E-04  2.638939E-04  3.003593E-07  1.824320E-06  2.347821E-06  2.968987E-07
 3.191500E+02  1.446882E-01  3.292095E-05  1.242575E-09  1.652790E-09  1.844233E-09  2.226665E-09  7.956771E-01  1.981674E-03  1.521008E-05  4.656229E-02  2.806212E-05  5.032957E-08  3.223414E-09  4.189617E-03  9.070729E-07  3.384615E-06  9.467365E-08  6.364822E-03  1.006761E-07  1.577195E-08  1.338473E-08  1.911584E-04  2.598597E-04  2.844533E-07  1.725538E-06  2.221396E-06  2.832843E-07
 3.201500E+02  1.447697E-01  3.255755E-05  1.204118E-09  1.602032E-09  1.787692E-09  2.158901E-09  7.957505E-01  1.948888E-03  1.436995E-05  4.661116E-02  2.765474E-05  4.771836E-08  3.144216E-09  4.117437E-03  8.639543E-07  3.231467E-06  9.113899E-08  6.274917E-03  9.637385E-08  1.527069E-08  1.295114E-08  1.882549E-04  2.559113E-04  2.694783E-07  1.632684E-06  2.102521E-06  2.703750E-07
 3.211500E+02  1.448494E-01  3.220049E-05  1.167098E-09  1.553158E-09  1.733245E-09  2.093632E-09  7.958222E-01  1.916869E-03  1.358136E-05  4.665906E-02  2.725526E-05  4.525639E-08  3.067384E-09  4.046978E-03  8.231543E-07  3.086213E-06  8.775892E-08  6.186801E-03  9.227964E-08  1.478843E-08  1.253424E-08  1.854127E-04  2.520465E-04  2.553750E-07  1.545370E-06  1.990704E-06  2.581305E-07
 3.221500E+02  1.449274E-01  3.184963E-05  1.131452E-09  1.506087E-09  1.680806E-09  2.030755E-09  7.958921E-01  1.885596E-03  1.284085E-05  4.670600E-02  2.686352E-05  4.293444E-08  2.992836E-09  3.978190E-03  7.845349E-07  2.948400E-06  8.452583E-08  6.100433E-03  8.838242E-08  1.432434E-08  1.213329E-08  1.826304E-04  2.482631E-04  2.420882E-07  1.463234E-06  1.885487E-06  2.465132E-07
 3.231500E+02  1.450037E-01  3.150484E-05  1.097123E-09  1.460743E-09  1.630288E-09  1.970169E-09  7.959604E-01  1.855047E-03  1.214523E-05  4.675200E-02  2.647934E-05  4.074387E-08  2.920497E-09  3.911024E-03  7.479675E-07  2.817606E-06  8.143250E-08  6.015771E-03  8.467174E-08  1.387764E-08  1.174762E-08  1.799063E-04  2.445591E-04  2.295667E-07  1.385943E-06  1.786447E-06  2.354875E-07
 3.241500E+02  1.450784E-01  3.116600E-05  1.064055E-09  1.417055E-09  1.581612E-09  1.911778E-09  7.960271E-01  1.825201E-03  1.149152E-05  4.679710E-02  2.610256E-05  3.867663E-08  2.850293E-09  3.845435E-03  7.133313E-07  2.693433E-06  7.847212E-08  5.932778E-03  8.113774E-08  1.344760E-08  1.137655E-08  1.772390E-04  2.409326E-04  2.177623E-07  1.313185E-06  1.693186E-06  2.250202E-07
 3.251500E+02  1.451515E-01  3.083299E-05  1.032195E-09  1.374953E-09  1.534700E-09  1.855492E-09  7.960922E-01  1.796039E-03  1.087696E-05  4.684130E-02  2.573302E-05  3.672519E-08  2.782153E-09  3.781377E-03  6.805135E-07  2.575508E-06  7.563824E-08  5.851413E-03  7.777115E-08  1.303351E-08  1.101947E-08  1.746272E-04  2.373815E-04  2.066305E-07  1.244670E-06  1.605338E-06  2.150800E-07
 3.261500E+02  1.452231E-01  3.050568E-05  1.001492E-09  1.334371E-09  1.489480E-09  1.801223E-09  7.961557E-01  1.767542E-03  1.029898E-05  4.688463E-02  2.537057E-05  3.488251E-08  2.716007E-09  3.718808E-03  6.494085E-07  2.463482E-06  7.292474E-08  5.771639E-03  7.456322E-08  1.263471E-08  1.067577E-08  1.720693E-04  2.339041E-04  1.961295E-07  1.180127E-06  1.522558E-06  2.056376E-07
 3.271500E+02  1.452931E-01  3.018397E-05  9.718982E-10  1.295246E-09  1.445881E-09  1.748888E-09  7.962178E-01  1.739689E-03  9.755210E-06  4.692711E-02  2.501504E-05  3.314202E-08  2.651791E-09  3.657684E-03  6.199172E-07  2.357027E-06  7.032586E-08  5.693419E-03  7.150567E-08  1.225054E-08  1.034488E-08  1.695642E-04  2.304984E-04  1.862204E-07  1.119305E-06  1.444528E-06  1.966655E-07
 3.281500E+02  1.453617E-01  2.986773E-05  9.433680E-10  1.257518E-09  1.403837E-09  1.698409E-09  7.962785E-01  1.712465E-03  9.243424E-06  4.696876E-02  2.466628E-05  3.149756E-08  2.589441E-09  3.597967E-03  5.919470E-07  2.255834E-06  6.783610E-08  5.616719E-03  6.859072E-08  1.188040E-08  1.002627E-08  1.671104E-04  2.271627E-04  1.768668E-07  1.061969E-06  1.370949E-06  1.881377E-07
 3.291500E+02  1.454288E-01  2.955685E-05  9.158574E-10  1.221129E-09  1.363284E-09  1.649710E-09  7.963378E-01  1.685850E-03  8.761565E-06  4.700960E-02  2.432416E-05  2.994338E-08  2.528894E-09  3.539615E-03  5.654107E-07  2.159614E-06  6.545030E-08  5.541502E-03  6.581101E-08  1.152370E-08  9.719417E-09  1.647068E-04  2.238952E-04  1.680348E-07  1.007903E-06  1.301544E-06  1.800300E-07
 3.301500E+02  1.454946E-01  2.925122E-05  8.893245E-10  1.186027E-09  1.324161E-09  1.602718E-09  7.963957E-01  1.659829E-03  8.307717E-06  4.704965E-02  2.398851E-05  2.847409E-08  2.470092E-09  3.482592E-03  5.402271E-07  2.068095E-06  6.316352E-08  5.467735E-03  6.315961E-08  1.117989E-08  9.423824E-09  1.623520E-04  2.206943E-04  1.596926E-07  9.569003E-07  1.236054E-06  1.723193E-07
 3.311500E+02  1.455590E-01  2.895074E-05  8.637294E-10  1.152157E-09  1.286411E-09  1.557365E-09  7.964523E-01  1.634384E-03  7.880096E-06  4.708892E-02  2.365922E-05  2.708466E-08  2.412977E-09  3.426861E-03  5.163195E-07  1.981021E-06  6.097113E-08  5.395384E-03  6.062995E-08  1.084844E-08  9.139023E-09  1.600450E-04  2.175584E-04  1.518107E-07  9.087728E-07  1.174237E-06  1.649842E-07
 3.321500E+02  1.456220E-01  2.865530E-05  8.390341E-10  1.119470E-09  1.249977E-09  1.513585E-09  7.965077E-01  1.609501E-03  7.477042E-06  4.712744E-02  2.333612E-05  2.577035E-08  2.357495E-09  3.372385E-03  4.936162E-07  1.898150E-06  5.886870E-08  5.324418E-03  5.821585E-08  1.052884E-08  8.864565E-09  1.577845E-04  2.144858E-04  1.443614E-07  8.633427E-07  1.115868E-06  1.580043E-07
 3.331500E+02  1.456838E-01  2.836480E-05  8.152021E-10  1.087919E-09  1.214808E-09  1.471315E-09  7.965618E-01  1.585163E-03  7.097007E-06  4.716522E-02  2.301910E-05  2.452676E-08  2.303592E-09  3.319131E-03  4.720500E-07  1.819257E-06  5.685206E-08  5.254804E-03  5.591146E-08  1.022061E-08  8.600022E-09  1.555694E-04  2.114750E-04  1.373186E-07  8.204448E-07  1.060737E-06  1.513607E-07
 3.341500E+02  1.457443E-01  2.807913E-05  7.921987E-10  1.057458E-09  1.180853E-09  1.430496E-09  7.966146E-01  1.561356E-03  6.738551E-06  4.720227E-02  2.270802E-05  2.334974E-08  2.251216E-09  3.267064E-03  4.515575E-07  1.744129E-06  5.491721E-08  5.186513E-03  5.371124E-08  9.923282E-09  8.344986E-09  1.533985E-04  2.085246E-04  1.306583E-07  7.799243E-07  1.008646E-06  1.450354E-07
 3.351500E+02  1.458036E-01  2.779821E-05  7.699908E-10  1.028045E-09  1.148063E-09  1.391069E-09  7.966664E-01  1.538066E-03  6.400328E-06  4.723863E-02  2.240274E-05  2.223541E-08  2.200320E-09  3.216154E-03  4.320794E-07  1.672566E-06  5.306042E-08  5.119514E-03  5.160998E-08  9.636420E-09  8.099067E-09  1.512709E-04  2.056329E-04  1.243577E-07  7.416372E-07  9.594126E-07  1.390114E-07
 3.361500E+02  1.458616E-01  2.752193E-05  7.485466E-10  9.996361E-10  1.116392E-09  1.352980E-09  7.967169E-01  1.515279E-03  6.081087E-06  4.727429E-02  2.210315E-05  2.118013E-08  2.150854E-09  3.166367E-03  4.135599E-07  1.604377E-06  5.127808E-08  5.053777E-03  4.960273E-08  9.359602E-09  7.861892E-09  1.491855E-04  2.027987E-04  1.183955E-07  7.054486E-07  9.128640E-07  1.332728E-07
 3.371500E+02  1.459185E-01  2.725020E-05  7.278360E-10  9.721934E-10  1.085796E-09  1.316177E-09  7.967664E-01  1.492981E-03  5.779657E-06  4.730928E-02  2.180912E-05  2.018050E-08  2.102773E-09  3.117675E-03  3.959465E-07  1.539387E-06  4.956682E-08  4.989275E-03  4.768483E-08  9.092425E-09  7.633107E-09  1.471413E-04  2.000206E-04  1.127519E-07  6.712324E-07  8.688402E-07  1.278046E-07
 3.381500E+02  1.459743E-01  2.698293E-05  7.078298E-10  9.456784E-10  1.056234E-09  1.280609E-09  7.968148E-01  1.471159E-03  5.494949E-06  4.734361E-02  2.152054E-05  1.923332E-08  2.056032E-09  3.070047E-03  3.791899E-07  1.477426E-06  4.792342E-08  4.925979E-03  4.585186E-08  8.834504E-09  7.412373E-09  1.451373E-04  1.972971E-04  1.074084E-07  6.388708E-07  8.271909E-07  1.225926E-07
 3.391500E+02  1.460289E-01  2.672003E-05  6.885006E-10  9.200551E-10  1.027664E-09  1.246228E-09  7.968621E-01  1.449801E-03  5.225943E-06  4.737730E-02  2.123727E-05  1.833557E-08  2.010589E-09  3.023455E-03  3.632438E-07  1.418337E-06  4.634480E-08  4.863863E-03  4.409963E-08  8.585473E-09  7.199364E-09  1.431725E-04  1.946270E-04  1.023473E-07  6.082537E-07  7.877756E-07  1.176236E-07
 3.401500E+02  1.460825E-01  2.646142E-05  6.698218E-10  8.952887E-10  1.000048E-09  1.212989E-09  7.969085E-01  1.428894E-03  4.971687E-06  4.741036E-02  2.095922E-05  1.748446E-08  1.966401E-09  2.977871E-03  3.480645E-07  1.361972E-06  4.482808E-08  4.802900E-03  4.242420E-08  8.344980E-09  6.993773E-09  1.412459E-04  1.920091E-04  9.755248E-08  5.792777E-07  7.504628E-07  1.128848E-07
 3.411500E+02  1.461350E-01  2.620700E-05  6.517681E-10  8.713461E-10  9.733498E-10  1.180848E-09  7.969538E-01  1.408427E-03  4.731294E-06  4.744281E-02  2.068626E-05  1.667733E-08  1.923430E-09  2.933270E-03  3.336110E-07  1.308190E-06  4.337047E-08  4.743064E-03  4.082182E-08  8.112689E-09  6.795302E-09  1.393568E-04  1.894420E-04  9.300850E-08  5.518466E-07  7.151295E-07  1.083646E-07
 3.421500E+02  1.461865E-01  2.595669E-05  6.343153E-10  8.481955E-10  9.475335E-10  1.149763E-09  7.969981E-01  1.388388E-03  4.503932E-06  4.747466E-02  2.041829E-05  1.591170E-08  1.881637E-09  2.889624E-03  3.198446E-07  1.256858E-06  4.196937E-08  4.684331E-03  3.928894E-08  7.888279E-09  6.603670E-09  1.375042E-04  1.869246E-04  8.870101E-08  5.258698E-07  6.816602E-07  1.040515E-07
 3.431500E+02  1.462369E-01  2.571042E-05  6.174404E-10  8.258067E-10  9.225656E-10  1.119693E-09  7.970416E-01  1.368765E-03  4.288825E-06  4.750592E-02  2.015520E-05  1.518525E-08  1.840985E-09  2.846909E-03  3.067289E-07  1.207851E-06  4.062227E-08  4.626675E-03  3.782221E-08  7.671443E-09  6.418606E-09  1.356873E-04  1.844557E-04  8.461653E-08  5.012626E-07  6.499470E-07  9.993511E-08
 3.441500E+02  1.462864E-01  2.546810E-05  6.011210E-10  8.041506E-10  8.984136E-10  1.090600E-09  7.970841E-01  1.349549E-03  4.085246E-06  4.753660E-02  1.989688E-05  1.449578E-08  1.801437E-09  2.805100E-03  2.942297E-07  1.161052E-06  3.932679E-08  4.570073E-03  3.641845E-08  7.461887E-09  6.239852E-09  1.339051E-04  1.820342E-04  8.074240E-08  4.779459E-07  6.198885E-07  9.600540E-08
 3.451500E+02  1.463349E-01  2.522966E-05  5.853362E-10  7.831994E-10  8.750468E-10  1.062448E-09  7.971257E-01  1.330729E-03  3.892515E-06  4.756672E-02  1.964324E-05  1.384123E-08  1.762960E-09  2.764173E-03  2.823146E-07  1.116349E-06  3.808069E-08  4.514501E-03  3.507464E-08  7.259330E-09  6.067160E-09  1.321570E-04  1.796589E-04  7.706675E-08  4.558452E-07  5.913900E-07  9.225294E-08
 3.461500E+02  1.463825E-01  2.499501E-05  5.700655E-10  7.629265E-10  8.524354E-10  1.035200E-09  7.971664E-01  1.312294E-03  3.709996E-06  4.759630E-02  1.939418E-05  1.321967E-08  1.725519E-09  2.724107E-03  2.709531E-07  1.073636E-06  3.688182E-08  4.459938E-03  3.378793E-08  7.063503E-09  5.900295E-09  1.304421E-04  1.773288E-04  7.357842E-08  4.348908E-07  5.643624E-07  8.866881E-08
 3.471500E+02  1.464291E-01  2.476409E-05  5.552895E-10  7.433064E-10  8.305512E-10  1.008824E-09  7.972063E-01  1.294235E-03  3.537093E-06  4.762534E-02  1.914959E-05  1.262928E-08  1.689082E-09  2.684878E-03  2.601167E-07  1.032815E-06  3.572813E-08  4.406360E-03  3.255561E-08  6.874148E-09  5.739031E-09  1.287596E-04  1.750429E-04  7.026694E-08  4.150174E-07  5.387221E-07  8.524460E-08
 3.481500E+02  1.464749E-01  2.453682E-05  5.409896E-10  7.243146E-10  8.093669E-10  9.832858E-10  7.972454E-01  1.276543E-03  3.373249E-06  4.765385E-02  1.890938E-05  1.206835E-08  1.653619E-09  2.646465E-03  2.497781E-07  9.937917E-07  3.461767E-08  4.353746E-03  3.137511E-08  6.691020E-09  5.583151E-09  1.271089E-04  1.728000E-04  6.712247E-08  3.961637E-07  5.143909E-07  8.197234E-08
 3.491500E+02  1.465198E-01  2.431312E-05  5.271481E-10  7.059279E-10  7.888565E-10  9.585559E-10  7.972837E-01  1.259207E-03  3.217941E-06  4.768185E-02  1.867346E-05  1.153527E-08  1.619099E-09  2.608848E-03  2.399118E-07  9.564766E-07  3.354860E-08  4.302075E-03  3.024401E-08  6.513881E-09  5.432449E-09  1.254891E-04  1.705993E-04  6.413576E-08  3.782721E-07  4.912951E-07  7.884452E-08
 3.501500E+02  1.465638E-01  2.409294E-05  5.137478E-10  6.881237E-10  7.689952E-10  9.346040E-10  7.973212E-01  1.242219E-03  3.070678E-06  4.770935E-02  1.844174E-05  1.102852E-08  1.585493E-09  2.572005E-03  2.304938E-07  9.207860E-07  3.251915E-08  4.251327E-03  2.916000E-08  6.342507E-09  5.286726E-09  1.238995E-04  1.684397E-04  6.129813E-08  3.612885E-07  4.693656E-07  7.585402E-08
 3.511500E+02  1.466070E-01  2.387620E-05  5.007724E-10  6.708806E-10  7.497589E-10  9.114016E-10  7.973579E-01  1.225570E-03  2.931001E-06  4.773635E-02  1.821413E-05  1.054669E-08  1.552774E-09  2.535917E-03  2.215012E-07  8.866407E-07  3.152765E-08  4.201481E-03  2.812087E-08  6.176680E-09  5.145794E-09  1.223395E-04  1.663203E-04  5.860139E-08  3.451622E-07  4.485377E-07  7.299410E-08
 3.521500E+02  1.466494E-01  2.366283E-05  4.882062E-10  6.541780E-10  7.311249E-10  8.889213E-10  7.973939E-01  1.209252E-03  2.798479E-06  4.776288E-02  1.799054E-05  1.008842E-08  1.520913E-09  2.500565E-03  2.129127E-07  8.539653E-07  3.057248E-08  4.152518E-03  2.712456E-08  6.016193E-09  5.009469E-09  1.208084E-04  1.642402E-04  5.603785E-08  3.298457E-07  4.287503E-07  7.025839E-08
 3.531500E+02  1.466910E-01  2.345278E-05  4.760342E-10  6.379962E-10  7.130710E-10  8.671371E-10  7.974291E-01  1.193257E-03  2.672708E-06  4.778894E-02  1.777089E-05  9.652460E-09  1.489885E-09  2.465931E-03  2.047078E-07  8.226887E-07  2.965213E-08  4.104419E-03  2.616909E-08  5.860848E-09  4.877579E-09  1.193055E-04  1.621984E-04  5.360029E-08  3.152940E-07  4.099462E-07  6.764087E-08
 3.541500E+02  1.467318E-01  2.324597E-05  4.642420E-10  6.223163E-10  6.955764E-10  8.460237E-10  7.974637E-01  1.177576E-03  2.553308E-06  4.781453E-02  1.755510E-05  9.237611E-09  1.459664E-09  2.431997E-03  1.968674E-07  7.927437E-07  2.876514E-08  4.057166E-03  2.525258E-08  5.710454E-09  4.749958E-09  1.178302E-04  1.601942E-04  5.128189E-08  3.014651E-07  3.920714E-07  6.513582E-08
 3.551500E+02  1.467718E-01  2.304234E-05  4.528157E-10  6.071201E-10  6.786207E-10  8.255570E-10  7.974976E-01  1.162203E-03  2.439924E-06  4.783968E-02  1.734308E-05  8.842753E-09  1.430227E-09  2.398744E-03  1.893734E-07  7.640664E-07  2.791013E-08  4.010739E-03  2.437327E-08  5.564828E-09  4.626444E-09  1.163819E-04  1.582267E-04  4.907625E-08  2.883195E-07  3.750754E-07  6.273783E-08
 3.561500E+02  1.468112E-01  2.284184E-05  4.417423E-10  5.923901E-10  6.621846E-10  8.057138E-10  7.975308E-01  1.147128E-03  2.332221E-06  4.786438E-02  1.713475E-05  8.466829E-09  1.401549E-09  2.366157E-03  1.822086E-07  7.365965E-07  2.708577E-08  3.965122E-03  2.352945E-08  5.423795E-09  4.506887E-09  1.149600E-04  1.562950E-04  4.697733E-08  2.758199E-07  3.589104E-07  6.044180E-08
 3.571500E+02  1.468497E-01  2.264440E-05  4.310088E-10  5.781097E-10  6.462495E-10  7.864721E-10  7.975633E-01  1.132346E-03  2.229883E-06  4.788866E-02  1.693004E-05  8.108841E-09  1.373607E-09  2.334219E-03  1.753569E-07  7.102767E-07  2.629080E-08  3.920297E-03  2.271952E-08  5.287188E-09  4.391139E-09  1.135638E-04  1.543984E-04  4.497944E-08  2.639313E-07  3.435316E-07  5.824286E-08
 3.581500E+02  1.468876E-01  2.244996E-05  4.206032E-10  5.642629E-10  6.307976E-10  7.678104E-10  7.975952E-01  1.117849E-03  2.132617E-06  4.791252E-02  1.672888E-05  7.767851E-09  1.346380E-09  2.302913E-03  1.688029E-07  6.850528E-07  2.552402E-08  3.876247E-03  2.194195E-08  5.154846E-09  4.279060E-09  1.121929E-04  1.525360E-04  4.307723E-08  2.526207E-07  3.288968E-07  5.613642E-08
 3.591500E+02  1.469248E-01  2.225848E-05  4.105137E-10  5.508343E-10  6.158117E-10  7.497083E-10  7.976265E-01  1.103629E-03  2.040144E-06  4.793596E-02  1.653119E-05  7.442970E-09  1.319847E-09  2.272224E-03  1.625321E-07  6.608734E-07  2.478428E-08  3.832956E-03  2.119530E-08  5.026614E-09  4.170515E-09  1.108465E-04  1.507071E-04  4.126565E-08  2.418571E-07  3.149662E-07  5.411812E-08
 3.601500E+02  1.469613E-01  2.206988E-05  4.007292E-10  5.378090E-10  6.012754E-10  7.321462E-10  7.976572E-01  1.089682E-03  1.952203E-06  4.795899E-02  1.633689E-05  7.133362E-09  1.293985E-09  2.242138E-03  1.565308E-07  6.376897E-07  2.407050E-08  3.790408E-03  2.047819E-08  4.902344E-09  4.065375E-09  1.095243E-04  1.489110E-04  3.953994E-08  2.316114E-07  3.017025E-07  5.218382E-08
 3.611500E+02  1.469972E-01  2.188412E-05  3.912388E-10  5.251730E-10  5.871729E-10  7.151052E-10  7.976872E-01  1.075999E-03  1.868548E-06  4.798164E-02  1.614593E-05  6.838237E-09  1.268777E-09  2.212639E-03  1.507860E-07  6.154555E-07  2.338161E-08  3.748587E-03  1.978929E-08  4.781894E-09  3.963516E-09  1.082256E-04  1.471469E-04  3.789561E-08  2.218560E-07  2.890703E-07  5.032960E-08
 3.621500E+02  1.470324E-01  2.170115E-05  3.820322E-10  5.129125E-10  5.734890E-10  6.985672E-10  7.977167E-01  1.062575E-03  1.788949E-06  4.800389E-02  1.595822E-05  6.556851E-09  1.244202E-09  2.183713E-03  1.452854E-07  5.941269E-07  2.271662E-08  3.707478E-03  1.912738E-08  4.665128E-09  3.864821E-09  1.069500E-04  1.454141E-04  3.632844E-08  2.125649E-07  2.770364E-07  4.855175E-08
 3.631500E+02  1.470670E-01  2.152091E-05  3.730995E-10  5.010146E-10  5.602092E-10  6.825148E-10  7.977457E-01  1.049404E-03  1.713188E-06  4.802577E-02  1.577370E-05  6.288499E-09  1.220242E-09  2.155347E-03  1.400173E-07  5.736624E-07  2.207458E-08  3.667066E-03  1.849125E-08  4.551914E-09  3.769174E-09  1.056969E-04  1.437119E-04  3.483442E-08  2.037138E-07  2.655694E-07  4.684673E-08
 3.641500E+02  1.471010E-01  2.134336E-05  3.644311E-10  4.894667E-10  5.473195E-10  6.669312E-10  7.977741E-01  1.036479E-03  1.641060E-06  4.804728E-02  1.559231E-05  6.032516E-09  1.196878E-09  2.127527E-03  1.349708E-07  5.540223E-07  2.145457E-08  3.627336E-03  1.787978E-08  4.442128E-09  3.676466E-09  1.044659E-04  1.420397E-04  3.340979E-08  1.952796E-07  2.546399E-07  4.521120E-08
 3.651500E+02  1.471343E-01  2.116843E-05  3.560179E-10  4.782566E-10  5.348064E-10  6.518003E-10  7.978019E-01  1.023794E-03  1.572373E-06  4.806842E-02  1.541398E-05  5.788276E-09  1.174094E-09  2.100239E-03  1.301353E-07  5.351693E-07  2.085573E-08  3.588275E-03  1.729189E-08  4.335647E-09  3.586593E-09  1.032565E-04  1.403969E-04  3.205099E-08  1.872406E-07  2.442199E-07  4.364197E-08
 3.661500E+02  1.471671E-01  2.099609E-05  3.478510E-10  4.673728E-10  5.226571E-10  6.371068E-10  7.978293E-01  1.011345E-03  1.506943E-06  4.808921E-02  1.523866E-05  5.555183E-09  1.151872E-09  2.073472E-03  1.255008E-07  5.170676E-07  2.027723E-08  3.549868E-03  1.672656E-08  4.232357E-09  3.499454E-09  1.020681E-04  1.387827E-04  3.075467E-08  1.795763E-07  2.342832E-07  4.213603E-08
 3.671500E+02  1.471993E-01  2.082628E-05  3.399220E-10  4.568041E-10  5.108591E-10  6.228358E-10  7.978561E-01  9.991259E-04  1.444601E-06  4.810965E-02  1.506627E-05  5.332679E-09  1.130197E-09  2.047213E-03  1.210582E-07  4.996835E-07  1.971825E-08  3.512102E-03  1.618282E-08  4.132147E-09  3.414952E-09  1.009004E-04  1.371966E-04  2.951764E-08  1.722675E-07  2.248049E-07  4.069051E-08
 3.681500E+02  1.472309E-01  2.065896E-05  3.322227E-10  4.465399E-10  4.994005E-10  6.089729E-10  7.978824E-01  9.871309E-04  1.385185E-06  4.812975E-02  1.489676E-05  5.120231E-09  1.109051E-09  2.021450E-03  1.167983E-07  4.829847E-07  1.917806E-08  3.474963E-03  1.565974E-08  4.034908E-09  3.332994E-09  9.975288E-05  1.356379E-04  2.833691E-08  1.652957E-07  2.157616E-07  3.930267E-08
 3.691500E+02  1.472620E-01  2.049408E-05  3.247454E-10  4.365697E-10  4.882697E-10  5.955045E-10  7.979082E-01  9.753551E-04  1.328542E-06  4.814951E-02  1.473007E-05  4.917339E-09  1.088421E-09  1.996171E-03  1.127127E-07  4.669407E-07  1.865591E-08  3.438439E-03  1.515643E-08  3.940538E-09  3.253492E-09  9.862514E-05  1.341061E-04  2.720964E-08  1.586439E-07  2.071312E-07  3.796994E-08
 3.701500E+02  1.472925E-01  2.033160E-05  3.174826E-10  4.268838E-10  4.774559E-10  5.824173E-10  7.979336E-01  9.637934E-04  1.274530E-06  4.816895E-02  1.456615E-05  4.723530E-09  1.068292E-09  1.971366E-03  1.087934E-07  4.515225E-07  1.815112E-08  3.402518E-03  1.467205E-08  3.848939E-09  3.176359E-09  9.751675E-05  1.326005E-04  2.613317E-08  1.522958E-07  1.988928E-07  3.668985E-08
 3.711500E+02  1.473225E-01  2.017147E-05  3.104269E-10  4.174725E-10  4.669483E-10  5.696986E-10  7.979584E-01  9.524409E-04  1.223012E-06  4.818807E-02  1.440494E-05  4.538353E-09  1.048648E-09  1.947022E-03  1.050329E-07  4.367024E-07  1.766301E-08  3.367186E-03  1.420580E-08  3.760016E-09  3.101513E-09  9.642729E-05  1.311207E-04  2.510496E-08  1.462359E-07  1.910266E-07  3.546006E-08
 3.721500E+02  1.473520E-01  2.001366E-05  3.035714E-10  4.083267E-10  4.567367E-10  5.573363E-10  7.979829E-01  9.412929E-04  1.173860E-06  4.820687E-02  1.424638E-05  4.361385E-09  1.029477E-09  1.923129E-03  1.014237E-07  4.224541E-07  1.719095E-08  3.332432E-03  1.375691E-08  3.673677E-09  3.028875E-09  9.535637E-05  1.296661E-04  2.412261E-08  1.404499E-07  1.835140E-07  3.427834E-08
 3.731500E+02  1.473810E-01  1.985811E-05  2.969095E-10  3.994377E-10  4.468114E-10  5.453185E-10  7.980069E-01  9.303448E-04  1.126955E-06  4.822537E-02  1.409042E-05  4.192223E-09  1.010765E-09  1.899677E-03  9.795918E-08  4.087528E-07  1.673433E-08  3.298245E-03  1.332465E-08  3.589834E-09  2.958370E-09  9.430358E-05  1.282362E-04  2.318386E-08  1.349239E-07  1.763375E-07  3.314257E-08
