#         T/K            c1          c2-1          c3-4          c3-5          c3-7          c3-9            m1          m2-1          m3-1            w1            w2          w3-1          w3-2          c1m1        c1m2-1        c1m2-7        c2m1-1        c1w1-2        c1w2-1        c2w1-1        c2w1-9        m1w1-1        m1w1-4        m1w2-1        m2w1-1        m2w1-3      c1m1w1-1
 2.731500E+02  5.484076E-02  9.835754E-06  4.670560E-10  6.130223E-10  6.820360E-10  8.132431E-10  1.476835E-01  1.812817E-04  2.401793E-06  6.837974E-01  1.585683E-02  3.739986E-03  5.247599E-05  8.374454E-04  1.953997E-07  6.411686E-07  2.422163E-08  8.938118E-02  1.139194E-04  2.459975E-07  2.160118E-07  1.348295E-03  1.835393E-03  2.662391E-04  2.081992E-05  2.636871E-05  4.527514E-06
 2.741500E+02  5.538389E-02  9.845109E-06  4.579078E-10  6.012186E-10  6.689534E-10  7.978952E-10  1.477384E-01  1.769712E-04  2.216943E-06  6.849819E-01  1.552928E-02  3.472005E-03  5.060911E-05  8.238189E-04  1.839113E-07  6.054258E-07  2.332885E-08  8.831269E-02  1.080114E-04  2.388354E-07  2.095419E-07  1.318991E-03  1.795389E-03  2.468195E-04  1.926315E-05  2.440675E-05  4.274563E-06
 2.751500E+02  5.592171E-02  9.852514E-06  4.488847E-10  5.895697E-10  6.560407E-10  7.827385E-10  1.477913E-01  1.727967E-04  2.047599E-06  6.861299E-01  1.520999E-02  3.224728E-03  4.881857E-05  8.104426E-04  1.731647E-07  5.718820E-07  2.247157E-08  8.725434E-02  1.024361E-04  2.318869E-07  2.032714E-07  1.290508E-03  1.756509E-03  2.289342E-04  1.783290E-05  2.260355E-05  4.037047E-06
 2.761500E+02  5.645414E-02  9.857997E-06  4.399874E-10  5.780766E-10  6.432991E-10  7.677748E-10  1.478424E-01  1.687531E-04  1.892357E-06  6.872434E-01  1.489877E-02  2.996459E-03  4.710112E-05  7.973115E-04  1.631080E-07  5.403897E-07  2.164827E-08  8.620630E-02  9.717342E-05  2.251459E-07  1.971945E-07  1.262819E-03  1.718720E-03  2.124537E-04  1.651815E-05  2.094533E-05  3.813951E-06
 2.771500E+02  5.698111E-02  9.861587E-06  4.312165E-10  5.667406E-10  6.307300E-10  7.530060E-10  1.478917E-01  1.648353E-04  1.749952E-06  6.883243E-01  1.459543E-02  2.785646E-03  4.545358E-05  7.844208E-04  1.536929E-07  5.108120E-07  2.085750E-08  8.516874E-02  9.220487E-05  2.186066E-07  1.913053E-07  1.235900E-03  1.681986E-03  1.972602E-04  1.530888E-05  1.941955E-05  3.604334E-06
 2.781500E+02  5.750256E-02  9.863317E-06  4.225726E-10  5.555627E-10  6.183348E-10  7.384340E-10  1.479393E-01  1.610388E-04  1.619239E-06  6.893741E-01  1.429978E-02  2.590870E-03  4.387295E-05  7.717659E-04  1.448752E-07  4.830220E-07  2.009790E-08  8.414179E-02  8.751294E-05  2.122631E-07  1.855984E-07  1.209728E-03  1.646276E-03  1.832462E-04  1.419598E-05  1.801485E-05  3.407319E-06
 2.791500E+02  5.801844E-02  9.863221E-06  4.140566E-10  5.445441E-10  6.061148E-10  7.240607E-10  1.479854E-01  1.573588E-04  1.499182E-06  6.903944E-01  1.401163E-02  2.410833E-03  4.235630E-05  7.593425E-04  1.366135E-07  4.569020E-07  1.936816E-08  8.312557E-02  8.308126E-05  2.061100E-07  1.800683E-07  1.184279E-03  1.611557E-03  1.703137E-04  1.317122E-05  1.672088E-05  3.222091E-06
 2.801500E+02  5.852870E-02  9.861335E-06  4.056688E-10  5.336859E-10  5.940711E-10  7.098879E-10  1.480299E-01  1.537912E-04  1.388845E-06  6.913866E-01  1.373078E-02  2.244347E-03  4.090086E-05  7.471462E-04  1.288699E-07  4.323425E-07  1.866703E-08  8.212020E-02  7.889444E-05  2.001418E-07  1.747097E-07  1.159530E-03  1.577797E-03  1.583733E-04  1.222707E-05  1.552827E-05  3.047891E-06
 2.811500E+02  5.903330E-02  9.857697E-06  3.974100E-10  5.229889E-10  5.822050E-10  6.959172E-10  1.480730E-01  1.503317E-04  1.287377E-06  6.923522E-01  1.345705E-02  2.090323E-03  3.950395E-05  7.351728E-04  1.216091E-07  4.092421E-07  1.799332E-08  8.112577E-02  7.493805E-05  1.943532E-07  1.695175E-07  1.135460E-03  1.544967E-03  1.473434E-04  1.135671E-05  1.442846E-05  2.884010E-06
 2.821500E+02  5.953220E-02  9.852348E-06  3.892806E-10  5.124542E-10  5.705175E-10  6.821502E-10  1.481146E-01  1.469765E-04  1.194009E-06  6.932922E-01  1.319025E-02  1.947767E-03  3.816301E-05  7.234184E-04  1.147984E-07  3.875063E-07  1.734590E-08  8.014236E-02  7.119856E-05  1.887391E-07  1.644867E-07  1.112047E-03  1.513037E-03  1.371496E-04  1.055395E-05  1.341368E-05  2.729791E-06
 2.831500E+02  6.002539E-02  9.845328E-06  3.812810E-10  5.020825E-10  5.590094E-10  6.685882E-10  1.481550E-01  1.437216E-04  1.108043E-06  6.942079E-01  1.293020E-02  1.815765E-03  3.687560E-05  7.118789E-04  1.084075E-07  3.670474E-07  1.672368E-08  7.917003E-02  6.766326E-05  1.832945E-07  1.596124E-07  1.089271E-03  1.481979E-03  1.277238E-04  9.813115E-06  1.247684E-05  2.584619E-06
 2.841500E+02  6.051283E-02  9.836680E-06  3.734115E-10  4.918743E-10  5.476817E-10  6.552325E-10  1.481941E-01  1.405636E-04  1.028846E-06  6.951002E-01  1.267672E-02  1.693483E-03  3.563937E-05  7.005506E-04  1.024084E-07  3.477837E-07  1.612563E-08  7.820884E-02  6.432021E-05  1.780144E-07  1.548900E-07  1.067112E-03  1.451766E-03  1.190039E-04  9.129068E-06  1.161149E-05  2.447922E-06
 2.851500E+02  6.099452E-02  9.826446E-06  3.656722E-10  4.818303E-10  5.365348E-10  6.420840E-10  1.482320E-01  1.374988E-04  9.558408E-07  6.959703E-01  1.242963E-02  1.580154E-03  3.445209E-05  6.894297E-04  9.677497E-08  3.296391E-07  1.555077E-08  7.725882E-02  6.115823E-05  1.728941E-07  1.503149E-07  1.045551E-03  1.422371E-03  1.109331E-04  8.497116E-06  1.081176E-05  2.319166E-06
 2.861500E+02  6.147044E-02  9.814670E-06  3.580633E-10  4.719506E-10  5.255692E-10  6.291436E-10  1.482687E-01  1.345240E-04  8.885052E-07  6.968191E-01  1.218876E-02  1.475075E-03  3.331163E-05  6.785124E-04  9.148305E-08  3.125428E-07  1.499814E-08  7.632002E-02  5.816679E-05  1.679290E-07  1.458825E-07  1.024569E-03  1.393768E-03  1.034595E-04  7.912981E-06  1.007226E-05  2.197853E-06
 2.871500E+02  6.194059E-02  9.801398E-06  3.505847E-10  4.622356E-10  5.147853E-10  6.164118E-10  1.483043E-01  1.316360E-04  8.263630E-07  6.976474E-01  1.195393E-02  1.377603E-03  3.221593E-05  6.677952E-04  8.651017E-08  2.964290E-07  1.446685E-08  7.539245E-02  5.533604E-05  1.631145E-07  1.415886E-07  1.004147E-03  1.365932E-03  9.653542E-05  7.372759E-06  9.388113E-06  2.083520E-06
 2.881500E+02  6.240497E-02  9.786673E-06  3.432363E-10  4.526854E-10  5.041831E-10  6.038892E-10  1.483388E-01  1.288317E-04  7.689812E-07  6.984559E-01  1.172498E-02  1.287148E-03  3.116305E-05  6.572746E-04  8.183545E-08  2.812361E-07  1.395602E-08  7.447612E-02  5.265671E-05  1.584461E-07  1.374289E-07  9.842686E-04  1.338840E-03  9.011750E-05  6.872889E-06  8.754838E-06  1.975731E-06
 2.891500E+02  6.286359E-02  9.770541E-06  3.360179E-10  4.432997E-10  4.937625E-10  5.915758E-10  1.483724E-01  1.261081E-04  7.159654E-07  6.992456E-01  1.150175E-02  1.203167E-03  3.015113E-05  6.469470E-04  7.743949E-08  2.669068E-07  1.346483E-08  7.357103E-02  5.012008E-05  1.539197E-07  1.333992E-07  9.649167E-04  1.312468E-03  8.416585E-05  6.410116E-06  8.168350E-06  1.874083E-06
 2.901500E+02  6.331645E-02  9.753046E-06  3.289291E-10  4.340784E-10  4.835234E-10  5.794718E-10  1.484049E-01  1.234625E-04  6.669563E-07  7.000171E-01  1.128408E-02  1.125162E-03  2.917839E-05  6.368091E-04  7.330424E-08  2.533876E-07  1.299248E-08  7.267718E-02  4.771800E-05  1.495309E-07  1.294957E-07  9.460749E-04  1.286793E-03  7.864397E-05  5.981467E-06  7.624915E-06  1.778196E-06
 2.911500E+02  6.376357E-02  9.734235E-06  3.219694E-10  4.250211E-10  4.734654E-10  5.675769E-10  1.484365E-01  1.208922E-04  6.216261E-07  7.007711E-01  1.107180E-02  1.052676E-03  2.824313E-05  6.268574E-04  6.941291E-08  2.406287E-07  1.253822E-08  7.179453E-02  4.544277E-05  1.452758E-07  1.257144E-07  9.277274E-04  1.261795E-03  7.351839E-05  5.584223E-06  7.121117E-06  1.687719E-06
 2.921500E+02  6.420495E-02  9.714153E-06  3.151383E-10  4.161272E-10  4.635879E-10  5.558907E-10  1.484673E-01  1.183945E-04  5.796760E-07  7.015081E-01  1.086478E-02  9.852895E-04  2.734374E-05  6.170887E-04  6.574987E-08  2.285835E-07  1.210131E-08  7.092308E-02  4.328718E-05  1.411502E-07  1.220516E-07  9.098589E-04  1.237451E-03  6.875845E-05  5.215898E-06  6.653829E-06  1.602321E-06
 2.931500E+02  6.464063E-02  9.692843E-06  3.084351E-10  4.073960E-10  4.538903E-10  5.444127E-10  1.484971E-01  1.159670E-04  5.408331E-07  7.022289E-01  1.066287E-02  9.226160E-04  2.647867E-05  6.074998E-04  6.230058E-08  2.172083E-07  1.168106E-08  7.006279E-02  4.124446E-05  1.371504E-07  1.185034E-07  8.924545E-04  1.213742E-03  6.433599E-05  4.874215E-06  6.220190E-06  1.521693E-06
 2.941500E+02  6.507063E-02  9.670352E-06  3.018590E-10  3.988269E-10  4.443717E-10  5.331421E-10  1.485261E-01  1.136072E-04  5.048482E-07  7.029339E-01  1.046591E-02  8.643007E-04  2.564645E-05  5.980874E-04  5.905149E-08  2.064627E-07  1.127680E-08  6.921361E-02  3.930821E-05  1.332726E-07  1.150665E-07  8.755001E-04  1.190647E-03  6.022519E-05  4.557090E-06  5.817578E-06  1.445547E-06
 2.951500E+02  6.549497E-02  9.646723E-06  2.954093E-10  3.904188E-10  4.350310E-10  5.220779E-10  1.485543E-01  1.113130E-04  4.714933E-07  7.036237E-01  1.027378E-02  8.100170E-04  2.484566E-05  5.888483E-04  5.598996E-08  1.963086E-07  1.088789E-08  6.837551E-02  3.747246E-05  1.295131E-07  1.117373E-07  8.589819E-04  1.168149E-03  5.640232E-05  4.262613E-06  5.443589E-06  1.373613E-06
 2.961500E+02  6.591369E-02  9.622001E-06  2.890848E-10  3.821706E-10  4.258673E-10  5.112190E-10  1.485818E-01  1.090820E-04  4.405603E-07  7.042988E-01  1.008633E-02  7.594645E-04  2.407498E-05  5.797795E-04  5.310422E-08  1.867106E-07  1.051372E-08  6.754842E-02  3.573157E-05  1.258682E-07  1.085123E-07  8.428865E-04  1.146228E-03  5.284559E-05  3.989034E-06  5.096020E-06  1.305639E-06
 2.971500E+02  6.632680E-02  9.596228E-06  2.828846E-10  3.740812E-10  4.168791E-10  5.005642E-10  1.486085E-01  1.069121E-04  4.118584E-07  7.049596E-01  9.903441E-03  7.123665E-04  2.333312E-05  5.708779E-04  5.038330E-08  1.776353E-07  1.015369E-08  6.673230E-02  3.408023E-05  1.223346E-07  1.053885E-07  8.272010E-04  1.124868E-03  4.953496E-05  3.734746E-06  4.772849E-06  1.241387E-06
 2.981500E+02  6.673436E-02  9.569448E-06  2.768075E-10  3.661494E-10  4.080652E-10  4.901120E-10  1.486344E-01  1.048014E-04  3.852132E-07  7.056067E-01  9.724975E-03  6.684685E-04  2.261886E-05  5.621404E-04  4.781695E-08  1.690517E-07  9.807239E-09  6.592708E-02  3.251347E-05  1.189089E-07  1.023625E-07  8.119129E-04  1.104050E-03  4.645203E-05  3.498275E-06  4.472219E-06  1.180637E-06
 2.991500E+02  6.713640E-02  9.541703E-06  2.708525E-10  3.583737E-10  3.994241E-10  4.798609E-10  1.486597E-01  1.027478E-04  3.604648E-07  7.062403E-01  9.550811E-03  6.275355E-04  2.193103E-05  5.535642E-04  4.539563E-08  1.609307E-07  9.473831E-09  6.513268E-02  3.102660E-05  1.155876E-07  9.943126E-08  7.970103E-04  1.083759E-03  4.357985E-05  3.278270E-06  4.192427E-06  1.123183E-06
 3.001500E+02  6.753295E-02  9.513034E-06  2.650181E-10  3.507526E-10  3.909540E-10  4.698091E-10  1.486843E-01  1.007494E-04  3.374668E-07  7.068610E-01  9.380829E-03  5.893514E-04  2.126852E-05  5.451461E-04  4.311041E-08  1.532451E-07  9.152944E-09  6.434904E-02  2.961520E-05  1.123677E-07  9.659180E-08  7.824816E-04  1.063978E-03  4.090282E-05  3.073487E-06  3.931906E-06  1.068829E-06
 3.011500E+02  6.792407E-02  9.483484E-06  2.593031E-10  3.432846E-10  3.826534E-10  4.599548E-10  1.487083E-01  9.880456E-05  3.160847E-07  7.074691E-01  9.214912E-03  5.537166E-04  2.063028E-05  5.368835E-04  4.095296E-08  1.459695E-07  8.844081E-09  6.357608E-02  2.827512E-05  1.092460E-07  9.384119E-08  7.683154E-04  1.044693E-03  3.840659E-05  2.882784E-06  3.689216E-06  1.017394E-06
 3.021500E+02  6.830978E-02  9.453090E-06  2.537061E-10  3.359680E-10  3.745204E-10  4.502960E-10  1.487316E-01  9.691140E-05  2.961953E-07  7.080650E-01  9.052945E-03  5.204472E-04  2.001529E-05  5.287734E-04  3.891549E-08  1.390798E-07  8.546763E-09  6.281372E-02  2.700245E-05  1.062196E-07  9.117662E-08  7.545009E-04  1.025887E-03  3.607793E-05  2.705111E-06  3.463032E-06  9.687071E-07
 3.031500E+02  6.869014E-02  9.421894E-06  2.482256E-10  3.288010E-10  3.665531E-10  4.408308E-10  1.487544E-01  9.506829E-05  2.776854E-07  7.086491E-01  8.894819E-03  4.893733E-04  1.942258E-05  5.208129E-04  3.699075E-08  1.325537E-07  8.260533E-09  6.206187E-02  2.579351E-05  1.032853E-07  8.859532E-08  7.410277E-04  1.007548E-03  3.390464E-05  2.539503E-06  3.252136E-06  9.226096E-07
 3.041500E+02  6.906520E-02  9.389934E-06  2.428602E-10  3.217819E-10  3.587495E-10  4.315568E-10  1.487765E-01  9.327359E-05  2.604511E-07  7.092215E-01  8.740426E-03  4.603381E-04  1.885123E-05  5.129994E-04  3.517192E-08  1.263703E-07  7.984953E-09  6.132044E-02  2.464483E-05  1.004405E-07  8.609464E-08  7.278856E-04  9.896601E-04  3.187549E-05  2.385069E-06  3.055405E-06  8.789512E-07
 3.051500E+02  6.943500E-02  9.357247E-06  2.376083E-10  3.149088E-10  3.511076E-10  4.224719E-10  1.487981E-01  9.152578E-05  2.443968E-07  7.097828E-01  8.589663E-03  4.331969E-04  1.830037E-05  5.053301E-04  3.345266E-08  1.205098E-07  7.719599E-09  6.058934E-02  2.355316E-05  9.768222E-08  8.367201E-08  7.150648E-04  9.722109E-04  2.998011E-05  2.240990E-06  2.871806E-06  8.375916E-07
 3.061500E+02  6.979959E-02  9.323871E-06  2.324683E-10  3.081798E-10  3.436253E-10  4.135737E-10  1.488192E-01  8.982334E-05  2.294347E-07  7.103331E-01  8.442428E-03  4.078158E-04  1.776915E-05  4.978024E-04  3.182702E-08  1.149538E-07  7.464070E-09  5.986849E-02  2.251540E-05  9.500789E-08  8.132490E-08  7.025558E-04  9.551873E-04  2.820893E-05  2.106514E-06  2.700386E-06  7.983989E-07
 3.071500E+02  7.015902E-02  9.289841E-06  2.274386E-10  3.015928E-10  3.363004E-10  4.048599E-10  1.488397E-01  8.816484E-05  2.154841E-07  7.108728E-01  8.298624E-03  3.840712E-04  1.725676E-05  4.904134E-04  3.028944E-08  1.096849E-07  7.217976E-09  5.915777E-02  2.152868E-05  9.241486E-08  7.905090E-08  6.903495E-04  9.385766E-04  2.655312E-05  1.980943E-06  2.540267E-06  7.612495E-07
 3.081500E+02  7.051335E-02  9.255193E-06  2.225175E-10  2.951459E-10  3.291306E-10  3.963278E-10  1.488598E-01  8.654889E-05  2.024705E-07  7.114022E-01  8.158157E-03  3.618488E-04  1.676245E-05  4.831608E-04  2.883470E-08  1.046870E-07  6.980947E-09  5.845709E-02  2.059024E-05  8.990059E-08  7.684766E-08  6.784370E-04  9.223668E-04  2.500452E-05  1.863638E-06  2.390638E-06  7.260272E-07
 3.091500E+02  7.086263E-02  9.219962E-06  2.177035E-10  2.888369E-10  3.221138E-10  3.879749E-10  1.488793E-01  8.497416E-05  1.903254E-07  7.119214E-01  8.020933E-03  3.410426E-04  1.628548E-05  4.760419E-04  2.745793E-08  9.994464E-08  6.752626E-09  5.776635E-02  1.969753E-05  8.746261E-08  7.471288E-08  6.668098E-04  9.065462E-04  2.355559E-05  1.754006E-06  2.250752E-06  6.926231E-07
 3.101500E+02  7.120691E-02  9.184180E-06  2.129947E-10  2.826638E-10  3.152475E-10  3.797987E-10  1.488984E-01  8.343936E-05  1.789859E-07  7.124309E-01  7.886865E-03  3.215549E-04  1.582516E-05  4.690541E-04  2.615458E-08  9.544363E-08  6.532671E-09  5.708545E-02  1.884811E-05  8.509852E-08  7.264437E-08  6.554596E-04  8.911034E-04  2.219936E-05  1.651502E-06  2.119919E-06  6.609347E-07
 3.111500E+02  7.154625E-02  9.147880E-06  2.083894E-10  2.766244E-10  3.085295E-10  3.717965E-10  1.489170E-01  8.194326E-05  1.683936E-07  7.129307E-01  7.755866E-03  3.032949E-04  1.538080E-05  4.621950E-04  2.492035E-08  9.117045E-08  6.320753E-09  5.641428E-02  1.803969E-05  8.280601E-08  7.063999E-08  6.443784E-04  8.760274E-04  2.092938E-05  1.555621E-06  1.997500E-06  6.308659E-07
 3.121500E+02  7.188070E-02  9.111095E-06  2.038860E-10  2.707166E-10  3.019573E-10  3.639655E-10  1.489351E-01  8.048465E-05  1.584950E-07  7.134212E-01  7.627851E-03  2.861787E-04  1.495179E-05  4.554621E-04  2.375124E-08  8.711244E-08  6.116558E-09  5.575273E-02  1.727011E-05  8.058283E-08  6.869765E-08  6.335585E-04  8.613077E-04  1.973969E-05  1.465898E-06  1.882907E-06  6.023263E-07
 3.131500E+02  7.221031E-02  9.073855E-06  1.994827E-10  2.649381E-10  2.955287E-10  3.563032E-10  1.489528E-01  7.906238E-05  1.492405E-07  7.139026E-01  7.502740E-03  2.701285E-04  1.453750E-05  4.488531E-04  2.264349E-08  8.325772E-08  5.919784E-09  5.510069E-02  1.653733E-05  7.842678E-08  6.681534E-08  6.229923E-04  8.469341E-04  1.862476E-05  1.381901E-06  1.775594E-06  5.752309E-07
 3.141500E+02  7.253515E-02  9.036190E-06  1.951777E-10  2.592868E-10  2.892410E-10  3.488066E-10  1.489701E-01  7.767536E-05  1.405846E-07  7.143750E-01  7.380454E-03  2.550722E-04  1.413735E-05  4.423655E-04  2.159358E-08  7.959511E-08  5.730140E-09  5.445806E-02  1.583944E-05  7.633576E-08  6.499114E-08  6.126727E-04  8.328966E-04  1.757949E-05  1.303233E-06  1.675057E-06  5.494999E-07
 3.151500E+02  7.285528E-02  8.998128E-06  1.909692E-10  2.537605E-10  2.830919E-10  3.414731E-10  1.489870E-01  7.632249E-05  1.324850E-07  7.148388E-01  7.260916E-03  2.409428E-04  1.375079E-05  4.359970E-04  2.059820E-08  7.611407E-08  5.547350E-09  5.382473E-02  1.517461E-05  7.430771E-08  6.322314E-08  6.025926E-04  8.191857E-04  1.659913E-05  1.229526E-06  1.580830E-06  5.250581E-07
 3.161500E+02  7.317074E-02  8.959699E-06  1.868555E-10  2.483570E-10  2.770790E-10  3.342998E-10  1.490035E-01  7.500276E-05  1.249026E-07  7.152941E-01  7.144052E-03  2.276784E-04  1.337729E-05  4.297454E-04  1.965424E-08  7.280472E-08  5.371147E-09  5.320058E-02  1.454113E-05  7.234063E-08  6.150953E-08  5.927453E-04  8.057921E-04  1.567930E-05  1.160438E-06  1.492482E-06  5.018349E-07
 3.171500E+02  7.348160E-02  8.920930E-06  1.828348E-10  2.430739E-10  2.711998E-10  3.272840E-10  1.490196E-01  7.371516E-05  1.178015E-07  7.157411E-01  7.029790E-03  2.152213E-04  1.301633E-05  4.236083E-04  1.875880E-08  6.965774E-08  5.201273E-09  5.258550E-02  1.393738E-05  7.043261E-08  5.984854E-08  5.831243E-04  7.927068E-04  1.481593E-05  1.095654E-06  1.409611E-06  4.797637E-07
 3.181500E+02  7.378791E-02  8.881846E-06  1.789054E-10  2.379091E-10  2.654519E-10  3.204227E-10  1.490354E-01  7.245873E-05  1.111484E-07  7.161800E-01  6.918062E-03  2.035181E-04  1.266742E-05  4.175835E-04  1.790915E-08  6.666437E-08  5.037485E-09  5.197938E-02  1.336184E-05  6.858178E-08  5.823846E-08  5.737231E-04  7.799213E-04  1.400523E-05  1.034881E-06  1.331847E-06  4.587819E-07
 3.191500E+02  7.408974E-02  8.842474E-06  1.750655E-10  2.328604E-10  2.598327E-10  3.137133E-10  1.490507E-01  7.123255E-05  1.049123E-07  7.166110E-01  6.808798E-03  1.925192E-04  1.233011E-05  4.116690E-04  1.710271E-08  6.381635E-08  4.879547E-09  5.138211E-02  1.281306E-05  6.678632E-08  5.667765E-08  5.645357E-04  7.674270E-04  1.324372E-05  9.778486E-07  1.258847E-06  4.388308E-07
 3.201500E+02  7.438713E-02  8.802839E-06  1.713133E-10  2.279256E-10  2.543399E-10  3.071528E-10  1.490658E-01  7.003572E-05  9.906483E-08  7.170343E-01  6.701934E-03  1.821783E-04  1.200394E-05  4.058624E-04  1.633708E-08  6.110591E-08  4.727232E-09  5.079357E-02  1.228968E-05  6.504447E-08  5.516449E-08  5.555561E-04  7.552159E-04  1.252812E-05  9.243054E-07  1.190292E-06  4.198546E-07
 3.211500E+02  7.468016E-02  8.762964E-06  1.676470E-10  2.231024E-10  2.489710E-10  3.007385E-10  1.490805E-01  6.886737E-05  9.357942E-08  7.174500E-01  6.597406E-03  1.724527E-04  1.168848E-05  4.001618E-04  1.560998E-08  5.852574E-08  4.580323E-09  5.021366E-02  1.179041E-05  6.335455E-08  5.369745E-08  5.467786E-04  7.432802E-04  1.185543E-05  8.740183E-07  1.125887E-06  4.018013E-07
 3.221500E+02  7.496887E-02  8.722873E-06  1.640651E-10  2.183886E-10  2.437235E-10  2.944676E-10  1.490948E-01  6.772667E-05  8.843161E-08  7.178583E-01  6.495152E-03  1.633024E-04  1.138334E-05  3.945650E-04  1.491929E-08  5.606892E-08  4.438613E-09  4.964225E-02  1.131402E-05  6.171491E-08  5.227502E-08  5.381976E-04  7.316121E-04  1.122284E-05  8.267711E-07  1.065357E-06  3.846216E-07
 3.231500E+02  7.525332E-02  8.682587E-06  1.605656E-10  2.137820E-10  2.385951E-10  2.883372E-10  1.491089E-01  6.661281E-05  8.359869E-08  7.182594E-01  6.395112E-03  1.546903E-04  1.108812E-05  3.890701E-04  1.426300E-08  5.372896E-08  4.301902E-09  4.907924E-02  1.085938E-05  6.012395E-08  5.089576E-08  5.298077E-04  7.202045E-04  1.062773E-05  7.823629E-07  1.008446E-06  3.682690E-07
 3.241500E+02  7.553358E-02  8.642130E-06  1.571470E-10  2.092806E-10  2.335834E-10  2.823447E-10  1.491226E-01  6.552502E-05  7.905960E-08  7.186534E-01  6.297229E-03  1.465820E-04  1.080243E-05  3.836750E-04  1.363924E-08  5.149972E-08  4.169998E-09  4.852450E-02  1.042538E-05  5.858012E-08  4.955825E-08  5.216037E-04  7.090501E-04  1.006769E-05  7.406075E-07  9.549197E-07  3.526998E-07
 3.251500E+02  7.580970E-02  8.601520E-06  1.538075E-10  2.048820E-10  2.286860E-10  2.764872E-10  1.491360E-01  6.446254E-05  7.479481E-08  7.190405E-01  6.201446E-03  1.389453E-04  1.052594E-05  3.783777E-04  1.304622E-08  4.937542E-08  4.042717E-09  4.797794E-02  1.001099E-05  5.708195E-08  4.826116E-08  5.135806E-04  6.981420E-04  9.540452E-06  7.013315E-07  9.045564E-07  3.378728E-07
 3.261500E+02  7.608173E-02  8.560779E-06  1.505455E-10  2.005842E-10  2.239004E-10  2.707620E-10  1.491491E-01  6.342465E-05  7.078618E-08  7.194209E-01  6.107708E-03  1.317502E-04  1.025828E-05  3.731764E-04  1.248229E-08  4.735061E-08  3.919883E-09  4.743943E-02  9.615248E-06  5.562797E-08  4.700317E-08  5.057335E-04  6.874736E-04  9.043920E-06  6.643739E-07  8.571519E-07  3.237491E-07
 3.271500E+02  7.634974E-02  8.519926E-06  1.473592E-10  1.963851E-10  2.192244E-10  2.651664E-10  1.491620E-01  6.241063E-05  6.701688E-08  7.197946E-01  6.015963E-03  1.249690E-04  9.999138E-06  3.680692E-04  1.194586E-08  4.542014E-08  3.801327E-09  4.690886E-02  9.237223E-06  5.421680E-08  4.578301E-08  4.980576E-04  6.770384E-04  8.576139E-06  6.295851E-07  8.125161E-07  3.102920E-07
 3.281500E+02  7.661378E-02  8.478980E-06  1.442471E-10  1.922826E-10  2.146557E-10  2.596978E-10  1.491745E-01  6.141983E-05  6.347125E-08  7.201618E-01  5.926158E-03  1.185755E-04  9.748192E-06  3.630541E-04  1.143548E-08  4.357914E-08  3.686885E-09  4.638613E-02  8.876043E-06  5.284707E-08  4.459945E-08  4.905483E-04  6.668301E-04  8.135290E-06  5.968257E-07  7.704718E-07  2.974669E-07
 3.291500E+02  7.687391E-02  8.437957E-06  1.412075E-10  1.882746E-10  2.101920E-10  2.543534E-10  1.491868E-01  6.045157E-05  6.013478E-08  7.205227E-01  5.838245E-03  1.125457E-04  9.505141E-06  3.581294E-04  1.094973E-08  4.182304E-08  3.576401E-09  4.587112E-02  8.530881E-06  5.151747E-08  4.345131E-08  4.832013E-04  6.568427E-04  7.719677E-06  5.659663E-07  7.308543E-07  2.852411E-07
 3.301500E+02  7.713019E-02  8.396877E-06  1.382389E-10  1.843590E-10  2.058310E-10  2.491306E-10  1.491989E-01  5.950522E-05  5.699394E-08  7.208774E-01  5.752175E-03  1.068568E-04  9.269695E-06  3.532933E-04  1.048731E-08  4.014750E-08  3.469727E-09  4.536372E-02  8.200953E-06  5.022674E-08  4.233744E-08  4.760121E-04  6.470702E-04  7.327718E-06  5.368860E-07  6.935102E-07  2.735837E-07
 3.311500E+02  7.738267E-02  8.355754E-06  1.353396E-10  1.805339E-10  2.015704E-10  2.440268E-10  1.492106E-01  5.858017E-05  5.403616E-08  7.212260E-01  5.667900E-03  1.014879E-04  9.041576E-06  3.485441E-04  1.004700E-08  3.854843E-08  3.366718E-09  4.486382E-02  7.885519E-06  4.897364E-08  4.125674E-08  4.689767E-04  6.375070E-04  6.957941E-06  5.094727E-07  6.582964E-07  2.624657E-07
 3.321500E+02  7.763140E-02  8.314605E-06  1.325082E-10  1.767972E-10  1.974082E-10  2.390396E-10  1.492222E-01  5.767583E-05  5.124975E-08  7.215687E-01  5.585375E-03  9.641925E-05  8.820519E-06  3.438799E-04  9.627608E-09  3.702197E-08  3.267236E-09  4.437131E-02  7.583875E-06  4.775700E-08  4.020813E-08  4.620909E-04  6.281476E-04  6.608972E-06  4.836216E-07  6.250798E-07  2.518596E-07
 3.331500E+02  7.787644E-02  8.273445E-06  1.297430E-10  1.731471E-10  1.933421E-10  2.341662E-10  1.492334E-01  5.679162E-05  4.862383E-08  7.219055E-01  5.504556E-03  9.163249E-05  8.606267E-06  3.392992E-04  9.228053E-09  3.556446E-08  3.171148E-09  4.388609E-02  7.295357E-06  4.657565E-08  3.919058E-08  4.553509E-04  6.189865E-04  6.279528E-06  4.592351E-07  5.937361E-07  2.417392E-07
 3.341500E+02  7.811786E-02  8.232290E-06  1.270426E-10  1.695815E-10  1.893699E-10  2.294044E-10  1.492445E-01  5.592698E-05  4.614825E-08  7.222366E-01  5.425399E-03  8.711049E-05  8.398576E-06  3.348003E-04  8.847296E-09  3.417246E-08  3.078328E-09  4.340804E-02  7.019333E-06  4.542848E-08  3.820309E-08  4.487528E-04  6.100187E-04  5.968412E-06  4.362222E-07  5.641495E-07  2.320802E-07
 3.351500E+02  7.835569E-02  8.191152E-06  1.244055E-10  1.660986E-10  1.854896E-10  2.247515E-10  1.492553E-01  5.508139E-05  4.381357E-08  7.225621E-01  5.347863E-03  8.283722E-05  8.197212E-06  3.303816E-04  8.484361E-09  3.284269E-08  2.988652E-09  4.293706E-02  6.755205E-06  4.431442E-08  3.724469E-08  4.422929E-04  6.012390E-04  5.674508E-06  4.144981E-07  5.362119E-07  2.228592E-07
 3.361500E+02  7.859000E-02  8.150045E-06  1.218302E-10  1.626964E-10  1.816991E-10  2.202051E-10  1.492659E-01  5.425431E-05  4.161099E-08  7.228821E-01  5.271908E-03  7.879769E-05  8.001947E-06  3.260414E-04  8.138324E-09  3.157207E-08  2.902005E-09  4.247305E-02  6.502407E-06  4.323243E-08  3.631444E-08  4.359677E-04  5.926426E-04  5.396771E-06  3.939837E-07  5.098224E-07  2.140543E-07
 3.371500E+02  7.882083E-02  8.108982E-06  1.193153E-10  1.593732E-10  1.779964E-10  2.157630E-10  1.492762E-01  5.344525E-05  3.953231E-08  7.231968E-01  5.197494E-03  7.497792E-05  7.812567E-06  3.217782E-04  7.808318E-09  3.035769E-08  2.818272E-09  4.201590E-02  6.260401E-06  4.218150E-08  3.541145E-08  4.297738E-04  5.842248E-04  5.134226E-06  3.746049E-07  4.848869E-07  2.056449E-07
 3.381500E+02  7.904825E-02  8.067976E-06  1.168595E-10  1.561272E-10  1.743794E-10  2.114227E-10  1.492864E-01  5.265372E-05  3.756987E-08  7.235062E-01  5.124582E-03  7.136481E-05  7.628863E-06  3.175905E-04  7.493519E-09  2.919677E-08  2.737347E-09  4.156550E-02  6.028676E-06  4.116065E-08  3.453483E-08  4.237077E-04  5.759810E-04  4.885962E-06  3.562928E-07  4.613173E-07  1.976111E-07
 3.391500E+02  7.927229E-02  8.027038E-06  1.144613E-10  1.529565E-10  1.708462E-10  2.071819E-10  1.492964E-01  5.187925E-05  3.571653E-08  7.238104E-01  5.053136E-03  6.794611E-05  7.450635E-06  3.134767E-04  7.193154E-09  2.808670E-08  2.659125E-09  4.112176E-02  5.806750E-06  4.016894E-08  3.368374E-08  4.177662E-04  5.679067E-04  4.651126E-06  3.389829E-07  4.390315E-07  1.899346E-07
 3.401500E+02  7.949303E-02  7.986180E-06  1.121193E-10  1.498595E-10  1.673948E-10  2.030384E-10  1.493061E-01  5.112137E-05  3.396563E-08  7.241096E-01  4.983120E-03  6.471035E-05  7.277693E-06  3.094355E-04  6.906489E-09  2.702501E-08  2.583506E-09  4.068457E-02  5.594163E-06  3.920546E-08  3.285737E-08  4.119461E-04  5.599976E-04  4.428922E-06  3.226150E-07  4.179525E-07  1.825976E-07
 3.411500E+02  7.971049E-02  7.945411E-06  1.098323E-10  1.468343E-10  1.640234E-10  1.989899E-10  1.493157E-01  5.037965E-05  3.231094E-08  7.244039E-01  4.914498E-03  6.164681E-05  7.109852E-06  3.054654E-04  6.632833E-09  2.600935E-08  2.510395E-09  4.025383E-02  5.390479E-06  3.826932E-08  3.205492E-08  4.062443E-04  5.522495E-04  4.218602E-06  3.071327E-07  3.980086E-07  1.755837E-07
 3.421500E+02  7.992475E-02  7.904743E-06  1.075989E-10  1.438794E-10  1.607301E-10  1.950343E-10  1.493250E-01  4.965367E-05  3.074665E-08  7.246932E-01  4.847236E-03  5.874542E-05  6.946936E-06  3.015649E-04  6.371532E-09  2.503750E-08  2.439699E-09  3.982944E-02  5.195286E-06  3.735968E-08  3.127564E-08  4.006580E-04  5.446584E-04  4.019470E-06  2.924834E-07  3.791325E-07  1.688769E-07
 3.431500E+02  8.013584E-02  7.864186E-06  1.054179E-10  1.409931E-10  1.575131E-10  1.911693E-10  1.493342E-01  4.894299E-05  2.926733E-08  7.249779E-01  4.781302E-03  5.599678E-05  6.788774E-06  2.977327E-04  6.121967E-09  2.410736E-08  2.371330E-09  3.941130E-02  5.008190E-06  3.647570E-08  3.051879E-08  3.951841E-04  5.372202E-04  3.830871E-06  2.786178E-07  3.612613E-07  1.624625E-07
 3.441500E+02  8.034381E-02  7.823747E-06  1.032880E-10  1.381737E-10  1.543705E-10  1.873930E-10  1.493432E-01  4.824723E-05  2.786789E-08  7.252578E-01  4.716662E-03  5.339206E-05  6.635204E-06  2.939674E-04  5.883554E-09  2.321694E-08  2.305203E-09  3.899933E-02  4.828818E-06  3.561659E-08  2.978365E-08  3.898198E-04  5.299313E-04  3.652193E-06  2.654897E-07  3.443362E-07  1.563263E-07
 3.451500E+02  8.054872E-02  7.783437E-06  1.012080E-10  1.354197E-10  1.513006E-10  1.837033E-10  1.493520E-01  4.756599E-05  2.654360E-08  7.255332E-01  4.653287E-03  5.092298E-05  6.486069E-06  2.902677E-04  5.655740E-09  2.236434E-08  2.241236E-09  3.859341E-02  4.656816E-06  3.478157E-08  2.906954E-08  3.845626E-04  5.227879E-04  3.482863E-06  2.530561E-07  3.283019E-07  1.504549E-07
 3.461500E+02  8.075061E-02  7.743264E-06  9.917663E-11  1.327295E-10  1.483017E-10  1.800980E-10  1.493606E-01  4.689889E-05  2.529001E-08  7.258041E-01  4.591145E-03  4.858179E-05  6.341218E-06  2.866323E-04  5.438003E-09  2.154778E-08  2.179351E-09  3.819346E-02  4.491848E-06  3.396989E-08  2.837578E-08  3.794096E-04  5.157863E-04  3.322342E-06  2.412765E-07  3.131070E-07  1.448356E-07
 3.471500E+02  8.094954E-02  7.703235E-06  9.719280E-11  1.301016E-10  1.453721E-10  1.765753E-10  1.493691E-01  4.624557E-05  2.410296E-08  7.260707E-01  4.530207E-03  4.636122E-05  6.200507E-06  2.830599E-04  5.229846E-09  2.076555E-08  2.119473E-09  3.779938E-02  4.333594E-06  3.318085E-08  2.770175E-08  3.743583E-04  5.089231E-04  3.170126E-06  2.301129E-07  2.987029E-07  1.394564E-07
 3.481500E+02  8.114553E-02  7.663358E-06  9.525533E-11  1.275345E-10  1.425101E-10  1.731331E-10  1.493774E-01  4.560568E-05  2.297856E-08  7.263329E-01  4.470444E-03  4.425443E-05  6.063795E-06  2.795493E-04  5.030804E-09  2.001605E-08  2.061530E-09  3.741108E-02  4.181750E-06  3.241372E-08  2.704680E-08  3.694063E-04  5.021948E-04  3.025743E-06  2.195300E-07  2.850444E-07  1.343060E-07
 3.491500E+02  8.133866E-02  7.623641E-06  9.336309E-11  1.250267E-10  1.397142E-10  1.697697E-10  1.493855E-01  4.497886E-05  2.191317E-08  7.265908E-01  4.411829E-03  4.225502E-05  5.930948E-06  2.760993E-04  4.840430E-09  1.929775E-08  2.005450E-09  3.702847E-02  4.036027E-06  3.166784E-08  2.641036E-08  3.645511E-04  4.955982E-04  2.888749E-06  2.094945E-07  2.720889E-07  1.293734E-07
 3.501500E+02  8.152895E-02  7.584090E-06  9.151499E-11  1.225769E-10  1.369827E-10  1.664830E-10  1.493935E-01  4.436479E-05  2.090338E-08  7.268447E-01  4.354333E-03  4.035698E-05  5.801839E-06  2.727086E-04  4.658307E-09  1.860920E-08  1.951169E-09  3.665145E-02  3.896150E-06  3.094256E-08  2.579183E-08  3.597904E-04  4.891301E-04  2.758727E-06  1.999751E-07  2.597964E-07  1.246485E-07
 3.511500E+02  8.171645E-02  7.544712E-06  8.970993E-11  1.201837E-10  1.343142E-10  1.632713E-10  1.494013E-01  4.376314E-05  1.994598E-08  7.270944E-01  4.297931E-03  3.855464E-05  5.676343E-06  2.693760E-04  4.484037E-09  1.794901E-08  1.898620E-09  3.627995E-02  3.761859E-06  3.023723E-08  2.519065E-08  3.551218E-04  4.827873E-04  2.635287E-06  1.909427E-07  2.481297E-07  1.201216E-07
 3.521500E+02  8.190122E-02  7.505513E-06  8.794688E-11  1.178455E-10  1.317070E-10  1.601329E-10  1.494090E-01  4.317359E-05  1.903797E-08  7.273402E-01  4.242598E-03  3.684270E-05  5.554340E-06  2.661005E-04  4.317242E-09  1.731590E-08  1.847744E-09  3.591387E-02  3.632903E-06  2.955126E-08  2.460628E-08  3.505432E-04  4.765668E-04  2.518062E-06  1.823697E-07  2.370535E-07  1.157834E-07
 3.531500E+02  8.208328E-02  7.466498E-06  8.622481E-11  1.155612E-10  1.291597E-10  1.570659E-10  1.494166E-01  4.259585E-05  1.817655E-08  7.275821E-01  4.188308E-03  3.521616E-05  5.435716E-06  2.628809E-04  4.157566E-09  1.670861E-08  1.798479E-09  3.555312E-02  3.509048E-06  2.888404E-08  2.403819E-08  3.460524E-04  4.704657E-04  2.406707E-06  1.742303E-07  2.265348E-07  1.116251E-07
 3.541500E+02  8.226269E-02  7.427674E-06  8.454270E-11  1.133295E-10  1.266708E-10  1.540686E-10  1.494240E-01  4.202962E-05  1.735908E-08  7.278201E-01  4.135036E-03  3.367035E-05  5.320359E-06  2.597160E-04  4.004670E-09  1.612596E-08  1.750769E-09  3.519763E-02  3.390068E-06  2.823500E-08  2.348588E-08  3.416473E-04  4.644812E-04  2.300897E-06  1.665005E-07  2.165427E-07  1.076385E-07
 3.551500E+02  8.243949E-02  7.389044E-06  8.289957E-11  1.111490E-10  1.242390E-10  1.511394E-10  1.494312E-01  4.147461E-05  1.658308E-08  7.280544E-01  4.082760E-03  3.220085E-05  5.208165E-06  2.566049E-04  3.858234E-09  1.556685E-08  1.704559E-09  3.484730E-02  3.275748E-06  2.760359E-08  2.294886E-08  3.373259E-04  4.586103E-04  2.200329E-06  1.591573E-07  2.070480E-07  1.038156E-07
 3.561500E+02  8.261372E-02  7.350614E-06  8.129448E-11  1.090184E-10  1.218628E-10  1.482767E-10  1.494383E-01  4.093054E-05  1.584623E-08  7.282850E-01  4.031456E-03  3.080350E-05  5.099029E-06  2.535465E-04  3.717953E-09  1.503020E-08  1.659796E-09  3.450205E-02  3.165886E-06  2.698927E-08  2.242665E-08  3.330861E-04  4.528506E-04  2.104715E-06  1.521796E-07  1.980235E-07  1.001490E-07
 3.571500E+02  8.278543E-02  7.312389E-06  7.972647E-11  1.069367E-10  1.195409E-10  1.454788E-10  1.494453E-01  4.039714E-05  1.514635E-08  7.285119E-01  3.981101E-03  2.947441E-05  4.992854E-06  2.505397E-04  3.583540E-09  1.451500E-08  1.616429E-09  3.416180E-02  3.060287E-06  2.639152E-08  2.191880E-08  3.289261E-04  4.471992E-04  2.013787E-06  1.455471E-07  1.894433E-07  9.663153E-08
 3.581500E+02  8.295464E-02  7.274372E-06  7.819463E-11  1.049025E-10  1.172720E-10  1.427442E-10  1.494522E-01  3.987415E-05  1.448138E-08  7.287353E-01  3.931675E-03  2.820989E-05  4.889544E-06  2.475835E-04  3.454720E-09  1.402029E-08  1.574410E-09  3.382648E-02  2.958765E-06  2.580985E-08  2.142487E-08  3.248440E-04  4.416537E-04  1.927291E-06  1.392410E-07  1.812833E-07  9.325642E-08
 3.591500E+02  8.312141E-02  7.236568E-06  7.669808E-11  1.029148E-10  1.150548E-10  1.400713E-10  1.494589E-01  3.936131E-05  1.384940E-08  7.289552E-01  3.883156E-03  2.700650E-05  4.789007E-06  2.446769E-04  3.331233E-09  1.354516E-08  1.533690E-09  3.349599E-02  2.861145E-06  2.524376E-08  2.094441E-08  3.208379E-04  4.362116E-04  1.844988E-06  1.332436E-07  1.735208E-07  9.001725E-08
 3.601500E+02  8.328577E-02  7.198980E-06  7.523593E-11  1.009723E-10  1.128880E-10  1.374587E-10  1.494655E-01  3.885839E-05  1.324861E-08  7.291717E-01  3.835523E-03  2.586097E-05  4.691156E-06  2.418189E-04  3.212833E-09  1.308874E-08  1.494226E-09  3.317027E-02  2.767260E-06  2.469279E-08  2.047703E-08  3.169061E-04  4.308705E-04  1.766654E-06  1.275382E-07  1.661343E-07  8.690790E-08
 3.611500E+02  8.344776E-02  7.161612E-06  7.380734E-11  9.907407E-11  1.107704E-10  1.349049E-10  1.494720E-01  3.836513E-05  1.267730E-08  7.293849E-01  3.788756E-03  2.477023E-05  4.595905E-06  2.390087E-04  3.099287E-09  1.265020E-08  1.455974E-09  3.284924E-02  2.676949E-06  2.415648E-08  2.002232E-08  3.130469E-04  4.256280E-04  1.692077E-06  1.221091E-07  1.591037E-07  8.392256E-08
 3.621500E+02  8.360742E-02  7.124467E-06  7.241147E-11  9.721890E-11  1.087007E-10  1.324084E-10  1.494784E-01  3.788130E-05  1.213386E-08  7.295947E-01  3.742836E-03  2.373138E-05  4.503173E-06  2.362452E-04  2.990371E-09  1.222876E-08  1.418891E-09  3.253281E-02  2.590059E-06  2.363439E-08  1.957989E-08  3.092586E-04  4.204819E-04  1.621059E-06  1.169414E-07  1.524100E-07  8.105570E-08
 3.631500E+02  8.376479E-02  7.087548E-06  7.104752E-11  9.540578E-11  1.066779E-10  1.299680E-10  1.494846E-01  3.740668E-05  1.161680E-08  7.298013E-01  3.697744E-03  2.274172E-05  4.412879E-06  2.335276E-04  2.885875E-09  1.182366E-08  1.382937E-09  3.222092E-02  2.506447E-06  2.312610E-08  1.914937E-08  3.055396E-04  4.154299E-04  1.553412E-06  1.120212E-07  1.460353E-07  7.830207E-08
 3.641500E+02  8.391990E-02  7.050857E-06  6.971469E-11  9.363366E-11  1.047008E-10  1.275821E-10  1.494907E-01  3.694106E-05  1.112470E-08  7.300048E-01  3.653461E-03  2.179865E-05  4.324949E-06  2.308549E-04  2.785598E-09  1.143420E-08  1.348074E-09  3.191350E-02  2.425972E-06  2.263119E-08  1.873039E-08  3.018882E-04  4.104700E-04  1.488958E-06  1.073354E-07  1.399628E-07  7.565667E-08
 3.651500E+02  8.407280E-02  7.014398E-06  6.841222E-11  9.190155E-11  1.027681E-10  1.252496E-10  1.494968E-01  3.648420E-05  1.065621E-08  7.302051E-01  3.609969E-03  2.089977E-05  4.239308E-06  2.282263E-04  2.689349E-09  1.105970E-08  1.314264E-09  3.161046E-02  2.348504E-06  2.214926E-08  1.832261E-08  2.983030E-04  4.055999E-04  1.427531E-06  1.028717E-07  1.341766E-07  7.311473E-08
 3.661500E+02  8.422351E-02  6.978171E-06  6.713935E-11  9.020847E-11  1.008790E-10  1.229691E-10  1.495027E-01  3.603591E-05  1.021010E-08  7.304023E-01  3.567251E-03  2.004277E-05  4.155886E-06  2.256409E-04  2.596948E-09  1.069951E-08  1.281471E-09  3.131175E-02  2.273915E-06  2.167994E-08  1.792569E-08  2.947824E-04  4.008176E-04  1.368973E-06  9.861831E-08  1.286618E-07  7.067173E-08
 3.671500E+02  8.437208E-02  6.942181E-06  6.589534E-11  8.855345E-11  9.903223E-11  1.207394E-10  1.495085E-01  3.559599E-05  9.785166E-09  7.305966E-01  3.525289E-03  1.922551E-05  4.074614E-06  2.230980E-04  2.508222E-09  1.035302E-08  1.249661E-09  3.101728E-02  2.202087E-06  2.122284E-08  1.753931E-08  2.913250E-04  3.961212E-04  1.313137E-06  9.456437E-08  1.234042E-07  6.832335E-08
 3.681500E+02  8.451853E-02  6.906428E-06  6.467948E-11  8.693555E-11  9.722683E-11  1.185592E-10  1.495142E-01  3.516423E-05  9.380301E-09  7.307879E-01  3.484067E-03  1.844595E-05  3.995426E-06  2.205966E-04  2.423008E-09  1.001963E-08  1.218800E-09  3.072699E-02  2.132904E-06  2.077761E-08  1.716313E-08  2.879293E-04  3.915087E-04  1.259882E-06  9.069948E-08  1.183906E-07  6.606549E-08
 3.691500E+02  8.466291E-02  6.870914E-06  6.349108E-11  8.535388E-11  9.546176E-11  1.164273E-10  1.495198E-01  3.474045E-05  8.994454E-09  7.309763E-01  3.443568E-03  1.770216E-05  3.918260E-06  2.181359E-04  2.341149E-09  9.698798E-09  1.188856E-09  3.044082E-02  2.066256E-06  2.034389E-08  1.679686E-08  2.845941E-04  3.869783E-04  1.209075E-06  8.701386E-08  1.136084E-07  6.389423E-08
 3.701500E+02  8.480525E-02  6.835641E-06  6.232945E-11  8.380754E-11  9.373605E-11  1.143425E-10  1.495253E-01  3.432446E-05  8.626634E-09  7.311619E-01  3.403778E-03  1.699233E-05  3.843052E-06  2.157153E-04  2.262498E-09  9.389982E-09  1.159799E-09  3.015869E-02  2.002040E-06  1.992135E-08  1.644021E-08  2.813178E-04  3.825281E-04  1.160594E-06  8.349829E-08  1.090457E-07  6.180586E-08
 3.711500E+02  8.494557E-02  6.800610E-06  6.119393E-11  8.229565E-11  9.204873E-11  1.123037E-10  1.495308E-01  3.391608E-05  8.275906E-09  7.313447E-01  3.364679E-03  1.631474E-05  3.769744E-06  2.133338E-04  2.186913E-09  9.092679E-09  1.131598E-09  2.988054E-02  1.940156E-06  1.950966E-08  1.609287E-08  2.780993E-04  3.781563E-04  1.114318E-06  8.014407E-08  1.046914E-07  5.979682E-08
 3.721500E+02  8.508391E-02  6.765823E-06  6.008387E-11  8.081739E-11  9.039885E-11  1.103099E-10  1.495361E-01  3.351514E-05  7.941388E-09  7.315248E-01  3.326258E-03  1.566777E-05  3.698279E-06  2.109909E-04  2.114261E-09  8.806403E-09  1.104226E-09  2.960630E-02  1.880508E-06  1.910850E-08  1.575459E-08  2.749372E-04  3.738612E-04  1.070138E-06  7.694299E-08  1.005349E-07  5.786372E-08
 3.731500E+02  8.522031E-02  6.731280E-06  5.899864E-11  7.937192E-11  8.878551E-11  1.083598E-10  1.495413E-01  3.312146E-05  7.622249E-09  7.317021E-01  3.288500E-03  1.504989E-05  3.628601E-06  2.086856E-04  2.044414E-09  8.530693E-09  1.077653E-09  2.933592E-02  1.823005E-06  1.871757E-08  1.542508E-08  2.718303E-04  3.696411E-04  1.027947E-06  7.388728E-08  9.656623E-08  5.600336E-08
