#         T/K            c1          c2-1          c3-4          c3-5          c3-7          c3-9            m1          m2-1          m3-1            w1            w2          w3-1          w3-2          c1m1        c1m2-1        c1m2-7        c2m1-1        c1w1-2        c1w2-1        c2w1-1        c2w1-9        m1w1-1        m1w1-4        m1w2-1        m2w1-1        m2w1-3      c1m1w1-1
 2.731500E+02  3.028965E-01  2.973960E-04  7.730953E-08  1.014706E-07  1.128941E-07  1.346122E-07  4.894071E-01  1.973226E-03  8.587027E-05  1.095066E-01  4.030766E-04  1.509037E-05  2.117340E-07  1.519258E-02  1.164350E-05  3.820601E-05  2.405555E-06  7.836018E-02  1.585278E-05  1.180638E-06  1.036725E-06  7.092216E-04  9.654418E-04  2.222938E-05  3.597166E-05  4.555859E-05  1.303748E-05
 2.741500E+02  3.036725E-01  2.934046E-04  7.417351E-08  9.738749E-08  1.083594E-07  1.292459E-07  4.896573E-01  1.927094E-03  7.931514E-05  1.101255E-01  3.978978E-04  1.417790E-05  2.066619E-07  1.484072E-02  1.088511E-05  3.583319E-05  2.284236E-06  7.717141E-02  1.504231E-05  1.134374E-06  9.952416E-07  6.967102E-04  9.483502E-04  2.077787E-05  3.343018E-05  4.235663E-05  1.227231E-05
 2.751500E+02  3.044332E-01  2.894843E-04  7.118346E-08  9.349307E-08  1.040339E-07  1.241255E-07  4.898994E-01  1.882375E-03  7.330412E-05  1.107339E-01  3.927646E-04  1.332373E-05  2.017055E-07  1.449929E-02  1.018114E-05  3.362355E-05  2.169822E-06  7.600248E-02  1.427653E-05  1.090143E-06  9.556158E-07  6.844594E-04  9.316174E-04  1.942795E-05  3.108293E-05  3.939822E-05  1.155626E-05
 2.761500E+02  3.051789E-01  2.856338E-04  6.833188E-08  8.977771E-08  9.990703E-08  1.192386E-07  4.901339E-01  1.839021E-03  6.778869E-05  1.113319E-01  3.876785E-04  1.252397E-05  1.968634E-07  1.416792E-02  9.527354E-06  3.156489E-05  2.061879E-06  7.485316E-02  1.355286E-05  1.047846E-06  9.177576E-07  6.724642E-04  9.152363E-04  1.817209E-05  2.891404E-05  3.666355E-05  1.088593E-05
 2.771500E+02  3.059099E-01  2.818519E-04  6.561165E-08  8.623229E-08  9.596859E-08  1.145735E-07  4.903611E-01  1.796981E-03  6.272496E-05  1.119195E-01  3.826407E-04  1.177502E-05  1.921339E-07  1.384627E-02  8.919871E-06  2.964598E-05  1.960006E-06  7.372324E-02  1.286884E-05  1.007393E-06  8.815820E-07  6.607194E-04  8.991998E-04  1.700336E-05  2.690903E-05  3.413453E-05  1.025818E-05
 2.781500E+02  3.066264E-01  2.781373E-04  6.301607E-08  8.284819E-08  9.220908E-08  1.101189E-07  4.905812E-01  1.756209E-03  5.807314E-05  1.124969E-01  3.776524E-04  1.107352E-05  1.875154E-07  1.353401E-02  8.355136E-06  2.785650E-05  1.863827E-06  7.261249E-02  1.222219E-05  9.686969E-07  8.470081E-07  6.492202E-04  8.835009E-04  1.591536E-05  2.505465E-05  3.179461E-05  9.670100E-06
 2.791500E+02  3.073288E-01  2.744887E-04  6.053882E-08  7.961729E-08  8.861947E-08  1.058642E-07  4.907945E-01  1.716659E-03  5.379720E-05  1.130643E-01  3.727148E-04  1.041634E-05  1.830062E-07  1.323083E-02  7.829883E-06  2.618693E-05  1.772990E-06  7.152068E-02  1.161074E-05  9.316752E-07  8.139593E-07  6.379615E-04  8.681328E-04  1.490218E-05  2.333880E-05  2.962866E-05  9.118995E-06
 2.801500E+02  3.080173E-01  2.709051E-04  5.817391E-08  7.653187E-08  8.519126E-08  1.017997E-07  4.910013E-01  1.678289E-03  4.986445E-05  1.136218E-01  3.678288E-04  9.800546E-06  1.786046E-07  1.293642E-02  7.341115E-06  2.462853E-05  1.687170E-06  7.044757E-02  1.103245E-05  8.962496E-07  7.823627E-07  6.269385E-04  8.530884E-04  1.395837E-05  2.175041E-05  2.762283E-05  8.602358E-06
 2.811500E+02  3.086922E-01  2.673851E-04  5.591568E-08  7.358466E-08  8.191637E-08  9.791570E-08  4.912019E-01  1.641056E-03  4.624526E-05  1.141696E-01  3.629953E-04  9.223428E-06  1.743088E-07  1.265047E-02  6.886079E-06  2.317322E-05  1.606060E-06  6.939293E-02  1.048544E-05  8.623453E-07  7.521490E-07  6.161463E-04  8.383612E-04  1.307888E-05  2.027932E-05  2.576444E-05  8.117866E-06
 2.821500E+02  3.093538E-01  2.639276E-04  5.375879E-08  7.076879E-08  7.878719E-08  9.420342E-08  4.913964E-01  1.604922E-03  4.291269E-05  1.147077E-01  3.582150E-04  8.682443E-06  1.701169E-07  1.237272E-02  6.462245E-06  2.181356E-05  1.529375E-06  6.835652E-02  9.967894E-06  8.298916E-07  7.232527E-07  6.055801E-04  8.239444E-04  1.225906E-05  1.891626E-05  2.404187E-05  7.663361E-06
 2.831500E+02  3.100023E-01  2.605315E-04  5.169818E-08  6.807774E-08  7.579651E-08  9.065437E-08  4.915851E-01  1.569846E-03  3.984229E-05  1.152363E-01  3.534885E-04  8.175225E-06  1.660271E-07  1.210288E-02  6.067286E-06  2.054269E-05  1.456849E-06  6.733808E-02  9.478135E-06  7.988209E-07  6.956114E-07  5.952352E-04  8.098314E-04  1.149461E-05  1.765273E-05  2.244449E-05  7.236842E-06
 2.841500E+02  3.106380E-01  2.571955E-04  4.972907E-08  6.550535E-08  7.293750E-08  8.726057E-08  4.917683E-01  1.535793E-03  3.701184E-05  1.157556E-01  3.488166E-04  7.699567E-06  1.620375E-07  1.184069E-02  5.699062E-06  1.935428E-05  1.388232E-06  6.633738E-02  9.014576E-06  7.690692E-07  6.691657E-07  5.851069E-04  7.960159E-04  1.078156E-05  1.648094E-05  2.096252E-05  6.836446E-06
 2.851500E+02  3.112611E-01  2.539186E-04  4.784693E-08  6.304581E-08  7.020371E-08  8.401445E-08  4.919461E-01  1.502727E-03  3.440111E-05  1.162657E-01  3.441996E-04  7.253412E-06  1.581462E-07  1.158590E-02  5.355603E-06  1.824249E-05  1.323292E-06  6.535415E-02  8.575727E-06  7.405755E-07  6.438594E-07  5.751908E-04  7.824913E-04  1.011623E-05  1.539373E-05  1.958703E-05  6.460447E-06
 2.861500E+02  3.118719E-01  2.506997E-04  4.604750E-08  6.069359E-08  6.758903E-08  8.090885E-08  4.921187E-01  1.470614E-03  3.199171E-05  1.167668E-01  3.396380E-04  6.834839E-06  1.543512E-07  1.133826E-02  5.035096E-06  1.720191E-05  1.261811E-06  6.438815E-02  8.160185E-06  7.132819E-07  6.196390E-07  5.654821E-04  7.692514E-04  9.495230E-06  1.438456E-05  1.830979E-05  6.107236E-06
 2.871500E+02  3.124707E-01  2.475377E-04  4.432672E-08  5.844348E-08  6.508767E-08  7.793698E-08  4.922863E-01  1.439421E-03  2.976689E-05  1.172589E-01  3.351321E-04  6.442059E-06  1.506507E-07  1.109754E-02  4.735870E-06  1.622756E-05  1.203584E-06  6.343912E-02  7.766630E-06  6.871333E-07  5.964537E-07  5.559766E-04  7.562901E-04  8.915408E-06  1.344741E-05  1.712328E-05  5.775321E-06
 2.881500E+02  3.130577E-01  2.444314E-04  4.268075E-08  5.629052E-08  6.269415E-08  7.509240E-08  4.924490E-01  1.409117E-03  2.771138E-05  1.177423E-01  3.306821E-04  6.073402E-06  1.470427E-07  1.086351E-02  4.456385E-06  1.531483E-05  1.148422E-06  6.250680E-02  7.393821E-06  6.620772E-07  5.742552E-07  5.466698E-04  7.436013E-04  8.373859E-06  1.257676E-05  1.602055E-05  5.463312E-06
 2.891500E+02  3.136331E-01  2.413799E-04  4.110596E-08  5.423003E-08  6.040328E-08  7.236904E-08  4.926072E-01  1.379671E-03  2.581126E-05  1.182170E-01  3.262883E-04  5.727311E-06  1.435253E-07  1.063595E-02  4.195220E-06  1.445945E-05  1.096145E-06  6.159095E-02  7.040592E-06  6.380637E-07  5.529976E-07  5.375574E-04  7.311790E-04  7.867889E-06  1.176754E-05  1.499526E-05  5.169917E-06
 2.901500E+02  3.141972E-01  2.383821E-04  3.959892E-08  5.225757E-08  5.821013E-08  6.976111E-08  4.927609E-01  1.351054E-03  2.405386E-05  1.186833E-01  3.219508E-04  5.402332E-06  1.400966E-07  1.041465E-02  3.951066E-06  1.365748E-05  1.046587E-06  6.069131E-02  6.705843E-06  6.150453E-07  5.326373E-07  5.286352E-04  7.190173E-04  7.395008E-06  1.101509E-05  1.404156E-05  4.893932E-06
 2.911500E+02  3.147502E-01  2.354370E-04  3.815637E-08  5.036895E-08  5.611005E-08  6.726314E-08  4.929102E-01  1.323239E-03  2.242757E-05  1.191412E-01  3.176697E-04  5.097108E-06  1.367546E-07  1.019941E-02  3.722714E-06  1.290526E-05  9.995896E-07  5.980762E-02  6.388540E-06  5.929770E-07  5.131328E-07  5.198991E-04  7.071106E-04  6.952906E-06  1.031512E-05  1.315406E-05  4.634239E-06
 2.921500E+02  3.152923E-01  2.325436E-04  3.677522E-08  4.856016E-08  5.409862E-08  6.486994E-08  4.930554E-01  1.296198E-03  2.092183E-05  1.195908E-01  3.134449E-04  4.810374E-06  1.334974E-07  9.990040E-03  3.509047E-06  1.219942E-05  9.550070E-07  5.893963E-02  6.087711E-06  5.718156E-07  4.944447E-07  5.113449E-04  6.954531E-04  6.539444E-06  9.663706E-06  1.232782E-05  4.389793E-06
 2.931500E+02  3.158238E-01  2.297009E-04  3.545255E-08  4.682744E-08  5.217164E-08  6.257659E-08  4.931965E-01  1.269905E-03  1.952698E-05  1.200324E-01  3.092764E-04  4.540949E-06  1.303232E-07  9.786340E-03  3.309034E-06  1.153681E-05  9.127012E-07  5.808708E-02  5.802438E-06  5.515203E-07  4.765355E-07  5.029687E-04  6.840393E-04  6.152643E-06  9.057210E-06  1.155829E-05  4.159625E-06
 2.941500E+02  3.163449E-01  2.269079E-04  3.418558E-08  4.516720E-08  5.032515E-08  6.037841E-08  4.933338E-01  1.244336E-03  1.823418E-05  1.204661E-01  3.051642E-04  4.287729E-06  1.272301E-07  9.588134E-03  3.121720E-06  1.091452E-05  8.725431E-07  5.724972E-02  5.531861E-06  5.320522E-07  4.593696E-07  4.947665E-04  6.728638E-04  5.790663E-06  8.492301E-06  1.084127E-05  3.942828E-06
 2.951500E+02  3.168558E-01  2.241636E-04  3.297169E-08  4.357604E-08  4.855537E-08  5.827098E-08  4.934673E-01  1.219467E-03  1.703534E-05  1.208920E-01  3.011081E-04  4.049686E-06  1.242161E-07  9.395247E-03  2.946226E-06  1.032988E-05  8.344114E-07  5.642730E-02  5.275165E-06  5.133742E-07  4.429130E-07  4.867345E-04  6.619213E-04  5.451804E-06  7.965907E-06  1.017290E-05  3.738560E-06
 2.961500E+02  3.173566E-01  2.214672E-04  3.180837E-08  4.205073E-08  4.685873E-08  5.625009E-08  4.935971E-01  1.195274E-03  1.592308E-05  1.213102E-01  2.971078E-04  3.825857E-06  1.212795E-07  9.207508E-03  2.781734E-06  9.780373E-06  7.981925E-07  5.561958E-02  5.031587E-06  4.954511E-07  4.271336E-07  4.788690E-04  6.512065E-04  5.134484E-06  7.475197E-06  9.549619E-06  3.546033E-06
 2.971500E+02  3.178477E-01  2.188178E-04  3.069328E-08  4.058821E-08  4.523183E-08  5.431175E-08  4.937235E-01  1.171735E-03  1.489062E-05  1.217208E-01  2.931633E-04  3.615345E-06  1.184183E-07  9.024756E-03  2.627490E-06  9.263684E-06  7.637796E-07  5.482629E-02  4.800407E-06  4.782491E-07  4.120006E-07  4.711661E-04  6.407144E-04  4.837240E-06  7.017563E-06  8.968152E-06  3.364513E-06
 2.981500E+02  3.183292E-01  2.162143E-04  2.962415E-08  3.918559E-08  4.367145E-08  5.245216E-08  4.938464E-01  1.148829E-03  1.393176E-05  1.221241E-01  2.892741E-04  3.417310E-06  1.156310E-07  8.846834E-03  2.482796E-06  8.777658E-06  7.310723E-07  5.404719E-02  4.580945E-06  4.617363E-07  3.974849E-07  4.636223E-04  6.304399E-04  4.558710E-06  6.590600E-06  8.425469E-06  3.193317E-06
 2.991500E+02  3.188013E-01  2.136559E-04  2.859887E-08  3.784009E-08  4.217454E-08  5.066773E-08  4.939661E-01  1.126536E-03  1.304081E-05  1.225201E-01  2.854401E-04  3.230970E-06  1.129155E-07  8.673590E-03  2.347004E-06  8.320294E-06  6.999767E-07  5.328204E-02  4.372562E-06  4.458823E-07  3.835587E-07  4.562341E-04  6.203781E-04  4.297633E-06  6.192091E-06  7.918777E-06  3.031804E-06
 3.001500E+02  3.192643E-01  2.111419E-04  2.761541E-08  3.654911E-08  4.073818E-08  4.895503E-08  4.940826E-01  1.104835E-03  1.221256E-05  1.229090E-01  2.816609E-04  3.055592E-06  1.102702E-07  8.504878E-03  2.219514E-06  7.889734E-06  6.704041E-07  5.253060E-02  4.174655E-06  4.306580E-07  3.701956E-07  4.489978E-04  6.105242E-04  4.052837E-06  5.819988E-06  7.445499E-06  2.879379E-06
 3.011500E+02  3.197182E-01  2.086712E-04  2.667185E-08  3.531016E-08  3.935963E-08  4.731083E-08  4.941961E-01  1.083708E-03  1.144222E-05  1.232908E-01  2.779361E-04  2.890491E-06  1.076934E-07  8.340557E-03  2.099769E-06  7.484249E-06  6.422713E-07  5.179262E-02  3.986658E-06  4.160358E-07  3.573703E-07  4.419103E-04  6.008736E-04  3.823233E-06  5.472402E-06  7.003254E-06  2.735485E-06
 3.021500E+02  3.201634E-01  2.062430E-04  2.576637E-08  3.412087E-08  3.803625E-08  4.573202E-08  4.943065E-01  1.063136E-03  1.072539E-05  1.236658E-01  2.742653E-04  2.735030E-06  1.051834E-07  8.180491E-03  1.987254E-06  7.102232E-06  6.155002E-07  5.106786E-02  3.808034E-06  4.019893E-07  3.450591E-07  4.349680E-04  5.914215E-04  3.607809E-06  5.147587E-06  6.589842E-06  2.599601E-06
 3.031500E+02  3.205999E-01  2.038567E-04  2.489723E-08  3.297901E-08  3.676557E-08  4.421568E-08  4.944141E-01  1.043102E-03  1.005805E-05  1.240340E-01  2.706481E-04  2.588609E-06  1.027385E-07  8.024549E-03  1.881490E-06  6.742185E-06  5.900172E-07  5.035610E-02  3.638279E-06  3.884933E-07  3.332390E-07  4.281677E-04  5.821636E-04  3.405625E-06  4.843932E-06  6.203231E-06  2.471241E-06
 3.041500E+02  3.210280E-01  2.015112E-04  2.406280E-08  3.188243E-08  3.554521E-08  4.275902E-08  4.945189E-01  1.023588E-03  9.436488E-06  1.243956E-01  2.670841E-04  2.450670E-06  1.003570E-07  7.872604E-03  1.782032E-06  6.402718E-06  5.657531E-07  4.965709E-02  3.476917E-06  3.755241E-07  3.218883E-07  4.215063E-04  5.730954E-04  3.215809E-06  4.559945E-06  5.841542E-06  2.349951E-06
 3.051500E+02  3.214478E-01  1.992059E-04  2.326150E-08  3.082911E-08  3.437292E-08  4.135938E-08  4.946211E-01  1.004578E-03  8.857286E-06  1.247506E-01  2.635728E-04  2.320690E-06  9.803735E-08  7.724535E-03  1.688468E-06  6.082533E-06  5.426426E-07  4.897061E-02  3.323500E-06  3.630587E-07  3.109865E-07  4.149805E-04  5.642126E-04  3.037545E-06  4.294250E-06  5.503037E-06  2.235304E-06
 3.061500E+02  3.218596E-01  1.969400E-04  2.249186E-08  2.981712E-08  3.324656E-08  4.001424E-08  4.947206E-01  9.860559E-04  8.317310E-06  1.250993E-01  2.601138E-04  2.198180E-06  9.577798E-08  7.580222E-03  1.600414E-06  5.780422E-06  5.206246E-07  4.829643E-02  3.177603E-06  3.510754E-07  3.005137E-07  4.085874E-04  5.555110E-04  2.870080E-06  4.045571E-06  5.186106E-06  2.126905E-06
 3.071500E+02  3.222634E-01  1.947126E-04  2.175245E-08  2.884464E-08  3.216410E-08  3.872120E-08  4.948175E-01  9.680071E-04  7.813674E-06  1.254417E-01  2.567064E-04  2.082683E-06  9.357734E-08  7.439553E-03  1.517514E-06  5.495261E-06  4.996411E-07  4.763432E-02  3.038829E-06  3.395536E-07  2.904513E-07  4.023240E-04  5.469865E-04  2.712709E-06  3.812729E-06  4.889260E-06  2.024381E-06
 3.081500E+02  3.226596E-01  1.925231E-04  2.104194E-08  2.790990E-08  3.112360E-08  3.747797E-08  4.949120E-01  9.504165E-04  7.343717E-06  1.257779E-01  2.533503E-04  1.973771E-06  9.143389E-08  7.302417E-03  1.439435E-06  5.225998E-06  4.796379E-07  4.698407E-02  2.906800E-06  3.284734E-07  2.807813E-07  3.961872E-04  5.386351E-04  2.564778E-06  3.594631E-06  4.611121E-06  1.927383E-06
 3.091500E+02  3.230481E-01  1.903707E-04  2.035905E-08  2.701126E-08  3.012323E-08  3.628239E-08  4.950042E-01  9.332700E-04  6.904990E-06  1.261081E-01  2.500449E-04  1.871044E-06  8.934616E-08  7.168708E-03  1.365870E-06  4.971656E-06  4.605636E-07  4.634544E-02  2.781161E-06  3.178159E-07  2.714868E-07  3.901744E-04  5.304527E-04  2.425677E-06  3.390266E-06  4.350411E-06  1.835587E-06
 3.101500E+02  3.234292E-01  1.882548E-04  1.970257E-08  2.614714E-08  2.916122E-08  3.513238E-08  4.950940E-01  9.165538E-04  6.495236E-06  1.264324E-01  2.467896E-04  1.774126E-06  8.731270E-08  7.038323E-03  1.296532E-06  4.731321E-06  4.423699E-07  4.571823E-02  2.661575E-06  3.075633E-07  2.625515E-07  3.842826E-04  5.224357E-04  2.294838E-06  3.198697E-06  4.105946E-06  1.748686E-06
 3.111500E+02  3.238031E-01  1.861745E-04  1.907133E-08  2.531604E-08  2.823592E-08  3.402597E-08  4.951817E-01  9.002550E-04  6.112372E-06  1.267508E-01  2.435839E-04  1.682668E-06  8.533206E-08  6.911164E-03  1.231153E-06  4.504141E-06  4.250112E-07  4.510223E-02  2.547727E-06  2.976984E-07  2.539599E-07  3.785091E-04  5.145801E-04  2.171734E-06  3.019055E-06  3.876628E-06  1.666395E-06
 3.121500E+02  3.241698E-01  1.841292E-04  1.846424E-08  2.451651E-08  2.734573E-08  3.296128E-08  4.952671E-01  8.843606E-04  5.754476E-06  1.270635E-01  2.404272E-04  1.596339E-06  8.340288E-08  6.787135E-03  1.169484E-06  4.289319E-06  4.084445E-07  4.449722E-02  2.439317E-06  2.882047E-07  2.456973E-07  3.728512E-04  5.068824E-04  2.055870E-06  2.850536E-06  3.661438E-06  1.588446E-06
 3.131500E+02  3.245296E-01  1.821182E-04  1.788024E-08  2.374721E-08  2.648913E-08  3.193654E-08  4.953505E-01  8.688585E-04  5.419776E-06  1.273707E-01  2.373190E-04  1.514834E-06  8.152377E-08  6.666143E-03  1.111294E-06  4.086112E-06  3.926294E-07  4.390299E-02  2.336063E-06  2.790667E-07  2.377496E-07  3.673064E-04  4.993390E-04  1.946787E-06  2.692391E-06  3.459433E-06  1.514588E-06
 3.141500E+02  3.248826E-01  1.801410E-04  1.731835E-08  2.300683E-08  2.566470E-08  3.095003E-08  4.954318E-01  8.537369E-04  5.106633E-06  1.276723E-01  2.342586E-04  1.437863E-06  7.969341E-08  6.548098E-03  1.056367E-06  3.893825E-06  3.775274E-07  4.331935E-02  2.237698E-06  2.702695E-07  2.301035E-07  3.618721E-04  4.919463E-04  1.844058E-06  2.543928E-06  3.269734E-06  1.444586E-06
 3.151500E+02  3.252289E-01  1.781967E-04  1.677761E-08  2.229414E-08  2.487105E-08  3.000013E-08  4.955112E-01  8.389842E-04  4.813534E-06  1.279686E-01  2.312454E-04  1.365156E-06  7.791050E-08  6.432915E-03  1.004500E-06  3.711808E-06  3.631025E-07  4.274609E-02  2.143969E-06  2.617989E-07  2.227460E-07  3.565458E-04  4.847009E-04  1.747283E-06  2.404503E-06  3.091527E-06  1.378219E-06
 3.161500E+02  3.255687E-01  1.762848E-04  1.625711E-08  2.160796E-08  2.410689E-08  2.908531E-08  4.955886E-01  8.245895E-04  4.539080E-06  1.282596E-01  2.282790E-04  1.296460E-06  7.617377E-08  6.320510E-03  9.555052E-07  3.539454E-06  3.493205E-07  4.218302E-02  2.054639E-06  2.536412E-07  2.156651E-07  3.513250E-04  4.775996E-04  1.656089E-06  2.273519E-06  2.924056E-06  1.315279E-06
 3.171500E+02  3.259021E-01  1.744046E-04  1.575600E-08  2.094717E-08  2.337096E-08  2.820407E-08  4.956642E-01  8.105422E-04  4.281979E-06  1.285454E-01  2.253586E-04  1.231539E-06  7.448199E-08  6.210803E-03  9.092079E-07  3.376194E-06  3.361493E-07  4.162994E-02  1.969482E-06  2.457835E-07  2.088491E-07  3.462074E-04  4.706389E-04  1.570129E-06  2.150420E-06  2.766618E-06  1.255573E-06
 3.181500E+02  3.262293E-01  1.725556E-04  1.527345E-08  2.031070E-08  2.266207E-08  2.735502E-08  4.957379E-01  7.968319E-04  4.041032E-06  1.288261E-01  2.224836E-04  1.170169E-06  7.283393E-08  6.103715E-03  8.654440E-07  3.221497E-06  3.235584E-07  4.108665E-02  1.888287E-06  2.382135E-07  2.022868E-07  3.411906E-04  4.638158E-04  1.489077E-06  2.034690E-06  2.618558E-06  1.198917E-06
 3.191500E+02  3.265503E-01  1.707371E-04  1.480868E-08  1.969753E-08  2.197910E-08  2.653682E-08  4.958100E-01  7.834488E-04  3.815133E-06  1.291018E-01  2.196535E-04  1.112143E-06  7.122842E-08  5.999170E-03  8.240603E-07  3.074865E-06  3.115190E-07  4.055298E-02  1.810851E-06  2.309193E-07  1.959678E-07  3.362725E-04  4.571271E-04  1.412631E-06  1.925850E-06  2.479270E-06  1.145141E-06
 3.201500E+02  3.268654E-01  1.689485E-04  1.436095E-08  1.910668E-08  2.132095E-08  2.574819E-08  4.958803E-01  7.703832E-04  3.603255E-06  1.293727E-01  2.168677E-04  1.057264E-06  6.966432E-08  5.897097E-03  7.849139E-07  2.935830E-06  3.000038E-07  4.002874E-02  1.736984E-06  2.238897E-07  1.898818E-07  3.314506E-04  4.505698E-04  1.340507E-06  1.823454E-06  2.348188E-06  1.094083E-06
 3.211500E+02  3.271746E-01  1.671893E-04  1.392954E-08  1.853723E-08  2.068662E-08  2.498790E-08  4.959490E-01  7.576259E-04  3.404449E-06  1.296387E-01  2.141255E-04  1.005350E-06  6.814050E-08  5.797424E-03  7.478712E-07  2.803957E-06  2.889873E-07  3.951375E-02  1.666507E-06  2.171138E-07  1.840192E-07  3.267230E-04  4.441409E-04  1.272441E-06  1.727085E-06  2.224785E-06  1.045593E-06
 3.221500E+02  3.274781E-01  1.654590E-04  1.351376E-08  1.798830E-08  2.007510E-08  2.425480E-08  4.960160E-01  7.451680E-04  3.217832E-06  1.299001E-01  2.114263E-04  9.562273E-07  6.665585E-08  5.700083E-03  7.128071E-07  2.678836E-06  2.784450E-07  3.900782E-02  1.599249E-06  2.105813E-07  1.783708E-07  3.220875E-04  4.378375E-04  1.208186E-06  1.636359E-06  2.108572E-06  9.995284E-07
 3.231500E+02  3.277759E-01  1.637568E-04  1.311299E-08  1.745904E-08  1.948546E-08  2.354777E-08  4.960815E-01  7.330008E-04  3.042589E-06  1.301568E-01  2.087695E-04  9.097357E-07  6.520933E-08  5.605009E-03  6.796048E-07  2.560083E-06  2.683538E-07  3.851078E-02  1.535050E-06  2.042824E-07  1.729279E-07  3.175419E-04  4.316568E-04  1.147510E-06  1.550915E-06  1.999092E-06  9.557554E-07
 3.241500E+02  3.280683E-01  1.620824E-04  1.272659E-08  1.694864E-08  1.891681E-08  2.286575E-08  4.961455E-01  7.211160E-04  2.877961E-06  1.304091E-01  2.061545E-04  8.657232E-07  6.379989E-08  5.512137E-03  6.481551E-07  2.447337E-06  2.586921E-07  3.802247E-02  1.473757E-06  1.982076E-07  1.676819E-07  3.130843E-04  4.255960E-04  1.090198E-06  1.470419E-06  1.895919E-06  9.141485E-07
 3.251500E+02  3.283553E-01  1.604351E-04  1.235398E-08  1.645634E-08  1.836829E-08  2.220774E-08  4.962081E-01  7.095056E-04  2.723246E-06  1.306569E-01  2.035807E-04  8.240474E-07  6.242652E-08  5.421406E-03  6.183554E-07  2.340261E-06  2.494392E-07  3.754270E-02  1.415226E-06  1.923480E-07  1.626248E-07  3.087128E-04  4.196525E-04  1.036048E-06  1.394557E-06  1.798659E-06  8.745896E-07
 3.261500E+02  3.286370E-01  1.588145E-04  1.199459E-08  1.598139E-08  1.783909E-08  2.157275E-08  4.962692E-01  6.981616E-04  2.577791E-06  1.309004E-01  2.010475E-04  7.845748E-07  6.108823E-08  5.332755E-03  5.901099E-07  2.238538E-06  2.405755E-07  3.707133E-02  1.359320E-06  1.866950E-07  1.577490E-07  3.044254E-04  4.138235E-04  9.848689E-07  1.323040E-06  1.706940E-06  8.369675E-07
 3.271500E+02  3.289136E-01  1.572201E-04  1.164790E-08  1.552311E-08  1.732843E-08  2.095988E-08  4.963289E-01  6.870766E-04  2.440989E-06  1.311396E-01  1.985542E-04  7.471797E-07  5.978407E-08  5.246127E-03  5.633290E-07  2.141869E-06  2.320826E-07  3.660817E-02  1.305911E-06  1.812404E-07  1.530472E-07  3.002202E-04  4.081066E-04  9.364854E-07  1.255596E-06  1.620419E-06  8.011777E-07
 3.281500E+02  3.291851E-01  1.556513E-04  1.131337E-08  1.508082E-08  1.683556E-08  2.036823E-08  4.963872E-01  6.762433E-04  2.312278E-06  1.313746E-01  1.961004E-04  7.117444E-07  5.851309E-08  5.161466E-03  5.379284E-07  2.049977E-06  2.239428E-07  3.615308E-02  1.254875E-06  1.759762E-07  1.485123E-07  2.960953E-04  4.024991E-04  8.907312E-07  1.191971E-06  1.538775E-06  7.671217E-07
 3.291500E+02  3.294517E-01  1.541076E-04  1.099053E-08  1.465388E-08  1.635977E-08  1.979696E-08  4.964443E-01  6.656546E-04  2.191132E-06  1.316055E-01  1.936853E-04  6.781579E-07  5.727440E-08  5.078718E-03  5.138293E-07  1.962597E-06  2.161397E-07  3.570589E-02  1.206097E-06  1.708949E-07  1.441377E-07  2.920491E-04  3.969988E-04  8.474512E-07  1.131930E-06  1.461706E-06  7.347067E-07
 3.301500E+02  3.297135E-01  1.525887E-04  1.067891E-08  1.424168E-08  1.590038E-08  1.924526E-08  4.965001E-01  6.553038E-04  2.077065E-06  1.318325E-01  1.913083E-04  6.463161E-07  5.606711E-08  4.997830E-03  4.909578E-07  1.879483E-06  2.086573E-07  3.526646E-02  1.159467E-06  1.659894E-07  1.399169E-07  2.880798E-04  3.916031E-04  8.065000E-07  1.075253E-06  1.388933E-06  7.038454E-07
 3.311500E+02  3.299705E-01  1.510939E-04  1.037806E-08  1.384363E-08  1.545675E-08  1.871237E-08  4.965546E-01  6.451841E-04  1.969624E-06  1.320554E-01  1.889690E-04  6.161212E-07  5.489035E-08  4.918751E-03  4.692445E-07  1.800403E-06  2.014809E-07  3.483462E-02  1.114881E-06  1.612528E-07  1.358438E-07  2.841855E-04  3.863098E-04  7.677414E-07  1.021733E-06  1.320195E-06  6.744555E-07
 3.321500E+02  3.302229E-01  1.496229E-04  1.008755E-08  1.345918E-08  1.502825E-08  1.819755E-08  4.966079E-01  6.352893E-04  1.868387E-06  1.322746E-01  1.866667E-04  5.874811E-07  5.374330E-08  4.841433E-03  4.486243E-07  1.725138E-06  1.945962E-07  3.441024E-02  1.072241E-06  1.566784E-07  1.319125E-07  2.803648E-04  3.811165E-04  7.310477E-07  9.711786E-07  1.255246E-06  6.464594E-07
 3.331500E+02  3.304707E-01  1.481752E-04  9.806977E-09  1.308780E-08  1.461429E-08  1.770010E-08  4.966601E-01  6.256131E-04  1.772961E-06  1.324899E-01  1.844007E-04  5.603093E-07  5.262512E-08  4.765827E-03  4.290362E-07  1.653484E-06  1.879897E-07  3.399317E-02  1.031452E-06  1.522600E-07  1.281176E-07  2.766159E-04  3.760211E-04  6.962992E-07  9.234099E-07  1.193859E-06  6.197840E-07
 3.341500E+02  3.307141E-01  1.467503E-04  9.535946E-09  1.272896E-08  1.421430E-08  1.721933E-08  4.967111E-01  6.161496E-04  1.682981E-06  1.327016E-01  1.821707E-04  5.345243E-07  5.153504E-08  4.691886E-03  4.104227E-07  1.585247E-06  1.816488E-07  3.358326E-02  9.924272E-07  1.479915E-07  1.244535E-07  2.729373E-04  3.710214E-04  6.633837E-07  8.782593E-07  1.135819E-06  5.943604E-07
 3.351500E+02  3.309532E-01  1.453479E-04  9.274085E-09  1.238219E-08  1.382774E-08  1.675460E-08  4.967610E-01  6.068930E-04  1.598105E-06  1.329096E-01  1.799759E-04  5.100495E-07  5.047229E-08  4.619568E-03  3.927301E-07  1.520246E-06  1.755613E-07  3.318037E-02  9.550812E-07  1.438672E-07  1.209152E-07  2.693274E-04  3.661152E-04  6.321959E-07  8.355697E-07  1.080928E-06  5.701235E-07
 3.361500E+02  3.311880E-01  1.439675E-04  9.021037E-09  1.204702E-08  1.345409E-08  1.630531E-08  4.968098E-01  5.978377E-04  1.518017E-06  1.331140E-01  1.778158E-04  4.868129E-07  4.943610E-08  4.548827E-03  3.759076E-07  1.458308E-06  1.697157E-07  3.278437E-02  9.193348E-07  1.398815E-07  1.174979E-07  2.657848E-04  3.613005E-04  6.026370E-07  7.951945E-07  1.028997E-06  5.470120E-07
 3.371500E+02  3.314186E-01  1.426087E-04  8.776460E-09  1.172299E-08  1.309285E-08  1.587084E-08  4.968576E-01  5.889782E-04  1.442418E-06  1.333150E-01  1.756898E-04  4.647465E-07  4.842577E-08  4.479622E-03  3.599077E-07  1.399273E-06  1.641011E-07  3.239513E-02  8.851122E-07  1.360291E-07  1.141966E-07  2.623078E-04  3.565754E-04  5.746144E-07  7.569962E-07  9.798525E-07  5.249680E-07
 3.381500E+02  3.316452E-01  1.412710E-04  8.540028E-09  1.140969E-08  1.274355E-08  1.545065E-08  4.969043E-01  5.803093E-04  1.371034E-06  1.335125E-01  1.735975E-04  4.437866E-07  4.744057E-08  4.411913E-03  3.446857E-07  1.342988E-06  1.587071E-07  3.201251E-02  8.523418E-07  1.323049E-07  1.110071E-07  2.588952E-04  3.519377E-04  5.480409E-07  7.208464E-07  9.333305E-07  5.039367E-07
 3.391500E+02  3.318677E-01  1.399541E-04  8.311429E-09  1.110670E-08  1.240573E-08  1.504419E-08  4.969501E-01  5.718260E-04  1.303606E-06  1.337067E-01  1.715381E-04  4.238729E-07  4.647981E-08  4.345659E-03  3.301995E-07  1.289311E-06  1.535238E-07  3.163637E-02  8.209554E-07  1.287040E-07  1.079250E-07  2.555455E-04  3.473857E-04  5.228348E-07  6.866248E-07  8.892775E-07  4.838667E-07
 3.401500E+02  3.320864E-01  1.386577E-04  8.090361E-09  1.081364E-08  1.207896E-08  1.465095E-08  4.969948E-01  5.635232E-04  1.239892E-06  1.338976E-01  1.695113E-04  4.049488E-07  4.554284E-08  4.280823E-03  3.164094E-07  1.238106E-06  1.485420E-07  3.126661E-02  7.908884E-07  1.252219E-07  1.049462E-07  2.522573E-04  3.429174E-04  4.989194E-07  6.542187E-07  8.475500E-07  4.647092E-07
 3.411500E+02  3.323012E-01  1.373812E-04  7.876541E-09  1.053011E-08  1.176282E-08  1.427041E-08  4.970387E-01  5.553963E-04  1.179669E-06  1.340852E-01  1.675165E-04  3.869610E-07  4.462900E-08  4.217367E-03  3.032784E-07  1.189246E-06  1.437527E-07  3.090308E-02  7.620795E-07  1.218541E-07  1.020667E-07  2.490293E-04  3.385309E-04  4.762225E-07  6.235225E-07  8.080132E-07  4.464180E-07
 3.421500E+02  3.325123E-01  1.361244E-04  7.669692E-09  1.025578E-08  1.145690E-08  1.390212E-08  4.970816E-01  5.474405E-04  1.122726E-06  1.342697E-01  1.655530E-04  3.698590E-07  4.373765E-08  4.155256E-03  2.907712E-07  1.142611E-06  1.391473E-07  3.054568E-02  7.344703E-07  1.185961E-07  9.928272E-08  2.458601E-04  3.342246E-04  4.546763E-07  5.944374E-07  7.705412E-07  4.289498E-07
 3.431500E+02  3.327196E-01  1.348869E-04  7.469552E-09  9.990287E-09  1.116084E-08  1.354561E-08  4.971236E-01  5.396515E-04  1.068867E-06  1.344511E-01  1.636205E-04  3.535956E-07  4.286819E-08  4.094454E-03  2.788548E-07  1.098087E-06  1.347180E-07  3.019427E-02  7.080056E-07  1.154441E-07  9.659071E-08  2.427486E-04  3.299967E-04  4.342171E-07  5.668705E-07  7.350154E-07  4.122633E-07
 3.441500E+02  3.329234E-01  1.336683E-04  7.275870E-09  9.733306E-09  1.087425E-08  1.320044E-08  4.971647E-01  5.320248E-04  1.017907E-06  1.346294E-01  1.617184E-04  3.381260E-07  4.202001E-08  4.034927E-03  2.674982E-07  1.055568E-06  1.304569E-07  2.984875E-02  6.826327E-07  1.123940E-07  9.398717E-08  2.396934E-04  3.258455E-04  4.147850E-07  5.407350E-07  7.013250E-07  3.963197E-07
 3.451500E+02  3.331237E-01  1.324682E-04  7.088404E-09  9.484522E-09  1.059679E-08  1.286621E-08  4.972050E-01  5.245563E-04  9.696757E-07  1.348048E-01  1.598462E-04  3.234080E-07  4.119254E-08  3.976644E-03  2.566720E-07  1.014951E-06  1.263569E-07  2.950900E-02  6.583018E-07  1.094420E-07  9.146879E-08  2.366933E-04  3.217692E-04  3.963236E-07  5.159492E-07  6.693658E-07  3.810822E-07
 3.461500E+02  3.333205E-01  1.312864E-04  6.906924E-09  9.243632E-09  1.032812E-08  1.254250E-08  4.972444E-01  5.172418E-04  9.240112E-07  1.349772E-01  1.580034E-04  3.094021E-07  4.038521E-08  3.919571E-03  2.463486E-07  9.761422E-07  1.224109E-07  2.917491E-02  6.349653E-07  1.065846E-07  8.903237E-08  2.337472E-04  3.177664E-04  3.787798E-07  4.924366E-07  6.390402E-07  3.665161E-07
 3.471500E+02  3.335139E-01  1.301225E-04  6.731207E-09  9.010344E-09  1.006792E-08  1.222894E-08  4.972831E-01  5.100775E-04  8.807636E-07  1.351468E-01  1.561894E-04  2.960706E-07  3.959748E-08  3.863679E-03  2.365019E-07  9.390508E-07  1.186124E-07  2.884636E-02  6.125781E-07  1.038182E-07  8.667486E-08  2.308539E-04  3.138354E-04  3.621038E-07  4.701255E-07  6.102563E-07  3.525883E-07
 3.481500E+02  3.337040E-01  1.289761E-04  6.561043E-09  8.784382E-09  9.815883E-09  1.192515E-08  4.973209E-01  5.030594E-04  8.397918E-07  1.353135E-01  1.544039E-04  2.833782E-07  3.882881E-08  3.808937E-03  2.271073E-07  9.035915E-07  1.149551E-07  2.852325E-02  5.910974E-07  1.011396E-07  8.439335E-08  2.280123E-04  3.099746E-04  3.462486E-07  4.489483E-07  5.829280E-07  3.392678E-07
 3.491500E+02  3.338909E-01  1.278470E-04  6.396227E-09  8.565477E-09  9.571704E-09  1.163078E-08  4.973580E-01  4.961838E-04  8.009640E-07  1.354775E-01  1.526463E-04  2.712915E-07  3.807869E-08  3.755315E-03  2.181417E-07  8.696838E-07  1.114329E-07  2.820548E-02  5.704823E-07  9.854551E-08  8.218502E-08  2.252212E-04  3.061827E-04  3.311700E-07  4.288418E-07  5.569744E-07  3.265250E-07
 3.501500E+02  3.340745E-01  1.267348E-04  6.236564E-09  8.353375E-09  9.335102E-09  1.134549E-08  4.973944E-01  4.894472E-04  7.641564E-07  1.356388E-01  1.509161E-04  2.597790E-07  3.734661E-08  3.702787E-03  2.095832E-07  8.372515E-07  1.080402E-07  2.789294E-02  5.506941E-07  9.603292E-08  8.004718E-08  2.224796E-04  3.024580E-04  3.168262E-07  4.097463E-07  5.323193E-07  3.143321E-07
 3.511500E+02  3.342551E-01  1.256392E-04  6.081868E-09  8.147828E-09  9.105803E-09  1.106895E-08  4.974300E-01  4.828461E-04  7.292533E-07  1.357974E-01  1.492129E-04  2.488110E-07  3.663208E-08  3.651323E-03  2.014111E-07  8.062224E-07  1.047716E-07  2.758553E-02  5.316959E-07  9.359889E-08  7.797725E-08  2.197865E-04  2.987992E-04  3.031780E-07  3.916061E-07  5.088914E-07  3.026625E-07
 3.521500E+02  3.344326E-01  1.245599E-04  5.931959E-09  7.948603E-09  8.883547E-09  1.080086E-08  4.974649E-01  4.763769E-04  6.961458E-07  1.359535E-01  1.475362E-04  2.383594E-07  3.593464E-08  3.600899E-03  1.936059E-07  7.765283E-07  1.016217E-07  2.728315E-02  5.134525E-07  9.124057E-08  7.597276E-08  2.171407E-04  2.952048E-04  2.901885E-07  3.743685E-07  4.866233E-07  2.914913E-07
 3.531500E+02  3.346071E-01  1.234967E-04  5.786664E-09  7.755472E-09  8.668080E-09  1.054090E-08  4.974991E-01  4.700365E-04  6.647321E-07  1.361070E-01  1.458856E-04  2.283976E-07  3.525382E-08  3.551487E-03  1.861492E-07  7.481047E-07  9.858580E-08  2.698571E-02  4.959307E-07  8.895528E-08  7.403134E-08  2.145413E-04  2.916736E-04  2.778228E-07  3.579840E-07  4.654519E-07  2.807946E-07
 3.541500E+02  3.347787E-01  1.224491E-04  5.645818E-09  7.568219E-09  8.459162E-09  1.028881E-08  4.975326E-01  4.638217E-04  6.349166E-07  1.362579E-01  1.442606E-04  2.189006E-07  3.458918E-08  3.503063E-03  1.790236E-07  7.208904E-07  9.565902E-08  2.669310E-02  4.790985E-07  8.674039E-08  7.215069E-08  2.119874E-04  2.882041E-04  2.660480E-07  3.424063E-07  4.453176E-07  2.705500E-07
 3.551500E+02  3.349474E-01  1.214170E-04  5.509264E-09  7.386635E-09  8.256560E-09  1.004429E-08  4.975654E-01  4.577292E-04  6.066095E-07  1.364065E-01  1.426608E-04  2.098447E-07  3.394028E-08  3.455603E-03  1.722126E-07  6.948276E-07  9.283693E-08  2.640524E-02  4.629258E-07  8.459342E-08  7.032864E-08  2.094779E-04  2.847951E-04  2.548332E-07  3.275916E-07  4.261645E-07  2.607362E-07
 3.561500E+02  3.351133E-01  1.204001E-04  5.376848E-09  7.210520E-09  8.060053E-09  9.807078E-09  4.975977E-01  4.517562E-04  5.797265E-07  1.365526E-01  1.410858E-04  2.012075E-07  3.330669E-08  3.409083E-03  1.657007E-07  6.698614E-07  9.011522E-08  2.612204E-02  4.473837E-07  8.251196E-08  6.856308E-08  2.070120E-04  2.814452E-04  2.441490E-07  3.134987E-07  4.079398E-07  2.513329E-07
 3.571500E+02  3.352765E-01  1.193980E-04  5.248424E-09  7.039683E-09  7.869426E-09  9.576926E-09  4.976293E-01  4.458997E-04  5.541885E-07  1.366964E-01  1.395350E-04  1.929678E-07  3.268801E-08  3.363479E-03  1.594731E-07  6.459399E-07  8.748980E-08  2.584340E-02  4.324448E-07  8.049372E-08  6.685199E-08  2.045887E-04  2.781533E-04  2.339680E-07  3.000888E-07  3.905940E-07  2.423208E-07
 3.581500E+02  3.354369E-01  1.184106E-04  5.123853E-09  6.873938E-09  7.684474E-09  9.353585E-09  4.976602E-01  4.401568E-04  5.299211E-07  1.368378E-01  1.380082E-04  1.851056E-07  3.208385E-08  3.318770E-03  1.535160E-07  6.230138E-07  8.495676E-08  2.556924E-02  4.180830E-07  7.853646E-08  6.519345E-08  2.022071E-04  2.749182E-04  2.242641E-07  2.873255E-07  3.740803E-07  2.336819E-07
 3.591500E+02  3.355947E-01  1.174375E-04  5.002999E-09  6.713109E-09  7.505000E-09  9.136821E-09  4.976906E-01  4.345248E-04  5.068546E-07  1.369770E-01  1.365048E-04  1.776020E-07  3.149381E-08  3.274933E-03  1.478161E-07  6.010366E-07  8.251238E-08  2.529947E-02  4.042733E-07  7.663808E-08  6.358559E-08  1.998664E-04  2.717386E-04  2.150126E-07  2.751743E-07  3.583546E-07  2.253988E-07
 3.601500E+02  3.357499E-01  1.164785E-04  4.885733E-09  6.557025E-09  7.330814E-09  8.926406E-09  4.977204E-01  4.290009E-04  4.849230E-07  1.371140E-01  1.350246E-04  1.704392E-07  3.091751E-08  3.231949E-03  1.423611E-07  5.799638E-07  8.015307E-08  2.503402E-02  3.909920E-07  7.479652E-08  6.202663E-08  1.975657E-04  2.686134E-04  2.061905E-07  2.636029E-07  3.433754E-07  2.174552E-07
 3.611500E+02  3.359026E-01  1.155334E-04  4.771931E-09  6.405523E-09  7.161735E-09  8.722123E-09  4.977496E-01  4.235827E-04  4.640648E-07  1.372487E-01  1.335670E-04  1.636000E-07  3.035460E-08  3.189795E-03  1.371391E-07  5.597536E-07  7.787546E-08  2.477279E-02  3.782166E-07  7.300981E-08  6.051484E-08  1.953041E-04  2.655414E-04  1.977758E-07  2.525808E-07  3.291037E-07  2.098354E-07
 3.621500E+02  3.360527E-01  1.146018E-04  4.661473E-09  6.258446E-09  6.997586E-09  8.523763E-09  4.977783E-01  4.182675E-04  4.442218E-07  1.373814E-01  1.321317E-04  1.570686E-07  2.980471E-08  3.148453E-03  1.321390E-07  5.403662E-07  7.567627E-08  2.451570E-02  3.659254E-07  7.127607E-08  5.904859E-08  1.930810E-04  2.625216E-04  1.897478E-07  2.420792E-07  3.155024E-07  2.025247E-07
 3.631500E+02  3.362005E-01  1.136837E-04  4.554244E-09  6.115642E-09  6.838201E-09  8.331126E-09  4.978064E-01  4.130529E-04  4.253393E-07  1.375119E-01  1.307184E-04  1.508298E-07  2.926751E-08  3.107903E-03  1.273501E-07  5.217637E-07  7.355242E-08  2.426269E-02  3.540980E-07  6.959347E-08  5.762628E-08  1.908954E-04  2.595529E-04  1.820869E-07  2.320709E-07  3.025369E-07  1.955089E-07
 3.641500E+02  3.363458E-01  1.127786E-04  4.450133E-09  5.976965E-09  6.683416E-09  8.144016E-09  4.978340E-01  4.079366E-04  4.073658E-07  1.376404E-01  1.293265E-04  1.448691E-07  2.874266E-08  3.068126E-03  1.227625E-07  5.039102E-07  7.150092E-08  2.401366E-02  3.427147E-07  6.796028E-08  5.624639E-08  1.887467E-04  2.566342E-04  1.747747E-07  2.225304E-07  2.901742E-07  1.887749E-07
 3.651500E+02  3.364888E-01  1.118865E-04  4.349036E-09  5.842277E-09  6.533078E-09  7.962250E-09  4.978611E-01  4.029161E-04  3.902529E-07  1.377668E-01  1.279558E-04  1.391729E-07  2.822984E-08  3.029104E-03  1.183666E-07  4.867718E-07  6.951894E-08  2.376855E-02  3.317569E-07  6.637481E-08  5.490747E-08  1.866340E-04  2.537646E-04  1.677936E-07  2.134334E-07  2.783834E-07  1.823099E-07
 3.661500E+02  3.366294E-01  1.110070E-04  4.250849E-09  5.711443E-09  6.387035E-09  7.785646E-09  4.978876E-01  3.979892E-04  3.739549E-07  1.378913E-01  1.266059E-04  1.337285E-07  2.772872E-08  2.990819E-03  1.141534E-07  4.703160E-07  6.760377E-08  2.352729E-02  3.212067E-07  6.483544E-08  5.360810E-08  1.845566E-04  2.509429E-04  1.611272E-07  2.047572E-07  2.671352E-07  1.761018E-07
 3.671500E+02  3.367678E-01  1.101399E-04  4.155474E-09  5.584333E-09  6.245144E-09  7.614035E-09  4.979137E-01  3.931538E-04  3.584289E-07  1.380138E-01  1.252765E-04  1.285235E-07  2.723900E-08  2.953254E-03  1.101145E-07  4.545121E-07  6.575282E-08  2.328979E-02  3.110471E-07  6.334062E-08  5.234693E-08  1.825139E-04  2.481683E-04  1.547598E-07  1.964803E-07  2.564020E-07  1.701392E-07
 3.681500E+02  3.369040E-01  1.092851E-04  4.062817E-09  5.460824E-09  6.107266E-09  7.447249E-09  4.979393E-01  3.884077E-04  3.436343E-07  1.381344E-01  1.239671E-04  1.235464E-07  2.676039E-08  2.916392E-03  1.062417E-07  4.393309E-07  6.396359E-08  2.305599E-02  3.012620E-07  6.188886E-08  5.112266E-08  1.805050E-04  2.454397E-04  1.486765E-07  1.885823E-07  2.461577E-07  1.644111E-07
 3.691500E+02  3.370381E-01  1.084423E-04  3.972788E-09  5.340795E-09  5.973269E-09  7.285130E-09  4.979644E-01  3.837489E-04  3.295329E-07  1.382531E-01  1.226774E-04  1.187863E-07  2.629259E-08  2.880217E-03  1.025272E-07  4.247448E-07  6.223373E-08  2.282582E-02  2.918357E-07  6.047870E-08  4.993403E-08  1.785293E-04  2.427562E-04  1.428636E-07  1.810441E-07  2.363777E-07  1.589073E-07
 3.701500E+02  3.371700E-01  1.076113E-04  3.885298E-09  5.224131E-09  5.843024E-09  7.127524E-09  4.979891E-01  3.791752E-04  3.160886E-07  1.383700E-01  1.214071E-04  1.142327E-07  2.583532E-08  2.844712E-03  9.896391E-08  4.107272E-07  6.056094E-08  2.259921E-02  2.827536E-07  5.910878E-08  4.877985E-08  1.765862E-04  2.401170E-04  1.373075E-07  1.738475E-07  2.270385E-07  1.536178E-07
 3.711500E+02  3.372998E-01  1.067919E-04  3.800263E-09  5.110722E-09  5.716407E-09  6.974283E-09  4.980133E-01  3.746848E-04  3.032676E-07  1.384851E-01  1.201559E-04  1.098758E-07  2.538831E-08  2.809863E-03  9.554479E-08  3.972531E-07  5.894307E-08  2.237609E-02  2.740015E-07  5.777774E-08  4.765895E-08  1.746750E-04  2.375211E-04  1.319959E-07  1.669754E-07  2.181183E-07  1.485334E-07
 3.721500E+02  3.374276E-01  1.059839E-04  3.717604E-09  5.000461E-09  5.593300E-09  6.825265E-09  4.980371E-01  3.702758E-04  2.910378E-07  1.385984E-01  1.189234E-04  1.057063E-07  2.495129E-08  2.775654E-03  9.226329E-08  3.842987E-07  5.737803E-08  2.215641E-02  2.655660E-07  5.648432E-08  4.657022E-08  1.727951E-04  2.349677E-04  1.269169E-07  1.604115E-07  2.095962E-07  1.436449E-07
 3.731500E+02  3.375533E-01  1.051871E-04  3.637241E-09  4.893245E-09  5.473589E-09  6.680333E-09  4.980604E-01  3.659462E-04  2.793688E-07  1.387100E-01  1.177093E-04  1.017152E-07  2.452401E-08  2.742071E-03  8.911318E-08  3.718412E-07  5.586382E-08  2.194009E-02  2.574341E-07  5.522726E-08  4.551259E-08  1.709457E-04  2.324559E-04  1.220592E-07  1.541406E-07  2.014524E-07  1.389440E-07
