#         T/K            c1          c2-1          c3-4          c3-5          c3-7          c3-9            m1          m2-1          m3-1            w1            w2          w3-1          w3-2          c1m1        c1m2-1        c1m2-7        c2m1-1        c1w1-2        c1w2-1        c2w1-1        c2w1-9        m1w1-1        m1w1-4        m1w2-1        m2w1-1        m2w1-3      c1m1w1-1
 2.731500E+02  6.099595E-01  1.259999E-03  6.891224E-07  9.044898E-07  1.006317E-06  1.199908E-06  9.657634E-02  8.027850E-05  7.202564E-07  1.137141E-01  4.541060E-04  1.844442E-05  2.587949E-07  6.307545E-03  9.966304E-07  3.270261E-06  2.101223E-06  1.711976E-01  3.757538E-05  5.426843E-06  4.765343E-06  1.518371E-04  2.066913E-04  5.163200E-06  1.587736E-06  2.010889E-06  5.872429E-06
 2.741500E+02  6.111237E-01  1.240963E-03  6.593399E-07  8.656925E-07  9.632236E-07  1.148887E-06  9.665668E-02  7.842001E-05  6.653722E-07  1.147903E-01  4.514929E-04  1.751272E-05  2.552712E-07  6.156915E-03  9.309480E-07  3.064630E-06  1.991671E-06  1.690605E-01  3.587255E-05  5.222887E-06  4.582291E-06  1.497111E-04  2.037842E-04  4.860320E-06  1.480897E-06  1.876323E-06  5.542383E-06
 2.751500E+02  6.122729E-01  1.222359E-03  6.310641E-07  8.288459E-07  9.222941E-07  1.100412E-06  9.673455E-02  7.661669E-05  6.150181E-07  1.158544E-01  4.488112E-04  1.662864E-05  2.517379E-07  6.010935E-03  8.700301E-07  2.873303E-06  1.888601E-06  1.669476E-01  3.425112E-05  5.027551E-06  4.407137E-06  1.476121E-04  2.009148E-04  4.576154E-06  1.381779E-06  1.751432E-06  5.232535E-06
 2.761500E+02  6.134073E-01  1.204173E-03  6.042090E-07  7.938388E-07  8.834051E-07  1.054340E-06  9.681006E-02  7.486668E-05  5.687944E-07  1.169062E-01  4.460650E-04  1.578981E-05  2.481988E-07  5.869437E-03  8.135025E-07  2.695199E-06  1.791589E-06  1.648591E-01  3.270711E-05  4.840441E-06  4.239508E-06  1.455403E-04  1.980831E-04  4.309506E-06  1.289790E-06  1.635478E-06  4.941563E-06
 2.771500E+02  6.145268E-01  1.186393E-03  5.786935E-07  7.605672E-07  8.464412E-07  1.010536E-06  9.688329E-02  7.316818E-05  5.263383E-07  1.179457E-01  4.432583E-04  1.499397E-05  2.446577E-07  5.732260E-03  7.610226E-07  2.529326E-06  1.700242E-06  1.627950E-01  3.123672E-05  4.661178E-06  4.079054E-06  1.434958E-04  1.952893E-04  4.059255E-06  1.204387E-06  1.527784E-06  4.668234E-06
 2.781500E+02  6.156315E-01  1.169007E-03  5.544420E-07  7.289333E-07  8.112943E-07  9.688721E-07  9.695432E-02  7.151947E-05  4.873211E-07  1.189729E-01  4.403950E-04  1.423897E-05  2.411181E-07  5.599247E-03  7.122762E-07  2.374769E-06  1.614193E-06  1.607553E-01  2.983636E-05  4.489404E-06  3.925440E-06  1.414787E-04  1.925334E-04  3.824358E-06  1.125069E-06  1.427724E-06  4.411404E-06
 2.791500E+02  6.167216E-01  1.152005E-03  5.313835E-07  6.988459E-07  7.778632E-07  9.292303E-07  9.702323E-02  6.991888E-05  4.514444E-07  1.199877E-01  4.374790E-04  1.352275E-05  2.375833E-07  5.470251E-03  6.669753E-07  2.230689E-06  1.533100E-06  1.587402E-01  2.850260E-05  4.324779E-06  3.778349E-06  1.394890E-04  1.898155E-04  3.603834E-06  1.051377E-06  1.334725E-06  4.170005E-06
 2.801500E+02  6.177970E-01  1.135376E-03  5.094514E-07  6.702191E-07  7.460528E-07  8.914991E-07  9.709009E-02  6.836480E-05  4.184373E-07  1.209902E-01  4.345141E-04  1.284334E-05  2.340564E-07  5.345128E-03  6.248558E-07  2.096313E-06  1.456649E-06  1.567496E-01  2.723217E-05  4.166979E-06  3.637478E-06  1.375267E-04  1.871354E-04  3.396771E-06  9.828854E-07  1.248256E-06  3.943042E-06
 2.811500E+02  6.188579E-01  1.119109E-03  4.885834E-07  6.429725E-07  7.157738E-07  8.555738E-07  9.715497E-02  6.685568E-05  3.880537E-07  1.219803E-01  4.315038E-04  1.219889E-05  2.305405E-07  5.223742E-03  5.856751E-07  1.970929E-06  1.384543E-06  1.547835E-01  2.602197E-05  4.015694E-06  3.502541E-06  1.355917E-04  1.844932E-04  3.202313E-06  9.192050E-07  1.167830E-06  3.729590E-06
 2.821500E+02  6.199043E-01  1.103194E-03  4.687209E-07  6.170305E-07  6.869426E-07  8.213562E-07  9.721796E-02  6.539003E-05  3.600697E-07  1.229581E-01  4.284517E-04  1.158760E-05  2.270382E-07  5.105961E-03  5.492107E-07  1.853882E-06  1.316510E-06  1.528419E-01  2.486906E-05  3.870631E-06  3.373265E-06  1.336840E-04  1.818887E-04  3.019662E-06  8.599761E-07  1.092998E-06  3.528784E-06
 2.831500E+02  6.209364E-01  1.087621E-03  4.498089E-07  5.923221E-07  6.594806E-07  7.887540E-07  9.727910E-02  6.396640E-05  3.342821E-07  1.239236E-01  4.253611E-04  1.100779E-05  2.235524E-07  4.991658E-03  5.152578E-07  1.744566E-06  1.252293E-06  1.509248E-01  2.377063E-05  3.731511E-06  3.249391E-06  1.318036E-04  1.793219E-04  2.848070E-06  8.048677E-07  1.023345E-06  3.339820E-06
 2.841500E+02  6.219542E-01  1.072382E-03  4.317958E-07  5.687808E-07  6.333138E-07  7.576806E-07  9.733847E-02  6.258339E-05  3.105055E-07  1.248768E-01  4.222355E-04  1.045784E-05  2.200853E-07  4.880711E-03  4.836285E-07  1.642425E-06  1.191654E-06  1.490322E-01  2.272402E-05  3.598068E-06  3.130672E-06  1.299503E-04  1.767924E-04  2.686838E-06  7.535745E-07  9.584906E-07  3.161946E-06
 2.851500E+02  6.229578E-01  1.057466E-03  4.146330E-07  5.463438E-07  6.083728E-07  7.280543E-07  9.739613E-02  6.123967E-05  2.885716E-07  1.258177E-01  4.190780E-04  9.936219E-06  2.166394E-07  4.773005E-03  4.541497E-07  1.546944E-06  1.134373E-06  1.471639E-01  2.172668E-05  3.470048E-06  3.016874E-06  1.281240E-04  1.743003E-04  2.535314E-06  7.058150E-07  8.980812E-07  2.994464E-06
 2.861500E+02  6.239474E-01  1.042865E-03  3.982750E-07  5.249522E-07  5.845924E-07  6.997984E-07  9.745214E-02  5.993394E-05  2.683268E-07  1.267464E-01  4.158916E-04  9.441471E-06  2.132168E-07  4.668427E-03  4.266625E-07  1.457650E-06  1.080242E-06  1.453199E-01  2.077622E-05  3.347210E-06  2.907773E-06  1.263246E-04  1.718452E-04  2.392886E-06  6.613298E-07  8.417924E-07  2.836719E-06
 2.871500E+02  6.249230E-01  1.028571E-03  3.826788E-07  5.045508E-07  5.619111E-07  6.728409E-07  9.750655E-02  5.866495E-05  2.496313E-07  1.276630E-01  4.126795E-04  8.972209E-06  2.098195E-07  4.566868E-03  4.010203E-07  1.374105E-06  1.029068E-06  1.435001E-01  1.987034E-05  3.229325E-06  2.803158E-06  1.245519E-04  1.694269E-04  2.258982E-06  6.198793E-07  7.893242E-07  2.688102E-06
 2.881500E+02  6.258848E-01  1.014576E-03  3.678042E-07  4.850873E-07  5.402710E-07  6.471138E-07  9.755941E-02  5.743149E-05  2.323573E-07  1.285674E-01  4.094444E-04  8.527113E-06  2.064493E-07  4.468227E-03  3.770883E-07  1.295903E-06  9.806726E-07  1.417043E-01  1.900686E-05  3.116174E-06  2.702826E-06  1.228058E-04  1.670451E-04  2.133070E-06  5.812428E-07  7.403999E-07  2.548044E-06
 2.891500E+02  6.268329E-01  1.000871E-03  3.536131E-07  4.665126E-07  5.196179E-07  6.225531E-07  9.761079E-02  5.623241E-05  2.163886E-07  1.294598E-01  4.061891E-04  8.104933E-06  2.031081E-07  4.372403E-03  3.547421E-07  1.222672E-06  9.348866E-07  1.399325E-01  1.818372E-05  3.007549E-06  2.606585E-06  1.210860E-04  1.646996E-04  2.014648E-06  5.452161E-07  6.947637E-07  2.416014E-06
 2.901500E+02  6.277675E-01  9.874484E-04  3.400700E-07  4.487807E-07  4.999004E-07  5.990986E-07  9.766073E-02  5.506658E-05  2.016190E-07  1.303402E-01  4.029164E-04  7.704478E-06  1.997973E-07  4.279300E-03  3.338673E-07  1.154065E-06  8.915535E-07  1.381846E-01  1.739895E-05  2.903250E-06  2.514252E-06  1.193923E-04  1.623902E-04  1.903249E-06  5.116109E-07  6.521795E-07  2.291514E-06
 2.911500E+02  6.286885E-01  9.743017E-04  3.271409E-07  4.318478E-07  4.810703E-07  5.766934E-07  9.770927E-02  5.393292E-05  1.879514E-07  1.312086E-01  3.996288E-04  7.324621E-06  1.965184E-07  4.188827E-03  3.143580E-07  1.089762E-06  8.505269E-07  1.364603E-01  1.665067E-05  2.803089E-06  2.425654E-06  1.177246E-04  1.601163E-04  1.798436E-06  4.802534E-07  6.124290E-07  2.174082E-06
 2.921500E+02  6.295962E-01  9.614233E-04  3.147944E-07  4.156731E-07  4.630820E-07  5.552841E-07  9.775647E-02  5.283039E-05  1.752972E-07  1.320653E-01  3.963287E-04  6.964288E-06  1.932728E-07  4.100894E-03  2.961169E-07  1.029469E-06  8.116699E-07  1.347596E-01  1.593712E-05  2.706885E-06  2.340623E-06  1.160827E-04  1.578779E-04  1.699800E-06  4.509826E-07  5.753105E-07  2.063284E-06
 2.931500E+02  6.304908E-01  9.488062E-04  3.030005E-07  4.002178E-07  4.458928E-07  5.348202E-07  9.780237E-02  5.175798E-05  1.635753E-07  1.329101E-01  3.930185E-04  6.622463E-06  1.900617E-07  4.015418E-03  2.790540E-07  9.729099E-07  7.748544E-07  1.330822E-01  1.525660E-05  2.614467E-06  2.259003E-06  1.144661E-04  1.556744E-04  1.606958E-06  4.236500E-07  5.406375E-07  1.958715E-06
 2.941500E+02  6.313722E-01  9.364438E-04  2.917310E-07  3.854454E-07  4.294620E-07  5.152540E-07  9.784702E-02  5.071473E-05  1.527117E-07  1.337433E-01  3.897006E-04  6.298179E-06  1.868862E-07  3.932316E-03  2.630861E-07  9.198325E-07  7.399607E-07  1.314281E-01  1.460751E-05  2.525670E-06  2.180643E-06  1.128749E-04  1.535056E-04  1.519551E-06  3.981181E-07  5.082373E-07  1.859997E-06
 2.951500E+02  6.322407E-01  9.243295E-04  2.809594E-07  3.713215E-07  4.137516E-07  4.965406E-07  9.789045E-02  4.969970E-05  1.426384E-07  1.345650E-01  3.863770E-04  5.990521E-06  1.837473E-07  3.851509E-03  2.481365E-07  8.700012E-07  7.068768E-07  1.297970E-01  1.398832E-05  2.440339E-06  2.105399E-06  1.113085E-04  1.513710E-04  1.437245E-06  3.742600E-07  4.779503E-07  1.766776E-06
 2.961500E+02  6.330965E-01  9.124570E-04  2.706606E-07  3.578137E-07  3.987255E-07  4.786375E-07  9.793270E-02  4.871198E-05  1.332935E-07  1.353751E-01  3.830499E-04  5.698620E-06  1.806459E-07  3.772922E-03  2.341341E-07  8.231983E-07  6.754978E-07  1.281887E-01  1.339759E-05  2.358324E-06  2.033136E-06  1.097669E-04  1.492704E-04  1.359726E-06  3.519580E-07  4.496289E-07  1.678719E-06
 2.971500E+02  6.339396E-01  9.008202E-04  2.608108E-07  3.448913E-07  3.843497E-07  4.615047E-07  9.797381E-02  4.775072E-05  1.246199E-07  1.361738E-01  3.797212E-04  5.421651E-06  1.775828E-07  3.696481E-03  2.210133E-07  7.792216E-07  6.457254E-07  1.266031E-01  1.283394E-05  2.279483E-06  1.963722E-06  1.082497E-04  1.472032E-04  1.286699E-06  3.311032E-07  4.231361E-07  1.595519E-06
 2.981500E+02  6.347701E-01  8.894132E-04  2.513879E-07  3.325253E-07  3.705920E-07  4.451043E-07  9.801383E-02  4.681506E-05  1.165656E-07  1.369612E-01  3.763928E-04  5.158835E-06  1.745586E-07  3.622117E-03  2.087134E-07  7.378836E-07  6.174676E-07  1.250399E-01  1.229606E-05  2.203681E-06  1.897035E-06  1.067567E-04  1.451692E-04  1.217891E-06  3.115950E-07  3.983452E-07  1.516883E-06
 2.991500E+02  6.355883E-01  8.782303E-04  2.423706E-07  3.206884E-07  3.574221E-07  4.294005E-07  9.805277E-02  4.590420E-05  1.090828E-07  1.377375E-01  3.730666E-04  4.909429E-06  1.715741E-07  3.549762E-03  1.971781E-07  6.990104E-07  5.906383E-07  1.234990E-01  1.178271E-05  2.130788E-06  1.832955E-06  1.052876E-04  1.431680E-04  1.153043E-06  2.933400E-07  3.751388E-07  1.442541E-06
 3.001500E+02  6.363943E-01  8.672659E-04  2.337391E-07  3.093547E-07  3.448113E-07  4.143594E-07  9.809069E-02  4.501735E-05  1.021276E-07  1.385027E-01  3.697443E-04  4.672732E-06  1.686296E-07  3.479351E-03  1.863555E-07  6.624402E-07  5.651565E-07  1.219801E-01  1.129270E-05  2.060682E-06  1.771371E-06  1.038420E-04  1.411990E-04  1.091914E-06  2.762517E-07  3.534083E-07  1.372238E-06
 3.011500E+02  6.371882E-01  8.565145E-04  2.254745E-07  2.984997E-07  3.327325E-07  3.999491E-07  9.812761E-02  4.415377E-05  9.565972E-08  1.392569E-01  3.664276E-04  4.448078E-06  1.657257E-07  3.410821E-03  1.761972E-07  6.280231E-07  5.409465E-07  1.204830E-01  1.082491E-05  1.993244E-06  1.712175E-06  1.024197E-04  1.392619E-04  1.034279E-06  2.602501E-07  3.330525E-07  1.305737E-06
 3.021500E+02  6.379702E-01  8.459711E-04  2.175589E-07  2.881004E-07  3.211600E-07  3.861394E-07  9.816356E-02  4.331273E-05  8.964221E-08  1.400002E-01  3.631179E-04  4.234837E-06  1.628628E-07  3.344112E-03  1.666585E-07  5.956195E-07  5.179372E-07  1.190075E-01  1.037827E-05  1.928361E-06  1.655265E-06  1.010204E-04  1.373564E-04  9.799254E-07  2.452608E-07  3.139781E-07  1.242813E-06
 3.031500E+02  6.387403E-01  8.356305E-04  2.099756E-07  2.781348E-07  3.100695E-07  3.729015E-07  9.819857E-02  4.249352E-05  8.404110E-08  1.407328E-01  3.598168E-04  4.032411E-06  1.600410E-07  3.279165E-03  1.576980E-07  5.650997E-07  4.960618E-07  1.175533E-01  9.951780E-06  1.865928E-06  1.600542E-06  9.964376E-05  1.354819E-04  9.286563E-07  2.312150E-07  2.960983E-07  1.183259E-06
 3.041500E+02  6.394989E-01  8.254878E-04  2.027085E-07  2.685823E-07  2.994381E-07  3.602083E-07  9.823268E-02  4.169547E-05  7.882517E-08  1.414547E-01  3.565256E-04  3.840234E-06  1.572608E-07  3.215926E-03  1.492773E-07  5.363431E-07  4.752576E-07  1.161204E-01  9.544464E-06  1.805840E-06  1.547914E-06  9.828953E-05  1.336381E-04  8.802856E-07  2.180488E-07  2.793325E-07  1.126877E-06
 3.051500E+02  6.402460E-01  8.155382E-04  1.957427E-07  2.594232E-07  2.892439E-07  3.480341E-07  9.826591E-02  4.091792E-05  7.396570E-08  1.421662E-01  3.532458E-04  3.657769E-06  1.545222E-07  3.154339E-03  1.413607E-07  5.092373E-07  4.554658E-07  1.147083E-01  9.155409E-06  1.748002E-06  1.497292E-06  9.695739E-05  1.318245E-04  8.346393E-07  2.057028E-07  2.636060E-07  1.073484E-06
 3.061500E+02  6.409817E-01  8.057771E-04  1.890638E-07  2.506391E-07  2.794665E-07  3.363547E-07  9.829829E-02  4.016024E-05  6.943629E-08  1.428672E-01  3.499785E-04  3.484509E-06  1.518253E-07  3.094353E-03  1.339150E-07  4.836780E-07  4.366310E-07  1.133169E-01  8.783743E-06  1.692318E-06  1.448591E-06  9.564701E-05  1.300406E-04  7.915545E-07  1.941221E-07  2.488494E-07  1.022908E-06
 3.071500E+02  6.417062E-01  7.962000E-04  1.826582E-07  2.422122E-07  2.700862E-07  3.251470E-07  9.832985E-02  3.942183E-05  6.521260E-08  1.435579E-01  3.467250E-04  3.319973E-06  1.491702E-07  3.035918E-03  1.269094E-07  4.595676E-07  4.187012E-07  1.119459E-01  8.428640E-06  1.638700E-06  1.401730E-06  9.435811E-05  1.282862E-04  7.508783E-07  1.832556E-07  2.349981E-07  9.749860E-07
 3.081500E+02  6.424197E-01  7.868025E-04  1.765132E-07  2.341260E-07  2.610846E-07  3.143891E-07  9.836060E-02  3.870209E-05  6.127224E-08  1.442385E-01  3.434863E-04  3.163704E-06  1.465569E-07  2.978985E-03  1.203154E-07  4.368157E-07  4.016277E-07  1.105951E-01  8.089313E-06  1.587063E-06  1.356632E-06  9.309036E-05  1.265607E-04  7.124675E-07  1.730557E-07  2.219924E-07  9.295672E-07
 3.091500E+02  6.431223E-01  7.775804E-04  1.706166E-07  2.263647E-07  2.524442E-07  3.040603E-07  9.839058E-02  3.800046E-05  5.759457E-08  1.449091E-01  3.402636E-04  3.015270E-06  1.439853E-07  2.923508E-03  1.141063E-07  4.153377E-07  3.853645E-07  1.092643E-01  7.765014E-06  1.537325E-06  1.313224E-06  9.184347E-05  1.248637E-04  6.761878E-07  1.634783E-07  2.097765E-07  8.865089E-07
 3.101500E+02  6.438142E-01  7.685296E-04  1.649570E-07  2.189133E-07  2.441483E-07  2.941409E-07  9.841981E-02  3.731639E-05  5.416058E-08  1.455697E-01  3.370578E-04  2.874264E-06  1.414554E-07  2.869441E-03  1.082575E-07  3.950548E-07  3.698682E-07  1.079532E-01  7.455032E-06  1.489409E-06  1.271434E-06  9.061711E-05  1.231948E-04  6.419133E-07  1.544825E-07  1.982986E-07  8.456772E-07
 3.111500E+02  6.444955E-01  7.596460E-04  1.595233E-07  2.117576E-07  2.361811E-07  2.846124E-07  9.844831E-02  3.664935E-05  5.095272E-08  1.462205E-01  3.338698E-04  2.740298E-06  1.389670E-07  2.816742E-03  1.027460E-07  3.758935E-07  3.550982E-07  1.066615E-01  7.158692E-06  1.443240E-06  1.231196E-06  8.941100E-05  1.215536E-04  6.095258E-07  1.460302E-07  1.875106E-07  8.069465E-07
 3.121500E+02  6.451663E-01  7.509258E-04  1.543053E-07  2.048841E-07  2.285278E-07  2.754569E-07  9.847611E-02  3.599882E-05  4.795481E-08  1.468617E-01  3.307006E-04  2.613006E-06  1.365200E-07  2.765369E-03  9.755028E-08  3.577853E-07  3.410161E-07  1.053891E-01  6.875351E-06  1.398747E-06  1.192445E-06  8.822481E-05  1.199395E-04  5.789146E-07  1.380858E-07  1.773676E-07  7.701989E-07
 3.131500E+02  6.458269E-01  7.423652E-04  1.492932E-07  1.982801E-07  2.211741E-07  2.666578E-07  9.850322E-02  3.536432E-05  4.515189E-08  1.474933E-01  3.275510E-04  2.492040E-06  1.341140E-07  2.715281E-03  9.265048E-08  3.406660E-07  3.275860E-07  1.041356E-01  6.604400E-06  1.355863E-06  1.155121E-06  8.705824E-05  1.183523E-04  5.499755E-07  1.306165E-07  1.678281E-07  7.353233E-07
 3.141500E+02  6.464772E-01  7.339605E-04  1.444775E-07  1.919334E-07  2.141065E-07  2.581991E-07  9.852966E-02  3.474537E-05  4.253018E-08  1.481155E-01  3.244216E-04  2.377071E-06  1.317490E-07  2.666440E-03  8.802802E-08  3.244761E-07  3.147737E-07  1.029009E-01  6.345256E-06  1.314522E-06  1.119164E-06  8.591098E-05  1.167915E-04  5.226112E-07  1.235914E-07  1.588531E-07  7.022156E-07
 3.151500E+02  6.471176E-01  7.257082E-04  1.398495E-07  1.858325E-07  2.073123E-07  2.500656E-07  9.855547E-02  3.414150E-05  4.007692E-08  1.487284E-01  3.213133E-04  2.267789E-06  1.294245E-07  2.618807E-03  8.366559E-08  3.091595E-07  3.025472E-07  1.016847E-01  6.097367E-06  1.274662E-06  1.084519E-06  8.478275E-05  1.152567E-04  4.967300E-07  1.169820E-07  1.504065E-07  6.707778E-07
 3.161500E+02  6.477481E-01  7.176048E-04  1.354007E-07  1.799664E-07  2.007792E-07  2.422430E-07  9.858064E-02  3.355227E-05  3.778034E-08  1.493322E-01  3.182267E-04  2.163899E-06  1.271403E-07  2.572347E-03  7.954707E-08  2.946642E-07  2.908764E-07  1.004866E-01  5.860210E-06  1.236225E-06  1.051133E-06  8.367322E-05  1.137474E-04  4.722459E-07  1.107617E-07  1.424547E-07  6.409178E-07
 3.171500E+02  6.483690E-01  7.096468E-04  1.311232E-07  1.743247E-07  1.944958E-07  2.347175E-07  9.860521E-02  3.297726E-05  3.562953E-08  1.499269E-01  3.151623E-04  2.065121E-06  1.248960E-07  2.527024E-03  7.565741E-08  2.809413E-07  2.797327E-07  9.930658E-02  5.633284E-06  1.199152E-06  1.018953E-06  8.258210E-05  1.122632E-04  4.490783E-07  1.049058E-07  1.349663E-07  6.125488E-07
 3.181500E+02  6.489802E-01  7.018311E-04  1.270094E-07  1.688977E-07  1.884510E-07  2.274761E-07  9.862919E-02  3.241604E-05  3.361441E-08  1.505126E-01  3.121208E-04  1.971193E-06  1.226914E-07  2.482805E-03  7.198257E-08  2.679453E-07  2.690892E-07  9.814427E-02  5.416114E-06  1.163391E-06  9.879317E-07  8.150910E-05  1.108038E-04  4.271513E-07  9.939104E-08  1.279120E-07  5.855894E-07
 3.191500E+02  6.495820E-01  6.941545E-04  1.230521E-07  1.636758E-07  1.826344E-07  2.205066E-07  9.865259E-02  3.186821E-05  3.172565E-08  1.510896E-01  3.091027E-04  1.881862E-06  1.205260E-07  2.439658E-03  6.850945E-08  2.556333E-07  2.589206E-07  9.699945E-02  5.208249E-06  1.128889E-06  9.580222E-07  8.045391E-05  1.093687E-04  4.063938E-07  9.419594E-08  1.212645E-07  5.599629E-07
 3.201500E+02  6.501745E-01  6.866137E-04  1.192445E-07  1.586501E-07  1.770361E-07  2.137971E-07  9.867544E-02  3.133339E-05  2.995462E-08  1.516578E-01  3.061085E-04  1.796894E-06  1.183993E-07  2.397549E-03  6.522583E-08  2.439656E-07  2.492030E-07  9.587188E-02  5.009259E-06  1.095596E-06  9.291797E-07  7.941626E-05  1.079575E-04  3.867389E-07  8.930044E-08  1.149984E-07  5.355969E-07
 3.211500E+02  6.507579E-01  6.792058E-04  1.155799E-07  1.538122E-07  1.716466E-07  2.073364E-07  9.869775E-02  3.081119E-05  2.829331E-08  1.522175E-01  3.031386E-04  1.716062E-06  1.163111E-07  2.356450E-03  6.212028E-08  2.329046E-07  2.399136E-07  9.476131E-02  4.818735E-06  1.063465E-06  9.013615E-07  7.839584E-05  1.065698E-04  3.681238E-07  8.468578E-08  1.090900E-07  5.124235E-07
 3.221500E+02  6.513323E-01  6.719279E-04  1.120523E-07  1.491539E-07  1.664570E-07  2.011139E-07  9.871954E-02  3.030126E-05  2.673431E-08  1.527688E-01  3.001934E-04  1.639156E-06  1.142608E-07  2.316331E-03  5.918212E-08  2.224153E-07  2.310313E-07  9.366750E-02  4.636288E-06  1.032450E-06  8.745269E-07  7.739237E-05  1.052052E-04  3.504895E-07  8.033449E-08  1.035170E-07  4.903786E-07
 3.231500E+02  6.518978E-01  6.647771E-04  1.086557E-07  1.446676E-07  1.614587E-07  1.951195E-07  9.874082E-02  2.980324E-05  2.527073E-08  1.533118E-01  2.972732E-04  1.565973E-06  1.122480E-07  2.277163E-03  5.640138E-08  2.124649E-07  2.225358E-07  9.259021E-02  4.461548E-06  1.002508E-06  8.486368E-07  7.640556E-05  1.038634E-04  3.337804E-07  7.623027E-08  9.825893E-08  4.694019E-07
 3.241500E+02  6.524546E-01  6.577506E-04  1.053845E-07  1.403459E-07  1.566436E-07  1.893435E-07  9.876160E-02  2.931680E-05  2.389620E-08  1.538466E-01  2.943785E-04  1.496324E-06  1.102723E-07  2.238919E-03  5.376873E-08  2.030227E-07  2.144080E-07  9.152919E-02  4.294163E-06  9.735966E-07  8.236539E-07  7.543514E-05  1.025439E-04  3.179444E-07  7.235788E-08  9.329634E-08  4.494366E-07
 3.251500E+02  6.530028E-01  6.508457E-04  1.022334E-07  1.361818E-07  1.520039E-07  1.837767E-07  9.878190E-02  2.884161E-05  2.260480E-08  1.543732E-01  2.915094E-04  1.430027E-06  1.083331E-07  2.201572E-03  5.127543E-08  1.940597E-07  2.066300E-07  9.048421E-02  4.133798E-06  9.456764E-07  7.995425E-07  7.448082E-05  1.012464E-04  3.029324E-07  6.870309E-08  8.861120E-08  4.304291E-07
 3.261500E+02  6.535425E-01  6.440597E-04  9.919730E-08  1.321688E-07  1.475323E-07  1.784103E-07  9.880174E-02  2.837734E-05  2.139104E-08  1.548920E-01  2.886663E-04  1.366913E-06  1.064300E-07  2.165097E-03  4.891332E-08  1.855490E-07  1.991846E-07  8.945503E-02  3.980133E-06  9.187089E-07  7.762682E-07  7.354234E-05  9.997047E-05  2.886983E-07  6.525263E-08  8.418666E-08  4.123288E-07
 3.271500E+02  6.540739E-01  6.373901E-04  9.627132E-08  1.283005E-07  1.432216E-07  1.732360E-07  9.882112E-02  2.792369E-05  2.024981E-08  1.554029E-01  2.858493E-04  1.306820E-06  1.045625E-07  2.129469E-03  4.667475E-08  1.774651E-07  1.920557E-07  8.844141E-02  3.832866E-06  8.926574E-07  7.537985E-07  7.261941E-05  9.871575E-05  2.751988E-07  6.199407E-08  8.000695E-08  3.950881E-07
 3.281500E+02  6.545971E-01  6.308344E-04  9.345088E-08  1.245708E-07  1.390653E-07  1.682459E-07  9.884006E-02  2.748037E-05  1.917639E-08  1.559061E-01  2.830587E-04  1.249593E-06  1.027301E-07  2.094663E-03  4.455257E-08  1.697842E-07  1.852281E-07  8.744313E-02  3.691707E-06  8.674870E-07  7.321020E-07  7.171178E-05  9.748187E-05  2.623929E-07  5.891581E-08  7.605733E-08  3.786621E-07
 3.291500E+02  6.551123E-01  6.243900E-04  9.073156E-08  1.209740E-07  1.350569E-07  1.634323E-07  9.885858E-02  2.704708E-05  1.816635E-08  1.564017E-01  2.802947E-04  1.195089E-06  1.009323E-07  2.060657E-03  4.254007E-08  1.624839E-07  1.786874E-07  8.645995E-02  3.556382E-06  8.431640E-07  7.111486E-07  7.081917E-05  9.626847E-05  2.502423E-07  5.600700E-08  7.232402E-08  3.630084E-07
 3.301500E+02  6.556195E-01  6.180547E-04  8.810918E-08  1.175047E-07  1.311903E-07  1.587881E-07  9.887667E-02  2.662355E-05  1.721560E-08  1.568898E-01  2.775574E-04  1.143169E-06  9.916848E-08  2.027428E-03  4.063095E-08  1.555433E-07  1.724198E-07  8.549163E-02  3.426627E-06  8.196561E-07  6.909097E-07  6.994132E-05  9.507520E-05  2.387108E-07  5.325748E-08  6.879411E-08  3.480871E-07
 3.311500E+02  6.561189E-01  6.118262E-04  8.557974E-08  1.141576E-07  1.274597E-07  1.543063E-07  9.889436E-02  2.620951E-05  1.632034E-08  1.573705E-01  2.748469E-04  1.093703E-06  9.743825E-08  1.994955E-03  3.881933E-08  1.489425E-07  1.664124E-07  8.453796E-02  3.302193E-06  7.969325E-07  6.713578E-07  6.907799E-05  9.390169E-05  2.277644E-07  5.065775E-08  6.545554E-08  3.338602E-07
 3.321500E+02  6.566106E-01  6.057021E-04  8.313943E-08  1.109277E-07  1.238596E-07  1.499803E-07  9.891166E-02  2.580469E-05  1.547702E-08  1.578440E-01  2.721633E-04  1.046569E-06  9.574104E-08  1.963216E-03  3.709969E-08  1.426630E-07  1.606529E-07  8.359871E-02  3.182844E-06  7.749636E-07  6.524665E-07  6.822891E-05  9.274760E-05  2.173711E-07  4.819893E-08  6.229700E-08  3.202923E-07
 3.331500E+02  6.570947E-01  5.996802E-04  8.078461E-08  1.078102E-07  1.203847E-07  1.458039E-07  9.892857E-02  2.540885E-05  1.468233E-08  1.583103E-01  2.695066E-04  1.001648E-06  9.407634E-08  1.932190E-03  3.546683E-08  1.366874E-07  1.551297E-07  8.267366E-02  3.068352E-06  7.537210E-07  6.342105E-07  6.739383E-05  9.161259E-05  2.075006E-07  4.587269E-08  5.930791E-08  3.073496E-07
 3.341500E+02  6.575714E-01  5.937585E-04  7.851182E-08  1.048007E-07  1.170299E-07  1.417710E-07  9.894511E-02  2.502174E-05  1.393321E-08  1.587696E-01  2.668770E-04  9.588302E-07  9.244361E-08  1.901860E-03  3.391589E-08  1.309993E-07  1.498318E-07  8.176257E-02  2.958502E-06  7.331776E-07  6.165658E-07  6.657251E-05  9.049632E-05  1.981246E-07  4.367124E-08  5.647835E-08  2.950003E-07
 3.351500E+02  6.580408E-01  5.879348E-04  7.631775E-08  1.018948E-07  1.137904E-07  1.378760E-07  9.896129E-02  2.464312E-05  1.322679E-08  1.592219E-01  2.642745E-04  9.180106E-07  9.084235E-08  1.872204E-03  3.244231E-08  1.255832E-07  1.447487E-07  8.086525E-02  2.853089E-06  7.133072E-07  5.995092E-07  6.576470E-05  8.939845E-05  1.892162E-07  4.158729E-08  5.379903E-08  2.832144E-07
 3.361500E+02  6.585030E-01  5.822071E-04  7.419923E-08  9.908832E-08  1.106617E-07  1.341133E-07  9.897711E-02  2.427276E-05  1.256040E-08  1.596675E-01  2.616990E-04  8.790896E-07  8.927201E-08  1.843206E-03  3.104180E-08  1.204245E-07  1.398705E-07  7.998146E-02  2.751917E-06  6.940848E-07  5.830184E-07  6.497016E-05  8.831866E-05  1.807503E-07  3.961398E-08  5.126125E-08  2.719635E-07
 3.371500E+02  6.589582E-01  5.765733E-04  7.215324E-08  9.637735E-08  1.076393E-07  1.304778E-07  9.899259E-02  2.391044E-05  1.193156E-08  1.601063E-01  2.591506E-04  8.419729E-07  8.773209E-08  1.814847E-03  2.971032E-08  1.155097E-07  1.351879E-07  7.911101E-02  2.654800E-06  6.754865E-07  5.670721E-07  6.418866E-05  8.725662E-05  1.727030E-07  3.774491E-08  4.885684E-08  2.612207E-07
 3.381500E+02  6.594063E-01  5.710317E-04  7.017691E-08  9.375812E-08  1.047190E-07  1.269644E-07  9.900773E-02  2.355595E-05  1.133794E-08  1.605385E-01  2.566293E-04  8.065711E-07  8.622205E-08  1.787109E-03  2.844409E-08  1.108258E-07  1.306917E-07  7.825366E-02  2.561559E-06  6.574892E-07  5.516501E-07  6.341997E-05  8.621201E-05  1.650519E-07  3.597406E-08  4.657814E-08  2.509607E-07
 3.391500E+02  6.598476E-01  5.655801E-04  6.826748E-08  9.122701E-08  1.018968E-07  1.235683E-07  9.902255E-02  2.320908E-05  1.077737E-08  1.609642E-01  2.541349E-04  7.727995E-07  8.474138E-08  1.759976E-03  2.723956E-08  1.063608E-07  1.263737E-07  7.740923E-02  2.472026E-06  6.400709E-07  5.367326E-07  6.266385E-05  8.518453E-05  1.577759E-07  3.429580E-08  4.441797E-08  2.411595E-07
 3.401500E+02  6.602822E-01  5.602169E-04  6.642233E-08  8.878057E-08  9.916896E-08  1.202851E-07  9.903705E-02  2.286961E-05  1.024784E-08  1.613835E-01  2.516675E-04  7.405776E-07  8.328956E-08  1.733432E-03  2.609338E-08  1.021031E-07  1.222258E-07  7.657750E-02  2.386039E-06  6.232103E-07  5.223010E-07  6.192008E-05  8.417386E-05  1.508551E-07  3.270483E-08  4.236959E-08  2.317944E-07
 3.411500E+02  6.607101E-01  5.549402E-04  6.463893E-08  8.641552E-08  9.653172E-08  1.171103E-07  9.905125E-02  2.253737E-05  9.747454E-09  1.617966E-01  2.492270E-04  7.098294E-07  8.186607E-08  1.707462E-03  2.500239E-08  9.804195E-08  1.182402E-07  7.575827E-02  2.303444E-06  6.068873E-07  5.083373E-07  6.118843E-05  8.317970E-05  1.442707E-07  3.119620E-08  4.042667E-08  2.228438E-07
 3.421500E+02  6.611316E-01  5.497483E-04  6.291489E-08  8.412871E-08  9.398160E-08  1.140398E-07  9.906514E-02  2.221216E-05  9.274456E-09  1.622034E-01  2.468133E-04  6.804825E-07  8.047041E-08  1.682049E-03  2.396364E-08  9.416727E-08  1.144099E-07  7.495134E-02  2.224095E-06  5.910821E-07  4.948242E-07  6.046871E-05  8.220175E-05  1.380048E-07  2.976524E-08  3.858327E-08  2.142874E-07
 3.431500E+02  6.615466E-01  5.446394E-04  6.124791E-08  8.191712E-08  9.151525E-08  1.110696E-07  9.907874E-02  2.189379E-05  8.827196E-09  1.626041E-01  2.444262E-04  6.524684E-07  7.910206E-08  1.657179E-03  2.297434E-08  9.046942E-08  1.107277E-07  7.415650E-02  2.147850E-06  5.757762E-07  4.817452E-07  5.976067E-05  8.123972E-05  1.320409E-07  2.840757E-08  3.683382E-08  2.061061E-07
 3.441500E+02  6.619553E-01  5.396118E-04  5.963578E-08  7.977786E-08  8.912947E-08  1.081958E-07  9.909205E-02  2.158209E-05  8.404134E-09  1.629989E-01  2.420657E-04  6.257222E-07  7.776053E-08  1.632838E-03  2.203187E-08  8.693938E-08  1.071873E-07  7.337358E-02  2.074578E-06  5.609515E-07  4.690844E-07  5.906413E-05  8.029332E-05  1.263630E-07  2.711910E-08  3.517306E-08  1.982815E-07
 3.451500E+02  6.623578E-01  5.346641E-04  5.807642E-08  7.770820E-08  8.682119E-08  1.054149E-07  9.910509E-02  2.127688E-05  8.003830E-09  1.633877E-01  2.397317E-04  6.001822E-07  7.644531E-08  1.609012E-03  2.113375E-08  8.356860E-08  1.037824E-07  7.260236E-02  2.004151E-06  5.465908E-07  4.568265E-07  5.837886E-05  7.936227E-05  1.209563E-07  2.589595E-08  3.359608E-08  1.907965E-07
 3.461500E+02  6.627542E-01  5.297944E-04  5.656780E-08  7.570548E-08  8.458748E-08  1.027233E-07  9.911786E-02  2.097800E-05  7.624937E-09  1.637707E-01  2.374240E-04  5.757899E-07  7.515592E-08  1.585688E-03  2.027765E-08  8.034903E-08  1.005070E-07  7.184267E-02  1.936446E-06  5.326775E-07  4.449569E-07  5.770466E-05  7.844629E-05  1.158067E-07  2.473451E-08  3.209823E-08  1.836346E-07
 3.471500E+02  6.631447E-01  5.250013E-04  5.510801E-08  7.376718E-08  8.242552E-08  1.001176E-07  9.913036E-02  2.068528E-05  7.266195E-09  1.641481E-01  2.351425E-04  5.524899E-07  7.389187E-08  1.562852E-03  1.946138E-08  7.727306E-08  9.735553E-08  7.109432E-02  1.871349E-06  5.191956E-07  4.334617E-07  5.704135E-05  7.754511E-05  1.109009E-07  2.363136E-08  3.067518E-08  1.767804E-07
 3.481500E+02  6.635292E-01  5.202834E-04  5.369520E-08  7.189088E-08  8.033262E-08  9.759472E-08  9.914260E-02  2.039857E-05  6.926424E-09  1.645198E-01  2.328871E-04  5.302295E-07  7.265266E-08  1.540491E-03  1.868287E-08  7.433350E-08  9.432260E-08  7.035711E-02  1.808749E-06  5.061299E-07  4.223273E-07  5.638871E-05  7.665845E-05  1.062263E-07  2.258328E-08  2.932282E-08  1.702192E-07
 3.491500E+02  6.639080E-01  5.156390E-04  5.232761E-08  7.007427E-08  7.830622E-08  9.515151E-08  9.915460E-02  2.011771E-05  6.604518E-09  1.648860E-01  2.306575E-04  5.089587E-07  7.143784E-08  1.518595E-03  1.794017E-08  7.152357E-08  9.140311E-08  6.963087E-02  1.748539E-06  4.934657E-07  4.115407E-07  5.574655E-05  7.578605E-05  1.017711E-07  2.158728E-08  2.803729E-08  1.639370E-07
 3.501500E+02  6.642811E-01  5.110667E-04  5.100355E-08  6.831513E-08  7.634384E-08  9.278506E-08  9.916635E-02  1.984255E-05  6.299444E-09  1.652467E-01  2.284536E-04  4.886301E-07  7.024692E-08  1.497150E-03  1.723143E-08  6.883683E-08  8.859221E-08  6.891543E-02  1.690621E-06  4.811888E-07  4.010896E-07  5.511469E-05  7.492766E-05  9.752406E-08  2.064051E-08  2.681499E-08  1.579207E-07
 3.511500E+02  6.646485E-01  5.065652E-04  4.972140E-08  6.661134E-08  7.444312E-08  9.049253E-08  9.917786E-02  1.957296E-05  6.010230E-09  1.656021E-01  2.262753E-04  4.691987E-07  6.907944E-08  1.476146E-03  1.655493E-08  6.626722E-08  8.588525E-08  6.821059E-02  1.634896E-06  4.692857E-07  3.909620E-07  5.449293E-05  7.408302E-05  9.347455E-08  1.974029E-08  2.565248E-08  1.521577E-07
 3.521500E+02  6.650105E-01  5.021330E-04  4.847961E-08  6.496086E-08  7.260180E-08  8.827123E-08  9.918915E-02  1.930878E-05  5.735969E-09  1.659522E-01  2.241223E-04  4.506217E-07  6.793494E-08  1.455570E-03  1.590902E-08  6.380901E-08  8.327785E-08  6.751619E-02  1.581274E-06  4.577433E-07  3.811465E-07  5.388111E-05  7.325187E-05  8.961258E-08  1.888413E-08  2.454656E-08  1.466363E-07
 3.531500E+02  6.653670E-01  4.977689E-04  4.727670E-08  6.336175E-08  7.081770E-08  8.611856E-08  9.920020E-02  1.904989E-05  5.475807E-09  1.662972E-01  2.219944E-04  4.328587E-07  6.681297E-08  1.435413E-03  1.529215E-08  6.145676E-08  8.076579E-08  6.683206E-02  1.529667E-06  4.465491E-07  3.716320E-07  5.327902E-05  7.243398E-05  8.592867E-08  1.806964E-08  2.349420E-08  1.413450E-07
 3.541500E+02  6.657183E-01  4.934714E-04  4.611125E-08  6.181212E-08  6.908874E-08  8.403205E-08  9.921103E-02  1.879615E-05  5.228945E-09  1.666371E-01  2.198916E-04  4.158709E-07  6.571309E-08  1.415664E-03  1.470286E-08  5.920533E-08  7.834508E-08  6.615803E-02  1.479992E-06  4.356910E-07  3.624079E-07  5.268651E-05  7.162910E-05  8.241386E-08  1.729460E-08  2.249255E-08  1.362732E-07
 3.551500E+02  6.660643E-01  4.892393E-04  4.498188E-08  6.031019E-08  6.741293E-08  8.200931E-08  9.922165E-02  1.854744E-05  4.994633E-09  1.669720E-01  2.178135E-04  3.996220E-07  6.463485E-08  1.396312E-03  1.413977E-08  5.704987E-08  7.601190E-08  6.549393E-02  1.432167E-06  4.251574E-07  3.534642E-07  5.210339E-05  7.083700E-05  7.905967E-08  1.655692E-08  2.153892E-08  1.314109E-07
 3.561500E+02  6.664051E-01  4.850714E-04  4.388730E-08  5.885424E-08  6.578836E-08  8.004805E-08  9.923206E-02  1.830363E-05  4.772166E-09  1.673019E-01  2.157599E-04  3.840770E-07  6.357783E-08  1.377347E-03  1.360159E-08  5.498576E-08  7.376263E-08  6.483960E-02  1.386117E-06  4.149373E-07  3.447909E-07  5.152949E-05  7.005743E-05  7.585809E-08  1.585460E-08  2.063079E-08  1.267482E-07
 3.571500E+02  6.667409E-01  4.809663E-04  4.282625E-08  5.744262E-08  6.421318E-08  7.814609E-08  9.924227E-02  1.806460E-05  4.560883E-09  1.676270E-01  2.137307E-04  3.692029E-07  6.254159E-08  1.358761E-03  1.308706E-08  5.300865E-08  7.159379E-08  6.419487E-02  1.341770E-06  4.050198E-07  3.363788E-07  5.096465E-05  6.929018E-05  7.280153E-08  1.518579E-08  1.976575E-08  1.222761E-07
 3.581500E+02  6.670718E-01  4.769230E-04  4.179753E-08  5.607375E-08  6.268565E-08  7.630132E-08  9.925227E-02  1.783023E-05  4.360163E-09  1.679474E-01  2.117257E-04  3.549685E-07  6.152572E-08  1.340543E-03  1.259503E-08  5.111441E-08  6.950207E-08  6.355959E-02  1.299054E-06  3.953946E-07  3.282187E-07  5.040870E-05  6.853502E-05  6.988281E-08  1.454873E-08  1.894157E-08  1.179860E-07
 3.591500E+02  6.673977E-01  4.729403E-04  4.079998E-08  5.474610E-08  6.120406E-08  7.451172E-08  9.926208E-02  1.760041E-05  4.169423E-09  1.682631E-01  2.097446E-04  3.413439E-07  6.052981E-08  1.322685E-03  1.212439E-08  4.929911E-08  6.748433E-08  6.293360E-02  1.257904E-06  3.860519E-07  3.203021E-07  4.986148E-05  6.779173E-05  6.709513E-08  1.394176E-08  1.815611E-08  1.138694E-07
 3.601500E+02  6.677188E-01  4.690169E-04  3.983249E-08  5.345823E-08  5.976679E-08  7.277536E-08  9.927170E-02  1.737503E-05  3.988114E-09  1.685741E-01  2.077871E-04  3.283007E-07  5.955345E-08  1.305177E-03  1.167411E-08  4.755906E-08  6.553756E-08  6.231675E-02  1.218256E-06  3.769820E-07  3.126205E-07  4.932284E-05  6.706010E-05  6.443204E-08  1.336331E-08  1.740737E-08  1.099186E-07
 3.611500E+02  6.680352E-01  4.651518E-04  3.889401E-08  5.220874E-08  5.837230E-08  7.109037E-08  9.928114E-02  1.715399E-05  3.815720E-09  1.688807E-01  2.058532E-04  3.158120E-07  5.859624E-08  1.288012E-03  1.124319E-08  4.589074E-08  6.365887E-08  6.170889E-02  1.180049E-06  3.681759E-07  3.051659E-07  4.879261E-05  6.633991E-05  6.188746E-08  1.281191E-08  1.669346E-08  1.061262E-07
 3.621500E+02  6.683470E-01  4.613440E-04  3.798351E-08  5.099627E-08  5.701908E-08  6.945497E-08  9.929039E-02  1.693717E-05  3.651757E-09  1.691828E-01  2.039425E-04  3.038523E-07  5.765779E-08  1.271180E-03  1.083069E-08  4.429080E-08  6.184554E-08  6.110986E-02  1.143225E-06  3.596246E-07  2.979306E-07  4.827065E-05  6.563095E-05  5.945560E-08  1.228617E-08  1.601260E-08  1.024850E-07
 3.631500E+02  6.686542E-01  4.575922E-04  3.710001E-08  4.981955E-08  5.570570E-08  6.786743E-08  9.929946E-02  1.672448E-05  3.495769E-09  1.694805E-01  2.020548E-04  2.923971E-07  5.673772E-08  1.254675E-03  1.043574E-08  4.275608E-08  6.009493E-08  6.051952E-02  1.107729E-06  3.513196E-07  2.909072E-07  4.775681E-05  6.493303E-05  5.713100E-08  1.178476E-08  1.536309E-08  9.898825E-08
 3.641500E+02  6.689569E-01  4.538955E-04  3.624257E-08  4.867733E-08  5.443077E-08  6.632612E-08  9.930837E-02  1.651581E-05  3.347325E-09  1.697739E-01  2.001900E-04  2.814234E-07  5.583565E-08  1.238487E-03  1.005750E-08  4.128359E-08  5.840456E-08  5.993773E-02  1.073506E-06  3.432527E-07  2.840884E-07  4.725093E-05  6.424593E-05  5.490847E-08  1.130645E-08  1.474334E-08  9.562958E-08
 3.651500E+02  6.692552E-01  4.502528E-04  3.541029E-08  4.756842E-08  5.319299E-08  6.482945E-08  9.931710E-02  1.631108E-05  3.206023E-09  1.700630E-01  1.983477E-04  2.709091E-07  5.495120E-08  1.222609E-03  9.695161E-09  3.987046E-08  5.677203E-08  5.936435E-02  1.040506E-06  3.354161E-07  2.774675E-07  4.675288E-05  6.356947E-05  5.278309E-08  1.085006E-08  1.415185E-08  9.240288E-08
 3.661500E+02  6.695492E-01  4.466632E-04  3.460231E-08  4.649168E-08  5.199106E-08  6.337589E-08  9.932567E-02  1.611019E-05  3.071482E-09  1.703480E-01  1.965277E-04  2.608334E-07  5.408402E-08  1.207035E-03  9.347985E-09  3.851400E-08  5.519505E-08  5.879923E-02  1.008681E-06  3.278022E-07  2.710377E-07  4.626251E-05  6.290345E-05  5.075021E-08  1.041449E-08  1.358720E-08  8.930234E-08
 3.671500E+02  6.698389E-01  4.431257E-04  3.381778E-08  4.544602E-08  5.082378E-08  6.196399E-08  9.933408E-02  1.591306E-05  2.943343E-09  1.706289E-01  1.947298E-04  2.511762E-07  5.323374E-08  1.191756E-03  9.015254E-09  3.721164E-08  5.367145E-08  5.824224E-02  9.779836E-07  3.204035E-07  2.647928E-07  4.577969E-05  6.224769E-05  4.880540E-08  9.998684E-09  1.304804E-08  8.632244E-08
 3.681500E+02  6.701244E-01  4.396392E-04  3.305590E-08  4.443037E-08  4.968995E-08  6.059233E-08  9.934234E-02  1.571958E-05  2.821269E-09  1.709058E-01  1.929538E-04  2.419186E-07  5.240002E-08  1.176766E-03  8.696292E-09  3.596094E-08  5.219914E-08  5.769325E-02  9.483695E-07  3.132131E-07  2.587265E-07  4.530428E-05  6.160200E-05  4.694448E-08  9.601653E-09  1.253310E-08  8.345791E-08
 3.691500E+02  6.704058E-01  4.362030E-04  3.231591E-08  4.344372E-08  4.858847E-08  5.925956E-08  9.935044E-02  1.552968E-05  2.704941E-09  1.711787E-01  1.911994E-04  2.330427E-07  5.158251E-08  1.162058E-03  8.390458E-09  3.475958E-08  5.077613E-08  5.715211E-02  9.197962E-07  3.062243E-07  2.528330E-07  4.483614E-05  6.096619E-05  4.516347E-08  9.222462E-09  1.204118E-08  8.070374E-08
 3.701500E+02  6.706831E-01  4.328160E-04  3.159707E-08  4.248509E-08  4.751822E-08  5.796438E-08  9.935839E-02  1.534327E-05  2.594061E-09  1.714477E-01  1.894664E-04  2.245313E-07  5.078087E-08  1.147625E-03  8.097143E-09  3.360535E-08  4.940050E-08  5.661871E-02  8.922226E-07  2.994303E-07  2.471065E-07  4.437515E-05  6.034009E-05  4.345859E-08  8.860224E-09  1.157113E-08  7.805517E-08
 3.711500E+02  6.709564E-01  4.294774E-04  3.089866E-08  4.155356E-08  4.647818E-08  5.670554E-08  9.936619E-02  1.516027E-05  2.488343E-09  1.717129E-01  1.877545E-04  2.163680E-07  4.999477E-08  1.133461E-03  7.815771E-09  3.249617E-08  4.807044E-08  5.609292E-02  8.656099E-07  2.928250E-07  2.415417E-07  4.392118E-05  5.972353E-05  4.182628E-08  8.514102E-09  1.112189E-08  7.550766E-08
 3.721500E+02  6.712259E-01  4.261863E-04  3.021999E-08  4.064820E-08  4.546733E-08  5.548183E-08  9.937385E-02  1.498061E-05  2.387523E-09  1.719743E-01  1.860636E-04  2.085372E-07  4.922389E-08  1.119560E-03  7.545793E-09  3.143003E-08  4.678420E-08  5.557460E-02  8.399205E-07  2.864022E-07  2.361331E-07  4.347410E-05  5.911632E-05  4.026313E-08  8.183302E-09  1.069243E-08  7.305686E-08
 3.731500E+02  6.714914E-01  4.229418E-04  2.956042E-08  3.976816E-08  4.448470E-08  5.429210E-08  9.938137E-02  1.480421E-05  2.291348E-09  1.722320E-01  1.843933E-04  2.010243E-07  4.846791E-08  1.105915E-03  7.286689E-09  3.040506E-08  4.554011E-08  5.506363E-02  8.151187E-07  2.801561E-07  2.308757E-07  4.303378E-05  5.851832E-05  3.876592E-08  7.867076E-09  1.028179E-08  7.069867E-08
