#         T/K            c1          c2-1          c3-4          c3-5          c3-7          c3-9            m1          m2-1          m3-1            w1            w2          w3-1          w3-2          c1m1        c1m2-1        c1m2-7        c2m1-1        c1w1-2        c1w2-1        c2w1-1        c2w1-9        m1w1-1        m1w1-4        m1w2-1        m2w1-1        m2w1-3      c1m1w1-1
 2.731500E+02  6.573502E-01  1.467203E-03  8.670428E-07  1.138015E-06  1.266132E-06  1.509705E-06  4.818921E-02  2.003945E-05  8.994588E-08  1.099833E-01  4.259028E-04  1.677486E-05  2.353693E-07  3.400663E-03  2.688097E-07  8.820499E-07  1.224052E-06  1.789099E-01  3.807859E-05  6.127849E-06  5.380900E-06  7.346794E-05  1.000097E-04  2.422589E-06  3.843314E-07  4.867608E-07  3.070166E-06
 2.741500E+02  6.585023E-01  1.444609E-03  8.292085E-07  1.088725E-06  1.211383E-06  1.444879E-06  4.823182E-02  1.957787E-05  8.310742E-08  1.110764E-01  4.238562E-04  1.595043E-05  2.324988E-07  3.319159E-03  2.510886E-07  8.265699E-07  1.159967E-06  1.767346E-01  3.638254E-05  5.898658E-06  5.175178E-06  7.247813E-05  9.865601E-05  2.282807E-06  3.586862E-07  4.544618E-07  2.898763E-06
 2.751500E+02  6.596411E-01  1.422540E-03  7.933095E-07  1.041941E-06  1.159414E-06  1.383326E-06  4.827312E-02  1.912985E-05  7.683169E-08  1.121579E-01  4.217341E-04  1.516664E-05  2.296051E-07  3.240179E-03  2.346527E-07  7.749483E-07  1.099690E-06  1.745825E-01  3.476587E-05  5.679109E-06  4.978291E-06  7.149958E-05  9.731805E-05  2.151494E-06  3.348764E-07  4.244624E-07  2.737770E-06
 2.761500E+02  6.607664E-01  1.400981E-03  7.592336E-07  9.975176E-07  1.110064E-06  1.324857E-06  4.831316E-02  1.869494E-05  7.106919E-08  1.132277E-01  4.195404E-04  1.442159E-05  2.266919E-07  3.163633E-03  2.194012E-07  7.268938E-07  1.042972E-06  1.724537E-01  3.322480E-05  5.468763E-06  4.789826E-06  7.053244E-05  9.599596E-05  2.028120E-06  3.127629E-07  3.965892E-07  2.586512E-06
 2.771500E+02  6.618782E-01  1.379917E-03  7.268757E-07  9.553205E-07  1.063184E-06  1.269297E-06  4.835200E-02  1.827272E-05  6.577505E-08  1.142857E-01  4.172787E-04  1.371342E-05  2.237628E-07  3.089431E-03  2.052417E-07  6.821388E-07  9.895792E-07  1.703483E-01  3.175572E-05  5.267198E-06  4.609391E-06  6.957680E-05  9.468988E-05  1.912190E-06  2.922178E-07  3.706828E-07  2.444358E-06
 2.781500E+02  6.629767E-01  1.359332E-03  6.961377E-07  9.152228E-07  1.018632E-06  1.216481E-06  4.838966E-02  1.786276E-05  6.090855E-08  1.153319E-01  4.149529E-04  1.304037E-05  2.208214E-07  3.017490E-03  1.920894E-07  6.404370E-07  9.392958E-07  1.682665E-01  3.035520E-05  5.074016E-06  4.436613E-06  6.863277E-05  9.339991E-05  1.803241E-06  2.731231E-07  3.465960E-07  2.310724E-06
 2.791500E+02  6.640617E-01  1.339212E-03  6.669274E-07  8.771058E-07  9.762786E-07  1.166256E-06  4.842620E-02  1.746466E-05  5.643272E-08  1.163663E-01  4.125667E-04  1.240077E-05  2.178710E-07  2.947729E-03  1.798668E-07  6.015620E-07  8.919213E-07  1.662083E-01  2.901997E-05  4.888836E-06  4.271138E-06  6.770041E-05  9.212615E-05  1.700837E-06  2.553705E-07  3.241933E-07  2.185061E-06
 2.801500E+02  6.651333E-01  1.319545E-03  6.391588E-07  8.408583E-07  9.359993E-07  1.118477E-06  4.846165E-02  1.707803E-05  5.231397E-08  1.173887E-01  4.101236E-04  1.179299E-05  2.149148E-07  2.880070E-03  1.685026E-07  5.653053E-07  8.472690E-07  1.641739E-01  2.774691E-05  4.711297E-06  4.112630E-06  6.677978E-05  9.086866E-05  1.604572E-06  2.388597E-07  3.033498E-07  2.066860E-06
 2.811500E+02  6.661915E-01  1.300317E-03  6.127510E-07  8.063762E-07  8.976791E-07  1.073008E-06  4.849606E-02  1.670250E-05  4.852177E-08  1.183992E-01  4.076272E-04  1.121549E-05  2.119557E-07  2.814438E-03  1.579314E-07  5.314749E-07  8.051653E-07  1.621632E-01  2.653305E-05  4.541055E-06  3.960768E-06  6.587094E-05  8.962748E-05  1.514063E-06  2.234987E-07  2.839502E-07  1.955647E-06
 2.821500E+02  6.672364E-01  1.281515E-03  5.876283E-07  7.735617E-07  8.612095E-07  1.029722E-06  4.852945E-02  1.633770E-05  4.502838E-08  1.193978E-01  4.050807E-04  1.066679E-05  2.089967E-07  2.750762E-03  1.480931E-07  4.998940E-07  7.654489E-07  1.601763E-01  2.537557E-05  4.377782E-06  3.815249E-06  6.497391E-05  8.840266E-05  1.428955E-06  2.092022E-07  2.658883E-07  1.850978E-06
 2.831500E+02  6.682680E-01  1.263127E-03  5.637196E-07  7.423232E-07  8.264890E-07  9.885000E-07  4.856187E-02  1.598327E-05  4.180852E-08  1.203845E-01  4.024877E-04  1.014549E-05  2.060405E-07  2.688973E-03  1.389326E-07  4.703995E-07  7.279695E-07  1.582132E-01  2.427176E-05  4.221167E-06  3.675782E-06  6.408871E-05  8.719419E-05  1.348911E-06  1.958920E-07  2.490661E-07  1.752440E-06
 2.841500E+02  6.692864E-01  1.245142E-03  5.409582E-07  7.125744E-07  7.934221E-07  9.492301E-07  4.859334E-02  1.563889E-05  3.883923E-08  1.213591E-01  3.998512E-04  9.650250E-06  2.030896E-07  2.629004E-03  1.303991E-07  4.428413E-07  6.925869E-07  1.562740E-01  2.321906E-05  4.070913E-06  3.542094E-06  6.321534E-05  8.600207E-05  1.273620E-06  1.834957E-07  2.333929E-07  1.659647E-06
 2.851500E+02  6.702915E-01  1.227548E-03  5.192816E-07  6.842347E-07  7.619192E-07  9.118069E-07  4.862391E-02  1.530422E-05  3.609957E-08  1.223219E-01  3.971745E-04  9.179772E-06  2.001466E-07  2.570793E-03  1.224459E-07  4.170806E-07  6.591709E-07  1.543585E-01  2.221503E-05  3.926737E-06  3.413921E-06  6.235379E-05  8.482629E-05  1.202786E-06  1.719465E-07  2.187853E-07  1.572239E-06
 2.861500E+02  6.712835E-01  1.210334E-03  4.986310E-07  6.572280E-07  7.318961E-07  8.761314E-07  4.865360E-02  1.497894E-05  3.357045E-08  1.232727E-01  3.944606E-04  8.732838E-06  1.972137E-07  2.514278E-03  1.150302E-07  3.929894E-07  6.275999E-07  1.524668E-01  2.125735E-05  3.788370E-06  3.291016E-06  6.150406E-05  8.366680E-05  1.136135E-06  1.611828E-07  2.051661E-07  1.489880E-06
 2.871500E+02  6.722624E-01  1.193490E-03  4.789510E-07  6.314829E-07  7.032736E-07  8.421106E-07  4.868244E-02  1.466276E-05  3.123449E-08  1.242116E-01  3.917124E-04  8.308279E-06  1.942932E-07  2.459400E-03  1.081124E-07  3.704495E-07  5.977605E-07  1.505988E-01  2.034380E-05  3.655557E-06  3.173140E-06  6.066610E-05  8.252357E-05  1.073410E-06  1.511476E-07  1.924640E-07  1.412257E-06
 2.881500E+02  6.732283E-01  1.177006E-03  4.601899E-07  6.069323E-07  6.759772E-07  8.096570E-07  4.871046E-02  1.435537E-05  2.907582E-08  1.251387E-01  3.889329E-04  7.904982E-06  1.913869E-07  2.406104E-03  1.016561E-07  3.493519E-07  5.695469E-07  1.487545E-01  1.947227E-05  3.528052E-06  3.060069E-06  5.983989E-05  8.139652E-05  1.014369E-06  1.417885E-07  1.806133E-07  1.339076E-06
 2.891500E+02  6.741813E-01  1.160871E-03  4.422987E-07  5.835131E-07  6.499371E-07  7.786883E-07  4.873768E-02  1.405650E-05  2.707997E-08  1.260540E-01  3.861248E-04  7.521885E-06  1.884970E-07  2.354336E-03  9.562784E-08  3.295957E-07  5.428606E-07  1.469337E-01  1.864075E-05  3.405623E-06  2.951588E-06  5.902537E-05  8.028558E-05  9.587864E-07  1.330568E-07  1.695530E-07  1.270064E-06
 2.901500E+02  6.751214E-01  1.145076E-03  4.252314E-07  5.611659E-07  6.250872E-07  7.491269E-07  4.876415E-02  1.376586E-05  2.523373E-08  1.269574E-01  3.832908E-04  7.157979E-06  1.856251E-07  2.304042E-03  8.999661E-08  3.110874E-07  5.176094E-07  1.451364E-01  1.784734E-05  3.288048E-06  2.847493E-06  5.822249E-05  7.919068E-05  9.064496E-07  1.249076E-07  1.592268E-07  1.204964E-06
 2.911500E+02  6.760488E-01  1.129613E-03  4.089450E-07  5.398346E-07  6.013655E-07  7.208999E-07  4.878987E-02  1.348320E-05  2.352500E-08  1.278492E-01  3.804335E-04  6.812300E-06  1.827729E-07  2.255174E-03  8.473392E-08  2.937410E-07  4.937072E-07  1.433625E-01  1.709022E-05  3.175117E-06  2.747588E-06  5.743120E-05  7.811171E-05  8.571605E-07  1.172995E-07  1.495827E-07  1.143537E-06
 2.921500E+02  6.769635E-01  1.114472E-03  3.933986E-07  5.194667E-07  5.787136E-07  6.939386E-07  4.881488E-02  1.320825E-05  2.194277E-08  1.287292E-01  3.775554E-04  6.483934E-06  1.799421E-07  2.207683E-03  7.981347E-08  2.774764E-07  4.710737E-07  1.416118E-01  1.636765E-05  3.066627E-06  2.651689E-06  5.665141E-05  7.704858E-05  8.107331E-07  1.101940E-07  1.405726E-07  1.085560E-06
 2.931500E+02  6.778657E-01  1.099644E-03  3.785539E-07  5.000124E-07  5.570765E-07  6.681781E-07  4.883920E-02  1.294078E-05  2.047693E-08  1.295977E-01  3.746589E-04  6.172008E-06  1.771339E-07  2.161522E-03  7.521097E-08  2.622198E-07  4.496336E-07  1.398843E-01  1.567800E-05  2.962386E-06  2.559620E-06  5.588306E-05  7.600117E-05  7.669932E-07  1.035558E-07  1.321519E-07  1.030823E-06
 2.941500E+02  6.787554E-01  1.085122E-03  3.643749E-07  4.814250E-07  5.364022E-07  6.435573E-07  4.886286E-02  1.268054E-05  1.911826E-08  1.304546E-01  3.717464E-04  5.875693E-06  1.743498E-07  2.116648E-03  7.090398E-08  2.479028E-07  4.293169E-07  1.381798E-01  1.501969E-05  2.862212E-06  2.471211E-06  5.512606E-05  7.496936E-05  7.257775E-07  9.735183E-08  1.242793E-07  9.791315E-07
 2.951500E+02  6.796327E-01  1.070897E-03  3.508274E-07  4.636605E-07  5.166419E-07  6.200185E-07  4.888586E-02  1.242731E-05  1.785830E-08  1.313001E-01  3.688200E-04  5.594200E-06  1.715910E-07  2.073017E-03  6.687179E-08  2.344619E-07  4.100576E-07  1.364981E-01  1.439123E-05  2.765930E-06  2.386303E-06  5.438031E-05  7.395302E-05  6.869330E-07  9.155180E-08  1.169166E-07  9.303015E-07
 2.961500E+02  6.804977E-01  1.056961E-03  3.378793E-07  4.466771E-07  4.977493E-07  5.975075E-07  4.890825E-02  1.218085E-05  1.668930E-08  1.321341E-01  3.658819E-04  5.326779E-06  1.688586E-07  2.030589E-03  6.309522E-08  2.218382E-07  3.917943E-07  1.348391E-01  1.379121E-05  2.673373E-06  2.304743E-06  5.364574E-05  7.295202E-05  6.503161E-07  8.612755E-08  1.100286E-07  8.841620E-07
 2.971500E+02  6.813506E-01  1.043308E-03  3.255004E-07  4.304357E-07  4.796810E-07  5.759729E-07  4.893002E-02  1.194097E-05  1.560419E-08  1.329569E-01  3.629343E-04  5.072717E-06  1.661537E-07  1.989324E-03  5.955655E-08  2.099772E-07  3.744695E-07  1.332027E-01  1.321828E-05  2.584382E-06  2.226386E-06  5.292225E-05  7.196622E-05  6.157925E-07  8.105297E-08  1.035823E-07  8.405524E-07
 2.981500E+02  6.821915E-01  1.029929E-03  3.136622E-07  4.148991E-07  4.623957E-07  5.553663E-07  4.895122E-02  1.170744E-05  1.459645E-08  1.337684E-01  3.599790E-04  4.831337E-06  1.634772E-07  1.949183E-03  5.623941E-08  1.988283E-07  3.580291E-07  1.315886E-01  1.267114E-05  2.498806E-06  2.151092E-06  5.220972E-05  7.099548E-05  5.832361E-07  7.630393E-08  9.754747E-08  7.993227E-07
 2.991500E+02  6.830204E-01  1.016818E-03  3.023375E-07  4.000325E-07  4.458548E-07  5.356419E-07  4.897185E-02  1.148008E-05  1.366013E-08  1.345688E-01  3.570179E-04  4.601994E-06  1.608299E-07  1.910130E-03  5.312860E-08  1.883446E-07  3.424226E-07  1.299968E-01  1.214859E-05  2.416499E-06  2.078731E-06  5.150805E-05  7.003963E-05  5.525287E-07  7.185801E-08  9.189587E-08  7.603321E-07
 3.001500E+02  6.838376E-01  1.003968E-03  2.915010E-07  3.858028E-07  4.300215E-07  5.167564E-07  4.899193E-02  1.125869E-05  1.278975E-08  1.353581E-01  3.540530E-04  4.384077E-06  1.582126E-07  1.872130E-03  5.021007E-08  1.784824E-07  3.276027E-07  1.284269E-01  1.164945E-05  2.337325E-06  2.009175E-06  5.081714E-05  6.909854E-05  5.235596E-07  6.769447E-08  8.660141E-08  7.234487E-07
 3.011500E+02  6.846430E-01  9.913722E-04  2.811285E-07  3.721787E-07  4.148612E-07  4.986690E-07  4.901148E-02  1.104308E-05  1.198028E-08  1.361365E-01  3.510859E-04  4.177003E-06  1.556261E-07  1.835148E-03  4.747081E-08  1.692012E-07  3.135249E-07  1.268789E-01  1.117262E-05  2.261151E-06  1.942305E-06  5.013687E-05  6.817203E-05  4.962248E-07  6.379406E-08  8.163984E-08  6.885492E-07
 3.021500E+02  6.854369E-01  9.790243E-04  2.711975E-07  3.591308E-07  4.003411E-07  4.813410E-07  4.903051E-02  1.083307E-05  1.122712E-08  1.369041E-01  3.481183E-04  3.980223E-06  1.530709E-07  1.799152E-03  4.489875E-08  1.604633E-07  3.001476E-07  1.253524E-01  1.071705E-05  2.187852E-06  1.878006E-06  4.946712E-05  6.725994E-05  4.704269E-07  6.013891E-08  7.698868E-08  6.555176E-07
 3.031500E+02  6.862193E-01  9.669180E-04  2.616863E-07  3.466311E-07  3.864303E-07  4.647359E-07  4.904905E-02  1.062850E-05  1.052603E-08  1.376609E-01  3.451518E-04  3.793211E-06  1.505475E-07  1.764109E-03  4.248270E-08  1.522338E-07  2.874318E-07  1.238474E-01  1.028173E-05  2.117306E-06  1.816168E-06  4.880778E-05  6.636211E-05  4.460745E-07  5.671246E-08  7.262706E-08  6.242455E-07
 3.041500E+02  6.869904E-01  9.550474E-04  2.525746E-07  3.346533E-07  3.730995E-07  4.488192E-07  4.906711E-02  1.042918E-05  9.873096E-09  1.384070E-01  3.421879E-04  3.615470E-06  1.480565E-07  1.729991E-03  4.021228E-08  1.444799E-07  2.753407E-07  1.223637E-01  9.865722E-06  2.049401E-06  1.756687E-06  4.815872E-05  6.547837E-05  4.230819E-07  5.349932E-08  6.853559E-08  5.946311E-07
 3.051500E+02  6.877504E-01  9.434067E-04  2.438433E-07  3.231723E-07  3.603210E-07  4.335580E-07  4.908470E-02  1.023498E-05  9.264748E-09  1.391426E-01  3.392280E-04  3.446527E-06  1.455983E-07  1.696767E-03  3.807786E-08  1.371716E-07  2.638398E-07  1.209009E-01  9.468107E-06  1.984025E-06  1.699464E-06  4.751983E-05  6.460855E-05  4.013687E-07  5.048521E-08  6.469627E-08  5.665787E-07
 3.061500E+02  6.884992E-01  9.319902E-04  2.354742E-07  3.121647E-07  3.480685E-07  4.189214E-07  4.910184E-02  1.004571E-05  8.697681E-09  1.398678E-01  3.362735E-04  3.285935E-06  1.431731E-07  1.664410E-03  3.607049E-08  1.302805E-07  2.528969E-07  1.194589E-01  9.088026E-06  1.921075E-06  1.644403E-06  4.689098E-05  6.375246E-05  3.808594E-07  4.765686E-08  6.109237E-08  5.399989E-07
 3.071500E+02  6.892372E-01  9.207924E-04  2.274499E-07  3.016079E-07  3.363172E-07  4.048801E-07  4.911855E-02  9.861246E-06  8.168857E-09  1.405827E-01  3.333258E-04  3.133268E-06  1.407813E-07  1.632891E-03  3.418187E-08  1.237803E-07  2.424815E-07  1.180375E-01  8.724658E-06  1.860451E-06  1.591414E-06  4.627204E-05  6.290995E-05  3.614833E-07  4.500196E-08  5.770835E-08  5.148075E-07
 3.081500E+02  6.899643E-01  9.098079E-04  2.197543E-07  2.914808E-07  3.250435E-07  3.914062E-07  4.913483E-02  9.681429E-06  7.675480E-09  1.412873E-01  3.303860E-04  2.988122E-06  1.384232E-07  1.602186E-03  3.240428E-08  1.176466E-07  2.325651E-07  1.166364E-01  8.377223E-06  1.802057E-06  1.540411E-06  4.566288E-05  6.208082E-05  3.431737E-07  4.250903E-08  5.452975E-08  4.909256E-07
 3.091500E+02  6.906807E-01  8.990318E-04  2.123719E-07  2.817633E-07  3.142253E-07  3.784735E-07  4.915069E-02  9.506121E-06  7.214969E-09  1.419818E-01  3.274553E-04  2.850114E-06  1.360988E-07  1.572267E-03  3.073054E-08  1.118567E-07  2.231207E-07  1.152555E-01  8.044977E-06  1.745801E-06  1.491310E-06  4.506338E-05  6.126490E-05  3.258685E-07  4.016744E-08  5.154312E-08  4.682789E-07
 3.101500E+02  6.913866E-01  8.884589E-04  2.052881E-07  2.724365E-07  3.038412E-07  3.660568E-07  4.916616E-02  9.335188E-06  6.784948E-09  1.426664E-01  3.245349E-04  2.718881E-06  1.338083E-07  1.543112E-03  2.915398E-08  1.063891E-07  2.141230E-07  1.138944E-01  7.727213E-06  1.691598E-06  1.444033E-06  4.447342E-05  6.046202E-05  3.095089E-07  3.796727E-08  4.873596E-08  4.467980E-07
 3.111500E+02  6.920821E-01  8.780843E-04  1.984890E-07  2.634822E-07  2.938715E-07  3.541327E-07  4.918125E-02  9.168498E-06  6.383224E-09  1.433410E-01  3.216258E-04  2.594079E-06  1.315519E-07  1.514696E-03  2.766840E-08  1.012241E-07  2.055484E-07  1.125530E-01  7.423259E-06  1.639363E-06  1.398504E-06  4.389285E-05  5.967198E-05  2.940401E-07  3.589932E-08  4.609664E-08  4.264173E-07
 3.121500E+02  6.927673E-01  8.679035E-04  1.919615E-07  2.548833E-07  2.842969E-07  3.426785E-07  4.919595E-02  9.005923E-06  6.007774E-09  1.440059E-01  3.187290E-04  2.475379E-06  1.293294E-07  1.486998E-03  2.626801E-08  9.634321E-08  1.973744E-07  1.112311E-01  7.132473E-06  1.589016E-06  1.354652E-06  4.332155E-05  5.889462E-05  2.794103E-07  3.395501E-08  4.361432E-08  4.070754E-07
 3.131500E+02  6.934424E-01  8.579117E-04  1.856930E-07  2.466237E-07  2.750996E-07  3.316729E-07  4.921030E-02  8.847343E-06  5.656730E-09  1.446612E-01  3.158454E-04  2.362472E-06  1.271411E-07  1.459994E-03  2.494744E-08  9.172909E-08  1.895799E-07  1.099284E-01  6.854246E-06  1.540482E-06  1.312407E-06  4.275939E-05  5.812974E-05  2.655712E-07  3.212636E-08  4.127891E-08  3.887144E-07
 3.141500E+02  6.941074E-01  8.481046E-04  1.796719E-07  2.386879E-07  2.662624E-07  3.210959E-07  4.922429E-02  8.692638E-06  5.328367E-09  1.453069E-01  3.129759E-04  2.255063E-06  1.249867E-07  1.433664E-03  2.370166E-08  8.736563E-08  1.821450E-07  1.086446E-01  6.587999E-06  1.493688E-06  1.271704E-06  4.220623E-05  5.737718E-05  2.524771E-07  3.040593E-08  3.908101E-08  3.712801E-07
 3.151500E+02  6.947626E-01  8.384778E-04  1.738868E-07  2.310614E-07  2.577691E-07  3.109280E-07  4.923794E-02  8.541694E-06  5.021090E-09  1.459432E-01  3.101214E-04  2.152875E-06  1.228662E-07  1.407988E-03  2.252603E-08  8.323776E-08  1.750511E-07  1.073796E-01  6.333178E-06  1.448564E-06  1.232480E-06  4.166196E-05  5.663674E-05  2.400853E-07  2.878681E-08  3.701189E-08  3.547213E-07
 3.161500E+02  6.954080E-01  8.290271E-04  1.683272E-07  2.237302E-07  2.496043E-07  3.011511E-07  4.925126E-02  8.394401E-06  4.733426E-09  1.465703E-01  3.072826E-04  2.055641E-06  1.207796E-07  1.382946E-03  2.141617E-08  7.933139E-08  1.682806E-07  1.061331E-01  6.089260E-06  1.405043E-06  1.194675E-06  4.112643E-05  5.590825E-05  2.283556E-07  2.726255E-08  3.506336E-08  3.389899E-07
 3.171500E+02  6.960438E-01  8.197485E-04  1.629829E-07  2.166813E-07  2.417533E-07  2.917479E-07  4.926425E-02  8.250652E-06  4.464013E-09  1.471881E-01  3.044603E-04  1.963112E-06  1.187266E-07  1.358518E-03  2.036803E-08  7.563335E-08  1.618166E-07  1.049048E-01  5.855743E-06  1.363062E-06  1.158232E-06  4.059953E-05  5.519154E-05  2.172502E-07  2.582713E-08  3.322783E-08  3.240408E-07
 3.181500E+02  6.966701E-01  8.106379E-04  1.578443E-07  2.099020E-07  2.342023E-07  2.827019E-07  4.927694E-02  8.110343E-06  4.211588E-09  1.477969E-01  3.016551E-04  1.875048E-06  1.167072E-07  1.334687E-03  1.937783E-08  7.213134E-08  1.556437E-07  1.036946E-01  5.632152E-06  1.322560E-06  1.123095E-06  4.008111E-05  5.448641E-05  2.067335E-07  2.447496E-08  3.149821E-08  3.098314E-07
 3.191500E+02  6.972870E-01  8.016916E-04  1.529023E-07  2.033804E-07  2.269381E-07  2.739974E-07  4.928932E-02  7.973376E-06  3.974984E-09  1.483968E-01  2.988678E-04  1.791225E-06  1.147210E-07  1.311435E-03  1.844203E-08  6.881382E-08  1.497470E-07  1.025022E-01  5.418032E-06  1.283478E-06  1.089213E-06  3.957105E-05  5.379269E-05  1.967721E-07  2.320080E-08  2.986787E-08  2.963215E-07
 3.201500E+02  6.978948E-01  7.929058E-04  1.481482E-07  1.971054E-07  2.199480E-07  2.656195E-07  4.930140E-02  7.839653E-06  3.753122E-09  1.489879E-01  2.960988E-04  1.711429E-06  1.127680E-07  1.288745E-03  1.755732E-08  6.567003E-08  1.441125E-07  1.013273E-01  5.212954E-06  1.245761E-06  1.056535E-06  3.906922E-05  5.311021E-05  1.873348E-07  2.199978E-08  2.833064E-08  2.834735E-07
 3.211500E+02  6.984934E-01  7.842768E-04  1.435739E-07  1.910661E-07  2.132202E-07  2.575542E-07  4.931320E-02  7.709080E-06  3.544999E-09  1.495702E-01  2.933488E-04  1.635456E-06  1.108478E-07  1.266600E-03  1.672063E-08  6.268985E-08  1.387270E-07  1.001697E-01  5.016505E-06  1.209355E-06  1.025014E-06  3.857550E-05  5.243879E-05  1.783919E-07  2.086735E-08  2.688076E-08  2.712519E-07
 3.221500E+02  6.990830E-01  7.758011E-04  1.391714E-07  1.852524E-07  2.067433E-07  2.497879E-07  4.932472E-02  7.581569E-06  3.349687E-09  1.501440E-01  2.906182E-04  1.563114E-06  1.089602E-07  1.244984E-03  1.592907E-08  5.986385E-08  1.335782E-07  9.902929E-02  4.828294E-06  1.174209E-06  9.946023E-07  3.808976E-05  5.177825E-05  1.699158E-07  1.979926E-08  2.551284E-08  2.596230E-07
 3.231500E+02  6.996638E-01  7.674753E-04  1.349333E-07  1.796544E-07  2.005064E-07  2.423078E-07  4.933597E-02  7.457032E-06  3.166326E-09  1.507093E-01  2.879076E-04  1.494220E-06  1.071048E-07  1.223882E-03  1.517996E-08  5.718316E-08  1.286541E-07  9.790568E-02  4.647949E-06  1.140274E-06  9.652574E-07  3.761187E-05  5.112843E-05  1.618802E-07  1.879156E-08  2.422186E-08  2.485554E-07
 3.241500E+02  7.002359E-01  7.592960E-04  1.308526E-07  1.742630E-07  1.944994E-07  2.351018E-07  4.934696E-02  7.335383E-06  2.994118E-09  1.512662E-01  2.852174E-04  1.428602E-06  1.052815E-07  1.203279E-03  1.447077E-08  5.463947E-08  1.239438E-07  9.679870E-02  4.475115E-06  1.107502E-06  9.369371E-07  3.714170E-05  5.048914E-05  1.542606E-07  1.784053E-08  2.300311E-08  2.380194E-07
 3.251500E+02  7.007995E-01  7.512599E-04  1.269225E-07  1.690693E-07  1.887124E-07  2.281582E-07  4.935770E-02  7.216542E-06  2.832322E-09  1.518149E-01  2.825480E-04  1.366096E-06  1.034899E-07  1.183161E-03  1.379915E-08  5.222501E-08  1.194367E-07  9.570810E-02  4.309455E-06  1.075850E-06  9.096009E-07  3.667914E-05  4.986023E-05  1.470339E-07  1.694272E-08  2.185222E-08  2.279868E-07
 3.261500E+02  7.013545E-01  7.433639E-04  1.231365E-07  1.640650E-07  1.831361E-07  2.214659E-07  4.936818E-02  7.100429E-06  2.680249E-09  1.523555E-01  2.798997E-04  1.306546E-06  1.017297E-07  1.163514E-03  1.316290E-08  4.993247E-08  1.151228E-07  9.463366E-02  4.150645E-06  1.045275E-06  8.832106E-07  3.622406E-05  4.924151E-05  1.401784E-07  1.609489E-08  2.076507E-08  2.184313E-07
 3.271500E+02  7.019012E-01  7.356049E-04  1.194886E-07  1.592420E-07  1.777617E-07  2.150145E-07  4.937843E-02  6.986968E-06  2.537263E-09  1.528881E-01  2.772729E-04  1.249803E-06  1.000005E-07  1.144324E-03  1.255996E-08  4.775501E-08  1.109929E-07  9.357514E-02  3.998381E-06  1.015733E-06  8.577292E-07  3.577633E-05  4.863283E-05  1.336735E-07  1.529402E-08  1.973782E-08  2.093279E-07
 3.281500E+02  7.024398E-01  7.279799E-04  1.159729E-07  1.545929E-07  1.725806E-07  2.087938E-07  4.938844E-02  6.876085E-06  2.402768E-09  1.534129E-01  2.746680E-04  1.195729E-06  9.830191E-08  1.125578E-03  1.198838E-08  4.568619E-08  1.070379E-07  9.253232E-02  3.852368E-06  9.871878E-07  8.331216E-07  3.533585E-05  4.803402E-05  1.274999E-07  1.453729E-08  1.876690E-08  2.006532E-07
 3.291500E+02  7.029702E-01  7.204860E-04  1.125839E-07  1.501102E-07  1.675848E-07  2.027944E-07  4.939823E-02  6.767709E-06  2.276214E-09  1.539298E-01  2.720851E-04  1.144191E-06  9.663364E-08  1.107264E-03  1.144637E-08  4.371998E-08  1.032494E-07  9.150496E-02  3.712330E-06  9.595998E-07  8.093538E-07  3.490248E-05  4.744491E-05  1.216395E-07  1.382204E-08  1.784893E-08  1.923847E-07
 3.301500E+02  7.034927E-01  7.131202E-04  1.093163E-07  1.457871E-07  1.627667E-07  1.970071E-07  4.940779E-02  6.661769E-06  2.157088E-09  1.544391E-01  2.695245E-04  1.095063E-06  9.499530E-08  1.089369E-03  1.093223E-08  4.185071E-08  9.961963E-08  9.049285E-02  3.578000E-06  9.329330E-07  7.863937E-07  3.447612E-05  4.686534E-05  1.160752E-07  1.314580E-08  1.698079E-08  1.845018E-07
 3.311500E+02  7.040073E-01  7.058800E-04  1.061651E-07  1.416171E-07  1.581189E-07  1.914232E-07  4.941714E-02  6.558199E-06  2.044912E-09  1.549408E-01  2.669865E-04  1.048224E-06  9.338650E-08  1.071883E-03  1.044436E-08  4.007305E-08  9.614088E-08  8.949576E-02  3.449127E-06  9.071527E-07  7.642103E-07  3.405664E-05  4.629516E-05  1.107909E-07  1.250627E-08  1.615951E-08  1.769844E-07
 3.321500E+02  7.045142E-01  6.987624E-04  1.031255E-07  1.375938E-07  1.536345E-07  1.860344E-07  4.942628E-02  6.456934E-06  1.939243E-09  1.554351E-01  2.644713E-04  1.003563E-06  9.180685E-08  1.054793E-03  9.981286E-09  3.838200E-08  9.280605E-08  8.851347E-02  3.325470E-06  8.822256E-07  7.427737E-07  3.364393E-05  4.573420E-05  1.057713E-07  1.190126E-08  1.538235E-08  1.698140E-07
 3.331500E+02  7.050135E-01  6.917650E-04  1.001929E-07  1.337113E-07  1.493067E-07  1.808328E-07  4.943522E-02  6.357911E-06  1.839667E-09  1.559221E-01  2.619790E-04  9.609715E-07  9.025595E-08  1.038088E-03  9.541599E-09  3.677285E-08  8.960837E-08  8.754575E-02  3.206798E-06  8.581198E-07  7.220558E-07  3.323788E-05  4.518230E-05  1.010022E-07  1.132875E-08  1.464672E-08  1.629728E-07
 3.341500E+02  7.055053E-01  6.848851E-04  9.736289E-08  1.299639E-07  1.451293E-07  1.758109E-07  4.944396E-02  6.261069E-06  1.745800E-09  1.564019E-01  2.595097E-04  9.203477E-07  8.873341E-08  1.021758E-03  9.123990E-09  3.524118E-08  8.654142E-08  8.659239E-02  3.092893E-06  8.348046E-07  7.020291E-07  3.283837E-05  4.463933E-05  9.647013E-08  1.078684E-08  1.395021E-08  1.564443E-07
 3.351500E+02  7.059898E-01  6.781203E-04  9.463136E-08  1.263460E-07  1.410962E-07  1.709614E-07  4.945251E-02  6.166349E-06  1.657282E-09  1.568745E-01  2.570637E-04  8.815950E-07  8.723881E-08  1.005792E-03  8.727226E-09  3.378281E-08  8.359913E-08  8.565317E-02  2.983547E-06  8.122507E-07  6.826677E-07  3.244530E-05  4.410511E-05  9.216228E-08  1.027375E-08  1.329055E-08  1.502126E-07
 3.361500E+02  7.064669E-01  6.714680E-04  9.199433E-08  1.228525E-07  1.372015E-07  1.662775E-07  4.946087E-02  6.073693E-06  1.573780E-09  1.573402E-01  2.546409E-04  8.446215E-07  8.577176E-08  9.901812E-04  8.350151E-09  3.239384E-08  8.077572E-08  8.472788E-02  2.878560E-06  7.904298E-07  6.639464E-07  3.205855E-05  4.357951E-05  8.806670E-08  9.787800E-09  1.266560E-08  1.442628E-07
 3.371500E+02  7.069370E-01  6.649261E-04  8.944799E-08  1.194785E-07  1.334398E-07  1.617526E-07  4.946905E-02  5.983047E-06  1.494982E-09  1.577989E-01  2.522416E-04  8.093403E-07  8.433183E-08  9.749150E-04  7.991680E-09  3.107057E-08  7.806573E-08  8.381630E-02  2.777743E-06  7.693149E-07  6.458413E-07  3.167801E-05  4.306237E-05  8.417208E-08  9.327427E-09  1.207338E-08  1.385808E-07
 3.381500E+02  7.074000E-01  6.584920E-04  8.698873E-08  1.162191E-07  1.298058E-07  1.573804E-07  4.947705E-02  5.894357E-06  1.420597E-09  1.582509E-01  2.498656E-04  7.756689E-07  8.291862E-08  9.599842E-04  7.650790E-09  2.980954E-08  7.546396E-08  8.291823E-02  2.680916E-06  7.488802E-07  6.283294E-07  3.130358E-05  4.255355E-05  8.046777E-08  8.891164E-09  1.151201E-08  1.331534E-07
 3.391500E+02  7.078561E-01  6.521637E-04  8.461309E-08  1.130699E-07  1.262945E-07  1.531549E-07  4.948488E-02  5.807570E-06  1.350354E-09  1.586962E-01  2.475132E-04  7.435288E-07  8.153170E-08  9.453799E-04  7.326523E-09  2.860746E-08  7.296549E-08  8.203346E-02  2.587905E-06  7.291006E-07  6.113887E-07  3.093516E-05  4.205291E-05  7.694369E-08  8.477630E-09  1.097974E-08  1.279679E-07
 3.401500E+02  7.083054E-01  6.459388E-04  8.231775E-08  1.100265E-07  1.229009E-07  1.490703E-07  4.949254E-02  5.722637E-06  1.283999E-09  1.591349E-01  2.451843E-04  7.128457E-07  8.017067E-08  9.310933E-04  7.017975E-09  2.746125E-08  7.056564E-08  8.116178E-02  2.498546E-06  7.099524E-07  5.949979E-07  3.057264E-05  4.156030E-05  7.359035E-08  8.085532E-09  1.047493E-08  1.230123E-07
 3.411500E+02  7.087479E-01  6.398153E-04  8.009957E-08  1.070848E-07  1.196206E-07  1.451213E-07  4.950004E-02  5.639508E-06  1.221297E-09  1.595671E-01  2.428790E-04  6.835490E-07  7.883510E-08  9.171157E-04  6.724299E-09  2.636802E-08  6.825996E-08  8.030299E-02  2.412682E-06  6.914126E-07  5.791369E-07  3.021591E-05  4.107558E-05  7.039879E-08  7.713658E-09  9.996010E-09  1.182754E-07
 3.421500E+02  7.091839E-01  6.337911E-04  7.795553E-08  1.042408E-07  1.164492E-07  1.413026E-07  4.950737E-02  5.558136E-06  1.162027E-09  1.599929E-01  2.405972E-04  6.555716E-07  7.752458E-08  9.034391E-04  6.444696E-09  2.532501E-08  6.604425E-08  7.945688E-02  2.330164E-06  6.734591E-07  5.637861E-07  2.986489E-05  4.059862E-05  6.736055E-08  7.360865E-09  9.541542E-09  1.137465E-07
 3.431500E+02  7.096134E-01  6.278641E-04  7.588275E-08  1.014907E-07  1.133823E-07  1.376090E-07  4.951456E-02  5.478475E-06  1.105981E-09  1.604125E-01  2.383389E-04  6.288501E-07  7.623869E-08  8.900555E-04  6.178414E-09  2.432964E-08  6.391448E-08  7.862327E-02  2.250849E-06  6.560709E-07  5.489268E-07  2.951946E-05  4.012928E-05  6.446765E-08  7.026084E-09  9.110158E-09  1.094155E-07
 3.441500E+02  7.100365E-01  6.220323E-04  7.387846E-08  9.883103E-08  1.104161E-07  1.340360E-07  4.952159E-02  5.400481E-06  1.052968E-09  1.608259E-01  2.361041E-04  6.033239E-07  7.497703E-08  8.769570E-04  5.924746E-09  2.337948E-08  6.186686E-08  7.780196E-02  2.174600E-06  6.392277E-07  5.345412E-07  2.917953E-05  3.966742E-05  6.171253E-08  6.708308E-09  8.700574E-09  1.052728E-07
 3.451500E+02  7.104533E-01  6.162938E-04  7.194003E-08  9.625817E-08  1.075466E-07  1.305788E-07  4.952848E-02  5.324111E-06  1.002806E-09  1.612332E-01  2.338927E-04  5.789359E-07  7.373917E-08  8.641363E-04  5.683024E-09  2.247223E-08  5.989776E-08  7.699274E-02  2.101288E-06  6.229100E-07  5.206121E-07  2.884501E-05  3.921293E-05  5.908808E-08  6.406593E-09  8.311583E-09  1.013093E-07
 3.461500E+02  7.108639E-01  6.106468E-04  7.006493E-08  9.376887E-08  1.047701E-07  1.272331E-07  4.953522E-02  5.249322E-06  9.553275E-10  1.616345E-01  2.317048E-04  5.556315E-07  7.252471E-08  8.515860E-04  5.452622E-09  2.160571E-08  5.800374E-08  7.619544E-02  2.030787E-06  6.070990E-07  5.071229E-07  2.851580E-05  3.876565E-05  5.658756E-08  6.120049E-09  7.942052E-09  9.751646E-08
 3.471500E+02  7.112685E-01  6.050893E-04  6.825076E-08  9.135997E-08  1.020832E-07  1.239947E-07  4.954182E-02  5.176075E-06  9.103740E-10  1.620299E-01  2.295401E-04  5.333591E-07  7.133325E-08  8.392991E-04  5.232948E-09  2.077786E-08  5.618151E-08  7.540985E-02  1.962980E-06  5.917769E-07  4.940577E-07  2.819181E-05  3.832548E-05  5.420462E-08  5.847842E-09  7.590914E-09  9.388605E-08
 3.481500E+02  7.116671E-01  5.996195E-04  6.649521E-08  8.902842E-08  9.948253E-08  1.208596E-07  4.954829E-02  5.104329E-06  8.677977E-10  1.624195E-01  2.273987E-04  5.120695E-07  7.016437E-08  8.272688E-04  5.023443E-09  1.998677E-08  5.442798E-08  7.463581E-02  1.897754E-06  5.769263E-07  4.814014E-07  2.787295E-05  3.789228E-05  5.193324E-08  5.589184E-09  7.257165E-09  9.041037E-08
 3.491500E+02  7.120597E-01  5.942358E-04  6.479606E-08  8.677134E-08  9.696477E-08  1.178239E-07  4.955462E-02  5.034046E-06  8.274603E-10  1.628035E-01  2.252805E-04  4.917162E-07  6.901768E-08  8.154885E-04  4.823583E-09  1.923058E-08  5.274016E-08  7.387311E-02  1.835000E-06  5.625305E-07  4.691394E-07  2.755912E-05  3.746594E-05  4.976774E-08  5.343338E-09  6.939861E-09  8.708209E-08
 3.501500E+02  7.124466E-01  5.889365E-04  6.315120E-08  8.458593E-08  9.452686E-08  1.148839E-07  4.956083E-02  4.965191E-06  7.892320E-10  1.631817E-01  2.231853E-04  4.722549E-07  6.789277E-08  8.039518E-04  4.632870E-09  1.850758E-08  5.111525E-08  7.312159E-02  1.774615E-06  5.485738E-07  4.572576E-07  2.725024E-05  3.704632E-05  4.770275E-08  5.109607E-09  6.638113E-09  8.389428E-08
 3.511500E+02  7.128278E-01  5.837197E-04  6.155860E-08  8.246955E-08  9.216585E-08  1.120361E-07  4.956690E-02  4.897725E-06  7.529913E-10  1.635545E-01  2.211130E-04  4.536434E-07  6.678926E-08  7.926523E-04  4.450837E-09  1.781612E-08  4.955055E-08  7.238106E-02  1.716500E-06  5.350407E-07  4.457426E-07  2.694622E-05  3.663332E-05  4.573320E-08  4.887335E-09  6.351084E-09  8.084032E-08
 3.521500E+02  7.132034E-01  5.785839E-04  6.001632E-08  8.041963E-08  8.987889E-08  1.092772E-07  4.957286E-02  4.831616E-06  7.186244E-10  1.639218E-01  2.190636E-04  4.358418E-07  6.570674E-08  7.815842E-04  4.277042E-09  1.715466E-08  4.804351E-08  7.165135E-02  1.660562E-06  5.219166E-07  4.345813E-07  2.664697E-05  3.622681E-05  4.385427E-08  4.675908E-09  6.077985E-09  7.791398E-08
 3.531500E+02  7.135734E-01  5.735276E-04  5.852251E-08  7.843374E-08  8.766326E-08  1.066038E-07  4.957870E-02  4.766828E-06  6.860243E-10  1.642838E-01  2.170369E-04  4.188121E-07  6.464485E-08  7.707415E-04  4.111068E-09  1.652174E-08  4.659169E-08  7.093228E-02  1.606711E-06  5.091871E-07  4.237613E-07  2.635242E-05  3.582668E-05  4.206142E-08  4.474743E-09  5.818074E-09  7.510932E-08
 3.541500E+02  7.139380E-01  5.685491E-04  5.707538E-08  7.650954E-08  8.551637E-08  1.040128E-07  4.958442E-02  4.703329E-06  6.550909E-10  1.646405E-01  2.150327E-04  4.025182E-07  6.360319E-08  7.601185E-04  3.952521E-09  1.591597E-08  4.519276E-08  7.022368E-02  1.554860E-06  4.968388E-07  4.132707E-07  2.606247E-05  3.543282E-05  4.035036E-08  4.283295E-09  5.570652E-09  7.242070E-08
 3.551500E+02  7.142973E-01  5.636469E-04  5.567322E-08  7.464477E-08  8.343571E-08  1.015014E-07  4.959002E-02  4.641087E-06  6.257302E-10  1.649920E-01  2.130510E-04  3.869258E-07  6.258138E-08  7.497098E-04  3.801028E-09  1.533604E-08  4.384452E-08  6.952539E-02  1.504927E-06  4.848585E-07  4.030980E-07  2.577705E-05  3.504511E-05  3.871701E-08  4.101046E-09  5.335058E-09  6.984277E-08
 3.561500E+02  7.146514E-01  5.588196E-04  5.431440E-08  7.283730E-08  8.141888E-08  9.906651E-08  4.959552E-02  4.580071E-06  5.978539E-10  1.653385E-01  2.110916E-04  3.720023E-07  6.157905E-08  7.395099E-04  3.656239E-09  1.478071E-08  4.254485E-08  6.883723E-02  1.456835E-06  4.732336E-07  3.932321E-07  2.549608E-05  3.466345E-05  3.715752E-08  3.927512E-09  5.110671E-09  6.737046E-08
 3.571500E+02  7.150003E-01  5.540657E-04  5.299735E-08  7.108505E-08  7.946360E-08  9.670553E-08  4.960090E-02  4.520250E-06  5.713792E-10  1.656799E-01  2.091543E-04  3.577166E-07  6.059584E-08  7.295137E-04  3.517821E-09  1.424881E-08  4.129174E-08  6.815905E-02  1.410507E-06  4.619520E-07  3.836624E-07  2.521948E-05  3.428773E-05  3.566824E-08  3.762234E-09  4.896904E-09  6.499893E-08
 3.581500E+02  7.153441E-01  5.493838E-04  5.172056E-08  6.938605E-08  7.756766E-08  9.441580E-08  4.960618E-02  4.461597E-06  5.462282E-10  1.660164E-01  2.072390E-04  3.440393E-07  5.963138E-08  7.197161E-04  3.385460E-09  1.373921E-08  4.008328E-08  6.749068E-02  1.365873E-06  4.510021E-07  3.743787E-07  2.494716E-05  3.391784E-05  3.424572E-08  3.604781E-09  4.693205E-09  6.272361E-08
 3.591500E+02  7.156829E-01  5.447724E-04  5.048259E-08  6.773840E-08  7.572895E-08  9.219478E-08  4.961136E-02  4.404081E-06  5.223279E-10  1.663480E-01  2.053455E-04  3.309423E-07  5.868531E-08  7.101123E-04  3.258858E-09  1.325087E-08  3.891764E-08  6.683196E-02  1.322863E-06  4.403725E-07  3.653712E-07  2.467906E-05  3.355368E-05  3.288669E-08  3.454744E-09  4.499051E-09  6.054015E-08
 3.601500E+02  7.160168E-01  5.402304E-04  4.928206E-08  6.614027E-08  7.394543E-08  9.004005E-08  4.961644E-02  4.347676E-06  4.996094E-10  1.666748E-01  2.034736E-04  3.183989E-07  5.775728E-08  7.006974E-04  3.137735E-09  1.278279E-08  3.779307E-08  6.618274E-02  1.281413E-06  4.300525E-07  3.566304E-07  2.441511E-05  3.319516E-05  3.158805E-08  3.311740E-09  4.313950E-09  5.844439E-08
 3.611500E+02  7.163458E-01  5.357562E-04  4.811764E-08  6.458992E-08  7.221516E-08  8.794929E-08  4.962142E-02  4.292355E-06  4.780082E-10  1.669970E-01  2.016232E-04  3.063839E-07  5.684694E-08  6.914669E-04  3.021824E-09  1.233402E-08  3.670791E-08  6.554287E-02  1.241459E-06  4.200318E-07  3.481472E-07  2.415521E-05  3.284216E-05  3.034686E-08  3.175404E-09  4.137437E-09  5.643240E-08
 3.621500E+02  7.166701E-01  5.313487E-04  4.698805E-08  6.308567E-08  7.053627E-08  8.592027E-08  4.962630E-02  4.238092E-06  4.574635E-10  1.673145E-01  1.997942E-04  2.948731E-07  5.595394E-08  6.824163E-04  2.910874E-09  1.190366E-08  3.566055E-08  6.491218E-02  1.202941E-06  4.103003E-07  3.399128E-07  2.389932E-05  3.249459E-05  2.916035E-08  3.045396E-09  3.969072E-09  5.450045E-08
 3.631500E+02  7.169898E-01  5.270066E-04  4.589206E-08  6.162591E-08  6.890697E-08  8.395083E-08  4.963109E-02  4.184862E-06  4.379181E-10  1.676274E-01  1.979862E-04  2.838435E-07  5.507796E-08  6.735411E-04  2.804646E-09  1.149086E-08  3.464950E-08  6.429054E-02  1.165803E-06  4.008483E-07  3.319190E-07  2.364735E-05  3.215235E-05  2.802588E-08  2.921391E-09  3.808442E-09  5.264497E-08
 3.641500E+02  7.173048E-01  5.227287E-04  4.482852E-08  6.020909E-08  6.732554E-08  8.203892E-08  4.963579E-02  4.132639E-06  4.193183E-10  1.679359E-01  1.961992E-04  2.732734E-07  5.421864E-08  6.648373E-04  2.702914E-09  1.109481E-08  3.367329E-08  6.367780E-02  1.129989E-06  3.916666E-07  3.241575E-07  2.339923E-05  3.181536E-05  2.694094E-08  2.803083E-09  3.655153E-09  5.086258E-08
 3.651500E+02  7.176153E-01  5.185137E-04  4.379627E-08  5.883372E-08  6.579032E-08  8.018256E-08  4.964040E-02  4.081400E-06  4.016134E-10  1.682400E-01  1.944330E-04  2.631418E-07  5.337568E-08  6.563006E-04  2.605465E-09  1.071474E-08  3.273055E-08  6.307380E-02  1.095447E-06  3.827464E-07  3.166206E-07  2.315490E-05  3.148351E-05  2.590316E-08  2.690184E-09  3.508836E-09  4.915005E-08
 3.661500E+02  7.179214E-01  5.143604E-04  4.279425E-08  5.749838E-08  6.429971E-08  7.837985E-08  4.964492E-02  4.031123E-06  3.847557E-10  1.685398E-01  1.926873E-04  2.534291E-07  5.254873E-08  6.479271E-04  2.512096E-09  1.034992E-08  3.181994E-08  6.247841E-02  1.062126E-06  3.740788E-07  3.093008E-07  2.291430E-05  3.115672E-05  2.491031E-08  2.582422E-09  3.369141E-09  4.750432E-08
 3.671500E+02  7.182231E-01  5.102678E-04  4.182140E-08  5.620169E-08  6.285220E-08  7.662896E-08  4.964936E-02  3.981783E-06  3.687004E-10  1.688353E-01  1.909620E-04  2.441164E-07  5.173750E-08  6.397128E-04  2.422614E-09  9.999659E-09  3.094021E-08  6.189150E-02  1.029979E-06  3.656558E-07  3.021909E-07  2.267734E-05  3.083490E-05  2.396024E-08  2.479538E-09  3.235738E-09  4.592247E-08
 3.681500E+02  7.185204E-01  5.062347E-04  4.087674E-08  5.494234E-08  6.144632E-08  7.492813E-08  4.965371E-02  3.933360E-06  3.534050E-10  1.691266E-01  1.892569E-04  2.351857E-07  5.094166E-08  6.316540E-04  2.336838E-09  9.663304E-09  3.009014E-08  6.131291E-02  9.989592E-07  3.574693E-07  2.952838E-07  2.244398E-05  3.051795E-05  2.305093E-08  2.381289E-09  3.108312E-09  4.440173E-08
 3.691500E+02  7.188136E-01  5.022600E-04  3.995930E-08  5.371906E-08  6.008064E-08  7.327567E-08  4.965799E-02  3.885832E-06  3.388298E-10  1.694138E-01  1.875718E-04  2.266201E-07  5.016091E-08  6.237471E-04  2.254595E-09  9.340228E-09  2.926859E-08  6.074252E-02  9.690229E-07  3.495115E-07  2.885730E-07  2.221414E-05  3.020580E-05  2.218046E-08  2.287443E-09  2.986568E-09  4.293944E-08
 3.701500E+02  7.191026E-01  4.983427E-04  3.906814E-08  5.253062E-08  5.875382E-08  7.166996E-08  4.966218E-02  3.839178E-06  3.249372E-10  1.696969E-01  1.859065E-04  2.184033E-07  4.939495E-08  6.159885E-04  2.175722E-09  9.029838E-09  2.847444E-08  6.018019E-02  9.401277E-07  3.417752E-07  2.820519E-07  2.198777E-05  2.989835E-05  2.134701E-08  2.197784E-09  2.870226E-09  4.153309E-08
 3.711500E+02  7.193875E-01  4.944816E-04  3.820240E-08  5.137587E-08  5.746456E-08  7.010943E-08  4.966630E-02  3.793378E-06  3.116916E-10  1.699761E-01  1.842608E-04  2.105198E-07  4.864348E-08  6.083746E-04  2.100062E-09  8.731570E-09  2.770663E-08  5.962579E-02  9.122332E-07  3.342531E-07  2.757143E-07  2.176480E-05  2.959553E-05  2.054885E-08  2.112105E-09  2.759022E-09  4.018028E-08
 3.721500E+02  7.196683E-01  4.906757E-04  3.736120E-08  5.025367E-08  5.621159E-08  6.859259E-08  4.967034E-02  3.748412E-06  2.990597E-10  1.702513E-01  1.826345E-04  2.029549E-07  4.790621E-08  6.009022E-04  2.027468E-09  8.444888E-09  2.696417E-08  5.907919E-02  8.853009E-07  3.269384E-07  2.695544E-07  2.154518E-05  2.929726E-05  1.978434E-08  2.030209E-09  2.652703E-09  3.887872E-08
 3.731500E+02  7.199452E-01  4.869241E-04  3.654373E-08  4.916293E-08  5.499371E-08  6.711799E-08  4.967431E-02  3.704262E-06  2.870099E-10  1.705226E-01  1.810274E-04  1.956944E-07  4.718286E-08  5.935679E-04  1.957800E-09  8.169281E-09  2.624607E-08  5.854027E-02  8.592936E-07  3.198244E-07  2.635662E-07  2.132884E-05  2.900344E-05  1.905192E-08  1.951913E-09  2.551033E-09  3.762622E-08
