#         T/K            c1          c2-1          c3-4          c3-5          c3-7          c3-9            m1          m2-1          m3-1            w1            w2          w3-1          w3-2          c1m1        c1m2-1        c1m2-7        c2m1-1        c1w1-2        c1w2-1        c2w1-1        c2w1-9        m1w1-1        m1w1-4        m1w2-1        m2w1-1        m2w1-3      c1m1w1-1
 2.731500E+02  4.096733E-01  6.027121E-04  2.347682E-07  3.081389E-07  3.428290E-07  4.087809E-07  4.862105E-02  2.157610E-05  1.033429E-07  2.584022E-01  2.486496E-03  2.433572E-04  3.414561E-06  2.261606E-03  1.907703E-07  6.259780E-07  5.365769E-07  2.770658E-01  1.465336E-04  6.255118E-06  5.492656E-06  1.841959E-04  2.507403E-04  1.509279E-05  1.028254E-06  1.302298E-06  5.073679E-06
 2.741500E+02  4.115157E-01  5.961406E-04  2.259599E-07  2.966783E-07  3.301028E-07  3.937307E-07  4.865132E-02  2.104881E-05  9.523641E-08  2.602613E-01  2.458864E-03  2.290954E-04  3.339372E-06  2.210845E-03  1.782618E-07  5.868282E-07  5.102054E-07  2.734506E-01  1.393729E-04  6.026701E-06  5.287516E-06  1.810073E-04  2.463840E-04  1.411518E-05  9.547834E-07  1.209727E-06  4.780475E-06
 2.751500E+02  4.133338E-01  5.896593E-04  2.175317E-07  2.857083E-07  3.179204E-07  3.793188E-07  4.868072E-02  2.053831E-05  8.782038E-08  2.620956E-01  2.431357E-03  2.157146E-04  3.265665E-06  2.161543E-03  1.666565E-07  5.503885E-07  4.852982E-07  2.698821E-01  1.325887E-04  5.807602E-06  5.090927E-06  1.778833E-04  2.421169E-04  1.320541E-05  8.869883E-07  1.124275E-06  4.505801E-06
 2.761500E+02  4.151276E-01  5.832670E-04  2.094651E-07  2.752054E-07  3.062559E-07  3.655152E-07  4.870928E-02  2.004399E-05  8.103178E-08  2.639053E-01  2.403988E-03  2.031584E-04  3.193432E-06  2.113653E-03  1.558836E-07  5.164549E-07  4.617656E-07  2.663602E-01  1.261602E-04  5.597412E-06  4.902503E-06  1.748229E-04  2.379372E-04  1.235851E-05  8.244009E-07  1.045356E-06  4.248398E-06
 2.771500E+02  4.168973E-01  5.769624E-04  2.017430E-07  2.651474E-07  2.950846E-07  3.522910E-07  4.873704E-02  1.956524E-05  7.481363E-08  2.656904E-01  2.376768E-03  1.913740E-04  3.122663E-06  2.067126E-03  1.458785E-07  4.848401E-07  4.395240E-07  2.628848E-01  1.200677E-04  5.395739E-06  4.721878E-06  1.718248E-04  2.338433E-04  1.156989E-05  7.665939E-07  9.724364E-07  4.007097E-06
 2.781500E+02  4.186430E-01  5.707443E-04  1.943488E-07  2.555133E-07  2.843834E-07  3.396192E-07  4.876403E-02  1.910150E-05  6.911449E-08  2.674512E-01  2.349708E-03  1.803122E-04  3.053348E-06  2.021917E-03  1.365818E-07  4.553715E-07  4.184952E-07  2.594557E-01  1.142928E-04  5.202212E-06  4.548704E-06  1.688879E-04  2.298336E-04  1.083529E-05  7.131771E-07  9.050289E-07  3.780816E-06
 2.791500E+02  4.203648E-01  5.646115E-04  1.872670E-07  2.462832E-07  2.741300E-07  3.274739E-07  4.879025E-02  1.865220E-05  6.388782E-08  2.691878E-01  2.322818E-03  1.699269E-04  2.985473E-06  1.977983E-03  1.279391E-07  4.278905E-07  3.986062E-07  2.560728E-01  1.088179E-04  5.016474E-06  4.382649E-06  1.660109E-04  2.259063E-04  1.015081E-05  6.637940E-07  8.426877E-07  3.568546E-06
 2.801500E+02  4.220628E-01  5.585629E-04  1.804830E-07  2.374380E-07  2.643035E-07  3.158307E-07  4.881575E-02  1.821682E-05  5.909154E-08  2.709003E-01  2.296107E-03  1.601752E-04  2.919024E-06  1.935282E-03  1.199005E-07  4.022511E-07  3.797888E-07  2.527357E-01  1.036266E-04  4.838187E-06  4.223395E-06  1.631928E-04  2.220599E-04  9.512821E-06  6.181186E-07  7.850054E-07  3.369353E-06
 2.811500E+02  4.237372E-01  5.525973E-04  1.739826E-07  2.289600E-07  2.548842E-07  3.046664E-07  4.884055E-02  1.779485E-05  5.468754E-08  2.725889E-01  2.269583E-03  1.510167E-04  2.853987E-06  1.893773E-03  1.124200E-07  3.783187E-07  3.619791E-07  2.494443E-01  9.870348E-05  4.667027E-06  4.070643E-06  1.604323E-04  2.182927E-04  8.917968E-06  5.758531E-07  7.316090E-07  3.182369E-06
 2.821500E+02  4.253881E-01  5.467136E-04  1.677528E-07  2.208320E-07  2.458532E-07  2.939591E-07  4.886466E-02  1.738581E-05  5.064132E-08  2.742537E-01  2.243256E-03  1.424139E-04  2.790345E-06  1.853417E-03  1.054556E-07  3.559695E-07  3.451176E-07  2.461983E-01  9.403375E-05  4.502686E-06  3.924103E-06  1.577283E-04  2.146031E-04  8.363161E-06  5.367248E-07  6.821575E-07  3.006787E-06
 2.831500E+02  4.270158E-01  5.409108E-04  1.617808E-07  2.130380E-07  2.371926E-07  2.836878E-07  4.888812E-02  1.698923E-05  4.692161E-08  2.758951E-01  2.217133E-03  1.343315E-04  2.728081E-06  1.814177E-03  9.896861E-08  3.350891E-07  3.291485E-07  2.429974E-01  8.960364E-05  4.344869E-06  3.783502E-06  1.550797E-04  2.109896E-04  7.845535E-06  5.004842E-07  6.363384E-07  2.841855E-06
 2.841500E+02  4.286203E-01  5.351877E-04  1.560549E-07  2.055625E-07  2.288854E-07  2.738326E-07  4.891094E-02  1.660466E-05  4.350004E-08  2.775130E-01  2.191219E-03  1.267367E-04  2.667176E-06  1.776016E-03  9.292340E-08  3.155722E-07  3.140194E-07  2.398413E-01  8.540013E-05  4.193297E-06  3.648580E-06  1.524854E-04  2.074506E-04  7.362446E-06  4.669030E-07  5.938658E-07  2.686878E-06
 2.851500E+02  4.302020E-01  5.295432E-04  1.505637E-07  1.983912E-07  2.209155E-07  2.643748E-07  4.893315E-02  1.623167E-05  4.035088E-08  2.791079E-01  2.165523E-03  1.195988E-04  2.607613E-06  1.738900E-03  8.728724E-08  2.973216E-07  2.996815E-07  2.367297E-01  8.141092E-05  4.047700E-06  3.519087E-06  1.499442E-04  2.039845E-04  6.911442E-06  4.357717E-07  5.544773E-07  2.541204E-06
 2.861500E+02  4.317608E-01  5.239764E-04  1.452964E-07  1.915101E-07  2.132677E-07  2.552965E-07  4.895475E-02  1.586985E-05  3.745076E-08  2.806797E-01  2.140049E-03  1.128890E-04  2.549372E-06  1.702795E-03  8.203001E-08  2.802474E-07  2.860889E-07  2.336623E-01  7.762442E-05  3.907822E-06  3.394786E-06  1.474551E-04  2.005899E-04  6.490258E-06  4.068987E-07  5.179326E-07  2.404232E-06
 2.871500E+02  4.332972E-01  5.184861E-04  1.402429E-07  1.849061E-07  2.059273E-07  2.465805E-07  4.897579E-02  1.551880E-05  3.477845E-08  2.822289E-01  2.114803E-03  1.065803E-04  2.492433E-06  1.667668E-03  7.712396E-08  2.642669E-07  2.731989E-07  2.306386E-01  7.402967E-05  3.773421E-06  3.275450E-06  1.450169E-04  1.972652E-04  6.096796E-06  3.801082E-07  4.840113E-07  2.275399E-06
 2.881500E+02  4.348112E-01  5.130715E-04  1.353934E-07  1.785668E-07  1.988806E-07  2.382108E-07  4.899626E-02  1.517814E-05  3.231465E-08  2.837555E-01  2.089789E-03  1.006477E-04  2.436775E-06  1.633489E-03  7.254354E-08  2.493035E-07  2.609710E-07  2.276584E-01  7.061636E-05  3.644261E-06  3.160864E-06  1.426286E-04  1.940090E-04  5.729112E-06  3.552387E-07  4.525109E-07  2.154181E-06
 2.891500E+02  4.363030E-01  5.077315E-04  1.307387E-07  1.724802E-07  1.921144E-07  2.301719E-07  4.901619E-02  1.484750E-05  3.004182E-08  2.852598E-01  2.065013E-03  9.506767E-05  2.382378E-06  1.600227E-03  6.826518E-08  2.352862E-07  2.493676E-07  2.247212E-01  6.737473E-05  3.520122E-06  3.050823E-06  1.402893E-04  1.908197E-04  5.385408E-06  3.321424E-07  4.232459E-07  2.040092E-06
 2.901500E+02  4.377730E-01  5.024650E-04  1.262702E-07  1.666352E-07  1.856163E-07  2.224492E-07  4.903560E-02  1.452654E-05  2.794397E-08  2.867420E-01  2.040478E-03  8.981817E-05  2.329220E-06  1.567853E-03  6.426716E-08  2.221496E-07  2.383534E-07  2.218267E-01  6.429559E-05  3.400790E-06  2.945129E-06  1.379977E-04  1.876961E-04  5.064016E-06  3.106833E-07  3.960456E-07  1.932677E-06
 2.911500E+02  4.392213E-01  4.972712E-04  1.219795E-07  1.610210E-07  1.793744E-07  2.150289E-07  4.905450E-02  1.421491E-05  2.600656E-08  2.882023E-01  2.016187E-03  8.487864E-05  2.277280E-06  1.536340E-03  6.052945E-08  2.098331E-07  2.278952E-07  2.189744E-01  6.137025E-05  3.286062E-06  2.843595E-06  1.357530E-04  1.846366E-04  4.763392E-06  2.907367E-07  3.707534E-07  1.831513E-06
 2.921500E+02  4.406481E-01  4.921490E-04  1.178586E-07  1.556274E-07  1.733773E-07  2.078976E-07  4.907291E-02  1.391229E-05  2.421634E-08  2.896410E-01  1.992144E-03  8.022983E-05  2.226537E-06  1.505660E-03  5.703355E-08  1.982806E-07  2.179617E-07  2.161640E-01  5.859052E-05  3.175745E-06  2.746043E-06  1.335542E-04  1.816399E-04  4.482103E-06  2.721878E-07  3.472251E-07  1.736206E-06
 2.931500E+02  4.420537E-01  4.870976E-04  1.139001E-07  1.504447E-07  1.676143E-07  2.010427E-07  4.909084E-02  1.361838E-05  2.256123E-08  2.910583E-01  1.968352E-03  7.585374E-05  2.176969E-06  1.475788E-03  5.376237E-08  1.874402E-07  2.085237E-07  2.133950E-01  5.594865E-05  3.069653E-06  2.652302E-06  1.314002E-04  1.787047E-04  4.218822E-06  2.549312E-07  3.253284E-07  1.646389E-06
 2.941500E+02  4.434382E-01  4.821159E-04  1.100967E-07  1.454637E-07  1.620752E-07  1.944523E-07  4.910831E-02  1.333286E-05  2.103019E-08  2.924545E-01  1.944812E-03  7.173352E-05  2.128553E-06  1.446698E-03  5.070014E-08  1.772638E-07  1.995539E-07  2.106669E-01  5.343735E-05  2.967610E-06  2.562210E-06  1.292901E-04  1.758296E-04  3.972316E-06  2.388700E-07  3.049413E-07  1.561717E-06
 2.951500E+02  4.448020E-01  4.772030E-04  1.064418E-07  1.406756E-07  1.567502E-07  1.881149E-07  4.912534E-02  1.305546E-05  1.961317E-08  2.938297E-01  1.921528E-03  6.785339E-05  2.081268E-06  1.418366E-03  4.783227E-08  1.677066E-07  1.910263E-07  2.079795E-01  5.104970E-05  2.869446E-06  2.475611E-06  1.272229E-04  1.730133E-04  3.741445E-06  2.239150E-07  2.859517E-07  1.481871E-06
 2.961500E+02  4.461453E-01  4.723581E-04  1.029287E-07  1.360719E-07  1.516301E-07  1.820196E-07  4.914193E-02  1.278589E-05  1.830099E-08  2.951843E-01  1.898499E-03  6.419859E-05  2.035092E-06  1.390768E-03  4.514527E-08  1.587275E-07  1.829167E-07  2.053321E-01  4.877918E-05  2.775000E-06  2.392357E-06  1.251978E-04  1.702545E-04  3.525146E-06  2.099841E-07  2.682563E-07  1.406552E-06
 2.971500E+02  4.474683E-01  4.675802E-04  9.955136E-08  1.316448E-07  1.467061E-07  1.761561E-07  4.915810E-02  1.252389E-05  1.708524E-08  2.965184E-01  1.875729E-03  6.075531E-05  1.990002E-06  1.363883E-03  4.262666E-08  1.502879E-07  1.752024E-07  2.027243E-01  4.661966E-05  2.684118E-06  2.312306E-06  1.232138E-04  1.675520E-04  3.322437E-06  1.970017E-07  2.517600E-07  1.335481E-06
 2.981500E+02  4.487712E-01  4.628684E-04  9.630387E-08  1.273867E-07  1.419696E-07  1.705144E-07  4.917386E-02  1.226921E-05  1.595825E-08  2.978324E-01  1.853219E-03  5.751062E-05  1.945978E-06  1.337688E-03  4.026490E-08  1.423522E-07  1.678619E-07  2.001558E-01  4.456529E-05  2.596652E-06  2.235324E-06  1.212700E-04  1.649046E-04  3.132403E-06  1.848981E-07  2.363750E-07  1.268398E-06
 2.991500E+02  4.500543E-01  4.582218E-04  9.318063E-08  1.232903E-07  1.374128E-07  1.650852E-07  4.918922E-02  1.202159E-05  1.491301E-08  2.991264E-01  1.830968E-03  5.445241E-05  1.902996E-06  1.312163E-03  3.804929E-08  1.348874E-07  1.608749E-07  1.976260E-01  4.261060E-05  2.512462E-06  2.161280E-06  1.193655E-04  1.623109E-04  2.954195E-06  1.736091E-07  2.220207E-07  1.205059E-06
 3.001500E+02  4.513178E-01  4.536395E-04  9.017630E-08  1.193487E-07  1.330278E-07  1.598594E-07  4.920421E-02  1.178081E-05  1.394309E-08  3.004007E-01  1.808978E-03  5.156934E-05  1.861035E-06  1.287286E-03  3.596993E-08  1.278628E-07  1.542226E-07  1.951345E-01  4.075039E-05  2.431412E-06  2.090053E-06  1.174996E-04  1.597699E-04  2.787024E-06  1.630756E-07  2.086223E-07  1.145237E-06
 3.011500E+02  4.525621E-01  4.491207E-04  8.728581E-08  1.155554E-07  1.288076E-07  1.548285E-07  4.921882E-02  1.154663E-05  1.304259E-08  3.016556E-01  1.787249E-03  4.885078E-05  1.820074E-06  1.263039E-03  3.401764E-08  1.212498E-07  1.478870E-07  1.926807E-01  3.897975E-05  2.353374E-06  2.021523E-06  1.156713E-04  1.572804E-04  2.630158E-06  1.532429E-07  1.961112E-07  1.088719E-06
 3.021500E+02  4.537873E-01  4.446645E-04  8.450431E-08  1.119041E-07  1.247451E-07  1.499844E-07  4.923307E-02  1.131884E-05  1.220615E-08  3.028913E-01  1.765781E-03  4.628679E-05  1.780091E-06  1.239403E-03  3.218391E-08  1.150218E-07  1.418514E-07  1.902643E-01  3.729404E-05  2.278225E-06  1.955580E-06  1.138798E-04  1.548412E-04  2.482916E-06  1.440607E-07  1.844238E-07  1.035306E-06
 3.031500E+02  4.549936E-01  4.402701E-04  8.182718E-08  1.083887E-07  1.208336E-07  1.453192E-07  4.924697E-02  1.109722E-05  1.142880E-08  3.041080E-01  1.744575E-03  4.386806E-05  1.741065E-06  1.216358E-03  3.046084E-08  1.091542E-07  1.360999E-07  1.878847E-01  3.568887E-05  2.205846E-06  1.892115E-06  1.121244E-04  1.524513E-04  2.344663E-06  1.354825E-07  1.735014E-07  9.848125E-07
 3.041500E+02  4.561814E-01  4.359365E-04  7.925003E-08  1.050037E-07  1.170670E-07  1.408254E-07  4.926053E-02  1.088158E-05  1.070602E-08  3.053061E-01  1.723629E-03  4.158585E-05  1.702975E-06  1.193889E-03  2.884110E-08  1.036241E-07  1.306176E-07  1.855415E-01  3.416011E-05  2.136126E-06  1.831026E-06  1.104041E-04  1.501095E-04  2.214811E-06  1.274652E-07  1.632900E-07  9.370642E-07
 3.051500E+02  4.573509E-01  4.316630E-04  7.676865E-08  1.017436E-07  1.134390E-07  1.364961E-07  4.927376E-02  1.067172E-05  1.003365E-08  3.064857E-01  1.702943E-03  3.943198E-05  1.665801E-06  1.171977E-03  2.731789E-08  9.840990E-08  1.253904E-07  1.832342E-01  3.270384E-05  2.068957E-06  1.772214E-06  1.087183E-04  1.478148E-04  2.092811E-06  1.199693E-07  1.537394E-07  8.918984E-07
 3.061500E+02  4.585023E-01  4.274487E-04  7.437904E-08  9.860321E-08  1.099441E-07  1.323244E-07  4.928667E-02  1.046744E-05  9.407875E-09  3.076472E-01  1.682517E-03  3.739878E-05  1.629521E-06  1.150606E-03  2.588490E-08  9.349185E-08  1.204050E-07  1.809623E-01  3.131634E-05  2.004235E-06  1.715586E-06  1.070663E-04  1.455661E-04  1.978152E-06  1.129580E-07  1.448033E-07  8.491625E-07
 3.071500E+02  4.596359E-01  4.232929E-04  7.207739E-08  9.557755E-08  1.065767E-07  1.283038E-07  4.929927E-02  1.026858E-05  8.825179E-09  3.087907E-01  1.662350E-03  3.547906E-05  1.594115E-06  1.129760E-03  2.453626E-08  8.885136E-08  1.156489E-07  1.787254E-01  2.999410E-05  1.941863E-06  1.661053E-06  1.054471E-04  1.433624E-04  1.870361E-06  1.063974E-07  1.364389E-07  8.087139E-07
 3.081500E+02  4.607520E-01  4.191946E-04  6.986003E-08  9.266192E-08  1.033315E-07  1.244283E-07  4.931157E-02  1.007495E-05  8.282342E-09  3.099165E-01  1.642440E-03  3.366609E-05  1.559564E-06  1.109424E-03  2.326651E-08  8.447115E-08  1.111104E-07  1.765229E-01  2.873383E-05  1.881745E-06  1.608529E-06  1.038602E-04  1.412028E-04  1.768993E-06  1.002562E-07  1.286066E-07  7.704186E-07
 3.091500E+02  4.618507E-01  4.151531E-04  6.772350E-08  8.985180E-08  1.002036E-07  1.206918E-07  4.932357E-02  9.886391E-06  7.776398E-09  3.110249E-01  1.622788E-03  3.195355E-05  1.525847E-06  1.089583E-03  2.207058E-08  8.033510E-08  1.067782E-07  1.743544E-01  2.753236E-05  1.823792E-06  1.557932E-06  1.023048E-04  1.390861E-04  1.673638E-06  9.450521E-08  1.212697E-07  7.341515E-07
 3.101500E+02  4.629323E-01  4.111677E-04  6.566448E-08  8.714289E-08  9.718818E-08  1.170888E-07  4.933529E-02  9.702738E-06  7.304620E-09  3.121161E-01  1.603390E-03  3.033551E-05  1.492946E-06  1.070222E-03  2.094374E-08  7.642817E-08  1.026420E-07  1.722194E-01  2.638675E-05  1.767917E-06  1.509183E-06  1.007802E-04  1.370115E-04  1.583911E-06  8.911767E-08  1.143942E-07  6.997950E-07
 3.111500E+02  4.639971E-01  4.072374E-04  6.367979E-08  8.453107E-08  9.428065E-08  1.136138E-07  4.934673E-02  9.523837E-06  6.864498E-09  3.131904E-01  1.584247E-03  2.880641E-05  1.460841E-06  1.051328E-03  1.988161E-08  7.273635E-08  9.869167E-08  1.701175E-01  2.529416E-05  1.714038E-06  1.462208E-06  9.928568E-05  1.349781E-04  1.499455E-06  8.406863E-08  1.079486E-07  6.672390E-07
 3.121500E+02  4.650454E-01  4.033616E-04  6.176640E-08  8.201242E-08  9.147668E-08  1.102618E-07  4.935790E-02  9.349537E-06  6.453718E-09  3.142480E-01  1.565356E-03  2.736104E-05  1.429514E-06  1.032887E-03  1.888009E-08  6.924654E-08  9.491797E-08  1.680481E-01  2.425196E-05  1.662076E-06  1.416936E-06  9.782067E-05  1.329849E-04  1.419935E-06  7.933504E-08  1.019038E-07  6.363802E-07
 3.131500E+02  4.660773E-01  3.995394E-04  5.992142E-08  7.958318E-08  8.877209E-08  1.070278E-07  4.936881E-02  9.179694E-06  6.070150E-09  3.152892E-01  1.546716E-03  2.599450E-05  1.398945E-06  1.014886E-03  1.793539E-08  6.594652E-08  9.131202E-08  1.660108E-01  2.325761E-05  1.611954E-06  1.373297E-06  9.638448E-05  1.310310E-04  1.345041E-06  7.489550E-08  9.623265E-08  6.071217E-07
 3.141500E+02  4.670931E-01  3.957701E-04  5.814209E-08  7.723977E-08  8.616290E-08  1.039071E-07  4.937947E-02  9.014169E-06  5.711831E-09  3.163141E-01  1.528324E-03  2.470221E-05  1.369118E-06  9.973126E-04  1.704393E-08  6.282487E-08  8.786544E-08  1.640051E-01  2.230874E-05  1.563601E-06  1.331227E-06  9.497646E-05  1.291155E-04  1.274482E-06  7.073018E-08  9.091014E-08  5.793725E-07
 3.151500E+02  4.680930E-01  3.920530E-04  5.642576E-08  7.497874E-08  8.364531E-08  1.008952E-07  4.938988E-02  8.852828E-06  5.376949E-09  3.173231E-01  1.510180E-03  2.347985E-05  1.340013E-06  9.801545E-04  1.620243E-08  5.987091E-08  8.457035E-08  1.620305E-01  2.140308E-05  1.516947E-06  1.290662E-06  9.359599E-05  1.272377E-04  1.207988E-06  6.682070E-08  8.591295E-08  5.530473E-07
 3.161500E+02  4.690773E-01  3.883873E-04  5.476992E-08  7.279684E-08  8.121567E-08  9.798787E-08  4.940005E-02  8.695541E-06  5.063833E-09  3.183163E-01  1.492281E-03  2.232337E-05  1.311614E-06  9.634001E-04  1.540779E-08  5.707468E-08  8.141925E-08  1.600867E-01  2.053850E-05  1.471925E-06  1.251543E-06  9.224246E-05  1.253966E-04  1.145305E-06  6.314997E-08  8.121948E-08  5.280660E-07
 3.171500E+02  4.700463E-01  3.847723E-04  5.317215E-08  7.069091E-08  7.887051E-08  9.518093E-08  4.940999E-02  8.542184E-06  4.770940E-09  3.192941E-01  1.474626E-03  2.122899E-05  1.283903E-06  9.470378E-04  1.465713E-08  5.442684E-08  7.840507E-08  1.581731E-01  1.971298E-05  1.428473E-06  1.213813E-06  9.091529E-05  1.235914E-04  1.086198E-06  5.970215E-08  7.680965E-08  5.043532E-07
 3.181500E+02  4.710001E-01  3.812071E-04  5.163014E-08  6.865796E-08  7.660650E-08  9.247047E-08  4.941970E-02  8.392637E-06  4.496845E-09  3.202566E-01  1.457211E-03  2.019312E-05  1.256864E-06  9.310567E-04  1.394777E-08  5.191866E-08  7.552114E-08  1.562892E-01  1.892459E-05  1.386528E-06  1.177416E-06  8.961387E-05  1.218214E-04  1.030446E-06  5.646252E-08  7.266483E-08  4.818382E-07
 3.191500E+02  4.719390E-01  3.776913E-04  5.014168E-08  6.669513E-08  7.442044E-08  8.985274E-08  4.942919E-02  8.246784E-06  4.240231E-09  3.212042E-01  1.440036E-03  1.921242E-05  1.230481E-06  9.154460E-04  1.327720E-08  4.954198E-08  7.276113E-08  1.544347E-01  1.817151E-05  1.346033E-06  1.142300E-06  8.833766E-05  1.200858E-04  9.778439E-07  5.341742E-08  6.876767E-08  4.604546E-07
 3.201500E+02  4.728632E-01  3.742239E-04  4.870468E-08  6.479967E-08  7.230931E-08  8.732412E-08  4.943846E-02  8.104512E-06  3.999882E-09  3.221369E-01  1.423097E-03  1.828374E-05  1.204736E-06  9.001956E-04  1.264307E-08  4.728916E-08  7.011903E-08  1.526091E-01  1.745203E-05  1.306932E-06  1.108414E-06  8.708608E-05  1.183837E-04  9.281982E-07  5.055413E-08  6.510207E-08  4.401400E-07
 3.211500E+02  4.737730E-01  3.708043E-04  4.731711E-08  6.296895E-08  7.027018E-08  8.488117E-08  4.944753E-02  7.965715E-06  3.774670E-09  3.230551E-01  1.406393E-03  1.740411E-05  1.179614E-06  8.852952E-04  1.204321E-08  4.515302E-08  6.758919E-08  1.508118E-01  1.676451E-05  1.269171E-06  1.075712E-06  8.585861E-05  1.167145E-04  8.813294E-07  4.786083E-08  6.165305E-08  4.208354E-07
 3.221500E+02  4.746686E-01  3.674318E-04  4.597704E-08  6.120048E-08  6.830026E-08  8.252060E-08  4.945639E-02  7.830286E-06  3.563555E-09  3.239590E-01  1.389921E-03  1.657077E-05  1.155101E-06  8.707353E-04  1.147555E-08  4.312686E-08  6.516622E-08  1.490426E-01  1.610740E-05  1.232698E-06  1.044145E-06  8.465469E-05  1.150774E-04  8.370695E-07  4.532655E-08  5.840666E-08  4.024859E-07
 3.231500E+02  4.755501E-01  3.641057E-04  4.468263E-08  5.949183E-08  6.639689E-08  8.023925E-08  4.946506E-02  7.698127E-06  3.365573E-09  3.248487E-01  1.373678E-03  1.578109E-05  1.131180E-06  8.565065E-04  1.093820E-08  4.120439E-08  6.284505E-08  1.473009E-01  1.547923E-05  1.197465E-06  1.013671E-06  8.347383E-05  1.134718E-04  7.952611E-07  4.294104E-08  5.534994E-08  3.850392E-07
 3.241500E+02  4.764179E-01  3.608254E-04  4.343210E-08  5.784071E-08  6.455750E-08  7.803408E-08  4.947353E-02  7.569139E-06  3.179829E-09  3.257246E-01  1.357663E-03  1.503262E-05  1.107836E-06  8.425997E-04  1.042936E-08  3.937971E-08  6.062085E-08  1.455863E-01  1.487862E-05  1.163424E-06  9.842464E-07  8.231550E-05  1.118968E-04  7.557571E-07  4.069480E-08  5.247080E-08  3.684466E-07
 3.251500E+02  4.772721E-01  3.575902E-04  4.222377E-08  5.624491E-08  6.277966E-08  7.590222E-08  4.948182E-02  7.443230E-06  3.005498E-09  3.265869E-01  1.341873E-03  1.432305E-05  1.085057E-06  8.290062E-04  9.947359E-09  3.764731E-08  5.848906E-08  1.438984E-01  1.430423E-05  1.130530E-06  9.558314E-07  8.117922E-05  1.103520E-04  7.184198E-07  3.857895E-08  4.975798E-08  3.526619E-07
 3.261500E+02  4.781130E-01  3.543994E-04  4.105601E-08  5.470233E-08  6.106100E-08  7.384087E-08  4.948992E-02  7.320308E-06  2.841810E-09  3.274357E-01  1.326305E-03  1.365020E-05  1.062826E-06  8.157173E-04  9.490627E-09  3.600198E-08  5.644533E-08  1.422368E-01  1.375483E-05  1.098740E-06  9.283869E-07  8.006450E-05  1.088364E-04  6.831204E-07  3.658526E-08  4.720102E-08  3.376419E-07
 3.271500E+02  4.789408E-01  3.512523E-04  3.992727E-08  5.321095E-08  5.939930E-08  7.184738E-08  4.949785E-02  7.200287E-06  2.688057E-09  3.282713E-01  1.310957E-03  1.301202E-05  1.041131E-06  8.027248E-04  9.057698E-09  3.443885E-08  5.448557E-08  1.406010E-01  1.322921E-05  1.068012E-06  9.018759E-07  7.897087E-05  1.073497E-04  6.497381E-07  3.470602E-08  4.479013E-08  3.233456E-07
 3.281500E+02  4.797557E-01  3.481483E-04  3.883607E-08  5.176882E-08  5.779240E-08  6.991920E-08  4.950560E-02  7.083082E-06  2.543576E-09  3.290939E-01  1.295827E-03  1.240660E-05  1.019957E-06  7.900208E-04  8.647198E-09  3.295337E-08  5.260588E-08  1.389906E-01  1.272626E-05  1.038307E-06  8.762625E-07  7.789786E-05  1.058910E-04  6.181599E-07  3.293406E-08  4.251620E-08  3.097347E-07
 3.291500E+02  4.805578E-01  3.450868E-04  3.778099E-08  5.037409E-08  5.623823E-08  6.805389E-08  4.951319E-02  6.968610E-06  2.407756E-09  3.299037E-01  1.280911E-03  1.183213E-05  9.992924E-07  7.775975E-04  8.257840E-09  3.154123E-08  5.080255E-08  1.374052E-01  1.224489E-05  1.009585E-06  8.515128E-07  7.684503E-05  1.044598E-04  5.882800E-07  3.126270E-08  4.037074E-08  2.967729E-07
 3.301500E+02  4.813475E-01  3.420672E-04  3.676066E-08  4.902498E-08  5.473483E-08  6.624911E-08  4.952062E-02  6.856795E-06  2.280029E-09  3.307009E-01  1.266208E-03  1.128689E-05  9.791234E-07  7.654473E-04  7.888415E-09  3.019840E-08  4.907209E-08  1.358445E-01  1.178411E-05  9.818105E-07  8.275939E-07  7.581193E-05  1.030554E-04  5.599991E-07  2.968570E-08  3.834581E-08  2.844259E-07
 3.311500E+02  4.821249E-01  3.390888E-04  3.577377E-08  4.771979E-08  5.328030E-08  6.450262E-08  4.952788E-02  6.747559E-06  2.159865E-09  3.314857E-01  1.251714E-03  1.076929E-05  9.594376E-07  7.535631E-04  7.537793E-09  2.892109E-08  4.741116E-08  1.343079E-01  1.134293E-05  9.549482E-07  8.044745E-07  7.479814E-05  1.016774E-04  5.332242E-07  2.819723E-08  3.643402E-08  2.726617E-07
 3.321500E+02  4.828902E-01  3.361510E-04  3.481907E-08  4.645689E-08  5.187281E-08  6.281226E-08  4.953499E-02  6.640828E-06  2.046774E-09  3.322584E-01  1.237428E-03  1.027781E-05  9.402228E-07  7.419376E-04  7.204911E-09  2.770574E-08  4.581660E-08  1.327952E-01  1.092045E-05  9.289642E-07  7.821244E-07  7.380322E-05  1.003251E-04  5.078682E-07  2.679188E-08  3.462845E-08  2.614497E-07
 3.331500E+02  4.836436E-01  3.332532E-04  3.389537E-08  4.523470E-08  5.051064E-08  6.117596E-08  4.954195E-02  6.536532E-06  1.940298E-09  3.330191E-01  1.223345E-03  9.811025E-06  9.214668E-07  7.305642E-04  6.888773E-09  2.654899E-08  4.428541E-08  1.313059E-01  1.051579E-05  9.038261E-07  7.605149E-07  7.282679E-05  9.899795E-05  4.838492E-07  2.546456E-08  3.292264E-08  2.507614E-07
 3.341500E+02  4.843853E-01  3.303948E-04  3.300151E-08  4.405173E-08  4.919211E-08  5.959176E-08  4.954876E-02  6.434602E-06  1.840015E-09  3.337680E-01  1.209465E-03  9.367605E-06  9.031581E-07  7.194362E-04  6.588444E-09  2.544769E-08  4.281473E-08  1.298396E-01  1.012813E-05  8.795029E-07  7.396182E-07  7.186842E-05  9.769540E-05  4.610906E-07  2.421054E-08  3.131057E-08  2.405697E-07
 3.351500E+02  4.851155E-01  3.275753E-04  3.213639E-08  4.290654E-08  4.791563E-08  5.805774E-08  4.955542E-02  6.334971E-06  1.745528E-09  3.345053E-01  1.195784E-03  8.946281E-06  8.852852E-07  7.085471E-04  6.303045E-09  2.439888E-08  4.140186E-08  1.283960E-01  9.756689E-06  8.559648E-07  7.194078E-07  7.092773E-05  9.641692E-05  4.395203E-07  2.302539E-08  2.978659E-08  2.308491E-07
 3.361500E+02  4.858345E-01  3.247939E-04  3.129895E-08  4.179774E-08  4.667965E-08  5.657209E-08  4.956195E-02  6.237576E-06  1.656469E-09  3.352312E-01  1.182300E-03  8.545864E-06  8.678370E-07  6.978907E-04  6.031751E-09  2.339977E-08  4.004421E-08  1.269747E-01  9.400712E-06  8.331830E-07  6.998583E-07  7.000434E-05  9.516199E-05  4.190708E-07  2.190496E-08  2.834544E-08  2.215754E-07
 3.371500E+02  4.865423E-01  3.220503E-04  3.048817E-08  4.072401E-08  4.548271E-08  5.513306E-08  4.956834E-02  6.142353E-06  1.572497E-09  3.359459E-01  1.169009E-03  8.165231E-06  8.508026E-07  6.874610E-04  5.773789E-09  2.244771E-08  3.873934E-08  1.255753E-01  9.059493E-06  8.111300E-07  6.809452E-07  6.909788E-05  9.393010E-05  3.996786E-07  2.084540E-08  2.698219E-08  2.127259E-07
 3.381500E+02  4.872391E-01  3.193438E-04  2.970309E-08  3.968408E-08  4.432338E-08  5.373896E-08  4.957460E-02  6.049243E-06  1.493292E-09  3.366496E-01  1.155910E-03  7.803324E-06  8.341714E-07  6.772521E-04  5.528428E-09  2.154024E-08  3.748493E-08  1.241975E-01  8.732358E-06  7.897796E-07  6.626451E-07  6.820798E-05  9.272075E-05  3.812841E-07  1.984307E-08  2.569221E-08  2.042792E-07
 3.391500E+02  4.879253E-01  3.166738E-04  2.894277E-08  3.867672E-08  4.320031E-08  5.238819E-08  4.958073E-02  5.958187E-06  1.418556E-09  3.373425E-01  1.143000E-03  7.459146E-06  8.179332E-07  6.672582E-04  5.294985E-09  2.067503E-08  3.627874E-08  1.228408E-01  8.418667E-06  7.691062E-07  6.449355E-07  6.733427E-05  9.153346E-05  3.638314E-07  1.889459E-08  2.447120E-08  1.962148E-07
 3.401500E+02  4.886008E-01  3.140398E-04  2.820632E-08  3.770077E-08  4.211221E-08  5.107920E-08  4.958674E-02  5.869129E-06  1.348013E-09  3.380247E-01  1.130277E-03  7.131757E-06  8.020778E-07  6.574740E-04  5.072814E-09  1.984986E-08  3.511869E-08  1.215050E-01  8.117811E-06  7.490856E-07  6.277948E-07  6.647643E-05  9.036774E-05  3.472679E-07  1.799679E-08  2.331511E-08  1.885137E-07
 3.411500E+02  4.892660E-01  3.114413E-04  2.749286E-08  3.675510E-08  4.105781E-08  4.981050E-08  4.959262E-02  5.782015E-06  1.281404E-09  3.386964E-01  1.117737E-03  6.820268E-06  7.865954E-07  6.478939E-04  4.861310E-09  1.906267E-08  3.400275E-08  1.201897E-01  7.829210E-06  7.296944E-07  6.112023E-07  6.563410E-05  8.922314E-05  3.315441E-07  1.714670E-08  2.222015E-08  1.811576E-07
 3.421500E+02  4.899210E-01  3.088776E-04  2.680159E-08  3.583862E-08  4.003593E-08  4.858067E-08  4.959838E-02  5.696792E-06  1.218487E-09  3.393579E-01  1.105378E-03  6.523843E-06  7.714766E-07  6.385129E-04  4.659902E-09  1.831150E-08  3.292903E-08  1.188945E-01  7.552313E-06  7.109101E-07  5.951382E-07  6.480695E-05  8.809920E-05  3.166135E-07  1.634155E-08  2.118278E-08  1.741294E-07
 3.431500E+02  4.905659E-01  3.063484E-04  2.613169E-08  3.495031E-08  3.904539E-08  4.738834E-08  4.960402E-02  5.613408E-06  1.159038E-09  3.400092E-01  1.093198E-03  6.241691E-06  7.567119E-07  6.293258E-04  4.468054E-09  1.759451E-08  3.189571E-08  1.176191E-01  7.286595E-06  6.927112E-07  5.795833E-07  6.399466E-05  8.699548E-05  3.024325E-07  1.557871E-08  2.019966E-08  1.674129E-07
 3.441500E+02  4.912010E-01  3.038531E-04  2.548243E-08  3.408916E-08  3.808511E-08  4.623218E-08  4.960955E-02  5.531814E-06  1.102845E-09  3.406506E-01  1.081194E-03  5.973066E-06  7.422923E-07  6.203278E-04  4.285259E-09  1.690995E-08  3.090105E-08  1.163633E-01  7.031558E-06  6.750768E-07  5.645193E-07  6.319691E-05  8.591154E-05  2.889600E-07  1.485576E-08  1.926770E-08  1.609927E-07
 3.451500E+02  4.918263E-01  3.013911E-04  2.485305E-08  3.325422E-08  3.715401E-08  4.511094E-08  4.961497E-02  5.451963E-06  1.049714E-09  3.412821E-01  1.069363E-03  5.717264E-06  7.282090E-07  6.115141E-04  4.111041E-09  1.625618E-08  2.994341E-08  1.151265E-01  6.786728E-06  6.579870E-07  5.499286E-07  6.241340E-05  8.484698E-05  2.761572E-07  1.417041E-08  1.838395E-08  1.548542E-07
 3.461500E+02  4.924421E-01  2.989620E-04  2.424287E-08  3.244457E-08  3.625107E-08  4.402340E-08  4.962028E-02  5.373808E-06  9.994589E-10  3.419041E-01  1.057704E-03  5.473621E-06  7.144534E-07  6.028801E-04  3.944951E-09  1.563164E-08  2.902122E-08  1.139086E-01  6.551651E-06  6.414228E-07  5.357942E-07  6.164382E-05  8.380136E-05  2.639877E-07  1.352050E-08  1.754569E-08  1.489839E-07
 3.471500E+02  4.930486E-01  2.965653E-04  2.365120E-08  3.165933E-08  3.537530E-08  4.296838E-08  4.962549E-02  5.297303E-06  9.519095E-10  3.425166E-01  1.046213E-03  5.241508E-06  7.010170E-07  5.944213E-04  3.786566E-09  1.503488E-08  2.813299E-08  1.127092E-01  6.325898E-06  6.253656E-07  5.221000E-07  6.088788E-05  8.277430E-05  2.524174E-07  1.290402E-08  1.675033E-08  1.433685E-07
 3.481500E+02  4.936458E-01  2.942005E-04  2.307740E-08  3.089764E-08  3.452578E-08  4.194477E-08  4.963059E-02  5.222406E-06  9.069050E-10  3.431198E-01  1.034888E-03  5.020331E-06  6.878917E-07  5.861334E-04  3.635487E-09  1.446451E-08  2.727728E-08  1.115280E-01  6.109060E-06  6.097978E-07  5.088303E-07  6.014529E-05  8.176539E-05  2.414138E-07  1.231908E-08  1.599547E-08  1.379958E-07
 3.491500E+02  4.942339E-01  2.918670E-04  2.252085E-08  3.015869E-08  3.370158E-08  4.095148E-08  4.963559E-02  5.149075E-06  8.642951E-10  3.437139E-01  1.023728E-03  4.809531E-06  6.750695E-07  5.780121E-04  3.491337E-09  1.391920E-08  2.645274E-08  1.103646E-01  5.900745E-06  5.947023E-07  4.959701E-07  5.941577E-05  8.077426E-05  2.309466E-07  1.176392E-08  1.527883E-08  1.328542E-07
 3.501500E+02  4.948132E-01  2.895645E-04  2.198095E-08  2.944170E-08  3.290183E-08  3.998748E-08  4.964049E-02  5.077267E-06  8.239395E-10  3.442990E-01  1.012728E-03  4.608577E-06  6.625428E-07  5.700533E-04  3.353761E-09  1.339774E-08  2.565807E-08  1.092189E-01  5.700583E-06  5.800629E-07  4.835050E-07  5.869904E-05  7.980053E-05  2.209873E-07  1.123685E-08  1.459829E-08  1.279325E-07
 3.511500E+02  4.953837E-01  2.872924E-04  2.145711E-08  2.874592E-08  3.212570E-08  3.905177E-08  4.964530E-02  5.006945E-06  7.857065E-10  3.448752E-01  1.001887E-03  4.416969E-06  6.503039E-07  5.622531E-04  3.222425E-09  1.289895E-08  2.489203E-08  1.080904E-01  5.508219E-06  5.658637E-07  4.714211E-07  5.799483E-05  7.884384E-05  2.115087E-07  1.073632E-08  1.395183E-08  1.232203E-07
 3.521500E+02  4.959456E-01  2.850503E-04  2.094880E-08  2.807061E-08  3.137238E-08  3.814338E-08  4.965001E-02  4.938068E-06  7.494730E-10  3.454428E-01  9.912034E-04  4.234233E-06  6.383455E-07  5.546075E-04  3.097011E-09  1.242171E-08  2.415345E-08  1.069789E-01  5.323316E-06  5.520895E-07  4.597052E-07  5.730289E-05  7.790382E-05  2.024854E-07  1.026086E-08  1.333760E-08  1.187076E-07
 3.531500E+02  4.964990E-01  2.828378E-04  2.045547E-08  2.741508E-08  3.064109E-08  3.726140E-08  4.965464E-02  4.870601E-06  7.151235E-10  3.460018E-01  9.806737E-04  4.059921E-06  6.266604E-07  5.471128E-04  2.977222E-09  1.196499E-08  2.344121E-08  1.058842E-01  5.145553E-06  5.387260E-07  4.483444E-07  5.662295E-05  7.698013E-05  1.938935E-07  9.809087E-09  1.275380E-08  1.143851E-07
 3.541500E+02  4.970441E-01  2.806544E-04  1.997662E-08  2.677866E-08  2.993109E-08  3.640493E-08  4.965917E-02  4.804507E-06  6.825498E-10  3.465525E-01  9.702959E-04  3.893610E-06  6.152417E-07  5.397653E-04  2.862774E-09  1.152779E-08  2.275422E-08  1.048058E-01  4.974624E-06  5.257589E-07  4.373265E-07  5.595478E-05  7.607242E-05  1.857104E-07  9.379696E-09  1.219879E-08  1.102437E-07
 3.551500E+02  4.975810E-01  2.784996E-04  1.951175E-08  2.616070E-08  2.924165E-08  3.557311E-08  4.966361E-02  4.739751E-06  6.516506E-10  3.470949E-01  9.600677E-04  3.734900E-06  6.040827E-07  5.325615E-04  2.753402E-09  1.110917E-08  2.209146E-08  1.037436E-01  4.810235E-06  5.131749E-07  4.266395E-07  5.529811E-05  7.518037E-05  1.779147E-07  8.971468E-09  1.167100E-08  1.062750E-07
 3.561500E+02  4.981099E-01  2.763730E-04  1.906040E-08  2.556059E-08  2.857210E-08  3.476513E-08  4.966798E-02  4.676299E-06  6.223307E-10  3.476292E-01  9.499868E-04  3.583411E-06  5.931766E-07  5.254979E-04  2.648852E-09  1.070825E-08  2.145196E-08  1.026972E-01  4.652110E-06  5.009610E-07  4.162721E-07  5.465272E-05  7.430365E-05  1.704863E-07  8.583254E-09  1.116895E-08  1.024710E-07
 3.571500E+02  4.986310E-01  2.742742E-04  1.862210E-08  2.497772E-08  2.792175E-08  3.398019E-08  4.967225E-02  4.614118E-06  5.945010E-10  3.481555E-01  9.400511E-04  3.438784E-06  5.825171E-07  5.185712E-04  2.548888E-09  1.032418E-08  2.083478E-08  1.016665E-01  4.499981E-06  4.891046E-07  4.062133E-07  5.401837E-05  7.344195E-05  1.634061E-07  8.213972E-09  1.069126E-08  9.882399E-08
 3.581500E+02  4.991442E-01  2.722028E-04  1.819641E-08  2.441151E-08  2.728998E-08  3.321752E-08  4.967645E-02  4.553176E-06  5.680777E-10  3.486740E-01  9.302583E-04  3.300681E-06  5.720980E-07  5.117781E-04  2.453283E-09  9.956157E-09  2.023902E-08  1.006510E-01  4.353596E-06  4.775939E-07  3.964527E-07  5.339484E-05  7.259494E-05  1.566563E-07  7.862605E-09  1.023663E-08  9.532679E-08
 3.591500E+02  4.996498E-01  2.701584E-04  1.778292E-08  2.386143E-08  2.667617E-08  3.247640E-08  4.968057E-02  4.493443E-06  5.429822E-10  3.491848E-01  9.206062E-04  3.168779E-06  5.619131E-07  5.051154E-04  2.361824E-09  9.603436E-09  1.966384E-08  9.965068E-02  4.212713E-06  4.664171E-07  3.869800E-07  5.278190E-05  7.176234E-05  1.502199E-07  7.528192E-09  9.803830E-09  9.197250E-08
 3.601500E+02  5.001479E-01  2.681405E-04  1.738122E-08  2.332692E-08  2.607971E-08  3.175611E-08  4.968461E-02  4.434887E-06  5.191407E-10  3.496881E-01  9.110927E-04  3.042774E-06  5.519565E-07  4.985801E-04  2.274310E-09  9.265296E-09  1.910842E-08  9.866513E-02  4.077102E-06  4.555631E-07  3.777855E-07  5.217933E-05  7.094383E-05  1.440809E-07  7.209833E-09  9.391699E-09  8.875459E-08
 3.611500E+02  5.006387E-01  2.661487E-04  1.699092E-08  2.280749E-08  2.550005E-08  3.105597E-08  4.968858E-02  4.377481E-06  4.964838E-10  3.501839E-01  9.017156E-04  2.922378E-06  5.422224E-07  4.921690E-04  2.190550E-09  8.941057E-09  1.857197E-08  9.769414E-02  3.946543E-06  4.450213E-07  3.688599E-07  5.158693E-05  7.013914E-05  1.382242E-07  6.906675E-09  8.999148E-09  8.566686E-08
 3.621500E+02  5.011222E-01  2.641828E-04  1.661165E-08  2.230263E-08  2.493663E-08  3.037533E-08  4.969247E-02  4.321195E-06  4.749465E-10  3.506723E-01  8.924728E-04  2.807317E-06  5.327053E-07  4.858794E-04  2.110364E-09  8.630075E-09  1.805376E-08  9.673747E-02  3.820825E-06  4.347812E-07  3.601941E-07  5.100448E-05  6.934799E-05  1.326355E-07  6.617918E-09  8.625149E-09  8.270340E-08
 3.631500E+02  5.015986E-01  2.622421E-04  1.624303E-08  2.181187E-08  2.438893E-08  2.971355E-08  4.969629E-02  4.266002E-06  4.544674E-10  3.511536E-01  8.833622E-04  2.697333E-06  5.233997E-07  4.797084E-04  2.033579E-09  8.331737E-09  1.755308E-08  9.579486E-02  3.699748E-06  4.248330E-07  3.517793E-07  5.043178E-05  6.857008E-05  1.273013E-07  6.342805E-09  8.268734E-09  7.985863E-08
 3.641500E+02  5.020680E-01  2.603265E-04  1.588473E-08  2.133474E-08  2.385642E-08  2.907002E-08  4.970004E-02  4.211875E-06  4.349889E-10  3.516279E-01  8.743818E-04  2.592181E-06  5.143002E-07  4.736532E-04  1.960034E-09  8.045465E-09  1.706923E-08  9.486609E-02  3.583120E-06  4.151670E-07  3.436073E-07  4.986864E-05  6.780517E-05  1.222089E-07  6.080625E-09  7.928989E-09  7.712721E-08
 3.651500E+02  5.025305E-01  2.584355E-04  1.553640E-08  2.087082E-08  2.333862E-08  2.844416E-08  4.970372E-02  4.158789E-06  4.164569E-10  3.520952E-01  8.655296E-04  2.491627E-06  5.054016E-07  4.677111E-04  1.889575E-09  7.770705E-09  1.660158E-08  9.395091E-02  3.470760E-06  4.057741E-07  3.356699E-07  4.931486E-05  6.705298E-05  1.173462E-07  5.830705E-09  7.605050E-09  7.450408E-08
 3.661500E+02  5.029862E-01  2.565687E-04  1.519772E-08  2.041967E-08  2.283506E-08  2.783540E-08  4.970733E-02  4.106719E-06  3.988204E-10  3.525556E-01  8.568035E-04  2.395452E-06  4.966991E-07  4.618795E-04  1.822057E-09  7.506936E-09  1.614949E-08  9.304909E-02  3.362491E-06  3.966452E-07  3.279595E-07  4.877026E-05  6.631325E-05  1.127017E-07  5.592411E-09  7.296106E-09  7.198443E-08
 3.671500E+02  5.034353E-01  2.547258E-04  1.486839E-08  1.998088E-08  2.234527E-08  2.724320E-08  4.971088E-02  4.055639E-06  3.820314E-10  3.530094E-01  8.482016E-04  2.303446E-06  4.881875E-07  4.561558E-04  1.757342E-09  7.253661E-09  1.571238E-08  9.216041E-02  3.258149E-06  3.877719E-07  3.204684E-07  4.823464E-05  6.558574E-05  1.082647E-07  5.365146E-09  7.001386E-09  6.956368E-08
 3.681500E+02  5.038779E-01  2.529064E-04  1.454809E-08  1.955405E-08  2.186883E-08  2.666702E-08  4.971436E-02  4.005526E-06  3.660448E-10  3.534565E-01  8.397220E-04  2.215412E-06  4.798622E-07  4.505377E-04  1.695299E-09  7.010407E-09  1.528966E-08  9.128465E-02  3.157572E-06  3.791458E-07  3.131895E-07  4.770783E-05  6.487019E-05  1.040250E-07  5.148344E-09  6.720167E-09  6.723748E-08
 3.691500E+02  5.043140E-01  2.511102E-04  1.423654E-08  1.913881E-08  2.140530E-08  2.610637E-08  4.971778E-02  3.956357E-06  3.508181E-10  3.538972E-01  8.313626E-04  2.131160E-06  4.717185E-07  4.450227E-04  1.635803E-09  6.776726E-09  1.488080E-08  9.042158E-02  3.060610E-06  3.707591E-07  3.061159E-07  4.718965E-05  6.416638E-05  9.997290E-08  4.941473E-09  6.451764E-09  6.500168E-08
 3.701500E+02  5.047438E-01  2.493368E-04  1.393346E-08  1.873479E-08  2.095427E-08  2.556074E-08  4.972114E-02  3.908109E-06  3.363110E-10  3.543315E-01  8.231217E-04  2.050513E-06  4.637520E-07  4.396084E-04  1.578737E-09  6.552191E-09  1.448527E-08  8.957100E-02  2.967115E-06  3.626039E-07  2.992409E-07  4.667993E-05  6.347406E-05  9.609920E-08  4.744028E-09  6.195529E-09  6.285233E-08
 3.711500E+02  5.051674E-01  2.475858E-04  1.363859E-08  1.834163E-08  2.051535E-08  2.502968E-08  4.972444E-02  3.860762E-06  3.224860E-10  3.547595E-01  8.149974E-04  1.973301E-06  4.559581E-07  4.342925E-04  1.523990E-09  6.336398E-09  1.410257E-08  8.873268E-02  2.876950E-06  3.546730E-07  2.925580E-07  4.617850E-05  6.279301E-05  9.239525E-08  4.555534E-09  5.950850E-09  6.078567E-08
 3.721500E+02  5.055849E-01  2.458570E-04  1.335166E-08  1.795900E-08  2.008816E-08  2.451272E-08  4.972768E-02  3.814292E-06  3.093073E-10  3.551814E-01  8.069877E-04  1.899363E-06  4.483327E-07  4.290729E-04  1.471455E-09  6.128960E-09  1.373221E-08  8.790643E-02  2.789982E-06  3.469591E-07  2.860611E-07  4.568520E-05  6.212299E-05  8.885285E-08  4.375542E-09  5.717151E-09  5.879814E-08
 3.731500E+02  5.059964E-01  2.441500E-04  1.307241E-08  1.758655E-08  1.967233E-08  2.400943E-08  4.973086E-02  3.768681E-06  2.967415E-10  3.555972E-01  7.990910E-04  1.828547E-06  4.408715E-07  4.239474E-04  1.421031E-09  5.929513E-09  1.337375E-08  8.709203E-02  2.706082E-06  3.394554E-07  2.797440E-07  4.519986E-05  6.146380E-05  8.546420E-08  4.203626E-09  5.493885E-09  5.688633E-08
