#         T/K            c1          c2-1          c3-4          c3-5          c3-7          c3-9            m1          m2-1          m3-1            w1            w2          w3-1          w3-2          c1m1        c1m2-1        c1m2-7        c2m1-1        c1w1-2        c1w2-1        c2w1-1        c2w1-9        m1w1-1        m1w1-4        m1w2-1        m2w1-1        m2w1-3      c1m1w1-1
 2.731500E+02  3.691886E-01  4.843520E-04  1.682407E-07  2.208199E-07  2.456797E-07  2.929425E-07  9.742301E-02  8.571903E-05  8.140524E-07  2.682585E-01  2.651749E-03  2.666097E-04  3.740818E-06  4.041055E-03  6.758586E-07  2.217707E-06  8.549690E-07  2.564961E-01  1.393549E-04  5.163854E-06  4.534411E-06  3.791443E-04  5.161176E-04  3.191400E-05  4.196548E-06  5.314984E-06  9.312966E-06
 2.741500E+02  3.709446E-01  4.793709E-04  1.620895E-07  2.128184E-07  2.367950E-07  2.824377E-07  9.747935E-02  8.362600E-05  7.502615E-07  2.700250E-01  2.619395E-03  2.505850E-04  3.652610E-06  3.951634E-03  6.317898E-07  2.079817E-06  8.135118E-07  2.530892E-01  1.324479E-04  4.975936E-06  4.365629E-06  3.723798E-04  5.068772E-04  2.981594E-05  3.894851E-06  4.934845E-06  8.773272E-06
 2.751500E+02  3.726763E-01  4.744476E-04  1.561946E-07  2.051475E-07  2.282768E-07  2.723628E-07  9.753408E-02  8.159978E-05  6.919017E-07  2.717668E-01  2.587305E-03  2.355811E-04  3.566419E-06  3.864734E-03  5.908847E-07  1.951416E-06  7.743203E-07  2.497279E-01  1.259104E-04  4.795634E-06  4.203839E-06  3.657604E-04  4.978363E-04  2.786605E-05  3.616631E-06  4.584150E-06  8.267796E-06
 2.761500E+02  3.743839E-01  4.695818E-04  1.505442E-07  1.977922E-07  2.201084E-07  2.626985E-07  9.758725E-02  7.963789E-05  6.384767E-07  2.734842E-01  2.555485E-03  2.215301E-04  3.482215E-06  3.780274E-03  5.528972E-07  1.831793E-06  7.372582E-07  2.464120E-01  1.197214E-04  4.622619E-06  4.048728E-06  3.592829E-04  4.889907E-04  2.605321E-05  3.359935E-06  4.260461E-06  7.794205E-06
 2.771500E+02  3.760675E-01  4.647730E-04  1.451271E-07  1.907381E-07  2.122740E-07  2.534263E-07  9.763892E-02  7.773792E-05  5.895386E-07  2.751772E-01  2.523946E-03  2.083688E-04  3.399969E-06  3.698175E-03  5.176017E-07  1.720295E-06  7.021984E-07  2.431413E-01  1.138613E-04  4.456572E-06  3.900002E-06  3.529444E-04  4.803363E-04  2.436723E-05  3.122983E-06  3.961553E-06  7.350334E-06
 2.781500E+02  3.777272E-01  4.600208E-04  1.399327E-07  1.839717E-07  2.047583E-07  2.445286E-07  9.768915E-02  7.589759E-05  5.446826E-07  2.768462E-01  2.492693E-03  1.960383E-04  3.319649E-06  3.618359E-03  4.847915E-07  1.616322E-06  6.690217E-07  2.399157E-01  1.083116E-04  4.297194E-06  3.757376E-06  3.467418E-04  4.718687E-04  2.279867E-05  2.904150E-06  3.685395E-06  6.934175E-06
 2.791500E+02  3.793633E-01  4.553250E-04  1.349509E-07  1.774799E-07  1.975473E-07  2.359887E-07  9.773797E-02  7.411468E-05  5.035427E-07  2.784912E-01  2.461734E-03  1.844838E-04  3.241225E-06  3.540753E-03  4.542766E-07  1.519321E-06  6.376168E-07  2.367349E-01  1.030550E-04  4.144195E-06  3.620582E-06  3.406723E-04  4.635840E-04  2.133885E-05  2.701951E-06  3.430132E-06  6.543863E-06
 2.801500E+02  3.809759E-01  4.506850E-04  1.301721E-07  1.712505E-07  1.906271E-07  2.277907E-07  9.778543E-02  7.238709E-05  4.657879E-07  2.801125E-01  2.431075E-03  1.736540E-04  3.164662E-06  3.465286E-03  4.258827E-07  1.428783E-06  6.078795E-07  2.335986E-01  9.807502E-05  3.997301E-06  3.489362E-06  3.347329E-04  4.554782E-04  1.997975E-05  2.515033E-06  3.194070E-06  6.177669E-06
 2.811500E+02  3.825651E-01  4.461005E-04  1.255871E-07  1.652717E-07  1.839848E-07  2.199195E-07  9.783159E-02  7.071278E-05  4.311187E-07  2.817103E-01  2.400721E-03  1.635015E-04  3.089930E-06  3.391889E-03  3.994498E-07  1.344239E-06  5.797121E-07  2.305066E-01  9.335621E-05  3.856250E-06  3.363472E-06  3.289209E-04  4.475471E-04  1.871400E-05  2.342158E-06  2.975662E-06  5.833985E-06
 2.821500E+02  3.841312E-01  4.415710E-04  1.211872E-07  1.595325E-07  1.776082E-07  2.123606E-07  9.787649E-02  6.908982E-05  3.992637E-07  2.832848E-01  2.370678E-03  1.539816E-04  3.016994E-06  3.320497E-03  3.748308E-07  1.265256E-06  5.530233E-07  2.274585E-01  8.888404E-05  3.720790E-06  3.242679E-06  3.232333E-04  4.397870E-04  1.753476E-05  2.182196E-06  2.773490E-06  5.511317E-06
 2.831500E+02  3.856744E-01  4.370963E-04  1.169642E-07  1.540221E-07  1.714854E-07  2.051005E-07  9.792016E-02  6.751635E-05  3.699769E-07  2.848362E-01  2.340948E-03  1.450531E-04  2.945821E-06  3.251045E-03  3.518903E-07  1.191434E-06  5.277275E-07  2.244541E-01  8.464482E-05  3.590683E-06  3.126759E-06  3.176675E-04  4.321941E-04  1.643574E-05  2.034111E-06  2.586261E-06  5.208279E-06
 2.841500E+02  3.871949E-01  4.326757E-04  1.129103E-07  1.487305E-07  1.656053E-07  1.981259E-07  9.796265E-02  6.599057E-05  3.430353E-07  2.863647E-01  2.311537E-03  1.366774E-04  2.876377E-06  3.183472E-03  3.305039E-07  1.122407E-06  5.037444E-07  2.214929E-01  8.062565E-05  3.465700E-06  3.015500E-06  3.122207E-04  4.247645E-04  1.541113E-05  1.896957E-06  2.412788E-06  4.923580E-06
 2.851500E+02  3.886928E-01  4.283091E-04  1.090179E-07  1.436481E-07  1.599572E-07  1.914246E-07  9.800399E-02  6.451077E-05  3.182367E-07  2.878706E-01  2.282448E-03  1.288184E-04  2.808627E-06  3.117719E-03  3.105571E-07  1.057833E-06  4.809989E-07  2.185746E-01  7.681438E-05  3.345623E-06  2.908699E-06  3.068903E-04  4.174945E-04  1.445556E-05  1.769868E-06  2.251985E-06  4.656020E-06
 2.861500E+02  3.901684E-01  4.239958E-04  1.052800E-07  1.387658E-07  1.545311E-07  1.849846E-07  9.804423E-02  6.307529E-05  2.953972E-07  2.893540E-01  2.253683E-03  1.214426E-04  2.742539E-06  3.053729E-03  2.919444E-07  9.973993E-07  4.594203E-07  2.156990E-01  7.319955E-05  3.230244E-06  2.806162E-06  3.016737E-04  4.103806E-04  1.356408E-05  1.652051E-06  2.102860E-06  4.404485E-06
 2.871500E+02  3.916220E-01  4.197356E-04  1.016896E-07  1.340748E-07  1.493172E-07  1.787947E-07  9.808340E-02  6.168257E-05  2.743499E-07  2.908153E-01  2.225244E-03  1.145188E-04  2.678078E-06  2.991446E-03  2.745687E-07  9.408157E-07  4.389426E-07  2.128655E-01  6.977038E-05  3.119362E-06  2.707706E-06  2.965683E-04  4.034192E-04  1.273209E-05  1.542778E-06  1.964499E-06  4.167936E-06
 2.881500E+02  3.930537E-01  4.155279E-04  9.824053E-08  1.295669E-07  1.443064E-07  1.728442E-07  9.812153E-02  6.033108E-05  2.549431E-07  2.922547E-01  2.197135E-03  1.080178E-04  2.615210E-06  2.930816E-03  2.583404E-07  8.878138E-07  4.195036E-07  2.100738E-01  6.651668E-05  3.012789E-06  2.613155E-06  2.915715E-04  3.966068E-04  1.195536E-05  1.441385E-06  1.836068E-06  3.945406E-06
 2.891500E+02  3.944638E-01  4.113723E-04  9.492646E-08  1.252340E-07  1.394900E-07  1.671226E-07  9.815865E-02  5.901937E-05  2.370388E-07  2.936723E-01  2.169356E-03  1.019122E-04  2.553901E-06  2.871790E-03  2.431770E-07  8.381458E-07  4.010451E-07  2.073235E-01  6.342888E-05  2.910343E-06  2.522339E-06  2.866811E-04  3.899401E-04  1.122997E-05  1.347259E-06  1.716799E-06  3.735995E-06
 2.901500E+02  3.958525E-01  4.072684E-04  9.174158E-08  1.210688E-07  1.348595E-07  1.616204E-07  9.819480E-02  5.774604E-05  2.205114E-07  2.950684E-01  2.141908E-03  9.617687E-05  2.494118E-06  2.814316E-03  2.290022E-07  7.915820E-07  3.835123E-07  2.046142E-01  6.049794E-05  2.811850E-06  2.435099E-06  2.818944E-04  3.834155E-04  1.055230E-05  1.259840E-06  1.605990E-06  3.538867E-06
 2.911500E+02  3.972201E-01  4.032157E-04  8.868030E-08  1.170639E-07  1.304070E-07  1.563282E-07  9.823001E-02  5.650974E-05  2.052466E-07  2.964434E-01  2.114793E-03  9.078794E-05  2.435826E-06  2.758348E-03  2.157457E-07  7.479101E-07  3.668538E-07  2.019454E-01  5.771534E-05  2.717144E-06  2.351281E-06  2.772092E-04  3.770300E-04  9.918983E-06  1.178614E-06  1.502993E-06  3.353239E-06
 2.921500E+02  3.985668E-01  3.992138E-04  8.573731E-08  1.132126E-07  1.261249E-07  1.512370E-07  9.826431E-02  5.530919E-05  1.911400E-07  2.977974E-01  2.088011E-03  8.572335E-05  2.378993E-06  2.703839E-03  2.033427E-07  7.069334E-07  3.510214E-07  1.993167E-01  5.507304E-05  2.626067E-06  2.270741E-06  2.726231E-04  3.707803E-04  9.326922E-06  1.103109E-06  1.407216E-06  3.178384E-06
 2.931500E+02  3.998928E-01  3.952622E-04  8.290753E-08  1.095083E-07  1.220060E-07  1.463384E-07  9.829773E-02  5.414314E-05  1.780967E-07  2.991306E-01  2.061562E-03  8.096246E-05  2.323587E-06  2.650743E-03  1.917332E-07  6.684695E-07  3.359696E-07  1.967278E-01  5.256348E-05  2.538467E-06  2.193337E-06  2.681340E-04  3.646632E-04  8.773240E-06  1.032890E-06  1.318114E-06  3.013623E-06
 2.941500E+02  4.011984E-01  3.913604E-04  8.018614E-08  1.059448E-07  1.180433E-07  1.416244E-07  9.833028E-02  5.301041E-05  1.660300E-07  3.004434E-01  2.035447E-03  7.648598E-05  2.269573E-06  2.599019E-03  1.808616E-07  6.323496E-07  3.216557E-07  1.941781E-01  5.017950E-05  2.454200E-06  2.118937E-06  2.637394E-04  3.586757E-04  8.255273E-06  9.675584E-07  1.235184E-06  2.858325E-06
 2.951500E+02  4.024839E-01  3.875081E-04  7.756851E-08  1.025161E-07  1.142304E-07  1.370871E-07  9.836201E-02  5.190986E-05  1.548608E-07  3.017360E-01  2.009664E-03  7.227594E-05  2.216921E-06  2.548625E-03  1.706768E-07  5.984169E-07  3.080397E-07  1.916671E-01  4.791437E-05  2.373127E-06  2.047413E-06  2.594374E-04  3.528148E-04  7.770555E-06  9.067477E-07  1.157966E-06  2.711899E-06
 2.961500E+02  4.037495E-01  3.837046E-04  7.505026E-08  9.921658E-08  1.105608E-07  1.327193E-07  9.839293E-02  5.084037E-05  1.445168E-07  3.030086E-01  1.984213E-03  6.831552E-05  2.165598E-06  2.499520E-03  1.611314E-07  5.665261E-07  2.950837E-07  1.891945E-01  4.576172E-05  2.295117E-06  1.978645E-06  2.552257E-04  3.470775E-04  7.316798E-06  8.501204E-07  1.086035E-06  2.573793E-06
 2.971500E+02  4.049954E-01  3.799496E-04  7.262719E-08  9.604083E-08  1.070287E-07  1.285138E-07  9.842307E-02  4.980090E-05  1.349321E-07  3.042615E-01  1.959093E-03  6.458904E-05  2.115574E-06  2.451665E-03  1.521813E-07  5.365424E-07  2.827523E-07  1.867598E-01  4.371557E-05  2.220042E-06  1.912515E-06  2.511023E-04  3.414610E-04  6.891882E-06  7.973659E-07  1.019000E-06  2.443495E-06
 2.981500E+02  4.062219E-01  3.762426E-04  7.029530E-08  9.298366E-08  1.036282E-07  1.244640E-07  9.845246E-02  4.879044E-05  1.260462E-07  3.054950E-01  1.934304E-03  6.108183E-05  2.066816E-06  2.405023E-03  1.437861E-07  5.083403E-07  2.710120E-07  1.843624E-01  4.177024E-05  2.147782E-06  1.848914E-06  2.470652E-04  3.359625E-04  6.493841E-06  7.481983E-07  9.565018E-07  2.320523E-06
 2.991500E+02  4.074292E-01  3.725830E-04  6.805076E-08  9.004016E-08  1.003539E-07  1.205634E-07  9.848111E-02  4.780800E-05  1.178039E-07  3.067092E-01  1.909844E-03  5.778021E-05  2.019295E-06  2.359558E-03  1.359081E-07  4.818037E-07  2.598312E-07  1.820021E-01  3.992039E-05  2.078221E-06  1.787736E-06  2.431122E-04  3.305792E-04  6.120852E-06  7.023541E-07  8.982081E-07  2.204430E-06
 3.001500E+02  4.086177E-01  3.689704E-04  6.588994E-08  8.720561E-08  9.720067E-08  1.168059E-07  9.850905E-02  4.685265E-05  1.101547E-07  3.079046E-01  1.885711E-03  5.467136E-05  1.972981E-06  2.315234E-03  1.285123E-07  4.568244E-07  2.491804E-07  1.796781E-01  3.816098E-05  2.011249E-06  1.728878E-06  2.392416E-04  3.253085E-04  5.771221E-06  6.595909E-07  8.438133E-07  2.094796E-06
 3.011500E+02  4.097875E-01  3.654044E-04  6.380935E-08  8.447552E-08  9.416341E-08  1.131857E-07  9.853630E-02  4.592348E-05  1.030524E-07  3.090812E-01  1.861903E-03  5.174332E-05  1.927844E-06  2.272019E-03  1.215665E-07  4.333018E-07  2.390316E-07  1.773902E-01  3.648725E-05  1.946760E-06  1.672246E-06  2.354515E-04  3.201477E-04  5.443377E-06  6.196846E-07  7.930355E-07  1.991231E-06
 3.021500E+02  4.109390E-01  3.618843E-04  6.180567E-08  8.184559E-08  9.123739E-08  1.096972E-07  9.856287E-02  4.501963E-05  9.645442E-08  3.102395E-01  1.838420E-03  4.898491E-05  1.883855E-06  2.229878E-03  1.150406E-07  4.111426E-07  2.293584E-07  1.751378E-01  3.489469E-05  1.884652E-06  1.617746E-06  2.317398E-04  3.150943E-04  5.135862E-06  5.824291E-07  7.456145E-07  1.893367E-06
 3.031500E+02  4.120724E-01  3.584098E-04  5.987573E-08  7.931172E-08  8.841808E-08  1.063350E-07  9.858880E-02  4.414025E-05  9.032199E-08  3.113796E-01  1.815258E-03  4.638567E-05  1.840986E-06  2.188780E-03  1.089068E-07  3.902596E-07  2.201360E-07  1.729204E-01  3.337907E-05  1.824831E-06  1.565290E-06  2.281049E-04  3.101457E-04  4.847320E-06  5.476337E-07  7.013102E-07  1.800863E-06
 3.041500E+02  4.131878E-01  3.549803E-04  5.801650E-08  7.686999E-08  8.570111E-08  1.030939E-07  9.861409E-02  4.328456E-05  8.461944E-08  3.125017E-01  1.792416E-03  4.393583E-05  1.799209E-06  2.148695E-03  1.031392E-07  3.705721E-07  2.113410E-07  1.707376E-01  3.193636E-05  1.767202E-06  1.514794E-06  2.245450E-04  3.052996E-04  4.576493E-06  5.151228E-07  6.599009E-07  1.713399E-06
 3.051500E+02  4.142857E-01  3.515954E-04  5.622508E-08  7.451666E-08  8.308235E-08  9.996924E-08  9.863878E-02  4.245176E-05  7.931402E-08  3.136062E-01  1.769891E-03  4.162622E-05  1.758496E-06  2.109594E-03  9.771394E-08  3.520044E-07  2.029514E-07  1.685889E-01  3.056279E-05  1.711677E-06  1.466177E-06  2.210583E-04  3.005536E-04  4.322210E-06  4.847340E-07  6.211816E-07  1.630674E-06
 3.061500E+02  4.153662E-01  3.482545E-04  5.449872E-08  7.224815E-08  8.055782E-08  9.695619E-08  9.866286E-02  4.164113E-05  7.437570E-08  3.146934E-01  1.747681E-03  3.944829E-05  1.718821E-06  2.071447E-03  9.260863E-08  3.344866E-07  1.949462E-07  1.664738E-01  2.925477E-05  1.658172E-06  1.419362E-06  2.176431E-04  2.959052E-04  4.083383E-06  4.563173E-07  5.849631E-07  1.552409E-06
 3.071500E+02  4.164296E-01  3.449571E-04  5.283476E-08  7.006104E-08  7.812372E-08  9.405032E-08  9.868637E-02  4.085194E-05  6.977686E-08  3.157633E-01  1.725783E-03  3.739404E-05  1.680157E-06  2.034227E-03  8.780256E-08  3.179530E-07  1.873058E-07  1.643919E-01  2.800892E-05  1.606605E-06  1.374276E-06  2.142978E-04  2.913523E-04  3.859000E-06  4.297340E-07  5.510703E-07  1.478341E-06
 3.081500E+02  4.174762E-01  3.417028E-04  5.123068E-08  6.795205E-08  7.577643E-08  9.124737E-08  9.870932E-02  4.008350E-05  6.549213E-08  3.168164E-01  1.704195E-03  3.545597E-05  1.642479E-06  1.997907E-03  8.327647E-08  3.023427E-07  1.800117E-07  1.623426E-01  2.682203E-05  1.556899E-06  1.330849E-06  2.110208E-04  2.868927E-04  3.648121E-06  4.048560E-07  5.193413E-07  1.408223E-06
 3.091500E+02  4.185061E-01  3.384911E-04  4.968406E-08  6.591806E-08  7.351248E-08  8.854324E-08  9.873173E-02  3.933514E-05  6.149816E-08  3.178528E-01  1.682914E-03  3.362706E-05  1.605761E-06  1.962462E-03  7.901242E-08  2.875988E-07  1.730463E-07  1.603255E-01  2.569109E-05  1.508981E-06  1.289011E-06  2.078105E-04  2.825241E-04  3.449869E-06  3.815646E-07  4.896262E-07  1.341826E-06
 3.101500E+02  4.195197E-01  3.353215E-04  4.819261E-08  6.395609E-08  7.132855E-08  8.593403E-08  9.875360E-02  3.860624E-05  5.777351E-08  3.188729E-01  1.661937E-03  3.190073E-05  1.569978E-06  1.927865E-03  7.499373E-08  2.736681E-07  1.663931E-07  1.583401E-01  2.461324E-05  1.462778E-06  1.248701E-06  2.046653E-04  2.782444E-04  3.263429E-06  3.597501E-07  4.617864E-07  1.278933E-06
 3.111500E+02  4.205172E-01  3.321934E-04  4.675411E-08  6.206326E-08  6.922146E-08  8.341600E-08  9.877496E-02  3.789616E-05  5.429838E-08  3.198768E-01  1.641261E-03  3.027085E-05  1.535106E-06  1.894094E-03  7.120487E-08  2.605012E-07  1.600364E-07  1.563860E-01  2.358577E-05  1.418223E-06  1.209854E-06  2.015838E-04  2.740516E-04  3.088041E-06  3.393110E-07  4.356934E-07  1.219341E-06
 3.121500E+02  4.214989E-01  3.291064E-04  4.536645E-08  6.023684E-08  6.718819E-08  8.098556E-08  9.879582E-02  3.720433E-05  5.105459E-08  3.208648E-01  1.620883E-03  2.873163E-05  1.501122E-06  1.861124E-03  6.763138E-08  2.480517E-07  1.539614E-07  1.544627E-01  2.260613E-05  1.375250E-06  1.172414E-06  1.985645E-04  2.699438E-04  2.922999E-06  3.201530E-07  4.112281E-07  1.162863E-06
 3.131500E+02  4.224649E-01  3.260600E-04  4.402762E-08  5.847421E-08  6.522582E-08  7.863930E-08  9.881619E-02  3.653016E-05  4.802536E-08  3.218371E-01  1.600800E-03  2.727769E-05  1.468003E-06  1.828933E-03  6.425978E-08  2.362764E-07  1.481541E-07  1.525698E-01  2.167190E-05  1.333798E-06  1.136323E-06  1.956060E-04  2.659188E-04  2.767643E-06  3.021890E-07  3.882803E-07  1.109318E-06
 3.141500E+02  4.234156E-01  3.230537E-04  4.273568E-08  5.677288E-08  6.333158E-08  7.637393E-08  9.883609E-02  3.587310E-05  4.519523E-08  3.227940E-01  1.581009E-03  2.590397E-05  1.435725E-06  1.797499E-03  6.107751E-08  2.251350E-07  1.426014E-07  1.507067E-01  2.078079E-05  1.293807E-06  1.101528E-06  1.927067E-04  2.619748E-04  2.621360E-06  2.853381E-07  3.667476E-07  1.058540E-06
 3.151500E+02  4.243511E-01  3.200870E-04  4.148878E-08  5.513043E-08  6.150279E-08  7.418632E-08  9.885553E-02  3.523262E-05  4.254992E-08  3.237357E-01  1.561506E-03  2.460572E-05  1.404267E-06  1.766801E-03  5.807285E-08  2.145897E-07  1.372907E-07  1.488730E-01  1.993064E-05  1.255219E-06  1.067976E-06  1.898655E-04  2.581099E-04  2.483576E-06  2.695255E-07  3.465353E-07  1.010372E-06
 3.161500E+02  4.252717E-01  3.171594E-04  4.028516E-08  5.354458E-08  5.973693E-08  7.207346E-08  9.887453E-02  3.460821E-05  4.007629E-08  3.246625E-01  1.542289E-03  2.337850E-05  1.373608E-06  1.736818E-03  5.523487E-08  2.046051E-07  1.322103E-07  1.470683E-01  1.911940E-05  1.217980E-06  1.035619E-06  1.870810E-04  2.543224E-04  2.353758E-06  2.546815E-07  3.275552E-07  9.646671E-07
 3.171500E+02  4.261777E-01  3.142704E-04  3.912313E-08  5.201313E-08  5.803154E-08  7.003246E-08  9.889309E-02  3.399938E-05  3.776217E-08  3.255746E-01  1.523354E-03  2.221813E-05  1.343726E-06  1.707530E-03  5.255338E-08  1.951483E-07  1.273488E-07  1.452921E-01  1.834514E-05  1.182037E-06  1.004409E-06  1.843518E-04  2.506103E-04  2.231408E-06  2.407417E-07  3.097257E-07  9.212870E-07
 3.181500E+02  4.270692E-01  3.114196E-04  3.800107E-08  5.053397E-08  5.638430E-08  6.806058E-08  9.891123E-02  3.340565E-05  3.559634E-08  3.264723E-01  1.504698E-03  2.112071E-05  1.314600E-06  1.678917E-03  5.001886E-08  1.861884E-07  1.226957E-07  1.435439E-01  1.760600E-05  1.147340E-06  9.743014E-07  1.816767E-04  2.469720E-04  2.116060E-06  2.276461E-07  2.929707E-07  8.801019E-07
 3.191500E+02  4.279466E-01  3.086064E-04  3.691742E-08  4.910510E-08  5.479295E-08  6.615517E-08  9.892896E-02  3.282656E-05  3.356843E-08  3.273556E-01  1.486317E-03  2.008258E-05  1.286211E-06  1.650962E-03  4.762242E-08  1.776963E-07  1.182410E-07  1.418234E-01  1.690027E-05  1.113841E-06  9.452519E-07  1.790545E-04  2.434058E-04  2.007282E-06  2.153392E-07  2.772199E-07  8.409896E-07
 3.201500E+02  4.288099E-01  3.058305E-04  3.587071E-08  4.772457E-08  5.325538E-08  6.431369E-08  9.894629E-02  3.226166E-05  3.166884E-08  3.282250E-01  1.468208E-03  1.910029E-05  1.258539E-06  1.623646E-03  4.535576E-08  1.696451E-07  1.139752E-07  1.401301E-01  1.622628E-05  1.081494E-06  9.172196E-07  1.764839E-04  2.399100E-04  1.904667E-06  2.037691E-07  2.624076E-07  8.038355E-07
 3.211500E+02  4.296596E-01  3.030912E-04  3.485950E-08  4.639054E-08  5.176951E-08  6.253373E-08  9.896323E-02  3.171053E-05  2.988872E-08  3.290806E-01  1.450368E-03  1.817060E-05  1.231566E-06  1.596952E-03  4.321110E-08  1.620093E-07  1.098893E-07  1.384636E-01  1.558249E-05  1.050254E-06  8.901646E-07  1.739638E-04  2.364831E-04  1.807837E-06  1.928879E-07  2.484730E-07  7.685319E-07
 3.221500E+02  4.304957E-01  3.003881E-04  3.388245E-08  4.510125E-08  5.033338E-08  6.081296E-08  9.897980E-02  3.117276E-05  2.821985E-08  3.299226E-01  1.432793E-03  1.729050E-05  1.205271E-06  1.570862E-03  4.118120E-08  1.547651E-07  1.059747E-07  1.368233E-01  1.496741E-05  1.020080E-06  8.640489E-07  1.714931E-04  2.331234E-04  1.716440E-06  1.826508E-07  2.353593E-07  7.349772E-07
 3.231500E+02  4.313185E-01  2.977209E-04  3.293824E-08  4.385498E-08  4.894512E-08  5.914915E-08  9.899599E-02  3.064795E-05  2.665462E-08  3.307513E-01  1.415480E-03  1.645714E-05  1.179638E-06  1.545360E-03  3.925927E-08  1.478903E-07  1.022233E-07  1.352090E-01  1.437965E-05  9.909301E-07  8.388361E-07  1.690705E-04  2.298293E-04  1.630143E-06  1.730164E-07  2.230139E-07  7.030762E-07
 3.241500E+02  4.321283E-01  2.950889E-04  3.202562E-08  4.265013E-08  4.760291E-08  5.754016E-08  9.901183E-02  3.013570E-05  2.518601E-08  3.315668E-01  1.398426E-03  1.566784E-05  1.154649E-06  1.520431E-03  3.743895E-08  1.413639E-07  9.862758E-08  1.336202E-01  1.381787E-05  9.627659E-07  8.144912E-07  1.666951E-04  2.265995E-04  1.548639E-06  1.639459E-07  2.113875E-07  6.727391E-07
 3.251500E+02  4.329252E-01  2.924917E-04  3.114341E-08  4.148512E-08  4.630502E-08  5.598396E-08  9.902732E-02  2.963566E-05  2.380748E-08  3.323695E-01  1.381626E-03  1.492009E-05  1.130286E-06  1.496058E-03  3.571430E-08  1.351663E-07  9.518015E-08  1.320564E-01  1.328082E-05  9.355500E-07  7.909809E-07  1.643657E-04  2.234324E-04  1.471639E-06  1.554034E-07  2.004346E-07  6.438815E-07
 3.261500E+02  4.337094E-01  2.899289E-04  3.029044E-08  4.035847E-08  4.504979E-08  5.447856E-08  9.904248E-02  2.914747E-05  2.251299E-08  3.331594E-01  1.365078E-03  1.421154E-05  1.106533E-06  1.472227E-03  3.407977E-08  1.292790E-07  9.187415E-08  1.305173E-01  1.276731E-05  9.092467E-07  7.682731E-07  1.620812E-04  2.203267E-04  1.398872E-06  1.473552E-07  1.901126E-07  6.164237E-07
 3.271500E+02  4.344812E-01  2.874000E-04  2.946562E-08  3.926874E-08  4.383564E-08  5.302210E-08  9.905730E-02  2.867077E-05  2.129694E-08  3.339369E-01  1.348779E-03  1.353997E-05  1.083373E-06  1.448923E-03  3.253012E-08  1.236849E-07  8.870303E-08  1.290025E-01  1.227621E-05  8.838215E-07  7.463371E-07  1.598408E-04  2.172808E-04  1.330086E-06  1.397703E-07  1.803817E-07  5.902911E-07
 3.281500E+02  4.352408E-01  2.849045E-04  2.866790E-08  3.821456E-08  4.266103E-08  5.161276E-08  9.907180E-02  2.820523E-05  2.015412E-08  3.347020E-01  1.332724E-03  1.290329E-05  1.060790E-06  1.426132E-03  3.106049E-08  1.183676E-07  8.566059E-08  1.275115E-01  1.180645E-05  8.592416E-07  7.251434E-07  1.576434E-04  2.142936E-04  1.265044E-06  1.326194E-07  1.712050E-07  5.654129E-07
 3.291500E+02  4.359884E-01  2.824421E-04  2.789627E-08  3.719460E-08  4.152450E-08  5.024881E-08  9.908599E-02  2.775053E-05  1.907970E-08  3.354551E-01  1.316910E-03  1.229956E-05  1.038770E-06  1.403841E-03  2.966630E-08  1.133119E-07  8.274092E-08  1.260440E-01  1.135701E-05  8.354754E-07  7.046638E-07  1.554880E-04  2.113636E-04  1.203525E-06  1.258755E-07  1.625480E-07  5.417227E-07
 3.301500E+02  4.367241E-01  2.800122E-04  2.714975E-08  3.620762E-08  4.042465E-08  4.892858E-08  9.909987E-02  2.730636E-05  1.806919E-08  3.361964E-01  1.301334E-03  1.172693E-05  1.017297E-06  1.382036E-03  2.834324E-08  1.085035E-07  7.993845E-08  1.245996E-01  1.092692E-05  8.124926E-07  6.848714E-07  1.533737E-04  2.084895E-04  1.145320E-06  1.195133E-07  1.543785E-07  5.191580E-07
 3.311500E+02  4.374482E-01  2.776144E-04  2.642741E-08  3.525239E-08  3.936014E-08  4.765049E-08  9.911346E-02  2.687242E-05  1.711843E-08  3.369259E-01  1.285993E-03  1.118367E-05  9.963552E-07  1.360705E-03  2.708730E-08  1.039289E-07  7.724785E-08  1.231779E-01  1.051526E-05  7.902641E-07  6.657401E-07  1.512995E-04  2.056702E-04  1.090236E-06  1.135091E-07  1.466666E-07  4.976596E-07
 3.321500E+02  4.381609E-01  2.752483E-04  2.572838E-08  3.432775E-08  3.832966E-08  4.641299E-08  9.912676E-02  2.644841E-05  1.622354E-08  3.376440E-01  1.270883E-03  1.066815E-05  9.759318E-07  1.339835E-03  2.589470E-08  9.957540E-08  7.466406E-08  1.217785E-01  1.012118E-05  7.687621E-07  6.472452E-07  1.492646E-04  2.029043E-04  1.038091E-06  1.078409E-07  1.393841E-07  4.771718E-07
 3.331500E+02  4.388623E-01  2.729134E-04  2.505178E-08  3.343258E-08  3.733198E-08  4.521463E-08  9.913977E-02  2.603406E-05  1.538093E-08  3.383508E-01  1.256001E-03  1.017884E-05  9.560124E-07  1.319413E-03  2.476190E-08  9.543113E-08  7.218231E-08  1.204010E-01  9.743850E-06  7.479598E-07  6.293628E-07  1.472682E-04  2.001907E-04  9.887138E-07  1.024881E-07  1.325049E-07  4.576422E-07
 3.341500E+02  4.395528E-01  2.706093E-04  2.439680E-08  3.256582E-08  3.636591E-08  4.405398E-08  9.915251E-02  2.562908E-05  1.458724E-08  3.390465E-01  1.241344E-03  9.714295E-06  9.365835E-07  1.299430E-03  2.368556E-08  9.148487E-08  6.979802E-08  1.190451E-01  9.382478E-06  7.278315E-07  6.120701E-07  1.453092E-04  1.975282E-04  9.419445E-07  9.743162E-08  1.260046E-07  4.390211E-07
 3.351500E+02  4.402323E-01  2.683356E-04  2.376264E-08  3.172643E-08  3.543031E-08  4.292970E-08  9.916499E-02  2.523322E-05  1.383935E-08  3.397313E-01  1.226907E-03  9.273162E-06  9.176319E-07  1.279872E-03  2.266256E-08  8.772605E-08  6.750687E-08  1.177104E-01  9.036326E-06  7.083525E-07  5.953450E-07  1.433869E-04  1.949157E-04  8.976330E-07  9.265341E-08  1.198603E-07  4.212619E-07
 3.361500E+02  4.409012E-01  2.660919E-04  2.314857E-08  3.091343E-08  3.452407E-08  4.184048E-08  9.917720E-02  2.484623E-05  1.313437E-08  3.404054E-01  1.212689E-03  8.854162E-06  8.991448E-07  1.260729E-03  2.168996E-08  8.414473E-08  6.530473E-08  1.163965E-01  8.704687E-06  6.894993E-07  5.791666E-07  1.415006E-04  1.923520E-04  8.556385E-07  8.813673E-08  1.140506E-07  4.043202E-07
 3.371500E+02  4.415596E-01  2.638777E-04  2.255384E-08  3.012588E-08  3.364615E-08  4.078507E-08  9.918916E-02  2.446785E-05  1.246959E-08  3.410689E-01  1.198685E-03  8.456091E-06  8.811097E-07  1.241990E-03  2.076501E-08  8.073156E-08  6.318768E-08  1.151032E-01  8.386892E-06  6.712489E-07  5.635147E-07  1.396493E-04  1.898361E-04  8.158289E-07  8.386591E-08  1.085557E-07  3.881545E-07
 3.381500E+02  4.422077E-01  2.616926E-04  2.197777E-08  2.936285E-08  3.279554E-08  3.976227E-08  9.920088E-02  2.409785E-05  1.184249E-08  3.417221E-01  1.184892E-03  8.077817E-06  8.635145E-07  1.223645E-03  1.988510E-08  7.747771E-08  6.115200E-08  1.138300E-01  8.082302E-06  6.535797E-07  5.483699E-07  1.378323E-04  1.873669E-04  7.780802E-07  7.982627E-08  1.033567E-07  3.727254E-07
 3.391500E+02  4.428456E-01  2.595362E-04  2.141967E-08  2.862348E-08  3.197125E-08  3.877092E-08  9.921235E-02  2.373600E-05  1.125072E-08  3.423651E-01  1.171308E-03  7.718271E-06  8.463475E-07  1.205684E-03  1.904780E-08  7.437487E-08  5.919413E-08  1.125766E-01  7.790312E-06  6.364707E-07  5.337137E-07  1.360489E-04  1.849434E-04  7.422760E-07  7.600411E-08  9.843620E-08  3.579956E-07
 3.401500E+02  4.434737E-01  2.574082E-04  2.087892E-08  2.790692E-08  3.117237E-08  3.780993E-08  9.922359E-02  2.338207E-05  1.069210E-08  3.429981E-01  1.157929E-03  7.376447E-06  8.295971E-07  1.188097E-03  1.825081E-08  7.141521E-08  5.731071E-08  1.113426E-01  7.510347E-06  6.199018E-07  5.195282E-07  1.342984E-04  1.825646E-04  7.083069E-07  7.238658E-08  9.377788E-08  3.439300E-07
 3.411500E+02  4.440919E-01  2.553081E-04  2.035490E-08  2.721238E-08  3.039799E-08  3.687822E-08  9.923459E-02  2.303585E-05  1.016459E-08  3.436212E-01  1.144751E-03  7.051398E-06  8.132521E-07  1.170875E-03  1.749198E-08  6.859134E-08  5.549851E-08  1.101279E-01  7.241860E-06  6.038535E-07  5.057962E-07  1.325799E-04  1.802295E-04  6.760701E-07  6.896168E-08  8.936638E-08  3.304954E-07
 3.421500E+02  4.447005E-01  2.532354E-04  1.984700E-08  2.653907E-08  2.964724E-08  3.597477E-08  9.924538E-02  2.269712E-05  9.666274E-09  3.442347E-01  1.131773E-03  6.742229E-06  7.973018E-07  1.154008E-03  1.676926E-08  6.589628E-08  5.375448E-08  1.089319E-01  6.984331E-06  5.883074E-07  4.925014E-07  1.308929E-04  1.779371E-04  6.454693E-07  6.571815E-08  8.518734E-08  3.176603E-07
 3.431500E+02  4.452996E-01  2.511900E-04  1.935467E-08  2.588625E-08  2.891932E-08  3.509859E-08  9.925595E-02  2.236570E-05  9.195381E-09  3.448387E-01  1.118990E-03  6.448097E-06  7.817356E-07  1.137488E-03  1.608074E-08  6.332346E-08  5.207570E-08  1.077544E-01  6.737265E-06  5.732457E-07  4.796279E-07  1.292366E-04  1.756865E-04  6.164135E-07  6.264544E-08  8.122731E-08  3.053951E-07
 3.441500E+02  4.458895E-01  2.491712E-04  1.887735E-08  2.525321E-08  2.821340E-08  3.424875E-08  9.926630E-02  2.204138E-05  8.750248E-09  3.454334E-01  1.106399E-03  6.168208E-06  7.665433E-07  1.121305E-03  1.542461E-08  6.086667E-08  5.045939E-08  1.065951E-01  6.500192E-06  5.586510E-07  4.671606E-07  1.276103E-04  1.734768E-04  5.888175E-07  5.973369E-08  7.747369E-08  2.936716E-07
 3.451500E+02  4.464703E-01  2.471788E-04  1.841452E-08  2.463925E-08  2.752875E-08  3.342433E-08  9.927645E-02  2.172396E-05  8.329323E-09  3.460188E-01  1.093999E-03  5.901811E-06  7.517147E-07  1.105452E-03  1.479919E-08  5.852004E-08  4.890292E-08  1.054536E-01  6.272664E-06  5.445071E-07  4.550849E-07  1.260134E-04  1.713071E-04  5.626012E-07  5.697363E-08  7.391465E-08  2.824633E-07
 3.461500E+02  4.470420E-01  2.452124E-04  1.796568E-08  2.404372E-08  2.686460E-08  3.262445E-08  9.928639E-02  2.141328E-05  7.931157E-09  3.465953E-01  1.081785E-03  5.648198E-06  7.372404E-07  1.089920E-03  1.420286E-08  5.627804E-08  4.740375E-08  1.043297E-01  6.054256E-06  5.307979E-07  4.433869E-07  1.244453E-04  1.691765E-04  5.376889E-07  5.435658E-08  7.053911E-08  2.717449E-07
 3.471500E+02  4.476050E-01  2.432716E-04  1.753034E-08  2.346598E-08  2.622027E-08  3.184828E-08  9.929614E-02  2.110914E-05  7.554394E-09  3.471629E-01  1.069754E-03  5.406703E-06  7.231107E-07  1.074701E-03  1.363412E-08  5.413544E-08  4.595949E-08  1.032231E-01  5.844563E-06  5.175084E-07  4.320531E-07  1.229053E-04  1.670842E-04  5.140098E-07  5.187440E-08  6.733666E-08  2.614927E-07
 3.481500E+02  4.481593E-01  2.413561E-04  1.710802E-08  2.290541E-08  2.559507E-08  3.109500E-08  9.930569E-02  2.081139E-05  7.197766E-09  3.477218E-01  1.057905E-03  5.176693E-06  7.093166E-07  1.059788E-03  1.309154E-08  5.208730E-08  4.456784E-08  1.021334E-01  5.643199E-06  5.046238E-07  4.210705E-07  1.213929E-04  1.650294E-04  4.914969E-07  4.951944E-08  6.429754E-08  2.516840E-07
 3.491500E+02  4.487051E-01  2.394654E-04  1.669829E-08  2.236144E-08  2.498834E-08  3.036385E-08  9.931506E-02  2.051984E-05  6.860087E-09  3.482721E-01  1.046233E-03  4.957575E-06  6.958492E-07  1.045173E-03  1.257378E-08  5.012894E-08  4.322661E-08  1.010604E-01  5.449797E-06  4.921301E-07  4.104269E-07  1.199074E-04  1.630112E-04  4.700873E-07  4.728454E-08  6.141258E-08  2.422976E-07
 3.501500E+02  4.492426E-01  2.375993E-04  1.630071E-08  2.183348E-08  2.439945E-08  2.965406E-08  9.932425E-02  2.023434E-05  6.540245E-09  3.488140E-01  1.034737E-03  4.748786E-06  6.826997E-07  1.030849E-03  1.207957E-08  4.825594E-08  4.193373E-08  1.000037E-01  5.264007E-06  4.800138E-07  4.001102E-07  1.184483E-04  1.610289E-04  4.497219E-07  4.516296E-08  5.867318E-08  2.333131E-07
 3.511500E+02  4.497718E-01  2.357573E-04  1.591486E-08  2.132101E-08  2.382781E-08  2.896492E-08  9.933325E-02  1.995473E-05  6.237203E-09  3.493477E-01  1.023412E-03  4.549796E-06  6.698598E-07  1.016808E-03  1.160770E-08  4.646413E-08  4.068721E-08  9.896315E-02  5.085498E-06  4.682618E-07  3.901090E-07  1.170150E-04  1.590817E-04  4.303446E-07  4.314838E-08  5.607125E-08  2.247114E-07
 3.521500E+02  4.502929E-01  2.339392E-04  1.554035E-08  2.082349E-08  2.327283E-08  2.829573E-08  9.934208E-02  1.968086E-05  5.949986E-09  3.498732E-01  1.012258E-03  4.360102E-06  6.573213E-07  1.003044E-03  1.115707E-08  4.474955E-08  3.948514E-08  9.793841E-02  4.913951E-06  4.568616E-07  3.804123E-07  1.156070E-04  1.571688E-04  4.119031E-07  4.123486E-08  5.359919E-08  2.164744E-07
 3.531500E+02  4.508061E-01  2.321445E-04  1.517679E-08  2.034042E-08  2.273394E-08  2.764583E-08  9.935074E-02  1.941258E-05  5.677682E-09  3.503907E-01  1.001270E-03  4.179231E-06  6.450762E-07  9.895498E-04  1.072658E-08  4.310846E-08  3.832572E-08  9.692922E-02  4.749065E-06  4.458011E-07  3.710095E-07  1.142237E-04  1.552895E-04  3.943476E-07  3.941682E-08  5.124986E-08  2.085847E-07
 3.541500E+02  4.513116E-01  2.303730E-04  1.482382E-08  1.987132E-08  2.221061E-08  2.701458E-08  9.935923E-02  1.914975E-05  5.419436E-09  3.509004E-01  9.904457E-04  4.006734E-06  6.331168E-07  9.763195E-04  1.031525E-08  4.153733E-08  3.720722E-08  9.593530E-02  4.590552E-06  4.350689E-07  3.618904E-07  1.128645E-04  1.534432E-04  3.776315E-07  3.768900E-08  4.901654E-08  2.010260E-07
 3.551500E+02  4.518093E-01  2.286243E-04  1.448107E-08  1.941572E-08  2.170232E-08  2.640134E-08  9.936756E-02  1.889223E-05  5.174446E-09  3.514024E-01  9.797832E-04  3.842189E-06  6.214356E-07  9.633465E-04  9.922101E-09  4.003278E-08  3.612798E-08  9.495639E-02  4.438139E-06  4.246536E-07  3.530453E-07  1.115291E-04  1.516290E-04  3.617107E-07  3.604647E-08  4.689292E-08  1.937829E-07
 3.561500E+02  4.522996E-01  2.268980E-04  1.414820E-08  1.897317E-08  2.120857E-08  2.580554E-08  9.937574E-02  1.863988E-05  4.941961E-09  3.518968E-01  9.692795E-04  3.685194E-06  6.100252E-07  9.506246E-04  9.546250E-09  3.859166E-08  3.508642E-08  9.399223E-02  4.291563E-06  4.145446E-07  3.444646E-07  1.102168E-04  1.498464E-04  3.465436E-07  3.448460E-08  4.487305E-08  1.868406E-07
 3.571500E+02  4.527824E-01  2.251939E-04  1.382488E-08  1.854324E-08  2.072887E-08  2.522660E-08  9.938375E-02  1.839259E-05  4.721274E-09  3.523838E-01  9.589320E-04  3.535371E-06  5.988785E-07  9.381478E-04  9.186839E-09  3.721095E-08  3.408106E-08  9.304257E-02  4.150576E-06  4.047316E-07  3.361394E-07  1.089273E-04  1.480947E-04  3.320911E-07  3.299902E-08  4.295135E-08  1.801851E-07
 3.581500E+02  4.532580E-01  2.235116E-04  1.351081E-08  1.812551E-08  2.026277E-08  2.466395E-08  9.939162E-02  1.815020E-05  4.511725E-09  3.528635E-01  9.487383E-04  3.392362E-06  5.879887E-07  9.259104E-04  8.843062E-09  3.588780E-08  3.311043E-08  9.210716E-02  4.014940E-06  3.952045E-07  3.280610E-07  1.076600E-04  1.463731E-04  3.183160E-07  3.158561E-08  4.112254E-08  1.738033E-07
 3.591500E+02  4.537264E-01  2.218508E-04  1.320566E-08  1.771958E-08  1.980981E-08  2.411708E-08  9.939934E-02  1.791262E-05  4.312691E-09  3.533359E-01  9.386956E-04  3.255827E-06  5.773491E-07  9.139067E-04  8.514158E-09  3.461950E-08  3.217317E-08  9.118575E-02  3.884428E-06  3.859539E-07  3.202208E-07  1.064144E-04  1.446811E-04  3.051836E-07  3.024050E-08  3.938167E-08  1.676825E-07
 3.601500E+02  4.541878E-01  2.202112E-04  1.290915E-08  1.732506E-08  1.936957E-08  2.358546E-08  9.940691E-02  1.767971E-05  4.123589E-09  3.538013E-01  9.288018E-04  3.125446E-06  5.669530E-07  9.021312E-04  8.199405E-09  3.340349E-08  3.126796E-08  9.027811E-02  3.758826E-06  3.769705E-07  3.126110E-07  1.051901E-04  1.430181E-04  2.926609E-07  2.896006E-08  3.772406E-08  1.618108E-07
 3.611500E+02  4.546423E-01  2.185925E-04  1.262099E-08  1.694158E-08  1.894163E-08  2.306861E-08  9.941435E-02  1.745136E-05  3.943871E-09  3.542598E-01  9.190541E-04  3.000915E-06  5.567943E-07  8.905786E-04  7.898120E-09  3.223735E-08  3.039355E-08  8.938399E-02  3.637925E-06  3.682455E-07  3.052236E-07  1.039867E-04  1.413835E-04  2.807166E-07  2.774085E-08  3.614533E-08  1.561768E-07
 3.621500E+02  4.550900E-01  2.169944E-04  1.234091E-08  1.656878E-08  1.852560E-08  2.256604E-08  9.942164E-02  1.722746E-05  3.773020E-09  3.547114E-01  9.094504E-04  2.881946E-06  5.468666E-07  8.792436E-04  7.609657E-09  3.111876E-08  2.954873E-08  8.850315E-02  3.521531E-06  3.597702E-07  2.980513E-07  1.028038E-04  1.397766E-04  2.693213E-07  2.657964E-08  3.464131E-08  1.507698E-07
 3.631500E+02  4.555311E-01  2.154166E-04  1.206865E-08  1.620631E-08  1.812108E-08  2.207730E-08  9.942880E-02  1.700790E-05  3.610552E-09  3.551564E-01  8.999881E-04  2.768268E-06  5.371640E-07  8.681213E-04  7.333402E-09  3.004554E-08  2.873235E-08  8.763538E-02  3.409454E-06  3.515364E-07  2.910867E-07  1.016408E-04  1.381970E-04  2.584474E-07  2.547338E-08  3.320811E-08  1.455796E-07
 3.641500E+02  4.559657E-01  2.138587E-04  1.180394E-08  1.585385E-08  1.772771E-08  2.160194E-08  9.943583E-02  1.679257E-05  3.456013E-09  3.555947E-01  8.906651E-04  2.659622E-06  5.276807E-07  8.572067E-04  7.068775E-09  2.901561E-08  2.794332E-08  8.678045E-02  3.301517E-06  3.435363E-07  2.843231E-07  1.004974E-04  1.366439E-04  2.480685E-07  2.441919E-08  3.184203E-08  1.405963E-07
 3.651500E+02  4.563938E-01  2.123205E-04  1.154656E-08  1.551108E-08  1.734513E-08  2.113954E-08  9.944273E-02  1.658137E-05  3.308972E-09  3.560266E-01  8.814789E-04  2.555764E-06  5.184111E-07  8.464949E-04  6.815228E-09  2.802700E-08  2.718058E-08  8.593813E-02  3.197548E-06  3.357622E-07  2.777537E-07  9.937328E-05  1.351170E-04  2.381597E-07  2.341436E-08  3.053960E-08  1.358108E-07
 3.661500E+02  4.568155E-01  2.108018E-04  1.129627E-08  1.517767E-08  1.697300E-08  2.068969E-08  9.944950E-02  1.637421E-05  3.169027E-09  3.564521E-01  8.724274E-04  2.456462E-06  5.093495E-07  8.359815E-04  6.572238E-09  2.707784E-08  2.644312E-08  8.510821E-02  3.097384E-06  3.282066E-07  2.713721E-07  9.826792E-05  1.336156E-04  2.286977E-07  2.245634E-08  2.929753E-08  1.312143E-07
 3.671500E+02  4.572311E-01  2.093022E-04  1.105282E-08  1.485334E-08  1.661097E-08  2.025198E-08  9.945616E-02  1.617098E-05  3.035799E-09  3.568713E-01  8.635083E-04  2.361497E-06  5.004907E-07  8.256617E-04  6.339311E-09  2.616634E-08  2.572998E-08  8.429047E-02  3.000869E-06  3.208626E-07  2.651722E-07  9.718098E-05  1.321392E-04  2.196601E-07  2.154272E-08  2.811273E-08  1.267983E-07
 3.681500E+02  4.576406E-01  2.078214E-04  1.081602E-08  1.453779E-08  1.625874E-08  1.982604E-08  9.946269E-02  1.597159E-05  2.908929E-09  3.572844E-01  8.547194E-04  2.270662E-06  4.918295E-07  8.155313E-04  6.115979E-09  2.529082E-08  2.504024E-08  8.348472E-02  2.907853E-06  3.137232E-07  2.591478E-07  9.611208E-05  1.306873E-04  2.110261E-07  2.067122E-08  2.698228E-08  1.225550E-07
 3.691500E+02  4.580440E-01  2.063592E-04  1.058564E-08  1.423075E-08  1.591600E-08  1.941150E-08  9.946910E-02  1.577594E-05  2.788081E-09  3.576915E-01  8.460586E-04  2.183758E-06  4.833608E-07  8.055858E-04  5.901796E-09  2.444967E-08  2.437301E-08  8.269073E-02  2.818196E-06  3.067819E-07  2.532934E-07  9.506085E-05  1.292595E-04  2.027756E-07  1.983969E-08  2.590341E-08  1.184766E-07
 3.701500E+02  4.584416E-01  2.049153E-04  1.036149E-08  1.393195E-08  1.558244E-08  1.900800E-08  9.947540E-02  1.558396E-05  2.672938E-09  3.580926E-01  8.375239E-04  2.100599E-06  4.750797E-07  7.958212E-04  5.696342E-09  2.364137E-08  2.372745E-08  8.190831E-02  2.731760E-06  3.000323E-07  2.476033E-07  9.402695E-05  1.278552E-04  1.948899E-07  1.904610E-08  2.487351E-08  1.145562E-07
 3.711500E+02  4.588334E-01  2.034894E-04  1.014336E-08  1.364113E-08  1.525778E-08  1.861520E-08  9.948159E-02  1.539555E-05  2.563201E-09  3.584879E-01  8.291130E-04  2.021007E-06  4.669813E-07  7.862334E-04  5.499215E-09  2.286446E-08  2.310275E-08  8.113726E-02  2.648416E-06  2.934683E-07  2.420723E-07  9.301001E-05  1.264740E-04  1.873513E-07  1.828852E-08  2.389012E-08  1.107867E-07
 3.721500E+02  4.592195E-01  2.020813E-04  9.931068E-09  1.335804E-08  1.494173E-08  1.823276E-08  9.948767E-02  1.521063E-05  2.458587E-09  3.588775E-01  8.208239E-04  1.944815E-06  4.590612E-07  7.768184E-04  5.310036E-09  2.211757E-08  2.249812E-08  8.037740E-02  2.568040E-06  2.870840E-07  2.366952E-07  9.200971E-05  1.251153E-04  1.801427E-07  1.756516E-08  2.295092E-08  1.071616E-07
 3.731500E+02  4.596000E-01  2.006907E-04  9.724433E-09  1.308245E-08  1.463404E-08  1.786036E-08  9.949364E-02  1.502912E-05  2.358833E-09  3.592614E-01  8.126547E-04  1.871861E-06  4.513146E-07  7.675723E-04  5.128443E-09  2.139937E-08  2.191283E-08  7.962851E-02  2.490513E-06  2.808736E-07  2.314670E-07  9.102570E-05  1.237788E-04  1.732482E-07  1.687430E-08  2.205369E-08  1.036747E-07
