#         T/K            c1          c2-1          c3-4          c3-5          c3-7          c3-9            m1          m2-1          m3-1            w1            w2          w3-1          w3-2          c1m1        c1m2-1        c1m2-7        c2m1-1        c1w1-2        c1w2-1        c2w1-1        c2w1-9        m1w1-1        m1w1-4        m1w2-1        m2w1-1        m2w1-3      c1m1w1-1
 2.731500E+02  1.320668E-01  5.493947E-05  6.051072E-09  7.942179E-09  8.836305E-09  1.053619E-08  7.393873E-01  4.376537E-03  2.796074E-04  8.573084E-02  2.400667E-04  6.837410E-06  9.593615E-08  9.724856E-03  1.094176E-05  3.590339E-05  6.524042E-07  2.599216E-02  4.000367E-06  1.659256E-07  1.457003E-07  8.151378E-04  1.109622E-03  1.943676E-05  6.069623E-05  7.687258E-05  6.348813E-06
 2.741500E+02  1.324059E-01  5.422572E-05  5.810639E-09  7.629187E-09  8.488711E-09  1.012492E-08  7.396501E-01  4.274702E-03  2.583617E-04  8.598519E-02  2.358183E-04  6.378057E-06  9.296868E-08  9.502236E-03  1.023464E-05  3.369187E-05  6.199382E-07  2.554046E-02  3.778828E-06  1.591348E-07  1.396167E-07  7.988343E-04  1.087360E-03  1.808323E-05  5.628753E-05  7.131730E-05  5.964411E-06
 2.751500E+02  1.327370E-01  5.352308E-05  5.580993E-09  7.330131E-09  8.156566E-09  9.731803E-09  7.399037E-01  4.175988E-03  2.388724E-04  8.623390E-02  2.316559E-04  5.951827E-06  9.010362E-08  9.286053E-03  9.577797E-06  3.163099E-05  5.892842E-07  2.509812E-02  3.570672E-06  1.526557E-07  1.338175E-07  7.829420E-04  1.065662E-03  1.683149E-05  5.222621E-05  6.619774E-05  5.605513E-06
 2.761500E+02  1.330603E-01  5.283144E-05  5.361610E-09  7.044341E-09  7.839131E-09  9.355970E-09  7.401484E-01  4.080280E-03  2.209835E-04  8.647711E-02  2.275779E-04  5.556190E-06  8.733734E-08  9.076095E-03  8.967360E-06  2.970958E-05  5.603319E-07  2.466498E-02  3.375035E-06  1.464728E-07  1.282885E-07  7.674498E-04  1.044514E-03  1.567337E-05  4.848293E-05  6.147727E-05  5.270299E-06
 2.771500E+02  1.333760E-01  5.215070E-05  5.151994E-09  6.771179E-09  7.535698E-09  8.996600E-09  7.403848E-01  3.987472E-03  2.045536E-04  8.671495E-02  2.235829E-04  5.188819E-06  8.466633E-08  8.872161E-03  8.399780E-06  2.791741E-05  5.329780E-07  2.424084E-02  3.191113E-06  1.405715E-07  1.230159E-07  7.523465E-04  1.023899E-03  1.460142E-05  4.503099E-05  5.712252E-05  4.957083E-06
 2.781500E+02  1.336843E-01  5.148075E-05  4.951674E-09  6.510041E-09  7.245600E-09  8.652914E-09  7.406130E-01  3.897459E-03  1.894548E-04  8.694754E-02  2.196695E-04  4.847571E-06  8.208720E-08  8.674053E-03  7.871798E-06  2.624502E-05  5.071262E-07  2.382555E-02  3.018155E-06  1.349381E-07  1.179870E-07  7.376214E-04  1.003803E-03  1.360877E-05  4.184608E-05  5.310309E-05  4.664311E-06
 2.791500E+02  1.339853E-01  5.082147E-05  4.760203E-09  6.260354E-09  6.968201E-09  8.324168E-09  7.408337E-01  3.810141E-03  1.755709E-04  8.717502E-02  2.158362E-04  4.530476E-06  7.959665E-08  8.481583E-03  7.380420E-06  2.468371E-05  4.826863E-07  2.341892E-02  2.855461E-06  1.295593E-07  1.131896E-07  7.232639E-04  9.842115E-04  1.268918E-05  3.890602E-05  4.939127E-05  4.390541E-06
 2.801500E+02  1.342793E-01  5.017275E-05  4.577157E-09  6.021571E-09  6.702897E-09  8.009656E-09  7.410470E-01  3.725423E-03  1.627967E-04  8.739750E-02  2.120815E-04  4.235719E-06  7.719152E-08  8.294568E-03  6.922893E-06  2.322544E-05  4.595738E-07  2.302077E-02  2.702377E-06  1.244227E-07  1.086122E-07  7.092639E-04  9.651104E-04  1.183688E-05  3.619062E-05  4.596178E-05  4.134445E-06
 2.811500E+02  1.345665E-01  4.953447E-05  4.402131E-09  5.793174E-09  6.449113E-09  7.708709E-09  7.412533E-01  3.643213E-03  1.510367E-04  8.761510E-02  2.084039E-04  3.961626E-06  7.486874E-08  8.112830E-03  6.496688E-06  2.186283E-05  4.377098E-07  2.263095E-02  2.558294E-06  1.195165E-07  1.042439E-07  6.956115E-04  9.464858E-04  1.104663E-05  3.368144E-05  4.279155E-05  3.894788E-06
 2.821500E+02  1.348470E-01  4.890649E-05  4.234743E-09  5.574672E-09  6.206306E-09  7.420690E-09  7.414529E-01  3.563421E-03  1.402041E-04  8.782794E-02  2.048020E-04  3.706659E-06  7.262534E-08  7.936200E-03  6.099478E-06  2.058902E-05  4.170204E-07  2.224928E-02  2.422645E-06  1.148295E-07  1.000742E-07  6.822970E-04  9.283244E-04  1.031357E-05  3.136165E-05  3.985951E-05  3.670431E-06
 2.831500E+02  1.351209E-01  4.828870E-05  4.074630E-09  5.365597E-09  5.973958E-09  7.144991E-09  7.416461E-01  3.485964E-03  1.302201E-04  8.803613E-02  2.012742E-04  3.469397E-06  7.045847E-08  7.764513E-03  5.729120E-06  1.939772E-05  3.974364E-07  2.187559E-02  2.294898E-06  1.103510E-07  9.609336E-08  6.693110E-04  9.106133E-04  9.633297E-06  2.921589E-05  3.714641E-05  3.460318E-06
 2.841500E+02  1.353885E-01  4.768097E-05  3.921446E-09  5.165505E-09  5.751576E-09  6.881039E-09  7.418332E-01  3.410760E-03  1.210129E-04  8.823978E-02  1.978193E-04  3.248531E-06  6.836538E-08  7.597610E-03  5.383641E-06  1.828309E-05  3.788928E-07  2.150973E-02  2.174559E-06  1.060709E-07  9.229211E-08  6.566444E-04  8.933398E-04  9.001726E-06  2.723012E-05  3.463468E-05  3.263470E-06
 2.851500E+02  1.356500E-01  4.708316E-05  3.774864E-09  4.973973E-09  5.538692E-09  6.628285E-09  7.420144E-01  3.337731E-03  1.125174E-04  8.843900E-02  1.944357E-04  3.042856E-06  6.634339E-08  7.435338E-03  5.061225E-06  1.723976E-05  3.613291E-07  2.115151E-02  2.061165E-06  1.019797E-07  8.866159E-08  6.442883E-04  8.764917E-04  8.415126E-06  2.539150E-05  3.230823E-05  3.078981E-06
 2.861500E+02  1.359053E-01  4.649513E-05  3.634571E-09  4.790601E-09  5.334864E-09  6.386209E-09  7.421900E-01  3.266800E-03  1.046742E-04  8.863389E-02  1.911219E-04  2.851257E-06  6.438995E-08  7.277548E-03  4.760198E-06  1.626275E-05  3.446882E-07  2.080079E-02  1.954284E-06  9.806830E-08  8.519345E-08  6.322341E-04  8.600572E-04  7.870064E-06  2.368831E-05  3.015234E-05  2.906011E-06
 2.871500E+02  1.361548E-01  4.591677E-05  3.500273E-09  4.615007E-09  5.139668E-09  6.154317E-09  7.423602E-01  3.197897E-03  9.742928E-05  8.882456E-02  1.878767E-04  2.672707E-06  6.250257E-08  7.124098E-03  4.479015E-06  1.534744E-05  3.289168E-07  2.045741E-02  1.853514E-06  9.432804E-08  8.187976E-08  6.204735E-04  8.440247E-04  7.363388E-06  2.210980E-05  2.815355E-05  2.743779E-06
 2.881500E+02  1.363986E-01  4.534793E-05  3.371687E-09  4.446830E-09  4.952703E-09  5.932138E-09  7.425252E-01  3.130950E-03  9.073326E-05  8.901111E-02  1.846986E-04  2.506259E-06  6.067887E-08  6.974849E-03  4.216253E-06  1.448959E-05  3.139649E-07  2.012120E-02  1.758477E-06  9.075073E-08  7.871300E-08  6.089983E-04  8.283829E-04  6.892198E-06  2.064615E-05  2.629952E-05  2.591564E-06
 2.891500E+02  1.366368E-01  4.478847E-05  3.248548E-09  4.285724E-09  4.773588E-09  5.719226E-09  7.426852E-01  3.065895E-03  8.454124E-05  8.919363E-02  1.815862E-04  2.351037E-06  5.891655E-08  6.829668E-03  3.970597E-06  1.368526E-05  2.997857E-07  1.979202E-02  1.668821E-06  8.732861E-08  7.568604E-08  5.978006E-04  8.131210E-04  6.453826E-06  1.928834E-05  2.457895E-05  2.448693E-06
 2.901500E+02  1.368695E-01  4.423826E-05  3.130600E-09  4.131364E-09  4.601960E-09  5.515154E-09  7.428404E-01  3.002666E-03  7.881224E-05  8.937221E-02  1.785382E-04  2.206233E-06  5.721338E-08  6.688427E-03  3.740834E-06  1.293078E-05  2.863350E-07  1.946971E-02  1.584218E-06  8.405431E-08  7.279213E-08  5.868728E-04  7.982285E-04  6.045818E-06  1.802813E-05  2.298148E-05  2.314545E-06
 2.911500E+02  1.370970E-01  4.369716E-05  3.017604E-09  3.983438E-09  4.437474E-09  5.319518E-09  7.429911E-01  2.941201E-03  7.350881E-05  8.954696E-02  1.755532E-04  2.071099E-06  5.556725E-08  6.551001E-03  3.525842E-06  1.222278E-05  2.735715E-07  1.915412E-02  1.504358E-06  8.092081E-08  7.002485E-08  5.762073E-04  7.836950E-04  5.665915E-06  1.685795E-05  2.149761E-05  2.188542E-06
 2.921500E+02  1.373192E-01  4.316504E-05  2.909329E-09  3.841649E-09  4.279803E-09  5.131934E-09  7.431373E-01  2.881442E-03  6.859676E-05  8.971797E-02  1.726299E-04  1.944944E-06  5.397607E-08  6.417271E-03  3.324586E-06  1.155813E-05  2.614566E-07  1.884511E-02  1.428956E-06  7.792147E-08  6.737812E-08  5.657971E-04  7.695106E-04  5.312036E-06  1.577087E-05  2.011862E-05  2.070144E-06
 2.931500E+02  1.375365E-01  4.264175E-05  2.805558E-09  3.705717E-09  4.128634E-09  4.952035E-09  7.432792E-01  2.823331E-03  6.404484E-05  8.988531E-02  1.697671E-04  1.827132E-06  5.243788E-08  6.287120E-03  3.136109E-06  1.093391E-05  2.499537E-07  1.854253E-02  1.357740E-06  7.504997E-08  6.484616E-08  5.556350E-04  7.556656E-04  4.982266E-06  1.476052E-05  1.883651E-05  1.958855E-06
 2.941500E+02  1.377488E-01  4.212717E-05  2.706085E-09  3.575375E-09  3.983672E-09  4.779474E-09  7.434171E-01  2.766814E-03  5.982447E-05  9.004908E-02  1.669634E-04  1.717071E-06  5.095076E-08  6.160438E-03  2.959525E-06  1.034744E-05  2.390287E-07  1.824625E-02  1.290460E-06  7.230032E-08  6.242350E-08  5.457142E-04  7.421507E-04  4.674837E-06  1.382104E-05  1.764393E-05  1.854209E-06
 2.951500E+02  1.379563E-01  4.162114E-05  2.610711E-09  3.450368E-09  3.844633E-09  4.613919E-09  7.435510E-01  2.711837E-03  5.590952E-05  9.020937E-02  1.642176E-04  1.614216E-06  4.951286E-08  6.037115E-03  2.794014E-06  9.796203E-06  2.286495E-07  1.795611E-02  1.226880E-06  6.966681E-08  6.010495E-08  5.360281E-04  7.289568E-04  4.388121E-06  1.294708E-05  1.653413E-05  1.755774E-06
 2.961500E+02  1.381592E-01  4.112354E-05  2.519250E-09  3.330453E-09  3.711251E-09  4.455055E-09  7.436812E-01  2.658350E-03  5.227603E-05  9.036625E-02  1.615283E-04  1.518060E-06  4.812242E-08  5.917048E-03  2.638817E-06  9.277887E-06  2.187859E-07  1.767199E-02  1.166779E-06  6.714403E-08  5.788558E-08  5.265704E-04  7.160750E-04  4.120616E-06  1.213370E-05  1.550088E-05  1.663149E-06
 2.971500E+02  1.383575E-01  4.063423E-05  2.431524E-09  3.215402E-09  3.583270E-09  4.302581E-09  7.438076E-01  2.606305E-03  4.890209E-05  9.051981E-02  1.588945E-04  1.428137E-06  4.677773E-08  5.800135E-03  2.493232E-06  8.790332E-06  2.094095E-07  1.739375E-02  1.109950E-06  6.472684E-08  5.576069E-08  5.173347E-04  7.034967E-04  3.870935E-06  1.137635E-05  1.453849E-05  1.575962E-06
 2.981500E+02  1.385514E-01  4.015308E-05  2.347364E-09  3.104994E-09  3.460446E-09  4.156213E-09  7.439306E-01  2.555653E-03  4.576759E-05  9.067013E-02  1.563150E-04  1.344013E-06  4.547715E-08  5.686281E-03  2.356608E-06  8.331533E-06  2.004937E-07  1.712126E-02  1.056199E-06  6.241037E-08  5.372585E-08  5.083151E-04  6.912137E-04  3.637800E-06  1.067086E-05  1.364170E-05  1.493862E-06
 2.991500E+02  1.387410E-01  3.967995E-05  2.266608E-09  2.999022E-09  3.342549E-09  4.015678E-09  7.440501E-01  2.506350E-03  4.285412E-05  9.081728E-02  1.537884E-04  1.265287E-06  4.421909E-08  5.575390E-03  2.228341E-06  7.899627E-06  1.920133E-07  1.685440E-02  1.005347E-06  6.018995E-08  5.177684E-08  4.995056E-04  6.792178E-04  3.420027E-06  1.001340E-05  1.280567E-05  1.416528E-06
 3.001500E+02  1.389264E-01  3.921470E-05  2.189103E-09  2.897287E-09  3.229359E-09  3.880718E-09  7.441664E-01  2.458352E-03  4.014478E-05  9.096133E-02  1.513138E-04  1.191588E-06  4.300204E-08  5.467372E-03  2.107873E-06  7.492883E-06  1.839447E-07  1.659303E-02  9.572220E-07  5.806119E-08  4.990966E-08  4.909005E-04  6.675013E-04  3.216526E-06  9.400421E-06  1.202594E-05  1.343656E-06
 3.011500E+02  1.391077E-01  3.875721E-05  2.114704E-09  2.799601E-09  3.120667E-09  3.751085E-09  7.442794E-01  2.411617E-03  3.762404E-05  9.110236E-02  1.488899E-04  1.122570E-06  4.182451E-08  5.362139E-03  1.994683E-06  7.109688E-06  1.762657E-07  1.633703E-02  9.116655E-07  5.601988E-08  4.812049E-08  4.824943E-04  6.560565E-04  3.026288E-06  8.828671E-06  1.129841E-05  1.274967E-06
 3.021500E+02  1.392850E-01  3.830735E-05  2.043272E-09  2.705784E-09  3.016273E-09  3.626547E-09  7.443895E-01  2.366105E-03  3.527765E-05  9.124045E-02  1.465156E-04  1.057914E-06  4.068511E-08  5.259607E-03  1.888290E-06  6.748544E-06  1.689555E-07  1.608628E-02  8.685283E-07  5.406204E-08  4.640572E-08  4.742817E-04  6.448760E-04  2.848380E-06  8.295147E-06  1.061929E-05  1.210197E-06
 3.031500E+02  1.394584E-01  3.786498E-05  1.974674E-09  2.615664E-09  2.915987E-09  3.506878E-09  7.444965E-01  2.321778E-03  3.309253E-05  9.137565E-02  1.441899E-04  9.973240E-07  3.958247E-08  5.159694E-03  1.788246E-06  6.408054E-06  1.619942E-07  1.584066E-02  8.276702E-07  5.218388E-08  4.476191E-08  4.662574E-04  6.339528E-04  2.681938E-06  7.797080E-06  9.985089E-06  1.149102E-06
 3.041500E+02  1.396280E-01  3.742997E-05  1.908786E-09  2.529079E-09  2.819630E-09  3.391867E-09  7.446007E-01  2.278596E-03  3.105664E-05  9.150805E-02  1.419116E-04  9.405249E-07  3.851528E-08  5.062321E-03  1.694137E-06  6.086917E-06  1.553635E-07  1.560007E-02  7.889601E-07  5.038180E-08  4.318581E-08  4.584164E-04  6.232798E-04  2.526166E-06  7.331916E-06  9.392590E-06  1.091454E-06
 3.051500E+02  1.397939E-01  3.700221E-05  1.845487E-09  2.445875E-09  2.727028E-09  3.281310E-09  7.447022E-01  2.236525E-03  2.915890E-05  9.163770E-02  1.396798E-04  8.872615E-07  3.748229E-08  4.967412E-03  1.605576E-06  5.783923E-06  1.490457E-07  1.536437E-02  7.522746E-07  4.865235E-08  4.167432E-08  4.507537E-04  6.128503E-04  2.380323E-06  6.897300E-06  8.838818E-06  1.037041E-06
 3.061500E+02  1.399562E-01  3.658155E-05  1.784663E-09  2.365902E-09  2.638018E-09  3.175014E-09  7.448010E-01  2.195530E-03  2.738912E-05  9.176467E-02  1.374934E-04  8.372969E-07  3.648228E-08  4.874892E-03  1.522204E-06  5.497941E-06  1.430245E-07  1.513347E-02  7.174983E-07  4.699229E-08  4.022448E-08  4.432647E-04  6.026578E-04  2.243727E-06  6.491056E-06  8.321027E-06  9.856641E-07
 3.071500E+02  1.401149E-01  3.616789E-05  1.726207E-09  2.289021E-09  2.552444E-09  3.072795E-09  7.448972E-01  2.155576E-03  2.573793E-05  9.188902E-02  1.353513E-04  7.904111E-07  3.551408E-08  4.784690E-03  1.443687E-06  5.227919E-06  1.372843E-07  1.490725E-02  6.845226E-07  4.539850E-08  3.883350E-08  4.359445E-04  5.926960E-04  2.115742E-06  6.111176E-06  7.836679E-06  9.371373E-07
 3.081500E+02  1.402703E-01  3.576109E-05  1.670015E-09  2.215098E-09  2.470157E-09  2.974478E-09  7.449909E-01  2.116632E-03  2.419669E-05  9.201082E-02  1.332527E-04  7.463997E-07  3.457657E-08  4.696738E-03  1.369715E-06  4.972874E-06  1.318105E-07  1.468561E-02  6.532456E-07  4.386803E-08  3.749870E-08  4.287889E-04  5.829586E-04  1.995781E-06  5.755802E-06  7.383430E-06  8.912875E-07
 3.091500E+02  1.404223E-01  3.536104E-05  1.615988E-09  2.144004E-09  2.391015E-09  2.879894E-09  7.450822E-01  2.078667E-03  2.275743E-05  9.213012E-02  1.311965E-04  7.050729E-07  3.366867E-08  4.610968E-03  1.299999E-06  4.731891E-06  1.265892E-07  1.446844E-02  6.235716E-07  4.239808E-08  3.621756E-08  4.217934E-04  5.734397E-04  1.883301E-06  5.423219E-06  6.959110E-06  8.479531E-07
 3.101500E+02  1.405710E-01  3.496761E-05  1.564034E-09  2.075618E-09  2.314883E-09  2.788886E-09  7.451712E-01  2.041651E-03  2.141280E-05  9.224699E-02  1.291818E-04  6.662539E-07  3.278934E-08  4.527317E-03  1.234269E-06  4.504112E-06  1.216076E-07  1.425564E-02  5.954108E-07  4.098596E-08  3.498768E-08  4.149538E-04  5.641335E-04  1.777796E-06  5.111839E-06  6.561715E-06  8.069825E-07
 3.111500E+02  1.407166E-01  3.458068E-05  1.514061E-09  2.009825E-09  2.241632E-09  2.701301E-09  7.452579E-01  2.005554E-03  2.015604E-05  9.236147E-02  1.272077E-04  6.297788E-07  3.193757E-08  4.445722E-03  1.172276E-06  4.288740E-06  1.168532E-07  1.404712E-02  5.686785E-07  3.962914E-08  3.380674E-08  4.082659E-04  5.550343E-04  1.678797E-06  4.820195E-06  6.189387E-06  7.682345E-07
 3.121500E+02  1.408591E-01  3.420015E-05  1.465986E-09  1.946512E-09  2.171140E-09  2.616993E-09  7.453425E-01  1.970348E-03  1.898089E-05  9.247364E-02  1.252733E-04  5.954946E-07  3.111241E-08  4.366123E-03  1.113784E-06  4.085028E-06  1.123144E-07  1.384277E-02  5.432955E-07  3.832518E-08  3.267259E-08  4.017258E-04  5.461368E-04  1.585870E-06  4.546926E-06  5.840407E-06  7.315765E-07
 3.131500E+02  1.409985E-01  3.382589E-05  1.419727E-09  1.885576E-09  2.103290E-09  2.535825E-09  7.454249E-01  1.936007E-03  1.788158E-05  9.258353E-02  1.233776E-04  5.632594E-07  3.031291E-08  4.288461E-03  1.058577E-06  3.892277E-06  1.079805E-07  1.364250E-02  5.191872E-07  3.707178E-08  3.158313E-08  3.953297E-04  5.374355E-04  1.498611E-06  4.290774E-06  5.513183E-06  6.968850E-07
 3.141500E+02  1.411350E-01  3.345780E-05  1.375206E-09  1.826915E-09  2.037969E-09  2.457664E-09  7.455053E-01  1.902505E-03  1.685278E-05  9.269120E-02  1.215198E-04  5.329408E-07  2.953820E-08  4.212681E-03  1.006452E-06  3.709836E-06  1.038409E-07  1.344622E-02  4.962832E-07  3.586673E-08  3.053641E-08  3.890737E-04  5.289254E-04  1.416646E-06  4.050574E-06  5.206239E-06  6.640438E-07
 3.151500E+02  1.412686E-01  3.309575E-05  1.332351E-09  1.770433E-09  1.975072E-09  2.382385E-09  7.455836E-01  1.869817E-03  1.588955E-05  9.279671E-02  1.196991E-04  5.044157E-07  2.878740E-08  4.138727E-03  9.572184E-07  3.537095E-06  9.988590E-08  1.325384E-02  4.745176E-07  3.470795E-08  2.953053E-08  3.829542E-04  5.206015E-04  1.339626E-06  3.825245E-06  4.918208E-06  6.329446E-07
 3.161500E+02  1.413995E-01  3.273965E-05  1.291091E-09  1.716039E-09  1.914496E-09  2.309867E-09  7.456601E-01  1.837918E-03  1.498734E-05  9.290011E-02  1.179146E-04  4.775695E-07  2.805968E-08  4.066548E-03  9.107001E-07  3.373483E-06  9.610633E-08  1.306526E-02  4.538282E-07  3.359344E-08  2.856371E-08  3.769677E-04  5.124588E-04  1.267226E-06  3.613784E-06  4.647820E-06  6.034858E-07
 3.171500E+02  1.415276E-01  3.238938E-05  1.251358E-09  1.663646E-09  1.856146E-09  2.239996E-09  7.457347E-01  1.806784E-03  1.414194E-05  9.300144E-02  1.161656E-04  4.522951E-07  2.735426E-08  3.996092E-03  8.667319E-07  3.218466E-06  9.249341E-08  1.288041E-02  4.341567E-07  3.252129E-08  2.763424E-08  3.711107E-04  5.044928E-04  1.199147E-06  3.415264E-06  4.393899E-06  5.755722E-07
 3.181500E+02  1.416530E-01  3.204484E-05  1.213089E-09  1.613170E-09  1.799927E-09  2.172663E-09  7.458075E-01  1.776394E-03  1.334944E-05  9.310076E-02  1.144512E-04  4.284931E-07  2.667036E-08  3.927309E-03  8.251596E-07  3.071544E-06  8.903892E-08  1.269920E-02  4.154479E-07  3.148969E-08  2.674050E-08  3.653799E-04  4.966987E-04  1.135109E-06  3.228821E-06  4.155352E-06  5.491145E-07
 3.191500E+02  1.417758E-01  3.170592E-05  1.176222E-09  1.564533E-09  1.745753E-09  2.107763E-09  7.458785E-01  1.746726E-03  1.260623E-05  9.319810E-02  1.127706E-04  4.060706E-07  2.600725E-08  3.860153E-03  7.858392E-07  2.932248E-06  8.573504E-08  1.252155E-02  3.976500E-07  3.049692E-08  2.588096E-08  3.597720E-04  4.890722E-04  1.074850E-06  3.053655E-06  3.931165E-06  5.240292E-07
 3.201500E+02  1.418961E-01  3.137252E-05  1.140700E-09  1.517657E-09  1.693539E-09  2.045197E-09  7.459478E-01  1.717758E-03  1.190896E-05  9.329352E-02  1.111232E-04  3.849410E-07  2.536420E-08  3.794577E-03  7.486361E-07  2.800140E-06  8.257440E-08  1.234737E-02  3.807143E-07  2.954133E-08  2.505412E-08  3.542839E-04  4.816090E-04  1.018128E-06  2.889022E-06  3.720395E-06  5.002377E-07
 3.211500E+02  1.420139E-01  3.104453E-05  1.106467E-09  1.472471E-09  1.643204E-09  1.984868E-09  7.460155E-01  1.689470E-03  1.125453E-05  9.338705E-02  1.095081E-04  3.650236E-07  2.474054E-08  3.730536E-03  7.134243E-07  2.674807E-06  7.955001E-08  1.217658E-02  3.645947E-07  2.862134E-08  2.425860E-08  3.489125E-04  4.743049E-04  9.647181E-07  2.734233E-06  3.522166E-06  4.776666E-07
 3.221500E+02  1.421293E-01  3.072187E-05  1.073470E-09  1.428906E-09  1.594671E-09  1.926687E-09  7.460815E-01  1.661843E-03  1.064007E-05  9.347875E-02  1.079246E-04  3.462429E-07  2.413560E-08  3.667987E-03  6.800861E-07  2.555866E-06  7.665528E-08  1.200912E-02  3.492479E-07  2.773545E-08  2.349305E-08  3.436549E-04  4.671558E-04  9.144093E-07  2.588646E-06  3.335665E-06  4.562469E-07
 3.231500E+02  1.422423E-01  3.040443E-05  1.041657E-09  1.386895E-09  1.547868E-09  1.870566E-09  7.461460E-01  1.634858E-03  1.006291E-05  9.356866E-02  1.063721E-04  3.285286E-07  2.354874E-08  3.606889E-03  6.485114E-07  2.442953E-06  7.388393E-08  1.184490E-02  3.346331E-07  2.688225E-08  2.275620E-08  3.385081E-04  4.601577E-04  8.670058E-07  2.451664E-06  3.160134E-06  4.359137E-07
 3.241500E+02  1.423531E-01  3.009211E-05  1.010981E-09  1.346375E-09  1.502723E-09  1.816422E-09  7.462090E-01  1.608495E-03  9.520565E-06  9.365681E-02  1.048498E-04  3.118151E-07  2.297936E-08  3.547200E-03  6.185970E-07  2.335730E-06  7.123005E-08  1.168385E-02  3.207118E-07  2.606036E-08  2.204683E-08  3.334694E-04  4.533068E-04  8.223250E-07  2.322731E-06  2.994868E-06  4.166062E-07
 3.251500E+02  1.424616E-01  2.978483E-05  9.813962E-10  1.307286E-09  1.459171E-09  1.764176E-09  7.462706E-01  1.582738E-03  9.010750E-06  9.374325E-02  1.033571E-04  2.960409E-07  2.242687E-08  3.488882E-03  5.902463E-07  2.233878E-06  6.868803E-08  1.152591E-02  3.074477E-07  2.526849E-08  2.136379E-08  3.285361E-04  4.465995E-04  7.801966E-07  2.201332E-06  2.839213E-06  3.982673E-07
 3.261500E+02  1.425679E-01  2.948248E-05  9.528573E-10  1.269571E-09  1.417148E-09  1.713752E-09  7.463307E-01  1.557569E-03  8.531327E-06  9.382801E-02  1.018933E-04  2.811488E-07  2.189069E-08  3.431897E-03  5.633690E-07  2.137098E-06  6.625255E-08  1.137099E-02  2.948065E-07  2.450539E-08  2.070597E-08  3.237054E-04  4.400320E-04  7.404618E-07  2.086986E-06  2.692556E-06  3.808433E-07
 3.271500E+02  1.426720E-01  2.918498E-05  9.253225E-10  1.233174E-09  1.376591E-09  1.665077E-09  7.463894E-01  1.532972E-03  8.080314E-06  9.391114E-02  1.004577E-04  2.670852E-07  2.137028E-08  3.376207E-03  5.378802E-07  2.045109E-06  6.391858E-08  1.121904E-02  2.827560E-07  2.376988E-08  2.007231E-08  3.189749E-04  4.336009E-04  7.029724E-07  1.979245E-06  2.554331E-06  3.642837E-07
 3.281500E+02  1.427741E-01  2.889224E-05  8.987517E-10  1.198044E-09  1.337443E-09  1.618083E-09  7.464468E-01  1.508931E-03  7.655868E-06  9.399267E-02  9.904977E-05  2.538000E-07  2.086511E-08  3.321777E-03  5.137006E-07  1.957647E-06  6.168134E-08  1.106999E-02  2.712655E-07  2.306082E-08  1.946182E-08  3.143419E-04  4.273027E-04  6.675901E-07  1.877693E-06  2.424007E-06  3.485412E-07
 3.291500E+02  1.428742E-01  2.860417E-05  8.731062E-10  1.164128E-09  1.299647E-09  1.572703E-09  7.465029E-01  1.485430E-03  7.256277E-06  9.407264E-02  9.766886E-05  2.412464E-07  2.037467E-08  3.268573E-03  4.907556E-07  1.874465E-06  5.953629E-08  1.092376E-02  2.603064E-07  2.237715E-08  1.887352E-08  3.098042E-04  4.211342E-04  6.341857E-07  1.781941E-06  2.301090E-06  3.335712E-07
 3.301500E+02  1.429722E-01  2.832068E-05  8.483493E-10  1.131381E-09  1.263151E-09  1.528873E-09  7.465577E-01  1.462454E-03  6.879945E-06  9.415108E-02  9.631438E-05  2.293805E-07  1.989847E-08  3.216562E-03  4.689753E-07  1.795330E-06  5.747916E-08  1.078031E-02  2.498515E-07  2.171781E-08  1.830651E-08  3.053593E-04  4.150921E-04  6.026387E-07  1.691626E-06  2.185119E-06  3.193317E-07
 3.311500E+02  1.430684E-01  2.804169E-05  8.244458E-10  1.099755E-09  1.227903E-09  1.486534E-09  7.466113E-01  1.439988E-03  6.525389E-06  9.422802E-02  9.498572E-05  2.181614E-07  1.943604E-08  3.165710E-03  4.482943E-07  1.720021E-06  5.550586E-08  1.063956E-02  2.398751E-07  2.108184E-08  1.775992E-08  3.010049E-04  4.091733E-04  5.728363E-07  1.606411E-06  2.075665E-06  3.057832E-07
 3.321500E+02  1.431626E-01  2.776712E-05  8.013621E-10  1.069207E-09  1.193854E-09  1.445626E-09  7.466637E-01  1.418020E-03  6.191230E-06  9.430351E-02  9.368233E-05  2.075507E-07  1.898693E-08  3.115987E-03  4.286511E-07  1.648333E-06  5.361253E-08  1.050146E-02  2.303529E-07  2.046828E-08  1.723289E-08  2.967388E-04  4.033746E-04  5.446732E-07  1.525982E-06  1.972328E-06  2.928886E-07
 3.331500E+02  1.432550E-01  2.749688E-05  7.790660E-10  1.039694E-09  1.160959E-09  1.406095E-09  7.467150E-01  1.396534E-03  5.876179E-06  9.437758E-02  9.240365E-05  1.975126E-07  1.855069E-08  3.067362E-03  4.099877E-07  1.580072E-06  5.179551E-08  1.036594E-02  2.212620E-07  1.987624E-08  1.672465E-08  2.925588E-04  3.976933E-04  5.180509E-07  1.450042E-06  1.874732E-06  2.806129E-07
 3.341500E+02  1.433455E-01  2.723089E-05  7.575266E-10  1.011177E-09  1.129171E-09  1.367887E-09  7.467651E-01  1.375518E-03  5.579040E-06  9.445025E-02  9.114912E-05  1.880132E-07  1.812690E-08  3.019806E-03  3.922500E-07  1.515056E-06  5.005130E-08  1.023296E-02  2.125808E-07  1.930486E-08  1.623443E-08  2.884629E-04  3.921263E-04  4.928774E-07  1.378320E-06  1.782528E-06  2.689232E-07
 3.351500E+02  1.434343E-01  2.696908E-05  7.367147E-10  9.836164E-10  1.098448E-09  1.330952E-09  7.468141E-01  1.354960E-03  5.298695E-06  9.452155E-02  8.991822E-05  1.790212E-07  1.771517E-08  2.973289E-03  3.753870E-07  1.453111E-06  4.837661E-08  1.010245E-02  2.042888E-07  1.875331E-08  1.576149E-08  2.844490E-04  3.866710E-04  4.690664E-07  1.310557E-06  1.695390E-06  2.577886E-07
 3.361500E+02  1.435214E-01  2.671137E-05  7.166019E-10  9.569760E-10  1.068749E-09  1.295241E-09  7.468620E-01  1.334846E-03  5.034103E-06  9.459153E-02  8.871042E-05  1.705070E-07  1.731508E-08  2.927786E-03  3.593508E-07  1.394077E-06  4.676829E-08  9.974359E-03  1.963666E-07  1.822082E-08  1.530515E-08  2.805151E-04  3.813245E-04  4.465374E-07  1.246514E-06  1.613013E-06  2.471796E-07
 3.371500E+02  1.436068E-01  2.645769E-05  6.971613E-10  9.312203E-10  1.040035E-09  1.260706E-09  7.469089E-01  1.315165E-03  4.784292E-06  9.466020E-02  8.752522E-05  1.624430E-07  1.692627E-08  2.883268E-03  3.440964E-07  1.337800E-06  4.522336E-08  9.848635E-03  1.887960E-07  1.770663E-08  1.486475E-08  2.766592E-04  3.760843E-04  4.252149E-07  1.185968E-06  1.535111E-06  2.370689E-07
 3.381500E+02  1.436906E-01  2.620795E-05  6.783672E-10  9.063156E-10  1.012269E-09  1.227305E-09  7.469547E-01  1.295906E-03  4.548355E-06  9.472760E-02  8.636212E-05  1.548030E-07  1.654837E-08  2.839709E-03  3.295813E-07  1.284137E-06  4.373898E-08  9.725225E-03  1.815596E-07  1.721002E-08  1.443964E-08  2.728795E-04  3.709477E-04  4.050281E-07  1.128709E-06  1.461419E-06  2.274303E-07
 3.391500E+02  1.437728E-01  2.596209E-05  6.601947E-10  8.822295E-10  9.854142E-10  1.194993E-09  7.469996E-01  1.277056E-03  4.325446E-06  9.479375E-02  8.522064E-05  1.475629E-07  1.618102E-08  2.797085E-03  3.157657E-07  1.232952E-06  4.231246E-08  9.604079E-03  1.746410E-07  1.673030E-08  1.402922E-08  2.691742E-04  3.659123E-04  3.859110E-07  1.074541E-06  1.391685E-06  2.182395E-07
 3.401500E+02  1.438533E-01  2.572004E-05  6.426204E-10  8.589311E-10  9.594363E-10  1.163730E-09  7.470436E-01  1.258606E-03  4.114775E-06  9.485869E-02  8.410031E-05  1.406998E-07  1.582390E-08  2.755371E-03  3.026121E-07  1.184118E-06  4.094124E-08  9.485147E-03  1.680246E-07  1.626682E-08  1.363292E-08  2.655414E-04  3.609757E-04  3.678013E-07  1.023282E-06  1.325677E-06  2.094733E-07
 3.411500E+02  1.439324E-01  2.548172E-05  6.256214E-10  8.363907E-10  9.343025E-10  1.133477E-09  7.470866E-01  1.240545E-03  3.915603E-06  9.492244E-02  8.300066E-05  1.341922E-07  1.547666E-08  2.714544E-03  2.900853E-07  1.137512E-06  3.962289E-08  9.368381E-03  1.616959E-07  1.581894E-08  1.325017E-08  2.619794E-04  3.561354E-04  3.506410E-07  9.747601E-07  1.263177E-06  2.011098E-07
 3.421500E+02  1.440100E-01  2.524707E-05  6.091762E-10  8.145799E-10  9.099810E-10  1.104195E-09  7.471287E-01  1.222862E-03  3.727241E-06  9.498502E-02  8.192125E-05  1.280200E-07  1.513900E-08  2.674580E-03  2.781519E-07  1.093023E-06  3.835507E-08  9.253733E-03  1.556409E-07  1.538607E-08  1.288045E-08  2.584866E-04  3.513893E-04  3.343756E-07  9.288145E-07  1.203979E-06  1.931286E-07
 3.431500E+02  1.440861E-01  2.501602E-05  5.932639E-10  7.934715E-10  8.864416E-10  1.075850E-09  7.471699E-01  1.205548E-03  3.549043E-06  9.504646E-02  8.086163E-05  1.221644E-07  1.481061E-08  2.635456E-03  2.667806E-07  1.050541E-06  3.713559E-08  9.141157E-03  1.498464E-07  1.496763E-08  1.252324E-08  2.550614E-04  3.467349E-04  3.189539E-07  8.852953E-07  1.147891E-06  1.855101E-07
 3.441500E+02  1.441608E-01  2.478850E-05  5.778646E-10  7.730392E-10  8.636553E-10  1.048406E-09  7.472102E-01  1.188594E-03  3.380406E-06  9.510679E-02  7.982138E-05  1.166075E-07  1.449119E-08  2.597152E-03  2.559420E-07  1.009966E-06  3.596236E-08  9.030608E-03  1.442999E-07  1.456307E-08  1.217807E-08  2.517020E-04  3.421703E-04  3.043279E-07  8.440615E-07  1.094735E-06  1.782361E-07
 3.451500E+02  1.442340E-01  2.456445E-05  5.629592E-10  7.532582E-10  8.415943E-10  1.021831E-09  7.472497E-01  1.171989E-03  3.220765E-06  9.516603E-02  7.880007E-05  1.113327E-07  1.418046E-08  2.559647E-03  2.456083E-07  9.712021E-07  3.483337E-08  8.922043E-03  1.389896E-07  1.417186E-08  1.184448E-08  2.484070E-04  3.376932E-04  2.904526E-07  8.049815E-07  1.044341E-06  1.712891E-07
 3.461500E+02  1.443060E-01  2.434381E-05  5.485294E-10  7.341045E-10  8.202319E-10  9.960919E-10  7.472884E-01  1.155725E-03  3.069592E-06  9.522421E-02  7.779730E-05  1.063243E-07  1.387816E-08  2.522919E-03  2.357531E-07  9.341582E-07  3.374672E-08  8.815419E-03  1.339043E-07  1.379349E-08  1.152200E-08  2.451749E-04  3.333017E-04  2.772858E-07  7.679314E-07  9.965526E-07  1.646528E-07
 3.471500E+02  1.443765E-01  2.412651E-05  5.345577E-10  7.155550E-10  7.995424E-10  9.711590E-10  7.473263E-01  1.139793E-03  2.926393E-06  9.528134E-02  7.681267E-05  1.015677E-07  1.358400E-08  2.486950E-03  2.263518E-07  8.987491E-07  3.270060E-08  8.710693E-03  1.290334E-07  1.342748E-08  1.121022E-08  2.420042E-04  3.289936E-04  2.647876E-07  7.327954E-07  9.512205E-07  1.583117E-07
 3.481500E+02  1.444458E-01  2.391249E-05  5.210273E-10  6.975876E-10  7.795015E-10  9.470029E-10  7.473634E-01  1.124185E-03  2.790704E-06  9.533745E-02  7.584578E-05  9.704886E-08  1.329775E-08  2.451720E-03  2.173811E-07  8.648937E-07  3.169329E-08  8.607826E-03  1.243667E-07  1.307337E-08  1.090874E-08  2.388934E-04  3.247671E-04  2.529209E-07  6.994647E-07  9.082060E-07  1.522511E-07
 3.491500E+02  1.445138E-01  2.370170E-05  5.079220E-10  6.801813E-10  7.600854E-10  9.235955E-10  7.473998E-01  1.108893E-03  2.662091E-06  9.539257E-02  7.489626E-05  9.275488E-08  1.301915E-08  2.417210E-03  2.088189E-07  8.325157E-07  3.072315E-08  8.506777E-03  1.198948E-07  1.273070E-08  1.061716E-08  2.358412E-04  3.206203E-04  2.416507E-07  6.678372E-07  8.673787E-07  1.464573E-07
 3.501500E+02  1.445806E-01  2.349408E-05  4.952264E-10  6.633157E-10  7.412717E-10  9.009100E-10  7.474354E-01  1.093908E-03  2.540149E-06  9.544671E-02  7.396374E-05  8.867346E-08  1.274796E-08  2.383402E-03  2.006444E-07  8.015426E-07  2.978860E-08  8.407507E-03  1.156085E-07  1.239906E-08  1.033510E-08  2.328463E-04  3.165513E-04  2.309438E-07  6.378171E-07  8.286160E-07  1.409171E-07
 3.511500E+02  1.446461E-01  2.328956E-05  4.829256E-10  6.469714E-10  7.230386E-10  8.789206E-10  7.474703E-01  1.079223E-03  2.424494E-06  9.549989E-02  7.304785E-05  8.479308E-08  1.248396E-08  2.350279E-03  1.928381E-07  7.719060E-07  2.888816E-08  8.309979E-03  1.114991E-07  1.207804E-08  1.006222E-08  2.299072E-04  3.125584E-04  2.207695E-07  6.093145E-07  7.918031E-07  1.356181E-07
 3.521500E+02  1.447105E-01  2.308809E-05  4.710054E-10  6.311297E-10  7.053654E-10  8.576023E-10  7.475045E-01  1.064830E-03  2.314770E-06  9.555214E-02  7.214823E-05  8.110287E-08  1.222693E-08  2.317824E-03  1.853815E-07  7.435411E-07  2.802040E-08  8.214155E-03  1.075587E-07  1.176724E-08  9.798158E-09  2.270228E-04  3.086397E-04  2.110986E-07  5.822449E-07  7.568318E-07  1.305485E-07
 3.531500E+02  1.447737E-01  2.288961E-05  4.594522E-10  6.157725E-10  6.882322E-10  8.369315E-10  7.475380E-01  1.050722E-03  2.210642E-06  9.560347E-02  7.126455E-05  7.759261E-08  1.197664E-08  2.286020E-03  1.782569E-07  7.163867E-07  2.718397E-08  8.119999E-03  1.037793E-07  1.146628E-08  9.542597E-09  2.241918E-04  3.047936E-04  2.019037E-07  5.565289E-07  7.236005E-07  1.256974E-07
 3.541500E+02  1.448357E-01  2.269408E-05  4.482528E-10  6.008828E-10  6.716197E-10  8.168853E-10  7.475708E-01  1.036893E-03  2.111794E-06  9.565391E-02  7.039646E-05  7.425266E-08  1.173290E-08  2.254851E-03  1.714479E-07  6.903847E-07  2.637758E-08  8.027477E-03  1.001537E-07  1.117482E-08  9.295218E-09  2.214129E-04  3.010184E-04  1.931590E-07  5.320920E-07  6.920138E-07  1.210541E-07
 3.551500E+02  1.448967E-01  2.250144E-05  4.373946E-10  5.864439E-10  6.555095E-10  7.974417E-10  7.476031E-01  1.023334E-03  2.017930E-06  9.570347E-02  6.954364E-05  7.107397E-08  1.149550E-08  2.224302E-03  1.649388E-07  6.654800E-07  2.559998E-08  7.936553E-03  9.667476E-08  1.089249E-08  9.055720E-09  2.186851E-04  2.973126E-04  1.848403E-07  5.088639E-07  6.619819E-07  1.166087E-07
 3.561500E+02  1.449565E-01  2.231164E-05  4.268656E-10  5.724400E-10  6.398841E-10  7.785796E-10  7.476346E-01  1.010041E-03  1.928774E-06  9.575218E-02  6.870576E-05  6.804798E-08  1.126426E-08  2.194357E-03  1.587148E-07  6.416205E-07  2.485001E-08  7.847195E-03  9.333591E-08  1.061898E-08  8.823813E-09  2.160070E-04  2.936745E-04  1.769247E-07  4.867788E-07  6.334204E-07  1.123518E-07
 3.571500E+02  1.450153E-01  2.212462E-05  4.166541E-10  5.588559E-10  6.247263E-10  7.602788E-10  7.476656E-01  9.970048E-04  1.844065E-06  9.580004E-02  6.788250E-05  6.516663E-08  1.103898E-08  2.165001E-03  1.527620E-07  6.187570E-07  2.412653E-08  7.759368E-03  9.013081E-08  1.035396E-08  8.599219E-09  2.133777E-04  2.901026E-04  1.693907E-07  4.657745E-07  6.062497E-07  1.082745E-07
 3.581500E+02  1.450731E-01  2.194034E-05  4.067491E-10  5.456768E-10  6.100200E-10  7.425198E-10  7.476959E-01  9.842208E-04  1.763557E-06  9.584709E-02  6.707357E-05  6.242232E-08  1.081949E-08  2.136221E-03  1.470672E-07  5.968426E-07  2.342847E-08  7.673042E-03  8.705345E-08  1.009713E-08  8.381673E-09  2.107959E-04  2.865955E-04  1.622181E-07  4.457928E-07  5.803951E-07  1.043681E-07
 3.591500E+02  1.451298E-01  2.175875E-05  3.971397E-10  5.328888E-10  5.957494E-10  7.252838E-10  7.477257E-01  9.716826E-04  1.687020E-06  9.589333E-02  6.627865E-05  5.980789E-08  1.060561E-08  2.108002E-03  1.416177E-07  5.758329E-07  2.275482E-08  7.588185E-03  8.409812E-08  9.848197E-09  8.170917E-09  2.082608E-04  2.831516E-04  1.553877E-07  4.267786E-07  5.557862E-07  1.006248E-07
 3.601500E+02  1.451856E-01  2.157980E-05  3.878158E-10  5.204783E-10  5.818995E-10  7.085530E-10  7.477549E-01  9.593841E-04  1.614238E-06  9.593878E-02  6.549747E-05  5.731657E-08  1.039717E-08  2.080331E-03  1.364017E-07  5.556858E-07  2.210458E-08  7.504766E-03  8.125941E-08  9.606875E-09  7.966708E-09  2.057711E-04  2.797696E-04  1.488815E-07  4.086803E-07  5.323566E-07  9.703689E-08
 3.611500E+02  1.452403E-01  2.140344E-05  3.787674E-10  5.084322E-10  5.684557E-10  6.923101E-10  7.477835E-01  9.473197E-04  1.545007E-06  9.598346E-02  6.472972E-05  5.494200E-08  1.019402E-08  2.053194E-03  1.314081E-07  5.363615E-07  2.147683E-08  7.422756E-03  7.853213E-08  9.372897E-09  7.768811E-09  2.033260E-04  2.764482E-04  1.426826E-07  3.914491E-07  5.100440E-07  9.359712E-08
 3.621500E+02  1.452941E-01  2.122963E-05  3.699850E-10  4.967381E-10  5.554043E-10  6.765383E-10  7.478116E-01  9.354838E-04  1.479135E-06  9.602738E-02  6.397514E-05  5.267814E-08  9.995993E-09  2.026580E-03  1.266261E-07  5.178220E-07  2.087067E-08  7.342125E-03  7.591138E-08  9.146004E-09  7.576998E-09  2.009244E-04  2.731858E-04  1.367750E-07  3.750390E-07  4.887893E-07  9.029864E-08
 3.631500E+02  1.453470E-01  2.105832E-05  3.614596E-10  4.853840E-10  5.427319E-10  6.612218E-10  7.478392E-01  9.238709E-04  1.416442E-06  9.607056E-02  6.323345E-05  5.051932E-08  9.802939E-09  2.000475E-03  1.220458E-07  5.000314E-07  2.028525E-08  7.262846E-03  7.339248E-08  8.925947E-09  7.391054E-09  1.985653E-04  2.699814E-04  1.311435E-07  3.594069E-07  4.685372E-07  8.713496E-08
 3.641500E+02  1.453990E-01  2.088947E-05  3.531823E-10  4.743584E-10  5.304255E-10  6.463451E-10  7.478662E-01  9.124757E-04  1.356759E-06  9.611302E-02  6.250438E-05  4.846017E-08  9.614712E-09  1.974867E-03  1.176575E-07  4.829555E-07  1.971976E-08  7.184890E-03  7.097099E-08  8.712487E-09  7.210771E-09  1.962479E-04  2.668335E-04  1.257740E-07  3.445120E-07  4.492354E-07  8.409987E-08
 3.651500E+02  1.454500E-01  2.072303E-05  3.451446E-10  4.636500E-10  5.184728E-10  6.318936E-10  7.478927E-01  9.012932E-04  1.299924E-06  9.615477E-02  6.178767E-05  4.649562E-08  9.431171E-09  1.949745E-03  1.134522E-07  4.665620E-07  1.917340E-08  7.108230E-03  6.864266E-08  8.505394E-09  7.035948E-09  1.939713E-04  2.637410E-04  1.206528E-07  3.303158E-07  4.308344E-07  8.118752E-08
 3.661500E+02  1.455002E-01  2.055896E-05  3.373386E-10  4.532483E-10  5.068619E-10  6.178528E-10  7.479187E-01  8.903184E-04  1.245788E-06  9.619583E-02  6.108307E-05  4.462088E-08  9.252178E-09  1.925097E-03  1.094214E-07  4.508199E-07  1.864545E-08  7.032840E-03  6.640347E-08  8.304448E-09  6.866394E-09  1.917344E-04  2.607026E-04  1.157675E-07  3.167820E-07  4.132878E-07  7.839233E-08
 3.671500E+02  1.455495E-01  2.039723E-05  3.297563E-10  4.431430E-10  4.955814E-10  6.042093E-10  7.479443E-01  8.795464E-04  1.194209E-06  9.623620E-02  6.039033E-05  4.283142E-08  9.077601E-09  1.900912E-03  1.055570E-07  4.357002E-07  1.813518E-08  6.958693E-03  6.424958E-08  8.109436E-09  6.701924E-09  1.895365E-04  2.577171E-04  1.111059E-07  3.038765E-07  3.965515E-07  7.570900E-08
 3.681500E+02  1.455980E-01  2.023778E-05  3.223903E-10  4.333241E-10  4.846202E-10  5.909497E-10  7.479693E-01  8.689724E-04  1.145052E-06  9.627591E-02  5.970921E-05  4.112297E-08  8.907311E-09  1.877180E-03  1.018511E-07  4.211750E-07  1.764191E-08  6.885766E-03  6.217732E-08  7.920154E-09  6.542362E-09  1.873768E-04  2.547835E-04  1.066567E-07  2.915669E-07  3.805842E-07  7.313250E-08
 3.691500E+02  1.456457E-01  2.008059E-05  3.152333E-10  4.237821E-10  4.739677E-10  5.780614E-10  7.479940E-01  8.585920E-04  1.098192E-06  9.631497E-02  5.903948E-05  3.949148E-08  8.741185E-09  1.853890E-03  9.829646E-08  4.072178E-07  1.716499E-08  6.814032E-03  6.018321E-08  7.736406E-09  6.387537E-09  1.852544E-04  2.519006E-04  1.024093E-07  2.798229E-07  3.653467E-07  7.065806E-08
 3.701500E+02  1.456926E-01  1.992560E-05  3.082784E-10  4.145079E-10  4.636139E-10  5.655323E-10  7.480181E-01  8.484007E-04  1.053510E-06  9.635338E-02  5.838089E-05  3.793312E-08  8.579103E-09  1.831031E-03  9.488618E-08  3.938035E-07  1.670379E-08  6.743469E-03  5.826393E-08  7.558005E-09  6.237286E-09  1.831685E-04  2.490673E-04  9.835347E-08  2.686155E-07  3.508021E-07  6.828111E-08
 3.711500E+02  1.457387E-01  1.977279E-05  3.015188E-10  4.054927E-10  4.535487E-10  5.533505E-10  7.480418E-01  8.383941E-04  1.010893E-06  9.639117E-02  5.773323E-05  3.644428E-08  8.420948E-09  1.808594E-03  9.161363E-08  3.809083E-07  1.625772E-08  6.674052E-03  5.641632E-08  7.384767E-09  6.091451E-09  1.811183E-04  2.462826E-04  9.447970E-08  2.579176E-07  3.369153E-07  6.599734E-08
 3.721500E+02  1.457840E-01  1.962212E-05  2.949483E-10  3.967279E-10  4.437628E-10  5.415048E-10  7.480651E-01  8.285680E-04  9.702360E-07  9.642834E-02  5.709627E-05  3.502152E-08  8.266609E-09  1.786569E-03  8.847255E-08  3.685093E-07  1.582621E-08  6.605758E-03  5.463735E-08  7.216520E-09  5.949881E-09  1.791031E-04  2.435454E-04  9.077894E-08  2.477036E-07  3.236534E-07  6.380263E-08
 3.731500E+02  1.458286E-01  1.947354E-05  2.885605E-10  3.882055E-10  4.342471E-10  5.299841E-10  7.480880E-01  8.189184E-04  9.314381E-07  9.646492E-02  5.646979E-05  3.366162E-08  8.115977E-09  1.764947E-03  8.545699E-08  3.565851E-07  1.540870E-08  6.538565E-03  5.292415E-08  7.053095E-09  5.812431E-09  1.771221E-04  2.408546E-04  8.724262E-08  2.379491E-07  3.109852E-07  6.169308E-08
