#         T/K            c1          c2-1          c3-4          c3-5          c3-7          c3-9            m1          m2-1          m3-1            w1            w2          w3-1          w3-2          c1m1        c1m2-1        c1m2-7        c2m1-1        c1w1-2        c1w2-1        c2w1-1        c2w1-9        m1w1-1        m1w1-4        m1w2-1        m2w1-1        m2w1-3      c1m1w1-1
 2.731500E+02  2.578349E-02  2.134664E-06  4.679230E-11  6.141603E-11  6.833021E-11  8.147528E-11  9.848169E-02  7.914922E-05  6.865895E-07  7.975330E-01  2.117893E-02  5.720371E-03  8.026292E-05  2.577886E-04  3.938222E-08  1.292256E-07  3.441868E-09  4.812280E-02  7.023748E-05  6.113910E-08  5.368660E-08  1.029616E-03  1.401584E-03  2.328244E-04  1.040970E-05  1.318402E-05  1.596002E-06
 2.741500E+02  2.605879E-02  2.140286E-06  4.599493E-11  6.038991E-11  6.719359E-11  8.014526E-11  9.851906E-02  7.727985E-05  6.339500E-07  7.987066E-01  2.073372E-02  5.307920E-03  7.737001E-05  2.538279E-04  3.710672E-08  1.221533E-07  3.321096E-09  4.757862E-02  6.663101E-05  5.945221E-08  5.216030E-08  1.007133E-03  1.370892E-03  2.157954E-04  9.631830E-06  1.220370E-05  1.508055E-06
 2.751500E+02  2.633181E-02  2.145476E-06  4.520515E-11  5.937290E-11  6.606689E-11  7.882606E-11  9.855504E-02  7.546953E-05  5.857162E-07  7.998328E-01  2.029976E-02  4.927472E-03  7.459610E-05  2.499359E-04  3.497615E-08  1.155099E-07  3.204913E-09  4.703881E-02  6.322536E-05  5.781253E-08  5.067830E-08  9.852799E-04  1.341064E-03  2.001146E-04  8.917176E-06  1.130269E-05  1.425408E-06
 2.761500E+02  2.660248E-02  2.150235E-06  4.442305E-11  5.836514E-11  6.495029E-11  7.751790E-11  9.858971E-02  7.371596E-05  5.414897E-07  8.009146E-01  1.987679E-02  4.576404E-03  7.193616E-05  2.461113E-04  3.298040E-08  1.092667E-07  3.093126E-09  4.650349E-02  6.000870E-05  5.621880E-08  4.923933E-08  9.640373E-04  1.312073E-03  1.856682E-04  8.260218E-06  1.047411E-05  1.347717E-06
 2.771500E+02  2.687076E-02  2.154565E-06  4.364874E-11  5.736680E-11  6.384397E-11  7.622103E-11  9.862312E-02  7.201696E-05  5.009106E-07  8.019546E-01  1.946457E-02  4.252313E-03  6.938530E-05  2.423526E-04  3.111015E-08  1.033973E-07  2.985552E-09  4.597276E-02  5.696991E-05  5.466977E-08  4.784219E-08  9.433864E-04  1.283893E-03  1.723523E-04  7.655951E-06  9.711693E-06  1.274662E-06
 2.781500E+02  2.713661E-02  2.158468E-06  4.288234E-11  5.637806E-11  6.274812E-11  7.493570E-11  9.865535E-02  7.037045E-05  4.636538E-07  8.029553E-01  1.906287E-02  3.953001E-03  6.693884E-05  2.386585E-04  2.935677E-08  9.787713E-08  2.882016E-09  4.544672E-02  5.409854E-05  5.316425E-08  4.648570E-08  9.233091E-04  1.256499E-03  1.600726E-04  7.099829E-06  9.009754E-06  1.205942E-06
 2.791500E+02  2.739998E-02  2.161950E-06  4.212397E-11  5.539910E-11  6.166298E-11  7.366220E-11  9.868645E-02  6.877443E-05  4.294254E-07  8.039192E-01  1.867142E-02  3.676458E-03  6.459227E-05  2.350278E-04  2.771229E-08  9.268336E-08  2.782355E-09  4.492546E-02  5.138479E-05  5.170109E-08  4.516872E-08  9.037875E-04  1.229866E-03  1.487427E-04  6.587726E-06  8.363131E-06  1.141282E-06
 2.801500E+02  2.766084E-02  2.165014E-06  4.137379E-11  5.443013E-11  6.058876E-11  7.240081E-11  9.871647E-02  6.722703E-05  3.979591E-07  8.048482E-01  1.828998E-02  3.420842E-03  6.234126E-05  2.314592E-04  2.616933E-08  8.779485E-08  2.686412E-09  4.440906E-02  4.881947E-05  5.027915E-08  4.389015E-08  8.848044E-04  1.203972E-03  1.382841E-04  6.115893E-06  7.767132E-06  1.080422E-06
 2.811500E+02  2.791915E-02  2.167666E-06  4.063193E-11  5.347134E-11  5.952570E-11  7.115184E-11  9.874547E-02  6.572642E-05  3.690140E-07  8.057443E-01  1.791830E-02  3.184469E-03  6.018164E-05  2.279516E-04  2.472106E-08  8.319196E-08  2.594036E-09  4.389759E-02  4.639391E-05  4.889735E-08  4.264891E-08  8.663431E-04  1.178792E-03  1.286250E-04  5.680920E-06  7.217487E-06  1.023120E-06
 2.821500E+02  2.817490E-02  2.169911E-06  3.989852E-11  5.252294E-11  5.847401E-11  6.991558E-11  9.877350E-02  6.427087E-05  3.423717E-07  8.066095E-01  1.755612E-02  2.965794E-03  5.810942E-05  2.245039E-04  2.336114E-08  7.885641E-08  2.505087E-09  4.339113E-02  4.409999E-05  4.755460E-08  4.144397E-08  8.483874E-04  1.154305E-03  1.196999E-04  5.279706E-06  6.710313E-06  9.691525E-07
 2.831500E+02  2.842804E-02  2.171755E-06  3.917370E-11  5.158513E-11  5.743394E-11  6.869232E-11  9.880061E-02  6.285874E-05  3.178341E-07  8.074454E-01  1.720321E-02  2.763404E-03  5.612078E-05  2.211150E-04  2.208369E-08  7.477122E-08  2.419428E-09  4.288972E-02  4.193009E-05  4.624988E-08  4.027429E-08  8.309214E-04  1.130488E-03  1.114490E-04  4.909429E-06  6.242071E-06  9.183097E-07
 2.841500E+02  2.867855E-02  2.173205E-06  3.845762E-11  5.065810E-11  5.640569E-11  6.748234E-11  9.882682E-02  6.148843E-05  2.952213E-07  8.082536E-01  1.685932E-02  2.576005E-03  5.421207E-05  2.177840E-04  2.088328E-08  7.092059E-08  2.336930E-09  4.239342E-02  3.987705E-05  4.498216E-08  3.913889E-08  8.139300E-04  1.107321E-03  1.038176E-04  4.567515E-06  5.809539E-06  8.703960E-07
 2.851500E+02  2.892643E-02  2.174269E-06  3.775039E-11  4.974203E-11  5.538949E-11  6.628592E-11  9.885219E-02  6.015845E-05  2.743699E-07  8.090355E-01  1.652421E-02  2.402411E-03  5.237977E-05  2.145098E-04  1.975484E-08  6.728978E-08  2.257469E-09  4.190228E-02  3.793412E-05  4.375045E-08  3.803682E-08  7.973983E-04  1.084783E-03  9.675575E-05  4.251624E-06  5.409780E-06  8.252293E-07
 2.861500E+02  2.917164E-02  2.174952E-06  3.705213E-11  4.883711E-11  5.438553E-11  6.510332E-11  9.887676E-02  5.886733E-05  2.551316E-07  8.097925E-01  1.619764E-02  2.241533E-03  5.062054E-05  2.112915E-04  1.869367E-08  6.386509E-08  2.180927E-09  4.141633E-02  3.609499E-05  4.255379E-08  3.696713E-08  7.813120E-04  1.062855E-03  9.021781E-05  3.959618E-06  5.040113E-06  7.826392E-07
 2.871500E+02  2.941418E-02  2.175263E-06  3.636297E-11  4.794351E-11  5.339400E-11  6.393480E-11  9.890055E-02  5.761370E-05  2.373713E-07  8.105258E-01  1.587939E-02  2.092374E-03  4.893118E-05  2.081281E-04  1.769542E-08  6.063373E-08  2.107191E-09  4.093561E-02  3.435370E-05  4.139123E-08  3.592892E-08  7.656571E-04  1.041517E-03  8.416196E-05  3.689549E-06  4.698092E-06  7.424670E-07
 2.881500E+02  2.965403E-02  2.175211E-06  3.568300E-11  4.706137E-11  5.241509E-11  6.278058E-11  9.892361E-02  5.639623E-05  2.209660E-07  8.112368E-01  1.556922E-02  1.954020E-03  4.730863E-05  2.050188E-04  1.675601E-08  5.758379E-08  2.036152E-09  4.046015E-02  3.270469E-05  4.026186E-08  3.492128E-08  7.504203E-04  1.020751E-03  7.854997E-05  3.439637E-06  4.381486E-06  7.045641E-07
 2.891500E+02  2.989119E-02  2.174802E-06  3.501232E-11  4.619084E-11  5.144896E-11  6.164089E-11  9.894595E-02  5.521363E-05  2.058039E-07  8.119263E-01  1.526690E-02  1.825631E-03  4.574997E-05  2.019626E-04  1.587168E-08  5.470413E-08  1.967706E-09  3.998996E-02  3.114269E-05  3.916476E-08  3.394335E-08  7.355886E-04  1.000539E-03  7.334681E-05  3.208258E-06  4.088253E-06  6.687921E-07
 2.901500E+02  3.012564E-02  2.174046E-06  3.435102E-11  4.533206E-11  5.049575E-11  6.051592E-11  9.896762E-02  5.406471E-05  1.917829E-07  8.125956E-01  1.497224E-02  1.706438E-03  4.425240E-05  1.989586E-04  1.503892E-08  5.198438E-08  1.901754E-09  3.952507E-02  2.966277E-05  3.809907E-08  3.299429E-08  7.211493E-04  9.808632E-04  6.852040E-05  2.993927E-06  3.816528E-06  6.350211E-07
 2.911500E+02  3.035739E-02  2.172952E-06  3.369917E-11  4.448515E-11  4.955561E-11  5.940586E-11  9.898864E-02  5.294828E-05  1.788100E-07  8.132454E-01  1.468500E-02  1.595733E-03  4.281326E-05  1.960061E-04  1.425444E-08  4.941483E-08  1.838201E-09  3.906549E-02  2.826029E-05  3.706392E-08  3.207328E-08  7.070903E-04  9.617079E-04  6.404135E-05  2.795286E-06  3.564607E-06  6.031302E-07
 2.921500E+02  3.058643E-02  2.171526E-06  3.305684E-11  4.365019E-11  4.862865E-11  5.831087E-11  9.900904E-02  5.186322E-05  1.668004E-07  8.138768E-01  1.440498E-02  1.492867E-03  4.143002E-05  1.931042E-04  1.351521E-08  4.698644E-08  1.776955E-09  3.861122E-02  2.693090E-05  3.605848E-08  3.117950E-08  6.933999E-04  9.430564E-04  5.988270E-05  2.611094E-06  3.330927E-06  5.730061E-07
 2.931500E+02  3.081277E-02  2.169780E-06  3.242408E-11  4.282730E-11  4.771498E-11  5.723110E-11  9.902883E-02  5.080846E-05  1.556764E-07  8.144905E-01  1.413198E-02  1.397242E-03  4.010023E-05  1.902520E-04  1.281838E-08  4.469074E-08  1.717927E-09  3.816227E-02  2.567048E-05  3.508192E-08  3.031218E-08  6.800666E-04  9.248931E-04  5.601973E-05  2.440214E-06  3.114060E-06  5.445426E-07
 2.941500E+02  3.103640E-02  2.167721E-06  3.180094E-11  4.201653E-11  4.681469E-11  5.616668E-11  9.904806E-02  4.978297E-05  1.453675E-07  8.150874E-01  1.386580E-02  1.308311E-03  3.882159E-05  1.874487E-04  1.216131E-08  4.251980E-08  1.661034E-09  3.771864E-02  2.447519E-05  3.413345E-08  2.947054E-08  6.670795E-04  9.072029E-04  5.242974E-05  2.281606E-06  2.912696E-06  5.176407E-07
 2.951500E+02  3.125732E-02  2.165358E-06  3.118746E-11  4.121796E-11  4.592785E-11  5.511771E-11  9.906673E-02  4.878576E-05  1.358087E-07  8.156681E-01  1.360625E-02  1.225569E-03  3.759189E-05  1.846937E-04  1.154153E-08  4.046623E-08  1.606195E-09  3.728032E-02  2.334138E-05  3.321228E-08  2.865386E-08  6.544279E-04  8.899713E-04  4.909192E-05  2.134315E-06  2.725636E-06  4.922076E-07
 2.961500E+02  3.147555E-02  2.162700E-06  3.058365E-11  4.043164E-11  4.505452E-11  5.408428E-11  9.908487E-02  4.781586E-05  1.269409E-07  8.162334E-01  1.335314E-02  1.148552E-03  3.640902E-05  1.819859E-04  1.095674E-08  3.852309E-08  1.553332E-09  3.684731E-02  2.226566E-05  3.231766E-08  2.786140E-08  6.421016E-04  8.731840E-04  4.598712E-05  1.997467E-06  2.551779E-06  4.681562E-07
 2.971500E+02  3.169109E-02  2.159757E-06  2.998953E-11  3.965759E-11  4.419473E-11  5.306646E-11  9.910250E-02  4.687238E-05  1.187100E-07  8.167839E-01  1.310629E-02  1.076832E-03  3.527097E-05  1.793248E-04  1.040478E-08  3.668389E-08  1.502371E-09  3.641960E-02  2.124479E-05  3.144883E-08  2.709245E-08  6.300906E-04  8.568276E-04  4.309776E-05  1.870260E-06  2.390114E-06  4.454052E-07
 2.981500E+02  3.190396E-02  2.156536E-06  2.940510E-11  3.889584E-11  4.334853E-11  5.206431E-11  9.911964E-02  4.595444E-05  1.110662E-07  8.173201E-01  1.286552E-02  1.010018E-03  3.417583E-05  1.767096E-04  9.883649E-09  3.494257E-08  1.453238E-09  3.599716E-02  2.027576E-05  3.060508E-08  2.634633E-08  6.183854E-04  8.408887E-04  4.040768E-05  1.751959E-06  2.239716E-06  4.238783E-07
 2.991500E+02  3.211415E-02  2.153048E-06  2.883037E-11  3.814639E-11  4.251592E-11  5.107786E-11  9.913631E-02  4.506118E-05  1.039642E-07  8.178427E-01  1.263066E-02  9.477474E-04  3.312175E-05  1.741394E-04  9.391473E-09  3.329343E-08  1.405867E-09  3.557999E-02  1.935573E-05  2.978569E-08  2.562237E-08  6.069766E-04  8.253548E-04  3.790201E-05  1.641887E-06  2.099733E-06  4.035040E-07
 3.001500E+02  3.232168E-02  2.149301E-06  2.826531E-11  3.740925E-11  4.169691E-11  5.010713E-11  9.915252E-02  4.419179E-05  9.736222E-08  8.183523E-01  1.240154E-02  8.896859E-04  3.210700E-05  1.716135E-04  8.926498E-09  3.173114E-08  1.360189E-09  3.516805E-02  1.848200E-05  2.898997E-08  2.491991E-08  5.958553E-04  8.102134E-04  3.556707E-05  1.539425E-06  1.969383E-06  3.842154E-07
 3.011500E+02  3.252657E-02  2.145303E-06  2.770989E-11  3.668440E-11  4.089147E-11  4.915212E-11  9.916829E-02  4.334551E-05  9.122208E-08  8.188492E-01  1.217799E-02  8.355267E-04  3.112991E-05  1.691313E-04  8.487087E-09  3.025070E-08  1.316143E-09  3.476134E-02  1.765206E-05  2.821725E-08  2.423832E-08  5.850128E-04  7.954528E-04  3.339026E-05  1.444001E-06  1.847946E-06  3.659495E-07
 3.021500E+02  3.272882E-02  2.141065E-06  2.716410E-11  3.597181E-11  4.009959E-11  4.821282E-11  9.918364E-02  4.252157E-05  8.550869E-08  8.193340E-01  1.195987E-02  7.849863E-04  3.018890E-05  1.666920E-04  8.071707E-09  2.884741E-08  1.273665E-09  3.435981E-02  1.686352E-05  2.746687E-08  2.357698E-08  5.744408E-04  7.810614E-04  3.135999E-05  1.355091E-06  1.734761E-06  3.486474E-07
 3.031500E+02  3.292846E-02  2.136593E-06  2.662789E-11  3.527144E-11  3.932121E-11  4.728920E-11  9.919858E-02  4.171926E-05  8.018980E-08  8.198071E-01  1.174701E-02  7.378033E-04  2.928244E-05  1.642949E-04  7.678927E-09  2.751689E-08  1.232698E-09  3.396345E-02  1.611415E-05  2.673819E-08  2.293529E-08  5.641312E-04  7.670281E-04  2.946556E-05  1.272212E-06  1.629219E-06  3.322539E-07
 3.041500E+02  3.312550E-02  2.131897E-06  2.610120E-11  3.458325E-11  3.855630E-11  4.638121E-11  9.921313E-02  4.093788E-05  7.523582E-08  8.202690E-01  1.153928E-02  6.937364E-04  2.840909E-05  1.619392E-04  7.307405E-09  2.625500E-08  1.193185E-09  3.357222E-02  1.540183E-05  2.603059E-08  2.231266E-08  5.540761E-04  7.533423E-04  2.769713E-05  1.194921E-06  1.530759E-06  3.167171E-07
 3.051500E+02  3.331996E-02  2.126985E-06  2.558399E-11  3.390717E-11  3.780479E-11  4.548880E-11  9.922730E-02  4.017676E-05  7.061953E-08  8.207200E-01  1.133651E-02  6.525629E-04  2.756747E-05  1.596243E-04  6.955886E-09  2.505787E-08  1.155072E-09  3.318609E-02  1.472457E-05  2.534344E-08  2.170852E-08  5.442680E-04  7.399935E-04  2.604560E-05  1.122807E-06  1.438866E-06  3.019882E-07
 3.061500E+02  3.351186E-02  2.121866E-06  2.507619E-11  3.324313E-11  3.706661E-11  4.461190E-11  9.924110E-02  3.943527E-05  6.631591E-08  8.211606E-01  1.113858E-02  6.140772E-04  2.675626E-05  1.573496E-04  6.623197E-09  2.392186E-08  1.118305E-09  3.280502E-02  1.408051E-05  2.467617E-08  2.112232E-08  5.346996E-04  7.269718E-04  2.450260E-05  1.055495E-06  1.353062E-06  2.880216E-07
 3.071500E+02  3.370121E-02  2.116548E-06  2.457773E-11  3.259107E-11  3.634167E-11  4.375043E-11  9.925454E-02  3.871277E-05  6.230191E-08  8.215911E-01  1.094535E-02  5.780892E-04  2.597421E-05  1.551142E-04  6.308235E-09  2.284355E-08  1.082836E-09  3.242899E-02  1.346786E-05  2.402820E-08  2.055352E-08  5.253638E-04  7.142675E-04  2.306038E-05  9.926372E-07  1.272910E-06  2.747742E-07
 3.081500E+02  3.388804E-02  2.111038E-06  2.408854E-11  3.195089E-11  3.562989E-11  4.290429E-11  9.926765E-02  3.800868E-05  5.855634E-08  8.220118E-01  1.075668E-02  5.444232E-04  2.522011E-05  1.529177E-04  6.009970E-09  2.181973E-08  1.048615E-09  3.205794E-02  1.288497E-05  2.339896E-08  2.000159E-08  5.162538E-04  7.018712E-04  2.171179E-05  9.339125E-07  1.198005E-06  2.622057E-07
 3.091500E+02  3.407236E-02  2.105346E-06  2.360853E-11  3.132249E-11  3.493115E-11  4.207337E-11  9.928042E-02  3.732242E-05  5.505964E-08  8.224230E-01  1.057245E-02  5.129168E-04  2.449283E-05  1.507592E-04  5.727434E-09  2.084739E-08  1.015595E-09  3.169184E-02  1.233025E-05  2.278790E-08  1.946603E-08  5.073630E-04  6.897739E-04  2.045024E-05  8.790258E-07  1.127972E-06  2.502783E-07
 3.101500E+02  3.425421E-02  2.099478E-06  2.313763E-11  3.070579E-11  3.424536E-11  4.125756E-11  9.929287E-02  3.665344E-05  5.179383E-08  8.228252E-01  1.039254E-02  4.834199E-04  2.379126E-05  1.486381E-04  5.459723E-09  1.992369E-08  9.837330E-10  3.133065E-02  1.180223E-05  2.219449E-08  1.894633E-08  4.986851E-04  6.779669E-04  1.926962E-05  8.277041E-07  1.062467E-06  2.389561E-07
 3.111500E+02  3.443359E-02  2.093442E-06  2.267573E-11  3.010066E-11  3.357239E-11  4.045674E-11  9.930501E-02  3.600120E-05  4.874230E-08  8.232185E-01  1.021682E-02  4.557932E-04  2.311435E-05  1.465539E-04  5.205985E-09  1.904596E-08  9.529849E-10  3.097433E-02  1.129950E-05  2.161822E-08  1.844202E-08  4.902137E-04  6.664417E-04  1.816429E-05  7.796955E-07  1.001171E-06  2.282058E-07
 3.121500E+02  3.461053E-02  2.087247E-06  2.222275E-11  2.950701E-11  3.291213E-11  3.967077E-11  9.931685E-02  3.536519E-05  4.588972E-08  8.236032E-01  1.004517E-02  4.299082E-04  2.246113E-05  1.445058E-04  4.965424E-09  1.821169E-08  9.233095E-10  3.062283E-02  1.082075E-05  2.105857E-08  1.795264E-08  4.819431E-04  6.551902E-04  1.712902E-05  7.347672E-07  9.437892E-07  2.179958E-07
 3.131500E+02  3.478506E-02  2.080898E-06  2.177858E-11  2.892470E-11  3.226443E-11  3.889950E-11  9.932840E-02  3.474491E-05  4.322198E-08  8.239796E-01  9.877495E-03  4.056456E-04  2.183062E-05  1.424933E-04  4.737291E-09  1.741852E-08  8.946669E-10  3.027610E-02  1.036473E-05  2.051506E-08  1.747771E-08  4.738673E-04  6.442045E-04  1.615899E-05  6.927039E-07  8.900499E-07  2.082964E-07
 3.141500E+02  3.495720E-02  2.074404E-06  2.134312E-11  2.835361E-11  3.162916E-11  3.814280E-11  9.933967E-02  3.413989E-05  4.072601E-08  8.243481E-01  9.713673E-03  3.828950E-04  2.122192E-05  1.405156E-04  4.520883E-09  1.666422E-08  8.670188E-10  2.993411E-02  9.930246E-06  1.998721E-08  1.701681E-08  4.659809E-04  6.334768E-04  1.524972E-05  6.533067E-07  8.397009E-07  1.990798E-07
 3.151500E+02  3.512698E-02  2.067771E-06  2.091627E-11  2.779361E-11  3.100619E-11  3.740050E-11  9.935067E-02  3.354966E-05  3.838976E-08  8.247087E-01  9.553601E-03  3.615538E-04  2.063416E-05  1.385723E-04  4.315542E-09  1.594671E-08  8.403285E-10  2.959681E-02  9.516203E-06  1.947455E-08  1.656951E-08  4.582785E-04  6.230000E-04  1.439707E-05  6.163913E-07  7.925089E-07  1.903196E-07
 3.161500E+02  3.529441E-02  2.061007E-06  2.049791E-11  2.724457E-11  3.039536E-11  3.667243E-11  9.936140E-02  3.297379E-05  3.620207E-08  8.250617E-01  9.397175E-03  3.415273E-04  2.006650E-05  1.366627E-04  4.120647E-09  1.526401E-08  8.145605E-10  2.926414E-02  9.121544E-06  1.897664E-08  1.613538E-08  4.507547E-04  6.127667E-04  1.359721E-05  5.817875E-07  7.482582E-07  1.819913E-07
 3.171500E+02  3.545952E-02  2.054118E-06  2.008792E-11  2.670634E-11  2.979652E-11  3.595844E-11  9.937188E-02  3.241183E-05  3.415265E-08  8.254075E-01  9.244296E-03  3.227274E-04  1.951816E-05  1.347862E-04  3.935617E-09  1.461427E-08  7.896808E-10  2.893606E-02  8.745277E-06  1.849303E-08  1.571404E-08  4.434046E-04  6.027701E-04  1.284656E-05  5.493373E-07  7.067486E-07  1.740714E-07
 3.181500E+02  3.562234E-02  2.047110E-06  1.968620E-11  2.617879E-11  2.920951E-11  3.525834E-11  9.938211E-02  3.186338E-05  3.223195E-08  8.257461E-01  9.094868E-03  3.050723E-04  1.898837E-05  1.329422E-04  3.759904E-09  1.399573E-08  7.656564E-10  2.861252E-02  8.386464E-06  1.802330E-08  1.530508E-08  4.362233E-04  5.930036E-04  1.214184E-05  5.188946E-07  6.677950E-07  1.665381E-07
 3.191500E+02  3.578290E-02  2.039990E-06  1.929263E-11  2.566178E-11  2.863419E-11  3.457195E-11  9.939210E-02  3.132804E-05  3.043115E-08  8.260777E-01  8.948796E-03  2.884861E-04  1.847641E-05  1.311302E-04  3.592994E-09  1.340675E-08  7.424561E-10  2.829346E-02  8.044219E-06  1.756703E-08  1.490812E-08  4.292061E-04  5.834606E-04  1.147998E-05  4.903239E-07  6.312254E-07  1.593706E-07
 3.201500E+02  3.594121E-02  2.032764E-06  1.890709E-11  2.515514E-11  2.807037E-11  3.389910E-11  9.940186E-02  3.080542E-05  2.874208E-08  8.264027E-01  8.805989E-03  2.728984E-04  1.798158E-05  1.293495E-04  3.434403E-09  1.284577E-08  7.200493E-10  2.797885E-02  7.717702E-06  1.712383E-08  1.452279E-08  4.223483E-04  5.741349E-04  1.085813E-05  4.634996E-07  5.968806E-07  1.525496E-07
 3.211500E+02  3.609731E-02  2.025439E-06  1.852945E-11  2.465874E-11  2.751791E-11  3.323959E-11  9.941139E-02  3.029516E-05  2.715716E-08  8.267211E-01  8.666361E-03  2.582437E-04  1.750322E-05  1.275997E-04  3.283677E-09  1.231133E-08  6.984070E-10  2.766863E-02  7.406123E-06  1.669330E-08  1.414875E-08  4.156455E-04  5.650205E-04  1.027366E-05  4.383050E-07  5.646128E-07  1.460567E-07
 3.221500E+02  3.625122E-02  2.018020E-06  1.815960E-11  2.417241E-11  2.697662E-11  3.259324E-11  9.942070E-02  2.979688E-05  2.566938E-08  8.270331E-01  8.529824E-03  2.444612E-04  1.704069E-05  1.258801E-04  3.140388E-09  1.180205E-08  6.775010E-10  2.736275E-02  7.108731E-06  1.627506E-08  1.378563E-08  4.090936E-04  5.561114E-04  9.724120E-06  4.146321E-07  5.342846E-07  1.398746E-07
 3.231500E+02  3.640297E-02  2.010513E-06  1.779741E-11  2.369601E-11  2.644635E-11  3.195986E-11  9.942980E-02  2.931024E-05  2.427222E-08  8.273389E-01  8.396297E-03  2.314943E-04  1.659338E-05  1.241902E-04  3.004132E-09  1.131661E-08  6.573045E-10  2.706116E-02  6.824817E-06  1.586875E-08  1.343311E-08  4.026882E-04  5.474021E-04  9.207226E-06  3.923805E-07  5.057687E-07  1.339869E-07
 3.241500E+02  3.655258E-02  2.002923E-06  1.744275E-11  2.322938E-11  2.592691E-11  3.133924E-11  9.943870E-02  2.883491E-05  2.295967E-08  8.276388E-01  8.265699E-03  2.192904E-04  1.616071E-05  1.225296E-04  2.874531E-09  1.085380E-08  6.377915E-10  2.676380E-02  6.553710E-06  1.547400E-08  1.309086E-08  3.964254E-04  5.388870E-04  8.720862E-06  3.714568E-07  4.789466E-07  1.283782E-07
 3.251500E+02  3.670008E-02  1.995255E-06  1.709550E-11  2.277237E-11  2.541814E-11  3.073119E-11  9.944739E-02  2.837057E-05  2.172610E-08  8.279327E-01  8.137952E-03  2.078005E-04  1.574213E-05  1.208975E-04  2.751227E-09  1.041244E-08  6.189369E-10  2.647063E-02  6.294777E-06  1.509046E-08  1.275856E-08  3.903013E-04  5.305608E-04  8.263059E-06  3.517745E-07  4.537083E-07  1.230342E-07
 3.261500E+02  3.684549E-02  1.987516E-06  1.675554E-11  2.232480E-11  2.491987E-11  3.013551E-11  9.945588E-02  2.791689E-05  2.056632E-08  8.282210E-01  8.012981E-03  1.969790E-04  1.533710E-05  1.192937E-04  2.633883E-09  9.991438E-09  6.007168E-10  2.618159E-02  6.047415E-06  1.471781E-08  1.243590E-08  3.843122E-04  5.224184E-04  7.831984E-06  3.332531E-07  4.299515E-07  1.179409E-07
 3.271500E+02  3.698885E-02  1.979710E-06  1.642274E-11  2.188654E-11  2.443191E-11  2.955201E-11  9.946419E-02  2.747358E-05  1.947551E-08  8.285037E-01  7.890713E-03  1.867835E-04  1.494510E-05  1.177174E-04  2.522184E-09  9.589758E-09  5.831080E-10  2.589664E-02  5.811057E-06  1.435572E-08  1.212259E-08  3.784543E-04  5.144547E-04  7.425932E-06  3.158176E-07  4.075809E-07  1.130855E-07
 3.281500E+02  3.713017E-02  1.971842E-06  1.609698E-11  2.145741E-11  2.395409E-11  2.898047E-11  9.947231E-02  2.704034E-05  1.844917E-08  8.287809E-01  7.771076E-03  1.771745E-04  1.456566E-05  1.161682E-04  2.415830E-09  9.206422E-09  5.660884E-10  2.561571E-02  5.585164E-06  1.400386E-08  1.181834E-08  3.727242E-04  5.066650E-04  7.043314E-06  2.993983E-07  3.865081E-07  1.084559E-07
 3.291500E+02  3.726949E-02  1.963917E-06  1.577812E-11  2.103725E-11  2.348624E-11  2.842071E-11  9.948026E-02  2.661690E-05  1.748313E-08  8.290529E-01  7.654001E-03  1.681151E-04  1.419830E-05  1.146457E-04  2.314540E-09  8.840502E-09  5.496366E-10  2.533876E-02  5.369224E-06  1.366193E-08  1.152286E-08  3.671184E-04  4.990446E-04  6.682651E-06  2.839305E-07  3.666505E-07  1.040403E-07
 3.301500E+02  3.740682E-02  1.955940E-06  1.546604E-11  2.062592E-11  2.302819E-11  2.787251E-11  9.948803E-02  2.620297E-05  1.657350E-08  8.293198E-01  7.539423E-03  1.595709E-04  1.384258E-05  1.131493E-04  2.218049E-09  8.491125E-09  5.337319E-10  2.506574E-02  5.162756E-06  1.332963E-08  1.123590E-08  3.616336E-04  4.915890E-04  6.342565E-06  2.693537E-07  3.479315E-07  9.982799E-08
 3.311500E+02  3.754221E-02  1.947914E-06  1.516063E-11  2.022325E-11  2.257975E-11  2.733568E-11  9.949563E-02  2.579830E-05  1.571669E-08  8.295816E-01  7.427275E-03  1.515100E-04  1.349805E-05  1.116786E-04  2.126105E-09  8.157463E-09  5.183547E-10  2.479659E-02  4.965302E-06  1.300667E-08  1.095718E-08  3.562666E-04  4.842937E-04  6.021771E-06  2.556118E-07  3.302794E-07  9.580861E-08
 3.321500E+02  3.767567E-02  1.939845E-06  1.486174E-11  1.982909E-11  2.214075E-11  2.681001E-11  9.950307E-02  2.540262E-05  1.490932E-08  8.298385E-01  7.317495E-03  1.439024E-04  1.316432E-05  1.102330E-04  2.038472E-09  7.838734E-09  5.034859E-10  2.453127E-02  4.776427E-06  1.269278E-08  1.068645E-08  3.510143E-04  4.771545E-04  5.719071E-06  2.426523E-07  3.136276E-07  9.197243E-08
 3.331500E+02  3.780722E-02  1.931736E-06  1.456927E-11  1.944327E-11  2.171103E-11  2.629531E-11  9.951034E-02  2.501569E-05  1.414827E-08  8.300906E-01  7.210023E-03  1.367203E-04  1.284099E-05  1.088122E-04  1.954929E-09  7.534199E-09  4.891071E-10  2.426972E-02  4.595720E-06  1.238766E-08  1.042347E-08  3.458736E-04  4.701674E-04  5.433347E-06  2.304265E-07  2.979139E-07  8.831024E-08
 3.341500E+02  3.793690E-02  1.923591E-06  1.428309E-11  1.906563E-11  2.129040E-11  2.579137E-11  9.951747E-02  2.463727E-05  1.343063E-08  8.303381E-01  7.104798E-03  1.299377E-04  1.252767E-05  1.074156E-04  1.875264E-09  7.243158E-09  4.752007E-10  2.401189E-02  4.422792E-06  1.209108E-08  1.016799E-08  3.408417E-04  4.633282E-04  5.163557E-06  2.188887E-07  2.830804E-07  8.481335E-08
 3.351500E+02  3.806474E-02  1.915415E-06  1.400307E-11  1.869604E-11  2.087869E-11  2.529800E-11  9.952444E-02  2.426712E-05  1.275368E-08  8.305810E-01  7.001763E-03  1.235301E-04  1.222400E-05  1.060429E-04  1.799278E-09  6.964947E-09  4.617499E-10  2.375773E-02  4.257271E-06  1.180275E-08  9.919793E-09  3.359156E-04  4.566331E-04  4.908725E-06  2.079966E-07  2.690730E-07  8.147353E-08
 3.361500E+02  3.819074E-02  1.907211E-06  1.372909E-11  1.833432E-11  2.047574E-11  2.481500E-11  9.953126E-02  2.390503E-05  1.211488E-08  8.308195E-01  6.900863E-03  1.174750E-04  1.192965E-05  1.046935E-04  1.726784E-09  6.698941E-09  4.487382E-10  2.350719E-02  4.098809E-06  1.152245E-08  9.678645E-09  3.310928E-04  4.500784E-04  4.667944E-06  1.977105E-07  2.558411E-07  7.828298E-08
 3.371500E+02  3.831495E-02  1.898983E-06  1.346104E-11  1.798033E-11  2.008137E-11  2.434217E-11  9.953794E-02  2.355078E-05  1.151189E-08  8.310537E-01  6.802043E-03  1.117510E-04  1.164426E-05  1.033670E-04  1.657605E-09  6.444545E-09  4.361500E-10  2.326022E-02  3.947072E-06  1.124992E-08  9.444333E-09  3.263703E-04  4.436605E-04  4.440364E-06  1.879933E-07  2.433377E-07  7.523434E-08
 3.381500E+02  3.843739E-02  1.890734E-06  1.319879E-11  1.763392E-11  1.969542E-11  2.387931E-11  9.954448E-02  2.320415E-05  1.094248E-08  8.312836E-01  6.705251E-03  1.063384E-04  1.136753E-05  1.020631E-04  1.591573E-09  6.201198E-09  4.239703E-10  2.301676E-02  3.801744E-06  1.098494E-08  9.216645E-09  3.217458E-04  4.373757E-04  4.225190E-06  1.788106E-07  2.315186E-07  7.232064E-08
 3.391500E+02  3.855808E-02  1.882468E-06  1.294223E-11  1.729493E-11  1.931773E-11  2.342624E-11  9.955089E-02  2.286494E-05  1.040462E-08  8.315094E-01  6.610436E-03  1.012186E-04  1.109914E-05  1.007812E-04  1.528531E-09  5.968366E-09  4.121843E-10  2.277678E-02  3.662525E-06  1.072728E-08  8.995378E-09  3.172167E-04  4.312208E-04  4.021681E-06  1.701300E-07  2.203428E-07  6.953527E-08
 3.401500E+02  3.867704E-02  1.874188E-06  1.269125E-11  1.696322E-11  1.894811E-11  2.298275E-11  9.955716E-02  2.253295E-05  9.896368E-09  8.317311E-01  6.517548E-03  9.637424E-05  1.083879E-05  9.952106E-05  1.468327E-09  5.745546E-09  4.007783E-10  2.254022E-02  3.529132E-06  1.047671E-08  8.780336E-09  3.127805E-04  4.251923E-04  3.829142E-06  1.619215E-07  2.097716E-07  6.687199E-08
 3.411500E+02  3.879431E-02  1.865897E-06  1.244572E-11  1.663863E-11  1.858643E-11  2.254867E-11  9.956330E-02  2.220800E-05  9.415947E-09  8.319489E-01  6.426539E-03  9.178902E-05  1.058622E-05  9.828217E-05  1.410821E-09  5.532258E-09  3.897386E-10  2.230703E-02  3.401294E-06  1.023303E-08  8.571328E-09  3.084348E-04  4.192870E-04  3.646925E-06  1.541567E-07  1.997693E-07  6.432488E-08
 3.421500E+02  3.890990E-02  1.857598E-06  1.220554E-11  1.632103E-11  1.823250E-11  2.212381E-11  9.956932E-02  2.188989E-05  8.961677E-09  8.321628E-01  6.337363E-03  8.744777E-05  1.034113E-05  9.706416E-05  1.355880E-09  5.328050E-09  3.790525E-10  2.207717E-02  3.278755E-06  9.996026E-09  8.368170E-09  3.041775E-04  4.135019E-04  3.474421E-06  1.468094E-07  1.903021E-07  6.188833E-08
 3.431500E+02  3.902384E-02  1.849294E-06  1.197058E-11  1.601027E-11  1.788618E-11  2.170797E-11  9.957522E-02  2.157845E-05  8.531992E-09  8.323729E-01  6.249974E-03  8.333624E-05  1.010328E-05  9.586663E-05  1.303376E-09  5.132492E-09  3.687073E-10  2.185057E-02  3.161271E-06  9.765502E-09  8.170681E-09  3.000062E-04  4.078338E-04  3.311062E-06  1.398548E-07  1.813385E-07  5.955702E-08
 3.441500E+02  3.913616E-02  1.840987E-06  1.174075E-11  1.570621E-11  1.754730E-11  2.130098E-11  9.958099E-02  2.127350E-05  8.125429E-09  8.325794E-01  6.164327E-03  7.944109E-05  9.872403E-06  9.468921E-05  1.253189E-09  4.945177E-09  3.586911E-10  2.162721E-02  3.048610E-06  9.541265E-09  7.978689E-09  2.959189E-04  4.022799E-04  3.156314E-06  1.332699E-07  1.728490E-07  5.732591E-08
 3.451500E+02  3.924688E-02  1.832681E-06  1.151594E-11  1.540871E-11  1.721572E-11  2.090266E-11  9.958666E-02  2.097488E-05  7.740619E-09  8.327822E-01  6.080381E-03  7.574982E-05  9.648269E-06  9.353153E-05  1.205207E-09  4.765716E-09  3.489924E-10  2.140703E-02  2.940554E-06  9.323125E-09  7.792027E-09  2.919134E-04  3.968373E-04  3.009679E-06  1.270330E-07  1.648061E-07  5.519025E-08
 3.461500E+02  3.935601E-02  1.824378E-06  1.129603E-11  1.511763E-11  1.689128E-11  2.051282E-11  9.959220E-02  2.068242E-05  7.376280E-09  8.329816E-01  5.998094E-03  7.225071E-05  9.430642E-06  9.239320E-05  1.159321E-09  4.593745E-09  3.396000E-10  2.118998E-02  2.836893E-06  9.110902E-09  7.610532E-09  2.879876E-04  3.915032E-04  2.870689E-06  1.211240E-07  1.571838E-07  5.314549E-08
 3.471500E+02  3.946360E-02  1.816081E-06  1.108092E-11  1.483284E-11  1.657383E-11  2.013129E-11  9.959764E-02  2.039597E-05  7.031213E-09  8.331774E-01  5.917425E-03  6.893276E-05  9.219300E-06  9.127388E-05  1.115431E-09  4.428915E-09  3.305033E-10  2.097602E-02  2.737428E-06  8.904419E-09  7.434046E-09  2.841397E-04  3.862750E-04  2.738905E-06  1.155237E-07  1.499580E-07  5.118735E-08
 3.481500E+02  3.956965E-02  1.807791E-06  1.087051E-11  1.455420E-11  1.626322E-11  1.975790E-11  9.960297E-02  2.011536E-05  6.704296E-09  8.333699E-01  5.838335E-03  6.578566E-05  9.014029E-06  9.017320E-05  1.073440E-09  4.270895E-09  3.216919E-10  2.076510E-02  2.641971E-06  8.703505E-09  7.262419E-09  2.803677E-04  3.811499E-04  2.613917E-06  1.102146E-07  1.431059E-07  4.931175E-08
 3.491500E+02  3.967419E-02  1.799512E-06  1.066470E-11  1.428158E-11  1.595930E-11  1.939248E-11  9.960820E-02  1.984045E-05  6.394476E-09  8.335592E-01  5.760785E-03  6.279976E-05  8.814623E-06  8.909082E-05  1.033257E-09  4.119371E-09  3.131560E-10  2.055717E-02  2.550341E-06  8.507995E-09  7.095501E-09  2.766697E-04  3.761256E-04  2.495338E-06  1.051798E-07  1.366062E-07  4.751484E-08
 3.501500E+02  3.977725E-02  1.791244E-06  1.046338E-11  1.401485E-11  1.566194E-11  1.903486E-11  9.961332E-02  1.957110E-05  6.100768E-09  8.337451E-01  5.684740E-03  5.996596E-05  8.620885E-06  8.802638E-05  9.947947E-10  3.974046E-09  3.048859E-10  2.035220E-02  2.462369E-06  8.317729E-09  6.933151E-09  2.730439E-04  3.711994E-04  2.382807E-06  1.004038E-07  1.304389E-07  4.579294E-08
 3.511500E+02  3.987884E-02  1.782991E-06  1.026646E-11  1.375389E-11  1.537099E-11  1.868487E-11  9.961834E-02  1.930717E-05  5.822248E-09  8.339279E-01  5.610162E-03  5.727574E-05  8.432624E-06  8.697957E-05  9.579720E-10  3.834637E-09  2.968725E-10  2.015013E-02  2.377891E-06  8.132551E-09  6.775230E-09  2.694886E-04  3.663691E-04  2.275984E-06  9.587190E-08  1.245854E-07  4.414257E-08
 3.521500E+02  3.997899E-02  1.774755E-06  1.007384E-11  1.349856E-11  1.508632E-11  1.834235E-11  9.962327E-02  1.904851E-05  5.558050E-09  8.341077E-01  5.537017E-03  5.472110E-05  8.249657E-06  8.595004E-05  9.227109E-10  3.700874E-09  2.891070E-10  1.995093E-02  2.296753E-06  7.952311E-09  6.621605E-09  2.660021E-04  3.616323E-04  2.174550E-06  9.157036E-08  1.190279E-07  4.256043E-08
 3.531500E+02  4.007773E-02  1.766536E-06  9.885420E-12  1.324876E-11  1.480777E-11  1.800714E-11  9.962810E-02  1.879500E-05  5.307361E-09  8.342844E-01  5.465270E-03  5.229451E-05  8.071808E-06  8.493748E-05  8.889380E-10  3.572503E-09  2.815807E-10  1.975455E-02  2.218808E-06  7.776864E-09  6.472147E-09  2.625826E-04  3.569868E-04  2.078204E-06  8.748626E-08  1.137499E-07  4.104339E-08
 3.541500E+02  4.017506E-02  1.758338E-06  9.701114E-12  1.300434E-11  1.453524E-11  1.767908E-11  9.963284E-02  1.854652E-05  5.069420E-09  8.344581E-01  5.394890E-03  4.998892E-05  7.898908E-06  8.394156E-05  8.565832E-10  3.449281E-09  2.742856E-10  1.956094E-02  2.143915E-06  7.606066E-09  6.326729E-09  2.592287E-04  3.524303E-04  1.986667E-06  8.360748E-08  1.087360E-07  3.958846E-08
 3.551500E+02  4.027102E-02  1.750162E-06  9.520829E-12  1.276521E-11  1.426857E-11  1.735802E-11  9.963749E-02  1.830292E-05  4.843510E-09  8.346289E-01  5.325842E-03  4.779766E-05  7.730793E-06  8.296197E-05  8.255803E-10  3.330976E-09  2.672136E-10  1.937007E-02  2.071942E-06  7.439783E-09  6.185231E-09  2.559387E-04  3.479607E-04  1.899673E-06  7.992262E-08  1.039715E-07  3.819281E-08
 3.561500E+02  4.036562E-02  1.742008E-06  9.344473E-12  1.253123E-11  1.400764E-11  1.704381E-11  9.964205E-02  1.806411E-05  4.628960E-09  8.347969E-01  5.258097E-03  4.571450E-05  7.567308E-06  8.199841E-05  7.958663E-10  3.217369E-09  2.603572E-10  1.918190E-02  2.002761E-06  7.277881E-09  6.047534E-09  2.527111E-04  3.435760E-04  1.816973E-06  7.642097E-08  9.944271E-08  3.685375E-08
 3.571500E+02  4.045889E-02  1.733880E-06  9.171960E-12  1.230230E-11  1.375233E-11  1.673629E-11  9.964652E-02  1.782995E-05  4.425139E-09  8.349621E-01  5.191623E-03  4.373356E-05  7.408301E-06  8.105058E-05  7.673817E-10  3.108251E-09  2.537091E-10  1.899637E-02  1.936252E-06  7.120232E-09  5.913526E-09  2.495445E-04  3.392741E-04  1.738333E-06  7.309249E-08  9.513680E-08  3.556873E-08
 3.581500E+02  4.055084E-02  1.725779E-06  9.003201E-12  1.207830E-11  1.350251E-11  1.643533E-11  9.965092E-02  1.760033E-05  4.231454E-09  8.351246E-01  5.126392E-03  4.184931E-05  7.253627E-06  8.011819E-05  7.400696E-10  3.003424E-09  2.472621E-10  1.881346E-02  1.872298E-06  6.966711E-09  5.783096E-09  2.464374E-04  3.350531E-04  1.663534E-06  6.992771E-08  9.104162E-08  3.433531E-08
 3.591500E+02  4.064150E-02  1.717705E-06  8.838113E-12  1.185913E-11  1.325806E-11  1.614077E-11  9.965522E-02  1.737515E-05  4.047348E-09  8.352844E-01  5.062373E-03  4.005654E-05  7.103145E-06  7.920094E-05  7.138764E-10  2.902699E-09  2.410095E-10  1.863312E-02  1.810791E-06  6.817197E-09  5.656138E-09  2.433883E-04  3.309111E-04  1.592368E-06  6.691773E-08  8.714576E-08  3.315118E-08
 3.601500E+02  4.073088E-02  1.709661E-06  8.676613E-12  1.164467E-11  1.301885E-11  1.585248E-11  9.965945E-02  1.715429E-05  3.872297E-09  8.354416E-01  4.999540E-03  3.835036E-05  6.956721E-06  7.829856E-05  6.887508E-10  2.805896E-09  2.349448E-10  1.845531E-02  1.751626E-06  6.671575E-09  5.532547E-09  2.403961E-04  3.268462E-04  1.524640E-06  6.405419E-08  8.343850E-08  3.201414E-08
 3.611500E+02  4.081901E-02  1.701647E-06  8.518618E-12  1.143483E-11  1.278478E-11  1.557031E-11  9.966360E-02  1.693765E-05  3.705809E-09  8.355963E-01  4.937865E-03  3.672614E-05  6.814224E-06  7.741076E-05  6.646443E-10  2.712844E-09  2.290615E-10  1.827999E-02  1.694703E-06  6.529729E-09  5.412225E-09  2.374592E-04  3.228567E-04  1.460167E-06  6.132920E-08  7.990973E-08  3.092211E-08
 3.621500E+02  4.090591E-02  1.693665E-06  8.364050E-12  1.122949E-11  1.255572E-11  1.529413E-11  9.966768E-02  1.672514E-05  3.547420E-09  8.357484E-01  4.877322E-03  3.517955E-05  6.675531E-06  7.653728E-05  6.415107E-10  2.623380E-09  2.233536E-10  1.810712E-02  1.639926E-06  6.391552E-09  5.295075E-09  2.345765E-04  3.189407E-04  1.398776E-06  5.873535E-08  7.654994E-08  2.987310E-08
 3.631500E+02  4.099159E-02  1.685717E-06  8.212829E-12  1.102855E-11  1.233157E-11  1.502381E-11  9.967167E-02  1.651665E-05  3.396694E-09  8.358981E-01  4.817884E-03  3.370648E-05  6.540520E-06  7.567784E-05  6.193062E-10  2.537348E-09  2.178153E-10  1.793668E-02  1.587206E-06  6.256935E-09  5.181002E-09  2.317467E-04  3.150967E-04  1.340304E-06  5.626567E-08  7.335018E-08  2.886520E-08
 3.641500E+02  4.107607E-02  1.677802E-06  8.064880E-12  1.083192E-11  1.211221E-11  1.475922E-11  9.967560E-02  1.631208E-05  3.253222E-09  8.360454E-01  4.759526E-03  3.230308E-05  6.409074E-06  7.483219E-05  5.979891E-10  2.454601E-09  2.124408E-10  1.776861E-02  1.536455E-06  6.125777E-09  5.069915E-09  2.289685E-04  3.113229E-04  1.284598E-06  5.391357E-08  7.030200E-08  2.789663E-08
 3.651500E+02  4.115938E-02  1.669922E-06  7.920128E-12  1.063950E-11  1.189754E-11  1.450023E-11  9.967946E-02  1.611135E-05  3.116615E-09  8.361903E-01  4.702225E-03  3.096571E-05  6.281083E-06  7.400008E-05  5.775198E-10  2.374997E-09  2.072248E-10  1.760288E-02  1.487592E-06  5.997977E-09  4.961728E-09  2.262409E-04  3.076177E-04  1.231512E-06  5.167285E-08  6.739745E-08  2.696566E-08
 3.661500E+02  4.124152E-02  1.662079E-06  7.778499E-12  1.045120E-11  1.168744E-11  1.424672E-11  9.968324E-02  1.591436E-05  2.986511E-09  8.363329E-01  4.645956E-03  2.969092E-05  6.156438E-06  7.318124E-05  5.578605E-10  2.298404E-09  2.021619E-10  1.743946E-02  1.440537E-06  5.873439E-09  4.856355E-09  2.235626E-04  3.039795E-04  1.180910E-06  4.953768E-08  6.462903E-08  2.607066E-08
 3.671500E+02  4.132252E-02  1.654273E-06  7.639922E-12  1.026691E-11  1.148182E-11  1.399856E-11  9.968696E-02  1.572103E-05  2.862566E-09  8.364732E-01  4.590696E-03  2.847549E-05  6.035034E-06  7.237543E-05  5.389754E-10  2.224692E-09  1.972472E-10  1.727831E-02  1.395216E-06  5.752069E-09  4.753713E-09  2.209325E-04  3.004069E-04  1.132664E-06  4.750254E-08  6.198967E-08  2.521007E-08
 3.681500E+02  4.140240E-02  1.646504E-06  7.504326E-12  1.008655E-11  1.128058E-11  1.375562E-11  9.969061E-02  1.553126E-05  2.744458E-09  8.366114E-01  4.536423E-03  2.731635E-05  5.916772E-06  7.158241E-05  5.208304E-10  2.153740E-09  1.924757E-10  1.711939E-02  1.351556E-06  5.633776E-09  4.653723E-09  2.183496E-04  2.968984E-04  1.086653E-06  4.556225E-08  5.947270E-08  2.438242E-08
 3.691500E+02  4.148117E-02  1.638775E-06  7.371644E-12  9.910028E-12  1.108361E-11  1.351781E-11  9.969419E-02  1.534499E-05  2.631881E-09  8.367473E-01  4.483114E-03  2.621063E-05  5.801554E-06  7.080195E-05  5.033930E-10  2.085432E-09  1.878427E-10  1.696267E-02  1.309490E-06  5.518472E-09  4.556307E-09  2.158127E-04  2.934525E-04  1.042761E-06  4.371190E-08  5.707182E-08  2.358629E-08
 3.701500E+02  4.155886E-02  1.631085E-06  7.241807E-12  9.737259E-12  1.089081E-11  1.328499E-11  9.969772E-02  1.516212E-05  2.524548E-09  8.368811E-01  4.430749E-03  2.515559E-05  5.689287E-06  7.003380E-05  4.866322E-10  2.019656E-09  1.833437E-10  1.680812E-02  1.268952E-06  5.406071E-09  4.461390E-09  2.133209E-04  2.900678E-04  1.000880E-06  4.194688E-08  5.478110E-08  2.282034E-08
 3.711500E+02  4.163547E-02  1.623435E-06  7.114750E-12  9.568155E-12  1.070210E-11  1.305706E-11  9.970118E-02  1.498258E-05  2.422189E-09  8.370128E-01  4.379305E-03  2.414868E-05  5.579881E-06  6.927775E-05  4.705187E-10  1.956308E-09  1.789743E-10  1.665569E-02  1.229879E-06  5.296491E-09  4.368901E-09  2.108731E-04  2.867429E-04  9.609085E-07  4.026281E-08  5.259492E-08  2.208329E-08
 3.721500E+02  4.171102E-02  1.615826E-06  6.990409E-12  9.402634E-12  1.051738E-11  1.283391E-11  9.970458E-02  1.480630E-05  2.324547E-09  8.371425E-01  4.328764E-03  2.318744E-05  5.473249E-06  6.853358E-05  4.550245E-10  1.895286E-09  1.747303E-10  1.650537E-02  1.192213E-06  5.189652E-09  4.278768E-09  2.084684E-04  2.834765E-04  9.227498E-07  3.865558E-08  5.050798E-08  2.137390E-08
 3.731500E+02  4.178554E-02  1.608259E-06  6.868722E-12  9.240612E-12  1.033656E-11  1.261543E-11  9.970792E-02  1.463319E-05  2.231381E-09  8.372701E-01  4.279106E-03  2.226960E-05  5.369307E-06  6.780105E-05  4.401227E-10  1.836493E-09  1.706077E-10  1.635711E-02  1.155896E-06  5.085476E-09  4.190923E-09  2.061058E-04  2.802674E-04  8.863126E-07  3.712130E-08  4.851529E-08  2.069102E-08
