#         T/K            c1          c2-1          c3-4          c3-5          c3-7          c3-9            m1          m2-1          m3-1            w1            w2          w3-1          w3-2          c1m1        c1m2-1        c1m2-7        c2m1-1        c1w1-2        c1w2-1        c2w1-1        c2w1-9        m1w1-1        m1w1-4        m1w2-1        m2w1-1        m2w1-3      c1m1w1-1
 2.731500E+02  2.800026E-01  2.755926E-04  7.181745E-08  9.426214E-08  1.048741E-07  1.250493E-07  1.466617E-01  1.921616E-04  2.717539E-06  3.272611E-01  3.903846E-03  4.736481E-04  6.645788E-06  4.563969E-03  1.136679E-06  3.729804E-06  7.244206E-07  2.347546E-01  1.539129E-04  3.545683E-06  3.113485E-06  6.887782E-04  9.376128E-04  6.996417E-05  1.135275E-05  1.437841E-05  1.269274E-05
 2.741500E+02  2.816381E-01  2.733800E-04  6.943246E-08  9.116264E-08  1.014332E-07  1.209847E-07  1.467336E-01  1.874587E-04  2.504519E-06  3.289565E-01  3.845920E-03  4.434239E-04  6.463495E-06  4.467930E-03  1.063775E-06  3.501887E-06  6.908857E-07  2.315905E-01  1.460687E-04  3.420067E-06  3.000590E-06  6.755662E-04  9.195694E-04  6.519212E-05  1.052252E-05  1.333222E-05  1.195518E-05
 2.751500E+02  2.832505E-01  2.711738E-04  6.713453E-08  8.817516E-08  9.811646E-08  1.170652E-07  1.468034E-01  1.829070E-04  2.309656E-06  3.306263E-01  3.788883E-03  4.152664E-04  6.286642E-06  4.374415E-03  9.960122E-07  3.289363E-06  6.590853E-07  2.284696E-01  1.386583E-04  3.299349E-06  2.892199E-06  6.626728E-04  9.019637E-04  6.077158E-05  9.758166E-06  1.236867E-05  1.126452E-05
 2.761500E+02  2.848399E-01  2.689747E-04  6.492034E-08  8.529547E-08  9.491907E-08  1.132855E-07  1.468712E-01  1.785008E-04  2.131288E-06  3.322708E-01  3.732728E-03  3.890260E-04  6.115072E-06  4.283350E-03  9.329994E-07  3.091102E-06  6.289216E-07  2.253919E-01  1.316562E-04  3.183327E-06  2.788122E-06  6.500896E-04  8.847841E-04  5.667493E-05  9.054079E-06  1.148074E-05  1.061757E-05
 2.771500E+02  2.864064E-01  2.667834E-04  6.278668E-08  8.251948E-08  9.183658E-08  1.096404E-07  1.469372E-01  1.742345E-04  1.967914E-06  3.338903E-01  3.677449E-03  3.645648E-04  5.948630E-06  4.194663E-03  8.743756E-07  2.906064E-06  6.003029E-07  2.223572E-01  1.250385E-04  3.071809E-06  2.688178E-06  6.378084E-04  8.680193E-04  5.287684E-05  8.405166E-06  1.066208E-05  1.001134E-05
 2.781500E+02  2.879504E-01  2.646006E-04  6.073048E-08  7.984329E-08  8.886465E-08  1.061248E-07  1.470012E-01  1.701030E-04  1.818180E-06  3.354851E-01  3.623039E-03  3.417548E-04  5.787165E-06  4.108283E-03  8.198097E-07  2.733292E-06  5.731430E-07  2.193651E-01  1.187828E-04  2.964611E-06  2.592194E-06  6.258213E-04  8.516582E-04  4.935408E-05  7.806789E-06  9.906894E-06  9.443064E-06
 2.791500E+02  2.894718E-01  2.624269E-04  5.874878E-08  7.726312E-08  8.599912E-08  1.027340E-07  1.470635E-01  1.661012E-04  1.680860E-06  3.370555E-01  3.569491E-03  3.204781E-04  5.630530E-06  4.024142E-03  7.689973E-07  2.571900E-06  5.473606E-07  2.164155E-01  1.128679E-04  2.861556E-06  2.500002E-06  6.141205E-04  8.356901E-04  4.608534E-05  7.254726E-06  9.209889E-06  8.910191E-06
 2.801500E+02  2.909709E-01  2.602630E-04  5.683874E-08  7.477535E-08  8.323599E-08  9.946322E-08  1.471241E-01  1.622242E-04  1.554847E-06  3.386018E-01  3.516796E-03  3.006253E-04  5.478581E-06  3.942176E-03  7.216586E-07  2.421075E-06  5.228796E-07  2.135081E-01  1.072740E-04  2.762474E-06  2.411445E-06  6.026984E-04  8.201044E-04  4.305104E-05  6.745127E-06  8.566254E-06  8.410339E-06
 2.811500E+02  2.924478E-01  2.581093E-04  5.499762E-08  7.237650E-08  8.057142E-08  9.630807E-08  1.471830E-01  1.584674E-04  1.439138E-06  3.401242E-01  3.464945E-03  2.820954E-04  5.331176E-06  3.862320E-03  6.775359E-07  2.280062E-06  4.996282E-07  2.106426E-01  1.019825E-04  2.667202E-06  2.326369E-06  5.915477E-04  8.048911E-04  4.023321E-05  6.274485E-06  7.971599E-06  7.941300E-06
 2.821500E+02  2.939028E-01  2.559665E-04  5.322282E-08  7.006323E-08  7.800169E-08  9.326422E-08  1.472403E-01  1.548265E-04  1.332827E-06  3.416231E-01  3.413931E-03  2.647948E-04  5.188179E-06  3.784513E-03  6.363922E-07  2.148166E-06  4.775390E-07  2.078187E-01  9.697605E-05  2.575586E-06  2.244630E-06  5.806612E-04  7.900401E-04  3.761531E-05  5.839600E-06  7.421917E-06  7.501024E-06
 2.831500E+02  2.953361E-01  2.538351E-04  5.151180E-08  6.783231E-08  7.552325E-08  9.032755E-08  1.472961E-01  1.512971E-04  1.235090E-06  3.430987E-01  3.363745E-03  2.486368E-04  5.049458E-06  3.708695E-03  5.980091E-07  2.024746E-06  4.565484E-07  2.050361E-01  9.223814E-05  2.487476E-06  2.166089E-06  5.700319E-04  7.755417E-04  3.518218E-05  5.437551E-06  6.913550E-06  7.087606E-06
 2.841500E+02  2.967478E-01  2.517156E-04  4.986214E-08  6.568064E-08  7.313267E-08  8.749408E-08  1.473504E-01  1.478751E-04  1.145183E-06  3.445514E-01  3.314376E-03  2.335413E-04  4.914880E-06  3.634809E-03  5.621855E-07  1.909208E-06  4.365967E-07  2.022945E-01  8.775337E-05  2.402730E-06  2.090611E-06  5.596529E-04  7.613866E-04  3.291986E-05  5.065672E-06  6.443158E-06  6.699274E-06
 2.851500E+02  2.981381E-01  2.496085E-04  4.827151E-08  6.360526E-08  7.082667E-08  8.475996E-08  1.474032E-01  1.445568E-04  1.062428E-06  3.459814E-01  3.265816E-03  2.194340E-04  4.784321E-06  3.562798E-03  5.287358E-07  1.801003E-06  4.176276E-07  1.995934E-01  8.350728E-05  2.321210E-06  2.018070E-06  5.495177E-04  7.475656E-04  3.081548E-05  4.721527E-06  6.007686E-06  6.334384E-06
 2.861500E+02  2.995074E-01  2.475141E-04  4.673767E-08  6.160329E-08  6.860207E-08  8.212153E-08  1.474546E-01  1.413383E-04  9.862132E-07  3.473890E-01  3.218054E-03  2.062461E-04  4.657657E-06  3.492608E-03  4.974892E-07  1.699623E-06  3.995882E-07  1.969326E-01  7.948625E-05  2.242786E-06  1.948342E-06  5.396199E-04  7.340698E-04  2.885725E-05  4.402891E-06  5.604345E-06  5.991405E-06
 2.871500E+02  3.008557E-01  2.454330E-04  4.525848E-08  5.967198E-08  6.645584E-08  7.957524E-08  1.475047E-01  1.382160E-04  9.159796E-07  3.487744E-01  3.171081E-03  1.939138E-04  4.534769E-06  3.424188E-03  4.682878E-07  1.604598E-06  3.824285E-07  1.943116E-01  7.567750E-05  2.167331E-06  1.881313E-06  5.299530E-04  7.208904E-04  2.703427E-05  4.107727E-06  5.230579E-06  5.668912E-06
 2.881500E+02  3.021833E-01  2.433655E-04  4.383186E-08  5.780868E-08  6.438503E-08  7.711766E-08  1.475535E-01  1.351865E-04  8.512207E-07  3.501381E-01  3.124887E-03  1.823780E-04  4.415540E-06  3.357485E-03  4.409859E-07  1.515494E-06  3.661015E-07  1.917300E-01  7.206900E-05  2.094726E-06  1.816869E-06  5.205110E-04  7.080192E-04  2.533654E-05  3.834172E-06  4.884053E-06  5.365581E-06
 2.891500E+02  3.034905E-01  2.413120E-04  4.245582E-08  5.601086E-08  6.238683E-08  7.474553E-08  1.476010E-01  1.322464E-04  7.914756E-07  3.514803E-01  3.079462E-03  1.715838E-04  4.299858E-06  3.292451E-03  4.154490E-07  1.431907E-06  3.505628E-07  1.891875E-01  6.864945E-05  2.024856E-06  1.754904E-06  5.112881E-04  6.954478E-04  2.375480E-05  3.580522E-06  4.562626E-06  5.080179E-06
 2.901500E+02  3.047775E-01  2.392729E-04  4.112845E-08  5.427605E-08  6.045853E-08  7.245567E-08  1.476472E-01  1.293927E-04  7.363249E-07  3.528012E-01  3.034794E-03  1.614805E-04  4.187612E-06  3.229038E-03  3.915530E-07  1.353464E-06  3.357707E-07  1.866837E-01  6.540822E-05  1.957610E-06  1.695316E-06  5.022783E-04  6.831683E-04  2.228057E-05  3.345216E-06  4.264336E-06  4.811556E-06
 2.911500E+02  3.060445E-01  2.372484E-04  3.984792E-08  5.260191E-08  5.859753E-08  7.024506E-08  1.476923E-01  1.266223E-04  6.853867E-07  3.541011E-01  2.990875E-03  1.520209E-04  4.078697E-06  3.167199E-03  3.691829E-07  1.279820E-06  3.216859E-07  1.842180E-01  6.233532E-05  1.892882E-06  1.638006E-06  4.934762E-04  6.711730E-04  2.090598E-05  3.126822E-06  3.987388E-06  4.558643E-06
 2.921500E+02  3.072918E-01  2.352390E-04  3.861246E-08  5.098617E-08  5.680132E-08  6.811076E-08  1.477363E-01  1.239321E-04  6.383130E-07  3.553804E-01  2.947693E-03  1.431612E-04  3.973009E-06  3.106891E-03  3.482325E-07  1.210651E-06  3.082710E-07  1.817902E-01  5.942135E-05  1.830570E-06  1.582880E-06  4.848761E-04  6.594543E-04  1.962381E-05  2.924030E-06  3.730134E-06  4.320444E-06
 2.931500E+02  3.085195E-01  2.332448E-04  3.742038E-08  4.942665E-08  5.506748E-08  6.604996E-08  1.477791E-01  1.213196E-04  5.947868E-07  3.566394E-01  2.905239E-03  1.348609E-04  3.870447E-06  3.048068E-03  3.286035E-07  1.145662E-06  2.954912E-07  1.793997E-01  5.665744E-05  1.770578E-06  1.529850E-06  4.764729E-04  6.480049E-04  1.842737E-05  2.735636E-06  3.491060E-06  4.096028E-06
 2.941500E+02  3.097280E-01  2.312661E-04  3.627003E-08  4.792125E-08  5.339371E-08  6.405996E-08  1.478208E-01  1.187819E-04  5.545187E-07  3.578782E-01  2.863500E-03  1.270821E-04  3.770914E-06  2.990690E-03  3.102052E-07  1.084576E-06  2.833132E-07  1.770461E-01  5.403529E-05  1.712813E-06  1.478829E-06  4.682613E-04  6.368178E-04  1.731050E-05  2.560537E-06  3.268779E-06  3.884530E-06
 2.951500E+02  3.109175E-01  2.293031E-04  3.515986E-08  4.646797E-08  5.177776E-08  6.213815E-08  1.478615E-01  1.163164E-04  5.172447E-07  3.590972E-01  2.822468E-03  1.197899E-04  3.674317E-06  2.934716E-03  2.929531E-07  1.027135E-06  2.717060E-07  1.747290E-01  5.154706E-05  1.657185E-06  1.429734E-06  4.602364E-04  6.258859E-04  1.626751E-05  2.397719E-06  3.062017E-06  3.685143E-06
 2.961500E+02  3.120883E-01  2.273561E-04  3.408835E-08  4.506486E-08  5.021749E-08  6.028201E-08  1.479012E-01  1.139207E-04  4.827237E-07  3.602967E-01  2.782131E-03  1.129517E-04  3.580562E-06  2.880105E-03  2.767695E-07  9.731012E-07  2.606401E-07  1.724479E-01  4.918536E-05  1.603609E-06  1.382488E-06  4.523932E-04  6.152026E-04  1.529314E-05  2.246251E-06  2.869603E-06  3.497111E-06
 2.971500E+02  3.132405E-01  2.254253E-04  3.305406E-08  4.371006E-08  4.871085E-08  5.848915E-08  1.479398E-01  1.115924E-04  4.507355E-07  3.614770E-01  2.742479E-03  1.065373E-04  3.489562E-06  2.826820E-03  2.615819E-07  9.222533E-07  2.500875E-07  1.702025E-01  4.694325E-05  1.552003E-06  1.337015E-06  4.447270E-04  6.047613E-04  1.438253E-05  2.105279E-06  2.690458E-06  3.319732E-06
 2.981500E+02  3.143745E-01  2.235109E-04  3.205559E-08  4.240179E-08  4.725584E-08  5.675723E-08  1.479776E-01  1.093292E-04  4.210786E-07  3.626383E-01  2.703502E-03  1.005186E-04  3.401231E-06  2.774823E-03  2.473234E-07  8.743851E-07  2.400222E-07  1.679921E-01  4.481420E-05  1.502288E-06  1.293242E-06  4.372333E-04  5.945557E-04  1.353118E-05  1.974015E-06  2.523595E-06  3.152349E-06
 2.991500E+02  3.154904E-01  2.216130E-04  3.109161E-08  4.113832E-08  4.585056E-08  5.508403E-08  1.480144E-01  1.071289E-04  3.935688E-07  3.637809E-01  2.665189E-03  9.486946E-05  3.315485E-06  2.724079E-03  2.339319E-07  8.293049E-07  2.304191E-07  1.658164E-01  4.279205E-05  1.454390E-06  1.251102E-06  4.299074E-04  5.845796E-04  1.273495E-05  1.851737E-06  2.368100E-06  2.994349E-06
 3.001500E+02  3.165886E-01  2.197317E-04  3.016083E-08  3.991799E-08  4.449318E-08  5.346740E-08  1.480502E-01  1.049893E-04  3.680376E-07  3.649051E-01  2.627529E-03  8.956557E-05  3.232244E-06  2.674552E-03  2.213496E-07  7.868345E-07  2.212550E-07  1.636749E-01  4.087098E-05  1.408237E-06  1.210527E-06  4.227451E-04  5.748271E-04  1.198997E-05  1.737778E-06  2.223137E-06  2.845159E-06
 3.011500E+02  3.176692E-01  2.178672E-04  2.926201E-08  3.873920E-08  4.318192E-08  5.190528E-08  1.480853E-01  1.029085E-04  3.443305E-07  3.660111E-01  2.590513E-03  8.458432E-05  3.151428E-06  2.626209E-03  2.095232E-07  7.468078E-07  2.125075E-07  1.615671E-01  3.904554E-05  1.363758E-06  1.171454E-06  4.157421E-04  5.652922E-04  1.129270E-05  1.631527E-06  2.087931E-06  2.704244E-06
 3.021500E+02  3.187326E-01  2.160196E-04  2.839396E-08  3.760044E-08  4.191510E-08  5.039566E-08  1.481194E-01  1.008845E-04  3.223061E-07  3.670993E-01  2.554129E-03  7.990467E-05  3.072963E-06  2.579016E-03  1.984028E-07  7.090703E-07  2.041559E-07  1.594926E-01  3.731056E-05  1.320889E-06  1.133823E-06  4.088943E-04  5.559694E-04  1.063985E-05  1.532418E-06  1.961772E-06  2.571103E-06
 3.031500E+02  3.197790E-01  2.141890E-04  2.755554E-08  3.650022E-08  4.069108E-08  4.893665E-08  1.481528E-01  9.891538E-05  3.018347E-07  3.681700E-01  2.518368E-03  7.550704E-05  2.996775E-06  2.532942E-03  1.879424E-07  6.734781E-07  1.961801E-07  1.574510E-01  3.566120E-05  1.279565E-06  1.097576E-06  4.021977E-04  5.468532E-04  1.002835E-05  1.439932E-06  1.844004E-06  2.445268E-06
 3.041500E+02  3.208086E-01  2.123755E-04  2.674566E-08  3.543714E-08  3.950829E-08  4.752640E-08  1.481854E-01  9.699934E-05  2.827974E-07  3.692232E-01  2.483220E-03  7.137318E-05  2.922792E-06  2.487957E-03  1.780989E-07  6.398970E-07  1.885617E-07  1.554417E-01  3.409287E-05  1.239727E-06  1.062658E-06  3.956485E-04  5.379382E-04  9.455374E-06  1.353588E-06  1.734021E-06  2.326303E-06
 3.051500E+02  3.218217E-01  2.105791E-04  2.596325E-08  3.440981E-08  3.836522E-08  4.616314E-08  1.482171E-01  9.513464E-05  2.650850E-07  3.702595E-01  2.448674E-03  6.748612E-05  2.850946E-06  2.444029E-03  1.688326E-07  6.082020E-07  1.812827E-07  1.534643E-01  3.260126E-05  1.201315E-06  1.029015E-06  3.892427E-04  5.292192E-04  8.918310E-06  1.272944E-06  1.631265E-06  2.213797E-06
 3.061500E+02  3.228184E-01  2.087999E-04  2.520730E-08  3.341695E-08  3.726042E-08  4.484516E-08  1.482482E-01  9.331961E-05  2.485973E-07  3.712789E-01  2.414721E-03  6.383003E-05  2.781170E-06  2.401131E-03  1.601063E-07  5.782765E-07  1.743264E-07  1.515183E-01  3.118228E-05  1.164274E-06  9.965956E-07  3.829768E-04  5.206912E-04  8.414721E-06  1.197593E-06  1.535221E-06  2.107367E-06
 3.071500E+02  3.237992E-01  2.070380E-04  2.447683E-08  3.245728E-08  3.619249E-08  4.357083E-08  1.482784E-01  9.155264E-05  2.332421E-07  3.722819E-01  2.381350E-03  6.039016E-05  2.713399E-06  2.359234E-03  1.518854E-07  5.500116E-07  1.676770E-07  1.496033E-01  2.983211E-05  1.128550E-06  9.653521E-07  3.768473E-04  5.123492E-04  7.942353E-06  1.127158E-06  1.445413E-06  2.006655E-06
 3.081500E+02  3.247642E-01  2.052933E-04  2.377092E-08  3.152960E-08  3.516009E-08  4.233857E-08  1.483080E-01  8.983218E-05  2.189350E-07  3.732686E-01  2.348552E-03  5.715277E-05  2.647572E-06  2.318310E-03  1.441379E-07  5.233058E-07  1.613194E-07  1.477188E-01  2.854711E-05  1.094092E-06  9.352374E-07  3.708505E-04  5.041886E-04  7.499113E-06  1.061290E-06  1.361402E-06  1.911326E-06
 3.091500E+02  3.257136E-01  2.035659E-04  2.308865E-08  3.063274E-08  3.416193E-08  4.114687E-08  1.483369E-01  8.815672E-05  2.055980E-07  3.742392E-01  2.316317E-03  5.410504E-05  2.583626E-06  2.278334E-03  1.368339E-07  4.980642E-07  1.552395E-07  1.458644E-01  2.732387E-05  1.060851E-06  9.062067E-07  3.649832E-04  4.962046E-04  7.083058E-06  9.996676E-07  1.282780E-06  1.821063E-06
 3.101500E+02  3.266477E-01  2.018558E-04  2.242915E-08  2.976558E-08  3.319677E-08  3.999425E-08  1.483651E-01  8.652483E-05  1.931596E-07  3.751941E-01  2.284636E-03  5.123502E-05  2.521505E-06  2.239279E-03  1.299454E-07  4.741984E-07  1.494237E-07  1.440397E-01  2.615915E-05  1.028779E-06  8.782173E-07  3.592420E-04  4.883928E-04  6.692384E-06  9.419940E-07  1.209173E-06  1.735574E-06
 3.111500E+02  3.275667E-01  2.001629E-04  2.179160E-08  2.892704E-08  3.226340E-08  3.887933E-08  1.483927E-01  8.493513E-05  1.815538E-07  3.761335E-01  2.253498E-03  4.853155E-05  2.461150E-06  2.201121E-03  1.234464E-07  4.516256E-07  1.438592E-07  1.422440E-01  2.504991E-05  9.978315E-07  8.512281E-07  3.536238E-04  4.807488E-04  6.325415E-06  8.879942E-07  1.140232E-06  1.654580E-06
 3.121500E+02  3.284709E-01  1.984874E-04  2.117520E-08  2.811609E-08  3.136069E-08  3.780074E-08  1.484196E-01  8.338628E-05  1.707200E-07  3.770577E-01  2.222895E-03  4.598423E-05  2.402507E-06  2.163835E-03  1.173128E-07  4.302684E-07  1.385341E-07  1.404771E-01  2.399327E-05  9.679652E-07  8.251997E-07  3.481255E-04  4.732684E-04  5.980593E-06  8.374138E-07  1.075636E-06  1.577824E-06
 3.131500E+02  3.293605E-01  1.968291E-04  2.057917E-08  2.733172E-08  3.048753E-08  3.675719E-08  1.484459E-01  8.187699E-05  1.606021E-07  3.779669E-01  2.192817E-03  4.358334E-05  2.345523E-06  2.127399E-03  1.115220E-07  4.100546E-07  1.334368E-07  1.387385E-01  2.298651E-05  9.391382E-07  8.000945E-07  3.427440E-04  4.659473E-04  5.656470E-06  7.900173E-07  1.015087E-06  1.505063E-06
 3.141500E+02  3.302358E-01  1.951880E-04  2.000277E-08  2.657299E-08  2.964284E-08  3.574742E-08  1.484716E-01  8.040603E-05  1.511486E-07  3.788613E-01  2.163255E-03  4.131982E-05  2.290147E-06  2.091789E-03  1.060528E-07  3.909165E-07  1.285565E-07  1.370277E-01  2.202706E-05  9.113107E-07  7.758764E-07  3.374765E-04  4.587817E-04  5.351701E-06  7.455868E-07  9.583093E-07  1.436068E-06
 3.151500E+02  3.310969E-01  1.935641E-04  1.944529E-08  2.583897E-08  2.882562E-08  3.477023E-08  1.484968E-01  7.897221E-05  1.423120E-07  3.797412E-01  2.134200E-03  3.918518E-05  2.236328E-06  2.056983E-03  1.008857E-07  3.727908E-07  1.238829E-07  1.353443E-01  2.111250E-05  8.844444E-07  7.525108E-07  3.323200E-04  4.517676E-04  5.065031E-06  7.039203E-07  9.050470E-07  1.370625E-06
 3.161500E+02  3.319441E-01  1.919573E-04  1.890605E-08  2.512877E-08  2.803487E-08  3.382447E-08  1.485213E-01  7.757437E-05  1.340483E-07  3.806068E-01  2.105643E-03  3.717151E-05  2.184019E-06  2.022960E-03  9.600216E-08  3.556184E-07  1.194062E-07  1.336879E-01  2.024053E-05  8.585027E-07  7.299645E-07  3.272719E-04  4.449012E-04  4.795296E-06  6.648307E-07  8.550631E-07  1.308534E-06
 3.171500E+02  3.327776E-01  1.903675E-04  1.838438E-08  2.444153E-08  2.726965E-08  3.290901E-08  1.485453E-01  7.621140E-05  1.263169E-07  3.814584E-01  2.077575E-03  3.527141E-05  2.133172E-06  1.989699E-03  9.138515E-08  3.393437E-07  1.151171E-07  1.320580E-01  1.940899E-05  8.334504E-07  7.082058E-07  3.223294E-04  4.381788E-04  4.541410E-06  6.281445E-07  8.081378E-07  1.249607E-06
 3.181500E+02  3.335976E-01  1.887948E-04  1.787966E-08  2.377645E-08  2.652905E-08  3.202279E-08  1.485688E-01  7.488223E-05  1.190806E-07  3.822962E-01  2.049988E-03  3.347797E-05  2.083743E-06  1.957180E-03  8.701860E-08  3.239149E-07  1.110070E-07  1.304542E-01  1.861583E-05  8.092537E-07  6.872043E-07  3.174898E-04  4.315968E-04  4.302362E-06  5.937007E-07  7.640671E-07  1.193666E-06
 3.191500E+02  3.344044E-01  1.872390E-04  1.739128E-08  2.313272E-08  2.581219E-08  3.116477E-08  1.485918E-01  7.358584E-05  1.123046E-07  3.831204E-01  2.022873E-03  3.178473E-05  2.035688E-06  1.925384E-03  8.288754E-08  3.092831E-07  1.070674E-07  1.288761E-01  1.785910E-05  7.858802E-07  6.669306E-07  3.127507E-04  4.251518E-04  4.077211E-06  5.613500E-07  7.226618E-07  1.140545E-06
 3.201500E+02  3.351982E-01  1.857000E-04  1.691864E-08  2.250959E-08  2.511823E-08  3.033395E-08  1.486142E-01  7.232123E-05  1.059570E-07  3.839313E-01  1.996221E-03  3.018563E-05  1.988965E-06  1.894290E-03  7.897795E-08  2.954029E-07  1.032904E-07  1.273232E-01  1.713699E-05  7.632988E-07  6.473570E-07  3.081096E-04  4.188404E-04  3.865079E-06  5.309537E-07  6.837461E-07  1.090088E-06
 3.211500E+02  3.359792E-01  1.841778E-04  1.646119E-08  2.190633E-08  2.444636E-08  2.952939E-08  1.486362E-01  7.108743E-05  1.000081E-07  3.847290E-01  1.970025E-03  2.867502E-05  1.943533E-06  1.863882E-03  7.527673E-08  2.822314E-07  9.966853E-08  1.257953E-01  1.644775E-05  7.414798E-07  6.284564E-07  3.035641E-04  4.126592E-04  3.665149E-06  5.023832E-07  6.471566E-07  1.042148E-06
 3.221500E+02  3.367476E-01  1.826723E-04  1.601839E-08  2.132223E-08  2.379579E-08  2.875016E-08  1.486576E-01  6.988354E-05  9.443071E-08  3.855139E-01  1.944275E-03  2.724760E-05  1.899352E-06  1.834141E-03  7.177162E-08  2.697285E-07  9.619467E-08  1.242917E-01  1.578974E-05  7.203946E-07  6.102033E-07  2.991118E-04  4.066050E-04  3.476657E-06  4.755187E-07  6.127416E-07  9.965865E-07
 3.231500E+02  3.375037E-01  1.811833E-04  1.558971E-08  2.075662E-08  2.316578E-08  2.799536E-08  1.486786E-01  6.870864E-05  8.919933E-08  3.862860E-01  1.918965E-03  2.589842E-05  1.856384E-06  1.805050E-03  6.845116E-08  2.578566E-07  9.286203E-08  1.228123E-01  1.516142E-05  7.000156E-07  5.925730E-07  2.947504E-04  4.006748E-04  3.298892E-06  4.502493E-07  5.803602E-07  9.532737E-07
 3.241500E+02  3.382475E-01  1.797109E-04  1.517465E-08  2.020884E-08  2.255561E-08  2.726416E-08  1.486992E-01  6.756188E-05  8.429052E-08  3.870457E-01  1.894085E-03  2.462283E-05  1.814591E-06  1.776591E-03  6.530458E-08  2.465803E-07  8.966417E-08  1.213565E-01  1.456132E-05  6.803166E-07  5.755417E-07  2.904778E-04  3.948655E-04  3.131190E-06  4.264714E-07  5.498809E-07  9.120875E-07
 3.251500E+02  3.389794E-01  1.782548E-04  1.477273E-08  1.967828E-08  2.196457E-08  2.655573E-08  1.487192E-01  6.644243E-05  7.968251E-08  3.877932E-01  1.869629E-03  2.341649E-05  1.773939E-06  1.748749E-03  6.232183E-08  2.358665E-07  8.659498E-08  1.199239E-01  1.398804E-05  6.612722E-07  5.590869E-07  2.862918E-04  3.891742E-04  2.972931E-06  4.040890E-07  5.211819E-07  8.729128E-07
 3.261500E+02  3.396995E-01  1.768149E-04  1.438349E-08  1.916432E-08  2.139201E-08  2.586928E-08  1.487389E-01  6.534949E-05  7.535514E-08  3.885286E-01  1.845587E-03  2.227533E-05  1.734392E-06  1.721508E-03  5.949347E-08  2.256840E-07  8.364867E-08  1.185142E-01  1.344027E-05  6.428583E-07  5.431867E-07  2.821902E-04  3.835979E-04  2.823536E-06  3.830126E-07  4.941495E-07  8.356412E-07
 3.271500E+02  3.404081E-01  1.753912E-04  1.400648E-08  1.866639E-08  2.083726E-08  2.520405E-08  1.487581E-01  6.428227E-05  7.128970E-08  3.892522E-01  1.821954E-03  2.119553E-05  1.695917E-06  1.694852E-03  5.681066E-08  2.160035E-07  8.081969E-08  1.171270E-01  1.291675E-05  6.250513E-07  5.278204E-07  2.781711E-04  3.781340E-04  2.682465E-06  3.631590E-07  4.686778E-07  8.001709E-07
 3.281500E+02  3.411053E-01  1.739836E-04  1.364127E-08  1.818393E-08  2.029973E-08  2.455929E-08  1.487770E-01  6.324003E-05  6.746881E-08  3.899641E-01  1.798721E-03  2.017352E-05  1.658482E-06  1.668766E-03  5.426512E-08  2.067975E-07  7.810281E-08  1.157619E-01  1.241632E-05  6.078291E-07  5.129678E-07  2.742324E-04  3.727797E-04  2.549213E-06  3.444507E-07  4.446684E-07  7.664057E-07
 3.291500E+02  3.417913E-01  1.725918E-04  1.328744E-08  1.771639E-08  1.977879E-08  2.393432E-08  1.487954E-01  6.222205E-05  6.387637E-08  3.906646E-01  1.775881E-03  1.920593E-05  1.622054E-06  1.643235E-03  5.184907E-08  1.980401E-07  7.549303E-08  1.144186E-01  1.193785E-05  5.911702E-07  4.986098E-07  2.703723E-04  3.675323E-04  2.423307E-06  3.268153E-07  4.220294E-07  7.342552E-07
 3.301500E+02  3.424664E-01  1.712158E-04  1.294461E-08  1.726328E-08  1.927390E-08  2.332845E-08  1.488134E-01  6.122763E-05  6.049740E-08  3.913539E-01  1.753427E-03  1.828964E-05  1.586603E-06  1.618247E-03  4.955521E-08  1.897070E-07  7.298561E-08  1.130966E-01  1.148028E-05  5.750538E-07  4.847280E-07  2.665888E-04  3.623893E-04  2.304305E-06  3.101857E-07  4.006752E-07  7.036341E-07
 3.311500E+02  3.431307E-01  1.698555E-04  1.261239E-08  1.682407E-08  1.878448E-08  2.274102E-08  1.488311E-01  6.025608E-05  5.731800E-08  3.920321E-01  1.731351E-03  1.742168E-05  1.552101E-06  1.593785E-03  4.737669E-08  1.817754E-07  7.057602E-08  1.117956E-01  1.104260E-05  5.594602E-07  4.713046E-07  2.628802E-04  3.573482E-04  2.191796E-06  2.944990E-07  3.805261E-07  6.744620E-07
 3.321500E+02  3.437843E-01  1.685108E-04  1.229040E-08  1.639830E-08  1.831001E-08  2.217141E-08  1.488484E-01  5.930677E-05  5.432525E-08  3.926995E-01  1.709647E-03  1.659929E-05  1.518517E-06  1.569839E-03  4.530709E-08  1.742237E-07  6.825997E-08  1.105153E-01  1.062387E-05  5.443704E-07  4.583227E-07  2.592446E-04  3.524066E-04  2.085392E-06  2.796968E-07  3.615075E-07  6.466632E-07
 3.331500E+02  3.444275E-01  1.671814E-04  1.197830E-08  1.598551E-08  1.784998E-08  2.161900E-08  1.488653E-01  5.837905E-05  5.150713E-08  3.933563E-01  1.688308E-03  1.581986E-05  1.485826E-06  1.546394E-03  4.334038E-08  1.670317E-07  6.603337E-08  1.092553E-01  1.022318E-05  5.297661E-07  4.457661E-07  2.556803E-04  3.475620E-04  1.984732E-06  2.657245E-07  3.435500E-07  6.201661E-07
 3.341500E+02  3.450605E-01  1.658673E-04  1.167574E-08  1.558525E-08  1.740388E-08  2.108322E-08  1.488819E-01  5.747232E-05  4.885245E-08  3.940025E-01  1.667327E-03  1.508097E-05  1.454000E-06  1.523437E-03  4.147086E-08  1.601801E-07  6.389232E-08  1.080152E-01  9.839661E-06  5.156298E-07  4.336190E-07  2.521857E-04  3.428123E-04  1.889478E-06  2.525310E-07  3.265887E-07  5.949034E-07
 3.351500E+02  3.456835E-01  1.645683E-04  1.138240E-08  1.519708E-08  1.697125E-08  2.056349E-08  1.488981E-01  5.658600E-05  4.635081E-08  3.946385E-01  1.646698E-03  1.438032E-05  1.423014E-06  1.500958E-03  3.969322E-08  1.536512E-07  6.183312E-08  1.067947E-01  9.472515E-06  5.019445E-07  4.218664E-07  2.487590E-04  3.381551E-04  1.799312E-06  2.400689E-07  3.105631E-07  5.708113E-07
 3.361500E+02  3.462965E-01  1.632843E-04  1.109796E-08  1.482061E-08  1.655163E-08  2.005929E-08  1.489140E-01  5.571950E-05  4.399252E-08  3.952643E-01  1.626413E-03  1.371575E-05  1.392842E-06  1.478943E-03  3.800244E-08  1.474279E-07  5.985224E-08  1.055935E-01  9.120966E-06  4.886941E-07  4.104940E-07  2.453988E-04  3.335884E-04  1.713937E-06  2.282938E-07  2.954165E-07  5.478298E-07
 3.371500E+02  3.468998E-01  1.620152E-04  1.082211E-08  1.445543E-08  1.614458E-08  1.957008E-08  1.489296E-01  5.487227E-05  4.176856E-08  3.958803E-01  1.606467E-03  1.308525E-05  1.363460E-06  1.457381E-03  3.639381E-08  1.414942E-07  5.794631E-08  1.044112E-01  8.784283E-06  4.758630E-07  3.994878E-07  2.421034E-04  3.291098E-04  1.633076E-06  2.171640E-07  2.810961E-07  5.259022E-07
 3.381500E+02  3.474936E-01  1.607607E-04  1.055456E-08  1.410116E-08  1.574967E-08  1.909536E-08  1.489449E-01  5.404379E-05  3.967053E-08  3.964864E-01  1.586854E-03  1.248691E-05  1.334844E-06  1.436262E-03  3.486289E-08  1.358352E-07  5.611213E-08  1.032476E-01  8.461770E-06  4.634362E-07  3.888347E-07  2.388713E-04  3.247175E-04  1.556467E-06  2.066408E-07  2.675524E-07  5.049749E-07
 3.391500E+02  3.480780E-01  1.595209E-04  1.029503E-08  1.375743E-08  1.536649E-08  1.863464E-08  1.489598E-01  5.323354E-05  3.769058E-08  3.970830E-01  1.567566E-03  1.191895E-05  1.306973E-06  1.415573E-03  3.340551E-08  1.304366E-07  5.434665E-08  1.021022E-01  8.152768E-06  4.513994E-07  3.785218E-07  2.357011E-04  3.204094E-04  1.483866E-06  1.966880E-07  2.547392E-07  4.849974E-07
 3.401500E+02  3.486532E-01  1.582955E-04  1.004325E-08  1.342389E-08  1.499464E-08  1.818747E-08  1.489744E-01  5.244102E-05  3.582141E-08  3.976702E-01  1.548599E-03  1.137968E-05  1.279824E-06  1.395305E-03  3.201774E-08  1.252850E-07  5.264695E-08  1.009748E-01  7.856651E-06  4.397388E-07  3.685369E-07  2.325913E-04  3.161835E-04  1.415044E-06  1.872717E-07  2.426132E-07  4.659218E-07
 3.411500E+02  3.492193E-01  1.570843E-04  9.798962E-09  1.310019E-08  1.463376E-08  1.775338E-08  1.489888E-01  5.166574E-05  3.405621E-08  3.982481E-01  1.529946E-03  1.086754E-05  1.253376E-06  1.375447E-03  3.069589E-08  1.203679E-07  5.101026E-08  9.986510E-02  7.572824E-06  4.284410E-07  3.588682E-07  2.295406E-04  3.120380E-04  1.349785E-06  1.783600E-07  2.311340E-07  4.477029E-07
 3.421500E+02  3.497765E-01  1.558873E-04  9.561902E-09  1.278601E-08  1.428347E-08  1.733195E-08  1.490029E-01  5.090724E-05  3.238860E-08  3.988169E-01  1.511600E-03  1.038103E-05  1.227608E-06  1.355990E-03  2.943646E-08  1.156732E-07  4.943394E-08  9.877273E-02  7.300722E-06  4.174933E-07  3.495044E-07  2.265475E-04  3.079709E-04  1.287887E-06  1.699233E-07  2.202636E-07  4.302981E-07
 3.431500E+02  3.503250E-01  1.547043E-04  9.331834E-09  1.248103E-08  1.394342E-08  1.692275E-08  1.490166E-01  5.016506E-05  3.081266E-08  3.993768E-01  1.493558E-03  9.918747E-06  1.202500E-06  1.336923E-03  2.823618E-08  1.111897E-07  4.791547E-08  9.769740E-02  7.039808E-06  4.068834E-07  3.404346E-07  2.236108E-04  3.039805E-04  1.229161E-06  1.619338E-07  2.099666E-07  4.136668E-07
 3.441500E+02  3.508649E-01  1.535351E-04  9.108522E-09  1.218494E-08  1.361327E-08  1.652538E-08  1.490302E-01  4.943878E-05  2.932284E-08  3.999279E-01  1.475812E-03  9.479383E-06  1.178034E-06  1.318236E-03  2.709196E-08  1.069069E-07  4.645243E-08  9.663883E-02  6.789573E-06  3.965995E-07  3.316483E-07  2.207292E-04  3.000651E-04  1.173429E-06  1.543655E-07  2.002097E-07  3.977710E-07
 3.451500E+02  3.513964E-01  1.523796E-04  8.891742E-09  1.189745E-08  1.329269E-08  1.613946E-08  1.490434E-01  4.872795E-05  2.791395E-08  4.004704E-01  1.458358E-03  9.061695E-06  1.154190E-06  1.299922E-03  2.600087E-08  1.028145E-07  4.504254E-08  9.559673E-02  6.549532E-06  3.866302E-07  3.231355E-07  2.179014E-04  2.962228E-04  1.120523E-06  1.471939E-07  1.909617E-07  3.825745E-07
 3.461500E+02  3.519196E-01  1.512377E-04  8.681277E-09  1.161827E-08  1.298137E-08  1.576461E-08  1.490564E-01  4.803217E-05  2.658115E-08  4.010044E-01  1.441190E-03  8.664515E-06  1.130950E-06  1.281970E-03  2.496016E-08  9.890323E-08  4.368360E-08  9.457080E-02  6.319223E-06  3.769646E-07  3.148867E-07  2.151262E-04  2.924521E-04  1.070286E-06  1.403961E-07  1.821935E-07  3.680430E-07
 3.471500E+02  3.524346E-01  1.501091E-04  8.476917E-09  1.134714E-08  1.267900E-08  1.540046E-08  1.490691E-01  4.735105E-05  2.531992E-08  4.015302E-01  1.424302E-03  8.286745E-06  1.108297E-06  1.264373E-03  2.396725E-08  9.516401E-08  4.237352E-08  9.356076E-02  6.098208E-06  3.675923E-07  3.068923E-07  2.124024E-04  2.887513E-04  1.022571E-06  1.339508E-07  1.738777E-07  3.541442E-07
 3.481500E+02  3.529416E-01  1.489939E-04  8.278460E-09  1.108378E-08  1.238529E-08  1.504667E-08  1.490816E-01  4.668419E-05  2.412602E-08  4.020477E-01  1.407690E-03  7.927347E-06  1.086214E-06  1.247121E-03  2.301968E-08  9.158838E-08  4.111031E-08  9.256634E-02  5.886072E-06  3.585030E-07  2.991437E-07  2.097288E-04  2.851189E-04  9.772380E-07  1.278379E-07  1.659885E-07  3.408474E-07
 3.491500E+02  3.534408E-01  1.478917E-04  8.085713E-09  1.082794E-08  1.209995E-08  1.470290E-08  1.490938E-01  4.603123E-05  2.299548E-08  4.025572E-01  1.391349E-03  7.585345E-06  1.064685E-06  1.230207E-03  2.211515E-08  8.816831E-08  3.989205E-08  9.158727E-02  5.682417E-06  3.496870E-07  2.916321E-07  2.071043E-04  2.815532E-04  9.341577E-07  1.220384E-07  1.585019E-07  3.281236E-07
 3.501500E+02  3.539323E-01  1.468025E-04  7.898487E-09  1.057939E-08  1.182272E-08  1.436884E-08  1.491058E-01  4.539180E-05  2.192460E-08  4.030588E-01  1.375272E-03  7.259819E-06  1.043693E-06  1.213622E-03  2.125146E-08  8.489621E-08  3.871694E-08  9.062327E-02  5.486866E-06  3.411351E-07  2.843494E-07  2.045279E-04  2.780529E-04  8.932066E-07  1.165347E-07  1.513953E-07  3.159453E-07
 3.511500E+02  3.544162E-01  1.457262E-04  7.716603E-09  1.033787E-08  1.155334E-08  1.404415E-08  1.491176E-01  4.476555E-05  2.090990E-08  4.035527E-01  1.359456E-03  6.949899E-06  1.023224E-06  1.197358E-03  2.042657E-08  8.176489E-08  3.758323E-08  8.967408E-02  5.299061E-06  3.328381E-07  2.772875E-07  2.019984E-04  2.746164E-04  8.542693E-07  1.113101E-07  1.446473E-07  3.042863E-07
 3.521500E+02  3.548926E-01  1.446625E-04  7.539886E-09  1.010317E-08  1.129154E-08  1.372855E-08  1.491291E-01  4.415214E-05  1.994813E-08  4.040390E-01  1.343896E-03  6.654769E-06  1.003261E-06  1.181409E-03  1.963852E-08  7.876757E-08  3.648926E-08  8.873945E-02  5.118660E-06  3.247875E-07  2.704390E-07  1.995148E-04  2.712423E-04  8.172369E-07  1.063492E-07  1.382381E-07  2.931221E-07
 3.531500E+02  3.553617E-01  1.436113E-04  7.368168E-09  9.875054E-09  1.103708E-08  1.342175E-08  1.491405E-01  4.355124E-05  1.903624E-08  4.045178E-01  1.328586E-03  6.373654E-06  9.837917E-07  1.165766E-03  1.888548E-08  7.589779E-08  3.543344E-08  8.781912E-02  4.945338E-06  3.169749E-07  2.637963E-07  1.970761E-04  2.679292E-04  7.820070E-07  1.016371E-07  1.321489E-07  2.824292E-07
 3.541500E+02  3.558236E-01  1.425725E-04  7.201287E-09  9.653324E-09  1.078973E-08  1.312346E-08  1.491516E-01  4.296253E-05  1.817138E-08  4.049893E-01  1.313522E-03  6.105826E-06  9.648010E-07  1.150423E-03  1.816570E-08  7.314946E-08  3.441427E-08  8.691283E-02  4.778786E-06  3.093922E-07  2.573525E-07  1.946813E-04  2.646759E-04  7.484832E-07  9.716021E-08  1.263620E-07  2.721854E-07
 3.551500E+02  3.562785E-01  1.415459E-04  7.039088E-09  9.437771E-09  1.054926E-08  1.283340E-08  1.491625E-01  4.238570E-05  1.735087E-08  4.054535E-01  1.298700E-03  5.850597E-06  9.462755E-07  1.135372E-03  1.747755E-08  7.051680E-08  3.343028E-08  8.602035E-02  4.618708E-06  3.020317E-07  2.511008E-07  1.923294E-04  2.614809E-04  7.165746E-07  9.290551E-08  1.208609E-07  2.623697E-07
 3.561500E+02  3.567264E-01  1.405315E-04  6.881419E-09  9.228197E-09  1.031545E-08  1.255133E-08  1.491732E-01  4.182044E-05  1.657219E-08  4.059107E-01  1.284115E-03  5.607318E-06  9.282022E-07  1.120607E-03  1.681946E-08  6.799434E-08  3.248009E-08  8.514143E-02  4.464824E-06  2.948860E-07  2.450347E-07  1.900195E-04  2.583429E-04  6.861956E-07  8.886086E-08  1.156301E-07  2.529620E-07
 3.571500E+02  3.571675E-01  1.395290E-04  6.728136E-09  9.024412E-09  1.008809E-08  1.227699E-08  1.491837E-01  4.126648E-05  1.583298E-08  4.063609E-01  1.269763E-03  5.375375E-06  9.105683E-07  1.106121E-03  1.618997E-08  6.557689E-08  3.156238E-08  8.427584E-02  4.316867E-06  2.879479E-07  2.391477E-07  1.877507E-04  2.552608E-04  6.572655E-07  8.501481E-08  1.106548E-07  2.439434E-07
 3.581500E+02  3.576019E-01  1.385383E-04  6.579098E-09  8.826232E-09  9.866971E-09  1.201013E-08  1.491940E-01  4.072352E-05  1.513104E-08  4.068043E-01  1.255639E-03  5.154189E-06  8.933614E-07  1.091907E-03  1.558769E-08  6.325953E-08  3.067587E-08  8.342333E-02  4.174581E-06  2.812104E-07  2.334340E-07  1.855220E-04  2.522333E-04  6.297083E-07  8.135659E-08  1.059213E-07  2.352960E-07
 3.591500E+02  3.580298E-01  1.375593E-04  6.434171E-09  8.633480E-09  9.651901E-09  1.175053E-08  1.492041E-01  4.019129E-05  1.446429E-08  4.072409E-01  1.241740E-03  4.943212E-06  8.765697E-07  1.077960E-03  1.501130E-08  6.103760E-08  2.981937E-08  8.258369E-02  4.037724E-06  2.746670E-07  2.278876E-07  1.833326E-04  2.492593E-04  6.034521E-07  7.787609E-08  1.014166E-07  2.270026E-07
 3.601500E+02  3.584511E-01  1.365918E-04  6.293224E-09  8.445985E-09  9.442688E-09  1.149794E-08  1.492140E-01  3.966953E-05  1.383077E-08  4.076709E-01  1.228060E-03  4.741928E-06  8.601815E-07  1.064273E-03  1.445955E-08  5.890666E-08  2.899170E-08  8.175669E-02  3.906064E-06  2.683112E-07  2.225029E-07  1.811817E-04  2.463374E-04  5.784293E-07  7.456376E-08  9.712852E-08  2.190470E-07
 3.611500E+02  3.588662E-01  1.356357E-04  6.156131E-09  8.263581E-09  9.239148E-09  1.125216E-08  1.492237E-01  3.915797E-05  1.322865E-08  4.080945E-01  1.214597E-03  4.549847E-06  8.441856E-07  1.050841E-03  1.393126E-08  5.686252E-08  2.819175E-08  8.094211E-02  3.779381E-06  2.621369E-07  2.172745E-07  1.790684E-04  2.434668E-04  5.545761E-07  7.141062E-08  9.304546E-08  2.114138E-07
 3.621500E+02  3.592749E-01  1.346908E-04  6.022771E-09  8.086111E-09  9.041103E-09  1.101297E-08  1.492333E-01  3.865636E-05  1.265621E-08  4.085117E-01  1.201345E-03  4.366508E-06  8.285711E-07  1.037657E-03  1.342532E-08  5.490120E-08  2.741847E-08  8.013973E-02  3.657465E-06  2.561381E-07  2.121973E-07  1.769919E-04  2.406461E-04  5.318322E-07  6.840823E-08  8.915662E-08  2.040885E-07
 3.631500E+02  3.596776E-01  1.337570E-04  5.893026E-09  7.913418E-09  8.848384E-09  1.078017E-08  1.492427E-01  3.816446E-05  1.211183E-08  4.089226E-01  1.188302E-03  4.191473E-06  8.133275E-07  1.024716E-03  1.294065E-08  5.301891E-08  2.667083E-08  7.934934E-02  3.540114E-06  2.503090E-07  2.072662E-07  1.749514E-04  2.378744E-04  5.101407E-07  6.554861E-08  8.545179E-08  1.970571E-07
 3.641500E+02  3.600742E-01  1.328343E-04  5.766784E-09  7.745356E-09  8.660824E-09  1.055357E-08  1.492519E-01  3.768204E-05  1.159399E-08  4.093274E-01  1.175463E-03  4.024328E-06  7.984445E-07  1.012012E-03  1.247627E-08  5.121206E-08  2.594786E-08  7.857072E-02  3.427137E-06  2.446442E-07  2.024764E-07  1.729462E-04  2.351506E-04  4.894479E-07  6.282426E-08  8.192132E-08  1.903063E-07
 3.651500E+02  3.604649E-01  1.319223E-04  5.643936E-09  7.581781E-09  8.478263E-09  1.033296E-08  1.492609E-01  3.720886E-05  1.110125E-08  4.097262E-01  1.162824E-03  3.864683E-06  7.839123E-07  9.995406E-04  1.203121E-08  4.947724E-08  2.524863E-08  7.780369E-02  3.318351E-06  2.391382E-07  1.978232E-07  1.709754E-04  2.324737E-04  4.697030E-07  6.022809E-08  7.855614E-08  1.838237E-07
 3.661500E+02  3.608498E-01  1.310211E-04  5.524375E-09  7.422554E-09  8.300549E-09  1.011818E-08  1.492698E-01  3.674470E-05  1.063226E-08  4.101190E-01  1.150383E-03  3.712168E-06  7.697212E-07  9.872959E-04  1.160457E-08  4.781120E-08  2.457224E-08  7.704802E-02  3.213583E-06  2.337861E-07  1.933021E-07  1.690385E-04  2.298427E-04  4.508582E-07  5.775344E-08  7.534767E-08  1.775972E-07
 3.671500E+02  3.612290E-01  1.301304E-04  5.408001E-09  7.267542E-09  8.127531E-09  9.909028E-09  1.492785E-01  3.628935E-05  1.018575E-08  4.105060E-01  1.138135E-03  3.566431E-06  7.558619E-07  9.752730E-04  1.119549E-08  4.621087E-08  2.391783E-08  7.630354E-02  3.112665E-06  2.285828E-07  1.889089E-07  1.671346E-04  2.272567E-04  4.328681E-07  5.539400E-08  7.228784E-08  1.716156E-07
 3.681500E+02  3.616026E-01  1.292502E-04  5.294715E-09  7.116615E-09  7.959067E-09  9.705350E-09  1.492871E-01  3.584259E-05  9.760532E-09  4.108872E-01  1.126076E-03  3.427143E-06  7.423254E-07  9.634669E-04  1.080317E-08  4.467332E-08  2.328460E-08  7.557003E-02  3.015440E-06  2.235236E-07  1.846393E-07  1.652630E-04  2.247146E-04  4.156898E-07  5.314384E-08  6.936901E-08  1.658680E-07
 3.691500E+02  3.619707E-01  1.283803E-04  5.184422E-09  6.969649E-09  7.795018E-09  9.506974E-09  1.492955E-01  3.540421E-05  9.355476E-09  4.112629E-01  1.114204E-03  3.293987E-06  7.291029E-07  9.518729E-04  1.042683E-08  4.319576E-08  2.267174E-08  7.484732E-02  2.921755E-06  2.186038E-07  1.804894E-07  1.634231E-04  2.222155E-04  3.992830E-07  5.099736E-08  6.658397E-08  1.603441E-07
 3.701500E+02  3.623333E-01  1.275206E-04  5.077031E-09  6.826523E-09  7.635248E-09  9.313741E-09  1.493038E-01  3.497403E-05  8.969522E-09  4.116330E-01  1.102514E-03  3.166668E-06  7.161859E-07  9.404862E-04  1.006574E-08  4.177556E-08  2.207851E-08  7.413521E-02  2.831466E-06  2.138190E-07  1.764553E-07  1.616143E-04  2.197586E-04  3.836093E-07  4.894925E-08  6.392595E-08  1.550342E-07
 3.711500E+02  3.626906E-01  1.266709E-04  4.972452E-09  6.687122E-09  7.479630E-09  9.125496E-09  1.493119E-01  3.455184E-05  8.601670E-09  4.119976E-01  1.091005E-03  3.044902E-06  7.035663E-07  9.293023E-04  9.719198E-09  4.041018E-08  2.150418E-08  7.343352E-02  2.744434E-06  2.091650E-07  1.725333E-07  1.598358E-04  2.173430E-04  3.686325E-07  4.699452E-08  6.138849E-08  1.499290E-07
 3.721500E+02  3.630427E-01  1.258311E-04  4.870602E-09  6.551331E-09  7.328037E-09  8.942090E-09  1.493199E-01  3.413746E-05  8.250975E-09  4.123569E-01  1.079671E-03  2.928424E-06  6.912359E-07  9.183168E-04  9.386552E-09  3.909723E-08  2.094807E-08  7.274207E-02  2.660528E-06  2.046375E-07  1.687197E-07  1.580871E-04  2.149677E-04  3.543183E-07  4.512846E-08  5.896555E-08  1.450195E-07
 3.731500E+02  3.633897E-01  1.250012E-04  4.771396E-09  6.419043E-09  7.180349E-09  8.763377E-09  1.493277E-01  3.373071E-05  7.916551E-09  4.127110E-01  1.068511E-03  2.816979E-06  6.791871E-07  9.075253E-04  9.067172E-09  3.783445E-08  2.040950E-08  7.206069E-02  2.579621E-06  2.002327E-07  1.650111E-07  1.563675E-04  2.126321E-04  3.406343E-07  4.334660E-08  5.665139E-08  1.402974E-07
