#         T/K            c1          c2-1          c3-4          c3-5          c3-7          c3-9            m1          m2-1          m3-1            w1            w2          w3-1          w3-2          c1m1        c1m2-1        c1m2-7        c2m1-1        c1w1-2        c1w2-1        c2w1-1        c2w1-9        m1w1-1        m1w1-4        m1w2-1        m2w1-1        m2w1-3      c1m1w1-1
 2.731500E+02  9.396750E-02  2.907239E-05  2.381447E-09  3.125707E-09  3.477597E-09  4.146602E-09  2.953517E-01  7.299513E-04  1.947188E-05  4.835755E-01  7.983895E-03  1.340695E-03  1.881138E-05  2.889103E-03  1.357259E-06  4.453598E-06  1.441481E-07  1.090390E-01  9.894525E-05  5.176847E-07  4.545820E-07  1.919792E-03  2.613354E-03  2.698998E-04  5.968711E-05  7.559452E-05  1.112059E-05
 2.741500E+02  9.472485E-02  2.899247E-05  2.321812E-09  3.048466E-09  3.391914E-09  4.045711E-09  2.954589E-01  7.125478E-04  1.797106E-05  4.846266E-01  7.825489E-03  1.246157E-03  1.816440E-05  2.836742E-03  1.274982E-06  4.197170E-06  1.383139E-07  1.075810E-01  9.371612E-05  5.009513E-07  4.395088E-07  1.878788E-03  2.557374E-03  2.504075E-04  5.524216E-05  6.999279E-05  1.048363E-05
 2.751500E+02  9.547227E-02  2.890820E-05  2.263529E-09  2.972942E-09  3.308126E-09  3.947008E-09  2.955624E-01  6.956915E-04  1.659613E-05  4.856545E-01  7.670992E-03  1.158824E-03  1.754322E-05  2.785479E-03  1.198168E-06  3.956990E-06  1.327359E-07  1.061415E-01  8.878771E-05  4.847880E-07  4.249637E-07  1.838918E-03  2.502951E-03  2.324417E-04  5.115697E-05  6.484246E-05  9.886508E-06
 2.761500E+02  9.620975E-02  2.881975E-05  2.206582E-09  2.899113E-09  3.226211E-09  3.850469E-09  2.956625E-01  6.793621E-04  1.533575E-05  4.866600E-01  7.520304E-03  1.078110E-03  1.694674E-05  2.735291E-03  1.126427E-06  3.731942E-06  1.274022E-07  1.047206E-01  8.414159E-05  4.691758E-07  4.109284E-07  1.800148E-03  2.450036E-03  2.158746E-04  4.740029E-05  6.010446E-05  9.326542E-06
 2.771500E+02  9.693732E-02  2.872728E-05  2.150951E-09  2.826959E-09  3.146145E-09  3.756070E-09  2.957593E-01  6.635400E-04  1.417964E-05  4.876438E-01  7.373329E-03  1.003482E-03  1.637389E-05  2.686157E-03  1.059396E-06  3.520996E-06  1.223016E-07  1.033183E-01  7.976055E-05  4.540963E-07  3.973853E-07  1.762443E-03  2.398580E-03  2.005896E-04  4.394376E-05  5.574335E-05  8.801250E-06
 2.781500E+02  9.765497E-02  2.863095E-05  2.096620E-09  2.756458E-09  3.067906E-09  3.663785E-09  2.958530E-01  6.482065E-04  1.311852E-05  4.886067E-01  7.229973E-03  9.344495E-04  1.582366E-05  2.638053E-03  9.967416E-07  3.323193E-06  1.174233E-07  1.019346E-01  7.562845E-05  4.395316E-07  3.843172E-07  1.725770E-03  2.348539E-03  1.864804E-04  4.076161E-05  5.172690E-05  8.308327E-06
 2.791500E+02  9.836273E-02  2.853092E-05  2.043569E-09  2.687587E-09  2.991468E-09  3.573588E-09  2.959436E-01  6.333436E-04  1.214398E-05  4.895493E-01  7.090141E-03  8.705639E-04  1.529507E-05  2.590958E-03  9.381549E-07  3.137646E-06  1.127570E-07  1.005695E-01  7.173018E-05  4.254644E-07  3.717076E-07  1.690096E-03  2.299868E-03  1.734499E-04  3.783044E-05  4.802582E-05  7.845628E-06
 2.801500E+02  9.906064E-02  2.842736E-05  1.991779E-09  2.620325E-09  2.916808E-09  3.485453E-09  2.960314E-01  6.189341E-04  1.124842E-05  4.904723E-01  6.953742E-03  8.114153E-04  1.478719E-05  2.544852E-03  8.833507E-07  2.963532E-06  1.082931E-07  9.922295E-02  6.805160E-05  4.118779E-07  3.595403E-07  1.655390E-03  2.252523E-03  1.614098E-04  3.512895E-05  4.461347E-05  7.411160E-06
 2.811500E+02  9.974873E-02  2.832043E-05  1.941231E-09  2.554646E-09  2.843899E-09  3.399350E-09  2.961164E-01  6.049615E-04  1.042493E-05  4.913764E-01  6.820684E-03  7.566280E-04  1.429912E-05  2.499713E-03  8.320649E-07  2.800087E-06  1.040222E-07  9.789489E-02  6.457947E-05  3.987557E-07  3.478000E-07  1.621621E-03  2.206464E-03  1.502793E-04  3.263779E-05  4.146561E-05  7.003069E-06
 2.821500E+02  1.004270E-01  2.821028E-05  1.891905E-09  2.490529E-09  2.772716E-09  3.315252E-09  2.961988E-01  5.914100E-04  9.667274E-06  4.922620E-01  6.690880E-03  7.058578E-04  1.383002E-05  2.455522E-03  7.840532E-07  2.646602E-06  9.993552E-08  9.658529E-02  6.130137E-05  3.860821E-07  3.364716E-07  1.588762E-03  2.161648E-03  1.399845E-04  3.033933E-05  3.856017E-05  6.619631E-06
 2.831500E+02  1.010956E-01  2.809707E-05  1.843781E-09  2.427947E-09  2.703232E-09  3.233128E-09  2.962787E-01  5.782644E-04  8.969768E-06  4.931297E-01  6.564242E-03  6.587892E-04  1.337907E-05  2.412258E-03  7.390896E-07  2.502418E-06  9.602467E-08  9.529405E-02  5.820569E-05  3.738417E-07  3.255405E-07  1.556782E-03  2.118039E-03  1.304581E-04  2.821751E-05  3.587703E-05  6.259241E-06
 2.841500E+02  1.017546E-01  2.798096E-05  1.796840E-09  2.366878E-09  2.635420E-09  3.152950E-09  2.963562E-01  5.655100E-04  8.327262E-06  4.939800E-01  6.440685E-03  6.151330E-04  1.294548E-05  2.369902E-03  6.969647E-07  2.366924E-06  9.228163E-08  9.402111E-02  5.528154E-05  3.620198E-07  3.149928E-07  1.525656E-03  2.075597E-03  1.216384E-04  2.625773E-05  3.339787E-05  5.920406E-06
 2.851500E+02  1.024039E-01  2.786210E-05  1.751060E-09  2.307295E-09  2.569253E-09  3.074686E-09  2.964314E-01  5.531331E-04  7.735078E-06  4.948135E-01  6.320128E-03  5.746237E-04  1.252852E-05  2.328434E-03  6.574844E-07  2.239552E-06  8.869877E-08  9.276636E-02  5.251871E-05  3.506019E-07  3.048148E-07  1.495355E-03  2.034286E-03  1.134689E-04  2.444663E-05  3.110597E-05  5.601736E-06
 2.861500E+02  1.030437E-01  2.774063E-05  1.706420E-09  2.249173E-09  2.504702E-09  2.998306E-09  2.965044E-01  5.411201E-04  7.188959E-06  4.956305E-01  6.202487E-03  5.370181E-04  1.212748E-05  2.287837E-03  6.204690E-07  2.119771E-06  8.526883E-08  9.152969E-02  4.990764E-05  3.395742E-07  2.949934E-07  1.465855E-03  1.994071E-03  1.058982E-04  2.277207E-05  2.898607E-05  5.301935E-06
 2.871500E+02  1.036740E-01  2.761671E-05  1.662901E-09  2.192486E-09  2.441740E-09  2.923777E-09  2.965752E-01  5.294582E-04  6.685038E-06  4.964315E-01  6.087686E-03  5.020926E-04  1.174168E-05  2.248091E-03  5.857518E-07  2.007091E-06  8.198488E-08  9.031098E-02  4.743937E-05  3.289232E-07  2.855159E-07  1.437132E-03  1.954918E-03  9.887901E-05  2.122293E-05  2.702424E-05  5.019798E-06
 2.881500E+02  1.042950E-01  2.749048E-05  1.620480E-09  2.137208E-09  2.380338E-09  2.851068E-09  2.966440E-01  5.181352E-04  6.219791E-06  4.972169E-01  5.975646E-03  4.696420E-04  1.137047E-05  2.209178E-03  5.531781E-07  1.901054E-06  7.884033E-08  8.911011E-02  4.510549E-05  3.186358E-07  2.763700E-07  1.409159E-03  1.916793E-03  9.236798E-05  1.978908E-05  2.520776E-05  4.754199E-06
 2.891500E+02  1.049066E-01  2.736207E-05  1.579136E-09  2.083313E-09  2.320466E-09  2.780146E-09  2.967109E-01  5.071390E-04  5.790012E-06  4.979871E-01  5.866293E-03  4.394779E-04  1.101323E-05  2.171080E-03  5.226045E-07  1.801235E-06  7.582888E-08  8.792693E-02  4.289812E-05  3.086995E-07  2.675440E-07  1.381916E-03  1.879665E-03  8.632551E-05  1.846125E-05  2.352500E-05  4.504092E-06
 2.901500E+02  1.055090E-01  2.723163E-05  1.538849E-09  2.030775E-09  2.262096E-09  2.710978E-09  2.967759E-01  4.964584E-04  5.392777E-06  4.987426E-01  5.759553E-03  4.114270E-04  1.066938E-05  2.133781E-03  4.938977E-07  1.707235E-06  7.294455E-08  8.676131E-02  4.080987E-05  2.991020E-07  2.590262E-07  1.355379E-03  1.843504E-03  8.071525E-05  1.723099E-05  2.196532E-05  4.268499E-06
 2.911500E+02  1.061023E-01  2.709929E-05  1.499596E-09  1.979567E-09  2.205200E-09  2.643531E-09  2.968390E-01  4.860825E-04  5.025422E-06  4.994836E-01  5.655356E-03  3.853299E-04  1.033834E-05  2.097262E-03  4.669341E-07  1.618687E-06  7.018161E-08  8.561308E-02  3.883381E-05  2.898315E-07  2.508058E-07  1.329526E-03  1.808278E-03  7.550384E-05  1.609055E-05  2.051900E-05  4.046509E-06
 2.921500E+02  1.066866E-01  2.696517E-05  1.461357E-09  1.929662E-09  2.149747E-09  2.577773E-09  2.969004E-01  4.760008E-04  4.685515E-06  5.002105E-01  5.553632E-03  3.610403E-04  1.001959E-05  2.061507E-03  4.415989E-07  1.535245E-06  6.753462E-08  8.448210E-02  3.696343E-05  2.808767E-07  2.428720E-07  1.304338E-03  1.773961E-03  7.066070E-05  1.503284E-05  1.917713E-05  3.837272E-06
 2.931500E+02  1.072619E-01  2.682940E-05  1.424111E-09  1.881034E-09  2.095708E-09  2.513669E-09  2.969602E-01  4.662031E-04  4.370837E-06  5.009237E-01  5.454314E-03  3.384234E-04  9.712601E-06  2.026499E-03  4.177851E-07  1.456590E-06  6.499840E-08  8.336819E-02  3.519263E-05  2.722264E-07  2.352145E-07  1.279792E-03  1.740522E-03  6.615774E-05  1.405137E-05  1.793154E-05  3.639994E-06
 2.941500E+02  1.078283E-01  2.669211E-05  1.387835E-09  1.833657E-09  2.043054E-09  2.451188E-09  2.970183E-01  4.566799E-04  4.079361E-06  5.016234E-01  5.357337E-03  3.173549E-04  9.416892E-06  1.992223E-03  3.953936E-07  1.382421E-06  6.256798E-08  8.227119E-02  3.351568E-05  2.638701E-07  2.278233E-07  1.255871E-03  1.707937E-03  6.196915E-05  1.314020E-05  1.677477E-05  3.453934E-06
 2.951500E+02  1.083860E-01  2.655342E-05  1.352509E-09  1.787503E-09  1.991757E-09  2.390294E-09  2.970748E-01  4.474217E-04  3.809234E-06  5.023101E-01  5.262637E-03  2.977207E-04  9.131992E-06  1.958662E-03  3.743319E-07  1.312460E-06  6.023865E-08  8.119092E-02  3.192720E-05  2.557973E-07  2.206888E-07  1.232555E-03  1.676179E-03  5.807121E-05  1.229388E-05  1.569995E-05  3.278402E-06
 2.961500E+02  1.089350E-01  2.641343E-05  1.318112E-09  1.742546E-09  1.941786E-09  2.330956E-09  2.971299E-01  4.384198E-04  3.558762E-06  5.029839E-01  5.170153E-03  2.794154E-04  8.857453E-06  1.925800E-03  3.545144E-07  1.246447E-06  5.800590E-08  8.012720E-02  3.042214E-05  2.479982E-07  2.138019E-07  1.209825E-03  1.645223E-03  5.444214E-05  1.150742E-05  1.470081E-05  3.112750E-06
 2.971500E+02  1.094755E-01  2.627227E-05  1.284623E-09  1.698761E-09  1.893113E-09  2.273139E-09  2.971834E-01  4.296655E-04  3.326397E-06  5.036453E-01  5.079823E-03  2.623421E-04  8.592850E-06  1.893623E-03  3.358609E-07  1.184137E-06  5.586546E-08  7.907985E-02  2.899575E-05  2.404631E-07  2.071534E-07  1.187665E-03  1.615045E-03  5.106189E-05  1.077622E-05  1.377156E-05  2.956375E-06
 2.981500E+02  1.100075E-01  2.613004E-05  1.252020E-09  1.656120E-09  1.845708E-09  2.216812E-09  2.972356E-01  4.211505E-04  3.110718E-06  5.042944E-01  4.991590E-03  2.464112E-04  8.337774E-06  1.862115E-03  3.182971E-07  1.125305E-06  5.381321E-08  7.804869E-02  2.764357E-05  2.331827E-07  2.007349E-07  1.166057E-03  1.585621E-03  4.791199E-05  1.009610E-05  1.290692E-05  2.808713E-06
 2.991500E+02  1.105312E-01  2.598684E-05  1.220285E-09  1.614598E-09  1.799544E-09  2.161940E-09  2.972864E-01  4.128670E-04  2.910426E-06  5.049315E-01  4.905398E-03  2.315402E-04  8.091835E-06  1.831263E-03  3.017537E-07  1.069738E-06  5.184527E-08  7.703351E-02  2.636143E-05  2.261481E-07  1.945380E-07  1.144985E-03  1.556928E-03  4.497546E-05  9.463168E-06  1.210201E-05  2.669237E-06
 3.001500E+02  1.110466E-01  2.584277E-05  1.189395E-09  1.574169E-09  1.754592E-09  2.108492E-09  2.973360E-01  4.048072E-04  2.724332E-06  5.055569E-01  4.821191E-03  2.176529E-04  7.854661E-06  1.801050E-03  2.861661E-07  1.017239E-06  4.995790E-08  7.603413E-02  2.514538E-05  2.193505E-07  1.885547E-07  1.124433E-03  1.528946E-03  4.223667E-05  8.873890E-06  1.135235E-05  2.537452E-06
 3.011500E+02  1.115539E-01  2.569794E-05  1.159331E-09  1.534808E-09  1.710824E-09  2.056435E-09  2.973842E-01  3.969638E-04  2.551341E-06  5.061709E-01  4.738915E-03  2.046790E-04  7.625897E-06  1.771463E-03  2.714742E-07  9.676211E-07  4.814756E-08  7.505036E-02  2.399173E-05  2.127817E-07  1.827772E-07  1.104385E-03  1.501652E-03  3.968119E-05  8.324998E-06  1.065384E-05  2.412899E-06
 3.021500E+02  1.120531E-01  2.555243E-05  1.130073E-09  1.496489E-09  1.668212E-09  2.005736E-09  2.974312E-01  3.893298E-04  2.390454E-06  5.067736E-01  4.658519E-03  1.925537E-04  7.405203E-06  1.742489E-03  2.576218E-07  9.207126E-07  4.641086E-08  7.408200E-02  2.289699E-05  2.064334E-07  1.771981E-07  1.084826E-03  1.475027E-03  3.729573E-05  7.813490E-06  1.000268E-05  2.295145E-06
 3.031500E+02  1.125444E-01  2.540634E-05  1.101602E-09  1.459188E-09  1.626728E-09  1.956365E-09  2.974771E-01  3.818983E-04  2.240750E-06  5.073654E-01  4.579953E-03  1.812168E-04  7.192254E-06  1.714114E-03  2.445566E-07  8.763512E-07  4.474456E-08  7.312884E-02  2.185790E-05  2.002980E-07  1.718102E-07  1.065743E-03  1.449051E-03  3.506803E-05  7.336602E-06  9.395393E-06  2.183786E-06
 3.041500E+02  1.130279E-01  2.525975E-05  1.073897E-09  1.422879E-09  1.586345E-09  1.908290E-09  2.975218E-01  3.746629E-04  2.101385E-06  5.079465E-01  4.503167E-03  1.706129E-04  6.986741E-06  1.686324E-03  2.322298E-07  8.343856E-07  4.314560E-08  7.219070E-02  2.087138E-05  1.943679E-07  1.666065E-07  1.047121E-03  1.423704E-03  3.298678E-05  6.891792E-06  8.828768E-06  2.078444E-06
 3.051500E+02  1.135037E-01  2.511275E-05  1.046941E-09  1.387539E-09  1.547037E-09  1.861480E-09  2.975654E-01  3.676171E-04  1.971584E-06  5.085171E-01  4.428115E-03  1.606907E-04  6.788366E-06  1.659107E-03  2.205959E-07  7.946739E-07  4.161102E-08  7.126736E-02  1.993454E-05  1.886359E-07  1.615805E-07  1.028947E-03  1.398969E-03  3.104155E-05  6.476717E-06  8.299846E-06  1.978765E-06
 3.061500E+02  1.139719E-01  2.496541E-05  1.020713E-09  1.353144E-09  1.508777E-09  1.815904E-09  2.976079E-01  3.607550E-04  1.850632E-06  5.090774E-01  4.354749E-03  1.514028E-04  6.596846E-06  1.632450E-03  2.096122E-07  7.570835E-07  4.013802E-08  7.035863E-02  1.904464E-05  1.830949E-07  1.567256E-07  1.011208E-03  1.374827E-03  2.922269E-05  6.089218E-06  7.805901E-06  1.884416E-06
 3.071500E+02  1.144326E-01  2.481782E-05  9.951953E-10  1.319670E-09  1.471538E-09  1.771532E-09  2.976493E-01  3.540707E-04  1.737874E-06  5.096276E-01  4.283025E-03  1.427052E-04  6.411910E-06  1.606339E-03  1.992392E-07  7.214901E-07  3.872392E-08  6.946431E-02  1.819914E-05  1.777381E-07  1.520357E-07  9.938906E-04  1.351261E-03  2.752129E-05  5.727303E-06  7.344419E-06  1.795087E-06
 3.081500E+02  1.148860E-01  2.467004E-05  9.703701E-10  1.287093E-09  1.435296E-09  1.728334E-09  2.976898E-01  3.475586E-04  1.632706E-06  5.101679E-01  4.212901E-03  1.345574E-04  6.233299E-06  1.580764E-03  1.894396E-07  6.877774E-07  3.736617E-08  6.858418E-02  1.739560E-05  1.725592E-07  1.475048E-07  9.769839E-04  1.328255E-03  2.592911E-05  5.389138E-06  6.913080E-06  1.710486E-06
 3.091500E+02  1.153320E-01  2.452215E-05  9.462192E-10  1.255391E-09  1.400025E-09  1.686281E-09  2.977293E-01  3.412132E-04  1.534573E-06  5.106986E-01  4.144333E-03  1.269216E-04  6.060765E-06  1.555713E-03  1.801788E-07  6.558363E-07  3.606234E-08  6.771806E-02  1.663177E-05  1.675518E-07  1.431272E-07  9.604756E-04  1.305793E-03  2.443855E-05  5.073027E-06  6.509742E-06  1.630340E-06
 3.101500E+02  1.157709E-01  2.437422E-05  9.227251E-10  1.224542E-09  1.365700E-09  1.645345E-09  2.977678E-01  3.350294E-04  1.442961E-06  5.112199E-01  4.077280E-03  1.197629E-04  5.894071E-06  1.531172E-03  1.714245E-07  6.255645E-07  3.481009E-08  6.686574E-02  1.590550E-05  1.627097E-07  1.388972E-07  9.443543E-04  1.283858E-03  2.304255E-05  4.777406E-06  6.132426E-06  1.554393E-06
 3.111500E+02  1.162027E-01  2.422631E-05  8.998705E-10  1.194524E-09  1.332297E-09  1.605497E-09  2.978054E-01  3.290020E-04  1.357400E-06  5.117318E-01  4.011704E-03  1.130491E-04  5.732989E-06  1.507132E-03  1.631462E-07  5.968662E-07  3.360721E-08  6.602702E-02  1.521476E-05  1.580273E-07  1.348096E-07  9.286091E-04  1.262437E-03  2.173461E-05  4.500830E-06  5.779306E-06  1.482404E-06
 3.121500E+02  1.166275E-01  2.407848E-05  8.776385E-10  1.165314E-09  1.299792E-09  1.566709E-09  2.978422E-01  3.231263E-04  1.277453E-06  5.122347E-01  3.947565E-03  1.067501E-04  5.577303E-06  1.483581E-03  1.553157E-07  5.696515E-07  3.245157E-08  6.520169E-02  1.455767E-05  1.534988E-07  1.308592E-07  9.132293E-04  1.241514E-03  2.050867E-05  4.241964E-06  5.448692E-06  1.414148E-06
 3.131500E+02  1.170455E-01  2.393079E-05  8.560126E-10  1.136892E-09  1.268161E-09  1.528955E-09  2.978780E-01  3.173976E-04  1.202720E-06  5.127287E-01  3.884825E-03  1.008382E-04  5.426805E-06  1.460507E-03  1.479063E-07  5.438360E-07  3.134116E-08  6.438956E-02  1.393243E-05  1.491188E-07  1.270411E-07  8.982047E-04  1.221075E-03  1.935915E-05  3.999573E-06  5.139020E-06  1.349412E-06
 3.141500E+02  1.174568E-01  2.378330E-05  8.349765E-10  1.109238E-09  1.237383E-09  1.492206E-09  2.979131E-01  3.118113E-04  1.132830E-06  5.132140E-01  3.823450E-03  9.528741E-05  5.281296E-06  1.437901E-03  1.408934E-07  5.193407E-07  3.027404E-08  6.359043E-02  1.333735E-05  1.448822E-07  1.233505E-07  8.835253E-04  1.201107E-03  1.828087E-05  3.772515E-06  4.848847E-06  1.287999E-06
 3.151500E+02  1.178614E-01  2.363606E-05  8.145144E-10  1.082330E-09  1.207433E-09  1.456438E-09  2.979473E-01  3.063632E-04  1.067441E-06  5.136907E-01  3.763402E-03  9.007388E-05  5.140586E-06  1.415751E-03  1.342535E-07  4.960912E-07  2.924837E-08  6.280409E-02  1.277083E-05  1.407837E-07  1.197828E-07  8.691815E-04  1.181596E-03  1.726902E-05  3.559733E-06  4.576832E-06  1.229721E-06
 3.161500E+02  1.182594E-01  2.348913E-05  7.946107E-10  1.056148E-09  1.178290E-09  1.421624E-09  2.979807E-01  3.010490E-04  1.006236E-06  5.141591E-01  3.704648E-03  8.517532E-05  5.004492E-06  1.394049E-03  1.279650E-07  4.740177E-07  2.826238E-08  6.203036E-02  1.223138E-05  1.368186E-07  1.163337E-07  8.551638E-04  1.162530E-03  1.631914E-05  3.360248E-06  4.321738E-06  1.174403E-06
 3.171500E+02  1.186511E-01  2.334254E-05  7.752503E-10  1.030674E-09  1.149933E-09  1.387739E-09  2.980134E-01  2.958647E-04  9.489239E-07  5.146192E-01  3.647155E-03  8.057104E-05  4.872839E-06  1.372782E-03  1.220075E-07  4.530547E-07  2.731441E-08  6.126903E-02  1.171758E-05  1.329823E-07  1.129987E-07  8.414634E-04  1.143896E-03  1.542712E-05  3.173156E-06  4.082417E-06  1.121880E-06
 3.181500E+02  1.190364E-01  2.319636E-05  7.564182E-10  1.005888E-09  1.122340E-09  1.354758E-09  2.980453E-01  2.908064E-04  8.952342E-07  5.150714E-01  3.590891E-03  7.624184E-05  4.745461E-06  1.351943E-03  1.163617E-07  4.331406E-07  2.640284E-08  6.051991E-02  1.122809E-05  1.292700E-07  1.097739E-07  8.280714E-04  1.125683E-03  1.458909E-05  2.997617E-06  3.857803E-06  1.071997E-06
 3.191500E+02  1.194155E-01  2.305061E-05  7.381001E-10  9.817715E-10  1.095490E-09  1.322658E-09  2.980765E-01  2.858703E-04  8.449169E-07  5.155156E-01  3.535823E-03  7.216984E-05  4.622198E-06  1.331520E-03  1.110098E-07  4.142175E-07  2.552614E-08  5.978281E-02  1.076165E-05  1.256776E-07  1.066552E-07  8.149794E-04  1.107879E-03  1.380152E-05  2.832851E-06  3.646911E-06  1.024609E-06
 3.201500E+02  1.197885E-01  2.290535E-05  7.202816E-10  9.583064E-10  1.069365E-09  1.291415E-09  2.981070E-01  2.810527E-04  7.977408E-07  5.159521E-01  3.481921E-03  6.833841E-05  4.502895E-06  1.311505E-03  1.059350E-07  3.962311E-07  2.468284E-08  5.905753E-02  1.031707E-05  1.222008E-07  1.036390E-07  8.021793E-04  1.090472E-03  1.306107E-05  2.678139E-06  3.448825E-06  9.795791E-07
 3.211500E+02  1.201554E-01  2.276062E-05  7.029490E-10  9.354747E-10  1.043943E-09  1.261005E-09  2.981368E-01  2.763503E-04  7.534916E-07  5.163811E-01  3.429157E-03  6.473208E-05  4.387405E-06  1.291889E-03  1.011215E-07  3.791301E-07  2.387156E-08  5.834390E-02  9.893225E-06  1.188355E-07  1.007215E-07  7.896630E-04  1.073452E-03  1.236469E-05  2.532809E-06  3.262697E-06  9.367777E-07
 3.221500E+02  1.205164E-01  2.261644E-05  6.860888E-10  9.132593E-10  1.019205E-09  1.231407E-09  2.981659E-01  2.717595E-04  7.119708E-07  5.168026E-01  3.377500E-03  6.133647E-05  4.275589E-06  1.272663E-03  9.655451E-08  3.628664E-07  2.309094E-08  5.764171E-02  9.489047E-06  1.155779E-07  9.789918E-08  7.774228E-04  1.056809E-03  1.170950E-05  2.396241E-06  3.087736E-06  8.960838E-07
 3.231500E+02  1.208716E-01  2.247286E-05  6.696878E-10  8.916430E-10  9.951336E-10  1.202598E-09  2.981944E-01  2.672772E-04  6.729947E-07  5.172168E-01  3.326924E-03  5.813815E-05  4.167309E-06  1.253818E-03  9.222011E-08  3.473947E-07  2.233972E-08  5.695079E-02  9.103537E-06  1.124243E-07  9.516869E-08  7.654514E-04  1.040531E-03  1.109286E-05  2.267857E-06  2.923212E-06  8.573835E-07
 3.241500E+02  1.212210E-01  2.232991E-05  6.537332E-10  8.706093E-10  9.717094E-10  1.174557E-09  2.982223E-01  2.629001E-04  6.363926E-07  5.176240E-01  3.277400E-03  5.512465E-05  4.062438E-06  1.235345E-03  8.810526E-08  3.326723E-07  2.161668E-08  5.627094E-02  8.735744E-06  1.093709E-07  9.252675E-08  7.537416E-04  1.024610E-03  1.051228E-05  2.147122E-06  2.768443E-06  8.205692E-07
 3.251500E+02  1.215649E-01  2.218762E-05  6.382124E-10  8.501421E-10  9.489148E-10  1.147262E-09  2.982495E-01  2.586252E-04  6.020064E-07  5.180241E-01  3.228903E-03  5.228432E-05  3.960850E-06  1.217237E-03  8.419773E-08  3.186592E-07  2.092065E-08  5.560199E-02  8.384775E-06  1.064143E-07  8.997022E-08  7.422862E-04  1.009036E-03  9.965457E-06  2.033538E-06  2.622797E-06  7.855399E-07
 3.261500E+02  1.219031E-01  2.204602E-05  6.231133E-10  8.302257E-10  9.267322E-10  1.120694E-09  2.982762E-01  2.544496E-04  5.696894E-07  5.184174E-01  3.181407E-03  4.960631E-05  3.862426E-06  1.199484E-03  8.048600E-08  3.053176E-07  2.025051E-08  5.494377E-02  8.049780E-06  1.035511E-07  8.749608E-08  7.310786E-04  9.937987E-04  9.450257E-06  1.926641E-06  2.485685E-06  7.522002E-07
 3.271500E+02  1.222359E-01  2.190514E-05  6.084240E-10  8.108447E-10  9.051448E-10  1.094832E-09  2.983023E-01  2.503704E-04  5.393052E-07  5.188039E-01  3.134888E-03  4.708052E-05  3.767052E-06  1.182080E-03  7.695926E-08  2.926117E-07  1.960520E-08  5.429608E-02  7.729958E-06  1.007781E-07  8.510140E-08  7.201123E-04  9.788901E-04  8.964677E-06  1.826001E-06  2.356560E-06  7.204604E-07
 3.281500E+02  1.225634E-01  2.176501E-05  5.941329E-10  7.919841E-10  8.841358E-10  1.069657E-09  2.983278E-01  2.463849E-04  5.107273E-07  5.191839E-01  3.089320E-03  4.469750E-05  3.674618E-06  1.165015E-03  7.360733E-08  2.805081E-07  1.898372E-08  5.365875E-02  7.424553E-06  9.809223E-08  8.278339E-08  7.093807E-04  9.643013E-04  8.506857E-06  1.731217E-06  2.234914E-06  6.902359E-07
 3.291500E+02  1.228856E-01  2.162564E-05  5.802286E-10  7.736295E-10  8.636892E-10  1.045150E-09  2.983528E-01  2.424904E-04  4.838381E-07  5.195574E-01  3.044680E-03  4.244844E-05  3.585019E-06  1.148284E-03  7.042065E-08  2.689752E-07  1.838507E-08  5.303162E-02  7.132848E-06  9.549041E-08  8.053934E-08  6.988778E-04  9.500239E-04  8.075062E-06  1.641916E-06  2.120271E-06  6.614469E-07
 3.301500E+02  1.232026E-01  2.148707E-05  5.667003E-10  7.557665E-10  8.437892E-10  1.021293E-09  2.983772E-01  2.386843E-04  4.585282E-07  5.199245E-01  3.000947E-03  4.032513E-05  3.498155E-06  1.131878E-03  6.739024E-08  2.579830E-07  1.780833E-08  5.241450E-02  6.854163E-06  9.296975E-08  7.836665E-08  6.885976E-04  9.360497E-04  7.667673E-06  1.557752E-06  2.012190E-06  6.340182E-07
 3.311500E+02  1.235145E-01  2.134931E-05  5.535373E-10  7.383814E-10  8.244206E-10  9.980667E-10  2.984012E-01  2.349642E-04  4.346961E-07  5.202855E-01  2.958096E-03  3.831989E-05  3.413926E-06  1.115789E-03  6.450762E-08  2.475036E-07  1.725262E-08  5.180723E-02  6.587858E-06  9.052747E-08  7.626282E-08  6.785343E-04  9.223708E-04  7.283182E-06  1.478399E-06  1.910259E-06  6.078788E-07
 3.321500E+02  1.238214E-01  2.121238E-05  5.407291E-10  7.214607E-10  8.055683E-10  9.754544E-10  2.984246E-01  2.313276E-04  4.122470E-07  5.206403E-01  2.916108E-03  3.642555E-05  3.332242E-06  1.100012E-03  6.176484E-08  2.375103E-07  1.671708E-08  5.120965E-02  6.333326E-06  8.816088E-08  7.422544E-08  6.686823E-04  9.089795E-04  6.920181E-06  1.403558E-06  1.814095E-06  5.829620E-07
 3.331500E+02  1.241234E-01  2.107631E-05  5.282657E-10  7.049913E-10  7.872179E-10  9.534389E-10  2.984475E-01  2.277722E-04  3.910931E-07  5.209892E-01  2.874960E-03  3.463541E-05  3.253012E-06  1.084539E-03  5.915439E-08  2.279781E-07  1.620090E-08  5.062158E-02  6.089990E-06  8.586738E-08  7.225219E-08  6.590360E-04  8.958684E-04  6.577354E-06  1.332946E-06  1.723340E-06  5.592044E-07
 3.341500E+02  1.244206E-01  2.094110E-05  5.161372E-10  6.889606E-10  7.693551E-10  9.320036E-10  2.984700E-01  2.242958E-04  3.711524E-07  5.213322E-01  2.834633E-03  3.294320E-05  3.176149E-06  1.069363E-03  5.666922E-08  2.188834E-07  1.570331E-08  5.004288E-02  5.857307E-06  8.364447E-08  7.034084E-08  6.495903E-04  8.830302E-04  6.253474E-06  1.266303E-06  1.637661E-06  5.365466E-07
 3.351500E+02  1.247130E-01  2.080679E-05  5.043341E-10  6.733560E-10  7.519664E-10  9.111322E-10  2.984919E-01  2.208962E-04  3.523484E-07  5.216695E-01  2.795107E-03  3.134306E-05  3.101573E-06  1.054478E-03  5.430267E-08  2.102039E-07  1.522355E-08  4.947336E-02  5.634760E-06  8.148975E-08  6.848922E-08  6.403400E-04  8.704580E-04  5.947394E-06  1.203382E-06  1.556745E-06  5.149322E-07
 3.361500E+02  1.250008E-01  2.067337E-05  4.928470E-10  6.581656E-10  7.350383E-10  8.908090E-10  2.985135E-01  2.175712E-04  3.346101E-07  5.220011E-01  2.756362E-03  2.982952E-05  3.029203E-06  1.039877E-03  5.204848E-08  2.019185E-07  1.476091E-08  4.891289E-02  5.421861E-06  7.940089E-08  6.669528E-08  6.312801E-04  8.581450E-04  5.658041E-06  1.143957E-06  1.480303E-06  4.943080E-07
 3.371500E+02  1.252839E-01  2.054087E-05  4.816669E-10  6.433776E-10  7.185578E-10  8.710187E-10  2.985346E-01  2.143189E-04  3.178712E-07  5.223273E-01  2.718379E-03  2.839745E-05  2.958964E-06  1.025554E-03  4.990074E-08  1.940073E-07  1.431472E-08  4.836129E-02  5.218146E-06  7.737566E-08  6.495701E-08  6.224059E-04  8.460845E-04  5.384415E-06  1.087814E-06  1.408062E-06  4.746240E-07
 3.381500E+02  1.255626E-01  2.040930E-05  4.707851E-10  6.289807E-10  7.025121E-10  8.517463E-10  2.985552E-01  2.111373E-04  3.020698E-07  5.226480E-01  2.681141E-03  2.704205E-05  2.890781E-06  1.011503E-03  4.785388E-08  1.864516E-07  1.388433E-08  4.781843E-02  5.023177E-06  7.541189E-08  6.327249E-08  6.137125E-04  8.342702E-04  5.125578E-06  1.034754E-06  1.339769E-06  4.558325E-07
 3.391500E+02  1.258369E-01  2.027866E-05  4.601929E-10  6.149636E-10  6.868892E-10  8.329773E-10  2.985754E-01  2.080245E-04  2.871482E-07  5.229633E-01  2.644630E-03  2.575882E-05  2.824585E-06  9.977178E-04  4.590264E-08  1.792334E-07  1.346910E-08  4.728415E-02  4.836537E-06  7.350752E-08  6.163987E-08  6.051954E-04  8.226959E-04  4.880653E-06  9.845917E-07  1.275187E-06  4.378889E-07
 3.401500E+02  1.261067E-01  2.014897E-05  4.498821E-10  6.013157E-10  6.716769E-10  8.146976E-10  2.985953E-01  2.049786E-04  2.730526E-07  5.232735E-01  2.608828E-03  2.454356E-05  2.760308E-06  9.841926E-04  4.404209E-08  1.723362E-07  1.306845E-08  4.675829E-02  4.657831E-06  7.166054E-08  6.005737E-08  5.968503E-04  8.113555E-04  4.648820E-06  9.371526E-07  1.214095E-06  4.207506E-07
 3.411500E+02  1.263724E-01  2.002024E-05  4.398447E-10  5.880265E-10  6.568636E-10  7.968936E-10  2.986147E-01  2.019978E-04  2.597327E-07  5.235786E-01  2.573719E-03  2.339233E-05  2.697885E-06  9.709218E-04  4.226754E-08  1.657438E-07  1.268179E-08  4.624072E-02  4.486686E-06  6.986901E-08  5.852327E-08  5.886729E-04  8.002433E-04  4.429311E-06  8.922745E-07  1.156285E-06  4.043777E-07
 3.421500E+02  1.266338E-01  1.989248E-05  4.300727E-10  5.750858E-10  6.424381E-10  7.795517E-10  2.986337E-01  1.990804E-04  2.471416E-07  5.238786E-01  2.539286E-03  2.230142E-05  2.637253E-06  9.578996E-04  4.057457E-08  1.594414E-07  1.230859E-08  4.573129E-02  4.322747E-06  6.813109E-08  5.703592E-08  5.806589E-04  7.893535E-04  4.221406E-06  8.498054E-07  1.101563E-06  3.887322E-07
 3.431500E+02  1.268911E-01  1.976569E-05  4.205587E-10  5.624838E-10  6.283893E-10  7.626592E-10  2.986524E-01  1.962247E-04  2.352355E-07  5.241737E-01  2.505514E-03  2.126738E-05  2.578352E-06  9.451208E-04  3.895904E-08  1.534147E-07  1.194831E-08  4.522986E-02  4.165675E-06  6.644496E-08  5.559372E-08  5.728045E-04  7.786806E-04  4.024433E-06  8.096033E-07  1.049748E-06  3.737783E-07
 3.441500E+02  1.271443E-01  1.963988E-05  4.112951E-10  5.502107E-10  6.147067E-10  7.462033E-10  2.986707E-01  1.934292E-04  2.239732E-07  5.244640E-01  2.472387E-03  2.028694E-05  2.521124E-06  9.325799E-04  3.741700E-08  1.476502E-07  1.160047E-08  4.473629E-02  4.015152E-06  6.480892E-08  5.419514E-08  5.651055E-04  7.682192E-04  3.837759E-06  7.715351E-07  1.000669E-06  3.594820E-07
 3.451500E+02  1.273936E-01  1.951506E-05  4.022749E-10  5.382573E-10  6.013798E-10  7.301718E-10  2.986886E-01  1.906921E-04  2.133165E-07  5.247496E-01  2.439890E-03  1.935707E-05  2.465514E-06  9.202718E-04  3.594473E-08  1.421353E-07  1.126457E-08  4.425044E-02  3.870875E-06  6.322127E-08  5.283871E-08  5.575582E-04  7.579643E-04  3.660793E-06  7.354760E-07  9.541687E-07  3.458113E-07
 3.461500E+02  1.276389E-01  1.939123E-05  3.934910E-10  5.266145E-10  5.883985E-10  7.145528E-10  2.987062E-01  1.880120E-04  2.032295E-07  5.250305E-01  2.408008E-03  1.847491E-05  2.411468E-06  9.081914E-04  3.453874E-08  1.368578E-07  1.094016E-08  4.377217E-02  3.732554E-06  6.168043E-08  5.152299E-08  5.501590E-04  7.479107E-04  3.492980E-06  7.013096E-07  9.100968E-07  3.327356E-07
 3.471500E+02  1.278804E-01  1.926840E-05  3.849367E-10  5.152735E-10  5.757531E-10  6.993348E-10  2.987234E-01  1.853874E-04  1.936788E-07  5.253068E-01  2.376727E-03  1.763776E-05  2.358933E-06  8.963337E-04  3.319570E-08  1.318063E-07  1.062679E-08  4.330136E-02  3.599916E-06  6.018484E-08  5.024662E-08  5.429042E-04  7.380535E-04  3.333799E-06  6.689263E-07  8.683139E-07  3.202263E-07
 3.481500E+02  1.281182E-01  1.914657E-05  3.766055E-10  5.042257E-10  5.634341E-10  6.845064E-10  2.987403E-01  1.828169E-04  1.846328E-07  5.255787E-01  2.346034E-03  1.684310E-05  2.307862E-06  8.846940E-04  3.191247E-08  1.269701E-07  1.032404E-08  4.283788E-02  3.472701E-06  5.873300E-08  4.900826E-08  5.357904E-04  7.283880E-04  3.182762E-06  6.382238E-07  8.286889E-07  3.082559E-07
 3.491500E+02  1.283522E-01  1.902573E-05  3.684909E-10  4.934629E-10  5.514323E-10  6.700568E-10  2.987569E-01  1.802991E-04  1.760621E-07  5.258462E-01  2.315915E-03  1.608857E-05  2.258204E-06  8.732674E-04  3.068610E-08  1.223388E-07  1.003152E-08  4.238158E-02  3.350662E-06  5.732348E-08  4.780666E-08  5.288140E-04  7.189096E-04  3.039411E-06  6.091059E-07  7.910992E-07  2.967988E-07
 3.501500E+02  1.285826E-01  1.890591E-05  3.605868E-10  4.829770E-10  5.397386E-10  6.559754E-10  2.987731E-01  1.778326E-04  1.679393E-07  5.261094E-01  2.286356E-03  1.537194E-05  2.209916E-06  8.620495E-04  2.951377E-08  1.179028E-07  9.748817E-09  4.193236E-02  3.233565E-06  5.595488E-08  4.664057E-08  5.219719E-04  7.096137E-04  2.903315E-06  5.814825E-07  7.554294E-07  2.858304E-07
 3.511500E+02  1.288094E-01  1.878708E-05  3.528872E-10  4.727601E-10  5.283445E-10  6.422518E-10  2.987891E-01  1.754161E-04  1.602386E-07  5.263684E-01  2.257346E-03  1.469112E-05  2.162952E-06  8.510356E-04  2.839284E-08  1.136528E-07  9.475576E-09  4.149009E-02  3.121186E-06  5.462587E-08  4.550882E-08  5.152609E-04  7.004959E-04  2.774070E-06  5.552692E-07  7.215713E-07  2.753275E-07
 3.521500E+02  1.290327E-01  1.866927E-05  3.453862E-10  4.628046E-10  5.172414E-10  6.288760E-10  2.988047E-01  1.730484E-04  1.529356E-07  5.266232E-01  2.228871E-03  1.404413E-05  2.117269E-06  8.402215E-04  2.732079E-08  1.095801E-07  9.211436E-09  4.105463E-02  3.013314E-06  5.333514E-08  4.441027E-08  5.086777E-04  6.915522E-04  2.651295E-06  5.303865E-07  6.894235E-07  2.652680E-07
 3.531500E+02  1.292525E-01  1.855246E-05  3.380782E-10  4.531032E-10  5.064211E-10  6.158384E-10  2.988200E-01  1.707281E-04  1.460079E-07  5.268740E-01  2.200919E-03  1.342914E-05  2.072826E-06  8.296028E-04  2.629524E-08  1.056765E-07  8.956056E-09  4.062588E-02  2.909746E-06  5.208146E-08  4.334381E-08  5.022195E-04  6.827782E-04  2.534635E-06  5.067599E-07  6.588907E-07  2.556312E-07
 3.541500E+02  1.294690E-01  1.843667E-05  3.309576E-10  4.436487E-10  4.958757E-10  6.031294E-10  2.988351E-01  1.684543E-04  1.394340E-07  5.271208E-01  2.173479E-03  1.284440E-05  2.029584E-06  8.191753E-04  2.531396E-08  1.019340E-07  8.709106E-09  4.020372E-02  2.810290E-06  5.086363E-08  4.230838E-08  4.958831E-04  6.741700E-04  2.423754E-06  4.843196E-07  6.298833E-07  2.463971E-07
 3.551500E+02  1.296821E-01  1.832187E-05  3.240193E-10  4.344341E-10  4.855975E-10  5.907400E-10  2.988498E-01  1.662256E-04  1.331940E-07  5.273637E-01  2.146539E-03  1.228827E-05  1.987505E-06  8.089350E-04  2.437479E-08  9.834519E-08  8.470274E-09  3.978802E-02  2.714766E-06  4.968047E-08  4.130297E-08  4.896659E-04  6.657238E-04  2.318336E-06  4.629997E-07  6.023171E-07  2.375471E-07
 3.561500E+02  1.298920E-01  1.820809E-05  3.172579E-10  4.254527E-10  4.755789E-10  5.786611E-10  2.988643E-01  1.640409E-04  1.272692E-07  5.276027E-01  2.120088E-03  1.175921E-05  1.946551E-06  7.988778E-04  2.347574E-08  9.490302E-08  8.239257E-09  3.937868E-02  2.622997E-06  4.853087E-08  4.032659E-08  4.835650E-04  6.574356E-04  2.218083E-06  4.427385E-07  5.761130E-07  2.290634E-07
 3.571500E+02  1.300986E-01  1.809531E-05  3.106685E-10  4.166979E-10  4.658127E-10  5.668842E-10  2.988785E-01  1.618992E-04  1.216421E-07  5.278380E-01  2.094114E-03  1.125578E-05  1.906686E-06  7.889998E-04  2.261488E-08  9.160074E-08  8.015766E-09  3.897559E-02  2.534821E-06  4.741376E-08  3.937828E-08  4.775776E-04  6.493019E-04  2.122718E-06  4.234780E-07  5.511967E-07  2.209289E-07
 3.581500E+02  1.303021E-01  1.798353E-05  3.042462E-10  4.081634E-10  4.562918E-10  5.554009E-10  2.988925E-01  1.597994E-04  1.162960E-07  5.280695E-01  2.068609E-03  1.077660E-05  1.867878E-06  7.792973E-04  2.179040E-08  8.843199E-08  7.799523E-09  3.857863E-02  2.450079E-06  4.632809E-08  3.845714E-08  4.717012E-04  6.413190E-04  2.031977E-06  4.051636E-07  5.274983E-07  2.131276E-07
 3.591500E+02  1.305024E-01  1.787275E-05  2.979863E-10  3.998430E-10  4.470092E-10  5.442030E-10  2.989062E-01  1.577404E-04  1.112154E-07  5.282975E-01  2.043560E-03  1.032038E-05  1.830093E-06  7.697666E-04  2.100059E-08  8.539070E-08  7.590263E-09  3.818770E-02  2.368621E-06  4.527285E-08  3.756228E-08  4.659333E-04  6.334834E-04  1.945613E-06  3.877439E-07  5.049519E-07  2.056444E-07
 3.601500E+02  1.306998E-01  1.776297E-05  2.918842E-10  3.917307E-10  4.379585E-10  5.332826E-10  2.989196E-01  1.557214E-04  1.063858E-07  5.285218E-01  2.018959E-03  9.885925E-06  1.793298E-06  7.604039E-04  2.024381E-08  8.247111E-08  7.387730E-09  3.780269E-02  2.290305E-06  4.424707E-08  3.669284E-08  4.602712E-04  6.257918E-04  1.863392E-06  3.711706E-07  4.834956E-07  1.984646E-07
 3.611500E+02  1.308941E-01  1.765419E-05  2.859354E-10  3.838207E-10  4.291331E-10  5.226319E-10  2.989328E-01  1.537412E-04  1.017935E-07  5.287427E-01  1.994794E-03  9.472075E-06  1.757463E-06  7.512058E-04  1.951852E-08  7.966774E-08  7.191679E-09  3.742350E-02  2.214996E-06  4.324982E-08  3.584800E-08  4.547126E-04  6.182409E-04  1.785096E-06  3.553983E-07  4.630711E-07  1.915745E-07
 3.621500E+02  1.310855E-01  1.754639E-05  2.801357E-10  3.761073E-10  4.205266E-10  5.122437E-10  2.989458E-01  1.517990E-04  9.742556E-08  5.289602E-01  1.971057E-03  9.077758E-06  1.722559E-06  7.421688E-04  1.882325E-08  7.697540E-08  7.001873E-09  3.705003E-02  2.142564E-06  4.228019E-08  3.502698E-08  4.492551E-04  6.108274E-04  1.710516E-06  3.403841E-07  4.436234E-07  1.849611E-07
 3.631500E+02  1.312740E-01  1.743958E-05  2.744808E-10  3.685850E-10  4.121331E-10  5.021106E-10  2.989585E-01  1.498938E-04  9.326982E-08  5.291743E-01  1.947739E-03  8.701956E-06  1.688557E-06  7.332895E-04  1.815662E-08  7.438913E-08  6.818088E-09  3.668217E-02  2.072885E-06  4.133731E-08  3.422901E-08  4.438964E-04  6.035482E-04  1.639459E-06  3.260877E-07  4.251010E-07  1.786119E-07
 3.641500E+02  1.314597E-01  1.733376E-05  2.689667E-10  3.612486E-10  4.039467E-10  4.922255E-10  2.989710E-01  1.480248E-04  8.931489E-08  5.293850E-01  1.924829E-03  8.343710E-06  1.655429E-06  7.245646E-04  1.751729E-08  7.190425E-08  6.640107E-09  3.631982E-02  2.005843E-06  4.042034E-08  3.345334E-08  4.386343E-04  5.964003E-04  1.571740E-06  3.124712E-07  4.074549E-07  1.725151E-07
 3.651500E+02  1.316425E-01  1.722892E-05  2.635895E-10  3.540929E-10  3.959614E-10  4.825817E-10  2.989832E-01  1.461911E-04  8.555002E-08  5.295926E-01  1.902320E-03  8.002114E-06  1.623149E-06  7.159910E-04  1.690403E-08  6.951626E-08  6.467720E-09  3.596290E-02  1.941325E-06  3.952847E-08  3.269928E-08  4.334667E-04  5.893807E-04  1.507185E-06  2.994987E-07  3.906394E-07  1.666594E-07
 3.661500E+02  1.318227E-01  1.712505E-05  2.583453E-10  3.471129E-10  3.881720E-10  4.731726E-10  2.989953E-01  1.443918E-04  8.196509E-08  5.297969E-01  1.880203E-03  7.676314E-06  1.591690E-06  7.075653E-04  1.631563E-08  6.722092E-08  6.300728E-09  3.561131E-02  1.879225E-06  3.866090E-08  3.196612E-08  4.283913E-04  5.824866E-04  1.445632E-06  2.871366E-07  3.746110E-07  1.610342E-07
 3.671500E+02  1.320001E-01  1.702214E-05  2.532304E-10  3.403036E-10  3.805728E-10  4.639916E-10  2.990071E-01  1.426262E-04  7.855056E-08  5.299981E-01  1.858469E-03  7.365503E-06  1.561029E-06  6.992846E-04  1.575096E-08  6.501418E-08  6.138939E-09  3.526494E-02  1.819440E-06  3.781689E-08  3.125321E-08  4.234062E-04  5.757150E-04  1.386926E-06  2.753530E-07  3.593290E-07  1.556293E-07
 3.681500E+02  1.321749E-01  1.692021E-05  2.482412E-10  3.336605E-10  3.731586E-10  4.550326E-10  2.990187E-01  1.408935E-04  7.529747E-08  5.301963E-01  1.837110E-03  7.068919E-06  1.531141E-06  6.911459E-04  1.520896E-08  6.289217E-08  5.982167E-09  3.492372E-02  1.761875E-06  3.699569E-08  3.055991E-08  4.185093E-04  5.690634E-04  1.330921E-06  2.641179E-07  3.447548E-07  1.504350E-07
 3.691500E+02  1.323471E-01  1.681923E-05  2.433743E-10  3.271789E-10  3.659244E-10  4.462895E-10  2.990301E-01  1.391928E-04  7.219734E-08  5.303914E-01  1.816118E-03  6.785843E-06  1.502003E-06  6.831462E-04  1.468861E-08  6.085124E-08  5.830237E-09  3.458755E-02  1.706435E-06  3.619660E-08  2.988560E-08  4.136987E-04  5.625290E-04  1.277479E-06  2.534030E-07  3.308521E-07  1.454421E-07
 3.701500E+02  1.325168E-01  1.671921E-05  2.386262E-10  3.208543E-10  3.588653E-10  4.377564E-10  2.990413E-01  1.375234E-04  6.924220E-08  5.305836E-01  1.795485E-03  6.515594E-06  1.473592E-06  6.752827E-04  1.418892E-08  5.888789E-08  5.682976E-09  3.425635E-02  1.653034E-06  3.541895E-08  2.922968E-08  4.089725E-04  5.561093E-04  1.226471E-06  2.431817E-07  3.175865E-07  1.406419E-07
 3.711500E+02  1.326839E-01  1.662014E-05  2.339936E-10  3.146825E-10  3.519764E-10  4.294276E-10  2.990524E-01  1.358847E-04  6.642452E-08  5.307729E-01  1.775204E-03  6.257529E-06  1.445888E-06  6.675526E-04  1.370899E-08  5.699879E-08  5.540221E-09  3.393002E-02  1.601586E-06  3.466206E-08  2.859159E-08  4.043287E-04  5.498017E-04  1.177774E-06  2.334287E-07  3.049256E-07  1.360260E-07
 3.721500E+02  1.328486E-01  1.652200E-05  2.294735E-10  3.086593E-10  3.452530E-10  4.212975E-10  2.990632E-01  1.342758E-04  6.373720E-08  5.309594E-01  1.755267E-03  6.011041E-06  1.418868E-06  6.599531E-04  1.324792E-08  5.518077E-08  5.401815E-09  3.360848E-02  1.552012E-06  3.392531E-08  2.797076E-08  3.997657E-04  5.436037E-04  1.131271E-06  2.241201E-07  2.928389E-07  1.315864E-07
 3.731500E+02  1.330109E-01  1.642481E-05  2.250625E-10  3.027806E-10  3.386907E-10  4.133608E-10  2.990738E-01  1.326962E-04  6.117355E-08  5.311430E-01  1.735668E-03  5.775555E-06  1.392514E-06  6.524815E-04  1.280490E-08  5.343081E-08  5.267607E-09  3.329165E-02  1.504233E-06  3.320807E-08  2.736665E-08  3.952817E-04  5.375131E-04  1.086854E-06  2.152336E-07  2.812974E-07  1.273155E-07
