#         T/K            c1          c2-1          c3-4          c3-5          c3-7          c3-9            m1          m2-1          m3-1            w1            w2          w3-1          w3-2          c1m1        c1m2-1        c1m2-7        c2m1-1        c1w1-2        c1w2-1        c2w1-1        c2w1-9        m1w1-1        m1w1-4        m1w2-1        m2w1-1        m2w1-3      c1m1w1-1
 2.731500E+02  7.475980E-01  1.816505E-03  1.168590E-06  1.533803E-06  1.706478E-06  2.034762E-06  9.614372E-02  7.635401E-05  6.544887E-07  5.293948E-02  9.445401E-05  1.714060E-06  2.405008E-08  7.386010E-03  1.114978E-06  3.658595E-06  2.894151E-06  9.374813E-02  9.193185E-06  3.495518E-06  3.069434E-06  6.753453E-05  9.193270E-05  1.026041E-06  6.746969E-07  8.545127E-07  3.072310E-06
 2.741500E+02  7.482740E-01  1.786505E-03  1.116011E-06  1.465288E-06  1.630371E-06  1.944627E-06  9.623612E-02  7.464860E-05  6.055471E-07  5.349718E-02  9.416387E-05  1.634537E-06  2.382555E-08  7.207476E-03  1.041919E-06  3.429941E-06  2.741268E-06  9.263637E-02  8.796491E-06  3.364835E-06  2.952133E-06  6.670647E-05  9.079973E-05  9.691405E-07  6.308521E-07  7.993008E-07  2.903518E-06
 2.751500E+02  7.489409E-01  1.757246E-03  1.066200E-06  1.400358E-06  1.558241E-06  1.859176E-06  9.632564E-02  7.299158E-05  5.605655E-07  5.404939E-02  9.385319E-05  1.558651E-06  2.359614E-08  7.034506E-03  9.741256E-07  3.217081E-06  2.597545E-06  9.153556E-02  8.417661E-06  3.239645E-06  2.839863E-06  6.588541E-05  8.967661E-05  9.155352E-07  5.900584E-07  7.479106E-07  2.744801E-06
 2.761500E+02  7.495989E-01  1.728703E-03  1.018992E-06  1.338801E-06  1.489853E-06  1.778133E-06  9.641240E-02  7.138140E-05  5.192015E-07  5.459607E-02  9.352278E-05  1.486249E-06  2.336224E-08  6.866898E-03  9.111863E-07  3.018833E-06  2.462376E-06  9.044581E-02  8.055883E-06  3.119695E-06  2.732390E-06  6.507156E-05  8.856361E-05  8.650293E-07  5.520915E-07  7.000625E-07  2.595517E-06
 2.771500E+02  7.502480E-01  1.700856E-03  9.742331E-07  1.280418E-06  1.424988E-06  1.701242E-06  9.649650E-02  6.981660E-05  4.811441E-07  5.513714E-02  9.317345E-05  1.417181E-06  2.312424E-08  6.704458E-03  8.527253E-07  2.834108E-06  2.335198E-06  8.936721E-02  7.710382E-06  3.004748E-06  2.629492E-06  6.426510E-05  8.746098E-05  8.174392E-07  5.167444E-07  6.554984E-07  2.455069E-06
 2.781500E+02  7.508882E-01  1.673682E-03  9.317800E-07  1.225025E-06  1.363439E-06  1.628260E-06  9.657803E-02  6.829574E-05  4.461108E-07  5.567258E-02  9.280599E-05  1.351302E-06  2.288251E-08  6.546998E-03  7.983975E-07  2.661902E-06  2.215488E-06  8.829988E-02  7.380417E-06  2.894575E-06  2.530956E-06  6.346622E-05  8.636894E-05  7.725921E-07  4.838257E-07  6.139797E-07  2.322896E-06
 2.791500E+02  7.515197E-01  1.647162E-03  8.914982E-07  1.172449E-06  1.305015E-06  1.558963E-06  9.665709E-02  6.681743E-05  4.138442E-07  5.620233E-02  9.242120E-05  1.288475E-06  2.263743E-08  6.394341E-03  7.478864E-07  2.501295E-06  2.102760E-06  8.724388E-02  7.065279E-06  2.788962E-06  2.436580E-06  6.267506E-05  8.528771E-05  7.303255E-07  4.531589E-07  5.752861E-07  2.198477E-06
 2.801500E+02  7.521426E-01  1.621275E-03  8.532618E-07  1.122526E-06  1.249537E-06  1.493140E-06  9.673376E-02  6.538032E-05  3.841106E-07  5.672637E-02  9.201985E-05  1.228567E-06  2.238933E-08  6.246315E-03  7.009014E-07  2.351437E-06  1.996564E-06  8.619929E-02  6.764293E-06  2.687702E-06  2.346174E-06  6.189178E-05  8.421745E-05  6.904867E-07  4.245808E-07  5.392140E-07  2.081326E-06
 2.811500E+02  7.527567E-01  1.596002E-03  8.169534E-07  1.075105E-06  1.196835E-06  1.430593E-06  9.680812E-02  6.398313E-05  3.566969E-07  5.724465E-02  9.160272E-05  1.171447E-06  2.213858E-08  6.102754E-03  6.571755E-07  2.211544E-06  1.896479E-06  8.516617E-02  6.476813E-06  2.590600E-06  2.259556E-06  6.111651E-05  8.315835E-05  6.529321E-07  3.979406E-07  5.055750E-07  1.970988E-06
 2.821500E+02  7.533624E-01  1.571325E-03  7.824626E-07  1.030044E-06  1.146753E-06  1.371137E-06  9.688027E-02  6.262459E-05  3.314092E-07  5.775717E-02  9.117057E-05  1.116993E-06  2.188548E-08  5.963501E-03  6.164634E-07  2.080896E-06  1.802117E-06  8.414457E-02  6.202220E-06  2.497470E-06  2.176552E-06  6.034935E-05  8.211054E-05  6.175267E-07  3.730990E-07  4.741951E-07  1.867038E-06
 2.831500E+02  7.539596E-01  1.547227E-03  7.496864E-07  9.872099E-07  1.099141E-06  1.314599E-06  9.695028E-02  6.130349E-05  3.080705E-07  5.826389E-02  9.072414E-05  1.065086E-06  2.163037E-08  5.828403E-03  5.785397E-07  1.958826E-06  1.713113E-06  8.313452E-02  5.939926E-06  2.408134E-06  2.096998E-06  5.959041E-05  8.107415E-05  5.841435E-07  3.499270E-07  4.449132E-07  1.769080E-06
 2.841500E+02  7.545484E-01  1.523689E-03  7.185281E-07  9.464774E-07  1.053863E-06  1.260815E-06  9.701822E-02  6.001865E-05  2.865199E-07  5.876480E-02  9.026415E-05  1.015611E-06  2.137355E-08  5.697314E-03  5.431969E-07  1.844722E-06  1.629130E-06  8.213607E-02  5.689367E-06  2.322424E-06  2.020737E-06  5.883978E-05  8.004930E-05  5.526631E-07  3.283056E-07  4.175803E-07  1.676744E-06
 2.851500E+02  7.551289E-01  1.500696E-03  6.888970E-07  9.077295E-07  1.010788E-06  1.209635E-06  9.708416E-02  5.876893E-05  2.666102E-07  5.925990E-02  8.979134E-05  9.684593E-07  2.111532E-08  5.570094E-03  5.102440E-07  1.738015E-06  1.549853E-06  8.114922E-02  5.450007E-06  2.240178E-06  1.947620E-06  5.809754E-05  7.903607E-05  5.229734E-07  3.081246E-07  3.920587E-07  1.589682E-06
 2.861500E+02  7.557012E-01  1.478232E-03  6.607083E-07  8.708564E-07  9.697949E-07  1.160913E-06  9.714819E-02  5.755322E-05  2.482072E-07  5.974918E-02  8.930641E-05  9.235245E-07  2.085596E-08  5.446608E-03  4.795055E-07  1.638183E-06  1.474990E-06  8.017399E-02  5.221332E-06  2.161244E-06  1.877506E-06  5.736375E-05  7.803455E-05  4.949689E-07  2.892818E-07  3.682206E-07  1.507573E-06
 2.871500E+02  7.562653E-01  1.456281E-03  6.338821E-07  8.357549E-07  9.307684E-07  1.114516E-06  9.721035E-02  5.637048E-05  2.311885E-07  6.023263E-02  8.881003E-05  8.807059E-07  2.059574E-08  5.326727E-03  4.508194E-07  1.544743E-06  1.404266E-06  7.921038E-02  5.002852E-06  2.085475E-06  1.810259E-06  5.663846E-05  7.704480E-05  4.685504E-07  2.716830E-07  3.459480E-07  1.430112E-06
 2.881500E+02  7.568214E-01  1.434829E-03  6.083436E-07  8.023284E-07  8.936016E-07  1.070318E-06  9.727072E-02  5.521966E-05  2.154421E-07  6.071026E-02  8.830290E-05  8.399065E-07  2.033492E-08  5.210325E-03  4.240366E-07  1.457246E-06  1.337428E-06  7.825839E-02  4.794101E-06  2.012733E-06  1.745752E-06  5.592172E-05  7.606688E-05  4.436247E-07  2.552408E-07  3.251313E-07  1.357017E-06
 2.891500E+02  7.573694E-01  1.413860E-03  5.840225E-07  7.704858E-07  8.581937E-07  1.028200E-06  9.732936E-02  5.409977E-05  2.008657E-07  6.118207E-02  8.778566E-05  8.010334E-07  2.007374E-08  5.097284E-03  3.990195E-07  1.375280E-06  1.274237E-06  7.731800E-02  4.594631E-06  1.942885E-06  1.683862E-06  5.521357E-05  7.510082E-05  4.201042E-07  2.398741E-07  3.056693E-07  1.288024E-06
 2.901500E+02  7.579096E-01  1.393362E-03  5.608530E-07  7.401417E-07  8.244498E-07  9.880503E-07  9.738633E-02  5.300985E-05  1.873659E-07  6.164808E-02  8.725895E-05  7.639976E-07  1.981246E-08  4.987487E-03  3.756414E-07  1.298463E-06  1.214472E-06  7.638919E-02  4.404018E-06  1.875806E-06  1.624472E-06  5.451402E-05  7.414664E-05  3.979066E-07  2.255081E-07  2.874679E-07  1.222884E-06
 2.911500E+02  7.584420E-01  1.373322E-03  5.387728E-07  7.112159E-07  7.922811E-07  9.497641E-07  9.744168E-02  5.194897E-05  1.748569E-07  6.210830E-02  8.672341E-05  7.287139E-07  1.955128E-08  4.880826E-03  3.537851E-07  1.226441E-06  1.157926E-06  7.547194E-02  4.221855E-06  1.811373E-06  1.567472E-06  5.382310E-05  7.320436E-05  3.769543E-07  2.120732E-07  2.704402E-07  1.161366E-06
 2.921500E+02  7.589666E-01  1.353725E-03  5.177237E-07  6.836329E-07  7.616036E-07  9.132429E-07  9.749546E-02  5.091624E-05  1.632605E-07  6.256275E-02  8.617963E-05  6.951008E-07  1.929043E-08  4.777192E-03  3.333427E-07  1.158886E-06  1.104406E-06  7.456622E-02  4.047755E-06  1.749474E-06  1.512757E-06  5.314081E-05  7.227399E-05  3.571746E-07  1.995052E-07  2.545052E-07  1.103253E-06
 2.931500E+02  7.594835E-01  1.334560E-03  4.976510E-07  6.573215E-07  7.323386E-07  8.783938E-07  9.754774E-02  4.991077E-05  1.525049E-07  6.301144E-02  8.562821E-05  6.630800E-07  1.903010E-08  4.676485E-03  3.142144E-07  1.095495E-06  1.053731E-06  7.367197E-02  3.881348E-06  1.689998E-06  1.460226E-06  5.246715E-05  7.135552E-05  3.384991E-07  1.877443E-07  2.395883E-07  1.048341E-06
 2.941500E+02  7.599929E-01  1.315815E-03  4.785029E-07  6.322150E-07  7.044119E-07  8.451296E-07  9.759857E-02  4.893174E-05  1.425245E-07  6.345440E-02  8.506973E-05  6.325770E-07  1.877050E-08  4.578605E-03  2.963080E-07  1.035987E-06  1.005732E-06  7.278916E-02  3.722281E-06  1.632841E-06  1.409782E-06  5.180211E-05  7.044892E-05  3.208633E-07  1.767351E-07  2.256199E-07  9.964408E-07
 2.951500E+02  7.604948E-01  1.297477E-03  4.602309E-07  6.082503E-07  6.777537E-07  8.133678E-07  9.764798E-02  4.797832E-05  1.332589E-07  6.389166E-02  8.450473E-05  6.035204E-07  1.851179E-08  4.483458E-03  2.795382E-07  9.801001E-07  9.602518E-07  7.191773E-02  3.570218E-06  1.577904E-06  1.361335E-06  5.114569E-05  6.955418E-05  3.042069E-07  1.664264E-07  2.125356E-07  9.473734E-07
 2.961500E+02  7.609894E-01  1.279537E-03  4.427894E-07  5.853683E-07  6.522983E-07  7.830310E-07  9.769603E-02  4.704975E-05  1.246529E-07  6.432324E-02  8.393377E-05  5.758420E-07  1.825416E-08  4.390953E-03  2.638262E-07  9.275935E-07  9.171421E-07  7.105762E-02  3.424838E-06  1.525092E-06  1.314798E-06  5.049786E-05  6.867126E-05  2.884729E-07  1.567706E-07  2.002755E-07  9.009721E-07
 2.971500E+02  7.614766E-01  1.261983E-03  4.261352E-07  5.635131E-07  6.279836E-07  7.540461E-07  9.774276E-02  4.614524E-05  1.166560E-07  6.474917E-02  8.335735E-05  5.494765E-07  1.799776E-08  4.301002E-03  2.490990E-07  8.782427E-07  8.762651E-07  7.020878E-02  3.285835E-06  1.474314E-06  1.270088E-06  4.985859E-05  6.780011E-05  2.736079E-07  1.477233E-07  1.887842E-07  8.570802E-07
 2.981500E+02  7.619566E-01  1.244804E-03  4.102278E-07  5.426321E-07  6.047513E-07  7.263442E-07  9.778822E-02  4.526408E-05  1.092214E-07  6.516950E-02  8.277600E-05  5.243619E-07  1.774275E-08  4.213521E-03  2.352892E-07  8.318395E-07  8.374914E-07  6.937113E-02  3.152917E-06  1.425484E-06  1.227126E-06  4.922785E-05  6.694069E-05  2.595615E-07  1.392435E-07  1.780099E-07  8.155511E-07
 2.991500E+02  7.624294E-01  1.227990E-03  3.950290E-07  5.226756E-07  5.825462E-07  6.998605E-07  9.783245E-02  4.440556E-05  1.023065E-07  6.558425E-02  8.219019E-05  5.004385E-07  1.748926E-08  4.128430E-03  2.223342E-07  7.881904E-07  8.007000E-07  6.854460E-02  3.025807E-06  1.378519E-06  1.185836E-06  4.860560E-05  6.609294E-05  2.462866E-07  1.312932E-07  1.679048E-07  7.762471E-07
 3.001500E+02  7.628953E-01  1.211531E-03  3.805026E-07  5.035968E-07  5.613165E-07  6.745334E-07  9.787548E-02  4.356898E-05  9.587201E-08  6.599346E-02  8.160040E-05  4.776497E-07  1.723743E-08  4.045649E-03  2.101761E-07  7.471158E-07  7.657773E-07  6.772912E-02  2.904238E-06  1.333341E-06  1.146146E-06  4.799180E-05  6.525679E-05  2.337386E-07  1.238370E-07  1.584244E-07  7.390391E-07
 3.011500E+02  7.633541E-01  1.195419E-03  3.666148E-07  4.853517E-07  5.410131E-07  6.503054E-07  9.791736E-02  4.275369E-05  8.988188E-08  6.639718E-02  8.100708E-05  4.559414E-07  1.698739E-08  3.965103E-03  1.987613E-07  7.084489E-07  7.326171E-07  6.692460E-02  2.787957E-06  1.289875E-06  1.107989E-06  4.738640E-05  6.443217E-05  2.218756E-07  1.168418E-07  1.495272E-07  7.038062E-07
 3.021500E+02  7.638061E-01  1.179643E-03  3.533333E-07  4.678984E-07  5.215898E-07  6.271216E-07  9.795812E-02  4.195904E-05  8.430288E-08  6.679544E-02  8.041068E-05  4.352619E-07  1.673924E-08  3.886721E-03  1.880399E-07  6.720342E-07  7.011197E-07  6.613097E-02  2.676724E-06  1.248049E-06  1.071299E-06  4.678935E-05  6.361901E-05  2.106585E-07  1.102773E-07  1.411748E-07  6.704346E-07
 3.031500E+02  7.642513E-01  1.164196E-03  3.406279E-07  4.511976E-07  5.030029E-07  6.049306E-07  9.799781E-02  4.118443E-05  7.910449E-08  6.718830E-02  7.981161E-05  4.155619E-07  1.649310E-08  3.810433E-03  1.779657E-07  6.377276E-07  6.711917E-07  6.534813E-02  2.570309E-06  1.207794E-06  1.036013E-06  4.620060E-05  6.281723E-05  2.000501E-07  1.041148E-07  1.333314E-07  6.388178E-07
 3.041500E+02  7.646899E-01  1.149067E-03  3.284701E-07  4.352123E-07  4.852111E-07  5.836835E-07  9.803644E-02  4.042924E-05  7.425859E-08  6.757578E-02  7.921028E-05  3.967945E-07  1.624907E-08  3.736170E-03  1.684960E-07  6.053945E-07  6.427452E-07  6.457600E-02  2.468491E-06  1.169045E-06  1.002071E-06  4.562008E-05  6.202674E-05  1.900157E-07  9.832806E-08  1.259637E-07  6.088557E-07
 3.051500E+02  7.651218E-01  1.134249E-03  3.168327E-07  4.199072E-07  4.681755E-07  5.633345E-07  9.807407E-02  3.969290E-05  6.973930E-08  6.795795E-02  7.860709E-05  3.789149E-07  1.600723E-08  3.663870E-03  1.595909E-07  5.749100E-07  6.156980E-07  6.381447E-02  2.371062E-06  1.131740E-06  9.694185E-07  4.504773E-05  6.124745E-05  1.805226E-07  9.289239E-08  1.190406E-07  5.804542E-07
 3.061500E+02  7.655472E-01  1.119734E-03  3.056903E-07  4.052492E-07  4.518592E-07  5.438398E-07  9.811071E-02  3.897485E-05  6.552276E-08  6.833484E-02  7.800240E-05  3.618805E-07  1.576767E-08  3.593468E-03  1.512135E-07  5.461575E-07  5.899729E-07  6.306347E-02  2.277822E-06  1.095819E-06  9.379994E-07  4.448348E-05  6.047926E-05  1.715399E-07  8.778494E-08  1.125334E-07  5.535251E-07
 3.071500E+02  7.659661E-01  1.105513E-03  2.950187E-07  3.912069E-07  4.362273E-07  5.251583E-07  9.814640E-02  3.827455E-05  6.158700E-08  6.870651E-02  7.739659E-05  3.456505E-07  1.553047E-08  3.524906E-03  1.433295E-07  5.190286E-07  5.654971E-07  6.232288E-02  2.188582E-06  1.061225E-06  9.077626E-07  4.392727E-05  5.972208E-05  1.630386E-07  8.298439E-08  1.064152E-07  5.279854E-07
 3.081500E+02  7.663788E-01  1.091580E-03  2.847952E-07  3.777506E-07  4.212469E-07  5.072510E-07  9.818117E-02  3.759147E-05  5.791173E-08  6.907301E-02  7.678998E-05  3.301862E-07  1.529570E-08  3.458126E-03  1.359069E-07  4.934221E-07  5.422026E-07  6.159261E-02  2.103160E-06  1.027903E-06  8.786587E-07  4.337902E-05  5.897580E-05  1.549916E-07  7.847092E-08  1.006609E-07  5.037572E-07
 3.091500E+02  7.667851E-01  1.077927E-03  2.749981E-07  3.648522E-07  4.068868E-07  4.900811E-07  9.821505E-02  3.692512E-05  5.447825E-08  6.943439E-02  7.618292E-05  3.154507E-07  1.506342E-08  3.393070E-03  1.289160E-07  4.692438E-07  5.200252E-07  6.087255E-02  2.021383E-06  9.958019E-07  8.506404E-07  4.283866E-05  5.824033E-05  1.473730E-07  7.422605E-08  9.524736E-08  4.807672E-07
 3.101500E+02  7.671853E-01  1.064547E-03  2.656070E-07  3.524853E-07  3.931176E-07  4.736137E-07  9.824807E-02  3.627500E-05  5.126931E-08  6.979070E-02  7.557573E-05  3.014089E-07  1.483368E-08  3.329687E-03  1.223293E-07  4.464057E-07  4.989047E-07  6.016260E-02  1.943086E-06  9.648717E-07  8.236629E-07  4.230611E-05  5.751555E-05  1.401589E-07  7.023258E-08  9.015271E-08  4.589465E-07
 3.111500E+02  7.675794E-01  1.051433E-03  2.566027E-07  3.406245E-07  3.799112E-07  4.578157E-07  9.828025E-02  3.564063E-05  4.826895E-08  7.014200E-02  7.496869E-05  2.880273E-07  1.460655E-08  3.267923E-03  1.161210E-07  4.248257E-07  4.787843E-07  5.946266E-02  1.868113E-06  9.350647E-07  7.976831E-07  4.178130E-05  5.680135E-05  1.333264E-07  6.647447E-08  8.535677E-08  4.382304E-07
 3.121500E+02  7.679675E-01  1.038577E-03  2.479667E-07  3.292462E-07  3.672413E-07  4.426558E-07  9.831161E-02  3.502157E-05  4.546246E-08  7.048833E-02  7.436212E-05  2.752740E-07  1.438206E-08  3.207729E-03  1.102672E-07  4.044273E-07  4.596107E-07  5.877261E-02  1.796314E-06  9.063356E-07  7.726600E-07  4.126414E-05  5.609762E-05  1.268541E-07  6.293679E-08  8.084065E-08  4.185579E-07
 3.131500E+02  7.683497E-01  1.025975E-03  2.396819E-07  3.183277E-07  3.550827E-07  4.281043E-07  9.834219E-02  3.441737E-05  4.283622E-08  7.082976E-02  7.375627E-05  2.631187E-07  1.416025E-08  3.149057E-03  1.047457E-07  3.851389E-07  4.413338E-07  5.809235E-02  1.727546E-06  8.786410E-07  7.485542E-07  4.075454E-05  5.540424E-05  1.207220E-07  5.960558E-08  7.658675E-08  3.998717E-07
 3.141500E+02  7.687261E-01  1.013619E-03  2.317317E-07  3.078476E-07  3.434117E-07  4.141332E-07  9.837201E-02  3.382759E-05  4.037764E-08  7.116633E-02  7.315141E-05  2.515325E-07  1.394116E-08  3.091859E-03  9.953562E-08  3.668937E-07  4.239063E-07  5.742177E-02  1.661673E-06  8.519391E-07  7.253284E-07  4.025244E-05  5.472110E-05  1.149109E-07  5.646785E-08  7.257864E-08  3.821180E-07
 3.151500E+02  7.690967E-01  1.001503E-03  2.241007E-07  2.977857E-07  3.322059E-07  4.007156E-07  9.840109E-02  3.325183E-05  3.807510E-08  7.149811E-02  7.254779E-05  2.404879E-07  1.372483E-08  3.036092E-03  9.461764E-08  3.496293E-07  4.072836E-07  5.676076E-02  1.598565E-06  8.261904E-07  7.029466E-07  3.975774E-05  5.404808E-05  1.094031E-07  5.351149E-08  6.880099E-08  3.652458E-07
 3.161500E+02  7.694617E-01  9.896209E-04  2.167740E-07  2.881228E-07  3.214437E-07  3.878264E-07  9.842945E-02  3.268968E-05  3.591781E-08  7.182514E-02  7.194566E-05  2.299588E-07  1.351127E-08  2.981712E-03  8.997371E-08  3.332874E-07  3.914239E-07  5.610920E-02  1.538098E-06  8.013567E-07  6.813747E-07  3.927036E-05  5.338506E-05  1.041817E-07  5.072517E-08  6.523949E-08  3.492074E-07
 3.171500E+02  7.698211E-01  9.779678E-04  2.097378E-07  2.788406E-07  3.111051E-07  3.754416E-07  9.845711E-02  3.214076E-05  3.389581E-08  7.214749E-02  7.134523E-05  2.199202E-07  1.330051E-08  2.928676E-03  8.558699E-08  3.178132E-07  3.762875E-07  5.546698E-02  1.480154E-06  7.774018E-07  6.605798E-07  3.879021E-05  5.273192E-05  9.923094E-08  4.809833E-08  6.188079E-08  3.339578E-07
 3.181500E+02  7.701750E-01  9.665377E-04  2.029787E-07  2.699219E-07  3.011707E-07  3.635383E-07  9.848410E-02  3.160469E-05  3.199986E-08  7.246521E-02  7.074673E-05  2.103486E-07  1.309256E-08  2.876945E-03  8.144176E-08  3.031558E-07  3.618373E-07  5.483399E-02  1.424622E-06  7.542909E-07  6.405308E-07  3.831720E-05  5.208854E-05  9.453580E-08  4.562110E-08  5.871238E-08  3.194545E-07
 3.191500E+02  7.705235E-01  9.553252E-04  1.964842E-07  2.613501E-07  2.916224E-07  3.520950E-07  9.851044E-02  3.108111E-05  3.022140E-08  7.277836E-02  7.015035E-05  2.012213E-07  1.288744E-08  2.826480E-03  7.752336E-08  2.892675E-07  3.480381E-07  5.421012E-02  1.371393E-06  7.319906E-07  6.211977E-07  3.785124E-05  5.145479E-05  9.008224E-08  4.328428E-08  5.572263E-08  3.056577E-07
 3.201500E+02  7.708666E-01  9.443249E-04  1.902423E-07  2.531099E-07  2.824428E-07  3.410912E-07  9.853614E-02  3.056966E-05  2.855250E-08  7.308700E-02  6.955630E-05  1.925170E-07  1.268516E-08  2.777242E-03  7.381807E-08  2.761033E-07  3.348568E-07  5.359525E-02  1.320366E-06  7.104691E-07  6.025519E-07  3.739225E-05  5.083055E-05  8.585702E-08  4.107926E-08  5.290063E-08  2.925297E-07
 3.211500E+02  7.712045E-01  9.335319E-04  1.842417E-07  2.451862E-07  2.736155E-07  3.305072E-07  9.856122E-02  3.007001E-05  2.698580E-08  7.339118E-02  6.896474E-05  1.842153E-07  1.248573E-08  2.729196E-03  7.031309E-08  2.636215E-07  3.222620E-07  5.298926E-02  1.271442E-06  6.896959E-07  5.845659E-07  3.694014E-05  5.021571E-05  8.184764E-08  3.899800E-08  5.023618E-08  2.800349E-07
 3.221500E+02  7.715372E-01  9.229411E-04  1.784716E-07  2.375652E-07  2.651248E-07  3.203247E-07  9.858570E-02  2.958183E-05  2.551448E-08  7.369096E-02  6.837586E-05  1.762967E-07  1.228913E-08  2.682307E-03  6.699646E-08  2.517828E-07  3.102242E-07  5.239205E-02  1.224529E-06  6.696418E-07  5.672137E-07  3.649481E-05  4.961012E-05  7.804233E-08  3.703297E-08  4.771977E-08  2.681400E-07
 3.231500E+02  7.718649E-01  9.125477E-04  1.729218E-07  2.302334E-07  2.569560E-07  3.105260E-07  9.860960E-02  2.910479E-05  2.413221E-08  7.398639E-02  6.778981E-05  1.687428E-07  1.209539E-08  2.636540E-03  6.385699E-08  2.405503E-07  2.987156E-07  5.180350E-02  1.179538E-06  6.502789E-07  5.504701E-07  3.605618E-05  4.901368E-05  7.442998E-08  3.517716E-08  4.534248E-08  2.568133E-07
 3.241500E+02  7.721875E-01  9.023470E-04  1.675827E-07  2.231782E-07  2.490950E-07  3.010943E-07  9.863294E-02  2.863859E-05  2.283311E-08  7.427754E-02  6.720676E-05  1.615361E-07  1.190448E-08  2.591864E-03  6.088421E-08  2.298897E-07  2.877098E-07  5.122350E-02  1.136385E-06  6.315803E-07  5.343112E-07  3.562416E-05  4.842626E-05  7.100015E-08  3.342397E-08  4.309598E-08  2.460250E-07
 3.251500E+02  7.725052E-01  8.923346E-04  1.624448E-07  2.163875E-07  2.415282E-07  2.920138E-07  9.865572E-02  2.818293E-05  2.161171E-08  7.456447E-02  6.662684E-05  1.546599E-07  1.171642E-08  2.548245E-03  5.806833E-08  2.197685E-07  2.771819E-07  5.065193E-02  1.094988E-06  6.135204E-07  5.187141E-07  3.519866E-05  4.784772E-05  6.774297E-08  3.176726E-08  4.097247E-08  2.357472E-07
 3.261500E+02  7.728180E-01  8.825059E-04  1.574996E-07  2.098498E-07  2.342430E-07  2.832693E-07  9.867798E-02  2.773752E-05  2.046295E-08  7.484721E-02  6.605019E-05  1.480984E-07  1.153118E-08  2.505654E-03  5.540018E-08  2.101564E-07  2.671084E-07  5.008867E-02  1.055270E-06  5.960748E-07  5.036568E-07  3.477959E-05  4.727796E-05  6.464912E-08  3.020128E-08  3.896463E-08  2.259533E-07
 3.271500E+02  7.731261E-01  8.728567E-04  1.527386E-07  2.035542E-07  2.272273E-07  2.748464E-07  9.869971E-02  2.730208E-05  1.938209E-08  7.512585E-02  6.547694E-05  1.418364E-07  1.134875E-08  2.464061E-03  5.287119E-08  2.010249E-07  2.574671E-07  4.953362E-02  1.017159E-06  5.792198E-07  4.891182E-07  3.436685E-05  4.671684E-05  6.170984E-08  2.872063E-08  3.706564E-08  2.166183E-07
 3.281500E+02  7.734294E-01  8.633828E-04  1.481538E-07  1.974903E-07  2.204694E-07  2.667313E-07  9.872095E-02  2.687634E-05  1.836477E-08  7.540042E-02  6.490720E-05  1.358597E-07  1.116914E-08  2.423438E-03  5.047330E-08  1.923473E-07  2.482368E-07  4.898666E-02  9.805845E-07  5.629329E-07  4.750783E-07  3.396037E-05  4.616425E-05  5.891685E-08  2.732027E-08  3.526908E-08  2.077185E-07
 3.291500E+02  7.737281E-01  8.540801E-04  1.437378E-07  1.916483E-07  2.139584E-07  2.589111E-07  9.874169E-02  2.646003E-05  1.740688E-08  7.567099E-02  6.434109E-05  1.301545E-07  1.099231E-08  2.383757E-03  4.819900E-08  1.840985E-07  2.393978E-07  4.844769E-02  9.454789E-07  5.471925E-07  4.615178E-07  3.356004E-05  4.562005E-05  5.626234E-08  2.599546E-08  3.356896E-08  1.992317E-07
 3.301500E+02  7.740222E-01  8.449448E-04  1.394833E-07  1.860187E-07  2.076839E-07  2.513733E-07  9.876197E-02  2.605290E-05  1.650465E-08  7.593762E-02  6.377871E-05  1.247079E-07  1.081825E-08  2.344991E-03  4.604122E-08  1.762548E-07  2.309312E-07  4.791657E-02  9.117788E-07  5.319780E-07  4.484182E-07  3.316579E-05  4.508413E-05  5.373894E-08  2.474179E-08  3.195964E-08  1.911367E-07
 3.311500E+02  7.743119E-01  8.359730E-04  1.353836E-07  1.805925E-07  2.016359E-07  2.441061E-07  9.878178E-02  2.565470E-05  1.565453E-08  7.620035E-02  6.322015E-05  1.195076E-07  1.064695E-08  2.307114E-03  4.399333E-08  1.687941E-07  2.228192E-07  4.739322E-02  8.794234E-07  5.172694E-07  4.357619E-07  3.277752E-05  4.455637E-05  5.133970E-08  2.355510E-08  3.043585E-08  1.834137E-07
 3.321500E+02  7.745971E-01  8.271609E-04  1.314319E-07  1.753613E-07  1.958049E-07  2.370981E-07  9.880114E-02  2.526519E-05  1.485322E-08  7.645925E-02  6.266551E-05  1.145418E-07  1.047838E-08  2.270102E-03  4.204913E-08  1.616956E-07  2.150448E-07  4.687752E-02  8.483544E-07  5.030478E-07  4.235319E-07  3.239514E-05  4.403664E-05  4.905804E-08  2.243150E-08  2.899266E-08  1.760438E-07
 3.331500E+02  7.748780E-01  8.185050E-04  1.276223E-07  1.703169E-07  1.901818E-07  2.303387E-07  9.882006E-02  2.488414E-05  1.409766E-08  7.671437E-02  6.211486E-05  1.097993E-07  1.031252E-08  2.233930E-03  4.020279E-08  1.549396E-07  2.075921E-07  4.636935E-02  8.185166E-07  4.892949E-07  4.117120E-07  3.201858E-05  4.352483E-05  4.688778E-08  2.136733E-08  2.762541E-08  1.690093E-07
 3.341500E+02  7.751546E-01  8.100016E-04  1.239486E-07  1.654516E-07  1.847581E-07  2.238176E-07  9.883856E-02  2.451133E-05  1.338499E-08  7.696576E-02  6.156829E-05  1.052696E-07  1.014935E-08  2.198575E-03  3.844885E-08  1.485077E-07  2.004460E-07  4.586860E-02  7.898570E-07  4.759932E-07  4.002866E-07  3.164773E-05  4.302081E-05  4.482307E-08  2.035919E-08  2.632977E-08  1.622934E-07
 3.351500E+02  7.754270E-01  8.016475E-04  1.204054E-07  1.607579E-07  1.795255E-07  2.175249E-07  9.885665E-02  2.414654E-05  1.271254E-08  7.721348E-02  6.102586E-05  1.009427E-07  9.988847E-09  2.164014E-03  3.678216E-08  1.423826E-07  1.935921E-07  4.537518E-02  7.623251E-07  4.631261E-07  3.892409E-07  3.128252E-05  4.252447E-05  4.285837E-08  1.940386E-08  2.510164E-08  1.558800E-07
 3.361500E+02  7.756953E-01  7.934392E-04  1.169872E-07  1.562289E-07  1.744762E-07  2.114515E-07  9.887434E-02  2.378955E-05  1.207783E-08  7.745758E-02  6.048764E-05  9.680875E-08  9.830979E-09  2.130225E-03  3.519790E-08  1.365478E-07  1.870168E-07  4.488897E-02  7.358727E-07  4.506773E-07  3.785606E-07  3.092287E-05  4.203570E-05  4.098847E-08  1.849833E-08  2.393719E-08  1.497543E-07
 3.371500E+02  7.759595E-01  7.853735E-04  1.136889E-07  1.518578E-07  1.696027E-07  2.055884E-07  9.889163E-02  2.344016E-05  1.147853E-08  7.769812E-02  5.995368E-05  9.285880E-08  9.675723E-09  2.097188E-03  3.369154E-08  1.309882E-07  1.807072E-07  4.440987E-02  7.104537E-07  4.386314E-07  3.682319E-07  3.056867E-05  4.155437E-05  3.920843E-08  1.763977E-08  2.283283E-08  1.439019E-07
 3.381500E+02  7.762196E-01  7.774472E-04  1.105056E-07  1.476382E-07  1.648980E-07  1.999271E-07  9.890855E-02  2.309818E-05  1.091248E-08  7.793514E-02  5.942404E-05  8.908414E-08  9.523050E-09  2.064881E-03  3.225882E-08  1.256890E-07  1.746511E-07  4.393777E-02  6.860243E-07  4.269737E-07  3.582417E-07  3.021987E-05  4.108037E-05  3.751361E-08  1.682551E-08  2.178518E-08  1.383093E-07
 3.391500E+02  7.764759E-01  7.696573E-04  1.074326E-07  1.435640E-07  1.603551E-07  1.944596E-07  9.892510E-02  2.276341E-05  1.037765E-08  7.816870E-02  5.889876E-05  8.547651E-08  9.372932E-09  2.033285E-03  3.089573E-08  1.206368E-07  1.688368E-07  4.347256E-02  6.625425E-07  4.156899E-07  3.485776E-07  2.987636E-05  4.061358E-05  3.589959E-08  1.605308E-08  2.079104E-08  1.329640E-07
 3.401500E+02  7.767282E-01  7.620008E-04  1.044655E-07  1.396294E-07  1.559677E-07  1.891780E-07  9.894129E-02  2.243565E-05  9.872159E-09  7.839886E-02  5.837789E-05  8.202806E-08  9.225341E-09  2.002380E-03  2.959851E-08  1.158186E-07  1.632533E-07  4.301415E-02  6.399683E-07  4.047665E-07  3.392273E-07  2.953806E-05  4.015390E-05  3.436222E-08  1.532013E-08  1.984746E-08  1.278536E-07
 3.411500E+02  7.769768E-01  7.544748E-04  1.016001E-07  1.358288E-07  1.517295E-07  1.840751E-07  9.895713E-02  2.211475E-05  9.394233E-09  7.862565E-02  5.786146E-05  7.873133E-08  9.080246E-09  1.972148E-03  2.836362E-08  1.112223E-07  1.578903E-07  4.256243E-02  6.182633E-07  3.941902E-07  3.301793E-07  2.920491E-05  3.970122E-05  3.289757E-08  1.462445E-08  1.895160E-08  1.229670E-07
 3.421500E+02  7.772216E-01  7.470763E-04  9.883225E-08  1.321568E-07  1.476346E-07  1.791438E-07  9.897263E-02  2.180050E-05  8.942224E-09  7.884914E-02  5.734952E-05  7.557923E-08  8.937616E-09  1.942571E-03  2.718771E-08  1.068365E-07  1.527376E-07  4.211730E-02  5.973910E-07  3.839487E-07  3.214225E-07  2.887681E-05  3.925541E-05  3.150192E-08  1.396398E-08  1.810085E-08  1.182931E-07
 3.431500E+02  7.774627E-01  7.398028E-04  9.615812E-08  1.286084E-07  1.436773E-07  1.743773E-07  9.898779E-02  2.149275E-05  8.514588E-09  7.906938E-02  5.684208E-05  7.256498E-08  8.797421E-09  1.913632E-03  2.606765E-08  1.026504E-07  1.477860E-07  4.167866E-02  5.773165E-07  3.740297E-07  3.129462E-07  2.855368E-05  3.881638E-05  3.017175E-08  1.333677E-08  1.729271E-08  1.138218E-07
 3.441500E+02  7.777002E-01  7.326514E-04  9.357401E-08  1.251788E-07  1.398523E-07  1.697692E-07  9.900264E-02  2.119133E-05  8.109882E-09  7.928640E-02  5.633917E-05  6.968217E-08  8.659630E-09  1.885313E-03  2.500049E-08  9.865377E-08  1.430264E-07  4.124642E-02  5.580066E-07  3.644217E-07  3.047403E-07  2.823545E-05  3.838401E-05  2.890373E-08  1.274099E-08  1.652486E-08  1.095432E-07
 3.451500E+02  7.779341E-01  7.256196E-04  9.107637E-08  1.218632E-07  1.361544E-07  1.653133E-07  9.901717E-02  2.089608E-05  7.726753E-09  7.950027E-02  5.584082E-05  6.692469E-08  8.524210E-09  1.857598E-03  2.398343E-08  9.483701E-08  1.384503E-07  4.082046E-02  5.394292E-07  3.551136E-07  2.967948E-07  2.792204E-05  3.795820E-05  2.769473E-08  1.217491E-08  1.579510E-08  1.054484E-07
 3.461500E+02  7.781645E-01  7.187047E-04  8.866184E-08  1.186574E-07  1.325786E-07  1.610038E-07  9.903139E-02  2.060684E-05  7.363937E-09  7.971103E-02  5.534704E-05  6.428672E-08  8.391130E-09  1.830471E-03  2.301385E-08  9.119107E-08  1.340497E-07  4.040070E-02  5.215541E-07  3.460948E-07  2.891004E-07  2.761337E-05  3.753885E-05  2.654177E-08  1.163692E-08  1.510136E-08  1.015283E-07
 3.471500E+02  7.783914E-01  7.119044E-04  8.632718E-08  1.155569E-07  1.291203E-07  1.568351E-07  9.904532E-02  2.032347E-05  7.020249E-09  7.991873E-02  5.485784E-05  6.176272E-08  8.260356E-09  1.803917E-03  2.208928E-08  8.770736E-08  1.298168E-07  3.998704E-02  5.043521E-07  3.373548E-07  2.816480E-07  2.730937E-05  3.712584E-05  2.544202E-08  1.112550E-08  1.444169E-08  9.777494E-08
 3.481500E+02  7.786149E-01  7.052162E-04  8.406931E-08  1.125579E-07  1.257749E-07  1.528018E-07  9.905895E-02  2.004581E-05  6.694580E-09  8.012342E-02  5.437323E-05  5.934744E-08  8.131856E-09  1.777921E-03  2.120738E-08  8.437778E-08  1.257444E-07  3.957939E-02  4.877953E-07  3.288840E-07  2.744289E-07  2.700996E-05  3.671908E-05  2.439284E-08  1.063921E-08  1.381427E-08  9.418026E-08
 3.491500E+02  7.788351E-01  6.986377E-04  8.188528E-08  1.096563E-07  1.225381E-07  1.488986E-07  9.907231E-02  1.977372E-05  6.385889E-09  8.032514E-02  5.389323E-05  5.703586E-08  8.005598E-09  1.752468E-03  2.036596E-08  8.119469E-08  1.218254E-07  3.917764E-02  4.718573E-07  3.206728E-07  2.674348E-07  2.671506E-05  3.631847E-05  2.339169E-08  1.017669E-08  1.321736E-08  9.073688E-08
 3.501500E+02  7.790521E-01  6.921666E-04  7.977226E-08  1.068485E-07  1.194058E-07  1.451208E-07  9.908538E-02  1.950707E-05  6.093203E-09  8.052394E-02  5.341783E-05  5.482321E-08  7.881549E-09  1.727544E-03  1.956294E-08  7.815084E-08  1.180532E-07  3.878172E-02  4.565127E-07  3.127120E-07  2.606577E-07  2.642461E-05  3.592390E-05  2.243619E-08  9.736678E-09  1.264934E-08  8.743771E-08
 3.511500E+02  7.792658E-01  6.858008E-04  7.772756E-08  1.041310E-07  1.163741E-07  1.414635E-07  9.909819E-02  1.924571E-05  5.815608E-09  8.071986E-02  5.294704E-05  5.270496E-08  7.759675E-09  1.703136E-03  1.879636E-08  7.523940E-08  1.144215E-07  3.839153E-02  4.417371E-07  3.049931E-07  2.540898E-07  2.613854E-05  3.553528E-05  2.152408E-08  9.317968E-09  1.210868E-08  8.427605E-08
 3.521500E+02  7.794763E-01  6.795379E-04  7.574858E-08  1.015003E-07  1.134391E-07  1.379223E-07  9.911074E-02  1.898953E-05  5.552245E-09  8.091295E-02  5.248086E-05  5.067679E-08  7.639943E-09  1.679230E-03  1.806438E-08  7.245389E-08  1.109244E-07  3.800698E-02  4.275074E-07  2.975075E-07  2.477238E-07  2.585676E-05  3.515251E-05  2.065321E-08  8.919431E-09  1.159393E-08  8.124552E-08
 3.531500E+02  7.796837E-01  6.733759E-04  7.383286E-08  9.895316E-08  1.105973E-07  1.344929E-07  9.912303E-02  1.873838E-05  5.302312E-09  8.110326E-02  5.201927E-05  4.873458E-08  7.522321E-09  1.655814E-03  1.736524E-08  6.978819E-08  1.075561E-07  3.762798E-02  4.138013E-07  2.902471E-07  2.415526E-07  2.557921E-05  3.477549E-05  1.982156E-08  8.540002E-09  1.110374E-08  7.834008E-08
 3.541500E+02  7.798880E-01  6.673127E-04  7.197803E-08  9.648654E-08  1.078451E-07  1.311711E-07  9.913508E-02  1.849216E-05  5.065052E-09  8.129082E-02  5.156228E-05  4.687442E-08  7.406776E-09  1.632876E-03  1.669729E-08  6.723650E-08  1.043111E-07  3.725444E-02  4.005977E-07  2.832042E-07  2.355694E-07  2.530583E-05  3.440413E-05  1.902721E-08  8.178675E-09  1.063680E-08  7.555398E-08
 3.551500E+02  7.800893E-01  6.613463E-04  7.018181E-08  9.409741E-08  1.051793E-07  1.279529E-07  9.914688E-02  1.825073E-05  4.839758E-09  8.147569E-02  5.110988E-05  4.509259E-08  7.293274E-09  1.610402E-03  1.605899E-08  6.479334E-08  1.011843E-07  3.688628E-02  3.878763E-07  2.763713E-07  2.297675E-07  2.503653E-05  3.403834E-05  1.826833E-08  7.834503E-09  1.019192E-08  7.288176E-08
 3.561500E+02  7.802877E-01  6.554746E-04  6.844205E-08  9.178292E-08  1.025966E-07  1.248346E-07  9.915844E-02  1.801399E-05  4.625763E-09  8.165790E-02  5.066205E-05  4.338553E-08  7.181784E-09  1.588382E-03  1.544885E-08  6.245351E-08  9.817066E-08  3.652342E-02  3.756175E-07  2.697413E-07  2.241407E-07  2.477127E-05  3.367802E-05  1.754321E-08  7.506592E-09  9.767945E-09  7.031825E-08
 3.571500E+02  7.804831E-01  6.496958E-04  6.675665E-08  8.954033E-08  1.000941E-07  1.218125E-07  9.916977E-02  1.778182E-05  4.422442E-09  8.183749E-02  5.021877E-05  4.174988E-08  7.072272E-09  1.566804E-03  1.486548E-08  6.021209E-08  9.526558E-08  3.616576E-02  3.638029E-07  2.633071E-07  2.186829E-07  2.450996E-05  3.332309E-05  1.685020E-08  7.194098E-09  9.363800E-09  6.785851E-08
 3.581500E+02  7.806756E-01  6.440081E-04  6.512362E-08  8.736701E-08  9.766884E-08  1.188831E-07  9.918088E-02  1.755411E-05  4.229207E-09  8.201452E-02  4.978005E-05  4.018241E-08  6.964706E-09  1.545657E-03  1.430757E-08  5.806442E-08  9.246452E-08  3.581323E-02  3.524147E-07  2.570621E-07  2.133883E-07  2.425255E-05  3.297345E-05  1.618775E-08  6.896224E-09  8.978464E-09  6.549786E-08
 3.591500E+02  7.808654E-01  6.384094E-04  6.354106E-08  8.526047E-08  9.531795E-08  1.160430E-07  9.919177E-02  1.733075E-05  4.045506E-09  8.218901E-02  4.934585E-05  3.868005E-08  6.859055E-09  1.524931E-03  1.377388E-08  5.600609E-08  8.976319E-08  3.546574E-02  3.414358E-07  2.510000E-07  2.082513E-07  2.399896E-05  3.262902E-05  1.555440E-08  6.612220E-09  8.610975E-09  6.323185E-08
 3.601500E+02  7.810523E-01  6.328981E-04  6.200712E-08  8.321827E-08  9.303879E-08  1.132892E-07  9.920245E-02  1.711164E-05  3.870819E-09  8.236101E-02  4.891616E-05  3.723990E-08  6.755285E-09  1.504614E-03  1.326321E-08  5.403289E-08  8.715750E-08  3.512322E-02  3.308501E-07  2.451145E-07  2.032665E-07  2.374915E-05  3.228971E-05  1.494875E-08  6.341374E-09  8.260423E-09  6.105625E-08
 3.611500E+02  7.812365E-01  6.274725E-04  6.052007E-08  8.123812E-08  9.082878E-08  1.106184E-07  9.921292E-02  1.689669E-05  3.704658E-09  8.253055E-02  4.849096E-05  3.585917E-08  6.653365E-09  1.484698E-03  1.277446E-08  5.214087E-08  8.464356E-08  3.478558E-02  3.206418E-07  2.393997E-07  1.984286E-07  2.350304E-05  3.195544E-05  1.436948E-08  6.083016E-09  7.925950E-09  5.896703E-08
 3.621500E+02  7.814181E-01  6.221307E-04  5.907820E-08  7.931779E-08  8.868545E-08  1.080278E-07  9.922318E-02  1.668578E-05  3.546562E-09  8.269769E-02  4.807023E-05  3.453521E-08  6.553264E-09  1.465171E-03  1.230658E-08  5.032626E-08  8.221764E-08  3.445275E-02  3.107962E-07  2.338500E-07  1.937328E-07  2.326057E-05  3.162611E-05  1.381532E-08  5.836513E-09  7.606743E-09  5.696036E-08
 3.631500E+02  7.815970E-01  6.168712E-04  5.767991E-08  7.745515E-08  8.660643E-08  1.055145E-07  9.923324E-02  1.647883E-05  3.396098E-09  8.286245E-02  4.765394E-05  3.326550E-08  6.454950E-09  1.446026E-03  1.185856E-08  4.858547E-08  7.987620E-08  3.412465E-02  3.012989E-07  2.284598E-07  1.891741E-07  2.302168E-05  3.130166E-05  1.328511E-08  5.601266E-09  7.302034E-09  5.503259E-08
 3.641500E+02  7.817733E-01  6.116923E-04  5.632364E-08  7.564817E-08  8.458945E-08  1.030757E-07  9.924312E-02  1.627575E-05  3.252859E-09  8.302487E-02  4.724207E-05  3.204764E-08  6.358394E-09  1.427251E-03  1.142945E-08  4.691512E-08  7.761583E-08  3.380121E-02  2.921363E-07  2.232238E-07  1.847481E-07  2.278632E-05  3.098200E-05  1.277769E-08  5.376709E-09  7.011099E-09  5.318027E-08
 3.651500E+02  7.819471E-01  6.065925E-04  5.500792E-08  7.389488E-08  8.263234E-08  1.007089E-07  9.925280E-02  1.607643E-05  3.116461E-09  8.318499E-02  4.683460E-05  3.087933E-08  6.263563E-09  1.408839E-03  1.101836E-08  4.531200E-08  7.543331E-08  3.348234E-02  2.832953E-07  2.181369E-07  1.804502E-07  2.255442E-05  3.066704E-05  1.229200E-08  5.162307E-09  6.733251E-09  5.140008E-08
 3.661500E+02  7.821183E-01  6.015702E-04  5.373130E-08  7.219341E-08  8.073298E-08  9.841162E-08  9.926230E-02  1.588081E-05  2.986543E-09  8.334286E-02  4.643149E-05  2.975839E-08  6.170428E-09  1.390781E-03  1.062444E-08  4.377303E-08  7.332554E-08  3.316799E-02  2.747633E-07  2.131942E-07  1.762761E-07  2.232593E-05  3.035672E-05  1.182703E-08  4.957553E-09  6.467842E-09  4.968889E-08
 3.671500E+02  7.822871E-01  5.966239E-04  5.249243E-08  7.054195E-08  7.888938E-08  9.618137E-08  9.927161E-02  1.568878E-05  2.862763E-09  8.349849E-02  4.603271E-05  2.868274E-08  6.078959E-09  1.373068E-03  1.024688E-08  4.229533E-08  7.128956E-08  3.285807E-02  2.665284E-07  2.083911E-07  1.722217E-07  2.210079E-05  3.005095E-05  1.138180E-08  4.761970E-09  6.214256E-09  4.804370E-08
 3.681500E+02  7.824534E-01  5.917520E-04  5.128998E-08  6.893875E-08  7.709960E-08  9.401587E-08  9.928075E-02  1.550028E-05  2.744801E-09  8.365194E-02  4.563825E-05  2.765040E-08  5.989126E-09  1.355692E-03  9.884913E-09  4.087613E-08  6.932254E-08  3.255251E-02  2.585791E-07  2.037228E-07  1.682831E-07  2.187894E-05  2.974965E-05  1.095539E-08  4.575104E-09  5.971913E-09  4.646167E-08
 3.691500E+02  7.826174E-01  5.869533E-04  5.012270E-08  6.738217E-08  7.536179E-08  9.191289E-08  9.928972E-02  1.531521E-05  2.632353E-09  8.380323E-02  4.524806E-05  2.665946E-08  5.900901E-09  1.338645E-03  9.537821E-09  3.951282E-08  6.742180E-08  3.225124E-02  2.509043E-07  1.991851E-07  1.644565E-07  2.166034E-05  2.945276E-05  1.054694E-08  4.396526E-09  5.740262E-09  4.494007E-08
 3.701500E+02  7.827790E-01  5.822262E-04  4.898936E-08  6.587060E-08  7.367416E-08  8.987030E-08  9.929852E-02  1.513349E-05  2.525134E-09  8.395240E-02  4.486212E-05  2.570814E-08  5.814253E-09  1.321919E-03  9.204913E-09  3.820290E-08  6.558474E-08  3.195420E-02  2.434935E-07  1.947737E-07  1.607381E-07  2.144491E-05  2.916019E-05  1.015562E-08  4.225832E-09  5.518783E-09  4.347632E-08
 3.711500E+02  7.829384E-01  5.775694E-04  4.788882E-08  6.440249E-08  7.203500E-08  8.788605E-08  9.930716E-02  1.495507E-05  2.422874E-09  8.409948E-02  4.448040E-05  2.479471E-08  5.729155E-09  1.305507E-03  8.885537E-09  3.694401E-08  6.380891E-08  3.166132E-02  2.363366E-07  1.904846E-07  1.571244E-07  2.123263E-05  2.887189E-05  9.780628E-09  4.062636E-09  5.306982E-09  4.206795E-08
 3.721500E+02  7.830954E-01  5.729816E-04  4.681993E-08  6.297638E-08  7.044267E-08  8.595817E-08  9.931564E-02  1.477985E-05  2.325319E-09  8.424451E-02  4.410285E-05  2.391752E-08  5.645579E-09  1.289401E-03  8.579072E-09  3.573389E-08  6.209193E-08  3.137253E-02  2.294239E-07  1.863137E-07  1.536120E-07  2.102342E-05  2.858776E-05  9.421229E-09  3.906574E-09  5.104391E-09  4.071262E-08
 3.731500E+02  7.832502E-01  5.684614E-04  4.578163E-08  6.159084E-08  6.889558E-08  8.408477E-08  9.932396E-02  1.460776E-05  2.232229E-09  8.438752E-02  4.372946E-05  2.307502E-08  5.563497E-09  1.273595E-03  8.284931E-09  3.457040E-08  6.043155E-08  3.108777E-02  2.227461E-07  1.822574E-07  1.501977E-07  2.081724E-05  2.830776E-05  9.076707E-09  3.757304E-09  4.910569E-09  3.940807E-08
