#         T/K            c1          c2-1          c3-4          c3-5          c3-7          c3-9            m1          m2-1          m3-1            w1            w2          w3-1          w3-2          c1m1        c1m2-1        c1m2-7        c2m1-1        c1w1-2        c1w2-1        c2w1-1        c2w1-9        m1w1-1        m1w1-4        m1w2-1        m2w1-1        m2w1-3      c1m1w1-1
 2.731500E+02  8.195959E-01  2.133202E-03  1.470014E-06  1.929429E-06  2.146643E-06  2.559604E-06  9.593470E-02  7.428028E-05  6.207700E-07  2.562899E-02  2.162998E-05  1.856716E-07  2.605170E-09  7.894569E-03  1.161908E-06  3.812587E-06  3.313626E-06  4.861588E-02  2.255098E-06  1.941739E-06  1.705052E-06  3.187605E-05  4.339190E-05  2.290800E-07  3.104805E-07  3.932277E-07  1.553343E-06
 2.741500E+02  8.200091E-01  2.096905E-03  1.403006E-06  1.842103E-06  2.049639E-06  2.444710E-06  9.603273E-02  7.265116E-05  5.747890E-07  2.591015E-02  2.158842E-05  1.773899E-07  2.585694E-09  7.703372E-03  1.086104E-06  3.575394E-06  3.138091E-06  4.805483E-02  2.160044E-06  1.869545E-06  1.640242E-06  3.150988E-05  4.289071E-05  2.167020E-07  2.906337E-07  3.682380E-07  1.468993E-06
 2.751500E+02  8.204157E-01  2.061526E-03  1.339568E-06  1.759401E-06  1.957765E-06  2.335858E-06  9.612772E-02  7.106726E-05  5.324922E-07  2.618875E-02  2.154172E-05  1.694680E-07  2.565545E-09  7.518135E-03  1.015738E-06  3.354507E-06  2.973099E-06  4.749891E-02  2.069153E-06  1.800367E-06  1.578196E-06  3.114608E-05  4.239291E-05  2.050201E-07  2.721443E-07  3.449482E-07  1.389616E-06
 2.761500E+02  8.208160E-01  2.027034E-03  1.279485E-06  1.681049E-06  1.870716E-06  2.232691E-06  9.621976E-02  6.952719E-05  4.935643E-07  2.646475E-02  2.149004E-05  1.618918E-07  2.544765E-09  7.338642E-03  9.503871E-07  3.148709E-06  2.817950E-06  4.694817E-02  1.982243E-06  1.734068E-06  1.518787E-06  3.078477E-05  4.189865E-05  1.939943E-07  2.549142E-07  3.232360E-07  1.314899E-06
 2.771500E+02  8.212100E-01  1.993404E-03  1.222557E-06  1.606786E-06  1.788204E-06  2.134873E-06  9.630896E-02  6.802960E-05  4.577186E-07  2.673812E-02  2.143356E-05  1.546475E-07  2.523395E-09  7.164686E-03  8.896655E-07  2.956882E-06  2.671994E-06  4.640269E-02  1.899138E-06  1.670519E-06  1.461892E-06  3.042607E-05  4.140807E-05  1.835869E-07  2.388529E-07  3.029887E-07  1.244551E-06
 2.781500E+02  8.215977E-01  1.960607E-03  1.168596E-06  1.536371E-06  1.709963E-06  2.042090E-06  9.639543E-02  6.657320E-05  4.246942E-07  2.700882E-02  2.137245E-05  1.477218E-07  2.501474E-09  6.996066E-03  8.332179E-07  2.777996E-06  2.534630E-06  4.586253E-02  1.819670E-06  1.609594E-06  1.407395E-06  3.007009E-05  4.092132E-05  1.737626E-07  2.238766E-07  2.841017E-07  1.178299E-06
 2.791500E+02  8.219794E-01  1.928618E-03  1.117429E-06  1.469580E-06  1.635743E-06  1.954048E-06  9.647927E-02  6.515672E-05  3.942535E-07  2.727683E-02  2.130687E-05  1.411019E-07  2.479041E-09  6.832593E-03  7.807186E-07  2.611102E-06  2.405298E-06  4.532773E-02  1.743680E-06  1.551176E-06  1.355187E-06  2.971690E-05  4.043852E-05  1.644878E-07  2.099077E-07  2.664783E-07  1.115887E-06
 2.801500E+02  8.223551E-01  1.897413E-03  1.068891E-06  1.406201E-06  1.565309E-06  1.870473E-06  9.656056E-02  6.377893E-05  3.661802E-07  2.754213E-02  2.123701E-05  1.347751E-07  2.456134E-09  6.674082E-03  7.318683E-07  2.455327E-06  2.283477E-06  4.479836E-02  1.671014E-06  1.495152E-06  1.305163E-06  2.936662E-05  3.995978E-05  1.557311E-07  1.968746E-07  2.500291E-07  1.057078E-06
 2.811500E+02  8.227249E-01  1.866966E-03  1.022829E-06  1.346036E-06  1.498443E-06  1.791109E-06  9.663941E-02  6.243864E-05  3.402771E-07  2.780469E-02  2.116302E-05  1.287295E-07  2.432792E-09  6.520356E-03  6.863920E-07  2.309864E-06  2.168685E-06  4.427445E-02  1.601524E-06  1.441416E-06  1.257223E-06  2.901931E-05  3.948521E-05  1.474629E-07  1.847108E-07  2.346711E-07  1.001649E-06
 2.821500E+02  8.230888E-01  1.837255E-03  9.791014E-07  1.288902E-06  1.434940E-06  1.715714E-06  9.671589E-02  6.113470E-05  3.163645E-07  2.806449E-02  2.108508E-05  1.229533E-07  2.409050E-09  6.371247E-03  6.440370E-07  2.173972E-06  2.060472E-06  4.375604E-02  1.535070E-06  1.389866E-06  1.211272E-06  2.867506E-05  3.901491E-05  1.396550E-07  1.733549E-07  2.203277E-07  9.493918E-07
 2.831500E+02  8.234470E-01  1.808258E-03  9.375731E-07  1.234625E-06  1.374609E-06  1.644064E-06  9.679009E-02  5.986600E-05  2.942784E-07  2.832152E-02  2.100335E-05  1.174353E-07  2.384944E-09  6.226592E-03  6.045708E-07  2.046963E-06  1.958419E-06  4.324317E-02  1.471518E-06  1.340404E-06  1.167221E-06  2.833392E-05  3.854897E-05  1.322813E-07  1.627500E-07  2.069278E-07  9.001125E-07
 2.841500E+02  8.237996E-01  1.779954E-03  8.981190E-07  1.183043E-06  1.317269E-06  1.575947E-06  9.686209E-02  5.863146E-05  2.738692E-07  2.857577E-02  2.091799E-05  1.121647E-07  2.360508E-09  6.086233E-03  5.677794E-07  1.928205E-06  1.862138E-06  4.273585E-02  1.410738E-06  1.292938E-06  1.124983E-06  2.799598E-05  3.808747E-05  1.253167E-07  1.528435E-07  1.944055E-07  8.536288E-07
 2.851500E+02  8.241466E-01  1.752320E-03  8.606219E-07  1.134004E-06  1.262753E-06  1.511166E-06  9.693197E-02  5.743003E-05  2.550003E-07  2.882722E-02  2.082917E-05  1.071309E-07  2.335775E-09  5.950022E-03  5.334658E-07  1.817114E-06  1.771266E-06  4.223412E-02  1.352608E-06  1.247381E-06  1.084478E-06  2.766127E-05  3.763048E-05  1.187380E-07  1.435864E-07  1.826998E-07  8.097708E-07
 2.861500E+02  8.244881E-01  1.725339E-03  8.249714E-07  1.087366E-06  1.210902E-06  1.449536E-06  9.699980E-02  5.626070E-05  2.375468E-07  2.907586E-02  2.073705E-05  1.023238E-07  2.310779E-09  5.817813E-03  5.014487E-07  1.713150E-06  1.685466E-06  4.173799E-02  1.297009E-06  1.203647E-06  1.045627E-06  2.732986E-05  3.717807E-05  1.125231E-07  1.349337E-07  1.717542E-07  7.683793E-07
 2.871500E+02  8.248243E-01  1.698989E-03  7.910646E-07  1.042995E-06  1.161569E-06  1.390881E-06  9.706566E-02  5.512248E-05  2.213947E-07  2.932169E-02  2.064179E-05  9.773366E-08  2.285549E-09  5.689468E-03  4.715609E-07  1.615814E-06  1.604422E-06  4.124748E-02  1.243830E-06  1.161658E-06  1.008357E-06  2.700179E-05  3.673030E-05  1.066511E-07  1.268433E-07  1.615161E-07  7.293052E-07
 2.881500E+02  8.251551E-01  1.673253E-03  7.588044E-07  1.000767E-06  1.114615E-06  1.335039E-06  9.712960E-02  5.401443E-05  2.064398E-07  2.956470E-02  2.054353E-05  9.335113E-08  2.260118E-09  5.564853E-03  4.436483E-07  1.524644E-06  1.527842E-06  4.076258E-02  1.192962E-06  1.121338E-06  9.725965E-07  2.667710E-05  3.628722E-05  1.011026E-07  1.192765E-07  1.519370E-07  6.924093E-07
 2.891500E+02  8.254807E-01  1.648112E-03  7.281002E-07  9.605637E-07  1.069909E-06  1.281856E-06  9.719171E-02  5.293564E-05  1.925866E-07  2.980490E-02  2.044243E-05  8.916719E-08  2.234513E-09  5.443840E-03  4.175688E-07  1.439213E-06  1.455452E-06  4.028332E-02  1.144302E-06  1.082612E-06  9.382796E-07  2.635583E-05  3.584887E-05  9.585910E-08  1.121971E-07  1.429717E-07  6.575609E-07
 2.901500E+02  8.258012E-01  1.623550E-03  6.988666E-07  9.222745E-07  1.027329E-06  1.231188E-06  9.725203E-02  5.188520E-05  1.797478E-07  3.004227E-02  2.033864E-05  8.517315E-08  2.208762E-09  5.326306E-03  3.931913E-07  1.359127E-06  1.386997E-06  3.980968E-02  1.097753E-06  1.045414E-06  9.053420E-07  2.603800E-05  3.541530E-05  9.090321E-08  1.055717E-07  1.345783E-07  6.246379E-07
 2.911500E+02  8.261166E-01  1.599550E-03  6.710236E-07  8.857958E-07  9.867597E-07  1.182900E-06  9.731063E-02  5.086226E-05  1.678435E-07  3.027683E-02  2.023231E-05  8.136066E-08  2.182894E-09  5.212132E-03  3.703947E-07  1.284021E-06  1.322238E-06  3.934168E-02  1.053220E-06  1.009676E-06  8.737231E-07  2.572365E-05  3.498653E-05  8.621858E-08  9.936943E-08  1.267180E-07  5.935258E-07
 2.921500E+02  8.264270E-01  1.576095E-03  6.444958E-07  8.510302E-07  9.480931E-07  1.136863E-06  9.736757E-02  4.986598E-05  1.568004E-07  3.050857E-02  2.012357E-05  7.772174E-08  2.156933E-09  5.101204E-03  3.490673E-07  1.213554E-06  1.260953E-06  3.887929E-02  1.010613E-06  9.753349E-07  8.433648E-07  2.541279E-05  3.456259E-05  8.178979E-08  9.356137E-08  1.193546E-07  5.641173E-07
 2.931500E+02  8.267325E-01  1.553170E-03  6.192126E-07  8.178860E-07  9.112276E-07  1.092960E-06  9.742290E-02  4.889557E-05  1.465515E-07  3.073751E-02  2.001257E-05  7.424867E-08  2.130904E-09  4.993413E-03  3.291058E-07  1.147413E-06  1.202934E-06  3.842250E-02  9.698458E-07  9.423317E-07  8.142120E-07  2.510545E-05  3.414351E-05  7.760234E-08  8.812084E-08  1.124547E-07  5.363119E-07
 2.941500E+02  8.270331E-01  1.530759E-03  5.951076E-07  7.862772E-07  8.760676E-07  1.051076E-06  9.747669E-02  4.795023E-05  1.370352E-07  3.096363E-02  1.989944E-05  7.093407E-08  2.104831E-09  4.888654E-03  3.104147E-07  1.085308E-06  1.147988E-06  3.797132E-02  9.308372E-07  9.106087E-07  7.862121E-07  2.480164E-05  3.372930E-05  7.364253E-08  8.302304E-08  1.059871E-07  5.100154E-07
 2.951500E+02  8.273290E-01  1.508849E-03  5.721181E-07  7.561226E-07  8.425230E-07  1.011106E-06  9.752897E-02  4.702923E-05  1.281951E-07  3.118697E-02  1.978432E-05  6.777087E-08  2.078737E-09  4.786823E-03  2.929057E-07  1.026968E-06  1.095932E-06  3.752571E-02  8.935085E-07  8.801114E-07  7.593151E-07  2.450137E-05  3.331997E-05  6.989748E-08  7.824491E-08  9.992301E-08  4.851394E-07
 2.961500E+02  8.276202E-01  1.487425E-03  5.501853E-07  7.273459E-07  8.105093E-07  9.729504E-07  9.757981E-02  4.613181E-05  1.199792E-07  3.140752E-02  1.966733E-05  6.475226E-08  2.052643E-09  4.687826E-03  2.764972E-07  9.721440E-07  1.046596E-06  3.708566E-02  8.577847E-07  8.507876E-07  7.334730E-07  2.420466E-05  3.291554E-05  6.635504E-08  7.376506E-08  9.423540E-08  4.616012E-07
 2.971500E+02  8.279067E-01  1.466473E-03  5.292538E-07  6.998753E-07  7.799467E-07  9.365145E-07  9.762924E-02  4.525729E-05  1.123401E-07  3.162530E-02  1.954860E-05  6.187174E-08  2.026570E-09  4.591566E-03  2.611136E-07  9.206023E-07  9.998217E-07  3.665115E-02  8.235944E-07  8.225877E-07  7.086404E-07  2.391149E-05  3.251600E-05  6.300380E-08  6.956358E-08  8.889935E-08  4.393231E-07
 2.981500E+02  8.281887E-01  1.445981E-03  5.092716E-07  6.736430E-07  7.507600E-07  9.017099E-07  9.767732E-02  4.440497E-05  1.052340E-07  3.184031E-02  1.942826E-05  5.912307E-08  2.000537E-09  4.497954E-03  2.466848E-07  8.721276E-07  9.554606E-07  3.622216E-02  7.908690E-07  7.954641E-07  6.847738E-07  2.362188E-05  3.212135E-05  5.983296E-08  6.562199E-08  8.389160E-08  4.182322E-07
 2.991500E+02  8.284663E-01  1.425935E-03  4.901894E-07  6.485854E-07  7.228785E-07  8.684531E-07  9.772409E-02  4.357420E-05  9.862084E-08  3.205258E-02  1.930641E-05  5.650026E-08  1.974564E-09  4.406903E-03  2.331462E-07  8.265196E-07  9.133732E-07  3.579864E-02  7.595435E-07  7.693715E-07  6.618319E-07  2.333582E-05  3.173159E-05  5.683237E-08  6.192309E-08  7.919056E-08  3.982600E-07
 3.001500E+02  8.287394E-01  1.406324E-03  4.719609E-07  6.246423E-07  6.962355E-07  8.366655E-07  9.776959E-02  4.276433E-05  9.246357E-08  3.226211E-02  1.918318E-05  5.399760E-08  1.948666E-09  4.318328E-03  2.204374E-07  7.835919E-07  8.734291E-07  3.538058E-02  7.295553E-07  7.442667E-07  6.397750E-07  2.305332E-05  3.134672E-05  5.399248E-08  5.845090E-08  7.477612E-08  3.793425E-07
 3.011500E+02  8.290082E-01  1.387135E-03  4.545426E-07  6.017569E-07  6.707681E-07  8.062727E-07  9.781386E-02  4.197475E-05  8.672825E-08  3.246893E-02  1.905869E-05  5.160961E-08  1.922862E-09  4.232151E-03  2.085030E-07  7.431714E-07  8.355061E-07  3.496795E-02  7.008451E-07  7.201085E-07  6.185656E-07  2.277435E-05  3.096671E-05  5.130426E-08  5.519053E-08  7.062955E-08  3.614192E-07
 3.021500E+02  8.292727E-01  1.368358E-03  4.378932E-07  5.798760E-07  6.464169E-07  7.772046E-07  9.785694E-02  4.120486E-05  8.138361E-08  3.267306E-02  1.893303E-05  4.933105E-08  1.897167E-09  4.148292E-03  1.972911E-07  7.050971E-07  7.994895E-07  3.456070E-02  6.733558E-07  6.968573E-07  5.981675E-07  2.249892E-05  3.059155E-05  4.875924E-08  5.212814E-08  6.673345E-08  3.444338E-07
 3.031500E+02  8.295330E-01  1.349980E-03  4.219739E-07  5.589490E-07  6.231260E-07  7.493951E-07  9.789888E-02  4.045407E-05  7.640086E-08  3.287450E-02  1.880631E-05  4.715689E-08  1.871595E-09  4.066676E-03  1.867539E-07  6.692192E-07  7.652720E-07  3.415880E-02  6.470333E-07  6.744755E-07  5.785467E-07  2.222701E-05  3.022123E-05  4.634940E-08  4.925086E-08  6.307159E-08  3.283328E-07
 3.041500E+02  8.297891E-01  1.331991E-03  4.067482E-07  5.389282E-07  6.008424E-07  7.227818E-07  9.793971E-02  3.972184E-05  7.175349E-08  3.307327E-02  1.867863E-05  4.508235E-08  1.846160E-09  3.987233E-03  1.768468E-07  6.353981E-07  7.327528E-07  3.376221E-02  6.218257E-07  6.529271E-07  5.596702E-07  2.195860E-05  2.985572E-05  4.406721E-08  4.654667E-08  5.962886E-08  3.130666E-07
 3.051500E+02  8.300412E-01  1.314381E-03  3.921813E-07  5.197688E-07  5.795162E-07  6.973057E-07  9.797946E-02  3.900760E-05  6.741704E-08  3.326941E-02  1.855010E-05  4.310283E-08  1.820876E-09  3.909892E-03  1.675285E-07  6.035041E-07  7.018372E-07  3.337090E-02  5.976834E-07  6.321778E-07  5.415068E-07  2.169369E-05  2.949500E-05  4.190556E-08  4.400442E-08  5.639120E-08  2.985880E-07
 3.061500E+02  8.302893E-01  1.297140E-03  3.782407E-07  5.014282E-07  5.591003E-07  6.729109E-07  9.801816E-02  3.831085E-05  6.336899E-08  3.346293E-02  1.842080E-05  4.121397E-08  1.795754E-09  3.834587E-03  1.587606E-07  5.734161E-07  6.724366E-07  3.298482E-02  5.745593E-07  6.121947E-07  5.240267E-07  2.143225E-05  2.913905E-05  3.985775E-08  4.161369E-08  5.334549E-08  2.848530E-07
 3.071500E+02  8.305334E-01  1.280257E-03  3.648956E-07  4.838664E-07  5.395501E-07  6.495449E-07  9.805586E-02  3.763107E-05  5.958856E-08  3.365384E-02  1.829083E-05  3.941156E-08  1.770807E-09  3.761252E-03  1.505074E-07  5.450214E-07  6.444675E-07  3.260393E-02  5.524082E-07  5.929464E-07  5.072014E-07  2.117426E-05  2.878783E-05  3.791748E-08  3.936478E-08  5.047950E-08  2.718202E-07
 3.081500E+02  8.307737E-01  1.263724E-03  3.521167E-07  4.670454E-07  5.208236E-07  6.271578E-07  9.809258E-02  3.696777E-05  5.605656E-08  3.384218E-02  1.816028E-05  3.769162E-08  1.746044E-09  3.689827E-03  1.427357E-07  5.182149E-07  6.178516E-07  3.222818E-02  5.311870E-07  5.744029E-07  4.910037E-07  2.091971E-05  2.844132E-05  3.607879E-08  3.724866E-08  4.778184E-08  2.594505E-07
 3.091500E+02  8.310101E-01  1.247531E-03  3.398764E-07  4.509292E-07  5.028807E-07  6.057025E-07  9.812835E-02  3.632048E-05  5.275529E-08  3.402796E-02  1.802922E-05  3.605030E-08  1.721476E-09  3.620251E-03  1.354147E-07  4.928986E-07  5.925153E-07  3.185754E-02  5.108545E-07  5.565357E-07  4.754075E-07  2.066857E-05  2.809948E-05  3.433607E-08  3.525689E-08  4.524188E-08  2.477072E-07
 3.101500E+02  8.312428E-01  1.231670E-03  3.281488E-07  4.354841E-07  4.856840E-07  5.851344E-07  9.816321E-02  3.568873E-05  4.966839E-08  3.421122E-02  1.789775E-05  3.448398E-08  1.697111E-09  3.552466E-03  1.285156E-07  4.689810E-07  5.683894E-07  3.149194E-02  4.913716E-07  5.393171E-07  4.603882E-07  2.042081E-05  2.776228E-05  3.268404E-08  3.338163E-08  4.284969E-08  2.365559E-07
 3.111500E+02  8.314718E-01  1.216131E-03  3.169092E-07  4.206779E-07  4.691977E-07  5.654113E-07  9.819717E-02  3.507208E-05  4.678076E-08  3.439196E-02  1.776594E-05  3.298917E-08  1.672959E-09  3.486417E-03  1.220118E-07  4.463768E-07  5.454089E-07  3.113135E-02  4.727007E-07  5.227212E-07  4.459219E-07  2.017642E-05  2.742968E-05  3.111772E-08  3.161553E-08  4.059602E-08  2.259641E-07
 3.121500E+02  8.316971E-01  1.200907E-03  3.061343E-07  4.064802E-07  4.533881E-07  5.464932E-07  9.823028E-02  3.447010E-05  4.407844E-08  3.457023E-02  1.763387E-05  3.156253E-08  1.649026E-09  3.422050E-03  1.158782E-07  4.250064E-07  5.235124E-07  3.077571E-02  4.548060E-07  5.067227E-07  4.319860E-07  1.993536E-05  2.710165E-05  2.963240E-08  2.995175E-08  3.847224E-08  2.159012E-07
 3.131500E+02  8.319189E-01  1.185989E-03  2.958020E-07  3.928622E-07  4.382232E-07  5.283424E-07  9.826255E-02  3.388237E-05  4.154849E-08  3.474603E-02  1.750160E-05  3.020090E-08  1.625321E-09  3.359313E-03  1.100916E-07  4.047953E-07  5.026425E-07  3.042498E-02  4.376534E-07  4.912977E-07  4.185589E-07  1.969761E-05  2.677814E-05  2.822364E-08  2.838392E-08  3.647028E-08  2.063384E-07
 3.141500E+02  8.321371E-01  1.171370E-03  2.858913E-07  3.797968E-07  4.236729E-07  5.109231E-07  9.829401E-02  3.330849E-05  3.917898E-08  3.491941E-02  1.736921E-05  2.890125E-08  1.601849E-09  3.298157E-03  1.046305E-07  3.856739E-07  4.827448E-07  3.007911E-02  4.212103E-07  4.764234E-07  4.056198E-07  1.946314E-05  2.645912E-05  2.688728E-08  2.690607E-08  3.458261E-08  1.972487E-07
 3.151500E+02  8.323519E-01  1.157041E-03  2.763825E-07  3.672580E-07  4.097083E-07  4.942011E-07  9.832468E-02  3.274806E-05  3.695885E-08  3.509037E-02  1.723677E-05  2.766069E-08  1.578617E-09  3.238533E-03  9.947474E-08  3.675772E-07  4.637683E-07  2.973804E-02  4.054455E-07  4.620777E-07  3.931490E-07  1.923191E-05  2.614454E-05  2.561938E-08  2.551263E-08  3.280219E-08  1.886065E-07
 3.161500E+02  8.325633E-01  1.142996E-03  2.672569E-07  3.552216E-07  3.963024E-07  4.781444E-07  9.835460E-02  3.220071E-05  3.487785E-08  3.525896E-02  1.710433E-05  2.647646E-08  1.555629E-09  3.180394E-03  9.460543E-08  3.504445E-07  4.456648E-07  2.940172E-02  3.903293E-07  4.482397E-07  3.811276E-07  1.900391E-05  2.583437E-05  2.441620E-08  2.419840E-08  3.112245E-08  1.803878E-07
 3.171500E+02  8.327713E-01  1.129228E-03  2.584966E-07  3.436641E-07  3.834293E-07  4.627225E-07  9.838377E-02  3.166606E-05  3.292650E-08  3.542519E-02  1.697196E-05  2.534594E-08  1.532892E-09  3.123697E-03  9.000504E-08  3.342189E-07  4.283892E-07  2.907010E-02  3.758333E-07  4.348893E-07  3.695375E-07  1.877909E-05  2.552854E-05  2.327425E-08  2.295853E-08  2.953724E-08  1.725700E-07
 3.181500E+02  8.329760E-01  1.115729E-03  2.500848E-07  3.325638E-07  3.710648E-07  4.479063E-07  9.841223E-02  3.114378E-05  3.109600E-08  3.558909E-02  1.683972E-05  2.426662E-08  1.510408E-09  3.068396E-03  8.565719E-08  3.188472E-07  4.118985E-07  2.874313E-02  3.619304E-07  4.220074E-07  3.583614E-07  1.855743E-05  2.522704E-05  2.219022E-08  2.178847E-08  2.804081E-08  1.651316E-07
 3.191500E+02  8.331775E-01  1.102493E-03  2.420056E-07  3.218997E-07  3.591855E-07  4.336684E-07  9.844000E-02  3.063350E-05  2.937822E-08  3.575069E-02  1.670766E-05  2.323611E-08  1.488182E-09  3.014452E-03  8.154660E-08  3.042796E-07  3.961525E-07  2.842075E-02  3.485947E-07  4.095754E-07  3.475828E-07  1.833889E-05  2.492980E-05  2.116098E-08  2.068397E-08  2.662780E-08  1.580525E-07
 3.201500E+02  8.333758E-01  1.089514E-03  2.342438E-07  3.116521E-07  3.477695E-07  4.199828E-07  9.846709E-02  3.013490E-05  2.776559E-08  3.591001E-02  1.657583E-05  2.225213E-08  1.466218E-09  2.961822E-03  7.765895E-08  2.904695E-07  3.811132E-07  2.810292E-02  3.358017E-07  3.975759E-07  3.371858E-07  1.812344E-05  2.463678E-05  2.018359E-08  1.964108E-08  2.529318E-08  1.513138E-07
 3.211500E+02  8.335709E-01  1.076784E-03  2.267849E-07  3.018022E-07  3.367960E-07  4.068246E-07  9.849352E-02  2.964766E-05  2.625109E-08  3.606709E-02  1.644429E-05  2.131251E-08  1.444517E-09  2.910469E-03  7.398091E-08  2.773731E-07  3.667448E-07  2.778957E-02  3.235276E-07  3.859919E-07  3.271553E-07  1.791105E-05  2.434793E-05  1.925527E-08  1.865607E-08  2.403225E-08  1.448976E-07
 3.221500E+02  8.337630E-01  1.064299E-03  2.196154E-07  2.923321E-07  3.262451E-07  3.941704E-07  9.851932E-02  2.917146E-05  2.482822E-08  3.622195E-02  1.631309E-05  2.041518E-08  1.423084E-09  2.860355E-03  7.049998E-08  2.649495E-07  3.530133E-07  2.748065E-02  3.117500E-07  3.748073E-07  3.174769E-07  1.770168E-05  2.406321E-05  1.837339E-08  1.772546E-08  2.284059E-08  1.387870E-07
 3.231500E+02  8.339521E-01  1.052051E-03  2.127222E-07  2.832249E-07  3.160981E-07  3.819979E-07  9.854451E-02  2.870600E-05  2.349094E-08  3.637461E-02  1.618226E-05  1.955818E-08  1.401919E-09  2.811443E-03  6.720449E-08  2.531604E-07  3.398868E-07  2.717611E-02  3.004473E-07  3.640067E-07  3.081367E-07  1.749530E-05  2.378257E-05  1.753548E-08  1.684602E-08  2.171410E-08  1.329660E-07
 3.241500E+02  8.341381E-01  1.040036E-03  2.060931E-07  2.744646E-07  3.063369E-07  3.702858E-07  9.856909E-02  2.825099E-05  2.223363E-08  3.652511E-02  1.605186E-05  1.873960E-08  1.381024E-09  2.763698E-03  6.408351E-08  2.419698E-07  3.273352E-07  2.687589E-02  2.895992E-07  3.535752E-07  2.991214E-07  1.729187E-05  2.350597E-05  1.673921E-08  1.601469E-08  2.064891E-08  1.274196E-07
 3.251500E+02  8.343213E-01  1.028247E-03  1.997164E-07  2.660358E-07  2.969448E-07  3.590139E-07  9.859310E-02  2.780614E-05  2.105107E-08  3.667347E-02  1.592192E-05  1.795768E-08  1.360401E-09  2.717086E-03  6.112683E-08  2.313439E-07  3.153298E-07  2.657994E-02  2.791858E-07  3.434987E-07  2.904184E-07  1.709136E-05  2.323334E-05  1.598235E-08  1.522862E-08  1.964142E-08  1.221335E-07
 3.261500E+02  8.345015E-01  1.016680E-03  1.935810E-07  2.579241E-07  2.879055E-07  3.481631E-07  9.861654E-02  2.737118E-05  1.993840E-08  3.681971E-02  1.579248E-05  1.721069E-08  1.340051E-09  2.671575E-03  5.832487E-08  2.212510E-07  3.038439E-07  2.628821E-02  2.691887E-07  3.337635E-07  2.820154E-07  1.689373E-05  2.296465E-05  1.526284E-08  1.448514E-08  1.868822E-08  1.170945E-07
 3.271500E+02  8.346789E-01  1.005328E-03  1.876763E-07  2.501156E-07  2.792036E-07  3.377152E-07  9.863943E-02  2.694584E-05  1.889113E-08  3.696387E-02  1.566358E-05  1.649701E-08  1.319975E-09  2.627132E-03  5.566866E-08  2.116614E-07  2.928518E-07  2.600063E-02  2.595898E-07  3.243568E-07  2.739009E-07  1.669895E-05  2.269984E-05  1.457869E-08  1.378176E-08  1.778616E-08  1.122898E-07
 3.281500E+02  8.348536E-01  9.941872E-04  1.819922E-07  2.425972E-07  2.708247E-07  3.276528E-07  9.866179E-02  2.652986E-05  1.790505E-08  3.710598E-02  1.553526E-05  1.581510E-08  1.300172E-09  2.583728E-03  5.314981E-08  2.025472E-07  2.823294E-07  2.571716E-02  2.503721E-07  3.152659E-07  2.660637E-07  1.650698E-05  2.243887E-05  1.392805E-08  1.311612E-08  1.693225E-08  1.077074E-07
 3.291500E+02  8.350255E-01  9.832520E-04  1.765193E-07  2.353564E-07  2.627547E-07  3.179595E-07  9.868363E-02  2.612299E-05  1.697625E-08  3.724605E-02  1.540755E-05  1.516347E-08  1.280644E-09  2.541332E-03  5.076045E-08  1.938821E-07  2.722541E-07  2.543775E-02  2.415193E-07  3.064789E-07  2.584931E-07  1.631779E-05  2.218169E-05  1.330917E-08  1.248603E-08  1.612370E-08  1.033361E-07
 3.301500E+02  8.351947E-01  9.725177E-04  1.712484E-07  2.283813E-07  2.549805E-07  3.086194E-07  9.870497E-02  2.572499E-05  1.610110E-08  3.738412E-02  1.528047E-05  1.454071E-08  1.261389E-09  2.499916E-03  4.849321E-08  1.856415E-07  2.626042E-07  2.516233E-02  2.330158E-07  2.979845E-07  2.511789E-07  1.613134E-05  2.192824E-05  1.272038E-08  1.188943E-08  1.535790E-08  9.916516E-08
 3.311500E+02  8.353612E-01  9.619796E-04  1.661708E-07  2.216607E-07  2.474895E-07  2.996177E-07  9.872582E-02  2.533562E-05  1.527620E-08  3.752021E-02  1.515406E-05  1.394550E-08  1.242407E-09  2.459452E-03  4.634115E-08  1.778023E-07  2.533594E-07  2.489085E-02  2.248468E-07  2.897714E-07  2.441114E-07  1.594759E-05  2.167848E-05  1.216011E-08  1.132439E-08  1.463239E-08  9.518448E-08
 3.321500E+02  8.355252E-01  9.516332E-04  1.612785E-07  2.151836E-07  2.402697E-07  2.909401E-07  9.874620E-02  2.495466E-05  1.449841E-08  3.765436E-02  1.502835E-05  1.337654E-08  1.223698E-09  2.419913E-03  4.429779E-08  1.703426E-07  2.445002E-07  2.462327E-02  2.169981E-07  2.818294E-07  2.372811E-07  1.576652E-05  2.143236E-05  1.162689E-08  1.078909E-08  1.394487E-08  9.138452E-08
 3.331500E+02  8.356866E-01  9.414739E-04  1.565634E-07  2.089400E-07  2.333097E-07  2.825730E-07  9.876611E-02  2.458188E-05  1.376478E-08  3.778658E-02  1.490336E-05  1.283263E-08  1.205261E-09  2.381273E-03  4.235704E-08  1.632419E-07  2.360084E-07  2.435952E-02  2.094560E-07  2.741481E-07  2.306790E-07  1.558808E-05  2.118983E-05  1.111931E-08  1.028183E-08  1.329318E-08  8.775625E-08
 3.341500E+02  8.358455E-01  9.314975E-04  1.520182E-07  2.029200E-07  2.265987E-07  2.745036E-07  9.878558E-02  2.421707E-05  1.307255E-08  3.791691E-02  1.477911E-05  1.231261E-08  1.187095E-09  2.343508E-03  4.051317E-08  1.564811E-07  2.278667E-07  2.409955E-02  2.022077E-07  2.667180E-07  2.242966E-07  1.541223E-05  2.095084E-05  1.063605E-08  9.801017E-09  1.267528E-08  8.429112E-08
 3.351500E+02  8.360019E-01  9.216997E-04  1.476358E-07  1.971143E-07  2.201263E-07  2.667195E-07  9.880461E-02  2.386002E-05  1.241919E-08  3.804536E-02  1.465563E-05  1.181537E-08  1.169198E-09  2.306593E-03  3.876081E-08  1.500419E-07  2.200586E-07  2.384332E-02  1.952408E-07  2.595298E-07  2.181255E-07  1.523895E-05  2.071535E-05  1.017586E-08  9.345148E-09  1.208927E-08  8.098105E-08
 3.361500E+02  8.361559E-01  9.120766E-04  1.434094E-07  1.915141E-07  2.138826E-07  2.592090E-07  9.882322E-02  2.351053E-05  1.180228E-08  3.817198E-02  1.453294E-05  1.133986E-08  1.151569E-09  2.270505E-03  3.709493E-08  1.439072E-07  2.125686E-07  2.359076E-02  1.885433E-07  2.525745E-07  2.121579E-07  1.506820E-05  2.048330E-05  9.737544E-09  8.912816E-09  1.153336E-08  7.781840E-08
 3.371500E+02  8.363075E-01  9.026240E-04  1.393325E-07  1.861108E-07  2.078582E-07  2.519608E-07  9.884141E-02  2.316840E-05  1.121962E-08  3.829677E-02  1.441106E-05  1.088508E-08  1.134206E-09  2.235220E-03  3.551076E-08  1.380611E-07  2.053820E-07  2.334183E-02  1.821041E-07  2.458436E-07  2.063861E-07  1.489994E-05  2.025464E-05  9.319996E-09  8.502698E-09  1.100585E-08  7.479592E-08
 3.381500E+02  8.364567E-01  8.933382E-04  1.353989E-07  1.808964E-07  2.020442E-07  2.449643E-07  9.885920E-02  2.283345E-05  1.066910E-08  3.841978E-02  1.429001E-05  1.045008E-08  1.117108E-09  2.200718E-03  3.400387E-08  1.324882E-07  1.984846E-07  2.309647E-02  1.759122E-07  2.393288E-07  2.008029E-07  1.473413E-05  2.002933E-05  8.922154E-09  8.113550E-09  1.050518E-08  7.190675E-08
 3.391500E+02  8.366037E-01  8.842153E-04  1.316029E-07  1.758632E-07  1.964320E-07  2.382093E-07  9.887660E-02  2.250548E-05  1.014879E-08  3.854102E-02  1.416980E-05  1.003394E-08  1.100273E-09  2.166975E-03  3.257004E-08  1.271744E-07  1.918632E-07  2.285464E-02  1.699574E-07  2.330223E-07  1.954013E-07  1.457075E-05  1.980732E-05  8.543014E-09  7.744205E-09  1.002985E-08  6.914441E-08
 3.401500E+02  8.367484E-01  8.752518E-04  1.279388E-07  1.710040E-07  1.910135E-07  2.316862E-07  9.889362E-02  2.218432E-05  9.656868E-09  3.866052E-02  1.405045E-05  9.635812E-09  1.083698E-09  2.133973E-03  3.120535E-08  1.221062E-07  1.855053E-07  2.261628E-02  1.642299E-07  2.269165E-07  1.901745E-07  1.440976E-05  1.958856E-05  8.181631E-09  7.393564E-09  9.578471E-09  6.650274E-08
 3.411500E+02  8.368908E-01  8.664440E-04  1.244013E-07  1.663116E-07  1.857808E-07  2.253855E-07  9.891027E-02  2.186980E-05  9.191635E-09  3.877830E-02  1.393198E-05  9.254858E-09  1.067382E-09  2.101691E-03  2.990608E-08  1.172708E-07  1.793988E-07  2.238134E-02  1.587201E-07  2.210042E-07  1.851162E-07  1.425112E-05  1.937300E-05  7.837106E-09  7.060595E-09  9.149716E-09  6.397592E-08
 3.421500E+02  8.370311E-01  8.577885E-04  1.209853E-07  1.617794E-07  1.807265E-07  2.192984E-07  9.892656E-02  2.156174E-05  8.751501E-09  3.889440E-02  1.381439E-05  8.890296E-09  1.051321E-09  2.070109E-03  2.866874E-08  1.126564E-07  1.735325E-07  2.214977E-02  1.534190E-07  2.152783E-07  1.802202E-07  1.409480E-05  1.916060E-05  7.508592E-09  6.744325E-09  8.742351E-09  6.155843E-08
 3.431500E+02  8.371692E-01  8.492820E-04  1.176858E-07  1.574010E-07  1.758435E-07  2.134166E-07  9.894250E-02  2.125999E-05  8.334979E-09  3.900883E-02  1.369770E-05  8.541380E-09  1.035515E-09  2.039210E-03  2.749003E-08  1.082515E-07  1.678955E-07  2.192152E-02  1.483181E-07  2.097322E-07  1.754805E-07  1.394076E-05  1.895132E-05  7.195285E-09  6.443841E-09  8.355211E-09  5.924503E-08
 3.441500E+02  8.373052E-01  8.409211E-04  1.144984E-07  1.531704E-07  1.711251E-07  2.077318E-07  9.895810E-02  2.096438E-05  7.940678E-09  3.912162E-02  1.358193E-05  8.207395E-09  1.019960E-09  2.008974E-03  2.636687E-08  1.040456E-07  1.624775E-07  2.169655E-02  1.434090E-07  2.043595E-07  1.708915E-07  1.378898E-05  1.874510E-05  6.896425E-09  6.158283E-09  7.987199E-09  5.703077E-08
 3.451500E+02  8.374391E-01  8.327027E-04  1.114185E-07  1.490817E-07  1.665648E-07  2.022364E-07  9.897337E-02  2.067477E-05  7.567295E-09  3.923279E-02  1.346707E-05  7.887663E-09  1.004653E-09  1.979384E-03  2.529633E-08  1.000286E-07  1.572689E-07  2.147479E-02  1.386840E-07  1.991540E-07  1.664478E-07  1.363941E-05  1.854190E-05  6.611292E-09  5.886840E-09  7.637282E-09  5.491094E-08
 3.461500E+02  8.375710E-01  8.246236E-04  1.084419E-07  1.451293E-07  1.621563E-07  1.969230E-07  9.898831E-02  2.039099E-05  7.213611E-09  3.934238E-02  1.335314E-05  7.581537E-09  9.895926E-10  1.950424E-03  2.427566E-08  9.619094E-08  1.522604E-07  2.125622E-02  1.341354E-07  1.941097E-07  1.621440E-07  1.349203E-05  1.834167E-05  6.339204E-09  5.628751E-09  7.304489E-09  5.288108E-08
 3.471500E+02  8.377009E-01  8.166809E-04  1.055645E-07  1.413079E-07  1.578938E-07  1.917846E-07  9.900294E-02  2.011291E-05  6.878482E-09  3.945039E-02  1.324015E-05  7.288401E-09  9.747754E-10  1.922076E-03  2.330228E-08  9.252368E-08  1.474432E-07  2.104077E-02  1.297561E-07  1.892209E-07  1.579752E-07  1.334681E-05  1.814437E-05  6.079514E-09  5.383296E-09  6.987901E-09  5.093696E-08
 3.481500E+02  8.378288E-01  8.088715E-04  1.027826E-07  1.376125E-07  1.537715E-07  1.868144E-07  9.901727E-02  1.984039E-05  6.560838E-09  3.955686E-02  1.312811E-05  7.007667E-09  9.601987E-10  1.894324E-03  2.237373E-08  8.901833E-08  1.428089E-07  2.082841E-02  1.255392E-07  1.844822E-07  1.539365E-07  1.320370E-05  1.794996E-05  5.831612E-09  5.149801E-09  6.686657E-09  4.907455E-08
 3.491500E+02  8.379547E-01  8.011927E-04  1.000923E-07  1.340381E-07  1.497842E-07  1.820059E-07  9.903129E-02  1.957328E-05  6.259674E-09  3.966181E-02  1.301701E-05  6.738776E-09  9.458599E-10  1.867154E-03  2.148771E-08  8.566685E-08  1.383495E-07  2.061908E-02  1.214780E-07  1.798883E-07  1.500233E-07  1.306268E-05  1.775839E-05  5.594918E-09  4.927627E-09  6.399941E-09  4.729006E-08
 3.501500E+02  8.380788E-01  7.936415E-04  9.749021E-08  1.305803E-07  1.459267E-07  1.773531E-07  9.904502E-02  1.931146E-05  5.974051E-09  3.976526E-02  1.290687E-05  6.481194E-09  9.317558E-10  1.840550E-03  2.064204E-08  8.246168E-08  1.340576E-07  2.041274E-02  1.175663E-07  1.754342E-07  1.462312E-07  1.292372E-05  1.756962E-05  5.368882E-09  4.716174E-09  6.126987E-09  4.557987E-08
 3.511500E+02  8.382009E-01  7.862154E-04  9.497288E-08  1.272344E-07  1.421939E-07  1.728499E-07  9.905847E-02  1.905479E-05  5.703084E-09  3.986724E-02  1.279769E-05  6.234414E-09  9.178837E-10  1.814497E-03  1.983468E-08  7.939564E-08  1.299259E-07  2.020934E-02  1.137981E-07  1.711149E-07  1.425558E-07  1.278679E-05  1.738360E-05  5.152985E-09  4.514875E-09  5.867072E-09  4.394053E-08
 3.521500E+02  8.383213E-01  7.789116E-04  9.253710E-08  1.239963E-07  1.385812E-07  1.684907E-07  9.907165E-02  1.880316E-05  5.445946E-09  3.996776E-02  1.268948E-05  5.997952E-09  9.042407E-10  1.788982E-03  1.906367E-08  7.646193E-08  1.259475E-07  2.000885E-02  1.101675E-07  1.669258E-07  1.389931E-07  1.265184E-05  1.720030E-05  4.946732E-09  4.323196E-09  5.619511E-09  4.236879E-08
 3.531500E+02  8.384398E-01  7.717276E-04  9.017977E-08  1.208618E-07  1.350840E-07  1.642702E-07  9.908455E-02  1.855643E-05  5.201858E-09  4.006685E-02  1.258223E-05  5.771345E-09  8.908236E-10  1.763990E-03  1.832720E-08  7.365415E-08  1.221159E-07  1.981120E-02  1.066690E-07  1.628624E-07  1.355391E-07  1.251887E-05  1.701967E-05  4.749656E-09  4.140633E-09  5.383663E-09  4.086155E-08
 3.541500E+02  8.385566E-01  7.646608E-04  8.789793E-08  1.178272E-07  1.316980E-07  1.601831E-07  9.909719E-02  1.831449E-05  4.970091E-09  4.016453E-02  1.247595E-05  5.554154E-09  8.776295E-10  1.739508E-03  1.762352E-08  7.096621E-08  1.184249E-07  1.961637E-02  1.032974E-07  1.589204E-07  1.321900E-07  1.238782E-05  1.684166E-05  4.561313E-09  3.966711E-09  5.158918E-09  3.941586E-08
 3.551500E+02  8.386716E-01  7.577088E-04  8.568875E-08  1.148886E-07  1.284190E-07  1.562246E-07  9.910958E-02  1.807722E-05  4.749960E-09  4.026083E-02  1.237065E-05  5.345960E-09  8.646555E-10  1.715524E-03  1.695100E-08  6.839236E-08  1.148686E-07  1.942430E-02  1.000476E-07  1.550955E-07  1.289422E-07  1.225868E-05  1.666625E-05  4.381283E-09  3.800982E-09  4.944704E-09  3.802894E-08
 3.561500E+02  8.387848E-01  7.508691E-04  8.354951E-08  1.120425E-07  1.252432E-07  1.523898E-07  9.912172E-02  1.784452E-05  4.540819E-09  4.035576E-02  1.226632E-05  5.146362E-09  8.518984E-10  1.692025E-03  1.630811E-08  6.592715E-08  1.114412E-07  1.923496E-02  9.691472E-08  1.513839E-07  1.257920E-07  1.213141E-05  1.649338E-05  4.209167E-09  3.643022E-09  4.740479E-09  3.669811E-08
 3.571500E+02  8.388964E-01  7.441396E-04  8.147761E-08  1.092855E-07  1.221666E-07  1.486741E-07  9.913361E-02  1.761627E-05  4.342063E-09  4.044935E-02  1.216296E-05  4.954981E-09  8.393551E-10  1.668998E-03  1.569337E-08  6.356543E-08  1.081376E-07  1.904830E-02  9.389417E-08  1.477817E-07  1.227363E-07  1.200599E-05  1.632303E-05  4.044587E-09  3.492432E-09  4.545731E-09  3.542086E-08
 3.581500E+02  8.390064E-01  7.375178E-04  7.947057E-08  1.066143E-07  1.191856E-07  1.450734E-07  9.914526E-02  1.739237E-05  4.153124E-09  4.054161E-02  1.206057E-05  4.771452E-09  8.270228E-10  1.646432E-03  1.510541E-08  6.130228E-08  1.049524E-07  1.886428E-02  9.098149E-08  1.442851E-07  1.197717E-07  1.188238E-05  1.615514E-05  3.887182E-09  3.348833E-09  4.359977E-09  3.419479E-08
 3.591500E+02  8.391147E-01  7.310016E-04  7.752600E-08  1.040257E-07  1.162968E-07  1.415833E-07  9.915669E-02  1.717271E-05  3.973466E-09  4.063257E-02  1.195915E-05  4.595430E-09  8.148982E-10  1.624316E-03  1.454292E-08  5.913309E-08  1.018808E-07  1.868286E-02  8.817243E-08  1.408906E-07  1.168950E-07  1.176056E-05  1.598968E-05  3.736613E-09  3.211870E-09  4.182761E-09  3.301759E-08
 3.601500E+02  8.392214E-01  7.245888E-04  7.564161E-08  1.015168E-07  1.134967E-07  1.381999E-07  9.916789E-02  1.695720E-05  3.802585E-09  4.072224E-02  1.185871E-05  4.426584E-09  8.029783E-10  1.602637E-03  1.400466E-08  5.705346E-08  9.891821E-08  1.850401E-02  8.546292E-08  1.375947E-07  1.141034E-07  1.164050E-05  1.582661E-05  3.592556E-09  3.081206E-09  4.013652E-09  3.188712E-08
 3.611500E+02  8.393265E-01  7.182773E-04  7.381522E-08  9.908466E-08  1.107822E-07  1.349193E-07  9.917887E-02  1.674573E-05  3.640008E-09  4.081066E-02  1.175924E-05  4.264598E-09  7.912600E-10  1.581387E-03  1.348945E-08  5.505921E-08  9.606010E-08  1.832767E-02  8.284907E-08  1.343942E-07  1.113939E-07  1.152217E-05  1.566589E-05  3.454705E-09  2.956522E-09  3.852241E-09  3.080128E-08
 3.621500E+02  8.394301E-01  7.120650E-04  7.204473E-08  9.672652E-08  1.081502E-07  1.317378E-07  9.918963E-02  1.653822E-05  3.485289E-09  4.089783E-02  1.166073E-05  4.109174E-09  7.797404E-10  1.560553E-03  1.299620E-08  5.314639E-08  9.330225E-08  1.815381E-02  8.032714E-08  1.312859E-07  1.087637E-07  1.140555E-05  1.550750E-05  3.322766E-09  2.837517E-09  3.698143E-09  2.975813E-08
 3.631500E+02  8.395321E-01  7.059500E-04  7.032812E-08  9.443974E-08  1.055977E-07  1.286520E-07  9.920019E-02  1.633457E-05  3.338007E-09  4.098377E-02  1.156319E-05  3.960024E-09  7.684163E-10  1.540126E-03  1.252386E-08  5.131125E-08  9.064059E-08  1.798239E-02  7.789355E-08  1.282667E-07  1.062101E-07  1.129060E-05  1.535138E-05  3.196464E-09  2.723906E-09  3.550993E-09  2.875577E-08
 3.641500E+02  8.396327E-01  6.999303E-04  6.866347E-08  9.222177E-08  1.031220E-07  1.256583E-07  9.921054E-02  1.613469E-05  3.197769E-09  4.106851E-02  1.146662E-05  3.816875E-09  7.572848E-10  1.520096E-03  1.207141E-08  4.955024E-08  8.807127E-08  1.781338E-02  7.554489E-08  1.253337E-07  1.037307E-07  1.117731E-05  1.519751E-05  3.075536E-09  2.615421E-09  3.410447E-09  2.779244E-08
 3.651500E+02  8.397318E-01  6.940040E-04  6.704891E-08  9.007016E-08  1.007202E-07  1.227537E-07  9.922069E-02  1.593849E-05  3.064200E-09  4.115207E-02  1.137100E-05  3.679466E-09  7.463428E-10  1.500454E-03  1.163794E-08  4.785996E-08  8.559059E-08  1.764673E-02  7.327787E-08  1.224839E-07  1.013228E-07  1.106563E-05  1.504584E-05  2.959732E-09  2.511807E-09  3.276177E-09  2.686644E-08
 3.661500E+02  8.398294E-01  6.881691E-04  6.548268E-08  8.798258E-08  9.838981E-08  1.199349E-07  9.923065E-02  1.574589E-05  2.936950E-09  4.123446E-02  1.127634E-05  3.547549E-09  7.355873E-10  1.481189E-03  1.122253E-08  4.623720E-08  8.319501E-08  1.748241E-02  7.108933E-08  1.197148E-07  9.898418E-08  1.095556E-05  1.489635E-05  2.848815E-09  2.412824E-09  3.147876E-09  2.597614E-08
 3.671500E+02  8.399256E-01  6.824240E-04  6.396307E-08  8.595677E-08  9.612829E-08  1.171989E-07  9.924042E-02  1.555681E-05  2.815689E-09  4.131570E-02  1.118263E-05  3.420886E-09  7.250153E-10  1.462294E-03  1.082435E-08  4.467893E-08  8.088117E-08  1.732038E-02  6.897628E-08  1.170236E-07  9.671245E-08  1.084706E-05  1.474899E-05  2.742559E-09  2.318242E-09  3.025250E-09  2.512001E-08
 3.681500E+02  8.400205E-01  6.767668E-04  6.248845E-08  8.399059E-08  9.393324E-08  1.145429E-07  9.925000E-02  1.537117E-05  2.700103E-09  4.139580E-02  1.108986E-05  3.299251E-09  7.146239E-10  1.443758E-03  1.044259E-08  4.318224E-08  7.864584E-08  1.716061E-02  6.693581E-08  1.144078E-07  9.450543E-08  1.074011E-05  1.460374E-05  2.640749E-09  2.227847E-09  2.908023E-09  2.429657E-08
 3.691500E+02  8.401139E-01  6.711958E-04  6.105723E-08  8.208195E-08  9.180236E-08  1.119642E-07  9.925940E-02  1.518888E-05  2.589899E-09  4.147480E-02  1.099804E-05  3.182429E-09  7.044101E-10  1.425574E-03  1.007649E-08  4.174438E-08  7.648595E-08  1.700306E-02  6.496517E-08  1.118650E-07  9.236099E-08  1.063468E-05  1.446056E-05  2.543184E-09  2.141433E-09  2.795932E-09  2.350444E-08
 3.701500E+02  8.402060E-01  6.657092E-04  5.966792E-08  8.022887E-08  8.973343E-08  1.094600E-07  9.926863E-02  1.500988E-05  2.484800E-09  4.155270E-02  1.090716E-05  3.070212E-09  6.943711E-10  1.407733E-03  9.725322E-09  4.036274E-08  7.439856E-08  1.684769E-02  6.306169E-08  1.093929E-07  9.027707E-08  1.053075E-05  1.431942E-05  2.449667E-09  2.058809E-09  2.688730E-09  2.274228E-08
 3.711500E+02  8.402968E-01  6.603056E-04  5.831906E-08  7.842943E-08  8.772431E-08  1.070277E-07  9.927768E-02  1.483409E-05  2.384542E-09  4.162952E-02  1.081721E-05  2.962404E-09  6.845039E-10  1.390228E-03  9.388407E-09  3.903482E-08  7.238084E-08  1.669448E-02  6.122283E-08  1.069890E-07  8.825170E-08  1.042830E-05  1.418028E-05  2.360016E-09  1.979790E-09  2.586180E-09  2.200881E-08
 3.721500E+02  8.403863E-01  6.549832E-04  5.700926E-08  7.668181E-08  8.577297E-08  1.046651E-07  9.928656E-02  1.466143E-05  2.288879E-09  4.170528E-02  1.072819E-05  2.858817E-09  6.748057E-10  1.373049E-03  9.065089E-09  3.775826E-08  7.043011E-08  1.654338E-02  5.944615E-08  1.046513E-07  8.628297E-08  1.032729E-05  1.404311E-05  2.274056E-09  1.904202E-09  2.488060E-09  2.130283E-08
 3.731500E+02  8.404745E-01  6.497404E-04  5.573719E-08  7.498422E-08  8.387743E-08  1.023696E-07  9.929528E-02  1.449185E-05  2.197578E-09  4.178000E-02  1.064009E-05  2.759272E-09  6.652736E-10  1.356190E-03  8.754752E-09  3.653082E-08  6.854379E-08  1.639436E-02  5.772930E-08  1.023776E-07  8.436905E-08  1.022772E-05  1.390789E-05  2.191619E-09  1.831882E-09  2.394159E-09  2.062319E-08
