#         T/K            c1          c2-1          c3-4          c3-5          c3-7          c3-9            m1          m2-1          m3-1            w1            w2          w3-1          w3-2          c1m1        c1m2-1        c1m2-7        c2m1-1        c1w1-2        c1w2-1        c2w1-1        c2w1-9        m1w1-1        m1w1-4        m1w2-1        m2w1-1        m2w1-3      c1m1w1-1
 2.731500E+02  2.484092E-01  2.011098E-04  4.310783E-08  5.658007E-08  6.294982E-08  7.505983E-08  4.903436E-01  1.991539E-03  8.730446E-05  1.528171E-01  7.892290E-04  4.145707E-05  5.816870E-07  1.255124E-02  9.689922E-06  3.179571E-05  1.638684E-06  9.016796E-02  2.559445E-05  1.120207E-06  9.836604E-07  9.970011E-04  1.357187E-03  4.384545E-05  5.093964E-05  6.451573E-05  1.511235E-05
 2.741500E+02  2.492448E-01  1.987115E-04  4.145153E-08  5.442455E-08  6.055616E-08  7.222846E-08  4.905690E-01  1.944615E-03  8.061387E-05  1.535494E-01  7.776903E-04  3.884385E-05  5.662009E-07  1.226870E-02  9.063570E-06  2.983677E-05  1.558189E-06  8.878755E-02  2.425969E-05  1.076930E-06  9.448432E-07  9.784421E-04  1.331839E-03  4.090337E-05  4.728731E-05  5.991386E-05  1.422148E-05
 2.751500E+02  2.500644E-01  1.963468E-04  3.986733E-08  5.236214E-08  5.826571E-08  6.951827E-08  4.907872E-01  1.899145E-03  7.448103E-05  1.542686E-01  7.663115E-04  3.640616E-05  5.511461E-07  1.199422E-02  8.481786E-06  2.801137E-05  1.482138E-06  8.743065E-02  2.300037E-05  1.035520E-06  9.077334E-07  9.603070E-04  1.307073E-03  3.817380E-05  4.391874E-05  5.566785E-05  1.338809E-05
 2.761500E+02  2.508684E-01  1.940156E-04  3.835181E-08  5.038846E-08  5.607362E-08  6.692363E-08  4.909985E-01  1.855075E-03  6.885596E-05  1.549750E-01  7.550926E-04  3.413161E-05  5.365122E-07  1.172754E-02  7.941137E-06  2.630962E-05  1.410262E-06  8.609697E-02  2.181197E-05  9.958884E-07  8.722506E-07  9.425856E-04  1.282877E-03  3.564042E-05  4.081031E-05  5.174824E-05  1.260819E-05
 2.771500E+02  2.516571E-01  1.917175E-04  3.690174E-08  4.849934E-08  5.397529E-08  6.443917E-08  4.912032E-01  1.812355E-03  6.369348E-05  1.556688E-01  7.440334E-04  3.200872E-05  5.222887E-07  1.146841E-02  7.438470E-06  2.472241E-05  1.342310E-06  8.478625E-02  2.069026E-05  9.579548E-07  8.383181E-07  9.252683E-04  1.259235E-03  3.328824E-05  3.794052E-05  4.812815E-05  1.187807E-05
 2.781500E+02  2.524306E-01  1.894522E-04  3.551402E-08  4.669083E-08  5.196635E-08  6.205977E-08  4.914015E-01  1.770937E-03  5.895266E-05  1.563502E-01  7.331337E-04  3.002686E-05  5.084651E-07  1.121657E-02  6.970894E-06  2.324135E-05  1.278048E-06  8.349818E-02  1.963125E-05  9.216407E-07  8.058632E-07  9.083452E-04  1.236135E-03  3.110346E-05  3.528975E-05  4.478304E-05  1.119432E-05
 2.791500E+02  2.531893E-01  1.872195E-04  3.418574E-08  4.495917E-08  5.004263E-08  5.978060E-08  4.915938E-01  1.730772E-03  5.459646E-05  1.570193E-01  7.223932E-04  2.817615E-05  4.950312E-07  1.097181E-02  6.535751E-06  2.185872E-05  1.217256E-06  8.223248E-02  1.863121E-05  8.868716E-07  7.748165E-07  8.918070E-04  1.213564E-03  2.907341E-05  3.284007E-05  4.169053E-05  1.055377E-05
 2.801500E+02  2.539335E-01  1.850190E-04  3.291410E-08  4.330081E-08  4.820019E-08  5.759703E-08  4.917802E-01  1.691816E-03  5.059127E-05  1.576764E-01  7.118113E-04  2.644745E-05  4.819769E-07  1.073388E-02  6.130600E-06  2.056740E-05  1.159728E-06  8.098885E-02  1.768665E-05  8.535768E-07  7.451123E-07  8.756443E-04  1.191508E-03  2.718640E-05  3.057512E-05  3.883014E-05  9.953476E-06
 2.811500E+02  2.546633E-01  1.828505E-04  3.169647E-08  4.171234E-08  4.643526E-08  5.550468E-08  4.919611E-01  1.654027E-03  4.690665E-05  1.583216E-01  7.013872E-04  2.483227E-05  4.692923E-07  1.050257E-02  5.753197E-06  1.936081E-05  1.105271E-06  7.976699E-02  1.679429E-05  8.216889E-07  7.166879E-07  8.598481E-04  1.169955E-03  2.543171E-05  2.847997E-05  3.618319E-05  9.390702E-06
 2.821500E+02  2.553791E-01  1.807136E-04  3.053033E-08  4.019053E-08  4.474429E-08  5.349937E-08  4.921365E-01  1.617361E-03  4.351495E-05  1.589551E-01  6.911203E-04  2.332275E-05  4.569676E-07  1.027767E-02  5.401478E-06  1.823290E-05  1.053706E-06  7.856659E-02  1.595105E-05  7.911436E-07  6.894838E-07  8.444095E-04  1.148893E-03  2.379943E-05  2.654095E-05  3.373257E-05  8.862921E-06
 2.831500E+02  2.560812E-01  1.786080E-04  2.941330E-08  3.873233E-08  4.312387E-08  5.157714E-08  4.923067E-01  1.581780E-03  4.039108E-05  1.595772E-01  6.810095E-04  2.191160E-05  4.449931E-07  1.005897E-02  5.073544E-06  1.717806E-05  1.004864E-06  7.738735E-02  1.515405E-05  7.618799E-07  6.634433E-07  8.293198E-04  1.128309E-03  2.228046E-05  2.474557E-05  3.146264E-05  8.367783E-06
 2.841500E+02  2.567697E-01  1.765333E-04  2.834311E-08  3.733482E-08  4.157077E-08  4.973422E-08  4.924719E-01  1.547246E-03  3.751223E-05  1.601880E-01  6.710539E-04  2.059203E-05  4.333594E-07  9.846273E-03  4.767645E-06  1.619114E-05  9.585856E-07  7.622897E-02  1.440057E-05  7.338396E-07  6.385125E-07  8.145705E-04  1.108192E-03  2.086640E-05  2.308240E-05  2.935909E-05  7.903106E-06
 2.851500E+02  2.574450E-01  1.744892E-04  2.731761E-08  3.599521E-08  4.008193E-08  4.796700E-08  4.926323E-01  1.513721E-03  3.485768E-05  1.607877E-01  6.612523E-04  1.935776E-05  4.220573E-07  9.639389E-03  4.482172E-06  1.526737E-05  9.147238E-07  7.509112E-02  1.368807E-05  7.069672E-07  6.146402E-07  8.001532E-04  1.088531E-03  1.954951E-05  2.154098E-05  2.740881E-05  7.466865E-06
 2.861500E+02  2.581072E-01  1.724754E-04  2.633473E-08  3.471089E-08  3.865441E-08  4.627207E-08  4.927880E-01  1.481171E-03  3.240856E-05  1.613764E-01  6.516036E-04  1.820296E-05  4.110775E-07  9.438135E-03  4.215640E-06  1.440232E-05  8.731393E-07  7.397351E-02  1.301418E-05  6.812100E-07  5.917777E-07  7.860599E-04  1.069314E-03  1.832267E-05  2.011172E-05  2.559978E-05  7.057176E-06
 2.871500E+02  2.587567E-01  1.704915E-04  2.539255E-08  3.347933E-08  3.728545E-08  4.464617E-08  4.929393E-01  1.449560E-03  3.014772E-05  1.619545E-01  6.421065E-04  1.712221E-05  4.004112E-07  9.242332E-03  3.966682E-06  1.359192E-05  8.337016E-07  7.287581E-02  1.237664E-05  6.565178E-07  5.698785E-07  7.722826E-04  1.050529E-03  1.717928E-05  1.878586E-05  2.392100E-05  6.672292E-06
 2.881500E+02  2.593937E-01  1.685372E-04  2.448919E-08  3.229815E-08  3.597240E-08  4.308622E-08  4.930863E-01  1.418858E-03  2.805953E-05  1.625220E-01  6.327596E-04  1.611048E-05  3.900497E-07  9.051808E-03  3.734034E-06  1.283240E-05  7.962887E-07  7.179772E-02  1.177337E-05  6.328426E-07  5.488985E-07  7.588135E-04  1.032167E-03  1.611328E-05  1.755533E-05  2.236237E-05  6.310586E-06
 2.891500E+02  2.600184E-01  1.666121E-04  2.362290E-08  3.116508E-08  3.471274E-08  4.158926E-08  4.932291E-01  1.389033E-03  2.612974E-05  1.630791E-01  6.235616E-04  1.516310E-05  3.799844E-07  8.866400E-03  3.516534E-06  1.212026E-05  7.607857E-07  7.073893E-02  1.120238E-05  6.101389E-07  5.287957E-07  7.456452E-04  1.014217E-03  1.511907E-05  1.641277E-05  2.091464E-05  5.970546E-06
 2.901500E+02  2.606311E-01  1.647158E-04  2.279200E-08  3.007795E-08  3.350408E-08  4.015249E-08  4.933679E-01  1.360054E-03  2.434537E-05  1.636261E-01  6.145109E-04  1.427573E-05  3.702069E-07  8.685945E-03  3.313105E-06  1.145227E-05  7.270850E-07  6.969912E-02  1.066181E-05  5.883632E-07  5.095302E-07  7.327701E-04  9.966691E-04  1.419146E-05  1.535141E-05  1.956931E-05  5.650765E-06
 2.911500E+02  2.612319E-01  1.628479E-04  2.199489E-08  2.903472E-08  3.234413E-08  3.877323E-08  4.935029E-01  1.331892E-03  2.269458E-05  1.641631E-01  6.056061E-04  1.344433E-05  3.607092E-07  8.510291E-03  3.122755E-06  1.082543E-05  6.950855E-07  6.867798E-02  1.014994E-05  5.674742E-07  4.910639E-07  7.201811E-04  9.795125E-04  1.332569E-05  1.436502E-05  1.831856E-05  5.349933E-06
 2.921500E+02  2.618212E-01  1.610082E-04  2.123006E-08  2.803342E-08  3.123073E-08  3.744893E-08  4.936341E-01  1.304521E-03  2.116654E-05  1.646902E-01  5.968455E-04  1.266515E-05  3.514831E-07  8.339288E-03  2.944566E-06  1.023696E-05  6.646922E-07  6.767520E-02  9.665115E-06  5.474324E-07  4.733607E-07  7.078711E-04  9.627379E-04  1.251734E-05  1.344789E-05  1.715524E-05  5.066833E-06
 2.931500E+02  2.623991E-01  1.591963E-04  2.049606E-08  2.707219E-08  3.016181E-08  3.617719E-08  4.937617E-01  1.277913E-03  1.975139E-05  1.652077E-01  5.882275E-04  1.193471E-05  3.425210E-07  8.172791E-03  2.777691E-06  9.684300E-06  6.358160E-07  6.669049E-02  9.205804E-06  5.282002E-07  4.563860E-07  6.958333E-04  9.463359E-04  1.176231E-05  1.259480E-05  1.607275E-05  4.800330E-06
 2.941500E+02  2.629660E-01  1.574117E-04  1.979151E-08  2.614925E-08  2.913541E-08  3.495568E-08  4.938858E-01  1.252043E-03  1.844010E-05  1.657157E-01  5.797505E-04  1.124977E-05  3.338151E-07  8.010663E-03  2.621344E-06  9.165050E-06  6.083730E-07  6.572353E-02  8.770562E-06  5.097420E-07  4.401071E-07  6.840609E-04  9.302970E-04  1.105685E-05  1.180091E-05  1.506503E-05  4.549367E-06
 2.951500E+02  2.635219E-01  1.556541E-04  1.911511E-08  2.526291E-08  2.814964E-08  3.378220E-08  4.940066E-01  1.226885E-03  1.722441E-05  1.662144E-01  5.714128E-04  1.060731E-05  3.253582E-07  7.852769E-03  2.474800E-06  8.676998E-06  5.822844E-07  6.477401E-02  8.358030E-06  4.920235E-07  4.244927E-07  6.725474E-04  9.146125E-04  1.039746E-05  1.106179E-05  1.412651E-05  4.312959E-06
 2.961500E+02  2.640672E-01  1.539231E-04  1.846560E-08  2.441156E-08  2.720274E-08  3.265467E-08  4.941241E-01  1.202417E-03  1.609678E-05  1.667040E-01  5.632127E-04  1.000453E-05  3.171430E-07  7.698979E-03  2.337388E-06  8.218086E-06  5.574762E-07  6.384164E-02  7.966929E-06  4.750122E-07  4.095130E-07  6.612865E-04  8.992734E-04  9.780912E-06  1.037337E-05  1.325205E-05  4.090189E-06
 2.971500E+02  2.646020E-01  1.522185E-04  1.784181E-08  2.359368E-08  2.629298E-08  3.157108E-08  4.942385E-01  1.178615E-03  1.505029E-05  1.671846E-01  5.551484E-04  9.438813E-06  3.091624E-07  7.549169E-03  2.208485E-06  7.786406E-06  5.338786E-07  6.292612E-02  7.596060E-06  4.586772E-07  3.951399E-07  6.502719E-04  8.842711E-04  9.204215E-06  9.731885E-06  1.243694E-05  3.880199E-06
 2.981500E+02  2.651265E-01  1.505397E-04  1.724260E-08  2.280779E-08  2.541876E-08  3.052953E-08  4.943498E-01  1.155457E-03  1.407862E-05  1.676564E-01  5.472181E-04  8.907736E-06  3.014096E-07  7.403216E-03  2.087514E-06  7.380182E-06  5.114262E-07  6.202716E-02  7.244292E-06  4.429889E-07  3.813462E-07  6.394976E-04  8.695975E-04  8.664603E-06  9.133883E-06  1.167682E-05  3.682194E-06
 2.991500E+02  2.656410E-01  1.488865E-04  1.666689E-08  2.205250E-08  2.457853E-08  2.952821E-08  4.944582E-01  1.132923E-03  1.317597E-05  1.681196E-01  5.394200E-04  8.409036E-06  2.938779E-07  7.261004E-03  1.973942E-06  6.997765E-06  4.900571E-07  6.114445E-02  6.910562E-06  4.279192E-07  3.681064E-07  6.289576E-04  8.552442E-04  8.159513E-06  8.576179E-06  1.096768E-05  3.495426E-06
 3.001500E+02  2.661456E-01  1.472584E-04  1.611366E-08  2.132649E-08  2.377083E-08  2.856538E-08  4.945638E-01  1.110992E-03  1.233702E-05  1.685742E-01  5.317524E-04  7.940606E-06  2.865607E-07  7.122421E-03  1.867273E-06  6.637621E-06  4.697134E-07  6.027771E-02  6.593870E-06  4.134412E-07  3.553959E-07  6.186462E-04  8.412034E-04  7.686571E-06  8.055838E-06  1.030582E-05  3.319203E-06
 3.011500E+02  2.666406E-01  1.456552E-04  1.558193E-08  2.062850E-08  2.299424E-08  2.763940E-08  4.946666E-01  1.089644E-03  1.155690E-05  1.690206E-01  5.242135E-04  7.500486E-06  2.794518E-07  6.987356E-03  1.767048E-06  6.298324E-06  4.503404E-07  5.942665E-02  6.293276E-06  3.995293E-07  3.431914E-07  6.085578E-04  8.274673E-04  7.243574E-06  7.570152E-06  9.687830E-06  3.152874E-06
 3.021500E+02  2.671262E-01  1.440764E-04  1.507076E-08  1.995732E-08  2.224743E-08  2.674869E-08  4.947668E-01  1.068861E-03  1.083112E-05  1.694588E-01  5.168013E-04  7.086848E-06  2.725450E-07  6.855705E-03  1.672839E-06  5.978546E-06  4.318865E-07  5.859099E-02  6.007893E-06  3.861590E-07  3.314707E-07  5.986869E-04  8.140285E-04  6.828484E-06  7.116626E-06  9.110568E-06  2.995834E-06
 3.031500E+02  2.676025E-01  1.425216E-04  1.457928E-08  1.931180E-08  2.152912E-08  2.589175E-08  4.948643E-01  1.048624E-03  1.015558E-05  1.698890E-01  5.095141E-04  6.697990E-06  2.658344E-07  6.727366E-03  1.584251E-06  5.677052E-06  4.143032E-07  5.777044E-02  5.736888E-06  3.733072E-07  3.202127E-07  5.890281E-04  8.008795E-04  6.439406E-06  6.692954E-06  8.571124E-06  2.847518E-06
 3.041500E+02  2.680697E-01  1.409906E-04  1.410664E-08  1.869084E-08  2.083811E-08  2.506716E-08  4.949594E-01  1.028916E-03  9.526497E-06  1.703113E-01  5.023500E-04  6.332324E-06  2.593140E-07  6.602240E-03  1.500917E-06  5.392689E-06  3.975448E-07  5.696473E-02  5.479476E-06  3.609515E-07  3.093971E-07  5.795763E-04  7.880132E-04  6.074586E-06  6.297009E-06  8.066817E-06  2.707395E-06
 3.051500E+02  2.685281E-01  1.394830E-04  1.365202E-08  1.809340E-08  2.017323E-08  2.427354E-08  4.950521E-01  1.009720E-03  8.940404E-06  1.707259E-01  4.953073E-04  5.988369E-06  2.529782E-07  6.480232E-03  1.422493E-06  5.124386E-06  3.815682E-07  5.617359E-02  5.234916E-06  3.490707E-07  2.990048E-07  5.703264E-04  7.754228E-04  5.732393E-06  5.926826E-06  7.595166E-06  2.574971E-06
 3.061500E+02  2.689777E-01  1.379984E-04  1.321466E-08  1.751848E-08  1.953338E-08  2.350960E-08  4.951424E-01  9.910200E-04  8.394107E-06  1.711329E-01  4.883840E-04  5.664748E-06  2.468215E-07  6.361250E-03  1.348664E-06  4.871143E-06  3.663327E-07  5.539674E-02  5.002512E-06  3.376447E-07  2.890173E-07  5.612734E-04  7.631013E-04  5.411315E-06  5.580589E-06  7.153879E-06  2.449785E-06
 3.071500E+02  2.694189E-01  1.365365E-04  1.279382E-08  1.696513E-08  1.891749E-08  2.277409E-08  4.952304E-01  9.728004E-04  7.884669E-06  1.715326E-01  4.815783E-04  5.360171E-06  2.408387E-07  6.245205E-03  1.279132E-06  4.632028E-06  3.517999E-07  5.463392E-02  4.781609E-06  3.266542E-07  2.794173E-07  5.524126E-04  7.510421E-04  5.109946E-06  5.256619E-06  6.740836E-06  2.331404E-06
 3.081500E+02  2.698516E-01  1.350968E-04  1.238882E-08  1.643245E-08  1.832457E-08  2.206582E-08  4.953163E-01  9.550461E-04  7.409384E-06  1.719249E-01  4.748884E-04  5.073439E-06  2.350244E-07  6.132011E-03  1.213624E-06  4.406171E-06  3.379337E-07  5.388486E-02  4.571586E-06  3.160807E-07  2.701880E-07  5.437393E-04  7.392390E-04  4.826981E-06  4.953364E-06  6.354078E-06  2.219423E-06
 3.091500E+02  2.702763E-01  1.336792E-04  1.199897E-08  1.591956E-08  1.775366E-08  2.138367E-08  4.954000E-01  9.377425E-04  6.965761E-06  1.723101E-01  4.683124E-04  4.803430E-06  2.293736E-07  6.021585E-03  1.151883E-06  4.192762E-06  3.247000E-07  5.314931E-02  4.371863E-06  3.059067E-07  2.613137E-07  5.352489E-04  7.276855E-04  4.561207E-06  4.669388E-06  5.991789E-06  2.113463E-06
 3.101500E+02  2.706929E-01  1.322831E-04  1.162364E-08  1.542565E-08  1.720383E-08  2.072654E-08  4.954817E-01  9.208757E-04  6.551505E-06  1.726883E-01  4.618486E-04  4.549099E-06  2.238815E-07  5.913845E-03  1.093672E-06  3.991042E-06  3.120665E-07  5.242701E-02  4.181888E-06  2.961154E-07  2.527790E-07  5.269369E-04  7.163755E-04  4.311497E-06  4.403359E-06  5.652288E-06  2.013170E-06
 3.111500E+02  2.711017E-01  1.309084E-04  1.126223E-08  1.494992E-08  1.667421E-08  2.009342E-08  4.955613E-01  9.044322E-04  6.164500E-06  1.730597E-01  4.554952E-04  4.309467E-06  2.185433E-07  5.808715E-03  1.038768E-06  3.800305E-06  3.000028E-07  5.171771E-02  4.001144E-06  2.866908E-07  2.445696E-07  5.187990E-04  7.053032E-04  4.076800E-06  4.154048E-06  5.334019E-06  1.918213E-06
 3.121500E+02  2.715028E-01  1.295546E-04  1.091415E-08  1.449163E-08  1.616397E-08  1.948330E-08  4.956391E-01  8.883990E-04  5.802793E-06  1.734243E-01  4.492503E-04  4.083624E-06  2.133544E-07  5.706120E-03  9.869643E-07  3.619890E-06  2.884801E-07  5.102116E-02  3.829142E-06  2.776175E-07  2.366716E-07  5.108311E-04  6.944628E-04  3.856142E-06  3.920314E-06  5.035541E-06  1.828280E-06
 3.131500E+02  2.718964E-01  1.282214E-04  1.057885E-08  1.405004E-08  1.567230E-08  1.889526E-08  4.957149E-01  8.727636E-04  5.464584E-06  1.737824E-01  4.431122E-04  3.870716E-06  2.083102E-07  5.605985E-03  9.380686E-07  3.449179E-06  2.774713E-07  5.033711E-02  3.665420E-06  2.688810E-07  2.290720E-07  5.030289E-04  6.838485E-04  3.648615E-06  3.701100E-06  4.755514E-06  1.743079E-06
 3.141500E+02  2.722826E-01  1.269085E-04  1.025580E-08  1.362448E-08  1.519845E-08  1.832839E-08  4.957889E-01  8.575139E-04  5.148207E-06  1.741339E-01  4.370791E-04  3.669948E-06  2.034066E-07  5.508241E-03  8.919010E-07  3.287596E-06  2.669507E-07  4.966534E-02  3.509545E-06  2.604674E-07  2.217581E-07  4.953886E-04  6.734550E-04  3.453373E-06  3.495425E-06  4.492701E-06  1.662337E-06
 3.151500E+02  2.726617E-01  1.256156E-04  9.944506E-09  1.321429E-08  1.474169E-08  1.778183E-08  4.958611E-01  8.426383E-04  4.852128E-06  1.744792E-01  4.311492E-04  3.480575E-06  1.986391E-07  5.412820E-03  8.482937E-07  3.134599E-06  2.568941E-07  4.900560E-02  3.361105E-06  2.523633E-07  2.147179E-07  4.879061E-04  6.632768E-04  3.269630E-06  3.302380E-06  4.245949E-06  1.585799E-06
 3.161500E+02  2.730336E-01  1.243424E-04  9.644474E-09  1.281885E-08  1.430133E-08  1.725475E-08  4.959316E-01  8.281254E-04  4.574925E-06  1.748182E-01  4.253209E-04  3.301902E-06  1.940039E-07  5.319655E-03  8.070904E-07  2.989685E-06  2.472784E-07  4.835766E-02  3.219713E-06  2.445559E-07  2.079401E-07  4.805777E-04  6.533088E-04  3.096652E-06  3.121124E-06  4.014191E-06  1.513224E-06
 3.171500E+02  2.733987E-01  1.230884E-04  9.355249E-09  1.243755E-08  1.387669E-08  1.674639E-08  4.960005E-01  8.139645E-04  4.315287E-06  1.751511E-01  4.195923E-04  3.133276E-06  1.894968E-07  5.228683E-03  7.681448E-07  2.852379E-06  2.380822E-07  4.772129E-02  3.085003E-06  2.370332E-07  2.014137E-07  4.733997E-04  6.435459E-04  2.933756E-06  2.950871E-06  3.796436E-06  1.444387E-06
 3.181500E+02  2.737570E-01  1.218535E-04  9.076390E-09  1.206982E-08  1.346714E-08  1.625597E-08  4.960677E-01  8.001450E-04  4.071998E-06  1.754780E-01  4.139618E-04  2.974091E-06  1.851140E-07  5.139842E-03  7.313206E-07  2.722241E-06  2.292847E-07  4.709626E-02  2.956630E-06  2.297835E-07  1.951282E-07  4.663685E-04  6.339831E-04  2.780306E-06  2.790896E-06  3.591763E-06  1.379075E-06
 3.191500E+02  2.741087E-01  1.206373E-04  8.807478E-09  1.171512E-08  1.307209E-08  1.578280E-08  4.961333E-01  7.866569E-04  3.843936E-06  1.757991E-01  4.084277E-04  2.823776E-06  1.808519E-07  5.053072E-03  6.964901E-07  2.598855E-06  2.208666E-07  4.648237E-02  2.834268E-06  2.227958E-07  1.890738E-07  4.594806E-04  6.246157E-04  2.635708E-06  2.640524E-06  3.399315E-06  1.317092E-06
 3.201500E+02  2.744539E-01  1.194395E-04  8.548110E-09  1.137292E-08  1.269093E-08  1.532617E-08  4.961974E-01  7.734904E-04  3.630058E-06  1.761144E-01  4.029883E-04  2.681799E-06  1.767068E-07  4.968316E-03  6.635343E-07  2.481832E-06  2.128095E-07  4.587938E-02  2.717607E-06  2.160593E-07  1.832408E-07  4.527326E-04  6.154389E-04  2.499408E-06  2.499126E-06  3.218298E-06  1.258249E-06
 3.211500E+02  2.747927E-01  1.182598E-04  8.297904E-09  1.104273E-08  1.232314E-08  1.488544E-08  4.962600E-01  7.606360E-04  3.429403E-06  1.764242E-01  3.976420E-04  2.547661E-06  1.726752E-07  4.885516E-03  6.323418E-07  2.370809E-06  2.050960E-07  4.528710E-02  2.606358E-06  2.095640E-07  1.776203E-07  4.461210E-04  6.064483E-04  2.370889E-06  2.366119E-06  3.047971E-06  1.202372E-06
 3.221500E+02  2.751253E-01  1.170979E-04  8.056493E-09  1.072407E-08  1.196816E-08  1.445997E-08  4.963212E-01  7.480846E-04  3.241076E-06  1.767283E-01  3.923871E-04  2.420895E-06  1.687536E-07  4.804619E-03  6.028082E-07  2.265444E-06  1.977096E-07  4.470530E-02  2.500245E-06  2.033002E-07  1.722035E-07  4.396428E-04  5.976393E-04  2.249671E-06  2.240961E-06  2.887646E-06  1.149296E-06
 3.231500E+02  2.754519E-01  1.159536E-04  7.823526E-09  1.041648E-08  1.162550E-08  1.404917E-08  4.963810E-01  7.358275E-04  3.064251E-06  1.770271E-01  3.872220E-04  2.301063E-06  1.649389E-07  4.725573E-03  5.748362E-07  2.165417E-06  1.906347E-07  4.413379E-02  2.399008E-06  1.972586E-07  1.669821E-07  4.332947E-04  5.890076E-04  2.135301E-06  2.123146E-06  2.736683E-06  1.098867E-06
 3.241500E+02  2.757724E-01  1.148264E-04  7.598668E-09  1.011953E-08  1.129466E-08  1.365246E-08  4.964394E-01  7.238561E-04  2.898157E-06  1.773206E-01  3.821452E-04  2.187756E-06  1.612278E-07  4.648326E-03  5.483343E-07  2.070428E-06  1.838566E-07  4.357236E-02  2.302401E-06  1.914303E-07  1.619483E-07  4.270736E-04  5.805491E-04  2.027361E-06  2.012206E-06  2.594485E-06  1.050939E-06
 3.251500E+02  2.760872E-01  1.137162E-04  7.381599E-09  9.832788E-09  1.097520E-08  1.326930E-08  4.964964E-01  7.121622E-04  2.742085E-06  1.776089E-01  3.771551E-04  2.080590E-06  1.576171E-07  4.572828E-03  5.232171E-07  1.980195E-06  1.773611E-07  4.302082E-02  2.210191E-06  1.858068E-07  1.570944E-07  4.209766E-04  5.722595E-04  1.925457E-06  1.907702E-06  2.460497E-06  1.005375E-06
 3.261500E+02  2.763962E-01  1.126227E-04  7.172011E-09  9.555867E-09  1.066665E-08  1.289915E-08  4.965522E-01  7.007380E-04  2.595371E-06  1.778921E-01  3.722501E-04  1.979205E-06  1.541040E-07  4.499033E-03  4.994046E-07  1.894454E-06  1.711351E-07  4.247897E-02  2.122159E-06  1.803801E-07  1.524132E-07  4.150007E-04  5.641351E-04  1.829223E-06  1.809227E-06  2.334201E-06  9.620474E-07
 3.271500E+02  2.766996E-01  1.115455E-04  6.969613E-09  9.288380E-09  1.036861E-08  1.254151E-08  4.966068E-01  6.895756E-04  2.457403E-06  1.781703E-01  3.674287E-04  1.883264E-06  1.506855E-07  4.426894E-03  4.768218E-07  1.812955E-06  1.651658E-07  4.194662E-02  2.038096E-06  1.751423E-07  1.478977E-07  4.091430E-04  5.561717E-04  1.738315E-06  1.716401E-06  2.215115E-06  9.208342E-07
 3.281500E+02  2.769975E-01  1.104844E-04  6.774122E-09  9.029962E-09  1.008065E-08  1.219591E-08  4.966601E-01  6.786678E-04  2.327608E-06  1.784436E-01  3.626893E-04  1.792450E-06  1.473588E-07  4.356366E-03  4.553983E-07  1.735465E-06  1.594414E-07  4.142358E-02  1.957805E-06  1.700861E-07  1.435415E-07  4.034009E-04  5.483657E-04  1.652413E-06  1.628871E-06  2.102790E-06  8.816216E-07
 3.291500E+02  2.772901E-01  1.094392E-04  6.585271E-09  8.780263E-09  9.802391E-09  1.186187E-08  4.967122E-01  6.680073E-04  2.205457E-06  1.787122E-01  3.580306E-04  1.706467E-06  1.441212E-07  4.287406E-03  4.350682E-07  1.661765E-06  1.539505E-07  4.090968E-02  1.881100E-06  1.652044E-07  1.393381E-07  3.977717E-04  5.407134E-04  1.571217E-06  1.546307E-06  1.996806E-06  8.443026E-07
 3.301500E+02  2.775774E-01  1.084096E-04  6.402803E-09  8.538947E-09  9.533462E-09  1.153897E-08  4.967632E-01  6.575872E-04  2.090458E-06  1.789760E-01  3.534511E-04  1.625037E-06  1.409699E-07  4.219971E-03  4.157696E-07  1.591648E-06  1.486824E-07  4.040473E-02  1.807805E-06  1.604902E-07  1.352814E-07  3.922526E-04  5.332111E-04  1.494446E-06  1.468400E-06  1.896771E-06  8.087759E-07
 3.311500E+02  2.778595E-01  1.073952E-04  6.226471E-09  8.305692E-09  9.273505E-09  1.122677E-08  4.968131E-01  6.474008E-04  1.982150E-06  1.792352E-01  3.489492E-04  1.547898E-06  1.379026E-07  4.154021E-03  3.974446E-07  1.524920E-06  1.436268E-07  3.990855E-02  1.737753E-06  1.559372E-07  1.313658E-07  3.868411E-04  5.258554E-04  1.421838E-06  1.394863E-06  1.802321E-06  7.749464E-07
 3.321500E+02  2.781366E-01  1.063959E-04  6.056040E-09  8.080191E-09  9.022177E-09  1.092486E-08  4.968618E-01  6.374416E-04  1.880107E-06  1.794899E-01  3.445237E-04  1.474806E-06  1.349165E-07  4.089515E-03  3.800386E-07  1.461399E-06  1.387740E-07  3.942098E-02  1.670785E-06  1.515391E-07  1.275856E-07  3.815347E-04  5.186428E-04  1.353147E-06  1.325429E-06  1.713114E-06  7.427246E-07
 3.331500E+02  2.784088E-01  1.054115E-04  5.891284E-09  7.862150E-09  8.779151E-09  1.063287E-08  4.969095E-01  6.277034E-04  1.783932E-06  1.797402E-01  3.401730E-04  1.405529E-06  1.320095E-07  4.026417E-03  3.635005E-07  1.400913E-06  1.341149E-07  3.894184E-02  1.606752E-06  1.472899E-07  1.239356E-07  3.763311E-04  5.115700E-04  1.288142E-06  1.259847E-06  1.628832E-06  7.120257E-07
 3.341500E+02  2.786761E-01  1.044416E-04  5.731988E-09  7.651287E-09  8.544113E-09  1.035041E-08  4.969562E-01  6.181800E-04  1.693255E-06  1.799861E-01  3.358959E-04  1.339852E-06  1.291791E-07  3.964688E-03  3.477822E-07  1.343300E-06  1.296407E-07  3.847096E-02  1.545511E-06  1.431840E-07  1.204106E-07  3.712277E-04  5.046339E-04  1.226607E-06  1.197884E-06  1.549177E-06  6.827703E-07
 3.351500E+02  2.789387E-01  1.034860E-04  5.577944E-09  7.447330E-09  8.316763E-09  1.007714E-08  4.970019E-01  6.088656E-04  1.607731E-06  1.802278E-01  3.316910E-04  1.277572E-06  1.264230E-07  3.904292E-03  3.328388E-07  1.288408E-06  1.253430E-07  3.800820E-02  1.486928E-06  1.392157E-07  1.170058E-07  3.662224E-04  4.978312E-04  1.168341E-06  1.139320E-06  1.473871E-06  6.548830E-07
 3.361500E+02  2.791967E-01  1.025444E-04  5.428955E-09  7.250022E-09  8.096812E-09  9.812704E-09  4.970466E-01  5.997545E-04  1.527039E-06  1.804654E-01  3.275569E-04  1.218498E-06  1.237391E-07  3.845195E-03  3.186276E-07  1.236094E-06  1.212140E-07  3.755337E-02  1.430877E-06  1.353799E-07  1.137166E-07  3.613129E-04  4.911588E-04  1.113155E-06  1.083952E-06  1.402654E-06  6.282930E-07
 3.371500E+02  2.794501E-01  1.016168E-04  5.284829E-09  7.059112E-09  7.883986E-09  9.556780E-09  4.970903E-01  5.908412E-04  1.450878E-06  1.806988E-01  3.234923E-04  1.162451E-06  1.211253E-07  3.787363E-03  3.051088E-07  1.186222E-06  1.172463E-07  3.710634E-02  1.377234E-06  1.316716E-07  1.105386E-07  3.564969E-04  4.846138E-04  1.060870E-06  1.031588E-06  1.335283E-06  6.029334E-07
 3.381500E+02  2.796991E-01  1.007027E-04  5.145386E-09  6.874365E-09  7.678018E-09  9.309053E-09  4.971331E-01  5.821203E-04  1.378969E-06  1.809282E-01  3.194961E-04  1.109262E-06  1.185795E-07  3.730762E-03  2.922450E-07  1.138665E-06  1.134325E-07  3.666695E-02  1.325887E-06  1.280860E-07  1.074674E-07  3.517723E-04  4.781933E-04  1.011319E-06  9.820502E-07  1.271529E-06  5.787411E-07
 3.391500E+02  2.799437E-01  9.980196E-05  5.010450E-09  6.695550E-09  7.478655E-09  9.069221E-09  4.971750E-01  5.735868E-04  1.311053E-06  1.811538E-01  3.155668E-04  1.058772E-06  1.160998E-07  3.675360E-03  2.800008E-07  1.093303E-06  1.097660E-07  3.623503E-02  1.276727E-06  1.246183E-07  1.044989E-07  3.471372E-04  4.718944E-04  9.643479E-07  9.351711E-07  1.211181E-06  5.556565E-07
 3.401500E+02  2.801840E-01  9.891440E-05  4.879855E-09  6.522450E-09  7.285655E-09  8.836996E-09  4.972160E-01  5.652355E-04  1.246884E-06  1.813754E-01  3.117033E-04  1.010834E-06  1.136841E-07  3.621128E-03  2.683431E-07  1.050023E-06  1.062403E-07  3.581046E-02  1.229649E-06  1.212643E-07  1.016293E-07  3.425893E-04  4.657143E-04  9.198084E-07  8.907943E-07  1.154037E-06  5.336233E-07
 3.411500E+02  2.804202E-01  9.803977E-05  4.753440E-09  6.354854E-09  7.098783E-09  8.612099E-09  4.972562E-01  5.570617E-04  1.186236E-06  1.815933E-01  3.079043E-04  9.653053E-07  1.113306E-07  3.568034E-03  2.572405E-07  1.008718E-06  1.028492E-07  3.539308E-02  1.184557E-06  1.180196E-07  9.885488E-08  3.381269E-04  4.596504E-04  8.775633E-07  8.487734E-07  1.099912E-06  5.125882E-07
 3.421500E+02  2.806522E-01  9.717784E-05  4.631051E-09  6.192562E-09  6.917815E-09  8.394264E-09  4.972955E-01  5.490607E-04  1.128896E-06  1.818075E-01  3.041687E-04  9.220553E-07  1.090376E-07  3.516050E-03  2.466637E-07  9.692868E-07  9.958701E-08  3.498276E-02  1.141358E-06  1.148802E-07  9.617194E-08  3.337478E-04  4.537001E-04  8.374832E-07  8.089710E-07  1.048631E-06  4.925012E-07
 3.431500E+02  2.808803E-01  9.632842E-05  4.512541E-09  6.035380E-09  6.742538E-09  8.183237E-09  4.973341E-01  5.412279E-04  1.074666E-06  1.820181E-01  3.004952E-04  8.809596E-07  1.068032E-07  3.465147E-03  2.365848E-07  9.316345E-07  9.644801E-08  3.457935E-02  1.099964E-06  1.118422E-07  9.357708E-08  3.294503E-04  4.478606E-04  7.994469E-07  7.712587E-07  1.000029E-06  4.733146E-07
 3.441500E+02  2.811044E-01  9.549127E-05  4.397769E-09  5.883122E-09  6.572745E-09  7.978771E-09  4.973718E-01  5.335589E-04  1.023360E-06  1.822251E-01  2.968827E-04  8.419012E-07  1.046258E-07  3.415298E-03  2.269778E-07  8.956713E-07  9.342696E-08  3.418272E-02  1.060290E-06  1.089019E-07  9.106702E-08  3.252326E-04  4.421297E-04  7.633402E-07  7.355159E-07  9.539530E-07  4.549836E-07
 3.451500E+02  2.813247E-01  9.466621E-05  4.286598E-09  5.735611E-09  6.408238E-09  7.780632E-09  4.974087E-01  5.260495E-04  9.748047E-07  1.824287E-01  2.933302E-04  8.047700E-07  1.025037E-07  3.366477E-03  2.178181E-07  8.613122E-07  9.051882E-08  3.379274E-02  1.022258E-06  1.060556E-07  8.863857E-08  3.210927E-04  4.365048E-04  7.290561E-07  7.016297E-07  9.102582E-07  4.374659E-07
 3.461500E+02  2.815412E-01  9.385302E-05  4.178898E-09  5.592677E-09  6.248827E-09  7.588593E-09  4.974449E-01  5.186955E-04  9.288378E-07  1.826288E-01  2.898363E-04  7.694623E-07  1.004353E-07  3.318656E-03  2.090824E-07  8.284772E-07  8.771877E-08  3.340927E-02  9.857915E-07  1.033000E-07  8.628872E-08  3.170291E-04  4.309835E-04  6.964936E-07  6.694942E-07  8.688096E-07  4.207211E-07
 3.471500E+02  2.817540E-01  9.305151E-05  4.074544E-09  5.454155E-09  6.094330E-09  7.402439E-09  4.974804E-01  5.114929E-04  8.853073E-07  1.828256E-01  2.864002E-04  7.358803E-07  9.841913E-08  3.271812E-03  2.007488E-07  7.970903E-07  8.502223E-08  3.303219E-02  9.508196E-07  1.006317E-07  8.401456E-08  3.130400E-04  4.255636E-04  6.655581E-07  6.390099E-07  8.294802E-07  4.047114E-07
 3.481500E+02  2.819631E-01  9.226148E-05  3.973417E-09  5.319888E-09  5.944573E-09  7.221959E-09  4.975151E-01  5.044378E-04  8.440708E-07  1.830191E-01  2.830206E-04  7.039322E-07  9.645361E-08  3.225919E-03  1.927967E-07  7.670801E-07  8.242486E-08  3.266138E-02  9.172740E-07  9.804756E-08  8.181330E-08  3.091238E-04  4.202428E-04  6.361606E-07  6.100835E-07  7.921508E-07  3.894009E-07
 3.491500E+02  2.821688E-01  9.148274E-05  3.875401E-09  5.189726E-09  5.799387E-09  7.046955E-09  4.975492E-01  4.975265E-04  8.049952E-07  1.832094E-01  2.796966E-04  6.735309E-07  9.453733E-08  3.180955E-03  1.852066E-07  7.383788E-07  7.992247E-08  3.229671E-02  8.850898E-07  9.554453E-08  7.968226E-08  3.052788E-04  4.150189E-04  6.082171E-07  5.826276E-07  7.567095E-07  3.747554E-07
 3.501500E+02  2.823709E-01  9.071509E-05  3.780386E-09  5.063522E-09  5.658610E-09  6.877234E-09  4.975825E-01  4.907553E-04  7.679556E-07  1.833965E-01  2.764270E-04  6.445948E-07  9.266887E-08  3.136895E-03  1.779601E-07  7.109222E-07  7.751112E-08  3.193807E-02  8.542057E-07  9.311970E-08  7.761889E-08  3.015034E-04  4.098898E-04  5.816487E-07  5.565598E-07  7.230512E-07  3.607429E-07
 3.511500E+02  2.825697E-01  8.995835E-05  3.688265E-09  4.941138E-09  5.522089E-09  6.712612E-09  4.976153E-01  4.841206E-04  7.328351E-07  1.835806E-01  2.732110E-04  6.170466E-07  9.084687E-08  3.093719E-03  1.710397E-07  6.846498E-07  7.518702E-08  3.158533E-02  8.245631E-07  9.077025E-08  7.562072E-08  2.977963E-04  4.048533E-04  5.563813E-07  5.318030E-07  6.910771E-07  3.473327E-07
 3.521500E+02  2.827651E-01  8.921234E-05  3.598936E-09  4.822440E-09  5.389673E-09  6.552910E-09  4.976473E-01  4.776190E-04  6.995240E-07  1.837616E-01  2.700474E-04  5.908135E-07  8.907001E-08  3.051403E-03  1.644292E-07  6.595042E-07  7.294656E-08  3.123838E-02  7.961064E-07  8.849351E-08  7.368538E-08  2.941557E-04  3.999075E-04  5.323449E-07  5.082845E-07  6.606943E-07  3.344961E-07
 3.531500E+02  2.829572E-01  8.847688E-05  3.512302E-09  4.707300E-09  5.261221E-09  6.397959E-09  4.976787E-01  4.712471E-04  6.679194E-07  1.839397E-01  2.669353E-04  5.658270E-07  8.733701E-08  3.009928E-03  1.581129E-07  6.354311E-07  7.078630E-08  3.089711E-02  7.687827E-07  8.628689E-08  7.181062E-08  2.905804E-04  3.950504E-04  5.094737E-07  4.859362E-07  6.318157E-07  3.222056E-07
 3.541500E+02  2.831461E-01  8.775179E-05  3.428268E-09  4.595593E-09  5.136593E-09  6.247595E-09  4.977095E-01  4.650018E-04  6.379248E-07  1.841148E-01  2.638738E-04  5.420221E-07  8.564664E-08  2.969272E-03  1.520762E-07  6.123791E-07  6.870296E-08  3.056141E-02  7.425417E-07  8.414790E-08  6.999426E-08  2.870689E-04  3.902799E-04  4.877055E-07  4.646940E-07  6.043591E-07  3.104353E-07
 3.551500E+02  2.833319E-01  8.703690E-05  3.346744E-09  4.487201E-09  5.015659E-09  6.101659E-09  4.977397E-01  4.588799E-04  6.094497E-07  1.842871E-01  2.608619E-04  5.193378E-07  8.399768E-08  2.929416E-03  1.463054E-07  5.902995E-07  6.669341E-08  3.023118E-02  7.173355E-07  8.207417E-08  6.823420E-08  2.836197E-04  3.855943E-04  4.669820E-07  4.444974E-07  5.782474E-07  2.991607E-07
 3.561500E+02  2.835146E-01  8.633204E-05  3.267642E-09  4.382010E-09  4.898292E-09  5.960001E-09  4.977694E-01  4.528783E-04  5.824090E-07  1.844565E-01  2.578986E-04  4.977162E-07  8.238899E-08  2.890339E-03  1.407872E-07  5.691462E-07  6.475465E-08  2.990630E-02  6.931186E-07  8.006339E-08  6.652844E-08  2.802316E-04  3.809917E-04  4.472480E-07  4.252897E-07  5.534078E-07  2.883583E-07
 3.571500E+02  2.836943E-01  8.563703E-05  3.190880E-09  4.279909E-09  4.784368E-09  5.822475E-09  4.977984E-01  4.469941E-04  5.567230E-07  1.846233E-01  2.549832E-04  4.771028E-07  8.081942E-08  2.852025E-03  1.355093E-07  5.488753E-07  6.288383E-08  2.958667E-02  6.698475E-07  7.811337E-08  6.487506E-08  2.769033E-04  3.764703E-04  4.284516E-07  4.070177E-07  5.297721E-07  2.780060E-07
 3.581500E+02  2.838710E-01  8.495173E-05  3.116376E-09  4.180795E-09  4.673770E-09  5.688940E-09  4.978269E-01  4.412244E-04  5.323167E-07  1.847873E-01  2.521146E-04  4.574461E-07  7.928788E-08  2.814453E-03  1.304599E-07  5.294455E-07  6.107822E-08  2.927219E-02  6.474811E-07  7.622199E-08  6.327220E-08  2.736334E-04  3.720284E-04  4.105438E-07  3.896309E-07  5.072758E-07  2.680830E-07
 3.591500E+02  2.840449E-01  8.427595E-05  3.044055E-09  4.084564E-09  4.566387E-09  5.559261E-09  4.978548E-01  4.355664E-04  5.091195E-07  1.849487E-01  2.492920E-04  4.386974E-07  7.779331E-08  2.777607E-03  1.256281E-07  5.108175E-07  5.933522E-08  2.896277E-02  6.259799E-07  7.438722E-08  6.171808E-08  2.704206E-04  3.676642E-04  3.934784E-07  3.730822E-07  4.858582E-07  2.585692E-07
 3.601500E+02  2.842159E-01  8.360956E-05  2.973840E-09  3.991119E-09  4.462108E-09  5.433310E-09  4.978823E-01  4.300173E-04  4.870652E-07  1.851075E-01  2.465146E-04  4.208107E-07  7.633469E-08  2.741469E-03  1.210032E-07  4.929540E-07  5.765233E-08  2.865831E-02  6.053066E-07  7.260710E-08  6.021100E-08  2.672639E-04  3.633761E-04  3.772116E-07  3.573268E-07  4.654623E-07  2.494458E-07
 3.611500E+02  2.843841E-01  8.295238E-05  2.905662E-09  3.900367E-09  4.360829E-09  5.310961E-09  4.979091E-01  4.245747E-04  4.660916E-07  1.852637E-01  2.437815E-04  4.037426E-07  7.491101E-08  2.706023E-03  1.165753E-07  4.758195E-07  5.602718E-08  2.835870E-02  5.854254E-07  7.087975E-08  5.874932E-08  2.641619E-04  3.591625E-04  3.617025E-07  3.423228E-07  4.460342E-07  2.406949E-07
 3.621500E+02  2.845495E-01  8.230427E-05  2.839450E-09  3.812217E-09  4.262451E-09  5.192093E-09  4.979355E-01  4.192358E-04  4.461400E-07  1.854175E-01  2.410919E-04  3.874518E-07  7.352131E-08  2.671251E-03  1.123351E-07  4.593807E-07  5.445749E-08  2.806387E-02  5.663024E-07  6.920337E-08  5.733146E-08  2.611136E-04  3.550217E-04  3.469120E-07  3.280306E-07  4.275232E-07  2.322994E-07
 3.631500E+02  2.847123E-01  8.166508E-05  2.775140E-09  3.726582E-09  4.166875E-09  5.076593E-09  4.979614E-01  4.139982E-04  4.271553E-07  1.855688E-01  2.384450E-04  3.718996E-07  7.216465E-08  2.637139E-03  1.082736E-07  4.436055E-07  5.294108E-08  2.777371E-02  5.479052E-07  6.757621E-08  5.595590E-08  2.581177E-04  3.509523E-04  3.328036E-07  3.144130E-07  4.098813E-07  2.242431E-07
 3.641500E+02  2.848725E-01  8.103466E-05  2.712667E-09  3.643378E-09  4.074009E-09  4.964347E-09  4.979868E-01  4.088596E-04  4.090857E-07  1.857177E-01  2.358400E-04  3.570491E-07  7.084012E-08  2.603670E-03  1.043822E-07  4.284638E-07  5.147589E-08  2.748814E-02  5.302029E-07  6.599661E-08  5.462119E-08  2.551732E-04  3.469527E-04  3.193424E-07  3.014347E-07  3.930636E-07  2.165108E-07
 3.651500E+02  2.850301E-01  8.041286E-05  2.651971E-09  3.562525E-09  3.983764E-09  4.855249E-09  4.980117E-01  4.038175E-04  3.918823E-07  1.858642E-01  2.332761E-04  3.428656E-07  6.954685E-08  2.570830E-03  1.006532E-07  4.139269E-07  5.005992E-08  2.720707E-02  5.131660E-07  6.446295E-08  5.332591E-08  2.522790E-04  3.430215E-04  3.064959E-07  2.890625E-07  3.770273E-07  2.090876E-07
 3.661500E+02  2.851852E-01  7.979955E-05  2.592992E-09  3.483945E-09  3.896052E-09  4.749196E-09  4.980362E-01  3.988696E-04  3.754991E-07  1.860085E-01  2.307526E-04  3.293161E-07  6.828398E-08  2.538604E-03  9.707870E-08  3.999674E-07  4.869127E-08  2.693042E-02  4.967666E-07  6.297369E-08  5.206874E-08  2.494340E-04  3.391571E-04  2.942330E-07  2.772652E-07  3.617323E-07  2.019599E-07
 3.671500E+02  2.853378E-01  7.919457E-05  2.535673E-09  3.407564E-09  3.810791E-09  4.646089E-09  4.980602E-01  3.940138E-04  3.598928E-07  1.861505E-01  2.282687E-04  3.163695E-07  6.705067E-08  2.506978E-03  9.365166E-08  3.865595E-07  4.736812E-08  2.665810E-02  4.809778E-07  6.152733E-08  5.084836E-08  2.466373E-04  3.353583E-04  2.825245E-07  2.660131E-07  3.471407E-07  1.951143E-07
 3.681500E+02  2.854879E-01  7.859781E-05  2.479960E-09  3.333309E-09  3.727900E-09  4.545831E-09  4.980838E-01  3.892480E-04  3.450225E-07  1.862902E-01  2.258236E-04  3.039962E-07  6.584613E-08  2.475939E-03  9.036521E-08  3.736786E-07  4.608873E-08  2.639004E-02  4.657741E-07  6.012245E-08  4.966353E-08  2.438878E-04  3.316237E-04  2.713426E-07  2.552785E-07  3.332167E-07  1.885385E-07
 3.691500E+02  2.856357E-01  7.800912E-05  2.425801E-09  3.261112E-09  3.647303E-09  4.448331E-09  4.981070E-01  3.845699E-04  3.308497E-07  1.864278E-01  2.234168E-04  2.921683E-07  6.466957E-08  2.445471E-03  8.721285E-08  3.613011E-07  4.485143E-08  2.612614E-02  4.511311E-07  5.875767E-08  4.851306E-08  2.411845E-04  3.279519E-04  2.606613E-07  2.450349E-07  3.199263E-07  1.822203E-07
 3.701500E+02  2.857812E-01  7.742836E-05  2.373144E-09  3.190905E-09  3.568925E-09  4.353499E-09  4.981297E-01  3.799776E-04  3.173382E-07  1.865633E-01  2.210474E-04  2.808593E-07  6.352024E-08  2.415564E-03  8.418843E-08  3.494049E-07  4.365463E-08  2.586634E-02  4.370257E-07  5.743164E-08  4.739578E-08  2.385264E-04  3.243416E-04  2.504558E-07  2.352575E-07  3.072378E-07  1.761485E-07
 3.711500E+02  2.859243E-01  7.685542E-05  2.321941E-09  3.122624E-09  3.492695E-09  4.261250E-09  4.981520E-01  3.754691E-04  3.044537E-07  1.866966E-01  2.187148E-04  2.700442E-07  6.239740E-08  2.386203E-03  8.128610E-08  3.379688E-07  4.249679E-08  2.561055E-02  4.234356E-07  5.614311E-08  4.631059E-08  2.359127E-04  3.207915E-04  2.407026E-07  2.259228E-07  2.951208E-07  1.703122E-07
 3.721500E+02  2.860652E-01  7.629016E-05  2.272145E-09  3.056208E-09  3.418543E-09  4.171501E-09  4.981739E-01  3.710424E-04  2.921639E-07  1.868279E-01  2.164183E-04  2.596992E-07  6.130035E-08  2.357376E-03  7.850032E-08  3.269726E-07  4.137646E-08  2.535871E-02  4.103396E-07  5.489083E-08  4.525642E-08  2.333425E-04  3.173005E-04  2.313797E-07  2.170086E-07  2.835468E-07  1.647013E-07
 3.731500E+02  2.862039E-01  7.573245E-05  2.223710E-09  2.991597E-09  3.346403E-09  4.084174E-09  4.981954E-01  3.666958E-04  2.804384E-07  1.869572E-01  2.141573E-04  2.498018E-07  6.022840E-08  2.329072E-03  7.582581E-08  3.163972E-07  4.029223E-08  2.511073E-02  3.977175E-07  5.367361E-08  4.423224E-08  2.308148E-04  3.138672E-04  2.224659E-07  2.084939E-07  2.724889E-07  1.593058E-07
