#         T/K            c1          c2-1          c3-4          c3-5          c3-7          c3-9            m1          m2-1          m3-1            w1            w2          w3-1          w3-2          c1m1        c1m2-1        c1m2-7        c2m1-1        c1w1-2        c1w2-1        c2w1-1        c2w1-9        m1w1-1        m1w1-4        m1w2-1        m2w1-1        m2w1-3      c1m1w1-1
 2.731500E+02  4.996012E-01  8.556805E-04  3.880225E-07  5.092888E-07  5.666243E-07  6.756290E-07  1.454841E-01  1.844103E-04  2.522984E-06  1.531245E-01  8.335179E-04  4.614768E-05  6.475012E-07  7.878147E-03  1.898188E-06  6.228557E-06  2.175980E-06  1.911381E-01  5.718474E-05  5.023610E-06  4.411261E-06  3.117811E-04  4.244182E-04  1.445167E-05  4.971548E-06  6.296531E-06  9.997897E-06
 2.741500E+02  5.009574E-01  8.439047E-04  3.719688E-07  4.883833E-07  5.434058E-07  6.481482E-07  1.455881E-01  1.800553E-04  2.328782E-06  1.543931E-01  8.265841E-04  4.364185E-05  6.361382E-07  7.693428E-03  1.773239E-06  5.837405E-06  2.064605E-06  1.886373E-01  5.448301E-05  4.834578E-06  4.241610E-06  3.069457E-04  4.178093E-04  1.356394E-05  4.628258E-06  5.864085E-06  9.426856E-06
 2.751500E+02  5.022946E-01  8.323647E-04  3.566892E-07  4.684791E-07  5.212978E-07  6.219734E-07  1.456890E-01  1.758335E-04  2.150796E-06  1.556454E-01  8.195949E-04  4.127660E-05  6.248789E-07  7.514301E-03  1.657349E-06  5.473448E-06  1.959694E-06  1.861682E-01  5.191727E-05  4.653538E-06  4.079278E-06  3.021891E-04  4.113094E-04  1.273413E-05  4.310509E-06  5.463654E-06  8.891407E-06
 2.761500E+02  5.036129E-01  8.210546E-04  3.421416E-07  4.495221E-07  5.002402E-07  5.970346E-07  1.457868E-01  1.717401E-04  1.987575E-06  1.568815E-01  8.125569E-04  3.904398E-05  6.137294E-07  7.340568E-03  1.549806E-06  5.134632E-06  1.860832E-06  1.837310E-01  4.948040E-05  4.480121E-06  3.923922E-06  2.975108E-04  4.049177E-04  1.195827E-05  4.016278E-06  5.092716E-06  8.389171E-06
 2.771500E+02  5.049124E-01  8.099686E-04  3.282864E-07  4.314613E-07  4.801767E-07  5.732658E-07  1.458818E-01  1.677706E-04  1.837808E-06  1.581014E-01  8.054767E-04  3.693648E-05  6.026953E-07  7.172038E-03  1.449959E-06  4.819067E-06  1.767633E-06  1.813255E-01  4.716568E-05  4.313980E-06  3.775217E-06  2.929100E-04  3.986331E-04  1.123270E-05  3.743713E-06  4.748958E-06  7.917938E-06
 2.781500E+02  5.061933E-01  7.991011E-04  3.150864E-07  4.142489E-07  4.610542E-07  5.506048E-07  1.459739E-01  1.639208E-04  1.700304E-06  1.593051E-01  7.983605E-04  3.494703E-05  5.917817E-07  7.008527E-03  1.357210E-06  4.525016E-06  1.679738E-06  1.789517E-01  4.496675E-05  4.154783E-06  3.632854E-06  2.883861E-04  3.924545E-04  1.055399E-05  3.491115E-06  4.430260E-06  7.475651E-06
 2.791500E+02  5.074556E-01  7.884467E-04  3.025066E-07  3.978398E-07  4.428228E-07  5.289933E-07  1.460633E-01  1.601864E-04  1.573986E-06  1.604927E-01  7.912142E-04  3.306893E-05  5.809933E-07  6.849860E-03  1.271012E-06  4.250882E-06  1.596813E-06  1.766096E-01  4.287757E-05  4.002213E-06  3.496539E-06  2.839383E-04  3.863808E-04  9.918983E-06  3.256926E-06  4.134674E-06  7.060402E-06
 2.801500E+02  5.086996E-01  7.780002E-04  2.905140E-07  3.821916E-07  4.254357E-07  5.083763E-07  1.461502E-01  1.565633E-04  1.457878E-06  1.616643E-01  7.840436E-04  3.129586E-05  5.703342E-07  6.695868E-03  1.190863E-06  3.995196E-06  1.518546E-06  1.742989E-01  4.089243E-05  3.855971E-06  3.365991E-06  2.795657E-04  3.804109E-04  9.324719E-06  3.039716E-06  3.860413E-06  6.670413E-06
 2.811500E+02  5.099254E-01  7.677565E-04  2.790778E-07  3.672645E-07  4.088485E-07  4.887019E-07  1.462345E-01  1.530479E-04  1.351092E-06  1.628199E-01  7.768541E-04  2.962186E-05  5.598082E-07  6.546389E-03  1.116301E-06  3.756604E-06  1.444648E-06  1.720195E-01  3.900591E-05  3.715771E-06  3.240945E-06  2.752675E-04  3.745435E-04  8.768453E-06  2.838171E-06  3.605835E-06  6.304031E-06
 2.821500E+02  5.111332E-01  7.577108E-04  2.681687E-07  3.530209E-07  3.930196E-07  4.699215E-07  1.463163E-01  1.496362E-04  1.252826E-06  1.639596E-01  7.696511E-04  2.804128E-05  5.494187E-07  6.401266E-03  1.046903E-06  3.533860E-06  1.374848E-06  1.697713E-01  3.721290E-05  3.581341E-06  3.121149E-06  2.710429E-04  3.687775E-04  8.247633E-06  2.651087E-06  3.369434E-06  5.959719E-06
 2.831500E+02  5.123231E-01  7.478581E-04  2.577593E-07  3.394253E-07  3.779099E-07  4.519889E-07  1.463958E-01  1.463248E-04  1.162347E-06  1.650836E-01  7.624395E-04  2.654882E-05  5.391685E-07  6.260349E-03  9.822799E-07  3.325815E-06  1.308894E-06  1.675542E-01  3.550855E-05  3.452423E-06  3.006362E-06  2.668911E-04  3.631115E-04  7.759883E-06  2.477355E-06  3.149822E-06  5.636045E-06
 2.841500E+02  5.134953E-01  7.381941E-04  2.478236E-07  3.264444E-07  3.634823E-07  4.348610E-07  1.464730E-01  1.431102E-04  1.078993E-06  1.661919E-01  7.552241E-04  2.513947E-05  5.290604E-07  6.123495E-03  9.220750E-07  3.131410E-06  1.246550E-06  1.653679E-01  3.388826E-05  3.328768E-06  2.896355E-06  2.628109E-04  3.575443E-04  7.302992E-06  2.315957E-06  2.945725E-06  5.331677E-06
 2.851500E+02  5.146500E-01  7.287140E-04  2.383374E-07  3.140467E-07  3.497020E-07  4.184967E-07  1.465481E-01  1.399890E-04  1.002160E-06  1.672846E-01  7.480095E-04  2.380848E-05  5.190964E-07  5.990565E-03  8.659594E-07  2.949668E-06  1.187597E-06  1.632123E-01  3.234768E-05  3.210144E-06  2.790912E-06  2.588017E-04  3.520746E-04  6.874903E-06  2.165958E-06  2.755972E-06  5.045372E-06
 2.861500E+02  5.157874E-01  7.194137E-04  2.292775E-07  3.022026E-07  3.365361E-07  4.028575E-07  1.466210E-01  1.369581E-04  9.312987E-07  1.683618E-01  7.408001E-04  2.255140E-05  5.092785E-07  5.861426E-03  8.136305E-07  2.779688E-06  1.131831E-06  1.610871E-01  3.088270E-05  3.096325E-06  2.689826E-06  2.548624E-04  3.467011E-04  6.473704E-06  2.026497E-06  2.579484E-06  4.775976E-06
 2.871500E+02  5.169075E-01  7.102889E-04  2.206224E-07  2.908841E-07  3.239535E-07  3.879069E-07  1.466919E-01  1.340144E-04  8.659089E-07  1.694237E-01  7.336000E-04  2.136403E-05  4.996082E-07  5.735949E-03  7.648100E-07  2.620638E-06  1.079060E-06  1.589921E-01  2.948942E-05  2.987100E-06  2.592899E-06  2.509921E-04  3.414223E-04  6.097611E-06  1.896781E-06  2.415269E-06  4.522409E-06
 2.881500E+02  5.180107E-01  7.013356E-04  2.123515E-07  2.800648E-07  3.119251E-07  3.736107E-07  1.467608E-01  1.311550E-04  8.055356E-07  1.704704E-01  7.264132E-04  2.024238E-05  4.900869E-07  5.614011E-03  7.192417E-07  2.471749E-06  1.029104E-06  1.569272E-01  2.816413E-05  2.882265E-06  2.499944E-06  2.471897E-04  3.362370E-04  5.744967E-06  1.776082E-06  2.262413E-06  4.283668E-06
 2.891500E+02  5.190971E-01  6.925496E-04  2.044455E-07  2.697196E-07  3.004230E-07  3.599362E-07  1.468278E-01  1.283769E-04  7.497641E-07  1.715019E-01  7.192433E-04  1.918273E-05  4.807154E-07  5.495495E-03  6.766892E-07  2.332311E-06  9.817971E-07  1.548920E-01  2.690336E-05  2.781628E-06  2.410784E-06  2.434545E-04  3.311438E-04  5.414226E-06  1.663728E-06  2.120073E-06  4.058817E-06
 2.901500E+02  5.201669E-01  6.839273E-04  1.968862E-07  2.598252E-07  2.894213E-07  3.468529E-07  1.468930E-01  1.256776E-04  6.982160E-07  1.725185E-01  7.120939E-04  1.818153E-05  4.714947E-07  5.380286E-03  6.369349E-07  2.201666E-06  9.369827E-07  1.528863E-01  2.570377E-05  2.685003E-06  2.325248E-06  2.397852E-04  3.261412E-04  5.103951E-06  1.559102E-06  1.987476E-06  3.846981E-06
 2.911500E+02  5.212203E-01  6.754647E-04  1.896564E-07  2.503591E-07  2.788953E-07  3.343318E-07  1.469563E-01  1.230542E-04  6.505464E-07  1.735202E-01  7.049683E-04  1.723547E-05  4.624250E-07  5.268273E-03  5.997780E-07  2.079207E-06  8.945145E-07  1.509098E-01  2.456225E-05  2.592217E-06  2.243175E-06  2.361811E-04  3.212280E-04  4.812802E-06  1.461633E-06  1.863904E-06  3.647347E-06
 2.921500E+02  5.222575E-01  6.671584E-04  1.827398E-07  2.413004E-07  2.688215E-07  3.223453E-07  1.470180E-01  1.205044E-04  6.064403E-07  1.745073E-01  6.978698E-04  1.634142E-05  4.535068E-07  5.159353E-03  5.650333E-07  1.964373E-06  8.542557E-07  1.489623E-01  2.347581E-05  2.503100E-06  2.164412E-06  2.326410E-04  3.164027E-04  4.539529E-06  1.370796E-06  1.748700E-06  3.459153E-06
 2.931500E+02  5.232787E-01  6.590048E-04  1.761210E-07  2.326291E-07  2.591780E-07  3.108677E-07  1.470779E-01  1.180256E-04  5.656099E-07  1.754797E-01  6.908013E-04  1.549640E-05  4.447399E-07  5.053423E-03  5.325295E-07  1.856642E-06  8.160781E-07  1.470434E-01  2.244164E-05  2.417494E-06  2.088811E-06  2.291640E-04  3.116640E-04  4.282972E-06  1.286107E-06  1.641255E-06  3.281689E-06
 2.941500E+02  5.242840E-01  6.510003E-04  1.697854E-07  2.243266E-07  2.499439E-07  2.998743E-07  1.471363E-01  1.156154E-04  5.277926E-07  1.764378E-01  6.837656E-04  1.469765E-05  4.361243E-07  4.950385E-03  5.021090E-07  1.755532E-06  7.798618E-07  1.451530E-01  2.145709E-05  2.335247E-06  2.016233E-06  2.257492E-04  3.070104E-04  4.042044E-06  1.207120E-06  1.541008E-06  3.114294E-06
 2.951500E+02  5.252737E-01  6.431417E-04  1.637194E-07  2.163748E-07  2.410995E-07  2.893419E-07  1.471931E-01  1.132717E-04  4.927481E-07  1.773816E-01  6.767654E-04  1.394253E-05  4.276596E-07  4.850145E-03  4.736255E-07  1.660598E-06  7.454943E-07  1.432907E-01  2.051962E-05  2.256214E-06  1.946546E-06  2.223954E-04  3.024406E-04  3.815738E-06  1.133421E-06  1.447441E-06  2.956348E-06
 2.961500E+02  5.262480E-01  6.354258E-04  1.579099E-07  2.087571E-07  2.326260E-07  2.792486E-07  1.472484E-01  1.109923E-04  4.602565E-07  1.783114E-01  6.698032E-04  1.322858E-05  4.193453E-07  4.752613E-03  4.469444E-07  1.571424E-06  7.128703E-07  1.414562E-01  1.962685E-05  2.180256E-06  1.879622E-06  2.191018E-04  2.979532E-04  3.603109E-06  1.064632E-06  1.360075E-06  2.807272E-06
 2.971500E+02  5.272070E-01  6.278493E-04  1.523445E-07  2.014575E-07  2.245059E-07  2.695736E-07  1.473022E-01  1.087750E-04  4.301167E-07  1.792271E-01  6.628813E-04  1.255346E-05  4.111806E-07  4.657702E-03  4.219407E-07  1.487627E-06  6.818910E-07  1.396492E-01  1.877651E-05  2.107242E-06  1.815341E-06  2.158673E-04  2.935468E-04  3.403281E-06  1.000399E-06  1.278468E-06  2.666526E-06
 2.981500E+02  5.281510E-01  6.204092E-04  1.470117E-07  1.944609E-07  2.167223E-07  2.602971E-07  1.473546E-01  1.066178E-04  4.021445E-07  1.801291E-01  6.560018E-04  1.191497E-05  4.031647E-07  4.565326E-03  3.984990E-07  1.408850E-06  6.524638E-07  1.378694E-01  1.796646E-05  2.037046E-06  1.753588E-06  2.126910E-04  2.892201E-04  3.215434E-06  9.403986E-07  1.202212E-06  2.533605E-06
 2.991500E+02  5.290802E-01  6.131024E-04  1.419004E-07  1.877530E-07  2.092594E-07  2.514005E-07  1.474056E-01  1.045187E-04  3.761712E-07  1.810175E-01  6.491668E-04  1.131104E-05  3.952967E-07  4.475406E-03  3.765125E-07  1.334763E-06  6.245018E-07  1.361164E-01  1.719467E-05  1.969548E-06  1.694253E-06  2.095718E-04  2.849716E-04  3.038805E-06  8.843304E-07  1.130929E-06  2.408036E-06
 3.001500E+02  5.299948E-01  6.059261E-04  1.370001E-07  1.813202E-07  2.021022E-07  2.428660E-07  1.474553E-01  1.024760E-04  3.520421E-07  1.818923E-01  6.423783E-04  1.073973E-05  3.875754E-07  4.387862E-03  3.558822E-07  1.265059E-06  5.979234E-07  1.343901E-01  1.645921E-05  1.904634E-06  1.637231E-06  2.065088E-04  2.808001E-04  2.872679E-06  8.319172E-07  1.064270E-06  2.289377E-06
 3.011500E+02  5.308949E-01  5.988774E-04  1.323009E-07  1.751497E-07  1.952364E-07  2.346769E-07  1.475037E-01  1.004877E-04  3.296154E-07  1.827539E-01  6.356379E-04  1.019919E-05  3.799996E-07  4.302620E-03  3.365165E-07  1.199452E-06  5.726520E-07  1.326900E-01  1.575826E-05  1.842193E-06  1.582424E-06  2.035011E-04  2.767042E-04  2.716392E-06  7.829021E-07  1.001912E-06  2.177215E-06
 3.021500E+02  5.317809E-01  5.919536E-04  1.277935E-07  1.692294E-07  1.886485E-07  2.268172E-07  1.475509E-01  9.855216E-05  3.087608E-07  1.836024E-01  6.289474E-04  9.687694E-06  3.725680E-07  4.219608E-03  3.183302E-07  1.137678E-06  5.486157E-07  1.310158E-01  1.509008E-05  1.782123E-06  1.529736E-06  2.005477E-04  2.726826E-04  2.569323E-06  7.370480E-07  9.435546E-07  2.071163E-06
 3.031500E+02  5.326528E-01  5.851519E-04  1.234689E-07  1.635476E-07  1.823257E-07  2.192719E-07  1.475969E-01  9.666767E-05  2.893589E-07  1.844378E-01  6.223082E-04  9.203611E-06  3.652792E-07  4.138755E-03  3.012446E-07  1.079489E-06  5.257469E-07  1.293672E-01  1.445305E-05  1.724323E-06  1.479077E-06  1.976476E-04  2.687340E-04  2.430892E-06  6.941349E-07  8.889224E-07  1.970859E-06
 3.041500E+02  5.335108E-01  5.784697E-04  1.193187E-07  1.580935E-07  1.762558E-07  2.120265E-07  1.476416E-01  9.483261E-05  2.712999E-07  1.852605E-01  6.157217E-04  8.745401E-06  3.581315E-07  4.059994E-03  2.851867E-07  1.024656E-06  5.039820E-07  1.277439E-01  1.384560E-05  1.668698E-06  1.430360E-06  1.947998E-04  2.648570E-04  2.300558E-06  6.539595E-07  8.377583E-07  1.875963E-06
 3.051500E+02  5.343553E-01  5.719045E-04  1.153349E-07  1.528565E-07  1.704274E-07  2.050676E-07  1.476853E-01  9.304542E-05  2.544831E-07  1.860705E-01  6.091892E-04  8.311616E-06  3.511236E-07  3.983260E-03  2.700885E-07  9.729659E-07  4.832613E-07  1.261456E-01  1.326627E-05  1.615158E-06  1.383502E-06  1.920035E-04  2.610504E-04  2.177816E-06  6.163333E-07  7.898247E-07  1.786158E-06
 3.061500E+02  5.351863E-01  5.654538E-04  1.115099E-07  1.478270E-07  1.648294E-07  1.983822E-07  1.477278E-01  9.130459E-05  2.388155E-07  1.868680E-01  6.027119E-04  7.900889E-06  3.442535E-07  3.908491E-03  2.558870E-07  9.242200E-07  4.635287E-07  1.245718E-01  1.271367E-05  1.563616E-06  1.338425E-06  1.892578E-04  2.573128E-04  2.062192E-06  5.810817E-07  7.449013E-07  1.701146E-06
 3.071500E+02  5.360041E-01  5.591151E-04  1.078364E-07  1.429955E-07  1.594515E-07  1.919579E-07  1.477693E-01  8.960867E-05  2.242121E-07  1.876532E-01  5.962908E-04  7.511933E-06  3.375198E-07  3.835625E-03  2.425237E-07  8.782333E-07  4.447312E-07  1.230224E-01  1.218646E-05  1.513989E-06  1.295053E-06  1.865616E-04  2.536431E-04  1.953246E-06  5.480429E-07  7.027839E-07  1.620648E-06
 3.081500E+02  5.368089E-01  5.528861E-04  1.043077E-07  1.383531E-07  1.542838E-07  1.857832E-07  1.478098E-01  8.795626E-05  2.105942E-07  1.884263E-01  5.899270E-04  7.143535E-06  3.309205E-07  3.764605E-03  2.299442E-07  8.348332E-07  4.268192E-07  1.214970E-01  1.168341E-05  1.466198E-06  1.253316E-06  1.839142E-04  2.500400E-04  1.850564E-06  5.170668E-07  6.632832E-07  1.544402E-06
 3.091500E+02  5.376008E-01  5.467645E-04  1.009172E-07  1.338913E-07  1.493169E-07  1.798471E-07  1.478492E-01  8.634601E-05  1.978895E-07  1.891874E-01  5.836212E-04  6.794553E-06  3.244538E-07  3.695374E-03  2.180980E-07  7.938591E-07  4.097458E-07  1.199951E-01  1.120331E-05  1.420168E-06  1.213145E-06  1.813146E-04  2.465022E-04  1.753763E-06  4.880143E-07  6.262232E-07  1.472164E-06
 3.101500E+02  5.383801E-01  5.407480E-04  9.765869E-08  1.296022E-07  1.445419E-07  1.741388E-07  1.478877E-01  8.477661E-05  1.860316E-07  1.899367E-01  5.773744E-04  6.463908E-06  3.181178E-07  3.627878E-03  2.069381E-07  7.551612E-07  3.934669E-07  1.185166E-01  1.074505E-05  1.375826E-06  1.174474E-06  1.787619E-04  2.430285E-04  1.662480E-06  4.607562E-07  5.914409E-07  1.403703E-06
 3.111500E+02  5.391470E-01  5.348344E-04  9.452638E-08  1.254781E-07  1.399504E-07  1.686485E-07  1.479252E-01  8.324682E-05  1.749590E-07  1.906744E-01  5.711871E-04  6.150585E-06  3.119107E-07  3.562065E-03  1.964206E-07  7.185997E-07  3.779409E-07  1.170611E-01  1.030755E-05  1.333103E-06  1.137241E-06  1.762553E-04  2.396177E-04  1.576380E-06  4.351725E-07  5.587847E-07  1.338804E-06
 3.121500E+02  5.399016E-01  5.290215E-04  9.151466E-08  1.215117E-07  1.355342E-07  1.633667E-07  1.479619E-01  8.175542E-05  1.646152E-07  1.914005E-01  5.650600E-04  5.853627E-06  3.058305E-07  3.497884E-03  1.865049E-07  6.840442E-07  3.631288E-07  1.156282E-01  9.889809E-06  1.291935E-06  1.101387E-06  1.737939E-04  2.362688E-04  1.495145E-06  4.111520E-07  5.281140E-07  1.277263E-06
 3.131500E+02  5.406441E-01  5.233074E-04  8.861823E-08  1.176962E-07  1.312857E-07  1.582842E-07  1.479976E-01  8.030123E-05  1.549479E-07  1.921154E-01  5.589937E-04  5.572130E-06  2.998752E-07  3.435286E-03  1.771530E-07  6.513728E-07  3.489935E-07  1.142176E-01  9.490854E-06  1.252256E-06  1.066854E-06  1.713769E-04  2.329803E-04  1.418483E-06  3.885913E-07  4.992980E-07  1.218891E-06
 3.141500E+02  5.413748E-01  5.176899E-04  8.583204E-08  1.140249E-07  1.271977E-07  1.533925E-07  1.480324E-01  7.888314E-05  1.459089E-07  1.928191E-01  5.529886E-04  5.305245E-06  2.940427E-07  3.374224E-03  1.683296E-07  6.204720E-07  3.355002E-07  1.128290E-01  9.109777E-06  1.214008E-06  1.033589E-06  1.690034E-04  2.297514E-04  1.346116E-06  3.673943E-07  4.722151E-07  1.163508E-06
 3.151500E+02  5.420938E-01  5.121671E-04  8.315129E-08  1.104917E-07  1.232631E-07  1.486833E-07  1.480665E-01  7.750004E-05  1.374539E-07  1.935119E-01  5.470451E-04  5.052170E-06  2.883312E-07  3.314652E-03  1.600017E-07  5.912355E-07  3.226162E-07  1.114622E-01  8.745714E-06  1.177133E-06  1.001539E-06  1.666727E-04  2.265807E-04  1.277786E-06  3.474716E-07  4.467524E-07  1.110949E-06
 3.161500E+02  5.428012E-01  5.067370E-04  8.057141E-08  1.070906E-07  1.194755E-07  1.441489E-07  1.480997E-01  7.615090E-05  1.295417E-07  1.941938E-01  5.411635E-04  4.812147E-06  2.827386E-07  3.256527E-03  1.521388E-07  5.635639E-07  3.103104E-07  1.101166E-01  8.397843E-06  1.141576E-06  9.706547E-07  1.643838E-04  2.234672E-04  1.213251E-06  3.287402E-07  4.228048E-07  1.061054E-06
 3.171500E+02  5.434974E-01  5.013978E-04  7.808806E-08  1.038159E-07  1.158284E-07  1.397817E-07  1.481321E-01  7.483468E-05  1.221342E-07  1.948651E-01  5.353440E-04  4.584463E-06  2.772628E-07  3.199806E-03  1.447121E-07  5.373644E-07  2.985536E-07  1.087921E-01  8.065387E-06  1.107283E-06  9.408891E-07  1.621360E-04  2.204098E-04  1.152285E-06  3.111229E-07  4.002744E-07  1.013676E-06
 3.181500E+02  5.441824E-01  4.961475E-04  7.569711E-08  1.006623E-07  1.123160E-07  1.355748E-07  1.481638E-01  7.355042E-05  1.151965E-07  1.955258E-01  5.295870E-04  4.368446E-06  2.719018E-07  3.144448E-03  1.376948E-07  5.125503E-07  2.873182E-07  1.074883E-01  7.747606E-06  1.074205E-06  9.121965E-07  1.599286E-04  2.174075E-04  1.094674E-06  2.945478E-07  3.790703E-07  9.686754E-07
 3.191500E+02  5.448565E-01  4.909844E-04  7.339461E-08  9.762462E-08  1.089325E-07  1.315214E-07  1.481947E-01  7.229717E-05  1.086960E-07  1.961763E-01  5.238926E-04  4.163461E-06  2.666535E-07  3.090412E-03  1.310622E-07  4.890402E-07  2.765780E-07  1.062049E-01  7.443798E-06  1.042294E-06  8.845338E-07  1.577606E-04  2.144590E-04  1.040222E-06  2.789479E-07  3.591076E-07  9.259214E-07
 3.201500E+02  5.455197E-01  4.859067E-04  7.117682E-08  9.469796E-08  1.056725E-07  1.276151E-07  1.482249E-01  7.107400E-05  1.026027E-07  1.968165E-01  5.182607E-04  3.968911E-06  2.615160E-07  3.037662E-03  1.247909E-07  4.667581E-07  2.663085E-07  1.049417E-01  7.153297E-06  1.011503E-06  8.578596E-07  1.556315E-04  2.115635E-04  9.887402E-07  2.642610E-07  3.403073E-07  8.852910E-07
 3.211500E+02  5.461724E-01  4.809127E-04  6.904015E-08  9.187767E-08  1.025309E-07  1.238497E-07  1.482544E-01  6.988004E-05  9.688866E-08  1.974468E-01  5.126915E-04  3.784230E-06  2.564872E-07  2.986160E-03  1.188591E-07  4.456329E-07  2.564863E-07  1.036981E-01  6.875471E-06  9.817876E-07  8.321342E-07  1.535405E-04  2.087199E-04  9.400551E-07  2.504291E-07  3.225960E-07  8.466683E-07
 3.221500E+02  5.468147E-01  4.760007E-04  6.698121E-08  8.915932E-08  9.950257E-08  1.202193E-07  1.482832E-01  6.871444E-05  9.152818E-08  1.980672E-01  5.071850E-04  3.608885E-06  2.515650E-07  2.935870E-03  1.132466E-07  4.255978E-07  2.470895E-07  1.024741E-01  6.609720E-06  9.531066E-07  8.073198E-07  1.514867E-04  2.059272E-04  8.940028E-07  2.373979E-07  3.059051E-07  8.099443E-07
 3.231500E+02  5.474466E-01  4.711690E-04  6.499675E-08  8.653867E-08  9.658299E-08  1.167185E-07  1.483113E-01  6.757637E-05  8.649734E-08  1.986778E-01  5.017411E-04  3.442375E-06  2.467475E-07  2.886757E-03  1.079343E-07  4.065903E-07  2.380972E-07  1.012692E-01  6.355473E-06  9.254192E-07  7.833802E-07  1.494695E-04  2.031843E-04  8.504298E-07  2.251173E-07  2.901706E-07  7.750164E-07
 3.241500E+02  5.480685E-01  4.664162E-04  6.308367E-08  8.401169E-08  9.376761E-08  1.133419E-07  1.483388E-01  6.646503E-05  8.177401E-08  1.992790E-01  4.963598E-04  3.284225E-06  2.420326E-07  2.838788E-03  1.029044E-07  3.885518E-07  2.294897E-07  1.000832E-01  6.112190E-06  8.986866E-07  7.602807E-07  1.474882E-04  2.004903E-04  8.091920E-07  2.135400E-07  2.753329E-07  7.417880E-07
 3.251500E+02  5.486805E-01  4.617405E-04  6.123903E-08  8.157453E-08  9.105216E-08  1.100844E-07  1.483657E-01  6.537965E-05  7.733762E-08  1.998707E-01  4.910408E-04  3.133988E-06  2.374184E-07  2.791930E-03  9.814041E-08  3.714274E-07  2.212485E-07  9.891571E-02  5.879355E-06  8.728718E-07  7.379883E-07  1.455421E-04  1.978444E-04  7.701543E-07  2.026224E-07  2.613363E-07  7.101680E-07
 3.261500E+02  5.492827E-01  4.571405E-04  5.946000E-08  7.922351E-08  8.843255E-08  1.069412E-07  1.483920E-01  6.431949E-05  7.316914E-08  2.004531E-01  4.857840E-04  2.991241E-06  2.329028E-07  2.746153E-03  9.362666E-08  3.551657E-07  2.133558E-07  9.776651E-02  5.656480E-06  8.479393E-07  7.164711E-07  1.436304E-04  1.952454E-04  7.331901E-07  1.923234E-07  2.481290E-07  6.800709E-07
 3.271500E+02  5.498754E-01  4.526147E-04  5.774391E-08  7.695513E-08  8.590490E-08  1.039076E-07  1.484176E-01  6.328383E-05  6.925085E-08  2.010265E-01  4.805892E-04  2.855586E-06  2.284839E-07  2.701425E-03  8.934862E-08  3.397181E-07  2.057950E-07  9.663530E-02  5.443102E-06  8.238551E-07  6.956989E-07  1.417526E-04  1.926925E-04  6.981802E-07  1.826050E-07  2.356624E-07  6.514157E-07
 3.281500E+02  5.504586E-01  4.481616E-04  5.608820E-08  7.476604E-08  8.346548E-08  1.009794E-07  1.484427E-01  6.227197E-05  6.556633E-08  2.015909E-01  4.754562E-04  2.726646E-06  2.241598E-07  2.657718E-03  8.529265E-08  3.250394E-07  1.985503E-07  9.552176E-02  5.238778E-06  8.005867E-07  6.756425E-07  1.399080E-04  1.901848E-04  6.650130E-07  1.734315E-07  2.238913E-07  6.241265E-07
 3.291500E+02  5.510325E-01  4.437798E-04  5.449041E-08  7.265306E-08  8.111075E-08  9.815213E-08  1.484673E-01  6.128324E-05  6.210032E-08  2.021465E-01  4.703846E-04  2.604065E-06  2.199286E-07  2.615003E-03  8.144597E-08  3.110869E-07  1.916066E-07  9.442562E-02  5.043089E-06  7.781030E-07  6.562743E-07  1.380958E-04  1.877214E-04  6.335835E-07  1.647696E-07  2.127734E-07  5.981314E-07
 3.301500E+02  5.515973E-01  4.394679E-04  5.294821E-08  7.061313E-08  7.883732E-08  9.542192E-08  1.484912E-01  6.031699E-05  5.883863E-08  2.026934E-01  4.653743E-04  2.487509E-06  2.157883E-07  2.573253E-03  7.779660E-08  2.978206E-07  1.849499E-07  9.334660E-02  4.855638E-06  7.563739E-07  6.375674E-07  1.363156E-04  1.853015E-04  6.037933E-07  1.565881E-07  2.022691E-07  5.733627E-07
 3.311500E+02  5.521532E-01  4.352246E-04  5.145938E-08  6.864334E-08  7.664195E-08  9.278489E-08  1.485147E-01  5.937259E-05  5.576806E-08  2.032318E-01  4.604247E-04  2.376660E-06  2.117371E-07  2.532441E-03  7.433331E-08  2.852029E-07  1.785666E-07  9.228442E-02  4.676045E-06  7.353709E-07  6.194966E-07  1.345666E-04  1.829241E-04  5.755498E-07  1.488581E-07  1.923415E-07  5.497566E-07
 3.321500E+02  5.527002E-01  4.310484E-04  5.002179E-08  6.674091E-08  7.452154E-08  9.023737E-08  1.485376E-01  5.844943E-05  5.287634E-08  2.037618E-01  4.555357E-04  2.271218E-06  2.077731E-07  2.492541E-03  7.104558E-08  2.731984E-07  1.724440E-07  9.123880E-02  4.503949E-06  7.150666E-07  6.020372E-07  1.328482E-04  1.805884E-04  5.487660E-07  1.415524E-07  1.829561E-07  5.272528E-07
 3.331500E+02  5.532386E-01  4.269381E-04  4.863340E-08  6.490318E-08  7.247314E-08  8.777585E-08  1.485601E-01  5.754692E-05  5.015207E-08  2.042835E-01  4.507068E-04  2.170902E-06  2.038945E-07  2.453528E-03  6.792352E-08  2.617739E-07  1.665701E-07  9.020946E-02  4.339009E-06  6.954346E-07  5.851660E-07  1.311599E-04  1.782937E-04  5.233602E-07  1.346455E-07  1.740805E-07  5.057946E-07
 3.341500E+02  5.537685E-01  4.228925E-04  4.729226E-08  6.312760E-08  7.049394E-08  8.539697E-08  1.485820E-01  5.666450E-05  4.758460E-08  2.047972E-01  4.459376E-04  2.075443E-06  2.000995E-07  2.415379E-03  6.495785E-08  2.508980E-07  1.609332E-07  8.919614E-02  4.180899E-06  6.764498E-07  5.688606E-07  1.295010E-04  1.760391E-04  4.992554E-07  1.281136E-07  1.656845E-07  4.853282E-07
 3.351500E+02  5.542900E-01  4.189103E-04  4.599653E-08  6.141175E-08  6.858121E-08  8.309753E-08  1.486035E-01  5.580160E-05  4.516404E-08  2.053028E-01  4.412277E-04  1.984589E-06  1.963864E-07  2.378070E-03  6.213988E-08  2.405415E-07  1.555227E-07  8.819858E-02  4.029308E-06  6.580879E-07  5.530994E-07  1.278710E-04  1.738238E-04  4.763794E-07  1.219346E-07  1.577397E-07  4.658029E-07
 3.361500E+02  5.548033E-01  4.149902E-04  4.474442E-08  5.975331E-08  6.673240E-08  8.087445E-08  1.486245E-01  5.495769E-05  4.288117E-08  2.058006E-01  4.365766E-04  1.898102E-06  1.927533E-07  2.341579E-03  5.946142E-08  2.306765E-07  1.503281E-07  8.721651E-02  3.883943E-06  6.403258E-07  5.378618E-07  1.262693E-04  1.716470E-04  4.546643E-07  1.160876E-07  1.502196E-07  4.471709E-07
 3.371500E+02  5.553085E-01  4.111311E-04  4.353424E-08  5.815005E-08  6.494501E-08  7.872480E-08  1.486451E-01  5.413227E-05  4.072738E-08  2.062907E-01  4.319839E-04  1.815756E-06  1.891986E-07  2.305882E-03  5.691480E-08  2.212771E-07  1.453397E-07  8.624967E-02  3.744522E-06  6.231412E-07  5.231282E-07  1.246954E-04  1.695081E-04  4.340460E-07  1.105531E-07  1.430995E-07  4.293870E-07
 3.381500E+02  5.558058E-01  4.073318E-04  4.236436E-08  5.659985E-08  6.321670E-08  7.664577E-08  1.486652E-01  5.332482E-05  3.869468E-08  2.067732E-01  4.274492E-04  1.737337E-06  1.857205E-07  2.270960E-03  5.449280E-08  2.123186E-07  1.405481E-07  8.529781E-02  3.610779E-06  6.065129E-07  5.088797E-07  1.231486E-04  1.674061E-04  4.144644E-07  1.053129E-07  1.363560E-07  4.124084E-07
 3.391500E+02  5.562952E-01  4.035912E-04  4.123323E-08  5.510067E-08  6.154520E-08  7.463468E-08  1.486849E-01  5.253487E-05  3.677558E-08  2.072482E-01  4.229718E-04  1.662645E-06  1.823174E-07  2.236792E-03  5.218862E-08  2.037779E-07  1.359444E-07  8.436068E-02  3.482459E-06  5.904203E-07  4.950980E-07  1.216285E-04  1.653405E-04  3.958629E-07  1.003498E-07  1.299673E-07  3.961947E-07
 3.401500E+02  5.567770E-01  3.999082E-04  4.013937E-08  5.365058E-08  5.992834E-08  7.268894E-08  1.487042E-01  5.176193E-05  3.496310E-08  2.077159E-01  4.185514E-04  1.591488E-06  1.789877E-07  2.203357E-03  4.999589E-08  1.956333E-07  1.315204E-07  8.343803E-02  3.359321E-06  5.748438E-07  4.817660E-07  1.201346E-04  1.633104E-04  3.781880E-07  9.564773E-08  1.239130E-07  3.807079E-07
 3.411500E+02  5.572513E-01  3.962817E-04  3.908136E-08  5.224771E-08  5.836406E-08  7.080609E-08  1.487231E-01  5.100557E-05  3.325075E-08  2.081764E-01  4.141874E-04  1.523686E-06  1.757298E-07  2.170636E-03  4.790860E-08  1.878642E-07  1.272679E-07  8.252962E-02  3.241135E-06  5.597647E-07  4.688668E-07  1.186663E-04  1.613152E-04  3.613897E-07  9.119177E-08  1.181740E-07  3.659116E-07
 3.421500E+02  5.577182E-01  3.927106E-04  3.805782E-08  5.089027E-08  5.685037E-08  6.898378E-08  1.487416E-01  5.026533E-05  3.163243E-08  2.086298E-01  4.098793E-04  1.459068E-06  1.725420E-07  2.138611E-03  4.592111E-08  1.804511E-07  1.231795E-07  8.163521E-02  3.127682E-06  5.451647E-07  4.563845E-07  1.172231E-04  1.593543E-04  3.454205E-07  8.696777E-08  1.127322E-07  3.517719E-07
 3.431500E+02  5.581778E-01  3.891938E-04  3.706747E-08  4.957655E-08  5.538538E-08  6.721974E-08  1.487596E-01  4.954080E-05  3.010247E-08  2.090762E-01  4.056266E-04  1.397474E-06  1.694229E-07  2.107264E-03  4.402810E-08  1.733759E-07  1.192479E-07  8.075455E-02  3.018752E-06  5.310266E-07  4.443037E-07  1.158046E-04  1.574268E-04  3.302360E-07  8.296250E-08  1.075708E-07  3.382564E-07
 3.441500E+02  5.586302E-01  3.857304E-04  3.610905E-08  4.830493E-08  5.396727E-08  6.551182E-08  1.487774E-01  4.883155E-05  2.865556E-08  2.095157E-01  4.014287E-04  1.338750E-06  1.663709E-07  2.076576E-03  4.222455E-08  1.666212E-07  1.154662E-07  7.988743E-02  2.914147E-06  5.173337E-07  4.326098E-07  1.144102E-04  1.555323E-04  3.157941E-07  7.916355E-08  1.026739E-07  3.253344E-07
 3.451500E+02  5.590756E-01  3.823194E-04  3.518136E-08  4.707384E-08  5.259428E-08  6.385792E-08  1.487947E-01  4.813719E-05  2.728674E-08  2.099486E-01  3.972850E-04  1.282753E-06  1.633844E-07  2.046531E-03  4.050575E-08  1.601708E-07  1.118279E-07  7.903360E-02  2.813678E-06  5.040699E-07  4.212886E-07  1.130395E-04  1.536699E-04  3.020552E-07  7.555927E-08  9.802670E-08  3.129771E-07
 3.461500E+02  5.595141E-01  3.789598E-04  3.428327E-08  4.588178E-08  5.126477E-08  6.225608E-08  1.488117E-01  4.745733E-05  2.599138E-08  2.103748E-01  3.931950E-04  1.229344E-06  1.604621E-07  2.017112E-03  3.886726E-08  1.540093E-07  1.083268E-07  7.819284E-02  2.717165E-06  4.912200E-07  4.103266E-07  1.116920E-04  1.518391E-04  2.889821E-07  7.213873E-08  9.361518E-08  3.011570E-07
 3.471500E+02  5.599459E-01  3.756506E-04  3.341368E-08  4.472730E-08  4.997712E-08  6.070438E-08  1.488284E-01  4.679159E-05  2.476513E-08  2.107945E-01  3.891582E-04  1.178395E-06  1.576025E-07  1.988304E-03  3.730489E-08  1.481223E-07  1.049570E-07  7.736494E-02  2.624434E-06  4.787692E-07  3.997108E-07  1.103673E-04  1.500393E-04  2.765396E-07  6.889164E-08  8.942624E-08  2.898482E-07
 3.481500E+02  5.603709E-01  3.723909E-04  3.257153E-08  4.360903E-08  4.872980E-08  5.920099E-08  1.488447E-01  4.613960E-05  2.360392E-08  2.112077E-01  3.851740E-04  1.129783E-06  1.548042E-07  1.960089E-03  3.581469E-08  1.424959E-07  1.017129E-07  7.654967E-02  2.535323E-06  4.667033E-07  3.894287E-07  1.090649E-04  1.482698E-04  2.646944E-07  6.580835E-08  8.544754E-08  2.790261E-07
 3.491500E+02  5.607894E-01  3.691798E-04  3.175582E-08  4.252565E-08  4.752134E-08  5.774416E-08  1.488607E-01  4.550102E-05  2.250397E-08  2.116147E-01  3.812417E-04  1.083393E-06  1.520659E-07  1.932455E-03  3.439294E-08  1.371172E-07  9.858903E-08  7.574681E-02  2.449675E-06  4.550087E-07  3.794683E-07  1.077843E-04  1.465301E-04  2.534153E-07  6.287979E-08  8.166750E-08  2.686673E-07
 3.501500E+02  5.612015E-01  3.660164E-04  3.096558E-08  4.147589E-08  4.635033E-08  5.633222E-08  1.488763E-01  4.487550E-05  2.146170E-08  2.120156E-01  3.773609E-04  1.039113E-06  1.493861E-07  1.905385E-03  3.303612E-08  1.319740E-07  9.558038E-08  7.495616E-02  2.367342E-06  4.436723E-07  3.698181E-07  1.065253E-04  1.448196E-04  2.426727E-07  6.009744E-08  7.807521E-08  2.587499E-07
 3.511500E+02  5.616073E-01  3.628998E-04  3.019989E-08  4.045854E-08  4.521542E-08  5.496355E-08  1.488917E-01  4.426270E-05  2.047379E-08  2.124103E-01  3.735309E-04  9.968411E-07  1.467635E-07  1.878865E-03  3.174091E-08  1.270547E-07  9.268206E-08  7.417750E-02  2.288181E-06  4.326815E-07  3.604671E-07  1.052872E-04  1.431377E-04  2.324388E-07  5.745327E-08  7.466043E-08  2.492528E-07
 3.521500E+02  5.620068E-01  3.598291E-04  2.945786E-08  3.947243E-08  4.411532E-08  5.363660E-08  1.489067E-01  4.366231E-05  1.953710E-08  2.127990E-01  3.697512E-04  9.564772E-07  1.441968E-07  1.852883E-03  3.050419E-08  1.223484E-07  8.988943E-08  7.341064E-02  2.212057E-06  4.220243E-07  3.514046E-07  1.040698E-04  1.414839E-04  2.226871E-07  5.493975E-08  7.141350E-08  2.401563E-07
 3.531500E+02  5.624002E-01  3.568037E-04  2.873863E-08  3.851643E-08  4.304877E-08  5.234988E-08  1.489215E-01  4.307400E-05  1.864871E-08  2.131819E-01  3.660211E-04  9.179283E-07  1.416849E-07  1.827423E-03  2.932301E-08  1.178446E-07  8.719809E-08  7.265536E-02  2.138841E-06  4.116891E-07  3.426204E-07  1.028726E-04  1.398575E-04  2.133929E-07  5.254977E-08  6.832536E-08  2.314415E-07
 3.541500E+02  5.627877E-01  3.538225E-04  2.804140E-08  3.758949E-08  4.201459E-08  5.110199E-08  1.489359E-01  4.249748E-05  1.780586E-08  2.135590E-01  3.623401E-04  8.811056E-07  1.392263E-07  1.802474E-03  2.819457E-08  1.135336E-07  8.460381E-08  7.191148E-02  2.068409E-06  4.016646E-07  3.341048E-07  1.016952E-04  1.382581E-04  2.045327E-07  5.027666E-08  6.538746E-08  2.230904E-07
 3.551500E+02  5.631692E-01  3.508848E-04  2.736537E-08  3.669056E-08  4.101162E-08  4.989153E-08  1.489501E-01  4.193246E-05  1.700599E-08  2.139305E-01  3.587076E-04  8.459254E-07  1.368200E-07  1.778022E-03  2.711623E-08  1.094061E-07  8.210259E-08  7.117880E-02  2.000645E-06  3.919402E-07  3.258483E-07  1.005373E-04  1.366851E-04  1.960844E-07  4.811413E-08  6.259175E-08  2.150863E-07
 3.561500E+02  5.635450E-01  3.479899E-04  2.670980E-08  3.581867E-08  4.003877E-08  4.871721E-08  1.489640E-01  4.137864E-05  1.624667E-08  2.142964E-01  3.551231E-04  8.123079E-07  1.344646E-07  1.754056E-03  2.608550E-08  1.054532E-07  7.969059E-08  7.045711E-02  1.935436E-06  3.825055E-07  3.178418E-07  9.939840E-05  1.351381E-04  1.880268E-07  4.605626E-08  5.993066E-08  2.074131E-07
 3.571500E+02  5.639151E-01  3.451369E-04  2.607395E-08  3.497285E-08  3.909498E-08  4.757776E-08  1.489776E-01  4.083574E-05  1.552562E-08  2.146567E-01  3.515858E-04  7.801777E-07  1.321592E-07  1.730563E-03  2.510004E-08  1.016668E-07  7.736417E-08  6.974625E-02  1.872675E-06  3.733506E-07  3.100768E-07  9.827823E-05  1.336165E-04  1.803403E-07  4.409747E-08  5.739703E-08  2.000553E-07
 3.581500E+02  5.642796E-01  3.423251E-04  2.545715E-08  3.415220E-08  3.817923E-08  4.647198E-08  1.489910E-01  4.030350E-05  1.484072E-08  2.150117E-01  3.480953E-04  7.494632E-07  1.299024E-07  1.707532E-03  2.415760E-08  9.803878E-08  7.511983E-08  6.904602E-02  1.812261E-06  3.644659E-07  3.025447E-07  9.717640E-05  1.321198E-04  1.730061E-07  4.223251E-08  5.498416E-08  1.929987E-07
 3.591500E+02  5.646385E-01  3.395538E-04  2.485871E-08  3.335584E-08  3.729056E-08  4.539868E-08  1.490041E-01  3.978166E-05  1.418997E-08  2.153614E-01  3.446510E-04  7.200965E-07  1.276932E-07  1.684952E-03  2.325609E-08  9.456179E-08  7.295424E-08  6.835623E-02  1.754094E-06  3.558424E-07  2.952377E-07  9.609254E-05  1.306475E-04  1.660065E-07  4.045643E-08  5.268568E-08  1.862293E-07
 3.601500E+02  5.649921E-01  3.368222E-04  2.427801E-08  3.258293E-08  3.642801E-08  4.435677E-08  1.490169E-01  3.926996E-05  1.357148E-08  2.157059E-01  3.412523E-04  6.920132E-07  1.255306E-07  1.662811E-03  2.239350E-08  9.122871E-08  7.086424E-08  6.767672E-02  1.698083E-06  3.474710E-07  2.881478E-07  9.502633E-05  1.291993E-04  1.593248E-07  3.876455E-08  5.049563E-08  1.797342E-07
 3.611500E+02  5.653404E-01  3.341296E-04  2.371442E-08  3.183266E-08  3.559070E-08  4.334516E-08  1.490295E-01  3.876815E-05  1.298348E-08  2.160453E-01  3.378985E-04  6.651522E-07  1.234134E-07  1.641100E-03  2.156796E-08  8.803283E-08  6.884679E-08  6.700730E-02  1.644139E-06  3.393433E-07  2.812678E-07  9.397741E-05  1.277745E-04  1.529452E-07  3.715249E-08  4.840835E-08  1.735008E-07
 3.621500E+02  5.656835E-01  3.314754E-04  2.316736E-08  3.110426E-08  3.477776E-08  4.236281E-08  1.490419E-01  3.827600E-05  1.242431E-08  2.163796E-01  3.345891E-04  6.394555E-07  1.213405E-07  1.619807E-03  2.077768E-08  8.496778E-08  6.689898E-08  6.634781E-02  1.592176E-06  3.314512E-07  2.745904E-07  9.294545E-05  1.263728E-04  1.468526E-07  3.561608E-08  4.641852E-08  1.675175E-07
 3.631500E+02  5.660215E-01  3.288589E-04  2.263626E-08  3.039698E-08  3.398836E-08  4.140875E-08  1.490540E-01  3.779327E-05  1.189241E-08  2.167090E-01  3.313236E-04  6.148681E-07  1.193111E-07  1.598923E-03  2.002096E-08  8.202750E-08  6.501806E-08  6.569806E-02  1.542113E-06  3.237868E-07  2.681089E-07  9.193013E-05  1.249937E-04  1.410328E-07  3.415140E-08  4.452113E-08  1.617729E-07
 3.641500E+02  5.663544E-01  3.262793E-04  2.212057E-08  2.971010E-08  3.322170E-08  4.048200E-08  1.490659E-01  3.731973E-05  1.138630E-08  2.170336E-01  3.281014E-04  5.913377E-07  1.173240E-07  1.578438E-03  1.929621E-08  7.920627E-08  6.320137E-08  6.505790E-02  1.493873E-06  3.163424E-07  2.618164E-07  9.093112E-05  1.236368E-04  1.354725E-07  3.275477E-08  4.271143E-08  1.562565E-07
 3.651500E+02  5.666824E-01  3.237362E-04  2.161977E-08  2.904292E-08  3.247701E-08  3.958165E-08  1.490776E-01  3.685517E-05  1.090460E-08  2.173534E-01  3.249219E-04  5.688148E-07  1.153784E-07  1.558343E-03  1.860191E-08  7.649864E-08  6.144640E-08  6.442717E-02  1.447383E-06  3.091107E-07  2.557068E-07  8.994813E-05  1.223017E-04  1.301589E-07  3.142269E-08  4.098495E-08  1.509580E-07
 3.661500E+02  5.670055E-01  3.212287E-04  2.113336E-08  2.839480E-08  3.175354E-08  3.870683E-08  1.490891E-01  3.639937E-05  1.044600E-08  2.176685E-01  3.217845E-04  5.472521E-07  1.134732E-07  1.538627E-03  1.793661E-08  7.389944E-08  5.975072E-08  6.380569E-02  1.402570E-06  3.020848E-07  2.497738E-07  8.898083E-05  1.209878E-04  1.250800E-07  3.015186E-08  3.933744E-08  1.458678E-07
 3.671500E+02  5.673239E-01  3.187563E-04  2.066085E-08  2.776508E-08  3.105060E-08  3.785667E-08  1.491003E-01  3.595213E-05  1.000928E-08  2.179789E-01  3.186887E-04  5.266050E-07  1.116075E-07  1.519284E-03  1.729897E-08  7.140376E-08  5.811202E-08  6.319331E-02  1.359368E-06  2.952579E-07  2.440115E-07  8.802894E-05  1.196950E-04  1.202245E-07  2.893918E-08  3.776493E-08  1.409767E-07
 3.681500E+02  5.676376E-01  3.163184E-04  2.020177E-08  2.715315E-08  3.036749E-08  3.703036E-08  1.491114E-01  3.551324E-05  9.593275E-09  2.182849E-01  3.156339E-04  5.068309E-07  1.097805E-07  1.500303E-03  1.668767E-08  6.900694E-08  5.652810E-08  6.258988E-02  1.317711E-06  2.886234E-07  2.384144E-07  8.709216E-05  1.184226E-04  1.155814E-07  2.778170E-08  3.626364E-08  1.362761E-07
 3.691500E+02  5.679466E-01  3.139144E-04  1.975567E-08  2.655843E-08  2.970357E-08  3.622712E-08  1.491222E-01  3.508250E-05  9.196902E-09  2.185863E-01  3.126196E-04  4.878895E-07  1.079912E-07  1.481676E-03  1.610151E-08  6.670455E-08  5.499684E-08  6.199525E-02  1.277539E-06  2.821750E-07  2.329768E-07  8.617020E-05  1.171704E-04  1.111405E-07  2.667665E-08  3.482999E-08  1.317575E-07
 3.701500E+02  5.682512E-01  3.115437E-04  1.932213E-08  2.598034E-08  2.905818E-08  3.544618E-08  1.491328E-01  3.465973E-05  8.819132E-09  2.188834E-01  3.096451E-04  4.697425E-07  1.062388E-07  1.463395E-03  1.553931E-08  6.449237E-08  5.351623E-08  6.140926E-02  1.238791E-06  2.759067E-07  2.276936E-07  8.526279E-05  1.159380E-04  1.068922E-07  2.562140E-08  3.346062E-08  1.274131E-07
 3.711500E+02  5.685512E-01  3.092057E-04  1.890073E-08  2.541834E-08  2.843074E-08  3.468682E-08  1.491433E-01  3.424474E-05  8.458994E-09  2.191762E-01  3.067101E-04  4.523532E-07  1.045224E-07  1.445452E-03  1.499997E-08  6.236641E-08  5.208431E-08  6.083177E-02  1.201411E-06  2.698127E-07  2.225596E-07  8.436964E-05  1.147249E-04  1.028273E-07  2.461346E-08  3.215233E-08  1.232353E-07
 3.721500E+02  5.688470E-01  3.068999E-04  1.849107E-08  2.487190E-08  2.782064E-08  3.394833E-08  1.491535E-01  3.383735E-05  8.115577E-09  2.194648E-01  3.038139E-04  4.356872E-07  1.028412E-07  1.427839E-03  1.448245E-08  6.032286E-08  5.069926E-08  6.026262E-02  1.165346E-06  2.638873E-07  2.175700E-07  8.349049E-05  1.135308E-04  9.893704E-08  2.365049E-08  3.090211E-08  1.192169E-07
 3.731500E+02  5.691384E-01  3.046256E-04  1.809276E-08  2.434051E-08  2.722732E-08  3.323004E-08  1.491636E-01  3.343738E-05  7.788018E-09  2.197492E-01  3.009560E-04  4.197114E-07  1.011944E-07  1.410549E-03  1.398574E-08  5.835810E-08  4.935929E-08  5.970169E-02  1.130543E-06  2.581252E-07  2.127200E-07  8.262507E-05  1.123555E-04  9.521313E-08  2.273027E-08  2.970710E-08  1.153512E-07
