#         T/K            c1          c2-1          c3-4          c3-5          c3-7          c3-9            m1          m2-1          m3-1            w1            w2          w3-1          w3-2          c1m1        c1m2-1        c1m2-7        c2m1-1        c1w1-2        c1w2-1        c2w1-1        c2w1-9        m1w1-1        m1w1-4        m1w2-1        m2w1-1        m2w1-3      c1m1w1-1
 2.731500E+02  2.508784E-02  2.025325E-06  4.328956E-11  5.681860E-11  6.321520E-11  7.537627E-11  4.922502E-02  1.981662E-05  8.610583E-08  8.437414E-01  2.375459E-02  6.802217E-03  9.544237E-05  1.256428E-04  9.614500E-09  3.154822E-08  1.635731E-09  4.964268E-02  7.681677E-05  6.149885E-08  5.400250E-08  5.456175E-04  7.427325E-04  1.308050E-04  2.763146E-06  3.499562E-06  8.246893E-07
 2.741500E+02  2.536349E-02  2.031774E-06  4.258554E-11  5.591348E-11  6.221283E-11  7.420445E-11  4.924405E-02  1.934761E-05  7.949570E-08  8.450300E-01  2.325632E-02  6.312000E-03  9.200581E-05  1.237433E-04  9.060713E-09  2.982737E-08  1.579110E-09  4.909592E-02  7.289351E-05  5.983431E-08  5.249554E-08  5.337025E-04  7.264668E-04  1.212365E-04  2.556518E-06  3.239153E-06  7.794322E-07
 2.751500E+02  2.563702E-02  2.037817E-06  4.188746E-11  5.501541E-11  6.121812E-11  7.304086E-11  4.926238E-02  1.889350E-05  7.343994E-08  8.462649E-01  2.277051E-02  5.859775E-03  8.871006E-05  1.218765E-04  8.542154E-09  2.821074E-08  1.524621E-09  4.855322E-02  6.918754E-05  5.821546E-08  5.103150E-08  5.221208E-04  7.106584E-04  1.124255E-04  2.366699E-06  2.999837E-06  7.368944E-07
 2.761500E+02  2.590837E-02  2.043455E-06  4.119539E-11  5.412448E-11  6.023117E-11  7.188565E-11  4.928004E-02  1.845370E-05  6.788824E-08  8.474494E-01  2.229690E-02  5.442434E-03  8.554922E-05  1.200417E-04  8.056361E-09  2.669137E-08  1.472174E-09  4.801470E-02  6.568610E-05  5.664105E-08  4.960916E-08  5.108624E-04  6.952932E-04  1.043081E-04  2.192220E-06  2.779776E-06  6.968992E-07
 2.771500E+02  2.617750E-02  2.048688E-06  4.050941E-11  5.324083E-11  5.925214E-11  7.073901E-11  4.929706E-02  1.802765E-05  6.279522E-08  8.485868E-01  2.183522E-02  5.057131E-03  8.251757E-05  1.182382E-04  7.601064E-09  2.526280E-08  1.421683E-09  4.748047E-02  6.237725E-05  5.510991E-08  4.822736E-08  4.999173E-04  6.803577E-04  9.682598E-05  2.031747E-06  2.577303E-06  6.592823E-07
 2.781500E+02  2.644435E-02  2.053517E-06  3.982961E-11  5.236460E-11  5.828119E-11  6.960115E-11  4.931348E-02  1.761482E-05  5.811986E-08  8.496799E-01  2.138523E-02  4.701262E-03  7.960964E-05  1.164654E-04  7.174164E-09  2.391907E-08  1.373067E-09  4.695065E-02  5.924973E-05  5.362088E-08  4.688497E-08  4.892760E-04  6.658384E-04  8.992604E-05  1.884072E-06  2.390906E-06  6.238907E-07
 2.791500E+02  2.670888E-02  2.057944E-06  3.915612E-11  5.149595E-11  5.731851E-11  6.847232E-11  4.932933E-02  1.721470E-05  5.382512E-08  8.507313E-01  2.094665E-02  4.372441E-03  7.682011E-05  1.147227E-04  6.773723E-09  2.265462E-08  1.326250E-09  4.642534E-02  5.629299E-05  5.217287E-08  4.558089E-08  4.789290E-04  6.517226E-04  8.355986E-05  1.748096E-06  2.219211E-06  5.905822E-07
 2.801500E+02  2.697104E-02  2.061973E-06  3.848906E-11  5.063506E-11  5.636429E-11  6.735276E-11  4.934463E-02  1.682682E-05  4.987747E-08  8.517435E-01  2.051921E-02  4.068487E-03  7.414389E-05  1.130094E-04  6.397947E-09  2.146431E-08  1.281158E-09  4.590461E-02  5.349710E-05  5.076478E-08  4.431407E-08  4.688674E-04  6.379977E-04  7.768327E-05  1.622820E-06  2.060968E-06  5.592241E-07
 2.811500E+02  2.723079E-02  2.065606E-06  3.782855E-11  4.978211E-11  5.541875E-11  6.624276E-11  4.935941E-02  1.645071E-05  4.624656E-08  8.527188E-01  2.010264E-02  3.787398E-03  7.157609E-05  1.113249E-04  6.045175E-09  2.034338E-08  1.237722E-09  4.538856E-02  5.085274E-05  4.939558E-08  4.308348E-08  4.590821E-04  6.246514E-04  7.225595E-05  1.507339E-06  1.915042E-06  5.296929E-07
 2.821500E+02  2.748811E-02  2.068848E-06  3.717472E-11  4.893730E-11  5.448211E-11  6.514258E-11  4.937370E-02  1.608593E-05  4.290489E-08  8.536593E-01  1.969667E-02  3.527345E-03  6.911201E-05  1.096688E-04  5.713868E-09  1.928738E-08  1.195877E-09  4.487726E-02  4.835115E-05  4.806425E-08  4.188813E-08  4.495648E-04  6.116720E-04  6.724109E-05  1.400828E-06  1.780400E-06  5.018737E-07
 2.831500E+02  2.774296E-02  2.071705E-06  3.652772E-11  4.810082E-11  5.355457E-11  6.405250E-11  4.938751E-02  1.573207E-05  3.982752E-08  8.545669E-01  1.930103E-02  3.286649E-03  6.674713E-05  1.080406E-04  5.402601E-09  1.829219E-08  1.155559E-09  4.437079E-02  4.598410E-05  4.676980E-08  4.072703E-08  4.403069E-04  5.990479E-04  6.260509E-05  1.302534E-06  1.656101E-06  4.756590E-07
 2.841500E+02  2.799531E-02  2.074179E-06  3.588768E-11  4.727286E-11  5.263637E-11  6.297281E-11  4.940088E-02  1.538872E-05  3.699183E-08  8.554435E-01  1.891546E-02  3.063773E-03  6.447714E-05  1.064396E-04  5.110050E-09  1.735397E-08  1.116710E-09  4.386919E-02  4.374387E-05  4.551126E-08  3.959927E-08  4.313005E-04  5.867680E-04  5.831722E-05  1.211775E-06  1.541288E-06  4.509488E-07
 2.851500E+02  2.824515E-02  2.076279E-06  3.525472E-11  4.645360E-11  5.172771E-11  6.190378E-11  4.941382E-02  1.505550E-05  3.437728E-08  8.562908E-01  1.853969E-02  2.857308E-03  6.229790E-05  1.048655E-04  4.834988E-09  1.646914E-08  1.079272E-09  4.337253E-02  4.162317E-05  4.428769E-08  3.850390E-08  4.225377E-04  5.748216E-04  5.434943E-05  1.127928E-06  1.435179E-06  4.276497E-07
 2.861500E+02  2.849243E-02  2.078008E-06  3.462898E-11  4.564324E-11  5.082880E-11  6.084566E-11  4.942634E-02  1.473204E-05  3.196519E-08  8.571102E-01  1.817347E-02  2.665963E-03  6.020546E-05  1.033178E-04  4.576275E-09  1.563439E-08  1.043189E-09  4.288085E-02  3.961519E-05  4.309818E-08  3.744005E-08  4.140109E-04  5.631981E-04  5.067604E-05  1.050425E-06  1.337063E-06  4.056746E-07
 2.871500E+02  2.873716E-02  2.079375E-06  3.401058E-11  4.484195E-11  4.993984E-11  5.979873E-11  4.943847E-02  1.441800E-05  2.973859E-08  8.579033E-01  1.781654E-02  2.488553E-03  5.819602E-05  1.017960E-04  4.332852E-09  1.484661E-08  1.008411E-09  4.239421E-02  3.771350E-05  4.194183E-08  3.640685E-08  4.057128E-04  5.518876E-04  4.727356E-05  9.787473E-07  1.246289E-06  3.849420E-07
 2.881500E+02  2.897931E-02  2.080385E-06  3.339963E-11  4.404990E-11  4.906103E-11  5.876323E-11  4.945023E-02  1.411304E-05  2.768203E-08  8.586713E-01  1.746864E-02  2.323991E-03  5.626597E-05  1.002998E-04  4.103733E-09  1.410291E-08  9.748876E-10  4.191262E-02  3.591206E-05  4.081776E-08  3.540344E-08  3.976362E-04  5.408801E-04  4.412050E-05  9.124226E-07  1.162264E-06  3.653759E-07
 2.891500E+02  2.921887E-02  2.081046E-06  3.279625E-11  4.326724E-11  4.819255E-11  5.773939E-11  4.946162E-02  1.381683E-05  2.578144E-08  8.594157E-01  1.712954E-02  2.171279E-03  5.441184E-05  9.882864E-05  3.888002E-09  1.340058E-08  9.425702E-10  4.143613E-02  3.420521E-05  3.972513E-08  3.442901E-08  3.897744E-04  5.301663E-04  4.119718E-05  8.510190E-07  1.084445E-06  3.469053E-07
 2.901500E+02  2.945582E-02  2.081364E-06  3.220054E-11  4.249414E-11  4.733457E-11  5.672744E-11  4.947267E-02  1.352907E-05  2.402402E-08  8.601375E-01  1.679899E-02  2.029504E-03  5.263034E-05  9.738217E-05  3.684809E-09  1.273712E-08  9.114135E-10  4.096476E-02  3.258760E-05  3.866309E-08  3.348274E-08  3.821205E-04  5.197370E-04  3.848558E-05  7.941420E-07  1.012338E-06  3.294638E-07
 2.911500E+02  2.969016E-02  2.081348E-06  3.161259E-11  4.173073E-11  4.648724E-11  5.572759E-11  4.948339E-02  1.324946E-05  2.239807E-08  8.608377E-01  1.647675E-02  1.897823E-03  5.091830E-05  9.595998E-05  3.493358E-09  1.211017E-08  8.813734E-10  4.049853E-02  3.105422E-05  3.763084E-08  3.256386E-08  3.746683E-04  5.095833E-04  3.596917E-05  7.414309E-07  9.454881E-07  3.129894E-07
 2.921500E+02  2.992189E-02  2.081004E-06  3.103250E-11  4.097713E-11  4.565072E-11  5.474002E-11  4.949380E-02  1.297773E-05  2.089295E-08  8.615176E-01  1.616259E-02  1.775466E-03  4.927271E-05  9.456169E-05  3.312910E-09  1.151753E-08  8.524079E-10  4.003747E-02  2.960035E-05  3.662757E-08  3.167159E-08  3.674114E-04  4.996967E-04  3.363281E-05  6.925558E-07  8.834813E-07  2.974238E-07
 2.931500E+02  3.015099E-02  2.080341E-06  3.046032E-11  4.023347E-11  4.482513E-11  5.376491E-11  4.950389E-02  1.271360E-05  1.949890E-08  8.621779E-01  1.585630E-02  1.661722E-03  4.769068E-05  9.318690E-05  3.142777E-09  1.095716E-08  8.244767E-10  3.958157E-02  2.822154E-05  3.565251E-08  3.080519E-08  3.603438E-04  4.900689E-04  3.146259E-05  6.472147E-07  8.259378E-07  2.827128E-07
 2.941500E+02  3.037747E-02  2.079367E-06  2.989615E-11  3.949985E-11  4.401061E-11  5.280243E-11  4.951370E-02  1.245681E-05  1.820705E-08  8.628196E-01  1.555764E-02  1.555939E-03  4.616949E-05  9.183524E-05  2.982317E-09  1.042713E-08  7.975408E-10  3.913085E-02  2.691362E-05  3.470491E-08  2.996393E-08  3.534597E-04  4.806919E-04  2.944578E-05  6.051312E-07  7.725100E-07  2.688056E-07
 2.951500E+02  3.060132E-02  2.078089E-06  2.934002E-11  3.877635E-11  4.320724E-11  5.185272E-11  4.952322E-02  1.220711E-05  1.700928E-08  8.634435E-01  1.526641E-02  1.457519E-03  4.470649E-05  9.050635E-05  2.830930E-09  9.925638E-09  7.715631E-10  3.868531E-02  2.567267E-05  3.378401E-08  2.914711E-08  3.467535E-04  4.715579E-04  2.757065E-05  5.660518E-07  7.228789E-07  2.556544E-07
 2.961500E+02  3.082256E-02  2.076515E-06  2.879200E-11  3.806307E-11  4.241513E-11  5.091591E-11  4.953248E-02  1.196426E-05  1.589814E-08  8.640504E-01  1.498240E-02  1.365908E-03  4.329920E-05  8.919986E-05  2.688058E-09  9.451015E-09  7.465077E-10  3.824495E-02  2.449497E-05  3.288909E-08  2.835403E-08  3.402197E-04  4.626596E-04  2.582647E-05  5.297444E-07  6.767524E-07  2.432149E-07
 2.971500E+02  3.104117E-02  2.074655E-06  2.825212E-11  3.736006E-11  4.163436E-11  4.999211E-11  4.954147E-02  1.172803E-05  1.486685E-08  8.646411E-01  1.470540E-02  1.280599E-03  4.194522E-05  8.791540E-05  2.553178E-09  9.001683E-09  7.223404E-10  3.780977E-02  2.337704E-05  3.201944E-08  2.758402E-08  3.338531E-04  4.539896E-04  2.420334E-05  4.959961E-07  6.338622E-07  2.314451E-07
 2.981500E+02  3.125716E-02  2.072515E-06  2.772041E-11  3.666739E-11  4.086498E-11  4.908141E-11  4.955022E-02  1.149820E-05  1.390917E-08  8.652161E-01  1.443521E-02  1.201125E-03  4.064227E-05  8.665264E-05  2.425805E-09  8.576170E-09  6.990280E-10  3.737976E-02  2.231561E-05  3.117438E-08  2.683641E-08  3.276486E-04  4.455410E-04  2.269218E-05  4.646113E-07  5.939623E-07  2.203060E-07
 2.991500E+02  3.147055E-02  2.070105E-06  2.719690E-11  3.598510E-11  4.010706E-11  4.818390E-11  4.955872E-02  1.127457E-05  1.301940E-08  8.657762E-01  1.417165E-02  1.127056E-03  3.938819E-05  8.541122E-05  2.305481E-09  8.173094E-09  6.765388E-10  3.695492E-02  2.130759E-05  3.035322E-08  2.611057E-08  3.216012E-04  4.373070E-04  2.128465E-05  4.354107E-07  5.568265E-07  2.097608E-07
 3.001500E+02  3.168134E-02  2.067432E-06  2.668160E-11  3.531322E-11  3.936063E-11  4.729963E-11  4.956699E-02  1.105691E-05  1.219231E-08  8.663219E-01  1.391452E-02  1.057994E-03  3.818089E-05  8.419080E-05  2.191783E-09  7.791162E-09  6.548424E-10  3.653521E-02  2.035007E-05  2.955530E-08  2.540587E-08  3.157063E-04  4.292812E-04  1.997304E-05  4.082295E-07  5.222472E-07  1.997751E-07
 3.011500E+02  3.188954E-02  2.064504E-06  2.617452E-11  3.465176E-11  3.862572E-11  4.642866E-11  4.957504E-02  1.084505E-05  1.142311E-08  8.668539E-01  1.366365E-02  9.935738E-04  3.701840E-05  8.299104E-05  2.084313E-09  7.429160E-09  6.339092E-10  3.612064E-02  1.944031E-05  2.877999E-08  2.472170E-08  3.099592E-04  4.214572E-04  1.875028E-05  3.829161E-07  4.900333E-07  1.903168E-07
 3.021500E+02  3.209516E-02  2.061330E-06  2.567566E-11  3.400076E-11  3.790235E-11  4.557102E-11  4.958287E-02  1.063878E-05  1.070740E-08  8.673726E-01  1.341885E-02  9.334589E-04  3.589884E-05  8.181161E-05  1.982698E-09  7.085950E-09  6.137112E-10  3.571117E-02  1.857572E-05  2.802664E-08  2.405748E-08  3.043555E-04  4.138290E-04  1.760986E-05  3.593314E-07  4.600092E-07  1.813555E-07
 3.031500E+02  3.229821E-02  2.057917E-06  2.518500E-11  3.336019E-11  3.719051E-11  4.472674E-11  4.959049E-02  1.043794E-05  1.004113E-08  8.678786E-01  1.317997E-02  8.773380E-04  3.482038E-05  8.065218E-05  1.886591E-09  6.760466E-09  5.942211E-10  3.530679E-02  1.775388E-05  2.729466E-08  2.341261E-08  2.988908E-04  4.063907E-04  1.654576E-05  3.373472E-07  4.320133E-07  1.728629E-07
 3.041500E+02  3.249870E-02  2.054274E-06  2.470253E-11  3.273005E-11  3.649021E-11  4.389580E-11  4.959792E-02  1.024234E-05  9.420585E-09  8.683724E-01  1.294682E-02  8.249240E-04  3.378133E-05  7.951242E-05  1.795666E-09  6.451704E-09  5.754129E-10  3.490748E-02  1.697249E-05  2.658343E-08  2.278655E-08  2.935612E-04  3.991366E-04  1.555245E-05  3.168456E-07  4.058967E-07  1.648122E-07
 3.051500E+02  3.269666E-02  2.050409E-06  2.422822E-11  3.211033E-11  3.580141E-11  4.307822E-11  4.960515E-02  1.005181E-05  8.842362E-09  8.688543E-01  1.271925E-02  7.759521E-04  3.278004E-05  7.839203E-05  1.709618E-09  6.158725E-09  5.572614E-10  3.451320E-02  1.622939E-05  2.589238E-08  2.217873E-08  2.883624E-04  3.920611E-04  1.462482E-05  2.977180E-07  3.815225E-07  1.571785E-07
 3.061500E+02  3.289209E-02  2.046329E-06  2.376203E-11  3.150098E-11  3.512409E-11  4.227396E-11  4.961219E-02  9.866205E-06  8.303318E-09  8.693249E-01  1.249711E-02  7.301776E-04  3.181493E-05  7.729067E-05  1.628162E-09  5.880644E-09  5.397424E-10  3.412393E-02  1.552254E-05  2.522093E-08  2.158863E-08  2.832908E-04  3.851591E-04  1.375816E-05  2.798643E-07  3.587641E-07  1.499382E-07
 3.071500E+02  3.308501E-02  2.042043E-06  2.330395E-11  3.090198E-11  3.445821E-11  4.148299E-11  4.961905E-02  9.685357E-06  7.800566E-09  8.697845E-01  1.228024E-02  6.873744E-04  3.088452E-05  7.620803E-05  1.551030E-09  5.616632E-09  5.228326E-10  3.373963E-02  1.485001E-05  2.456853E-08  2.101572E-08  2.783425E-04  3.784253E-04  1.294813E-05  2.631923E-07  3.375052E-07  1.430692E-07
 3.081500E+02  3.327543E-02  2.037557E-06  2.285390E-11  3.031328E-11  3.380372E-11  4.070527E-11  4.962574E-02  9.509120E-06  7.331447E-09  8.702335E-01  1.206849E-02  6.473334E-04  2.998738E-05  7.514382E-05  1.477972E-09  5.365909E-09  5.065098E-10  3.336028E-02  1.421000E-05  2.393464E-08  2.045950E-08  2.735139E-04  3.718549E-04  1.219070E-05  2.476171E-07  3.176383E-07  1.365509E-07
 3.091500E+02  3.346339E-02  2.032880E-06  2.241186E-11  2.973482E-11  3.316056E-11  3.994075E-11  4.963225E-02  9.337349E-06  6.893512E-09  8.706723E-01  1.186172E-02  6.098616E-04  2.912214E-05  7.409771E-05  1.408752E-09  5.127742E-09  4.907523E-10  3.298584E-02  1.360080E-05  2.331874E-08  1.991948E-08  2.688015E-04  3.654430E-04  1.148216E-05  2.330600E-07  2.990642E-07  1.303637E-07
 3.101500E+02  3.364889E-02  2.028019E-06  2.197776E-11  2.916653E-11  3.252867E-11  3.918935E-11  4.963861E-02  9.169905E-06  6.484504E-09  8.711012E-01  1.165979E-02  5.747801E-04  2.828750E-05  7.306942E-05  1.343150E-09  4.901442E-09  4.755394E-10  3.261627E-02  1.302078E-05  2.272030E-08  1.939519E-08  2.642019E-04  3.591850E-04  1.081909E-05  2.194489E-07  2.816913E-07  1.244892E-07
 3.111500E+02  3.383195E-02  2.022981E-06  2.155153E-11  2.860836E-11  3.190797E-11  3.845101E-11  4.964481E-02  9.006655E-06  6.102341E-09  8.715205E-01  1.146257E-02  5.419235E-04  2.748222E-05  7.205864E-05  1.280960E-09  4.686359E-09  4.608512E-10  3.225154E-02  1.246843E-05  2.213882E-08  1.888614E-08  2.597119E-04  3.530764E-04  1.019832E-05  2.067166E-07  2.654352E-07  1.189102E-07
 3.121500E+02  3.401260E-02  2.017774E-06  2.113312E-11  2.806022E-11  3.129838E-11  3.772563E-11  4.965085E-02  8.847469E-06  5.745104E-09  8.719306E-01  1.126992E-02  5.111387E-04  2.670512E-05  7.106507E-05  1.221987E-09  4.481883E-09  4.466685E-10  3.189161E-02  1.194230E-05  2.157382E-08  1.839189E-08  2.553283E-04  3.471128E-04  9.616905E-06  1.948015E-07  2.502175E-07  1.136105E-07
 3.131500E+02  3.419085E-02  2.012404E-06  2.072246E-11  2.752203E-11  3.069981E-11  3.701312E-11  4.965675E-02  8.692224E-06  5.411022E-09  8.723318E-01  1.108173E-02  4.822838E-04  2.595505E-05  7.008844E-05  1.166050E-09  4.287442E-09  4.329729E-10  3.153643E-02  1.144104E-05  2.102483E-08  1.791201E-08  2.510481E-04  3.412902E-04  9.072138E-06  1.836465E-07  2.359660E-07  1.085748E-07
 3.141500E+02  3.436673E-02  2.006879E-06  2.031946E-11  2.699371E-11  3.011216E-11  3.631339E-11  4.966250E-02  8.540799E-06  5.098459E-09  8.727243E-01  1.089786E-02  4.552275E-04  2.523094E-05  6.912845E-05  1.112977E-09  4.102493E-09  4.197464E-10  3.118596E-02  1.096337E-05  2.049138E-08  1.744606E-08  2.468682E-04  3.356045E-04  8.561505E-06  1.731987E-07  2.226139E-07  1.037888E-07
 3.151500E+02  3.454026E-02  2.001205E-06  1.992405E-11  2.647515E-11  2.953533E-11  3.562631E-11  4.966811E-02  8.393080E-06  4.805902E-09  8.731084E-01  1.071820E-02  4.298478E-04  2.453175E-05  6.818481E-05  1.062608E-09  3.926528E-09  4.069721E-10  3.084017E-02  1.050806E-05  1.997302E-08  1.699362E-08  2.427859E-04  3.300517E-04  8.082678E-06  1.634093E-07  2.100992E-07  9.923888E-08
 3.161500E+02  3.471146E-02  1.995390E-06  1.953616E-11  2.596627E-11  2.896922E-11  3.495178E-11  4.967359E-02  8.248954E-06  4.531956E-09  8.734843E-01  1.054263E-02  4.060320E-04  2.385649E-05  6.725726E-05  1.014792E-09  3.759067E-09  3.946334E-10  3.049901E-02  1.007399E-05  1.946931E-08  1.655429E-08  2.387983E-04  3.246280E-04  7.633499E-06  1.542331E-07  1.983648E-07  9.491236E-08
 3.171500E+02  3.488035E-02  1.989439E-06  1.915568E-11  2.546695E-11  2.841372E-11  3.428967E-11  4.967894E-02  8.108314E-06  4.275329E-09  8.738523E-01  1.037105E-02  3.836751E-04  2.320421E-05  6.634551E-05  9.693868E-10  3.599659E-09  3.827146E-10  3.016243E-02  9.660056E-06  1.897983E-08  1.612769E-08  2.349027E-04  3.193299E-04  7.211970E-06  1.456281E-07  1.873575E-07  9.079722E-08
 3.181500E+02  3.504695E-02  1.983358E-06  1.878254E-11  2.497710E-11  2.786870E-11  3.363986E-11  4.968416E-02  7.971056E-06  4.034826E-09  8.742127E-01  1.020333E-02  3.626800E-04  2.257401E-05  6.544929E-05  9.262602E-10  3.447877E-09  3.712002E-10  2.983039E-02  9.265245E-06  1.850416E-08  1.571342E-08  2.310967E-04  3.141537E-04  6.816234E-06  1.375556E-07  1.770281E-07  8.688216E-08
 3.191500E+02  3.521130E-02  1.977156E-06  1.841665E-11  2.449660E-11  2.733404E-11  3.300220E-11  4.968926E-02  7.837080E-06  3.809340E-09  8.745657E-01  1.003939E-02  3.429563E-04  2.196502E-05  6.456833E-05  8.852863E-10  3.303321E-09  3.600758E-10  2.950284E-02  8.888590E-06  1.804191E-08  1.531111E-08  2.273776E-04  3.090960E-04  6.444573E-06  1.299796E-07  1.673311E-07  8.315654E-08
 3.201500E+02  3.537341E-02  1.970836E-06  1.805790E-11  2.402533E-11  2.680963E-11  3.237657E-11  4.969424E-02  7.706289E-06  3.597848E-09  8.749114E-01  9.879112E-03  3.244203E-04  2.137642E-05  6.370237E-05  8.463473E-10  3.165611E-09  3.493270E-10  2.917975E-02  8.529174E-06  1.759267E-08  1.492042E-08  2.237431E-04  3.041535E-04  6.095388E-06  1.228669E-07  1.582242E-07  7.961030E-08
 3.211500E+02  3.553331E-02  1.964406E-06  1.770622E-11  2.356318E-11  2.629533E-11  3.176281E-11  4.969911E-02  7.578591E-06  3.399402E-09  8.752501E-01  9.722400E-03  3.069941E-04  2.080742E-05  6.285115E-05  8.093325E-10  3.034391E-09  3.389404E-10  2.886105E-02  8.186134E-06  1.715607E-08  1.454098E-08  2.201908E-04  2.993231E-04  5.767198E-06  1.161864E-07  1.496682E-07  7.623400E-08
 3.221500E+02  3.569102E-02  1.957870E-06  1.736149E-11  2.311004E-11  2.579100E-11  3.116078E-11  4.970386E-02  7.453895E-06  3.213121E-09  8.755820E-01  9.569160E-03  2.906053E-04  2.025726E-05  6.201440E-05  7.741373E-10  2.909324E-09  3.289029E-10  2.854670E-02  7.858651E-06  1.673173E-08  1.417245E-08  2.167184E-04  2.946015E-04  5.458625E-06  1.099095E-07  1.416267E-07  7.301869E-08
 3.231500E+02  3.584656E-02  1.951236E-06  1.702362E-11  2.266577E-11  2.529653E-11  3.057032E-11  4.970851E-02  7.332113E-06  3.038190E-09  8.759072E-01  9.419299E-03  2.751866E-04  1.972522E-05  6.119189E-05  7.406636E-10  2.790092E-09  3.192017E-10  2.823666E-02  7.545951E-06  1.631931E-08  1.381452E-08  2.133237E-04  2.899858E-04  5.168389E-06  1.040096E-07  1.340658E-07  6.995596E-08
 3.241500E+02  3.599997E-02  1.944507E-06  1.669251E-11  2.223025E-11  2.481176E-11  2.999129E-11  4.971305E-02  7.213163E-06  2.873855E-09  8.762260E-01  9.272725E-03  2.606753E-04  1.921059E-05  6.038334E-05  7.088190E-10  2.676395E-09  3.098248E-10  2.793087E-02  7.247302E-06  1.591843E-08  1.346685E-08  2.100047E-04  2.854731E-04  4.895301E-06  9.846183E-08  1.269541E-07  6.703786E-08
 3.251500E+02  3.615126E-02  1.937690E-06  1.636806E-11  2.180336E-11  2.433656E-11  2.942352E-11  4.971748E-02  7.096962E-06  2.719411E-09  8.765385E-01  9.129353E-03  2.470133E-04  1.871273E-05  5.958853E-05  6.785162E-10  2.567949E-09  3.007606E-10  2.762929E-02  6.962009E-06  1.552878E-08  1.312914E-08  2.067591E-04  2.810605E-04  4.638253E-06  9.324333E-08  1.202625E-07  6.425690E-08
 3.261500E+02  3.630046E-02  1.930790E-06  1.605017E-11  2.138497E-11  2.387079E-11  2.886686E-11  4.972182E-02  6.983432E-06  2.574209E-09  8.768449E-01  8.989096E-03  2.341462E-04  1.823100E-05  5.880720E-05  6.496733E-10  2.464487E-09  2.919977E-10  2.733186E-02  6.689418E-06  1.515001E-08  1.280109E-08  2.035851E-04  2.767454E-04  4.396216E-06  8.833268E-08  1.139637E-07  6.160599E-08
 3.271500E+02  3.644760E-02  1.923812E-06  1.573872E-11  2.097495E-11  2.341430E-11  2.832114E-11  4.972606E-02  6.872497E-06  2.437644E-09  8.771454E-01  8.851874E-03  2.220237E-04  1.776478E-05  5.803912E-05  6.222129E-10  2.365755E-09  2.835254E-10  2.703855E-02  6.428905E-06  1.478181E-08  1.248240E-08  2.004807E-04  2.725250E-04  4.168233E-06  8.371003E-08  1.080326E-07  5.907845E-08
 3.281500E+02  3.659270E-02  1.916761E-06  1.543363E-11  2.057316E-11  2.296696E-11  2.778621E-11  4.973021E-02  6.764085E-06  2.309151E-09  8.774401E-01  8.717606E-03  2.105987E-04  1.731349E-05  5.728405E-05  5.960620E-10  2.271516E-09  2.753333E-10  2.674929E-02  6.179882E-06  1.442387E-08  1.217280E-08  1.974440E-04  2.683968E-04  3.953410E-06  7.935688E-08  1.024457E-07  5.666797E-08
 3.291500E+02  3.673578E-02  1.909641E-06  1.513478E-11  2.017949E-11  2.252862E-11  2.726188E-11  4.973427E-02  6.658123E-06  2.188210E-09  8.777291E-01  8.586215E-03  1.998273E-04  1.687659E-05  5.654175E-05  5.711520E-10  2.181544E-09  2.674112E-10  2.646405E-02  5.941791E-06  1.407588E-08  1.187200E-08  1.944733E-04  2.643585E-04  3.750918E-06  7.525605E-08  9.718107E-08  5.436858E-08
 3.301500E+02  3.687687E-02  1.902457E-06  1.484208E-11  1.979378E-11  2.209913E-11  2.674801E-11  4.973824E-02  6.554544E-06  2.074334E-09  8.780126E-01  8.457626E-03  1.896687E-04  1.645352E-05  5.581201E-05  5.474181E-10  2.095624E-09  2.597496E-10  2.618276E-02  5.714104E-06  1.373754E-08  1.157974E-08  1.915667E-04  2.604074E-04  3.559981E-06  7.139151E-08  9.221834E-08  5.217466E-08
 3.311500E+02  3.701600E-02  1.895214E-06  1.455541E-11  1.941593E-11  2.167835E-11  2.624442E-11  4.974212E-02  6.453281E-06  1.967070E-09  8.782908E-01  8.331765E-03  1.800848E-04  1.604379E-05  5.509459E-05  5.247990E-10  2.013555E-09  2.523392E-10  2.590538E-02  5.496319E-06  1.340858E-08  1.129576E-08  1.887225E-04  2.565414E-04  3.379879E-06  6.774836E-08  8.753855E-08  5.008087E-08
 3.321500E+02  3.715319E-02  1.887916E-06  1.427466E-11  1.904578E-11  2.126613E-11  2.575094E-11  4.974591E-02  6.354271E-06  1.865999E-09  8.785637E-01  8.208564E-03  1.710401E-04  1.564690E-05  5.438927E-05  5.032370E-10  1.935146E-09  2.451711E-10  2.563186E-02  5.287962E-06  1.308872E-08  1.101981E-08  1.859391E-04  2.527581E-04  3.209937E-06  6.431270E-08  8.312402E-08  4.808218E-08
 3.331500E+02  3.728846E-02  1.880567E-06  1.399975E-11  1.868322E-11  2.086233E-11  2.526741E-11  4.974963E-02  6.257450E-06  1.770727E-09  8.788316E-01  8.087952E-03  1.625013E-04  1.526238E-05  5.369584E-05  4.826777E-10  1.860216E-09  2.382365E-10  2.536216E-02  5.088583E-06  1.277769E-08  1.075165E-08  1.832149E-04  2.490554E-04  3.049529E-06  6.107158E-08  7.895826E-08  4.617383E-08
 3.341500E+02  3.742185E-02  1.873172E-06  1.373056E-11  1.832810E-11  2.046680E-11  2.479366E-11  4.975327E-02  6.162759E-06  1.680891E-09  8.790944E-01  7.969864E-03  1.544375E-04  1.488977E-05  5.301408E-05  4.630697E-10  1.788595E-09  2.315273E-10  2.509622E-02  4.897755E-06  1.247522E-08  1.049104E-08  1.805484E-04  2.454311E-04  2.898067E-06  5.801292E-08  7.502589E-08  4.435132E-08
 3.351500E+02  3.755337E-02  1.865733E-06  1.346698E-11  1.798030E-11  2.007939E-11  2.432951E-11  4.975683E-02  6.070140E-06  1.596149E-09  8.793525E-01  7.854235E-03  1.468199E-04  1.452866E-05  5.234377E-05  4.443644E-10  1.720120E-09  2.250354E-10  2.483399E-02  4.715073E-06  1.218107E-08  1.023776E-08  1.779380E-04  2.418833E-04  2.755007E-06  5.512545E-08  7.131256E-08  4.261039E-08
 3.361500E+02  3.768305E-02  1.858257E-06  1.320893E-11  1.763968E-11  1.969996E-11  2.387481E-11  4.976031E-02  5.979537E-06  1.516185E-09  8.796058E-01  7.741002E-03  1.396213E-04  1.417861E-05  5.168472E-05  4.265159E-10  1.654639E-09  2.187533E-10  2.457542E-02  4.540152E-06  1.189499E-08  9.991572E-09  1.753823E-04  2.384098E-04  2.619836E-06  5.239867E-08  6.780489E-08  4.094702E-08
 3.371500E+02  3.781091E-02  1.850744E-06  1.295628E-11  1.730611E-11  1.932837E-11  2.342939E-11  4.976372E-02  5.890895E-06  1.440703E-09  8.798544E-01  7.630105E-03  1.328165E-04  1.383925E-05  5.103671E-05  4.094808E-10  1.592006E-09  2.126733E-10  2.432047E-02  4.372628E-06  1.161674E-08  9.752275E-09  1.728798E-04  2.350089E-04  2.492077E-06  4.982276E-08  6.449036E-08  3.935738E-08
 3.381500E+02  3.793698E-02  1.843201E-06  1.270894E-11  1.697947E-11  1.896447E-11  2.299307E-11  4.976706E-02  5.804162E-06  1.369427E-09  8.800986E-01  7.521484E-03  1.263820E-04  1.351017E-05  5.039955E-05  3.932183E-10  1.532084E-09  2.067886E-10  2.406908E-02  4.212156E-06  1.134609E-08  9.519657E-09  1.704292E-04  2.316786E-04  2.371285E-06  4.738855E-08  6.135729E-08  3.783786E-08
 3.391500E+02  3.806129E-02  1.835629E-06  1.246682E-11  1.665962E-11  1.860811E-11  2.256570E-11  4.977033E-02  5.719286E-06  1.302099E-09  8.803383E-01  7.415082E-03  1.202956E-04  1.319102E-05  4.977304E-05  3.776895E-10  1.474743E-09  2.010921E-10  2.382122E-02  4.058407E-06  1.108282E-08  9.293516E-09  1.680292E-04  2.284170E-04  2.257043E-06  4.508750E-08  5.839477E-08  3.638506E-08
 3.401500E+02  3.818386E-02  1.828032E-06  1.222980E-11  1.634644E-11  1.825916E-11  2.214711E-11  4.977354E-02  5.636218E-06  1.238481E-09  8.805738E-01  7.310844E-03  1.145367E-04  1.288145E-05  4.915698E-05  3.628580E-10  1.419859E-09  1.955774E-10  2.357682E-02  3.911068E-06  1.082670E-08  9.073657E-09  1.656785E-04  2.252225E-04  2.148961E-06  4.291159E-08  5.559260E-08  3.499572E-08
 3.411500E+02  3.830470E-02  1.820414E-06  1.199779E-11  1.603979E-11  1.791748E-11  2.173713E-11  4.977668E-02  5.554910E-06  1.178346E-09  8.808050E-01  7.208716E-03  1.090860E-04  1.258111E-05  4.855119E-05  3.486890E-10  1.367315E-09  1.902379E-10  2.333584E-02  3.769844E-06  1.057753E-08  8.859890E-09  1.633758E-04  2.220934E-04  2.046674E-06  4.085335E-08  5.294123E-08  3.366679E-08
 3.421500E+02  3.842385E-02  1.812778E-06  1.177069E-11  1.573956E-11  1.758293E-11  2.133560E-11  4.977975E-02  5.475316E-06  1.121485E-09  8.810322E-01  7.108645E-03  1.039254E-04  1.228969E-05  4.795547E-05  3.351497E-10  1.317001E-09  1.850677E-10  2.309824E-02  3.634455E-06  1.033511E-08  8.652032E-09  1.611198E-04  2.190279E-04  1.949841E-06  3.890578E-08  5.043174E-08  3.239535E-08
 3.431500E+02  3.854134E-02  1.805126E-06  1.154840E-11  1.544562E-11  1.725536E-11  2.094237E-11  4.978276E-02  5.397390E-06  1.067702E-09  8.812553E-01  7.010580E-03  9.903794E-05  1.200687E-05  4.736964E-05  3.222093E-10  1.268811E-09  1.800608E-10  2.286397E-02  3.504631E-06  1.009923E-08  8.449905E-09  1.589095E-04  2.160245E-04  1.858142E-06  3.706235E-08  4.805577E-08  3.117866E-08
 3.441500E+02  3.865717E-02  1.797461E-06  1.133083E-11  1.515784E-11  1.693465E-11  2.055727E-11  4.978571E-02  5.321090E-06  1.016814E-09  8.814745E-01  6.914472E-03  9.440776E-05  1.173236E-05  4.679352E-05  3.098384E-10  1.222645E-09  1.752116E-10  2.263297E-02  3.380120E-06  9.869700E-09  8.253337E-09  1.567437E-04  2.130815E-04  1.771279E-06  3.531692E-08  4.580551E-08  3.001411E-08
 3.451500E+02  3.877138E-02  1.789787E-06  1.111788E-11  1.487610E-11  1.662065E-11  2.018014E-11  4.978860E-02  5.246374E-06  9.686486E-10  8.816899E-01  6.820272E-03  9.001999E-05  1.146586E-05  4.622694E-05  2.980091E-10  1.178409E-09  1.705145E-10  2.240521E-02  3.260681E-06  9.646337E-09  8.062160E-09  1.546213E-04  2.101976E-04  1.688970E-06  3.366377E-08  4.367364E-08  2.889920E-08
 3.461500E+02  3.888399E-02  1.782106E-06  1.090946E-11  1.460028E-11  1.631323E-11  1.981084E-11  4.979144E-02  5.173199E-06  9.230465E-10  8.819015E-01  6.727934E-03  8.586069E-05  1.120711E-05  4.566971E-05  2.866952E-10  1.136014E-09  1.659643E-10  2.218064E-02  3.146084E-06  9.428960E-09  7.876212E-09  1.525411E-04  2.073712E-04  1.610954E-06  3.209753E-08  4.165330E-08  2.783161E-08
 3.471500E+02  3.899503E-02  1.774420E-06  1.070547E-11  1.433027E-11  1.601227E-11  1.944920E-11  4.979422E-02  5.101526E-06  8.798571E-10  8.821095E-01  6.637413E-03  8.191679E-05  1.095583E-05  4.512166E-05  2.758719E-10  1.095373E-09  1.615560E-10  2.195921E-02  3.036110E-06  9.217391E-09  7.695338E-09  1.505022E-04  2.046009E-04  1.536983E-06  3.061316E-08  3.973806E-08  2.680911E-08
 3.481500E+02  3.910451E-02  1.766732E-06  1.050583E-11  1.406594E-11  1.571762E-11  1.909507E-11  4.979694E-02  5.031318E-06  8.389398E-10  8.823138E-01  6.548665E-03  7.817603E-05  1.071177E-05  4.458263E-05  2.655154E-10  1.056406E-09  1.572846E-10  2.174088E-02  2.930554E-06  9.011462E-09  7.519385E-09  1.485035E-04  2.018853E-04  1.466828E-06  2.920596E-08  3.792190E-08  2.582957E-08
 3.491500E+02  3.921245E-02  1.759045E-06  1.031044E-11  1.380718E-11  1.542917E-11  1.874831E-11  4.979961E-02  4.962536E-06  8.001628E-10  8.825147E-01  6.461646E-03  7.462691E-05  1.047469E-05  4.405246E-05  2.556035E-10  1.019036E-09  1.531455E-10  2.152560E-02  2.829216E-06  8.811006E-09  7.348206E-09  1.465441E-04  1.992231E-04  1.400271E-06  2.787150E-08  3.619917E-08  2.489101E-08
 3.501500E+02  3.931889E-02  1.751360E-06  1.011921E-11  1.355387E-11  1.514678E-11  1.840876E-11  4.980223E-02  4.895145E-06  7.634028E-10  8.827122E-01  6.376316E-03  7.125863E-05  1.024435E-05  4.353097E-05  2.461149E-10  9.831898E-10  1.491341E-10  2.131333E-02  2.731910E-06  8.615865E-09  7.181659E-09  1.446230E-04  1.966129E-04  1.337110E-06  2.660565E-08  3.456456E-08  2.399150E-08
 3.511500E+02  3.942384E-02  1.743680E-06  9.932064E-12  1.330590E-11  1.487034E-11  1.807627E-11  4.980479E-02  4.829109E-06  7.285442E-10  8.829062E-01  6.292633E-03  6.806105E-05  1.002053E-05  4.301801E-05  2.370296E-10  9.487985E-10  1.452460E-10  2.110402E-02  2.638458E-06  8.425882E-09  7.019604E-09  1.427392E-04  1.940536E-04  1.277153E-06  2.540451E-08  3.301311E-08  2.312925E-08
 3.521500E+02  3.952732E-02  1.736007E-06  9.748904E-12  1.306317E-11  1.459971E-11  1.775072E-11  4.980731E-02  4.764395E-06  6.954783E-10  8.830970E-01  6.210558E-03  6.502466E-05  9.803004E-06  4.251342E-05  2.283285E-10  9.157961E-10  1.414771E-10  2.089764E-02  2.548688E-06  8.240908E-09  6.861910E-09  1.408918E-04  1.915438E-04  1.220221E-06  2.426443E-08  3.154015E-08  2.230255E-08
 3.531500E+02  3.962936E-02  1.728343E-06  9.569650E-12  1.282555E-11  1.433477E-11  1.743194E-11  4.980978E-02  4.700969E-06  6.641036E-10  8.832846E-01  6.130054E-03  6.214051E-05  9.591565E-06  4.201705E-05  2.199935E-10  8.841197E-10  1.378233E-10  2.069413E-02  2.462441E-06  8.060797E-09  6.708445E-09  1.390800E-04  1.890823E-04  1.166147E-06  2.318200E-08  3.014130E-08  2.150976E-08
 3.541500E+02  3.972998E-02  1.720690E-06  9.394218E-12  1.259295E-11  1.407541E-11  1.711980E-11  4.981220E-02  4.638799E-06  6.343246E-10  8.834691E-01  6.051082E-03  5.940019E-05  9.386014E-06  4.152875E-05  2.120076E-10  8.537100E-10  1.342806E-10  2.049346E-02  2.379560E-06  7.885408E-09  6.559085E-09  1.373030E-04  1.866681E-04  1.114771E-06  2.215399E-08  2.881244E-08  2.074933E-08
 3.551500E+02  3.982919E-02  1.713050E-06  9.222525E-12  1.236525E-11  1.382151E-11  1.681417E-11  4.981457E-02  4.577854E-06  6.060516E-10  8.836504E-01  5.973607E-03  5.679581E-05  9.186155E-06  4.104836E-05  2.043544E-10  8.245103E-10  1.308454E-10  2.029558E-02  2.299901E-06  7.714603E-09  6.413708E-09  1.355598E-04  1.842999E-04  1.065946E-06  2.117739E-08  2.754971E-08  2.001980E-08
 3.561500E+02  3.992702E-02  1.705425E-06  9.054492E-12  1.214236E-11  1.357295E-11  1.651490E-11  4.981690E-02  4.518104E-06  5.792006E-10  8.838288E-01  5.897594E-03  5.431994E-05  8.991801E-06  4.057574E-05  1.970185E-10  7.964667E-10  1.275139E-10  2.010045E-02  2.223322E-06  7.548249E-09  6.272196E-09  1.338497E-04  1.819767E-04  1.019531E-06  2.024936E-08  2.634946E-08  1.931976E-08
 3.571500E+02  4.002350E-02  1.697815E-06  8.890040E-12  1.192416E-11  1.332962E-11  1.622187E-11  4.981919E-02  4.459520E-06  5.536926E-10  8.840042E-01  5.823008E-03  5.196558E-05  8.802774E-06  4.011076E-05  1.899852E-10  7.695281E-10  1.242828E-10  1.990804E-02  2.149692E-06  7.386219E-09  6.134435E-09  1.321719E-04  1.796974E-04  9.753958E-07  1.936723E-08  2.520829E-08  1.864789E-08
 3.581500E+02  4.011863E-02  1.690224E-06  8.729090E-12  1.171057E-11  1.309141E-11  1.593494E-11  4.982143E-02  4.402073E-06  5.294533E-10  8.841767E-01  5.749817E-03  4.972616E-05  8.618900E-06  3.965326E-05  1.832407E-10  7.436457E-10  1.211486E-10  1.971829E-02  2.078883E-06  7.228386E-09  6.000314E-09  1.305257E-04  1.774610E-04  9.334164E-07  1.852850E-08  2.412298E-08  1.800293E-08
 3.591500E+02  4.021244E-02  1.682652E-06  8.571566E-12  1.150147E-11  1.285821E-11  1.565398E-11  4.982363E-02  4.345735E-06  5.064131E-10  8.843463E-01  5.677987E-03  4.759550E-05  8.440012E-06  3.920312E-05  1.767717E-10  7.187732E-10  1.181080E-10  1.953118E-02  2.010775E-06  7.074630E-09  5.869726E-09  1.289102E-04  1.752665E-04  8.934765E-07  1.773080E-08  2.309050E-08  1.738367E-08
 3.601500E+02  4.030496E-02  1.675101E-06  8.417393E-12  1.129678E-11  1.262990E-11  1.537887E-11  4.982579E-02  4.290480E-06  4.845063E-10  8.845132E-01  5.607488E-03  4.556776E-05  8.265951E-06  3.876019E-05  1.705657E-10  6.948663E-10  1.151580E-10  1.934665E-02  1.945253E-06  6.924834E-09  5.742568E-09  1.273248E-04  1.731128E-04  8.554667E-07  1.697191E-08  2.210801E-08  1.678897E-08
 3.611500E+02  4.039619E-02  1.667572E-06  8.266497E-12  1.109640E-11  1.240639E-11  1.510948E-11  4.982791E-02  4.236282E-06  4.636713E-10  8.846774E-01  5.538288E-03  4.363746E-05  8.096561E-06  3.832434E-05  1.646107E-10  6.718831E-10  1.122956E-10  1.916468E-02  1.882206E-06  6.778883E-09  5.618739E-09  1.257688E-04  1.709991E-04  8.192839E-07  1.624975E-08  2.117284E-08  1.621774E-08
 3.621500E+02  4.048616E-02  1.660067E-06  8.118808E-12  1.090023E-11  1.218758E-11  1.484569E-11  4.982999E-02  4.183115E-06  4.438500E-10  8.848390E-01  5.470358E-03  4.179943E-05  7.931693E-06  3.789545E-05  1.588955E-10  6.497836E-10  1.095178E-10  1.898522E-02  1.821529E-06  6.636668E-09  5.498141E-09  1.242415E-04  1.689243E-04  7.848310E-07  1.556236E-08  2.028246E-08  1.566896E-08
 3.631500E+02  4.057489E-02  1.652587E-06  7.974252E-12  1.070818E-11  1.197335E-11  1.458738E-11  4.983204E-02  4.130954E-06  4.249879E-10  8.849979E-01  5.403670E-03  4.004880E-05  7.771205E-06  3.747339E-05  1.534091E-10  6.285297E-10  1.068218E-10  1.880824E-02  1.763125E-06  6.498081E-09  5.380681E-09  1.227422E-04  1.668877E-04  7.520167E-07  1.490787E-08  1.943450E-08  1.514162E-08
 3.641500E+02  4.066240E-02  1.645134E-06  7.832762E-12  1.052017E-11  1.176361E-11  1.433443E-11  4.983404E-02  4.079776E-06  4.070336E-10  8.851542E-01  5.338194E-03  3.838099E-05  7.614958E-06  3.705802E-05  1.481415E-10  6.080850E-10  1.042049E-10  1.863370E-02  1.706896E-06  6.363020E-09  5.266266E-09  1.212703E-04  1.648883E-04  7.207546E-07  1.428455E-08  1.862671E-08  1.463481E-08
 3.651500E+02  4.074870E-02  1.637708E-06  7.694270E-12  1.033610E-11  1.155825E-11  1.408673E-11  4.983601E-02  4.029557E-06  3.899388E-10  8.853081E-01  5.273904E-03  3.679165E-05  7.462818E-06  3.664924E-05  1.430828E-10  5.884149E-10  1.016645E-10  1.846155E-02  1.652752E-06  6.231382E-09  5.154808E-09  1.198252E-04  1.629252E-04  6.909636E-07  1.369075E-08  1.785700E-08  1.414762E-08
 3.661500E+02  4.083381E-02  1.630310E-06  7.558707E-12  1.015588E-11  1.135720E-11  1.384416E-11  4.983795E-02  3.980275E-06  3.736577E-10  8.854595E-01  5.210772E-03  3.527671E-05  7.314657E-06  3.624691E-05  1.382238E-10  5.694866E-10  9.919819E-11  1.829177E-02  1.600607E-06  6.103071E-09  5.046222E-09  1.184062E-04  1.609978E-04  6.625670E-07  1.312493E-08  1.712336E-08  1.367920E-08
 3.671500E+02  4.091776E-02  1.622942E-06  7.426010E-12  9.979443E-12  1.116034E-11  1.360661E-11  4.983985E-02  3.931908E-06  3.581476E-10  8.856085E-01  5.148773E-03  3.383233E-05  7.170351E-06  3.585092E-05  1.335556E-10  5.512685E-10  9.680342E-11  1.812432E-02  1.550377E-06  5.977993E-09  4.940425E-09  1.170128E-04  1.591050E-04  6.354927E-07  1.258563E-08  1.642394E-08  1.322875E-08
 3.681500E+02  4.100056E-02  1.615604E-06  7.296115E-12  9.806692E-12  1.096759E-11  1.337397E-11  4.984171E-02  3.884435E-06  3.433680E-10  8.857552E-01  5.087881E-03  3.245486E-05  7.029781E-06  3.546115E-05  1.290700E-10  5.337306E-10  9.447789E-11  1.795916E-02  1.501984E-06  5.856056E-09  4.837335E-09  1.156444E-04  1.572462E-04  6.096724E-07  1.207146E-08  1.575695E-08  1.279549E-08
 3.691500E+02  4.108223E-02  1.608298E-06  7.168958E-12  9.637549E-12  1.077886E-11  1.314613E-11  4.984355E-02  3.837834E-06  3.292807E-10  8.858995E-01  5.028072E-03  3.114087E-05  6.892832E-06  3.507750E-05  1.247588E-10  5.168445E-10  9.221935E-11  1.779626E-02  1.455353E-06  5.737170E-09  4.736874E-09  1.143004E-04  1.554205E-04  5.850417E-07  1.158113E-08  1.512073E-08  1.237869E-08
 3.701500E+02  4.116278E-02  1.601025E-06  7.044478E-12  9.471933E-12  1.059405E-11  1.292300E-11  4.984535E-02  3.792086E-06  3.158497E-10  8.860416E-01  4.969322E-03  2.988713E-05  6.759391E-06  3.469984E-05  1.206145E-10  5.005829E-10  9.002563E-11  1.763558E-02  1.410410E-06  5.621250E-09  4.638968E-09  1.129802E-04  1.536274E-04  5.615401E-07  1.111341E-08  1.451371E-08  1.197765E-08
 3.711500E+02  4.124223E-02  1.593784E-06  6.922615E-12  9.309766E-12  1.041309E-11  1.270446E-11  4.984711E-02  3.747170E-06  3.030412E-10  8.861815E-01  4.911607E-03  2.869059E-05  6.629353E-06  3.432808E-05  1.166298E-10  4.849197E-10  8.789462E-11  1.747709E-02  1.367089E-06  5.508212E-09  4.543542E-09  1.116834E-04  1.518659E-04  5.391100E-07  1.066715E-08  1.393440E-08  1.159170E-08
 3.721500E+02  4.132060E-02  1.586578E-06  6.803311E-12  9.150973E-12  1.023588E-11  1.249041E-11  4.984885E-02  3.703069E-06  2.908231E-10  8.863191E-01  4.854904E-03  2.754834E-05  6.502613E-06  3.396209E-05  1.127979E-10  4.698302E-10  8.582430E-11  1.732076E-02  1.325322E-06  5.397976E-09  4.450527E-09  1.104095E-04  1.501354E-04  5.176973E-07  1.024126E-08  1.338139E-08  1.122020E-08
 3.731500E+02  4.139791E-02  1.579407E-06  6.686508E-12  8.995477E-12  1.006235E-11  1.228076E-11  4.985056E-02  3.659762E-06  2.791652E-10  8.864547E-01  4.799192E-03  2.645767E-05  6.379071E-06  3.360178E-05  1.091122E-10  4.552907E-10  8.381272E-11  1.716655E-02  1.285048E-06  5.290463E-09  4.359852E-09  1.091578E-04  1.484353E-04  4.972508E-07  9.834701E-09  1.285336E-08  1.086255E-08
