#         T/K            c1          c2-1          c3-4          c3-5          c3-7          c3-9            m1          m2-1          m3-1            w1            w2          w3-1          w3-2          c1m1        c1m2-1        c1m2-7        c2m1-1        c1w1-2        c1w2-1        c2w1-1        c2w1-9        m1w1-1        m1w1-4        m1w2-1        m2w1-1        m2w1-3      c1m1w1-1
 2.731500E+02  7.263179E-01  1.754019E-03  1.121499E-06  1.471994E-06  1.637710E-06  1.952766E-06  4.808059E-02  1.953485E-05  8.566622E-08  7.962406E-02  2.185899E-04  6.103524E-06  8.563895E-08  3.671113E-03  2.835197E-07  9.303181E-07  1.429710E-06  1.401413E-01  2.114534E-05  5.193428E-06  4.560379E-06  5.196606E-05  7.073982E-05  1.214796E-06  2.656024E-07  3.363889E-07  2.349622E-06
 2.741500E+02  7.272218E-01  1.725771E-03  1.071569E-06  1.406937E-06  1.565446E-06  1.867188E-06  4.812624E-02  1.909307E-05  7.921590E-08  8.045719E-02  2.178306E-04  5.816070E-06  8.477698E-08  3.582612E-03  2.648871E-07  8.719939E-07  1.354381E-06  1.384804E-01  2.022631E-05  4.999692E-06  4.386472E-06  5.131121E-05  6.984396E-05  1.146652E-06  2.481888E-07  3.144596E-07  2.219941E-06
 2.751500E+02  7.281154E-01  1.698209E-03  1.024244E-06  1.345252E-06  1.496923E-06  1.786016E-06  4.817047E-02  1.866398E-05  7.329093E-08  8.128209E-02  2.170254E-04  5.542020E-06  8.389962E-08  3.496864E-03  2.476011E-07  8.177106E-07  1.283554E-06  1.368359E-01  1.934903E-05  4.814084E-06  4.220012E-06  5.066240E-05  6.895657E-05  1.082503E-06  2.319979E-07  2.940618E-07  2.098038E-06
 2.761500E+02  7.289986E-01  1.671311E-03  9.793699E-07  1.286743E-06  1.431922E-06  1.708993E-06  4.821335E-02  1.824716E-05  6.784563E-08  8.209867E-02  2.161764E-04  5.280787E-06  8.300830E-08  3.413769E-03  2.315562E-07  7.671644E-07  1.216934E-06  1.352080E-01  1.851157E-05  4.636233E-06  4.060652E-06  5.001978E-05  6.807785E-05  1.022110E-06  2.169389E-07  2.750826E-07  1.983415E-06
 2.771500E+02  7.298715E-01  1.645057E-03  9.368026E-07  1.231224E-06  1.370239E-06  1.635879E-06  4.825492E-02  1.784222E-05  6.283849E-08  8.290686E-02  2.152855E-04  5.031810E-06  8.210441E-08  3.333232E-03  2.166563E-07  7.200761E-07  1.154243E-06  1.335968E-01  1.771211E-05  4.465785E-06  3.908064E-06  4.938348E-05  6.720797E-05  9.652467E-07  2.029282E-07  2.574176E-07  1.875607E-06
 2.781500E+02  7.307341E-01  1.619427E-03  8.964079E-07  1.178521E-06  1.311680E-06  1.566448E-06  4.829523E-02  1.744879E-05  5.823183E-08  8.370659E-02  2.143545E-04  4.794546E-06  8.118928E-08  3.255159E-03  2.028127E-07  6.761889E-07  1.095225E-06  1.320026E-01  1.694890E-05  4.302406E-06  3.761933E-06  4.875362E-05  6.634708E-05  9.117017E-07  1.898887E-07  2.409706E-07  1.774181E-06
 2.791500E+02  7.315863E-01  1.594401E-03  8.580601E-07  1.128473E-06  1.256067E-06  1.500490E-06  4.833432E-02  1.706650E-05  5.399138E-08  8.449780E-02  2.133853E-04  4.568473E-06  8.026421E-08  3.179463E-03  1.899444E-07  6.352661E-07  1.039642E-06  1.304254E-01  1.622028E-05  4.145775E-06  3.621962E-06  4.813031E-05  6.549532E-05  8.612757E-07  1.777490E-07  2.256527E-07  1.678734E-06
 2.801500E+02  7.324282E-01  1.569962E-03  8.216416E-07  1.080927E-06  1.203231E-06  1.437807E-06  4.837224E-02  1.669499E-05  5.008598E-08  8.528045E-02  2.123798E-04  4.353089E-06  7.933046E-08  3.106059E-03  1.779769E-07  5.970902E-07  9.872714E-07  1.288652E-01  1.552465E-05  3.995589E-06  3.487867E-06  4.751364E-05  6.465282E-05  8.137815E-07  1.664434E-07  2.113817E-07  1.588887E-06
 2.811500E+02  7.332598E-01  1.546093E-03  7.870422E-07  1.035742E-06  1.153015E-06  1.378214E-06  4.840903E-02  1.633391E-05  4.648729E-08  8.605448E-02  2.113397E-04  4.147911E-06  7.838924E-08  3.034864E-03  1.668418E-07  5.614604E-07  9.379081E-07  1.273223E-01  1.486048E-05  3.851559E-06  3.359381E-06  4.690371E-05  6.381967E-05  7.690434E-07  1.559111E-07  1.980817E-07  1.504289E-06
 2.821500E+02  7.340812E-01  1.522775E-03  7.541589E-07  9.927849E-07  1.105272E-06  1.321539E-06  4.844473E-02  1.598294E-05  4.316950E-08  8.681988E-02  2.102668E-04  3.952476E-06  7.744169E-08  2.965802E-03  1.564764E-07  5.281919E-07  8.913602E-07  1.257966E-01  1.422633E-05  3.713408E-06  3.236246E-06  4.630059E-05  6.299598E-05  7.268962E-07  1.460961E-07  1.856828E-07  1.424612E-06
 2.831500E+02  7.348923E-01  1.499994E-03  7.228950E-07  9.519301E-07  1.059862E-06  1.267619E-06  4.847938E-02  1.564176E-05  4.010910E-08  8.757661E-02  2.091628E-04  3.766339E-06  7.648895E-08  2.898795E-03  1.468228E-07  4.971144E-07  8.474497E-07  1.242882E-01  1.362080E-05  3.580876E-06  3.118219E-06  4.570434E-05  6.218182E-05  6.871848E-07  1.369465E-07  1.741200E-07  1.349548E-06
 2.841500E+02  7.356931E-01  1.477733E-03  6.931598E-07  9.130612E-07  1.016656E-06  1.216301E-06  4.851301E-02  1.531005E-05  3.728468E-08  8.832465E-02  2.080295E-04  3.589073E-06  7.553208E-08  2.833774E-03  1.378280E-07  4.680704E-07  8.060104E-07  1.227972E-01  1.304258E-05  3.453712E-06  3.005068E-06  4.511501E-05  6.137726E-05  6.497637E-07  1.284144E-07  1.633335E-07  1.278812E-06
 2.851500E+02  7.364838E-01  1.455977E-03  6.648685E-07  8.760681E-07  9.755325E-07  1.167443E-06  4.854566E-02  1.498751E-05  3.467671E-08  8.906398E-02  2.068685E-04  3.420268E-06  7.457210E-08  2.770666E-03  1.294432E-07  4.409150E-07  7.668879E-07  1.213236E-01  1.249041E-05  3.331678E-06  2.896575E-06  4.453265E-05  6.058235E-05  6.144961E-07  1.204555E-07  1.532680E-07  1.212135E-06
 2.861500E+02  7.372643E-01  1.434712E-03  6.379414E-07  8.408481E-07  9.363774E-07  1.120910E-06  4.857736E-02  1.467385E-05  3.226738E-08  8.979462E-02  2.056815E-04  3.259531E-06  7.361001E-08  2.709408E-03  1.216233E-07  4.155141E-07  7.299382E-07  1.198673E-01  1.196307E-05  3.214549E-06  2.792528E-06  4.395729E-05  5.979713E-05  5.812533E-07  1.130289E-07  1.438721E-07  1.149266E-06
 2.871500E+02  7.380348E-01  1.413923E-03  6.123036E-07  8.073043E-07  8.990834E-07  1.076576E-06  4.860815E-02  1.436879E-05  3.004045E-08  9.051654E-02  2.044699E-04  3.106487E-06  7.264672E-08  2.649933E-03  1.143270E-07  3.917440E-07  6.950270E-07  1.184284E-01  1.145943E-05  3.102107E-06  2.692728E-06  4.338897E-05  5.902164E-05  5.499149E-07  1.060968E-07  1.350985E-07  1.089973E-06
 2.881500E+02  7.387952E-01  1.393597E-03  5.878849E-07  7.753460E-07  8.635497E-07  1.034323E-06  4.863806E-02  1.407206E-05  2.798106E-08  9.122976E-02  2.032355E-04  2.960776E-06  7.168314E-08  2.592181E-03  1.075161E-07  3.694903E-07  6.620291E-07  1.170070E-01  1.097837E-05  2.994149E-06  2.596986E-06  4.282770E-05  5.825588E-05  5.203673E-07  9.962400E-08  1.269033E-07  1.034037E-06
 2.891500E+02  7.395457E-01  1.373720E-03  5.646194E-07  7.448877E-07  8.296816E-07  9.940398E-07  4.866711E-02  1.378339E-05  2.607567E-08  9.193429E-02  2.019796E-04  2.822053E-06  7.072010E-08  2.536092E-03  1.011554E-07  3.486474E-07  6.308279E-07  1.156028E-01  1.051887E-05  2.890477E-06  2.505121E-06  4.227349E-05  5.749988E-05  4.925042E-07  9.357819E-08  1.192458E-07  9.812525E-07
 2.901500E+02  7.402862E-01  1.354280E-03  5.424450E-07  7.158492E-07  7.973902E-07  9.556211E-07  4.869535E-02  1.350254E-05  2.431189E-08  9.263015E-02  2.007038E-04  2.689988E-06  6.975842E-08  2.481610E-03  9.521262E-08  3.291174E-07  6.013142E-07  1.142160E-01  1.007992E-05  2.790905E-06  2.416960E-06  4.172635E-05  5.675364E-05  4.662256E-07  8.792933E-08  1.120885E-07  9.314291E-07
 2.911500E+02  7.410169E-01  1.335265E-03  5.213034E-07  6.881552E-07  7.665918E-07  9.189686E-07  4.872278E-02  1.322926E-05  2.267840E-08  9.331736E-02  1.994094E-04  2.564266E-06  6.879885E-08  2.428680E-03  8.965771E-08  3.108099E-07  5.733865E-07  1.128465E-01  9.660561E-06  2.695255E-06  2.332340E-06  4.118628E-05  5.601714E-05  4.414375E-07  8.264963E-08  1.053965E-07  8.843877E-07
 2.921500E+02  7.417378E-01  1.316663E-03  5.011399E-07  6.617346E-07  7.372077E-07  8.839897E-07  4.874945E-02  1.296330E-05  2.116482E-08  9.399595E-02  1.980980E-04  2.444586E-06  6.784212E-08  2.377248E-03  8.446309E-08  2.936411E-07  5.469496E-07  1.114941E-01  9.259899E-06  2.603358E-06  2.251105E-06  4.065328E-05  5.529037E-05  4.180518E-07  7.771336E-08  9.913757E-08  8.399609E-07
 2.931500E+02  7.424489E-01  1.298463E-03  4.819028E-07  6.365205E-07  7.091637E-07  8.505970E-07  4.877537E-02  1.270445E-05  1.976168E-08  9.466594E-02  1.967707E-04  2.330660E-06  6.688890E-08  2.327266E-03  7.960328E-08  2.775335E-07  5.219147E-07  1.101590E-01  8.877065E-06  2.515052E-06  2.173105E-06  4.012732E-05  5.457330E-05  3.959856E-07  7.309668E-08  9.328174E-08  7.979919E-07
 2.941500E+02  7.431504E-01  1.280653E-03  4.635436E-07  6.124502E-07  6.823901E-07  8.187086E-07  4.880058E-02  1.245248E-05  1.846028E-08  9.532737E-02  1.954290E-04  2.222212E-06  6.593984E-08  2.278684E-03  7.505473E-08  2.624151E-07  4.981989E-07  1.088409E-01  8.511234E-06  2.430182E-06  2.098199E-06  3.960838E-05  5.386591E-05  3.751611E-07  6.877748E-08  8.780128E-08  7.583341E-07
 2.951500E+02  7.438424E-01  1.263222E-03  4.460166E-07  5.894644E-07  6.568212E-07  7.882468E-07  4.882509E-02  1.220718E-05  1.725269E-08  9.598029E-02  1.940741E-04  2.118981E-06  6.499553E-08  2.231455E-03  7.079565E-08  2.482195E-07  4.757245E-07  1.075398E-01  8.161622E-06  2.348601E-06  2.026253E-06  3.909646E-05  5.316815E-05  3.555052E-07  6.473529E-08  8.267048E-08  7.208499E-07
 2.961500E+02  7.445248E-01  1.246161E-03  4.292787E-07  5.675072E-07  6.323950E-07  7.591387E-07  4.884893E-02  1.196833E-05  1.613159E-08  9.662474E-02  1.927071E-04  2.020715E-06  6.405655E-08  2.185534E-03  6.680594E-08  2.348848E-07  4.544189E-07  1.062556E-01  7.827478E-06  2.270169E-06  1.957136E-06  3.859150E-05  5.247999E-05  3.369492E-07  6.095110E-08  7.786548E-08  6.854107E-07
 2.971500E+02  7.451978E-01  1.229460E-03  4.132894E-07  5.465262E-07  6.090531E-07  7.313155E-07  4.887212E-02  1.173575E-05  1.509032E-08  9.726076E-02  1.913294E-04  1.927175E-06  6.312342E-08  2.140879E-03  6.306696E-08  2.223537E-07  4.342141E-07  1.049883E-01  7.508089E-06  2.194752E-06  1.890728E-06  3.809350E-05  5.180137E-05  3.194286E-07  5.740731E-08  7.336414E-08  6.518959E-07
 2.981500E+02  7.458615E-01  1.213108E-03  3.980105E-07  5.264715E-07  5.867406E-07  7.047124E-07  4.889468E-02  1.150924E-05  1.412272E-08  9.788841E-02  1.899420E-04  1.838134E-06  6.219664E-08  2.097447E-03  5.956148E-08  2.105732E-07  4.150466E-07  1.037376E-01  7.202773E-06  2.122221E-06  1.826911E-06  3.760239E-05  5.113224E-05  3.028828E-07  5.408757E-08  6.914592E-08  6.201925E-07
 2.991500E+02  7.465160E-01  1.197097E-03  3.834057E-07  5.072965E-07  5.654055E-07  6.792680E-07  4.891663E-02  1.128860E-05  1.322316E-08  9.850773E-02  1.885460E-04  1.753373E-06  6.127666E-08  2.055198E-03  5.627355E-08  1.994937E-07  3.968567E-07  1.025036E-01  6.910883E-06  2.052456E-06  1.765572E-06  3.711815E-05  5.047254E-05  2.872548E-07  5.097670E-08  6.519174E-08  5.901945E-07
 3.001500E+02  7.471613E-01  1.181417E-03  3.694413E-07  4.889571E-07  5.449988E-07  6.549245E-07  4.893800E-02  1.107367E-05  1.238649E-08  9.911880E-02  1.871424E-04  1.672686E-06  6.036392E-08  2.014093E-03  5.318839E-08  1.890695E-07  3.795886E-07  1.012861E-01  6.631799E-06  1.985340E-06  1.706607E-06  3.664074E-05  4.982219E-05  2.724912E-07  4.806064E-08  6.148388E-08  5.618026E-07
 3.011500E+02  7.477975E-01  1.166060E-03  3.560850E-07  4.714115E-07  5.254743E-07  6.316275E-07  4.895879E-02  1.086427E-05  1.160794E-08  9.972167E-02  1.857324E-04  1.595874E-06  5.945880E-08  1.974097E-03  5.029231E-08  1.792579E-07  3.631900E-07  1.000849E-01  6.364932E-06  1.920761E-06  1.649913E-06  3.617009E-05  4.918114E-05  2.585415E-07  4.532629E-08  5.800589E-08  5.349237E-07
 3.021500E+02  7.484247E-01  1.151018E-03  3.433065E-07  4.546204E-07  5.067882E-07  6.093253E-07  4.897904E-02  1.066023E-05  1.088314E-08  1.003164E-01  1.843169E-04  1.522749E-06  5.856169E-08  1.935171E-03  4.757261E-08  1.700194E-07  3.476117E-07  9.889998E-02  6.109720E-06  1.858614E-06  1.595395E-06  3.570616E-05  4.854931E-05  2.453587E-07  4.276153E-08  5.474248E-08  5.094702E-07
 3.031500E+02  7.490430E-01  1.136281E-03  3.310772E-07  4.385467E-07  4.888994E-07  5.879692E-07  4.899875E-02  1.046138E-05  1.020809E-08  1.009031E-01  1.828968E-04  1.453132E-06  5.767290E-08  1.897283E-03  4.501752E-08  1.613171E-07  3.328079E-07  9.773116E-02  5.865628E-06  1.798796E-06  1.542958E-06  3.524890E-05  4.792662E-05  2.328982E-07  4.035505E-08  5.167945E-08  4.853603E-07
 3.041500E+02  7.496525E-01  1.121842E-03  3.193701E-07  4.231551E-07  4.717688E-07  5.675132E-07  4.901795E-02  1.026757E-05  9.579080E-09  1.014817E-01  1.814730E-04  1.386852E-06  5.679275E-08  1.860399E-03  4.261612E-08  1.531167E-07  3.187353E-07  9.657833E-02  5.632146E-06  1.741212E-06  1.492517E-06  3.479825E-05  4.731299E-05  2.211184E-07  3.809638E-08  4.880357E-08  4.625170E-07
 3.051500E+02  7.502534E-01  1.107695E-03  3.081597E-07  4.084126E-07  4.553596E-07  5.479137E-07  4.903664E-02  1.007866E-05  8.992714E-09  1.020524E-01  1.800465E-04  1.323746E-06  5.592152E-08  1.824487E-03  4.035825E-08  1.453865E-07  3.053534E-07  9.544132E-02  5.408788E-06  1.685769E-06  1.443985E-06  3.435416E-05  4.670833E-05  2.099799E-07  3.597575E-08  4.610255E-08  4.408680E-07
 3.061500E+02  7.508456E-01  1.093830E-03  2.974218E-07  3.942877E-07  4.396370E-07  5.291296E-07  4.905485E-02  9.894482E-06  8.445861E-09  1.026153E-01  1.786179E-04  1.263658E-06  5.505948E-08  1.789516E-03  3.823451E-08  1.380965E-07  2.926240E-07  9.432001E-02  5.195091E-06  1.632379E-06  1.397284E-06  3.391655E-05  4.611257E-05  1.994460E-07  3.398411E-08  4.356498E-08  4.203455E-07
 3.071500E+02  7.514293E-01  1.080241E-03  2.871335E-07  3.807508E-07  4.245679E-07  5.111219E-07  4.907259E-02  9.714906E-06  7.935632E-09  1.031703E-01  1.771883E-04  1.206442E-06  5.420684E-08  1.755457E-03  3.623615E-08  1.312193E-07  2.805116E-07  9.321425E-02  4.990612E-06  1.580957E-06  1.352337E-06  3.348537E-05  4.552561E-05  1.894818E-07  3.211302E-08  4.118020E-08  4.008858E-07
 3.081500E+02  7.520046E-01  1.066920E-03  2.772733E-07  3.677736E-07  4.101211E-07  4.938537E-07  4.908988E-02  9.539794E-06  7.459369E-09  1.037177E-01  1.757582E-04  1.151957E-06  5.336381E-08  1.722280E-03  3.435503E-08  1.247290E-07  2.689823E-07  9.212387E-02  4.794931E-06  1.531422E-06  1.309070E-06  3.306055E-05  4.494736E-05  1.800549E-07  3.035463E-08  3.893832E-08  3.824289E-07
 3.091500E+02  7.525716E-01  1.053862E-03  2.678207E-07  3.553297E-07  3.962672E-07  4.772902E-07  4.910673E-02  9.369013E-06  7.014619E-09  1.042574E-01  1.743284E-04  1.100070E-06  5.253059E-08  1.689958E-03  3.258359E-08  1.186016E-07  2.580048E-07  9.104873E-02  4.607647E-06  1.483698E-06  1.267414E-06  3.264202E-05  4.437773E-05  1.711345E-07  2.870163E-08  3.683012E-08  3.649188E-07
 3.101500E+02  7.531303E-01  1.041060E-03  2.587564E-07  3.433939E-07  3.829782E-07  4.613982E-07  4.912315E-02  9.202434E-06  6.599119E-09  1.047895E-01  1.728997E-04  1.050653E-06  5.170734E-08  1.658465E-03  3.091482E-08  1.128148E-07  2.475492E-07  8.998868E-02  4.428378E-06  1.437711E-06  1.227303E-06  3.222973E-05  4.381661E-05  1.626918E-07  2.714722E-08  3.484701E-08  3.483024E-07
 3.111500E+02  7.536810E-01  1.028506E-03  2.500621E-07  3.319423E-07  3.702277E-07  4.461464E-07  4.913915E-02  9.039934E-06  6.210780E-09  1.053142E-01  1.714726E-04  1.003585E-06  5.089419E-08  1.627775E-03  2.934215E-08  1.073475E-07  2.375876E-07  8.894355E-02  4.256761E-06  1.393391E-06  1.188671E-06  3.182359E-05  4.326393E-05  1.546997E-07  2.568506E-08  3.298099E-08  3.325302E-07
 3.121500E+02  7.542236E-01  1.016196E-03  2.417204E-07  3.209524E-07  3.579904E-07  4.315052E-07  4.915475E-02  8.881393E-06  5.847674E-09  1.058315E-01  1.700479E-04  9.587523E-07  5.009129E-08  1.597864E-03  2.785950E-08  1.021803E-07  2.280938E-07  8.791318E-02  4.092447E-06  1.350670E-06  1.151460E-06  3.142355E-05  4.271957E-05  1.471326E-07  2.430926E-08  3.122461E-08  3.175553E-07
 3.131500E+02  7.547583E-01  1.004122E-03  2.337148E-07  3.104027E-07  3.462427E-07  4.174464E-07  4.916997E-02  8.726696E-06  5.508019E-09  1.063415E-01  1.686261E-04  9.160441E-07  4.929872E-08  1.568706E-03  2.646120E-08  9.729502E-08  2.190430E-07  8.689742E-02  3.935106E-06  1.309485E-06  1.115609E-06  3.102952E-05  4.218344E-05  1.399665E-07  2.301431E-08  2.957092E-08  3.033338E-07
 3.141500E+02  7.552852E-01  9.922803E-04  2.260298E-07  3.002729E-07  3.349620E-07  4.039432E-07  4.918481E-02  8.575729E-06  5.190170E-09  1.068442E-01  1.672077E-04  8.753570E-07  4.851658E-08  1.540280E-03  2.514195E-08  9.267462E-08  2.104119E-07  8.589608E-02  3.784423E-06  1.269772E-06  1.081065E-06  3.064143E-05  4.165543E-05  1.331789E-07  2.179509E-08  2.801343E-08  2.898243E-07
 3.151500E+02  7.558043E-01  9.806637E-04  2.186507E-07  2.905438E-07  3.241268E-07  3.909705E-07  4.919928E-02  8.428386E-06  4.892603E-09  1.073397E-01  1.657935E-04  8.365919E-07  4.774495E-08  1.512563E-03  2.389685E-08  8.830319E-08  2.021785E-07  8.490902E-02  3.640098E-06  1.231474E-06  1.047774E-06  3.025922E-05  4.113546E-05  1.267485E-07  2.064682E-08  2.654611E-08  2.769880E-07
 3.161500E+02  7.563159E-01  9.692673E-04  2.115633E-07  2.811971E-07  3.137171E-07  3.785041E-07  4.921340E-02  8.284562E-06  4.613912E-09  1.078282E-01  1.643838E-04  7.996549E-07  4.698387E-08  1.485533E-03  2.272129E-08  8.416590E-08  1.943223E-07  8.393606E-02  3.501844E-06  1.194535E-06  1.015685E-06  2.988281E-05  4.062340E-05  1.206553E-07  1.956504E-08  2.516331E-08  2.647881E-07
 3.171500E+02  7.568199E-01  9.580857E-04  2.047545E-07  2.722155E-07  3.037134E-07  3.665213E-07  4.922717E-02  8.144154E-06  4.352792E-09  1.083097E-01  1.629791E-04  7.644565E-07  4.623340E-08  1.459171E-03  2.161099E-08  8.024886E-08  1.868236E-07  8.297703E-02  3.369388E-06  1.158900E-06  9.847494E-07  2.951212E-05  4.011917E-05  1.148804E-07  1.854558E-08  2.385977E-08  2.531903E-07
 3.181500E+02  7.573165E-01  9.471137E-04  1.982116E-07  2.635826E-07  2.940975E-07  3.550004E-07  4.924061E-02  8.007066E-06  4.108038E-09  1.087844E-01  1.615799E-04  7.309117E-07  4.549356E-08  1.433455E-03  2.056195E-08  7.653906E-08  1.796641E-07  8.203176E-02  3.242471E-06  1.124518E-06  9.549213E-07  2.914709E-05  3.962266E-05  1.094062E-07  1.758457E-08  2.263059E-08  2.421619E-07
 3.191500E+02  7.578057E-01  9.363464E-04  1.919226E-07  2.552827E-07  2.848522E-07  3.439209E-07  4.925372E-02  7.873202E-06  3.878533E-09  1.092521E-01  1.601867E-04  6.989397E-07  4.476437E-08  1.408367E-03  1.957045E-08  7.302437E-08  1.728265E-07  8.110010E-02  3.120843E-06  1.091339E-06  9.261561E-07  2.878763E-05  3.913376E-05  1.042159E-07  1.667839E-08  2.147116E-08  2.316725E-07
 3.201500E+02  7.582878E-01  9.257790E-04  1.858762E-07  2.473010E-07  2.759608E-07  3.332632E-07  4.926652E-02  7.742471E-06  3.663242E-09  1.097132E-01  1.587999E-04  6.684638E-07  4.404583E-08  1.383889E-03  1.863299E-08  6.969339E-08  1.662943E-07  8.018185E-02  3.004270E-06  1.059317E-06  8.984114E-07  2.843367E-05  3.865237E-05  9.929380E-08  1.582365E-08  2.037721E-08  2.216932E-07
 3.211500E+02  7.587627E-01  9.154066E-04  1.800616E-07  2.396235E-07  2.674078E-07  3.230088E-07  4.927901E-02  7.614783E-06  3.461204E-09  1.101676E-01  1.574198E-04  6.394109E-07  4.333794E-08  1.360001E-03  1.774633E-08  6.653547E-08  1.600523E-07  7.927686E-02  2.892526E-06  1.028406E-06  8.716467E-07  2.808514E-05  3.817840E-05  9.462512E-08  1.501718E-08  1.934473E-08  2.121968E-07
 3.221500E+02  7.592306E-01  9.052248E-04  1.744686E-07  2.322367E-07  2.591782E-07  3.131400E-07  4.929121E-02  7.490054E-06  3.271531E-09  1.106155E-01  1.560468E-04  6.117117E-07  4.264066E-08  1.336687E-03  1.690742E-08  6.354064E-08  1.540858E-07  7.838496E-02  2.785396E-06  9.985631E-07  8.458233E-07  2.774196E-05  3.771172E-05  9.019590E-08  1.425604E-08  1.836998E-08  2.031577E-07
 3.231500E+02  7.596916E-01  8.952290E-04  1.690873E-07  2.251280E-07  2.512580E-07  3.036400E-07  4.930312E-02  7.368200E-06  3.093398E-09  1.110569E-01  1.546814E-04  5.853003E-07  4.195399E-08  1.313930E-03  1.611342E-08  6.069954E-08  1.483809E-07  7.750597E-02  2.682675E-06  9.697464E-07  8.209038E-07  2.740406E-05  3.725225E-05  8.599301E-08  1.353747E-08  1.744947E-08  1.945518E-07
 3.241500E+02  7.601457E-01  8.854149E-04  1.639085E-07  2.182852E-07  2.436337E-07  2.944930E-07  4.931475E-02  7.249140E-06  2.926037E-09  1.114918E-01  1.533236E-04  5.601140E-07  4.127788E-08  1.291713E-03  1.536168E-08  5.800340E-08  1.429249E-07  7.663973E-02  2.584167E-06  9.419165E-07  7.968529E-07  2.707137E-05  3.679988E-05  8.200407E-08  1.285889E-08  1.657991E-08  1.863562E-07
 3.251500E+02  7.605932E-01  8.757784E-04  1.589234E-07  2.116968E-07  2.362925E-07  2.856837E-07  4.932611E-02  7.132796E-06  2.768738E-09  1.119205E-01  1.519740E-04  5.360933E-07  4.061227E-08  1.270022E-03  1.464969E-08  5.544401E-08  1.377052E-07  7.578606E-02  2.489688E-06  9.150354E-07  7.736364E-07  2.674380E-05  3.635450E-05  7.821742E-08  1.221788E-08  1.575825E-08  1.785497E-07
 3.261500E+02  7.610339E-01  8.663154E-04  1.541237E-07  2.053518E-07  2.292222E-07  2.771976E-07  4.933720E-02  7.019094E-06  2.620841E-09  1.123430E-01  1.506328E-04  5.131816E-07  3.995713E-08  1.248841E-03  1.397514E-08  5.301364E-08  1.327104E-07  7.494479E-02  2.399059E-06  8.890667E-07  7.512219E-07  2.642128E-05  3.591602E-05  7.462206E-08  1.161218E-08  1.498163E-08  1.711117E-07
 3.271500E+02  7.614682E-01  8.570218E-04  1.495014E-07  1.992400E-07  2.224113E-07  2.690212E-07  4.934804E-02  6.907959E-06  2.481731E-09  1.127593E-01  1.493002E-04  4.913252E-07  3.931238E-08  1.228155E-03  1.333585E-08  5.070508E-08  1.279295E-07  7.411577E-02  2.312111E-06  8.639754E-07  7.295782E-07  2.610375E-05  3.548432E-05  7.120764E-08  1.103970E-08  1.424737E-08  1.640234E-07
 3.281500E+02  7.618960E-01  8.478939E-04  1.450488E-07  1.933513E-07  2.158488E-07  2.611411E-07  4.935863E-02  6.799323E-06  2.350839E-09  1.131696E-01  1.479765E-04  4.704729E-07  3.867796E-08  1.207950E-03  1.272977E-08  4.851152E-08  1.233520E-07  7.329881E-02  2.228682E-06  8.397283E-07  7.086754E-07  2.579112E-05  3.505932E-05  6.796438E-08  1.049843E-08  1.355295E-08  1.572665E-07
 3.291500E+02  7.623174E-01  8.389278E-04  1.407588E-07  1.876763E-07  2.095240E-07  2.535451E-07  4.936897E-02  6.693115E-06  2.227633E-09  1.135739E-01  1.466619E-04  4.505762E-07  3.805380E-08  1.188212E-03  1.215499E-08  4.642658E-08  1.189681E-07  7.249375E-02  2.148619E-06  8.162932E-07  6.884850E-07  2.548332E-05  3.464091E-05  6.488307E-08  9.986553E-09  1.289603E-08  1.508240E-07
 3.301500E+02  7.627326E-01  8.301200E-04  1.366245E-07  1.822060E-07  2.034272E-07  2.462211E-07  4.937908E-02  6.589270E-06  2.111619E-09  1.139723E-01  1.453567E-04  4.315890E-07  3.743980E-08  1.168929E-03  1.160972E-08  4.444428E-08  1.147686E-07  7.170042E-02  2.071775E-06  7.936394E-07  6.689795E-07  2.518028E-05  3.422898E-05  6.195502E-08  9.502316E-09  1.227440E-08  1.446799E-07
 3.311500E+02  7.631417E-01  8.214668E-04  1.326393E-07  1.769319E-07  1.975487E-07  2.391580E-07  4.938896E-02  6.487723E-06  2.002339E-09  1.143649E-01  1.440610E-04  4.134674E-07  3.683589E-08  1.150087E-03  1.109228E-08  4.255899E-08  1.107446E-07  7.091866E-02  1.998009E-06  7.717375E-07  6.501328E-07  2.488194E-05  3.382345E-05  5.917204E-08  9.044101E-09  1.168600E-08  1.388189E-07
 3.321500E+02  7.635446E-01  8.129648E-04  1.287970E-07  1.718457E-07  1.918794E-07  2.323449E-07  4.939862E-02  6.388413E-06  1.899365E-09  1.147518E-01  1.427750E-04  3.961699E-07  3.624197E-08  1.131674E-03  1.060109E-08  4.076540E-08  1.068878E-07  7.014831E-02  1.927188E-06  7.505594E-07  6.319198E-07  2.458821E-05  3.342421E-05  5.652640E-08  8.610388E-09  1.112891E-08  1.332266E-07
 3.331500E+02  7.639416E-01  8.046107E-04  1.250917E-07  1.669398E-07  1.864108E-07  2.257714E-07  4.940806E-02  6.291279E-06  1.802299E-09  1.151330E-01  1.414988E-04  3.796567E-07  3.565795E-08  1.113679E-03  1.013468E-08  3.905856E-08  1.031903E-07  6.938920E-02  1.859185E-06  7.300780E-07  6.143163E-07  2.429902E-05  3.303116E-05  5.401080E-08  8.199751E-09  1.060130E-08  1.278896E-07
 3.341500E+02  7.643327E-01  7.964011E-04  1.215177E-07  1.622067E-07  1.811345E-07  2.194280E-07  4.941729E-02  6.196262E-06  1.710768E-09  1.155087E-01  1.402327E-04  3.638903E-07  3.508373E-08  1.096089E-03  9.691657E-09  3.743378E-08  9.964459E-08  6.864117E-02  1.793877E-06  7.102673E-07  5.972994E-07  2.401431E-05  3.264421E-05  5.161836E-08  7.810853E-09  1.010148E-08  1.227949E-07
 3.351500E+02  7.647180E-01  7.883329E-04  1.180696E-07  1.576393E-07  1.760428E-07  2.133051E-07  4.942632E-02  6.103306E-06  1.624429E-09  1.158790E-01  1.389768E-04  3.488350E-07  3.451920E-08  1.078893E-03  9.270717E-09  3.588665E-08  9.624359E-08  6.790405E-02  1.731149E-06  6.911024E-07  5.808469E-07  2.373401E-05  3.226326E-05  4.934258E-08  7.442441E-09  9.627849E-09  1.179304E-07
 3.361500E+02  7.650976E-01  7.804030E-04  1.147422E-07  1.532309E-07  1.711280E-07  2.073938E-07  4.943515E-02  6.012356E-06  1.542956E-09  1.162438E-01  1.377311E-04  3.344567E-07  3.396425E-08  1.062080E-03  8.870638E-09  3.441303E-08  9.298057E-08  6.717769E-02  1.670890E-06  6.725595E-07  5.649375E-07  2.345804E-05  3.188822E-05  4.717734E-08  7.093339E-09  9.178917E-09  1.132846E-07
 3.371500E+02  7.654715E-01  7.726084E-04  1.115307E-07  1.489751E-07  1.663831E-07  2.016857E-07  4.944378E-02  5.923360E-06  1.466051E-09  1.166033E-01  1.364959E-04  3.207231E-07  3.341878E-08  1.045641E-03  8.490270E-09  3.300903E-08  8.984917E-08  6.646194E-02  1.612994E-06  6.546157E-07  5.495511E-07  2.318634E-05  3.151899E-05  4.511683E-08  6.762445E-09  8.753278E-09  1.088467E-07
 3.381500E+02  7.658399E-01  7.649461E-04  1.084303E-07  1.448656E-07  1.618012E-07  1.961726E-07  4.945223E-02  5.836265E-06  1.393432E-09  1.169575E-01  1.352711E-04  3.076036E-07  3.288268E-08  1.029564E-03  8.128534E-09  3.167095E-08  8.684332E-08  6.575662E-02  1.557360E-06  6.372490E-07  5.346680E-07  2.291884E-05  3.115548E-05  4.315559E-08  6.448722E-09  8.349613E-09  1.046064E-07
 3.391500E+02  7.662029E-01  7.574133E-04  1.054366E-07  1.408967E-07  1.573759E-07  1.908467E-07  4.946049E-02  5.751021E-06  1.324838E-09  1.173066E-01  1.340570E-04  2.950690E-07  3.235582E-08  1.013841E-03  7.784414E-09  3.039536E-08  8.395729E-08  6.506159E-02  1.503892E-06  6.204384E-07  5.202697E-07  2.265547E-05  3.079760E-05  4.128845E-08  6.151199E-09  7.966684E-09  1.005539E-07
 3.401500E+02  7.665605E-01  7.500072E-04  1.025453E-07  1.370628E-07  1.531008E-07  1.857006E-07  4.946857E-02  5.667581E-06  1.260022E-09  1.176507E-01  1.328535E-04  2.830916E-07  3.183809E-08  9.984607E-04  7.456955E-09  2.917897E-08  8.118563E-08  6.437670E-02  1.452498E-06  6.041635E-07  5.063382E-07  2.239617E-05  3.044525E-05  3.951054E-08  5.868963E-09  7.603328E-09  9.668019E-08
 3.411500E+02  7.669128E-01  7.427251E-04  9.975229E-08  1.333584E-07  1.489700E-07  1.807273E-07  4.947648E-02  5.585896E-06  1.198758E-09  1.179897E-01  1.316607E-04  2.716450E-07  3.132937E-08  9.834147E-04  7.145259E-09  2.801872E-08  7.852317E-08  6.370178E-02  1.403091E-06  5.884050E-07  4.928563E-07  2.214087E-05  3.009835E-05  3.781725E-08  5.601156E-09  7.258452E-09  9.297640E-08
 3.421500E+02  7.672599E-01  7.355642E-04  9.705374E-08  1.297786E-07  1.449778E-07  1.759200E-07  4.948422E-02  5.505922E-06  1.140830E-09  1.183237E-01  1.304788E-04  2.607040E-07  3.082954E-08  9.686940E-04  6.848480E-09  2.691171E-08  7.596500E-08  6.303670E-02  1.355585E-06  5.731443E-07  4.798076E-07  2.188951E-05  2.975681E-05  3.620421E-08  5.346974E-09  6.931030E-09  8.943431E-08
 3.431500E+02  7.676019E-01  7.285222E-04  9.444589E-08  1.263184E-07  1.411189E-07  1.712722E-07  4.949180E-02  5.427615E-06  1.086041E-09  1.186530E-01  1.293077E-04  2.502450E-07  3.033848E-08  9.542899E-04  6.565824E-09  2.585520E-08  7.350644E-08  6.238129E-02  1.309901E-06  5.583634E-07  4.671761E-07  2.164202E-05  2.942054E-05  3.466731E-08  5.105657E-09  6.620095E-09  8.604611E-08
 3.441500E+02  7.679389E-01  7.215963E-04  9.192521E-08  1.229731E-07  1.373881E-07  1.667778E-07  4.949922E-02  5.350931E-06  1.034201E-09  1.189774E-01  1.281474E-04  2.402453E-07  2.985606E-08  9.401939E-04  6.296541E-09  2.484661E-08  7.114308E-08  6.173542E-02  1.265964E-06  5.440451E-07  4.549467E-07  2.139834E-05  2.908946E-05  3.320266E-08  4.876495E-09  6.324740E-09  8.280439E-08
 3.451500E+02  7.682709E-01  7.147843E-04  8.948829E-08  1.197383E-07  1.337803E-07  1.624308E-07  4.950648E-02  5.275829E-06  9.851383E-10  1.192971E-01  1.269981E-04  2.306832E-07  2.938217E-08  9.263981E-04  6.039925E-09  2.388351E-08  6.887068E-08  6.109894E-02  1.223699E-06  5.301729E-07  4.431048E-07  2.115840E-05  2.876347E-05  3.180658E-08  4.658819E-09  6.044111E-09  7.970213E-08
 3.461500E+02  7.685980E-01  7.080837E-04  8.713188E-08  1.166098E-07  1.302908E-07  1.582255E-07  4.951358E-02  5.202269E-06  9.386878E-10  1.196122E-01  1.258597E-04  2.215385E-07  2.891667E-08  9.128945E-04  5.795311E-09  2.296359E-08  6.668525E-08  6.047170E-02  1.183036E-06  5.167310E-07  4.316365E-07  2.092215E-05  2.844250E-05  3.047559E-08  4.451998E-09  5.777404E-09  7.673269E-08
 3.471500E+02  7.689203E-01  7.014922E-04  8.485287E-08  1.135834E-07  1.269152E-07  1.541567E-07  4.952054E-02  5.130211E-06  8.946968E-10  1.199227E-01  1.247323E-04  2.127914E-07  2.845945E-08  8.996754E-04  5.562074E-09  2.208469E-08  6.458299E-08  5.985356E-02  1.143910E-06  5.037041E-07  4.205283E-07  2.068952E-05  2.812646E-05  2.920639E-08  4.255440E-09  5.523863E-09  7.388975E-08
 3.481500E+02  7.692379E-01  6.950075E-04  8.264831E-08  1.106553E-07  1.236490E-07  1.502190E-07  4.952736E-02  5.059618E-06  8.530219E-10  1.202287E-01  1.236158E-04  2.044236E-07  2.801037E-08  8.867334E-04  5.339622E-09  2.124475E-08  6.256026E-08  5.924438E-02  1.106257E-06  4.910776E-07  4.097672E-07  2.046046E-05  2.781528E-05  2.799588E-08  4.068587E-09  5.282776E-09  7.116734E-08
 3.491500E+02  7.695509E-01  6.886275E-04  8.051535E-08  1.078218E-07  1.204881E-07  1.464076E-07  4.953403E-02  4.990453E-06  8.135291E-10  1.205303E-01  1.225103E-04  1.964175E-07  2.756931E-08  8.740614E-04  5.127398E-09  2.044183E-08  6.061361E-08  5.864402E-02  1.070015E-06  4.788374E-07  3.993410E-07  2.023491E-05  2.750886E-05  2.684110E-08  3.890915E-09  5.053473E-09  6.855978E-08
 3.501500E+02  7.698592E-01  6.823499E-04  7.845127E-08  1.050791E-07  1.174285E-07  1.427176E-07  4.954057E-02  4.922679E-06  7.760924E-10  1.208276E-01  1.214158E-04  1.887562E-07  2.713615E-08  8.616525E-04  4.924877E-09  1.967410E-08  5.873978E-08  5.805235E-02  1.035126E-06  4.669699E-07  3.892376E-07  2.001280E-05  2.720713E-05  2.573927E-08  3.721930E-09  4.835322E-09  6.606168E-08
 3.511500E+02  7.701631E-01  6.761727E-04  7.645347E-08  1.024241E-07  1.144665E-07  1.391447E-07  4.954697E-02  4.856263E-06  7.405940E-10  1.211205E-01  1.203322E-04  1.814238E-07  2.671077E-08  8.494997E-04  4.731563E-09  1.893983E-08  5.693564E-08  5.746922E-02  1.001536E-06  4.554623E-07  3.794457E-07  1.979408E-05  2.691001E-05  2.468775E-08  3.561166E-09  4.627728E-09  6.366795E-08
 3.521500E+02  7.704625E-01  6.700938E-04  7.451946E-08  9.985329E-08  1.115984E-07  1.356844E-07  4.955324E-02  4.791170E-06  7.069232E-10  1.214092E-01  1.192595E-04  1.744052E-07  2.629302E-08  8.375967E-04  4.546988E-09  1.823738E-08  5.519821E-08  5.689451E-02  9.691901E-07  4.443019E-07  3.699543E-07  1.957870E-05  2.661743E-05  2.368403E-08  3.408184E-09  4.430132E-09  6.137372E-08
 3.531500E+02  7.707576E-01  6.641112E-04  7.264686E-08  9.736365E-08  1.088207E-07  1.323325E-07  4.955939E-02  4.727368E-06  6.749763E-10  1.216938E-01  1.181977E-04  1.676860E-07  2.588281E-08  8.259371E-04  4.370710E-09  1.756520E-08  5.352467E-08  5.632808E-02  9.380384E-07  4.334768E-07  3.607528E-07  1.936659E-05  2.632930E-05  2.272577E-08  3.262571E-09  4.242004E-09  5.917441E-08
 3.541500E+02  7.710483E-01  6.582230E-04  7.083338E-08  9.495214E-08  1.061301E-07  1.290851E-07  4.956541E-02  4.664825E-06  6.446560E-10  1.219743E-01  1.171468E-04  1.612523E-07  2.547999E-08  8.145146E-04  4.202311E-09  1.692182E-08  5.191232E-08  5.576980E-02  9.080320E-07  4.229754E-07  3.518311E-07  1.915771E-05  2.604556E-05  2.181071E-08  3.123938E-09  4.062847E-09  5.706564E-08
 3.551500E+02  7.713349E-01  6.524273E-04  6.907684E-08  9.261589E-08  1.035233E-07  1.259383E-07  4.957131E-02  4.603510E-06  6.158710E-10  1.222507E-01  1.161068E-04  1.550912E-07  2.508445E-08  8.033233E-04  4.041398E-09  1.630586E-08  5.035859E-08  5.521955E-02  8.791246E-07  4.127866E-07  3.431794E-07  1.895199E-05  2.576612E-05  2.093673E-08  2.991917E-09  3.892190E-09  5.504326E-08
 3.561500E+02  7.716173E-01  6.467223E-04  6.737514E-08  9.035215E-08  1.009973E-07  1.228886E-07  4.957710E-02  4.543393E-06  5.885355E-10  1.225232E-01  1.150775E-04  1.491902E-07  2.469606E-08  7.923574E-04  3.887597E-09  1.571600E-08  4.886103E-08  5.467719E-02  8.512718E-07  4.028997E-07  3.347883E-07  1.874939E-05  2.549093E-05  2.010183E-08  2.866162E-09  3.729591E-09  5.310333E-08
 3.571500E+02  7.718956E-01  6.411060E-04  6.572627E-08  8.815828E-08  9.854920E-08  1.199323E-07  4.958277E-02  4.484445E-06  5.625689E-10  1.227918E-01  1.140590E-04  1.435374E-07  2.431470E-08  7.816114E-04  3.740557E-09  1.515099E-08  4.741730E-08  5.414261E-02  8.244310E-07  3.933044E-07  3.266489E-07  1.854986E-05  2.521989E-05  1.930410E-08  2.746347E-09  3.574631E-09  5.124211E-08
 3.581500E+02  7.721699E-01  6.355768E-04  6.412831E-08  8.603175E-08  9.617613E-08  1.170661E-07  4.958833E-02  4.426638E-06  5.378955E-10  1.230565E-01  1.130512E-04  1.381217E-07  2.394026E-08  7.710796E-04  3.599944E-09  1.460965E-08  4.602519E-08  5.361568E-02  7.985616E-07  3.839909E-07  3.187524E-07  1.835333E-05  2.495295E-05  1.854173E-08  2.632163E-09  3.426915E-09  4.945602E-08
 3.591500E+02  7.724402E-01  6.301329E-04  6.257942E-08  8.397012E-08  9.387540E-08  1.142868E-07  4.959377E-02  4.369944E-06  5.144442E-10  1.233175E-01  1.120541E-04  1.329323E-07  2.357261E-08  7.607568E-04  3.465444E-09  1.409087E-08  4.468257E-08  5.309627E-02  7.736248E-07  3.749495E-07  3.110906E-07  1.815977E-05  2.469004E-05  1.781301E-08  2.523318E-09  3.286072E-09  4.774170E-08
 3.601500E+02  7.727067E-01  6.247727E-04  6.107782E-08  8.197108E-08  9.164441E-08  1.115913E-07  4.959912E-02  4.314336E-06  4.921482E-10  1.235747E-01  1.110676E-04  1.279589E-07  2.321163E-08  7.506378E-04  3.336758E-09  1.359359E-08  4.338741E-08  5.258428E-02  7.495833E-07  3.661713E-07  3.036554E-07  1.796911E-05  2.443108E-05  1.711632E-08  2.419539E-09  3.151749E-09  4.609591E-08
 3.611500E+02  7.729693E-01  6.194945E-04  5.962183E-08  8.003238E-08  8.948069E-08  1.089766E-07  4.960435E-02  4.259789E-06  4.709444E-10  1.238283E-01  1.100916E-04  1.231919E-07  2.285721E-08  7.407177E-04  3.213604E-09  1.311680E-08  4.213778E-08  5.207957E-02  7.264015E-07  3.576472E-07  2.964392E-07  1.778132E-05  2.417602E-05  1.645013E-08  2.320566E-09  3.023614E-09  4.451561E-08
 3.621500E+02  7.732281E-01  6.142967E-04  5.820980E-08  7.815189E-08  8.738185E-08  1.064399E-07  4.960949E-02  4.206278E-06  4.507738E-10  1.240782E-01  1.091262E-04  1.186220E-07  2.250924E-08  7.309916E-04  3.095716E-09  1.265955E-08  4.093184E-08  5.158204E-02  7.040455E-07  3.493689E-07  2.894344E-07  1.759634E-05  2.392477E-05  1.581297E-08  2.226154E-09  2.901353E-09  4.299788E-08
 3.631500E+02  7.734833E-01  6.091777E-04  5.684019E-08  7.632754E-08  8.534559E-08  1.039783E-07  4.961453E-02  4.153777E-06  4.315806E-10  1.243247E-01  1.081711E-04  1.142404E-07  2.216759E-08  7.214548E-04  2.982840E-09  1.222094E-08  3.976783E-08  5.109157E-02  6.824825E-07  3.413282E-07  2.826339E-07  1.741412E-05  2.367729E-05  1.520347E-08  2.136072E-09  2.784669E-09  4.153996E-08
 3.641500E+02  7.737348E-01  6.041361E-04  5.551149E-08  7.455737E-08  8.336972E-08  1.015894E-07  4.961947E-02  4.102262E-06  4.133126E-10  1.245676E-01  1.072265E-04  1.100386E-07  2.183215E-08  7.121026E-04  2.874738E-09  1.180010E-08  3.864407E-08  5.060805E-02  6.616815E-07  3.335172E-07  2.760309E-07  1.723463E-05  2.343350E-05  1.462030E-08  2.050100E-09  2.673282E-09  4.013920E-08
 3.651500E+02  7.739827E-01  5.991702E-04  5.422226E-08  7.283947E-08  8.145213E-08  9.927055E-08  4.962431E-02  4.051712E-06  3.959202E-10  1.248071E-01  1.062921E-04  1.060087E-07  2.150281E-08  7.029307E-04  2.771182E-09  1.139623E-08  3.755895E-08  5.013136E-02  6.416124E-07  3.259283E-07  2.696188E-07  1.705781E-05  2.319334E-05  1.406222E-08  1.968033E-09  2.566926E-09  3.879311E-08
 3.661500E+02  7.742271E-01  5.942788E-04  5.297113E-08  7.117204E-08  7.959080E-08  9.701933E-08  4.962907E-02  4.002103E-06  3.793572E-10  1.250433E-01  1.053679E-04  1.021431E-07  2.117947E-08  6.939346E-04  2.671958E-09  1.100855E-08  3.651094E-08  4.966140E-02  6.222467E-07  3.185542E-07  2.633912E-07  1.688361E-05  2.295676E-05  1.352805E-08  1.889674E-09  2.465352E-09  3.749929E-08
 3.671500E+02  7.744680E-01  5.894602E-04  5.175676E-08  6.955332E-08  7.778377E-08  9.483342E-08  4.963373E-02  3.953413E-06  3.635796E-10  1.252761E-01  1.044539E-04  9.843453E-08  2.086200E-08  6.851103E-04  2.576861E-09  1.063633E-08  3.549857E-08  4.919806E-02  6.035569E-07  3.113878E-07  2.573419E-07  1.671200E-05  2.272368E-05  1.301668E-08  1.814840E-09  2.368322E-09  3.625547E-08
 3.681500E+02  7.747055E-01  5.847132E-04  5.057789E-08  6.798163E-08  7.602918E-08  9.271058E-08  4.963831E-02  3.905621E-06  3.485462E-10  1.255056E-01  1.035500E-04  9.487599E-08  2.055031E-08  6.764536E-04  2.485699E-09  1.027887E-08  3.452045E-08  4.874124E-02  5.855170E-07  3.044225E-07  2.514651E-07  1.654292E-05  2.249405E-05  1.252702E-08  1.743354E-09  2.275611E-09  3.505950E-08
 3.691500E+02  7.749397E-01  5.800364E-04  4.943329E-08  6.645537E-08  7.432523E-08  9.064868E-08  4.964280E-02  3.858706E-06  3.342181E-10  1.257319E-01  1.026560E-04  9.146094E-08  2.024429E-08  6.679605E-04  2.398288E-09  9.935512E-09  3.357523E-08  4.829082E-02  5.681016E-07  2.976517E-07  2.457551E-07  1.637634E-05  2.226782E-05  1.205808E-08  1.675052E-09  2.187008E-09  3.390930E-08
 3.701500E+02  7.751706E-01  5.754285E-04  4.832179E-08  6.497298E-08  7.267020E-08  8.864564E-08  4.964721E-02  3.812648E-06  3.205587E-10  1.259551E-01  1.017720E-04  8.818308E-08  1.994383E-08  6.596271E-04  2.314455E-09  9.605621E-09  3.266164E-08  4.784671E-02  5.512868E-07  2.910690E-07  2.402063E-07  1.621222E-05  2.204492E-05  1.160888E-08  1.609777E-09  2.102311E-09  3.280291E-08
 3.711500E+02  7.753982E-01  5.708882E-04  4.724225E-08  6.353297E-08  7.106243E-08  8.669946E-08  4.965153E-02  3.767428E-06  3.075332E-10  1.261751E-01  1.008978E-04  8.503642E-08  1.964883E-08  6.514499E-04  2.234035E-09  9.288600E-09  3.177845E-08  4.740881E-02  5.350494E-07  2.846685E-07  2.348136E-07  1.605050E-05  2.182529E-05  1.117853E-08  1.547381E-09  2.021329E-09  3.173846E-08
 3.721500E+02  7.756226E-01  5.664141E-04  4.619359E-08  6.213391E-08  6.950032E-08  8.480826E-08  4.965578E-02  3.723026E-06  2.951092E-10  1.263921E-01  1.000334E-04  8.201525E-08  1.935918E-08  6.434249E-04  2.156871E-09  8.983883E-09  3.092449E-08  4.697702E-02  5.193674E-07  2.784443E-07  2.295719E-07  1.589116E-05  2.160889E-05  1.076614E-08  1.487724E-09  1.943884E-09  3.071418E-08
 3.731500E+02  7.758438E-01  5.620051E-04  4.517477E-08  6.077442E-08  6.798233E-08  8.297018E-08  4.965995E-02  3.679424E-06  2.832558E-10  1.266060E-01  9.917865E-05  7.911412E-08  1.907479E-08  6.355488E-04  2.082814E-09  8.690927E-09  3.009864E-08  4.655123E-02  5.042195E-07  2.723906E-07  2.244762E-07  1.573415E-05  2.139565E-05  1.037090E-08  1.430673E-09  1.869803E-09  2.972835E-08
