#         T/K            c1          c2-1          c3-4          c3-5          c3-7          c3-9            m1          m2-1          m3-1            w1            w2          w3-1          w3-2          c1m1        c1m2-1        c1m2-7        c2m1-1        c1w1-2        c1w2-1        c2w1-1        c2w1-9        m1w1-1        m1w1-4        m1w2-1        m2w1-1        m2w1-3      c1m1w1-1
 2.731500E+02  1.455554E-01  6.941248E-05  8.764032E-09  1.150300E-08  1.279801E-08  1.526003E-08  4.427237E-01  1.632061E-03  6.493806E-05  2.935121E-01  2.926807E-03  2.968429E-04  4.165023E-06  6.675174E-03  4.677475E-06  1.534828E-05  5.133513E-07  1.020117E-01  5.590883E-05  7.465168E-07  6.555207E-07  1.738061E-03  2.365969E-03  1.475811E-04  8.060100E-05  1.020822E-04  1.551833E-05
 2.741500E+02  1.463822E-01  6.889795E-05  8.484861E-09  1.114036E-08  1.239546E-08  1.478470E-08  4.428912E-01  1.593258E-03  5.994015E-05  2.943980E-01  2.873682E-03  2.766302E-04  4.032254E-06  6.539076E-03  4.384022E-06  1.443196E-05  4.902966E-07  1.004985E-01  5.292223E-05  7.196416E-07  6.313764E-07  1.702462E-03  2.317363E-03  1.371661E-04  7.466936E-05  9.460740E-05  1.460858E-05
 2.751500E+02  1.471952E-01  6.838204E-05  8.215074E-09  1.078976E-08  1.200625E-08  1.432496E-08  4.430532E-01  1.555671E-03  5.536081E-05  2.952670E-01  2.821722E-03  2.579024E-04  3.904338E-06  6.406354E-03  4.110771E-06  1.357596E-05  4.683857E-07  9.900958E-02  5.010949E-05  6.938220E-07  6.082023E-07  1.667802E-03  2.270044E-03  1.275473E-04  6.921197E-05  8.772753E-05  1.375718E-05
 2.761500E+02  1.479945E-01  6.786507E-05  7.954368E-09  1.045083E-08  1.162996E-08  1.388031E-08  4.432099E-01  1.519255E-03  5.116236E-05  2.961195E-01  2.770901E-03  2.405433E-04  3.781083E-06  6.276916E-03  3.856221E-06  1.277597E-05  4.475580E-07  9.754459E-02  4.745980E-05  6.690153E-07  5.859582E-07  1.634052E-03  2.223975E-03  1.186598E-04  6.418814E-05  8.139177E-05  1.296008E-05
 2.771500E+02  1.487802E-01  6.734738E-05  7.702448E-09  1.012320E-08  1.126619E-08  1.345030E-08  4.433617E-01  1.483967E-03  4.731073E-05  2.969558E-01  2.721194E-03  2.244462E-04  3.662306E-06  6.150678E-03  3.618990E-06  1.202803E-05  4.277557E-07  9.610333E-02  4.496307E-05  6.451801E-07  5.646051E-07  1.601185E-03  2.179118E-03  1.104439E-04  5.956088E-05  7.555391E-05  1.221358E-05
 2.781500E+02  1.495526E-01  6.682927E-05  7.459026E-09  9.806496E-09  1.091452E-08  1.303444E-08  4.435087E-01  1.449765E-03  4.377509E-05  2.977762E-01  2.672575E-03  2.095134E-04  3.547831E-06  6.027554E-03  3.397804E-06  1.132847E-05  4.089247E-07  9.468559E-02  4.260984E-05  6.222770E-07  5.441059E-07  1.569176E-03  2.135436E-03  1.028453E-04  5.529658E-05  7.017192E-05  1.151420E-05
 2.791500E+02  1.503116E-01  6.631103E-05  7.223823E-09  9.500369E-09  1.057456E-08  1.263230E-08  4.436510E-01  1.416610E-03  4.052754E-05  2.985812E-01  2.625022E-03  1.956548E-04  3.437491E-06  5.907461E-03  3.191490E-06  1.067389E-05  3.910137E-07  9.329112E-02  4.039130E-05  6.002680E-07  5.244249E-07  1.537998E-03  2.092895E-03  9.581434E-05  5.136464E-05  6.520751E-05  1.085876E-05
 2.801500E+02  1.510577E-01  6.579294E-05  6.996567E-09  9.204475E-09  1.024594E-08  1.224343E-08  4.437890E-01  1.384464E-03  3.754281E-05  2.993710E-01  2.578508E-03  1.827881E-04  3.331121E-06  5.790318E-03  2.998965E-06  1.006115E-05  3.739743E-07  9.191968E-02  3.829918E-05  5.791166E-07  5.055279E-07  1.507626E-03  2.051459E-03  8.930552E-05  4.773721E-05  6.062585E-05  1.024427E-05
 2.811500E+02  1.517908E-01  6.527529E-05  6.776994E-09  8.918478E-09  9.928283E-09  1.186741E-08  4.439228E-01  1.353289E-03  3.479797E-05  3.001459E-01  2.533012E-03  1.708374E-04  3.228568E-06  5.676049E-03  2.819233E-06  9.487357E-06  3.577609E-07  9.057101E-02  3.632576E-05  5.587880E-07  4.873823E-07  1.478038E-03  2.011096E-03  8.327724E-05  4.438893E-05  5.639518E-05  9.667973E-06
 2.821500E+02  1.525112E-01  6.475832E-05  6.564847E-09  8.642052E-09  9.621234E-09  1.150381E-08  4.440526E-01  1.323052E-03  3.227226E-05  3.009063E-01  2.488509E-03  1.597329E-04  3.129680E-06  5.564575E-03  2.651373E-06  8.949812E-06  3.423302E-07  8.924484E-02  3.446382E-05  5.392485E-07  4.699565E-07  1.449209E-03  1.971774E-03  7.769145E-05  4.129669E-05  5.248657E-05  9.127315E-06
 2.831500E+02  1.532191E-01  6.424228E-05  6.359878E-09  8.374882E-09  9.324440E-09  1.115225E-08  4.441785E-01  1.293718E-03  2.994680E-05  3.016524E-01  2.444978E-03  1.494106E-04  3.034316E-06  5.455823E-03  2.494536E-06  8.446029E-06  3.276415E-07  8.794090E-02  3.270659E-05  5.204661E-07  4.532206E-07  1.421116E-03  1.933462E-03  7.251327E-05  3.843940E-05  4.887361E-05  8.619914E-06
 2.841500E+02  1.539146E-01  6.372741E-05  6.161846E-09  8.116659E-09  9.037564E-09  1.081231E-08  4.443007E-01  1.265255E-03  2.780449E-05  3.023845E-01  2.402394E-03  1.398116E-04  2.942338E-06  5.349720E-03  2.347937E-06  7.973702E-06  3.136561E-07  8.665893E-02  3.104775E-05  5.024098E-07  4.371458E-07  1.393739E-03  1.896129E-03  6.771076E-05  3.579786E-05  4.553221E-05  8.143560E-06
 2.851500E+02  1.545979E-01  6.321393E-05  5.970515E-09  7.867086E-09  8.760275E-09  1.048363E-08  4.444193E-01  1.237633E-03  2.582975E-05  3.031029E-01  2.360737E-03  1.308816E-04  2.853613E-06  5.246196E-03  2.210851E-06  7.530695E-06  3.003378E-07  8.539863E-02  2.948138E-05  4.850501E-07  4.217046E-07  1.367056E-03  1.859747E-03  6.325463E-05  3.335450E-05  4.244037E-05  7.696202E-06
 2.861500E+02  1.552692E-01  6.270205E-05  5.785659E-09  7.625873E-09  8.492254E-09  1.016583E-08  4.445344E-01  1.210821E-03  2.400844E-05  3.038078E-01  2.319985E-03  1.225707E-04  2.768015E-06  5.145183E-03  2.082608E-06  7.115026E-06  2.876521E-07  8.415973E-02  2.800192E-05  4.683586E-07  4.068704E-07  1.341047E-03  1.824288E-03  5.911802E-05  3.109331E-05  3.957800E-05  7.275931E-06
 2.871500E+02  1.559287E-01  6.219197E-05  5.607056E-09  7.392739E-09  8.233189E-09  9.858546E-09  4.446463E-01  1.184790E-03  2.232768E-05  3.044995E-01  2.280117E-03  1.148329E-04  2.685423E-06  5.046612E-03  1.962590E-06  6.724859E-06  2.755663E-07  8.294194E-02  2.660419E-05  4.523081E-07  3.926180E-07  1.315691E-03  1.789723E-03  5.527630E-05  2.899964E-05  3.692673E-05  6.880972E-06
 2.881500E+02  1.565765E-01  6.168389E-05  5.434494E-09  7.167411E-09  7.982779E-09  9.561436E-09  4.447550E-01  1.159515E-03  2.077577E-05  3.051784E-01  2.241112E-03  1.076258E-04  2.605720E-06  4.950419E-03  1.850224E-06  6.358488E-06  2.640498E-07  8.174497E-02  2.528332E-05  4.368726E-07  3.789231E-07  1.290970E-03  1.756027E-03  5.170685E-05  2.706010E-05  3.446976E-05  6.509677E-06
 2.891500E+02  1.572129E-01  6.117798E-05  5.267765E-09  6.949626E-09  7.740733E-09  9.274156E-09  4.448607E-01  1.134967E-03  1.934202E-05  3.058446E-01  2.202949E-03  1.009104E-04  2.528795E-06  4.856542E-03  1.744979E-06  6.014332E-06  2.530735E-07  8.056852E-02  2.403476E-05  4.220269E-07  3.657627E-07  1.266865E-03  1.723174E-03  4.838891E-05  2.526246E-05  3.219172E-05  6.160509E-06
 2.901500E+02  1.578380E-01  6.067441E-05  5.106669E-09  6.739127E-09  7.506768E-09  8.996380E-09  4.449634E-01  1.111123E-03  1.801671E-05  3.064984E-01  2.165610E-03  9.465071E-05  2.454540E-06  4.764917E-03  1.646366E-06  5.690922E-06  2.426098E-07  7.941230E-02  2.285423E-05  4.077472E-07  3.531144E-07  1.243358E-03  1.691139E-03  4.530338E-05  2.359551E-05  3.007853E-05  5.832041E-06
 2.911500E+02  1.584520E-01  6.017334E-05  4.951012E-09  6.535666E-09  7.280608E-09  8.727786E-09  4.450632E-01  1.087958E-03  1.679097E-05  3.071400E-01  2.129074E-03  8.881356E-05  2.382854E-06  4.675486E-03  1.553929E-06  5.386892E-06  2.326328E-07  7.827601E-02  2.173773E-05  3.940103E-07  3.409570E-07  1.220431E-03  1.659899E-03  4.243275E-05  2.204899E-05  2.811732E-05  5.522941E-06
 2.921500E+02  1.590551E-01  5.967492E-05  4.800606E-09  6.339003E-09  7.061988E-09  8.468067E-09  4.451603E-01  1.065448E-03  1.565671E-05  3.077697E-01  2.093323E-03  8.336832E-05  2.313637E-06  4.588189E-03  1.467247E-06  5.100975E-06  2.231177E-07  7.715936E-02  2.068152E-05  3.807944E-07  3.292701E-07  1.198069E-03  1.629430E-03  3.976087E-05  2.061349E-05  2.629627E-05  5.231971E-06
 2.931500E+02  1.596474E-01  5.917929E-05  4.655269E-09  6.148905E-09  6.850651E-09  8.216923E-09  4.452548E-01  1.043571E-03  1.460654E-05  3.083876E-01  2.058338E-03  7.828672E-05  2.246794E-06  4.502971E-03  1.385932E-06  4.831992E-06  2.140413E-07  7.606206E-02  1.968206E-05  3.680783E-07  3.180343E-07  1.176254E-03  1.599710E-03  3.727292E-05  1.928042E-05  2.460455E-05  4.957978E-06
 2.941500E+02  1.602292E-01  5.868659E-05  4.514825E-09  5.965146E-09  6.646347E-09  7.974062E-09  4.453467E-01  1.022305E-03  1.363372E-05  3.089942E-01  2.024102E-03  7.354267E-05  2.182236E-06  4.419775E-03  1.309620E-06  4.578848E-06  2.053816E-07  7.498379E-02  1.873607E-05  3.558418E-07  3.072309E-07  1.154971E-03  1.570717E-03  3.495525E-05  1.804187E-05  2.303223E-05  4.699885E-06
 2.951500E+02  1.608005E-01  5.819693E-05  4.379103E-09  5.787510E-09  6.448836E-09  7.739205E-09  4.454362E-01  1.001630E-03  1.273206E-05  3.095894E-01  1.990595E-03  6.911206E-05  2.119875E-06  4.338548E-03  1.237977E-06  4.340522E-06  1.971177E-07  7.392427E-02  1.784045E-05  3.440653E-07  2.968420E-07  1.134204E-03  1.542430E-03  3.279527E-05  1.689059E-05  2.157020E-05  4.456691E-06
 2.961500E+02  1.613617E-01  5.771044E-05  4.247940E-09  5.615784E-09  6.257883E-09  7.512079E-09  4.455233E-01  9.815269E-04  1.189594E-05  3.101737E-01  1.957802E-03  6.497263E-05  2.059629E-06  4.259239E-03  1.170691E-06  4.116066E-06  1.892298E-07  7.288320E-02  1.699229E-05  3.327305E-07  2.868505E-07  1.113939E-03  1.514829E-03  3.078141E-05  1.581993E-05  2.021007E-05  4.227460E-06
 2.971500E+02  1.619128E-01  5.722721E-05  4.121176E-09  5.449766E-09  6.073263E-09  7.292420E-09  4.456081E-01  9.619752E-04  1.112019E-05  3.107472E-01  1.925705E-03  6.110378E-05  2.001416E-06  4.181795E-03  1.107474E-06  3.904596E-06  1.816993E-07  7.186029E-02  1.618886E-05  3.218194E-07  2.772400E-07  1.094161E-03  1.487893E-03  2.890301E-05  1.482378E-05  1.894417E-05  4.011322E-06
 2.981500E+02  1.624540E-01  5.674734E-05  3.998658E-09  5.289257E-09  5.894758E-09  7.079974E-09  4.456907E-01  9.429570E-04  1.040009E-05  3.113100E-01  1.894288E-03  5.748648E-05  1.945160E-06  4.106167E-03  1.048056E-06  3.705290E-06  1.745084E-07  7.085524E-02  1.542761E-05  3.113150E-07  2.679950E-07  1.074857E-03  1.461605E-03  2.715021E-05  1.389652E-05  1.776541E-05  3.807462E-06
 2.991500E+02  1.629856E-01  5.627094E-05  3.880237E-09  5.134067E-09  5.722156E-09  6.874494E-09  4.457711E-01  9.244548E-04  9.731300E-06  3.118625E-01  1.863535E-03  5.410312E-05  1.890789E-06  4.032309E-03  9.921892E-07  3.517381E-06  1.676404E-07  6.986775E-02  1.470614E-05  3.012009E-07  2.591003E-07  1.056013E-03  1.435946E-03  2.551395E-05  1.303301E-05  1.666731E-05  3.615121E-06
 3.001500E+02  1.635076E-01  5.579808E-05  3.765769E-09  4.984011E-09  5.555253E-09  6.675741E-09  4.458495E-01  9.064513E-04  9.109861E-06  3.124048E-01  1.833430E-03  5.093740E-05  1.838230E-06  3.960171E-03  9.396410E-07  3.340154E-06  1.610793E-07  6.889754E-02  1.402218E-05  2.914615E-07  2.505416E-07  1.037616E-03  1.410897E-03  2.398585E-05  1.222849E-05  1.564388E-05  3.433590E-06
 3.011500E+02  1.640203E-01  5.532884E-05  3.655116E-09  4.838912E-09  5.393852E-09  6.483486E-09  4.459258E-01  8.889304E-04  8.532132E-06  3.129371E-01  1.803957E-03  4.797424E-05  1.787416E-06  3.889711E-03  8.901963E-07  3.172945E-06  1.548102E-07  6.794431E-02  1.337363E-05  2.820817E-07  2.423052E-07  1.019653E-03  1.386441E-03  2.255819E-05  1.147859E-05  1.468961E-05  3.262208E-06
 3.021500E+02  1.645238E-01  5.486329E-05  3.548144E-09  4.698597E-09  5.237762E-09  6.297504E-09  4.460002E-01  8.718763E-04  7.994778E-06  3.134597E-01  1.775103E-03  4.519967E-05  1.738283E-06  3.820882E-03  8.436549E-07  3.015132E-06  1.488189E-07  6.700779E-02  1.275848E-05  2.730471E-07  2.343778E-07  1.002113E-03  1.362563E-03  2.122381E-05  1.077929E-05  1.379944E-05  3.100356E-06
 3.031500E+02  1.650182E-01  5.440150E-05  3.444724E-09  4.562900E-09  5.086799E-09  6.117580E-09  4.460728E-01  8.552739E-04  7.494733E-06  3.139726E-01  1.746851E-03  4.260074E-05  1.690767E-06  3.753642E-03  7.998302E-07  2.866135E-06  1.430917E-07  6.608768E-02  1.217487E-05  2.643439E-07  2.267470E-07  9.849827E-04  1.339244E-03  1.997613E-05  1.012690E-05  1.296870E-05  2.947455E-06
 3.041500E+02  1.655038E-01  5.394352E-05  3.344730E-09  4.431660E-09  4.940786E-09  5.943506E-09  4.461435E-01  8.391085E-04  7.029183E-06  3.144762E-01  1.719188E-03  4.016546E-05  1.644809E-06  3.687949E-03  7.585488E-07  2.725413E-06  1.376158E-07  6.518371E-02  1.162103E-05  2.559590E-07  2.194007E-07  9.682517E-04  1.316471E-03  1.880906E-05  9.517991E-06  1.219307E-05  2.802966E-06
 3.051500E+02  1.659807E-01  5.348942E-05  3.248043E-09  4.304722E-09  4.799550E-09  5.775082E-09  4.462124E-01  8.233661E-04  6.595542E-06  3.149705E-01  1.692101E-03  3.788271E-05  1.600352E-06  3.623764E-03  7.196491E-07  2.592462E-06  1.323793E-07  6.429559E-02  1.109532E-05  2.478797E-07  2.123272E-07  9.519086E-04  1.294227E-03  1.771694E-05  8.949427E-06  1.146860E-05  2.666384E-06
 3.061500E+02  1.664491E-01  5.303923E-05  3.154547E-09  4.181937E-09  4.662925E-09  5.612111E-09  4.462797E-01  8.080333E-04  6.191434E-06  3.154558E-01  1.665574E-03  3.574218E-05  1.557340E-06  3.561045E-03  6.829808E-07  2.466810E-06  1.273704E-07  6.342304E-02  1.059617E-05  2.400938E-07  2.055156E-07  9.359426E-04  1.272497E-03  1.669457E-05  8.418305E-06  1.079161E-05  2.537235E-06
 3.071500E+02  1.669091E-01  5.259300E-05  3.064129E-09  4.063160E-09  4.530751E-09  5.454408E-09  4.463453E-01  7.930971E-04  5.814670E-06  3.159322E-01  1.639597E-03  3.373429E-05  1.515720E-06  3.499755E-03  6.484035E-07  2.348016E-06  1.225784E-07  6.256581E-02  1.012212E-05  2.325896E-07  1.989552E-07  9.203435E-04  1.251269E-03  1.573713E-05  7.921946E-06  1.015872E-05  2.415078E-06
 3.081500E+02  1.673608E-01  5.215076E-05  2.976680E-09  3.948250E-09  4.402874E-09  5.301789E-09  4.464092E-01  7.785448E-04  5.463238E-06  3.164000E-01  1.614154E-03  3.185016E-05  1.475442E-06  3.439857E-03  6.157867E-07  2.235669E-06  1.179929E-07  6.172360E-02  9.671798E-06  2.253561E-07  1.926360E-07  9.051011E-04  1.230527E-03  1.484013E-05  7.457879E-06  9.566821E-06  2.299499E-06
 3.091500E+02  1.678045E-01  5.171256E-05  2.892098E-09  3.837075E-09  4.279144E-09  5.154081E-09  4.464717E-01  7.643645E-04  5.135284E-06  3.168592E-01  1.589234E-03  3.008156E-05  1.436456E-06  3.381313E-03  5.850085E-07  2.129383E-06  1.136040E-07  6.089616E-02  9.243905E-06  2.183826E-07  1.865482E-07  8.902056E-04  1.210259E-03  1.399945E-05  7.023822E-06  9.013014E-06  2.190110E-06
 3.101500E+02  1.682402E-01  5.127842E-05  2.810280E-09  3.729503E-09  4.159417E-09  5.011114E-09  4.465326E-01  7.505444E-04  4.829102E-06  3.173101E-01  1.564825E-03  2.842082E-05  1.398716E-06  3.324090E-03  5.559551E-07  2.028799E-06  1.094025E-07  6.008322E-02  8.837221E-06  2.116588E-07  1.806826E-07  8.756475E-04  1.190451E-03  1.321125E-05  6.617664E-06  8.494638E-06  2.086549E-06
 3.111500E+02  1.686682E-01  5.084836E-05  2.731130E-09  3.625410E-09  4.043555E-09  4.872725E-09  4.465921E-01  7.370735E-04  4.543116E-06  3.177529E-01  1.540914E-03  2.686083E-05  1.362176E-06  3.268152E-03  5.285205E-07  1.933579E-06  1.053795E-07  5.928452E-02  8.450597E-06  2.051750E-07  1.750302E-07  8.614178E-04  1.171091E-03  1.247198E-05  6.237456E-06  8.009225E-06  1.988475E-06
 3.121500E+02  1.690885E-01  5.042240E-05  2.654554E-09  3.524674E-09  3.931422E-09  4.738756E-09  4.466501E-01  7.239409E-04  4.275877E-06  3.181876E-01  1.517490E-03  2.539497E-05  1.326794E-06  3.213466E-03  5.026057E-07  1.843408E-06  1.015266E-07  5.849981E-02  8.082951E-06  1.989216E-07  1.695826E-07  8.475076E-04  1.152166E-03  1.177833E-05  5.881394E-06  7.554496E-06  1.895570E-06
 3.131500E+02  1.695013E-01  5.000056E-05  2.580462E-09  3.427178E-09  3.822890E-09  4.609055E-09  4.467068E-01  7.111361E-04  4.026045E-06  3.186144E-01  1.494542E-03  2.401709E-05  1.292527E-06  3.160001E-03  4.781183E-07  1.757990E-06  9.783583E-08  5.772882E-02  7.733264E-06  1.928898E-07  1.643316E-07  8.339081E-04  1.133666E-03  1.112725E-05  5.547809E-06  7.128337E-06  1.807536E-06
 3.141500E+02  1.699068E-01  4.958286E-05  2.508767E-09  3.332810E-09  3.717834E-09  4.483476E-09  4.467621E-01  6.986492E-04  3.792385E-06  3.190336E-01  1.472058E-03  2.272149E-05  1.259336E-06  3.107723E-03  4.549717E-07  1.677051E-06  9.429968E-08  5.697131E-02  7.400576E-06  1.870708E-07  1.592693E-07  8.206111E-04  1.115578E-03  1.051591E-05  5.235158E-06  6.728795E-06  1.724092E-06
 3.151500E+02  1.703051E-01  4.916930E-05  2.439384E-09  3.241462E-09  3.616133E-09  4.361877E-09  4.468161E-01  6.864704E-04  3.573754E-06  3.194452E-01  1.450028E-03  2.150283E-05  1.227183E-06  3.056603E-03  4.330854E-07  1.600329E-06  9.091096E-08  5.622704E-02  7.083982E-06  1.814564E-07  1.543883E-07  8.076085E-04  1.097892E-03  9.941664E-06  4.942010E-06  6.354059E-06  1.644976E-06
 3.161500E+02  1.706963E-01  4.875988E-05  2.372234E-09  3.153029E-09  3.517672E-09  4.244121E-09  4.468689E-01  6.745904E-04  3.369099E-06  3.198494E-01  1.428440E-03  2.035616E-05  1.196030E-06  3.006611E-03  4.123839E-07  1.527583E-06  8.766283E-08  5.549575E-02  6.782628E-06  1.760387E-07  1.496815E-07  7.948924E-04  1.080596E-03  9.402070E-06  4.667039E-06  6.002449E-06  1.569942E-06
 3.171500E+02  1.710806E-01  4.835461E-05  2.307238E-09  3.067409E-09  3.422337E-09  4.130077E-09  4.469204E-01  6.630003E-04  3.177445E-06  3.202464E-01  1.407286E-03  1.927688E-05  1.165843E-06  2.957718E-03  3.927965E-07  1.458585E-06  8.454884E-08  5.477720E-02  6.495711E-06  1.708100E-07  1.451420E-07  7.824553E-04  1.063680E-03  8.894854E-06  4.409018E-06  5.672411E-06  1.498757E-06
 3.181500E+02  1.714581E-01  4.795350E-05  2.244320E-09  2.984506E-09  3.330022E-09  4.019616E-09  4.469708E-01  6.516912E-04  2.997890E-06  3.206362E-01  1.386554E-03  1.826069E-05  1.136586E-06  2.909896E-03  3.742574E-07  1.393122E-06  8.156281E-08  5.407117E-02  6.222471E-06  1.657630E-07  1.407631E-07  7.702896E-04  1.047135E-03  8.417903E-06  4.166807E-06  5.362501E-06  1.431206E-06
 3.191500E+02  1.718289E-01  4.755653E-05  2.183409E-09  2.904225E-09  3.240622E-09  3.912618E-09  4.470200E-01  6.406549E-04  2.829600E-06  3.210191E-01  1.366235E-03  1.730359E-05  1.108228E-06  2.863117E-03  3.567047E-07  1.330993E-06  7.869890E-08  5.337742E-02  5.962193E-06  1.608908E-07  1.365387E-07  7.583884E-04  1.030949E-03  7.969252E-06  3.939351E-06  5.071379E-06  1.367085E-06
 3.201500E+02  1.721932E-01  4.716370E-05  2.124434E-09  2.826476E-09  3.154036E-09  3.808962E-09  4.470681E-01  6.298832E-04  2.671804E-06  3.213952E-01  1.346319E-03  1.640186E-05  1.080737E-06  2.817355E-03  3.400806E-07  1.272011E-06  7.595157E-08  5.269571E-02  5.714201E-06  1.561867E-07  1.324626E-07  7.467446E-04  1.015115E-03  7.547074E-06  3.725670E-06  4.797804E-06  1.306201E-06
 3.211500E+02  1.725510E-01  4.677501E-05  2.067328E-09  2.751171E-09  3.070168E-09  3.708536E-09  4.471151E-01  6.193683E-04  2.523787E-06  3.217646E-01  1.326798E-03  1.555200E-05  1.054082E-06  2.772585E-03  3.243309E-07  1.215998E-06  7.331551E-08  5.202583E-02  5.477859E-06  1.516441E-07  1.285291E-07  7.353515E-04  9.996225E-04  7.149667E-06  3.524852E-06  4.540620E-06  1.248376E-06
 3.221500E+02  1.729026E-01  4.639044E-05  2.012026E-09  2.678227E-09  2.988924E-09  3.611228E-09  4.471610E-01  6.091027E-04  2.384887E-06  3.221274E-01  1.307661E-03  1.475079E-05  1.028235E-06  2.728780E-03  3.094050E-07  1.162791E-06  7.078572E-08  5.136755E-02  5.252565E-06  1.472570E-07  1.247326E-07  7.242026E-04  9.844626E-04  6.775448E-06  3.336053E-06  4.298756E-06  1.193440E-06
 3.231500E+02  1.732479E-01  4.600998E-05  1.958466E-09  2.607562E-09  2.910215E-09  3.516933E-09  4.472059E-01  5.990790E-04  2.254489E-06  3.224838E-01  1.288901E-03  1.399520E-05  1.003168E-06  2.685916E-03  2.952554E-07  1.112232E-06  6.835742E-08  5.072066E-02  5.037750E-06  1.430194E-07  1.210679E-07  7.132915E-04  9.696268E-04  6.422944E-06  3.158488E-06  4.071213E-06  1.141233E-06
 3.241500E+02  1.735873E-01  4.563362E-05  1.906587E-09  2.539098E-09  2.833952E-09  3.425549E-09  4.472499E-01  5.892903E-04  2.132024E-06  3.228339E-01  1.270508E-03  1.328240E-05  9.788533E-07  2.643971E-03  2.818374E-07  1.064176E-06  6.602606E-08  5.008493E-02  4.832879E-06  1.389257E-07  1.175299E-07  7.026122E-04  9.551067E-04  6.090781E-06  2.991427E-06  3.857067E-06  1.091608E-06
 3.251500E+02  1.739207E-01  4.526134E-05  1.856332E-09  2.472759E-09  2.760053E-09  3.336976E-09  4.472928E-01  5.797297E-04  2.016965E-06  3.231778E-01  1.252474E-03  1.260977E-05  9.552654E-07  2.602920E-03  2.691093E-07  1.018485E-06  6.378732E-08  4.946016E-02  4.637443E-06  1.349704E-07  1.141136E-07  6.921585E-04  9.408940E-04  5.777680E-06  2.834191E-06  3.655454E-06  1.044422E-06
 3.261500E+02  1.742482E-01  4.489312E-05  1.807643E-09  2.408473E-09  2.688437E-09  3.251118E-09  4.473348E-01  5.703907E-04  1.908822E-06  3.235157E-01  1.234791E-03  1.197483E-05  9.323794E-07  2.562741E-03  2.570319E-07  9.750313E-07  6.163709E-08  4.884615E-02  4.450966E-06  1.311483E-07  1.108145E-07  6.819249E-04  9.269810E-04  5.482446E-06  2.686147E-06  3.465573E-06  9.995440E-07
 3.271500E+02  1.745701E-01  4.452895E-05  1.760468E-09  2.346170E-09  2.619026E-09  3.167885E-09  4.473758E-01  5.612670E-04  1.807139E-06  3.238476E-01  1.217451E-03  1.137530E-05  9.101714E-07  2.523412E-03  2.455686E-07  9.336920E-07  5.957146E-08  4.824268E-02  4.272993E-06  1.274544E-07  1.076280E-07  6.719055E-04  9.133599E-04  5.203969E-06  2.546710E-06  3.286677E-06  9.568493E-07
 3.281500E+02  1.748863E-01  4.416879E-05  1.714754E-09  2.285782E-09  2.551745E-09  3.087188E-09  4.474160E-01  5.523523E-04  1.711494E-06  3.241738E-01  1.200446E-03  1.080902E-05  8.886183E-07  2.484912E-03  2.346847E-07  8.943534E-07  5.758671E-08  4.764956E-02  4.103097E-06  1.238838E-07  1.045498E-07  6.620950E-04  9.000232E-04  4.941209E-06  2.415332E-06  3.118071E-06  9.162207E-07
 3.291500E+02  1.751971E-01  4.381264E-05  1.670452E-09  2.227244E-09  2.486522E-09  3.008941E-09  4.474553E-01  5.436407E-04  1.621494E-06  3.244942E-01  1.183769E-03  1.027398E-05  8.676979E-07  2.447221E-03  2.243479E-07  8.569078E-07  5.567928E-08  4.706658E-02  3.940874E-06  1.204320E-07  1.015758E-07  6.524881E-04  8.869638E-04  4.693199E-06  2.291502E-06  2.959107E-06  8.775476E-07
 3.301500E+02  1.755025E-01  4.346045E-05  1.627512E-09  2.170493E-09  2.423287E-09  2.933061E-09  4.474938E-01  5.351267E-04  1.536775E-06  3.248090E-01  1.167412E-03  9.768312E-06  8.473888E-07  2.410318E-03  2.145277E-07  8.212541E-07  5.384580E-08  4.649357E-02  3.785941E-06  1.170946E-07  9.870210E-08  6.430797E-04  8.741745E-04  4.459034E-06  2.174748E-06  2.809180E-06  8.407262E-07
 3.311500E+02  1.758026E-01  4.311222E-05  1.585889E-09  2.115469E-09  2.361972E-09  2.859469E-09  4.475314E-01  5.268044E-04  1.456996E-06  3.251184E-01  1.151367E-03  9.290255E-06  8.276705E-07  2.374184E-03  2.051956E-07  7.872969E-07  5.208307E-08  4.593033E-02  3.637936E-06  1.138672E-07  9.592487E-08  6.338646E-04  8.616487E-04  4.237870E-06  2.064626E-06  2.667730E-06  8.056585E-07
 3.321500E+02  1.760976E-01  4.276791E-05  1.545537E-09  2.062112E-09  2.302513E-09  2.788089E-09  4.475682E-01  5.186688E-04  1.381842E-06  3.254224E-01  1.135629E-03  8.838166E-06  8.085233E-07  2.338800E-03  1.963248E-07  7.549465E-07  5.038801E-08  4.537666E-02  3.496518E-06  1.107459E-07  9.324050E-08  6.248382E-04  8.493797E-04  4.028918E-06  1.960723E-06  2.534230E-06  7.722520E-07
 3.331500E+02  1.763875E-01  4.242749E-05  1.506413E-09  2.010368E-09  2.244847E-09  2.718846E-09  4.476042E-01  5.107144E-04  1.311019E-06  3.257212E-01  1.120189E-03  8.410507E-06  7.899280E-07  2.304148E-03  1.878899E-07  7.241183E-07  4.875771E-08  4.483240E-02  3.361361E-06  1.077267E-07  9.064549E-08  6.159957E-04  8.373610E-04  3.831440E-06  1.862655E-06  2.408190E-06  7.404199E-07
 3.341500E+02  1.766724E-01  4.209094E-05  1.468476E-09  1.960181E-09  2.188914E-09  2.651670E-09  4.476395E-01  5.029364E-04  1.244252E-06  3.260148E-01  1.105042E-03  8.005839E-06  7.718663E-07  2.270208E-03  1.798672E-07  6.947325E-07  4.718940E-08  4.429735E-02  3.232159E-06  1.048058E-07  8.813650E-08  6.073325E-04  8.255864E-04  3.644748E-06  1.770063E-06  2.289155E-06  7.100799E-07
 3.351500E+02  1.769524E-01  4.175823E-05  1.431686E-09  1.911500E-09  2.134656E-09  2.586490E-09  4.476740E-01  4.953299E-04  1.181288E-06  3.263034E-01  1.090180E-03  7.622814E-06  7.543206E-07  2.236965E-03  1.722345E-07  6.667141E-07  4.568041E-08  4.377135E-02  3.108622E-06  1.019797E-07  8.571033E-08  5.988442E-04  8.140499E-04  3.468197E-06  1.682612E-06  2.176696E-06  6.811546E-07
 3.361500E+02  1.772276E-01  4.142932E-05  1.396003E-09  1.864273E-09  2.082017E-09  2.523242E-09  4.477078E-01  4.878902E-04  1.121888E-06  3.265870E-01  1.075598E-03  7.260167E-06  7.372738E-07  2.204401E-03  1.649706E-07  6.399921E-07  4.422823E-08  4.325422E-02  2.990474E-06  9.924494E-08  8.336391E-08  5.905265E-04  8.027456E-04  3.301185E-06  1.599989E-06  2.070416E-06  6.535709E-07
 3.371500E+02  1.774982E-01  4.110419E-05  1.361391E-09  1.818452E-09  2.030943E-09  2.461860E-09  4.477409E-01  4.806127E-04  1.065831E-06  3.268657E-01  1.061289E-03  6.916716E-06  7.207095E-07  2.172499E-03  1.580558E-07  6.144996E-07  4.283046E-08  4.274579E-02  2.877456E-06  9.659809E-08  8.109427E-08  5.823752E-04  7.916677E-04  3.143147E-06  1.521901E-06  1.969942E-06  6.272600E-07
 3.381500E+02  1.777641E-01  4.078279E-05  1.327813E-09  1.773991E-09  1.981381E-09  2.402284E-09  4.477734E-01  4.734931E-04  1.012910E-06  3.271397E-01  1.047247E-03  6.591350E-06  7.046120E-07  2.141243E-03  1.514715E-07  5.901737E-07  4.148478E-08  4.224590E-02  2.769319E-06  9.403601E-08  7.889860E-08  5.743861E-04  7.808106E-04  2.993555E-06  1.448076E-06  1.874925E-06  6.021566E-07
 3.391500E+02  1.780256E-01  4.046511E-05  1.295235E-09  1.730844E-09  1.933282E-09  2.344454E-09  4.478051E-01  4.665270E-04  9.629324E-07  3.274090E-01  1.033466E-03  6.283029E-06  6.889659E-07  2.110618E-03  1.452001E-07  5.669547E-07  4.018903E-08  4.175437E-02  2.665832E-06  9.155565E-08  7.677416E-08  5.665554E-04  7.701691E-04  2.851915E-06  1.378257E-06  1.785041E-06  5.781994E-07
 3.401500E+02  1.782826E-01  4.015111E-05  1.263623E-09  1.688967E-09  1.886597E-09  2.288312E-09  4.478362E-01  4.597105E-04  9.157181E-07  3.276738E-01  1.019940E-03  5.990777E-06  6.737568E-07  2.080609E-03  1.392252E-07  5.447864E-07  3.894110E-08  4.127106E-02  2.566771E-06  8.915405E-08  7.471835E-08  5.588793E-04  7.597379E-04  2.717763E-06  1.312207E-06  1.699984E-06  5.553303E-07
 3.411500E+02  1.785353E-01  3.984075E-05  1.232945E-09  1.648319E-09  1.841279E-09  2.233802E-09  4.478667E-01  4.530394E-04  8.710994E-07  3.279341E-01  1.006664E-03  5.713679E-06  6.589703E-07  2.051200E-03  1.335311E-07  5.236159E-07  3.773901E-08  4.079580E-02  2.471926E-06  8.682838E-08  7.272867E-08  5.513539E-04  7.495117E-04  2.590666E-06  1.249702E-06  1.619470E-06  5.334943E-07
 3.421500E+02  1.787837E-01  3.953400E-05  1.203170E-09  1.608859E-09  1.797283E-09  2.180872E-09  4.478965E-01  4.465099E-04  8.289191E-07  3.281899E-01  9.936326E-04  5.450875E-06  6.445929E-07  2.022377E-03  1.281032E-07  5.033928E-07  3.658085E-08  4.032845E-02  2.381099E-06  8.457592E-08  7.080271E-08  5.439757E-04  7.394858E-04  2.470217E-06  1.190533E-06  1.543232E-06  5.126398E-07
 3.431500E+02  1.790280E-01  3.923083E-05  1.174269E-09  1.570547E-09  1.754566E-09  2.129470E-09  4.479257E-01  4.401182E-04  7.890308E-07  3.284415E-01  9.808397E-04  5.201559E-06  6.306115E-07  1.994127E-03  1.229276E-07  4.840699E-07  3.546482E-08  3.986884E-02  2.294099E-06  8.239407E-08  6.893815E-08  5.367410E-04  7.296553E-04  2.356034E-06  1.134505E-06  1.471021E-06  4.927176E-07
 3.441500E+02  1.792682E-01  3.893120E-05  1.146212E-09  1.533347E-09  1.713086E-09  2.079546E-09  4.479544E-01  4.338608E-04  7.512974E-07  3.286889E-01  9.682805E-04  4.964973E-06  6.170133E-07  1.966436E-03  1.179913E-07  4.656023E-07  3.438917E-08  3.941684E-02  2.210748E-06  8.028032E-08  6.713279E-08  5.296466E-04  7.200155E-04  2.247759E-06  1.081433E-06  1.402602E-06  4.736814E-07
 3.451500E+02  1.795044E-01  3.863507E-05  1.118971E-09  1.497221E-09  1.672803E-09  2.031052E-09  4.479824E-01  4.277342E-04  7.155907E-07  3.289321E-01  9.559499E-04  4.740405E-06  6.037862E-07  1.939289E-03  1.132820E-07  4.479477E-07  3.335226E-08  3.897229E-02  2.130876E-06  7.823224E-08  6.538449E-08  5.226890E-04  7.105618E-04  2.145058E-06  1.031147E-06  1.337757E-06  4.554875E-07
 3.461500E+02  1.797367E-01  3.834241E-05  1.092520E-09  1.462134E-09  1.633677E-09  1.983942E-09  4.480100E-01  4.217348E-04  6.817908E-07  3.291713E-01  9.438428E-04  4.527187E-06  5.909185E-07  1.912676E-03  1.087880E-07  4.310662E-07  3.235251E-08  3.853506E-02  2.054321E-06  7.624753E-08  6.369120E-08  5.158650E-04  7.012899E-04  2.047615E-06  9.834856E-07  1.276280E-06  4.380943E-07
 3.471500E+02  1.799651E-01  3.805319E-05  1.066832E-09  1.428054E-09  1.595670E-09  1.938170E-09  4.480369E-01  4.158595E-04  6.497857E-07  3.294064E-01  9.319544E-04  4.324690E-06  5.783986E-07  1.886582E-03  1.044984E-07  4.149196E-07  3.138841E-08  3.810500E-02  1.980929E-06  7.432396E-08  6.205097E-08  5.091715E-04  6.921954E-04  1.955134E-06  9.382982E-07  1.217978E-06  4.214627E-07
 3.481500E+02  1.801897E-01  3.776737E-05  1.041884E-09  1.394946E-09  1.558747E-09  1.893695E-09  4.480634E-01  4.101049E-04  6.194702E-07  3.296377E-01  9.202801E-04  4.132323E-06  5.662158E-07  1.860995E-03  1.004028E-07  3.994724E-07  3.045851E-08  3.768198E-02  1.910556E-06  7.245938E-08  6.046189E-08  5.026053E-04  6.832741E-04  1.867338E-06  8.954435E-07  1.162671E-06  4.055555E-07
 3.491500E+02  1.804106E-01  3.748491E-05  1.017649E-09  1.362780E-09  1.522872E-09  1.850474E-09  4.480893E-01  4.044681E-04  5.907462E-07  3.298652E-01  9.088150E-04  3.949532E-06  5.543594E-07  1.835905E-03  9.649143E-08  3.846905E-07  2.956145E-08  3.726586E-02  1.843062E-06  7.065173E-08  5.892216E-08  4.961635E-04  6.745220E-04  1.783966E-06  8.547888E-07  1.110189E-06  3.903375E-07
 3.501500E+02  1.806279E-01  3.720578E-05  9.941065E-10  1.331525E-09  1.488012E-09  1.808467E-09  4.481147E-01  3.989460E-04  5.635214E-07  3.300889E-01  8.975549E-04  3.775792E-06  5.428191E-07  1.811299E-03  9.275508E-08  3.705418E-07  2.869591E-08  3.685652E-02  1.778316E-06  6.889904E-08  5.743003E-08  4.898432E-04  6.659351E-04  1.704772E-06  8.162098E-07  1.060374E-06  3.757756E-07
 3.511500E+02  1.808416E-01  3.692993E-05  9.712327E-10  1.301152E-09  1.454135E-09  1.767636E-09  4.481396E-01  3.935356E-04  5.377095E-07  3.303089E-01  8.864952E-04  3.610613E-06  5.315853E-07  1.787165E-03  8.918498E-08  3.569959E-07  2.786062E-08  3.645382E-02  1.716194E-06  6.719939E-08  5.598383E-08  4.836416E-04  6.575096E-04  1.629528E-06  7.795897E-07  1.013075E-06  3.618381E-07
 3.521500E+02  1.810519E-01  3.665735E-05  9.490063E-10  1.271633E-09  1.421207E-09  1.727942E-09  4.481640E-01  3.882343E-04  5.132298E-07  3.305253E-01  8.756316E-04  3.453532E-06  5.206483E-07  1.763493E-03  8.577288E-08  3.440240E-07  2.705440E-08  3.605764E-02  1.656576E-06  6.555096E-08  5.458194E-08  4.775559E-04  6.492417E-04  1.558015E-06  7.448190E-07  9.681539E-07  3.484952E-07
 3.531500E+02  1.812587E-01  3.638798E-05  9.274064E-10  1.242940E-09  1.389200E-09  1.689350E-09  4.481880E-01  3.830391E-04  4.900062E-07  3.307382E-01  8.649601E-04  3.304112E-06  5.099991E-07  1.740273E-03  8.251098E-08  3.315988E-07  2.627608E-08  3.566785E-02  1.599351E-06  6.395198E-08  5.322282E-08  4.715834E-04  6.411278E-04  1.490030E-06  7.117946E-07  9.254774E-07  3.357186E-07
 3.541500E+02  1.814621E-01  3.612179E-05  9.064129E-10  1.215046E-09  1.358084E-09  1.651826E-09  4.482115E-01  3.779474E-04  4.679677E-07  3.309476E-01  8.544764E-04  3.161943E-06  4.996287E-07  1.717493E-03  7.939188E-08  3.196945E-07  2.552457E-08  3.528434E-02  1.544410E-06  6.240076E-08  5.190497E-08  4.657216E-04  6.331644E-04  1.425382E-06  6.804199E-07  8.849221E-07  3.234815E-07
 3.551500E+02  1.816623E-01  3.585875E-05  8.860063E-10  1.187927E-09  1.327830E-09  1.615334E-09  4.482345E-01  3.729567E-04  4.470475E-07  3.311536E-01  8.441767E-04  3.026639E-06  4.895286E-07  1.695144E-03  7.640861E-08  3.082865E-07  2.479883E-08  3.490698E-02  1.491652E-06  6.089566E-08  5.062697E-08  4.599679E-04  6.253479E-04  1.363890E-06  6.506039E-07  8.463717E-07  3.117584E-07
 3.561500E+02  1.818592E-01  3.559883E-05  8.661680E-10  1.161558E-09  1.298411E-09  1.579843E-09  4.482572E-01  3.680645E-04  4.271829E-07  3.313563E-01  8.340569E-04  2.897836E-06  4.796906E-07  1.673216E-03  7.355454E-08  2.973515E-07  2.409783E-08  3.453566E-02  1.440981E-06  5.943512E-08  4.938744E-08  4.543198E-04  6.176751E-04  1.305384E-06  6.222612E-07  8.097168E-07  3.005252E-07
 3.571500E+02  1.820529E-01  3.534197E-05  8.468799E-10  1.135915E-09  1.269802E-09  1.545322E-09  4.482793E-01  3.632683E-04  4.083150E-07  3.315557E-01  8.241134E-04  2.775190E-06  4.701067E-07  1.651698E-03  7.082342E-08  2.868677E-07  2.342063E-08  3.417027E-02  1.392303E-06  5.801762E-08  4.818505E-08  4.487750E-04  6.101426E-04  1.249706E-06  5.953115E-07  7.748544E-07  2.897590E-07
 3.581500E+02  1.822435E-01  3.508816E-05  8.281245E-10  1.110976E-09  1.241976E-09  1.511740E-09  4.483011E-01  3.585657E-04  3.903886E-07  3.317519E-01  8.143423E-04  2.658377E-06  4.607693E-07  1.630583E-03  6.820933E-08  2.768139E-07  2.276631E-08  3.381069E-02  1.345530E-06  5.664171E-08  4.701852E-08  4.433311E-04  6.027473E-04  1.196703E-06  5.696792E-07  7.416877E-07  2.794382E-07
 3.591500E+02  1.824311E-01  3.483735E-05  8.098850E-10  1.086717E-09  1.214909E-09  1.479068E-09  4.483225E-01  3.539545E-04  3.733517E-07  3.319449E-01  8.047402E-04  2.547093E-06  4.516708E-07  1.609860E-03  6.570665E-08  2.671704E-07  2.213397E-08  3.345681E-02  1.300580E-06  5.530599E-08  4.588664E-08  4.379858E-04  5.954860E-04  1.146235E-06  5.452931E-07  7.101255E-07  2.695420E-07
 3.601500E+02  1.826157E-01  3.458951E-05  7.921451E-10  1.063119E-09  1.188577E-09  1.447277E-09  4.483434E-01  3.494324E-04  3.571556E-07  3.321349E-01  7.953033E-04  2.441049E-06  4.428041E-07  1.589521E-03  6.331006E-08  2.579184E-07  2.152278E-08  3.310852E-02  1.257373E-06  5.400911E-08  4.478822E-08  4.327369E-04  5.883559E-04  1.098167E-06  5.220863E-07  6.800820E-07  2.600511E-07
 3.611500E+02  1.827973E-01  3.434460E-05  7.748891E-10  1.040160E-09  1.162957E-09  1.416340E-09  4.483640E-01  3.449973E-04  3.417542E-07  3.323219E-01  7.860284E-04  2.339973E-06  4.341622E-07  1.569557E-03  6.101453E-08  2.490399E-07  2.093193E-08  3.276573E-02  1.215833E-06  5.274978E-08  4.372213E-08  4.275823E-04  5.813538E-04  1.052374E-06  4.999958E-07  6.514765E-07  2.509467E-07
 3.621500E+02  1.829761E-01  3.410258E-05  7.581020E-10  1.017820E-09  1.138027E-09  1.386232E-09  4.483842E-01  3.406471E-04  3.271046E-07  3.325058E-01  7.769120E-04  2.243610E-06  4.257385E-07  1.549959E-03  5.881529E-08  2.405179E-07  2.036065E-08  3.242833E-02  1.175888E-06  5.152674E-08  4.268728E-08  4.225199E-04  5.744770E-04  1.008736E-06  4.789622E-07  6.242327E-07  2.422112E-07
 3.631500E+02  1.831520E-01  3.386343E-05  7.417689E-10  9.960804E-10  1.113767E-09  1.356926E-09  4.484040E-01  3.363797E-04  3.131659E-07  3.326869E-01  7.679508E-04  2.151718E-06  4.175266E-07  1.530721E-03  5.670779E-08  2.323364E-07  1.980819E-08  3.209621E-02  1.137469E-06  5.033880E-08  4.168261E-08  4.175476E-04  5.677228E-04  9.671428E-07  4.589297E-07  5.982791E-07  2.338280E-07
 3.641500E+02  1.833252E-01  3.362711E-05  7.258759E-10  9.749225E-10  1.090154E-09  1.328397E-09  4.484235E-01  3.321931E-04  2.999002E-07  3.328651E-01  7.591416E-04  2.064067E-06  4.095200E-07  1.511832E-03  5.468776E-08  2.244800E-07  1.927385E-08  3.176928E-02  1.100511E-06  4.918478E-08  4.070711E-08  4.126634E-04  5.610883E-04  9.274873E-07  4.398454E-07  5.735478E-07  2.257810E-07
 3.651500E+02  1.834956E-01  3.339358E-05  7.104093E-10  9.543283E-10  1.067170E-09  1.300623E-09  4.484426E-01  3.280854E-04  2.872712E-07  3.330405E-01  7.504814E-04  1.980442E-06  4.017128E-07  1.493286E-03  5.275112E-08  2.169342E-07  1.875695E-08  3.144745E-02  1.064952E-06  4.806359E-08  3.975981E-08  4.078654E-04  5.545709E-04  8.896701E-07  4.216597E-07  5.499753E-07  2.180552E-07
 3.661500E+02  1.836634E-01  3.316281E-05  6.953559E-10  9.342806E-10  1.044794E-09  1.273580E-09  4.484613E-01  3.240548E-04  2.752453E-07  3.332131E-01  7.419669E-04  1.900639E-06  3.940992E-07  1.475075E-03  5.089401E-08  2.096850E-07  1.825684E-08  3.113061E-02  1.030731E-06  4.697413E-08  3.883977E-08  4.031517E-04  5.481681E-04  8.535969E-07  4.043259E-07  5.275013E-07  2.106362E-07
 3.671500E+02  1.838286E-01  3.293476E-05  6.807030E-10  9.147627E-10  1.023009E-09  1.247246E-09  4.484797E-01  3.200995E-04  2.637905E-07  3.333831E-01  7.335953E-04  1.824466E-06  3.866734E-07  1.457192E-03  4.911275E-08  2.027193E-07  1.777288E-08  3.081867E-02  9.977933E-07  4.591537E-08  3.794608E-08  3.985204E-04  5.418773E-04  8.191790E-07  3.877997E-07  5.060692E-07  2.035103E-07
 3.681500E+02  1.839912E-01  3.270941E-05  6.664383E-10  8.957582E-10  1.001796E-09  1.221599E-09  4.484978E-01  3.162175E-04  2.528766E-07  3.335503E-01  7.253636E-04  1.751740E-06  3.794300E-07  1.439630E-03  4.740388E-08  1.960247E-07  1.730449E-08  3.051155E-02  9.660836E-07  4.488632E-08  3.707788E-08  3.939699E-04  5.356962E-04  7.863322E-07  3.720394E-07  4.856254E-07  1.966645E-07
 3.691500E+02  1.841512E-01  3.248671E-05  6.525499E-10  8.772518E-10  9.811388E-10  1.196618E-09  4.485156E-01  3.124074E-04  2.424755E-07  3.337150E-01  7.172690E-04  1.682289E-06  3.723638E-07  1.422380E-03  4.576408E-08  1.895892E-07  1.685108E-08  3.020916E-02  9.355506E-07  4.388601E-08  3.623433E-08  3.894982E-04  5.296223E-04  7.549773E-07  3.570057E-07  4.661194E-07  1.900864E-07
 3.701500E+02  1.843088E-01  3.226664E-05  6.390263E-10  8.592282E-10  9.610193E-10  1.172285E-09  4.485330E-01  3.086673E-04  2.325603E-07  3.338772E-01  7.093086E-04  1.615950E-06  3.654695E-07  1.405438E-03  4.419021E-08  1.834014E-07  1.641211E-08  2.991140E-02  9.061454E-07  4.291351E-08  3.541462E-08  3.851037E-04  5.236533E-04  7.250392E-07  3.426615E-07  4.475035E-07  1.837643E-07
 3.711500E+02  1.844640E-01  3.204915E-05  6.258566E-10  8.416730E-10  9.414219E-10  1.148578E-09  4.485501E-01  3.049956E-04  2.231058E-07  3.340368E-01  7.014798E-04  1.552569E-06  3.587423E-07  1.388795E-03  4.267930E-08  1.774507E-07  1.598706E-08  2.961819E-02  8.778209E-07  4.196793E-08  3.461796E-08  3.807848E-04  5.177869E-04  6.964471E-07  3.289717E-07  4.297326E-07  1.776870E-07
 3.721500E+02  1.846167E-01  3.183423E-05  6.130299E-10  8.245719E-10  9.223307E-10  1.125481E-09  4.485670E-01  3.013908E-04  2.140884E-07  3.341940E-01  6.937799E-04  1.492001E-06  3.521774E-07  1.372445E-03  4.122851E-08  1.717266E-07  1.557540E-08  2.932945E-02  8.505326E-07  4.104841E-08  3.384362E-08  3.765398E-04  5.120210E-04  6.691339E-07  3.159033E-07  4.127642E-07  1.718438E-07
 3.731500E+02  1.847672E-01  3.162183E-05  6.005359E-10  8.079115E-10  9.037307E-10  1.102973E-09  4.485835E-01  2.978514E-04  2.054856E-07  3.343488E-01  6.862063E-04  1.434107E-06  3.457701E-07  1.356383E-03  3.983516E-08  1.662195E-07  1.517667E-08  2.904509E-02  8.242375E-07  4.015411E-08  3.309087E-08  3.723672E-04  5.063534E-04  6.430364E-07  3.034249E-07  3.965581E-07  1.662245E-07
