#         T/K            c1          c2-1          c3-4          c3-5          c3-7          c3-9            m1          m2-1          m3-1            w1            w2          w3-1          w3-2          c1m1        c1m2-1        c1m2-7        c2m1-1        c1w1-2        c1w2-1        c2w1-1        c2w1-9        m1w1-1        m1w1-4        m1w2-1        m2w1-1        m2w1-3      c1m1w1-1
 2.731500E+02  4.251218E-01  6.028235E-04  2.263206E-07  2.970513E-07  3.304931E-07  3.940720E-07  2.920416E-01  7.230070E-04  1.931967E-05  1.310116E-01  5.936682E-04  2.736166E-05  3.839133E-07  1.309308E-02  6.161480E-06  2.021777E-05  2.994067E-06  1.353945E-01  3.372078E-05  2.946173E-06  2.587052E-06  5.210062E-04  7.092299E-04  2.010364E-05  1.622604E-05  2.055050E-05  1.383217E-05
 2.741500E+02  4.262226E-01  5.945588E-04  2.170070E-07  2.849233E-07  3.170235E-07  3.781303E-07  2.922265E-01  7.060305E-04  1.783898E-05  1.319702E-01  5.877779E-04  2.581710E-05  3.763186E-07  1.278731E-02  5.757719E-06  1.895409E-05  2.841595E-06  1.335184E-01  3.208138E-05  2.833597E-06  2.486052E-06  5.125465E-04  6.976698E-04  1.884239E-05  1.509778E-05  1.912916E-05  1.303480E-05
 2.751500E+02  4.273053E-01  5.864537E-04  2.081375E-07  2.733699E-07  3.041910E-07  3.629378E-07  2.924057E-01  6.895733E-04  1.648154E-05  1.329150E-01  5.818826E-04  2.436343E-05  3.688335E-07  1.249074E-02  5.383109E-06  1.777789E-05  2.697914E-06  1.316690E-01  3.052729E-05  2.725848E-06  2.389471E-06  5.042389E-04  6.863193E-04  1.766547E-05  1.405419E-05  1.781396E-05  1.228764E-05
 2.761500E+02  4.283700E-01  5.785045E-04  1.996885E-07  2.623604E-07  2.919617E-07  3.484550E-07  2.925795E-01  6.736170E-04  1.523635E-05  1.338461E-01  5.759867E-04  2.299520E-05  3.614598E-07  1.220303E-02  5.035369E-06  1.668258E-05  2.562463E-06  1.298461E-01  2.905389E-05  2.622702E-06  2.297098E-06  4.960811E-04  6.751757E-04  1.656696E-05  1.308849E-05  1.659645E-05  1.158728E-05
 2.771500E+02  4.294170E-01  5.707077E-04  1.916376E-07  2.518661E-07  2.803038E-07  3.346447E-07  2.927480E-01  6.581438E-04  1.409344E-05  1.347636E-01  5.700938E-04  2.170727E-05  3.541990E-07  1.192389E-02  4.712409E-06  1.566211E-05  2.434723E-06  1.280496E-01  2.765679E-05  2.523945E-06  2.208736E-06  4.880714E-04  6.642360E-04  1.554137E-05  1.219449E-05  1.546890E-05  1.093059E-05
 2.781500E+02  4.304466E-01  5.630598E-04  1.839638E-07  2.418600E-07  2.691874E-07  3.214717E-07  2.929115E-01  6.431365E-04  1.304379E-05  1.356676E-01  5.642078E-04  2.049481E-05  3.470525E-07  1.165300E-02  4.412313E-06  1.471090E-05  2.314208E-06  1.262794E-01  2.633186E-05  2.429376E-06  2.124195E-06  4.802075E-04  6.534975E-04  1.458361E-05  1.136650E-05  1.442421E-05  1.031463E-05
 2.791500E+02  4.314589E-01  5.555575E-04  1.766473E-07  2.323166E-07  2.585843E-07  3.089031E-07  2.930700E-01  6.285789E-04  1.207923E-05  1.365581E-01  5.583322E-04  1.935330E-05  3.400212E-07  1.139009E-02  4.133324E-06  1.382384E-05  2.200467E-06  1.245351E-01  2.507518E-05  2.338801E-06  2.043296E-06  4.724875E-04  6.429571E-04  1.368894E-05  1.059933E-05  1.345587E-05  9.736688E-06
 2.801500E+02  4.324542E-01  5.481976E-04  1.696693E-07  2.232119E-07  2.484677E-07  2.969076E-07  2.932239E-01  6.144552E-04  1.119235E-05  1.374353E-01  5.524703E-04  1.827848E-05  3.331061E-07  1.113488E-02  3.873829E-06  1.299622E-05  2.093078E-06  1.228168E-01  2.388308E-05  2.252037E-06  1.965869E-06  4.649093E-04  6.326119E-04  1.285300E-05  9.888204E-06  1.255793E-05  9.194240E-06
 2.811500E+02  4.334327E-01  5.409767E-04  1.630123E-07  2.145231E-07  2.388127E-07  2.854559E-07  2.933732E-01  6.007500E-04  1.037641E-05  1.382994E-01  5.466253E-04  1.726634E-05  3.263076E-07  1.088711E-02  3.632350E-06  1.222368E-05  1.991649E-06  1.211240E-01  2.275206E-05  2.168911E-06  1.891753E-06  4.574708E-04  6.224589E-04  1.207172E-05  9.228746E-06  1.172492E-05  8.684939E-06
 2.821500E+02  4.343948E-01  5.338919E-04  1.566597E-07  2.062289E-07  2.295955E-07  2.745203E-07  2.935182E-01  5.874490E-04  9.625323E-06  1.391503E-01  5.408002E-04  1.631311E-05  3.196262E-07  1.064652E-02  3.407525E-06  1.150223E-05  1.895814E-06  1.194568E-01  2.167883E-05  2.089255E-06  1.820792E-06  4.501698E-04  6.124951E-04  1.134132E-05  8.616945E-06  1.095182E-05  8.206602E-06
 2.831500E+02  4.353406E-01  5.269401E-04  1.505959E-07  1.983093E-07  2.207939E-07  2.640746E-07  2.936590E-01  5.745380E-04  8.933530E-06  1.399882E-01  5.349979E-04  1.541527E-05  3.130620E-07  1.041286E-02  3.198107E-06  1.082819E-05  1.805230E-06  1.178147E-01  2.066029E-05  2.012914E-06  1.752841E-06  4.430041E-04  6.027175E-04  1.065830E-05  8.049117E-06  1.023401E-05  7.757202E-06
 2.841500E+02  4.362703E-01  5.201184E-04  1.448061E-07  1.907451E-07  2.123867E-07  2.540941E-07  2.937957E-01  5.620036E-04  8.295995E-06  1.408133E-01  5.292209E-04  1.456949E-05  3.066152E-07  1.018590E-02  3.002945E-06  1.019814E-05  1.719580E-06  1.161977E-01  1.969350E-05  1.939735E-06  1.687760E-06  4.359718E-04  5.931231E-04  1.001943E-05  7.521881E-06  9.567272E-06  7.334850E-06
 2.851500E+02  4.371842E-01  5.134239E-04  1.392764E-07  1.835184E-07  2.043541E-07  2.445554E-07  2.939284E-01  5.498328E-04  7.708134E-06  1.416257E-01  5.234719E-04  1.377266E-05  3.002854E-07  9.965420E-03  2.820984E-06  9.608958E-06  1.638564E-06  1.146055E-01  1.877569E-05  1.869577E-06  1.625418E-06  4.290705E-04  5.837088E-04  9.421676E-06  7.032130E-06  8.947705E-06  6.937789E-06
 2.861500E+02  4.380826E-01  5.068537E-04  1.339936E-07  1.766122E-07  1.966773E-07  2.354366E-07  2.940574E-01  5.380131E-04  7.165777E-06  1.424255E-01  5.177531E-04  1.302185E-05  2.940725E-07  9.751193E-03  2.651252E-06  9.057740E-06  1.561905E-06  1.130378E-01  1.790423E-05  1.802304E-06  1.565689E-06  4.222981E-04  5.744716E-04  8.862244E-06  6.577011E-06  8.371735E-06  6.564386E-06
 2.871500E+02  4.389656E-01  5.004053E-04  1.289453E-07  1.700106E-07  1.893384E-07  2.267167E-07  2.941827E-01  5.265325E-04  6.665127E-06  1.432129E-01  5.120668E-04  1.231430E-05  2.879760E-07  9.543013E-03  2.492852E-06  8.541811E-06  1.489344E-06  1.114943E-01  1.707665E-05  1.737785E-06  1.508453E-06  4.156526E-04  5.654086E-04  8.338533E-06  6.153898E-06  7.836075E-06  6.213117E-06
 2.881500E+02  4.398336E-01  4.940759E-04  1.241199E-07  1.636984E-07  1.823209E-07  2.183762E-07  2.943045E-01  5.153795E-04  6.202725E-06  1.439879E-01  5.064151E-04  1.164744E-05  2.819952E-07  9.340677E-03  2.344960E-06  8.058700E-06  1.420635E-06  1.099749E-01  1.629062E-05  1.675898E-06  1.453597E-06  4.091316E-04  5.565166E-04  7.848126E-06  5.760380E-06  7.337699E-06  5.882564E-06
 2.891500E+02  4.406866E-01  4.878630E-04  1.195062E-07  1.576614E-07  1.756087E-07  2.103964E-07  2.944229E-01  5.045429E-04  5.775419E-06  1.447508E-01  5.007999E-04  1.101882E-05  2.761296E-07  9.143992E-03  2.206816E-06  7.606121E-06  1.355553E-06  1.084792E-01  1.554392E-05  1.616525E-06  1.401011E-06  4.027332E-04  5.477928E-04  7.388778E-06  5.394236E-06  6.873824E-06  5.571407E-06
 2.901500E+02  4.415251E-01  4.817640E-04  1.150937E-07  1.518859E-07  1.691869E-07  2.027596E-07  2.945380E-01  4.940122E-04  5.380334E-06  1.455016E-01  4.952229E-04  1.042618E-05  2.703781E-07  8.952771E-03  2.077719E-06  7.181961E-06  1.293884E-06  1.070071E-01  1.483447E-05  1.559554E-06  1.350595E-06  3.964552E-04  5.392341E-04  6.958402E-06  5.053423E-06  6.441885E-06  5.278415E-06
 2.911500E+02  4.423491E-01  4.757764E-04  1.108726E-07  1.463592E-07  1.630413E-07  1.954493E-07  2.946499E-01  4.837770E-04  5.014845E-06  1.462406E-01  4.896860E-04  9.867374E-06  2.647401E-07  8.766833E-03  1.957021E-06  6.784265E-06  1.235430E-06  1.055581E-01  1.416030E-05  1.504880E-06  1.302248E-06  3.902954E-04  5.308377E-04  6.555059E-06  4.736060E-06  6.039522E-06  5.002439E-06
 2.921500E+02  4.431590E-01  4.698979E-04  1.068334E-07  1.410692E-07  1.571586E-07  1.884497E-07  2.947588E-01  4.738274E-04  4.676559E-06  1.469678E-01  4.841906E-04  9.340387E-06  2.592143E-07  8.586006E-03  1.844128E-06  6.411222E-06  1.180004E-06  1.041321E-01  1.351954E-05  1.452399E-06  1.255879E-06  3.842518E-04  5.226005E-04  6.176945E-06  4.440414E-06  5.664558E-06  4.742409E-06
 2.931500E+02  4.439550E-01  4.641261E-04  1.029675E-07  1.360044E-07  1.515260E-07  1.817458E-07  2.948647E-01  4.641539E-04  4.363287E-06  1.476834E-01  4.787381E-04  8.843334E-06  2.537998E-07  8.410123E-03  1.738486E-06  6.061157E-06  1.127431E-06  1.027287E-01  1.291044E-05  1.402016E-06  1.211398E-06  3.783223E-04  5.145197E-04  5.822384E-06  4.164888E-06  5.314988E-06  4.497326E-06
 2.941500E+02  4.447372E-01  4.584587E-04  9.926626E-08  1.311541E-07  1.461315E-07  1.753236E-07  2.949677E-01  4.547474E-04  4.073030E-06  1.483875E-01  4.733300E-04  8.374439E-06  2.484952E-07  8.239023E-03  1.639587E-06  5.732517E-06  1.077548E-06  1.013477E-01  1.233132E-05  1.353639E-06  1.168721E-06  3.725047E-04  5.065924E-04  5.489815E-06  3.908011E-06  4.988964E-06  4.266261E-06
 2.951500E+02  4.455060E-01  4.528936E-04  9.572187E-08  1.265079E-07  1.409637E-07  1.691696E-07  2.950679E-01  4.455990E-04  3.803959E-06  1.490804E-01  4.679674E-04  7.932037E-06  2.432995E-07  8.072551E-03  1.546961E-06  5.423862E-06  1.030201E-06  9.998881E-02  1.178063E-05  1.307179E-06  1.127768E-06  3.667971E-04  4.988157E-04  5.177786E-06  3.668425E-06  4.684778E-06  4.048341E-06
 2.961500E+02  4.462615E-01  4.474284E-04  9.232681E-08  1.220562E-07  1.360119E-07  1.632712E-07  2.951654E-01  4.367003E-04  3.554401E-06  1.497621E-01  4.626515E-04  7.514563E-06  2.382112E-07  7.910560E-03  1.460172E-06  5.133857E-06  9.852467E-07  9.865171E-02  1.125686E-05  1.262554E-06  1.088461E-06  3.611974E-04  4.911868E-04  4.884948E-06  3.444878E-06  4.400857E-06  3.842757E-06
 2.971500E+02  4.470039E-01  4.420612E-04  8.907395E-08  1.177897E-07  1.312658E-07  1.576163E-07  2.952603E-01  4.280430E-04  3.322825E-06  1.504328E-01  4.573832E-04  7.120546E-06  2.332290E-07  7.752904E-03  1.378817E-06  4.861265E-06  9.425503E-07  9.733613E-02  1.075861E-05  1.219683E-06  1.050729E-06  3.557037E-04  4.837030E-04  4.610042E-06  3.236215E-06  4.135747E-06  3.648750E-06
 2.981500E+02  4.477335E-01  4.367898E-04  8.595656E-08  1.136997E-07  1.267158E-07  1.521936E-07  2.953527E-01  4.196194E-04  3.107827E-06  1.510927E-01  4.521635E-04  6.748607E-06  2.283515E-07  7.599446E-03  1.302525E-06  4.604936E-06  9.019851E-07  9.604176E-02  1.028456E-05  1.178490E-06  1.014501E-06  3.503138E-04  4.763615E-04  4.351899E-06  3.041367E-06  3.888105E-06  3.465612E-06
 2.991500E+02  4.484505E-01  4.316122E-04  8.296825E-08  1.097780E-07  1.223527E-07  1.469923E-07  2.954427E-01  4.114218E-04  2.908123E-06  1.517419E-01  4.469932E-04  6.397448E-06  2.235771E-07  7.450052E-03  1.230950E-06  4.363803E-06  8.634324E-07  9.476832E-02  9.833456E-06  1.138903E-06  9.797121E-07  3.450259E-04  4.691595E-04  4.109427E-06  2.859351E-06  3.656691E-06  3.292680E-06
 3.001500E+02  4.491551E-01  4.265264E-04  8.010298E-08  1.060166E-07  1.181677E-07  1.420020E-07  2.955303E-01  4.034429E-04  2.722533E-06  1.523805E-01  4.418731E-04  6.065850E-06  2.189045E-07  7.304595E-03  1.163772E-06  4.136876E-06  8.267806E-07  9.351552E-02  9.404100E-06  1.100853E-06  9.462984E-07  3.398381E-04  4.620944E-04  3.881613E-06  2.689254E-06  3.440358E-06  3.129336E-06
 3.011500E+02  4.498475E-01  4.215306E-04  7.735500E-08  1.024083E-07  1.141527E-07  1.372132E-07  2.956157E-01  3.956757E-04  2.549976E-06  1.530087E-01  4.368038E-04  5.752669E-06  2.143320E-07  7.162949E-03  1.100696E-06  3.923232E-06  7.919249E-07  9.228305E-02  8.995373E-06  1.064274E-06  9.142001E-07  3.347483E-04  4.551635E-04  3.667509E-06  2.530237E-06  3.238046E-06  2.975002E-06
 3.021500E+02  4.505280E-01  4.166227E-04  7.471888E-08  9.894579E-08  1.102998E-07  1.326165E-07  2.956988E-01  3.881135E-04  2.389459E-06  1.536267E-01  4.317860E-04  5.456830E-06  2.098580E-07  7.024996E-03  1.041446E-06  3.722015E-06  7.587670E-07  9.107064E-02  8.606213E-06  1.029103E-06  8.833599E-07  3.297547E-04  4.483642E-04  3.466234E-06  2.381519E-06  3.048775E-06  2.829137E-06
 3.031500E+02  4.511966E-01  4.118011E-04  7.218944E-08  9.562253E-08  1.066017E-07  1.282032E-07  2.957798E-01  3.807496E-04  2.240072E-06  1.542346E-01  4.268201E-04  5.177321E-06  2.054810E-07  6.890620E-03  9.857682E-07  3.532430E-06  7.272144E-07  8.987799E-02  8.235614E-06  9.952791E-07  8.537233E-07  3.248555E-04  4.416939E-04  3.276967E-06  2.242382E-06  2.871637E-06  2.691235E-06
 3.041500E+02  4.518537E-01  4.070638E-04  6.976180E-08  9.243214E-08  1.030511E-07  1.239651E-07  2.958587E-01  3.735779E-04  2.100977E-06  1.548326E-01  4.219066E-04  4.913194E-06  2.011994E-07  6.759711E-03  9.334262E-07  3.353735E-06  6.971800E-07  8.870480E-02  7.882627E-06  9.627464E-07  8.252383E-07  3.200488E-04  4.351502E-04  3.098941E-06  2.112159E-06  2.705793E-06  2.560821E-06
 3.051500E+02  4.524995E-01  4.024092E-04  6.743130E-08  8.936857E-08  9.964148E-08  1.198941E-07  2.959356E-01  3.665922E-04  1.971404E-06  1.554208E-01  4.170459E-04  4.663556E-06  1.970116E-07  6.632160E-03  8.842004E-07  3.185241E-06  6.685821E-07  8.755078E-02  7.546351E-06  9.314498E-07  7.978553E-07  3.153328E-04  4.287304E-04  2.931441E-06  1.990233E-06  2.550463E-06  2.437453E-06
 3.061500E+02  4.531340E-01  3.978355E-04  6.519352E-08  8.642610E-08  9.636645E-08  1.159828E-07  2.960105E-01  3.597868E-04  1.850645E-06  1.559993E-01  4.122383E-04  4.427569E-06  1.929158E-07  6.507866E-03  8.378871E-07  3.026305E-06  6.413437E-07  8.641565E-02  7.225937E-06  9.013372E-07  7.715270E-07  3.107058E-04  4.224322E-04  2.773802E-06  1.876034E-06  2.404928E-06  2.320716E-06
 3.071500E+02  4.537576E-01  3.933411E-04  6.304429E-08  8.359929E-08  9.321997E-08  1.122242E-07  2.960836E-01  3.531559E-04  1.738048E-06  1.565684E-01  4.074840E-04  4.204444E-06  1.889105E-07  6.386728E-03  7.942969E-07  2.876329E-06  6.153923E-07  8.529911E-02  6.920578E-06  8.723588E-07  7.462084E-07  3.061659E-04  4.162531E-04  2.625401E-06  1.769031E-06  2.268520E-06  2.210219E-06
 3.081500E+02  4.543705E-01  3.889243E-04  6.097960E-08  8.088297E-08  9.019628E-08  1.086113E-07  2.961548E-01  3.466941E-04  1.633015E-06  1.571281E-01  4.027832E-04  3.993439E-06  1.849940E-07  6.268649E-03  7.532537E-07  2.734755E-06  5.906599E-07  8.420088E-02  6.629513E-06  8.444672E-07  7.218565E-07  3.017114E-04  4.101907E-04  2.485658E-06  1.668735E-06  2.140620E-06  2.105600E-06
 3.091500E+02  4.549727E-01  3.845835E-04  5.899569E-08  7.827221E-08  8.728994E-08  1.051377E-07  2.962243E-01  3.403963E-04  1.534993E-06  1.576786E-01  3.981361E-04  3.793860E-06  1.811646E-07  6.153538E-03  7.145938E-07  2.601063E-06  5.670820E-07  8.312067E-02  6.352021E-06  8.176170E-07  6.984302E-07  2.973407E-04  4.042428E-04  2.354032E-06  1.574690E-06  2.020653E-06  2.006516E-06
 3.101500E+02  4.555646E-01  3.803172E-04  5.708895E-08  7.576235E-08  8.449577E-08  1.017974E-07  2.962920E-01  3.342573E-04  1.443473E-06  1.582200E-01  3.935428E-04  3.605051E-06  1.774207E-07  6.041304E-03  6.781651E-07  2.474769E-06  5.445983E-07  8.205819E-02  6.087417E-06  7.917650E-07  6.758904E-07  2.930520E-04  3.984069E-04  2.230016E-06  1.486476E-06  1.908086E-06  1.912648E-06
 3.111500E+02  4.561462E-01  3.761238E-04  5.525596E-08  7.334895E-08  8.180882E-08  9.858452E-08  2.963581E-01  3.282724E-04  1.357986E-06  1.587526E-01  3.890033E-04  3.426396E-06  1.737607E-07  5.931861E-03  6.438257E-07  2.355420E-06  5.231517E-07  8.101318E-02  5.835057E-06  7.668698E-07  6.541997E-07  2.888438E-04  3.926809E-04  2.113138E-06  1.403700E-06  1.802426E-06  1.823695E-06
 3.121500E+02  4.567178E-01  3.720019E-04  5.349349E-08  7.102779E-08  7.922441E-08  9.549348E-08  2.964225E-01  3.224367E-04  1.278098E-06  1.592764E-01  3.845176E-04  3.257316E-06  1.701828E-07  5.825125E-03  6.114438E-07  2.242593E-06  5.026885E-07  7.998534E-02  5.594328E-06  7.428919E-07  6.333226E-07  2.847144E-04  3.870624E-04  2.002956E-06  1.326000E-06  1.703213E-06  1.739376E-06
 3.131500E+02  4.572796E-01  3.679500E-04  5.179843E-08  6.879483E-08  7.673808E-08  9.251902E-08  2.964854E-01  3.167457E-04  1.203411E-06  1.597916E-01  3.800856E-04  3.097267E-06  1.666855E-07  5.721015E-03  5.808963E-07  2.135894E-06  4.831579E-07  7.897439E-02  5.364650E-06  7.197937E-07  6.132250E-07  2.806622E-04  3.815494E-04  1.899059E-06  1.253039E-06  1.610020E-06  1.659426E-06
 3.141500E+02  4.578317E-01  3.639667E-04  5.016784E-08  6.664626E-08  7.434558E-08  8.965613E-08  2.965467E-01  3.111951E-04  1.133556E-06  1.602982E-01  3.757074E-04  2.945737E-06  1.632672E-07  5.619455E-03  5.520687E-07  2.034955E-06  4.645123E-07  7.798008E-02  5.145474E-06  6.975390E-07  5.938744E-07  2.766856E-04  3.761397E-04  1.801061E-06  1.184502E-06  1.522451E-06  1.583597E-06
 3.151500E+02  4.583743E-01  3.600506E-04  4.859894E-08  6.457843E-08  7.204286E-08  8.690003E-08  2.966066E-01  3.057807E-04  1.068192E-06  1.607966E-01  3.713827E-04  2.802243E-06  1.599262E-07  5.520367E-03  5.248544E-07  1.939432E-06  4.467063E-07  7.700211E-02  4.936279E-06  6.760934E-07  5.752398E-07  2.727833E-04  3.708312E-04  1.708601E-06  1.120100E-06  1.440139E-06  1.511657E-06
 3.161500E+02  4.589076E-01  3.562003E-04  4.708904E-08  6.258788E-08  6.982607E-08  8.424615E-08  2.966650E-01  3.004984E-04  1.007005E-06  1.612867E-01  3.671114E-04  2.666332E-06  1.566609E-07  5.423680E-03  4.991537E-07  1.849002E-06  4.296976E-07  7.604023E-02  4.736574E-06  6.554241E-07  5.572916E-07  2.689535E-04  3.656218E-04  1.621343E-06  1.059561E-06  1.362740E-06  1.443388E-06
 3.171500E+02  4.594318E-01  3.524146E-04  4.563563E-08  6.067132E-08  6.769156E-08  8.169017E-08  2.967221E-01  2.953442E-04  9.497030E-07  1.617688E-01  3.628933E-04  2.537579E-06  1.534697E-07  5.329324E-03  4.748737E-07  1.763365E-06  4.134459E-07  7.509416E-02  4.545891E-06  6.354996E-07  5.400016E-07  2.651949E-04  3.605095E-04  1.538972E-06  1.002634E-06  1.289937E-06  1.378582E-06
 3.181500E+02  4.599470E-01  3.486921E-04  4.423628E-08  5.882558E-08  6.563582E-08  7.922795E-08  2.967777E-01  2.903143E-04  8.960179E-07  1.622430E-01  3.587282E-04  2.415581E-06  1.503511E-07  5.237230E-03  4.519277E-07  1.682239E-06  3.979132E-07  7.416364E-02  4.363788E-06  6.162898E-07  5.233427E-07  2.615060E-04  3.554923E-04  1.461191E-06  9.490859E-07  1.221432E-06  1.317049E-06
 3.191500E+02  4.604534E-01  3.450315E-04  4.288870E-08  5.704769E-08  6.365554E-08  7.685556E-08  2.968321E-01  2.854051E-04  8.457002E-07  1.627093E-01  3.546158E-04  2.299960E-06  1.473035E-07  5.147333E-03  4.302349E-07  1.605361E-06  3.830637E-07  7.324842E-02  4.189845E-06  5.977660E-07  5.072891E-07  2.578855E-04  3.505682E-04  1.387727E-06  8.986977E-07  1.156951E-06  1.258606E-06
 3.201500E+02  4.609511E-01  3.414317E-04  4.159069E-08  5.533478E-08  6.174754E-08  7.456923E-08  2.968852E-01  2.806131E-04  7.985195E-07  1.631680E-01  3.505559E-04  2.190362E-06  1.443254E-07  5.059569E-03  4.097196E-07  1.532483E-06  3.688635E-07  7.234823E-02  4.023665E-06  5.799007E-07  4.918162E-07  2.543318E-04  3.457354E-04  1.318320E-06  8.512672E-07  1.096236E-06  1.203083E-06
 3.211500E+02  4.614403E-01  3.378914E-04  4.034018E-08  5.368414E-08  5.990880E-08  7.236539E-08  2.969371E-01  2.759347E-04  7.542622E-07  1.636191E-01  3.465482E-04  2.086452E-06  1.414153E-07  4.973878E-03  3.903111E-07  1.463375E-06  3.552805E-07  7.146281E-02  3.864871E-06  5.626675E-07  4.769004E-07  2.508437E-04  3.409920E-04  1.252729E-06  8.066057E-07  1.039048E-06  1.150320E-06
 3.221500E+02  4.619212E-01  3.344094E-04  3.913516E-08  5.209317E-08  5.813643E-08  7.024063E-08  2.969877E-01  2.713667E-04  7.127306E-07  1.640629E-01  3.425922E-04  1.987913E-06  1.385717E-07  4.890199E-03  3.719435E-07  1.397819E-06  3.422845E-07  7.059193E-02  3.713106E-06  5.460415E-07  4.625192E-07  2.474197E-04  3.363361E-04  1.190726E-06  7.645375E-07  9.851640E-07  1.100166E-06
 3.231500E+02  4.623939E-01  3.309846E-04  3.797374E-08  5.055940E-08  5.642770E-08  6.819169E-08  2.970372E-01  2.669060E-04  6.737412E-07  1.644993E-01  3.386878E-04  1.894450E-06  1.357931E-07  4.808475E-03  3.545550E-07  1.335614E-06  3.298468E-07  6.973532E-02  3.568030E-06  5.299985E-07  4.486511E-07  2.440587E-04  3.317659E-04  1.132101E-06  7.248987E-07  9.343765E-07  1.052479E-06
 3.241500E+02  4.628586E-01  3.276158E-04  3.685411E-08  4.908047E-08  5.477998E-08  6.621547E-08  2.970855E-01  2.625493E-04  6.371239E-07  1.649287E-01  3.348345E-04  1.805783E-06  1.330780E-07  4.728652E-03  3.380878E-07  1.276569E-06  3.179403E-07  6.889274E-02  3.429322E-06  5.145155E-07  4.352755E-07  2.407592E-04  3.272797E-04  1.076654E-06  6.875367E-07  8.864917E-07  1.007125E-06
 3.251500E+02  4.633154E-01  3.243020E-04  3.577456E-08  4.765413E-08  5.319076E-08  6.430900E-08  2.971328E-01  2.582937E-04  6.027211E-07  1.653509E-01  3.310319E-04  1.721648E-06  1.304251E-07  4.650675E-03  3.224880E-07  1.220505E-06  3.065393E-07  6.806396E-02  3.296677E-06  4.995705E-07  4.223727E-07  2.375201E-04  3.228758E-04  1.024199E-06  6.523091E-07  8.413288E-07  9.639784E-07
 3.261500E+02  4.637645E-01  3.210420E-04  3.473343E-08  4.627823E-08  5.165767E-08  6.246945E-08  2.971789E-01  2.541364E-04  5.703862E-07  1.657663E-01  3.272796E-04  1.641798E-06  1.278330E-07  4.574492E-03  3.077049E-07  1.167255E-06  2.956196E-07  6.724873E-02  3.169806E-06  4.851425E-07  4.099239E-07  2.343401E-04  3.185524E-04  9.745610E-07  6.190831E-07  7.987193E-07  9.229216E-07
 3.271500E+02  4.642060E-01  3.178348E-04  3.372915E-08  4.495072E-08  5.017843E-08  6.069412E-08  2.972241E-01  2.500746E-04  5.399832E-07  1.661749E-01  3.235773E-04  1.565998E-06  1.253001E-07  4.500054E-03  2.936912E-07  1.116662E-06  2.851582E-07  6.644681E-02  3.048434E-06  4.712112E-07  3.979111E-07  2.312179E-04  3.143078E-04  9.275767E-07  5.877348E-07  7.585059E-07  8.838427E-07
 3.281500E+02  4.646400E-01  3.146794E-04  3.276022E-08  4.366965E-08  4.875086E-08  5.898043E-08  2.972682E-01  2.461055E-04  5.113859E-07  1.665768E-01  3.199244E-04  1.494028E-06  1.228253E-07  4.427311E-03  2.804025E-07  1.068578E-06  2.751334E-07  6.565799E-02  2.932300E-06  4.577573E-07  3.863171E-07  2.281525E-04  3.101406E-04  8.830923E-07  5.581487E-07  7.205417E-07  8.466366E-07
 3.291500E+02  4.650668E-01  3.115748E-04  3.182522E-08  4.243315E-08  4.737288E-08  5.732592E-08  2.973113E-01  2.422265E-04  4.844768E-07  1.669721E-01  3.163205E-04  1.425681E-06  1.204071E-07  4.356217E-03  2.677973E-07  1.022865E-06  2.655244E-07  6.488201E-02  2.821158E-06  4.447625E-07  3.751254E-07  2.251426E-04  3.060490E-04  8.409638E-07  5.302166E-07  6.846893E-07  8.112043E-07
 3.301500E+02  4.654863E-01  3.085199E-04  3.092278E-08  4.123943E-08  4.604251E-08  5.572824E-08  2.973534E-01  2.384351E-04  4.591469E-07  1.673611E-01  3.127652E-04  1.360761E-06  1.180443E-07  4.286726E-03  2.558364E-07  9.793920E-07  2.563117E-07  6.411867E-02  2.714773E-06  4.322089E-07  3.643203E-07  2.221871E-04  3.020314E-04  8.010559E-07  5.038377E-07  6.508207E-07  7.774526E-07
 3.311500E+02  4.658989E-01  3.055138E-04  3.005159E-08  4.008679E-08  4.475786E-08  5.418512E-08  2.973946E-01  2.347290E-04  4.352945E-07  1.677436E-01  3.092579E-04  1.299083E-06  1.157356E-07  4.218794E-03  2.444835E-07  9.380371E-07  2.474769E-07  6.336774E-02  2.612921E-06  4.200797E-07  3.538866E-07  2.192848E-04  2.980865E-04  7.632418E-07  4.789178E-07  6.188160E-07  7.452934E-07
 3.321500E+02  4.663045E-01  3.025556E-04  2.921040E-08  3.897359E-08  4.351712E-08  5.269444E-08  2.974350E-01  2.311056E-04  4.128253E-07  1.681200E-01  3.057983E-04  1.240474E-06  1.134796E-07  4.152378E-03  2.337042E-07  8.986851E-07  2.390022E-07  6.262900E-02  2.515390E-06  4.083585E-07  3.438100E-07  2.164348E-04  2.942127E-04  7.274023E-07  4.553688E-07  5.885632E-07  7.146437E-07
 3.331500E+02  4.667033E-01  2.996443E-04  2.839804E-08  3.789830E-08  4.231856E-08  5.125412E-08  2.974744E-01  2.275628E-04  3.916513E-07  1.684903E-01  3.023859E-04  1.184768E-06  1.112753E-07  4.087438E-03  2.234662E-07  8.612279E-07  2.308712E-07  6.190223E-02  2.421980E-06  3.970299E-07  3.340766E-07  2.136359E-04  2.904085E-04  6.934254E-07  4.331084E-07  5.599575E-07  6.854252E-07
 3.341500E+02  4.670955E-01  2.967791E-04  2.761335E-08  3.685941E-08  4.116052E-08  4.986221E-08  2.975129E-01  2.240982E-04  3.716907E-07  1.688546E-01  2.990200E-04  1.131812E-06  1.091213E-07  4.023933E-03  2.137395E-07  8.255635E-07  2.230678E-07  6.118723E-02  2.332500E-06  3.860789E-07  3.246731E-07  2.108871E-04  2.866724E-04  6.612061E-07  4.120596E-07  5.329009E-07  6.575641E-07
 3.351500E+02  4.674812E-01  2.939590E-04  2.685526E-08  3.585550E-08  4.004142E-08  4.851683E-08  2.975507E-01  2.207099E-04  3.528672E-07  1.692130E-01  2.957003E-04  1.081459E-06  1.070165E-07  3.961824E-03  2.044957E-07  7.915964E-07  2.155772E-07  6.048378E-02  2.246767E-06  3.754913E-07  3.155870E-07  2.081873E-04  2.830032E-04  6.306456E-07  3.921503E-07  5.073018E-07  6.309906E-07
 3.361500E+02  4.678605E-01  2.911831E-04  2.612272E-08  3.488522E-08  3.895975E-08  4.721618E-08  2.975876E-01  2.173957E-04  3.351097E-07  1.695656E-01  2.924262E-04  1.033571E-06  1.049597E-07  3.901073E-03  1.957081E-07  7.592361E-07  2.083851E-07  5.979169E-02  2.164610E-06  3.652533E-07  3.068060E-07  2.055355E-04  2.793994E-04  6.016512E-07  3.733130E-07  4.830742E-07  6.056388E-07
 3.371500E+02  4.682334E-01  2.884508E-04  2.541473E-08  3.394726E-08  3.791407E-08  4.595853E-08  2.976237E-01  2.141535E-04  3.183520E-07  1.699125E-01  2.891972E-04  9.880179E-07  1.029497E-07  3.841646E-03  1.873516E-07  7.283979E-07  2.014780E-07  5.911074E-02  2.085865E-06  3.553519E-07  2.983186E-07  2.029308E-04  2.758596E-04  5.741355E-07  3.554846E-07  4.601377E-07  5.814466E-07
 3.381500E+02  4.686003E-01  2.857610E-04  2.473035E-08  3.304037E-08  3.690298E-08  4.474226E-08  2.976590E-01  2.109815E-04  3.025322E-07  1.702538E-01  2.860128E-04  9.446774E-07  1.009855E-07  3.783505E-03  1.794028E-07  6.990016E-07  1.948430E-07  5.844074E-02  2.010375E-06  3.457745E-07  2.901135E-07  2.003722E-04  2.723826E-04  5.480165E-07  3.386061E-07  4.384171E-07  5.583553E-07
 3.391500E+02  4.689611E-01  2.831130E-04  2.406867E-08  3.216338E-08  3.592518E-08  4.356577E-08  2.976936E-01  2.078778E-04  2.875928E-07  1.705897E-01  2.828725E-04  9.034332E-07  9.906603E-08  3.726618E-03  1.718395E-07  6.709720E-07  1.884679E-07  5.778149E-02  1.937992E-06  3.365090E-07  2.821802E-07  1.978588E-04  2.689670E-04  5.232171E-07  3.226221E-07  4.178418E-07  5.363093E-07
 3.401500E+02  4.693159E-01  2.805060E-04  2.342882E-08  3.131513E-08  3.497938E-08  4.242757E-08  2.977275E-01  2.048406E-04  2.734798E-07  1.709202E-01  2.797757E-04  8.641758E-07  9.719011E-08  3.670950E-03  1.646409E-07  6.442378E-07  1.823411E-07  5.713281E-02  1.868576E-06  3.275438E-07  2.745084E-07  1.953896E-04  2.656117E-04  4.996648E-07  3.074806E-07  3.983457E-07  5.152561E-07
 3.411500E+02  4.696649E-01  2.779393E-04  2.280996E-08  3.049454E-08  3.406437E-08  4.132621E-08  2.977606E-01  2.018680E-04  2.601430E-07  1.712454E-01  2.767220E-04  8.268019E-07  9.535675E-08  3.616471E-03  1.577874E-07  6.187322E-07  1.764517E-07  5.649450E-02  1.801992E-06  3.188679E-07  2.670882E-07  1.929637E-04  2.623153E-04  4.772911E-07  2.931331E-07  3.798666E-07  4.951462E-07
 3.421500E+02  4.700082E-01  2.754120E-04  2.221130E-08  2.970057E-08  3.317901E-08  4.026030E-08  2.977931E-01  1.989584E-04  2.475356E-07  1.715654E-01  2.737107E-04  7.912137E-07  9.356492E-08  3.563148E-03  1.512606E-07  5.943919E-07  1.707891E-07  5.586638E-02  1.738113E-06  3.104706E-07  2.599104E-07  1.905803E-04  2.590767E-04  4.560319E-07  2.795338E-07  3.623465E-07  4.759327E-07
 3.431500E+02  4.703459E-01  2.729235E-04  2.163207E-08  2.893220E-08  3.232216E-08  3.922853E-08  2.978249E-01  1.961101E-04  2.356136E-07  1.718803E-01  2.707414E-04  7.573189E-07  9.181362E-08  3.510952E-03  1.450431E-07  5.711574E-07  1.653434E-07  5.524826E-02  1.676818E-06  3.023417E-07  2.529658E-07  1.882385E-04  2.558947E-04  4.358267E-07  2.666402E-07  3.457309E-07  4.575713E-07
 3.441500E+02  4.706781E-01  2.704730E-04  2.107155E-08  2.818850E-08  3.149277E-08  3.822962E-08  2.978560E-01  1.933215E-04  2.243360E-07  1.721902E-01  2.678135E-04  7.250303E-07  9.010188E-08  3.459853E-03  1.391186E-07  5.489722E-07  1.601051E-07  5.463997E-02  1.617991E-06  2.944715E-07  2.462458E-07  1.859374E-04  2.527682E-04  4.166183E-07  2.544119E-07  3.299684E-07  4.400199E-07
 3.451500E+02  4.710049E-01  2.680597E-04  2.052902E-08  2.746852E-08  3.068981E-08  3.726237E-08  2.978865E-01  1.905911E-04  2.136645E-07  1.724951E-01  2.649266E-04  6.942656E-07  8.842874E-08  3.409824E-03  1.334717E-07  5.277833E-07  1.550651E-07  5.404133E-02  1.561522E-06  2.868504E-07  2.397422E-07  1.836762E-04  2.496959E-04  3.983533E-07  2.428114E-07  3.150110E-07  4.232389E-07
 3.461500E+02  4.713264E-01  2.656831E-04  2.000383E-08  2.677141E-08  2.991231E-08  3.632560E-08  2.979163E-01  1.879174E-04  2.035633E-07  1.727953E-01  2.620800E-04  6.649467E-07  8.679326E-08  3.360836E-03  1.280878E-07  5.075406E-07  1.502150E-07  5.345217E-02  1.507308E-06  2.794696E-07  2.334469E-07  1.814542E-04  2.466769E-04  3.809810E-07  2.318034E-07  3.008137E-07  4.071907E-07
 3.471500E+02  4.716427E-01  2.633424E-04  1.949533E-08  2.609631E-08  2.915933E-08  3.541819E-08  2.979455E-01  1.852988E-04  1.939988E-07  1.730907E-01  2.592733E-04  6.370000E-07  8.519454E-08  3.312863E-03  1.229533E-07  4.881966E-07  1.455465E-07  5.287231E-02  1.455247E-06  2.723203E-07  2.273525E-07  1.792704E-04  2.437099E-04  3.644538E-07  2.213545E-07  2.873339E-07  3.918397E-07
 3.481500E+02  4.719539E-01  2.610369E-04  1.900290E-08  2.544241E-08  2.842997E-08  3.453908E-08  2.979742E-01  1.827340E-04  1.849396E-07  1.733814E-01  2.565059E-04  6.103560E-07  8.363169E-08  3.265879E-03  1.180553E-07  4.697066E-07  1.410519E-07  5.230160E-02  1.405247E-06  2.653942E-07  2.214515E-07  1.771242E-04  2.407941E-04  3.487268E-07  2.114337E-07  2.745318E-07  3.771522E-07
 3.491500E+02  4.722601E-01  2.587661E-04  1.852596E-08  2.480895E-08  2.772337E-08  3.368725E-08  2.980022E-01  1.802216E-04  1.763563E-07  1.736676E-01  2.537773E-04  5.849485E-07  8.210384E-08  3.219859E-03  1.133817E-07  4.520282E-07  1.367238E-07  5.173985E-02  1.357215E-06  2.586834E-07  2.157369E-07  1.750148E-04  2.379282E-04  3.337576E-07  2.020115E-07  2.623701E-07  3.630963E-07
 3.501500E+02  4.725614E-01  2.565292E-04  1.806393E-08  2.419518E-08  2.703871E-08  3.286170E-08  2.980297E-01  1.777602E-04  1.682212E-07  1.739493E-01  2.510869E-04  5.607155E-07  8.061013E-08  3.174779E-03  1.089209E-07  4.351215E-07  1.325551E-07  5.118693E-02  1.311067E-06  2.521802E-07  2.102020E-07  1.729414E-04  2.351114E-04  3.195064E-07  1.930606E-07  2.508134E-07  3.496418E-07
 3.511500E+02  4.728578E-01  2.543256E-04  1.761628E-08  2.360038E-08  2.637518E-08  3.206148E-08  2.980567E-01  1.753486E-04  1.605087E-07  1.742265E-01  2.484344E-04  5.375978E-07  7.914974E-08  3.130614E-03  1.046621E-07  4.189486E-07  1.285390E-07  5.064266E-02  1.266721E-06  2.458771E-07  2.048403E-07  1.709033E-04  2.323426E-04  3.059354E-07  1.845549E-07  2.398288E-07  3.367599E-07
 3.521500E+02  4.731496E-01  2.521548E-04  1.718248E-08  2.302388E-08  2.573204E-08  3.128571E-08  2.980831E-01  1.729855E-04  1.531945E-07  1.744995E-01  2.458190E-04  5.155397E-07  7.772187E-08  3.087343E-03  1.005950E-07  4.034737E-07  1.246693E-07  5.010689E-02  1.224098E-06  2.397672E-07  1.996456E-07  1.688998E-04  2.296209E-04  2.930091E-07  1.764701E-07  2.293849E-07  3.244236E-07
 3.531500E+02  4.734367E-01  2.500160E-04  1.676204E-08  2.246502E-08  2.510854E-08  3.053349E-08  2.981090E-01  1.706697E-04  1.462559E-07  1.747682E-01  2.432404E-04  4.944885E-07  7.632571E-08  3.044942E-03  9.671012E-08  3.886629E-07  1.209397E-07  4.957946E-02  1.183124E-06  2.338437E-07  1.946120E-07  1.669303E-04  2.269453E-04  2.806941E-07  1.687834E-07  2.194527E-07  3.126071E-07
 3.541500E+02  4.737192E-01  2.479089E-04  1.635447E-08  2.192317E-08  2.450400E-08  2.980401E-08  2.981343E-01  1.684000E-04  1.396717E-07  1.750327E-01  2.406981E-04  4.743940E-07  7.496050E-08  3.003390E-03  9.299820E-08  3.744842E-07  1.173446E-07  4.906024E-02  1.143728E-06  2.281000E-07  1.897336E-07  1.649939E-04  2.243149E-04  2.689586E-07  1.614731E-07  2.100044E-07  3.012859E-07
 3.551500E+02  4.739972E-01  2.458327E-04  1.595932E-08  2.139772E-08  2.391774E-08  2.909645E-08  2.981592E-01  1.661753E-04  1.334217E-07  1.752931E-01  2.381914E-04  4.552089E-07  7.362549E-08  2.962666E-03  8.945064E-08  3.609073E-07  1.138782E-07  4.854906E-02  1.105843E-06  2.225298E-07  1.850051E-07  1.630902E-04  2.217287E-04  2.577727E-07  1.545190E-07  2.010141E-07  2.904368E-07
 3.561500E+02  4.742709E-01  2.437869E-04  1.557615E-08  2.088810E-08  2.334911E-08  2.841005E-08  2.981836E-01  1.639944E-04  1.274874E-07  1.755495E-01  2.357199E-04  4.368886E-07  7.231995E-08  2.922750E-03  8.605930E-08  3.479033E-07  1.105353E-07  4.804580E-02  1.069405E-06  2.171271E-07  1.804211E-07  1.612183E-04  2.191860E-04  2.471084E-07  1.479020E-07  1.924573E-07  2.800380E-07
 3.571500E+02  4.745403E-01  2.417709E-04  1.520453E-08  2.039375E-08  2.279749E-08  2.774407E-08  2.982075E-01  1.618562E-04  1.218511E-07  1.758019E-01  2.332831E-04  4.193904E-07  7.104315E-08  2.883622E-03  8.281647E-08  3.354451E-07  1.073110E-07  4.755029E-02  1.034351E-06  2.118861E-07  1.759766E-07  1.593778E-04  2.166858E-04  2.369388E-07  1.416040E-07  1.843111E-07  2.700685E-07
 3.581500E+02  4.748054E-01  2.397843E-04  1.484405E-08  1.991414E-08  2.226230E-08  2.709779E-08  2.982309E-01  1.597598E-04  1.164962E-07  1.760504E-01  2.308806E-04  4.026741E-07  6.979440E-08  2.845263E-03  7.971486E-08  3.235068E-07  1.042002E-07  4.706242E-02  1.000623E-06  2.068013E-07  1.716666E-07  1.575679E-04  2.142273E-04  2.272389E-07  1.356082E-07  1.765536E-07  2.605086E-07
 3.591500E+02  4.750664E-01  2.378265E-04  1.449433E-08  1.944874E-08  2.174295E-08  2.647055E-08  2.982539E-01  1.577041E-04  1.114073E-07  1.762951E-01  2.285117E-04  3.867017E-07  6.857302E-08  2.807653E-03  7.674757E-08  3.120640E-07  1.011986E-07  4.658203E-02  9.681657E-07  2.018672E-07  1.674866E-07  1.557881E-04  2.118097E-04  2.179848E-07  1.298985E-07  1.691645E-07  2.513393E-07
 3.601500E+02  4.753233E-01  2.358970E-04  1.415499E-08  1.899708E-08  2.123890E-08  2.586167E-08  2.982765E-01  1.556881E-04  1.065697E-07  1.765361E-01  2.261761E-04  3.714370E-07  6.737834E-08  2.770775E-03  7.390808E-08  3.010936E-07  9.830156E-08  4.610900E-02  9.369254E-07  1.970788E-07  1.634318E-07  1.540377E-04  2.094320E-04  2.091540E-07  1.244599E-07  1.621244E-07  2.425429E-07
 3.611500E+02  4.755762E-01  2.339952E-04  1.382567E-08  1.855866E-08  2.074963E-08  2.527053E-08  2.982986E-01  1.537109E-04  1.019697E-07  1.767734E-01  2.238732E-04  3.568459E-07  6.620972E-08  2.734612E-03  7.119022E-08  2.905734E-07  9.550501E-08  4.564319E-02  9.068513E-07  1.924310E-07  1.594982E-07  1.523162E-04  2.070937E-04  2.007253E-07  1.192782E-07  1.554152E-07  2.341025E-07
 3.621500E+02  4.758252E-01  2.321207E-04  1.350603E-08  1.813305E-08  2.027462E-08  2.469652E-08  2.983203E-01  1.517714E-04  9.759436E-08  1.770070E-01  2.216026E-04  3.428957E-07  6.506653E-08  2.699145E-03  6.858813E-08  2.804828E-07  9.280492E-08  4.518448E-02  8.778948E-07  1.879191E-07  1.556814E-07  1.506230E-04  2.047938E-04  1.926786E-07  1.143400E-07  1.490196E-07  2.260018E-07
 3.631500E+02  4.760704E-01  2.302730E-04  1.319572E-08  1.771980E-08  1.981339E-08  2.413907E-08  2.983416E-01  1.498689E-04  9.343158E-08  1.772372E-01  2.193638E-04  3.295559E-07  6.394814E-08  2.664359E-03  6.609628E-08  2.708018E-07  9.019745E-08  4.473274E-02  8.500095E-07  1.835385E-07  1.519775E-07  1.489576E-04  2.025316E-04  1.849948E-07  1.096327E-07  1.429216E-07  2.182256E-07
 3.641500E+02  4.763117E-01  2.284516E-04  1.289444E-08  1.731849E-08  1.936546E-08  2.359761E-08  2.983624E-01  1.480024E-04  8.946990E-08  1.774638E-01  2.171563E-04  3.167971E-07  6.285395E-08  2.630237E-03  6.370942E-08  2.615118E-07  8.767896E-08  4.428783E-02  8.231511E-07  1.792847E-07  1.483825E-07  1.473193E-04  2.003065E-04  1.776559E-07  1.051444E-07  1.371057E-07  2.107593E-07
 3.651500E+02  4.765494E-01  2.266560E-04  1.260187E-08  1.692872E-08  1.893040E-08  2.307161E-08  2.983829E-01  1.461710E-04  8.569858E-08  1.776870E-01  2.149796E-04  3.045918E-07  6.178339E-08  2.596763E-03  6.142259E-08  2.525948E-07  8.524593E-08  4.384966E-02  7.972775E-07  1.751536E-07  1.448929E-07  1.457078E-04  1.981175E-04  1.706450E-07  1.008638E-07  1.315577E-07  2.035891E-07
 3.661500E+02  4.767834E-01  2.248858E-04  1.231772E-08  1.655010E-08  1.850777E-08  2.256054E-08  2.984030E-01  1.443740E-04  8.210747E-08  1.779069E-01  2.128334E-04  2.929136E-07  6.073588E-08  2.563923E-03  5.923107E-08  2.440339E-07  8.289504E-08  4.341808E-02  7.723482E-07  1.711410E-07  1.415051E-07  1.441224E-04  1.959641E-04  1.639458E-07  9.678023E-08  1.262637E-07  1.967018E-07
 3.671500E+02  4.770138E-01  2.231406E-04  1.204171E-08  1.618225E-08  1.809714E-08  2.206390E-08  2.984228E-01  1.426105E-04  7.868704E-08  1.781234E-01  2.107171E-04  2.817376E-07  5.971086E-08  2.531700E-03  5.713039E-08  2.358132E-07  8.062309E-08  4.299299E-02  7.483248E-07  1.672430E-07  1.382156E-07  1.425626E-04  1.938456E-04  1.575432E-07  9.288377E-08  1.212111E-07  1.900849E-07
 3.681500E+02  4.772407E-01  2.214200E-04  1.177355E-08  1.582481E-08  1.769812E-08  2.158123E-08  2.984421E-01  1.408798E-04  7.542830E-08  1.783367E-01  2.086303E-04  2.710402E-07  5.870780E-08  2.500082E-03  5.511631E-08  2.279172E-07  7.842701E-08  4.257427E-02  7.251703E-07  1.634558E-07  1.350210E-07  1.410280E-04  1.917612E-04  1.514226E-07  8.916491E-08  1.163875E-07  1.837265E-07
 3.691500E+02  4.774642E-01  2.197233E-04  1.151300E-08  1.547744E-08  1.731033E-08  2.111205E-08  2.984612E-01  1.391810E-04  7.232276E-08  1.785468E-01  2.065726E-04  2.607989E-07  5.772615E-08  2.469053E-03  5.318483E-08  2.203315E-07  7.630389E-08  4.216181E-02  7.028495E-07  1.597758E-07  1.319183E-07  1.395180E-04  1.897103E-04  1.455704E-07  8.561470E-08  1.117816E-07  1.776152E-07
 3.701500E+02  4.776842E-01  2.180504E-04  1.125979E-08  1.513980E-08  1.693338E-08  2.065593E-08  2.984798E-01  1.375135E-04  6.936245E-08  1.787538E-01  2.045435E-04  2.509923E-07  5.676541E-08  2.438600E-03  5.133212E-08  2.130423E-07  7.425092E-08  4.175549E-02  6.813289E-07  1.561994E-07  1.289044E-07  1.380322E-04  1.876923E-04  1.399736E-07  8.222466E-08  1.073824E-07  1.717403E-07
 3.711500E+02  4.779010E-01  2.164007E-04  1.101369E-08  1.481158E-08  1.656694E-08  2.021243E-08  2.984981E-01  1.358765E-04  6.653982E-08  1.789577E-01  2.025427E-04  2.416004E-07  5.582507E-08  2.408710E-03  4.955457E-08  2.060364E-07  7.226544E-08  4.135521E-02  6.605764E-07  1.527232E-07  1.259763E-07  1.365701E-04  1.857065E-04  1.346200E-07  7.898682E-08  1.031797E-07  1.660915E-07
 3.721500E+02  4.781145E-01  2.147739E-04  1.077445E-08  1.449246E-08  1.621064E-08  1.978115E-08  2.985161E-01  1.342693E-04  6.384778E-08  1.791586E-01  2.005695E-04  2.326038E-07  5.490465E-08  2.379369E-03  4.784875E-08  1.993015E-07  7.034487E-08  4.096086E-02  6.405610E-07  1.493440E-07  1.231313E-07  1.351313E-04  1.837523E-04  1.294978E-07  7.589359E-08  9.916376E-08  1.606590E-07
 3.731500E+02  4.783248E-01  2.131695E-04  1.054186E-08  1.418214E-08  1.586416E-08  1.936168E-08  2.985338E-01  1.326912E-04  6.127960E-08  1.793565E-01  1.986238E-04  2.239842E-07  5.400366E-08  2.350566E-03  4.621139E-08  1.928255E-07  6.848677E-08  4.057234E-02  6.212536E-07  1.460587E-07  1.203664E-07  1.337152E-04  1.818290E-04  1.245960E-07  7.293784E-08  9.532536E-08  1.554335E-07
