#         T/K            c1          c2-1          c3-4          c3-5          c3-7          c3-9            m1          m2-1          m3-1            w1            w2          w3-1          w3-2          c1m1        c1m2-1        c1m2-7        c2m1-1        c1w1-2        c1w2-1        c2w1-1        c2w1-9        m1w1-1        m1w1-4        m1w2-1        m2w1-1        m2w1-3      c1m1w1-1
 2.731500E+02  1.438270E-01  7.200735E-05  9.544877E-09  1.252788E-08  1.393826E-08  1.661965E-08  4.908454E-02  2.131450E-05  9.989990E-08  5.789737E-01  1.209970E-02  2.571905E-03  3.608657E-05  7.769653E-04  6.413239E-08  2.104387E-07  6.273080E-08  2.112563E-01  2.426543E-04  1.623030E-06  1.425192E-06  4.038542E-04  5.497544E-04  7.186844E-05  2.206109E-06  2.794067E-06  3.785574E-06
 2.741500E+02  1.451344E-01  7.190487E-05  9.321093E-09  1.223830E-08  1.361710E-08  1.624182E-08  4.910418E-02  2.079300E-05  9.207853E-08  5.807015E-01  1.187034E-02  2.392931E-03  3.488017E-05  7.631465E-04  6.022458E-08  1.982560E-07  6.023105E-08  2.086642E-01  2.301085E-04  1.572804E-06  1.379897E-06  3.952802E-04  5.380488E-04  6.669305E-05  2.040702E-06  2.585606E-06  3.570310E-06
 2.751500E+02  1.464277E-01  7.179064E-05  9.101929E-09  1.195456E-08  1.330238E-08  1.587140E-08  4.912322E-02  2.028833E-05  8.492360E-08  5.823958E-01  1.164629E-02  2.227402E-03  3.372023E-05  7.496146E-04  5.657804E-08  1.868508E-07  5.783983E-08  2.060994E-01  2.182677E-04  1.524207E-06  1.336115E-06  3.869415E-04  5.266659E-04  6.192160E-05  1.888772E-06  2.394056E-06  3.368421E-06
 2.761500E+02  1.477069E-01  7.166496E-05  8.887334E-09  1.167661E-08  1.299404E-08  1.550833E-08  4.914168E-02  1.979984E-05  7.837402E-08  5.840577E-01  1.142743E-02  2.074244E-03  3.260488E-05  7.363633E-04  5.317387E-08  1.761693E-07  5.555208E-08  2.035622E-01  2.070899E-04  1.477187E-06  1.293797E-06  3.788307E-04  5.155957E-04  5.752037E-05  1.749140E-06  2.217943E-06  3.179013E-06
 2.771500E+02  1.489718E-01  7.152814E-05  8.677254E-09  1.140437E-08  1.269201E-08  1.515254E-08  4.915959E-02  1.932692E-05  7.237467E-08  5.856882E-01  1.121366E-02  1.932472E-03  3.153228E-05  7.233865E-04  4.999461E-08  1.661615E-07  5.336303E-08  2.010530E-01  1.965355E-04  1.431694E-06  1.252893E-06  3.709409E-04  5.048285E-04  5.345864E-05  1.620738E-06  2.055931E-06  3.001257E-06
 2.781500E+02  1.502224E-01  7.138053E-05  8.471638E-09  1.113779E-08  1.239623E-08  1.480395E-08  4.917697E-02  1.886898E-05  6.687578E-08  5.872883E-01  1.100485E-02  1.801185E-03  3.050069E-05  7.106782E-04  4.702418E-08  1.567813E-07  5.126812E-08  1.985717E-01  1.865676E-04  1.387680E-06  1.213359E-06  3.632654E-04  4.943551E-04  4.970837E-05  1.502594E-06  1.906807E-06  2.834382E-06
 2.791500E+02  1.514585E-01  7.122244E-05  8.270431E-09  1.087681E-08  1.210663E-08  1.446250E-08  4.919385E-02  1.842544E-05  6.183240E-08  5.888590E-01  1.080089E-02  1.679557E-03  2.950840E-05  6.982327E-04  4.424773E-08  1.479859E-07  4.926305E-08  1.961188E-01  1.771513E-04  1.345098E-06  1.175147E-06  3.557974E-04  4.841661E-04  4.624399E-05  1.393829E-06  1.769469E-06  2.677670E-06
 2.801500E+02  1.526802E-01  7.105421E-05  8.073581E-09  1.062136E-08  1.182314E-08  1.412812E-08  4.921025E-02  1.799577E-05  5.720387E-08  5.904010E-01  1.060166E-02  1.566829E-03  2.855381E-05  6.860442E-04  4.165153E-08  1.397357E-07  4.734370E-08  1.936942E-01  1.682541E-04  1.303901E-06  1.138214E-06  3.485306E-04  4.742529E-04  4.304212E-05  1.293642E-06  1.642914E-06  2.530456E-06
 2.811500E+02  1.538873E-01  7.087620E-05  7.881032E-09  1.037139E-08  1.154570E-08  1.380072E-08  4.922618E-02  1.757944E-05  5.295343E-08  5.919152E-01  1.040707E-02  1.462305E-03  2.763536E-05  6.741074E-04  3.922291E-08  1.319940E-07  4.550617E-08  1.912981E-01  1.598454E-04  1.264046E-06  1.102517E-06  3.414588E-04  4.646069E-04  4.008143E-05  1.201305E-06  1.526232E-06  2.392118E-06
 2.821500E+02  1.550798E-01  7.068873E-05  7.692729E-09  1.012681E-08  1.127422E-08  1.348024E-08  4.924166E-02  1.717596E-05  4.904778E-08  5.934022E-01  1.021698E-02  1.365348E-03  2.675155E-05  6.624169E-04  3.695015E-08  1.247266E-07  4.374674E-08  1.889305E-01  1.518966E-04  1.225488E-06  1.068016E-06  3.345759E-04  4.552196E-04  3.734243E-05  1.116156E-06  1.418593E-06  2.262080E-06
 2.831500E+02  1.562578E-01  7.049216E-05  7.508614E-09  9.887572E-09  1.100864E-08  1.316659E-08  4.925670E-02  1.678485E-05  4.545677E-08  5.948629E-01  1.003131E-02  1.275371E-03  2.590096E-05  6.509673E-04  3.482241E-08  1.179021E-07  4.206190E-08  1.865916E-01  1.443806E-04  1.188187E-06  1.034670E-06  3.278762E-04  4.460832E-04  3.480729E-05  1.037593E-06  1.319243E-06  2.139805E-06
 2.841500E+02  1.574212E-01  7.028683E-05  7.328630E-09  9.653600E-09  1.074888E-08  1.285969E-08  4.927134E-02  1.640566E-05  4.215304E-08  5.962979E-01  9.849922E-03  1.191836E-03  2.508221E-05  6.397536E-04  3.282966E-08  1.114910E-07  4.044825E-08  1.842814E-01  1.372723E-04  1.152101E-06  1.002441E-06  3.213539E-04  4.371899E-04  3.245970E-05  9.650670E-07  1.227493E-06  2.024793E-06
 2.851500E+02  1.585700E-01  7.007308E-05  7.152719E-09  9.424825E-09  1.049487E-08  1.255946E-08  4.928557E-02  1.603796E-05  3.911181E-08  5.977078E-01  9.672729E-03  1.114249E-03  2.429398E-05  6.287709E-04  3.096262E-08  1.054662E-07  3.890262E-08  1.819998E-01  1.305479E-04  1.117191E-06  9.712904E-07  3.150037E-04  4.285320E-04  3.028475E-05  8.980782E-07  1.142718E-06  1.916579E-06
 2.861500E+02  1.597043E-01  6.985125E-05  6.980820E-09  9.201173E-09  1.024652E-08  1.226581E-08  4.929942E-02  1.568131E-05  3.631056E-08  5.990933E-01  9.499620E-03  1.042157E-03  2.353504E-05  6.180141E-04  2.921269E-08  9.980226E-08  3.742193E-08  1.797468E-01  1.241852E-04  1.083419E-06  9.411827E-07  3.088202E-04  4.201024E-04  2.826879E-05  8.361710E-07  1.064344E-06  1.814728E-06
 2.871500E+02  1.608241E-01  6.962169E-05  6.812873E-09  8.982573E-09  1.000376E-08  1.197866E-08  4.931290E-02  1.533534E-05  3.372884E-08  6.004548E-01  9.330493E-03  9.751412E-04  2.280415E-05  6.074785E-04  2.757189E-08  9.447570E-08  3.600330E-08  1.775224E-01  1.181633E-04  1.050748E-06  9.120826E-07  3.027984E-04  4.118940E-04  2.639930E-05  7.789295E-07  9.918510E-07  1.718837E-06
 2.881500E+02  1.619294E-01  6.938472E-05  6.648816E-09  8.768948E-09  9.766508E-09  1.169791E-08  4.932602E-02  1.499964E-05  3.134807E-08  6.017930E-01  9.165249E-03  9.128186E-04  2.210019E-05  5.971594E-04  2.603286E-08  8.946464E-08  3.464394E-08  1.753265E-01  1.124626E-04  1.019141E-06  8.839559E-07  2.969332E-04  4.038999E-04  2.466483E-05  7.259744E-07  9.247623E-07  1.628528E-06
 2.891500E+02  1.630203E-01  6.914069E-05  6.488586E-09  8.560224E-09  9.534673E-09  1.142347E-08  4.933879E-02  1.467385E-05  2.915134E-08  6.031084E-01  9.003788E-03  8.548361E-04  2.142203E-05  5.870522E-04  2.458873E-08  8.474873E-08  3.334122E-08  1.731590E-01  1.070645E-04  9.885643E-07  8.567698E-07  2.912199E-04  3.961137E-04  2.305487E-05  6.769593E-07  8.626428E-07  1.543450E-06
 2.901500E+02  1.640969E-01  6.888991E-05  6.332122E-09  8.356322E-09  9.308174E-09  1.115525E-08  4.935124E-02  1.435762E-05  2.712329E-08  6.044014E-01  8.846015E-03  8.008690E-04  2.076863E-05  5.771525E-04  2.323315E-08  8.030904E-08  3.209261E-08  1.710199E-01  1.019519E-04  9.589835E-07  8.304923E-07  2.856538E-04  3.885289E-04  2.155980E-05  6.315676E-07  8.050950E-07  1.463275E-06
 2.911500E+02  1.651591E-01  6.863272E-05  6.179359E-09  8.157165E-09  9.086927E-09  1.089315E-08  4.936336E-02  1.405062E-05  2.524991E-08  6.056726E-01  8.691835E-03  7.506182E-04  2.013897E-05  5.674558E-04  2.196023E-08  7.612793E-08  3.089573E-08  1.689089E-01  9.710851E-05  9.303660E-07  8.050925E-07  2.802306E-04  3.811393E-04  2.017076E-05  5.895100E-07  7.517554E-07  1.387697E-06
 2.921500E+02  1.662071E-01  6.836942E-05  6.030232E-09  7.962673E-09  8.870844E-09  1.063708E-08  4.937516E-02  1.375251E-05  2.351843E-08  6.069224E-01  8.541156E-03  7.038086E-04  1.953209E-05  5.579577E-04  2.076448E-08  7.218900E-08  2.974828E-08  1.668261E-01  9.251896E-05  9.026798E-07  7.805405E-07  2.749457E-04  3.739391E-04  1.887966E-05  5.505219E-07  7.022911E-07  1.316432E-06
 2.931500E+02  1.672410E-01  6.810033E-05  5.884677E-09  7.772767E-09  8.659837E-09  1.038693E-08  4.938667E-02  1.346299E-05  2.191723E-08  6.081511E-01  8.393890E-03  6.601864E-04  1.894706E-05  5.486542E-04  1.964084E-08  6.847694E-08  2.864809E-08  1.647711E-01  8.816894E-05  8.758942E-07  7.568074E-07  2.697952E-04  3.669225E-04  1.767903E-05  5.143611E-07  6.563978E-07  1.249212E-06
 2.941500E+02  1.682609E-01  6.782576E-05  5.742629E-09  7.587366E-09  8.453819E-09  1.014261E-08  4.939789E-02  1.318175E-05  2.043570E-08  6.093594E-01  8.249948E-03  6.195181E-04  1.838300E-05  5.395409E-04  1.858455E-08  6.497750E-08  2.759306E-08  1.627439E-01  8.404495E-05  8.499794E-07  7.338653E-07  2.647749E-04  3.600839E-04  1.656204E-05  4.808059E-07  6.137965E-07  1.185788E-06
 2.951500E+02  1.692668E-01  6.754600E-05  5.604023E-09  7.406389E-09  8.252700E-09  9.904011E-09  4.940882E-02  1.290852E-05  1.906415E-08  6.105475E-01  8.109246E-03  5.815881E-04  1.783906E-05  5.306139E-04  1.759125E-08  6.167739E-08  2.658122E-08  1.607443E-01  8.013430E-05  8.249063E-07  7.116870E-07  2.598809E-04  3.534179E-04  1.552239E-05  4.496532E-07  5.742316E-07  1.125929E-06
 2.961500E+02  1.702589E-01  6.726135E-05  5.468793E-09  7.229754E-09  8.056391E-09  9.671042E-09  4.941948E-02  1.264300E-05  1.779374E-08  6.117159E-01  7.971700E-03  5.461977E-04  1.731444E-05  5.218692E-04  1.665683E-08  5.856421E-08  2.561068E-08  1.587721E-01  7.642506E-05  8.006471E-07  6.902464E-07  2.551095E-04  3.469194E-04  1.455429E-05  4.207168E-07  5.374688E-07  1.069416E-06
 2.971500E+02  1.712372E-01  6.697209E-05  5.336873E-09  7.057381E-09  7.864802E-09  9.443596E-09  4.942988E-02  1.238495E-05  1.661639E-08  6.128649E-01  7.837228E-03  5.131635E-04  1.680835E-05  5.133028E-04  1.577751E-08  5.562640E-08  2.467962E-08  1.568270E-01  7.290600E-05  7.771746E-07  6.695181E-07  2.504569E-04  3.405834E-04  1.365242E-05  3.938260E-07  5.032932E-07  1.016046E-06
 2.981500E+02  1.722019E-01  6.667851E-05  5.208199E-09  6.889187E-09  7.677843E-09  9.221572E-09  4.944003E-02  1.213411E-05  1.552472E-08  6.139950E-01  7.705754E-03  4.823164E-04  1.632006E-05  5.049109E-04  1.494973E-08  5.285317E-08  2.378633E-08  1.549090E-01  6.956658E-05  7.544625E-07  6.494777E-07  2.459197E-04  3.344049E-04  1.281188E-05  3.688242E-07  4.715074E-07  9.656306E-07
 2.991500E+02  1.731530E-01  6.638086E-05  5.082704E-09  6.725090E-09  7.495424E-09  9.004867E-09  4.944992E-02  1.189022E-05  1.451195E-08  6.151064E-01  7.577198E-03  4.535001E-04  1.584886E-05  4.966899E-04  1.417022E-08  5.023444E-08  2.292915E-08  1.530177E-01  6.639686E-05  7.324855E-07  6.301016E-07  2.414944E-04  3.283793E-04  1.202817E-05  3.455676E-07  4.419304E-07  9.179909E-07
 3.001500E+02  1.740908E-01  6.607943E-05  4.960323E-09  6.565008E-09  7.317455E-09  8.793378E-09  4.945958E-02  1.165307E-05  1.357191E-08  6.161995E-01  7.451487E-03  4.265702E-04  1.539407E-05  4.886359E-04  1.343591E-08  4.776079E-08  2.210652E-08  1.511529E-01  6.338749E-05  7.112188E-07  6.113668E-07  2.371777E-04  3.225020E-04  1.129711E-05  3.239243E-07  4.143957E-07  8.729612E-07
 3.011500E+02  1.750153E-01  6.577446E-05  4.840991E-09  6.408861E-09  7.143846E-09  8.587004E-09  4.946900E-02  1.142241E-05  1.269893E-08  6.172746E-01  7.328548E-03  4.013933E-04  1.495504E-05  4.807454E-04  1.274393E-08  4.542344E-08  2.131694E-08  1.493144E-01  6.052967E-05  6.906387E-07  5.932513E-07  2.329664E-04  3.167688E-04  1.061489E-05  3.037728E-07  3.887503E-07  8.303858E-07
 3.021500E+02  1.759266E-01  6.546621E-05  4.724644E-09  6.256566E-09  6.974508E-09  8.385641E-09  4.947820E-02  1.119804E-05  1.188782E-08  6.183322E-01  7.208310E-03  3.778463E-04  1.453116E-05  4.730150E-04  1.209162E-08  4.321416E-08  2.055899E-08  1.475020E-01  5.781512E-05  6.707222E-07  5.757338E-07  2.288575E-04  3.111753E-04  9.977962E-06  2.850016E-07  3.648536E-07  7.901193E-07
 3.031500E+02  1.768249E-01  6.515491E-05  4.611216E-09  6.108043E-09  6.809351E-09  8.189187E-09  4.948718E-02  1.097975E-05  1.113381E-08  6.193724E-01  7.090704E-03  3.558149E-04  1.412182E-05  4.654410E-04  1.147651E-08  4.112526E-08  1.983129E-08  1.457154E-01  5.523605E-05  6.514470E-07  5.587935E-07  2.248480E-04  3.057174E-04  9.383077E-06  2.675082E-07  3.425761E-07  7.520253E-07
 3.041500E+02  1.777103E-01  6.484082E-05  4.500646E-09  5.963211E-09  6.648287E-09  7.997541E-09  4.949595E-02  1.076734E-05  1.043254E-08  6.203957E-01  6.975663E-03  3.351937E-04  1.372646E-05  4.580202E-04  1.089628E-08  3.914957E-08  1.913254E-08  1.439543E-01  5.278509E-05  6.327915E-07  5.424105E-07  2.209349E-04  3.003912E-04  8.827223E-06  2.511981E-07  3.217987E-07  7.159761E-07
 3.051500E+02  1.785830E-01  6.452414E-05  4.392869E-09  5.821991E-09  6.491228E-09  7.810602E-09  4.950451E-02  1.056060E-05  9.780001E-09  6.214023E-01  6.863122E-03  3.158851E-04  1.334454E-05  4.507492E-04  1.034876E-08  3.728036E-08  1.846150E-08  1.422185E-01  5.045534E-05  6.147349E-07  5.265657E-07  2.171155E-04  2.951929E-04  8.307625E-06  2.359845E-07  3.024117E-07  6.818522E-07
 3.061500E+02  1.794430E-01  6.420512E-05  4.287822E-09  5.684303E-09  6.338087E-09  7.628269E-09  4.951287E-02  1.035937E-05  9.172513E-09  6.223925E-01  6.753016E-03  2.977986E-04  1.297553E-05  4.436247E-04  9.831954E-09  3.551134E-08  1.781698E-08  1.405077E-01  4.824028E-05  5.972570E-07  5.112403E-07  2.133871E-04  2.901188E-04  7.821718E-06  2.217873E-07  2.843139E-07  6.495415E-07
 3.071500E+02  1.802906E-01  6.388395E-05  4.185444E-09  5.550069E-09  6.188776E-09  7.450443E-09  4.952104E-02  1.016346E-05  8.606695E-09  6.233666E-01  6.645285E-03  2.808505E-04  1.261894E-05  4.366436E-04  9.343964E-09  3.383661E-08  1.719785E-08  1.388217E-01  4.613376E-05  5.803383E-07  4.964166E-07  2.097470E-04  2.851652E-04  7.367131E-06  2.085326E-07  2.674123E-07  6.189388E-07
 3.081500E+02  1.811258E-01  6.356085E-05  4.085673E-09  5.419212E-09  6.043210E-09  7.277025E-09  4.952902E-02  9.972691E-06  8.079437E-09  6.243248E-01  6.539869E-03  2.649633E-04  1.227428E-05  4.298028E-04  8.883037E-09  3.225066E-08  1.660302E-08  1.371601E-01  4.412998E-05  5.639600E-07  4.820770E-07  2.061928E-04  2.803287E-04  6.941672E-06  1.961526E-07  2.516207E-07  5.899457E-07
 3.091500E+02  1.819489E-01  6.323602E-05  3.988449E-09  5.291654E-09  5.901304E-09  7.107917E-09  4.953681E-02  9.786910E-06  7.587881E-09  6.252676E-01  6.436708E-03  2.500649E-04  1.194111E-05  4.230992E-04  8.447533E-09  3.074833E-08  1.603146E-08  1.355227E-01  4.222348E-05  5.481039E-07  4.682049E-07  2.027220E-04  2.756061E-04  6.543316E-06  1.845844E-07  2.368599E-07  5.624696E-07
 3.101500E+02  1.827599E-01  6.290965E-05  3.893712E-09  5.167319E-09  5.762975E-09  6.943022E-09  4.954443E-02  9.605952E-06  7.129394E-09  6.261951E-01  6.335747E-03  2.360886E-04  1.161898E-05  4.165298E-04  8.035915E-09  2.932477E-08  1.548218E-08  1.339092E-01  4.040912E-05  5.327524E-07  4.547842E-07  1.993322E-04  2.709939E-04  6.170187E-06  1.737701E-07  2.230567E-07  5.364240E-07
 3.111500E+02  1.835589E-01  6.258192E-05  3.801403E-09  5.046133E-09  5.628140E-09  6.782245E-09  4.955187E-02  9.429664E-06  6.701556E-09  6.271076E-01  6.236930E-03  2.229726E-04  1.130747E-05  4.100917E-04  7.646750E-09  2.797544E-08  1.495424E-08  1.323194E-01  3.868204E-05  5.178884E-07  4.417992E-07  1.960211E-04  2.664891E-04  5.820550E-06  1.636563E-07  2.101434E-07  5.117274E-07
 3.121500E+02  1.843462E-01  6.225303E-05  3.711464E-09  4.928022E-09  5.496717E-09  6.625491E-09  4.955915E-02  9.257900E-06  6.302134E-09  6.280053E-01  6.140203E-03  2.106595E-04  1.100619E-05  4.037820E-04  7.278697E-09  2.669608E-08  1.444673E-08  1.307529E-01  3.703765E-05  5.034955E-07  4.292348E-07  1.927865E-04  2.620887E-04  5.492795E-06  1.541936E-07  1.980576E-07  4.883034E-07
 3.131500E+02  1.851219E-01  6.192313E-05  3.623838E-09  4.812912E-09  5.368625E-09  6.472666E-09  4.956627E-02  9.090518E-06  5.929073E-09  6.288886E-01  6.045514E-03  1.990959E-04  1.071474E-05  3.975979E-04  6.930499E-09  2.548271E-08  1.395880E-08  1.292094E-01  3.547164E-05  4.895579E-07  4.170766E-07  1.896263E-04  2.577897E-04  5.185435E-06  1.453363E-07  1.867415E-07  4.660802E-07
 3.141500E+02  1.858862E-01  6.159240E-05  3.538468E-09  4.700733E-09  5.243786E-09  6.323679E-09  4.957322E-02  8.927379E-06  5.580476E-09  6.297576E-01  5.952812E-03  1.882323E-04  1.043276E-05  3.915367E-04  6.600983E-09  2.433158E-08  1.348962E-08  1.276888E-01  3.397990E-05  4.760601E-07  4.053105E-07  1.865385E-04  2.535893E-04  4.897089E-06  1.370424E-07  1.761418E-07  4.449906E-07
 3.151500E+02  1.866391E-01  6.126100E-05  3.455299E-09  4.591413E-09  5.122121E-09  6.178439E-09  4.958002E-02  8.768352E-06  5.254594E-09  6.306127E-01  5.862048E-03  1.780227E-04  1.015989E-05  3.855957E-04  6.289049E-09  2.323918E-08  1.303841E-08  1.261905E-01  3.255861E-05  4.629874E-07  3.939231E-07  1.835209E-04  2.494848E-04  4.626478E-06  1.292726E-07  1.662089E-07  4.249712E-07
 3.161500E+02  1.873808E-01  6.092908E-05  3.374277E-09  4.484883E-09  5.003552E-09  6.036857E-09  4.958667E-02  8.613310E-06  4.949813E-09  6.314540E-01  5.773175E-03  1.684244E-04  9.895806E-06  3.797722E-04  5.993669E-09  2.220220E-08  1.260441E-08  1.247145E-01  3.120411E-05  4.503255E-07  3.829011E-07  1.805717E-04  2.454734E-04  4.372413E-06  1.219910E-07  1.568971E-07  4.059625E-07
 3.171500E+02  1.881115E-01  6.059679E-05  3.295348E-09  4.381074E-09  4.888006E-09  5.898845E-09  4.959318E-02  8.462131E-06  4.664643E-09  6.322818E-01  5.686144E-03  1.593975E-04  9.640168E-06  3.740638E-04  5.713877E-09  2.121754E-08  1.218691E-08  1.232604E-01  2.991296E-05  4.380605E-07  3.722321E-07  1.776889E-04  2.415527E-04  4.133793E-06  1.151641E-07  1.481640E-07  3.879085E-07
 3.181500E+02  1.888313E-01  6.026427E-05  3.218459E-09  4.279920E-09  4.775406E-09  5.764317E-09  4.959954E-02  8.314696E-06  4.397706E-09  6.330964E-01  5.600911E-03  1.509051E-04  9.392670E-06  3.684678E-04  5.448770E-09  2.028230E-08  1.178522E-08  1.218279E-01  2.868193E-05  4.261790E-07  3.619039E-07  1.748708E-04  2.377200E-04  3.909596E-06  1.087609E-07  1.399705E-07  3.707568E-07
 3.191500E+02  1.895404E-01  5.993166E-05  3.143560E-09  4.181354E-09  4.665681E-09  5.633187E-09  4.960576E-02  8.170890E-06  4.147729E-09  6.338979E-01  5.517432E-03  1.429129E-04  9.153014E-06  3.629818E-04  5.197501E-09  1.939374E-08  1.139869E-08  1.204166E-01  2.750795E-05  4.146682E-07  3.519047E-07  1.721156E-04  2.339730E-04  3.698872E-06  1.027527E-07  1.322801E-07  3.544578E-07
 3.201500E+02  1.902389E-01  5.959909E-05  3.070599E-09  4.085312E-09  4.558759E-09  5.505372E-09  4.961185E-02  8.030605E-06  3.913537E-09  6.346866E-01  5.435664E-03  1.353887E-04  8.920911E-06  3.576034E-04  4.959276E-09  1.854929E-08  1.102668E-08  1.190264E-01  2.638812E-05  4.035156E-07  3.422233E-07  1.694215E-04  2.303094E-04  3.500739E-06  9.711297E-08  1.250591E-07  3.389650E-07
 3.211500E+02  1.909270E-01  5.926668E-05  2.999528E-09  3.991730E-09  4.454570E-09  5.380790E-09  4.961781E-02  7.893734E-06  3.694039E-09  6.354627E-01  5.355565E-03  1.283027E-04  8.696089E-06  3.523302E-04  4.733351E-09  1.774653E-08  1.066861E-08  1.176570E-01  2.531969E-05  3.927092E-07  3.328488E-07  1.667869E-04  2.267269E-04  3.314375E-06  9.181702E-08  1.182762E-07  3.242346E-07
 3.221500E+02  1.916048E-01  5.893456E-05  2.930297E-09  3.900547E-09  4.353044E-09  5.259362E-09  4.962364E-02  7.760174E-06  3.488229E-09  6.362264E-01  5.277094E-03  1.216272E-04  8.478282E-06  3.471600E-04  4.519027E-09  1.698318E-08  1.032389E-08  1.163080E-01  2.430008E-05  3.822374E-07  3.237705E-07  1.642103E-04  2.232233E-04  3.139020E-06  8.684196E-08  1.119024E-07  3.102254E-07
 3.231500E+02  1.922724E-01  5.860283E-05  2.862860E-09  3.811700E-09  4.254114E-09  5.141008E-09  4.962935E-02  7.629827E-06  3.295173E-09  6.369780E-01  5.200212E-03  1.153363E-04  8.267238E-06  3.420905E-04  4.315647E-09  1.625711E-08  9.991985E-09  1.149791E-01  2.332684E-05  3.720889E-07  3.149784E-07  1.616900E-04  2.197965E-04  2.973962E-06  8.216655E-08  1.059106E-07  2.968986E-07
 3.241500E+02  1.929301E-01  5.827161E-05  2.797169E-09  3.725131E-09  4.157714E-09  5.025650E-09  4.963493E-02  7.502598E-06  3.114008E-09  6.377176E-01  5.124881E-03  1.094058E-04  8.062715E-06  3.371195E-04  4.122598E-09  1.556631E-08  9.672364E-09  1.136701E-01  2.239765E-05  3.622530E-07  3.064627E-07  1.592246E-04  2.164444E-04  2.818543E-06  7.777106E-08  1.002760E-07  2.842176E-07
 3.251500E+02  1.935778E-01  5.794100E-05  2.733180E-09  3.640780E-09  4.063780E-09  4.913214E-09  4.964040E-02  7.378395E-06  2.943931E-09  6.384454E-01  5.051062E-03  1.038133E-04  7.864478E-06  3.322448E-04  3.939300E-09  1.490889E-08  9.364528E-09  1.123807E-01  2.151031E-05  3.527191E-07  2.982139E-07  1.568125E-04  2.131650E-04  2.672148E-06  7.363718E-08  9.497504E-08  2.721481E-07
 3.261500E+02  1.942159E-01  5.761110E-05  2.670847E-09  3.558592E-09  3.972247E-09  4.803625E-09  4.964575E-02  7.257128E-06  2.784201E-09  6.391617E-01  4.978721E-03  9.853775E-05  7.672305E-06  3.274643E-04  3.765211E-09  1.428304E-08  9.067998E-09  1.111106E-01  2.066277E-05  3.434772E-07  2.902230E-07  1.544525E-04  2.099564E-04  2.534204E-06  6.974788E-08  8.998628E-08  2.606575E-07
 3.271500E+02  1.948444E-01  5.728201E-05  2.610128E-09  3.478508E-09  3.883054E-09  4.696810E-09  4.965099E-02  7.138712E-06  2.634128E-09  6.398667E-01  4.907820E-03  9.355959E-05  7.485980E-06  3.227760E-04  3.599821E-09  1.368711E-08  8.782316E-09  1.098596E-01  1.985304E-05  3.345175E-07  2.824811E-07  1.521430E-04  2.068167E-04  2.404179E-06  6.608734E-08  8.528955E-08  2.497152E-07
 3.281500E+02  1.954635E-01  5.695382E-05  2.550979E-09  3.400476E-09  3.796140E-09  4.592699E-09  4.965612E-02  7.023064E-06  2.493073E-09  6.405605E-01  4.838327E-03  8.886053E-05  7.305298E-06  3.181779E-04  3.442649E-09  1.311950E-08  8.507045E-09  1.086272E-01  1.907928E-05  3.258307E-07  2.749797E-07  1.498828E-04  2.037442E-04  2.281576E-06  6.264082E-08  8.086613E-08  2.392926E-07
 3.291500E+02  1.960732E-01  5.662660E-05  2.493359E-09  3.324442E-09  3.711447E-09  4.491222E-09  4.966115E-02  6.910104E-06  2.360443E-09  6.412434E-01  4.770207E-03  8.442351E-05  7.130060E-06  3.136679E-04  3.293247E-09  1.257872E-08  8.241765E-09  1.074134E-01  1.833972E-05  3.174077E-07  2.677107E-07  1.476706E-04  2.007369E-04  2.165932E-06  5.939464E-08  7.669862E-08  2.293622E-07
 3.301500E+02  1.966739E-01  5.630045E-05  2.437228E-09  3.250352E-09  3.628915E-09  4.392311E-09  4.966607E-02  6.799755E-06  2.235686E-09  6.419154E-01  4.703428E-03  8.023257E-05  6.960075E-06  3.092442E-04  3.151188E-09  1.206337E-08  7.986075E-09  1.062177E-01  1.763269E-05  3.092396E-07  2.606662E-07  1.455051E-04  1.977934E-04  2.056814E-06  5.633604E-08  7.277078E-08  2.198986E-07
 3.311500E+02  1.972655E-01  5.597545E-05  2.382547E-09  3.178156E-09  3.548488E-09  4.295899E-09  4.967089E-02  6.691941E-06  2.118289E-09  6.425769E-01  4.637958E-03  7.627283E-05  6.795161E-06  3.049049E-04  3.016076E-09  1.157211E-08  7.739591E-09  1.050400E-01  1.695663E-05  3.013181E-07  2.538387E-07  1.433852E-04  1.949118E-04  1.953821E-06  5.345315E-08  6.906752E-08  2.108775E-07
 3.321500E+02  1.978482E-01  5.565166E-05  2.329275E-09  3.107805E-09  3.470111E-09  4.201923E-09  4.967561E-02  6.586592E-06  2.007778E-09  6.432280E-01  4.573767E-03  7.253035E-05  6.635141E-06  3.006481E-04  2.887534E-09  1.110371E-08  7.501946E-09  1.038799E-01  1.631003E-05  2.936350E-07  2.472206E-07  1.413096E-04  1.920905E-04  1.856575E-06  5.073491E-08  6.557476E-08  2.022761E-07
 3.331500E+02  1.984222E-01  5.532915E-05  2.277377E-09  3.039249E-09  3.393731E-09  4.110317E-09  4.968024E-02  6.483636E-06  1.903708E-09  6.438689E-01  4.510823E-03  6.899212E-05  6.479848E-06  2.964721E-04  2.765209E-09  1.065698E-08  7.272788E-09  1.027371E-01  1.569147E-05  2.861824E-07  2.408051E-07  1.392772E-04  1.893281E-04  1.764726E-06  4.817102E-08  6.227938E-08  1.940727E-07
 3.341500E+02  1.989876E-01  5.500799E-05  2.226814E-09  2.972440E-09  3.319293E-09  4.021021E-09  4.968477E-02  6.383007E-06  1.805668E-09  6.444998E-01  4.449099E-03  6.564596E-05  6.329119E-06  2.923751E-04  2.648769E-09  1.023080E-08  7.051782E-09  1.016115E-01  1.509961E-05  2.789527E-07  2.345853E-07  1.372870E-04  1.866231E-04  1.677947E-06  4.575186E-08  5.916914E-08  1.862472E-07
 3.351500E+02  1.995445E-01  5.468825E-05  2.177551E-09  2.907334E-09  3.246748E-09  3.933974E-09  4.968921E-02  6.284639E-06  1.713275E-09  6.451207E-01  4.388566E-03  6.248047E-05  6.182796E-06  2.883554E-04  2.537900E-09  9.824128E-09  6.838605E-09  1.005028E-01  1.453318E-05  2.719385E-07  2.285546E-07  1.353377E-04  1.839738E-04  1.595929E-06  4.346848E-08  5.623263E-08  1.787802E-07
 3.361500E+02  2.000931E-01  5.436999E-05  2.129554E-09  2.843883E-09  3.176044E-09  3.849117E-09  4.969356E-02  6.188469E-06  1.626171E-09  6.457320E-01  4.329195E-03  5.948499E-05  6.040732E-06  2.844112E-04  2.432307E-09  9.435969E-09  6.632949E-09  9.941061E-02  1.399097E-05  2.651328E-07  2.227066E-07  1.334285E-04  1.813790E-04  1.518388E-06  4.131252E-08  5.345919E-08  1.716535E-07
 3.371500E+02  2.006334E-01  5.405325E-05  2.082787E-09  2.782044E-09  3.107132E-09  3.766392E-09  4.969783E-02  6.094436E-06  1.544025E-09  6.463337E-01  4.270961E-03  5.664953E-05  5.902780E-06  2.805411E-04  2.331713E-09  9.065385E-09  6.434519E-09  9.833478E-02  1.347184E-05  2.585287E-07  2.170353E-07  1.315582E-04  1.788372E-04  1.445055E-06  3.927617E-08  5.083890E-08  1.648500E-07
 3.381500E+02  2.011657E-01  5.373809E-05  2.037218E-09  2.721775E-09  3.039966E-09  3.685743E-09  4.970201E-02  6.002481E-06  1.466525E-09  6.469261E-01  4.213836E-03  5.396473E-05  5.768803E-06  2.767433E-04  2.235854E-09  8.711490E-09  6.243031E-09  9.727503E-02  1.297469E-05  2.521196E-07  2.115347E-07  1.297259E-04  1.763472E-04  1.375679E-06  3.735215E-08  4.836244E-08  1.583536E-07
 3.391500E+02  2.016900E-01  5.342456E-05  1.992814E-09  2.663032E-09  2.974497E-09  3.607116E-09  4.970611E-02  5.912547E-06  1.393383E-09  6.475092E-01  4.157795E-03  5.142185E-05  5.638666E-06  2.730163E-04  2.144485E-09  8.373449E-09  6.058216E-09  9.623112E-02  1.249850E-05  2.458991E-07  2.061992E-07  1.279307E-04  1.739076E-04  1.310028E-06  3.553365E-08  4.602116E-08  1.521487E-07
 3.401500E+02  2.022064E-01  5.311271E-05  1.949544E-09  2.605775E-09  2.910682E-09  3.530456E-09  4.971013E-02  5.824579E-06  1.324331E-09  6.480833E-01  4.102814E-03  4.901266E-05  5.512241E-06  2.693586E-04  2.057372E-09  8.050471E-09  5.879814E-09  9.520278E-02  1.204229E-05  2.398611E-07  2.010232E-07  1.261716E-04  1.715171E-04  1.247881E-06  3.381432E-08  4.380694E-08  1.462210E-07
 3.411500E+02  2.027152E-01  5.280258E-05  1.907377E-09  2.549965E-09  2.848476E-09  3.455713E-09  4.971406E-02  5.738523E-06  1.259115E-09  6.486486E-01  4.048868E-03  4.672947E-05  5.389405E-06  2.657687E-04  1.974294E-09  7.741807E-09  5.707576E-09  9.418978E-02  1.160512E-05  2.339997E-07  1.960014E-07  1.244477E-04  1.691745E-04  1.189033E-06  3.218821E-08  4.171221E-08  1.405568E-07
 3.421500E+02  2.032164E-01  5.249421E-05  1.866283E-09  2.495562E-09  2.787835E-09  3.382834E-09  4.971793E-02  5.654327E-06  1.197503E-09  6.492051E-01  3.995934E-03  4.456506E-05  5.270038E-06  2.622451E-04  1.895045E-09  7.446750E-09  5.541265E-09  9.319187E-02  1.118613E-05  2.283090E-07  1.911288E-07  1.227582E-04  1.668787E-04  1.133293E-06  3.064977E-08  3.972986E-08  1.351429E-07
 3.431500E+02  2.037101E-01  5.218763E-05  1.826233E-09  2.442529E-09  2.728717E-09  3.311770E-09  4.972171E-02  5.571942E-06  1.139274E-09  6.497530E-01  3.943988E-03  4.251266E-05  5.154026E-06  2.587864E-04  1.819429E-09  7.164631E-09  5.380653E-09  9.220881E-02  1.078446E-05  2.227837E-07  1.864005E-07  1.211022E-04  1.646285E-04  1.080478E-06  2.919381E-08  3.785327E-08  1.299673E-07
 3.441500E+02  2.041964E-01  5.188290E-05  1.787199E-09  2.390828E-09  2.671082E-09  3.242474E-09  4.972543E-02  5.491318E-06  1.084225E-09  6.502924E-01  3.893008E-03  4.056592E-05  5.041258E-06  2.553913E-04  1.747260E-09  6.894818E-09  5.225521E-09  9.124037E-02  1.039932E-05  2.174182E-07  1.818116E-07  1.194789E-04  1.624228E-04  1.030422E-06  2.781545E-08  3.607622E-08  1.250181E-07
 3.451500E+02  2.046756E-01  5.158003E-05  1.749152E-09  2.340425E-09  2.614891E-09  3.174898E-09  4.972907E-02  5.412409E-06  1.032164E-09  6.508236E-01  3.842972E-03  3.871886E-05  4.931629E-06  2.520582E-04  1.678365E-09  6.636712E-09  5.075660E-09  9.028631E-02  1.002996E-05  2.122075E-07  1.773575E-07  1.178875E-04  1.602604E-04  9.829660E-07  2.651016E-08  3.439291E-08  1.202845E-07
 3.461500E+02  2.051476E-01  5.127906E-05  1.712067E-09  2.291283E-09  2.560103E-09  3.108996E-09  4.973264E-02  5.335169E-06  9.829123E-10  6.513467E-01  3.793860E-03  3.696591E-05  4.825035E-06  2.487860E-04  1.612577E-09  6.389744E-09  4.930869E-09  8.934641E-02  9.675663E-06  2.071465E-07  1.730340E-07  1.163272E-04  1.581404E-04  9.379610E-07  2.527366E-08  3.279789E-08  1.157560E-07
 3.471500E+02  2.056126E-01  5.098001E-05  1.675916E-09  2.243369E-09  2.506682E-09  3.044725E-09  4.973614E-02  5.259554E-06  9.363033E-10  6.518617E-01  3.745650E-03  3.530178E-05  4.721379E-06  2.455733E-04  1.549741E-09  6.153379E-09  4.790956E-09  8.842043E-02  9.335741E-06  2.022306E-07  1.688366E-07  1.147972E-04  1.560616E-04  8.952681E-07  2.410196E-08  3.128606E-08  1.114227E-07
 3.481500E+02  2.060707E-01  5.068292E-05  1.640675E-09  2.196650E-09  2.454590E-09  2.982039E-09  4.973958E-02  5.185522E-06  8.921805E-10  6.523689E-01  3.698322E-03  3.372155E-05  4.620566E-06  2.424189E-04  1.489710E-09  5.927107E-09  4.655736E-09  8.750815E-02  9.009547E-06  1.974549E-07  1.647612E-07  1.132969E-04  1.540232E-04  8.547566E-07  2.299133E-08  2.985264E-08  1.072753E-07
 3.491500E+02  2.065221E-01  5.038780E-05  1.606318E-09  2.151093E-09  2.403792E-09  2.920898E-09  4.974295E-02  5.113031E-06  8.503978E-10  6.528683E-01  3.651858E-03  3.222056E-05  4.522503E-06  2.393215E-04  1.432344E-09  5.710446E-09  4.525033E-09  8.660935E-02  8.696464E-06  1.928151E-07  1.608040E-07  1.118255E-04  1.520241E-04  8.163040E-07  2.193826E-08  2.849314E-08  1.033049E-07
 3.501500E+02  2.069668E-01  5.009468E-05  1.572822E-09  2.106668E-09  2.354254E-09  2.861260E-09  4.974626E-02  5.042040E-06  8.108182E-10  6.533601E-01  3.606236E-03  3.079446E-05  4.427104E-06  2.362799E-04  1.377512E-09  5.502940E-09  4.398677E-09  8.572382E-02  8.395905E-06  1.883067E-07  1.569610E-07  1.103824E-04  1.500633E-04  7.797951E-07  2.093946E-08  2.720336E-08  9.950311E-08
 3.511500E+02  2.074049E-01  4.980358E-05  1.540163E-09  2.063344E-09  2.305940E-09  2.803084E-09  4.974951E-02  4.972512E-06  7.733138E-10  6.538445E-01  3.561440E-03  2.943914E-05  4.334282E-06  2.332929E-04  1.325088E-09  5.304156E-09  4.276506E-09  8.485133E-02  8.107312E-06  1.839257E-07  1.532285E-07  1.089668E-04  1.481401E-04  7.451217E-07  1.999184E-08  2.597937E-08  9.586193E-08
 3.521500E+02  2.078366E-01  4.951451E-05  1.508319E-09  2.021090E-09  2.258819E-09  2.746333E-09  4.975270E-02  4.904408E-06  7.377643E-10  6.543215E-01  3.517450E-03  2.815074E-05  4.243957E-06  2.303594E-04  1.274956E-09  5.113684E-09  4.158363E-09  8.399168E-02  7.830155E-06  1.796679E-07  1.496030E-07  1.075781E-04  1.462534E-04  7.121822E-07  1.909253E-08  2.481745E-08  9.237381E-08
 3.531500E+02  2.082619E-01  4.922750E-05  1.477266E-09  1.979879E-09  2.212857E-09  2.690967E-09  4.975582E-02  4.837691E-06  7.040574E-10  6.547914E-01  3.474249E-03  2.692563E-05  4.156048E-06  2.274782E-04  1.227003E-09  4.931134E-09  4.044099E-09  8.314466E-02  7.563928E-06  1.755295E-07  1.460811E-07  1.062157E-04  1.444025E-04  6.808810E-07  1.823879E-08  2.371413E-08  8.903160E-08
 3.541500E+02  2.086810E-01  4.894256E-05  1.446984E-09  1.939682E-09  2.168025E-09  2.636950E-09  4.975889E-02  4.772327E-06  6.720875E-10  6.552541E-01  3.431820E-03  2.576039E-05  4.070481E-06  2.246483E-04  1.181123E-09  4.756136E-09  3.933570E-09  8.231006E-02  7.308150E-06  1.715067E-07  1.426594E-07  1.048789E-04  1.425864E-04  6.511285E-07  1.742809E-08  2.266615E-08  8.582848E-08
 3.551500E+02  2.090940E-01  4.865970E-05  1.417452E-09  1.900472E-09  2.124291E-09  2.584246E-09  4.976191E-02  4.708281E-06  6.417558E-10  6.557099E-01  3.390146E-03  2.465180E-05  3.987182E-06  2.218685E-04  1.137218E-09  4.588342E-09  3.826639E-09  8.148768E-02  7.062364E-06  1.675959E-07  1.393346E-07  1.035671E-04  1.408044E-04  6.228401E-07  1.665802E-08  2.167045E-08  8.275800E-08
 3.561500E+02  2.095009E-01  4.837892E-05  1.388649E-09  1.862222E-09  2.081626E-09  2.532821E-09  4.976486E-02  4.645520E-06  6.129697E-10  6.561589E-01  3.349211E-03  2.359683E-05  3.906079E-06  2.191378E-04  1.095191E-09  4.427417E-09  3.723174E-09  8.067732E-02  6.826134E-06  1.637935E-07  1.361037E-07  1.022799E-04  1.390556E-04  5.959365E-07  1.592634E-08  2.072414E-08  7.981404E-08
 3.571500E+02  2.099018E-01  4.810026E-05  1.360556E-09  1.824906E-09  2.040001E-09  2.482639E-09  4.976777E-02  4.584011E-06  5.856419E-10  6.566011E-01  3.308998E-03  2.259262E-05  3.827105E-06  2.164552E-04  1.054953E-09  4.273047E-09  3.623047E-09  7.987878E-02  6.599044E-06  1.600961E-07  1.329638E-07  1.010165E-04  1.373394E-04  5.703427E-07  1.523094E-08  1.982452E-08  7.699078E-08
 3.581500E+02  2.102970E-01  4.782370E-05  1.333153E-09  1.788500E-09  1.999389E-09  2.433668E-09  4.977062E-02  4.523722E-06  5.596909E-10  6.570367E-01  3.269492E-03  2.163649E-05  3.750194E-06  2.138197E-04  1.016419E-09  4.124932E-09  3.526136E-09  7.909187E-02  6.380701E-06  1.565006E-07  1.299118E-07  9.977652E-05  1.356549E-04  5.459885E-07  1.456983E-08  1.896903E-08  7.428269E-08
 3.591500E+02  2.106864E-01  4.754926E-05  1.306421E-09  1.752978E-09  1.959762E-09  2.385876E-09  4.977342E-02  4.464625E-06  5.350400E-10  6.574658E-01  3.230677E-03  2.072590E-05  3.675282E-06  2.112303E-04  9.795080E-10  3.982787E-09  3.432326E-09  7.831641E-02  6.170726E-06  1.530036E-07  1.269450E-07  9.855933E-05  1.340014E-04  5.228077E-07  1.394114E-08  1.815530E-08  7.168452E-08
 3.601500E+02  2.110701E-01  4.727694E-05  1.280343E-09  1.718317E-09  1.921094E-09  2.339231E-09  4.977616E-02  4.406688E-06  5.116170E-10  6.578886E-01  3.192540E-03  1.985847E-05  3.602308E-06  2.086860E-04  9.441442E-10  3.846342E-09  3.341503E-09  7.755219E-02  5.968761E-06  1.496021E-07  1.240608E-07  9.736442E-05  1.323782E-04  5.007377E-07  1.334311E-08  1.738105E-08  6.919129E-08
 3.611500E+02  2.114482E-01  4.700676E-05  1.254900E-09  1.684494E-09  1.883359E-09  2.293703E-09  4.977886E-02  4.349884E-06  4.893544E-10  6.583051E-01  3.155065E-03  1.903193E-05  3.531212E-06  2.061859E-04  9.102547E-10  3.715339E-09  3.253561E-09  7.679905E-02  5.774465E-06  1.462933E-07  1.212565E-07  9.619129E-05  1.307846E-04  4.797199E-07  1.277409E-08  1.664418E-08  6.679826E-08
 3.621500E+02  2.118209E-01  4.673870E-05  1.230076E-09  1.651487E-09  1.846533E-09  2.249262E-09  4.978151E-02  4.294184E-06  4.681885E-10  6.587154E-01  3.118238E-03  1.824416E-05  3.461939E-06  2.037291E-04  8.777707E-10  3.589536E-09  3.168394E-09  7.605679E-02  5.587511E-06  1.430741E-07  1.185296E-07  9.503944E-05  1.292199E-04  4.596987E-07  1.223253E-08  1.594268E-08  6.450092E-08
 3.631500E+02  2.121882E-01  4.647279E-05  1.205853E-09  1.619274E-09  1.810590E-09  2.205880E-09  4.978412E-02  4.239562E-06  4.480595E-10  6.591196E-01  3.082046E-03  1.749316E-05  3.394431E-06  2.013147E-04  8.466270E-10  3.468700E-09  3.085905E-09  7.532523E-02  5.407588E-06  1.399419E-07  1.158777E-07  9.390840E-05  1.276835E-04  4.406221E-07  1.171695E-08  1.527468E-08  6.229500E-08
 3.641500E+02  2.125503E-01  4.620900E-05  1.182216E-09  1.587833E-09  1.775507E-09  2.163528E-09  4.978667E-02  4.185991E-06  4.289110E-10  6.595179E-01  3.046475E-03  1.677703E-05  3.328637E-06  1.989417E-04  8.167617E-10  3.352609E-09  3.005997E-09  7.460421E-02  5.234401E-06  1.368940E-07  1.132984E-07  9.279770E-05  1.261747E-04  4.224406E-07  1.122598E-08  1.463841E-08  6.017641E-08
 3.651500E+02  2.129071E-01  4.594736E-05  1.159149E-09  1.557143E-09  1.741262E-09  2.122180E-09  4.978919E-02  4.133445E-06  4.106903E-10  6.599104E-01  3.011513E-03  1.609399E-05  3.264504E-06  1.966095E-04  7.881160E-10  3.241055E-09  2.928579E-09  7.389355E-02  5.067666E-06  1.339277E-07  1.107895E-07  9.170687E-05  1.246930E-04  4.051080E-07  1.075831E-08  1.403218E-08  5.814130E-08
 3.661500E+02  2.132588E-01  4.568785E-05  1.136637E-09  1.527186E-09  1.707832E-09  2.081808E-09  4.979165E-02  4.081901E-06  3.933474E-10  6.602971E-01  2.977145E-03  1.544235E-05  3.201984E-06  1.943171E-04  7.606340E-10  3.133837E-09  2.853562E-09  7.319308E-02  4.907113E-06  1.310407E-07  1.083488E-07  9.063547E-05  1.232377E-04  3.885802E-07  1.031273E-08  1.345444E-08  5.618597E-08
 3.671500E+02  2.136055E-01  4.543047E-05  1.114663E-09  1.497940E-09  1.675196E-09  2.042387E-09  4.979408E-02  4.031334E-06  3.768356E-10  6.606781E-01  2.943361E-03  1.482051E-05  3.141027E-06  1.920636E-04  7.342628E-10  3.030766E-09  2.780862E-09  7.250263E-02  4.752487E-06  1.282305E-07  1.059742E-07  8.958308E-05  1.218082E-04  3.728161E-07  9.888075E-09  1.290370E-08  5.430692E-08
 3.681500E+02  2.139472E-01  4.517523E-05  1.093215E-09  1.469388E-09  1.643332E-09  2.003892E-09  4.979646E-02  3.981720E-06  3.611105E-10  6.610536E-01  2.910147E-03  1.422697E-05  3.081588E-06  1.898484E-04  7.089519E-10  2.931661E-09  2.710398E-09  7.182203E-02  4.603540E-06  1.254947E-07  1.036636E-07  8.854926E-05  1.204039E-04  3.577765E-07  9.483257E-09  1.237856E-08  5.250081E-08
 3.691500E+02  2.142840E-01  4.492211E-05  1.072278E-09  1.441511E-09  1.612220E-09  1.966298E-09  4.979880E-02  3.933038E-06  3.461308E-10  6.614237E-01  2.877492E-03  1.366031E-05  3.023622E-06  1.876707E-04  6.846535E-10  2.836349E-09  2.642090E-09  7.115113E-02  4.460038E-06  1.228312E-07  1.014151E-07  8.753362E-05  1.190243E-04  3.434246E-07  9.097249E-09  1.187769E-08  5.076446E-08
 3.701500E+02  2.146161E-01  4.467112E-05  1.051838E-09  1.414291E-09  1.581839E-09  1.929582E-09  4.980110E-02  3.885264E-06  3.318570E-10  6.617883E-01  2.845384E-03  1.311918E-05  2.967085E-06  1.855296E-04  6.613222E-10  2.744668E-09  2.575865E-09  7.048977E-02  4.321759E-06  1.202377E-07  9.922679E-08  8.653574E-05  1.176689E-04  3.297255E-07  8.729082E-09  1.139986E-08  4.909486E-08
 3.711500E+02  2.149434E-01  4.442225E-05  1.031882E-09  1.387710E-09  1.552171E-09  1.893721E-09  4.980337E-02  3.838378E-06  3.182524E-10  6.621477E-01  2.813812E-03  1.260231E-05  2.911936E-06  1.834244E-04  6.389148E-10  2.656460E-09  2.511649E-09  6.983778E-02  4.188488E-06  1.177121E-07  9.709679E-08  8.555525E-05  1.163371E-04  3.166464E-07  8.377842E-09  1.094389E-08  4.748912E-08
 3.721500E+02  2.152661E-01  4.417549E-05  1.012398E-09  1.361752E-09  1.523198E-09  1.858693E-09  4.980559E-02  3.792359E-06  3.052821E-10  6.625019E-01  2.782765E-03  1.210850E-05  2.858134E-06  1.813545E-04  6.173900E-10  2.571577E-09  2.449374E-09  6.919502E-02  4.060021E-06  1.152524E-07  9.502333E-08  8.459176E-05  1.150284E-04  3.041561E-07  8.042665E-09  1.050867E-08  4.594449E-08
 3.731500E+02  2.155843E-01  4.393084E-05  9.933718E-10  1.336401E-09  1.494899E-09  1.824475E-09  4.980777E-02  3.747186E-06  2.929132E-10  6.628511E-01  2.752232E-03  1.163660E-05  2.805641E-06  1.793190E-04  5.967090E-10  2.489878E-09  2.388971E-09  6.856134E-02  3.936163E-06  1.128566E-07  9.300471E-08  8.364490E-05  1.137422E-04  2.922253E-07  7.722736E-09  1.009315E-08  4.445837E-08
