#         T/K            c1          c2-1          c3-4          c3-5          c3-7          c3-9            m1          m2-1          m3-1            w1            w2          w3-1          w3-2          c1m1        c1m2-1        c1m2-7        c2m1-1        c1w1-2        c1w2-1        c2w1-1        c2w1-9        m1w1-1        m1w1-4        m1w2-1        m2w1-1        m2w1-3      c1m1w1-1
 2.731500E+02  8.049548E-02  2.046803E-05  1.377963E-09  1.808609E-09  2.012222E-09  2.399324E-09  6.910479E-01  3.833883E-03  2.295773E-04  1.801374E-01  1.062922E-03  6.379164E-05  8.950647E-07  5.555626E-03  5.858805E-06  1.922460E-05  2.278139E-07  3.338280E-02  1.082637E-05  1.302590E-07  1.143812E-07  1.605351E-03  2.185315E-03  8.066133E-05  1.120399E-04  1.419000E-04  7.642668E-06
 2.741500E+02  8.083561E-02  2.026828E-05  1.329694E-09  1.745846E-09  1.942538E-09  2.316965E-09  6.912697E-01  3.744286E-03  2.120963E-04  1.804931E-01  1.042011E-03  5.932545E-05  8.647475E-07  5.437048E-03  5.488477E-06  1.806777E-05  2.171710E-07  3.282327E-02  1.022276E-05  1.252087E-07  1.098517E-07  1.571577E-03  2.139204E-03  7.488808E-05  1.037847E-04  1.314970E-04  7.183939E-06
 2.751500E+02  8.116867E-02  2.006966E-05  1.283254E-09  1.685439E-09  1.875463E-09  2.237662E-09  6.914835E-01  3.657449E-03  1.960638E-04  1.808406E-01  1.021610E-03  5.519707E-05  8.356184E-07  5.321574E-03  5.143834E-06  1.698768E-05  2.070790E-07  3.227466E-02  9.655930E-06  1.203748E-07  1.055202E-07  1.538722E-03  2.094353E-03  6.956275E-05  9.619033E-05  1.219231E-04  6.755355E-06
 2.761500E+02  8.149480E-02  1.987223E-05  1.238574E-09  1.627298E-09  1.810901E-09  2.161302E-09  6.916896E-01  3.573270E-03  1.813507E-04  1.811802E-01  1.001706E-03  5.137925E-05  8.076267E-07  5.209116E-03  4.822954E-06  1.597883E-05  1.975072E-07  3.173678E-02  9.123490E-06  1.157475E-07  1.013777E-07  1.506756E-03  2.050723E-03  6.464814E-05  8.920010E-05  1.131074E-04  6.354784E-06
 2.771500E+02  8.181414E-02  1.967607E-05  1.195586E-09  1.571338E-09  1.748755E-09  2.087776E-09  6.918884E-01  3.491655E-03  1.678402E-04  1.815119E-01  9.822852E-04  4.784705E-05  7.807238E-07  5.099591E-03  4.524066E-06  1.503613E-05  1.884267E-07  3.120946E-02  8.623201E-06  1.113174E-07  9.741528E-08  1.475653E-03  2.008276E-03  6.011032E-05  8.276238E-05  1.049854E-04  5.980257E-06
 2.781500E+02  8.212681E-02  1.948123E-05  1.154225E-09  1.517477E-09  1.688935E-09  2.016976E-09  6.920804E-01  3.412511E-03  1.554266E-04  1.818361E-01  9.633358E-04  4.457764E-05  7.548633E-07  4.992914E-03  4.245543E-06  1.415488E-05  1.798105E-07  3.069253E-02  8.152979E-06  1.070757E-07  9.362478E-08  1.445385E-03  1.966974E-03  5.591833E-05  7.683025E-05  9.749836E-05  5.629950E-06
 2.791500E+02  8.243295E-02  1.928779E-05  1.114429E-09  1.465635E-09  1.631352E-09  1.948802E-09  6.922657E-01  3.335748E-03  1.440140E-04  1.821530E-01  9.448453E-04  4.155013E-05  7.300008E-07  4.889007E-03  3.985886E-06  1.333074E-05  1.716328E-07  3.018579E-02  7.710884E-06  1.030139E-07  8.999826E-08  1.415928E-03  1.926783E-03  5.204391E-05  7.136104E-05  9.059298E-05  5.302174E-06
 2.801500E+02  8.273270E-02  1.909580E-05  1.076137E-09  1.415734E-09  1.575921E-09  1.883153E-09  6.924447E-01  3.261282E-03  1.335155E-04  1.824627E-01  9.268015E-04  3.874539E-05  7.060940E-07  4.787790E-03  3.743711E-06  1.255968E-05  1.638696E-07  2.968909E-02  7.295108E-06  9.912391E-08  8.652818E-08  1.387255E-03  1.887667E-03  4.846126E-05  6.631591E-05  8.422064E-05  4.995367E-06
 2.811500E+02  8.302617E-02  1.890530E-05  1.039291E-09  1.367700E-09  1.522560E-09  1.819935E-09  6.926178E-01  3.189031E-03  1.238522E-04  1.827654E-01  9.091928E-04  3.614588E-05  6.831023E-07  4.689187E-03  3.517745E-06  1.183801E-05  1.564983E-07  2.920223E-02  6.903967E-06  9.539796E-08  8.320737E-08  1.359343E-03  1.849593E-03  4.514679E-05  6.165949E-05  7.833706E-05  4.708083E-06
 2.821500E+02  8.331350E-02  1.871635E-05  1.003835E-09  1.321462E-09  1.471189E-09  1.759056E-09  6.927852E-01  3.118916E-03  1.149526E-04  1.830614E-01  8.920075E-04  3.373552E-05  6.609871E-07  4.593125E-03  3.306814E-06  1.116228E-05  1.494974E-07  2.872504E-02  6.535889E-06  9.182871E-08  8.002897E-08  1.332168E-03  1.812530E-03  4.207896E-05  5.735956E-05  7.290189E-05  4.438979E-06
 2.831500E+02  8.359482E-02  1.852900E-05  9.697151E-10  1.276950E-09  1.421733E-09  1.700426E-09  6.929471E-01  3.050862E-03  1.067515E-04  1.833507E-01  8.752346E-04  3.149958E-05  6.397114E-07  4.499531E-03  3.109833E-06  1.052931E-05  1.428467E-07  2.825733E-02  6.189410E-06  8.840912E-08  7.698646E-08  1.305707E-03  1.776446E-03  3.923806E-05  5.338673E-05  6.787832E-05  4.186813E-06
 2.841500E+02  8.387025E-02  1.834327E-05  9.368790E-10  1.234099E-09  1.374118E-09  1.643960E-09  6.931038E-01  2.984797E-03  9.918978E-05  1.836337E-01  8.588630E-04  2.942455E-05  6.192399E-07  4.408335E-03  2.925804E-06  9.936167E-06  1.365273E-07  2.779895E-02  5.863164E-06  8.513250E-08  7.407363E-08  1.279940E-03  1.741310E-03  3.660603E-05  4.971421E-05  6.323277E-05  3.950433E-06
 2.851500E+02  8.413992E-02  1.815920E-05  9.052767E-10  1.192844E-09  1.328273E-09  1.589576E-09  6.932555E-01  2.920651E-03  9.221372E-05  1.839103E-01  8.428823E-04  2.749800E-05  5.995389E-07  4.319470E-03  2.753803E-06  9.380121E-06  1.305213E-07  2.734970E-02  5.555876E-06  8.199243E-08  7.128456E-08  1.254844E-03  1.707094E-03  3.416638E-05  4.631754E-05  5.893458E-05  3.728770E-06
 2.861500E+02  8.440395E-02  1.797684E-05  8.748601E-10  1.153122E-09  1.284129E-09  1.537194E-09  6.934024E-01  2.858357E-03  8.577433E-05  1.841809E-01  8.272818E-04  2.570854E-05  5.805762E-07  4.232870E-03  2.592976E-06  8.858647E-06  1.248119E-07  2.690942E-02  5.266357E-06  7.898283E-08  6.861360E-08  1.230400E-03  1.673770E-03  3.190398E-05  4.317438E-05  5.495574E-05  3.520831E-06
 2.871500E+02  8.466245E-02  1.779620E-05  8.455828E-10  1.114876E-09  1.241622E-09  1.486737E-09  6.935448E-01  2.797851E-03  7.982704E-05  1.844456E-01  8.120517E-04  2.404572E-05  5.623209E-07  4.148470E-03  2.442536E-06  8.369404E-06  1.193830E-07  2.647793E-02  4.993497E-06  7.609785E-08  6.605538E-08  1.206587E-03  1.641310E-03  2.980498E-05  4.026435E-05  5.127067E-05  3.325699E-06
 2.881500E+02  8.491555E-02  1.761732E-05  8.174001E-10  1.078048E-09  1.200687E-09  1.438132E-09  6.936828E-01  2.739072E-03  7.433123E-05  1.847044E-01  7.971819E-04  2.249991E-05  5.447437E-07  4.066208E-03  2.301755E-06  7.910221E-06  1.142197E-07  2.605506E-02  4.736261E-06  7.333197E-08  6.360477E-08  1.183387E-03  1.609688E-03  2.785667E-05  3.756878E-05  4.785595E-05  3.142516E-06
 2.891500E+02  8.516336E-02  1.744021E-05  7.902693E-10  1.042582E-09  1.161264E-09  1.391307E-09  6.938166E-01  2.681960E-03  6.924986E-05  1.849576E-01  7.826631E-04  2.106227E-05  5.278164E-07  3.986024E-03  2.169958E-06  7.479084E-06  1.093079E-07  2.564064E-02  4.493681E-06  7.067986E-08  6.125689E-08  1.160780E-03  1.578879E-03  2.604740E-05  3.507063E-05  4.469017E-05  2.970492E-06
 2.901500E+02  8.540600E-02  1.726490E-05  7.641490E-10  1.008426E-09  1.123294E-09  1.346195E-09  6.939464E-01  2.626459E-03  6.454915E-05  1.852053E-01  7.684858E-04  1.972467E-05  5.115123E-07  3.907858E-03  2.046522E-06  7.074126E-06  1.046342E-07  2.523451E-02  4.264852E-06  6.813649E-08  5.900709E-08  1.138749E-03  1.548857E-03  2.436649E-05  3.275428E-05  4.175374E-05  2.808887E-06
 2.911500E+02  8.564357E-02  1.709140E-05  7.389996E-10  9.755286E-10  1.086720E-09  1.302730E-09  6.940723E-01  2.572513E-03  6.019826E-05  1.854477E-01  7.546409E-04  1.847964E-05  4.958057E-07  3.831655E-03  1.930871E-06  6.693611E-06  1.001860E-07  2.483649E-02  4.048931E-06  6.569704E-08  5.685095E-08  1.117277E-03  1.519600E-03  2.280412E-05  3.060545E-05  3.902870E-05  2.657018E-06
 2.921500E+02  8.587620E-02  1.691973E-05  7.147829E-10  9.438414E-10  1.051490E-09  1.260847E-09  6.941945E-01  2.520070E-03  5.616904E-05  1.856848E-01  7.411197E-04  1.732027E-05  4.806720E-07  3.757357E-03  1.822470E-06  6.335928E-06  9.595146E-08  2.444644E-02  3.845129E-06  6.335690E-08  5.478424E-08  1.096347E-03  1.491084E-03  2.135128E-05  2.861105E-05  3.649861E-05  2.514248E-06
 2.931500E+02  8.610398E-02  1.674991E-05  6.914625E-10  9.133171E-10  1.017550E-09  1.220487E-09  6.943132E-01  2.469080E-03  5.243575E-05  1.859168E-01  7.279136E-04  1.624025E-05  4.660879E-07  3.684912E-03  1.720824E-06  5.999580E-06  9.191934E-08  2.406417E-02  3.652708E-06  6.111169E-08  5.280293E-08  1.075943E-03  1.463287E-03  1.999968E-05  2.675909E-05  3.414840E-05  2.379984E-06
 2.941500E+02  8.632703E-02  1.658193E-05  6.690030E-10  8.839105E-10  9.848503E-10  1.181590E-09  6.944284E-01  2.419494E-03  4.897486E-05  1.861438E-01  7.150142E-04  1.523371E-05  4.520309E-07  3.614268E-03  1.625475E-06  5.683177E-06  8.807905E-08  2.368954E-02  3.470978E-06  5.895724E-08  5.090320E-08  1.056049E-03  1.436187E-03  1.874172E-05  2.503857E-05  3.196422E-05  2.253675E-06
 2.951500E+02  8.654545E-02  1.641581E-05  6.473707E-10  8.555780E-10  9.533429E-10  1.144101E-09  6.945403E-01  2.371265E-03  4.576485E-05  1.863660E-01  7.024134E-04  1.429529E-05  4.384796E-07  3.545373E-03  1.535998E-06  5.385426E-06  8.442062E-08  2.332239E-02  3.299294E-06  5.688955E-08  4.908139E-08  1.036651E-03  1.409765E-03  1.757040E-05  2.343940E-05  2.993339E-05  2.134810E-06
 2.961500E+02  8.675934E-02  1.625156E-05  6.265330E-10  8.282778E-10  9.229816E-10  1.107964E-09  6.946490E-01  2.324348E-03  4.278602E-05  1.865835E-01  6.901033E-04  1.342001E-05  4.254136E-07  3.478178E-03  1.451999E-06  5.105122E-06  8.093461E-08  2.296257E-02  3.137053E-06  5.490482E-08  4.733403E-08  1.017732E-03  1.383999E-03  1.647926E-05  2.195233E-05  2.804426E-05  2.022910E-06
 2.971500E+02  8.696881E-02  1.608918E-05  6.064589E-10  8.019699E-10  8.937217E-10  1.073129E-09  6.947547E-01  2.278700E-03  4.002033E-05  1.867963E-01  6.780762E-04  1.260330E-05  4.128132E-07  3.412636E-03  1.373111E-06  4.841148E-06  7.761210E-08  2.260992E-02  2.983691E-06  5.299942E-08  4.565778E-08  9.992805E-04  1.358870E-03  1.546239E-05  2.056884E-05  2.628612E-05  1.917531E-06
 2.981500E+02  8.717395E-02  1.592866E-05  5.871184E-10  7.766155E-10  8.655205E-10  1.039545E-09  6.948574E-01  2.234280E-03  3.745125E-05  1.870046E-01  6.663247E-04  1.184094E-05  4.006599E-07  3.348701E-03  1.298996E-06  4.592461E-06  7.444467E-08  2.226429E-02  2.838678E-06  5.116989E-08  4.404951E-08  9.812813E-04  1.334360E-03  1.451432E-05  1.928113E-05  2.464913E-05  1.818260E-06
 2.991500E+02  8.737485E-02  1.577002E-05  5.684826E-10  7.521778E-10  8.383370E-10  1.007163E-09  6.949573E-01  2.191047E-03  3.506362E-05  1.872086E-01  6.548416E-04  1.112902E-05  3.889357E-07  3.286327E-03  1.229338E-06  4.358091E-06  7.142438E-08  2.192553E-02  2.701520E-06  4.941292E-08  4.250618E-08  9.637217E-04  1.310450E-03  1.363001E-05  1.808202E-05  2.312425E-05  1.724710E-06
 3.001500E+02  8.757162E-02  1.561325E-05  5.505241E-10  7.286210E-10  8.121318E-10  9.759379E-10  6.950545E-01  2.148963E-03  3.284354E-05  1.874082E-01  6.436197E-04  1.046396E-05  3.776235E-07  3.225471E-03  1.163845E-06  4.137134E-06  6.854372E-08  2.159351E-02  2.571753E-06  4.772537E-08  4.102494E-08  9.465887E-04  1.287123E-03  1.280484E-05  1.696490E-05  2.170316E-05  1.636522E-06
 3.011500E+02  8.776434E-02  1.545834E-05  5.332163E-10  7.059110E-10  7.868668E-10  9.458250E-10  6.951490E-01  2.107990E-03  3.077825E-05  1.876037E-01  6.326523E-04  9.842411E-06  3.667069E-07  3.166091E-03  1.102243E-06  3.928748E-06  6.579557E-08  2.126808E-02  2.448944E-06  4.610423E-08  3.960305E-08  9.298701E-04  1.264362E-03  1.203451E-05  1.592369E-05  2.037819E-05  1.553361E-06
 3.021500E+02  8.795311E-02  1.530530E-05  5.165337E-10  6.840149E-10  7.625058E-10  9.167815E-10  6.952409E-01  2.068094E-03  2.885605E-05  1.877951E-01  6.219326E-04  9.261311E-06  3.561702E-07  3.108145E-03  1.044281E-06  3.732149E-06  6.317322E-08  2.094909E-02  2.332686E-06  4.454663E-08  3.823789E-08  9.135539E-04  1.242150E-03  1.131510E-05  1.495281E-05  1.914230E-05  1.474913E-06
 3.031500E+02  8.813802E-02  1.515411E-05  5.004519E-10  6.629013E-10  7.390138E-10  8.887664E-10  6.953304E-01  2.029239E-03  2.706615E-05  1.879825E-01  6.114542E-04  8.717817E-06  3.459986E-07  3.051593E-03  9.897238E-07  3.546605E-06  6.067034E-08  2.063642E-02  2.222596E-06  4.304984E-08  3.692698E-08  8.976285E-04  1.220472E-03  1.064295E-05  1.404711E-05  1.798899E-05  1.400888E-06
 3.041500E+02  8.831915E-02  1.500478E-05  4.849475E-10  6.425398E-10  7.163573E-10  8.617402E-10  6.954176E-01  1.991393E-03  2.539869E-05  1.881660E-01  6.012108E-04  8.209298E-06  3.361777E-07  2.996398E-03  9.383517E-07  3.371433E-06  5.828091E-08  2.032993E-02  2.118319E-06  4.161124E-08  3.566795E-08  8.820827E-04  1.199312E-03  1.001470E-05  1.320182E-05  1.691227E-05  1.331013E-06
 3.051500E+02  8.849659E-02  1.485728E-05  4.699980E-10  6.229014E-10  6.945039E-10  8.356652E-10  6.955024E-01  1.954523E-03  2.384454E-05  1.883457E-01  5.911962E-04  7.733324E-06  3.266936E-07  2.942521E-03  8.899614E-07  3.205995E-06  5.599925E-08  2.002948E-02  2.019519E-06  4.022834E-08  3.445853E-08  8.669057E-04  1.178656E-03  9.427249E-06  1.241260E-05  1.590661E-05  1.265033E-06
 3.061500E+02  8.867042E-02  1.471162E-05  4.555819E-10  6.039582E-10  6.734229E-10  8.105050E-10  6.955850E-01  1.918599E-03  2.239535E-05  1.885217E-01  5.814047E-04  7.287642E-06  3.175335E-07  2.889925E-03  8.443634E-07  3.049697E-06  5.382001E-08  1.973495E-02  1.925880E-06  3.889877E-08  3.329659E-08  8.520869E-04  1.158488E-03  8.877722E-06  1.167538E-05  1.496693E-05  1.202711E-06
 3.071500E+02  8.884073E-02  1.456779E-05  4.416783E-10  5.856834E-10  6.530843E-10  7.862247E-10  6.956655E-01  1.883591E-03  2.104341E-05  1.886941E-01  5.718302E-04  6.870168E-06  3.086845E-07  2.838577E-03  8.013812E-07  2.901983E-06  5.173809E-08  1.944621E-02  1.837109E-06  3.762025E-08  3.218004E-08  8.376164E-04  1.138796E-03  8.363466E-06  1.098646E-05  1.408851E-05  1.143826E-06
 3.081500E+02  8.900759E-02  1.442576E-05  4.282674E-10  5.680513E-10  6.334599E-10  7.627906E-10  6.957439E-01  1.849471E-03  1.978162E-05  1.888630E-01  5.624673E-04  6.478969E-06  3.001348E-07  2.788440E-03  7.608501E-07  2.762335E-06  4.974869E-08  1.916313E-02  1.752929E-06  3.639061E-08  3.110695E-08  8.234841E-04  1.119565E-03  7.882026E-06  1.034240E-05  1.326703E-05  1.088169E-06
 3.091500E+02  8.917108E-02  1.428554E-05  4.153302E-10  5.510372E-10  6.145221E-10  7.401706E-10  6.958203E-01  1.816212E-03  1.860344E-05  1.890284E-01  5.533105E-04  6.112258E-06  2.918728E-07  2.739483E-03  7.226170E-07  2.630267E-06  4.784725E-08  1.888560E-02  1.673079E-06  3.520780E-08  3.007544E-08  8.096807E-04  1.100783E-03  7.431129E-06  9.740017E-06  1.249845E-05  1.035546E-06
 3.101500E+02  8.933127E-02  1.414710E-05  4.028483E-10  5.346173E-10  5.962447E-10  7.183338E-10  6.958948E-01  1.783786E-03  1.750284E-05  1.891905E-01  5.443545E-04  5.768373E-06  2.838875E-07  2.691673E-03  6.865388E-07  2.505327E-06  4.602946E-08  1.861348E-02  1.597316E-06  3.406983E-08  2.908372E-08  7.961969E-04  1.082437E-03  7.008674E-06  9.176386E-06  1.177909E-05  9.857773E-07
 3.111500E+02  8.948825E-02  1.401044E-05  3.908042E-10  5.187690E-10  5.786024E-10  6.972504E-10  6.959674E-01  1.752168E-03  1.647425E-05  1.893492E-01  5.355941E-04  5.445777E-06  2.761682E-07  2.644979E-03  6.524823E-07  2.387090E-06  4.429125E-08  1.834668E-02  1.525410E-06  3.297482E-08  2.813010E-08  7.830238E-04  1.064515E-03  6.612711E-06  8.648794E-06  1.110551E-05  9.386922E-07
 3.121500E+02  8.964209E-02  1.387554E-05  3.791810E-10  5.034704E-10  5.615711E-10  6.768920E-10  6.960381E-01  1.721333E-03  1.551256E-05  1.895048E-01  5.270243E-04  5.143041E-06  2.687050E-07  2.599369E-03  6.203231E-07  2.275160E-06  4.262874E-08  1.808506E-02  1.457146E-06  3.192097E-08  2.721294E-08  7.701528E-04  1.047004E-03  6.241438E-06  8.154735E-06  1.047454E-05  8.941322E-07
 3.131500E+02  8.979285E-02  1.374239E-05  3.679626E-10  4.887006E-10  5.451274E-10  6.572311E-10  6.961072E-01  1.691259E-03  1.461301E-05  1.896572E-01  5.186402E-04  4.858840E-06  2.614880E-07  2.554815E-03  5.899449E-07  2.169165E-06  4.103827E-08  1.782853E-02  1.392322E-06  3.090656E-08  2.633071E-08  7.575754E-04  1.029895E-03  5.893180E-06  7.691888E-06  9.883248E-06  8.519486E-07
 3.141500E+02  8.994061E-02  1.361097E-05  3.571333E-10  4.744394E-10  5.292491E-10  6.382414E-10  6.961745E-01  1.661921E-03  1.377124E-05  1.898066E-01  5.104372E-04  4.591944E-06  2.545081E-07  2.511289E-03  5.612394E-07  2.068759E-06  3.951638E-08  1.757696E-02  1.330747E-06  2.992995E-08  2.548192E-08  7.452838E-04  1.013175E-03  5.566389E-06  7.258108E-06  9.328912E-06  8.120023E-07
 3.151500E+02  9.008543E-02  1.348127E-05  3.466784E-10  4.606675E-10  5.139146E-10  6.198976E-10  6.962402E-01  1.633297E-03  1.298319E-05  1.899530E-01  5.024106E-04  4.341210E-06  2.477562E-07  2.468762E-03  5.341053E-07  1.973616E-06  3.805977E-08  1.733025E-02  1.272242E-06  2.898957E-08  2.466516E-08  7.332699E-04  9.968330E-04  5.259625E-06  6.851408E-06  8.809017E-06  7.741630E-07
 3.161500E+02  9.022739E-02  1.335326E-05  3.365836E-10  4.473664E-10  4.991036E-10  6.021756E-10  6.963042E-01  1.605367E-03  1.224513E-05  1.900964E-01  4.945559E-04  4.105576E-06  2.412239E-07  2.427207E-03  5.084480E-07  1.883431E-06  3.666533E-08  1.708829E-02  1.216640E-06  2.808392E-08  2.387909E-08  7.215262E-04  9.808599E-04  4.971554E-06  6.469944E-06  8.321232E-06  7.383085E-07
 3.171500E+02  9.036654E-02  1.322694E-05  3.268351E-10  4.345183E-10  4.847961E-10  5.850519E-10  6.963667E-01  1.578110E-03  1.155360E-05  1.902371E-01  4.868688E-04  3.884055E-06  2.349029E-07  2.386598E-03  4.841790E-07  1.797919E-06  3.533011E-08  1.685099E-02  1.163781E-06  2.721157E-08  2.312243E-08  7.100454E-04  9.652452E-04  4.700935E-06  6.112012E-06  7.863394E-06  7.043244E-07
 3.181500E+02  9.050294E-02  1.310229E-05  3.174198E-10  4.221061E-10  4.709733E-10  5.685043E-10  6.964278E-01  1.551505E-03  1.090540E-05  1.903749E-01  4.793451E-04  3.675729E-06  2.287855E-07  2.346911E-03  4.612156E-07  1.716812E-06  3.405129E-08  1.661824E-02  1.113517E-06  2.637116E-08  2.239393E-08  6.988203E-04  9.499789E-04  4.446620E-06  5.776029E-06  7.433499E-06  6.721033E-07
 3.191500E+02  9.063667E-02  1.297929E-05  3.083250E-10  4.101134E-10  4.576169E-10  5.525112E-10  6.964873E-01  1.525534E-03  1.029756E-05  1.905100E-01  4.719807E-04  3.479744E-06  2.228641E-07  2.308120E-03  4.394804E-07  1.639859E-06  3.282622E-08  1.638994E-02  1.065707E-06  2.556137E-08  2.169244E-08  6.878441E-04  9.350518E-04  4.207538E-06  5.460527E-06  7.029686E-06  6.415445E-07
 3.201500E+02  9.076778E-02  1.285792E-05  2.995387E-10  3.985244E-10  4.447095E-10  5.370520E-10  6.965455E-01  1.500178E-03  9.727344E-06  1.906424E-01  4.647716E-04  3.295307E-06  2.171315E-07  2.270201E-03  4.189010E-07  1.566825E-06  3.165238E-08  1.616599E-02  1.020220E-06  2.478096E-08  2.101683E-08  6.771100E-04  9.204547E-04  3.982695E-06  5.164144E-06  6.650228E-06  6.125538E-07
 3.211500E+02  9.089634E-02  1.273816E-05  2.910492E-10  3.873242E-10  4.322342E-10  5.221069E-10  6.966022E-01  1.475419E-03  9.192206E-06  1.907723E-01  4.577138E-04  3.121677E-06  2.115808E-07  2.233132E-03  3.994098E-07  1.497488E-06  3.052738E-08  1.594631E-02  9.769319E-07  2.402873E-08  2.036604E-08  6.666115E-04  9.061787E-04  3.771168E-06  4.885617E-06  6.293522E-06  5.850423E-07
 3.221500E+02  9.102239E-02  1.262001E-05  2.828453E-10  3.764980E-10  4.201751E-10  5.076569E-10  6.966577E-01  1.451239E-03  8.689788E-06  1.908996E-01  4.508037E-04  2.958166E-06  2.062053E-07  2.196890E-03  3.809431E-07  1.431641E-06  2.944894E-08  1.573079E-02  9.357245E-07  2.330354E-08  1.973904E-08  6.563424E-04  8.922152E-04  3.572098E-06  4.623771E-06  5.958077E-06  5.589270E-07
 3.231500E+02  9.114599E-02  1.250343E-05  2.749164E-10  3.660321E-10  4.085165E-10  4.936836E-10  6.967119E-01  1.427623E-03  8.217904E-06  1.910245E-01  4.440375E-04  2.804133E-06  2.009986E-07  2.161452E-03  3.634416E-07  1.369090E-06  2.841492E-08  1.551935E-02  8.964879E-07  2.260431E-08  1.913486E-08  6.462966E-04  8.785559E-04  3.384684E-06  4.377516E-06  5.642510E-06  5.341297E-07
 3.241500E+02  9.126721E-02  1.238841E-05  2.672521E-10  3.559130E-10  3.972437E-10  4.801696E-10  6.967648E-01  1.404553E-03  7.774525E-06  1.911469E-01  4.374117E-04  2.658979E-06  1.959547E-07  2.126799E-03  3.468496E-07  1.309652E-06  2.742325E-08  1.531190E-02  8.591180E-07  2.192999E-08  1.855257E-08  6.364681E-04  8.651928E-04  3.208182E-06  4.145837E-06  5.345533E-06  5.105771E-07
 3.251500E+02  9.138609E-02  1.227494E-05  2.598426E-10  3.461280E-10  3.863424E-10  4.670979E-10  6.968165E-01  1.382015E-03  7.357767E-06  1.912670E-01  4.309229E-04  2.522147E-06  1.910677E-07  2.092908E-03  3.311149E-07  1.253155E-06  2.647200E-08  1.510835E-02  8.235168E-07  2.127957E-08  1.799127E-08  6.268513E-04  8.521179E-04  3.041900E-06  3.927793E-06  5.065950E-06  4.882002E-07
 3.261500E+02  9.150268E-02  1.216299E-05  2.526785E-10  3.366646E-10  3.757989E-10  4.544523E-10  6.968670E-01  1.359992E-03  6.965884E-06  1.913847E-01  4.245675E-04  2.393119E-06  1.863320E-07  2.059761E-03  3.161886E-07  1.199437E-06  2.555933E-08  1.490861E-02  7.895918E-07  2.065212E-08  1.745012E-08  6.174406E-04  8.393237E-04  2.885191E-06  3.722505E-06  4.802646E-06  4.669342E-07
 3.271500E+02  9.161704E-02  1.205255E-05  2.457506E-10  3.275110E-10  3.656000E-10  4.422174E-10  6.969163E-01  1.338472E-03  6.597249E-06  1.915002E-01  4.183425E-04  2.271409E-06  1.817421E-07  2.027338E-03  3.020247E-07  1.148347E-06  2.468347E-08  1.471261E-02  7.572557E-07  2.004671E-08  1.692831E-08  6.082306E-04  8.268029E-04  2.737454E-06  3.529159E-06  4.554584E-06  4.467182E-07
 3.281500E+02  9.172922E-02  1.194359E-05  2.390501E-10  3.186558E-10  3.557332E-10  4.303781E-10  6.969646E-01  1.317438E-03  6.250353E-06  1.916135E-01  4.122445E-04  2.156564E-06  1.772929E-07  1.995620E-03  2.885802E-07  1.099742E-06  2.384277E-08  1.452027E-02  7.264264E-07  1.946247E-08  1.642504E-08  5.992161E-04  8.145484E-04  2.598127E-06  3.346994E-06  4.320800E-06  4.274949E-07
 3.291500E+02  9.183927E-02  1.183611E-05  2.325688E-10  3.100882E-10  3.461862E-10  4.189200E-10  6.970117E-01  1.296879E-03  5.923793E-06  1.917246E-01  4.062705E-04  2.048164E-06  1.729794E-07  1.964589E-03  2.758147E-07  1.053488E-06  2.303563E-08  1.433150E-02  6.970260E-07  1.889857E-08  1.593959E-08  5.903921E-04  8.025531E-04  2.466689E-06  3.175304E-06  4.100393E-06  4.092104E-07
 3.301500E+02  9.194723E-02  1.173007E-05  2.262985E-10  3.017977E-10  3.369475E-10  4.078294E-10  6.970578E-01  1.276780E-03  5.616262E-06  1.918336E-01  4.004175E-04  1.945812E-06  1.687968E-07  1.934227E-03  2.636902E-07  1.009458E-06  2.226055E-08  1.414623E-02  6.689813E-07  1.835420E-08  1.547124E-08  5.817535E-04  7.908105E-04  2.342650E-06  3.013428E-06  3.892526E-06  3.918140E-07
 3.311500E+02  9.205315E-02  1.162547E-05  2.202316E-10  2.937740E-10  3.280058E-10  3.970930E-10  6.971029E-01  1.257129E-03  5.326546E-06  1.919406E-01  3.946825E-04  1.849142E-06  1.647404E-07  1.904516E-03  2.521711E-07  9.675328E-07  2.151610E-08  1.396438E-02  6.422230E-07  1.782861E-08  1.501931E-08  5.732957E-04  7.793139E-04  2.225556E-06  2.860753E-06  3.696417E-06  3.752580E-07
 3.321500E+02  9.215707E-02  1.152228E-05  2.143605E-10  2.860077E-10  3.193504E-10  3.866981E-10  6.971470E-01  1.237913E-03  5.053514E-06  1.920455E-01  3.890627E-04  1.757809E-06  1.608060E-07  1.875441E-03  2.412239E-07  9.276013E-07  2.080092E-08  1.378587E-02  6.166858E-07  1.732106E-08  1.458315E-08  5.650140E-04  7.680571E-04  2.114981E-06  2.716707E-06  3.511338E-06  3.594974E-07
 3.331500E+02  9.225904E-02  1.142048E-05  2.086782E-10  2.784893E-10  3.109709E-10  3.766324E-10  6.971901E-01  1.219121E-03  4.796112E-06  1.921485E-01  3.835553E-04  1.671492E-06  1.569891E-07  1.846984E-03  2.308171E-07  8.895577E-07  2.011371E-08  1.361065E-02  5.923079E-07  1.683085E-08  1.416214E-08  5.569040E-04  7.570340E-04  2.010529E-06  2.580755E-06  3.336608E-06  3.444900E-07
 3.341500E+02  9.235911E-02  1.132007E-05  2.031779E-10  2.712100E-10  3.028574E-10  3.668841E-10  6.972323E-01  1.200741E-03  4.553359E-06  1.922495E-01  3.781576E-04  1.589889E-06  1.532859E-07  1.819131E-03  2.209212E-07  8.533025E-07  1.945324E-08  1.343863E-02  5.690309E-07  1.635731E-08  1.375568E-08  5.489612E-04  7.462385E-04  1.911827E-06  2.452398E-06  3.171593E-06  3.301957E-07
 3.351500E+02  9.245731E-02  1.122101E-05  1.978529E-10  2.641611E-10  2.950003E-10  3.574419E-10  6.972736E-01  1.182762E-03  4.324340E-06  1.923487E-01  3.728669E-04  1.512720E-06  1.496922E-07  1.791865E-03  2.115084E-07  8.187422E-07  1.881833E-08  1.326974E-02  5.467996E-07  1.589979E-08  1.336321E-08  5.411815E-04  7.356650E-04  1.818531E-06  2.331172E-06  3.015701E-06  3.165772E-07
 3.361500E+02  9.255369E-02  1.112329E-05  1.926969E-10  2.573344E-10  2.873906E-10  3.482950E-10  6.973140E-01  1.165172E-03  4.108203E-06  1.924460E-01  3.676808E-04  1.439721E-06  1.462044E-07  1.765173E-03  2.025524E-07  7.857884E-07  1.820787E-08  1.310393E-02  5.255619E-07  1.545768E-08  1.298417E-08  5.335607E-04  7.253078E-04  1.730315E-06  2.216643E-06  2.868378E-06  3.035989E-07
 3.371500E+02  9.264828E-02  1.102689E-05  1.877038E-10  2.507219E-10  2.800194E-10  3.394328E-10  6.973535E-01  1.147962E-03  3.904153E-06  1.925415E-01  3.625967E-04  1.370646E-06  1.428188E-07  1.739038E-03  1.940288E-07  7.543578E-07  1.762081E-08  1.294112E-02  5.052685E-07  1.503040E-08  1.261805E-08  5.260949E-04  7.151615E-04  1.646876E-06  2.108404E-06  2.729108E-06  2.912274E-07
 3.381500E+02  9.274113E-02  1.093179E-05  1.828679E-10  2.443161E-10  2.728781E-10  3.308454E-10  6.973921E-01  1.131121E-03  3.711447E-06  1.926353E-01  3.576122E-04  1.305264E-06  1.395320E-07  1.713448E-03  1.859143E-07  7.243720E-07  1.705611E-08  1.278125E-02  4.858727E-07  1.461737E-08  1.226435E-08  5.187802E-04  7.052209E-04  1.567932E-06  2.006076E-06  2.597408E-06  2.794313E-07
 3.391500E+02  9.283227E-02  1.083799E-05  1.781835E-10  2.381097E-10  2.659587E-10  3.225231E-10  6.974300E-01  1.114640E-03  3.529392E-06  1.927274E-01  3.527250E-04  1.243359E-06  1.363406E-07  1.688389E-03  1.781870E-07  6.957568E-07  1.651283E-08  1.262426E-02  4.673304E-07  1.421806E-08  1.192258E-08  5.116128E-04  6.954807E-04  1.493217E-06  1.909306E-06  2.472825E-06  2.681809E-07
 3.401500E+02  9.292175E-02  1.074545E-05  1.736452E-10  2.320955E-10  2.592534E-10  3.144565E-10  6.974670E-01  1.098509E-03  3.357342E-06  1.928177E-01  3.479327E-04  1.184729E-06  1.332413E-07  1.663847E-03  1.708266E-07  6.684422E-07  1.599005E-08  1.247008E-02  4.495998E-07  1.383195E-08  1.159230E-08  5.045891E-04  6.859360E-04  1.422482E-06  1.817762E-06  2.354937E-06  2.574481E-07
 3.411500E+02  9.300959E-02  1.065416E-05  1.692479E-10  2.262668E-10  2.527546E-10  3.066367E-10  6.975033E-01  1.082718E-03  3.194692E-06  1.929064E-01  3.432332E-04  1.129185E-06  1.302312E-07  1.639810E-03  1.638135E-07  6.423624E-07  1.548688E-08  1.231866E-02  4.326413E-07  1.345853E-08  1.127306E-08  4.977055E-04  6.765820E-04  1.355495E-06  1.731133E-06  2.243349E-06  2.472064E-07
 3.421500E+02  9.309583E-02  1.056410E-05  1.649865E-10  2.206171E-10  2.464550E-10  2.990552E-10  6.975388E-01  1.067259E-03  3.040877E-06  1.929935E-01  3.386242E-04  1.076547E-06  1.273070E-07  1.616264E-03  1.571296E-07  6.174548E-07  1.500250E-08  1.216994E-02  4.164176E-07  1.309734E-08  1.096444E-08  4.909587E-04  6.674140E-04  1.292038E-06  1.649131E-06  2.137690E-06  2.374309E-07
 3.431500E+02  9.318051E-02  1.047526E-05  1.608562E-10  2.151401E-10  2.403478E-10  2.917036E-10  6.975736E-01  1.052123E-03  2.895370E-06  1.930791E-01  3.341037E-04  1.026651E-06  1.244661E-07  1.593199E-03  1.507577E-07  5.936607E-07  1.453610E-08  1.202386E-02  4.008931E-07  1.274792E-08  1.066603E-08  4.843452E-04  6.584274E-04  1.231907E-06  1.571482E-06  2.037615E-06  2.280979E-07
 3.441500E+02  9.326367E-02  1.038761E-05  1.568526E-10  2.098298E-10  2.344262E-10  2.845741E-10  6.976077E-01  1.037302E-03  2.757678E-06  1.931630E-01  3.296696E-04  9.793394E-07  1.217057E-07  1.570602E-03  1.446816E-07  5.709243E-07  1.408695E-08  1.188036E-02  3.860343E-07  1.240983E-08  1.037747E-08  4.778618E-04  6.496179E-04  1.174910E-06  1.497935E-06  1.942799E-06  2.191852E-07
 3.451500E+02  9.334532E-02  1.030115E-05  1.529711E-10  2.046805E-10  2.286838E-10  2.776589E-10  6.976410E-01  1.022787E-03  2.627338E-06  1.932455E-01  3.253199E-04  9.344653E-07  1.190230E-07  1.548461E-03  1.388860E-07  5.491930E-07  1.365430E-08  1.173939E-02  3.718093E-07  1.208265E-08  1.009836E-08  4.715054E-04  6.409810E-04  1.120868E-06  1.428249E-06  1.852937E-06  2.106717E-07
 3.461500E+02  9.342552E-02  1.021585E-05  1.492075E-10  1.996865E-10  2.231143E-10  2.709507E-10  6.976737E-01  1.008570E-03  2.503918E-06  1.933265E-01  3.210526E-04  8.918912E-07  1.164156E-07  1.526765E-03  1.333564E-07  5.284172E-07  1.323748E-08  1.160090E-02  3.581880E-07  1.176597E-08  9.828371E-09  4.652728E-04  6.325126E-04  1.069613E-06  1.362203E-06  1.767745E-06  2.025375E-07
 3.471500E+02  9.350428E-02  1.013170E-05  1.455577E-10  1.948425E-10  2.177119E-10  2.644424E-10  6.977057E-01  9.946451E-04  2.387013E-06  1.934061E-01  3.168659E-04  8.514877E-07  1.138809E-07  1.505504E-03  1.280793E-07  5.085498E-07  1.283582E-08  1.146484E-02  3.451419E-07  1.145942E-08  9.567147E-09  4.591612E-04  6.242087E-04  1.020987E-06  1.299586E-06  1.686955E-06  1.947638E-07
 3.481500E+02  9.358164E-02  1.004868E-05  1.420178E-10  1.901434E-10  2.124708E-10  2.581272E-10  6.977371E-01  9.810033E-04  2.276245E-06  1.934842E-01  3.127578E-04  8.131336E-07  1.114165E-07  1.484667E-03  1.230418E-07  4.895462E-07  1.244870E-08  1.133115E-02  3.326437E-07  1.116262E-08  9.314368E-09  4.531676E-04  6.160653E-04  9.748419E-07  1.240204E-06  1.610318E-06  1.873327E-07
 3.491500E+02  9.365764E-02  9.966771E-06  1.385840E-10  1.855841E-10  2.073855E-10  2.519985E-10  6.977678E-01  9.676378E-04  2.171259E-06  1.935610E-01  3.087267E-04  7.767146E-07  1.090203E-07  1.464244E-03  1.182318E-07  4.713645E-07  1.207552E-08  1.119978E-02  3.206679E-07  1.087522E-08  9.069720E-09  4.472892E-04  6.080786E-04  9.310379E-07  1.183872E-06  1.537598E-06  1.802274E-07
 3.501500E+02  9.373229E-02  9.885961E-06  1.352526E-10  1.811600E-10  2.024507E-10  2.460500E-10  6.977979E-01  9.545417E-04  2.071722E-06  1.936364E-01  3.047707E-04  7.421236E-07  1.066899E-07  1.444225E-03  1.136378E-07  4.539648E-07  1.171572E-08  1.107069E-02  3.091899E-07  1.059687E-08  8.832906E-09  4.415233E-04  6.002448E-04  8.894446E-07  1.130417E-06  1.468574E-06  1.734320E-07
 3.511500E+02  9.380562E-02  9.806234E-06  1.320202E-10  1.768663E-10  1.976613E-10  2.402756E-10  6.978274E-01  9.417081E-04  1.977322E-06  1.937105E-01  3.008881E-04  7.092598E-07  1.044233E-07  1.424599E-03  1.092489E-07  4.373093E-07  1.136873E-08  1.094383E-02  2.981867E-07  1.032725E-08  8.603636E-09  4.358671E-04  5.925603E-04  8.499393E-07  1.079678E-06  1.403039E-06  1.669314E-07
 3.521500E+02  9.387767E-02  9.727572E-06  1.288833E-10  1.726988E-10  1.930123E-10  2.346695E-10  6.978564E-01  9.291305E-04  1.887768E-06  1.937833E-01  2.970774E-04  6.780285E-07  1.022184E-07  1.405358E-03  1.050551E-07  4.213623E-07  1.103405E-08  1.081915E-02  2.876362E-07  1.006605E-08  8.381637E-09  4.303182E-04  5.850216E-04  8.124066E-07  1.031502E-06  1.340799E-06  1.607113E-07
 3.531500E+02  9.394847E-02  9.649960E-06  1.258387E-10  1.686531E-10  1.884990E-10  2.292261E-10  6.978847E-01  9.168025E-04  1.802783E-06  1.938548E-01  2.933367E-04  6.483405E-07  1.000732E-07  1.386492E-03  1.010465E-07  4.060900E-07  1.071118E-08  1.069661E-02  2.775178E-07  9.812952E-09  8.166643E-09  4.248739E-04  5.776253E-04  7.767381E-07  9.857470E-07  1.281671E-06  1.547582E-07
 3.541500E+02  9.401803E-02  9.573384E-06  1.228834E-10  1.647252E-10  1.841169E-10  2.239398E-10  6.979125E-01  9.047179E-04  1.722112E-06  1.939251E-01  2.896647E-04  6.201121E-07  9.798588E-08  1.367993E-03  9.721401E-08  3.914604E-07  1.039964E-08  1.057616E-02  2.678114E-07  9.567680E-09  7.958400E-09  4.195319E-04  5.703680E-04  7.428317E-07  9.422788E-07  1.225484E-06  1.490593E-07
 3.551500E+02  9.408639E-02  9.497826E-06  1.200142E-10  1.609110E-10  1.798616E-10  2.188055E-10  6.979398E-01  8.928707E-04  1.645513E-06  1.939942E-01  2.860597E-04  5.932642E-07  9.595455E-08  1.349852E-03  9.354903E-08  3.774431E-07  1.009898E-08  1.045776E-02  2.584984E-07  9.329953E-09  7.756665E-09  4.142898E-04  5.632464E-04  7.105917E-07  9.009711E-07  1.172075E-06  1.436024E-07
 3.561500E+02  9.415357E-02  9.423273E-06  1.172284E-10  1.572069E-10  1.757288E-10  2.138182E-10  6.979665E-01  8.812550E-04  1.572758E-06  1.940621E-01  2.825203E-04  5.677226E-07  9.397745E-08  1.332060E-03  9.004336E-08  3.640092E-07  9.808766E-09  1.034136E-02  2.495609E-07  9.099503E-09  7.561205E-09  4.091452E-04  5.562575E-04  6.799276E-07  8.617055E-07  1.121293E-06  1.383761E-07
 3.571500E+02  9.421959E-02  9.349709E-06  1.145230E-10  1.536091E-10  1.717145E-10  2.089729E-10  6.979928E-01  8.698653E-04  1.503634E-06  1.941288E-01  2.790449E-04  5.434175E-07  9.205287E-08  1.314609E-03  8.668923E-08  3.511315E-07  9.528582E-09  1.022694E-02  2.409820E-07  8.876073E-09  7.371795E-09  4.040960E-04  5.493981E-04  6.507546E-07  8.243706E-07  1.072996E-06  1.333695E-07
 3.581500E+02  9.428448E-02  9.277120E-06  1.118955E-10  1.501142E-10  1.678148E-10  2.042651E-10  6.980185E-01  8.586959E-04  1.437942E-06  1.941944E-01  2.756323E-04  5.202827E-07  9.017918E-08  1.297491E-03  8.347933E-08  3.387841E-07  9.258032E-09  1.011444E-02  2.327454E-07  8.659418E-09  7.188219E-09  3.991398E-04  5.426653E-04  6.229927E-07  7.888615E-07  1.027050E-06  1.285722E-07
 3.591500E+02  9.434826E-02  9.205491E-06  1.093433E-10  1.467187E-10  1.640259E-10  1.996902E-10  6.980437E-01  8.477416E-04  1.375492E-06  1.942589E-01  2.722809E-04  4.982564E-07  8.835479E-08  1.280699E-03  8.040670E-08  3.269424E-07  8.996739E-09  1.000383E-02  2.248358E-07  8.449299E-09  7.010271E-09  3.942746E-04  5.360562E-04  5.965666E-07  7.550796E-07  9.833266E-07  1.239744E-07
 3.601500E+02  9.441096E-02  9.134808E-06  1.068638E-10  1.434193E-10  1.603441E-10  1.952439E-10  6.980684E-01  8.369972E-04  1.316109E-06  1.943223E-01  2.689894E-04  4.772801E-07  8.657817E-08  1.264224E-03  7.746477E-08  3.155831E-07  8.744340E-09  9.895062E-03  2.172388E-07  8.245491E-09  6.837751E-09  3.894983E-04  5.295679E-04  5.714053E-07  7.229321E-07  9.417085E-07  1.195669E-07
 3.611500E+02  9.447260E-02  9.065056E-06  1.044546E-10  1.402130E-10  1.567660E-10  1.909219E-10  6.980927E-01  8.264575E-04  1.259625E-06  1.943846E-01  2.657566E-04  4.572984E-07  8.484784E-08  1.248060E-03  7.464732E-08  3.046841E-07  8.500488E-09  9.788109E-03  2.099404E-07  8.047773E-09  6.670469E-09  3.848089E-04  5.231977E-04  5.474422E-07  6.923316E-07  9.020831E-07  1.153408E-07
 3.621500E+02  9.453320E-02  8.996222E-06  1.021136E-10  1.370966E-10  1.532881E-10  1.867204E-10  6.981165E-01  8.161178E-04  1.205884E-06  1.944458E-01  2.625811E-04  4.382596E-07  8.316239E-08  1.232199E-03  7.194843E-08  2.942243E-07  8.264852E-09  9.682930E-03  2.029274E-07  7.855935E-09  6.508242E-09  3.802044E-04  5.169429E-04  5.246140E-07  6.631958E-07  8.643449E-07  1.112877E-07
 3.631500E+02  9.459278E-02  8.928292E-06  9.983831E-11  1.340673E-10  1.499073E-10  1.826353E-10  6.981399E-01  8.059733E-04  1.154738E-06  1.945061E-01  2.594617E-04  4.201144E-07  8.152042E-08  1.216634E-03  6.936252E-08  2.841839E-07  8.037116E-09  9.579490E-03  1.961873E-07  7.669776E-09  6.350892E-09  3.756828E-04  5.108010E-04  5.028616E-07  6.354472E-07  8.283944E-07  1.073997E-07
 3.641500E+02  9.465136E-02  8.861252E-06  9.762674E-11  1.311223E-10  1.466204E-10  1.786629E-10  6.981628E-01  7.960193E-04  1.106049E-06  1.945653E-01  2.563972E-04  4.028168E-07  7.992063E-08  1.201359E-03  6.688427E-08  2.745438E-07  7.816975E-09  9.477753E-03  1.897081E-07  7.489100E-09  6.198251E-09  3.712425E-04  5.047693E-04  4.821287E-07  6.090127E-07  7.941380E-07  1.036693E-07
 3.651500E+02  9.470896E-02  8.795089E-06  9.547679E-11  1.282588E-10  1.434243E-10  1.747997E-10  6.981853E-01  7.862513E-04  1.059686E-06  1.946235E-01  2.533864E-04  3.863228E-07  7.836172E-08  1.186367E-03  6.450867E-08  2.652860E-07  7.604139E-09  9.377685E-03  1.834785E-07  7.313721E-09  6.050155E-09  3.668814E-04  4.988454E-04  4.623627E-07  5.838235E-07  7.614872E-07  1.000892E-07
 3.661500E+02  9.476561E-02  8.729789E-06  9.338647E-11  1.254741E-10  1.403161E-10  1.710421E-10  6.982074E-01  7.766650E-04  1.015526E-06  1.946808E-01  2.504280E-04  3.705915E-07  7.684246E-08  1.171651E-03  6.223093E-08  2.563935E-07  7.398331E-09  9.279253E-03  1.774877E-07  7.143458E-09  5.906449E-09  3.625979E-04  4.930269E-04  4.435137E-07  5.598145E-07  7.303586E-07  9.665276E-08
 3.671500E+02  9.482132E-02  8.665341E-06  9.135386E-11  1.227659E-10  1.372931E-10  1.673868E-10  6.982291E-01  7.672562E-04  9.734528E-07  1.947371E-01  2.475211E-04  3.555838E-07  7.536166E-08  1.157205E-03  6.004653E-08  2.478499E-07  7.199283E-09  9.182424E-03  1.717254E-07  6.978140E-09  5.766981E-09  3.583903E-04  4.873114E-04  4.255346E-07  5.369247E-07  7.006737E-07  9.335340E-08
 3.681500E+02  9.487611E-02  8.601730E-06  8.937711E-11  1.201316E-10  1.343525E-10  1.638306E-10  6.982504E-01  7.580206E-04  9.333574E-07  1.947925E-01  2.446645E-04  3.412629E-07  7.391817E-08  1.143023E-03  5.795117E-08  2.396399E-07  7.006740E-09  9.087167E-03  1.661817E-07  6.817598E-09  5.631607E-09  3.542568E-04  4.816967E-04  4.083810E-07  5.150961E-07  6.723583E-07  9.018500E-08
 3.691500E+02  9.493000E-02  8.538945E-06  8.745443E-11  1.175689E-10  1.314918E-10  1.603702E-10  6.982713E-01  7.489544E-04  8.951366E-07  1.948470E-01  2.418571E-04  3.275942E-07  7.251086E-08  1.129099E-03  5.594077E-08  2.317487E-07  6.820460E-09  8.993449E-03  1.608473E-07  6.661674E-09  5.500188E-09  3.501958E-04  4.761806E-04  3.920109E-07  4.942743E-07  6.453422E-07  8.714173E-08
 3.701500E+02  9.498300E-02  8.476972E-06  8.558410E-11  1.150755E-10  1.287083E-10  1.570028E-10  6.982918E-01  7.400535E-04  8.586933E-07  1.949007E-01  2.390979E-04  3.145448E-07  7.113867E-08  1.115428E-03  5.401146E-08  2.241623E-07  6.640206E-09  8.901240E-03  1.557133E-07  6.510212E-09  5.372589E-09  3.462057E-04  4.707609E-04  3.763848E-07  4.744078E-07  6.195594E-07  8.421801E-08
 3.711500E+02  9.503515E-02  8.415800E-06  8.376447E-11  1.126493E-10  1.259996E-10  1.537254E-10  6.983120E-01  7.313142E-04  8.239357E-07  1.949534E-01  2.363859E-04  3.020836E-07  6.980055E-08  1.102003E-03  5.215955E-08  2.168674E-07  6.465755E-09  8.810511E-03  1.507712E-07  6.363065E-09  5.248682E-09  3.422851E-04  4.654354E-04  3.614651E-07  4.554481E-07  5.949475E-07  8.140857E-08
 3.721500E+02  9.508644E-02  8.355417E-06  8.199392E-11  1.102881E-10  1.233635E-10  1.505352E-10  6.983318E-01  7.227328E-04  7.907772E-07  1.950053E-01  2.337200E-04  2.901815E-07  6.849550E-08  1.088819E-03  5.038157E-08  2.098513E-07  6.296892E-09  8.721233E-03  1.460129E-07  6.220089E-09  5.128343E-09  3.384323E-04  4.602022E-04  3.472166E-07  4.373492E-07  5.714473E-07  7.870839E-08
 3.731500E+02  9.513691E-02  8.295810E-06  8.027093E-11  1.079899E-10  1.207976E-10  1.474295E-10  6.983512E-01  7.143057E-04  7.591363E-07  1.950563E-01  2.310993E-04  2.788106E-07  6.722255E-08  1.075871E-03  4.867418E-08  2.031020E-07  6.133412E-09  8.633376E-03  1.414308E-07  6.081147E-09  5.011452E-09  3.346460E-04  4.550593E-04  3.336057E-07  4.200678E-07  5.490032E-07  7.611267E-08
