#         T/K            c1          c2-1          c3-4          c3-5          c3-7          c3-9            m1          m2-1          m3-1            w1            w2          w3-1          w3-2          c1m1        c1m2-1        c1m2-7        c2m1-1        c1w1-2        c1w2-1        c2w1-1        c2w1-9        m1w1-1        m1w1-4        m1w2-1        m2w1-1        m2w1-3      c1m1w1-1
 2.731500E+02  3.551268E-02  3.972028E-06  1.176246E-10  1.543852E-10  1.717658E-10  2.048093E-10  5.927218E-01  2.812139E-03  1.440065E-04  3.293951E-01  3.543564E-03  3.877289E-04  5.440250E-06  2.096043E-03  1.890303E-06  6.202683E-06  3.780696E-08  2.685099E-02  1.587619E-05  4.608606E-08  4.046844E-08  2.510373E-03  3.417294E-03  2.299637E-04  1.498291E-04  1.897605E-04  5.256997E-06
 2.741500E+02  3.573955E-02  3.950436E-06  1.142514E-10  1.500085E-10  1.669089E-10  1.990808E-10  5.929059E-01  2.746508E-03  1.330512E-04  3.297891E-01  3.468640E-03  3.597817E-04  5.244298E-06  2.055811E-03  1.774785E-06  5.842493E-06  3.619960E-08  2.643866E-02  1.500157E-05  4.446046E-08  3.900731E-08  2.455755E-03  3.342733E-03  2.131932E-04  1.386935E-04  1.757272E-04  4.948731E-06
 2.751500E+02  3.596252E-02  3.928455E-06  1.109723E-10  1.457522E-10  1.621850E-10  1.935069E-10  5.930829E-01  2.682896E-03  1.230028E-04  3.301722E-01  3.395725E-03  3.340152E-04  5.056596E-06  2.016480E-03  1.666989E-06  5.505286E-06  3.466650E-08  2.603312E-02  1.417952E-05  4.289637E-08  3.760283E-08  2.402684E-03  3.270292E-03  1.977499E-04  1.284576E-04  1.628226E-04  4.660203E-06
 2.761500E+02  3.618165E-02  3.906113E-06  1.077854E-10  1.416136E-10  1.575914E-10  1.880847E-10  5.932533E-01  2.621229E-03  1.137807E-04  3.305447E-01  3.324761E-03  3.102478E-04  4.876763E-06  1.978029E-03  1.566361E-06  5.189480E-06  3.320407E-08  2.563434E-02  1.340667E-05  4.139145E-08  3.625277E-08  2.351108E-03  3.199902E-03  1.835213E-04  1.190434E-04  1.509492E-04  4.390057E-06
 2.771500E+02  3.639698E-02  3.883434E-06  1.046886E-10  1.375904E-10  1.531255E-10  1.828110E-10  5.934174E-01  2.561436E-03  1.053116E-04  3.309070E-01  3.255690E-03  2.883136E-04  4.704434E-06  1.940440E-03  1.472387E-06  4.893607E-06  3.180887E-08  2.524224E-02  1.267987E-05  3.994345E-08  3.495501E-08  2.300981E-03  3.131498E-03  1.704050E-04  1.103798E-04  1.400186E-04  4.137037E-06
 2.781500E+02  3.660854E-02  3.860446E-06  1.016799E-10  1.336801E-10  1.487844E-10  1.776828E-10  5.935756E-01  2.503451E-03  9.752949E-05  3.312596E-01  3.188456E-03  2.680614E-04  4.539264E-06  1.903694E-03  1.384592E-06  4.616309E-06  3.047766E-08  2.485676E-02  1.199617E-05  3.855020E-08  3.370748E-08  2.252255E-03  3.065015E-03  1.583079E-04  1.024028E-04  1.299501E-04  3.899976E-06
 2.791500E+02  3.681639E-02  3.837173E-06  9.875742E-11  1.298802E-10  1.445656E-10  1.726971E-10  5.937280E-01  2.447207E-03  9.037435E-05  3.316029E-01  3.123006E-03  2.493531E-04  4.380924E-06  1.867772E-03  1.302539E-06  4.356324E-06  2.920734E-08  2.447784E-02  1.135285E-05  3.720960E-08  3.250821E-08  2.204885E-03  3.000389E-03  1.471448E-04  9.505367E-05  1.206708E-04  3.677793E-06
 2.801500E+02  3.702057E-02  3.813639E-06  9.591910E-11  1.261883E-10  1.404662E-10  1.678507E-10  5.938751E-01  2.392644E-03  8.379177E-05  3.319372E-01  3.059287E-03  2.320626E-04  4.229098E-06  1.832656E-03  1.225823E-06  4.112484E-06  2.799497E-08  2.410541E-02  1.074734E-05  3.591963E-08  3.135530E-08  2.158827E-03  2.937562E-03  1.368384E-04  8.827937E-05  1.121140E-04  3.469484E-06
 2.811500E+02  3.722113E-02  3.789867E-06  9.316297E-11  1.226018E-10  1.364836E-10  1.631406E-10  5.940171E-01  2.339701E-03  7.773241E-05  3.322628E-01  2.997248E-03  2.160749E-04  4.083489E-06  1.798327E-03  1.154069E-06  3.883704E-06  2.683777E-08  2.373939E-02  1.017727E-05  3.467834E-08  3.024691E-08  2.114040E-03  2.876474E-03  1.273181E-04  8.203150E-05  1.042193E-04  3.274116E-06
 2.821500E+02  3.741811E-02  3.765881E-06  9.048706E-11  1.191184E-10  1.326150E-10  1.585637E-10  5.941542E-01  2.288322E-03  7.215145E-05  3.325801E-01  2.936838E-03  2.012847E-04  3.943812E-06  1.764768E-03  1.086931E-06  3.668977E-06  2.573307E-08  2.337970E-02  9.640396E-06  3.348387E-08  2.918128E-08  2.070481E-03  2.817070E-03  1.185194E-04  7.626602E-05  9.693131E-05  3.090824E-06
 2.831500E+02  3.761157E-02  3.741701E-06  8.788940E-11  1.157354E-10  1.288577E-10  1.541168E-10  5.942867E-01  2.238450E-03  6.700815E-05  3.328894E-01  2.878009E-03  1.875956E-04  3.809799E-06  1.731962E-03  1.024088E-06  3.467368E-06  2.467836E-08  2.302627E-02  9.134652E-06  3.233438E-08  2.815671E-08  2.028113E-03  2.759295E-03  1.103835E-04  7.094283E-05  9.019994E-05  2.918804E-06
 2.841500E+02  3.780155E-02  3.717350E-06  8.536805E-11  1.124506E-10  1.252091E-10  1.497970E-10  5.944147E-01  2.190033E-03  6.226552E-05  3.331909E-01  2.820714E-03  1.749198E-04  3.681190E-06  1.699891E-03  9.652423E-07  3.278008E-06  2.367124E-08  2.267902E-02  8.658092E-06  3.122816E-08  2.717157E-08  1.986896E-03  2.703097E-03  1.028567E-04  6.602535E-05  8.397933E-05  2.757308E-06
 2.851500E+02  3.798811E-02  3.692848E-06  8.292109E-11  1.092615E-10  1.216665E-10  1.456012E-10  5.945386E-01  2.143021E-03  5.788986E-05  3.334850E-01  2.764907E-03  1.631767E-04  3.557743E-06  1.668538E-03  9.101201E-07  3.100090E-06  2.270943E-08  2.233787E-02  8.208904E-06  3.016351E-08  2.622428E-08  1.946795E-03  2.648425E-03  9.588987E-05  6.148028E-05  7.822770E-05  2.605642E-06
 2.861500E+02  3.817129E-02  3.668214E-06  8.054659E-11  1.061656E-10  1.182272E-10  1.415263E-10  5.946584E-01  2.097364E-03  5.385054E-05  3.337718E-01  2.710545E-03  1.522926E-04  3.439224E-06  1.637888E-03  8.584661E-07  2.932865E-06  2.179076E-08  2.200273E-02  7.785394E-06  2.913883E-08  2.531335E-08  1.907773E-03  2.595231E-03  8.943824E-05  5.727719E-05  7.290690E-05  2.463161E-06
 2.871500E+02  3.835115E-02  3.643467E-06  7.824267E-11  1.031607E-10  1.148886E-10  1.375693E-10  5.947744E-01  2.053016E-03  5.011964E-05  3.340517E-01  2.657584E-03  1.421998E-04  3.325411E-06  1.607924E-03  8.100443E-07  2.775635E-06  2.091318E-08  2.167352E-02  7.385979E-06  2.815255E-08  2.443732E-08  1.869796E-03  2.543467E-03  8.346073E-05  5.338833E-05  6.798210E-05  2.329262E-06
 2.881500E+02  3.852774E-02  3.618626E-06  7.600746E-11  1.002442E-10  1.116481E-10  1.337274E-10  5.948867E-01  2.009932E-03  4.667172E-05  3.343248E-01  2.605982E-03  1.328365E-04  3.216095E-06  1.578631E-03  7.646356E-07  2.627750E-06  2.007472E-08  2.135015E-02  7.009181E-06  2.720319E-08  2.359480E-08  1.832832E-03  2.493088E-03  7.791979E-05  4.978834E-05  6.342149E-05  2.203389E-06
 2.891500E+02  3.870111E-02  3.593708E-06  7.383913E-11  9.741405E-11  1.085031E-10  1.299974E-10  5.949955E-01  1.968068E-03  4.348359E-05  3.345914E-01  2.555700E-03  1.241460E-04  3.111074E-06  1.549991E-03  7.220370E-07  2.488609E-06  1.927353E-08  2.103255E-02  6.653615E-06  2.628931E-08  2.278444E-08  1.796848E-03  2.444050E-03  7.278103E-05  4.645406E-05  5.919597E-05  2.085020E-06
 2.901500E+02  3.887131E-02  3.568729E-06  7.173586E-11  9.466778E-11  1.054512E-10  1.263765E-10  5.951009E-01  1.927383E-03  4.053410E-05  3.348517E-01  2.506698E-03  1.160762E-04  3.010159E-06  1.521992E-03  6.820600E-07  2.357648E-06  1.850784E-08  2.072062E-02  6.317990E-06  2.540952E-08  2.200497E-08  1.761813E-03  2.396311E-03  6.801299E-05  4.336432E-05  5.527895E-05  1.973671E-06
 2.911500E+02  3.903839E-02  3.543706E-06  6.969587E-11  9.200318E-11  1.024898E-10  1.228619E-10  5.952031E-01  1.887836E-03  3.780393E-05  3.351059E-01  2.458938E-03  1.085794E-04  2.913167E-06  1.494616E-03  6.445295E-07  2.234344E-06  1.777597E-08  2.041427E-02  6.001096E-06  2.456248E-08  2.125515E-08  1.727699E-03  2.349829E-03  6.358678E-05  4.049972E-05  5.164608E-05  1.868893E-06
 2.921500E+02  3.920240E-02  3.518653E-06  6.771739E-11  8.941802E-11  9.961646E-11  1.194506E-10  5.953022E-01  1.849390E-03  3.527544E-05  3.353542E-01  2.412384E-03  1.016117E-04  2.819926E-06  1.467851E-03  6.092833E-07  2.118211E-06  1.707631E-08  2.011343E-02  5.701802E-06  2.374693E-08  2.053380E-08  1.694475E-03  2.304566E-03  5.947597E-05  3.784255E-05  4.827507E-05  1.770265E-06
 2.931500E+02  3.936340E-02  3.493586E-06  6.579870E-11  8.691011E-11  9.682877E-11  1.161400E-10  5.953984E-01  1.812008E-03  3.293251E-05  3.355967E-01  2.367000E-03  9.513285E-05  2.730271E-06  1.441681E-03  5.761704E-07  2.008794E-06  1.640735E-08  1.981799E-02  5.419049E-06  2.296163E-08  1.983976E-08  1.662115E-03  2.260482E-03  5.565628E-05  3.537655E-05  4.514550E-05  1.677395E-06
 2.941500E+02  3.952144E-02  3.468518E-06  6.393812E-11  8.447731E-11  9.412435E-11  1.129272E-10  5.954917E-01  1.775653E-03  3.076040E-05  3.358337E-01  2.322752E-03  8.910591E-05  2.644045E-06  1.416092E-03  5.450506E-07  1.905670E-06  1.576764E-08  1.952789E-02  5.151847E-06  2.220540E-08  1.917196E-08  1.630591E-03  2.217543E-03  5.210543E-05  3.308687E-05  4.223867E-05  1.589920E-06
 2.951500E+02  3.967657E-02  3.443463E-06  6.213397E-11  8.211749E-11  9.150087E-11  1.098096E-10  5.955823E-01  1.740292E-03  2.874562E-05  3.360652E-01  2.279606E-03  8.349686E-05  2.561101E-06  1.391071E-03  5.157935E-07  1.808444E-06  1.515581E-08  1.924302E-02  4.899268E-06  2.147710E-08  1.852934E-08  1.599878E-03  2.175711E-03  4.880298E-05  3.095984E-05  3.953740E-05  1.507498E-06
 2.961500E+02  3.982883E-02  3.418432E-06  6.038463E-11  7.982859E-11  8.895604E-11  1.067845E-10  5.956703E-01  1.705892E-03  2.687583E-05  3.362915E-01  2.237531E-03  7.827440E-05  2.481294E-06  1.366605E-03  4.882780E-07  1.716750E-06  1.457055E-08  1.896330E-02  4.660445E-06  2.077564E-08  1.791090E-08  1.569951E-03  2.134953E-03  4.573013E-05  2.898297E-05  3.702596E-05  1.429814E-06
 2.971500E+02  3.997828E-02  3.393438E-06  5.868851E-11  7.760858E-11  8.648762E-11  1.038493E-10  5.957557E-01  1.672421E-03  2.513973E-05  3.365127E-01  2.196494E-03  7.340979E-05  2.404492E-06  1.342679E-03  4.623913E-07  1.630243E-06  1.401061E-08  1.868864E-02  4.434563E-06  2.009997E-08  1.731566E-08  1.540786E-03  2.095235E-03  4.286963E-05  2.714478E-05  3.468989E-05  1.356572E-06
 2.981500E+02  4.012498E-02  3.368493E-06  5.704404E-11  7.545546E-11  8.409341E-11  1.010015E-10  5.958387E-01  1.639849E-03  2.352696E-05  3.367290E-01  2.156466E-03  6.887651E-05  2.330563E-06  1.319282E-03  4.380285E-07  1.548603E-06  1.347483E-08  1.841897E-02  4.220860E-06  1.944909E-08  1.674271E-08  1.512359E-03  2.056527E-03  4.020559E-05  2.543473E-05  3.251593E-05  1.287495E-06
 2.991500E+02  4.026896E-02  3.343607E-06  5.544970E-11  7.336730E-11  8.177125E-11  9.823850E-11  5.959194E-01  1.608147E-03  2.202801E-05  3.369405E-01  2.117417E-03  6.465020E-05  2.259387E-06  1.296401E-03  4.150920E-07  1.471530E-06  1.296206E-08  1.815418E-02  4.018624E-06  1.882202E-08  1.619115E-08  1.484649E-03  2.018796E-03  3.772341E-05  2.384314E-05  3.049188E-05  1.222326E-06
 3.001500E+02  4.041028E-02  3.318791E-06  5.390401E-11  7.134218E-11  7.951905E-11  9.555796E-11  5.959979E-01  1.577286E-03  2.063417E-05  3.371473E-01  2.079319E-03  6.070838E-05  2.190845E-06  1.274023E-03  3.934908E-07  1.398747E-06  1.247125E-08  1.789421E-02  3.827184E-06  1.821783E-08  1.566013E-08  1.457632E-03  1.982014E-03  3.540964E-05  2.236112E-05  2.860653E-05  1.160825E-06
 3.011500E+02  4.054898E-02  3.294053E-06  5.240549E-11  6.937826E-11  7.733475E-11  9.295745E-11  5.960742E-01  1.547239E-03  1.933745E-05  3.373496E-01  2.042146E-03  5.703033E-05  2.124826E-06  1.252136E-03  3.731402E-07  1.329991E-06  1.200137E-08  1.763895E-02  3.645913E-06  1.763564E-08  1.514883E-08  1.431290E-03  1.946151E-03  3.325191E-05  2.098048E-05  2.684957E-05  1.102766E-06
 3.021500E+02  4.068512E-02  3.269403E-06  5.095275E-11  6.747370E-11  7.521633E-11  9.043463E-11  5.961484E-01  1.517980E-03  1.813050E-05  3.375474E-01  2.005869E-03  5.359697E-05  2.061225E-06  1.230729E-03  3.539613E-07  1.265020E-06  1.155145E-08  1.738834E-02  3.474223E-06  1.707458E-08  1.465646E-08  1.405600E-03  1.911180E-03  3.123881E-05  1.969370E-05  2.521150E-05  1.047940E-06
 3.031500E+02  4.081874E-02  3.244850E-06  4.954437E-11  6.562675E-11  7.316183E-11  8.798722E-11  5.962205E-01  1.489485E-03  1.700657E-05  3.377410E-01  1.970463E-03  5.039067E-05  1.999939E-06  1.209791E-03  3.358805E-07  1.203604E-06  1.112059E-08  1.714228E-02  3.311562E-06  1.653384E-08  1.418227E-08  1.380544E-03  1.877074E-03  2.935984E-05  1.849387E-05  2.368360E-05  9.961508E-07
 3.041500E+02  4.094989E-02  3.220402E-06  4.817903E-11  6.383566E-11  7.116935E-11  8.561299E-11  5.962908E-01  1.461728E-03  1.595946E-05  3.379304E-01  1.935905E-03  4.739519E-05  1.940873E-06  1.189309E-03  3.188292E-07  1.145531E-06  1.070790E-08  1.690070E-02  3.157412E-06  1.601261E-08  1.372555E-08  1.356103E-03  1.843808E-03  2.760530E-05  1.737460E-05  2.225782E-05  9.472149E-07
 3.051500E+02  4.107862E-02  3.196067E-06  4.685540E-11  6.209876E-11  6.923701E-11  8.330977E-11  5.963592E-01  1.434687E-03  1.498347E-05  3.381157E-01  1.902168E-03  4.459549E-05  1.883933E-06  1.169273E-03  3.027434E-07  1.090602E-06  1.031254E-08  1.666351E-02  3.011287E-06  1.551015E-08  1.328559E-08  1.332259E-03  1.811356E-03  2.596626E-05  1.633001E-05  2.092674E-05  9.009608E-07
 3.061500E+02  4.120496E-02  3.171850E-06  4.557219E-11  6.041439E-11  6.736299E-11  8.107542E-11  5.964257E-01  1.408339E-03  1.407335E-05  3.382971E-01  1.869231E-03  4.197773E-05  1.829032E-06  1.149672E-03  2.875634E-07  1.038630E-06  9.933737E-09  1.643063E-02  2.872732E-06  1.502573E-08  1.286173E-08  1.308994E-03  1.779694E-03  2.443446E-05  1.535471E-05  1.968353E-05  8.572282E-07
 3.071500E+02  4.132898E-02  3.147761E-06  4.432817E-11  5.878096E-11  6.554552E-11  7.890788E-11  5.964906E-01  1.382662E-03  1.322426E-05  3.384747E-01  1.837070E-03  3.952908E-05  1.776087E-06  1.130497E-03  2.732335E-07  9.894404E-07  9.570721E-09  1.620199E-02  2.741317E-06  1.455863E-08  1.245333E-08  1.286291E-03  1.748799E-03  2.300229E-05  1.444368E-05  1.852188E-05  8.158669E-07
 3.081500E+02  4.145070E-02  3.123803E-06  4.312211E-11  5.719690E-11  6.378287E-11  7.680514E-11  5.965537E-01  1.357635E-03  1.243176E-05  3.386484E-01  1.805664E-03  3.723771E-05  1.725017E-06  1.111736E-03  2.597016E-07  9.428698E-07  9.222780E-09  1.597750E-02  2.616640E-06  1.410820E-08  1.205979E-08  1.264133E-03  1.718648E-03  2.166271E-05  1.359233E-05  1.743598E-05  7.767365E-07
 3.091500E+02  4.157019E-02  3.099984E-06  4.195284E-11  5.566071E-11  6.207337E-11  7.476523E-11  5.966152E-01  1.333239E-03  1.169173E-05  3.388186E-01  1.774991E-03  3.509264E-05  1.675745E-06  1.093379E-03  2.469190E-07  8.987652E-07  8.889229E-09  1.575708E-02  2.498324E-06  1.367379E-08  1.168052E-08  1.242505E-03  1.689220E-03  2.040922E-05  1.279642E-05  1.642044E-05  7.397054E-07
 3.101500E+02  4.168747E-02  3.076309E-06  4.081921E-11  5.417090E-11  6.041539E-11  7.278625E-11  5.966752E-01  1.309453E-03  1.100041E-05  3.389851E-01  1.745031E-03  3.308376E-05  1.628200E-06  1.075418E-03  2.348405E-07  8.569831E-07  8.569419E-09  1.554067E-02  2.386013E-06  1.325478E-08  1.131495E-08  1.221391E-03  1.660493E-03  1.923580E-05  1.205200E-05  1.547032E-05  7.046505E-07
 3.111500E+02  4.180259E-02  3.052783E-06  3.972010E-11  5.272604E-11  5.880732E-11  7.086633E-11  5.967336E-01  1.286260E-03  1.035429E-05  3.391483E-01  1.715765E-03  3.120167E-05  1.582310E-06  1.057842E-03  2.234235E-07  8.173891E-07  8.262729E-09  1.532818E-02  2.279374E-06  1.285057E-08  1.096254E-08  1.200777E-03  1.632447E-03  1.813690E-05  1.135546E-05  1.458101E-05  6.714563E-07
 3.121500E+02  4.191559E-02  3.029411E-06  3.865443E-11  5.132473E-11  5.724762E-11  6.900366E-11  5.967906E-01  1.263641E-03  9.750166E-06  3.393080E-01  1.687172E-03  2.943768E-05  1.538011E-06  1.040642E-03  2.126284E-07  7.798573E-07  7.968572E-09  1.511954E-02  2.178093E-06  1.246061E-08  1.062279E-08  1.180648E-03  1.605064E-03  1.710737E-05  1.070344E-05  1.374829E-05  6.400148E-07
 3.131500E+02  4.202652E-02  3.006197E-06  3.762115E-11  4.996562E-11  5.573480E-11  6.719649E-11  5.968461E-01  1.241579E-03  9.185059E-06  3.394644E-01  1.659234E-03  2.778375E-05  1.495237E-06  1.023810E-03  2.024180E-07  7.442695E-07  7.686385E-09  1.491467E-02  2.081875E-06  1.208433E-08  1.029519E-08  1.160991E-03  1.578322E-03  1.614244E-05  1.009285E-05  1.296823E-05  6.102246E-07
 3.141500E+02  4.213541E-02  2.983144E-06  3.661924E-11  4.864740E-11  5.426740E-11  6.544310E-11  5.969002E-01  1.220056E-03  8.656224E-06  3.396177E-01  1.631934E-03  2.623241E-05  1.453929E-06  1.007335E-03  1.927576E-07  7.105150E-07  7.415634E-09  1.471351E-02  1.990442E-06  1.172121E-08  9.979266E-09  1.141791E-03  1.552205E-03  1.523771E-05  9.520820E-06  1.223719E-05  5.819906E-07
 3.151500E+02  4.224231E-02  2.960258E-06  3.564769E-11  4.736877E-11  5.284399E-11  6.374184E-11  5.969531E-01  1.199058E-03  8.161123E-06  3.397678E-01  1.605253E-03  2.477675E-05  1.414028E-06  9.912107E-04  1.836147E-07  6.784896E-07  7.155809E-09  1.451599E-02  1.903533E-06  1.137076E-08  9.674567E-09  1.123036E-03  1.526695E-03  1.438909E-05  8.984695E-06  1.155184E-05  5.552237E-07
 3.161500E+02  4.234726E-02  2.937541E-06  3.470556E-11  4.612851E-11  5.146320E-11  6.209109E-11  5.970046E-01  1.178567E-03  7.697410E-06  3.399149E-01  1.579176E-03  2.341035E-05  1.375480E-06  9.754275E-04  1.749589E-07  6.480960E-07  6.906428E-09  1.432203E-02  1.820902E-06  1.103248E-08  9.380656E-09  1.104713E-03  1.501774E-03  1.359278E-05  8.482021E-06  1.090904E-05  5.298402E-07
 3.171500E+02  4.245029E-02  2.914996E-06  3.379191E-11  4.492541E-11  5.012370E-11  6.048928E-11  5.970549E-01  1.158570E-03  7.262915E-06  3.400589E-01  1.553684E-03  2.212726E-05  1.338230E-06  9.599775E-04  1.667617E-07  6.192423E-07  6.667026E-09  1.413156E-02  1.742318E-06  1.070591E-08  9.097111E-09  1.086811E-03  1.477425E-03  1.284528E-05  8.010521E-06  1.030592E-05  5.057618E-07
 3.181500E+02  4.255144E-02  2.892627E-06  3.290582E-11  4.375830E-11  4.882420E-11  5.893490E-11  5.971039E-01  1.139051E-03  6.855629E-06  3.402001E-01  1.528763E-03  2.092195E-05  1.302229E-06  9.448527E-04  1.589965E-07  5.918426E-07  6.437166E-09  1.394452E-02  1.667563E-06  1.039062E-08  8.823532E-09  1.069317E-03  1.453633E-03  1.214333E-05  7.568088E-06  9.739801E-06  4.829147E-07
 3.191500E+02  4.265075E-02  2.870435E-06  3.204644E-11  4.262604E-11  4.756342E-11  5.742647E-11  5.971518E-01  1.119996E-03  6.473692E-06  3.403385E-01  1.504397E-03  1.978929E-05  1.267427E-06  9.300453E-04  1.516381E-07  5.658161E-07  6.216427E-09  1.376084E-02  1.596431E-06  1.008616E-08  8.559534E-09  1.052220E-03  1.430382E-03  1.148390E-05  7.152766E-06  9.208214E-06  4.612298E-07
 3.201500E+02  4.274825E-02  2.848424E-06  3.121290E-11  4.152754E-11  4.634017E-11  5.596256E-11  5.971986E-01  1.101392E-03  6.115382E-06  3.404741E-01  1.480571E-03  1.872452E-05  1.233780E-06  9.155477E-04  1.446632E-07  5.410868E-07  6.004409E-09  1.358045E-02  1.528731E-06  9.792129E-09  8.304746E-09  1.035508E-03  1.407657E-03  1.086417E-05  6.762742E-06  8.708854E-06  4.406421E-07
 3.211500E+02  4.284399E-02  2.826594E-06  3.040438E-11  4.046172E-11  4.515324E-11  5.454177E-11  5.972442E-01  1.083226E-03  5.779102E-06  3.406070E-01  1.457270E-03  1.772319E-05  1.201241E-06  9.013525E-04  1.380498E-07  5.175834E-07  5.800734E-09  1.340329E-02  1.464278E-06  9.508135E-09  8.058814E-09  1.019173E-03  1.385444E-03  1.028155E-05  6.396335E-06  8.239588E-06  4.210905E-07
 3.221500E+02  4.293799E-02  2.804949E-06  2.962008E-11  3.942757E-11  4.400151E-11  5.316277E-11  5.972888E-01  1.065485E-03  5.463373E-06  3.407373E-01  1.434482E-03  1.678120E-05  1.169769E-06  8.874525E-04  1.317772E-07  4.952386E-07  5.605037E-09  1.322930E-02  1.402902E-06  9.233797E-09  7.821399E-09  1.003202E-03  1.363727E-03  9.733617E-06  6.051982E-06  7.798434E-06  4.025177E-07
 3.231500E+02  4.303030E-02  2.783489E-06  2.885923E-11  3.842407E-11  4.288385E-11  5.182424E-11  5.973324E-01  1.048156E-03  5.166823E-06  3.408650E-01  1.412191E-03  1.589471E-05  1.139324E-06  8.738406E-04  1.258262E-07  4.739893E-07  5.416973E-09  1.305842E-02  1.344441E-06  8.968753E-09  7.592174E-09  9.875863E-04  1.342495E-03  9.218105E-06  5.728235E-06  7.383553E-06  3.848697E-07
 3.241500E+02  4.312094E-02  2.762217E-06  2.812109E-11  3.745026E-11  4.179920E-11  5.052491E-11  5.973749E-01  1.031229E-03  4.888177E-06  3.409902E-01  1.390385E-03  1.506016E-05  1.109865E-06  8.605101E-04  1.201785E-07  4.537762E-07  5.236212E-09  1.289058E-02  1.288743E-06  8.712655E-09  7.370827E-09  9.723160E-04  1.321733E-03  8.732926E-06  5.423744E-06  6.993232E-06  3.680958E-07
 3.251500E+02  4.320995E-02  2.741133E-06  2.740491E-11  3.650519E-11  4.074650E-11  4.926357E-11  5.974165E-01  1.014691E-03  4.626254E-06  3.411129E-01  1.369051E-03  1.427422E-05  1.081357E-06  8.474541E-04  1.148172E-07  4.345434E-07  5.062441E-09  1.272572E-02  1.235662E-06  8.465166E-09  7.157057E-09  9.573817E-04  1.301428E-03  8.276129E-06  5.137259E-06  6.625883E-06  3.521484E-07
 3.261500E+02  4.329736E-02  2.720239E-06  2.671001E-11  3.558797E-11  3.972476E-11  4.803902E-11  5.974571E-01  9.985313E-04  4.379956E-06  3.412333E-01  1.348176E-03  1.353381E-05  1.053763E-06  8.346662E-04  1.097262E-07  4.162381E-07  4.895358E-09  1.256379E-02  1.185064E-06  8.225967E-09  6.950578E-09  9.427744E-04  1.281569E-03  7.845901E-06  4.867615E-06  6.280027E-06  3.369825E-07
 3.271500E+02  4.338320E-02  2.699534E-06  2.603570E-11  3.469769E-11  3.873298E-11  4.685010E-11  5.974968E-01  9.827394E-04  4.148263E-06  3.413514E-01  1.327750E-03  1.283604E-05  1.027050E-06  8.221401E-04  1.048905E-07  3.988110E-07  4.734679E-09  1.240472E-02  1.136819E-06  7.994749E-09  6.751112E-09  9.284852E-04  1.262143E-03  7.440553E-06  4.613730E-06  5.954286E-06  3.225559E-07
 3.281500E+02  4.346751E-02  2.679021E-06  2.538132E-11  3.383352E-11  3.777023E-11  4.569570E-11  5.975355E-01  9.673049E-04  3.930227E-06  3.414671E-01  1.307759E-03  1.217825E-05  1.001184E-06  8.098694E-04  1.002960E-07  3.822153E-07  4.580131E-09  1.224846E-02  1.090808E-06  7.771215E-09  6.558394E-09  9.145056E-04  1.243139E-03  7.058512E-06  4.374595E-06  5.647381E-06  3.088288E-07
 3.291500E+02  4.355032E-02  2.658699E-06  2.474624E-11  3.299462E-11  3.683559E-11  4.457475E-11  5.975735E-01  9.522178E-04  3.724967E-06  3.415807E-01  1.288192E-03  1.155792E-05  9.761344E-07  7.978483E-04  9.592939E-08  3.664071E-07  4.431453E-09  1.209496E-02  1.046916E-06  7.555082E-09  6.372172E-09  9.008275E-04  1.224545E-03  6.698312E-06  4.149273E-06  5.358118E-06  2.957639E-07
 3.301500E+02  4.363166E-02  2.638570E-06  2.412984E-11  3.218019E-11  3.592816E-11  4.348618E-11  5.976105E-01  9.374685E-04  3.531662E-06  3.416920E-01  1.269039E-03  1.097274E-05  9.518710E-07  7.860707E-04  9.177817E-08  3.513448E-07  4.288397E-09  1.194416E-02  1.005034E-06  7.346075E-09  6.192200E-09  8.874428E-04  1.206351E-03  6.358588E-06  3.936891E-06  5.085388E-06  2.833258E-07
 3.311500E+02  4.371155E-02  2.618632E-06  2.353152E-11  3.138946E-11  3.504709E-11  4.242899E-11  5.976468E-01  9.230476E-04  3.349551E-06  3.418013E-01  1.250290E-03  1.042051E-05  9.283650E-07  7.745310E-04  8.783063E-08  3.369896E-07  4.150727E-09  1.179600E-02  9.650616E-07  7.143933E-09  6.018245E-09  8.743437E-04  1.188546E-03  6.038066E-06  3.736634E-06  4.828153E-06  2.714813E-07
 3.321500E+02  4.379003E-02  2.598887E-06  2.295071E-11  3.062169E-11  3.419155E-11  4.140220E-11  5.976822E-01  9.089460E-04  3.177922E-06  3.419085E-01  1.231932E-03  9.899212E-06  9.055887E-07  7.632236E-04  8.407571E-08  3.233044E-07  4.018217E-09  1.165044E-02  9.269016E-07  6.948404E-09  5.850082E-09  8.615228E-04  1.171119E-03  5.735558E-06  3.547744E-06  4.585451E-06  2.601991E-07
 3.331500E+02  4.386712E-02  2.579333E-06  2.238685E-11  2.987613E-11  3.336073E-11  4.040485E-11  5.977169E-01  8.951550E-04  3.016114E-06  3.420136E-01  1.213958E-03  9.406955E-06  8.835159E-07  7.521430E-04  8.050303E-08  3.102547E-07  3.890650E-09  1.150742E-02  8.904632E-07  6.759246E-09  5.687495E-09  8.489729E-04  1.154061E-03  5.449955E-06  3.369514E-06  4.356379E-06  2.494497E-07
 3.341500E+02  4.394285E-02  2.559973E-06  2.183940E-11  2.915210E-11  3.255385E-11  3.943602E-11  5.977509E-01  8.816661E-04  2.863510E-06  3.421168E-01  1.196356E-03  8.941966E-06  8.621210E-07  7.412839E-04  7.710279E-08  2.978076E-07  3.767821E-09  1.136690E-02  8.556602E-07  6.576225E-09  5.530278E-09  8.366867E-04  1.137362E-03  5.180222E-06  3.201285E-06  4.140099E-06  2.392052E-07
 3.351500E+02  4.401725E-02  2.540803E-06  2.130783E-11  2.844891E-11  3.177016E-11  3.849482E-11  5.977840E-01  8.684711E-04  2.719537E-06  3.422181E-01  1.179118E-03  8.502593E-06  8.413797E-07  7.306411E-04  7.386579E-08  2.859321E-07  3.649534E-09  1.122881E-02  8.224113E-07  6.399121E-09  5.378232E-09  8.246575E-04  1.121013E-03  4.925393E-06  3.042441E-06  3.935827E-06  2.294394E-07
 3.361500E+02  4.409035E-02  2.521826E-06  2.079164E-11  2.776591E-11  3.100892E-11  3.758039E-11  5.978165E-01  8.555621E-04  2.583659E-06  3.423174E-01  1.162233E-03  8.087291E-06  8.212687E-07  7.202096E-04  7.078334E-08  2.745991E-07  3.535600E-09  1.109312E-02  7.906395E-07  6.227716E-09  5.231166E-09  8.128787E-04  1.105005E-03  4.684567E-06  2.892408E-06  3.742831E-06  2.201275E-07
 3.371500E+02  4.416217E-02  2.503039E-06  2.029035E-11  2.710246E-11  3.026944E-11  3.669190E-11  5.978483E-01  8.429314E-04  2.455376E-06  3.424149E-01  1.145695E-03  7.694617E-06  8.017655E-07  7.099844E-04  6.784728E-08  2.637811E-07  3.425840E-09  1.095978E-02  7.602719E-07  6.061806E-09  5.088898E-09  8.013439E-04  1.089329E-03  4.456898E-06  2.750649E-06  3.560428E-06  2.112461E-07
 3.381500E+02  4.423274E-02  2.484443E-06  1.980347E-11  2.645794E-11  2.955102E-11  3.582852E-11  5.978794E-01  8.305715E-04  2.334223E-06  3.425106E-01  1.129493E-03  7.323221E-06  7.828486E-07  6.999608E-04  6.504991E-08  2.534519E-07  3.320083E-09  1.082873E-02  7.312397E-07  5.901193E-09  4.951250E-09  7.900467E-04  1.073976E-03  4.241599E-06  2.616665E-06  3.387980E-06  2.027733E-07
 3.391500E+02  4.430208E-02  2.466037E-06  1.933056E-11  2.583176E-11  2.885301E-11  3.498949E-11  5.979099E-01  8.184752E-04  2.219763E-06  3.426046E-01  1.113619E-03  6.971838E-06  7.644974E-07  6.901340E-04  6.238394E-08  2.435870E-07  3.218166E-09  1.069995E-02  7.034775E-07  5.745686E-09  4.818056E-09  7.789812E-04  1.058938E-03  4.037932E-06  2.489986E-06  3.224889E-06  1.946881E-07
 3.401500E+02  4.437022E-02  2.447820E-06  1.887116E-11  2.522334E-11  2.817477E-11  3.417405E-11  5.979397E-01  8.066356E-04  2.111590E-06  3.426968E-01  1.098065E-03  6.639288E-06  7.466920E-07  6.804996E-04  5.984255E-08  2.341632E-07  3.119931E-09  1.057337E-02  6.769237E-07  5.595102E-09  4.689151E-09  7.681414E-04  1.044208E-03  3.845208E-06  2.370175E-06  3.070597E-06  1.869708E-07
 3.411500E+02  4.443719E-02  2.429792E-06  1.842486E-11  2.463213E-11  2.751567E-11  3.338146E-11  5.979688E-01  7.950459E-04  2.009326E-06  3.427873E-01  1.082824E-03  6.324464E-06  7.294133E-07  6.710530E-04  5.741927E-08  2.251584E-07  3.025230E-09  1.044895E-02  6.515197E-07  5.449266E-09  4.564382E-09  7.575217E-04  1.029777E-03  3.662781E-06  2.256824E-06  2.924583E-06  1.796030E-07
 3.421500E+02  4.450300E-02  2.411951E-06  1.799124E-11  2.405758E-11  2.687513E-11  3.261101E-11  5.979974E-01  7.836994E-04  1.912615E-06  3.428762E-01  1.067887E-03  6.026329E-06  7.126431E-07  6.617900E-04  5.510801E-08  2.165518E-07  2.933920E-09  1.032666E-02  6.272102E-07  5.308008E-09  4.443598E-09  7.471166E-04  1.015638E-03  3.490047E-06  2.149549E-06  2.786359E-06  1.725669E-07
 3.431500E+02  4.456767E-02  2.394296E-06  1.756990E-11  2.349918E-11  2.625255E-11  3.186202E-11  5.980254E-01  7.725900E-04  1.821125E-06  3.429635E-01  1.053247E-03  5.743914E-06  6.963638E-07  6.527064E-04  5.290302E-08  2.083239E-07  2.845864E-09  1.020645E-02  6.039426E-07  5.171167E-09  4.326655E-09  7.369206E-04  1.001783E-03  3.326440E-06  2.047992E-06  2.655467E-06  1.658461E-07
 3.441500E+02  4.463124E-02  2.376827E-06  1.716046E-11  2.295643E-11  2.564739E-11  3.113382E-11  5.980528E-01  7.617113E-04  1.734547E-06  3.430492E-01  1.038897E-03  5.476308E-06  6.805586E-07  6.437980E-04  5.079886E-08  2.004561E-07  2.760932E-09  1.008828E-02  5.816673E-07  5.038586E-09  4.213416E-09  7.269286E-04  9.882058E-04  3.171430E-06  1.951818E-06  2.531479E-06  1.594249E-07
 3.451500E+02  4.469373E-02  2.359542E-06  1.676253E-11  2.242883E-11  2.505910E-11  3.042578E-11  5.980797E-01  7.510575E-04  1.652590E-06  3.431333E-01  1.024829E-03  5.222659E-06  6.652111E-07  6.350607E-04  4.879042E-08  1.929306E-07  2.678999E-09  9.972113E-03  5.603370E-07  4.910115E-09  4.103747E-09  7.171355E-04  9.748992E-04  3.024522E-06  1.860714E-06  2.413994E-06  1.532883E-07
 3.461500E+02  4.475515E-02  2.342441E-06  1.637576E-11  2.191591E-11  2.448715E-11  2.973727E-11  5.981060E-01  7.406227E-04  1.574983E-06  3.432160E-01  1.011038E-03  4.982169E-06  6.503058E-07  6.264908E-04  4.687285E-08  1.857310E-07  2.599946E-09  9.857903E-03  5.399071E-07  4.785610E-09  3.997522E-09  7.075363E-04  9.618564E-04  2.885248E-06  1.774385E-06  2.302638E-06  1.474223E-07
 3.471500E+02  4.481552E-02  2.325522E-06  1.599980E-11  2.141722E-11  2.393104E-11  2.906768E-11  5.981317E-01  7.304013E-04  1.501471E-06  3.432972E-01  9.975159E-04  4.754087E-06  6.358276E-07  6.180844E-04  4.504157E-08  1.788414E-07  2.523659E-09  9.745614E-03  5.203353E-07  4.664931E-09  3.894619E-09  6.981265E-04  9.490711E-04  2.753174E-06  1.692555E-06  2.197057E-06  1.418137E-07
 3.481500E+02  4.487488E-02  2.308784E-06  1.563432E-11  2.093232E-11  2.339028E-11  2.841645E-11  5.981570E-01  7.203880E-04  1.431817E-06  3.433769E-01  9.842565E-04  4.537709E-06  6.217623E-07  6.098378E-04  4.329228E-08  1.722469E-07  2.450028E-09  9.635209E-03  5.015812E-07  4.547946E-09  3.794918E-09  6.889012E-04  9.365367E-04  2.627888E-06  1.614967E-06  2.096922E-06  1.364500E-07
 3.491500E+02  4.493323E-02  2.292226E-06  1.527898E-11  2.046078E-11  2.286440E-11  2.778301E-11  5.981818E-01  7.105773E-04  1.365798E-06  3.434552E-01  9.712536E-04  4.332377E-06  6.080958E-07  6.017473E-04  4.162087E-08  1.659334E-07  2.378949E-09  9.526650E-03  4.836068E-07  4.434526E-09  3.698308E-09  6.798560E-04  9.242473E-04  2.509008E-06  1.541379E-06  2.001924E-06  1.313191E-07
 3.501500E+02  4.499060E-02  2.275846E-06  1.493347E-11  2.000218E-11  2.235293E-11  2.716680E-11  5.982060E-01  7.009642E-04  1.303204E-06  3.435321E-01  9.585011E-04  4.137469E-06  5.948149E-07  5.938095E-04  4.002349E-08  1.598875E-07  2.310322E-09  9.419901E-03  4.663758E-07  4.324548E-09  3.604679E-09  6.709865E-04  9.121969E-04  2.396173E-06  1.471562E-06  1.911771E-06  1.264098E-07
 3.511500E+02  4.504701E-02  2.259643E-06  1.459749E-11  1.955614E-11  2.185544E-11  2.656732E-11  5.982298E-01  6.915438E-04  1.243839E-06  3.436077E-01  9.459930E-04  3.952404E-06  5.819067E-07  5.860209E-04  3.849648E-08  1.540964E-07  2.244052E-09  9.314927E-03  4.498540E-07  4.217892E-09  3.513927E-09  6.622885E-04  9.003797E-04  2.289044E-06  1.405305E-06  1.826191E-06  1.217115E-07
 3.521500E+02  4.510247E-02  2.243615E-06  1.427074E-11  1.912226E-11  2.137149E-11  2.598403E-11  5.982531E-01  6.823112E-04  1.187521E-06  3.436820E-01  9.337235E-04  3.776635E-06  5.693589E-07  5.783781E-04  3.703639E-08  1.485482E-07  2.180047E-09  9.211692E-03  4.340086E-07  4.114445E-09  3.425951E-09  6.537579E-04  8.887900E-04  2.187304E-06  1.342407E-06  1.744929E-06  1.172140E-07
 3.531500E+02  4.515701E-02  2.227762E-06  1.395293E-11  1.870017E-11  2.090067E-11  2.541647E-11  5.982759E-01  6.732616E-04  1.134075E-06  3.437550E-01  9.216871E-04  3.609649E-06  5.571596E-07  5.708779E-04  3.563995E-08  1.432314E-07  2.118220E-09  9.110163E-03  4.188087E-07  4.014096E-09  3.340655E-09  6.453906E-04  8.774225E-04  2.090653E-06  1.282680E-06  1.667744E-06  1.129078E-07
 3.541500E+02  4.521064E-02  2.212082E-06  1.364380E-11  1.828951E-11  2.044258E-11  2.486414E-11  5.982983E-01  6.643907E-04  1.083342E-06  3.438267E-01  9.098782E-04  3.450961E-06  5.452974E-07  5.635171E-04  3.430406E-08  1.381353E-07  2.058485E-09  9.010307E-03  4.042249E-07  3.916740E-09  3.257945E-09  6.371828E-04  8.662717E-04  1.998811E-06  1.225948E-06  1.594410E-06  1.087838E-07
 3.551500E+02  4.526339E-02  2.196574E-06  1.334306E-11  1.788993E-11  1.999683E-11  2.432658E-11  5.983203E-01  6.556940E-04  1.035168E-06  3.438971E-01  8.982916E-04  3.300119E-06  5.337612E-07  5.562925E-04  3.302579E-08  1.332494E-07  2.000764E-09  8.912090E-03  3.902293E-07  3.822274E-09  3.177733E-09  6.291307E-04  8.553326E-04  1.911514E-06  1.172045E-06  1.524715E-06  1.048334E-07
 3.561500E+02  4.531526E-02  2.181235E-06  1.305048E-11  1.750109E-11  1.956305E-11  2.380336E-11  5.983419E-01  6.471671E-04  9.894108E-07  3.439664E-01  8.869220E-04  3.156694E-06  5.225405E-07  5.492012E-04  3.180237E-08  1.285642E-07  1.944980E-09  8.815481E-03  3.767952E-07  3.730601E-09  3.099932E-09  6.212305E-04  8.446002E-04  1.828515E-06  1.120816E-06  1.458460E-06  1.010484E-07
 3.571500E+02  4.536628E-02  2.166064E-06  1.276578E-11  1.712267E-11  1.914087E-11  2.329403E-11  5.983630E-01  6.388060E-04  9.459372E-07  3.440344E-01  8.757644E-04  3.020285E-06  5.116250E-07  5.422403E-04  3.063116E-08  1.240704E-07  1.891057E-09  8.720449E-03  3.638974E-07  3.641626E-09  3.024460E-09  6.134788E-04  8.340695E-04  1.749579E-06  1.072113E-06  1.395457E-06  9.742108E-08
 3.581500E+02  4.541646E-02  2.151061E-06  1.248874E-11  1.675436E-11  1.872993E-11  2.279818E-11  5.983837E-01  6.306066E-04  9.046209E-07  3.441013E-01  8.648140E-04  2.890514E-06  5.010049E-07  5.354067E-04  2.950968E-08  1.197591E-07  1.838927E-09  8.626962E-03  3.515120E-07  3.555259E-09  2.951236E-09  6.058720E-04  8.237358E-04  1.674487E-06  1.025800E-06  1.335530E-06  9.394409E-08
 3.591500E+02  4.546582E-02  2.136223E-06  1.221913E-11  1.639583E-11  1.832991E-11  2.231541E-11  5.984041E-01  6.225650E-04  8.653436E-07  3.441671E-01  8.540660E-04  2.767025E-06  4.906708E-07  5.286977E-04  2.843557E-08  1.156221E-07  1.788521E-09  8.534992E-03  3.396161E-07  3.471412E-09  2.880184E-09  5.984068E-04  8.135946E-04  1.603033E-06  9.817473E-07  1.278512E-06  9.061047E-08
 3.601500E+02  4.551438E-02  2.121549E-06  1.195671E-11  1.604681E-11  1.794048E-11  2.184532E-11  5.984240E-01  6.146773E-04  8.279940E-07  3.442317E-01  8.435157E-04  2.649481E-06  4.806135E-07  5.221106E-04  2.740658E-08  1.116515E-07  1.739774E-09  8.444507E-03  3.281880E-07  3.390000E-09  2.811231E-09  5.910798E-04  8.036413E-04  1.535022E-06  9.398322E-07  1.224248E-06  8.741359E-08
 3.611500E+02  4.556215E-02  2.107037E-06  1.170126E-11  1.570700E-11  1.756131E-11  2.138754E-11  5.984436E-01  6.069400E-04  7.924676E-07  3.442953E-01  8.331587E-04  2.537568E-06  4.708242E-07  5.156428E-04  2.642060E-08  1.078396E-07  1.692624E-09  8.355481E-03  3.172071E-07  3.310943E-09  2.744305E-09  5.838879E-04  7.938716E-04  1.470270E-06  8.999403E-07  1.172590E-06  8.434719E-08
 3.621500E+02  4.560914E-02  2.092686E-06  1.145259E-11  1.537612E-11  1.719209E-11  2.094169E-11  5.984628E-01  5.993494E-04  7.586658E-07  3.443578E-01  8.229905E-04  2.430988E-06  4.612945E-07  5.092915E-04  2.547562E-08  1.041794E-07  1.647012E-09  8.267884E-03  3.066537E-07  3.234162E-09  2.679338E-09  5.768280E-04  7.842813E-04  1.408605E-06  8.619637E-07  1.123400E-06  8.140530E-08
 3.631500E+02  4.565538E-02  2.078494E-06  1.121047E-11  1.505392E-11  1.683253E-11  2.050743E-11  5.984816E-01  5.919019E-04  7.264960E-07  3.444192E-01  8.130068E-04  2.329459E-06  4.520162E-07  5.030542E-04  2.456973E-08  1.006642E-07  1.602881E-09  8.181690E-03  2.965091E-07  3.159582E-09  2.616265E-09  5.698970E-04  7.748662E-04  1.349864E-06  8.258007E-07  1.076547E-06  7.858225E-08
 3.641500E+02  4.570087E-02  2.064459E-06  1.097472E-11  1.474013E-11  1.648235E-11  2.008442E-11  5.985001E-01  5.845943E-04  6.958711E-07  3.444796E-01  8.032036E-04  2.232719E-06  4.429813E-07  4.969285E-04  2.370111E-08  9.728730E-08  1.560175E-09  8.096870E-03  2.867556E-07  3.087131E-09  2.555021E-09  5.630920E-04  7.656223E-04  1.293895E-06  7.913554E-07  1.031908E-06  7.587267E-08
 3.651500E+02  4.574563E-02  2.050581E-06  1.074515E-11  1.443450E-11  1.614126E-11  1.967231E-11  5.985183E-01  5.774233E-04  6.667088E-07  3.445390E-01  7.935767E-04  2.140517E-06  4.341824E-07  4.909120E-04  2.286804E-08  9.404273E-08  1.518843E-09  8.013400E-03  2.773761E-07  3.016738E-09  2.495547E-09  5.564101E-04  7.565458E-04  1.240551E-06  7.585374E-07  9.893684E-07  7.327143E-08
 3.661500E+02  4.578968E-02  2.036856E-06  1.052157E-11  1.413678E-11  1.580899E-11  1.927079E-11  5.985361E-01  5.703855E-04  6.389318E-07  3.445975E-01  7.841223E-04  2.052618E-06  4.256121E-07  4.850023E-04  2.206890E-08  9.092461E-08  1.478833E-09  7.931252E-03  2.683545E-07  2.948336E-09  2.437783E-09  5.498485E-04  7.476328E-04  1.189698E-06  7.272617E-07  9.488176E-07  7.077368E-08
 3.671500E+02  4.583303E-02  2.023285E-06  1.030379E-11  1.384675E-11  1.548528E-11  1.887954E-11  5.985536E-01  5.634779E-04  6.124671E-07  3.446549E-01  7.748364E-04  1.968800E-06  4.172633E-07  4.791970E-04  2.130214E-08  8.792739E-08  1.440098E-09  7.850403E-03  2.596756E-07  2.881861E-09  2.381672E-09  5.434046E-04  7.388796E-04  1.141206E-06  6.974481E-07  9.101529E-07  6.837481E-08
 3.681500E+02  4.587568E-02  2.009865E-06  1.009166E-11  1.356418E-11  1.516988E-11  1.849828E-11  5.985708E-01  5.566975E-04  5.872462E-07  3.447115E-01  7.657154E-04  1.888854E-06  4.091293E-07  4.734941E-04  2.056628E-08  8.504577E-08  1.402591E-09  7.770826E-03  2.513245E-07  2.817250E-09  2.327161E-09  5.370757E-04  7.302827E-04  1.094954E-06  6.690206E-07  8.732770E-07  6.607040E-08
 3.691500E+02  4.591767E-02  1.996594E-06  9.884998E-12  1.328884E-11  1.486255E-11  1.812669E-11  5.985877E-01  5.500414E-04  5.632041E-07  3.447671E-01  7.567555E-04  1.812582E-06  4.012034E-07  4.678912E-04  1.985993E-08  8.227474E-08  1.366267E-09  7.692498E-03  2.432874E-07  2.754443E-09  2.274196E-09  5.308591E-04  7.218385E-04  1.050827E-06  6.419081E-07  8.380981E-07  6.385630E-08
 3.701500E+02  4.595899E-02  1.983471E-06  9.683646E-12  1.302053E-11  1.456305E-11  1.776451E-11  5.986042E-01  5.435066E-04  5.402797E-07  3.448217E-01  7.479534E-04  1.739797E-06  3.934792E-07  4.623862E-04  1.918175E-08  7.960949E-08  1.331084E-09  7.615395E-03  2.355511E-07  2.693380E-09  2.222727E-09  5.247525E-04  7.135437E-04  1.008718E-06  6.160429E-07  8.045297E-07  6.172851E-08
 3.711500E+02  4.599966E-02  1.970495E-06  9.487446E-12  1.275904E-11  1.427114E-11  1.741146E-11  5.986205E-01  5.370904E-04  5.184155E-07  3.448755E-01  7.393054E-04  1.670322E-06  3.859508E-07  4.569770E-04  1.853049E-08  7.704547E-08  1.297002E-09  7.539495E-03  2.281027E-07  2.634008E-09  2.172706E-09  5.187533E-04  7.053949E-04  9.685232E-07  5.913615E-07  7.724898E-07  5.968326E-08
 3.721500E+02  4.603970E-02  1.957664E-06  9.296248E-12  1.250416E-11  1.398662E-11  1.706727E-11  5.986365E-01  5.307901E-04  4.975570E-07  3.449285E-01  7.308082E-04  1.603992E-06  3.786121E-07  4.516617E-04  1.790494E-08  7.457835E-08  1.263979E-09  7.464773E-03  2.209302E-07  2.576270E-09  2.124085E-09  5.128592E-04  6.973889E-04  9.301471E-07  5.678038E-07  7.419013E-07  5.771695E-08
 3.731500E+02  4.607911E-02  1.944975E-06  9.109906E-12  1.225572E-11  1.370926E-11  1.673169E-11  5.986522E-01  5.246030E-04  4.776528E-07  3.449806E-01  7.224586E-04  1.540648E-06  3.714575E-07  4.464382E-04  1.730396E-08  7.220397E-08  1.231979E-09  7.391209E-03  2.140220E-07  2.520116E-09  2.076819E-09  5.070679E-04  6.895225E-04  8.934982E-07  5.453129E-07  7.126911E-07  5.582615E-08
