#         T/K            c1          c2-1          c3-4          c3-5          c3-7          c3-9            m1          m2-1          m3-1            w1            w2          w3-1          w3-2          c1m1        c1m2-1        c1m2-7        c2m1-1        c1w1-2        c1w2-1        c2w1-1        c2w1-9        m1w1-1        m1w1-4        m1w2-1        m2w1-1        m2w1-3      c1m1w1-1
 2.731500E+02  5.174143E-02  8.806102E-06  3.968132E-10  5.208269E-10  5.794613E-10  6.909356E-10  4.919969E-02  2.023584E-05  8.983374E-08  7.750751E-01  2.049063E-02  5.509744E-03  7.730759E-05  2.647452E-04  2.069819E-08  6.791732E-08  7.266347E-09  9.613987E-02  1.396940E-04  2.510899E-07  2.204835E-07  5.120802E-04  6.970792E-04  1.152782E-04  2.649530E-06  3.355665E-06  1.631751E-06
 2.741500E+02  5.229027E-02  8.825713E-06  3.897618E-10  5.117450E-10  5.693995E-10  6.791521E-10  4.921858E-02  1.975280E-05  8.290315E-08  7.764643E-01  2.006738E-02  5.114658E-03  7.455296E-05  2.605910E-04  1.949065E-08  6.416215E-08  7.006690E-09  9.505116E-02  1.325260E-04  2.440759E-07  2.141396E-07  5.009272E-04  6.818537E-04  1.068585E-04  2.451039E-06  3.105510E-06  1.541404E-06
 2.751500E+02  5.283452E-02  8.843560E-06  3.827874E-10  5.027568E-10  5.594401E-10  6.674820E-10  4.923681E-02  1.928515E-05  7.655592E-08  7.778069E-01  1.965465E-02  4.750074E-03  7.191051E-05  2.565110E-04  1.836071E-08  6.063686E-08  6.757093E-09  9.397130E-02  1.257570E-04  2.372615E-07  2.079827E-07  4.900862E-04  6.670561E-04  9.910452E-05  2.268718E-06  2.875644E-06  1.456527E-06
 2.761500E+02  5.337406E-02  8.859651E-06  3.758908E-10  4.938634E-10  5.495844E-10  6.559266E-10  4.925439E-02  1.883227E-05  7.073904E-08  7.791055E-01  1.925222E-02  4.413502E-03  6.937551E-05  2.525036E-04  1.730293E-08  5.732599E-08  6.517126E-09  9.290052E-02  1.193634E-04  2.306411E-07  2.020074E-07  4.795476E-04  6.526732E-04  9.196016E-05  2.101150E-06  2.664298E-06  1.376763E-06
 2.771500E+02  5.390881E-02  8.873999E-06  3.690725E-10  4.850657E-10  5.398335E-10  6.444879E-10  4.927137E-02  1.839361E-05  6.540463E-08  7.803625E-01  1.885986E-02  4.102661E-03  6.694341E-05  2.485671E-04  1.631226E-08  5.421525E-08  6.286380E-09  9.183902E-02  1.133233E-04  2.242095E-07  1.962085E-07  4.693020E-04  6.386921E-04  8.537423E-05  1.947055E-06  2.469869E-06  1.301781E-06
 2.781500E+02  5.443868E-02  8.886621E-06  3.623333E-10  4.763652E-10  5.301889E-10  6.331675E-10  4.928778E-02  1.796861E-05  6.050949E-08  7.815803E-01  1.847735E-02  3.815465E-03  6.460984E-05  2.447003E-04  1.538407E-08  5.129136E-08  6.064470E-09  9.078700E-02  1.076157E-04  2.179615E-07  1.905809E-07  4.593406E-04  6.251004E-04  7.930011E-05  1.805266E-06  2.290900E-06  1.231270E-06
 2.791500E+02  5.496358E-02  8.897533E-06  3.556742E-10  4.677629E-10  5.206521E-10  6.219676E-10  4.930363E-02  1.755675E-05  5.601452E-08  7.827610E-01  1.810445E-02  3.550003E-03  6.237056E-05  2.409016E-04  1.451406E-08  4.854205E-08  5.851029E-09  8.974463E-02  1.022214E-04  2.118921E-07  1.851198E-07  4.496544E-04  6.118860E-04  7.369524E-05  1.674726E-06  2.126068E-06  1.164943E-06
 2.801500E+02  5.548345E-02  8.906758E-06  3.490961E-10  4.592604E-10  5.112246E-10  6.108901E-10  4.931897E-02  1.715755E-05  5.188440E-08  7.839065E-01  1.774094E-02  3.304527E-03  6.022154E-05  2.371698E-04  1.369824E-08  4.595589E-08  5.645709E-09  8.871206E-02  9.712188E-05  2.059965E-07  1.798204E-07  4.402350E-04  5.990371E-04  6.852082E-05  1.554477E-06  1.974172E-06  1.102532E-06
 2.811500E+02  5.599823E-02  8.914320E-06  3.425998E-10  4.508590E-10  5.019080E-10  5.999372E-10  4.933380E-02  1.677052E-05  4.808711E-08  7.850187E-01  1.738657E-02  3.077435E-03  5.815886E-05  2.335037E-04  1.293295E-08  4.352229E-08  5.448176E-09  8.768944E-02  9.230008E-05  2.002699E-07  1.746781E-07  4.310741E-04  5.865421E-04  6.374145E-05  1.443643E-06  1.834118E-06  1.043788E-06
 2.821500E+02  5.650784E-02  8.920243E-06  3.361862E-10  4.425600E-10  4.927039E-10  5.891110E-10  4.934816E-02  1.639522E-05  4.459368E-08  7.860992E-01  1.704114E-02  2.867259E-03  5.617880E-05  2.299020E-04  1.221477E-08  4.123142E-08  5.258115E-09  8.667689E-02  8.773984E-05  1.947078E-07  1.696883E-07  4.221635E-04  5.743901E-04  5.932479E-05  1.341432E-06  1.704911E-06  9.884779E-07
 2.831500E+02  5.701225E-02  8.924556E-06  3.298563E-10  4.343648E-10  4.836138E-10  5.784133E-10  4.936206E-02  1.603120E-05  4.137782E-08  7.871496E-01  1.670440E-02  2.672654E-03  5.427778E-05  2.263635E-04  1.154055E-08  3.907413E-08  5.075224E-09  8.567452E-02  8.342600E-05  1.893056E-07  1.648469E-07  4.134955E-04  5.625703E-04  5.524132E-05  1.247121E-06  1.585646E-06  9.363848E-07
 2.841500E+02  5.751142E-02  8.927287E-06  3.236108E-10  4.262747E-10  4.746392E-10  5.678463E-10  4.937553E-02  1.567806E-05  3.841569E-08  7.881713E-01  1.637612E-02  2.492389E-03  5.245236E-05  2.228871E-04  1.090736E-08  3.704190E-08  4.899215E-09  8.468244E-02  7.934434E-05  1.840590E-07  1.601494E-07  4.050625E-04  5.510722E-04  5.146405E-05  1.160051E-06  1.475498E-06  8.873068E-07
 2.851500E+02  5.800529E-02  8.928468E-06  3.174506E-10  4.182908E-10  4.657814E-10  5.574117E-10  4.938858E-02  1.533541E-05  3.568565E-08  7.891656E-01  1.605610E-02  2.325334E-03  5.069927E-05  2.194716E-04  1.031248E-08  3.512682E-08  4.729814E-09  8.370073E-02  7.548147E-05  1.789638E-07  1.555918E-07  3.968573E-04  5.398858E-04  4.796833E-05  1.079623E-06  1.373716E-06  8.410555E-07
 2.861500E+02  5.849384E-02  8.928131E-06  3.113764E-10  4.104143E-10  4.570417E-10  5.471112E-10  4.940124E-02  1.500285E-05  3.316803E-08  7.901339E-01  1.574411E-02  2.170454E-03  4.901537E-05  2.161162E-04  9.753393E-09  3.332151E-08  4.566758E-09  8.272946E-02  7.182484E-05  1.740157E-07  1.511701E-07  3.888726E-04  5.290013E-04  4.473159E-05  1.005292E-06  1.279614E-06  7.974548E-07
 2.871500E+02  5.897705E-02  8.926309E-06  3.053888E-10  4.026462E-10  4.484213E-10  5.369466E-10  4.941351E-02  1.468004E-05  3.084495E-08  7.910773E-01  1.543993E-02  2.026797E-03  4.739765E-05  2.128196E-04  9.227754E-09  3.161910E-08  4.409795E-09  8.176870E-02  6.836265E-05  1.692107E-07  1.468803E-07  3.811016E-04  5.184093E-04  4.173321E-05  9.365570E-07  1.192566E-06  7.563405E-07
 2.881500E+02  5.945488E-02  8.923036E-06  2.994884E-10  3.949874E-10  4.399214E-10  5.269193E-10  4.942542E-02  1.436662E-05  2.870014E-08  7.919969E-01  1.514335E-02  1.893493E-03  4.584323E-05  2.095808E-04  8.733386E-09  3.001319E-08  4.258685E-09  8.081850E-02  6.508379E-05  1.645450E-07  1.427187E-07  3.735378E-04  5.081005E-04  3.895430E-05  8.729646E-07  1.112002E-06  7.175595E-07
 2.891500E+02  5.992733E-02  8.918347E-06  2.936758E-10  3.874389E-10  4.315428E-10  5.170305E-10  4.943698E-02  1.406226E-05  2.671881E-08  7.928937E-01  1.485418E-02  1.769742E-03  4.434939E-05  2.063990E-04  8.268266E-09  2.849782E-08  4.113198E-09  7.987889E-02  6.197784E-05  1.600145E-07  1.386815E-07  3.661745E-04  4.980661E-04  3.637757E-05  8.140991E-07  1.037399E-06  6.809685E-07
 2.901500E+02  6.039439E-02  8.912278E-06  2.879514E-10  3.800012E-10  4.232864E-10  5.072816E-10  4.944820E-02  1.376664E-05  2.488746E-08  7.937686E-01  1.457219E-02  1.654808E-03  4.291349E-05  2.032730E-04  7.830513E-09  2.706740E-08  3.973114E-09  7.894992E-02  5.903500E-05  1.556156E-07  1.347651E-07  3.590057E-04  4.882976E-04  3.398716E-05  7.595809E-07  9.682808E-07  6.464337E-07
 2.911500E+02  6.085604E-02  8.904865E-06  2.823154E-10  3.726751E-10  4.151530E-10  4.976736E-10  4.945910E-02  1.347946E-05  2.319381E-08  7.946225E-01  1.429721E-02  1.548017E-03  4.153304E-05  2.002021E-04  7.418374E-09  2.571674E-08  3.838221E-09  7.803160E-02  5.624605E-05  1.513445E-07  1.309660E-07  3.520252E-04  4.787867E-04  3.176856E-05  7.090631E-07  9.042119E-07  6.138300E-07
 2.921500E+02  6.131228E-02  8.896145E-06  2.767682E-10  3.654610E-10  4.071430E-10  4.882074E-10  4.946968E-02  1.320042E-05  2.162663E-08  7.954563E-01  1.402903E-02  1.448749E-03  4.020565E-05  1.971851E-04  7.030220E-09  2.444099E-08  3.708317E-09  7.712395E-02  5.360234E-05  1.471978E-07  1.272808E-07  3.452274E-04  4.695254E-04  2.970845E-05  6.622284E-07  8.447931E-07  5.830406E-07
 2.931500E+02  6.176311E-02  8.886154E-06  2.713098E-10  3.583592E-10  3.992571E-10  4.788836E-10  4.947997E-02  1.292924E-05  2.017571E-08  7.962708E-01  1.376746E-02  1.356433E-03  3.892903E-05  1.942212E-04  6.664532E-09  2.323561E-08  3.583207E-09  7.622696E-02  5.109571E-05  1.431718E-07  1.237061E-07  3.386064E-04  4.605060E-04  2.779462E-05  6.187865E-07  7.896593E-07  5.539561E-07
 2.941500E+02  6.220855E-02  8.874931E-06  2.659405E-10  3.513701E-10  3.914954E-10  4.697029E-10  4.948998E-02  1.266565E-05  1.883169E-08  7.970666E-01  1.351232E-02  1.270546E-03  3.770100E-05  1.913096E-04  6.319896E-09  2.209636E-08  3.462706E-09  7.534064E-02  4.871850E-05  1.392632E-07  1.202387E-07  3.321570E-04  4.517210E-04  2.601586E-05  5.784714E-07  7.384761E-07  5.264743E-07
 2.951500E+02  6.264859E-02  8.862511E-06  2.606602E-10  3.444937E-10  3.838582E-10  4.606657E-10  4.949970E-02  1.240940E-05  1.758604E-08  7.978445E-01  1.326344E-02  1.190607E-03  3.651950E-05  1.884492E-04  5.994993E-09  2.101929E-08  3.346635E-09  7.446498E-02  4.646350E-05  1.354686E-07  1.168754E-07  3.258738E-04  4.431632E-04  2.436187E-05  5.410395E-07  6.909369E-07  5.004994E-07
 2.961500E+02  6.308325E-02  8.848933E-06  2.554688E-10  3.377302E-10  3.763457E-10  4.517723E-10  4.950916E-02  1.216023E-05  1.643095E-08  7.986052E-01  1.302064E-02  1.116170E-03  3.538252E-05  1.856393E-04  5.688593E-09  2.000068E-08  3.234823E-09  7.359994E-02  4.432392E-05  1.317849E-07  1.136131E-07  3.197518E-04  4.348255E-04  2.282319E-05  5.062678E-07  6.467608E-07  4.759419E-07
 2.971500E+02  6.351255E-02  8.834234E-06  2.503661E-10  3.310794E-10  3.689576E-10  4.430228E-10  4.951837E-02  1.191791E-05  1.535929E-08  7.993491E-01  1.278374E-02  1.046828E-03  3.428819E-05  1.828790E-04  5.399550E-09  1.903707E-08  3.127105E-09  7.274552E-02  4.229339E-05  1.282087E-07  1.104489E-07  3.137860E-04  4.267013E-04  2.139115E-05  4.739514E-07  6.056901E-07  4.527179E-07
 2.981500E+02  6.393649E-02  8.818451E-06  2.453519E-10  3.245412E-10  3.616939E-10  4.344171E-10  4.952732E-02  1.168220E-05  1.436452E-08  8.000769E-01  1.255259E-02  9.822043E-04  3.323468E-05  1.801675E-04  5.126793E-09  1.812522E-08  3.023323E-09  7.190168E-02  4.036589E-05  1.247371E-07  1.073797E-07  3.079717E-04  4.187841E-04  2.005774E-05  4.439025E-07  5.674881E-07  4.307488E-07
 2.991500E+02  6.435512E-02  8.801621E-06  2.404259E-10  3.181153E-10  3.545543E-10  4.259551E-10  4.953604E-02  1.145289E-05  1.344065E-08  8.007892E-01  1.232703E-02  9.219529E-04  3.222029E-05  1.775038E-04  4.869322E-09  1.726209E-08  2.923325E-09  7.106837E-02  3.853577E-05  1.213670E-07  1.044028E-07  3.023043E-04  4.110675E-04  1.881562E-05  4.159488E-07  5.319375E-07  4.099610E-07
 3.001500E+02  6.476844E-02  8.783780E-06  2.355877E-10  3.118014E-10  3.475384E-10  4.176365E-10  4.954453E-02  1.122977E-05  1.258220E-08  8.014864E-01  1.210689E-02  8.657544E-04  3.124336E-05  1.748873E-04  4.626206E-09  1.644483E-08  2.826967E-09  7.024556E-02  3.679769E-05  1.180954E-07  1.015154E-07  2.967794E-04  4.035454E-04  1.765802E-05  3.899318E-07  4.988389E-07  3.902855E-07
 3.011500E+02  6.517649E-02  8.764966E-06  2.308368E-10  3.055988E-10  3.406457E-10  4.094610E-10  4.955279E-02  1.101262E-05  1.178414E-08  8.021690E-01  1.189202E-02  8.133140E-04  3.030232E-05  1.723170E-04  4.396571E-09  1.567079E-08  2.734109E-09  6.943320E-02  3.514665E-05  1.149196E-07  9.871474E-08  2.913927E-04  3.962121E-04  1.657872E-05  3.657060E-07  4.680087E-07  3.716577E-07
 3.021500E+02  6.557929E-02  8.745212E-06  2.261727E-10  2.995072E-10  3.338757E-10  4.014278E-10  4.956085E-02  1.080126E-05  1.104186E-08  8.028375E-01  1.168229E-02  7.643603E-04  2.939566E-05  1.697922E-04  4.179603E-09  1.493745E-08  2.644616E-09  6.863123E-02  3.357793E-05  1.118367E-07  9.599829E-08  2.861400E-04  3.890617E-04  1.557198E-05  3.431376E-07  4.392782E-07  3.540170E-07
 3.031500E+02  6.597687E-02  8.724557E-06  2.215948E-10  2.935257E-10  3.272275E-10  3.935364E-10  4.956869E-02  1.059550E-05  1.035112E-08  8.034924E-01  1.147754E-02  7.186426E-04  2.852197E-05  1.673121E-04  3.974540E-09  1.424248E-08  2.558359E-09  6.783959E-02  3.208705E-05  1.088441E-07  9.336347E-08  2.810174E-04  3.820889E-04  1.463252E-05  3.221037E-07  4.124921E-07  3.373064E-07
 3.041500E+02  6.636928E-02  8.703033E-06  2.171025E-10  2.876538E-10  3.207006E-10  3.857860E-10  4.957634E-02  1.039516E-05  9.708029E-09  8.041340E-01  1.127764E-02  6.759294E-04  2.767988E-05  1.648759E-04  3.780671E-09  1.358369E-08  2.475215E-09  6.705822E-02  3.066985E-05  1.059390E-07  9.080781E-08  2.760210E-04  3.752883E-04  1.375545E-05  3.024909E-07  3.875076E-07  3.214727E-07
 3.051500E+02  6.675654E-02  8.680677E-06  2.126950E-10  2.818906E-10  3.142939E-10  3.781756E-10  4.958379E-02  1.020006E-05  9.109021E-09  8.047627E-01  1.108245E-02  6.360071E-04  2.686807E-05  1.624829E-04  3.597328E-09  1.295901E-08  2.395065E-09  6.628706E-02  2.932235E-05  1.031189E-07  8.832890E-08  2.711470E-04  3.686548E-04  1.293629E-05  2.841949E-07  3.641929E-07  3.064657E-07
 3.061500E+02  6.713869E-02  8.657522E-06  2.083716E-10  2.762351E-10  3.080065E-10  3.707044E-10  4.959106E-02  1.001003E-05  8.550808E-09  8.053789E-01  1.089184E-02  5.986783E-04  2.608531E-05  1.601322E-04  3.423888E-09  1.236650E-08  2.317794E-09  6.552603E-02  2.804083E-05  1.003813E-07  8.592440E-08  2.663918E-04  3.621834E-04  1.217089E-05  2.671198E-07  3.424267E-07  2.922384E-07
 3.071500E+02  6.751576E-02  8.633601E-06  2.041314E-10  2.706866E-10  3.018374E-10  3.633712E-10  4.959814E-02  9.824915E-06  8.030369E-09  8.059830E-01  1.070568E-02  5.637603E-04  2.533040E-05  1.578232E-04  3.259768E-09  1.180436E-08  2.243293E-09  6.477506E-02  2.682179E-05  9.772370E-08  8.359204E-08  2.617519E-04  3.558694E-04  1.145542E-05  2.511770E-07  3.220973E-07  2.787468E-07
 3.081500E+02  6.788781E-02  8.608948E-06  1.999737E-10  2.652439E-10  2.957856E-10  3.561748E-10  4.960505E-02  9.644558E-06  7.544923E-09  8.065753E-01  1.052386E-02  5.310846E-04  2.460221E-05  1.555552E-04  3.104419E-09  1.127087E-08  2.171457E-09  6.403407E-02  2.566190E-05  9.514382E-08  8.132960E-08  2.572240E-04  3.497081E-04  1.078634E-05  2.362848E-07  3.031015E-07  2.659494E-07
 3.091500E+02  6.825487E-02  8.583594E-06  1.958976E-10  2.599061E-10  2.898498E-10  3.491141E-10  4.961179E-02  9.468809E-06  7.091909E-09  8.071562E-01  1.034625E-02  5.004949E-04  2.389966E-05  1.533273E-04  2.957331E-09  1.076445E-08  2.102184E-09  6.330297E-02  2.455804E-05  9.263930E-08  7.913495E-08  2.528048E-04  3.436951E-04  1.016038E-05  2.223680E-07  2.853441E-07  2.538072E-07
 3.101500E+02  6.861699E-02  8.557572E-06  1.919020E-10  2.546719E-10  2.840289E-10  3.421876E-10  4.961837E-02  9.297523E-06  6.668969E-09  8.077258E-01  1.017274E-02  4.718470E-04  2.322170E-05  1.511389E-04  2.818024E-09  1.028357E-08  2.035376E-09  6.258170E-02  2.350726E-05  9.020791E-08  7.700600E-08  2.484911E-04  3.378260E-04  9.574538E-06  2.093572E-07  2.687373E-07  2.422837E-07
 3.111500E+02  6.897420E-02  8.530912E-06  1.879861E-10  2.495402E-10  2.783215E-10  3.353941E-10  4.962479E-02  9.130562E-06  6.273929E-09  8.082846E-01  1.000321E-02  4.450069E-04  2.256736E-05  1.489892E-04  2.686047E-09  9.826831E-09  1.970941E-09  6.187015E-02  2.250679E-05  8.784745E-08  7.494073E-08  2.442799E-04  3.320967E-04  9.026003E-06  1.971880E-07  2.531999E-07  2.313444E-07
 3.121500E+02  6.932656E-02  8.503645E-06  1.841489E-10  2.445099E-10  2.727264E-10  3.287319E-10  4.963105E-02  8.967792E-06  5.904785E-09  8.088329E-01  9.837562E-03  4.198510E-04  2.193567E-05  1.468777E-04  2.560978E-09  9.392902E-09  1.908788E-09  6.116825E-02  2.155398E-05  8.555582E-08  7.293717E-08  2.401682E-04  3.265030E-04  8.512196E-06  1.858013E-07  2.386568E-07  2.209570E-07
 3.131500E+02  6.967412E-02  8.475800E-06  1.803893E-10  2.395796E-10  2.672422E-10  3.221997E-10  4.963716E-02  8.809084E-06  5.559686E-09  8.093708E-01  9.675680E-03  3.962644E-04  2.132575E-05  1.448035E-04  2.442423E-09  8.980531E-09  1.848831E-09  6.047589E-02  2.064637E-05  8.333093E-08  7.099341E-08  2.361532E-04  3.210412E-04  8.030727E-06  1.751422E-07  2.250389E-07  2.110912E-07
 3.141500E+02  7.001691E-02  8.447406E-06  1.767062E-10  2.347482E-10  2.618675E-10  3.157959E-10  4.964313E-02  8.654313E-06  5.236926E-09  8.098987E-01  9.517464E-03  3.741408E-04  2.073672E-05  1.427660E-04  2.330009E-09  8.588541E-09  1.790988E-09  5.979299E-02  1.978161E-05  8.117080E-08  6.910762E-08  2.322321E-04  3.157075E-04  7.579380E-06  1.651602E-07  2.122818E-07  2.017182E-07
 3.151500E+02  7.035498E-02  8.418492E-06  1.730987E-10  2.300141E-10  2.566008E-10  3.095187E-10  4.964896E-02  8.503360E-06  4.934929E-09  8.104168E-01  9.362816E-03  3.533816E-04  2.016776E-05  1.407646E-04  2.223389E-09  8.215827E-09  1.735178E-09  5.911946E-02  1.895749E-05  7.907347E-08  6.727799E-08  2.284023E-04  3.104981E-04  7.156105E-06  1.558083E-07  2.003264E-07  1.928112E-07
 3.161500E+02  7.068839E-02  8.389086E-06  1.695656E-10  2.253762E-10  2.514406E-10  3.033667E-10  4.965466E-02  8.356110E-06  4.652237E-09  8.109254E-01  9.211640E-03  3.338953E-04  1.961808E-05  1.387986E-04  2.122236E-09  7.861347E-09  1.681325E-09  5.845520E-02  1.817193E-05  7.703705E-08  6.550278E-08  2.246610E-04  3.054096E-04  6.758999E-06  1.470432E-07  1.891176E-07  1.843448E-07
 3.171500E+02  7.101719E-02  8.359213E-06  1.661057E-10  2.208330E-10  2.463855E-10  2.973380E-10  4.966022E-02  8.212449E-06  4.387504E-09  8.114246E-01  9.063842E-03  3.155970E-04  1.908693E-05  1.368674E-04  2.026243E-09  7.524119E-09  1.629355E-09  5.780010E-02  1.742294E-05  7.505969E-08  6.378030E-08  2.210060E-04  3.004385E-04  6.386302E-06  1.388247E-07  1.786046E-07  1.762953E-07
 3.181500E+02  7.134143E-02  8.328901E-06  1.627181E-10  2.163831E-10  2.414338E-10  2.914309E-10  4.966566E-02  8.072271E-06  4.139486E-09  8.119148E-01  8.919330E-03  2.984080E-04  1.857358E-05  1.349703E-04  1.935120E-09  7.203220E-09  1.579197E-09  5.715408E-02  1.670868E-05  7.313963E-08  6.210891E-08  2.174346E-04  2.955815E-04  6.036377E-06  1.311158E-07  1.687403E-07  1.686400E-07
 3.191500E+02  7.166114E-02  8.298174E-06  1.594015E-10  2.120252E-10  2.365842E-10  2.856437E-10  4.967097E-02  7.935473E-06  3.907030E-09  8.123961E-01  8.778018E-03  2.822551E-04  1.807734E-05  1.331066E-04  1.848597E-09  6.897780E-09  1.530785E-09  5.651703E-02  1.602736E-05  7.127512E-08  6.048703E-08  2.139447E-04  2.908354E-04  5.707708E-06  1.238818E-07  1.594810E-07  1.613579E-07
 3.201500E+02  7.197640E-02  8.267058E-06  1.561547E-10  2.077578E-10  2.318348E-10  2.799746E-10  4.967616E-02  7.801952E-06  3.689070E-09  8.128687E-01  8.639820E-03  2.670702E-04  1.759756E-05  1.312758E-04  1.766420E-09  6.606979E-09  1.484051E-09  5.588885E-02  1.537734E-05  6.946448E-08  5.891312E-08  2.105339E-04  2.861971E-04  5.398888E-06  1.170909E-07  1.507862E-07  1.544291E-07
 3.211500E+02  7.228725E-02  8.235577E-06  1.529768E-10  2.035794E-10  2.271843E-10  2.744218E-10  4.968123E-02  7.671614E-06  3.484619E-09  8.133328E-01  8.504654E-03  2.527902E-04  1.713359E-05  1.294773E-04  1.688349E-09  6.330044E-09  1.438934E-09  5.526944E-02  1.475703E-05  6.770607E-08  5.738567E-08  2.072000E-04  2.816637E-04  5.108608E-06  1.107135E-07  1.426182E-07  1.478347E-07
 3.221500E+02  7.259373E-02  8.203755E-06  1.498664E-10  1.994885E-10  2.226309E-10  2.689834E-10  4.968619E-02  7.544365E-06  3.292762E-09  8.137887E-01  8.372438E-03  2.393563E-04  1.668484E-05  1.277105E-04  1.614158E-09  6.066247E-09  1.395373E-09  5.465870E-02  1.416494E-05  6.599832E-08  5.590324E-08  2.039410E-04  2.772322E-04  4.835654E-06  1.047220E-07  1.349422E-07  1.415570E-07
 3.231500E+02  7.289591E-02  8.171613E-06  1.468224E-10  1.954839E-10  2.181732E-10  2.636577E-10  4.969103E-02  7.420113E-06  3.112651E-09  8.142366E-01  8.243095E-03  2.267139E-04  1.625072E-05  1.259748E-04  1.543636E-09  5.814901E-09  1.353310E-09  5.405653E-02  1.359966E-05  6.433969E-08  5.446444E-08  2.007547E-04  2.728998E-04  4.578898E-06  9.909093E-08  1.277258E-07  1.355794E-07
 3.241500E+02  7.319384E-02  8.139174E-06  1.438437E-10  1.915638E-10  2.138093E-10  2.584427E-10  4.969577E-02  7.298773E-06  2.943500E-09  8.146765E-01  8.116550E-03  2.148122E-04  1.583069E-05  1.242695E-04  1.476583E-09  5.575357E-09  1.312690E-09  5.346282E-02  1.305987E-05  6.272868E-08  5.306789E-08  1.976392E-04  2.686639E-04  4.337290E-06  9.379660E-08  1.209389E-07  1.298861E-07
 3.251500E+02  7.348756E-02  8.106459E-06  1.409290E-10  1.877270E-10  2.095378E-10  2.533366E-10  4.970041E-02  7.180260E-06  2.784579E-09  8.151087E-01  7.992729E-03  2.036038E-04  1.542421E-05  1.225942E-04  1.412812E-09  5.347004E-09  1.273458E-09  5.287747E-02  1.254429E-05  6.116384E-08  5.171229E-08  1.945925E-04  2.645216E-04  4.109854E-06  8.881699E-08  1.145535E-07  1.244622E-07
 3.261500E+02  7.377713E-02  8.073490E-06  1.380773E-10  1.839719E-10  2.053570E-10  2.483375E-10  4.970495E-02  7.064493E-06  2.635212E-09  8.155334E-01  7.871561E-03  1.930447E-04  1.503077E-05  1.209483E-04  1.352146E-09  5.129265E-09  1.235564E-09  5.230037E-02  1.205174E-05  5.964378E-08  5.039635E-08  1.916128E-04  2.604707E-04  3.895681E-06  8.413165E-08  1.085437E-07  1.192938E-07
 3.271500E+02  7.406261E-02  8.040286E-06  1.352873E-10  1.802970E-10  2.012653E-10  2.434436E-10  4.970938E-02  6.951393E-06  2.494769E-09  8.159506E-01  7.752977E-03  1.830938E-04  1.464988E-05  1.193312E-04  1.294419E-09  4.921595E-09  1.198958E-09  5.173142E-02  1.158108E-05  5.816712E-08  4.911883E-08  1.886983E-04  2.565084E-04  3.693926E-06  7.972155E-08  1.028853E-07  1.143676E-07
 3.281500E+02  7.434404E-02  8.006866E-06  1.325580E-10  1.767009E-10  1.972610E-10  2.386530E-10  4.971372E-02  6.840884E-06  2.362669E-09  8.163607E-01  7.636911E-03  1.737129E-04  1.428108E-05  1.177423E-04  1.239475E-09  4.723480E-09  1.163592E-09  5.117053E-02  1.113124E-05  5.673256E-08  4.787855E-08  1.858471E-04  2.526325E-04  3.503802E-06  7.556900E-08  9.755575E-08  1.096712E-07
 3.291500E+02  7.462148E-02  7.973250E-06  1.298880E-10  1.731821E-10  1.933426E-10  2.339639E-10  4.971797E-02  6.732893E-06  2.238366E-09  8.167637E-01  7.523297E-03  1.648663E-04  1.392392E-05  1.161813E-04  1.187164E-09  4.534433E-09  1.129420E-09  5.061758E-02  1.070121E-05  5.533880E-08  4.667433E-08  1.830577E-04  2.488407E-04  3.324576E-06  7.165753E-08  9.253417E-08  1.051926E-07
 3.301500E+02  7.489497E-02  7.939456E-06  1.272764E-10  1.697392E-10  1.895084E-10  2.293743E-10  4.972212E-02  6.627349E-06  2.121359E-09  8.171598E-01  7.412073E-03  1.565207E-04  1.357798E-05  1.146474E-04  1.137349E-09  4.353996E-09  1.096400E-09  5.007246E-02  1.029003E-05  5.398462E-08  4.550505E-08  1.803284E-04  2.451306E-04  3.155564E-06  6.797183E-08  8.780104E-08  1.009209E-07
 3.311500E+02  7.516458E-02  7.905501E-06  1.247220E-10  1.663707E-10  1.857569E-10  2.248825E-10  4.972619E-02  6.524184E-06  2.011176E-09  8.175491E-01  7.303176E-03  1.486453E-04  1.324283E-05  1.131403E-04  1.089898E-09  4.181735E-09  1.064488E-09  4.953509E-02  9.896785E-06  5.266879E-08  4.436963E-08  1.776576E-04  2.415002E-04  2.996129E-06  6.449761E-08  8.333821E-08  9.684550E-08
 3.321500E+02  7.543035E-02  7.871403E-06  1.222236E-10  1.630752E-10  1.820864E-10  2.204866E-10  4.973017E-02  6.423330E-06  1.907383E-09  8.179318E-01  7.196549E-03  1.412109E-04  1.291810E-05  1.116594E-04  1.044688E-09  4.017239E-09  1.033643E-09  4.900535E-02  9.520613E-06  5.139017E-08  4.326701E-08  1.750437E-04  2.379473E-04  2.845677E-06  6.122158E-08  7.912876E-08  9.295642E-08
 3.331500E+02  7.569234E-02  7.837177E-06  1.197801E-10  1.598512E-10  1.784954E-10  2.161847E-10  4.973407E-02  6.324724E-06  1.809572E-09  8.183080E-01  7.092132E-03  1.341906E-04  1.260339E-05  1.102042E-04  1.001601E-09  3.860122E-09  1.003828E-09  4.848314E-02  9.160697E-06  5.014761E-08  4.219617E-08  1.724853E-04  2.344699E-04  2.703653E-06  5.813136E-08  7.515690E-08  8.924430E-08
 3.341500E+02  7.595060E-02  7.802840E-06  1.173904E-10  1.566974E-10  1.749823E-10  2.119751E-10  4.973789E-02  6.228304E-06  1.717366E-09  8.186779E-01  6.989870E-03  1.275592E-04  1.229835E-05  1.087742E-04  9.605283E-10  3.710016E-09  9.750036E-10  4.796837E-02  8.816261E-06  4.894002E-08  4.115612E-08  1.699809E-04  2.310660E-04  2.569541E-06  5.521538E-08  7.140794E-08  8.570026E-08
 3.351500E+02  7.620517E-02  7.768406E-06  1.150534E-10  1.536123E-10  1.715456E-10  2.078560E-10  4.974162E-02  6.134010E-06  1.630413E-09  8.190415E-01  6.889710E-03  1.212931E-04  1.200264E-05  1.073690E-04  9.213651E-10  3.566575E-09  9.471346E-10  4.746092E-02  8.486570E-06  4.776634E-08  4.014590E-08  1.675290E-04  2.277337E-04  2.442858E-06  5.246287E-08  6.786813E-08  8.231589E-08
 3.361500E+02  7.645611E-02  7.733891E-06  1.127680E-10  1.505945E-10  1.681837E-10  2.038255E-10  4.974528E-02  6.041783E-06  1.548383E-09  8.193991E-01  6.791597E-03  1.153702E-04  1.171591E-05  1.059881E-04  8.840135E-10  3.429470E-09  9.201860E-10  4.696070E-02  8.170926E-06  4.662553E-08  3.916459E-08  1.651284E-04  2.244711E-04  2.323152E-06  4.986378E-08  6.452469E-08  7.908326E-08
 3.371500E+02  7.670348E-02  7.699308E-06  1.105332E-10  1.476427E-10  1.648951E-10  1.998819E-10  4.974887E-02  5.951567E-06  1.470971E-09  8.197507E-01  6.695482E-03  1.097700E-04  1.143784E-05  1.046310E-04  8.483811E-10  3.298391E-09  8.941246E-10  4.646760E-02  7.868668E-06  4.551661E-08  3.821128E-08  1.627777E-04  2.212764E-04  2.210001E-06  4.740872E-08  6.136563E-08  7.599485E-08
 3.381500E+02  7.694731E-02  7.664672E-06  1.083479E-10  1.447556E-10  1.616783E-10  1.960235E-10  4.975238E-02  5.863309E-06  1.397892E-09  8.200964E-01  6.601313E-03  1.044733E-04  1.116814E-05  1.032973E-04  8.143803E-10  3.173045E-09  8.689183E-10  4.598153E-02  7.579168E-06  4.443860E-08  3.728511E-08  1.604756E-04  2.181478E-04  2.103013E-06  4.508893E-08  5.837980E-08  7.304356E-08
 3.391500E+02  7.718767E-02  7.629995E-06  1.062111E-10  1.419317E-10  1.585319E-10  1.922486E-10  4.975582E-02  5.776954E-06  1.328878E-09  8.204365E-01  6.509043E-03  9.946191E-05  1.090650E-05  1.019864E-04  7.819285E-10  3.053152E-09  8.445361E-10  4.550239E-02  7.301829E-06  4.339057E-08  3.638524E-08  1.582209E-04  2.150838E-04  2.001819E-06  4.289623E-08  5.555676E-08  7.022264E-08
 3.401500E+02  7.742460E-02  7.595290E-06  1.041217E-10  1.391698E-10  1.554543E-10  1.885553E-10  4.975919E-02  5.692452E-06  1.263682E-09  8.207709E-01  6.418626E-03  9.471910E-05  1.065265E-05  1.006981E-04  7.509476E-10  2.938449E-09  8.209486E-10  4.503008E-02  7.036087E-06  4.237161E-08  3.551086E-08  1.560124E-04  2.120825E-04  1.906074E-06  4.082297E-08  5.288676E-08  6.752574E-08
 3.411500E+02  7.765814E-02  7.560570E-06  1.020786E-10  1.364685E-10  1.524441E-10  1.849421E-10  4.976249E-02  5.609754E-06  1.202071E-09  8.210998E-01  6.330014E-03  9.022906E-05  1.040630E-05  9.943182E-05  7.213639E-10  2.828686E-09  7.981270E-10  4.456449E-02  6.781403E-06  4.138083E-08  3.466117E-08  1.538489E-04  2.091425E-04  1.815457E-06  3.886200E-08  5.036066E-08  6.494681E-08
 3.421500E+02  7.788836E-02  7.525845E-06  1.000810E-10  1.338266E-10  1.494999E-10  1.814072E-10  4.976572E-02  5.528812E-06  1.143829E-09  8.214233E-01  6.243165E-03  8.597702E-05  1.016721E-05  9.818718E-05  6.931075E-10  2.723628E-09  7.760441E-10  4.410555E-02  6.537268E-06  4.041740E-08  3.383541E-08  1.517293E-04  2.062622E-04  1.729666E-06  3.700663E-08  4.796995E-08  6.248016E-08
 3.431500E+02  7.811529E-02  7.491127E-06  9.812776E-11  1.312427E-10  1.466203E-10  1.779491E-10  4.976890E-02  5.449579E-06  1.088752E-09  8.217416E-01  6.158034E-03  8.194914E-05  9.935111E-06  9.696376E-05  6.661125E-10  2.623048E-09  7.546733E-10  4.365314E-02  6.303196E-06  3.948048E-08  3.303285E-08  1.496524E-04  2.034401E-04  1.648417E-06  3.525062E-08  4.570664E-08  6.012035E-08
 3.441500E+02  7.833898E-02  7.456427E-06  9.621798E-11  1.287158E-10  1.438039E-10  1.745661E-10  4.977200E-02  5.372011E-06  1.036653E-09  8.220547E-01  6.074581E-03  7.813244E-05  9.709772E-06  9.576116E-05  6.403165E-10  2.526736E-09  7.339894E-10  4.320717E-02  6.078729E-06  3.856927E-08  3.225278E-08  1.476172E-04  2.006747E-04  1.571448E-06  3.358810E-08  4.356326E-08  5.786227E-08
 3.451500E+02  7.855949E-02  7.421755E-06  9.435068E-11  1.262444E-10  1.410493E-10  1.712566E-10  4.977505E-02  5.296063E-06  9.873527E-10  8.223627E-01  5.992764E-03  7.451477E-05  9.490960E-06  9.457898E-05  6.156604E-10  2.434489E-09  7.139679E-10  4.276755E-02  5.863428E-06  3.768301E-08  3.149449E-08  1.456227E-04  1.979646E-04  1.498510E-06  3.201361E-08  4.153281E-08  5.570105E-08
 3.461500E+02  7.877686E-02  7.387121E-06  9.252494E-11  1.238274E-10  1.383552E-10  1.680190E-10  4.977804E-02  5.221694E-06  9.406866E-10  8.226657E-01  5.912544E-03  7.108474E-05  9.278452E-06  9.341684E-05  5.920884E-10  2.346117E-09  6.945853E-10  4.233419E-02  5.656878E-06  3.682093E-08  3.075732E-08  1.436678E-04  1.953084E-04  1.429371E-06  3.052202E-08  3.960874E-08  5.363209E-08
 3.471500E+02  7.899113E-02  7.352534E-06  9.073982E-11  1.214637E-10  1.357203E-10  1.648518E-10  4.978097E-02  5.148862E-06  8.964994E-10  8.229639E-01  5.833883E-03  6.783165E-05  9.072034E-06  9.227434E-05  5.695475E-10  2.261437E-09  6.758190E-10  4.190699E-02  5.458683E-06  3.598232E-08  3.004062E-08  1.417516E-04  1.927048E-04  1.363813E-06  2.910851E-08  3.778491E-08  5.165101E-08
 3.481500E+02  7.920236E-02  7.318004E-06  8.899442E-11  1.191519E-10  1.331433E-10  1.617535E-10  4.978384E-02  5.077529E-06  8.546462E-10  8.232573E-01  5.756744E-03  6.474547E-05  8.871501E-06  9.115111E-05  5.479878E-10  2.180278E-09  6.576474E-10  4.148586E-02  5.268468E-06  3.516647E-08  2.934376E-08  1.398731E-04  1.901525E-04  1.301632E-06  2.776859E-08  3.605557E-08  4.975367E-08
 3.491500E+02  7.941058E-02  7.283538E-06  8.728784E-11  1.168911E-10  1.306228E-10  1.587225E-10  4.978665E-02  5.007655E-06  8.149910E-10  8.235459E-01  5.681090E-03  6.181679E-05  8.676654E-06  9.004679E-05  5.273617E-10  2.102477E-09  6.400494E-10  4.107071E-02  5.085875E-06  3.437269E-08  2.866615E-08  1.380314E-04  1.876503E-04  1.242637E-06  2.649804E-08  3.441532E-08  4.793614E-08
 3.501500E+02  7.961585E-02  7.249147E-06  8.561922E-11  1.146800E-10  1.281578E-10  1.557575E-10  4.978942E-02  4.939204E-06  7.774066E-10  8.238300E-01  5.606885E-03  5.903677E-05  8.487303E-06  8.896101E-05  5.076243E-10  2.027878E-09  6.230049E-10  4.066145E-02  4.910564E-06  3.360033E-08  2.800718E-08  1.362256E-04  1.851969E-04  1.186648E-06  2.529290E-08  3.285911E-08  4.619470E-08
 3.511500E+02  7.981820E-02  7.214836E-06  8.398769E-11  1.125176E-10  1.257468E-10  1.528569E-10  4.979213E-02  4.872139E-06  7.417739E-10  8.241096E-01  5.534096E-03  5.639711E-05  8.303265E-06  8.789343E-05  4.887330E-10  1.956335E-09  6.064946E-10  4.025800E-02  4.742213E-06  3.284875E-08  2.736630E-08  1.344549E-04  1.827911E-04  1.133497E-06  2.414945E-08  3.138217E-08  4.452579E-08
 3.521500E+02  8.001769E-02  7.180614E-06  8.239242E-11  1.104028E-10  1.233887E-10  1.500194E-10  4.979478E-02  4.806425E-06  7.079810E-10  8.243848E-01  5.462690E-03  5.389002E-05  8.124364E-06  8.684369E-05  4.706476E-10  1.887707E-09  5.904999E-10  3.986026E-02  4.580512E-06  3.211733E-08  2.674295E-08  1.327183E-04  1.804318E-04  1.083024E-06  2.306422E-08  2.998006E-08  4.292606E-08
 3.531500E+02  8.021434E-02  7.146489E-06  8.083257E-11  1.083344E-10  1.210824E-10  1.472435E-10  4.979739E-02  4.742028E-06  6.759230E-10  8.246556E-01  5.392633E-03  5.150816E-05  7.950432E-06  8.581145E-05  4.533298E-10  1.821862E-09  5.750028E-10  3.946815E-02  4.425171E-06  3.140547E-08  2.613661E-08  1.310151E-04  1.781179E-04  1.035081E-06  2.203394E-08  2.864860E-08  4.139232E-08
 3.541500E+02  8.040822E-02  7.112466E-06  7.930734E-11  1.063115E-10  1.188266E-10  1.445278E-10  4.979995E-02  4.678915E-06  6.455018E-10  8.249221E-01  5.323894E-03  4.924465E-05  7.781303E-06  8.479638E-05  4.367433E-10  1.758674E-09  5.599860E-10  3.908158E-02  4.275908E-06  3.071259E-08  2.554674E-08  1.293445E-04  1.758482E-04  9.895286E-07  2.105554E-08  2.738384E-08  3.992155E-08
 3.551500E+02  8.059936E-02  7.078553E-06  7.781593E-11  1.043330E-10  1.166203E-10  1.418711E-10  4.980246E-02  4.617054E-06  6.166250E-10  8.251845E-01  5.256444E-03  4.709301E-05  7.616823E-06  8.379815E-05  4.208537E-10  1.698022E-09  5.454330E-10  3.870047E-02  4.132461E-06  3.003812E-08  2.497286E-08  1.277056E-04  1.736218E-04  9.462348E-07  2.012613E-08  2.618211E-08  3.851085E-08
 3.561500E+02  8.078779E-02  7.044756E-06  7.635757E-11  1.023979E-10  1.144622E-10  1.392720E-10  4.980492E-02  4.556413E-06  5.892060E-10  8.254428E-01  5.190251E-03  4.504715E-05  7.456839E-06  8.281645E-05  4.056284E-10  1.639793E-09  5.313276E-10  3.832474E-02  3.994574E-06  2.938152E-08  2.441449E-08  1.260978E-04  1.714376E-04  9.050763E-07  1.924300E-08  2.503994E-08  3.715750E-08
 3.571500E+02  8.097358E-02  7.011080E-06  7.493149E-11  1.005052E-10  1.123514E-10  1.367293E-10  4.980734E-02  4.496964E-06  5.631636E-10  8.256971E-01  5.125286E-03  4.310135E-05  7.301206E-06  8.185095E-05  3.910365E-10  1.583879E-09  5.176546E-10  3.795430E-02  3.862008E-06  2.874226E-08  2.387115E-08  1.245203E-04  1.692945E-04  8.659368E-07  1.840362E-08  2.395405E-08  3.585890E-08
 3.581500E+02  8.115674E-02  6.977532E-06  7.353695E-11  9.865397E-11  1.102867E-10  1.342416E-10  4.980971E-02  4.438676E-06  5.384214E-10  8.259474E-01  5.061523E-03  4.125020E-05  7.149784E-06  8.090136E-05  3.770485E-10  1.530176E-09  5.043990E-10  3.758908E-02  3.734534E-06  2.811984E-08  2.334240E-08  1.229724E-04  1.671917E-04  8.287070E-07  1.760558E-08  2.292139E-08  3.461258E-08
 3.591500E+02  8.133733E-02  6.944116E-06  7.217321E-11  9.684324E-11  1.082670E-10  1.318077E-10  4.981204E-02  4.381521E-06  5.149076E-10  8.261938E-01  4.998932E-03  3.948863E-05  7.002437E-06  7.996736E-05  3.636366E-10  1.478586E-09  4.915467E-10  3.722898E-02  3.611932E-06  2.751374E-08  2.282779E-08  1.214534E-04  1.651281E-04  7.932840E-07  1.684664E-08  2.193907E-08  3.341619E-08
 3.601500E+02  8.151538E-02  6.910838E-06  7.083957E-11  9.507208E-11  1.062915E-10  1.294264E-10  4.981433E-02  4.325472E-06  4.925547E-10  8.264365E-01  4.937488E-03  3.781185E-05  6.859036E-06  7.904866E-05  3.507744E-10  1.429017E-09  4.790838E-10  3.687394E-02  3.493995E-06  2.692351E-08  2.232690E-08  1.199626E-04  1.631030E-04  7.595709E-07  1.612467E-08  2.100438E-08  3.226749E-08
 3.611500E+02  8.169094E-02  6.877702E-06  6.953532E-11  9.333959E-11  1.043589E-10  1.270965E-10  4.981657E-02  4.270501E-06  4.712995E-10  8.266754E-01  4.877164E-03  3.621538E-05  6.719456E-06  7.814497E-05  3.384366E-10  1.381379E-09  4.669972E-10  3.652388E-02  3.380524E-06  2.634866E-08  2.183933E-08  1.184993E-04  1.611152E-04  7.274766E-07  1.543770E-08  2.011476E-08  3.116438E-08
 3.621500E+02  8.186404E-02  6.844714E-06  6.825978E-11  9.164488E-11  1.024684E-10  1.248168E-10  4.981878E-02  4.216582E-06  4.510822E-10  8.269106E-01  4.817934E-03  3.469495E-05  6.583575E-06  7.725602E-05  3.265994E-10  1.335588E-09  4.552740E-10  3.617871E-02  3.271330E-06  2.578876E-08  2.136467E-08  1.170630E-04  1.591641E-04  6.969152E-07  1.478383E-08  1.926780E-08  3.010482E-08
 3.631500E+02  8.203472E-02  6.811877E-06  6.701227E-11  8.998706E-11  1.006190E-10  1.225862E-10  4.982094E-02  4.163691E-06  4.318468E-10  8.271423E-01  4.759776E-03  3.324657E-05  6.451277E-06  7.638150E-05  3.152401E-10  1.291564E-09  4.439020E-10  3.583837E-02  3.166232E-06  2.524336E-08  2.090255E-08  1.156530E-04  1.572488E-04  6.678056E-07  1.416131E-08  1.846125E-08  2.908689E-08
 3.641500E+02  8.220301E-02  6.779195E-06  6.579214E-11  8.836529E-11  9.880969E-11  1.204036E-10  4.982306E-02  4.111803E-06  4.135404E-10  8.273704E-01  4.702663E-03  3.186647E-05  6.322450E-06  7.552117E-05  3.043371E-10  1.249230E-09  4.328693E-10  3.550277E-02  3.065057E-06  2.471204E-08  2.045258E-08  1.142687E-04  1.553683E-04  6.400716E-07  1.356847E-08  1.769296E-08  2.810877E-08
 3.651500E+02  8.236896E-02  6.746673E-06  6.459876E-11  8.677874E-11  9.703960E-11  1.182679E-10  4.982515E-02  4.060893E-06  3.961134E-10  8.275951E-01  4.646573E-03  3.055110E-05  6.196985E-06  7.467474E-05  2.938699E-10  1.208513E-09  4.221646E-10  3.517184E-02  2.967643E-06  2.419440E-08  2.001442E-08  1.129095E-04  1.535221E-04  6.136413E-07  1.300375E-08  1.696093E-08  2.716871E-08
 3.661500E+02  8.253261E-02  6.714314E-06  6.343149E-11  8.522659E-11  9.530782E-11  1.161780E-10  4.982720E-02  4.010939E-06  3.795190E-10  8.278164E-01  4.591483E-03  2.929710E-05  6.074778E-06  7.384195E-05  2.838191E-10  1.169344E-09  4.117768E-10  3.484552E-02  2.873832E-06  2.369003E-08  1.958770E-08  1.115749E-04  1.517091E-04  5.884470E-07  1.246567E-08  1.626326E-08  2.626506E-08
 3.671500E+02  8.269398E-02  6.682121E-06  6.228972E-11  8.370803E-11  9.361345E-11  1.141329E-10  4.982921E-02  3.961918E-06  3.637131E-10  8.280343E-01  4.537371E-03  2.810130E-05  5.955729E-06  7.302256E-05  2.741661E-10  1.131657E-09  4.016954E-10  3.452373E-02  2.783475E-06  2.319855E-08  1.917210E-08  1.102642E-04  1.499288E-04  5.644245E-07  1.195283E-08  1.559816E-08  2.539624E-08
 3.681500E+02  8.285311E-02  6.650097E-06  6.117285E-11  8.222230E-11  9.195563E-11  1.121314E-10  4.983119E-02  3.913808E-06  3.486541E-10  8.282490E-01  4.484215E-03  2.696072E-05  5.839740E-06  7.221630E-05  2.648932E-10  1.095388E-09  3.919102E-10  3.420640E-02  2.696428E-06  2.271959E-08  1.876728E-08  1.089771E-04  1.481804E-04  5.415136E-07  1.146393E-08  1.496394E-08  2.456074E-08
 3.691500E+02  8.301004E-02  6.618246E-06  6.008030E-11  8.076862E-11  9.033350E-11  1.101727E-10  4.983313E-02  3.866587E-06  3.343030E-10  8.284605E-01  4.431995E-03  2.587253E-05  5.726718E-06  7.142292E-05  2.559838E-10  1.060477E-09  3.824114E-10  3.389345E-02  2.612557E-06  2.225279E-08  1.837294E-08  1.077128E-04  1.464631E-04  5.196572E-07  1.099773E-08  1.435902E-08  2.375714E-08
 3.701500E+02  8.316480E-02  6.586571E-06  5.901150E-11  7.934625E-11  8.874625E-11  1.082558E-10  4.983504E-02  3.820236E-06  3.206228E-10  8.286688E-01  4.380689E-03  2.483408E-05  5.616572E-06  7.064220E-05  2.474218E-10  1.026868E-09  3.731894E-10  3.358483E-02  2.531730E-06  2.179780E-08  1.798876E-08  1.064710E-04  1.447762E-04  4.988017E-07  1.055305E-08  1.378190E-08  2.298406E-08
 3.711500E+02  8.331743E-02  6.555073E-06  5.796588E-11  7.795447E-11  8.719306E-11  1.063796E-10  4.983692E-02  3.774734E-06  3.075787E-10  8.288740E-01  4.330278E-03  2.384284E-05  5.509215E-06  6.987389E-05  2.391920E-10  9.945051E-10  3.642353E-10  3.328046E-02  2.453823E-06  2.135429E-08  1.761444E-08  1.052510E-04  1.431192E-04  4.788961E-07  1.012880E-08  1.323115E-08  2.224021E-08
 3.721500E+02  8.346795E-02  6.523755E-06  5.694290E-11  7.659255E-11  8.567313E-11  1.045433E-10  4.983876E-02  3.730061E-06  2.951379E-10  8.290761E-01  4.280743E-03  2.289645E-05  5.404563E-06  6.911775E-05  2.312801E-10  9.633368E-10  3.555400E-10  3.298027E-02  2.378718E-06  2.092191E-08  1.724971E-08  1.040525E-04  1.414912E-04  4.598926E-07  9.723928E-09  1.270544E-08  2.152435E-08
 3.731500E+02  8.361641E-02  6.492620E-06  5.594203E-11  7.525981E-11  8.418570E-11  1.027459E-10  4.984057E-02  3.686198E-06  2.832694E-10  8.292753E-01  4.232064E-03  2.199265E-05  5.302534E-06  6.837356E-05  2.236721E-10  9.333133E-10  3.470953E-10  3.268421E-02  2.306302E-06  2.050036E-08  1.689428E-08  1.028750E-04  1.398917E-04  4.417457E-07  9.337461E-09  1.220350E-08  2.083530E-08
