#         T/K            c1          c2-1          c3-4          c3-5          c3-7          c3-9            m1          m2-1          m3-1            w1            w2          w3-1          w3-2          c1m1        c1m2-1        c1m2-7        c2m1-1        c1w1-2        c1w2-1        c2w1-1        c2w1-9        m1w1-1        m1w1-4        m1w2-1        m2w1-1        m2w1-3      c1m1w1-1
 2.731500E+02  5.338772E-01  9.410251E-04  4.391553E-07  5.764019E-07  6.412929E-07  7.646621E-07  2.423589E-01  4.928627E-04  1.081813E-05  9.092540E-02  2.830412E-04  8.961459E-06  1.257388E-07  1.350639E-02  5.220974E-06  1.713167E-05  3.839209E-06  1.168045E-01  1.998419E-05  3.159364E-06  2.774256E-06  2.970212E-04  4.043260E-04  7.873174E-06  7.598476E-06  9.623571E-06  9.802075E-06
 2.741500E+02  5.348259E-01  9.267977E-04  4.202212E-07  5.517373E-07  6.138974E-07  7.322271E-07  2.425394E-01  4.814901E-04  9.996201E-06  9.170667E-02  2.809969E-04  8.491003E-06  1.237677E-07  1.318428E-02  4.877851E-06  1.605762E-05  3.639598E-06  1.152605E-01  1.905265E-05  3.038726E-06  2.666021E-06  2.926573E-04  3.983602E-04  7.401594E-06  7.083376E-06  8.974763E-06  9.245804E-06
 2.751500E+02  5.357593E-01  9.128856E-04  4.022390E-07  5.283047E-07  5.878684E-07  7.014005E-07  2.427144E-01  4.704566E-04  9.242008E-06  9.247791E-02  2.789221E-04  8.045808E-06  1.218040E-07  1.287209E-02  4.559565E-06  1.505811E-05  3.451756E-06  1.137362E-01  1.816716E-05  2.923264E-06  2.562524E-06  2.883564E-04  3.924818E-04  6.959886E-06  6.605848E-06  8.373041E-06  8.723944E-06
 2.761500E+02  5.366777E-01  8.992803E-04  3.851548E-07  5.060349E-07  5.631292E-07  6.720923E-07  2.428840E-01  4.597507E-04  8.549575E-06  9.323913E-02  2.768194E-04  7.624529E-06  1.198494E-07  1.256946E-02  4.264170E-06  1.412754E-05  3.274917E-06  1.122316E-01  1.732536E-05  2.812737E-06  2.463540E-06  2.841184E-04  3.866905E-04  6.546080E-06  6.162979E-06  7.814773E-06  8.234214E-06
 2.771500E+02  5.375813E-01  8.859734E-04  3.689180E-07  4.848627E-07  5.396075E-07  6.442181E-07  2.430484E-01  4.493611E-04  7.913482E-06  9.399036E-02  2.746912E-04  7.225891E-06  1.179054E-07  1.227605E-02  3.989879E-06  1.326071E-05  3.108368E-06  1.107468E-01  1.652503E-05  2.706916E-06  2.368855E-06  2.799432E-04  3.809860E-04  6.158341E-06  5.752096E-06  7.296624E-06  7.774495E-06
 2.781500E+02  5.384702E-01  8.729567E-04  3.534812E-07  4.647271E-07  5.172358E-07  6.176986E-07  2.432078E-01  4.392771E-04  7.328812E-06  9.473161E-02  2.725398E-04  6.848680E-06  1.159733E-07  1.199153E-02  3.735058E-06  1.245290E-05  2.951447E-06  1.092816E-01  1.576406E-05  2.605583E-06  2.278267E-06  2.758304E-04  3.753678E-04  5.794956E-06  5.370742E-06  6.815526E-06  7.342812E-06
 2.791500E+02  5.393447E-01  8.602224E-04  3.387999E-07  4.455707E-07  4.959506E-07  5.924593E-07  2.433623E-01  4.294883E-04  6.791106E-06  9.546290E-02  2.703675E-04  6.491748E-06  1.140545E-07  1.171558E-02  3.498208E-06  1.169971E-05  2.803536E-06  1.078360E-01  1.504044E-05  2.508532E-06  2.191582E-06  2.717797E-04  3.698356E-04  5.454329E-06  5.016661E-06  6.368661E-06  6.937333E-06
 2.801500E+02  5.402050E-01  8.477628E-04  3.248323E-07  4.273397E-07  4.756922E-07  5.684305E-07  2.435123E-01  4.199847E-04  6.296313E-06  9.618428E-02  2.681764E-04  6.154003E-06  1.121502E-07  1.144790E-02  3.277952E-06  1.099712E-05  2.664063E-06  1.064099E-01  1.435227E-05  2.415565E-06  2.108618E-06  2.677909E-04  3.643886E-04  5.134971E-06  4.687774E-06  5.953433E-06  6.556349E-06
 2.811500E+02  5.410512E-01  8.355707E-04  3.115394E-07  4.099837E-07  4.564046E-07  5.455464E-07  2.436578E-01  4.107567E-04  5.840757E-06  9.689579E-02  2.659687E-04  5.834411E-06  1.102615E-07  1.118820E-02  3.073027E-06  1.034143E-05  2.532494E-06  1.050033E-01  1.369776E-05  2.326496E-06  2.029201E-06  2.638634E-04  3.590265E-04  4.835494E-06  4.382173E-06  5.567457E-06  6.198270E-06
 2.821500E+02  5.418836E-01  8.236389E-04  2.988842E-07  3.934551E-07  4.380353E-07  5.237453E-07  2.437989E-01  4.017948E-04  5.421094E-06  9.759747E-02  2.637464E-04  5.531993E-06  1.083895E-07  1.093620E-02  2.882275E-06  9.729229E-06  2.408333E-06  1.036161E-01  1.307518E-05  2.241146E-06  1.953165E-06  2.599969E-04  3.537485E-04  4.554604E-06  4.098101E-06  5.208536E-06  5.861617E-06
 2.831500E+02  5.427023E-01  8.119605E-04  2.868322E-07  3.777094E-07  4.205347E-07  5.029692E-07  2.439359E-01  3.930903E-04  5.034284E-06  9.828937E-02  2.615114E-04  5.245819E-06  1.065351E-07  1.069162E-02  2.704629E-06  9.157363E-06  2.291117E-06  1.022482E-01  1.248292E-05  2.159347E-06  1.880354E-06  2.561910E-04  3.485539E-04  4.291092E-06  3.833941E-06  4.874647E-06  5.545010E-06
 2.841500E+02  5.435076E-01  8.005289E-04  2.753509E-07  3.627045E-07  4.038564E-07  4.831636E-07  2.440689E-01  3.846345E-04  4.677563E-06  9.897155E-02  2.592657E-04  4.975010E-06  1.046991E-07  1.045422E-02  2.539109E-06  8.622933E-06  2.180415E-06  1.008995E-01  1.191944E-05  2.080936E-06  1.810619E-06  2.524451E-04  3.434420E-04  4.043831E-06  3.588203E-06  4.563927E-06  5.247164E-06
 2.851500E+02  5.442996E-01  7.893375E-04  2.644097E-07  3.484010E-07  3.879567E-07  4.642770E-07  2.441981E-01  3.764190E-04  4.348410E-06  9.964407E-02  2.570110E-04  4.718732E-06  1.028825E-07  1.022373E-02  2.384816E-06  8.123261E-06  2.075824E-06  9.956986E-02  1.138328E-05  2.005761E-06  1.743817E-06  2.487587E-04  3.384121E-04  3.811771E-06  3.359517E-06  4.274660E-06  4.966883E-06
 2.861500E+02  5.450785E-01  7.783801E-04  2.539798E-07  3.347618E-07  3.727943E-07  4.462612E-07  2.443235E-01  3.684359E-04  4.044535E-06  1.003070E-01  2.547490E-04  4.476195E-06  1.010859E-07  9.999929E-03  2.240919E-06  7.655879E-06  1.976969E-06  9.825915E-02  1.087305E-05  1.933675E-06  1.679813E-06  2.451312E-04  3.334633E-04  3.593930E-06  3.146619E-06  4.005263E-06  4.703051E-06
 2.871500E+02  5.458444E-01  7.676507E-04  2.440342E-07  3.217520E-07  3.583306E-07  4.290706E-07  2.444453E-01  3.606775E-04  3.763845E-06  1.009604E-01  2.524815E-04  4.246653E-06  9.931004E-08  9.782578E-03  2.106656E-06  7.218503E-06  1.883502E-06  9.696726E-02  1.038745E-05  1.864540E-06  1.618481E-06  2.415621E-04  3.285949E-04  3.389394E-06  2.948344E-06  3.754278E-06  4.454626E-06
 2.881500E+02  5.465977E-01  7.571434E-04  2.345475E-07  3.093385E-07  3.445290E-07  4.126623E-07  2.445636E-01  3.531362E-04  3.504435E-06  1.016044E-01  2.502100E-04  4.029398E-06  9.755546E-08  9.571460E-03  1.981324E-06  6.809028E-06  1.795095E-06  9.569402E-02  9.925230E-06  1.798224E-06  1.559697E-06  2.380508E-04  3.238059E-04  3.197307E-06  2.763618E-06  3.520358E-06  4.220640E-06
 2.891500E+02  5.473385E-01  7.468524E-04  2.254956E-07  2.974904E-07  3.313551E-07  3.969959E-07  2.446785E-01  3.458050E-04  3.264567E-06  1.022389E-01  2.479360E-04  3.823760E-06  9.582270E-08  9.366361E-03  1.864275E-06  6.425504E-06  1.711443E-06  9.443931E-02  9.485208E-06  1.734600E-06  1.503345E-06  2.345966E-04  3.190955E-04  3.016873E-06  2.591452E-06  3.302263E-06  4.000185E-06
 2.901500E+02  5.480669E-01  7.367723E-04  2.168559E-07  2.861786E-07  3.187766E-07  3.820333E-07  2.447903E-01  3.386770E-04  3.042654E-06  1.028642E-01  2.456610E-04  3.629108E-06  9.411225E-08  9.167079E-03  1.754913E-06  6.066132E-06  1.632262E-06  9.320295E-02  9.066265E-06  1.673550E-06  1.449316E-06  2.311990E-04  3.144627E-04  2.847347E-06  2.430932E-06  3.098846E-06  3.792417E-06
 2.911500E+02  5.487832E-01  7.268977E-04  2.086072E-07  2.753754E-07  3.067629E-07  3.677387E-07  2.448988E-01  3.317455E-04  2.837245E-06  1.034803E-01  2.433864E-04  3.444841E-06  9.242453E-08  8.973417E-03  1.652685E-06  5.729244E-06  1.557285E-06  9.198480E-02  8.667342E-06  1.614957E-06  1.397504E-06  2.278572E-04  3.099067E-04  2.688034E-06  2.281213E-06  2.909050E-06  3.596547E-06
 2.921500E+02  5.494876E-01  7.172234E-04  2.007294E-07  2.650548E-07  2.952853E-07  3.540781E-07  2.450044E-01  3.250040E-04  2.647015E-06  1.040872E-01  2.411135E-04  3.270393E-06  9.075989E-08  8.785186E-03  1.557085E-06  5.413300E-06  1.486264E-06  9.078468E-02  8.287431E-06  1.558715E-06  1.347809E-06  2.245706E-04  3.054265E-04  2.538285E-06  2.141519E-06  2.731898E-06  3.411839E-06
 2.931500E+02  5.501801E-01  7.077443E-04  1.932035E-07  2.551925E-07  2.843165E-07  3.410196E-07  2.451070E-01  3.184465E-04  2.470755E-06  1.046852E-01  2.388435E-04  3.105227E-06  8.911865E-08  8.602205E-03  1.467642E-06  5.116871E-06  1.418965E-06  8.960242E-02  7.925577E-06  1.504719E-06  1.300137E-06  2.213384E-04  3.010211E-04  2.397495E-06  2.011128E-06  2.566485E-06  3.237605E-06
 2.941500E+02  5.508611E-01  6.984557E-04  1.860117E-07  2.457652E-07  2.738308E-07  3.285330E-07  2.452068E-01  3.120670E-04  2.307356E-06  1.052741E-01  2.365777E-04  2.948839E-06  8.750107E-08  8.424299E-03  1.383923E-06  4.838635E-06  1.355172E-06  8.843784E-02  7.580876E-06  1.452871E-06  1.254397E-06  2.181601E-04  2.966896E-04  2.265097E-06  1.889378E-06  2.411979E-06  3.073201E-06
 2.951500E+02  5.515307E-01  6.893526E-04  1.791371E-07  2.367512E-07  2.638042E-07  3.165897E-07  2.453039E-01  3.058596E-04  2.155804E-06  1.058542E-01  2.343171E-04  2.800747E-06  8.590736E-08  8.251301E-03  1.305529E-06  4.577367E-06  1.294681E-06  8.729076E-02  7.252470E-06  1.403076E-06  1.210502E-06  2.150350E-04  2.924309E-04  2.140563E-06  1.775654E-06  2.267607E-06  2.918028E-06
 2.961500E+02  5.521890E-01  6.804306E-04  1.725639E-07  2.281298E-07  2.542138E-07  3.051629E-07  2.453983E-01  2.998190E-04  2.015170E-06  1.064256E-01  2.320629E-04  2.660500E-06  8.433769E-08  8.083049E-03  1.232088E-06  4.331930E-06  1.237300E-06  8.616099E-02  6.939543E-06  1.355246E-06  1.168371E-06  2.119622E-04  2.882441E-04  2.023398E-06  1.669388E-06  2.132655E-06  2.771524E-06
 2.971500E+02  5.528363E-01  6.716852E-04  1.662771E-07  2.198816E-07  2.450379E-07  2.942272E-07  2.454901E-01  2.939398E-04  1.884605E-06  1.069883E-01  2.298161E-04  2.527669E-06  8.279220E-08  7.919387E-03  1.163257E-06  4.101271E-06  1.182851E-06  8.504835E-02  6.641324E-06  1.309293E-06  1.127926E-06  2.089411E-04  2.841282E-04  1.913141E-06  1.570055E-06  2.006464E-06  2.633164E-06
 2.981500E+02  5.534727E-01  6.631121E-04  1.602623E-07  2.119883E-07  2.362561E-07  2.837585E-07  2.455795E-01  2.882167E-04  1.763327E-06  1.075424E-01  2.275776E-04  2.401849E-06  8.127098E-08  7.760166E-03  1.098721E-06  3.884411E-06  1.131166E-06  8.395263E-02  6.357081E-06  1.265139E-06  1.089092E-06  2.059710E-04  2.800821E-04  1.809361E-06  1.477169E-06  1.888423E-06  2.502457E-06
 2.991500E+02  5.540984E-01  6.547070E-04  1.545063E-07  2.044323E-07  2.278492E-07  2.737340E-07  2.456665E-01  2.826450E-04  1.650623E-06  1.080881E-01  2.253483E-04  2.282659E-06  7.977407E-08  7.605240E-03  1.038186E-06  3.680443E-06  1.082089E-06  8.287366E-02  6.086120E-06  1.222704E-06  1.051799E-06  2.030511E-04  2.761049E-04  1.711654E-06  1.390280E-06  1.777965E-06  2.378943E-06
 3.001500E+02  5.547135E-01  6.464658E-04  1.489963E-07  1.971973E-07  2.197990E-07  2.641322E-07  2.457512E-01  2.772197E-04  1.545836E-06  1.086254E-01  2.231291E-04  2.169737E-06  7.830151E-08  7.454473E-03  9.813798E-07  3.488524E-06  1.035472E-06  8.181122E-02  5.827781E-06  1.181914E-06  1.015979E-06  2.001808E-04  2.721956E-04  1.619643E-06  1.308973E-06  1.674566E-06  2.262194E-06
 3.011500E+02  5.553183E-01  6.383847E-04  1.437204E-07  1.902677E-07  2.120881E-07  2.549329E-07  2.458336E-01  2.719363E-04  1.448364E-06  1.091544E-01  2.209209E-04  2.062742E-06  7.685328E-08  7.307729E-03  9.280506E-07  3.307870E-06  9.911772E-07  8.076511E-02  5.581439E-06  1.142699E-06  9.815667E-07  1.973592E-04  2.683530E-04  1.532976E-06  1.232861E-06  1.577742E-06  2.151806E-06
 3.021500E+02  5.559130E-01  6.304597E-04  1.386673E-07  1.836289E-07  2.047003E-07  2.461168E-07  2.459139E-01  2.667903E-04  1.357653E-06  1.096753E-01  2.187243E-04  1.961350E-06  7.542934E-08  7.164880E-03  8.779653E-07  3.137753E-06  9.490752E-07  7.973514E-02  5.346503E-06  1.104993E-06  9.485022E-07  1.945857E-04  2.645762E-04  1.451323E-06  1.161587E-06  1.487041E-06  2.047402E-06
 3.031500E+02  5.564976E-01  6.226871E-04  1.338262E-07  1.772669E-07  1.976202E-07  2.376656E-07  2.459921E-01  2.617775E-04  1.273195E-06  1.101881E-01  2.165401E-04  1.865258E-06  7.402962E-08  7.025802E-03  8.309072E-07  2.977497E-06  9.090442E-07  7.872111E-02  5.122409E-06  1.068729E-06  9.167268E-07  1.918595E-04  2.608642E-04  1.374376E-06  1.094820E-06  1.402048E-06  1.948631E-06
 3.041500E+02  5.570723E-01  6.150632E-04  1.291869E-07  1.711685E-07  1.908330E-07  2.295621E-07  2.460682E-01  2.568937E-04  1.194523E-06  1.106930E-01  2.143689E-04  1.774177E-06  7.265403E-08  6.890375E-03  7.866757E-07  2.826471E-06  8.709701E-07  7.772280E-02  4.908625E-06  1.033848E-06  8.861847E-07  1.891799E-04  2.572160E-04  1.301846E-06  1.032254E-06  1.322374E-06  1.855161E-06
 3.051500E+02  5.576374E-01  6.075846E-04  1.247399E-07  1.653213E-07  1.843249E-07  2.217899E-07  2.461424E-01  2.521349E-04  1.121207E-06  1.111900E-01  2.122114E-04  1.687835E-06  7.130246E-08  6.758484E-03  7.450843E-07  2.684090E-06  8.347455E-07  7.674001E-02  4.704645E-06  1.000291E-06  8.568228E-07  1.865462E-04  2.536305E-04  1.233464E-06  9.736024E-07  1.247661E-06  1.766683E-06
 3.061500E+02  5.581929E-01  6.002478E-04  1.204761E-07  1.597134E-07  1.780829E-07  2.143336E-07  2.462146E-01  2.474972E-04  1.052850E-06  1.116793E-01  2.100681E-04  1.605975E-06  6.997475E-08  6.630018E-03  7.059599E-07  2.549807E-06  8.002696E-07  7.577253E-02  4.509988E-06  9.680016E-07  8.285905E-07  1.839576E-04  2.501068E-04  1.168976E-06  9.186023E-07  1.177576E-06  1.682906E-06
 3.071500E+02  5.587391E-01  5.930495E-04  1.163868E-07  1.543337E-07  1.720945E-07  2.071784E-07  2.462850E-01  2.429770E-04  9.890898E-07  1.121610E-01  2.079396E-04  1.528355E-06  6.867075E-08  6.504870E-03  6.691417E-07  2.423114E-06  7.674477E-07  7.482017E-02  4.324198E-06  9.369271E-07  8.014397E-07  1.814135E-04  2.466438E-04  1.108147E-06  8.670083E-07  1.111810E-06  1.603558E-06
 3.081500E+02  5.592761E-01  5.859863E-04  1.124640E-07  1.491715E-07  1.663479E-07  2.003105E-07  2.463536E-01  2.385707E-04  9.295895E-07  1.126351E-01  2.058264E-04  1.454745E-06  6.739029E-08  6.382936E-03  6.344803E-07  2.303538E-06  7.361906E-07  7.388270E-02  4.146844E-06  9.070166E-07  7.753242E-07  1.789130E-04  2.432406E-04  1.050755E-06  8.185926E-07  1.050075E-06  1.528384E-06
 3.091500E+02  5.598040E-01  5.790553E-04  1.086997E-07  1.442168E-07  1.608320E-07  1.937166E-07  2.464205E-01  2.342747E-04  8.740402E-07  1.131017E-01  2.037290E-04  1.384928E-06  6.613316E-08  6.264118E-03  6.018367E-07  2.190636E-06  7.064146E-07  7.295993E-02  3.977516E-06  8.782215E-07  7.502001E-07  1.764555E-04  2.398961E-04  9.965934E-07  7.731441E-07  9.921036E-07  1.457144E-06
 3.101500E+02  5.603231E-01  5.722533E-04  1.050868E-07  1.394600E-07  1.555361E-07  1.873842E-07  2.464857E-01  2.300858E-04  8.221569E-07  1.135611E-01  2.016478E-04  1.318701E-06  6.489916E-08  6.148318E-03  5.710816E-07  2.083998E-06  6.780406E-07  7.205164E-02  3.815824E-06  8.504955E-07  7.260256E-07  1.740403E-04  2.366094E-04  9.454672E-07  7.304662E-07  9.376490E-07  1.389614E-06
 3.111500E+02  5.608334E-01  5.655772E-04  1.016182E-07  1.348921E-07  1.504501E-07  1.813014E-07  2.465493E-01  2.260008E-04  7.736763E-07  1.140132E-01  1.995831E-04  1.255868E-06  6.368805E-08  6.035445E-03  5.420948E-07  1.983240E-06  6.509945E-07  7.115763E-02  3.661398E-06  8.237943E-07  7.027608E-07  1.716667E-04  2.333795E-04  8.971951E-07  6.903765E-07  8.864802E-07  1.325582E-06
 3.121500E+02  5.613351E-01  5.590243E-04  9.828740E-08  1.305044E-07  1.455647E-07  1.754570E-07  2.466113E-01  2.220164E-04  7.283560E-07  1.144583E-01  1.975354E-04  1.196249E-06  6.249960E-08  5.925409E-03  5.147644E-07  1.888002E-06  6.252063E-07  7.027769E-02  3.513888E-06  7.980758E-07  6.803674E-07  1.693339E-04  2.302055E-04  8.516067E-07  6.527053E-07  8.383829E-07  1.264851E-06
 3.131500E+02  5.618284E-01  5.525918E-04  9.508805E-08  1.262889E-07  1.408706E-07  1.698402E-07  2.466717E-01  2.181297E-04  6.859716E-07  1.148963E-01  1.955049E-04  1.139670E-06  6.133356E-08  5.818124E-03  4.889860E-07  1.797950E-06  6.006102E-07  6.941162E-02  3.372961E-06  7.732994E-07  6.588090E-07  1.670414E-04  2.270863E-04  8.085424E-07  6.172949E-07  7.931574E-07  1.207235E-06
 3.141500E+02  5.623133E-01  5.462767E-04  9.201423E-08  1.222377E-07  1.363593E-07  1.644408E-07  2.467307E-01  2.143379E-04  6.463162E-07  1.153274E-01  1.934920E-04  1.085968E-06  6.018967E-08  5.713507E-03  4.646626E-07  1.712772E-06  5.771441E-07  6.855922E-02  3.238301E-06  7.494268E-07  6.380509E-07  1.647883E-04  2.240211E-04  7.678526E-07  5.839984E-07  7.506183E-07  1.152558E-06
 3.151500E+02  5.627902E-01  5.400766E-04  8.906030E-08  1.183436E-07  1.320226E-07  1.592492E-07  2.467882E-01  2.106380E-04  6.091985E-07  1.157517E-01  1.914970E-04  1.034989E-06  5.906765E-08  5.611477E-03  4.417036E-07  1.632175E-06  5.547495E-07  6.772027E-02  3.109608E-06  7.264210E-07  6.180599E-07  1.625740E-04  2.210089E-04  7.293971E-07  5.526792E-07  7.105928E-07  1.100658E-06
 3.161500E+02  5.632590E-01  5.339887E-04  8.622089E-08  1.145995E-07  1.278528E-07  1.542562E-07  2.468443E-01  2.070274E-04  5.744417E-07  1.161693E-01  1.895201E-04  9.865890E-07  5.796722E-08  5.511956E-03  4.200246E-07  1.555887E-06  5.333712E-07  6.689458E-02  2.986597E-06  7.042467E-07  5.988043E-07  1.603979E-04  2.180487E-04  6.930445E-07  5.232103E-07  6.729199E-07  1.051379E-06
 3.171500E+02  5.637200E-01  5.280106E-04  8.349091E-08  1.109989E-07  1.238425E-07  1.494531E-07  2.468991E-01  2.035034E-04  5.418820E-07  1.165803E-01  1.875614E-04  9.406291E-07  5.688811E-08  5.414871E-03  3.995469E-07  1.483652E-06  5.129572E-07  6.608195E-02  2.868996E-06  6.828705E-07  5.802539E-07  1.582593E-04  2.151397E-04  6.586714E-07  4.954732E-07  6.374499E-07  1.004577E-06
 3.181500E+02  5.641733E-01  5.221398E-04  8.086551E-08  1.075353E-07  1.199846E-07  1.448315E-07  2.469525E-01  2.000636E-04  5.113681E-07  1.169848E-01  1.856213E-04  8.969798E-07  5.583001E-08  5.320149E-03  3.801969E-07  1.415231E-06  4.934584E-07  6.528217E-02  2.756551E-06  6.622599E-07  5.623797E-07  1.561574E-04  2.122810E-04  6.261622E-07  4.693576E-07  6.040430E-07  9.601143E-07
 3.191500E+02  5.646189E-01  5.163739E-04  7.834010E-08  1.042028E-07  1.162726E-07  1.403836E-07  2.470047E-01  1.967054E-04  4.827599E-07  1.173829E-01  1.836998E-04  8.555184E-07  5.479263E-08  5.227720E-03  3.619061E-07  1.350402E-06  4.748285E-07  6.449504E-02  2.649015E-06  6.423844E-07  5.451542E-07  1.540918E-04  2.094716E-04  5.954084E-07  4.447608E-07  5.725690E-07  9.178638E-07
 3.201500E+02  5.650572E-01  5.107106E-04  7.591030E-08  1.009957E-07  1.127001E-07  1.361019E-07  2.470556E-01  1.934266E-04  4.559276E-07  1.177747E-01  1.817972E-04  8.161290E-07  5.377566E-08  5.137516E-03  3.446104E-07  1.288954E-06  4.570238E-07  6.372038E-02  2.546157E-06  6.232145E-07  5.285508E-07  1.520617E-04  2.067107E-04  5.663082E-07  4.215869E-07  5.429067E-07  8.777045E-07
 3.211500E+02  5.654881E-01  5.051476E-04  7.357194E-08  9.790851E-08  1.092610E-07  1.319791E-07  2.471053E-01  1.902248E-04  4.307508E-07  1.181603E-01  1.799135E-04  7.787020E-07  5.277880E-08  5.049473E-03  3.282501E-07  1.230692E-06  4.400029E-07  6.295798E-02  2.447758E-06  6.047220E-07  5.125445E-07  1.500664E-04  2.039974E-04  5.387661E-07  3.997466E-07  5.149429E-07  8.395227E-07
 3.221500E+02  5.659118E-01  4.996826E-04  7.132106E-08  9.493614E-08  1.059496E-07  1.280086E-07  2.471539E-01  1.870978E-04  4.071181E-07  1.185398E-01  1.780489E-04  7.431339E-07  5.180173E-08  4.963527E-03  3.127691E-07  1.175433E-06  4.237269E-07  6.220765E-02  2.353607E-06  5.868801E-07  4.971111E-07  1.481055E-04  2.013308E-04  5.126922E-07  3.791567E-07  4.885718E-07  8.032116E-07
 3.231500E+02  5.663284E-01  4.943136E-04  6.915391E-08  9.207365E-08  1.027604E-07  1.241838E-07  2.472013E-01  1.840434E-04  3.849261E-07  1.189133E-01  1.762034E-04  7.093268E-07  5.084414E-08  4.879618E-03  2.981153E-07  1.123005E-06  4.081589E-07  6.146920E-02  2.263506E-06  5.696629E-07  4.822276E-07  1.461782E-04  1.987102E-04  4.880025E-07  3.597393E-07  4.636951E-07  7.686704E-07
 3.241500E+02  5.667382E-01  4.890385E-04  6.706690E-08  8.931635E-08  9.968827E-08  1.204985E-07  2.472476E-01  1.810597E-04  3.640788E-07  1.192809E-01  1.743771E-04  6.771883E-07  4.990572E-08  4.797687E-03  2.842396E-07  1.073246E-06  3.932640E-07  6.074244E-02  2.177266E-06  5.530460E-07  4.678719E-07  1.442839E-04  1.961346E-04  4.646179E-07  3.414220E-07  4.402205E-07  7.358044E-07
 3.251500E+02  5.671411E-01  4.838551E-04  6.505660E-08  8.665979E-08  9.672824E-08  1.169469E-07  2.472928E-01  1.781446E-04  3.444872E-07  1.196426E-01  1.725701E-04  6.466308E-07  4.898615E-08  4.717677E-03  2.710964E-07  1.026006E-06  3.790092E-07  6.002717E-02  2.094707E-06  5.370056E-07  4.540230E-07  1.424222E-04  1.936033E-04  4.424639E-07  3.241370E-07  4.180622E-07  7.045242E-07
 3.261500E+02  5.675373E-01  4.787615E-04  6.311977E-08  8.409972E-08  9.387558E-08  1.135234E-07  2.473370E-01  1.752962E-04  3.260687E-07  1.199987E-01  1.707823E-04  6.175717E-07  4.808511E-08  4.639534E-03  2.586428E-07  9.811421E-07  3.653635E-07  5.932323E-02  2.015659E-06  5.215193E-07  4.406607E-07  1.405922E-04  1.911154E-04  4.214709E-07  3.078210E-07  3.971399E-07  6.747456E-07
 3.271500E+02  5.679270E-01  4.737558E-04  6.125332E-08  8.163210E-08  9.112580E-08  1.102227E-07  2.473801E-01  1.725126E-04  3.087464E-07  1.203491E-01  1.690139E-04  5.899329E-07  4.720228E-08  4.563204E-03  2.468388E-07  9.385218E-07  3.522973E-07  5.863041E-02  1.939959E-06  5.065655E-07  4.277658E-07  1.387936E-04  1.886701E-04  4.015732E-07  2.924150E-07  3.773786E-07  6.463892E-07
 3.281500E+02  5.683102E-01  4.688360E-04  5.945430E-08  7.925308E-08  8.847461E-08  1.070396E-07  2.474223E-01  1.697920E-04  2.924490E-07  1.206940E-01  1.672648E-04  5.636405E-07  4.633735E-08  4.488635E-03  2.356469E-07  8.980202E-07  3.397828E-07  5.794854E-02  1.867452E-06  4.921234E-07  4.153198E-07  1.370256E-04  1.862667E-04  3.827091E-07  2.778638E-07  3.587081E-07  6.193804E-07
 3.291500E+02  5.686871E-01  4.640004E-04  5.771988E-08  7.695898E-08  8.591793E-08  1.039693E-07  2.474635E-01  1.671326E-04  2.771101E-07  1.210334E-01  1.655350E-04  5.386246E-07  4.549000E-08  4.415779E-03  2.250317E-07  8.595198E-07  3.277934E-07  5.727744E-02  1.797993E-06  4.781734E-07  4.033051E-07  1.352878E-04  1.839043E-04  3.648208E-07  2.641157E-07  3.410628E-07  5.936484E-07
 3.301500E+02  5.690578E-01  4.592471E-04  5.604740E-08  7.474629E-08  8.345186E-08  1.010072E-07  2.475038E-01  1.645329E-04  2.626681E-07  1.213675E-01  1.638245E-04  5.148192E-07  4.465992E-08  4.344587E-03  2.149604E-07  8.229107E-07  3.163043E-07  5.661693E-02  1.731441E-06  4.646964E-07  3.917048E-07  1.335796E-04  1.815823E-04  3.478537E-07  2.511224E-07  3.243815E-07  5.691269E-07
 3.311500E+02  5.694224E-01  4.545743E-04  5.443430E-08  7.261168E-08  8.107269E-08  9.814887E-08  2.475432E-01  1.619910E-04  2.490655E-07  1.216963E-01  1.621332E-04  4.921617E-07  4.384678E-08  4.275013E-03  2.054021E-07  7.880891E-07  3.052916E-07  5.596684E-02  1.667664E-06  4.516744E-07  3.805028E-07  1.319004E-04  1.792999E-04  3.317565E-07  2.388388E-07  3.086067E-07  5.457529E-07
 3.321500E+02  5.697810E-01  4.499805E-04  5.287814E-08  7.055196E-08  7.877688E-08  9.539012E-08  2.475817E-01  1.595054E-04  2.362489E-07  1.220200E-01  1.604611E-04  4.705931E-07  4.305028E-08  4.207011E-03  1.963277E-07  7.549578E-07  2.947331E-07  5.532700E-02  1.606535E-06  4.390898E-07  3.696836E-07  1.302498E-04  1.770563E-04  3.164811E-07  2.272226E-07  2.936847E-07  5.234673E-07
 3.331500E+02  5.701337E-01  4.454638E-04  5.137660E-08  6.856409E-08  7.656105E-08  9.272691E-08  2.476194E-01  1.570747E-04  2.241684E-07  1.223385E-01  1.588082E-04  4.500575E-07  4.227010E-08  4.140539E-03  1.877100E-07  7.234252E-07  2.846073E-07  5.469722E-02  1.547935E-06  4.269261E-07  3.592325E-07  1.286271E-04  1.748508E-04  3.019820E-07  2.162344E-07  2.795652E-07  5.022141E-07
 3.341500E+02  5.704806E-01  4.410228E-04  4.992746E-08  6.664516E-08  7.442196E-08  9.015542E-08  2.476562E-01  1.546972E-04  2.127779E-07  1.226521E-01  1.571744E-04  4.305019E-07  4.150594E-08  4.075554E-03  1.795236E-07  6.934053E-07  2.748941E-07  5.407735E-02  1.491749E-06  4.151674E-07  3.491351E-07  1.270319E-04  1.726826E-04  2.882166E-07  2.058370E-07  2.662012E-07  4.819405E-07
 3.351500E+02  5.708219E-01  4.366557E-04  4.852859E-08  6.479241E-08  7.235655E-08  8.767197E-08  2.476922E-01  1.523717E-04  2.020341E-07  1.229607E-01  1.555595E-04  4.118763E-07  4.075749E-08  4.012015E-03  1.717444E-07  6.648170E-07  2.655744E-07  5.346721E-02  1.437867E-06  4.037982E-07  3.393780E-07  1.254636E-04  1.705512E-04  2.751446E-07  1.959959E-07  2.535484E-07  4.625966E-07
 3.361500E+02  5.711576E-01  4.323611E-04  4.717800E-08  6.300320E-08  7.036187E-08  8.527308E-08  2.477274E-01  1.500965E-04  1.918966E-07  1.232645E-01  1.539635E-04  3.941333E-07  4.002445E-08  3.949883E-03  1.643499E-07  6.375840E-07  2.566301E-07  5.286665E-02  1.386188E-06  3.928040E-07  3.299481E-07  1.239218E-04  1.684559E-04  2.627283E-07  1.866785E-07  2.415655E-07  4.441352E-07
 3.371500E+02  5.714878E-01  4.281375E-04  4.587373E-08  6.127498E-08  6.843510E-08  8.295541E-08  2.477619E-01  1.478705E-04  1.823280E-07  1.235635E-01  1.523864E-04  3.772282E-07  3.930651E-08  3.889120E-03  1.573189E-07  6.116347E-07  2.480439E-07  5.227550E-02  1.336612E-06  3.821708E-07  3.208331E-07  1.224059E-04  1.663958E-04  2.509319E-07  1.778544E-07  2.302139E-07  4.265119E-07
 3.381500E+02  5.718127E-01  4.239833E-04  4.461395E-08  5.960536E-08  6.657357E-08  8.071575E-08  2.477956E-01  1.456924E-04  1.732933E-07  1.238578E-01  1.508280E-04  3.611185E-07  3.860338E-08  3.829688E-03  1.506316E-07  5.869013E-07  2.397996E-07  5.169360E-02  1.289044E-06  3.718849E-07  3.120209E-07  1.209155E-04  1.643704E-04  2.397220E-07  1.694950E-07  2.194571E-07  4.096845E-07
 3.391500E+02  5.721323E-01  4.198972E-04  4.339691E-08  5.799203E-08  6.477472E-08  7.855105E-08  2.478286E-01  1.435607E-04  1.647597E-07  1.241476E-01  1.492881E-04  3.457640E-07  3.791477E-08  3.771552E-03  1.442693E-07  5.633201E-07  2.318815E-07  5.112080E-02  1.243397E-06  3.619336E-07  3.035001E-07  1.194501E-04  1.623791E-04  2.290668E-07  1.615737E-07  2.092611E-07  3.936133E-07
 3.401500E+02  5.724467E-01  4.158778E-04  4.222091E-08  5.643277E-08  6.303608E-08  7.645841E-08  2.478609E-01  1.414744E-04  1.566967E-07  1.244328E-01  1.477668E-04  3.311267E-07  3.724038E-08  3.714678E-03  1.382144E-07  5.408311E-07  2.242751E-07  5.055693E-02  1.199585E-06  3.523045E-07  2.952598E-07  1.180092E-04  1.604211E-04  2.189366E-07  1.540653E-07  1.995939E-07  3.782606E-07
 3.411500E+02  5.727561E-01  4.119236E-04  4.108435E-08  5.492550E-08  6.135532E-08  7.443503E-08  2.478924E-01  1.394321E-04  1.490758E-07  1.247136E-01  1.462638E-04  3.171706E-07  3.657994E-08  3.659031E-03  1.324503E-07  5.193777E-07  2.169662E-07  5.000186E-02  1.157527E-06  3.429856E-07  2.872895E-07  1.165923E-04  1.584959E-04  2.093033E-07  1.469463E-07  1.904254E-07  3.635908E-07
 3.421500E+02  5.730605E-01  4.080334E-04  3.998569E-08  5.346818E-08  5.973021E-08  7.247825E-08  2.479234E-01  1.374329E-04  1.418703E-07  1.249900E-01  1.447790E-04  3.038617E-07  3.593315E-08  3.604578E-03  1.269615E-07  4.989065E-07  2.099417E-07  4.945542E-02  1.117145E-06  3.339655E-07  2.795791E-07  1.151991E-04  1.566028E-04  2.001404E-07  1.401945E-07  1.817276E-07  3.495703E-07
 3.431500E+02  5.733600E-01  4.042059E-04  3.892347E-08  5.205890E-08  5.815858E-08  7.058550E-08  2.479536E-01  1.354755E-04  1.350555E-07  1.252621E-01  1.433124E-04  2.911676E-07  3.529973E-08  3.551290E-03  1.217333E-07  4.793670E-07  2.031888E-07  4.891747E-02  1.078367E-06  3.252334E-07  2.721190E-07  1.138291E-04  1.547413E-04  1.914229E-07  1.337894E-07  1.734739E-07  3.361672E-07
 3.441500E+02  5.736547E-01  4.004398E-04  3.789628E-08  5.069582E-08  5.663841E-08  6.875436E-08  2.479832E-01  1.335588E-04  1.286079E-07  1.255300E-01  1.418636E-04  2.790578E-07  3.467942E-08  3.499134E-03  1.167520E-07  4.607119E-07  1.966957E-07  4.838787E-02  1.041122E-06  3.167787E-07  2.648998E-07  1.124818E-04  1.529107E-04  1.831274E-07  1.277113E-07  1.656396E-07  3.233513E-07
 3.451500E+02  5.739447E-01  3.967339E-04  3.690278E-08  4.937716E-08  5.516772E-08  6.698248E-08  2.480122E-01  1.316819E-04  1.225058E-07  1.257937E-01  1.404327E-04  2.675033E-07  3.407195E-08  3.448081E-03  1.120045E-07  4.428963E-07  1.904508E-07  4.786646E-02  1.005343E-06  3.085914E-07  2.579127E-07  1.111568E-04  1.511104E-04  1.752315E-07  1.219419E-07  1.582012E-07  3.110941E-07
 3.461500E+02  5.742300E-01  3.930869E-04  3.594168E-08  4.810125E-08  5.374463E-08  6.526764E-08  2.480406E-01  1.298436E-04  1.167288E-07  1.260534E-01  1.390195E-04  2.564766E-07  3.347703E-08  3.398102E-03  1.074786E-07  4.258777E-07  1.844433E-07  4.735312E-02  9.709665E-07  3.006618E-07  2.511493E-07  1.098537E-04  1.493400E-04  1.677143E-07  1.164642E-07  1.511368E-07  2.993685E-07
 3.471500E+02  5.745108E-01  3.894977E-04  3.501175E-08  4.686647E-08  5.236737E-08  6.360768E-08  2.480685E-01  1.280430E-04  1.112579E-07  1.263091E-01  1.376238E-04  2.459518E-07  3.289442E-08  3.349170E-03  1.031627E-07  4.096162E-07  1.786630E-07  4.684769E-02  9.379324E-07  2.929806E-07  2.446012E-07  1.085721E-04  1.475988E-04  1.605561E-07  1.112619E-07  1.444258E-07  2.881489E-07
 3.481500E+02  5.747872E-01  3.859651E-04  3.411181E-08  4.567127E-08  5.103419E-08  6.200056E-08  2.480957E-01  1.262792E-04  1.060752E-07  1.265608E-01  1.362454E-04  2.359041E-07  3.232386E-08  3.301257E-03  9.904593E-08  3.940739E-07  1.731000E-07  4.635006E-02  9.061826E-07  2.855390E-07  2.382608E-07  1.073115E-04  1.458862E-04  1.537381E-07  1.063198E-07  1.380489E-07  2.774110E-07
 3.491500E+02  5.750591E-01  3.824881E-04  3.324073E-08  4.451417E-08  4.974346E-08  6.044431E-08  2.481224E-01  1.245511E-04  1.011641E-07  1.268087E-01  1.348842E-04  2.263103E-07  3.176509E-08  3.254337E-03  9.511809E-08  3.792153E-07  1.677448E-07  4.586007E-02  8.756619E-07  2.783283E-07  2.321203E-07  1.060716E-04  1.442018E-04  1.472428E-07  1.016238E-07  1.319877E-07  2.671319E-07
 3.501500E+02  5.753268E-01  3.790654E-04  3.239744E-08  4.339376E-08  4.849360E-08  5.893705E-08  2.481485E-01  1.228580E-04  9.650869E-08  1.270527E-01  1.335401E-04  2.171481E-07  3.121786E-08  3.208386E-03  9.136944E-08  3.650064E-07  1.625888E-07  4.537760E-02  8.463178E-07  2.713403E-07  2.261727E-07  1.048521E-04  1.425449E-04  1.410535E-07  9.716022E-08  1.262251E-07  2.572897E-07
 3.511500E+02  5.755903E-01  3.756961E-04  3.158091E-08  4.230868E-08  4.728309E-08  5.747699E-08  2.481741E-01  1.211989E-04  9.209446E-08  1.272931E-01  1.322128E-04  2.083966E-07  3.068192E-08  3.163377E-03  8.779086E-08  3.514154E-07  1.576232E-07  4.490251E-02  8.181001E-07  2.645672E-07  2.204110E-07  1.036524E-04  1.409152E-04  1.351544E-07  9.291656E-08  1.207449E-07  2.478638E-07
 3.521500E+02  5.758496E-01  3.723791E-04  3.079013E-08  4.125762E-08  4.611050E-08  5.606239E-08  2.481992E-01  1.195729E-04  8.790758E-08  1.275297E-01  1.309022E-04  2.000358E-07  3.015704E-08  3.119288E-03  8.437371E-08  3.384121E-07  1.528402E-07  4.443469E-02  7.909610E-07  2.580014E-07  2.148286E-07  1.024723E-04  1.393120E-04  1.295307E-07  8.888091E-08  1.155320E-07  2.388346E-07
 3.531500E+02  5.761048E-01  3.691133E-04  3.002417E-08  4.023935E-08  4.497442E-08  5.469159E-08  2.482238E-01  1.179793E-04  8.393516E-08  1.277628E-01  1.296081E-04  1.920469E-07  2.964299E-08  3.076094E-03  8.110985E-08  3.259678E-07  1.482320E-07  4.397400E-02  7.648549E-07  2.516356E-07  2.094189E-07  1.013113E-04  1.377349E-04  1.241683E-07  8.504206E-08  1.105719E-07  2.301834E-07
 3.541500E+02  5.763560E-01  3.658978E-04  2.928210E-08  3.925266E-08  4.387354E-08  5.336302E-08  2.482479E-01  1.164172E-04  8.016506E-08  1.279923E-01  1.283305E-04  1.844119E-07  2.913951E-08  3.033774E-03  7.799157E-08  3.140557E-07  1.437912E-07  4.352033E-02  7.397381E-07  2.454628E-07  2.041760E-07  1.001692E-04  1.361834E-04  1.190541E-07  8.138945E-08  1.058513E-07  2.218926E-07
 3.551500E+02  5.766034E-01  3.627317E-04  2.856307E-08  3.829640E-08  4.280658E-08  5.207514E-08  2.482715E-01  1.148859E-04  7.658593E-08  1.282183E-01  1.270690E-04  1.771139E-07  2.864640E-08  2.992306E-03  7.501162E-08  3.026500E-07  1.395109E-07  4.307354E-02  7.155692E-07  2.394762E-07  1.990939E-07  9.904552E-05  1.346570E-04  1.141753E-07  7.791317E-08  1.013574E-07  2.139455E-07
 3.561500E+02  5.768468E-01  3.596138E-04  2.786623E-08  3.736948E-08  4.177230E-08  5.082649E-08  2.482947E-01  1.133847E-04  7.318707E-08  1.284409E-01  1.258235E-04  1.701367E-07  2.816342E-08  2.951667E-03  7.216311E-08  2.917265E-07  1.353845E-07  4.263352E-02  6.923084E-07  2.336694E-07  1.941669E-07  9.793995E-05  1.331552E-04  1.095203E-07  7.460384E-08  9.707816E-08  2.063262E-07
 3.571500E+02  5.770865E-01  3.565434E-04  2.719079E-08  3.647085E-08  4.076955E-08  4.961568E-08  2.483173E-01  1.119126E-04  6.995846E-08  1.286601E-01  1.245939E-04  1.634650E-07  2.769036E-08  2.911839E-03  6.943955E-08  2.812623E-07  1.314055E-07  4.220016E-02  6.699180E-07  2.280362E-07  1.893897E-07  9.685216E-05  1.316776E-04  1.050777E-07  7.145264E-08  9.300238E-08  1.990197E-07
 3.581500E+02  5.773225E-01  3.535195E-04  2.653597E-08  3.559950E-08  3.979719E-08  4.844136E-08  2.483396E-01  1.104692E-04  6.689069E-08  1.288760E-01  1.233799E-04  1.570843E-07  2.722699E-08  2.872800E-03  6.683479E-08  2.712356E-07  1.275680E-07  4.177333E-02  6.483617E-07  2.225707E-07  1.847568E-07  9.578182E-05  1.302237E-04  1.008370E-07  6.845127E-08  8.911938E-08  1.920114E-07
 3.591500E+02  5.775549E-01  3.505412E-04  2.590103E-08  3.475444E-08  3.885414E-08  4.730224E-08  2.483614E-01  1.090536E-04  6.397490E-08  1.290887E-01  1.221814E-04  1.509808E-07  2.677312E-08  2.834532E-03  6.434303E-08  2.616258E-07  1.238660E-07  4.135293E-02  6.276051E-07  2.172669E-07  1.802635E-07  9.472859E-05  1.287931E-04  9.678810E-08  6.559187E-08  8.541912E-08  1.852880E-07
 3.601500E+02  5.777836E-01  3.476077E-04  2.528527E-08  3.393476E-08  3.793937E-08  4.619708E-08  2.483828E-01  1.076652E-04  6.120276E-08  1.292982E-01  1.209983E-04  1.451415E-07  2.632853E-08  2.797015E-03  6.195877E-08  2.524134E-07  1.202942E-07  4.093884E-02  6.076151E-07  2.121195E-07  1.759047E-07  9.369216E-05  1.273853E-04  9.292149E-08  6.286705E-08  8.189211E-08  1.788364E-07
 3.611500E+02  5.780089E-01  3.447181E-04  2.468802E-08  3.313955E-08  3.705188E-08  4.512469E-08  2.484038E-01  1.063034E-04  5.856646E-08  1.295045E-01  1.198303E-04  1.395538E-07  2.589302E-08  2.760231E-03  5.967680E-08  2.435797E-07  1.168473E-07  4.053096E-02  5.883603E-07  2.071231E-07  1.716759E-07  9.267221E-05  1.259999E-04  8.922819E-08  6.026983E-08  7.852941E-08  1.726443E-07
 3.621500E+02  5.782307E-01  3.418715E-04  2.410861E-08  3.236797E-08  3.619072E-08  4.408393E-08  2.484243E-01  1.049674E-04  5.605862E-08  1.297078E-01  1.186772E-04  1.342060E-07  2.546639E-08  2.724163E-03  5.749220E-08  2.351073E-07  1.135202E-07  4.012917E-02  5.698106E-07  2.022727E-07  1.675726E-07  9.166844E-05  1.246365E-04  8.569969E-08  5.779363E-08  7.532259E-08  1.667001E-07
 3.631500E+02  5.784491E-01  3.390672E-04  2.354642E-08  3.161918E-08  3.535497E-08  4.307371E-08  2.484445E-01  1.036568E-04  5.367233E-08  1.299080E-01  1.175390E-04  1.290869E-07  2.504845E-08  2.688792E-03  5.540030E-08  2.269795E-07  1.103082E-07  3.973337E-02  5.519372E-07  1.975631E-07  1.635905E-07  9.068055E-05  1.232947E-04  8.232791E-08  5.543223E-08  7.226367E-08  1.609927E-07
 3.641500E+02  5.786642E-01  3.363044E-04  2.300085E-08  3.089240E-08  3.454375E-08  4.209297E-08  2.484643E-01  1.023708E-04  5.140106E-08  1.301052E-01  1.164153E-04  1.241858E-07  2.463900E-08  2.654103E-03  5.339668E-08  2.191804E-07  1.072066E-07  3.934346E-02  5.347126E-07  1.929899E-07  1.597254E-07  8.970824E-05  1.219741E-04  7.910522E-08  5.317975E-08  6.934512E-08  1.555115E-07
 3.651500E+02  5.788760E-01  3.335822E-04  2.247133E-08  3.018686E-08  3.375620E-08  4.114069E-08  2.484837E-01  1.011090E-04  4.923868E-08  1.302996E-01  1.153061E-04  1.194926E-07  2.423787E-08  2.620079E-03  5.147716E-08  2.116951E-07  1.042110E-07  3.895934E-02  5.181107E-07  1.885482E-07  1.559734E-07  8.875123E-05  1.206742E-04  7.602438E-08  5.103066E-08  6.655984E-08  1.502465E-07
 3.661500E+02  5.790846E-01  3.309000E-04  2.195729E-08  2.950183E-08  3.299153E-08  4.021591E-08  2.485028E-01  9.987065E-05  4.717940E-08  1.304910E-01  1.142111E-04  1.149977E-07  2.384486E-08  2.586704E-03  4.963776E-08  2.045092E-07  1.013174E-07  3.858090E-02  5.021062E-07  1.842339E-07  1.523307E-07  8.780922E-05  1.193948E-04  7.307854E-08  4.897972E-08  6.390109E-08  1.451880E-07
 3.671500E+02  5.792900E-01  3.282570E-04  2.145822E-08  2.883662E-08  3.224894E-08  3.931768E-08  2.485215E-01  9.865533E-05  4.521778E-08  1.306796E-01  1.131303E-04  1.106919E-07  2.345980E-08  2.553962E-03  4.787473E-08  1.976092E-07  9.852168E-08  3.820804E-02  4.866753E-07  1.800427E-07  1.487936E-07  8.688194E-05  1.181354E-04  7.026120E-08  4.702197E-08  6.136254E-08  1.403272E-07
 3.681500E+02  5.794924E-01  3.256525E-04  2.097358E-08  2.819055E-08  3.152769E-08  3.844512E-08  2.485398E-01  9.746246E-05  4.334869E-08  1.308655E-01  1.120633E-04  1.065666E-07  2.308252E-08  2.521839E-03  4.618450E-08  1.909823E-07  9.582001E-08  3.784068E-02  4.717949E-07  1.759704E-07  1.453585E-07  8.596913E-05  1.168956E-04  6.756620E-08  4.515275E-08  5.893818E-08  1.356552E-07
 3.691500E+02  5.796917E-01  3.230857E-04  2.050290E-08  2.756296E-08  3.082706E-08  3.759735E-08  2.485578E-01  9.629154E-05  4.156728E-08  1.310486E-01  1.110101E-04  1.026135E-07  2.271283E-08  2.490320E-03  4.456369E-08  1.846163E-07  9.320876E-08  3.747872E-02  4.574431E-07  1.720132E-07  1.420221E-07  8.507050E-05  1.156751E-04  6.498769E-08  4.336763E-08  5.662232E-08  1.311639E-07
 3.701500E+02  5.798881E-01  3.205560E-04  2.004570E-08  2.695324E-08  3.014634E-08  3.677355E-08  2.485755E-01  9.514204E-05  3.986901E-08  1.312290E-01  1.099704E-04  9.882472E-08  2.235058E-08  2.459391E-03  4.300908E-08  1.784994E-07  9.068443E-08  3.712206E-02  4.435990E-07  1.681673E-07  1.387810E-07  8.418581E-05  1.144735E-04  6.252014E-08  4.166242E-08  5.440961E-08  1.268453E-07
 3.711500E+02  5.800815E-01  3.180627E-04  1.960152E-08  2.636079E-08  2.948487E-08  3.597292E-08  2.485928E-01  9.401347E-05  3.824955E-08  1.314068E-01  1.089441E-04  9.519284E-08  2.199561E-08  2.429039E-03  4.151763E-08  1.726207E-07  8.824368E-08  3.677061E-02  4.302424E-07  1.644291E-07  1.356321E-07  8.331479E-05  1.132905E-04  6.015829E-08  4.003317E-08  5.229494E-08  1.226922E-07
 3.721500E+02  5.802720E-01  3.156051E-04  1.916993E-08  2.578502E-08  2.884202E-08  3.519468E-08  2.486099E-01  9.290536E-05  3.670487E-08  1.315820E-01  1.079310E-04  9.171074E-08  2.164774E-08  2.399249E-03  4.008646E-08  1.669697E-07  8.588330E-08  3.642428E-02  4.173541E-07  1.607951E-07  1.325724E-07  8.245719E-05  1.121258E-04  5.789716E-08  3.847614E-08  5.027353E-08  1.186972E-07
 3.731500E+02  5.804597E-01  3.131826E-04  1.875051E-08  2.522539E-08  2.821715E-08  3.443810E-08  2.486266E-01  9.181724E-05  3.523111E-08  1.317547E-01  1.069310E-04  8.837165E-08  2.130683E-08  2.370008E-03  3.871280E-08  1.615363E-07  8.360023E-08  3.608299E-02  4.049157E-07  1.572618E-07  1.295989E-07  8.161277E-05  1.109789E-04  5.573202E-08  3.698779E-08  4.834081E-08  1.148538E-07
