#         T/K            c1          c2-1          c3-4          c3-5          c3-7          c3-9            m1          m2-1          m3-1            w1            w2          w3-1          w3-2          c1m1        c1m2-1        c1m2-7        c2m1-1        c1w1-2        c1w2-1        c2w1-1        c2w1-9        m1w1-1        m1w1-4        m1w2-1        m2w1-1        m2w1-3      c1m1w1-1
 2.731500E+02  4.555556E-01  6.699827E-04  2.608813E-07  3.424130E-07  3.809616E-07  4.542494E-07  3.892150E-01  1.242939E-03  4.284194E-05  6.474308E-02  1.403228E-04  3.093342E-06  4.340289E-08  1.809807E-02  1.098595E-05  3.604839E-05  4.292371E-06  6.939529E-02  8.266613E-06  1.566147E-06  1.375243E-06  3.321152E-04  4.520983E-04  6.129451E-06  1.334199E-05  1.689781E-05  9.144956E-06
 2.741500E+02  4.562717E-01  6.597494E-04  2.496060E-07  3.277248E-07  3.646472E-07  4.349335E-07  3.894728E-01  1.214363E-03  3.959706E-05  6.524008E-02  1.390915E-04  2.924446E-06  4.262769E-08  1.766583E-02  1.026533E-05  3.379290E-05  4.069247E-06  6.841904E-02  7.869326E-06  1.505120E-06  1.320514E-06  3.269938E-04  4.450985E-04  5.754280E-06  1.243046E-05  1.574961E-05  8.620012E-06
 2.751500E+02  4.569737E-01  6.497408E-04  2.388967E-07  3.137693E-07  3.491452E-07  4.165739E-07  3.897224E-01  1.186642E-03  3.661905E-05  6.572988E-02  1.378521E-04  2.765067E-06  4.185984E-08  1.724690E-02  9.596789E-06  3.169371E-05  3.859263E-06  6.745681E-02  7.492378E-06  1.446763E-06  1.268228E-06  3.219549E-04  4.382126E-04  5.403474E-06  1.158602E-05  1.468551E-05  8.127939E-06
 2.761500E+02  4.576621E-01  6.399510E-04  2.287216E-07  3.005054E-07  3.344104E-07  3.991175E-07  3.899641E-01  1.159746E-03  3.388438E-05  6.621252E-02  1.366058E-04  2.614666E-06  4.109975E-08  1.684079E-02  8.976253E-06  2.973905E-05  3.661563E-06  6.650854E-02  7.134689E-06  1.390949E-06  1.218265E-06  3.169976E-04  4.314396E-04  5.075379E-06  1.080343E-05  1.369896E-05  7.666530E-06
 2.771500E+02  4.583370E-01  6.303742E-04  2.190507E-07  2.878946E-07  3.204002E-07  3.825143E-07  3.901984E-01  1.133645E-03  3.137171E-05  6.668803E-02  1.353537E-04  2.472734E-06  4.034779E-08  1.644706E-02  8.399982E-06  2.791808E-05  3.475355E-06  6.557414E-02  6.795237E-06  1.337560E-06  1.170515E-06  3.121213E-04  4.247785E-04  4.768458E-06  1.007787E-05  1.278393E-05  7.233736E-06
 2.781500E+02  4.589988E-01  6.210051E-04  2.098559E-07  2.759008E-07  3.070744E-07  3.667175E-07  3.904254E-01  1.108313E-03  2.906169E-05  6.715647E-02  1.340969E-04  2.338790E-06  3.960431E-08  1.606526E-02  7.864551E-06  2.622086E-05  3.299899E-06  6.465356E-02  6.473055E-06  1.286480E-06  1.124871E-06  3.073254E-04  4.182283E-04  4.481280E-06  9.404895E-06  1.193491E-05  6.827651E-06
 2.791500E+02  4.596477E-01  6.118380E-04  2.011111E-07  2.644901E-07  2.943955E-07  3.516830E-07  3.906454E-01  1.083724E-03  2.693677E-05  6.761789E-02  1.328363E-04  2.212378E-06  3.886961E-08  1.569496E-02  7.366817E-06  2.463821E-05  3.134510E-06  6.374669E-02  6.167227E-06  1.237601E-06  1.081232E-06  3.026090E-04  4.117878E-04  4.212515E-06  8.780460E-06  1.114681E-05  6.446506E-06
 2.801500E+02  4.602840E-01  6.028679E-04  1.927913E-07  2.536306E-07  2.823282E-07  3.373694E-07  3.908588E-01  1.059851E-03  2.498100E-05  6.807233E-02  1.315730E-04  2.093069E-06  3.814399E-08  1.533577E-02  6.903898E-06  2.316172E-05  2.978547E-06  6.285344E-02  5.876889E-06  1.190820E-06  1.039502E-06  2.979713E-04  4.054559E-04  3.960924E-06  8.200828E-06  1.041498E-05  6.088655E-06
 2.811500E+02  4.609079E-01  5.940896E-04  1.848735E-07  2.432923E-07  2.708393E-07  3.237378E-07  3.910657E-01  1.036670E-03  2.317992E-05  6.851985E-02  1.303079E-04  1.980460E-06  3.742769E-08  1.498728E-02  6.473148E-06  2.178361E-05  2.831417E-06  6.197371E-02  5.601221E-06  1.146040E-06  9.995913E-07  2.934116E-04  3.992314E-04  3.725356E-06  7.662569E-06  9.735129E-06  5.752567E-06
 2.821500E+02  4.615196E-01  5.854981E-04  1.773357E-07  2.334470E-07  2.598976E-07  3.107515E-07  3.912663E-01  1.014159E-03  2.152036E-05  6.896051E-02  1.290419E-04  1.874166E-06  3.672092E-08  1.464912E-02  6.072137E-06  2.049673E-05  2.692565E-06  6.110740E-02  5.339448E-06  1.103167E-06  9.614127E-07  2.889290E-04  3.931131E-04  3.504739E-06  7.162532E-06  9.103315E-06  5.436818E-06
 2.831500E+02  4.621195E-01  5.770888E-04  1.701574E-07  2.240684E-07  2.494737E-07  2.983763E-07  3.914610E-01  9.922936E-04  1.999037E-05  6.939437E-02  1.277758E-04  1.773828E-06  3.602390E-08  1.432094E-02  5.698632E-06  1.929449E-05  2.561476E-06  6.025438E-02  5.090837E-06  1.062112E-06  9.248847E-07  2.845226E-04  3.870997E-04  3.298077E-06  6.697819E-06  8.515913E-06  5.140085E-06
 2.841500E+02  4.627078E-01  5.688569E-04  1.633193E-07  2.151314E-07  2.395399E-07  2.865795E-07  3.916498E-01  9.710527E-04  1.857904E-05  6.982150E-02  1.265104E-04  1.679105E-06  3.533678E-08  1.400238E-02  5.350579E-06  1.817082E-05  2.437666E-06  5.941454E-02  4.854695E-06  1.022792E-06  8.899294E-07  2.801915E-04  3.811899E-04  3.104441E-06  6.265765E-06  7.969586E-06  4.861132E-06
 2.851500E+02  4.632847E-01  5.607980E-04  1.568032E-07  2.066127E-07  2.300704E-07  2.753308E-07  3.918332E-01  9.504152E-04  1.727648E-05  7.024197E-02  1.252466E-04  1.589676E-06  3.465971E-08  1.369311E-02  5.026092E-06  1.712009E-05  2.320689E-06  5.858776E-02  4.630367E-06  9.851263E-07  8.564729E-07  2.759347E-04  3.753824E-04  2.922967E-06  5.863916E-06  7.461265E-06  4.598813E-06
 2.861500E+02  4.638504E-01  5.529077E-04  1.505920E-07  1.984901E-07  2.210406E-07  2.646013E-07  3.920111E-01  9.303609E-04  1.607364E-05  7.065583E-02  1.239850E-04  1.505239E-06  3.399282E-08  1.339282E-02  4.723431E-06  1.613714E-05  2.210126E-06  5.777391E-02  4.417230E-06  9.490393E-07  8.244451E-07  2.717513E-04  3.696759E-04  2.752850E-06  5.490014E-06  6.988120E-06  4.352058E-06
 2.871500E+02  4.644051E-01  5.451816E-04  1.446697E-07  1.907428E-07  2.124275E-07  2.543640E-07  3.921839E-01  9.108703E-04  1.496231E-05  7.106316E-02  1.227263E-04  1.425508E-06  3.333620E-08  1.310119E-02  4.440998E-06  1.521718E-05  2.105586E-06  5.697285E-02  4.214699E-06  9.144586E-07  7.937793E-07  2.676404E-04  3.640689E-04  2.593341E-06  5.141980E-06  6.547547E-06  4.119870E-06
 2.881500E+02  4.649492E-01  5.376157E-04  1.390211E-07  1.833513E-07  2.042094E-07  2.445934E-07  3.923517E-01  8.919246E-04  1.393497E-05  7.146403E-02  1.214713E-04  1.350214E-06  3.268994E-08  1.281793E-02  4.177318E-06  1.435579E-05  2.006704E-06  5.618445E-02  4.022218E-06  8.813152E-07  7.644122E-07  2.636010E-04  3.585602E-04  2.443742E-06  4.817898E-06  6.137145E-06  3.901322E-06
 2.891500E+02  4.654827E-01  5.302059E-04  1.336318E-07  1.762970E-07  1.963657E-07  2.352653E-07  3.925146E-01  8.735059E-04  1.298478E-05  7.185852E-02  1.202204E-04  1.279104E-06  3.205409E-08  1.254276E-02  3.931034E-06  1.354890E-05  1.913140E-06  5.540857E-02  3.839260E-06  8.495438E-07  7.362834E-07  2.596320E-04  3.531483E-04  2.303404E-06  4.516004E-06  5.754701E-06  3.695547E-06
 2.901500E+02  4.660060E-01  5.229484E-04  1.284885E-07  1.695627E-07  1.888772E-07  2.263573E-07  3.926729E-01  8.555967E-04  1.210549E-05  7.224669E-02  1.189743E-04  1.211938E-06  3.142871E-08  1.227539E-02  3.700893E-06  1.279272E-05  1.824576E-06  5.464506E-02  3.665330E-06  8.190822E-07  7.093359E-07  2.557326E-04  3.478319E-04  2.171720E-06  4.234669E-06  5.398173E-06  3.501740E-06
 2.911500E+02  4.665192E-01  5.158393E-04  1.235785E-07  1.631318E-07  1.817258E-07  2.178477E-07  3.928267E-01  8.381802E-04  1.129139E-05  7.262863E-02  1.177336E-04  1.148490E-06  3.081381E-08  1.201558E-02  3.485740E-06  1.208376E-05  1.740714E-06  5.389379E-02  3.499956E-06  7.898711E-07  6.835152E-07  2.519016E-04  3.426094E-04  2.048128E-06  3.972394E-06  5.065679E-06  3.319147E-06
 2.921500E+02  4.670225E-01  5.088750E-04  1.188897E-07  1.569890E-07  1.748941E-07  2.097165E-07  3.929762E-01  8.212404E-04  1.053725E-05  7.300440E-02  1.164988E-04  1.088550E-06  3.020942E-08  1.176305E-02  3.284510E-06  1.141880E-05  1.661276E-06  5.315461E-02  3.342694E-06  7.618542E-07  6.587696E-07  2.481382E-04  3.374796E-04  1.932100E-06  3.727793E-06  4.755480E-06  3.147068E-06
 2.931500E+02  4.675162E-01  5.020519E-04  1.144110E-07  1.511196E-07  1.683661E-07  2.019445E-07  3.931215E-01  8.047617E-04  9.838306E-06  7.337410E-02  1.152704E-04  1.031915E-06  2.961551E-08  1.151758E-02  3.096217E-06  1.079483E-05  1.586002E-06  5.242735E-02  3.193122E-06  7.349777E-07  6.350499E-07  2.444412E-04  3.324409E-04  1.823147E-06  3.499589E-06  4.465973E-06  2.984845E-06
 2.941500E+02  4.680004E-01  4.953665E-04  1.101316E-07  1.455097E-07  1.621265E-07  1.945139E-07  3.932627E-01  7.887292E-04  9.190192E-06  7.373779E-02  1.140487E-04  9.783986E-07  2.903208E-08  1.127893E-02  2.919953E-06  1.020908E-05  1.514650E-06  5.171188E-02  3.050843E-06  7.091906E-07  6.123094E-07  2.408096E-04  3.274920E-04  1.720812E-06  3.286602E-06  4.195674E-06  2.831869E-06
 2.951500E+02  4.684753E-01  4.888155E-04  1.060415E-07  1.401465E-07  1.561607E-07  1.874074E-07  3.934000E-01  7.731284E-04  8.588911E-06  7.409556E-02  1.128344E-04  9.278218E-07  2.845910E-08  1.104686E-02  2.754878E-06  9.658989E-06  1.446991E-06  5.100805E-02  2.915478E-06  6.844444E-07  5.905036E-07  2.372425E-04  3.226314E-04  1.624669E-06  3.087743E-06  3.943216E-06  2.687567E-06
 2.961500E+02  4.689412E-01  4.823955E-04  1.021312E-07  1.350176E-07  1.504552E-07  1.806092E-07  3.935336E-01  7.579454E-04  8.030802E-06  7.444748E-02  1.116277E-04  8.800176E-07  2.789651E-08  1.082117E-02  2.600214E-06  9.142163E-06  1.382811E-06  5.031569E-02  2.786671E-06  6.606927E-07  5.695901E-07  2.337388E-04  3.178578E-04  1.534320E-06  2.902005E-06  3.707332E-06  2.551407E-06
 2.971500E+02  4.693981E-01  4.761034E-04  9.839170E-08  1.301113E-07  1.449971E-07  1.741041E-07  3.936635E-01  7.431668E-04  7.512511E-06  7.479363E-02  1.104290E-04  8.348281E-07  2.734427E-08  1.060165E-02  2.455243E-06  8.656394E-06  1.321911E-06  4.963465E-02  2.664084E-06  6.378914E-07  5.495288E-07  2.302975E-04  3.131696E-04  1.449395E-06  2.728456E-06  3.486853E-06  2.422891E-06
 2.981500E+02  4.698464E-01  4.699360E-04  9.481462E-08  1.254168E-07  1.397742E-07  1.678776E-07  3.937899E-01  7.287797E-04  7.030963E-06  7.513410E-02  1.092387E-04  7.921046E-07  2.680231E-08  1.038808E-02  2.319299E-06  8.199632E-06  1.264104E-06  4.896478E-02  2.547399E-06  6.159985E-07  5.302813E-07  2.269176E-04  3.085656E-04  1.369547E-06  2.566238E-06  3.280697E-06  2.301552E-06
 2.991500E+02  4.702861E-01  4.638904E-04  9.139191E-08  1.209236E-07  1.347750E-07  1.619162E-07  3.939128E-01  7.147718E-04  6.583337E-06  7.546897E-02  1.080571E-04  7.517072E-07  2.627056E-08  1.018029E-02  2.191768E-06  7.769971E-06  1.209215E-06  4.830591E-02  2.436311E-06  5.949742E-07  5.118111E-07  2.235981E-04  3.040443E-04  1.294455E-06  2.414554E-06  3.087861E-06  2.186955E-06
 3.001500E+02  4.707175E-01  4.579636E-04  8.811602E-08  1.166219E-07  1.299885E-07  1.562071E-07  3.940325E-01  7.011309E-04  6.167046E-06  7.579831E-02  1.068846E-04  7.135040E-07  2.574894E-08  9.978084E-03  2.072077E-06  7.365641E-06  1.157077E-06  4.765790E-02  2.330536E-06  5.747802E-07  4.940836E-07  2.203379E-04  2.996042E-04  1.223818E-06  2.272669E-06  2.907421E-06  2.078694E-06
 3.011500E+02  4.711406E-01  4.521528E-04  8.497977E-08  1.125025E-07  1.254046E-07  1.507381E-07  3.941489E-01  6.878455E-04  5.779711E-06  7.612220E-02  1.057213E-04  6.773705E-07  2.523736E-08  9.781280E-03  1.959700E-06  6.985000E-06  1.107538E-06  4.702059E-02  2.229801E-06  5.553803E-07  4.770658E-07  2.171362E-04  2.952441E-04  1.157353E-06  2.139900E-06  2.738517E-06  1.976387E-06
 3.021500E+02  4.715558E-01  4.464552E-04  8.197640E-08  1.085565E-07  1.210134E-07  1.454977E-07  3.942623E-01  6.749045E-04  5.419150E-06  7.644074E-02  1.045676E-04  6.431898E-07  2.473571E-08  9.589707E-03  1.854146E-06  6.626517E-06  1.060453E-06  4.639381E-02  2.133851E-06  5.367399E-07  4.607262E-07  2.139918E-04  2.909624E-04  1.094799E-06  2.015617E-06  2.580354E-06  1.879679E-06
 3.031500E+02  4.719631E-01  4.408680E-04  7.909951E-08  1.047756E-07  1.168057E-07  1.404750E-07  3.943727E-01  6.622972E-04  5.083355E-06  7.675399E-02  1.034236E-04  6.108516E-07  2.424389E-08  9.403198E-03  1.754960E-06  6.288773E-06  1.015684E-06  4.577742E-02  2.042442E-06  5.188261E-07  4.450349E-07  2.109038E-04  2.867580E-04  1.035910E-06  1.899235E-06  2.432197E-06  1.788235E-06
 3.041500E+02  4.723627E-01  4.353888E-04  7.634303E-08  1.011521E-07  1.127728E-07  1.356598E-07  3.944801E-01  6.500131E-04  4.770481E-06  7.706203E-02  1.022896E-04  5.802519E-07  2.376180E-08  9.221592E-03  1.661720E-06  5.970445E-06  9.731051E-07  4.517125E-02  1.955344E-06  5.016074E-07  4.299633E-07  2.078712E-04  2.826294E-04  9.804572E-07  1.790213E-06  2.293362E-06  1.701745E-06
 3.051500E+02  4.727548E-01  4.300148E-04  7.370123E-08  9.767829E-08  1.089064E-07  1.310422E-07  3.945848E-01  6.380422E-04  4.478831E-06  7.736496E-02  1.011659E-04  5.512928E-07  2.328932E-08  9.044736E-03  1.574035E-06  5.670301E-06  9.325954E-07  4.457516E-02  1.872340E-06  4.850538E-07  4.154843E-07  2.048931E-04  2.785752E-04  9.282272E-07  1.688049E-06  2.163217E-06  1.619914E-06
 3.061500E+02  4.731396E-01  4.247438E-04  7.116867E-08  9.434726E-08  1.051987E-07  1.266129E-07  3.946868E-01  6.263750E-04  4.206840E-06  7.766284E-02  1.000524E-04  5.238821E-07  2.282633E-08  8.872478E-03  1.491542E-06  5.387196E-06  8.940423E-07  4.398897E-02  1.793224E-06  4.691369E-07  4.015720E-07  2.019685E-04  2.745942E-04  8.790197E-07  1.592277E-06  2.041175E-06  1.542471E-06
 3.071500E+02  4.735171E-01  4.195731E-04  6.874019E-08  9.115230E-08  1.016422E-07  1.223633E-07  3.947861E-01  6.150020E-04  3.953070E-06  7.795575E-02  9.894954E-05  4.979329E-07  2.237270E-08  8.704676E-03  1.413903E-06  5.120063E-06  8.573398E-07  4.341255E-02  1.717799E-06  4.538294E-07  3.882019E-07  1.990964E-04  2.706850E-04  8.326480E-07  1.502466E-06  1.926690E-06  1.469159E-06
 3.081500E+02  4.738875E-01  4.145005E-04  6.641093E-08  8.808705E-08  9.822988E-08  1.182850E-07  3.948829E-01  6.039144E-04  3.716195E-06  7.824378E-02  9.785728E-05  4.733634E-07  2.192831E-08  8.541191E-03  1.340803E-06  4.867906E-06  8.223881E-07  4.284573E-02  1.645881E-06  4.391053E-07  3.753503E-07  1.962759E-04  2.668463E-04  7.889375E-07  1.418215E-06  1.819258E-06  1.399736E-06
 3.091500E+02  4.742510E-01  4.095238E-04  6.417625E-08  8.514550E-08  9.495510E-08  1.143701E-07  3.949772E-01  5.931034E-04  3.494992E-06  7.852700E-02  9.677581E-05  4.500964E-07  2.149302E-08  8.381889E-03  1.271951E-06  4.629798E-06  7.890935E-07  4.228837E-02  1.577294E-06  4.249398E-07  3.629949E-07  1.935061E-04  2.630769E-04  7.477247E-07  1.339151E-06  1.718408E-06  1.333978E-06
 3.101500E+02  4.746077E-01  4.046406E-04  6.203177E-08  8.232194E-08  9.181151E-08  1.106112E-07  3.950692E-01  5.825607E-04  3.288334E-06  7.880549E-02  9.570523E-05  4.280593E-07  2.106671E-08  8.226641E-03  1.207075E-06  4.404874E-06  7.573677E-07  4.174030E-02  1.511873E-06  4.113093E-07  3.511143E-07  1.907861E-04  2.593754E-04  7.088571E-07  1.264931E-06  1.623705E-06  1.271674E-06
 3.111500E+02  4.749578E-01  3.998488E-04  5.997333E-08  7.961098E-08  8.879309E-08  1.070010E-07  3.951588E-01  5.722782E-04  3.095180E-06  7.907933E-02  9.464563E-05  4.071834E-07  2.064924E-08  8.075323E-03  1.145922E-06  4.192327E-06  7.271275E-07  4.120139E-02  1.449461E-06  3.981914E-07  3.396883E-07  1.881149E-04  2.557407E-04  6.721916E-07  1.195233E-06  1.534742E-06  1.212624E-06
 3.121500E+02  4.753014E-01  3.951464E-04  5.799699E-08  7.700746E-08  8.589414E-08  1.035329E-07  3.952462E-01  5.622481E-04  2.914572E-06  7.934859E-02  9.359710E-05  3.874044E-07  2.024046E-08  7.927813E-03  1.088258E-06  3.991404E-06  6.982948E-07  4.067147E-02  1.389907E-06  3.855643E-07  3.286974E-07  1.854916E-04  2.521714E-04  6.375948E-07  1.129758E-06  1.451145E-06  1.156645E-06
 3.131500E+02  4.756386E-01  3.905312E-04  5.609899E-08  7.450652E-08  8.310926E-08  1.002004E-07  3.953314E-01  5.524628E-04  2.745621E-06  7.961335E-02  9.255970E-05  3.686613E-07  1.984023E-08  7.783998E-03  1.033862E-06  3.801401E-06  6.707957E-07  4.015041E-02  1.333072E-06  3.734077E-07  3.181230E-07  1.829154E-04  2.486665E-04  6.049414E-07  1.068231E-06  1.372562E-06  1.103560E-06
 3.141500E+02  4.759696E-01  3.860012E-04  5.427579E-08  7.210353E-08  8.043330E-08  9.699755E-08  3.954144E-01  5.429152E-04  2.587509E-06  7.987369E-02  9.153348E-05  3.508969E-07  1.944843E-08  7.643764E-03  9.825305E-07  3.621661E-06  6.445609E-07  3.963805E-02  1.278820E-06  3.617020E-07  3.079477E-07  1.803854E-04  2.452245E-04  5.741145E-07  1.010393E-06  1.298667E-06  1.053206E-06
 3.151500E+02  4.762945E-01  3.815546E-04  5.252401E-08  6.979409E-08  7.786138E-08  9.391848E-08  3.954955E-01  5.335981E-04  2.439478E-06  8.012967E-02  9.051850E-05  3.340571E-07  1.906490E-08  7.507004E-03  9.340733E-07  3.451570E-06  6.195249E-07  3.913426E-02  1.227025E-06  3.504283E-07  2.981545E-07  1.779007E-04  2.418445E-04  5.450043E-07  9.560049E-07  1.229158E-06  1.005429E-06
 3.161500E+02  4.766134E-01  3.771895E-04  5.084045E-08  6.757403E-08  7.538886E-08  9.095773E-08  3.955745E-01  5.245049E-04  2.300829E-06  8.038137E-02  8.951477E-05  3.180910E-07  1.868949E-08  7.373614E-03  8.883129E-07  3.290555E-06  5.956259E-07  3.863887E-02  1.177567E-06  3.395688E-07  2.887273E-07  1.754605E-04  2.385252E-04  5.175082E-07  9.048436E-07  1.163752E-06  9.600844E-07
 3.171500E+02  4.769264E-01  3.729039E-04  4.922206E-08  6.543938E-08  7.301134E-08  8.811008E-08  3.956517E-01  5.156288E-04  2.170912E-06  8.062887E-02  8.852234E-05  3.029505E-07  1.832208E-08  7.243493E-03  8.450835E-07  3.138079E-06  5.728057E-07  3.815177E-02  1.130331E-06  3.291065E-07  2.796509E-07  1.730639E-04  2.352654E-04  4.915301E-07  8.567016E-07  1.102187E-06  9.170370E-07
 3.181500E+02  4.772337E-01  3.686961E-04  4.766596E-08  6.338638E-08  7.072462E-08  8.537056E-08  3.957269E-01  5.069637E-04  2.049129E-06  8.087223E-02  8.754119E-05  2.885904E-07  1.796251E-08  7.116544E-03  8.042306E-07  2.993639E-06  5.510094E-07  3.767279E-02  1.085210E-06  3.190251E-07  2.709106E-07  1.707102E-04  2.320640E-04  4.669800E-07  8.113857E-07  1.044218E-06  8.761589E-07
 3.191500E+02  4.775354E-01  3.645644E-04  4.616938E-08  6.141143E-08  6.852473E-08  8.273445E-08  3.958004E-01  4.985034E-04  1.934924E-06  8.111153E-02  8.657135E-05  2.749681E-07  1.761064E-08  6.992673E-03  7.656100E-07  2.856766E-06  5.301852E-07  3.720181E-02  1.042101E-06  3.093090E-07  2.624925E-07  1.683984E-04  2.289200E-04  4.437733E-07  7.687159E-07  9.896173E-07  8.373302E-07
 3.201500E+02  4.778315E-01  3.605071E-04  4.472971E-08  5.951113E-08  6.640788E-08  8.019727E-08  3.958721E-01  4.902420E-04  1.827782E-06  8.134683E-02  8.561279E-05  2.620433E-07  1.726633E-08  6.871789E-03  7.290869E-07  2.727019E-06  5.102840E-07  3.673868E-02  1.000906E-06  2.999434E-07  2.543832E-07  1.661279E-04  2.258322E-04  4.218310E-07  7.285245E-07  9.381717E-07  8.004380E-07
 3.211500E+02  4.781223E-01  3.565225E-04  4.334448E-08  5.768223E-08  6.437046E-08  7.775475E-08  3.959420E-01  4.821737E-04  1.727227E-06  8.157821E-02  8.466551E-05  2.497780E-07  1.692943E-08  6.753806E-03  6.945353E-07  2.603988E-06  4.912597E-07  3.628327E-02  9.615331E-07  2.909139E-07  2.465700E-07  1.638978E-04  2.227995E-04  4.010790E-07  6.906553E-07  8.896837E-07  7.653764E-07
 3.221500E+02  4.784078E-01  3.526089E-04  4.201131E-08  5.592166E-08  6.240905E-08  7.540283E-08  3.960104E-01  4.742930E-04  1.632817E-06  8.180574E-02  8.372948E-05  2.381364E-07  1.659980E-08  6.638638E-03  6.618377E-07  2.487285E-06  4.730686E-07  3.583545E-02  9.238949E-07  2.822071E-07  2.390408E-07  1.617074E-04  2.198209E-04  3.814476E-07  6.549624E-07  8.439683E-07  7.320455E-07
 3.231500E+02  4.786882E-01  3.487649E-04  4.072796E-08  5.422646E-08  6.052039E-08  7.313762E-08  3.960771E-01  4.665947E-04  1.544142E-06  8.202948E-02  8.280468E-05  2.270848E-07  1.627731E-08  6.526204E-03  6.308839E-07  2.376550E-06  4.556694E-07  3.539508E-02  8.879083E-07  2.738099E-07  2.317839E-07  1.595558E-04  2.168953E-04  3.628718E-07  6.213101E-07  8.008533E-07  7.003514E-07
 3.241500E+02  4.789635E-01  3.449888E-04  3.949229E-08  5.259386E-08  5.870136E-08  7.095546E-08  3.961422E-01  4.590735E-04  1.460821E-06  8.224949E-02  8.189106E-05  2.165913E-07  1.596180E-08  6.416425E-03  6.015712E-07  2.271443E-06  4.390231E-07  3.496204E-02  8.534943E-07  2.657100E-07  2.247882E-07  1.574424E-04  2.140218E-04  3.452901E-07  5.895714E-07  7.601778E-07  6.702058E-07
 3.251500E+02  4.792338E-01  3.412793E-04  3.830225E-08  5.102119E-08  5.694902E-08  6.885282E-08  3.962058E-01  4.517244E-04  1.382500E-06  8.246585E-02  8.098858E-05  2.066259E-07  1.565315E-08  6.309224E-03  5.738030E-07  2.171646E-06  4.230930E-07  3.453618E-02  8.205782E-07  2.578954E-07  2.180432E-07  1.553664E-04  2.111992E-04  3.286454E-07  5.596281E-07  7.217916E-07  6.415252E-07
 3.261500E+02  4.794993E-01  3.376348E-04  3.715590E-08  4.950590E-08  5.526053E-08  6.682638E-08  3.962680E-01  4.445425E-04  1.308853E-06  8.267861E-02  8.009720E-05  1.971603E-07  1.535121E-08  6.204528E-03  5.474894E-07  2.076860E-06  4.078440E-07  3.411740E-02  7.890888E-07  2.503548E-07  2.115387E-07  1.533271E-04  2.084266E-04  3.128836E-07  5.313696E-07  6.855545E-07  6.142315E-07
 3.271500E+02  4.797600E-01  3.340539E-04  3.605141E-08  4.804560E-08  5.363323E-08  6.487293E-08  3.963287E-01  4.375234E-04  1.239573E-06  8.288785E-02  7.921685E-05  1.881676E-07  1.505584E-08  6.102266E-03  5.225459E-07  1.986805E-06  3.932431E-07  3.370556E-02  7.589587E-07  2.430775E-07  2.052651E-07  1.513238E-04  2.057031E-04  2.979542E-07  5.046929E-07  6.513355E-07  5.882506E-07
 3.281500E+02  4.800160E-01  3.305353E-04  3.498700E-08  4.663797E-08  5.206455E-08  6.298945E-08  3.963880E-01  4.306623E-04  1.174377E-06  8.309363E-02  7.834748E-05  1.796226E-07  1.476692E-08  6.002367E-03  4.988935E-07  1.901220E-06  3.792593E-07  3.330053E-02  7.301239E-07  2.360529E-07  1.992131E-07  1.493557E-04  2.030277E-04  2.838097E-07  4.795014E-07  6.190121E-07  5.635131E-07
 3.291500E+02  4.802675E-01  3.270776E-04  3.396100E-08  4.528082E-08  5.055205E-08  6.117305E-08  3.964460E-01  4.239549E-04  1.113003E-06  8.329600E-02  7.748902E-05  1.715015E-07  1.448431E-08  5.904767E-03  4.764581E-07  1.819855E-06  3.658628E-07  3.290220E-02  7.025235E-07  2.292711E-07  1.933738E-07  1.474223E-04  2.003993E-04  2.704055E-07  4.557052E-07  5.884699E-07  5.399534E-07
 3.301500E+02  4.805146E-01  3.236794E-04  3.297181E-08  4.397207E-08  4.909342E-08  5.942095E-08  3.965027E-01  4.173970E-04  1.055204E-06  8.349502E-02  7.664140E-05  1.637819E-07  1.420787E-08  5.809399E-03  4.551701E-07  1.742480E-06  3.530257E-07  3.251045E-02  6.760999E-07  2.227227E-07  1.877388E-07  1.455227E-04  1.978173E-04  2.576996E-07  4.332201E-07  5.596020E-07  5.175095E-07
 3.311500E+02  4.807572E-01  3.203396E-04  3.201790E-08  4.270972E-08  4.768643E-08  5.773053E-08  3.965581E-01  4.109845E-04  1.000753E-06  8.369077E-02  7.580455E-05  1.564423E-07  1.393748E-08  5.716202E-03  4.349646E-07  1.668877E-06  3.407215E-07  3.212516E-02  6.507981E-07  2.163986E-07  1.823001E-07  1.436565E-04  1.952805E-04  2.456527E-07  4.119672E-07  5.323082E-07  4.961231E-07
 3.321500E+02  4.809956E-01  3.170569E-04  3.109783E-08  4.149186E-08  4.632897E-08  5.609928E-08  3.966122E-01  4.047134E-04  9.494376E-07  8.388329E-02  7.497838E-05  1.494629E-07  1.367300E-08  5.625116E-03  4.157804E-07  1.598840E-06  3.289251E-07  3.174621E-02  6.265660E-07  2.102900E-07  1.770498E-07  1.418228E-04  1.927882E-04  2.342279E-07  3.918730E-07  5.064949E-07  4.757393E-07
 3.331500E+02  4.812298E-01  3.138300E-04  3.021020E-08  4.031669E-08  4.501902E-08  5.452479E-08  3.966651E-01  3.985798E-04  9.010593E-07  8.407264E-02  7.416283E-05  1.428247E-07  1.341432E-08  5.536081E-03  3.975601E-07  1.532177E-06  3.176126E-07  3.137350E-02  6.033541E-07  2.043886E-07  1.719806E-07  1.400212E-04  1.903394E-04  2.233902E-07  3.728686E-07  4.820745E-07  4.563062E-07
 3.341500E+02  4.814598E-01  3.106578E-04  2.935369E-08  3.918248E-08  4.375467E-08  5.300479E-08  3.967169E-01  3.925801E-04  8.554342E-07  8.425888E-02  7.335779E-05  1.365097E-07  1.316129E-08  5.449041E-03  3.802501E-07  1.468706E-06  3.067616E-07  3.100689E-02  5.811152E-07  1.986864E-07  1.670854E-07  1.382509E-04  1.879334E-04  2.131071E-07  3.548894E-07  4.589649E-07  4.377747E-07
 3.351500E+02  4.816858E-01  3.075390E-04  2.852704E-08  3.808756E-08  4.253406E-08  5.153708E-08  3.967675E-01  3.867107E-04  8.123905E-07  8.444208E-02  7.256320E-05  1.305010E-07  1.291382E-08  5.363942E-03  3.637997E-07  1.408257E-06  2.963505E-07  3.064630E-02  5.598048E-07  1.931758E-07  1.623574E-07  1.365113E-04  1.855692E-04  2.033477E-07  3.378751E-07  4.370892E-07  4.200986E-07
 3.361500E+02  4.819079E-01  3.044727E-04  2.772905E-08  3.703037E-08  4.135545E-08  5.011958E-08  3.968170E-01  3.809680E-04  7.717680E-07  8.462227E-02  7.177894E-05  1.247828E-07  1.267176E-08  5.280730E-03  3.481615E-07  1.350669E-06  2.863591E-07  3.029160E-02  5.393802E-07  1.878495E-07  1.577901E-07  1.348019E-04  1.832460E-04  1.940831E-07  3.217692E-07  4.163755E-07  4.032342E-07
 3.371500E+02  4.821261E-01  3.014577E-04  2.695856E-08  3.600939E-08  4.021717E-08  4.875030E-08  3.968654E-01  3.753486E-04  7.334172E-07  8.479953E-02  7.100494E-05  1.193399E-07  1.243501E-08  5.199354E-03  3.332909E-07  1.295790E-06  2.767682E-07  2.994270E-02  5.198009E-07  1.827005E-07  1.533774E-07  1.331221E-04  1.809631E-04  1.852861E-07  3.065186E-07  3.967563E-07  3.871403E-07
 3.381500E+02  4.823405E-01  2.984929E-04  2.621447E-08  3.502319E-08  3.911761E-08  4.742733E-08  3.969127E-01  3.698494E-04  6.971987E-07  8.497389E-02  7.024109E-05  1.141580E-07  1.220344E-08  5.119765E-03  3.191460E-07  1.243479E-06  2.675594E-07  2.959948E-02  5.010286E-07  1.777220E-07  1.491132E-07  1.314712E-04  1.787197E-04  1.769310E-07  2.920737E-07  3.781683E-07  3.717779E-07
 3.391500E+02  4.825512E-01  2.955772E-04  2.549575E-08  3.407040E-08  3.805524E-08  4.614886E-08  3.969590E-01  3.644670E-04  6.629823E-07  8.514541E-02  6.948730E-05  1.092237E-07  1.197694E-08  5.041914E-03  3.056874E-07  1.193600E-06  2.587155E-07  2.926184E-02  4.830267E-07  1.729076E-07  1.449920E-07  1.298488E-04  1.765149E-04  1.689938E-07  2.783880E-07  3.605523E-07  3.571101E-07
 3.401500E+02  4.827583E-01  2.927097E-04  2.480137E-08  3.314970E-08  3.702861E-08  4.491314E-08  3.970044E-01  3.591985E-04  6.306466E-07  8.531416E-02  6.874347E-05  1.045243E-07  1.175540E-08  4.965754E-03  2.928780E-07  1.146028E-06  2.502199E-07  2.892969E-02  4.657604E-07  1.682511E-07  1.410081E-07  1.282542E-04  1.743481E-04  1.614516E-07  2.654178E-07  3.438526E-07  3.431023E-07
 3.411500E+02  4.829618E-01  2.898894E-04  2.413040E-08  3.225983E-08  3.603631E-08  4.371852E-08  3.970487E-01  3.540409E-04  6.000779E-07  8.548016E-02  6.800950E-05  1.000477E-07  1.153870E-08  4.891241E-03  2.806829E-07  1.100643E-06  2.420570E-07  2.860292E-02  4.491966E-07  1.637467E-07  1.371565E-07  1.266869E-04  1.722184E-04  1.542833E-07  2.531222E-07  3.280172E-07  3.297214E-07
 3.421500E+02  4.831618E-01  2.871152E-04  2.348190E-08  3.139960E-08  3.507702E-08  4.256340E-08  3.970921E-01  3.489912E-04  5.711701E-07  8.564348E-02  6.728529E-05  9.578241E-08  1.132674E-08  4.818331E-03  2.690693E-07  1.057332E-06  2.342119E-07  2.828143E-02  4.333037E-07  1.593886E-07  1.334321E-07  1.251464E-04  1.701252E-04  1.474685E-07  2.414628E-07  3.129969E-07  3.169363E-07
 3.431500E+02  4.833584E-01  2.843863E-04  2.285502E-08  3.056785E-08  3.414946E-08  4.144627E-08  3.971346E-01  3.440467E-04  5.438240E-07  8.580417E-02  6.657072E-05  9.171780E-08  1.111942E-08  4.746981E-03  2.580063E-07  1.015989E-06  2.266706E-07  2.796513E-02  4.180519E-07  1.551715E-07  1.298302E-07  1.236322E-04  1.680678E-04  1.409883E-07  2.304036E-07  2.987458E-07  3.047176E-07
 3.441500E+02  4.835517E-01  2.817017E-04  2.224890E-08  2.976350E-08  3.325240E-08  4.036567E-08  3.971762E-01  3.392047E-04  5.179469E-07  8.596227E-02  6.586570E-05  8.784363E-08  1.091661E-08  4.677149E-03  2.474648E-07  9.765142E-07  2.194195E-07  2.765392E-02  4.034126E-07  1.510901E-07  1.263460E-07  1.221437E-04  1.660453E-04  1.348248E-07  2.199107E-07  2.852208E-07  2.930375E-07
 3.451500E+02  4.837416E-01  2.790605E-04  2.166275E-08  2.898549E-08  3.238468E-08  3.932021E-08  3.972170E-01  3.344625E-04  4.934518E-07  8.611782E-02  6.517013E-05  8.415027E-08  1.071824E-08  4.608798E-03  2.374173E-07  9.388129E-07  2.124460E-07  2.734771E-02  3.893587E-07  1.471394E-07  1.229753E-07  1.206804E-04  1.640572E-04  1.289612E-07  2.099523E-07  2.723813E-07  2.818695E-07
 3.461500E+02  4.839284E-01  2.764618E-04  2.109581E-08  2.823282E-08  3.154518E-08  3.830855E-08  3.972568E-01  3.298175E-04  4.702577E-07  8.627088E-02  6.448388E-05  8.062860E-08  1.052418E-08  4.541886E-03  2.278381E-07  9.027955E-07  2.057378E-07  2.704641E-02  3.758643E-07  1.433147E-07  1.197138E-07  1.192419E-04  1.621028E-04  1.233816E-07  2.004986E-07  2.601892E-07  2.711888E-07
 3.471500E+02  4.841120E-01  2.739048E-04  2.054734E-08  2.750452E-08  3.073283E-08  3.732943E-08  3.972959E-01  3.252673E-04  4.482884E-07  8.642150E-02  6.380687E-05  7.726997E-08  1.033435E-08  4.476378E-03  2.187027E-07  8.683779E-07  1.992835E-07  2.674993E-02  3.629048E-07  1.396113E-07  1.165575E-07  1.178277E-04  1.601814E-04  1.180709E-07  1.915216E-07  2.486087E-07  2.609717E-07
 3.481500E+02  4.842924E-01  2.713886E-04  2.001664E-08  2.679967E-08  2.994661E-08  3.638162E-08  3.973341E-01  3.208095E-04  4.274728E-07  8.656971E-02  6.313898E-05  7.406623E-08  1.014864E-08  4.412237E-03  2.099883E-07  8.354802E-07  1.930721E-07  2.645818E-02  3.504567E-07  1.360248E-07  1.135024E-07  1.164372E-04  1.582923E-04  1.130150E-07  1.829948E-07  2.376060E-07  2.511957E-07
 3.491500E+02  4.844699E-01  2.689125E-04  1.950304E-08  2.611741E-08  2.918554E-08  3.546395E-08  3.973716E-01  3.164417E-04  4.077441E-07  8.671556E-02  6.248009E-05  7.100964E-08  9.966969E-09  4.349428E-03  2.016731E-07  8.040270E-07  1.870930E-07  2.617107E-02  3.384977E-07  1.325510E-07  1.105449E-07  1.150701E-04  1.564350E-04  1.082007E-07  1.748936E-07  2.271496E-07  2.418398E-07
 3.501500E+02  4.846444E-01  2.664755E-04  1.900590E-08  2.545687E-08  2.844868E-08  3.457531E-08  3.974082E-01  3.121618E-04  3.890397E-07  8.685909E-02  6.183011E-05  6.809288E-08  9.789236E-09  4.287916E-03  1.937367E-07  7.739472E-07  1.813363E-07  2.588852E-02  3.270066E-07  1.291858E-07  1.076814E-07  1.137259E-04  1.546088E-04  1.036152E-07  1.671945E-07  2.172097E-07  2.328839E-07
 3.511500E+02  4.848160E-01  2.640770E-04  1.852460E-08  2.481726E-08  2.773513E-08  3.371462E-08  3.974442E-01  3.079674E-04  3.713011E-07  8.700035E-02  6.118893E-05  6.530901E-08  9.615351E-09  4.227669E-03  1.861598E-07  7.451734E-07  1.757926E-07  2.561046E-02  3.159630E-07  1.259253E-07  1.049084E-07  1.124041E-04  1.528131E-04  9.924668E-08  1.598757E-07  2.077582E-07  2.243088E-07
 3.521500E+02  4.849847E-01  2.617161E-04  1.805856E-08  2.419779E-08  2.704402E-08  3.288085E-08  3.974794E-01  3.038564E-04  3.544732E-07  8.713937E-02  6.055643E-05  6.265147E-08  9.445226E-09  4.168654E-03  1.789242E-07  7.176418E-07  1.704529E-07  2.533678E-02  3.053477E-07  1.227659E-07  1.022227E-07  1.111043E-04  1.510474E-04  9.508397E-08  1.529165E-07  1.987687E-07  2.160966E-07
 3.531500E+02  4.851507E-01  2.593922E-04  1.760720E-08  2.359773E-08  2.637454E-08  3.207302E-08  3.975139E-01  2.998269E-04  3.385046E-07  8.727621E-02  5.993251E-05  6.011404E-08  9.278774E-09  4.110840E-03  1.720127E-07  6.912921E-07  1.653084E-07  2.506742E-02  2.951422E-07  1.197038E-07  9.962120E-08  1.098261E-04  1.493109E-04  9.111644E-08  1.462975E-07  1.902165E-07  2.082301E-07
 3.541500E+02  4.853139E-01  2.571045E-04  1.716999E-08  2.301637E-08  2.572590E-08  3.129019E-08  3.975477E-01  2.958767E-04  3.233467E-07  8.741089E-02  5.931705E-05  5.769082E-08  9.115910E-09  4.054197E-03  1.654090E-07  6.660674E-07  1.603511E-07  2.480230E-02  2.853289E-07  1.167356E-07  9.710074E-08  1.085690E-04  1.476032E-04  8.733409E-08  1.400005E-07  1.820781E-07  2.006931E-07
 3.551500E+02  4.854744E-01  2.548523E-04  1.674641E-08  2.245303E-08  2.509732E-08  3.053144E-08  3.975808E-01  2.920040E-04  3.089542E-07  8.754345E-02  5.870996E-05  5.537623E-08  8.956551E-09  3.998696E-03  1.590978E-07  6.419134E-07  1.555731E-07  2.454134E-02  2.758912E-07  1.138581E-07  9.465848E-08  1.073327E-04  1.459238E-04  8.372746E-08  1.340082E-07  1.743314E-07  1.934703E-07
 3.561500E+02  4.856322E-01  2.526348E-04  1.633597E-08  2.190704E-08  2.448810E-08  2.979592E-08  3.976133E-01  2.882068E-04  2.952845E-07  8.767395E-02  5.811112E-05  5.316497E-08  8.800615E-09  3.944308E-03  1.530647E-07  6.187791E-07  1.509670E-07  2.428445E-02  2.668130E-07  1.110680E-07  9.229162E-08  1.061167E-04  1.442720E-04  8.028761E-08  1.283043E-07  1.669558E-07  1.865469E-07
 3.571500E+02  4.857875E-01  2.504515E-04  1.593818E-08  2.137780E-08  2.389752E-08  2.908278E-08  3.976451E-01  2.844832E-04  2.822974E-07  8.780240E-02  5.752042E-05  5.105204E-08  8.648023E-09  3.891005E-03  1.472958E-07  5.966160E-07  1.465257E-07  2.403158E-02  2.580791E-07  1.083622E-07  8.999748E-08  1.049206E-04  1.426473E-04  7.700609E-08  1.228736E-07  1.599317E-07  1.799091E-07
 3.581500E+02  4.859403E-01  2.483016E-04  1.555259E-08  2.086468E-08  2.332493E-08  2.839123E-08  3.976763E-01  2.808316E-04  2.699552E-07  8.792886E-02  5.693777E-05  4.903266E-08  8.498697E-09  3.838760E-03  1.417781E-07  5.753782E-07  1.422423E-07  2.378265E-02  2.496750E-07  1.057379E-07  8.777349E-08  1.037441E-04  1.410492E-04  7.387493E-08  1.177018E-07  1.532406E-07  1.735439E-07
 3.591500E+02  4.860906E-01  2.461846E-04  1.517877E-08  2.036713E-08  2.276967E-08  2.772051E-08  3.977069E-01  2.772502E-04  2.582226E-07  8.805335E-02  5.636304E-05  4.710234E-08  8.352561E-09  3.787548E-03  1.364995E-07  5.550220E-07  1.381105E-07  2.353757E-02  2.415869E-07  1.031922E-07  8.561718E-08  1.025868E-04  1.394772E-04  7.088657E-08  1.127751E-07  1.468650E-07  1.674386E-07
 3.601500E+02  4.862384E-01  2.440997E-04  1.481628E-08  1.988458E-08  2.223114E-08  2.706987E-08  3.977369E-01  2.737372E-04  2.470664E-07  8.817591E-02  5.579614E-05  4.525679E-08  8.209540E-09  3.737343E-03  1.314483E-07  5.355064E-07  1.341241E-07  2.329630E-02  2.338015E-07  1.007223E-07  8.352618E-08  1.014483E-04  1.379307E-04  6.803388E-08  1.080809E-07  1.407887E-07  1.615814E-07
 3.611500E+02  4.863839E-01  2.420464E-04  1.446474E-08  1.941650E-08  2.170874E-08  2.643861E-08  3.977663E-01  2.702911E-04  2.364551E-07  8.829658E-02  5.523696E-05  4.349195E-08  8.069563E-09  3.688121E-03  1.266136E-07  5.167920E-07  1.302771E-07  2.305875E-02  2.263061E-07  9.832576E-08  8.149819E-08  1.003283E-04  1.364094E-04  6.531009E-08  1.036070E-07  1.349961E-07  1.559610E-07
 3.621500E+02  4.865270E-01  2.400240E-04  1.412374E-08  1.896239E-08  2.120190E-08  2.582605E-08  3.977952E-01  2.669103E-04  2.263595E-07  8.841540E-02  5.468539E-05  4.180399E-08  7.932558E-09  3.639857E-03  1.219848E-07  4.988419E-07  1.265641E-07  2.282485E-02  2.190889E-07  9.599992E-08  7.953104E-08  9.922640E-05  1.349127E-04  6.270881E-08  9.934197E-08  1.294726E-07  1.505668E-07
 3.631500E+02  4.866678E-01  2.380320E-04  1.379293E-08  1.852175E-08  2.071009E-08  2.523154E-08  3.978235E-01  2.635931E-04  2.167516E-07  8.853238E-02  5.414133E-05  4.018925E-08  7.798457E-09  3.592529E-03  1.175521E-07  4.816207E-07  1.229795E-07  2.259455E-02  2.121381E-07  9.374242E-08  7.762261E-08  9.814223E-05  1.334401E-04  6.022400E-08  9.527513E-08  1.242045E-07  1.453884E-07
 3.641500E+02  4.868064E-01  2.360698E-04  1.347193E-08  1.809412E-08  2.023277E-08  2.465446E-08  3.978512E-01  2.603382E-04  2.076056E-07  8.864758E-02  5.360468E-05  3.864425E-08  7.667190E-09  3.546113E-03  1.133063E-07  4.650950E-07  1.195183E-07  2.236777E-02  2.054429E-07  9.155094E-08  7.577088E-08  9.707548E-05  1.319911E-04  5.784993E-08  9.139630E-08  1.191786E-07  1.404164E-07
 3.651500E+02  4.869428E-01  2.341368E-04  1.316042E-08  1.767905E-08  1.976945E-08  2.409420E-08  3.978785E-01  2.571440E-04  1.988967E-07  8.876102E-02  5.307533E-05  3.716571E-08  7.538693E-09  3.500589E-03  1.092385E-07  4.492332E-07  1.161756E-07  2.214446E-02  1.989928E-07  8.942322E-08  7.397389E-08  9.602581E-05  1.305654E-04  5.558117E-08  8.769587E-08  1.143827E-07  1.356414E-07
 3.661500E+02  4.870770E-01  2.322324E-04  1.285806E-08  1.727609E-08  1.931964E-08  2.355019E-08  3.979052E-01  2.540092E-04  1.906018E-07  8.887273E-02  5.255319E-05  3.575052E-08  7.412900E-09  3.455934E-03  1.053402E-07  4.340051E-07  1.129466E-07  2.192455E-02  1.927776E-07  8.735713E-08  7.222978E-08  9.499291E-05  1.291625E-04  5.341259E-08  8.416480E-08  1.098051E-07  1.310546E-07
 3.671500E+02  4.872091E-01  2.303562E-04  1.256453E-08  1.688484E-08  1.888287E-08  2.302187E-08  3.979314E-01  2.509322E-04  1.826992E-07  8.898274E-02  5.203815E-05  3.439569E-08  7.289749E-09  3.412128E-03  1.016036E-07  4.193820E-07  1.098271E-07  2.170797E-02  1.867880E-07  8.535060E-08  7.053675E-08  9.397644E-05  1.277819E-04  5.133933E-08  8.079453E-08  1.054349E-07  1.266479E-07
 3.681500E+02  4.873391E-01  2.285077E-04  1.227953E-08  1.650489E-08  1.845871E-08  2.250870E-08  3.979571E-01  2.479119E-04  1.751683E-07  8.909108E-02  5.153011E-05  3.309842E-08  7.169178E-09  3.369152E-03  9.802099E-08  4.053368E-07  1.068125E-07  2.149468E-02  1.810147E-07  8.340163E-08  6.889306E-08  9.297610E-05  1.264232E-04  4.935678E-08  7.757695E-08  1.012617E-07  1.224132E-07
 3.691500E+02  4.874670E-01  2.266862E-04  1.200278E-08  1.613587E-08  1.804673E-08  2.201019E-08  3.979823E-01  2.449468E-04  1.679897E-07  8.919780E-02  5.102897E-05  3.185603E-08  7.051127E-09  3.326984E-03  9.458538E-08  3.918437E-07  1.038990E-07  2.128461E-02  1.754489E-07  8.150830E-08  6.729704E-08  9.199158E-05  1.250861E-04  4.746057E-08  7.450444E-08  9.727566E-08  1.183430E-07
 3.701500E+02  4.875930E-01  2.248913E-04  1.173398E-08  1.577739E-08  1.764651E-08  2.152582E-08  3.980071E-01  2.420358E-04  1.611452E-07  8.930290E-02  5.053463E-05  3.066598E-08  6.935537E-09  3.285607E-03  9.128991E-08  3.788780E-07  1.010825E-07  2.107770E-02  1.700824E-07  7.966877E-08  6.574710E-08  9.102259E-05  1.237700E-04  4.564656E-08  7.156974E-08  9.346749E-08  1.144301E-07
 3.711500E+02  4.877170E-01  2.231225E-04  1.147287E-08  1.542911E-08  1.725765E-08  2.105514E-08  3.980314E-01  2.391776E-04  1.546174E-07  8.940642E-02  5.004701E-05  2.952585E-08  6.822352E-09  3.245002E-03  8.812816E-08  3.664165E-07  9.835940E-08  2.087389E-02  1.649071E-07  7.788126E-08  6.424168E-08  9.006883E-05  1.224746E-04  4.391082E-08  6.876604E-08  8.982842E-08  1.106677E-07
 3.721500E+02  4.878390E-01  2.213793E-04  1.121920E-08  1.509067E-08  1.687978E-08  2.059767E-08  3.980553E-01  2.363709E-04  1.483902E-07  8.950840E-02  4.956599E-05  2.843336E-08  6.711514E-09  3.205150E-03  8.509402E-08  3.544369E-07  9.572601E-08  2.067313E-02  1.599154E-07  7.614407E-08  6.277931E-08  8.913001E-05  1.211995E-04  4.224965E-08  6.608686E-08  8.635013E-08  1.070494E-07
 3.731500E+02  4.879592E-01  2.196613E-04  1.097270E-08  1.476177E-08  1.651253E-08  2.015299E-08  3.980787E-01  2.336147E-04  1.424481E-07  8.960885E-02  4.909149E-05  2.738631E-08  6.602970E-09  3.166035E-03  8.218167E-08  3.429182E-07  9.317896E-08  2.047537E-02  1.551000E-07  7.445554E-08  6.135855E-08  8.820585E-05  1.199443E-04  4.065949E-08  6.352609E-08  8.302476E-08  1.035688E-07
