#         T/K            m1          m2-1          m3-1            w1            w2          w3-1          w3-2        m1w1-1        m1w1-4        m1w2-1        m2w1-1        m2w1-3
 2.731500E+02  4.444545E-01  1.564018E-03  5.940397E-05  5.351306E-01  9.250766E-03  1.626523E-03  2.282186E-05  3.024889E-03  4.117689E-03  4.452719E-04  1.339047E-04  1.695921E-04
 2.741500E+02  4.446000E-01  1.527728E-03  5.489907E-05  5.355600E-01  9.048993E-03  1.507819E-03  2.197848E-05  2.958272E-03  4.026750E-03  4.125680E-04  1.239340E-04  1.570266E-04
 2.751500E+02  4.447397E-01  1.492550E-03  5.076623E-05  5.359699E-01  8.852715E-03  1.398474E-03  2.117124E-05  2.893551E-03  3.938411E-03  3.824677E-04  1.147702E-04  1.454735E-04
 2.761500E+02  4.448739E-01  1.458446E-03  4.697235E-05  5.363616E-01  8.661781E-03  1.297702E-03  2.039847E-05  2.830666E-03  3.852590E-03  3.547495E-04  1.063432E-04  1.348452E-04
 2.771500E+02  4.450029E-01  1.425374E-03  4.348750E-05  5.367361E-01  8.476039E-03  1.204787E-03  1.965859E-05  2.769560E-03  3.769206E-03  3.292117E-04  9.858941E-05  1.250622E-04
 2.781500E+02  4.451270E-01  1.393299E-03  4.028456E-05  5.370945E-01  8.295342E-03  1.119076E-03  1.895008E-05  2.710174E-03  3.688180E-03  3.056706E-04  9.145105E-05  1.160523E-04
 2.791500E+02  4.452465E-01  1.362184E-03  3.733897E-05  5.374377E-01  8.119547E-03  1.039975E-03  1.827148E-05  2.652454E-03  3.609438E-03  2.839592E-04  8.487562E-05  1.077498E-04
 2.801500E+02  4.453615E-01  1.331995E-03  3.462842E-05  5.377667E-01  7.948509E-03  9.669367E-04  1.762141E-05  2.596348E-03  3.532905E-03  2.639249E-04  7.881539E-05  1.000949E-04
 2.811500E+02  4.454724E-01  1.302699E-03  3.213270E-05  5.380822E-01  7.782092E-03  8.994662E-04  1.699855E-05  2.541802E-03  3.458510E-03  2.454288E-04  7.322694E-05  9.303326E-05
 2.821500E+02  4.455793E-01  1.274263E-03  2.983344E-05  5.383851E-01  7.620158E-03  8.371090E-04  1.640165E-05  2.488768E-03  3.386185E-03  2.283440E-04  6.807074E-05  8.651540E-05
 2.831500E+02  4.456824E-01  1.246659E-03  2.771396E-05  5.386760E-01  7.462575E-03  7.794502E-04  1.582952E-05  2.437197E-03  3.315863E-03  2.125551E-04  6.331078E-05  8.049621E-05
 2.841500E+02  4.457819E-01  1.219856E-03  2.575909E-05  5.389555E-01  7.309215E-03  7.261106E-04  1.528101E-05  2.387042E-03  3.247480E-03  1.979562E-04  5.891428E-05  7.493457E-05
 2.851500E+02  4.458780E-01  1.193827E-03  2.395501E-05  5.392244E-01  7.159951E-03  6.767432E-04  1.475503E-05  2.338258E-03  3.180973E-03  1.844511E-04  5.485131E-05  6.979298E-05
 2.861500E+02  4.459709E-01  1.168545E-03  2.228918E-05  5.394832E-01  7.014661E-03  6.310308E-04  1.425057E-05  2.290801E-03  3.116283E-03  1.719515E-04  5.109460E-05  6.503722E-05
 2.871500E+02  4.460606E-01  1.143984E-03  2.075014E-05  5.397323E-01  6.873225E-03  5.886828E-04  1.376663E-05  2.244630E-03  3.053351E-03  1.603768E-04  4.761925E-05  6.063604E-05
 2.881500E+02  4.461474E-01  1.120119E-03  1.932747E-05  5.399724E-01  6.735529E-03  5.494332E-04  1.330229E-05  2.199703E-03  2.992121E-03  1.496534E-04  4.440252E-05  5.656092E-05
 2.891500E+02  4.462314E-01  1.096926E-03  1.801165E-05  5.402038E-01  6.601459E-03  5.130384E-04  1.285664E-05  2.155981E-03  2.932539E-03  1.397137E-04  4.142364E-05  5.278575E-05
 2.901500E+02  4.463127E-01  1.074383E-03  1.679401E-05  5.404271E-01  6.470907E-03  4.792751E-04  1.242886E-05  2.113426E-03  2.874553E-03  1.304961E-04  3.866361E-05  4.928670E-05
 2.911500E+02  4.463914E-01  1.052468E-03  1.566663E-05  5.406425E-01  6.343767E-03  4.479384E-04  1.201812E-05  2.072002E-03  2.818113E-03  1.219440E-04  3.610506E-05  4.604192E-05
 2.921500E+02  4.464676E-01  1.031159E-03  1.462225E-05  5.408506E-01  6.219936E-03  4.188407E-04  1.162366E-05  2.031672E-03  2.763169E-03  1.140055E-04  3.373210E-05  4.303145E-05
 2.931500E+02  4.465415E-01  1.010437E-03  1.365428E-05  5.410516E-01  6.099315E-03  3.918096E-04  1.124476E-05  1.992402E-03  2.709674E-03  1.066331E-04  3.153018E-05  4.023698E-05
 2.941500E+02  4.466131E-01  9.902807E-04  1.275665E-05  5.412459E-01  5.981807E-03  3.666868E-04  1.088072E-05  1.954159E-03  2.657583E-03  9.978313E-05  2.948595E-05  3.764174E-05
 2.951500E+02  4.466825E-01  9.706727E-04  1.192384E-05  5.414337E-01  5.867320E-03  3.433272E-04  1.053088E-05  1.916912E-03  2.606853E-03  9.341569E-05  2.758720E-05  3.523035E-05
 2.961500E+02  4.467498E-01  9.515946E-04  1.115076E-05  5.416155E-01  5.755761E-03  3.215972E-04  1.019461E-05  1.880630E-03  2.557440E-03  8.749400E-05  2.582272E-05  3.298872E-05
 2.971500E+02  4.468152E-01  9.330289E-04  1.043278E-05  5.417914E-01  5.647045E-03  3.013741E-04  9.871319E-06  1.845282E-03  2.509303E-03  8.198432E-05  2.418224E-05  3.090389E-05
 2.981500E+02  4.468786E-01  9.149591E-04  9.765636E-06  5.419617E-01  5.541085E-03  2.825450E-04  9.560429E-06  1.810840E-03  2.462404E-03  7.685563E-05  2.265631E-05  2.896398E-05
 2.991500E+02  4.469402E-01  8.973690E-04  9.145430E-06  5.421268E-01  5.437801E-03  2.650062E-04  9.261402E-06  1.777276E-03  2.416705E-03  7.207942E-05  2.123626E-05  2.715807E-05
 3.001500E+02  4.470000E-01  8.802431E-04  8.568576E-06  5.422867E-01  5.337111E-03  2.486620E-04  8.973720E-06  1.744563E-03  2.372167E-03  6.762946E-05  1.991414E-05  2.547612E-05
 3.011500E+02  4.470581E-01  8.635665E-04  8.031788E-06  5.424417E-01  5.238940E-03  2.334246E-04  8.696892E-06  1.712675E-03  2.328757E-03  6.348162E-05  1.868261E-05  2.390890E-05
 3.021500E+02  4.471146E-01  8.473250E-04  7.532044E-06  5.425921E-01  5.143213E-03  2.192127E-04  8.430451E-06  1.681588E-03  2.286439E-03  5.961366E-05  1.753495E-05  2.244791E-05
 3.031500E+02  4.471695E-01  8.315046E-04  7.066568E-06  5.427379E-01  5.049858E-03  2.059517E-04  8.173951E-06  1.651277E-03  2.245180E-03  5.600512E-05  1.646496E-05  2.108534E-05
 3.041500E+02  4.472229E-01  8.160921E-04  6.632809E-06  5.428795E-01  4.958805E-03  1.935727E-04  7.926966E-06  1.621719E-03  2.204949E-03  5.263712E-05  1.546693E-05  1.981400E-05
 3.051500E+02  4.472748E-01  8.010746E-04  6.228417E-06  5.430170E-01  4.869986E-03  1.820122E-04  7.689092E-06  1.592891E-03  2.165714E-03  4.949228E-05  1.453561E-05  1.862723E-05
 3.061500E+02  4.473253E-01  7.864399E-04  5.851233E-06  5.431505E-01  4.783336E-03  1.712115E-04  7.459943E-06  1.564771E-03  2.127446E-03  4.655454E-05  1.366615E-05  1.751893E-05
 3.071500E+02  4.473744E-01  7.721760E-04  5.499265E-06  5.432801E-01  4.698792E-03  1.611166E-04  7.239152E-06  1.537339E-03  2.090115E-03  4.380910E-05  1.285408E-05  1.648346E-05
 3.081500E+02  4.474223E-01  7.582713E-04  5.170681E-06  5.434062E-01  4.616293E-03  1.516772E-04  7.026368E-06  1.510573E-03  2.053695E-03  4.124230E-05  1.209530E-05  1.551561E-05
 3.091500E+02  4.474688E-01  7.447150E-04  4.863790E-06  5.435287E-01  4.535780E-03  1.428474E-04  6.821256E-06  1.484455E-03  2.018158E-03  3.884149E-05  1.138600E-05  1.461059E-05
 3.101500E+02  4.475142E-01  7.314963E-04  4.577034E-06  5.436478E-01  4.457195E-03  1.345844E-04  6.623499E-06  1.458966E-03  1.983477E-03  3.659501E-05  1.072266E-05  1.376394E-05
 3.111500E+02  4.475583E-01  7.186049E-04  4.308974E-06  5.437637E-01  4.380483E-03  1.268486E-04  6.432792E-06  1.434086E-03  1.949629E-03  3.449209E-05  1.010205E-05  1.297157E-05
 3.121500E+02  4.476014E-01  7.060309E-04  4.058284E-06  5.438764E-01  4.305590E-03  1.196035E-04  6.248845E-06  1.409799E-03  1.916589E-03  3.252273E-05  9.521174E-06  1.222970E-05
 3.131500E+02  4.476433E-01  6.937647E-04  3.823737E-06  5.439862E-01  4.232464E-03  1.128154E-04  6.071382E-06  1.386087E-03  1.884332E-03  3.067771E-05  8.977259E-06  1.153481E-05
 3.141500E+02  4.476842E-01  6.817971E-04  3.604201E-06  5.440930E-01  4.161056E-03  1.064528E-04  5.900138E-06  1.362934E-03  1.852837E-03  2.894849E-05  8.467743E-06  1.088367E-05
 3.151500E+02  4.477240E-01  6.701192E-04  3.398628E-06  5.441970E-01  4.091316E-03  1.004868E-04  5.734861E-06  1.340323E-03  1.822082E-03  2.732716E-05  7.990258E-06  1.027326E-05
 3.161500E+02  4.477628E-01  6.587224E-04  3.206051E-06  5.442982E-01  4.023197E-03  9.489054E-05  5.575311E-06  1.318239E-03  1.792045E-03  2.580637E-05  7.542607E-06  9.700823E-06
 3.171500E+02  4.478007E-01  6.475984E-04  3.025572E-06  5.443969E-01  3.956654E-03  8.963900E-05  5.421258E-06  1.296667E-03  1.762706E-03  2.437935E-05  7.122759E-06  9.163768E-06
 3.181500E+02  4.478376E-01  6.367391E-04  2.856364E-06  5.444931E-01  3.891643E-03  8.470910E-05  5.272482E-06  1.275593E-03  1.734045E-03  2.303978E-05  6.728830E-06  8.659713E-06
 3.191500E+02  4.478737E-01  6.261368E-04  2.697657E-06  5.445868E-01  3.828121E-03  8.007939E-05  5.128774E-06  1.255002E-03  1.706043E-03  2.178183E-05  6.359075E-06  8.186445E-06
 3.201500E+02  4.479088E-01  6.157841E-04  2.548741E-06  5.446781E-01  3.766046E-03  7.572997E-05  4.989933E-06  1.234881E-03  1.678682E-03  2.060007E-05  6.011875E-06  7.741909E-06
 3.211500E+02  4.479432E-01  6.056737E-04  2.408955E-06  5.447672E-01  3.705380E-03  7.164233E-05  4.855768E-06  1.215217E-03  1.651943E-03  1.948947E-05  5.685727E-06  7.324201E-06
 3.221500E+02  4.479767E-01  5.957987E-04  2.277689E-06  5.448541E-01  3.646082E-03  6.779931E-05  4.726095E-06  1.195997E-03  1.625808E-03  1.844535E-05  5.379237E-06  6.931552E-06
 3.231500E+02  4.480094E-01  5.861522E-04  2.154374E-06  5.449388E-01  3.588115E-03  6.418495E-05  4.600740E-06  1.177209E-03  1.600263E-03  1.746336E-05  5.091112E-06  6.562318E-06
 3.241500E+02  4.480413E-01  5.767278E-04  2.038485E-06  5.450215E-01  3.531443E-03  6.078440E-05  4.479536E-06  1.158841E-03  1.575289E-03  1.653948E-05  4.820149E-06  6.214973E-06
 3.251500E+02  4.480725E-01  5.675192E-04  1.929532E-06  5.451022E-01  3.476031E-03  5.758386E-05  4.362322E-06  1.140882E-03  1.550871E-03  1.566993E-05  4.565230E-06  5.888097E-06
 3.261500E+02  4.481029E-01  5.585203E-04  1.827062E-06  5.451810E-01  3.421845E-03  5.457049E-05  4.248945E-06  1.123319E-03  1.526995E-03  1.485124E-05  4.325316E-06  5.580371E-06
 3.271500E+02  4.481327E-01  5.497251E-04  1.730652E-06  5.452579E-01  3.368851E-03  5.173235E-05  4.139259E-06  1.106143E-03  1.503644E-03  1.408014E-05  4.099442E-06  5.290567E-06
 3.281500E+02  4.481618E-01  5.411281E-04  1.639910E-06  5.453329E-01  3.317018E-03  4.905830E-05  4.033123E-06  1.089343E-03  1.480806E-03  1.335362E-05  3.886708E-06  5.017543E-06
 3.291500E+02  4.481902E-01  5.327236E-04  1.554471E-06  5.454063E-01  3.266314E-03  4.653797E-05  3.930404E-06  1.072909E-03  1.458466E-03  1.266885E-05  3.686277E-06  4.760234E-06
 3.301500E+02  4.482179E-01  5.245064E-04  1.473996E-06  5.454779E-01  3.216709E-03  4.416171E-05  3.830973E-06  1.056831E-03  1.436611E-03  1.202321E-05  3.497372E-06  4.517649E-06
 3.311500E+02  4.482451E-01  5.164712E-04  1.398169E-06  5.455479E-01  3.168174E-03  4.192052E-05  3.734707E-06  1.041100E-03  1.415227E-03  1.141425E-05  3.319265E-06  4.288865E-06
 3.321500E+02  4.482716E-01  5.086132E-04  1.326696E-06  5.456162E-01  3.120682E-03  3.980599E-05  3.641487E-06  1.025706E-03  1.394303E-03  1.083969E-05  3.151280E-06  4.073022E-06
 3.331500E+02  4.482976E-01  5.009275E-04  1.259303E-06  5.456830E-01  3.074204E-03  3.781030E-05  3.551202E-06  1.010640E-03  1.373826E-03  1.029740E-05  2.992787E-06  3.869317E-06
 3.341500E+02  4.483229E-01  4.934093E-04  1.195734E-06  5.457484E-01  3.028713E-03  3.592613E-05  3.463743E-06  9.958945E-04  1.353784E-03  9.785399E-06  2.843199E-06  3.677000E-06
 3.351500E+02  4.483478E-01  4.860543E-04  1.135751E-06  5.458122E-01  2.984185E-03  3.414667E-05  3.379006E-06  9.814601E-04  1.334166E-03  9.301827E-06  2.701966E-06  3.495374E-06
 3.361500E+02  4.483720E-01  4.788579E-04  1.079133E-06  5.458746E-01  2.940594E-03  3.246554E-05  3.296892E-06  9.673289E-04  1.314960E-03  8.844954E-06  2.568576E-06  3.323787E-06
 3.371500E+02  4.483958E-01  4.718159E-04  1.025672E-06  5.459357E-01  2.897916E-03  3.087678E-05  3.217306E-06  9.534931E-04  1.296157E-03  8.413166E-06  2.442552E-06  3.161628E-06
 3.381500E+02  4.484190E-01  4.649243E-04  9.751745E-07  5.459954E-01  2.856127E-03  2.937485E-05  3.140156E-06  9.399451E-04  1.277745E-03  8.004949E-06  2.323446E-06  3.008329E-06
 3.391500E+02  4.484418E-01  4.581791E-04  9.274609E-07  5.460538E-01  2.815205E-03  2.795453E-05  3.065355E-06  9.266774E-04  1.259715E-03  7.618893E-06  2.210843E-06  2.863358E-06
 3.401500E+02  4.484640E-01  4.515763E-04  8.823622E-07  5.461110E-01  2.775128E-03  2.661096E-05  2.992819E-06  9.136829E-04  1.242056E-03  7.253677E-06  2.104352E-06  2.726219E-06
 3.411500E+02  4.484858E-01  4.451123E-04  8.397210E-07  5.461669E-01  2.735873E-03  2.533959E-05  2.922467E-06  9.009546E-04  1.224760E-03  6.908065E-06  2.003608E-06  2.596445E-06
 3.421500E+02  4.485072E-01  4.387834E-04  7.993900E-07  5.462216E-01  2.697421E-03  2.413617E-05  2.854222E-06  8.884858E-04  1.207816E-03  6.580901E-06  1.908271E-06  2.473602E-06
 3.431500E+02  4.485280E-01  4.325861E-04  7.612317E-07  5.462751E-01  2.659750E-03  2.299672E-05  2.788009E-06  8.762698E-04  1.191217E-03  6.271104E-06  1.818021E-06  2.357282E-06
 3.441500E+02  4.485485E-01  4.265171E-04  7.251173E-07  5.463276E-01  2.622842E-03  2.191749E-05  2.723757E-06  8.643003E-04  1.174953E-03  5.977660E-06  1.732561E-06  2.247105E-06
 3.451500E+02  4.485685E-01  4.205730E-04  6.909262E-07  5.463789E-01  2.586678E-03  2.089499E-05  2.661398E-06  8.525712E-04  1.159015E-03  5.699619E-06  1.651610E-06  2.142714E-06
 3.461500E+02  4.485881E-01  4.147505E-04  6.585459E-07  5.464292E-01  2.551238E-03  1.992594E-05  2.600866E-06  8.410764E-04  1.143397E-03  5.436093E-06  1.574907E-06  2.043773E-06
 3.471500E+02  4.486073E-01  4.090467E-04  6.278707E-07  5.464784E-01  2.516504E-03  1.900728E-05  2.542099E-06  8.298101E-04  1.128089E-03  5.186248E-06  1.502205E-06  1.949969E-06
 3.481500E+02  4.486262E-01  4.034585E-04  5.988017E-07  5.465266E-01  2.482461E-03  1.813613E-05  2.485034E-06  8.187667E-04  1.113084E-03  4.949302E-06  1.433277E-06  1.861009E-06
 3.491500E+02  4.486446E-01  3.979830E-04  5.712463E-07  5.465738E-01  2.449089E-03  1.730978E-05  2.429614E-06  8.079407E-04  1.098375E-03  4.724523E-06  1.367904E-06  1.776617E-06
 3.501500E+02  4.486627E-01  3.926173E-04  5.451176E-07  5.466201E-01  2.416374E-03  1.652569E-05  2.375783E-06  7.973267E-04  1.083955E-03  4.511221E-06  1.305887E-06  1.696535E-06
 3.511500E+02  4.486804E-01  3.873587E-04  5.203342E-07  5.466654E-01  2.384299E-03  1.578150E-05  2.323487E-06  7.869197E-04  1.069815E-03  4.308752E-06  1.247034E-06  1.620518E-06
 3.521500E+02  4.486978E-01  3.822045E-04  4.968197E-07  5.467098E-01  2.352848E-03  1.507496E-05  2.272674E-06  7.767145E-04  1.055951E-03  4.116508E-06  1.191168E-06  1.548341E-06
 3.531500E+02  4.487148E-01  3.771522E-04  4.745025E-07  5.467533E-01  2.322007E-03  1.440398E-05  2.223295E-06  7.667063E-04  1.042354E-03  3.933922E-06  1.138121E-06  1.479789E-06
 3.541500E+02  4.487315E-01  3.721992E-04  4.533153E-07  5.467960E-01  2.291760E-03  1.376658E-05  2.175302E-06  7.568903E-04  1.029018E-03  3.760458E-06  1.087737E-06  1.414660E-06
 3.551500E+02  4.487478E-01  3.673430E-04  4.331949E-07  5.468378E-01  2.262094E-03  1.316092E-05  2.128648E-06  7.472620E-04  1.015938E-03  3.595613E-06  1.039868E-06  1.352767E-06
 3.561500E+02  4.487639E-01  3.625814E-04  4.140821E-07  5.468788E-01  2.232995E-03  1.258526E-05  2.083289E-06  7.378168E-04  1.003106E-03  3.438915E-06  9.943759E-07  1.293931E-06
 3.571500E+02  4.487796E-01  3.579120E-04  3.959211E-07  5.469190E-01  2.204449E-03  1.203795E-05  2.039183E-06  7.285504E-04  9.905178E-04  3.289919E-06  9.511297E-07  1.237985E-06
 3.581500E+02  4.487950E-01  3.533326E-04  3.786595E-07  5.469584E-01  2.176443E-03  1.151745E-05  1.996288E-06  7.194587E-04  9.781668E-04  3.148208E-06  9.100071E-07  1.184774E-06
 3.591500E+02  4.488102E-01  3.488410E-04  3.622482E-07  5.469971E-01  2.148965E-03  1.102232E-05  1.954566E-06  7.105373E-04  9.660474E-04  3.013388E-06  8.708931E-07  1.134148E-06
 3.601500E+02  4.488250E-01  3.444351E-04  3.466408E-07  5.470350E-01  2.122002E-03  1.055120E-05  1.913978E-06  7.017825E-04  9.541544E-04  2.885089E-06  8.336791E-07  1.085970E-06
 3.611500E+02  4.488396E-01  3.401129E-04  3.317937E-07  5.470722E-01  2.095541E-03  1.010279E-05  1.874487E-06  6.931902E-04  9.424823E-04  2.762962E-06  7.982630E-07  1.040108E-06
 3.621500E+02  4.488539E-01  3.358723E-04  3.176661E-07  5.471087E-01  2.069573E-03  9.675887E-06  1.836058E-06  6.847568E-04  9.310261E-04  2.646679E-06  7.645489E-07  9.964386E-07
 3.631500E+02  4.488679E-01  3.317114E-04  3.042194E-07  5.471445E-01  2.044084E-03  9.269355E-06  1.798657E-06  6.764784E-04  9.197807E-04  2.535932E-06  7.324463E-07  9.548463E-07
 3.641500E+02  4.488816E-01  3.276284E-04  2.914172E-07  5.471796E-01  2.019064E-03  8.882119E-06  1.762252E-06  6.683517E-04  9.087413E-04  2.430427E-06  7.018699E-07  9.152215E-07
 3.651500E+02  4.488952E-01  3.236214E-04  2.792252E-07  5.472140E-01  1.994502E-03  8.513166E-06  1.726810E-06  6.603730E-04  8.979032E-04  2.329892E-06  6.727393E-07  8.774611E-07
 3.661500E+02  4.489084E-01  3.196887E-04  2.676114E-07  5.472479E-01  1.970388E-03  8.161541E-06  1.692303E-06  6.525390E-04  8.872617E-04  2.234066E-06  6.449789E-07  8.414679E-07
 3.671500E+02  4.489214E-01  3.158284E-04  2.565454E-07  5.472811E-01  1.946712E-03  7.826345E-06  1.658699E-06  6.448464E-04  8.768124E-04  2.142706E-06  6.185174E-07  8.071502E-07
 3.681500E+02  4.489342E-01  3.120390E-04  2.459984E-07  5.473137E-01  1.923463E-03  7.506729E-06  1.625971E-06  6.372920E-04  8.665508E-04  2.055582E-06  5.932872E-07  7.744217E-07
 3.691500E+02  4.489467E-01  3.083188E-04  2.359435E-07  5.473456E-01  1.900632E-03  7.201891E-06  1.594092E-06  6.298727E-04  8.564729E-04  1.972474E-06  5.692251E-07  7.432006E-07
 3.701500E+02  4.489591E-01  3.046662E-04  2.263554E-07  5.473771E-01  1.878210E-03  6.911075E-06  1.563036E-06  6.225855E-04  8.465743E-04  1.893179E-06  5.462709E-07  7.134100E-07
 3.711500E+02  4.489712E-01  3.010797E-04  2.172098E-07  5.474079E-01  1.856187E-03  6.633567E-06  1.532776E-06  6.154274E-04  8.368512E-04  1.817503E-06  5.243681E-07  6.849770E-07
 3.721500E+02  4.489830E-01  2.975578E-04  2.084842E-07  5.474382E-01  1.834554E-03  6.368693E-06  1.503290E-06  6.083955E-04  8.272996E-04  1.745262E-06  5.034634E-07  6.578331E-07
 3.731500E+02  4.489947E-01  2.940989E-04  2.001571E-07  5.474679E-01  1.813303E-03  6.115815E-06  1.474552E-06  6.014870E-04  8.179157E-04  1.676283E-06  4.835061E-07  6.319133E-07
 3.741500E+02  4.490062E-01  2.907018E-04  1.922084E-07  5.474971E-01  1.792426E-03  5.874331E-06  1.446541E-06  5.946992E-04  8.086958E-04  1.610403E-06  4.644487E-07  6.071564E-07
 3.751500E+02  4.490174E-01  2.873649E-04  1.846190E-07  5.475258E-01  1.771914E-03  5.643672E-06  1.419234E-06  5.880295E-04  7.996363E-04  1.547468E-06  4.462461E-07  5.835042E-07
 3.761500E+02  4.490285E-01  2.840869E-04  1.773708E-07  5.475540E-01  1.751759E-03  5.423301E-06  1.392611E-06  5.814752E-04  7.907336E-04  1.487331E-06  4.288557E-07  5.609022E-07
 3.771500E+02  4.490393E-01  2.808666E-04  1.704467E-07  5.475817E-01  1.731954E-03  5.212707E-06  1.366650E-06  5.750339E-04  7.819844E-04  1.429854E-06  4.122373E-07  5.392983E-07
 3.781500E+02  4.490500E-01  2.777027E-04  1.638307E-07  5.476089E-01  1.712490E-03  5.011410E-06  1.341332E-06  5.687031E-04  7.733853E-04  1.374906E-06  3.963527E-07  5.186436E-07
 3.791500E+02  4.490605E-01  2.745938E-04  1.575075E-07  5.476356E-01  1.693361E-03  4.818954E-06  1.316638E-06  5.624803E-04  7.649331E-04  1.322364E-06  3.811660E-07  4.988918E-07
 3.801500E+02  4.490708E-01  2.715389E-04  1.514628E-07  5.476619E-01  1.674559E-03  4.634908E-06  1.292549E-06  5.563634E-04  7.566246E-04  1.272111E-06  3.666430E-07  4.799988E-07
 3.811500E+02  4.490810E-01  2.685367E-04  1.456827E-07  5.476877E-01  1.656077E-03  4.458865E-06  1.269048E-06  5.503500E-04  7.484566E-04  1.224036E-06  3.527514E-07  4.619231E-07
 3.821500E+02  4.490909E-01  2.655860E-04  1.401546E-07  5.477131E-01  1.637908E-03  4.290436E-06  1.246118E-06  5.444379E-04  7.404263E-04  1.178034E-06  3.394608E-07  4.446253E-07
 3.831500E+02  4.491007E-01  2.626858E-04  1.348661E-07  5.477380E-01  1.620046E-03  4.129257E-06  1.223741E-06  5.386249E-04  7.325307E-04  1.134005E-06  3.267422E-07  4.280682E-07
 3.841500E+02  4.491103E-01  2.598349E-04  1.298056E-07  5.477625E-01  1.602484E-03  3.974981E-06  1.201903E-06  5.329090E-04  7.247669E-04  1.091855E-06  3.145681E-07  4.122165E-07
 3.851500E+02  4.491198E-01  2.570324E-04  1.249623E-07  5.477866E-01  1.585215E-03  3.827278E-06  1.180586E-06  5.272881E-04  7.171321E-04  1.051495E-06  3.029126E-07  3.970365E-07
 3.861500E+02  4.491291E-01  2.542771E-04  1.203257E-07  5.478103E-01  1.568234E-03  3.685838E-06  1.159777E-06  5.217602E-04  7.096237E-04  1.012840E-06  2.917511E-07  3.824966E-07
 3.871500E+02  4.491383E-01  2.515681E-04  1.158860E-07  5.478336E-01  1.551535E-03  3.550364E-06  1.139460E-06  5.163234E-04  7.022389E-04  9.758109E-07  2.810603E-07  3.685667E-07
 3.881500E+02  4.491473E-01  2.489043E-04  1.116339E-07  5.478565E-01  1.535112E-03  3.420578E-06  1.119622E-06  5.109757E-04  6.949753E-04  9.403302E-07  2.708180E-07  3.552182E-07
 3.891500E+02  4.491561E-01  2.462849E-04  1.075605E-07  5.478791E-01  1.518958E-03  3.296212E-06  1.100249E-06  5.057153E-04  6.878302E-04  9.063261E-07  2.610032E-07  3.424241E-07
 3.901500E+02  4.491648E-01  2.437089E-04  1.036575E-07  5.479012E-01  1.503069E-03  3.177015E-06  1.081328E-06  5.005405E-04  6.808013E-04  8.737303E-07  2.515961E-07  3.301586E-07
 3.911500E+02  4.491734E-01  2.411753E-04  9.991683E-08  5.479230E-01  1.487439E-03  3.062748E-06  1.062847E-06  4.954494E-04  6.738861E-04  8.424775E-07  2.425777E-07  3.183974E-07
 3.921500E+02  4.491818E-01  2.386833E-04  9.633106E-08  5.479445E-01  1.472062E-03  2.953183E-06  1.044792E-06  4.904404E-04  6.670824E-04  8.125062E-07  2.339301E-07  3.071173E-07
 3.931500E+02  4.491901E-01  2.362320E-04  9.289300E-08  5.479655E-01  1.456933E-03  2.848104E-06  1.027152E-06  4.855117E-04  6.603878E-04  7.837575E-07  2.256363E-07  2.962963E-07
 3.941500E+02  4.491983E-01  2.338206E-04  8.959584E-08  5.479863E-01  1.442048E-03  2.747308E-06  1.009916E-06  4.806617E-04  6.538001E-04  7.561760E-07  2.176802E-07  2.859136E-07
 3.951500E+02  4.492063E-01  2.314482E-04  8.643313E-08  5.480067E-01  1.427401E-03  2.650599E-06  9.930728E-07  4.758889E-04  6.473172E-04  7.297086E-07  2.100462E-07  2.759492E-07
 3.961500E+02  4.492142E-01  2.291141E-04  8.339875E-08  5.480268E-01  1.412988E-03  2.557792E-06  9.766108E-07  4.711917E-04  6.409369E-04  7.043051E-07  2.027200E-07  2.663844E-07
 3.971500E+02  4.492220E-01  2.268175E-04  8.048687E-08  5.480465E-01  1.398804E-03  2.468711E-06  9.605200E-07  4.665685E-04  6.346572E-04  6.799177E-07  1.956876E-07  2.572012E-07
 3.981500E+02  4.492296E-01  2.245576E-04  7.769197E-08  5.480660E-01  1.384844E-03  2.383191E-06  9.447903E-07  4.620179E-04  6.284760E-04  6.565010E-07  1.889358E-07  2.483825E-07
 3.991500E+02  4.492371E-01  2.223336E-04  7.500877E-08  5.480851E-01  1.371104E-03  2.301071E-06  9.294119E-07  4.575385E-04  6.223915E-04  6.340118E-07  1.824522E-07  2.399123E-07
