#         T/K            c1          c2-1          c3-4          c3-5          c3-7          c3-9            m1          m2-1          m3-1            w1            w2          w3-1          w3-2          c1m1        c1m2-1        c1m2-7        c2m1-1        c1w1-2        c1w2-1        c2w1-1        c2w1-9        m1w1-1        m1w1-4        m1w2-1        m2w1-1        m2w1-3      c1m1w1-1
 2.731500E+02  1.991903E-01  1.367433E-04  2.485426E-08  3.262182E-08  3.629437E-08  4.327652E-08  1.961575E-01  3.370304E-04  6.250181E-06  3.936790E-01  5.538789E-03  7.925966E-04  1.112098E-05  4.257583E-03  1.390505E-06  4.562689E-06  4.713502E-07  1.969675E-01  1.523105E-04  2.074974E-06  1.822047E-06  1.086530E-03  1.479060E-03  1.301704E-04  2.348431E-05  2.974319E-05  1.396530E-05
 2.741500E+02  2.005641E-01  1.359675E-04  2.411779E-08  3.166591E-08  3.523347E-08  4.202478E-08  1.962406E-01  3.288281E-04  5.762244E-06  3.951943E-01  5.443644E-03  7.394787E-04  1.077889E-05  4.173229E-03  1.303225E-06  4.290146E-06  4.506908E-07  1.943120E-01  1.443953E-04  2.004104E-06  1.758297E-06  1.064497E-03  1.448975E-03  1.210288E-04  2.174705E-05  2.755390E-05  1.315646E-05
 2.751500E+02  2.019189E-01  1.351830E-04  2.340392E-08  3.073894E-08  3.420459E-08  4.081036E-08  1.963212E-01  3.208886E-04  5.315745E-06  3.966845E-01  5.350432E-03  6.901987E-04  1.044879E-05  4.090903E-03  1.221959E-06  4.035561E-06  4.310314E-07  1.916922E-01  1.369278E-04  1.935853E-06  1.696963E-06  1.043038E-03  1.419678E-03  1.125825E-04  2.014939E-05  2.553975E-05  1.239886E-05
 2.761500E+02  2.032547E-01  1.343905E-04  2.271198E-08  2.984009E-08  3.320685E-08  3.963224E-08  1.963995E-01  3.132020E-04  4.906902E-06  3.981500E-01  5.259116E-03  6.444614E-04  1.013024E-05  4.010554E-03  1.146259E-06  3.797649E-06  4.123200E-07  1.891081E-01  1.298807E-04  1.870123E-06  1.637950E-06  1.022136E-03  1.391146E-03  1.047751E-04  1.867930E-05  2.368570E-05  1.168901E-05
 2.771500E+02  2.045717E-01  1.335905E-04  2.204136E-08  2.896859E-08  3.223937E-08  3.848943E-08  1.964755E-01  3.057587E-04  4.532301E-06  3.995912E-01  5.169661E-03  6.019956E-04  9.822807E-06  3.932129E-03  1.075714E-06  3.575229E-06  3.945074E-07  1.865594E-01  1.232291E-04  1.806818E-06  1.581169E-06  1.001775E-03  1.363356E-03  9.755482E-05  1.732583E-05  2.197809E-05  1.102367E-05
 2.781500E+02  2.058699E-01  1.327838E-04  2.139143E-08  2.812364E-08  3.130128E-08  3.738093E-08  1.965492E-01  2.985496E-04  4.188856E-06  4.010084E-01  5.082030E-03  5.625521E-04  9.526075E-06  3.855580E-03  1.009942E-06  3.367204E-06  3.775472E-07  1.840461E-01  1.169490E-04  1.745846E-06  1.526531E-06  9.819394E-04  1.336287E-03  9.087436E-05  1.607907E-05  2.040450E-05  1.039983E-05
 2.791500E+02  2.071495E-01  1.319709E-04  2.076159E-08  2.730449E-08  3.039176E-08  3.630580E-08  1.966209E-01  2.915659E-04  3.873780E-06  4.024023E-01  4.996188E-03  5.259016E-04  9.239648E-06  3.780857E-03  9.485955E-07  3.172564E-06  3.613954E-07  1.815681E-01  1.110184E-04  1.687118E-06  1.473953E-06  9.626134E-04  1.309916E-03  8.469050E-05  1.492996E-05  1.895361E-05  9.814711E-06
 2.801500E+02  2.084105E-01  1.311524E-04  2.015126E-08  2.651040E-08  2.950999E-08  3.526309E-08  1.966906E-01  2.847993E-04  3.584549E-06  4.037730E-01  4.912100E-03  4.918330E-04  8.963140E-06  3.707914E-03  8.913516E-07  2.990374E-06  3.460105E-07  1.791251E-01  1.054165E-04  1.630550E-06  1.423355E-06  9.437822E-04  1.284224E-03  7.896368E-05  1.387029E-05  1.761515E-05  9.265720E-06
 2.811500E+02  2.096531E-01  1.303290E-04  1.955986E-08  2.574065E-08  2.865516E-08  3.425189E-08  1.967582E-01  2.782417E-04  3.318881E-06  4.051211E-01  4.829730E-03  4.601522E-04  8.696181E-06  3.636705E-03  8.379133E-07  2.819768E-06  3.313533E-07  1.767169E-01  1.001237E-04  1.576059E-06  1.374659E-06  9.254312E-04  1.259191E-03  7.365768E-05  1.289257E-05  1.637973E-05  8.750453E-06
 2.821500E+02  2.108774E-01  1.295012E-04  1.898683E-08  2.499452E-08  2.782651E-08  3.327130E-08  1.968241E-01  2.718855E-04  3.074707E-06  4.064469E-01  4.749042E-03  4.306806E-04  8.438414E-06  3.567185E-03  7.880065E-07  2.659946E-06  3.173866E-07  1.743434E-01  9.512178E-05  1.523566E-06  1.327792E-06  9.075463E-04  1.234796E-03  6.873933E-05  1.198998E-05  1.523882E-05  8.266674E-06
 2.831500E+02  2.120836E-01  1.286694E-04  1.843163E-08  2.427133E-08  2.702325E-08  3.232043E-08  1.968880E-01  2.657231E-04  2.850153E-06  4.077508E-01  4.670003E-03  4.032534E-04  8.189498E-06  3.499310E-03  7.413783E-07  2.510167E-06  3.040754E-07  1.720043E-01  9.039364E-05  1.472994E-06  1.282680E-06  8.901140E-04  1.211021E-03  6.417823E-05  1.115631E-05  1.418464E-05  7.812306E-06
 2.841500E+02  2.132718E-01  1.278344E-04  1.789371E-08  2.357039E-08  2.624465E-08  3.139844E-08  1.969503E-01  2.597477E-04  2.643519E-06  4.090331E-01  4.592578E-03  3.777190E-04  7.949101E-06  3.433038E-03  6.977951E-07  2.369745E-06  2.913864E-07  1.696994E-01  8.592318E-05  1.424272E-06  1.239256E-06  8.731210E-04  1.187848E-03  5.994651E-05  1.038590E-05  1.321008E-05  7.385420E-06
 2.851500E+02  2.144422E-01  1.269966E-04  1.737255E-08  2.289105E-08  2.548999E-08  3.050447E-08  1.970108E-01  2.539524E-04  2.453263E-06  4.102942E-01  4.516733E-03  3.539378E-04  7.716907E-06  3.368328E-03  6.570412E-07  2.238042E-06  2.792882E-07  1.674283E-01  8.169532E-05  1.377328E-06  1.197454E-06  8.565545E-04  1.165259E-03  5.601862E-05  9.673562E-06  1.230867E-05  6.984218E-06
 2.861500E+02  2.155949E-01  1.261564E-04  1.686766E-08  2.223267E-08  2.475854E-08  2.963772E-08  1.970698E-01  2.483307E-04  2.277983E-06  4.115344E-01  4.442436E-03  3.317808E-04  7.492609E-06  3.305140E-03  6.189174E-07  2.114470E-06  2.677510E-07  1.651909E-01  7.769593E-05  1.332094E-06  1.157210E-06  8.404021E-04  1.143238E-03  5.237112E-05  9.014595E-06  1.147448E-05  6.607031E-06
 2.871500E+02  2.167301E-01  1.253144E-04  1.637854E-08  2.159462E-08  2.404962E-08  2.879739E-08  1.971271E-01  2.428763E-04  2.116407E-06  4.127541E-01  4.369653E-03  3.111294E-04  7.275914E-06  3.243434E-03  5.832393E-07  1.998482E-06  2.567466E-07  1.629868E-01  7.391173E-05  1.288505E-06  1.118464E-06  8.246518E-04  1.121767E-03  4.898248E-05  8.404681E-06  1.070211E-05  6.252303E-06
 2.881500E+02  2.178480E-01  1.244710E-04  1.590469E-08  2.097628E-08  2.336255E-08  2.798268E-08  1.971830E-01  2.375833E-04  1.967378E-06  4.139536E-01  4.298352E-03  2.918740E-04  7.066540E-06  3.183172E-03  5.498366E-07  1.889571E-06  2.462485E-07  1.608157E-01  7.033026E-05  1.246499E-06  1.081156E-06  8.092919E-04  1.100830E-03  4.583294E-05  7.839885E-06  9.986619E-06  5.918588E-06
 2.891500E+02  2.189488E-01  1.236267E-04  1.544567E-08  2.037707E-08  2.269668E-08  2.719284E-08  1.972373E-01  2.324460E-04  1.829844E-06  4.151333E-01  4.228501E-03  2.739133E-04  6.864215E-06  3.124317E-03  5.185515E-07  1.787265E-06  2.362314E-07  1.586774E-01  6.693984E-05  1.206015E-06  1.045230E-06  7.943110E-04  1.080412E-03  4.290436E-05  7.316605E-06  9.323481E-06  5.604539E-06
 2.901500E+02  2.200327E-01  1.227819E-04  1.500099E-08  1.979639E-08  2.205135E-08  2.642713E-08  1.972903E-01  2.274589E-04  1.702846E-06  4.162934E-01  4.160070E-03  2.571541E-04  6.668678E-06  3.066833E-03  4.892381E-07  1.691128E-06  2.266713E-07  1.565714E-01  6.372948E-05  1.166995E-06  1.010633E-06  7.796984E-04  1.060498E-03  4.018003E-05  6.831548E-06  8.708561E-06  5.308899E-06
 2.911500E+02  2.210998E-01  1.219370E-04  1.457023E-08  1.923368E-08  2.142595E-08  2.568483E-08  1.973418E-01  2.226165E-04  1.585511E-06  4.174342E-01  4.093027E-03  2.415101E-04  6.479678E-06  3.010684E-03  4.617613E-07  1.600754E-06  2.175456E-07  1.544975E-01  6.068889E-05  1.129383E-06  9.773121E-07  7.654434E-04  1.041073E-03  3.764463E-05  6.381698E-06  8.138073E-06  5.030499E-06
 2.921500E+02  2.221503E-01  1.210924E-04  1.415295E-08  1.868839E-08  2.081987E-08  2.496522E-08  1.973921E-01  2.179140E-04  1.477044E-06  4.185561E-01  4.027343E-03  2.269018E-04  6.296975E-06  2.955837E-03  4.359958E-07  1.515766E-06  2.088330E-07  1.524553E-01  5.780836E-05  1.093126E-06  9.452180E-07  7.515357E-04  1.022124E-03  3.528403E-05  5.964296E-06  7.608548E-06  4.768249E-06
 2.931500E+02  2.231844E-01  1.202485E-04  1.374873E-08  1.815999E-08  2.023251E-08  2.426762E-08  1.974411E-01  2.133464E-04  1.376721E-06  4.196595E-01  3.962988E-03  2.132554E-04  6.120337E-06  2.902257E-03  4.118257E-07  1.435813E-06  2.005129E-07  1.504444E-01  5.507882E-05  1.058172E-06  9.143025E-07  7.379653E-04  1.003636E-03  3.308524E-05  5.576813E-06  7.116805E-06  4.521134E-06
 2.941500E+02  2.242024E-01  1.194056E-04  1.335716E-08  1.764795E-08  1.966329E-08  2.359135E-08  1.974888E-01  2.089091E-04  1.283878E-06  4.207445E-01  3.899933E-03  2.005031E-04  5.949540E-06  2.849913E-03  3.891433E-07  1.360568E-06  1.925663E-07  1.484646E-01  5.249171E-05  1.024471E-06  8.845198E-07  7.247228E-04  9.855957E-04  3.103630E-05  5.216931E-06  6.659930E-06  4.288204E-06
 2.951500E+02  2.252043E-01  1.185641E-04  1.297784E-08  1.715177E-08  1.911166E-08  2.293578E-08  1.975353E-01  2.045975E-04  1.197913E-06  4.218114E-01  3.838150E-03  1.885817E-04  5.784371E-06  2.798772E-03  3.678489E-07  1.289730E-06  1.849748E-07  1.465154E-01  5.003900E-05  9.919755E-07  8.558257E-07  7.117987E-04  9.679911E-04  2.912621E-05  4.882524E-06  6.235249E-06  4.068575E-06
 2.961500E+02  2.261906E-01  1.177243E-04  1.261038E-08  1.667094E-08  1.857707E-08  2.230026E-08  1.975806E-01  2.004074E-04  1.118274E-06  4.228607E-01  3.777611E-03  1.774332E-04  5.624624E-06  2.748804E-03  3.478499E-07  1.223015E-06  1.777211E-07  1.445965E-01  4.771315E-05  9.606398E-07  8.281777E-07  6.991840E-04  9.508096E-04  2.734480E-05  4.571641E-06  5.840305E-06  3.861423E-06
 2.971500E+02  2.271612E-01  1.168866E-04  1.225441E-08  1.620500E-08  1.805898E-08  2.168417E-08  1.976248E-01  1.963346E-04  1.044455E-06  4.238926E-01  3.718289E-03  1.670037E-04  5.470101E-06  2.699978E-03  3.290604E-07  1.160161E-06  1.707889E-07  1.427074E-01  4.550704E-05  9.304198E-07  8.015353E-07  6.868700E-04  9.340390E-04  2.568271E-05  4.282492E-06  5.472845E-06  3.665977E-06
 2.981500E+02  2.281164E-01  1.160511E-04  1.190956E-08  1.575346E-08  1.755688E-08  2.108692E-08  1.976680E-01  1.923751E-04  9.759968E-07  4.249072E-01  3.660157E-03  1.572432E-04  5.320612E-06  2.652266E-03  3.114005E-07  1.100923E-06  1.641626E-07  1.408480E-01  4.341401E-05  9.012730E-07  7.758592E-07  6.748482E-04  9.176677E-04  2.413132E-05  4.013431E-06  5.130798E-06  3.481517E-06
 2.991500E+02  2.290565E-01  1.152182E-04  1.157548E-08  1.531589E-08  1.707027E-08  2.050791E-08  1.977100E-01  1.885252E-04  9.124761E-07  4.259051E-01  3.603189E-03  1.481056E-04  5.175975E-06  2.605638E-03  2.947962E-07  1.045073E-06  1.578275E-07  1.390177E-01  4.142778E-05  8.731586E-07  7.511121E-07  6.631104E-04  9.016844E-04  2.268266E-05  3.762948E-06  4.812259E-06  3.307372E-06
 3.001500E+02  2.299816E-01  1.143883E-04  1.125182E-08  1.489184E-08  1.659866E-08  1.994659E-08  1.977510E-01  1.847810E-04  8.535069E-07  4.268863E-01  3.547359E-03  1.395481E-04  5.036014E-06  2.560068E-03  2.791785E-07  9.923994E-07  1.517695E-07  1.372161E-01  3.954244E-05  8.460376E-07  7.272577E-07  6.516486E-04  8.860783E-04  2.132939E-05  3.529652E-06  4.515477E-06  3.142913E-06
 3.011500E+02  2.308920E-01  1.135614E-04  1.093826E-08  1.448087E-08  1.614158E-08  1.940241E-08  1.977911E-01  1.811392E-04  7.987353E-07  4.278512E-01  3.492642E-03  1.315310E-04  4.900560E-06  2.515528E-03  2.644834E-07  9.427035E-07  1.459753E-07  1.354430E-01  3.775243E-05  8.198723E-07  7.042616E-07  6.404552E-04  8.708388E-04  2.006470E-05  3.312267E-06  4.238841E-06  2.987554E-06
 3.021500E+02  2.317878E-01  1.127379E-04  1.063446E-08  1.408259E-08  1.569857E-08  1.887482E-08  1.978301E-01  1.775963E-04  7.478370E-07  4.288001E-01  3.439015E-03  1.240176E-04  4.769451E-06  2.471992E-03  2.506513E-07  8.958008E-07  1.404325E-07  1.336979E-01  3.605253E-05  7.946266E-07  6.820906E-07  6.295226E-04  8.559555E-04  1.888233E-05  3.109615E-06  3.980869E-06  2.840747E-06
 3.031500E+02  2.326693E-01  1.119180E-04  1.034012E-08  1.369658E-08  1.526918E-08  1.836330E-08  1.978683E-01  1.741490E-04  7.005146E-07  4.297332E-01  3.386452E-03  1.169737E-04  4.642531E-06  2.429435E-03  2.376268E-07  8.515189E-07  1.351291E-07  1.319805E-01  3.443779E-05  7.702655E-07  6.607128E-07  6.188437E-04  8.414187E-04  1.777648E-05  2.920613E-06  3.740193E-06  2.701977E-06
 3.041500E+02  2.335366E-01  1.111019E-04  1.005492E-08  1.332245E-08  1.485298E-08  1.786736E-08  1.979055E-01  1.707942E-04  6.564950E-07  4.306507E-01  3.334930E-03  1.103677E-04  4.519650E-06  2.387831E-03  2.253584E-07  8.096972E-07  1.300536E-07  1.302902E-01  3.290360E-05  7.467559E-07  6.400975E-07  6.084115E-04  8.272186E-04  1.674180E-05  2.744265E-06  3.515556E-06  2.570765E-06
 3.051500E+02  2.343900E-01  1.102899E-04  9.778582E-09  1.295983E-08  1.444956E-08  1.738650E-08  1.979418E-01  1.675288E-04  6.155279E-07  4.315531E-01  3.284428E-03  1.041703E-04  4.400664E-06  2.347156E-03  2.137980E-07  7.701853E-07  1.251954E-07  1.286269E-01  3.144557E-05  7.240655E-07  6.202154E-07  5.982191E-04  8.133460E-04  1.577331E-05  2.579651E-06  3.305796E-06  2.446662E-06
 3.061500E+02  2.352297E-01  1.094820E-04  9.510807E-09  1.260834E-08  1.405849E-08  1.692025E-08  1.979773E-01  1.643500E-04  5.773831E-07  4.324404E-01  3.234921E-03  9.835410E-05  4.285435E-06  2.307387E-03  2.029008E-07  7.328432E-07  1.205442E-07  1.269900E-01  3.005960E-05  7.021635E-07  6.010383E-07  5.882600E-04  7.997919E-04  1.486645E-05  2.425923E-06  3.109844E-06  2.329247E-06
 3.071500E+02  2.360558E-01  1.086785E-04  9.251323E-09  1.226763E-08  1.367940E-08  1.646814E-08  1.980119E-01  1.612550E-04  5.418492E-07  4.333130E-01  3.186388E-03  9.289389E-05  4.173829E-06  2.268501E-03  1.926253E-07  6.975398E-07  1.160904E-07  1.253793E-01  2.874181E-05  6.810203E-07  5.825391E-07  5.785278E-04  7.865475E-04  1.401695E-05  2.282300E-06  2.926712E-06  2.218127E-06
 3.081500E+02  2.368687E-01  1.078796E-04  8.999860E-09  1.193736E-08  1.331189E-08  1.602972E-08  1.980457E-01  1.582411E-04  5.087318E-07  4.341710E-01  3.138808E-03  8.776611E-05  4.065718E-06  2.230476E-03  1.829324E-07  6.641526E-07  1.118247E-07  1.237943E-01  2.748855E-05  6.606075E-07  5.646919E-07  5.690163E-04  7.736043E-04  1.322089E-05  2.148059E-06  2.755488E-06  2.112933E-06
 3.091500E+02  2.376684E-01  1.070854E-04  8.756157E-09  1.161719E-08  1.295560E-08  1.560457E-08  1.980788E-01  1.553056E-04  4.778521E-07  4.350149E-01  3.092160E-03  8.294890E-05  3.960979E-06  2.193289E-03  1.737861E-07  6.325672E-07  1.077384E-07  1.222346E-01  2.629637E-05  6.408975E-07  5.474717E-07  5.597196E-04  7.609542E-04  1.247463E-05  2.022536E-06  2.595331E-06  2.013319E-06
 3.101500E+02  2.384552E-01  1.062961E-04  8.519964E-09  1.130679E-08  1.261016E-08  1.519226E-08  1.981110E-01  1.524460E-04  4.490454E-07  4.358447E-01  3.046422E-03  7.842192E-05  3.859494E-06  2.156919E-03  1.651525E-07  6.026766E-07  1.038231E-07  1.206998E-01  2.516203E-05  6.218641E-07  5.308545E-07  5.506319E-04  7.485891E-04  1.177477E-05  1.905114E-06  2.445463E-06  1.918961E-06
 3.111500E+02  2.392292E-01  1.055117E-04  8.291037E-09  1.100585E-08  1.227524E-08  1.479239E-08  1.981425E-01  1.496601E-04  4.221602E-07  4.366607E-01  3.001576E-03  7.416628E-05  3.761148E-06  2.121347E-03  1.570000E-07  5.743804E-07  1.000710E-07  1.191897E-01  2.408247E-05  6.034821E-07  5.148173E-07  5.417474E-04  7.365014E-04  1.111820E-05  1.795225E-06  2.305164E-06  1.829556E-06
 3.121500E+02  2.399908E-01  1.047325E-04  8.069137E-09  1.071407E-08  1.195048E-08  1.440456E-08  1.981734E-01  1.469453E-04  3.970570E-07  4.374632E-01  2.957602E-03  7.016439E-05  3.665832E-06  2.086552E-03  1.492993E-07  5.475851E-07  9.647452E-08  1.177038E-01  2.305479E-05  5.857272E-07  4.993382E-07  5.330609E-04  7.246836E-04  1.050201E-05  1.692343E-06  2.173770E-06  1.744820E-06
 3.131500E+02  2.407400E-01  1.039586E-04  7.854039E-09  1.043115E-08  1.163556E-08  1.402838E-08  1.982035E-01  1.442996E-04  3.736069E-07  4.382524E-01  2.914479E-03  6.639988E-05  3.573440E-06  2.052514E-03  1.420228E-07  5.222028E-07  9.302658E-08  1.162417E-01  2.207628E-05  5.685760E-07  4.843958E-07  5.245669E-04  7.131285E-04  9.923493E-06  1.595982E-06  2.050665E-06  1.664485E-06
 3.141500E+02  2.414771E-01  1.031900E-04  7.645519E-09  1.015681E-08  1.133018E-08  1.366349E-08  1.982329E-01  1.417208E-04  3.516914E-07  4.390285E-01  2.872191E-03  6.285750E-05  3.483871E-06  2.019214E-03  1.351449E-07  4.981514E-07  8.972039E-08  1.148030E-01  2.114437E-05  5.520061E-07  4.699699E-07  5.162603E-04  7.018291E-04  9.380158E-06  1.505692E-06  1.935280E-06  1.588300E-06
 3.151500E+02  2.422023E-01  1.024268E-04  7.443363E-09  9.890766E-09  1.103401E-08  1.330952E-08  1.982616E-01  1.392067E-04  3.312010E-07  4.397918E-01  2.830718E-03  5.952307E-05  3.397027E-06  1.986635E-03  1.286415E-07  4.753537E-07  8.654949E-08  1.133875E-01  2.025662E-05  5.359960E-07  4.560408E-07  5.081363E-04  6.907784E-04  8.869678E-06  1.421057E-06  1.827086E-06  1.516031E-06
 3.161500E+02  2.429157E-01  1.016693E-04  7.247365E-09  9.632756E-09  1.074677E-08  1.296613E-08  1.982897E-01  1.367554E-04  3.120344E-07  4.405425E-01  2.790042E-03  5.638336E-05  3.312815E-06  1.954758E-03  1.224903E-07  4.537378E-07  8.350776E-08  1.119947E-01  1.941075E-05  5.205249E-07  4.425900E-07  5.001899E-04  6.799700E-04  8.389893E-06  1.341690E-06  1.725597E-06  1.447457E-06
 3.171500E+02  2.436176E-01  1.009173E-04  7.057324E-09  9.382518E-09  1.046816E-08  1.263298E-08  1.983172E-01  1.343650E-04  2.940985E-07  4.412807E-01  2.750146E-03  5.342607E-05  3.231144E-06  1.923565E-03  1.166702E-07  4.332358E-07  8.058936E-08  1.106243E-01  1.860459E-05  5.055730E-07  4.295993E-07  4.924164E-04  6.693974E-04  7.938797E-06  1.267235E-06  1.630358E-06  1.382370E-06
 3.181500E+02  2.443081E-01  1.001711E-04  6.873046E-09  9.139803E-09  1.019792E-08  1.230974E-08  1.983441E-01  1.320336E-04  2.773070E-07  4.420068E-01  2.711014E-03  5.063969E-05  3.151927E-06  1.893040E-03  1.111617E-07  4.137844E-07  7.778876E-08  1.092759E-01  1.783611E-05  4.911210E-07  4.170515E-07  4.848115E-04  6.590545E-04  7.514524E-06  1.197360E-06  1.540951E-06  1.320576E-06
 3.191500E+02  2.449874E-01  9.943068E-05  6.694343E-09  8.904369E-09  9.935764E-09  1.199611E-08  1.983704E-01  1.297594E-04  2.615801E-07  4.427208E-01  2.672628E-03  4.801352E-05  3.075079E-06  1.863166E-03  1.059464E-07  3.953240E-07  7.510067E-08  1.079492E-01  1.710337E-05  4.771508E-07  4.049300E-07  4.773705E-04  6.489351E-04  7.115339E-06  1.131758E-06  1.456984E-06  1.261892E-06
 3.201500E+02  2.456558E-01  9.869612E-05  6.521034E-09  8.675979E-09  9.681439E-09  1.169176E-08  1.983961E-01  1.275407E-04  2.468441E-07  4.434231E-01  2.634972E-03  4.553757E-05  3.000522E-06  1.833927E-03  1.010070E-07  3.777988E-07  7.252008E-08  1.066437E-01  1.640456E-05  4.636445E-07  3.932188E-07  4.700893E-04  6.390335E-04  6.739627E-06  1.070144E-06  1.378098E-06  1.206145E-06
 3.211500E+02  2.463133E-01  9.796747E-05  6.352943E-09  8.454408E-09  9.434693E-09  1.139641E-08  1.984212E-01  1.253758E-04  2.330308E-07  4.441139E-01  2.598029E-03  4.320252E-05  2.928176E-06  1.805307E-03  9.632757E-08  3.611563E-07  7.004221E-08  1.053593E-01  1.573794E-05  4.505852E-07  3.819027E-07  4.629638E-04  6.293440E-04  6.385886E-06  1.012253E-06  1.303957E-06  1.153175E-06
 3.221500E+02  2.469602E-01  9.724479E-05  6.189901E-09  8.239435E-09  9.195281E-09  1.110977E-08  1.984458E-01  1.232631E-04  2.200771E-07  4.447932E-01  2.561786E-03  4.099966E-05  2.857968E-06  1.777291E-03  9.189293E-08  3.453474E-07  6.766251E-08  1.040954E-01  1.510189E-05  4.379565E-07  3.709669E-07  4.559898E-04  6.198610E-04  6.052716E-06  9.578394E-07  1.234248E-06  1.102828E-06
 3.231500E+02  2.475967E-01  9.652812E-05  6.031743E-09  8.030849E-09  8.962968E-09  1.083156E-08  1.984698E-01  1.212010E-04  2.079244E-07  4.454615E-01  2.526226E-03  3.892086E-05  2.789825E-06  1.749865E-03  8.768898E-08  3.303258E-07  6.537665E-08  1.028519E-01  1.449487E-05  4.257429E-07  3.603973E-07  4.491636E-04  6.105794E-04  5.738815E-06  9.066758E-07  1.168683E-06  1.054962E-06
 3.241500E+02  2.482229E-01  9.581751E-05  5.878312E-09  7.828443E-09  8.737526E-09  1.056151E-08  1.984934E-01  1.191881E-04  1.965187E-07  4.461187E-01  2.491335E-03  3.695855E-05  2.723678E-06  1.723013E-03  8.370248E-08  3.160481E-07  6.318052E-08  1.016282E-01  1.391543E-05  4.139292E-07  3.501803E-07  4.424813E-04  6.014938E-04  5.442967E-06  8.585500E-07  1.106992E-06  1.009443E-06
 3.251500E+02  2.488389E-01  9.511299E-05  5.729453E-09  7.632019E-09  8.518735E-09  1.029937E-08  1.985164E-01  1.172229E-04  1.858096E-07  4.467652E-01  2.457097E-03  3.510562E-05  2.659461E-06  1.696721E-03  7.992101E-08  3.024733E-07  6.107019E-08  1.004242E-01  1.336219E-05  4.025008E-07  3.403030E-07  4.359392E-04  5.925992E-04  5.164041E-06  8.132648E-07  1.048925E-06  9.661433E-07
 3.261500E+02  2.494451E-01  9.441458E-05  5.585018E-09  7.441385E-09  8.306381E-09  1.004488E-08  1.985389E-01  1.153041E-04  1.757505E-07  4.474011E-01  2.423500E-03  3.335545E-05  2.597108E-06  1.670977E-03  7.633293E-08  2.895632E-07  5.904192E-08  9.923953E-02  1.283383E-05  3.914440E-07  3.307528E-07  4.295338E-04  5.838908E-04  4.900981E-06  7.706369E-07  9.942488E-07  9.249440E-07
 3.271500E+02  2.500415E-01  9.372231E-05  5.444865E-09  7.256354E-09  8.100258E-09  9.797796E-09  1.985610E-01  1.134301E-04  1.662984E-07  4.480266E-01  2.390528E-03  3.170184E-05  2.536558E-06  1.645765E-03  7.292731E-08  2.772816E-07  5.709215E-08  9.807377E-02  1.232914E-05  3.807453E-07  3.215178E-07  4.232616E-04  5.753639E-04  4.652803E-06  7.304960E-07  9.427475E-07  8.857326E-07
 3.281500E+02  2.506282E-01  9.303621E-05  5.308854E-09  7.076748E-09  7.900166E-09  9.557888E-09  1.985826E-01  1.115999E-04  1.574131E-07  4.486419E-01  2.358170E-03  3.013900E-05  2.477752E-06  1.621075E-03  6.969389E-08  2.655945E-07  5.521749E-08  9.692666E-02  1.184695E-05  3.703918E-07  3.125863E-07  4.171193E-04  5.670138E-04  4.418588E-06  6.926833E-07  8.942190E-07  8.484035E-07
 3.291500E+02  2.512056E-01  9.235628E-05  5.176852E-09  6.902392E-09  7.705914E-09  9.324927E-09  1.986037E-01  1.098120E-04  1.490574E-07  4.492472E-01  2.326410E-03  2.866151E-05  2.420632E-06  1.596893E-03  6.662306E-08  2.544701E-07  5.341470E-08  9.579788E-02  1.138614E-05  3.603711E-07  3.039473E-07  4.111035E-04  5.588362E-04  4.197479E-06  6.570510E-07  8.484756E-07  8.128568E-07
 3.301500E+02  2.517737E-01  9.168254E-05  5.048730E-09  6.733119E-09  7.517313E-09  9.098691E-09  1.986244E-01  1.080653E-04  1.411966E-07  4.498427E-01  2.295237E-03  2.726429E-05  2.365142E-06  1.573206E-03  6.370575E-08  2.438781E-07  5.168071E-08  9.468711E-02  1.094568E-05  3.506713E-07  2.955901E-07  4.052112E-04  5.508265E-04  3.988674E-06  6.234617E-07  8.053423E-07  7.789987E-07
 3.311500E+02  2.523326E-01  9.101500E-05  4.924361E-09  6.568765E-09  7.334184E-09  8.878969E-09  1.986447E-01  1.063587E-04  1.337986E-07  4.504284E-01  2.264638E-03  2.594259E-05  2.311230E-06  1.550003E-03  6.093349E-08  2.337903E-07  5.001256E-08  9.359406E-02  1.052458E-05  3.412810E-07  2.875044E-07  3.994392E-04  5.429807E-04  3.791426E-06  5.917870E-07  7.646558E-07  7.467405E-07
 3.321500E+02  2.528826E-01  9.035365E-05  4.803626E-09  6.409174E-09  7.156353E-09  8.665555E-09  1.986645E-01  1.046908E-04  1.268337E-07  4.510047E-01  2.234601E-03  2.469197E-05  2.258843E-06  1.527272E-03  5.829828E-08  2.241800E-07  4.840748E-08  9.251841E-02  1.012188E-05  3.321891E-07  2.796806E-07  3.937846E-04  5.352947E-04  3.605035E-06  5.619075E-07  7.262641E-07  7.159987E-07
 3.331500E+02  2.534238E-01  8.969850E-05  4.686408E-09  6.254195E-09  6.983651E-09  8.458250E-09  1.986839E-01  1.030608E-04  1.202738E-07  4.515716E-01  2.205113E-03  2.350826E-05  2.207933E-06  1.505001E-03  5.579263E-08  2.150220E-07  4.686277E-08  9.145988E-02  9.736719E-06  3.233851E-07  2.721090E-07  3.882443E-04  5.277645E-04  3.428849E-06  5.337117E-07  6.900254E-07  6.866944E-07
 3.341500E+02  2.539564E-01  8.904954E-05  4.572593E-09  6.103679E-09  6.815916E-09  8.256860E-09  1.987030E-01  1.014675E-04  1.140933E-07  4.521294E-01  2.176164E-03  2.238757E-05  2.158451E-06  1.483181E-03  5.340947E-08  2.062927E-07  4.537590E-08  9.041816E-02  9.368237E-06  3.148588E-07  2.647806E-07  3.828157E-04  5.203862E-04  3.262256E-06  5.070956E-07  6.558073E-07  6.587534E-07
 3.351500E+02  2.544805E-01  8.840677E-05  4.462073E-09  5.957487E-09  6.652988E-09  8.061200E-09  1.987216E-01  9.990983E-05  1.082680E-07  4.526782E-01  2.147740E-03  2.132622E-05  2.110351E-06  1.461799E-03  5.114216E-08  1.979697E-07  4.394444E-08  8.939297E-02  9.015640E-06  3.066004E-07  2.576867E-07  3.774960E-04  5.131561E-04  3.104686E-06  4.819622E-07  6.234862E-07  6.321055E-07
 3.361500E+02  2.549962E-01  8.777017E-05  4.354742E-09  5.815479E-09  6.494717E-09  7.871090E-09  1.987398E-01  9.838687E-05  1.027755E-07  4.532181E-01  2.119832E-03  2.032080E-05  2.063588E-06  1.440846E-03  4.898447E-08  1.900319E-07  4.256607E-08  8.838402E-02  8.678171E-06  2.986004E-07  2.508188E-07  3.722825E-04  5.060706E-04  2.955602E-06  4.582209E-07  5.929467E-07  6.066843E-07
 3.371500E+02  2.555037E-01  8.713974E-05  4.250498E-09  5.677524E-09  6.340955E-09  7.686355E-09  1.987577E-01  9.689764E-05  9.759488E-08  4.537494E-01  2.092428E-03  1.936809E-05  2.018121E-06  1.420311E-03  4.693050E-08  1.824595E-07  4.123857E-08  8.739103E-02  8.355112E-06  2.908499E-07  2.441690E-07  3.671726E-04  4.991261E-04  2.814506E-06  4.357872E-07  5.640811E-07  5.824274E-07
 3.381500E+02  2.560032E-01  8.651545E-05  4.149243E-09  5.543493E-09  6.191560E-09  7.506828E-09  1.987753E-01  9.544122E-05  9.270677E-08  4.542721E-01  2.065518E-03  1.846508E-05  1.973907E-06  1.400185E-03  4.497474E-08  1.752337E-07  3.995984E-08  8.641373E-02  8.045782E-06  2.833400E-07  2.377294E-07  3.621638E-04  4.923192E-04  2.680929E-06  4.145821E-07  5.367886E-07  5.592757E-07
 3.391500E+02  2.564947E-01  8.589728E-05  4.050882E-09  5.413263E-09  6.046393E-09  7.332345E-09  1.987924E-01  9.401669E-05  8.809297E-08  4.547865E-01  2.039090E-03  1.760892E-05  1.930908E-06  1.380457E-03  4.311195E-08  1.683368E-07  3.872786E-08  8.545184E-02  7.749534E-06  2.760624E-07  2.314926E-07  3.572536E-04  4.856466E-04  2.554431E-06  3.945317E-07  5.109750E-07  5.371734E-07
 3.401500E+02  2.569785E-01  8.528522E-05  3.955323E-09  5.286714E-09  5.905323E-09  7.162749E-09  1.988093E-01  9.262319E-05  8.373657E-08  4.552926E-01  2.013136E-03  1.679697E-05  1.889083E-06  1.361119E-03  4.133725E-08  1.617521E-07  3.754070E-08  8.450510E-02  7.465756E-06  2.690089E-07  2.254514E-07  3.524398E-04  4.791049E-04  2.434602E-06  3.755669E-07  4.865525E-07  5.160676E-07
 3.411500E+02  2.574546E-01  8.467924E-05  3.862477E-09  5.163730E-09  5.768220E-09  6.997887E-09  1.988257E-01  9.125989E-05  7.962176E-08  4.557907E-01  1.987645E-03  1.602674E-05  1.848396E-06  1.342161E-03  3.964599E-08  1.554639E-07  3.639653E-08  8.357324E-02  7.193866E-06  2.621720E-07  2.195989E-07  3.477199E-04  4.726912E-04  2.321056E-06  3.576233E-07  4.634385E-07  4.959086E-07
 3.421500E+02  2.579232E-01  8.407932E-05  3.772259E-09  5.044199E-09  5.634960E-09  6.837613E-09  1.988419E-01  8.992596E-05  7.573383E-08  4.562809E-01  1.962607E-03  1.529587E-05  1.808812E-06  1.323574E-03  3.803381E-08  1.494572E-07  3.529360E-08  8.265601E-02  6.933312E-06  2.555439E-07  2.139285E-07  3.430917E-04  4.664022E-04  2.213432E-06  3.406403E-07  4.415560E-07  4.766493E-07
 3.431500E+02  2.583845E-01  8.348542E-05  3.684584E-09  4.928013E-09  5.505423E-09  6.681783E-09  1.988578E-01  8.862061E-05  7.205899E-08  4.567632E-01  1.938012E-03  1.460217E-05  1.770295E-06  1.305350E-03  3.649660E-08  1.437180E-07  3.423022E-08  8.175314E-02  6.683568E-06  2.491177E-07  2.084338E-07  3.385530E-04  4.602350E-04  2.111392E-06  3.245615E-07  4.208328E-07  4.582450E-07
 3.441500E+02  2.588385E-01  8.289752E-05  3.599374E-09  4.815068E-09  5.379493E-09  6.530261E-09  1.988733E-01  8.734308E-05  6.858439E-08  4.572380E-01  1.913852E-03  1.394357E-05  1.732813E-06  1.287480E-03  3.503049E-08  1.382329E-07  3.320480E-08  8.086439E-02  6.444138E-06  2.428862E-07  2.031087E-07  3.341018E-04  4.541868E-04  2.014617E-06  3.093340E-07  4.012015E-07  4.406535E-07
 3.451500E+02  2.592854E-01  8.231559E-05  3.516550E-09  4.705261E-09  5.257057E-09  6.382913E-09  1.988885E-01  8.609263E-05  6.529802E-08  4.577052E-01  1.890118E-03  1.331814E-05  1.696333E-06  1.269956E-03  3.363181E-08  1.329894E-07  3.221581E-08  7.998951E-02  6.214548E-06  2.368429E-07  1.979472E-07  3.297359E-04  4.482546E-04  1.922809E-06  2.949082E-07  3.825987E-07  4.238351E-07
 3.461500E+02  2.597252E-01  8.173959E-05  3.436037E-09  4.598497E-09  5.138006E-09  6.239610E-09  1.989034E-01  8.486855E-05  6.218865E-08  4.581650E-01  1.866800E-03  1.272403E-05  1.660825E-06  1.252770E-03  3.229711E-08  1.279755E-07  3.126178E-08  7.912825E-02  5.994348E-06  2.309813E-07  1.929437E-07  3.254534E-04  4.424358E-04  1.835689E-06  2.812376E-07  3.649650E-07  4.077518E-07
 3.471500E+02  2.601583E-01  8.116949E-05  3.357765E-09  4.494679E-09  5.022237E-09  6.100227E-09  1.989181E-01  8.367013E-05  5.924578E-08  4.586176E-01  1.843890E-03  1.215953E-05  1.626257E-06  1.235914E-03  3.102314E-08  1.231800E-07  3.034132E-08  7.828039E-02  5.783113E-06  2.252953E-07  1.880927E-07  3.212522E-04  4.367277E-04  1.752993E-06  2.682788E-07  3.482450E-07  3.923680E-07
 3.481500E+02  2.605845E-01  8.060525E-05  3.281661E-09  4.393717E-09  4.909647E-09  5.964645E-09  1.989324E-01  8.249671E-05  5.645957E-08  4.590631E-01  1.821379E-03  1.162303E-05  1.592602E-06  1.219381E-03  2.980680E-08  1.185923E-07  2.945309E-08  7.744568E-02  5.580435E-06  2.197789E-07  1.833890E-07  3.171305E-04  4.311277E-04  1.674475E-06  2.559910E-07  3.323864E-07  3.776498E-07
 3.491500E+02  2.610042E-01  8.004684E-05  3.207660E-09  4.295522E-09  4.800137E-09  5.832747E-09  1.989465E-01  8.134764E-05  5.382083E-08  4.595017E-01  1.799260E-03  1.111301E-05  1.559830E-06  1.203163E-03  2.864520E-08  1.142022E-07  2.859581E-08  7.662389E-02  5.385929E-06  2.144264E-07  1.788274E-07  3.130865E-04  4.256333E-04  1.599903E-06  2.443358E-07  3.173404E-07  3.635651E-07
 3.501500E+02  2.614173E-01  7.949421E-05  3.135695E-09  4.200010E-09  4.693614E-09  5.704419E-09  1.989603E-01  8.022227E-05  5.132096E-08  4.599333E-01  1.777523E-03  1.062802E-05  1.527916E-06  1.187252E-03  2.753558E-08  1.100003E-07  2.776826E-08  7.581480E-02  5.199228E-06  2.092322E-07  1.744032E-07  3.091183E-04  4.202420E-04  1.529059E-06  2.332775E-07  3.030610E-07  3.500836E-07
 3.511500E+02  2.618240E-01  7.894733E-05  3.065703E-09  4.107097E-09  4.589986E-09  5.579554E-09  1.989739E-01  7.912001E-05  4.895190E-08  4.603583E-01  1.756162E-03  1.016674E-05  1.496834E-06  1.171643E-03  2.647536E-08  1.059774E-07  2.696927E-08  7.501819E-02  5.019983E-06  2.041911E-07  1.701116E-07  3.052241E-04  4.149515E-04  1.461737E-06  2.227824E-07  2.895053E-07  3.371765E-07
 3.521500E+02  2.622245E-01  7.840615E-05  2.997623E-09  4.016703E-09  4.489163E-09  5.458045E-09  1.989872E-01  7.804025E-05  4.670608E-08  4.607766E-01  1.735168E-03  9.727871E-06  1.466557E-06  1.156327E-03  2.546207E-08  1.021251E-07  2.619773E-08  7.423383E-02  4.847863E-06  1.992978E-07  1.659482E-07  3.014023E-04  4.097593E-04  1.397746E-06  2.128188E-07  2.766327E-07  3.248165E-07
 3.531500E+02  2.626187E-01  7.787063E-05  2.931397E-09  3.928753E-09  4.391060E-09  5.339792E-09  1.990002E-01  7.698243E-05  4.457643E-08  4.611884E-01  1.714534E-03  9.310234E-06  1.437061E-06  1.141299E-03  2.449340E-08  9.843517E-08  2.545256E-08  7.346151E-02  4.682551E-06  1.945475E-07  1.619085E-07  2.976513E-04  4.046634E-04  1.336904E-06  2.033570E-07  2.644054E-07  3.129778E-07
 3.541500E+02  2.630070E-01  7.734074E-05  2.866967E-09  3.843169E-09  4.295594E-09  5.224694E-09  1.990130E-01  7.594597E-05  4.255633E-08  4.615939E-01  1.694252E-03  8.912699E-06  1.408324E-06  1.126552E-03  2.356716E-08  9.489999E-08  2.473275E-08  7.270102E-02  4.523747E-06  1.899355E-07  1.579884E-07  2.939694E-04  3.996614E-04  1.279040E-06  1.943692E-07  2.527875E-07  3.016357E-07
 3.551500E+02  2.633892E-01  7.681641E-05  2.804279E-09  3.759882E-09  4.202684E-09  5.112657E-09  1.990256E-01  7.493035E-05  4.063953E-08  4.619931E-01  1.674316E-03  8.534203E-06  1.380322E-06  1.112079E-03  2.268126E-08  9.151226E-08  2.403730E-08  7.195215E-02  4.371166E-06  1.854570E-07  1.541839E-07  2.903549E-04  3.947512E-04  1.223994E-06  1.858293E-07  2.417456E-07  2.907672E-07
 3.561500E+02  2.637656E-01  7.629762E-05  2.743278E-09  3.678821E-09  4.112254E-09  5.003589E-09  1.990379E-01  7.393503E-05  3.882022E-08  4.623861E-01  1.654718E-03  8.173745E-06  1.353033E-06  1.097875E-03  2.183374E-08  8.826506E-08  2.336529E-08  7.121470E-02  4.224534E-06  1.811079E-07  1.504910E-07  2.868065E-04  3.899307E-04  1.171614E-06  1.777125E-07  2.312482E-07  2.803500E-07
 3.571500E+02  2.641363E-01  7.578432E-05  2.683913E-09  3.599918E-09  4.024228E-09  4.897400E-09  1.990500E-01  7.295951E-05  3.709290E-08  4.627731E-01  1.635452E-03  7.830379E-06  1.326437E-06  1.083932E-03  2.102274E-08  8.515185E-08  2.271581E-08  7.048847E-02  4.083594E-06  1.768836E-07  1.469062E-07  2.833226E-04  3.851979E-04  1.121759E-06  1.699957E-07  2.212655E-07  2.703633E-07
 3.581500E+02  2.645013E-01  7.527645E-05  2.626135E-09  3.523108E-09  3.938533E-09  4.794005E-09  1.990618E-01  7.200329E-05  3.545243E-08  4.631542E-01  1.616510E-03  7.503216E-06  1.300512E-06  1.070247E-03  2.024651E-08  8.216641E-08  2.208800E-08  6.977325E-02  3.948097E-06  1.727803E-07  1.434256E-07  2.799018E-04  3.805509E-04  1.074294E-06  1.626572E-07  2.117698E-07  2.607871E-07
 3.591500E+02  2.648608E-01  7.477397E-05  2.569895E-09  3.448328E-09  3.855100E-09  4.693318E-09  1.990735E-01  7.106589E-05  3.389399E-08  4.635294E-01  1.597887E-03  7.191414E-06  1.275239E-06  1.056812E-03  1.950337E-08  7.930285E-08  2.148105E-08  6.906887E-02  3.817809E-06  1.687939E-07  1.400460E-07  2.765426E-04  3.759877E-04  1.029093E-06  1.556764E-07  2.027346E-07  2.516027E-07
 3.601500E+02  2.652148E-01  7.427685E-05  2.515146E-09  3.375518E-09  3.773860E-09  4.595261E-09  1.990849E-01  7.014685E-05  3.241304E-08  4.638989E-01  1.579575E-03  6.894180E-06  1.250598E-06  1.043622E-03  1.879175E-08  7.655555E-08  2.089416E-08  6.837512E-02  3.692506E-06  1.649206E-07  1.367639E-07  2.732437E-04  3.715064E-04  9.860369E-07  1.490342E-07  1.941355E-07  2.427920E-07
 3.611500E+02  2.655634E-01  7.378502E-05  2.461845E-09  3.304617E-09  3.694747E-09  4.499753E-09  1.990962E-01  6.924571E-05  3.100531E-08  4.642628E-01  1.561569E-03  6.610766E-06  1.226571E-06  1.030672E-03  1.811014E-08  7.391922E-08  2.032657E-08  6.769182E-02  3.571974E-06  1.611567E-07  1.335762E-07  2.700037E-04  3.671052E-04  9.450133E-07  1.427123E-07  1.859490E-07  2.343381E-07
 3.621500E+02  2.659069E-01  7.329844E-05  2.409946E-09  3.235569E-09  3.617699E-09  4.406721E-09  1.991072E-01  6.836204E-05  2.966680E-08  4.646212E-01  1.543862E-03  6.340463E-06  1.203141E-06  1.017957E-03  1.745713E-08  7.138880E-08  1.977756E-08  6.701879E-02  3.456010E-06  1.574987E-07  1.304797E-07  2.668214E-04  3.627824E-04  9.059163E-07  1.366937E-07  1.781533E-07  2.262247E-07
 3.631500E+02  2.662451E-01  7.281706E-05  2.359408E-09  3.168319E-09  3.542653E-09  4.316090E-09  1.991180E-01  6.749541E-05  2.839373E-08  4.649742E-01  1.526449E-03  6.082606E-06  1.180289E-06  1.005470E-03  1.683137E-08  6.895950E-08  1.924644E-08  6.635585E-02  3.344420E-06  1.539432E-07  1.274714E-07  2.636954E-04  3.585361E-04  8.686460E-07  1.309623E-07  1.707277E-07  2.184366E-07
 3.641500E+02  2.665783E-01  7.234084E-05  2.310191E-09  3.102812E-09  3.469551E-09  4.227790E-09  1.991286E-01  6.664540E-05  2.718257E-08  4.653218E-01  1.509323E-03  5.836561E-06  1.158000E-06  9.932083E-04  1.623160E-08  6.662677E-08  1.873255E-08  6.570282E-02  3.237019E-06  1.504869E-07  1.245484E-07  2.606246E-04  3.543648E-04  8.331083E-07  1.255029E-07  1.636527E-07  2.109591E-07
 3.651500E+02  2.669064E-01  7.186972E-05  2.262254E-09  3.038998E-09  3.398334E-09  4.141752E-09  1.991391E-01  6.581162E-05  2.602998E-08  4.656642E-01  1.492478E-03  5.601734E-06  1.136256E-06  9.811657E-04  1.565658E-08  6.438627E-08  1.823523E-08  6.505953E-02  3.133630E-06  1.471267E-07  1.217081E-07  2.576076E-04  3.502668E-04  7.992140E-07  1.203012E-07  1.569102E-07  2.037784E-07
 3.661500E+02  2.672297E-01  7.140366E-05  2.215559E-09  2.976827E-09  3.328948E-09  4.057910E-09  1.991493E-01  6.499368E-05  2.493282E-08  4.660015E-01  1.475910E-03  5.377560E-06  1.115042E-06  9.693378E-04  1.510519E-08  6.223390E-08  1.775389E-08  6.442581E-02  3.034087E-06  1.438593E-07  1.189477E-07  2.546434E-04  3.462404E-04  7.668793E-07  1.153438E-07  1.504826E-07  1.968811E-07
 3.671500E+02  2.675482E-01  7.094260E-05  2.170070E-09  2.916249E-09  3.261337E-09  3.976199E-09  1.991594E-01  6.419119E-05  2.388813E-08  4.663337E-01  1.459613E-03  5.163506E-06  1.094343E-06  9.577197E-04  1.457634E-08  6.016574E-08  1.728793E-08  6.380149E-02  2.938227E-06  1.406820E-07  1.162646E-07  2.517308E-04  3.422841E-04  7.360249E-07  1.106180E-07  1.443538E-07  1.902549E-07
 3.681500E+02  2.678619E-01  7.048651E-05  2.125752E-09  2.857218E-09  3.195450E-09  3.896558E-09  1.991693E-01  6.340379E-05  2.289313E-08  4.666610E-01  1.443581E-03  4.959070E-06  1.074144E-06  9.463070E-04  1.406897E-08  5.817807E-08  1.683679E-08  6.318641E-02  2.845898E-06  1.375918E-07  1.136563E-07  2.488687E-04  3.383965E-04  7.065757E-07  1.061117E-07  1.385083E-07  1.838876E-07
 3.691500E+02  2.681710E-01  7.003532E-05  2.082568E-09  2.799689E-09  3.131237E-09  3.818926E-09  1.991790E-01  6.263111E-05  2.194520E-08  4.669833E-01  1.427809E-03  4.763773E-06  1.054431E-06  9.350953E-04  1.358212E-08  5.626736E-08  1.639993E-08  6.258040E-02  2.756954E-06  1.345860E-07  1.111205E-07  2.460560E-04  3.345760E-04  6.784610E-07  1.018138E-07  1.329317E-07  1.777680E-07
 3.701500E+02  2.684756E-01  6.958899E-05  2.040487E-09  2.743618E-09  3.068649E-09  3.743245E-09  1.991885E-01  6.187283E-05  2.104187E-08  4.673010E-01  1.412292E-03  4.577166E-06  1.035190E-06  9.240803E-04  1.311486E-08  5.443024E-08  1.597684E-08  6.198332E-02  2.671256E-06  1.316620E-07  1.086548E-07  2.432916E-04  3.308211E-04  6.516138E-07  9.771340E-08  1.276102E-07  1.718853E-07
 3.711500E+02  2.687756E-01  6.914747E-05  1.999475E-09  2.688962E-09  3.007638E-09  3.669458E-09  1.991979E-01  6.112858E-05  2.018081E-08  4.676139E-01  1.397026E-03  4.398821E-06  1.016408E-06  9.132576E-04  1.266629E-08  5.266351E-08  1.556701E-08  6.139500E-02  2.588669E-06  1.288171E-07  1.062570E-07  2.405745E-04  3.271305E-04  6.259710E-07  9.380057E-08  1.225308E-07  1.662291E-07
 3.721500E+02  2.690712E-01  6.871072E-05  1.959502E-09  2.635680E-09  2.948158E-09  3.597511E-09  1.992071E-01  6.039805E-05  1.935982E-08  4.679221E-01  1.382004E-03  4.228334E-06  9.980716E-07  9.026233E-04  1.223558E-08  5.096411E-08  1.516997E-08  6.081529E-02  2.509068E-06  1.260489E-07  1.039249E-07  2.379037E-04  3.235028E-04  6.014727E-07  9.006576E-08  1.176813E-07  1.607896E-07
 3.731500E+02  2.693626E-01  6.827867E-05  1.920537E-09  2.583733E-09  2.890166E-09  3.527352E-09  1.992162E-01  5.968092E-05  1.857684E-08  4.682259E-01  1.367223E-03  4.065324E-06  9.801689E-07  8.921732E-04  1.182192E-08  4.932915E-08  1.478526E-08  6.024404E-02  2.432331E-06  1.233551E-07  1.016565E-07  2.352782E-04  3.199366E-04  5.780624E-07  8.649999E-08  1.130503E-07  1.555575E-07
