#         T/K            c1          c2-1          c3-4          c3-5          c3-7          c3-9            m1          m2-1          m3-1            w1            w2          w3-1          w3-2          c1m1        c1m2-1        c1m2-7        c2m1-1        c1w1-2        c1w2-1        c2w1-1        c2w1-9        m1w1-1        m1w1-4        m1w2-1        m2w1-1        m2w1-3      c1m1w1-1
 2.731500E+02  6.901529E-02  1.525594E-05  8.928731E-10  1.171917E-09  1.303851E-09  1.554681E-09  4.931792E-01  1.979919E-03  8.579253E-05  3.628179E-01  4.372063E-03  5.358570E-04  7.518646E-06  3.446822E-03  2.630309E-06  8.630880E-06  1.228727E-07  5.845165E-02  3.871303E-05  1.982763E-07  1.741076E-07  2.339735E-03  3.185010E-03  2.400835E-04  1.181629E-04  1.496549E-04  9.683470E-06
 2.741500E+02  6.947957E-02  1.517948E-05  8.677157E-10  1.139283E-09  1.267638E-09  1.511977E-09  4.933441E-01  1.933326E-03  7.923245E-05  3.634542E-01  4.283331E-03  4.978180E-04  7.256361E-06  3.381048E-03  2.469300E-06  8.128798E-06  1.176727E-07  5.759126E-02  3.661534E-05  1.914234E-07  1.679450E-07  2.289594E-03  3.116556E-03  2.227182E-04  1.093930E-04  1.386029E-04  9.119502E-06
 2.751500E+02  6.993643E-02  1.510145E-05  8.432476E-10  1.107530E-09  1.232398E-09  1.470405E-09  4.935032E-01  1.888179E-03  7.321824E-05  3.640755E-01  4.196862E-03  4.627002E-04  7.004733E-06  3.316744E-03  2.319080E-06  7.658837E-06  1.127124E-07  5.674410E-02  3.464155E-05  1.848241E-07  1.620163E-07  2.240848E-03  3.050017E-03  2.067155E-04  1.013306E-04  1.284385E-04  8.591404E-06
 2.761500E+02  7.038592E-02  1.502194E-05  8.194544E-10  1.076639E-09  1.198112E-09  1.429942E-09  4.936566E-01  1.844424E-03  6.770105E-05  3.646823E-01  4.112594E-03  4.302641E-04  6.763289E-06  3.253878E-03  2.178871E-06  7.218775E-06  1.079801E-07  5.591011E-02  3.278387E-05  1.784690E-07  1.563124E-07  2.193453E-03  2.985330E-03  1.919610E-04  9.391434E-05  1.190852E-04  8.096730E-06
 2.771500E+02  7.082812E-02  1.494104E-05  7.963219E-10  1.046592E-09  1.164761E-09  1.390566E-09  4.938046E-01  1.802011E-03  6.263672E-05  3.652751E-01  4.030467E-03  4.002910E-04  6.531577E-06  3.192417E-03  2.047954E-06  6.806556E-06  1.034647E-07  5.508920E-02  3.103498E-05  1.723490E-07  1.508247E-07  2.147366E-03  2.922438E-03  1.783503E-04  8.708871E-05  1.104734E-04  7.633207E-06
 2.781500E+02  7.126308E-02  1.485885E-05  7.738355E-10  1.017373E-09  1.132325E-09  1.352256E-09  4.939476E-01  1.760890E-03  5.798524E-05  3.658544E-01  3.950422E-03  3.725809E-04  6.309165E-06  3.132331E-03  1.925665E-06  6.420276E-06  9.915572E-08  5.428127E-02  2.938809E-05  1.664553E-07  1.455450E-07  2.102547E-03  2.861282E-03  1.657883E-04  8.080312E-05  1.025400E-04  7.198728E-06
 2.791500E+02  7.169089E-02  1.477547E-05  7.519809E-10  9.889633E-10  1.100784E-09  1.314989E-09  4.940857E-01  1.721015E-03  5.371038E-05  3.664206E-01  3.872403E-03  3.469512E-04  6.095641E-06  3.073589E-03  1.811390E-06  6.058168E-06  9.504321E-08  5.348622E-02  2.783682E-05  1.607796E-07  1.404653E-07  2.058954E-03  2.801808E-03  1.541884E-04  7.501167E-05  9.522746E-05  6.791337E-06
 2.801500E+02  7.211160E-02  1.469097E-05  7.307438E-10  9.613448E-10  1.070119E-09  1.278743E-09  4.942192E-01  1.682341E-03  4.977931E-05  3.669741E-01  3.796352E-03  3.232347E-04  5.890613E-06  3.016160E-03  1.704562E-06  5.718594E-06  9.111767E-08  5.270394E-02  2.637523E-05  1.553136E-07  1.355778E-07  2.016550E-03  2.743962E-03  1.434715E-04  6.967256E-05  8.848356E-05  6.409217E-06
 2.811500E+02  7.252530E-02  1.460546E-05  7.101099E-10  9.344999E-10  1.040310E-09  1.243496E-09  4.943483E-01  1.644825E-03  4.616223E-05  3.675153E-01  3.722214E-03  3.012784E-04  5.693706E-06  2.960015E-03  1.604658E-06  5.400036E-06  8.737009E-08  5.193431E-02  2.499776E-05  1.500495E-07  1.308751E-07  1.975296E-03  2.687692E-03  1.335654E-04  6.474779E-05  8.226068E-05  6.050681E-06
 2.821500E+02  7.293206E-02  1.451900E-05  6.900651E-10  9.084109E-10  1.011338E-09  1.209225E-09  4.944732E-01  1.608426E-03  4.283212E-05  3.680447E-01  3.649937E-03  2.809424E-04  5.504563E-06  2.905124E-03  1.511191E-06  5.101085E-06  8.379194E-08  5.117722E-02  2.369921E-05  1.449796E-07  1.263501E-07  1.935156E-03  2.632948E-03  1.244042E-04  6.020275E-05  7.651548E-05  5.714162E-06
 2.831500E+02  7.333197E-02  1.443168E-05  6.705952E-10  8.830603E-10  9.831831E-10  1.175910E-09  4.945941E-01  1.573104E-03  3.976443E-05  3.685624E-01  3.579468E-03  2.620984E-04  5.322843E-06  2.851460E-03  1.423715E-06  4.820431E-06  8.037507E-08  5.043253E-02  2.247473E-05  1.400967E-07  1.219958E-07  1.896096E-03  2.579683E-03  1.159278E-04  5.600589E-05  7.120844E-05  5.398202E-06
 2.841500E+02  7.372511E-02  1.434359E-05  6.516863E-10  8.584304E-10  9.558267E-10  1.143527E-09  4.947111E-01  1.538820E-03  3.693685E-05  3.690689E-01  3.510756E-03  2.446290E-04  5.148221E-06  2.798993E-03  1.341814E-06  4.556862E-06  7.711176E-08  4.970011E-02  2.131977E-05  1.353936E-07  1.178057E-07  1.858081E-03  2.527849E-03  1.080809E-04  5.212850E-05  6.630357E-05  5.101448E-06
 2.851500E+02  7.411156E-02  1.425480E-05  6.333244E-10  8.345039E-10  9.292492E-10  1.112055E-09  4.948245E-01  1.505539E-03  3.432911E-05  3.695645E-01  3.443752E-03  2.284266E-04  4.980387E-06  2.747698E-03  1.265103E-06  4.309248E-06  7.399467E-08  4.897982E-02  2.023010E-05  1.308636E-07  1.137734E-07  1.821078E-03  2.477400E-03  1.008134E-04  4.854435E-05  6.176799E-05  4.822639E-06
 2.861500E+02  7.449141E-02  1.416538E-05  6.154959E-10  8.112635E-10  9.034316E-10  1.081472E-09  4.949345E-01  1.473225E-03  3.192276E-05  3.700496E-01  3.378408E-03  2.133926E-04  4.819046E-06  2.697546E-03  1.193226E-06  4.076540E-06  7.101682E-08  4.827153E-02  1.920173E-05  1.265001E-07  1.098926E-07  1.785057E-03  2.428295E-03  9.407926E-05  4.522955E-05  5.757171E-05  4.560605E-06
 2.871500E+02  7.486475E-02  1.407541E-05  5.981871E-10  7.886921E-10  8.783552E-10  1.051756E-09  4.950410E-01  1.441845E-03  2.970101E-05  3.705243E-01  3.314677E-03  1.994364E-04  4.663917E-06  2.648511E-03  1.125854E-06  3.857764E-06  6.817159E-08  4.757509E-02  1.823096E-05  1.222968E-07  1.061576E-07  1.749985E-03  2.380490E-03  8.783621E-05  4.216224E-05  5.368735E-05  4.314255E-06
 2.881500E+02  7.523166E-02  1.398495E-05  5.813846E-10  7.667729E-10  8.540013E-10  1.022887E-09  4.951443E-01  1.411365E-03  2.764856E-05  3.709890E-01  3.252514E-03  1.864749E-04  4.514731E-06  2.600568E-03  1.062681E-06  3.652013E-06  6.545266E-08  4.689035E-02  1.731430E-05  1.182476E-07  1.025625E-07  1.715835E-03  2.333945E-03  8.204573E-05  3.932250E-05  5.008987E-05  4.082574E-06
 2.891500E+02  7.559224E-02  1.389407E-05  5.650752E-10  7.454891E-10  8.303515E-10  9.948424E-10  4.952446E-01  1.381756E-03  2.575146E-05  3.714439E-01  3.191875E-03  1.744320E-04  4.371232E-06  2.553691E-03  1.003422E-06  3.458445E-06  6.285406E-08  4.621716E-02  1.644851E-05  1.143467E-07  9.910206E-08  1.682577E-03  2.288620E-03  7.667245E-05  3.669210E-05  4.675639E-05  3.864619E-06
 2.901500E+02  7.594657E-02  1.380284E-05  5.492459E-10  7.248242E-10  8.073875E-10  9.676021E-10  4.953419E-01  1.352987E-03  2.399701E-05  3.718893E-01  3.132716E-03  1.632375E-04  4.233176E-06  2.507855E-03  9.478155E-07  3.276274E-06  6.037007E-08  4.555537E-02  1.563053E-05  1.105883E-07  9.577087E-08  1.650183E-03  2.244478E-03  7.168396E-05  3.425436E-05  4.366598E-05  3.659509E-06
 2.911500E+02  7.629474E-02  1.371131E-05  5.338836E-10  7.047619E-10  7.850914E-10  9.411454E-10  4.954363E-01  1.325029E-03  2.237362E-05  3.723255E-01  3.074997E-03  1.528272E-04  4.100330E-06  2.463036E-03  8.956167E-07  3.104770E-06  5.799529E-08  4.490483E-02  1.485751E-05  1.069670E-07  9.256393E-08  1.618628E-03  2.201483E-03  6.705053E-05  3.199406E-05  4.079949E-05  3.466425E-06
 2.921500E+02  7.663685E-02  1.361954E-05  5.189759E-10  6.852863E-10  7.634456E-10  9.154517E-10  4.955280E-01  1.297854E-03  2.087068E-05  3.727527E-01  3.018677E-03  1.431419E-04  3.972472E-06  2.419210E-03  8.465989E-07  2.943253E-06  5.572458E-08  4.426537E-02  1.412678E-05  1.034777E-07  8.947636E-08  1.587885E-03  2.159598E-03  6.274490E-05  2.989722E-05  3.813936E-05  3.284604E-06
 2.931500E+02  7.697299E-02  1.352760E-05  5.045102E-10  6.663816E-10  7.424326E-10  8.905010E-10  4.956171E-01  1.271437E-03  1.947853E-05  3.731711E-01  2.963716E-03  1.341272E-04  3.849391E-06  2.376354E-03  8.005517E-07  2.791089E-06  5.355302E-08  4.363686E-02  1.343584E-05  1.001152E-07  8.650350E-08  1.557929E-03  2.118789E-03  5.874202E-05  2.795108E-05  3.566954E-05  3.113332E-06
 2.941500E+02  7.730325E-02  1.343553E-05  4.904744E-10  6.480321E-10  7.220354E-10  8.662736E-10  4.957037E-01  1.245752E-03  1.818832E-05  3.735809E-01  2.910078E-03  1.257331E-04  3.730885E-06  2.334445E-03  7.572794E-07  2.647689E-06  5.147598E-08  4.301911E-02  1.278234E-05  9.687474E-08  8.364087E-08  1.528737E-03  2.079025E-03  5.501890E-05  2.614390E-05  3.337529E-05  2.951947E-06
 2.951500E+02  7.762772E-02  1.334338E-05  4.768563E-10  6.302228E-10  7.022369E-10  8.427499E-10  4.957878E-01  1.220774E-03  1.699198E-05  3.739824E-01  2.857724E-03  1.179134E-04  3.616761E-06  2.293460E-03  7.166003E-07  2.512501E-06  4.948903E-08  4.241199E-02  1.216409E-05  9.375166E-08  8.088414E-08  1.500285E-03  2.040271E-03  5.155442E-05  2.446497E-05  3.124310E-05  2.799829E-06
 2.961500E+02  7.794649E-02  1.325122E-05  4.636443E-10  6.129386E-10  6.830209E-10  8.199110E-10  4.958696E-01  1.196480E-03  1.588211E-05  3.743758E-01  2.806619E-03  1.106259E-04  3.506835E-06  2.253379E-03  6.783453E-07  2.385013E-06  4.758795E-08  4.181532E-02  1.157901E-05  9.074146E-08  7.822918E-08  1.472551E-03  2.002499E-03  4.832916E-05  2.290443E-05  2.926057E-05  2.656401E-06
 2.971500E+02  7.825965E-02  1.315907E-05  4.508268E-10  5.961649E-10  6.643709E-10  7.977379E-10  4.959491E-01  1.172846E-03  1.485193E-05  3.747612E-01  2.756728E-03  1.038314E-04  3.400933E-06  2.214179E-03  6.423573E-07  2.264745E-06  4.576875E-08  4.122895E-02  1.102519E-05  8.783983E-08  7.567200E-08  1.445513E-03  1.965679E-03  4.532526E-05  2.145323E-05  2.741633E-05  2.521123E-06
 2.981500E+02  7.856729E-02  1.306699E-05  4.383925E-10  5.798872E-10  6.462712E-10  7.762123E-10  4.960265E-01  1.149852E-03  1.389524E-05  3.751389E-01  2.708018E-03  9.749393E-05  3.298886E-06  2.175839E-03  6.084901E-07  2.151251E-06  4.402762E-08  4.065273E-02  1.050081E-05  8.504261E-08  7.320878E-08  1.419151E-03  1.929780E-03  4.252629E-05  2.010309E-05  2.569993E-05  2.393493E-06
 2.991500E+02  7.886951E-02  1.297502E-05  4.263304E-10  5.640915E-10  6.287062E-10  7.553162E-10  4.961018E-01  1.127476E-03  1.300636E-05  3.755090E-01  2.660456E-03  9.158029E-05  3.200536E-06  2.138340E-03  5.766076E-07  2.044115E-06  4.236093E-08  4.008648E-02  1.000417E-05  8.234582E-08  7.083585E-08  1.393444E-03  1.894777E-03  3.991711E-05  1.884637E-05  2.410175E-05  2.273040E-06
 3.001500E+02  7.916640E-02  1.288321E-05  4.146296E-10  5.487641E-10  6.116605E-10  7.350318E-10  4.961750E-01  1.105699E-03  1.218007E-05  3.758717E-01  2.614010E-03  8.605985E-05  3.105729E-06  2.101660E-03  5.465830E-07  1.942946E-06  4.076526E-08  3.953006E-02  9.533676E-06  7.974562E-08  6.854969E-08  1.368372E-03  1.860642E-03  3.748380E-05  1.767608E-05  2.261297E-05  2.159325E-06
 3.011500E+02  7.945804E-02  1.279158E-05  4.032796E-10  5.338913E-10  5.951194E-10  7.153419E-10  4.962463E-01  1.084499E-03  1.141158E-05  3.762273E-01  2.568649E-03  8.090436E-05  3.014321E-06  2.065782E-03  5.182983E-07  1.847381E-06  3.923731E-08  3.898331E-02  9.087829E-06  7.723832E-08  6.634690E-08  1.343917E-03  1.827349E-03  3.521352E-05  1.658576E-05  2.122546E-05  2.051937E-06
 3.021500E+02  7.974452E-02  1.270018E-05  3.922700E-10  5.194600E-10  5.790681E-10  6.962293E-10  4.963158E-01  1.063860E-03  1.069652E-05  3.765758E-01  2.524344E-03  7.608774E-05  2.926172E-06  2.030684E-03  4.916435E-07  1.757081E-06  3.777397E-08  3.844606E-02  8.665225E-06  7.482039E-08  6.422424E-08  1.320061E-03  1.794873E-03  3.309445E-05  1.556948E-05  1.993175E-05  1.950495E-06
 3.031500E+02  8.002593E-02  1.260904E-05  3.815908E-10  5.054573E-10  5.634925E-10  6.776777E-10  4.963834E-01  1.043763E-03  1.003085E-05  3.769174E-01  2.481066E-03  7.158590E-05  2.841150E-06  1.996350E-03  4.665162E-07  1.671728E-06  3.637228E-08  3.791816E-02  8.264546E-06  7.248840E-08  6.217857E-08  1.296785E-03  1.763191E-03  3.111565E-05  1.462180E-05  1.872496E-05  1.854638E-06
 3.041500E+02  8.030236E-02  1.251819E-05  3.712322E-10  4.918707E-10  5.483787E-10  6.596708E-10  4.964492E-01  1.024190E-03  9.410862E-06  3.772523E-01  2.438786E-03  6.737659E-05  2.759128E-06  1.962761E-03  4.428209E-07  1.591025E-06  3.502942E-08  3.739946E-02  7.884552E-06  7.023909E-08  6.020691E-08  1.274074E-03  1.732278E-03  2.926708E-05  1.373769E-05  1.759874E-05  1.764032E-06
 3.051500E+02  8.057390E-02  1.242767E-05  3.611845E-10  4.786878E-10  5.337130E-10  6.421927E-10  4.965134E-01  1.005125E-03  8.833149E-06  3.775807E-01  2.397478E-03  6.343923E-05  2.679985E-06  1.929898E-03  4.204683E-07  1.514694E-06  3.374270E-08  3.688980E-02  7.524078E-06  6.806931E-08  5.830638E-08  1.251910E-03  1.702112E-03  2.753943E-05  1.291252E-05  1.654725E-05  1.678362E-06
 3.061500E+02  8.084063E-02  1.233751E-05  3.514384E-10  4.658967E-10  5.194821E-10  6.252281E-10  4.965759E-01  9.865522E-04  8.294578E-06  3.779027E-01  2.357114E-03  5.975479E-05  2.603606E-06  1.897746E-03  3.993753E-07  1.442476E-06  3.250956E-08  3.638903E-02  7.182032E-06  6.597604E-08  5.647420E-08  1.230277E-03  1.672671E-03  2.592413E-05  1.214201E-05  1.556511E-05  1.597336E-06
 3.071500E+02  8.110263E-02  1.224772E-05  3.419848E-10  4.534858E-10  5.056733E-10  6.087618E-10  4.966369E-01  9.684556E-04  7.792266E-06  3.782184E-01  2.317671E-03  5.630569E-05  2.529879E-06  1.866285E-03  3.794645E-07  1.374127E-06  3.132757E-08  3.589699E-02  6.857385E-06  6.395636E-08  5.470774E-08  1.209161E-03  1.643935E-03  2.441324E-05  1.142224E-05  1.464733E-05  1.520679E-06
 3.081500E+02  8.136000E-02  1.215835E-05  3.328148E-10  4.414435E-10  4.922738E-10  5.927791E-10  4.966963E-01  9.508204E-04  7.323558E-06  3.785280E-01  2.279121E-03  5.307563E-05  2.458700E-06  1.835501E-03  3.606632E-07  1.309420E-06  3.019443E-08  3.541354E-02  6.549171E-06  6.200749E-08  5.300444E-08  1.188545E-03  1.615883E-03  2.299945E-05  1.074957E-05  1.378934E-05  1.448133E-06
 3.091500E+02  8.161281E-02  1.206940E-05  3.239198E-10  4.297589E-10  4.792714E-10  5.772658E-10  4.967542E-01  9.336323E-04  6.886009E-06  3.788316E-01  2.241443E-03  5.004954E-05  2.389968E-06  1.805377E-03  3.429039E-07  1.248142E-06  2.910791E-08  3.493853E-02  6.256481E-06  6.012674E-08  5.136186E-08  1.168417E-03  1.588495E-03  2.167597E-05  1.012066E-05  1.298690E-05  1.379458E-06
 3.101500E+02  8.186114E-02  1.198091E-05  3.152914E-10  4.184211E-10  4.666541E-10  5.622078E-10  4.968107E-01  9.168773E-04  6.477363E-06  3.791294E-01  2.204611E-03  4.721345E-05  2.323585E-06  1.775897E-03  3.261233E-07  1.190094E-06  2.806594E-08  3.447180E-02  5.978460E-06  5.831154E-08  4.977766E-08  1.148762E-03  1.561752E-03  2.043654E-05  9.532402E-06  1.223609E-05  1.314427E-06
 3.111500E+02  8.210508E-02  1.189290E-05  3.069215E-10  4.074197E-10  4.544104E-10  5.475917E-10  4.968657E-01  9.005422E-04  6.095542E-06  3.794214E-01  2.168605E-03  4.455442E-05  2.259460E-06  1.747046E-03  3.102624E-07  1.135087E-06  2.706650E-08  3.401322E-02  5.714304E-06  5.655940E-08  4.824958E-08  1.129566E-03  1.535636E-03  1.927535E-05  8.981942E-06  1.153329E-05  1.252829E-06
 3.121500E+02  8.234471E-02  1.180539E-05  2.988020E-10  3.967444E-10  4.425289E-10  5.334040E-10  4.969195E-01  8.846140E-04  5.738628E-06  3.797079E-01  2.133400E-03  4.206046E-05  2.197505E-06  1.718809E-03  2.952659E-07  1.082947E-06  2.610770E-08  3.356263E-02  5.463255E-06  5.486795E-08  4.677546E-08  1.110816E-03  1.510128E-03  1.818705E-05  8.466637E-06  1.087517E-05  1.194465E-06
 3.131500E+02  8.258010E-02  1.171839E-05  2.909252E-10  3.863853E-10  4.309985E-10  5.196320E-10  4.969719E-01  8.690804E-04  5.404852E-06  3.799889E-01  2.098977E-03  3.972045E-05  2.137634E-06  1.691170E-03  2.810822E-07  1.033510E-06  2.518772E-08  3.311990E-02  5.224603E-06  5.323490E-08  4.535323E-08  1.092500E-03  1.485212E-03  1.716665E-05  7.984043E-06  1.025864E-05  1.139151E-06
 3.141500E+02  8.281134E-02  1.163193E-05  2.832838E-10  3.763327E-10  4.198087E-10  5.062631E-10  4.970231E-01  8.539293E-04  5.092578E-06  3.802646E-01  2.065315E-03  3.752406E-05  2.079768E-06  1.664117E-03  2.676631E-07  9.866206E-07  2.430485E-08  3.268489E-02  4.997676E-06  5.165805E-08  4.398090E-08  1.074606E-03  1.460872E-03  1.620954E-05  7.531897E-06  9.680815E-06  1.086710E-06
 3.151500E+02  8.303850E-02  1.154602E-05  2.758702E-10  3.665773E-10  4.089489E-10  4.932851E-10  4.970730E-01  8.391493E-04  4.800297E-06  3.805351E-01  2.032393E-03  3.546173E-05  2.023829E-06  1.637634E-03  2.549631E-07  9.421350E-07  2.345743E-08  3.225745E-02  4.781842E-06  5.013529E-08  4.265655E-08  1.057122E-03  1.437090E-03  1.531146E-05  7.108108E-06  9.139063E-06  1.036980E-06
 3.161500E+02  8.326165E-02  1.146067E-05  2.686776E-10  3.571099E-10  3.984091E-10  4.806862E-10  4.971218E-01  8.247290E-04  4.526612E-06  3.808005E-01  2.000192E-03  3.352457E-05  1.969742E-06  1.611708E-03  2.429402E-07  8.999172E-07  2.264390E-08  3.183744E-02  4.576507E-06  4.866460E-08  4.137835E-08  1.040037E-03  1.413851E-03  1.446843E-05  6.710737E-06  8.630924E-06  9.898067E-07
 3.171500E+02  8.348088E-02  1.137590E-05  2.616990E-10  3.479216E-10  3.881794E-10  4.684549E-10  4.971694E-01  8.106579E-04  4.270234E-06  3.810609E-01  1.968693E-03  3.170431E-05  1.917438E-06  1.586327E-03  2.315545E-07  8.598397E-07  2.186278E-08  3.142474E-02  4.381111E-06  4.724402E-08  4.014455E-08  1.023339E-03  1.391140E-03  1.367680E-05  6.337988E-06  8.154124E-06  9.450460E-07
 3.181500E+02  8.369625E-02  1.129173E-05  2.549277E-10  3.390039E-10  3.782503E-10  4.565799E-10  4.972159E-01  7.969254E-04  4.029967E-06  3.813164E-01  1.937879E-03  2.999329E-05  1.866849E-06  1.561476E-03  2.207691E-07  8.217829E-07  2.111263E-08  3.101921E-02  4.195124E-06  4.587169E-08  3.895345E-08  1.007017E-03  1.368943E-03  1.293313E-05  5.988199E-06  7.706553E-06  9.025624E-07
 3.191500E+02  8.390783E-02  1.120816E-05  2.483573E-10  3.303483E-10  3.686126E-10  4.450505E-10  4.972613E-01  7.835217E-04  3.804706E-06  3.815671E-01  1.907730E-03  2.838438E-05  1.817909E-06  1.537144E-03  2.105491E-07  7.856343E-07  2.039210E-08  3.062072E-02  4.018050E-06  4.454581E-08  3.780343E-08  9.910621E-04  1.347245E-03  1.223428E-05  5.659826E-06  7.286257E-06  8.622287E-07
 3.201500E+02  8.411571E-02  1.112520E-05  2.419815E-10  3.219468E-10  3.592573E-10  4.338560E-10  4.973056E-01  7.704369E-04  3.593429E-06  3.818131E-01  1.878230E-03  2.687094E-05  1.770556E-06  1.513318E-03  2.008620E-07  7.512883E-07  1.969991E-08  3.022913E-02  3.849418E-06  4.326465E-08  3.669293E-08  9.754633E-04  1.326032E-03  1.157728E-05  5.351439E-06  6.891420E-06  8.239254E-07
 3.211500E+02  8.431994E-02  1.104287E-05  2.357941E-10  3.137916E-10  3.501756E-10  4.229862E-10  4.973489E-01  7.576618E-04  3.395187E-06  3.820546E-01  1.849361E-03  2.544681E-05  1.724732E-06  1.489986E-03  1.916771E-07  7.186457E-07  1.903481E-08  2.984432E-02  3.688786E-06  4.202655E-08  3.562046E-08  9.602112E-04  1.305292E-03  1.095942E-05  5.061709E-06  6.520359E-06  7.875400E-07
 3.221500E+02  8.452060E-02  1.096118E-05  2.297894E-10  3.058749E-10  3.413590E-10  4.124311E-10  4.973913E-01  7.451873E-04  3.209101E-06  3.822917E-01  1.821109E-03  2.410626E-05  1.680378E-06  1.467136E-03  1.829658E-07  6.876130E-07  1.839565E-08  2.946617E-02  3.535737E-06  4.082991E-08  3.458458E-08  9.452963E-04  1.285012E-03  1.037814E-05  4.789405E-06  6.171509E-06  7.529670E-07
 3.231500E+02  8.471776E-02  1.088013E-05  2.239616E-10  2.981894E-10  3.327994E-10  4.021811E-10  4.974326E-01  7.330047E-04  3.034357E-06  3.825243E-01  1.793457E-03  2.284394E-05  1.637440E-06  1.444757E-03  1.747012E-07  6.581025E-07  1.778130E-08  2.909455E-02  3.389875E-06  3.967321E-08  3.358393E-08  9.307095E-04  1.265178E-03  9.831088E-06  4.533382E-06  5.843417E-06  7.201071E-07
 3.241500E+02  8.491148E-02  1.079973E-05  2.183051E-10  2.907278E-10  3.244888E-10  3.922269E-10  4.974731E-01  7.211056E-04  2.870198E-06  3.827527E-01  1.766389E-03  2.165487E-05  1.595867E-06  1.422838E-03  1.668582E-07  6.300315E-07  1.719069E-08  2.872933E-02  3.250830E-06  3.855498E-08  3.261716E-08  9.164420E-04  1.245780E-03  9.316059E-06  4.292575E-06  5.534733E-06  6.888667E-07
 3.251500E+02  8.510182E-02  1.071998E-05  2.128145E-10  2.834833E-10  3.164195E-10  3.825593E-10  4.975126E-01  7.094818E-04  2.715924E-06  3.829769E-01  1.739891E-03  2.053444E-05  1.555606E-06  1.401367E-03  1.594129E-07  6.033225E-07  1.662282E-08  2.837041E-02  3.118250E-06  3.747379E-08  3.168302E-08  9.024852E-04  1.226804E-03  8.831008E-06  4.065997E-06  5.244202E-06  6.591580E-07
 3.261500E+02  8.528886E-02  1.064090E-05  2.074847E-10  2.764491E-10  3.085840E-10  3.731695E-10  4.975512E-01  6.981255E-04  2.570883E-06  3.831969E-01  1.713948E-03  1.947830E-05  1.516611E-06  1.380335E-03  1.523431E-07  5.779022E-07  1.607669E-08  2.801765E-02  2.991804E-06  3.642829E-08  3.078029E-08  8.888309E-04  1.208241E-03  8.374030E-06  3.852728E-06  4.970655E-06  6.308982E-07
 3.271500E+02  8.547265E-02  1.056249E-05  2.023106E-10  2.696187E-10  3.009749E-10  3.640491E-10  4.975890E-01  6.870291E-04  2.434471E-06  3.834130E-01  1.688546E-03  1.848245E-05  1.478836E-06  1.359731E-03  1.456280E-07  5.537017E-07  1.555140E-08  2.767095E-02  2.871178E-06  3.541717E-08  2.990779E-08  8.754710E-04  1.190078E-03  7.943348E-06  3.651914E-06  4.713007E-06  6.040094E-07
 3.281500E+02  8.565326E-02  1.048475E-05  1.972873E-10  2.629856E-10  2.935854E-10  3.551896E-10  4.976259E-01  6.761853E-04  2.306126E-06  3.836252E-01  1.663672E-03  1.754313E-05  1.442235E-06  1.339544E-03  1.392480E-07  5.306562E-07  1.504606E-08  2.733019E-02  2.756077E-06  3.443919E-08  2.906441E-08  8.623978E-04  1.172306E-03  7.537310E-06  3.462758E-06  4.470246E-06  5.784182E-07
 3.291500E+02  8.583075E-02  1.040769E-05  1.924100E-10  2.565438E-10  2.864086E-10  3.465830E-10  4.976621E-01  6.655868E-04  2.185325E-06  3.838335E-01  1.639313E-03  1.665683E-05  1.406767E-06  1.319766E-03  1.331845E-07  5.087046E-07  1.455983E-08  2.699526E-02  2.646222E-06  3.349312E-08  2.824906E-08  8.496037E-04  1.154914E-03  7.154374E-06  3.284520E-06  4.241429E-06  5.540556E-07
 3.301500E+02  8.600517E-02  1.033130E-05  1.876742E-10  2.502873E-10  2.794378E-10  3.382217E-10  4.976974E-01  6.552269E-04  2.071582E-06  3.840380E-01  1.615454E-03  1.582030E-05  1.372391E-06  1.300386E-03  1.274202E-07  4.877893E-07  1.409190E-08  2.666605E-02  2.541348E-06  3.257782E-08  2.746071E-08  8.370814E-04  1.137892E-03  6.793103E-06  3.116510E-06  4.025680E-06  5.308564E-07
 3.311500E+02  8.617660E-02  1.025560E-05  1.830755E-10  2.442103E-10  2.726667E-10  3.300980E-10  4.977320E-01  6.450990E-04  1.964446E-06  3.842389E-01  1.592085E-03  1.503047E-05  1.339067E-06  1.281396E-03  1.219388E-07  4.678560E-07  1.364150E-08  2.634244E-02  2.441205E-06  3.169217E-08  2.669836E-08  8.248237E-04  1.121230E-03  6.452155E-06  2.958086E-06  3.822182E-06  5.087593E-07
 3.321500E+02  8.634507E-02  1.018058E-05  1.786095E-10  2.383074E-10  2.660891E-10  3.222046E-10  4.977658E-01  6.351965E-04  1.863496E-06  3.844362E-01  1.569193E-03  1.428450E-05  1.306759E-06  1.262785E-03  1.167249E-07  4.488535E-07  1.320791E-08  2.602434E-02  2.345557E-06  3.083510E-08  2.596105E-08  8.128240E-04  1.104920E-03  6.130281E-06  2.808647E-06  3.630170E-06  4.877064E-07
 3.331500E+02  8.651066E-02  1.010625E-05  1.742721E-10  2.325729E-10  2.596990E-10  3.145345E-10  4.977989E-01  6.255132E-04  1.768340E-06  3.846299E-01  1.546765E-03  1.357973E-05  1.275429E-06  1.244546E-03  1.117642E-07  4.307335E-07  1.279042E-08  2.571164E-02  2.254182E-06  3.000558E-08  2.524788E-08  8.010753E-04  1.088951E-03  5.826311E-06  2.667637E-06  3.448936E-06  4.676431E-07
 3.341500E+02  8.667342E-02  1.003261E-05  1.700592E-10  2.270018E-10  2.534905E-10  3.070807E-10  4.978313E-01  6.160432E-04  1.678614E-06  3.848202E-01  1.524792E-03  1.291367E-05  1.245045E-06  1.226669E-03  1.070429E-07  4.134506E-07  1.238836E-08  2.540424E-02  2.166867E-06  2.920262E-08  2.455795E-08  7.895714E-04  1.073316E-03  5.539155E-06  2.534533E-06  3.277814E-06  4.485181E-07
 3.351500E+02  8.683340E-02  9.959652E-06  1.659669E-10  2.215889E-10  2.474581E-10  2.998366E-10  4.978630E-01  6.067806E-04  1.593978E-06  3.850072E-01  1.503260E-03  1.228400E-05  1.215571E-06  1.209146E-03  1.025484E-07  3.969616E-07  1.200111E-08  2.510203E-02  2.083413E-06  2.842527E-08  2.389042E-08  7.783059E-04  1.058005E-03  5.267795E-06  2.408850E-06  3.116187E-06  4.302827E-07
 3.361500E+02  8.699066E-02  9.887384E-06  1.619916E-10  2.163294E-10  2.415963E-10  2.927958E-10  4.978940E-01  5.977199E-04  1.514114E-06  3.851908E-01  1.482161E-03  1.168853E-05  1.186977E-06  1.191969E-03  9.826853E-08  3.812260E-07  1.162804E-08  2.480492E-02  2.003631E-06  2.767261E-08  2.324448E-08  7.672728E-04  1.043010E-03  5.011278E-06  2.290133E-06  2.963476E-06  4.128911E-07
 3.371500E+02  8.714524E-02  9.815803E-06  1.581294E-10  2.112184E-10  2.358997E-10  2.859521E-10  4.979244E-01  5.888554E-04  1.438728E-06  3.853712E-01  1.461482E-03  1.112525E-05  1.159232E-06  1.175130E-03  9.419196E-08  3.662056E-07  1.126858E-08  2.451282E-02  1.927341E-06  2.694377E-08  2.261935E-08  7.564661E-04  1.028323E-03  4.768715E-06  2.177960E-06  2.819141E-06  3.963001E-07
 3.381500E+02  8.729721E-02  9.744910E-06  1.543769E-10  2.062514E-10  2.303634E-10  2.792993E-10  4.979541E-01  5.801820E-04  1.367543E-06  3.855484E-01  1.441215E-03  1.059224E-05  1.132306E-06  1.158622E-03  9.030798E-08  3.518642E-07  1.092218E-08  2.422561E-02  1.854374E-06  2.623790E-08  2.201426E-08  7.458801E-04  1.013937E-03  4.539274E-06  2.071934E-06  2.682678E-06  3.804689E-07
 3.391500E+02  8.744660E-02  9.674703E-06  1.507307E-10  2.014239E-10  2.249823E-10  2.728317E-10  4.979832E-01  5.716945E-04  1.300303E-06  3.857225E-01  1.421348E-03  1.008773E-05  1.106171E-06  1.142435E-03  8.660650E-08  3.381675E-07  1.058829E-08  2.394322E-02  1.784569E-06  2.555419E-08  2.142851E-08  7.355093E-04  9.998431E-04  4.322175E-06  1.971685E-06  2.553615E-06  3.653589E-07
 3.401500E+02  8.759348E-02  9.605180E-06  1.471874E-10  1.967317E-10  2.197517E-10  2.665436E-10  4.980118E-01  5.633880E-04  1.236767E-06  3.858935E-01  1.401873E-03  9.610040E-06  1.080800E-06  1.126564E-03  8.307802E-08  3.250833E-07  1.026642E-08  2.366555E-02  1.717774E-06  2.489185E-08  2.086139E-08  7.253482E-04  9.860349E-04  4.116691E-06  1.876868E-06  2.431510E-06  3.509337E-07
 3.411500E+02  8.773788E-02  9.536340E-06  1.437438E-10  1.921705E-10  2.146668E-10  2.604294E-10  4.980397E-01  5.552576E-04  1.176711E-06  3.860616E-01  1.382779E-03  9.157613E-06  1.056166E-06  1.111001E-03  7.971355E-08  3.125810E-07  9.956073E-09  2.339250E-02  1.653845E-06  2.425013E-08  2.031225E-08  7.153917E-04  9.725051E-04  3.922140E-06  1.787160E-06  2.315953E-06  3.371587E-07
 3.421500E+02  8.787986E-02  9.468182E-06  1.403969E-10  1.877363E-10  2.097233E-10  2.544840E-10  4.980671E-01  5.472988E-04  1.119925E-06  3.862268E-01  1.364059E-03  8.728985E-06  1.032246E-06  1.095738E-03  7.650464E-08  3.006318E-07  9.656792E-09  2.312400E-02  1.592645E-06  2.362831E-08  1.978044E-08  7.056345E-04  9.592465E-04  3.737882E-06  1.702257E-06  2.206556E-06  3.240016E-07
 3.431500E+02  8.801946E-02  9.400702E-06  1.371436E-10  1.834251E-10  2.049168E-10  2.487020E-10  4.980939E-01  5.395070E-04  1.066214E-06  3.863891E-01  1.345702E-03  8.322783E-06  1.009013E-06  1.080770E-03  7.344329E-08  2.892084E-07  9.368133E-09  2.285996E-02  1.534045E-06  2.302570E-08  1.926533E-08  6.960719E-04  9.462525E-04  3.563321E-06  1.621878E-06  2.102959E-06  3.114314E-07
 3.441500E+02  8.815674E-02  9.333898E-06  1.339810E-10  1.792333E-10  2.002431E-10  2.430787E-10  4.981201E-01  5.318779E-04  1.015394E-06  3.865486E-01  1.327701E-03  7.937720E-06  9.864463E-07  1.066088E-03  7.052197E-08  2.782849E-07  9.089671E-09  2.260028E-02  1.477922E-06  2.244162E-08  1.876635E-08  6.866990E-04  9.335166E-04  3.397895E-06  1.545756E-06  2.004822E-06  2.994192E-07
 3.451500E+02  8.829172E-02  9.267767E-06  1.309064E-10  1.751571E-10  1.956981E-10  2.376090E-10  4.981459E-01  5.244072E-04  9.672940E-07  3.867053E-01  1.310046E-03  7.572590E-06  9.645222E-07  1.051687E-03  6.773356E-08  2.678370E-07  8.821001E-09  2.234490E-02  1.424158E-06  2.187544E-08  1.828293E-08  6.775111E-04  9.210324E-04  3.241079E-06  1.473645E-06  1.911831E-06  2.879374E-07
 3.461500E+02  8.842447E-02  9.202307E-06  1.279169E-10  1.711930E-10  1.912779E-10  2.322884E-10  4.981711E-01  5.170908E-04  9.217539E-07  3.868594E-01  1.292730E-03  7.226261E-06  9.432195E-07  1.037561E-03  6.507133E-08  2.578414E-07  8.561735E-09  2.209372E-02  1.372644E-06  2.132652E-08  1.781450E-08  6.685038E-04  9.087938E-04  3.092381E-06  1.405311E-06  1.823686E-06  2.769599E-07
 3.471500E+02  8.855502E-02  9.137513E-06  1.250101E-10  1.673376E-10  1.869787E-10  2.271124E-10  4.981958E-01  5.099247E-04  8.786236E-07  3.870109E-01  1.275745E-03  6.897669E-06  9.225176E-07  1.023703E-03  6.252892E-08  2.482764E-07  8.311501E-09  2.184666E-02  1.323275E-06  2.079428E-08  1.736056E-08  6.596725E-04  8.967947E-04  2.951339E-06  1.340536E-06  1.740111E-06  2.664621E-07
 3.481500E+02  8.868341E-02  9.073383E-06  1.221833E-10  1.635875E-10  1.827967E-10  2.220765E-10  4.982200E-01  5.029052E-04  8.377626E-07  3.871598E-01  1.259083E-03  6.585817E-06  9.023964E-07  1.010106E-03  6.010034E-08  2.391211E-07  8.069946E-09  2.160365E-02  1.275952E-06  2.027814E-08  1.692058E-08  6.510132E-04  8.850294E-04  2.817518E-06  1.279117E-06  1.660844E-06  2.564207E-07
 3.491500E+02  8.880968E-02  9.009913E-06  1.194341E-10  1.599395E-10  1.787284E-10  2.171766E-10  4.982437E-01  4.960284E-04  7.990393E-07  3.873061E-01  1.242736E-03  6.289769E-06  8.828369E-07  9.967664E-04  5.777991E-08  2.303560E-07  7.836729E-09  2.136461E-02  1.230578E-06  1.977755E-08  1.649409E-08  6.425216E-04  8.734921E-04  2.690512E-06  1.220862E-06  1.585641E-06  2.468136E-07
 3.501500E+02  8.893388E-02  8.947098E-06  1.167600E-10  1.563906E-10  1.747704E-10  2.124085E-10  4.982670E-01  4.892907E-04  7.623304E-07  3.874500E-01  1.226698E-03  6.008644E-06  8.638206E-07  9.836767E-04  5.556227E-08  2.219624E-07  7.611526E-09  2.112947E-02  1.187066E-06  1.929198E-08  1.608062E-08  6.341936E-04  8.621775E-04  2.569940E-06  1.165592E-06  1.514271E-06  2.376198E-07
 3.511500E+02  8.905605E-02  8.884934E-06  1.141589E-10  1.529377E-10  1.709192E-10  2.077682E-10  4.982898E-01  4.826887E-04  7.275204E-07  3.875915E-01  1.210960E-03  5.741616E-06  8.453298E-07  9.708319E-04  5.344234E-08  2.139227E-07  7.394024E-09  2.089814E-02  1.145330E-06  1.882091E-08  1.567971E-08  6.260254E-04  8.510801E-04  2.455442E-06  1.113137E-06  1.446520E-06  2.288196E-07
 3.521500E+02  8.917622E-02  8.823419E-06  1.116284E-10  1.495779E-10  1.671718E-10  2.032520E-10  4.983122E-01  4.762189E-04  6.945009E-07  3.877306E-01  1.195517E-03  5.487908E-06  8.273473E-07  9.582264E-04  5.141532E-08  2.062202E-07  7.183927E-09  2.067057E-02  1.105288E-06  1.836386E-08  1.529093E-08  6.180132E-04  8.401948E-04  2.346681E-06  1.063341E-06  1.382185E-06  2.203942E-07
 3.531500E+02  8.929444E-02  8.762546E-06  1.091664E-10  1.463084E-10  1.635249E-10  1.988560E-10  4.983342E-01  4.698779E-04  6.631703E-07  3.878673E-01  1.180361E-03  5.246788E-06  8.098568E-07  9.458549E-04  4.947667E-08  1.988390E-07  6.980949E-09  2.044667E-02  1.066865E-06  1.792034E-08  1.491387E-08  6.101533E-04  8.295165E-04  2.243341E-06  1.016054E-06  1.321076E-06  2.123257E-07
 3.541500E+02  8.941073E-02  8.702311E-06  1.067709E-10  1.431264E-10  1.599755E-10  1.945768E-10  4.983557E-01  4.636627E-04  6.334334E-07  3.880018E-01  1.165486E-03  5.017570E-06  7.928423E-07  9.337122E-04  4.762209E-08  1.917642E-07  6.784816E-09  2.022638E-02  1.029986E-06  1.748991E-08  1.454811E-08  6.024420E-04  8.190404E-04  2.145124E-06  9.711362E-07  1.263014E-06  2.045973E-07
 3.551500E+02  8.952515E-02  8.642711E-06  1.044398E-10  1.400294E-10  1.565206E-10  1.904108E-10  4.983768E-01  4.575700E-04  6.052005E-07  3.881341E-01  1.150885E-03  4.799608E-06  7.762885E-07  9.217932E-04  4.584751E-08  1.849813E-07  6.595268E-09  2.000963E-02  9.945823E-07  1.707212E-08  1.419329E-08  5.948759E-04  8.087617E-04  2.051750E-06  9.284576E-07  1.207832E-06  1.971930E-07
 3.561500E+02  8.963771E-02  8.583739E-06  1.021711E-10  1.370147E-10  1.531576E-10  1.863546E-10  4.983975E-01  4.515968E-04  5.783877E-07  3.882642E-01  1.136553E-03  4.592292E-06  7.601808E-07  9.100930E-04  4.414908E-08  1.784771E-07  6.412054E-09  1.979635E-02  9.605883E-07  1.666655E-08  1.384902E-08  5.874516E-04  7.986757E-04  1.962956E-06  8.878947E-07  1.155372E-06  1.900976E-07
 3.571500E+02  8.974846E-02  8.525392E-06  9.996306E-11  1.340799E-10  1.498834E-10  1.824050E-10  4.984178E-01  4.457402E-04  5.529161E-07  3.883921E-01  1.122482E-03  4.395050E-06  7.445049E-07  8.986068E-04  4.252315E-08  1.722385E-07  6.234932E-09  1.958648E-02  9.279407E-07  1.627279E-08  1.351495E-08  5.801657E-04  7.887779E-04  1.878494E-06  8.493316E-07  1.105486E-06  1.832967E-07
 3.581500E+02  8.985744E-02  8.467664E-06  9.781373E-11  1.312226E-10  1.466957E-10  1.785588E-10  4.984377E-01  4.399974E-04  5.287115E-07  3.885179E-01  1.108668E-03  4.207342E-06  7.292471E-07  8.873298E-04  4.096626E-08  1.662534E-07  6.063675E-09  1.937995E-02  8.965800E-07  1.589045E-08  1.319073E-08  5.730151E-04  7.790640E-04  1.798130E-06  8.126594E-07  1.058033E-06  1.767766E-07
 3.591500E+02  8.996467E-02  8.410551E-06  9.572137E-11  1.284406E-10  1.435916E-10  1.748129E-10  4.984573E-01  4.343656E-04  5.057043E-07  3.886416E-01  1.095104E-03  4.028662E-06  7.143944E-07  8.762575E-04  3.947513E-08  1.605102E-07  5.898060E-09  1.917670E-02  8.664492E-07  1.551915E-08  1.287603E-08  5.659966E-04  7.695297E-04  1.721645E-06  7.777757E-07  1.012883E-06  1.705244E-07
 3.601500E+02  9.007019E-02  8.354046E-06  9.368428E-11  1.257314E-10  1.405689E-10  1.711645E-10  4.984765E-01  4.288421E-04  4.838290E-07  3.887634E-01  1.081785E-03  3.858530E-06  6.999339E-07  8.653854E-04  3.804665E-08  1.549980E-07  5.737877E-09  1.897667E-02  8.374943E-07  1.515852E-08  1.257053E-08  5.591072E-04  7.601709E-04  1.648833E-06  7.445842E-07  9.699130E-07  1.645278E-07
 3.611500E+02  9.017404E-02  8.298145E-06  9.170081E-11  1.230931E-10  1.376250E-10  1.676105E-10  4.984953E-01  4.234242E-04  4.630240E-07  3.888831E-01  1.068705E-03  3.696496E-06  6.858534E-07  8.547091E-04  3.667788E-08  1.497062E-07  5.582922E-09  1.877980E-02  8.096639E-07  1.480822E-08  1.227393E-08  5.523440E-04  7.509835E-04  1.579499E-06  7.129940E-07  9.290054E-07  1.587751E-07
 3.621500E+02  9.027624E-02  8.242843E-06  8.976935E-11  1.205234E-10  1.347576E-10  1.641483E-10  4.985138E-01  4.181095E-04  4.432313E-07  3.890010E-01  1.055860E-03  3.542134E-06  6.721411E-07  8.442244E-04  3.536603E-08  1.446251E-07  5.433002E-09  1.858603E-02  7.829088E-07  1.446790E-08  1.198592E-08  5.457039E-04  7.419636E-04  1.513459E-06  6.829198E-07  8.900511E-07  1.532551E-07
 3.631500E+02  9.037682E-02  8.188135E-06  8.788836E-11  1.180204E-10  1.319644E-10  1.607751E-10  4.985319E-01  4.128955E-04  4.243965E-07  3.891169E-01  1.043243E-03  3.395043E-06  6.587856E-07  8.339271E-04  3.410844E-08  1.397450E-07  5.287931E-09  1.839530E-02  7.571826E-07  1.413724E-08  1.170622E-08  5.391843E-04  7.331074E-04  1.450540E-06  6.542810E-07  8.529469E-07  1.479573E-07
 3.641500E+02  9.047582E-02  8.134014E-06  8.605633E-11  1.155821E-10  1.292434E-10  1.574883E-10  4.985497E-01  4.077797E-04  4.064682E-07  3.892309E-01  1.030851E-03  3.254846E-06  6.457759E-07  8.238132E-04  3.290260E-08  1.350572E-07  5.147529E-09  1.820755E-02  7.324408E-07  1.381592E-08  1.143456E-08  5.327824E-04  7.244112E-04  1.390579E-06  6.270019E-07  8.175955E-07  1.428718E-07
 3.651500E+02  9.057326E-02  8.080476E-06  8.427181E-11  1.132065E-10  1.265923E-10  1.542855E-10  4.985672E-01  4.027599E-04  3.893981E-07  3.893431E-01  1.018677E-03  3.121186E-06  6.331014E-07  8.138787E-04  3.174612E-08  1.305530E-07  5.011626E-09  1.802273E-02  7.086410E-07  1.350365E-08  1.117067E-08  5.264956E-04  7.158713E-04  1.333423E-06  6.010110E-07  7.839051E-07  1.379889E-07
 3.661500E+02  9.066917E-02  8.027515E-06  8.253340E-11  1.108919E-10  1.240091E-10  1.511641E-10  4.985844E-01  3.978338E-04  3.731407E-07  3.894536E-01  1.006717E-03  2.993727E-06  6.207518E-07  8.041197E-04  3.063674E-08  1.262244E-07  4.880056E-09  1.784079E-02  6.857430E-07  1.320012E-08  1.091430E-08  5.203213E-04  7.074844E-04  1.278926E-06  5.762410E-07  7.517893E-07  1.332996E-07
 3.671500E+02  9.076359E-02  7.975125E-06  8.083975E-11  1.086365E-10  1.214918E-10  1.481219E-10  4.986012E-01  3.929992E-04  3.576531E-07  3.895622E-01  9.949674E-04  2.872149E-06  6.087172E-07  7.945326E-04  2.957231E-08  1.220636E-07  4.752662E-09  1.766166E-02  6.637083E-07  1.290506E-08  1.066520E-08  5.142569E-04  6.992468E-04  1.226951E-06  5.526283E-07  7.211666E-07  1.287954E-07
 3.681500E+02  9.085654E-02  7.923302E-06  7.918952E-11  1.064385E-10  1.190385E-10  1.451564E-10  4.986178E-01  3.882539E-04  3.428949E-07  3.896692E-01  9.834224E-04  2.756154E-06  5.969881E-07  7.851136E-04  2.855078E-08  1.180633E-07  4.629293E-09  1.748531E-02  6.425003E-07  1.261819E-08  1.042313E-08  5.083000E-04  6.911553E-04  1.177370E-06  5.301130E-07  6.919599E-07  1.244679E-07
 3.691500E+02  9.094805E-02  7.872039E-06  7.758146E-11  1.042962E-10  1.166473E-10  1.422656E-10  4.986340E-01  3.835959E-04  3.288280E-07  3.897744E-01  9.720779E-04  2.645459E-06  5.855553E-07  7.758591E-04  2.757021E-08  1.142165E-07  4.509803E-09  1.731167E-02  6.220841E-07  1.233926E-08  1.018787E-08  5.024482E-04  6.832067E-04  1.130059E-06  5.086386E-07  6.640968E-07  1.203094E-07
 3.701500E+02  9.103815E-02  7.821332E-06  7.601433E-11  1.022081E-10  1.143165E-10  1.394472E-10  4.986500E-01  3.790232E-04  3.154166E-07  3.898780E-01  9.609297E-04  2.539795E-06  5.744099E-07  7.667657E-04  2.662876E-08  1.105166E-07  4.394053E-09  1.714069E-02  6.024264E-07  1.206800E-08  9.959188E-09  4.966992E-04  6.753977E-04  1.084905E-06  4.881518E-07  6.375085E-07  1.163126E-07
 3.711500E+02  9.112685E-02  7.771173E-06  7.448693E-11  1.001725E-10  1.120442E-10  1.366992E-10  4.986657E-01  3.745337E-04  3.026267E-07  3.899800E-01  9.499735E-04  2.438909E-06  5.635433E-07  7.578299E-04  2.572467E-08  1.069572E-07  4.281909E-09  1.697234E-02  5.834955E-07  1.180418E-08  9.736882E-09  4.910508E-04  6.677254E-04  1.041797E-06  4.686022E-07  6.121305E-07  1.124703E-07
 3.721500E+02  9.121419E-02  7.721559E-06  7.299812E-11  9.818804E-11  1.098289E-10  1.340195E-10  4.986811E-01  3.701257E-04  2.904263E-07  3.900803E-01  9.392052E-04  2.342563E-06  5.529471E-07  7.490485E-04  2.485628E-08  1.035324E-07  4.173242E-09  1.680655E-02  5.652610E-07  1.154757E-08  9.520744E-09  4.855007E-04  6.601867E-04  1.000634E-06  4.499422E-07  5.879015E-07  1.087758E-07
 3.731500E+02  9.130020E-02  7.672483E-06  7.154676E-11  9.625312E-11  1.076688E-10  1.314062E-10  4.986962E-01  3.657971E-04  2.787853E-07  3.901791E-01  9.286208E-04  2.250530E-06  5.426135E-07  7.404181E-04  2.402201E-08  1.002363E-07  4.067928E-09  1.664329E-02  5.476942E-07  1.129792E-08  9.310576E-09  4.800468E-04  6.527786E-04  9.613183E-07  4.321269E-07  5.647639E-07  1.052227E-07
