#         T/K            c1          c2-1          c3-4          c3-5          c3-7          c3-9            m1          m2-1          m3-1            w1            w2          w3-1          w3-2          c1m1        c1m2-1        c1m2-7        c2m1-1        c1w1-2        c1w2-1        c2w1-1        c2w1-9        m1w1-1        m1w1-4        m1w2-1        m2w1-1        m2w1-3      c1m1w1-1
 2.731500E+02  6.980712E-01  1.583370E-03  9.508728E-07  1.248044E-06  1.388548E-06  1.655670E-06  1.445077E-01  1.724467E-04  2.221151E-06  5.461791E-02  1.005111E-04  1.881298E-06  2.639662E-08  1.036321E-02  2.350734E-06  7.713504E-06  3.790704E-06  9.028848E-02  9.132169E-06  3.142647E-06  2.759576E-06  1.046970E-04  1.425208E-04  1.640632E-06  1.571701E-06  1.990581E-06  4.446187E-06
 2.741500E+02  6.987735E-01  1.557488E-03  9.083090E-07  1.192581E-06  1.326940E-06  1.582710E-06  1.446393E-01  1.685725E-04  2.054613E-06  5.517089E-02  1.001178E-04  1.791719E-06  2.611669E-08  1.011291E-02  2.196564E-06  7.230967E-06  3.590781E-06  8.918777E-02  8.731347E-06  3.024351E-06  2.653410E-06  1.033628E-04  1.406957E-04  1.548214E-06  1.468726E-06  1.860901E-06  4.200154E-06
 2.751500E+02  6.994655E-01  1.532236E-03  8.679728E-07  1.140004E-06  1.268534E-06  1.513519E-06  1.447667E-01  1.648094E-04  1.901595E-06  5.571805E-02  9.970451E-05  1.706379E-06  2.583256E-08  9.870401E-03  2.053518E-06  6.781811E-06  3.402817E-06  8.809866E-02  8.348945E-06  2.911060E-06  2.551827E-06  1.020415E-04  1.388886E-04  1.461246E-06  1.372982E-06  1.740282E-06  3.968923E-06
 2.761500E+02  7.001472E-01  1.507594E-03  8.297326E-07  1.090143E-06  1.213140E-06  1.447877E-06  1.448902E-01  1.611538E-04  1.760924E-06  5.625933E-02  9.927205E-05  1.625090E-06  2.554468E-08  9.635412E-03  1.920729E-06  6.363529E-06  3.226024E-06  8.702122E-02  7.984105E-06  2.802544E-06  2.454613E-06  1.007334E-04  1.371001E-04  1.379398E-06  1.283934E-06  1.628053E-06  3.751543E-06
 2.771500E+02  7.008187E-01  1.483544E-03  7.934653E-07  1.042838E-06  1.160583E-06  1.385578E-06  1.450099E-01  1.576022E-04  1.631534E-06  5.679471E-02  9.882131E-05  1.547671E-06  2.525345E-08  9.407666E-03  1.797400E-06  5.973817E-06  3.059666E-06  8.595555E-02  7.636009E-06  2.698583E-06  2.361564E-06  9.943887E-05  1.353304E-04  1.302361E-06  1.201086E-06  1.523596E-06  3.547127E-06
 2.781500E+02  7.014803E-01  1.460069E-03  7.590559E-07  9.979424E-07  1.110698E-06  1.326429E-06  1.451260E-01  1.541512E-04  1.512456E-06  5.732414E-02  9.835318E-05  1.473944E-06  2.495930E-08  9.186902E-03  1.682801E-06  5.610553E-06  2.903062E-06  8.490171E-02  7.303876E-06  2.598970E-06  2.272485E-06  9.815796E-05  1.335797E-04  1.229842E-06  1.123980E-06  1.426342E-06  3.354847E-06
 2.791500E+02  7.021319E-01  1.437150E-03  7.263967E-07  9.553165E-07  1.063332E-06  1.270250E-06  1.452385E-01  1.507978E-04  1.402812E-06  5.784761E-02  9.786851E-05  1.403744E-06  2.466259E-08  8.972869E-03  1.576262E-06  5.271785E-06  2.755579E-06  8.385975E-02  6.986960E-06  2.503507E-06  2.187192E-06  9.689092E-05  1.318484E-04  1.161569E-06  1.052194E-06  1.335763E-06  3.173933E-06
 2.801500E+02  7.027737E-01  1.414772E-03  6.953871E-07  9.148305E-07  1.018341E-06  1.216872E-06  1.453476E-01  1.475386E-04  1.301799E-06  5.836508E-02  9.736813E-05  1.336907E-06  2.436373E-08  8.765327E-03  1.477169E-06  4.955716E-06  2.616628E-06  8.282973E-02  6.684551E-06  2.412005E-06  2.105510E-06  9.563789E-05  1.301365E-04  1.097285E-06  9.853402E-07  1.251374E-06  3.003665E-06
 2.811500E+02  7.034059E-01  1.392918E-03  6.659326E-07  8.763629E-07  9.755901E-07  1.166136E-06  1.454534E-01  1.443708E-04  1.208690E-06  5.887654E-02  9.685289E-05  1.273279E-06  2.406305E-08  8.564044E-03  1.384956E-06  4.660691E-06  2.485661E-06  8.181168E-02  6.395969E-06  2.324285E-06  2.027273E-06  9.439903E-05  1.284443E-04  1.036750E-06  9.230578E-07  1.172725E-06  2.843373E-06
 2.821500E+02  7.040285E-01  1.371574E-03  6.379451E-07  8.397994E-07  9.349523E-07  1.117894E-06  1.455561E-01  1.412913E-04  1.122821E-06  5.938198E-02  9.632358E-05  1.212712E-06  2.376092E-08  8.368798E-03  1.299106E-06  4.385182E-06  2.362171E-06  8.080562E-02  6.120569E-06  2.240178E-06  1.952321E-06  9.317445E-05  1.267719E-04  9.797362E-07  8.650153E-07  1.099403E-06  2.692428E-06
 2.831500E+02  7.046416E-01  1.350723E-03  6.113416E-07  8.050333E-07  8.963094E-07  1.072007E-06  1.456557E-01  1.382974E-04  1.043589E-06  5.988138E-02  9.578100E-05  1.155062E-06  2.345766E-08  8.179376E-03  1.219141E-06  4.127783E-06  2.245684E-06  7.981156E-02  5.857733E-06  2.159520E-06  1.880505E-06  9.196426E-05  1.251195E-04  9.260328E-07  8.109060E-07  1.031023E-06  2.550247E-06
 2.841500E+02  7.052455E-01  1.330352E-03  5.860447E-07  7.719644E-07  8.595504E-07  1.028344E-06  1.457524E-01  1.353863E-04  9.704420E-07  6.037476E-02  9.522593E-05  1.100194E-06  2.315360E-08  7.995572E-03  1.144624E-06  3.887196E-06  2.135758E-06  7.882953E-02  5.606874E-06  2.082157E-06  1.811681E-06  9.076854E-05  1.234872E-04  8.754403E-07  7.604467E-07  9.672316E-07  2.416283E-06
 2.851500E+02  7.058401E-01  1.310447E-03  5.619816E-07  7.404986E-07  8.245710E-07  9.867838E-07  1.458463E-01  1.325555E-04  9.028789E-07  6.086210E-02  9.465914E-05  1.047976E-06  2.284903E-08  7.817191E-03  1.075150E-06  3.662222E-06  2.031983E-06  7.785950E-02  5.367430E-06  2.007942E-06  1.745713E-06  8.958735E-05  1.218749E-04  8.277718E-07  7.133756E-07  9.077013E-07  2.290027E-06
 2.861500E+02  7.064256E-01  1.290994E-03  5.390840E-07  7.105476E-07  7.912734E-07  9.472102E-07  1.459374E-01  1.298022E-04  8.404415E-07  6.134342E-02  9.408135E-05  9.982843E-07  2.254426E-08  7.644043E-03  1.010348E-06  3.451756E-06  1.933976E-06  7.690148E-02  5.138867E-06  1.936735E-06  1.682471E-06  8.842075E-05  1.202828E-04  7.828516E-07  6.694505E-07  8.521291E-07  2.171002E-06
 2.871500E+02  7.070022E-01  1.271980E-03  5.172878E-07  6.820287E-07  7.595657E-07  9.095157E-07  1.460258E-01  1.271242E-04  7.827116E-07  6.181872E-02  9.349330E-05  9.509979E-07  2.223955E-08  7.475946E-03  9.498773E-07  3.254775E-06  1.841381E-06  7.595544E-02  4.920675E-06  1.868402E-06  1.621833E-06  8.726876E-05  1.187109E-04  7.405151E-07  6.284476E-07  8.002347E-07  2.058762E-06
 2.881500E+02  7.075699E-01  1.253394E-03  4.965328E-07  6.548641E-07  7.293617E-07  8.735986E-07  1.461117E-01  1.245189E-04  7.293076E-07  6.228802E-02  9.289568E-05  9.060028E-07  2.193517E-08  7.312727E-03  8.934215E-07  3.070336E-06  1.753866E-06  7.502135E-02  4.712369E-06  1.802817E-06  1.563681E-06  8.613141E-05  1.171593E-04  7.006076E-07  5.901598E-07  7.517586E-07  1.952891E-06
 2.891500E+02  7.081288E-01  1.235222E-03  4.767626E-07  6.289805E-07  7.005802E-07  8.393637E-07  1.461952E-01  1.219841E-04  6.798806E-07  6.275134E-02  9.228918E-05  8.631897E-07  2.163137E-08  7.154216E-03  8.406905E-07  2.897566E-06  1.671119E-06  7.409919E-02  4.513484E-06  1.739859E-06  1.507903E-06  8.500870E-05  1.156278E-04  6.629840E-07  5.543955E-07  7.064610E-07  1.853001E-06
 2.901500E+02  7.086791E-01  1.217454E-03  4.579240E-07  6.043094E-07  6.731451E-07  8.067212E-07  1.462762E-01  1.195177E-04  6.341117E-07  6.320869E-02  9.167446E-05  8.224539E-07  2.132838E-08  7.000253E-03  7.914165E-07  2.735656E-06  1.592853E-06  7.318891E-02  4.323581E-06  1.679412E-06  1.454393E-06  8.390062E-05  1.141165E-04  6.275079E-07  5.209773E-07  6.641193E-07  1.758727E-06
 2.911500E+02  7.092208E-01  1.200077E-03  4.399672E-07  5.807860E-07  6.469846E-07  7.755868E-07  1.463550E-01  1.171174E-04  5.917095E-07  6.366010E-02  9.105217E-05  7.836956E-07  2.102643E-08  6.850684E-03  7.453524E-07  2.583859E-06  1.518796E-06  7.229046E-02  4.142239E-06  1.621366E-06  1.403050E-06  8.280715E-05  1.126253E-04  5.940516E-07  4.897410E-07  6.245279E-07  1.669729E-06
 2.921500E+02  7.097542E-01  1.183082E-03  4.228452E-07  5.583496E-07  6.220313E-07  7.458811E-07  1.464316E-01  1.147811E-04  5.524070E-07  6.410560E-02  9.042294E-05  7.468194E-07  2.072572E-08  6.705358E-03  7.022701E-07  2.441485E-06  1.448695E-06  7.140379E-02  3.969056E-06  1.565617E-06  1.353778E-06  8.172825E-05  1.111543E-04  5.624948E-07  4.605345E-07  5.874958E-07  1.585690E-06
 2.931500E+02  7.102792E-01  1.166457E-03  4.065137E-07  5.369430E-07  5.982218E-07  7.175293E-07  1.465059E-01  1.125070E-04  5.159599E-07  6.454522E-02  8.978737E-05  7.117344E-07  2.042646E-08  6.564132E-03  6.619589E-07  2.307891E-06  1.382316E-06  7.052884E-02  3.803651E-06  1.512065E-06  1.306484E-06  8.066389E-05  1.097032E-04  5.327248E-07  4.332170E-07  5.528463E-07  1.506309E-06
 2.941500E+02  7.107961E-01  1.150192E-03  3.909313E-07  5.165123E-07  5.754963E-07  6.904610E-07  1.465783E-01  1.102929E-04  4.821446E-07  6.497898E-02  8.914604E-05  6.783538E-07  2.012883E-08  6.426870E-03  6.242242E-07  2.182486E-06  1.319438E-06  6.966554E-02  3.645661E-06  1.460614E-06  1.261083E-06  7.961401E-05  1.082721E-04  5.046357E-07  4.076578E-07  5.204156E-07  1.431310E-06
 2.951500E+02  7.113049E-01  1.134278E-03  3.760588E-07  4.970067E-07  5.537986E-07  6.646100E-07  1.466486E-01  1.081372E-04  4.507559E-07  6.540693E-02  8.849952E-05  6.465947E-07  1.983301E-08  6.293437E-03  5.888860E-07  2.064717E-06  1.259854E-06  6.881383E-02  3.494739E-06  1.411174E-06  1.217489E-06  7.857854E-05  1.068607E-04  4.781281E-07  3.837360E-07  4.900517E-07  1.360430E-06
 2.961500E+02  7.118057E-01  1.118705E-03  3.618593E-07  4.783786E-07  5.330755E-07  6.399138E-07  1.467170E-01  1.060379E-04  4.216059E-07  6.582910E-02  8.784836E-05  6.163781E-07  1.953915E-08  6.163707E-03  5.557781E-07  1.954075E-06  1.203371E-06  6.797363E-02  3.350555E-06  1.363659E-06  1.175625E-06  7.755741E-05  1.054691E-04  4.531087E-07  3.613393E-07  4.616136E-07  1.293426E-06
 2.971500E+02  7.122987E-01  1.103464E-03  3.482981E-07  4.605829E-07  5.132772E-07  6.163134E-07  1.467835E-01  1.039933E-04  3.945222E-07  6.624553E-02  8.719309E-05  5.876288E-07  1.924741E-08  6.037557E-03  5.247465E-07  1.850087E-06  1.149810E-06  6.714487E-02  3.212794E-06  1.317985E-06  1.135414E-06  7.655055E-05  1.040971E-04  4.294897E-07  3.403637E-07  4.349706E-07  1.230067E-06
 2.981500E+02  7.127840E-01  1.088545E-03  3.353425E-07  4.435770E-07  4.943566E-07  5.937533E-07  1.468482E-01  1.020018E-04  3.693466E-07  6.665626E-02  8.653421E-05  5.602751E-07  1.895794E-08  5.914868E-03  4.956488E-07  1.752313E-06  1.099001E-06  6.632744E-02  3.081158E-06  1.274075E-06  1.096785E-06  7.555786E-05  1.027446E-04  4.071890E-07  3.207126E-07  4.100012E-07  1.170140E-06
 2.991500E+02  7.132616E-01  1.073941E-03  3.229616E-07  4.273210E-07  4.762691E-07  5.721810E-07  1.469111E-01  1.000617E-04  3.459337E-07  6.706135E-02  8.587222E-05  5.342486E-07  1.867085E-08  5.795528E-03  4.683531E-07  1.660345E-06  1.050786E-06  6.552128E-02  2.955359E-06  1.231852E-06  1.059669E-06  7.457925E-05  1.014114E-04  3.861290E-07  3.022964E-07  3.865929E-07  1.113443E-06
 3.001500E+02  7.137316E-01  1.059642E-03  3.111264E-07  4.117771E-07  4.589728E-07  5.515472E-07  1.469723E-01  9.817149E-05  3.241501E-07  6.746082E-02  8.520758E-05  5.094842E-07  1.838628E-08  5.679426E-03  4.427371E-07  1.573803E-06  1.005017E-06  6.472629E-02  2.835128E-06  1.191245E-06  1.024000E-06  7.361461E-05  1.000974E-04  3.662373E-07  2.850320E-07  3.646408E-07  1.059788E-06
 3.011500E+02  7.141943E-01  1.045642E-03  2.998093E-07  3.969096E-07  4.424283E-07  5.318050E-07  1.470319E-01  9.632958E-05  3.038731E-07  6.785474E-02  8.454075E-05  4.859200E-07  1.810432E-08  5.566457E-03  4.186877E-07  1.492337E-06  9.615543E-07  6.394237E-02  2.720205E-06  1.152187E-06  9.897164E-07  7.266384E-05  9.880237E-05  3.474456E-07  2.688420E-07  3.440479E-07  1.008997E-06
 3.021500E+02  7.146497E-01  1.031931E-03  2.889843E-07  3.826849E-07  4.265980E-07  5.129104E-07  1.470900E-01  9.453454E-05  2.849900E-07  6.824315E-02  8.387217E-05  4.634968E-07  1.782510E-08  5.456521E-03  3.960999E-07  1.415618E-06  9.202683E-07  6.316942E-02  2.610343E-06  1.114611E-06  9.567587E-07  7.172682E-05  9.752623E-05  3.296898E-07  2.536547E-07  3.247238E-07  9.609058E-07
 3.031500E+02  7.150979E-01  1.018503E-03  2.786272E-07  3.690711E-07  4.114468E-07  4.948217E-07  1.471464E-01  9.278494E-05  2.673971E-07  6.862609E-02  8.320224E-05  4.421586E-07  1.754869E-08  5.349518E-03  3.748762E-07  1.343342E-06  8.810364E-07  6.240735E-02  2.505308E-06  1.078456E-06  9.250700E-07  7.080344E-05  9.626879E-05  3.129096E-07  2.394034E-07  3.065846E-07  9.153574E-07
 3.041500E+02  7.155390E-01  1.005349E-03  2.687146E-07  3.560382E-07  3.969412E-07  4.774995E-07  1.472014E-01  9.107943E-05  2.509989E-07  6.900363E-02  8.253138E-05  4.218518E-07  1.727518E-08  5.245355E-03  3.549263E-07  1.275226E-06  8.437442E-07  6.165605E-02  2.404877E-06  1.043661E-06  8.945962E-07  6.989356E-05  9.502986E-05  2.970485E-07  2.260263E-07  2.895522E-07  8.722064E-07
 3.051500E+02  7.159731E-01  9.924639E-04  2.592248E-07  3.435579E-07  3.830498E-07  4.609066E-07  1.472550E-01  8.941667E-05  2.357074E-07  6.937581E-02  8.185995E-05  4.025256E-07  1.700466E-08  5.143942E-03  3.361663E-07  1.211005E-06  8.082841E-07  6.091542E-02  2.308835E-06  1.010171E-06  8.652858E-07  6.899707E-05  9.380926E-05  2.820533E-07  2.134656E-07  2.735539E-07  8.313156E-07
 3.061500E+02  7.164003E-01  9.798395E-04  2.501372E-07  3.316032E-07  3.697427E-07  4.450077E-07  1.473071E-01  8.779540E-05  2.214417E-07  6.974270E-02  8.118834E-05  3.841316E-07  1.673719E-08  5.045191E-03  3.185183E-07  1.150434E-06  7.745548E-07  6.018535E-02  2.216980E-06  9.779306E-07  8.370895E-07  6.811382E-05  9.260682E-05  2.678741E-07  2.016678E-07  2.585223E-07  7.925565E-07
 3.071500E+02  7.168207E-01  9.674695E-04  2.414321E-07  3.201489E-07  3.569918E-07  4.297696E-07  1.473579E-01  8.621436E-05  2.081273E-07  7.010433E-02  8.051688E-05  3.666237E-07  1.647282E-08  4.949017E-03  3.019099E-07  1.093284E-06  7.424617E-07  5.946572E-02  2.129120E-06  9.468882E-07  8.099603E-07  6.724369E-05  9.142233E-05  2.544638E-07  1.905830E-07  2.443945E-07  7.558081E-07
 3.081500E+02  7.172345E-01  9.553473E-04  2.330912E-07  3.091708E-07  3.447704E-07  4.151607E-07  1.474074E-01  8.467237E-05  1.956952E-07  7.046078E-02  7.984592E-05  3.499582E-07  1.621163E-08  4.855341E-03  2.862738E-07  1.039343E-06  7.119153E-07  5.875643E-02  2.045070E-06  9.169945E-07  7.838534E-07  6.638654E-05  9.025560E-05  2.417784E-07  1.801649E-07  2.311120E-07  7.209570E-07
 3.091500E+02  7.176417E-01  9.434666E-04  2.250970E-07  2.986463E-07  3.330533E-07  4.011512E-07  1.474556E-01  8.316828E-05  1.840820E-07  7.081209E-02  7.917577E-05  3.340935E-07  1.595365E-08  4.764083E-03  2.715475E-07  9.884106E-07  6.828320E-07  5.805737E-02  1.964655E-06  8.882022E-07  7.587260E-07  6.554221E-05  8.910643E-05  2.297763E-07  1.703704E-07  2.186204E-07  6.878965E-07
 3.101500E+02  7.180424E-01  9.318215E-04  2.174330E-07  2.885539E-07  3.218166E-07  3.877128E-07  1.475026E-01  8.170097E-05  1.732293E-07  7.115833E-02  7.850673E-05  3.189900E-07  1.569893E-08  4.675168E-03  2.576726E-07  9.403024E-07  6.551329E-07  5.736841E-02  1.887707E-06  8.604662E-07  7.345372E-07  6.471058E-05  8.797463E-05  2.184184E-07  1.611591E-07  2.068688E-07  6.565265E-07
 3.111500E+02  7.184368E-01  9.204059E-04  2.100835E-07  2.788731E-07  3.110376E-07  3.748188E-07  1.475485E-01  8.026935E-05  1.630828E-07  7.149955E-02  7.783910E-05  3.046100E-07  1.544750E-08  4.588523E-03  2.445952E-07  8.948450E-07  6.287439E-07  5.668945E-02  1.814069E-06  8.337432E-07  7.112480E-07  6.389149E-05  8.685998E-05  2.076681E-07  1.524937E-07  1.958100E-07  6.267528E-07
 3.121500E+02  7.188249E-01  9.092142E-04  2.030336E-07  2.695847E-07  3.006949E-07  3.624438E-07  1.475931E-01  7.887239E-05  1.535926E-07  7.183581E-02  7.717314E-05  2.909178E-07  1.519939E-08  4.504080E-03  2.322646E-07  8.518771E-07  6.035951E-07  5.602036E-02  1.743588E-06  8.079921E-07  6.888212E-07  6.308479E-05  8.576228E-05  1.974909E-07  1.443393E-07  1.854000E-07  5.984868E-07
 3.131500E+02  7.192068E-01  8.982409E-04  1.962694E-07  2.606705E-07  2.907682E-07  3.505638E-07  1.476366E-01  7.750907E-05  1.447127E-07  7.216717E-02  7.650913E-05  2.778794E-07  1.495463E-08  4.421769E-03  2.206340E-07  8.112479E-07  5.796209E-07  5.536104E-02  1.676120E-06  7.831735E-07  6.672211E-07  6.229034E-05  8.468132E-05  1.878544E-07  1.366634E-07  1.755977E-07  5.716453E-07
 3.141500E+02  7.195827E-01  8.874804E-04  1.897776E-07  2.521130E-07  2.812384E-07  3.391559E-07  1.476791E-01  7.617843E-05  1.364003E-07  7.249369E-02  7.584730E-05  2.654625E-07  1.471324E-08  4.341525E-03  2.096595E-07  7.728165E-07  5.567595E-07  5.471135E-02  1.611529E-06  7.592496E-07  6.464138E-07  6.150797E-05  8.361689E-05  1.787278E-07  1.294357E-07  1.663648E-07  5.461498E-07
 3.151500E+02  7.199525E-01  8.769276E-04  1.835454E-07  2.438958E-07  2.720870E-07  3.281986E-07  1.477205E-01  7.487951E-05  1.286160E-07  7.281543E-02  7.518789E-05  2.536365E-07  1.447523E-08  4.263286E-03  1.993005E-07  7.364514E-07  5.349526E-07  5.407118E-02  1.549682E-06  7.361844E-07  6.263669E-07  6.073755E-05  8.256877E-05  1.700826E-07  1.226279E-07  1.576656E-07  5.219267E-07
 3.161500E+02  7.203165E-01  8.665775E-04  1.775611E-07  2.360034E-07  2.632968E-07  3.176714E-07  1.477609E-01  7.361141E-05  1.213233E-07  7.313245E-02  7.453112E-05  2.423720E-07  1.424061E-08  4.186992E-03  1.895188E-07  7.020296E-07  5.141454E-07  5.344042E-02  1.490456E-06  7.139435E-07  6.070492E-07  5.997891E-05  8.153676E-05  1.618917E-07  1.162137E-07  1.494667E-07  4.989067E-07
 3.171500E+02  7.206747E-01  8.564250E-04  1.718133E-07  2.284210E-07  2.548515E-07  3.075548E-07  1.478002E-01  7.237323E-05  1.144884E-07  7.344480E-02  7.387720E-05  2.316415E-07  1.400940E-08  4.112582E-03  1.802789E-07  6.694360E-07  4.942861E-07  5.281894E-02  1.433731E-06  6.924939E-07  5.884312E-07  5.923191E-05  8.052064E-05  1.541297E-07  1.101685E-07  1.417370E-07  4.770243E-07
 3.181500E+02  7.210273E-01  8.464655E-04  1.662911E-07  2.211346E-07  2.467353E-07  2.978303E-07  1.478387E-01  7.116414E-05  1.080800E-07  7.375256E-02  7.322633E-05  2.214185E-07  1.378158E-08  4.040002E-03  1.715477E-07  6.385630E-07  4.753260E-07  5.220661E-02  1.379395E-06  6.718042E-07  5.704845E-07  5.849638E-05  7.952019E-05  1.467726E-07  1.044693E-07  1.344475E-07  4.562181E-07
 3.191500E+02  7.213742E-01  8.366942E-04  1.609844E-07  2.141307E-07  2.389336E-07  2.884803E-07  1.478762E-01  6.998329E-05  1.020691E-07  7.405577E-02  7.257870E-05  2.116782E-07  1.355716E-08  3.969196E-03  1.632944E-07  6.093099E-07  4.572190E-07  5.160334E-02  1.327340E-06  6.518441E-07  5.531820E-07  5.777217E-05  7.853521E-05  1.397978E-07  9.909478E-08  1.275711E-07  4.364302E-07
 3.201500E+02  7.217156E-01  8.271066E-04  1.558835E-07  2.073969E-07  2.314322E-07  2.794884E-07  1.479127E-01  6.882990E-05  9.642884E-08  7.435451E-02  7.193448E-05  2.023966E-07  1.333614E-08  3.900111E-03  1.554900E-07  5.815824E-07  4.399218E-07  5.100898E-02  1.277462E-06  6.325848E-07  5.364978E-07  5.705913E-05  7.756546E-05  1.331843E-07  9.402484E-08  1.210823E-07  4.176060E-07
 3.211500E+02  7.220516E-01  8.176985E-04  1.509792E-07  2.009211E-07  2.242178E-07  2.708385E-07  1.479485E-01  6.770318E-05  9.113429E-08  7.464882E-02  7.129383E-05  1.935514E-07  1.311851E-08  3.832697E-03  1.481075E-07  5.552923E-07  4.233935E-07  5.042342E-02  1.229665E-06  6.139987E-07  5.204072E-07  5.635710E-05  7.661075E-05  1.269118E-07  8.924082E-08  1.149576E-07  3.996941E-07
 3.221500E+02  7.223822E-01  8.084655E-04  1.462628E-07  1.946918E-07  2.172777E-07  2.625157E-07  1.479833E-01  6.660239E-05  8.616235E-08  7.493877E-02  7.065692E-05  1.851209E-07  1.290425E-08  3.766905E-03  1.411218E-07  5.303568E-07  4.075953E-07  4.984655E-02  1.183854E-06  5.960595E-07  5.048864E-07  5.566593E-05  7.567086E-05  1.209618E-07  8.472526E-08  1.091749E-07  3.826460E-07
 3.231500E+02  7.227076E-01  7.994034E-04  1.417259E-07  1.886983E-07  2.106000E-07  2.545057E-07  1.480173E-01  6.552680E-05  8.149158E-08  7.522442E-02  7.002388E-05  1.770849E-07  1.269335E-08  3.702686E-03  1.345092E-07  5.066984E-07  3.924907E-07  4.927824E-02  1.139942E-06  5.787417E-07  4.899129E-07  5.498546E-05  7.474556E-05  1.153163E-07  8.046183E-08  1.037133E-07  3.664161E-07
 3.241500E+02  7.230279E-01  7.905084E-04  1.373607E-07  1.829301E-07  2.041730E-07  2.467948E-07  1.480506E-01  6.447572E-05  7.710207E-08  7.550583E-02  6.939484E-05  1.694241E-07  1.248579E-08  3.639995E-03  1.282478E-07  4.842444E-07  3.780454E-07  4.871838E-02  1.097843E-06  5.620212E-07  4.754649E-07  5.431554E-05  7.383466E-05  1.099588E-07  7.643528E-08  9.855363E-08  3.509614E-07
 3.251500E+02  7.233431E-01  7.817764E-04  1.331596E-07  1.773776E-07  1.979860E-07  2.393702E-07  1.480830E-01  6.344846E-05  7.297533E-08  7.578306E-02  6.876994E-05  1.621200E-07  1.228156E-08  3.578789E-03  1.223168E-07  4.629267E-07  3.642266E-07  4.816683E-02  1.057476E-06  5.458748E-07  4.615216E-07  5.365601E-05  7.293794E-05  1.048735E-07  7.263132E-08  9.367771E-08  3.362410E-07
 3.261500E+02  7.236533E-01  7.732037E-04  1.291156E-07  1.720315E-07  1.920286E-07  2.322196E-07  1.481147E-01  6.244436E-05  6.909418E-08  7.605617E-02  6.814930E-05  1.551552E-07  1.208063E-08  3.519023E-03  1.166970E-07  4.426814E-07  3.510035E-07  4.762350E-02  1.018765E-06  5.302804E-07  4.480634E-07  5.300671E-05  7.205518E-05  1.000455E-07  6.903661E-08  8.906862E-08  3.222168E-07
 3.271500E+02  7.239586E-01  7.647866E-04  1.252218E-07  1.668827E-07  1.862909E-07  2.253311E-07  1.481457E-01  6.146280E-05  6.544264E-08  7.632521E-02  6.753301E-05  1.485131E-07  1.188297E-08  3.460656E-03  1.113703E-07  4.234483E-07  3.383471E-07  4.708826E-02  9.816365E-07  5.152166E-07  4.350711E-07  5.236751E-05  7.118617E-05  9.546095E-08  6.563866E-08  8.471050E-08  3.088526E-07
 3.281500E+02  7.242591E-01  7.565215E-04  1.214718E-07  1.619229E-07  1.807635E-07  2.186938E-07  1.481759E-01  6.050314E-05  6.200588E-08  7.659025E-02  6.692119E-05  1.421780E-07  1.168857E-08  3.403650E-03  1.063198E-07  4.051713E-07  3.262299E-07  4.656099E-02  9.460202E-07  5.006631E-07  4.225267E-07  5.173824E-05  7.033072E-05  9.110662E-08  6.242577E-08  8.058850E-08  2.961141E-07
 3.291500E+02  7.245548E-01  7.484049E-04  1.178594E-07  1.571441E-07  1.754375E-07  2.122970E-07  1.482054E-01  5.956480E-05  5.877009E-08  7.685134E-02  6.631392E-05  1.361350E-07  1.149740E-08  3.347963E-03  1.015296E-07  3.877973E-07  3.146256E-07  4.604158E-02  9.118497E-07  4.866003E-07  4.104126E-07  5.111876E-05  6.948861E-05  8.697010E-08  5.938698E-08  7.668873E-08  2.839693E-07
 3.301500E+02  7.248459E-01  7.404334E-04  1.143788E-07  1.525386E-07  1.703045E-07  2.061305E-07  1.482343E-01  5.864720E-05  5.572240E-08  7.710854E-02  6.571129E-05  1.303698E-07  1.130942E-08  3.293561E-03  9.698477E-08  3.712767E-07  3.035097E-07  4.552991E-02  8.790614E-07  4.730097E-07  3.987123E-07  5.050892E-05  6.865963E-05  8.303967E-08  5.651206E-08  7.299815E-08  2.723876E-07
 3.311500E+02  7.251324E-01  7.326038E-04  1.110244E-07  1.480991E-07  1.653562E-07  2.001848E-07  1.482625E-01  5.774977E-05  5.285086E-08  7.736191E-02  6.511337E-05  1.248690E-07  1.112460E-08  3.240405E-03  9.267142E-08  3.555628E-07  2.928588E-07  4.502586E-02  8.475948E-07  4.598733E-07  3.874099E-07  4.990856E-05  6.784358E-05  7.930431E-08  5.379139E-08  6.950456E-08  2.613403E-07
 3.321500E+02  7.254143E-01  7.249129E-04  1.077909E-07  1.438186E-07  1.605850E-07  1.944507E-07  1.482901E-01  5.687197E-05  5.014433E-08  7.761151E-02  6.452025E-05  1.196197E-07  1.094292E-08  3.188461E-03  8.857646E-08  3.406116E-07  2.826508E-07  4.452934E-02  8.173919E-07  4.471739E-07  3.764899E-07  4.931755E-05  6.704027E-05  7.575359E-08  5.121596E-08  6.619651E-08  2.508003E-07
 3.331500E+02  7.256919E-01  7.173574E-04  1.046733E-07  1.396907E-07  1.559835E-07  1.889194E-07  1.483171E-01  5.601328E-05  4.759242E-08  7.785739E-02  6.393197E-05  1.146098E-07  1.076433E-08  3.137696E-03  8.468762E-08  3.263819E-07  2.728648E-07  4.404021E-02  7.883978E-07  4.348950E-07  3.659378E-07  4.873573E-05  6.624948E-05  7.237768E-08  4.877735E-08  6.306328E-08  2.407418E-07
 3.341500E+02  7.259651E-01  7.099345E-04  1.016668E-07  1.357089E-07  1.515447E-07  1.835826E-07  1.483434E-01  5.517319E-05  4.518545E-08  7.809960E-02  6.334861E-05  1.098277E-07  1.058881E-08  3.088076E-03  8.099337E-08  3.128348E-07  2.634809E-07  4.355838E-02  7.605599E-07  4.230210E-07  3.557396E-07  4.816296E-05  6.547103E-05  6.916732E-08  4.646763E-08  6.009481E-08  2.311406E-07
 3.351500E+02  7.262340E-01  7.026410E-04  9.876668E-08  1.318672E-07  1.472620E-07  1.784323E-07  1.483692E-01  5.435120E-05  4.291442E-08  7.833821E-02  6.277021E-05  1.052625E-07  1.041632E-08  3.039570E-03  7.748290E-08  2.999338E-07  2.544803E-07  4.308373E-02  7.338280E-07  4.115366E-07  3.458818E-07  4.759910E-05  6.470471E-05  6.611375E-08  4.427939E-08  5.728165E-08  2.219738E-07
 3.361500E+02  7.264988E-01  6.954742E-04  9.596865E-08  1.281600E-07  1.431289E-07  1.734610E-07  1.483944E-01  5.354683E-05  4.077090E-08  7.857326E-02  6.219682E-05  1.009037E-07  1.024682E-08  2.992147E-03  7.414604E-08  2.876445E-07  2.458453E-07  4.261615E-02  7.081544E-07  4.004274E-07  3.363516E-07  4.704401E-05  6.395034E-05  6.320872E-08  4.220567E-08  5.461495E-08  2.132197E-07
 3.371500E+02  7.267593E-01  6.884313E-04  9.326853E-08  1.245817E-07  1.391394E-07  1.686614E-07  1.484190E-01  5.275963E-05  3.874705E-08  7.880481E-02  6.162849E-05  9.674136E-08  1.008028E-08  2.945778E-03  7.097325E-08  2.759344E-07  2.375587E-07  4.215553E-02  6.834933E-07  3.896795E-07  3.271366E-07  4.649754E-05  6.320771E-05  6.044443E-08  4.023994E-08  5.208640E-08  2.048578E-07
 3.381500E+02  7.270159E-01  6.815095E-04  9.066233E-08  1.211272E-07  1.352876E-07  1.640267E-07  1.484431E-01  5.198913E-05  3.683553E-08  7.903292E-02  6.106524E-05  9.276615E-08  9.916655E-09  2.900433E-03  6.795556E-08  2.647731E-07  2.296048E-07  4.170177E-02  6.598013E-07  3.792795E-07  3.182251E-07  4.595956E-05  6.247664E-05  5.781352E-08  3.837606E-08  4.968818E-08  1.968687E-07
 3.391500E+02  7.272684E-01  6.747062E-04  8.814626E-08  1.177914E-07  1.315681E-07  1.595501E-07  1.484667E-01  5.123491E-05  3.502951E-08  7.925764E-02  6.050711E-05  8.896908E-08  9.755910E-09  2.856085E-03  6.508452E-08  2.541318E-07  2.219681E-07  4.125476E-02  6.370369E-07  3.692146E-07  3.096056E-07  4.542994E-05  6.175695E-05  5.530903E-08  3.660827E-08  4.741296E-08  1.892339E-07
 3.401500E+02  7.275170E-01  6.680187E-04  8.571669E-08  1.145696E-07  1.279756E-07  1.552255E-07  1.484897E-01  5.049653E-05  3.332260E-08  7.947902E-02  5.995413E-05  8.534165E-08  9.598006E-09  2.812707E-03  6.235221E-08  2.439835E-07  2.146344E-07  4.081439E-02  6.151603E-07  3.594725E-07  3.012672E-07  4.490852E-05  6.104844E-05  5.292440E-08  3.493118E-08  4.525385E-08  1.819362E-07
 3.411500E+02  7.277617E-01  6.614447E-04  8.337016E-08  1.114572E-07  1.245049E-07  1.510468E-07  1.485123E-01  4.977360E-05  3.170883E-08  7.969712E-02  5.940631E-05  8.187580E-08  9.442904E-09  2.770273E-03  5.975117E-08  2.343024E-07  2.075898E-07  4.038057E-02  5.941338E-07  3.500415E-07  2.931997E-07  4.439519E-05  6.035093E-05  5.065342E-08  3.333969E-08  4.320439E-08  1.749590E-07
 3.421500E+02  7.280027E-01  6.549816E-04  8.110336E-08  1.084500E-07  1.211513E-07  1.470083E-07  1.485344E-01  4.906571E-05  3.018262E-08  7.991197E-02  5.886368E-05  7.856385E-08  9.290563E-09  2.728757E-03  5.727436E-08  2.250647E-07  2.008213E-07  3.995319E-02  5.739212E-07  3.409102E-07  2.853929E-07  4.388981E-05  5.966424E-05  4.849024E-08  3.182904E-08  4.125849E-08  1.682868E-07
 3.431500E+02  7.282399E-01  6.486271E-04  7.891314E-08  1.055438E-07  1.179102E-07  1.431045E-07  1.485560E-01  4.837247E-05  2.873874E-08  8.012365E-02  5.832624E-05  7.539851E-08  9.140945E-09  2.688135E-03  5.491518E-08  2.162475E-07  1.943167E-07  3.953214E-02  5.544881E-07  3.320679E-07  2.778373E-07  4.339225E-05  5.898820E-05  4.642931E-08  3.039474E-08  3.941042E-08  1.619048E-07
 3.441500E+02  7.284735E-01  6.423788E-04  7.679648E-08  1.027346E-07  1.147772E-07  1.393301E-07  1.485771E-01  4.769352E-05  2.737231E-08  8.033218E-02  5.779401E-05  7.237284E-08  8.994008E-09  2.648384E-03  5.266739E-08  2.078294E-07  1.880641E-07  3.911734E-02  5.358015E-07  3.235040E-07  2.705236E-07  4.290239E-05  5.832263E-05  4.446540E-08  2.903258E-08  3.765481E-08  1.557990E-07
 3.451500E+02  7.287035E-01  6.362345E-04  7.475050E-08  1.000187E-07  1.117481E-07  1.356801E-07  1.485978E-01  4.702848E-05  2.607877E-08  8.053764E-02  5.726700E-05  6.948025E-08  8.849713E-09  2.609479E-03  5.052513E-08  1.997902E-07  1.820524E-07  3.870868E-02  5.178301E-07  3.152085E-07  2.634431E-07  4.242008E-05  5.766735E-05  4.259355E-08  2.773858E-08  3.598660E-08  1.499562E-07
 3.461500E+02  7.289299E-01  6.301919E-04  7.277245E-08  9.739239E-08  1.088188E-07  1.321498E-07  1.486181E-01  4.637700E-05  2.485385E-08  8.074005E-02  5.674520E-05  6.671449E-08  8.708019E-09  2.571400E-03  4.848288E-08  1.921107E-07  1.762709E-07  3.830605E-02  5.005438E-07  3.071719E-07  2.565873E-07  4.194521E-05  5.702219E-05  4.080909E-08  2.650902E-08  3.440103E-08  1.443638E-07
 3.471500E+02  7.291528E-01  6.242490E-04  7.085970E-08  9.485227E-08  1.059855E-07  1.287345E-07  1.486379E-01  4.573875E-05  2.369353E-08  8.093948E-02  5.622861E-05  6.406960E-08  8.568885E-09  2.534124E-03  4.653542E-08  1.847728E-07  1.707096E-07  3.790938E-02  4.839139E-07  2.993850E-07  2.499480E-07  4.147766E-05  5.638699E-05  3.910760E-08  2.534037E-08  3.289361E-08  1.390099E-07
 3.481500E+02  7.293724E-01  6.184036E-04  6.900973E-08  9.239504E-08  1.032445E-07  1.254299E-07  1.486574E-01  4.511339E-05  2.259407E-08  8.113597E-02  5.571724E-05  6.153992E-08  8.432273E-09  2.497631E-03  4.467784E-08  1.777596E-07  1.653589E-07  3.751856E-02  4.679131E-07  2.918387E-07  2.435174E-07  4.101730E-05  5.576157E-05  3.748487E-08  2.422935E-08  3.146012E-08  1.338832E-07
 3.491500E+02  7.295886E-01  6.126536E-04  6.722013E-08  9.001753E-08  1.005923E-07  1.222318E-07  1.486764E-01  4.450060E-05  2.155196E-08  8.132956E-02  5.521107E-05  5.912007E-08  8.298140E-09  2.461899E-03  4.290550E-08  1.710550E-07  1.602096E-07  3.713349E-02  4.525152E-07  2.845248E-07  2.372881E-07  4.056402E-05  5.514578E-05  3.593696E-08  2.317283E-08  3.009659E-08  1.289731E-07
 3.501500E+02  7.298014E-01  6.069972E-04  6.548860E-08  8.771670E-08  9.802557E-08  1.191361E-07  1.486950E-01  4.390007E-05  2.056389E-08  8.152031E-02  5.471010E-05  5.680494E-08  8.166447E-09  2.426910E-03  4.121404E-08  1.646435E-07  1.552530E-07  3.675409E-02  4.376953E-07  2.774349E-07  2.312528E-07  4.011769E-05  5.453944E-05  3.446011E-08  2.216789E-08  2.879928E-08  1.242693E-07
 3.511500E+02  7.300111E-01  6.014323E-04  6.381294E-08  8.548967E-08  9.554106E-08  1.161390E-07  1.487133E-01  4.331148E-05  1.962679E-08  8.170825E-02  5.421430E-05  5.458965E-08  8.037154E-09  2.392645E-03  3.959934E-08  1.585110E-07  1.504810E-07  3.638027E-02  4.234294E-07  2.705611E-07  2.254046E-07  3.967819E-05  5.394241E-05  3.305079E-08  2.121177E-08  2.756466E-08  1.197622E-07
 3.521500E+02  7.302175E-01  5.959571E-04  6.219104E-08  8.333367E-08  9.313568E-08  1.132369E-07  1.487311E-01  4.273455E-05  1.873776E-08  8.189344E-02  5.372368E-05  5.246958E-08  7.910221E-09  2.359084E-03  3.805748E-08  1.526437E-07  1.458855E-07  3.601193E-02  4.096948E-07  2.638961E-07  2.197368E-07  3.924542E-05  5.335452E-05  3.170562E-08  2.030186E-08  2.638941E-08  1.154427E-07
 3.531500E+02  7.304208E-01  5.905697E-04  6.062087E-08  8.124604E-08  9.080648E-08  1.104261E-07  1.487487E-01  4.216900E-05  1.789407E-08  8.207592E-02  5.323820E-05  5.044033E-08  7.785609E-09  2.326211E-03  3.658481E-08  1.470287E-07  1.414592E-07  3.564899E-02  3.964696E-07  2.574324E-07  2.142432E-07  3.881926E-05  5.277562E-05  3.042143E-08  1.943573E-08  2.527039E-08  1.113020E-07
 3.541500E+02  7.306211E-01  5.852684E-04  5.910052E-08  7.922424E-08  8.855064E-08  1.077034E-07  1.487658E-01  4.161453E-05  1.709318E-08  8.225572E-02  5.275785E-05  4.849771E-08  7.663277E-09  2.294007E-03  3.517784E-08  1.416538E-07  1.371948E-07  3.529136E-02  3.837330E-07  2.511630E-07  2.089175E-07  3.839960E-05  5.220556E-05  2.919521E-08  1.861104E-08  2.420465E-08  1.073320E-07
 3.551500E+02  7.308183E-01  5.800513E-04  5.762812E-08  7.726583E-08  8.636545E-08  1.050655E-07  1.487826E-01  4.107088E-05  1.633270E-08  8.243291E-02  5.228261E-05  4.663774E-08  7.543187E-09  2.262455E-03  3.383330E-08  1.365075E-07  1.330856E-07  3.493895E-02  3.714651E-07  2.450814E-07  2.037539E-07  3.798633E-05  5.164419E-05  2.802411E-08  1.782564E-08  2.318940E-08  1.035248E-07
 3.561500E+02  7.310126E-01  5.749167E-04  5.620190E-08  7.536849E-08  8.424830E-08  1.025092E-07  1.487991E-01  4.053780E-05  1.561037E-08  8.260751E-02  5.181246E-05  4.485663E-08  7.425300E-09  2.231540E-03  3.254807E-08  1.315788E-07  1.291250E-07  3.459168E-02  3.596469E-07  2.391810E-07  1.987467E-07  3.757933E-05  5.109136E-05  2.690543E-08  1.707746E-08  2.222202E-08  9.987294E-08
 3.571500E+02  7.312039E-01  5.698631E-04  5.482017E-08  7.352999E-08  8.219671E-08  1.000317E-07  1.488153E-01  4.001501E-05  1.492408E-08  8.277957E-02  5.134737E-05  4.315077E-08  7.309578E-09  2.201245E-03  3.131924E-08  1.268574E-07  1.253069E-07  3.424947E-02  3.482601E-07  2.334555E-07  1.938905E-07  3.717851E-05  5.054692E-05  2.583662E-08  1.636456E-08  2.130003E-08  9.636940E-08
 3.581500E+02  7.313924E-01  5.648887E-04  5.348129E-08  7.174817E-08  8.020831E-08  9.763001E-08  1.488311E-01  3.950228E-05  1.427184E-08  8.294913E-02  5.088731E-05  4.151673E-08  7.195982E-09  2.171554E-03  3.014402E-08  1.223335E-07  1.216254E-07  3.391223E-02  3.372873E-07  2.278991E-07  1.891800E-07  3.678376E-05  5.001073E-05  2.481523E-08  1.568512E-08  2.042107E-08  9.300744E-08
 3.591500E+02  7.315780E-01  5.599919E-04  5.218371E-08  7.002099E-08  7.828079E-08  9.530148E-08  1.488466E-01  3.899937E-05  1.365180E-08  8.311623E-02  5.043226E-05  3.995126E-08  7.084475E-09  2.142454E-03  2.901980E-08  1.179977E-07  1.180749E-07  3.357988E-02  3.267118E-07  2.225060E-07  1.846103E-07  3.639498E-05  4.948266E-05  2.383899E-08  1.503741E-08  1.958295E-08  8.978068E-08
 3.601500E+02  7.317609E-01  5.551713E-04  5.092593E-08  6.834647E-08  7.641198E-08  9.304346E-08  1.488618E-01  3.850604E-05  1.306219E-08  8.328091E-02  4.998218E-05  3.845123E-08  6.975019E-09  2.113929E-03  2.794409E-08  1.138412E-07  1.146500E-07  3.325235E-02  3.165178E-07  2.172707E-07  1.801764E-07  3.601206E-05  4.896255E-05  2.290571E-08  1.441980E-08  1.878358E-08  8.668306E-08
 3.611500E+02  7.319410E-01  5.504254E-04  4.970652E-08  6.672274E-08  7.459976E-08  9.085345E-08  1.488768E-01  3.802206E-05  1.250137E-08  8.344322E-02  4.953704E-05  3.701370E-08  6.867577E-09  2.085965E-03  2.691454E-08  1.098557E-07  1.113456E-07  3.292955E-02  3.066900E-07  2.121878E-07  1.758738E-07  3.563490E-05  4.845029E-05  2.201332E-08  1.383076E-08  1.802098E-08  8.370880E-08
 3.621500E+02  7.321185E-01  5.457525E-04  4.852411E-08  6.514797E-08  7.284213E-08  8.872904E-08  1.488914E-01  3.754721E-05  1.196777E-08  8.360318E-02  4.909682E-05  3.563583E-08  6.762113E-09  2.058548E-03  2.592893E-08  1.060332E-07  1.081568E-07  3.261141E-02  2.972138E-07  2.072522E-07  1.716979E-07  3.526342E-05  4.794573E-05  2.115986E-08  1.326882E-08  1.729329E-08  8.085241E-08
 3.631500E+02  7.322933E-01  5.411514E-04  4.737736E-08  6.362043E-08  7.113714E-08  8.666790E-08  1.489057E-01  3.708128E-05  1.145994E-08  8.376084E-02  4.866147E-05  3.431496E-08  6.658591E-09  2.031666E-03  2.498516E-08  1.023662E-07  1.050789E-07  3.229784E-02  2.880753E-07  2.024590E-07  1.676444E-07  3.489750E-05  4.744874E-05  2.034349E-08  1.273261E-08  1.659874E-08  7.810869E-08
 3.641500E+02  7.324656E-01  5.366205E-04  4.626502E-08  6.213845E-08  6.948295E-08  8.466781E-08  1.489198E-01  3.662405E-05  1.097651E-08  8.391623E-02  4.823096E-05  3.304853E-08  6.556975E-09  2.005304E-03  2.408123E-08  9.884760E-08  1.021076E-07  3.198879E-02  2.792610E-07  1.978034E-07  1.637093E-07  3.453706E-05  4.695919E-05  1.956243E-08  1.222084E-08  1.593569E-08  7.547264E-08
 3.651500E+02  7.326353E-01  5.321585E-04  4.518587E-08  6.070044E-08  6.787776E-08  8.272665E-08  1.489336E-01  3.617533E-05  1.051617E-08  8.406940E-02  4.780526E-05  3.183411E-08  6.457230E-09  1.979452E-03  2.321524E-08  9.547056E-08  9.923847E-08  3.168417E-02  2.707583E-07  1.932809E-07  1.598885E-07  3.418200E-05  4.647696E-05  1.881501E-08  1.173228E-08  1.530254E-08  7.293956E-08
 3.661500E+02  7.328025E-01  5.277641E-04  4.413874E-08  5.930485E-08  6.631986E-08  8.084237E-08  1.489471E-01  3.573492E-05  1.007770E-08  8.422038E-02  4.738433E-05  3.066937E-08  6.359321E-09  1.954095E-03  2.238542E-08  9.222866E-08  9.646754E-08  3.138390E-02  2.625548E-07  1.888871E-07  1.561782E-07  3.383224E-05  4.600192E-05  1.809965E-08  1.126577E-08  1.469782E-08  7.050494E-08
 3.671500E+02  7.329673E-01  5.234360E-04  4.312253E-08  5.795020E-08  6.480762E-08  7.901299E-08  1.489604E-01  3.530262E-05  9.659954E-09  8.436920E-02  4.696812E-05  2.955212E-08  6.263214E-09  1.929223E-03  2.159006E-08  8.911579E-08  9.379092E-08  3.108793E-02  2.546389E-07  1.846177E-07  1.525746E-07  3.348767E-05  4.553395E-05  1.741484E-08  1.082021E-08  1.412011E-08  6.816449E-08
 3.681500E+02  7.331297E-01  5.191729E-04  4.213614E-08  5.663509E-08  6.333945E-08  7.723663E-08  1.489734E-01  3.487825E-05  9.261846E-09  8.451589E-02  4.655662E-05  2.848025E-08  6.168875E-09  1.904824E-03  2.082754E-08  8.612614E-08  9.120490E-08  3.079618E-02  2.469994E-07  1.804687E-07  1.490743E-07  3.314822E-05  4.507292E-05  1.675915E-08  1.039456E-08  1.356809E-08  6.591414E-08
 3.691500E+02  7.332897E-01  5.149735E-04  4.117855E-08  5.535815E-08  6.191384E-08  7.551148E-08  1.489862E-01  3.446162E-05  8.882354E-09  8.466051E-02  4.614976E-05  2.745176E-08  6.076271E-09  1.880886E-03  2.009636E-08  8.325420E-08  8.870594E-08  3.050857E-02  2.396254E-07  1.764361E-07  1.456739E-07  3.281379E-05  4.461872E-05  1.613122E-08  9.987847E-09  1.304049E-08  6.375000E-08
 3.701500E+02  7.334473E-01  5.108366E-04  4.024876E-08  5.411807E-08  6.052934E-08  7.383579E-08  1.489988E-01  3.405256E-05  8.520512E-09  8.480307E-02  4.574752E-05  2.646474E-08  5.985369E-09  1.857400E-03  1.939504E-08  8.049472E-08  8.629065E-08  3.022505E-02  2.325068E-07  1.725162E-07  1.423699E-07  3.248430E-05  4.417124E-05  1.552976E-08  9.599133E-09  1.253612E-08  6.166836E-08
 3.711500E+02  7.336027E-01  5.067610E-04  3.934583E-08  5.291360E-08  5.918453E-08  7.220788E-08  1.490111E-01  3.365090E-05  8.175410E-09  8.494361E-02  4.534985E-05  2.551737E-08  5.896137E-09  1.834353E-03  1.872223E-08  7.784271E-08  8.395578E-08  2.994554E-02  2.256336E-07  1.687052E-07  1.391594E-07  3.215966E-05  4.373035E-05  1.495355E-08  9.227540E-09  1.205385E-08  5.966570E-08
 3.721500E+02  7.337558E-01  5.027456E-04  3.846884E-08  5.174352E-08  5.787808E-08  7.062614E-08  1.490232E-01  3.325646E-05  7.846189E-09  8.508217E-02  4.495671E-05  2.460791E-08  5.808542E-09  1.811736E-03  1.807662E-08  7.529344E-08  8.169825E-08  2.966998E-02  2.189965E-07  1.649997E-07  1.360391E-07  3.183980E-05  4.329594E-05  1.440142E-08  8.872237E-09  1.159260E-08  5.773866E-08
 3.731500E+02  7.339067E-01  4.987892E-04  3.761690E-08  5.060668E-08  5.660869E-08  6.908903E-08  1.490350E-01  3.286909E-05  7.532038E-09  8.521878E-02  4.456806E-05  2.373472E-08  5.722555E-09  1.789539E-03  1.745696E-08  7.284240E-08  7.951508E-08  2.939831E-02  2.125864E-07  1.613963E-07  1.330061E-07  3.152463E-05  4.286791E-05  1.387227E-08  8.532433E-09  1.115137E-08  5.588404E-08
