#         T/K            c1          c2-1          c3-4          c3-5          c3-7          c3-9            m1          m2-1          m3-1            w1            w2          w3-1          w3-2          c1m1        c1m2-1        c1m2-7        c2m1-1        c1w1-2        c1w2-1        c2w1-1        c2w1-9        m1w1-1        m1w1-4        m1w2-1        m2w1-1        m2w1-3      c1m1w1-1
 2.731500E+02  9.722528E-02  3.099260E-05  2.615736E-09  3.433217E-09  3.819727E-09  4.554549E-09  3.446471E-01  9.897798E-04  3.068046E-05  4.387983E-01  6.546215E-03  9.932995E-04  1.393705E-05  3.473553E-03  1.896196E-06  6.222020E-06  1.785647E-07  1.019432E-01  8.358842E-05  4.986748E-07  4.378892E-07  2.024250E-03  2.755550E-03  2.571505E-04  7.313075E-05  9.262107E-05  1.208130E-05
 2.741500E+02  9.796097E-02  3.087884E-05  2.546768E-09  3.343826E-09  3.720550E-09  4.437692E-09  3.447711E-01  9.662267E-04  2.831848E-05  4.397697E-01  6.417189E-03  9.234671E-04  1.346076E-05  3.409104E-03  1.780556E-06  5.861492E-06  1.711877E-07  1.005403E-01  7.914696E-05  4.821549E-07  4.230178E-07  1.981194E-03  2.696768E-03  2.386228E-04  6.769414E-05  8.576967E-05  1.138538E-05
 2.751500E+02  9.868634E-02  3.076103E-05  2.479510E-09  3.256613E-09  3.623779E-09  4.323622E-09  3.448909E-01  9.434126E-04  2.615438E-05  4.407201E-01  6.291330E-03  8.589420E-04  1.300337E-05  3.346049E-03  1.672641E-06  5.523951E-06  1.641423E-07  9.915640E-02  7.496244E-05  4.662160E-07  4.086835E-07  1.939324E-03  2.639614E-03  2.215428E-04  6.269680E-05  7.946941E-05  1.073324E-05
 2.761500E+02  9.940144E-02  3.063936E-05  2.413933E-09  3.171542E-09  3.529377E-09  4.212296E-09  3.450066E-01  9.213101E-04  2.417035E-05  4.416504E-01  6.168558E-03  7.992944E-04  1.256405E-05  3.284359E-03  1.571894E-06  5.207812E-06  1.574127E-07  9.779150E-02  7.101904E-05  4.508378E-07  3.948670E-07  1.898605E-03  2.584037E-03  2.057895E-04  5.810062E-05  7.367269E-05  1.012192E-05
 2.771500E+02  1.001063E-01  3.051401E-05  2.350010E-09  3.088578E-09  3.437303E-09  4.103673E-09  3.451185E-01  8.998927E-04  2.235026E-05  4.425611E-01  6.048792E-03  7.441308E-04  1.214204E-05  3.224004E-03  1.477802E-06  4.911606E-06  1.509839E-07  9.644557E-02  6.730193E-05  4.360007E-07  3.815496E-07  1.859000E-03  2.529989E-03  1.912526E-04  5.387104E-05  6.833626E-05  9.548673E-06
 2.781500E+02  1.008009E-01  3.038515E-05  2.287709E-09  3.007687E-09  3.347520E-09  3.997709E-09  3.452268E-01  8.791353E-04  2.067954E-05  4.434528E-01  5.931957E-03  6.930912E-04  1.173658E-05  3.164955E-03  1.389890E-06  4.633971E-06  1.448417E-07  9.511856E-02  6.379725E-05  4.216860E-07  3.687133E-07  1.820475E-03  2.477420E-03  1.778313E-04  4.997663E-05  6.342085E-05  9.010956E-06
 2.791500E+02  1.014854E-01  3.025298E-05  2.227003E-09  2.928830E-09  3.259988E-09  3.894360E-09  3.453316E-01  8.590138E-04  1.914499E-05  4.443262E-01  5.817975E-03  6.458462E-04  1.134697E-05  3.107184E-03  1.307719E-06  4.373648E-06  1.389727E-07  9.381041E-02  6.049202E-05  4.078751E-07  3.563406E-07  1.782995E-03  2.426285E-03  1.654339E-04  4.638885E-05  5.889074E-05  8.506400E-06
 2.801500E+02  1.021599E-01  3.011766E-05  2.167861E-09  2.851973E-09  3.174667E-09  3.793582E-09  3.454331E-01  8.395048E-04  1.773465E-05  4.451817E-01  5.706773E-03  6.020942E-04  1.097253E-05  3.050663E-03  1.230885E-06  4.129466E-06  1.333638E-07  9.252104E-02  5.737411E-05  3.945504E-07  3.444146E-07  1.746528E-03  2.376538E-03  1.539766E-04  4.308173E-05  5.471344E-05  8.032804E-06
 2.811500E+02  1.028242E-01  2.997937E-05  2.110253E-09  2.777078E-09  3.091516E-09  3.695330E-09  3.455314E-01  8.205863E-04  1.643771E-05  4.460198E-01  5.598276E-03  5.615587E-04  1.061261E-05  2.995365E-03  1.159013E-06  3.900341E-06  1.280030E-07  9.125035E-02  5.443214E-05  3.816946E-07  3.329191E-07  1.711043E-03  2.328135E-03  1.433828E-04  4.003166E-05  5.085937E-05  7.588124E-06
 2.821500E+02  1.034786E-01  2.983827E-05  2.054149E-09  2.704109E-09  3.010496E-09  3.599557E-09  3.456266E-01  8.022368E-04  1.524432E-05  4.468411E-01  5.492413E-03  5.239867E-04  1.026658E-05  2.941263E-03  1.091756E-06  3.685265E-06  1.228786E-07  8.999826E-02  5.165548E-05  3.692913E-07  3.218384E-07  1.676508E-03  2.281035E-03  1.335826E-04  3.721713E-05  4.730161E-05  7.170459E-06
 2.831500E+02  1.041232E-01  2.969454E-05  1.999519E-09  2.633027E-09  2.931565E-09  3.506219E-09  3.457190E-01  7.844359E-04  1.414557E-05  4.476461E-01  5.389114E-03  4.891459E-04  9.933852E-06  2.888331E-03  1.028795E-06  3.483305E-06  1.179795E-07  8.876463E-02  4.903416E-05  3.573243E-07  3.111571E-07  1.642895E-03  2.235197E-03  1.245123E-04  3.461855E-05  4.401561E-05  6.778040E-06
 2.841500E+02  1.047579E-01  2.954833E-05  1.946333E-09  2.563797E-09  2.854682E-09  3.415269E-09  3.458085E-01  7.671640E-04  1.313337E-05  4.484350E-01  5.288310E-03  4.568235E-04  9.613857E-06  2.836544E-03  9.698311E-07  3.293591E-06  1.132953E-07  8.754936E-02  4.655886E-05  3.457780E-07  3.008608E-07  1.610174E-03  2.190581E-03  1.161132E-04  3.221808E-05  4.097900E-05  6.409222E-06
 2.851500E+02  1.053829E-01  2.939981E-05  1.894561E-09  2.496380E-09  2.779807E-09  3.326661E-09  3.458954E-01  7.504022E-04  1.220037E-05  4.492084E-01  5.189934E-03  4.268243E-04  9.306052E-06  2.785875E-03  9.145909E-07  3.115319E-06  1.088158E-07  8.635229E-02  4.422084E-05  3.346375E-07  2.909352E-07  1.578318E-03  2.147149E-03  1.083320E-04  2.999944E-05  3.817138E-05  6.062473E-06
 2.861500E+02  1.059983E-01  2.924913E-05  1.844173E-09  2.430739E-09  2.706897E-09  3.240347E-09  3.459798E-01  7.341325E-04  1.133987E-05  4.499667E-01  5.093921E-03  3.989691E-04  9.009921E-06  2.736300E-03  8.628195E-07  2.947738E-06  1.045317E-07  8.517329E-02  4.201192E-05  3.238883E-07  2.813668E-07  1.547301E-03  2.104865E-03  1.011198E-04  2.794777E-05  3.557412E-05  5.736369E-06
 2.871500E+02  1.066041E-01  2.909643E-05  1.795138E-09  2.366837E-09  2.635913E-09  3.156282E-09  3.460616E-01  7.183376E-04  1.054579E-05  4.507102E-01  5.000208E-03  3.730933E-04  8.724969E-06  2.687795E-03  8.142809E-07  2.790151E-06  1.004338E-07  8.401221E-02  3.992441E-05  3.135163E-07  2.721422E-07  1.517095E-03  2.063692E-03  9.443180E-05  2.604953E-05  3.317021E-05  5.429581E-06
 2.881500E+02  1.072005E-01  2.894188E-05  1.747427E-09  2.304635E-09  2.566812E-09  3.074419E-09  3.461411E-01  7.030007E-04  9.812590E-06  4.514393E-01  4.908732E-03  3.490459E-04  8.450724E-06  2.640336E-03  7.687563E-07  2.641912E-06  9.651350E-08  8.286888E-02  3.795115E-05  3.035080E-07  2.632488E-07  1.487677E-03  2.023596E-03  8.822692E-05  2.429234E-05  3.094411E-05  5.140875E-06
 2.891500E+02  1.077875E-01  2.878561E-05  1.701010E-09  2.244098E-09  2.499554E-09  2.994710E-09  3.462184E-01  6.881060E-04  9.135231E-06  4.521543E-01  4.819434E-03  3.266879E-04  8.186735E-06  2.593900E-03  7.260429E-07  2.502415E-06  9.276259E-08  8.174314E-02  3.608538E-05  2.938503E-07  2.546744E-07  1.459022E-03  1.984544E-03  8.246757E-05  2.266487E-05  2.888163E-05  4.869097E-06
 2.901500E+02  1.083653E-01  2.862776E-05  1.655857E-09  2.185187E-09  2.434097E-09  2.917110E-09  3.462934E-01  6.736381E-04  8.509113E-06  4.528557E-01  4.732253E-03  3.058917E-04  7.932572E-06  2.548464E-03  6.859522E-07  2.371102E-06  8.917327E-08  8.063481E-02  3.432081E-05  2.845305E-07  2.464072E-07  1.431107E-03  1.946505E-03  7.711926E-05  2.115679E-05  2.696977E-05  4.613173E-06
 2.911500E+02  1.089340E-01  2.846847E-05  1.611938E-09  2.127866E-09  2.370402E-09  2.841571E-09  3.463664E-01  6.595822E-04  7.930045E-06  4.535436E-01  4.647133E-03  2.865400E-04  7.687823E-06  2.504005E-03  6.483096E-07  2.247448E-06  8.573809E-08  7.954371E-02  3.265149E-05  2.755366E-07  2.384356E-07  1.403909E-03  1.909446E-03  7.215035E-05  1.975865E-05  2.519663E-05  4.372104E-06
 2.921500E+02  1.094936E-01  2.830786E-05  1.569226E-09  2.072098E-09  2.308428E-09  2.768048E-09  3.464373E-01  6.459242E-04  7.394202E-06  4.542185E-01  4.564019E-03  2.685248E-04  7.452096E-06  2.460502E-03  6.129527E-07  2.130967E-06  8.244997E-08  7.846967E-02  3.107189E-05  2.668566E-07  2.307489E-07  1.377407E-03  1.873338E-03  6.753181E-05  1.846177E-05  2.355135E-05  4.144955E-06
 2.931500E+02  1.100442E-01  2.814606E-05  1.527690E-09  2.017846E-09  2.248134E-09  2.696495E-09  3.465063E-01  6.326505E-04  6.898093E-06  4.548806E-01  4.482856E-03  2.517466E-04  7.225016E-06  2.417932E-03  5.797308E-07  2.021207E-06  7.930217E-08  7.741249E-02  2.957680E-05  2.584792E-07  2.233363E-07  1.351578E-03  1.838151E-03  6.323696E-05  1.725822E-05  2.202394E-05  3.930855E-06
 2.941500E+02  1.105861E-01  2.798320E-05  1.487302E-09  1.965076E-09  2.189481E-09  2.626865E-09  3.465734E-01  6.197480E-04  6.438528E-06  4.555303E-01  4.403591E-03  2.361140E-04  7.006225E-06  2.376275E-03  5.485038E-07  1.917743E-06  7.628827E-08  7.637197E-02  2.816131E-05  2.503936E-07  2.161878E-07  1.326404E-03  1.803859E-03  5.924132E-05  1.614075E-05  2.060527E-05  3.728993E-06
 2.951500E+02  1.111192E-01  2.781939E-05  1.448033E-09  1.913750E-09  2.132430E-09  2.559115E-09  3.466387E-01  6.072042E-04  6.012592E-06  4.561677E-01  4.326173E-03  2.215427E-04  6.795382E-06  2.335511E-03  5.191415E-07  1.820183E-06  7.340216E-08  7.534793E-02  2.682085E-05  2.425890E-07  2.092933E-07  1.301863E-03  1.770433E-03  5.552235E-05  1.510270E-05  1.928697E-05  3.538608E-06
 2.961500E+02  1.116437E-01  2.765475E-05  1.409857E-09  1.863834E-09  2.076941E-09  2.493199E-09  3.467022E-01  5.950069E-04  5.617620E-06  4.567932E-01  4.250554E-03  2.079549E-04  6.592159E-06  2.295618E-03  4.915228E-07  1.728158E-06  7.063802E-08  7.434016E-02  2.555111E-05  2.350553E-07  2.026436E-07  1.277938E-03  1.737848E-03  5.205937E-05  1.413795E-05  1.806133E-05  3.358994E-06
 2.971500E+02  1.121598E-01  2.748938E-05  1.372745E-09  1.815292E-09  2.022976E-09  2.429072E-09  3.467641E-01  5.831447E-04  5.251172E-06  4.574070E-01  4.176683E-03  1.952791E-04  6.396245E-06  2.256577E-03  4.655350E-07  1.641326E-06  6.799030E-08  7.334846E-02  2.434806E-05  2.277826E-07  1.962295E-07  1.254609E-03  1.706078E-03  4.883331E-05  1.324089E-05  1.692131E-05  3.189488E-06
 2.981500E+02  1.126674E-01  2.732339E-05  1.336670E-09  1.768091E-09  1.970498E-09  2.366692E-09  3.468243E-01  5.716064E-04  4.911015E-06  4.580094E-01  4.104515E-03  1.834492E-04  6.207341E-06  2.218369E-03  4.410733E-07  1.559367E-06  6.545373E-08  7.237262E-02  2.320788E-05  2.207616E-07  1.900422E-07  1.231860E-03  1.675099E-03  4.582665E-05  1.240640E-05  1.586043E-05  3.029473E-06
 2.991500E+02  1.131668E-01  2.715688E-05  1.301606E-09  1.722197E-09  1.919468E-09  2.306015E-09  3.468830E-01  5.603811E-04  4.595104E-06  4.586007E-01  4.034004E-03  1.724043E-04  6.025163E-06  2.180974E-03  4.180401E-07  1.481982E-06  6.302327E-08  7.141245E-02  2.212702E-05  2.139829E-07  1.840733E-07  1.209672E-03  1.644888E-03  4.302324E-05  1.162973E-05  1.487272E-05  2.878371E-06
 3.001500E+02  1.136581E-01  2.698995E-05  1.267526E-09  1.677576E-09  1.869851E-09  2.246998E-09  3.469401E-01  5.494586E-04  4.301564E-06  4.591810E-01  3.965105E-03  1.620881E-04  5.849439E-06  2.144374E-03  3.963445E-07  1.408891E-06  6.069414E-08  7.046773E-02  2.110213E-05  2.074379E-07  1.783145E-07  1.188029E-03  1.615421E-03  4.040822E-05  1.090655E-05  1.395272E-05  2.735642E-06
 3.011500E+02  1.141413E-01  2.682269E-05  1.234404E-09  1.634195E-09  1.821609E-09  2.189599E-09  3.469958E-01  5.388291E-04  4.028677E-06  4.597507E-01  3.897775E-03  1.524487E-04  5.679909E-06  2.108552E-03  3.759018E-07  1.339834E-06  5.846178E-08  6.953824E-02  2.013006E-05  2.011179E-07  1.727582E-07  1.166915E-03  1.586676E-03  3.796787E-05  1.023286E-05  1.309540E-05  2.600782E-06
 3.021500E+02  1.146166E-01  2.665519E-05  1.202215E-09  1.592021E-09  1.774706E-09  2.133778E-09  3.470501E-01  5.284828E-04  3.774864E-06  4.603099E-01  3.831973E-03  1.434381E-04  5.516325E-06  2.073488E-03  3.566331E-07  1.274568E-06  5.632183E-08  6.862379E-02  1.920785E-05  1.950149E-07  1.673967E-07  1.146315E-03  1.558633E-03  3.568957E-05  9.604982E-06  1.229611E-05  2.473317E-06
 3.031500E+02  1.150842E-01  2.648753E-05  1.170933E-09  1.551025E-09  1.729109E-09  2.079493E-09  3.471030E-01  5.184107E-04  3.538677E-06  4.608588E-01  3.767658E-03  1.350120E-04  5.358448E-06  2.039166E-03  3.384648E-07  1.212865E-06  5.427016E-08  6.772417E-02  1.833272E-05  1.891209E-07  1.622228E-07  1.126214E-03  1.531271E-03  3.356164E-05  9.019545E-06  1.155060E-05  2.352808E-06
 3.041500E+02  1.155440E-01  2.631981E-05  1.140535E-09  1.511172E-09  1.684782E-09  2.026704E-09  3.471546E-01  5.086038E-04  3.318788E-06  4.613977E-01  3.704791E-03  1.271293E-04  5.206051E-06  2.005568E-03  3.213285E-07  1.154511E-06  5.230281E-08  6.683915E-02  1.750206E-05  1.834284E-07  1.572295E-07  1.106596E-03  1.504569E-03  3.157334E-05  8.473432E-06  1.085494E-05  2.238839E-06
 3.051500E+02  1.159962E-01  2.615209E-05  1.110997E-09  1.472435E-09  1.641691E-09  1.975373E-09  3.472048E-01  4.990538E-04  3.113975E-06  4.619268E-01  3.643333E-03  1.197521E-04  5.058918E-06  1.972679E-03  3.051599E-07  1.099307E-06  5.041604E-08  6.596853E-02  1.671340E-05  1.779299E-07  1.524100E-07  1.087449E-03  1.478509E-03  2.971472E-05  7.963775E-06  1.020549E-05  2.131025E-06
 3.061500E+02  1.164410E-01  2.598446E-05  1.082294E-09  1.434781E-09  1.599804E-09  1.925460E-09  3.472539E-01  4.897523E-04  2.923113E-06  4.624463E-01  3.583247E-03  1.128454E-04  4.916841E-06  1.940480E-03  2.898995E-07  1.047068E-06  4.860626E-08  6.511210E-02  1.596443E-05  1.726185E-07  1.477580E-07  1.068758E-03  1.453071E-03  2.797662E-05  7.487930E-06  9.598941E-06  2.029002E-06
 3.071500E+02  1.168785E-01  2.581697E-05  1.054404E-09  1.398183E-09  1.559087E-09  1.876929E-09  3.473017E-01  4.806914E-04  2.745169E-06  4.629563E-01  3.524498E-03  1.063766E-04  4.779621E-06  1.908958E-03  2.754915E-07  9.976171E-07  4.687006E-08  6.426964E-02  1.525297E-05  1.674873E-07  1.432672E-07  1.050510E-03  1.428239E-03  2.635055E-05  7.043460E-06  9.032196E-06  1.932431E-06
 3.081500E+02  1.173087E-01  2.564971E-05  1.027305E-09  1.362611E-09  1.519509E-09  1.829741E-09  3.473484E-01  4.718637E-04  2.579193E-06  4.634571E-01  3.467049E-03  1.003156E-04  4.647069E-06  1.878096E-03  2.618838E-07  9.507925E-07  4.520417E-08  6.344095E-02  1.457698E-05  1.625298E-07  1.389317E-07  1.032693E-03  1.403994E-03  2.482868E-05  6.628118E-06  8.502419E-06  1.840995E-06
 3.091500E+02  1.177318E-01  2.548274E-05  1.000974E-09  1.328036E-09  1.481039E-09  1.783861E-09  3.473939E-01  4.632617E-04  2.424309E-06  4.639489E-01  3.410868E-03  9.463472E-05  4.519001E-06  1.847878E-03  2.490277E-07  9.064406E-07  4.360550E-08  6.262582E-02  1.393452E-05  1.577398E-07  1.347455E-07  1.015294E-03  1.380320E-03  2.340376E-05  6.239826E-06  8.006986E-06  1.754394E-06
 3.101500E+02  1.181479E-01  2.531611E-05  9.753891E-10  1.294432E-09  1.443646E-09  1.739253E-09  3.474383E-01  4.548783E-04  2.279709E-06  4.644319E-01  3.355920E-03  8.930798E-05  4.395246E-06  1.818291E-03  2.368779E-07  8.644180E-07  4.207109E-08  6.182403E-02  1.332378E-05  1.531110E-07  1.307033E-07  9.983014E-04  1.357200E-03  2.206907E-05  5.876670E-06  7.543476E-06  1.672349E-06
 3.111500E+02  1.185572E-01  2.514989E-05  9.505304E-10  1.261772E-09  1.407301E-09  1.695882E-09  3.474817E-01  4.467069E-04  2.144651E-06  4.649062E-01  3.302175E-03  8.431148E-05  4.275635E-06  1.789319E-03  2.253919E-07  8.245902E-07  4.059813E-08  6.103539E-02  1.274305E-05  1.486378E-07  1.267996E-07  9.817040E-04  1.334619E-03  2.081842E-05  5.536879E-06  7.109648E-06  1.594599E-06
 3.121500E+02  1.189596E-01  2.498413E-05  9.263767E-10  1.230028E-09  1.371974E-09  1.653714E-09  3.475241E-01  4.387407E-04  2.018448E-06  4.653720E-01  3.249600E-03  7.962301E-05  4.160010E-06  1.760948E-03  2.145298E-07  7.868312E-07  3.918392E-08  6.025968E-02  1.219072E-05  1.443144E-07  1.230294E-07  9.654905E-04  1.312562E-03  1.964604E-05  5.218817E-06  6.703434E-06  1.520896E-06
 3.131500E+02  1.193554E-01  2.481889E-05  9.029081E-10  1.199176E-09  1.337636E-09  1.612717E-09  3.475654E-01  4.309736E-04  1.900468E-06  4.658294E-01  3.198166E-03  7.522197E-05  4.048218E-06  1.733165E-03  2.042546E-07  7.510228E-07  3.782590E-08  5.949670E-02  1.166526E-05  1.401355E-07  1.193878E-07  9.496501E-04  1.291013E-03  1.854662E-05  4.920971E-06  6.322918E-06  1.451012E-06
 3.141500E+02  1.197446E-01  2.465421E-05  8.801050E-10  1.169189E-09  1.304260E-09  1.572856E-09  3.476058E-01  4.233993E-04  1.790127E-06  4.662787E-01  3.147843E-03  7.108922E-05  3.940114E-06  1.705955E-03  1.945316E-07  7.170540E-07  3.652163E-08  5.874624E-02  1.116525E-05  1.360957E-07  1.158699E-07  9.341723E-04  1.269959E-03  1.751521E-05  4.641942E-06  5.966330E-06  1.384729E-06
 3.151500E+02  1.201273E-01  2.449015E-05  8.579483E-10  1.140045E-09  1.271819E-09  1.534102E-09  3.476452E-01  4.160121E-04  1.686886E-06  4.667201E-01  3.098603E-03  6.720701E-05  3.835556E-06  1.679306E-03  1.853281E-07  6.848208E-07  3.526878E-08  5.800811E-02  1.068933E-05  1.321902E-07  1.124712E-07  9.190471E-04  1.249385E-03  1.654723E-05  4.380435E-06  5.632029E-06  1.321843E-06
 3.161500E+02  1.205037E-01  2.432675E-05  8.364194E-10  1.111718E-09  1.240286E-09  1.496423E-09  3.476837E-01  4.088063E-04  1.590246E-06  4.671536E-01  3.050417E-03  6.355885E-05  3.734412E-06  1.653205E-03  1.766136E-07  6.542254E-07  3.406513E-08  5.728210E-02  1.023624E-05  1.284140E-07  1.091874E-07  9.042647E-04  1.229279E-03  1.563845E-05  4.135250E-06  5.318496E-06  1.262164E-06
 3.171500E+02  1.208739E-01  2.416404E-05  8.155001E-10  1.084185E-09  1.209635E-09  1.459788E-09  3.477214E-01  4.017763E-04  1.499747E-06  4.675794E-01  3.003259E-03  6.012939E-05  3.636553E-06  1.627638E-03  1.683597E-07  6.251762E-07  3.290855E-08  5.656802E-02  9.804766E-06  1.247626E-07  1.060142E-07  8.898158E-04  1.209627E-03  1.478492E-05  3.905277E-06  5.024325E-06  1.205513E-06
 3.181500E+02  1.212379E-01  2.400208E-05  7.951727E-10  1.057424E-09  1.179842E-09  1.424168E-09  3.477581E-01  3.949169E-04  1.414964E-06  4.679977E-01  2.957104E-03  5.690440E-05  3.541856E-06  1.602595E-03  1.605397E-07  5.975870E-07  3.179702E-08  5.586567E-02  9.393789E-06  1.212314E-07  1.029476E-07  8.756910E-04  1.190418E-03  1.398297E-05  3.689487E-06  4.748210E-06  1.151721E-06
 3.191500E+02  1.215959E-01  2.384089E-05  7.754200E-10  1.031412E-09  1.150881E-09  1.389535E-09  3.477941E-01  3.882231E-04  1.335501E-06  4.684087E-01  2.911924E-03  5.387061E-05  3.450203E-06  1.578061E-03  1.531283E-07  5.713767E-07  3.072862E-08  5.517485E-02  9.002236E-06  1.178160E-07  9.998360E-08  8.618817E-04  1.171638E-03  1.322922E-05  3.486926E-06  4.488943E-06  1.100629E-06
 3.201500E+02  1.219480E-01  2.368052E-05  7.562253E-10  1.006128E-09  1.122728E-09  1.355859E-09  3.478292E-01  3.816898E-04  1.260995E-06  4.688124E-01  2.867697E-03  5.101569E-05  3.361482E-06  1.554027E-03  1.461023E-07  5.464695E-07  2.970150E-08  5.449537E-02  8.629098E-06  1.145125E-07  9.711853E-08  8.483791E-04  1.153276E-03  1.252051E-05  3.296708E-06  4.245400E-06  1.052089E-06
 3.211500E+02  1.222942E-01  2.352100E-05  7.375722E-10  9.815508E-10  1.095361E-09  1.323115E-09  3.478635E-01  3.753124E-04  1.191108E-06  4.692090E-01  2.824397E-03  4.832818E-05  3.275583E-06  1.530480E-03  1.394394E-07  5.227936E-07  2.871390E-08  5.382704E-02  8.273425E-06  1.113167E-07  9.434877E-08  8.351750E-04  1.135321E-03  1.185390E-05  3.118012E-06  4.016540E-06  1.005961E-06
 3.221500E+02  1.226348E-01  2.336235E-05  7.194449E-10  9.576599E-10  1.068757E-09  1.291275E-09  3.478971E-01  3.690863E-04  1.125526E-06  4.695987E-01  2.782002E-03  4.579738E-05  3.192404E-06  1.507409E-03  1.331192E-07  5.002819E-07  2.776414E-08  5.316968E-02  7.934318E-06  1.082249E-07  9.167083E-08  8.222614E-04  1.117761E-03  1.122667E-05  2.950077E-06  3.801396E-06  9.621132E-07
 3.231500E+02  1.229697E-01  2.320461E-05  7.018280E-10  9.344353E-10  1.042893E-09  1.260314E-09  3.479299E-01  3.630070E-04  1.063961E-06  4.699817E-01  2.740488E-03  4.341335E-05  3.111844E-06  1.484804E-03  1.271221E-07  4.788710E-07  2.685064E-08  5.252309E-02  7.610928E-06  1.052332E-07  8.908138E-08  8.096304E-04  1.100587E-03  1.063627E-05  2.792195E-06  3.599070E-06  9.204211E-07
 3.241500E+02  1.232990E-01  2.304781E-05  6.847063E-10  9.118577E-10  1.017748E-09  1.230206E-09  3.479620E-01  3.570703E-04  1.006142E-06  4.703579E-01  2.699835E-03  4.116681E-05  3.033808E-06  1.462653E-03  1.214300E-07  4.585015E-07  2.597185E-08  5.188710E-02  7.302453E-06  1.023382E-07  8.657722E-08  7.972745E-04  1.083787E-03  1.008035E-05  2.643708E-06  3.408727E-06  8.807684E-07
 3.251500E+02  1.236229E-01  2.289196E-05  6.680653E-10  8.899082E-10  9.933010E-10  1.200926E-09  3.479934E-01  3.512721E-04  9.518213E-07  4.707276E-01  2.660020E-03  3.904913E-05  2.958205E-06  1.440946E-03  1.160258E-07  4.391173E-07  2.512632E-08  5.126152E-02  7.008137E-06  9.953647E-08  8.415526E-08  7.851863E-04  1.067352E-03  9.556715E-06  2.504005E-06  3.229590E-06  8.430452E-07
 3.261500E+02  1.239415E-01  2.273710E-05  6.518909E-10  8.685684E-10  9.695320E-10  1.172452E-09  3.480241E-01  3.456083E-04  9.007663E-07  4.710910E-01  2.621023E-03  3.705226E-05  2.884947E-06  1.419672E-03  1.108934E-07  4.206657E-07  2.431266E-08  5.064617E-02  6.727263E-06  9.682463E-08  8.181251E-08  7.733588E-04  1.051273E-03  9.063309E-06  2.372517E-06  3.060939E-06  8.071483E-07
 3.271500E+02  1.242548E-01  2.258325E-05  6.361692E-10  8.478206E-10  9.464209E-10  1.144759E-09  3.480541E-01  3.400751E-04  8.527625E-07  4.714480E-01  2.582823E-03  3.516867E-05  2.813950E-06  1.398823E-03  1.060178E-07  4.030969E-07  2.352954E-08  5.004088E-02  6.459155E-06  9.419952E-08  7.954615E-08  7.617851E-04  1.035538E-03  8.598228E-06  2.248718E-06  2.902101E-06  7.729800E-07
 3.281500E+02  1.245630E-01  2.243042E-05  6.208868E-10  8.276473E-10  9.239486E-10  1.117824E-09  3.480835E-01  3.346688E-04  8.076101E-07  4.717989E-01  2.545401E-03  3.339136E-05  2.745132E-06  1.378388E-03  1.013847E-07  3.863642E-07  2.277568E-08  4.944547E-02  6.203173E-06  9.165809E-08  7.735340E-08  7.504584E-04  1.020141E-03  8.159697E-06  2.132114E-06  2.752451E-06  7.404488E-07
 3.291500E+02  1.248661E-01  2.227863E-05  6.060307E-10  8.080318E-10  9.020964E-10  1.091627E-09  3.481122E-01  3.293858E-04  7.651237E-07  4.721438E-01  2.508738E-03  3.171379E-05  2.678416E-06  1.358358E-03  9.698092E-08  3.704235E-07  2.204987E-08  4.885978E-02  5.958712E-06  8.919740E-08  7.523164E-08  7.393725E-04  1.005071E-03  7.746057E-06  2.022248E-06  2.611407E-06  7.094680E-07
 3.301500E+02  1.251643E-01  2.212791E-05  5.915882E-10  7.889577E-10  8.808461E-10  1.066145E-09  3.481404E-01  3.242227E-04  7.251309E-07  4.724827E-01  2.472816E-03  3.012985E-05  2.613727E-06  1.338724E-03  9.279386E-08  3.552331E-07  2.135096E-08  4.828362E-02  5.725199E-06  8.681461E-08  7.317832E-08  7.285209E-04  9.903196E-04  7.355765E-06  1.918693E-06  2.478428E-06  6.799562E-07
 3.311500E+02  1.254575E-01  2.197827E-05  5.775472E-10  7.704089E-10  8.601801E-10  1.041358E-09  3.481679E-01  3.191759E-04  6.874712E-07  4.728159E-01  2.437615E-03  2.863384E-05  2.550994E-06  1.319476E-03  8.881175E-08  3.407540E-07  2.067784E-08  4.771684E-02  5.502094E-06  8.450698E-08  7.119099E-08  7.178976E-04  9.758795E-04  6.987379E-06  1.821054E-06  2.353007E-06  6.518364E-07
 3.321500E+02  1.257460E-01  2.182972E-05  5.638956E-10  7.523702E-10  8.400813E-10  1.017246E-09  3.481948E-01  3.142424E-04  6.519954E-07  4.731434E-01  2.403120E-03  2.722042E-05  2.490148E-06  1.300605E-03  8.502350E-08  3.269490E-07  2.002944E-08  4.715927E-02  5.288883E-06  8.227188E-08  6.926731E-08  7.074967E-04  9.617422E-04  6.639554E-06  1.728958E-06  2.234675E-06  6.250361E-07
 3.331500E+02  1.260298E-01  2.168227E-05  5.506219E-10  7.348265E-10  8.205329E-10  9.937884E-10  3.482212E-01  3.094189E-04  6.185647E-07  4.734653E-01  2.369312E-03  2.588461E-05  2.431123E-06  1.282104E-03  8.141867E-08  3.137835E-07  1.940476E-08  4.661074E-02  5.085081E-06  8.010680E-08  6.740502E-08  6.973125E-04  9.478999E-04  6.311033E-06  1.642063E-06  2.122991E-06  5.994870E-07
 3.341500E+02  1.263089E-01  2.153594E-05  5.377149E-10  7.177633E-10  8.015188E-10  9.709669E-10  3.482471E-01  3.047024E-04  5.870498E-07  4.737817E-01  2.336175E-03  2.462176E-05  2.373856E-06  1.263964E-03  7.798744E-08  3.012245E-07  1.880283E-08  4.607111E-02  4.890229E-06  7.800929E-08  6.560193E-08  6.873394E-04  9.343449E-04  6.000644E-06  1.560045E-06  2.017547E-06  5.751244E-07
 3.351500E+02  1.265834E-01  2.139074E-05  5.251636E-10  7.011663E-10  7.830234E-10  9.487629E-10  3.482723E-01  3.000899E-04  5.573301E-07  4.740928E-01  2.303694E-03  2.342752E-05  2.318285E-06  1.246176E-03  7.472055E-08  2.892409E-07  1.822273E-08  4.554020E-02  4.703893E-06  7.597700E-08  6.385595E-08  6.775721E-04  9.210700E-04  5.707290E-06  1.482605E-06  1.917959E-06  5.518874E-07
 3.361500E+02  1.268535E-01  2.124667E-05  5.129575E-10  6.850219E-10  7.650313E-10  9.271582E-10  3.482971E-01  2.955787E-04  5.292934E-07  4.743987E-01  2.271852E-03  2.229779E-05  2.264353E-06  1.228733E-03  7.160930E-08  2.778034E-07  1.766357E-08  4.501788E-02  4.525659E-06  7.400767E-08  6.216508E-08  6.680053E-04  9.080681E-04  5.429948E-06  1.409462E-06  1.823871E-06  5.297185E-07
 3.371500E+02  1.271193E-01  2.110375E-05  5.010863E-10  6.693167E-10  7.475279E-10  9.061356E-10  3.483214E-01  2.911659E-04  5.028351E-07  4.746994E-01  2.240634E-03  2.122878E-05  2.212002E-06  1.211627E-03  6.864546E-08  2.668843E-07  1.712452E-08  4.450397E-02  4.355139E-06  7.209914E-08  6.052736E-08  6.586339E-04  8.953321E-04  5.167660E-06  1.340354E-06  1.734949E-06  5.085633E-07
 3.381500E+02  1.273807E-01  2.096199E-05  4.895401E-10  6.540379E-10  7.304987E-10  8.856779E-10  3.483451E-01  2.868489E-04  4.778576E-07  4.749950E-01  2.210025E-03  2.021692E-05  2.161178E-06  1.194850E-03  6.582130E-08  2.564575E-07  1.660475E-08  4.399834E-02  4.191961E-06  7.024930E-08  5.894095E-08  6.494531E-04  8.828554E-04  4.919529E-06  1.275038E-06  1.650881E-06  4.883704E-07
 3.391500E+02  1.276379E-01  2.082138E-05  4.783092E-10  6.391727E-10  7.139298E-10  8.657689E-10  3.483684E-01  2.826251E-04  4.542698E-07  4.752857E-01  2.180012E-03  1.925885E-05  2.111830E-06  1.178395E-03  6.312952E-08  2.464983E-07  1.610350E-08  4.350084E-02  4.035776E-06  6.845615E-08  5.740403E-08  6.404581E-04  8.706316E-04  4.684718E-06  1.213285E-06  1.571378E-06  4.690915E-07
 3.401500E+02  1.278909E-01  2.068194E-05  4.673842E-10  6.247092E-10  6.978076E-10  8.463925E-10  3.483912E-01  2.784920E-04  4.319868E-07  4.755716E-01  2.150579E-03  1.835145E-05  2.063908E-06  1.162255E-03  6.056324E-08  2.369832E-07  1.562004E-08  4.301132E-02  3.886250E-06  6.671772E-08  5.591489E-08  6.316442E-04  8.586541E-04  4.462443E-06  1.154881E-06  1.496166E-06  4.506806E-07
 3.411500E+02  1.281398E-01  2.054367E-05  4.567561E-10  6.106354E-10  6.821192E-10  8.275331E-10  3.484135E-01  2.744471E-04  4.109291E-07  4.758526E-01  2.121714E-03  1.749178E-05  2.017363E-06  1.146422E-03  5.811596E-08  2.278903E-07  1.515365E-08  4.252964E-02  3.743069E-06  6.503216E-08  5.447186E-08  6.230069E-04  8.469170E-04  4.251968E-06  1.099627E-06  1.424990E-06  4.330944E-07
 3.421500E+02  1.283848E-01  2.040657E-05  4.464161E-10  5.969399E-10  6.668517E-10  8.091758E-10  3.484354E-01  2.704882E-04  3.910228E-07  4.761291E-01  2.093402E-03  1.667710E-05  1.972149E-06  1.130890E-03  5.578157E-08  2.191986E-07  1.470367E-08  4.205566E-02  3.605934E-06  6.339767E-08  5.307334E-08  6.145419E-04  8.354143E-04  4.052607E-06  1.047337E-06  1.357613E-06  4.162919E-07
 3.431500E+02  1.286258E-01  2.027064E-05  4.363556E-10  5.836117E-10  6.519928E-10  7.913060E-10  3.484569E-01  2.666129E-04  3.721985E-07  4.764009E-01  2.065632E-03  1.590482E-05  1.928222E-06  1.115652E-03  5.355427E-08  2.108885E-07  1.426943E-08  4.158925E-02  3.474561E-06  6.181250E-08  5.171779E-08  6.062449E-04  8.241401E-04  3.863715E-06  9.978343E-07  1.293812E-06  4.002343E-07
 3.441500E+02  1.288630E-01  2.013590E-05  4.265663E-10  5.706398E-10  6.375305E-10  7.739095E-10  3.484779E-01  2.628191E-04  3.543915E-07  4.766682E-01  2.038390E-03  1.517252E-05  1.885538E-06  1.100702E-03  5.142861E-08  2.029411E-07  1.385033E-08  4.113025E-02  3.348681E-06  6.027498E-08  5.040374E-08  5.981118E-04  8.130889E-04  3.684689E-06  9.509570E-07  1.233377E-06  3.848850E-07
 3.451500E+02  1.290963E-01  2.000233E-05  4.170402E-10  5.580138E-10  6.234532E-10  7.569725E-10  3.484985E-01  2.591046E-04  3.375414E-07  4.769312E-01  2.011664E-03  1.447793E-05  1.844057E-06  1.086032E-03  4.939944E-08  1.953389E-07  1.344576E-08  4.067856E-02  3.228038E-06  5.878351E-08  4.912974E-08  5.901386E-04  8.022552E-04  3.514961E-06  9.065515E-07  1.176113E-06  3.702093E-07
 3.461500E+02  1.293260E-01  1.986995E-05  4.077696E-10  5.457237E-10  6.097497E-10  7.404817E-10  3.485187E-01  2.554673E-04  3.215914E-07  4.771898E-01  1.985442E-03  1.381893E-05  1.803738E-06  1.071637E-03  4.746188E-08  1.880650E-07  1.305518E-08  4.023402E-02  3.112391E-06  5.733653E-08  4.789444E-08  5.823215E-04  7.916337E-04  3.354002E-06  8.644745E-07  1.121838E-06  3.561742E-07
 3.471500E+02  1.295520E-01  1.973874E-05  3.987468E-10  5.337595E-10  5.964089E-10  7.244242E-10  3.485385E-01  2.519053E-04  3.064887E-07  4.774442E-01  1.959713E-03  1.319350E-05  1.764544E-06  1.057512E-03  4.561133E-08  1.811037E-07  1.267802E-08  3.979652E-02  3.001508E-06  5.593255E-08  4.669650E-08  5.746565E-04  7.812193E-04  3.201313E-06  8.245915E-07  1.070378E-06  3.427488E-07
 3.481500E+02  1.297744E-01  1.960872E-05  3.899646E-10  5.221118E-10  5.834204E-10  7.087874E-10  3.485579E-01  2.484165E-04  2.921837E-07  4.776945E-01  1.934466E-03  1.259979E-05  1.726437E-06  1.043649E-03  4.384345E-08  1.744399E-07  1.231377E-08  3.936593E-02  2.895171E-06  5.457012E-08  4.553465E-08  5.671401E-04  7.710069E-04  3.056427E-06  7.867766E-07  1.021574E-06  3.299036E-07
 3.491500E+02  1.299933E-01  1.947987E-05  3.814158E-10  5.107712E-10  5.707739E-10  6.935592E-10  3.485769E-01  2.449992E-04  2.786298E-07  4.779406E-01  1.909689E-03  1.203601E-05  1.689383E-06  1.030043E-03  4.215412E-08  1.680594E-07  1.196194E-08  3.894212E-02  2.793174E-06  5.324786E-08  4.440767E-08  5.597687E-04  7.609916E-04  2.918905E-06  7.509117E-07  9.752748E-07  3.176106E-07
 3.501500E+02  1.302087E-01  1.935220E-05  3.730937E-10  4.997288E-10  5.584593E-10  6.787276E-10  3.485956E-01  2.416515E-04  2.657837E-07  4.781828E-01  1.885372E-03  1.150051E-05  1.653347E-06  1.016688E-03  4.053946E-08  1.619487E-07  1.162204E-08  3.852497E-02  2.695317E-06  5.196442E-08  4.331437E-08  5.525388E-04  7.511689E-04  2.788335E-06  7.168859E-07  9.313378E-07  3.058434E-07
 3.511500E+02  1.304207E-01  1.922570E-05  3.649914E-10  4.889760E-10  5.464670E-10  6.642814E-10  3.486139E-01  2.383715E-04  2.536045E-07  4.784210E-01  1.861504E-03  1.099173E-05  1.618296E-06  1.003579E-03  3.899579E-08  1.560951E-07  1.129363E-08  3.811437E-02  2.601414E-06  5.071853E-08  4.225362E-08  5.454470E-04  7.415340E-04  2.664331E-06  6.845954E-07  8.896305E-07  2.945770E-07
 3.521500E+02  1.306294E-01  1.910038E-05  3.571027E-10  4.785043E-10  5.347877E-10  6.502094E-10  3.486319E-01  2.351577E-04  2.420541E-07  4.786555E-01  1.838075E-03  1.050821E-05  1.584199E-06  9.907110E-04  3.751962E-08  1.504864E-07  1.097625E-08  3.771019E-02  2.511286E-06  4.950893E-08  4.122431E-08  5.384902E-04  7.320825E-04  2.546529E-06  6.539426E-07  8.500281E-07  2.837876E-07
 3.531500E+02  1.308348E-01  1.897622E-05  3.494212E-10  4.683055E-10  5.234123E-10  6.365007E-10  3.486495E-01  2.320083E-04  2.310967E-07  4.788861E-01  1.815075E-03  1.004857E-05  1.551025E-06  9.780780E-04  3.610768E-08  1.451111E-07  1.066950E-08  3.731232E-02  2.424765E-06  4.833442E-08  4.022541E-08  5.316650E-04  7.228101E-04  2.434587E-06  6.248358E-07  8.124133E-07  2.734527E-07
 3.541500E+02  1.310370E-01  1.885323E-05  3.419408E-10  4.583717E-10  5.123319E-10  6.231450E-10  3.486668E-01  2.289217E-04  2.206986E-07  4.791130E-01  1.792495E-03  9.611502E-06  1.518744E-06  9.656751E-04  3.475684E-08  1.399585E-07  1.037297E-08  3.692064E-02  2.341688E-06  4.719387E-08  3.925587E-08  5.249685E-04  7.137125E-04  2.328184E-06  5.971891E-07  7.766761E-07  2.635510E-07
 3.551500E+02  1.312360E-01  1.873140E-05  3.346558E-10  4.486952E-10  5.015381E-10  6.101321E-10  3.486837E-01  2.258964E-04  2.108284E-07  4.793363E-01  1.770326E-03  9.195800E-06  1.487329E-06  9.534974E-04  3.346414E-08  1.350181E-07  1.008627E-08  3.653505E-02  2.261903E-06  4.608613E-08  3.831474E-08  5.183975E-04  7.047857E-04  2.227017E-06  5.709217E-07  7.427130E-07  2.540622E-07
 3.561500E+02  1.314320E-01  1.861072E-05  3.275603E-10  4.392686E-10  4.910225E-10  5.974522E-10  3.487004E-01  2.229308E-04  2.014563E-07  4.795561E-01  1.748557E-03  8.800309E-06  1.456751E-06  9.415399E-04  3.222681E-08  1.302801E-07  9.809038E-09  3.615544E-02  2.185264E-06  4.501016E-08  3.740106E-08  5.119492E-04  6.960256E-04  2.130804E-06  5.459575E-07  7.104267E-07  2.449670E-07
 3.571500E+02  1.316249E-01  1.849119E-05  3.206489E-10  4.300846E-10  4.807772E-10  5.850957E-10  3.487167E-01  2.200234E-04  1.925548E-07  4.797723E-01  1.727181E-03  8.423948E-06  1.426985E-06  9.297978E-04  3.104218E-08  1.257352E-07  9.540919E-09  3.578169E-02  2.111632E-06  4.396491E-08  3.651393E-08  5.056206E-04  6.874284E-04  2.039276E-06  5.222253E-07  6.797257E-07  2.362473E-07
 3.581500E+02  1.318148E-01  1.837281E-05  3.139162E-10  4.211363E-10  4.707943E-10  5.730535E-10  3.487327E-01  2.171729E-04  1.840975E-07  4.799851E-01  1.706188E-03  8.065698E-06  1.398005E-06  9.182666E-04  2.990775E-08  1.213746E-07  9.281572E-09  3.541371E-02  2.040875E-06  4.294937E-08  3.565246E-08  4.994092E-04  6.789903E-04  1.952181E-06  4.996578E-07  6.505241E-07  2.278857E-07
 3.591500E+02  1.320017E-01  1.825557E-05  3.073570E-10  4.124168E-10  4.610663E-10  5.613165E-10  3.487484E-01  2.143778E-04  1.760601E-07  4.801946E-01  1.685570E-03  7.724598E-06  1.369787E-06  9.069417E-04  2.882114E-08  1.171899E-07  9.030672E-09  3.505139E-02  1.972867E-06  4.196260E-08  3.481581E-08  4.933121E-04  6.707077E-04  1.869283E-06  4.781919E-07  6.227408E-07  2.198658E-07
 3.601500E+02  1.321858E-01  1.813946E-05  3.009664E-10  4.039197E-10  4.515859E-10  5.498761E-10  3.487639E-01  2.116367E-04  1.684194E-07  4.804008E-01  1.665319E-03  7.399744E-06  1.342307E-06  8.958186E-04  2.778009E-08  1.131731E-07  8.787907E-09  3.469462E-02  1.907489E-06  4.100366E-08  3.400317E-08  4.873267E-04  6.625769E-04  1.790359E-06  4.577682E-07  5.962997E-07  2.121720E-07
 3.611500E+02  1.323671E-01  1.802448E-05  2.947393E-10  3.956385E-10  4.423461E-10  5.387238E-10  3.487790E-01  2.089484E-04  1.611539E-07  4.806037E-01  1.645427E-03  7.090283E-06  1.315542E-06  8.848931E-04  2.678248E-08  1.093167E-07  8.552977E-09  3.434332E-02  1.844627E-06  4.007165E-08  3.321375E-08  4.814504E-04  6.545945E-04  1.715197E-06  4.383307E-07  5.711290E-07  2.047894E-07
 3.621500E+02  1.325456E-01  1.791062E-05  2.886712E-10  3.875670E-10  4.333398E-10  5.278515E-10  3.487939E-01  2.063115E-04  1.542431E-07  4.808034E-01  1.625886E-03  6.795411E-06  1.289470E-06  8.741610E-04  2.582626E-08  1.056134E-07  8.325594E-09  3.399737E-02  1.784173E-06  3.916571E-08  3.244680E-08  4.756809E-04  6.467572E-04  1.643600E-06  4.198268E-07  5.471613E-07  1.977040E-07
 3.631500E+02  1.327213E-01  1.779787E-05  2.827575E-10  3.796993E-10  4.245606E-10  5.172512E-10  3.488085E-01  2.037249E-04  1.476678E-07  4.810001E-01  1.606688E-03  6.514369E-06  1.264070E-06  8.636181E-04  2.490953E-08  1.020564E-07  8.105484E-09  3.365670E-02  1.726022E-06  3.828501E-08  3.170158E-08  4.700157E-04  6.390615E-04  1.575382E-06  4.022068E-07  5.243329E-07  1.909023E-07
 3.641500E+02  1.328944E-01  1.768624E-05  2.769936E-10  3.720295E-10  4.160018E-10  5.069152E-10  3.488228E-01  2.011874E-04  1.414101E-07  4.811936E-01  1.587827E-03  6.246442E-06  1.239322E-06  8.532604E-04  2.403044E-08  9.863915E-08  7.892381E-09  3.332119E-02  1.670076E-06  3.742875E-08  3.097739E-08  4.644523E-04  6.315044E-04  1.510365E-06  3.854241E-07  5.025838E-07  1.843717E-07
 3.651500E+02  1.330648E-01  1.757570E-05  2.713754E-10  3.645521E-10  4.076573E-10  4.968362E-10  3.488369E-01  1.986977E-04  1.354529E-07  4.813842E-01  1.569294E-03  5.990953E-06  1.215205E-06  8.430839E-04  2.318728E-08  9.535555E-08  7.686032E-09  3.299076E-02  1.616242E-06  3.659614E-08  3.027356E-08  4.589886E-04  6.240827E-04  1.448384E-06  3.694346E-07  4.818574E-07  1.780999E-07
 3.661500E+02  1.332327E-01  1.746625E-05  2.658986E-10  3.572615E-10  3.995210E-10  4.870068E-10  3.488507E-01  1.962547E-04  1.297802E-07  4.815718E-01  1.551082E-03  5.747266E-06  1.191701E-06  8.330850E-04  2.237838E-08  9.219968E-08  7.486192E-09  3.266532E-02  1.564430E-06  3.578644E-08  2.958942E-08  4.536224E-04  6.167934E-04  1.389281E-06  3.541967E-07  4.621006E-07  1.720757E-07
 3.671500E+02  1.333980E-01  1.735789E-05  2.605592E-10  3.501525E-10  3.915870E-10  4.774201E-10  3.488643E-01  1.938574E-04  1.243771E-07  4.817565E-01  1.533186E-03  5.514778E-06  1.168790E-06  8.232597E-04  2.160220E-08  8.916593E-08  7.292628E-09  3.234479E-02  1.514555E-06  3.499893E-08  2.892435E-08  4.483513E-04  6.096335E-04  1.332910E-06  3.396714E-07  4.432630E-07  1.662878E-07
 3.681500E+02  1.335608E-01  1.725061E-05  2.553533E-10  3.432198E-10  3.838496E-10  4.680693E-10  3.488776E-01  1.915046E-04  1.192292E-07  4.819384E-01  1.515597E-03  5.292921E-06  1.146456E-06  8.136045E-04  2.085725E-08  8.624898E-08  7.105114E-09  3.202906E-02  1.466535E-06  3.423290E-08  2.827773E-08  4.431734E-04  6.026001E-04  1.279130E-06  3.258218E-07  4.252973E-07  1.607261E-07
 3.691500E+02  1.337212E-01  1.714440E-05  2.502772E-10  3.364587E-10  3.763032E-10  4.589477E-10  3.488907E-01  1.891954E-04  1.143232E-07  4.821175E-01  1.498310E-03  5.081158E-06  1.124682E-06  8.041159E-04  2.014211E-08  8.344375E-08  6.923435E-09  3.171806E-02  1.420293E-06  3.348769E-08  2.764899E-08  4.380865E-04  5.956905E-04  1.227809E-06  3.126129E-07  4.081586E-07  1.553805E-07
 3.701500E+02  1.338791E-01  1.703925E-05  2.453270E-10  3.298642E-10  3.689426E-10  4.500490E-10  3.489036E-01  1.869286E-04  1.096466E-07  4.822938E-01  1.481318E-03  4.878981E-06  1.103449E-06  7.947903E-04  1.945545E-08  8.074542E-08  6.747383E-09  3.141171E-02  1.375754E-06  3.276264E-08  2.703755E-08  4.330887E-04  5.889019E-04  1.178823E-06  3.000120E-07  3.918048E-07  1.502416E-07
 3.711500E+02  1.340347E-01  1.693515E-05  2.404994E-10  3.234316E-10  3.617624E-10  4.413669E-10  3.489162E-01  1.847034E-04  1.051873E-07  4.824675E-01  1.464615E-03  4.685909E-06  1.082743E-06  7.856243E-04  1.879599E-08  7.814938E-08  6.576760E-09  3.110992E-02  1.332849E-06  3.205713E-08  2.644287E-08  4.281781E-04  5.822317E-04  1.132055E-06  2.879880E-07  3.761960E-07  1.453005E-07
 3.721500E+02  1.341880E-01  1.683209E-05  2.357907E-10  3.171565E-10  3.547576E-10  4.328955E-10  3.489287E-01  1.825187E-04  1.009342E-07  4.826386E-01  1.448195E-03  4.501490E-06  1.062548E-06  7.766146E-04  1.816253E-08  7.565126E-08  6.411373E-09  3.081261E-02  1.291509E-06  3.137055E-08  2.586441E-08  4.233526E-04  5.756773E-04  1.087392E-06  2.765116E-07  3.612945E-07  1.405485E-07
 3.731500E+02  1.343390E-01  1.673008E-05  2.311977E-10  3.110344E-10  3.479234E-10  4.246290E-10  3.489409E-01  1.803736E-04  9.687677E-08  4.828070E-01  1.432051E-03  4.325295E-06  1.042849E-06  7.677581E-04  1.755390E-08  7.324689E-08  6.251040E-09  3.051970E-02  1.251670E-06  3.070232E-08  2.530167E-08  4.186105E-04  5.692361E-04  1.044731E-06  2.655552E-07  3.470646E-07  1.359776E-07
