#         T/K            c1          c2-1          c3-4          c3-5          c3-7          c3-9            m1          m2-1          m3-1            w1            w2          w3-1          w3-2          c1m1        c1m2-1        c1m2-7        c2m1-1        c1w1-2        c1w2-1        c2w1-1        c2w1-9        m1w1-1        m1w1-4        m1w2-1        m2w1-1        m2w1-3      c1m1w1-1
 2.731500E+02  2.701707E-01  2.596069E-04  6.604671E-08  8.668791E-08  9.644718E-08  1.150013E-07  9.778133E-02  8.642535E-05  8.244907E-07  3.655846E-01  4.929197E-03  6.759728E-04  9.484620E-06  2.970669E-03  4.990969E-07  1.637695E-06  4.603361E-07  2.560238E-01  1.897279E-04  3.775188E-06  3.315015E-06  5.190491E-04  7.065657E-04  5.959292E-05  5.771193E-06  7.309293E-06  9.338068E-06
 2.741500E+02  2.719005E-01  2.577728E-04  6.394176E-08  8.395353E-08  9.341194E-08  1.114172E-07  9.782844E-02  8.429654E-05  7.596211E-07  3.674193E-01  4.853784E-03  6.323477E-04  9.217310E-06  2.909334E-03  4.672028E-07  1.538006E-06  4.393849E-07  2.526364E-01  1.800483E-04  3.643859E-06  3.196934E-06  5.089324E-04  6.927502E-04  5.549373E-05  5.346636E-06  6.774283E-06  8.796297E-06
 2.751500E+02  2.736070E-01  2.559361E-04  6.190947E-08  8.131251E-08  9.048009E-08  1.079541E-07  9.787422E-02  8.223662E-05  7.003013E-07  3.692265E-01  4.779615E-03  5.917450E-04  8.958319E-06  2.849571E-03  4.375491E-07  1.445020E-06  4.194964E-07  2.492937E-01  1.709050E-04  3.517533E-06  3.083459E-06  4.990654E-04  6.792777E-04  5.169933E-05  4.955977E-06  6.281797E-06  8.288928E-06
 2.761500E+02  2.752904E-01  2.540978E-04  5.994726E-08  7.876160E-08  8.764801E-08  1.046075E-07  9.791873E-02  8.024296E-05  6.460213E-07  3.710067E-01  4.706676E-03  5.539429E-04  8.707388E-06  2.791334E-03  4.099655E-07  1.358249E-06  4.006119E-07  2.459954E-01  1.622663E-04  3.396011E-06  2.974402E-06  4.894413E-04  6.661387E-04  4.818554E-05  4.596312E-06  5.828210E-06  7.813608E-06
 2.771500E+02  2.769506E-01  2.522586E-04  5.805267E-08  7.629765E-08  8.491225E-08  1.013737E-07  9.796199E-02  7.831305E-05  5.963210E-07  3.727600E-01  4.634955E-03  5.187366E-04  8.464264E-06  2.734580E-03  3.842957E-07  1.277240E-06  3.826763E-07  2.427415E-01  1.541027E-04  3.279101E-06  2.869582E-06  4.800535E-04  6.533242E-04  4.493019E-05  4.265005E-06  5.410226E-06  7.368158E-06
 2.781500E+02  2.785879E-01  2.504194E-04  5.622328E-08  7.391761E-08  8.226944E-08  9.824864E-08  9.800407E-02  7.644448E-05  5.507849E-07  3.744868E-01  4.564438E-03  4.859371E-04  8.228701E-06  2.679267E-03  3.603957E-07  1.201580E-06  3.656377E-07  2.395318E-01  1.463862E-04  3.166620E-06  2.768826E-06  4.708955E-04  6.408251E-04  4.191296E-05  3.959658E-06  5.024845E-06  6.950557E-06
 2.791500E+02  2.802023E-01  2.485809E-04  5.445681E-08  7.161856E-08  7.971634E-08  9.522862E-08  9.804500E-02  7.463493E-05  5.090377E-07  3.761875E-01  4.495112E-03  4.553696E-04  8.000459E-06  2.625353E-03  3.381335E-07  1.130883E-06  3.494475E-07  2.363661E-01  1.390908E-04  3.058391E-06  2.671967E-06  4.619611E-04  6.286329E-04  3.911524E-05  3.678085E-06  4.669337E-06  6.558927E-06
 2.801500E+02  2.817940E-01  2.467441E-04  5.275101E-08  6.939766E-08  7.724983E-08  9.231003E-08  9.808481E-02  7.288219E-05  4.707402E-07  3.778623E-01  4.426961E-03  4.268727E-04  7.779307E-06  2.572800E-03  3.173874E-07  1.064795E-06  3.340595E-07  2.332442E-01  1.321920E-04  2.954246E-06  2.578849E-06  4.532442E-04  6.167389E-04  3.651994E-05  3.418300E-06  4.341212E-06  6.191528E-06
 2.811500E+02  2.833631E-01  2.449094E-04  5.110374E-08  6.725218E-08  7.486689E-08  8.948937E-08  9.812355E-02  7.118414E-05  4.355854E-07  3.795117E-01  4.359971E-03  4.002975E-04  7.565017E-06  2.521569E-03  2.980454E-07  1.002990E-06  3.194305E-07  2.301658E-01  1.256666E-04  2.854023E-06  2.489317E-06  4.447388E-04  6.051351E-04  3.411140E-05  3.178491E-06  4.038205E-06  5.846740E-06
 2.821500E+02  2.849098E-01  2.430778E-04  4.951293E-08  6.517948E-08  7.256459E-08  8.676326E-08  9.816126E-02  6.953875E-05  4.032958E-07  3.811358E-01  4.294127E-03  3.755061E-04  7.357371E-06  2.471621E-03  2.800046E-07  9.451661E-07  3.055198E-07  2.271307E-01  1.194932E-04  2.757565E-06  2.403226E-06  4.364391E-04  5.938134E-04  3.187521E-05  2.957007E-06  3.758247E-06  5.523064E-06
 2.831500E+02  2.864342E-01  2.412499E-04  4.797657E-08  6.317702E-08  7.034014E-08  8.412843E-08  9.819796E-02  6.794408E-05  3.736196E-07  3.827351E-01  4.229413E-03  3.523712E-04  7.156153E-06  2.422922E-03  2.631698E-07  8.910432E-07  2.922888E-07  2.241386E-01  1.136514E-04  2.664724E-06  2.320436E-06  4.283396E-04  5.827661E-04  2.979818E-05  2.752342E-06  3.499452E-06  5.219101E-06
 2.841500E+02  2.879366E-01  2.394264E-04  4.649274E-08  6.124232E-08  6.819079E-08  8.158173E-08  9.823369E-02  6.639827E-05  3.463288E-07  3.843098E-01  4.165813E-03  3.307747E-04  6.961159E-06  2.375435E-03  2.474535E-07  8.403636E-07  2.797014E-07  2.211892E-01  1.081221E-04  2.575356E-06  2.240813E-06  4.204347E-04  5.719855E-04  2.786816E-05  2.563122E-06  3.260100E-06  4.933555E-06
 2.851500E+02  2.894170E-01  2.376078E-04  4.505957E-08  5.937303E-08  6.611394E-08  7.912012E-08  9.826849E-02  6.489951E-05  3.212168E-07  3.858602E-01  4.103312E-03  3.106079E-04  6.772185E-06  2.329128E-03  2.327751E-07  7.928886E-07  2.677233E-07  2.182822E-01  1.028874E-04  2.489324E-06  2.164228E-06  4.127192E-04  5.614644E-04  2.607399E-05  2.388092E-06  3.038616E-06  4.665220E-06
 2.861500E+02  2.908758E-01  2.357948E-04  4.367527E-08  5.756683E-08  6.410704E-08  7.674066E-08  9.830237E-02  6.344611E-05  2.980958E-07  3.873867E-01  4.041894E-03  2.917698E-04  6.589039E-06  2.283966E-03  2.190600E-07  7.483970E-07  2.563224E-07  2.154172E-01  9.793047E-05  2.406495E-06  2.090559E-06  4.051878E-04  5.511957E-04  2.440542E-05  2.226107E-06  2.833564E-06  4.412974E-06
 2.871500E+02  2.923130E-01  2.339880E-04  4.233809E-08  5.582153E-08  6.216765E-08  7.444049E-08  9.833538E-02  6.203643E-05  2.767955E-07  3.888896E-01  3.981544E-03  2.741671E-04  6.411531E-06  2.239918E-03  2.062396E-07  7.066845E-07  2.454684E-07  2.125940E-01  9.323556E-05  2.326743E-06  2.019687E-06  3.978356E-04  5.411724E-04  2.285301E-05  2.076120E-06  2.643631E-06  4.175772E-06
 2.881500E+02  2.937289E-01  2.321879E-04  4.104637E-08  5.413498E-08  6.029340E-08  7.221688E-08  9.836753E-02  6.066887E-05  2.571612E-07  3.903691E-01  3.922244E-03  2.577133E-04  6.239478E-06  2.196953E-03  1.942503E-07  6.675616E-07  2.351324E-07  2.098121E-01  8.878775E-05  2.249946E-06  1.951499E-06  3.906577E-04  5.313877E-04  2.140809E-05  1.937174E-06  2.467614E-06  3.952643E-06
 2.891500E+02  2.951237E-01  2.303951E-04  3.979849E-08  5.250512E-08  5.848201E-08  7.006717E-08  9.839886E-02  5.934195E-05  2.390520E-07  3.918256E-01  3.863979E-03  2.423284E-04  6.072703E-06  2.155040E-03  1.830336E-07  6.308526E-07  2.252875E-07  2.070711E-01  8.457308E-05  2.175988E-06  1.885887E-06  3.836494E-04  5.218352E-04  2.006265E-05  1.808391E-06  2.304415E-06  3.742683E-06
 2.901500E+02  2.964977E-01  2.286100E-04  3.859290E-08  5.092995E-08  5.673128E-08  6.798881E-08  9.842939E-02  5.805420E-05  2.223400E-07  3.932594E-01  3.806732E-03  2.279383E-04  5.911035E-06  2.114150E-03  1.725352E-07  5.963950E-07  2.159081E-07  2.043707E-01  8.057841E-05  2.104756E-06  1.822746E-06  3.768061E-04  5.125086E-04  1.880934E-05  1.688970E-06  2.153026E-06  3.545049E-06
 2.911500E+02  2.978510E-01  2.268332E-04  3.742809E-08  4.940757E-08  5.503909E-08  6.597931E-08  9.845915E-02  5.680423E-05  2.069087E-07  3.946707E-01  3.750489E-03  2.144741E-04  5.754307E-06  2.074256E-03  1.627050E-07  5.640377E-07  2.069701E-07  2.017105E-01  7.679140E-05  2.036144E-06  1.761978E-06  3.701232E-04  5.034016E-04  1.764138E-05  1.578177E-06  2.012524E-06  3.358957E-06
 2.921500E+02  2.991838E-01  2.250650E-04  3.630261E-08  4.793611E-08  5.340339E-08  6.403628E-08  9.848816E-02  5.559072E-05  1.926520E-07  3.960600E-01  3.695232E-03  2.018723E-04  5.602358E-06  2.035329E-03  1.534968E-07  5.336408E-07  1.984508E-07  1.990900E-01  7.320041E-05  1.970049E-06  1.703487E-06  3.635965E-04  4.945083E-04  1.655252E-05  1.475340E-06  1.882065E-06  3.183676E-06
 2.931500E+02  3.004964E-01  2.233060E-04  3.521507E-08  4.651378E-08  5.182218E-08  6.215743E-08  9.851644E-02  5.441238E-05  1.794730E-07  3.974274E-01  3.640946E-03  1.900738E-04  5.455034E-06  1.997342E-03  1.448675E-07  5.050744E-07  1.903286E-07  1.965089E-01  6.979453E-05  1.906371E-06  1.647181E-06  3.572217E-04  4.858229E-04  1.553699E-05  1.379841E-06  1.760873E-06  3.018523E-06
 2.941500E+02  3.017890E-01  2.215565E-04  3.416412E-08  4.513885E-08  5.029357E-08  6.034052E-08  9.854401E-02  5.326799E-05  1.672838E-07  3.987734E-01  3.587616E-03  1.790238E-04  5.312183E-06  1.960270E-03  1.367776E-07  4.782178E-07  1.825833E-07  1.939666E-01  6.656346E-05  1.845017E-06  1.592972E-06  3.509948E-04  4.773397E-04  1.458948E-05  1.291115E-06  1.648236E-06  2.862864E-06
 2.951500E+02  3.030619E-01  2.198169E-04  3.314846E-08  4.380967E-08  4.881570E-08  5.858340E-08  9.857091E-02  5.215635E-05  1.560037E-07  4.000981E-01  3.535224E-03  1.686714E-04  5.173660E-06  1.924088E-03  1.291902E-07  4.529589E-07  1.751956E-07  1.914629E-01  6.349753E-05  1.785894E-06  1.540778E-06  3.449118E-04  4.690534E-04  1.370508E-05  1.208643E-06  1.543503E-06  2.716105E-06
 2.961500E+02  3.043153E-01  2.180876E-04  3.216684E-08  4.252462E-08  4.738681E-08  5.688400E-08  9.859713E-02  5.107635E-05  1.455594E-07  4.014019E-01  3.483756E-03  1.589695E-04  5.039324E-06  1.888770E-03  1.220713E-07  4.291937E-07  1.681474E-07  1.889971E-01  6.058764E-05  1.728915E-06  1.490516E-06  3.389688E-04  4.609585E-04  1.287927E-05  1.131948E-06  1.446072E-06  2.577693E-06
 2.971500E+02  3.055494E-01  2.163689E-04  3.121804E-08  4.128215E-08  4.600516E-08  5.524032E-08  9.862272E-02  5.002690E-05  1.358838E-07  4.026851E-01  3.433196E-03  1.498743E-04  4.909038E-06  1.854295E-03  1.153892E-07  4.068253E-07  1.614215E-07  1.865690E-01  5.782519E-05  1.673998E-06  1.442111E-06  3.331621E-04  4.530499E-04  1.210786E-05  1.060593E-06  1.355394E-06  2.447112E-06
 2.981500E+02  3.067644E-01  2.146612E-04  3.030091E-08  4.008077E-08  4.466911E-08  5.365041E-08  9.864768E-02  4.900694E-05  1.269156E-07  4.039480E-01  3.383528E-03  1.413451E-04  4.782671E-06  1.820637E-03  1.091148E-07  3.857636E-07  1.550017E-07  1.841780E-01  5.520213E-05  1.621061E-06  1.395487E-06  3.274881E-04  4.453227E-04  1.138700E-05  9.941758E-07  1.270961E-06  2.323880E-06
 2.991500E+02  3.079606E-01  2.129646E-04  2.941431E-08  3.891903E-08  4.337706E-08  5.211242E-08  9.867203E-02  4.801547E-05  1.185987E-07  4.051909E-01  3.334738E-03  1.333442E-04  4.660096E-06  1.787776E-03  1.032208E-07  3.659251E-07  1.488727E-07  1.818237E-01  5.271085E-05  1.570027E-06  1.350575E-06  3.219431E-04  4.377719E-04  1.071310E-05  9.323263E-07  1.192309E-06  2.207547E-06
 3.001500E+02  3.091383E-01  2.112795E-04  2.855717E-08  3.779554E-08  4.212747E-08  5.062454E-08  9.869580E-02  4.705154E-05  1.108817E-07  4.064140E-01  3.286810E-03  1.258365E-04  4.541188E-06  1.755690E-03  9.768202E-08  3.472316E-07  1.430200E-07  1.795056E-01  5.034419E-05  1.520823E-06  1.307306E-06  3.165238E-04  4.303929E-04  1.008288E-05  8.747046E-07  1.119008E-06  2.097692E-06
 3.011500E+02  3.102977E-01  2.096062E-04  2.772845E-08  3.670896E-08  4.091885E-08  4.918503E-08  9.871900E-02  4.611421E-05  1.037178E-07  4.076176E-01  3.239729E-03  1.187893E-04  4.425830E-06  1.724357E-03  9.247502E-08  3.296106E-07  1.374299E-07  1.772232E-01  4.809539E-05  1.473378E-06  1.265616E-06  3.112269E-04  4.231810E-04  9.493262E-06  8.209977E-07  1.050664E-06  1.993922E-06
 3.021500E+02  3.114390E-01  2.079449E-04  2.692712E-08  3.565800E-08  3.974976E-08  4.779222E-08  9.874164E-02  4.520258E-05  9.706393E-08  4.088021E-01  3.193481E-03  1.121723E-04  4.313906E-06  1.693757E-03  8.757807E-08  3.129946E-07  1.320893E-07  1.749762E-01  4.595809E-05  1.427623E-06  1.225441E-06  3.060491E-04  4.161319E-04  8.941438E-06  7.709175E-07  9.869138E-07  1.895869E-06
 3.031500E+02  3.125625E-01  2.062959E-04  2.615224E-08  3.464140E-08  3.861883E-08  4.644448E-08  9.876374E-02  4.431581E-05  9.088064E-08  4.099678E-01  3.148050E-03  1.059573E-04  4.205304E-06  1.663870E-03  8.297095E-08  2.973205E-07  1.269860E-07  1.727640E-01  4.392632E-05  1.383493E-06  1.186722E-06  3.009873E-04  4.092412E-04  8.424787E-06  7.241987E-07  9.274226E-07  1.803191E-06
 3.041500E+02  3.136684E-01  2.046592E-04  2.540285E-08  3.365796E-08  3.752471E-08  4.514026E-08  9.878532E-02  4.345307E-05  8.513179E-08  4.111148E-01  3.103422E-03  1.001180E-04  4.099917E-06  1.634678E-03  7.863488E-08  2.825297E-07  1.221082E-07  1.705862E-01  4.199441E-05  1.340925E-06  1.149402E-06  2.960385E-04  4.025048E-04  7.940886E-06  6.805965E-07  8.718818E-07  1.715565E-06
 3.051500E+02  3.147569E-01  2.030352E-04  2.467806E-08  3.270652E-08  3.646613E-08  4.387805E-08  9.880639E-02  4.261357E-05  7.978421E-08  4.122435E-01  3.059584E-03  9.463012E-05  3.997642E-06  1.606161E-03  7.455238E-08  2.685673E-07  1.174451E-07  1.684422E-01  4.015703E-05  1.299860E-06  1.113426E-06  2.911996E-04  3.959185E-04  7.487493E-06  6.398856E-07  8.200067E-07  1.632691E-06
 3.061500E+02  3.158284E-01  2.014239E-04  2.397700E-08  3.178596E-08  3.544185E-08  4.265640E-08  9.882696E-02  4.179654E-05  7.480747E-08  4.133542E-01  3.016520E-03  8.947081E-05  3.898377E-06  1.578301E-03  7.070720E-08  2.553823E-07  1.129861E-07  1.663317E-01  3.840918E-05  1.260239E-06  1.078740E-06  2.864678E-04  3.894785E-04  7.062527E-06  6.018579E-07  7.715347E-07  1.554288E-06
 3.071500E+02  3.168830E-01  1.998256E-04  2.329884E-08  3.089521E-08  3.445066E-08  4.147390E-08  9.884706E-02  4.100125E-05  7.017360E-08  4.144471E-01  2.974216E-03  8.461892E-05  3.802026E-06  1.551082E-03  6.708421E-08  2.429271E-07  1.087214E-07  1.642542E-01  3.674610E-05  1.222007E-06  1.045295E-06  2.818403E-04  3.831809E-04  6.664061E-06  5.663214E-07  7.262235E-07  1.480091E-06
 3.081500E+02  3.179210E-01  1.982403E-04  2.264276E-08  3.003322E-08  3.349141E-08  4.032921E-08  9.886669E-02  4.022700E-05  6.585691E-08  4.155226E-01  2.932660E-03  8.005475E-05  3.708494E-06  1.524485E-03  6.366932E-08  2.311572E-07  1.046416E-07  1.622091E-01  3.516332E-05  1.185112E-06  1.013042E-06  2.773144E-04  3.770219E-04  6.290306E-06  5.330991E-07  6.838491E-07  1.409855E-06
 3.091500E+02  3.189426E-01  1.966683E-04  2.200799E-08  2.919899E-08  3.256300E-08  3.922101E-08  9.888586E-02  3.947310E-05  6.183376E-08  4.165808E-01  2.891838E-03  7.575991E-05  3.617691E-06  1.498494E-03  6.044942E-08  2.200310E-07  1.007378E-07  1.601961E-01  3.365664E-05  1.149501E-06  9.819345E-07  2.728875E-04  3.709981E-04  5.939604E-06  5.020273E-07  6.442047E-07  1.343348E-06
 3.101500E+02  3.199482E-01  1.951096E-04  2.139378E-08  2.839155E-08  3.166435E-08  3.814805E-08  9.890460E-02  3.873891E-05  5.808244E-08  4.176221E-01  2.851735E-03  7.171730E-05  3.529529E-06  1.473093E-03  5.741228E-08  2.095096E-07  9.700156E-08  1.582147E-01  3.222206E-05  1.115127E-06  9.519281E-07  2.685570E-04  3.651057E-04  5.610415E-06  4.729547E-07  6.070992E-07  1.280353E-06
 3.111500E+02  3.209378E-01  1.935643E-04  2.079941E-08  2.760996E-08  3.079442E-08  3.710912E-08  9.892290E-02  3.802378E-05  5.458295E-08  4.186467E-01  2.812340E-03  6.791093E-05  3.443924E-06  1.448267E-03  5.454650E-08  1.995569E-07  9.342495E-08  1.562644E-01  3.085583E-05  1.081941E-06  9.229802E-07  2.643204E-04  3.593416E-04  5.301310E-06  4.457414E-07  5.723558E-07  1.220668E-06
 3.121500E+02  3.219118E-01  1.920325E-04  2.022418E-08  2.685334E-08  2.995223E-08  3.610304E-08  9.894079E-02  3.732712E-05  5.131687E-08  4.196550E-01  2.773638E-03  6.432594E-05  3.360794E-06  1.424000E-03  5.184146E-08  1.901390E-07  9.000038E-08  1.543448E-01  2.955440E-05  1.049900E-06  8.950497E-07  2.601754E-04  3.537023E-04  5.010960E-06  4.202583E-07  5.398108E-07  1.164101E-06
 3.131500E+02  3.228704E-01  1.905143E-04  1.966743E-08  2.612082E-08  2.913680E-08  3.512869E-08  9.895828E-02  3.664835E-05  4.826723E-08  4.206470E-01  2.735617E-03  6.094842E-05  3.280059E-06  1.400278E-03  4.928724E-08  1.812240E-07  8.672066E-08  1.524553E-01  2.831441E-05  1.018959E-06  8.680973E-07  2.561195E-04  3.481846E-04  4.738132E-06  3.963857E-07  5.093130E-07  1.110475E-06
 3.141500E+02  3.238138E-01  1.890097E-04  1.912850E-08  2.541155E-08  2.834722E-08  3.418499E-08  9.897537E-02  3.598689E-05  4.541841E-08  4.216232E-01  2.698265E-03  5.776543E-05  3.201644E-06  1.377086E-03  4.687460E-08  1.727823E-07  8.357899E-08  1.505956E-01  2.713271E-05  9.890771E-07  8.420856E-07  2.521505E-04  3.427855E-04  4.481680E-06  3.740129E-07  4.807221E-07  1.059622E-06
 3.151500E+02  3.247423E-01  1.875188E-04  1.860677E-08  2.472474E-08  2.758260E-08  3.327087E-08  9.899207E-02  3.534221E-05  4.275598E-08  4.225837E-01  2.661569E-03  5.476488E-05  3.125474E-06  1.354411E-03  4.459491E-08  1.647863E-07  8.056890E-08  1.487652E-01  2.600631E-05  9.602146E-07  8.169783E-07  2.482662E-04  3.375018E-04  4.240537E-06  3.530373E-07  4.539084E-07  1.011384E-06
 3.161500E+02  3.256560E-01  1.860417E-04  1.810165E-08  2.405960E-08  2.684206E-08  3.238532E-08  9.900840E-02  3.471378E-05  4.026664E-08  4.235288E-01  2.625517E-03  5.193546E-05  3.051478E-06  1.332239E-03  4.244009E-08  1.572097E-07  7.768426E-08  1.469636E-01  2.493237E-05  9.323331E-07  7.927408E-07  2.444644E-04  3.323307E-04  4.013711E-06  3.333639E-07  4.287514E-07  9.656140E-07
 3.171500E+02  3.265553E-01  1.845784E-04  1.761255E-08  2.341540E-08  2.612478E-08  3.152738E-08  9.902437E-02  3.410111E-05  3.793811E-08  4.244588E-01  2.590097E-03  4.926664E-05  2.979587E-06  1.310556E-03  4.040261E-08  1.500284E-07  7.491925E-08  1.451905E-01  2.390823E-05  9.053959E-07  7.693399E-07  2.407431E-04  3.272693E-04  3.800279E-06  3.149046E-07  4.051398E-07  9.221733E-07
 3.181500E+02  3.274403E-01  1.831288E-04  1.713892E-08  2.279140E-08  2.542996E-08  3.069610E-08  9.903999E-02  3.350370E-05  3.575906E-08  4.253739E-01  2.555297E-03  4.674857E-05  2.909734E-06  1.289351E-03  3.847543E-08  1.432196E-07  7.226833E-08  1.434453E-01  2.293136E-05  8.793675E-07  7.467438E-07  2.371001E-04  3.223148E-04  3.599383E-06  2.975779E-07  3.829699E-07  8.809318E-07
 3.191500E+02  3.283113E-01  1.816931E-04  1.668022E-08  2.218692E-08  2.475684E-08  2.989057E-08  9.905526E-02  3.292109E-05  3.371900E-08  4.262744E-01  2.521105E-03  4.437203E-05  2.841856E-06  1.268610E-03  3.665198E-08  1.367617E-07  6.972627E-08  1.417276E-01  2.199937E-05  8.542142E-07  7.249218E-07  2.335337E-04  3.174645E-04  3.410223E-06  2.813080E-07  3.621458E-07  8.417671E-07
 3.201500E+02  3.291685E-01  1.802712E-04  1.623594E-08  2.160128E-08  2.410466E-08  2.910992E-08  9.907019E-02  3.235283E-05  3.180825E-08  4.271605E-01  2.487511E-03  4.212842E-05  2.775889E-06  1.248323E-03  3.492609E-08  1.306348E-07  6.728806E-08  1.400370E-01  2.111001E-05  8.299035E-07  7.038446E-07  2.300417E-04  3.127158E-04  3.232053E-06  2.660246E-07  3.425784E-07  8.045642E-07
 3.211500E+02  3.300121E-01  1.788631E-04  1.580558E-08  2.103385E-08  2.347271E-08  2.835330E-08  9.908480E-02  3.179848E-05  3.001786E-08  4.280324E-01  2.454502E-03  4.000971E-05  2.711774E-06  1.228477E-03  3.329201E-08  1.248201E-07  6.494897E-08  1.383731E-01  2.026114E-05  8.064039E-07  6.834842E-07  2.266225E-04  3.080662E-04  3.064179E-06  2.516625E-07  3.241849E-07  7.692151E-07
 3.221500E+02  3.308424E-01  1.774688E-04  1.538866E-08  2.048398E-08  2.286030E-08  2.761989E-08  9.909909E-02  3.125762E-05  2.833954E-08  4.288903E-01  2.422068E-03  3.800835E-05  2.649453E-06  1.209060E-03  3.174435E-08  1.193000E-07  6.270450E-08  1.367355E-01  1.945074E-05  7.836857E-07  6.638134E-07  2.232741E-04  3.035131E-04  2.905955E-06  2.381611E-07  3.068885E-07  7.356180E-07
 3.231500E+02  3.316595E-01  1.760882E-04  1.498471E-08  1.995110E-08  2.226677E-08  2.690892E-08  9.911307E-02  3.072985E-05  2.676562E-08  4.297346E-01  2.390198E-03  3.611732E-05  2.588869E-06  1.190062E-03  3.027805E-08  1.140579E-07  6.055038E-08  1.351236E-01  1.867691E-05  7.617199E-07  6.448065E-07  2.199948E-04  2.990542E-04  2.756776E-06  2.254642E-07  2.906177E-07  7.036775E-07
 3.241500E+02  3.324637E-01  1.747215E-04  1.459328E-08  1.943461E-08  2.169147E-08  2.621963E-08  9.912675E-02  3.021477E-05  2.528899E-08  4.305654E-01  2.358881E-03  3.433002E-05  2.529968E-06  1.171473E-03  2.888841E-08  1.090783E-07  5.848252E-08  1.335371E-01  1.793782E-05  7.404789E-07  6.264384E-07  2.167829E-04  2.946872E-04  2.616080E-06  2.135193E-07  2.753061E-07  6.733036E-07
 3.251500E+02  3.332551E-01  1.733685E-04  1.421396E-08  1.893396E-08  2.113378E-08  2.555128E-08  9.914014E-02  2.971202E-05  2.390308E-08  4.313830E-01  2.328106E-03  3.264029E-05  2.472697E-06  1.153282E-03  2.757098E-08  1.043466E-07  5.649707E-08  1.319757E-01  1.723176E-05  7.199361E-07  6.086855E-07  2.136367E-04  2.904097E-04  2.483342E-06  2.022778E-07  2.608919E-07  6.444116E-07
 3.261500E+02  3.340341E-01  1.720291E-04  1.384633E-08  1.844861E-08  2.059310E-08  2.490317E-08  9.915324E-02  2.922122E-05  2.260179E-08  4.321875E-01  2.297865E-03  3.104235E-05  2.417007E-06  1.135478E-03  2.632162E-08  9.984909E-08  5.459035E-08  1.304388E-01  1.655713E-05  7.000659E-07  5.915246E-07  2.105547E-04  2.862195E-04  2.358071E-06  1.916946E-07  2.473176E-07  6.169217E-07
 3.271500E+02  3.348007E-01  1.707034E-04  1.348998E-08  1.797805E-08  2.006887E-08  2.427463E-08  9.916607E-02  2.874202E-05  2.137946E-08  4.329792E-01  2.268145E-03  2.953080E-05  2.362847E-06  1.118052E-03  2.513645E-08  9.557290E-08  5.275885E-08  1.289261E-01  1.591237E-05  6.808439E-07  5.749340E-07  2.075352E-04  2.821146E-04  2.239811E-06  1.817274E-07  2.345297E-07  5.907591E-07
 3.281500E+02  3.355552E-01  1.693913E-04  1.314453E-08  1.752177E-08  1.956053E-08  2.366499E-08  9.917862E-02  2.827409E-05  2.023084E-08  4.337583E-01  2.238938E-03  2.810056E-05  2.310171E-06  1.100995E-03  2.401180E-08  9.150592E-08  5.099926E-08  1.274372E-01  1.529603E-05  6.622464E-07  5.588924E-07  2.045767E-04  2.780927E-04  2.128132E-06  1.723371E-07  2.224784E-07  5.658529E-07
 3.291500E+02  3.362979E-01  1.680928E-04  1.280962E-08  1.707930E-08  1.906753E-08  2.307363E-08  9.919091E-02  2.781710E-05  1.915106E-08  4.345251E-01  2.210234E-03  2.674690E-05  2.258932E-06  1.084296E-03  2.294427E-08  8.763678E-08  4.930840E-08  1.259718E-01  1.470674E-05  6.442508E-07  5.433796E-07  2.016778E-04  2.741520E-04  2.022637E-06  1.634871E-07  2.111173E-07  5.421367E-07
 3.301500E+02  3.370288E-01  1.668077E-04  1.248488E-08  1.665016E-08  1.858938E-08  2.249993E-08  9.920294E-02  2.737072E-05  1.813560E-08  4.352797E-01  2.182023E-03  2.546535E-05  2.209087E-06  1.067948E-03  2.193064E-08  8.395478E-08  4.768325E-08  1.245293E-01  1.414319E-05  6.268354E-07  5.283761E-07  1.988370E-04  2.702904E-04  1.922951E-06  1.551435E-07  2.004030E-07  5.195475E-07
 3.311500E+02  3.377482E-01  1.655361E-04  1.216997E-08  1.623392E-08  1.812556E-08  2.194331E-08  9.921471E-02  2.693466E-05  1.718027E-08  4.360224E-01  2.154295E-03  2.425174E-05  2.160592E-06  1.051942E-03  2.096789E-08  8.044984E-08  4.612095E-08  1.231094E-01  1.360413E-05  6.099792E-07  5.138632E-07  1.960529E-04  2.665060E-04  1.828725E-06  1.472745E-07  1.902953E-07  4.980262E-07
 3.321500E+02  3.384563E-01  1.642778E-04  1.186456E-08  1.583013E-08  1.767560E-08  2.140321E-08  9.922625E-02  2.650862E-05  1.628115E-08  4.367533E-01  2.127042E-03  2.310217E-05  2.113407E-06  1.036268E-03  2.005320E-08  7.711249E-08  4.461877E-08  1.217118E-01  1.308841E-05  5.936622E-07  4.998231E-07  1.933241E-04  2.627969E-04  1.739633E-06  1.398506E-07  1.807565E-07  4.775171E-07
 3.331500E+02  3.391533E-01  1.630327E-04  1.156833E-08  1.543839E-08  1.723905E-08  2.087907E-08  9.923754E-02  2.609231E-05  1.543462E-08  4.374726E-01  2.100254E-03  2.201295E-05  2.067491E-06  1.020919E-03  1.918390E-08  7.393381E-08  4.317411E-08  1.203361E-01  1.259490E-05  5.778650E-07  4.862384E-07  1.906493E-04  2.591613E-04  1.655370E-06  1.328442E-07  1.717516E-07  4.579675E-07
 3.341500E+02  3.398393E-01  1.618009E-04  1.128097E-08  1.505829E-08  1.681544E-08  2.037037E-08  9.924861E-02  2.568546E-05  1.463730E-08  4.381806E-01  2.073923E-03  2.098065E-05  2.022805E-06  1.005887E-03  1.835750E-08  7.090538E-08  4.178448E-08  1.189819E-01  1.212255E-05  5.625691E-07  4.730926E-07  1.880272E-04  2.555975E-04  1.575650E-06  1.262296E-07  1.632479E-07  4.393277E-07
 3.351500E+02  3.405146E-01  1.605822E-04  1.100219E-08  1.468945E-08  1.640436E-08  1.987660E-08  9.925944E-02  2.528780E-05  1.388606E-08  4.388774E-01  2.048040E-03  2.000201E-05  1.979313E-06  9.911630E-04  1.757165E-08  6.801930E-08  4.044752E-08  1.176488E-01  1.167035E-05  5.477566E-07  4.603698E-07  1.854565E-04  2.521038E-04  1.500205E-06  1.199828E-07  1.552147E-07  4.215508E-07
 3.361500E+02  3.411793E-01  1.593765E-04  1.073169E-08  1.433149E-08  1.600538E-08  1.939727E-08  9.927006E-02  2.489908E-05  1.317796E-08  4.395633E-01  2.022596E-03  1.907402E-05  1.936977E-06  9.767408E-04  1.682414E-08  6.526810E-08  3.916099E-08  1.163366E-01  1.123736E-05  5.334103E-07  4.480548E-07  1.829361E-04  2.486784E-04  1.428784E-06  1.140813E-07  1.476234E-07  4.045927E-07
 3.371500E+02  3.418336E-01  1.581838E-04  1.046921E-08  1.398405E-08  1.561811E-08  1.893191E-08  9.928046E-02  2.451903E-05  1.251029E-08  4.402384E-01  1.997583E-03  1.819382E-05  1.895763E-06  9.626125E-04  1.611289E-08  6.264475E-08  3.792274E-08  1.150448E-01  1.082268E-05  5.195138E-07  4.361328E-07  1.804648E-04  2.453198E-04  1.361153E-06  1.085043E-07  1.404475E-07  3.884116E-07
 3.381500E+02  3.424777E-01  1.570039E-04  1.021447E-08  1.364678E-08  1.524217E-08  1.848005E-08  9.929064E-02  2.414743E-05  1.188051E-08  4.409029E-01  1.972993E-03  1.735871E-05  1.855638E-06  9.487708E-04  1.543595E-08  6.014262E-08  3.673072E-08  1.137731E-01  1.042545E-05  5.060512E-07  4.245898E-07  1.780413E-04  2.420263E-04  1.297092E-06  1.032322E-07  1.336620E-07  3.729680E-07
 3.391500E+02  3.431118E-01  1.558368E-04  9.967214E-09  1.331936E-08  1.487718E-08  1.804127E-08  9.930063E-02  2.378403E-05  1.128626E-08  4.415570E-01  1.948817E-03  1.656620E-05  1.816568E-06  9.352089E-04  1.479148E-08  5.775546E-08  3.558300E-08  1.125211E-01  1.004486E-05  4.930073E-07  4.134122E-07  1.756646E-04  2.387965E-04  1.236395E-06  9.824668E-08  1.272435E-07  3.582247E-07
 3.401500E+02  3.437360E-01  1.546824E-04  9.727203E-09  1.300145E-08  1.452278E-08  1.761512E-08  9.931041E-02  2.342862E-05  1.072534E-08  4.422009E-01  1.925048E-03  1.581390E-05  1.778521E-06  9.219199E-04  1.417775E-08  5.547737E-08  3.447770E-08  1.112886E-01  9.680130E-06  4.803673E-07  4.025869E-07  1.733335E-04  2.356288E-04  1.178868E-06  9.353063E-08  1.211703E-07  3.441464E-07
 3.411500E+02  3.443505E-01  1.535405E-04  9.494194E-09  1.269275E-08  1.417862E-08  1.720121E-08  9.932000E-02  2.308097E-05  1.019568E-08  4.428347E-01  1.901678E-03  1.509960E-05  1.741468E-06  9.088973E-04  1.359313E-08  5.330278E-08  3.341306E-08  1.100752E-01  9.330539E-06  4.681171E-07  3.921015E-07  1.710471E-04  2.325218E-04  1.124331E-06  8.906808E-08  1.154220E-07  3.306998E-07
 3.421500E+02  3.449555E-01  1.524112E-04  9.267958E-09  1.239295E-08  1.384438E-08  1.679914E-08  9.932940E-02  2.274088E-05  9.695369E-09  4.434586E-01  1.878700E-03  1.442120E-05  1.705378E-06  8.961346E-04  1.303608E-08  5.122643E-08  3.238738E-08  1.088805E-01  8.995386E-06  4.562432E-07  3.819439E-07  1.688042E-04  2.294741E-04  1.072612E-06  8.484406E-08  1.099794E-07  3.178536E-07
 3.431500E+02  3.455511E-01  1.512942E-04  9.048272E-09  1.210177E-08  1.351973E-08  1.640853E-08  9.933861E-02  2.240813E-05  9.222622E-09  4.440728E-01  1.856105E-03  1.377673E-05  1.670223E-06  8.836256E-04  1.250515E-08  4.924336E-08  3.139906E-08  1.077043E-01  8.674012E-06  4.447325E-07  3.721025E-07  1.666039E-04  2.264843E-04  1.023553E-06  8.084456E-08  1.048246E-07  3.055778E-07
 3.441500E+02  3.461375E-01  1.501894E-04  8.834922E-09  1.181893E-08  1.320435E-08  1.602900E-08  9.934764E-02  2.208253E-05  8.775764E-09  4.446775E-01  1.833887E-03  1.316434E-05  1.635976E-06  8.713642E-04  1.199899E-08  4.734889E-08  3.044654E-08  1.065463E-01  8.365788E-06  4.335725E-07  3.625662E-07  1.644451E-04  2.235510E-04  9.770026E-07  7.705648E-08  9.994108E-08  2.938444E-07
 3.451500E+02  3.467148E-01  1.490969E-04  8.627701E-09  1.154415E-08  1.289796E-08  1.566020E-08  9.935649E-02  2.176389E-05  8.353235E-09  4.452729E-01  1.812038E-03  1.258229E-05  1.602608E-06  8.593445E-04  1.151630E-08  4.553858E-08  2.952837E-08  1.054060E-01  8.070116E-06  4.227510E-07  3.533244E-07  1.623270E-04  2.206730E-04  9.328215E-07  7.346751E-08  9.531296E-08  2.826268E-07
 3.461500E+02  3.472833E-01  1.480164E-04  8.426411E-09  1.127718E-08  1.260026E-08  1.530179E-08  9.936517E-02  2.145202E-05  7.953574E-09  4.458590E-01  1.790551E-03  1.202893E-05  1.570096E-06  8.475608E-04  1.105587E-08  4.380824E-08  2.864314E-08  1.042833E-01  7.786431E-06  4.122565E-07  3.443667E-07  1.602485E-04  2.178490E-04  8.908768E-07  7.006616E-08  9.092559E-08  2.718996E-07
 3.471500E+02  3.478430E-01  1.469478E-04  8.230859E-09  1.101777E-08  1.231097E-08  1.495343E-08  9.937368E-02  2.114675E-05  7.575419E-09  4.464361E-01  1.769420E-03  1.150271E-05  1.538412E-06  8.360075E-04  1.061655E-08  4.215392E-08  2.778950E-08  1.031778E-01  7.514191E-06  4.020777E-07  3.356832E-07  1.582088E-04  2.150777E-04  8.510445E-07  6.684163E-08  8.676518E-08  2.616392E-07
 3.481500E+02  3.483941E-01  1.458911E-04  8.040860E-09  1.076566E-08  1.202982E-08  1.461482E-08  9.938203E-02  2.084789E-05  7.217493E-09  4.470042E-01  1.748638E-03  1.100219E-05  1.507533E-06  8.246790E-04  1.019727E-08  4.057188E-08  2.696619E-08  1.020892E-01  7.252885E-06  3.922038E-07  3.272645E-07  1.562070E-04  2.123579E-04  8.132078E-07  6.378381E-08  8.281882E-08  2.518228E-07
 3.491500E+02  3.489368E-01  1.448461E-04  7.856234E-09  1.052064E-08  1.175655E-08  1.428562E-08  9.939021E-02  2.055529E-05  6.878604E-09  4.475637E-01  1.728198E-03  1.052599E-05  1.477436E-06  8.135702E-04  9.797015E-09  3.905858E-08  2.617197E-08  1.010172E-01  7.002023E-06  3.826245E-07  3.191013E-07  1.542423E-04  2.096885E-04  7.772568E-07  6.088321E-08  7.907436E-08  2.424290E-07
 3.501500E+02  3.494712E-01  1.438128E-04  7.676810E-09  1.028247E-08  1.149091E-08  1.396556E-08  9.939824E-02  2.026876E-05  6.557634E-09  4.481145E-01  1.708093E-03  1.007281E-05  1.448098E-06  8.026759E-04  9.414809E-09  3.761066E-08  2.540568E-08  9.996159E-02  6.761142E-06  3.733298E-07  3.111849E-07  1.523137E-04  2.070684E-04  7.430884E-07  5.813093E-08  7.552043E-08  2.334377E-07
 3.511500E+02  3.499974E-01  1.427910E-04  7.502420E-09  1.005093E-08  1.123266E-08  1.365434E-08  9.940612E-02  1.998817E-05  6.253539E-09  4.486570E-01  1.688317E-03  9.641447E-06  1.419496E-06  7.919910E-04  9.049748E-09  3.622496E-08  2.466620E-08  9.892203E-02  6.529799E-06  3.643100E-07  3.035068E-07  1.504205E-04  2.044963E-04  7.106055E-07  5.551861E-08  7.214634E-08  2.248296E-07
 3.521500E+02  3.505156E-01  1.417806E-04  7.332904E-09  9.825818E-09  1.098157E-08  1.335169E-08  9.941384E-02  1.971335E-05  5.965338E-09  4.491911E-01  1.668865E-03  9.230739E-06  1.391610E-06  7.815107E-04  8.700973E-09  3.489848E-08  2.395246E-08  9.789827E-02  6.307575E-06  3.555560E-07  2.960588E-07  1.485619E-04  2.019713E-04  6.797167E-07  5.303842E-08  6.894206E-08  2.165864E-07
 3.531500E+02  3.510260E-01  1.407814E-04  7.168108E-09  9.606927E-09  1.073740E-08  1.305732E-08  9.942142E-02  1.944415E-05  5.692116E-09  4.497171E-01  1.649729E-03  8.839606E-06  1.364418E-06  7.712302E-04  8.367672E-09  3.362837E-08  2.326346E-08  9.689002E-02  6.094068E-06  3.470588E-07  2.888331E-07  1.467371E-04  1.994922E-04  6.503360E-07  5.068298E-08  6.589816E-08  2.086910E-07
 3.541500E+02  3.515286E-01  1.397935E-04  7.007880E-09  9.394062E-09  1.049995E-08  1.277100E-08  9.942886E-02  1.918044E-05  5.433012E-09  4.502351E-01  1.630905E-03  8.467026E-06  1.337902E-06  7.611450E-04  8.049078E-09  3.241195E-08  2.259820E-08  9.589701E-02  5.888898E-06  3.388097E-07  2.818221E-07  1.449453E-04  1.970581E-04  6.223824E-07  4.844539E-08  6.300580E-08  2.011269E-07
 3.551500E+02  3.520236E-01  1.388166E-04  6.852077E-09  9.187033E-09  1.026899E-08  1.249245E-08  9.943615E-02  1.892206E-05  5.187220E-09  4.507453E-01  1.612385E-03  8.112034E-06  1.312040E-06  7.512504E-04  7.744465E-09  3.124666E-08  2.195576E-08  9.491900E-02  5.691702E-06  3.308006E-07  2.750185E-07  1.431859E-04  1.946679E-04  5.957797E-07  4.631913E-08  6.025663E-08  1.938786E-07
 3.561500E+02  3.525112E-01  1.378507E-04  6.700559E-09  8.985658E-09  1.004433E-08  1.222145E-08  9.944331E-02  1.866889E-05  4.953985E-09  4.512477E-01  1.594164E-03  7.773721E-06  1.286816E-06  7.415422E-04  7.453147E-09  3.013009E-08  2.133524E-08  9.395571E-02  5.502134E-06  3.230235E-07  2.684154E-07  1.414581E-04  1.923207E-04  5.704559E-07  4.429809E-08  5.764285E-08  1.869315E-07
 3.571500E+02  3.529914E-01  1.368956E-04  6.553191E-09  8.789760E-09  9.825778E-09  1.195777E-08  9.945034E-02  1.842079E-05  4.732597E-09  4.517425E-01  1.576238E-03  7.451226E-06  1.262210E-06  7.320159E-04  7.174474E-09  2.905994E-08  2.073580E-08  9.300689E-02  5.319865E-06  3.154706E-07  2.620060E-07  1.397611E-04  1.900155E-04  5.463435E-07  4.237654E-08  5.515708E-08  1.802715E-07
 3.581500E+02  3.534644E-01  1.359513E-04  6.409844E-09  8.599168E-09  9.613133E-09  1.170116E-08  9.945724E-02  1.817764E-05  4.522392E-09  4.522299E-01  1.558599E-03  7.143738E-06  1.238204E-06  7.226676E-04  6.907832E-09  2.803405E-08  2.015661E-08  9.207230E-02  5.144581E-06  3.081346E-07  2.557839E-07  1.380945E-04  1.877515E-04  5.233786E-07  4.054905E-08  5.279240E-08  1.738854E-07
 3.591500E+02  3.539303E-01  1.350175E-04  6.270392E-09  8.413718E-09  9.406216E-09  1.145142E-08  9.946401E-02  1.793931E-05  4.322743E-09  4.527099E-01  1.541243E-03  6.850490E-06  1.214783E-06  7.134931E-04  6.652639E-09  2.705036E-08  1.959690E-08  9.115169E-02  4.975983E-06  3.010084E-07  2.497427E-07  1.364573E-04  1.855276E-04  5.015010E-07  3.881055E-08  5.054229E-08  1.677605E-07
 3.601500E+02  3.543892E-01  1.340943E-04  6.134713E-09  8.233251E-09  9.204850E-09  1.120834E-08  9.947065E-02  1.770568E-05  4.133065E-09  4.531828E-01  1.524164E-03  6.570758E-06  1.191930E-06  7.044886E-04  6.408344E-09  2.610690E-08  1.905591E-08  9.024481E-02  4.813786E-06  2.940851E-07  2.438764E-07  1.348491E-04  1.833430E-04  4.806540E-07  3.715625E-08  4.840062E-08  1.618849E-07
 3.611500E+02  3.548413E-01  1.331815E-04  6.002691E-09  8.057613E-09  9.008864E-09  1.097170E-08  9.947717E-02  1.747664E-05  3.952807E-09  4.536485E-01  1.507358E-03  6.303858E-06  1.169627E-06  6.956500E-04  6.174426E-09  2.520184E-08  1.853293E-08  8.935144E-02  4.657718E-06  2.873581E-07  2.381794E-07  1.332692E-04  1.811969E-04  4.607842E-07  3.558165E-08  4.636160E-08  1.562474E-07
 3.621500E+02  3.552866E-01  1.322789E-04  5.874212E-09  7.886657E-09  8.818094E-09  1.074132E-08  9.948358E-02  1.725207E-05  3.781451E-09  4.541074E-01  1.490818E-03  6.049143E-06  1.147861E-06  6.869738E-04  5.950390E-09  2.433340E-08  1.802728E-08  8.847134E-02  4.507520E-06  2.808209E-07  2.326458E-07  1.317170E-04  1.790884E-04  4.418409E-07  3.408249E-08  4.441980E-08  1.508369E-07
 3.631500E+02  3.557254E-01  1.313865E-04  5.749167E-09  7.720238E-09  8.632379E-09  1.051701E-08  9.948987E-02  1.703186E-05  3.618509E-09  4.545594E-01  1.474541E-03  5.806002E-06  1.126616E-06  6.784563E-04  5.735769E-09  2.349991E-08  1.753830E-08  8.760427E-02  4.362945E-06  2.744675E-07  2.272705E-07  1.301919E-04  1.770167E-04  4.237765E-07  3.265479E-08  4.257009E-08  1.456435E-07
 3.641500E+02  3.561576E-01  1.305041E-04  5.627451E-09  7.558218E-09  8.451566E-09  1.029858E-08  9.949604E-02  1.681590E-05  3.463525E-09  4.550046E-01  1.458521E-03  5.573856E-06  1.105878E-06  6.700939E-04  5.530117E-09  2.269979E-08  1.706536E-08  8.675003E-02  4.223757E-06  2.682919E-07  2.220481E-07  1.286932E-04  1.749810E-04  4.065461E-07  3.129477E-08  4.080763E-08  1.406571E-07
 3.651500E+02  3.565835E-01  1.296317E-04  5.508961E-09  7.400463E-09  8.275506E-09  1.008585E-08  9.950211E-02  1.660410E-05  3.316067E-09  4.554433E-01  1.442753E-03  5.352157E-06  1.085632E-06  6.618832E-04  5.333015E-09  2.193154E-08  1.660785E-08  8.590838E-02  4.089732E-06  2.622884E-07  2.169738E-07  1.272205E-04  1.729805E-04  3.901071E-07  2.999889E-08  3.912787E-08  1.358687E-07
 3.661500E+02  3.570030E-01  1.287691E-04  5.393600E-09  7.246845E-09  8.104055E-09  9.878654E-09  9.950806E-02  1.639634E-05  3.175730E-09  4.558755E-01  1.427233E-03  5.140390E-06  1.065864E-06  6.538208E-04  5.144063E-09  2.119371E-08  1.616520E-08  8.507911E-02  3.960655E-06  2.564515E-07  2.120426E-07  1.257731E-04  1.710146E-04  3.744194E-07  2.876379E-08  3.752651E-08  1.312694E-07
 3.671500E+02  3.574165E-01  1.279163E-04  5.281272E-09  7.097237E-09  7.937074E-09  9.676824E-09  9.951391E-02  1.619254E-05  3.042134E-09  4.563013E-01  1.411956E-03  4.938064E-06  1.046563E-06  6.459033E-04  4.962883E-09  2.048495E-08  1.573686E-08  8.426201E-02  3.836320E-06  2.507758E-07  2.072500E-07  1.243506E-04  1.690824E-04  3.594451E-07  2.758633E-08  3.599949E-08  1.268509E-07
 3.681500E+02  3.578238E-01  1.270730E-04  5.171885E-09  6.951519E-09  7.774427E-09  9.480199E-09  9.951965E-02  1.599260E-05  2.914918E-09  4.567209E-01  1.396918E-03  4.744715E-06  1.027714E-06  6.381278E-04  4.789115E-09  1.980397E-08  1.532230E-08  8.345687E-02  3.716533E-06  2.452563E-07  2.025914E-07  1.229524E-04  1.671832E-04  3.451482E-07  2.646352E-08  3.454300E-08  1.226050E-07
 3.691500E+02  3.582252E-01  1.262392E-04  5.065350E-09  6.809575E-09  7.615987E-09  9.288624E-09  9.952530E-02  1.579642E-05  2.793746E-09  4.571343E-01  1.382113E-03  4.559904E-06  1.009305E-06  6.304909E-04  4.622419E-09  1.914953E-08  1.492100E-08  8.266349E-02  3.601107E-06  2.398879E-07  1.980626E-07  1.215780E-04  1.653163E-04  3.314950E-07  2.539255E-08  3.315342E-08  1.185244E-07
 3.701500E+02  3.586207E-01  1.254149E-04  4.961581E-09  6.671291E-09  7.461626E-09  9.101950E-09  9.953084E-02  1.560392E-05  2.678297E-09  4.575417E-01  1.367539E-03  4.383217E-06  9.913255E-07  6.229897E-04  4.462470E-09  1.852047E-08  1.453248E-08  8.188165E-02  3.489863E-06  2.346659E-07  1.936593E-07  1.202269E-04  1.634812E-04  3.184535E-07  2.437077E-08  3.182734E-08  1.146017E-07
 3.711500E+02  3.590105E-01  1.245998E-04  4.860495E-09  6.536558E-09  7.311223E-09  8.920032E-09  9.953629E-02  1.541501E-05  2.568273E-09  4.579431E-01  1.353190E-03  4.214259E-06  9.737622E-07  6.156212E-04  4.308962E-09  1.791567E-08  1.415628E-08  8.111117E-02  3.382632E-06  2.295857E-07  1.893777E-07  1.188986E-04  1.616769E-04  3.059932E-07  2.339567E-08  3.056154E-08  1.108301E-07
 3.721500E+02  3.593946E-01  1.237938E-04  4.762013E-09  6.405271E-09  7.164660E-09  8.742728E-09  9.954164E-02  1.522961E-05  2.463389E-09  4.583387E-01  1.339063E-03  4.052658E-06  9.566043E-07  6.083825E-04  4.161603E-09  1.733407E-08  1.379193E-08  8.035186E-02  3.279250E-06  2.246428E-07  1.852137E-07  1.175926E-04  1.599031E-04  2.940855E-07  2.246489E-08  2.935298E-08  1.072030E-07
 3.731500E+02  3.597732E-01  1.229970E-04  4.666056E-09  6.277327E-09  7.021825E-09  8.569904E-09  9.954690E-02  1.504763E-05  2.363380E-09  4.587285E-01  1.325153E-03  3.898060E-06  9.398408E-07  6.012708E-04  4.020114E-09  1.677467E-08  1.343903E-08  7.960351E-02  3.179562E-06  2.198330E-07  1.811636E-07  1.163085E-04  1.581589E-04  2.827033E-07  2.157620E-08  2.819880E-08  1.037143E-07
