#         T/K            c1          c2-1          c3-4          c3-5          c3-7          c3-9            m1          m2-1          m3-1            w1            w2          w3-1          w3-2          c1m1        c1m2-1        c1m2-7        c2m1-1        c1w1-2        c1w2-1        c2w1-1        c2w1-9        m1w1-1        m1w1-4        m1w2-1        m2w1-1        m2w1-3      c1m1w1-1
 2.731500E+02  5.202483E-01  8.601927E-04  3.765632E-07  4.942483E-07  5.498905E-07  6.556761E-07  3.883570E-01  1.218222E-03  4.124592E-05  3.105983E-02  3.179312E-05  3.310031E-07  4.644326E-09  2.030190E-02  1.210535E-05  3.972148E-05  5.413330E-06  3.742816E-02  2.105694E-06  9.496509E-07  8.338940E-07  1.565055E-04  2.130461E-04  1.364148E-06  6.175849E-06  7.821795E-06  4.844905E-06
 2.741500E+02  5.207659E-01  8.462683E-04  3.598273E-07  4.724419E-07  5.256684E-07  6.269918E-07  3.886387E-01  1.190632E-03  3.814624E-05  3.132015E-02  3.156532E-05  3.137281E-07  4.573006E-09  1.981130E-02  1.131128E-05  3.723611E-05  5.128650E-06  3.691445E-02  2.007045E-06  9.126419E-07  8.007049E-07  1.542442E-04  2.099546E-04  1.283100E-06  5.761245E-06  7.299599E-06  4.569694E-06
 2.751500E+02  5.212720E-01  8.326707E-04  3.439564E-07  4.517557E-07  5.026889E-07  5.997707E-07  3.889115E-01  1.163851E-03  3.529938E-05  3.157694E-02  3.133390E-05  2.973724E-07  4.501867E-09  1.933599E-02  1.057459E-05  3.492294E-05  4.860935E-06  3.640768E-02  1.913290E-06  8.772522E-07  7.689966E-07  1.520143E-04  2.069066E-04  1.207137E-06  5.376579E-06  6.814919E-06  4.311515E-06
 2.761500E+02  5.217669E-01  8.193909E-04  3.289004E-07  4.321252E-07  4.808805E-07  5.739288E-07  3.891756E-01  1.137853E-03  3.268324E-05  3.183018E-02  3.109915E-05  2.818876E-07  4.430971E-09  1.887541E-02  9.890795E-06  3.276900E-05  4.609070E-06  3.590784E-02  1.824179E-06  8.434049E-07  7.386976E-07  1.498157E-04  2.039019E-04  1.135926E-06  5.019557E-06  6.364892E-06  4.069238E-06
 2.771500E+02  5.222507E-01  8.064197E-04  3.146124E-07  4.134898E-07  4.601760E-07  5.493877E-07  3.894314E-01  1.112609E-03  3.027776E-05  3.207990E-02  3.086135E-05  2.672279E-07  4.360377E-09  1.842903E-02  9.255768E-06  3.076236E-05  4.372017E-06  3.541493E-02  1.739474E-06  8.110273E-07  7.097401E-07  1.476483E-04  2.009406E-04  1.069160E-06  4.688066E-06  5.946885E-06  3.841814E-06
 2.781500E+02  5.227239E-01  7.937485E-04  3.010482E-07  3.957927E-07  4.405127E-07  5.260735E-07  3.896793E-01  1.088096E-03  2.806474E-05  3.232611E-02  3.062076E-05  2.533497E-07  4.290141E-09  1.799633E-02  8.665740E-06  2.889207E-05  4.148814E-06  3.492891E-02  1.658951E-06  7.800502E-07  6.820595E-07  1.455122E-04  1.980225E-04  1.006549E-06  4.380165E-06  5.558474E-06  3.628268E-06
 2.791500E+02  5.231868E-01  7.813690E-04  2.881667E-07  3.789808E-07  4.218315E-07  5.039172E-07  3.899195E-01  1.064289E-03  2.602766E-05  3.256882E-02  3.037766E-05  2.402115E-07  4.220313E-09  1.757683E-02  8.117249E-06  2.714802E-05  3.938565E-06  3.444976E-02  1.582397E-06  7.504079E-07  6.555949E-07  1.434072E-04  1.951473E-04  9.478237E-07  4.094069E-06  5.197429E-06  3.427691E-06
 2.801500E+02  5.236394E-01  7.692730E-04  2.759293E-07  3.630044E-07  4.040774E-07  4.828541E-07  3.901523E-01  1.041163E-03  2.415148E-05  3.280806E-02  3.013228E-05  2.277740E-07  4.150942E-09  1.717005E-02  7.607121E-06  2.552094E-05  3.740440E-06  3.397746E-02  1.509609E-06  7.220379E-07  6.302881E-07  1.413332E-04  1.923150E-04  8.927327E-07  3.828134E-06  4.861697E-06  3.239238E-06
 2.811500E+02  5.240822E-01  7.574527E-04  2.642996E-07  3.478165E-07  3.871984E-07  4.628233E-07  3.903780E-01  1.018697E-03  2.242255E-05  3.304383E-02  2.988489E-05  2.160000E-07  4.082073E-09  1.677555E-02  7.132441E-06  2.400228E-05  3.553662E-06  3.351195E-02  1.440396E-06  6.948807E-07  6.060842E-07  1.392900E-04  1.895253E-04  8.410412E-07  3.580846E-06  4.549389E-06  3.062123E-06
 2.821500E+02  5.245154E-01  7.459003E-04  2.532437E-07  3.333733E-07  3.711459E-07  4.437678E-07  3.905969E-01  9.968685E-04  2.082845E-05  3.327616E-02  2.963571E-05  2.048540E-07  4.013748E-09  1.639287E-02  6.690531E-06  2.258414E-05  3.377513E-06  3.305321E-02  1.374574E-06  6.688801E-07  5.829308E-07  1.372775E-04  1.867780E-04  7.925302E-07  3.350814E-06  4.258761E-06  2.895611E-06
 2.831500E+02  5.249392E-01  7.346085E-04  2.427296E-07  3.196337E-07  3.558744E-07  4.256340E-07  3.908092E-01  9.756561E-04  1.935787E-05  3.350507E-02  2.938496E-05  1.943025E-07  3.946005E-09  1.602162E-02  6.278932E-06  2.125928E-05  3.211322E-06  3.260120E-02  1.311972E-06  6.439823E-07  5.607783E-07  1.352955E-04  1.840727E-04  7.469950E-07  3.136753E-06  3.988210E-06  2.739022E-06
 2.841500E+02  5.253538E-01  7.235703E-04  2.327275E-07  3.065590E-07  3.413408E-07  4.083714E-07  3.910151E-01  9.550396E-04  1.800051E-05  3.373059E-02  2.913288E-05  1.843135E-07  3.878880E-09  1.566138E-02  5.895382E-06  2.002099E-05  3.054464E-06  3.215586E-02  1.252425E-06  6.201364E-07  5.395796E-07  1.333438E-04  1.814091E-04  7.042447E-07  2.937480E-06  3.736256E-06  2.591719E-06
 2.851500E+02  5.257595E-01  7.127785E-04  2.232091E-07  2.941129E-07  3.275049E-07  3.919330E-07  3.912148E-01  9.349994E-04  1.674700E-05  3.395275E-02  2.887967E-05  1.748570E-07  3.812407E-09  1.531176E-02  5.537800E-06  1.886309E-05  2.906357E-06  3.171715E-02  1.195778E-06  5.972939E-07  5.192898E-07  1.314221E-04  1.787870E-04  6.641008E-07  2.751907E-06  3.501534E-06  2.453109E-06
 2.861500E+02  5.261565E-01  7.022266E-04  2.141481E-07  2.822611E-07  3.143290E-07  3.762740E-07  3.914087E-01  9.155166E-04  1.558877E-05  3.417157E-02  2.862553E-05  1.659042E-07  3.746615E-09  1.497241E-02  5.204272E-06  1.777988E-05  2.766460E-06  3.128501E-02  1.141884E-06  5.754087E-07  4.998664E-07  1.295303E-04  1.762060E-04  6.263969E-07  2.579026E-06  3.282786E-06  2.322640E-06
 2.871500E+02  5.265450E-01  6.919080E-04  2.055197E-07  2.709717E-07  3.017774E-07  3.613529E-07  3.915968E-01  8.965729E-04  1.451802E-05  3.438707E-02  2.837066E-05  1.574281E-07  3.681532E-09  1.464296E-02  4.893035E-06  1.676609E-05  2.634267E-06  3.085939E-02  1.090603E-06  5.544369E-07  4.812690E-07  1.276680E-04  1.736657E-04  5.909773E-07  2.417911E-06  3.078851E-06  2.199797E-06
 2.881500E+02  5.269252E-01  6.818164E-04  1.973005E-07  2.602145E-07  2.898166E-07  3.471301E-07  3.917795E-01  8.781508E-04  1.352763E-05  3.459930E-02  2.811523E-05  1.494029E-07  3.617184E-09  1.432307E-02  4.602465E-06  1.581685E-05  2.509306E-06  3.044023E-02  1.041803E-06  5.343369E-07  4.634591E-07  1.258350E-04  1.711657E-04  5.576969E-07  2.267707E-06  2.888655E-06  2.084099E-06
 2.891500E+02  5.272974E-01  6.719458E-04  1.894686E-07  2.499610E-07  2.784152E-07  3.335686E-07  3.919569E-01  8.602334E-04  1.261111E-05  3.480828E-02  2.785944E-05  1.418044E-07  3.553592E-09  1.401242E-02  4.331066E-06  1.492767E-05  2.391136E-06  3.002748E-02  9.953580E-07  5.150689E-07  4.464004E-07  1.240311E-04  1.687056E-04  5.264198E-07  2.127623E-06  2.711209E-06  1.975098E-06
 2.901500E+02  5.276617E-01  6.622901E-04  1.820033E-07  2.401846E-07  2.675435E-07  3.206337E-07  3.921291E-01  8.428042E-04  1.176250E-05  3.501404E-02  2.760344E-05  1.346095E-07  3.490777E-09  1.371068E-02  4.077458E-06  1.409438E-05  2.279349E-06  2.962106E-02  9.511486E-07  4.965952E-07  4.300580E-07  1.222559E-04  1.662850E-04  4.970194E-07  1.996930E-06  2.545599E-06  1.872376E-06
 2.911500E+02  5.280183E-01  6.528436E-04  1.748851E-07  2.308600E-07  2.571737E-07  3.082925E-07  3.922964E-01  8.258477E-04  1.097638E-05  3.521662E-02  2.734741E-05  1.277964E-07  3.428757E-09  1.341755E-02  3.840368E-06  1.331313E-05  2.173558E-06  2.922092E-02  9.090619E-07  4.788800E-07  4.143989E-07  1.205092E-04  1.639035E-04  4.693770E-07  1.874954E-06  2.390980E-06  1.775542E-06
 2.921500E+02  5.283674E-01  6.436009E-04  1.680959E-07  2.219637E-07  2.472795E-07  2.965141E-07  3.924590E-01  8.093484E-04  1.024778E-05  3.541605E-02  2.709149E-05  1.213444E-07  3.367549E-09  1.313274E-02  3.618621E-06  1.258036E-05  2.073406E-06  2.882699E-02  8.689910E-07  4.618889E-07  3.993919E-07  1.187905E-04  1.615607E-04  4.433821E-07  1.761073E-06  2.246569E-06  1.684231E-06
 2.931500E+02  5.287092E-01  6.345564E-04  1.616184E-07  2.134734E-07  2.378361E-07  2.852694E-07  3.926169E-01  7.932920E-04  9.572152E-06  3.561237E-02  2.683583E-05  1.152340E-07  3.307165E-09  1.285597E-02  3.411133E-06  1.189277E-05  1.978559E-06  2.843920E-02  8.308342E-07  4.455896E-07  3.850072E-07  1.170997E-04  1.592561E-04  4.189311E-07  1.654711E-06  2.111646E-06  1.598103E-06
 2.941500E+02  5.290438E-01  6.257051E-04  1.554363E-07  2.053679E-07  2.288203E-07  2.745308E-07  3.927704E-01  7.776642E-04  8.945342E-06  3.580560E-02  2.658057E-05  1.094467E-07  3.247619E-09  1.258697E-02  3.216901E-06  1.124731E-05  1.888702E-06  2.805749E-02  7.944952E-07  4.299510E-07  3.712162E-07  1.154364E-04  1.569892E-04  3.959273E-07  1.555336E-06  1.985541E-06  1.516840E-06
 2.951500E+02  5.293715E-01  6.170417E-04  1.495343E-07  1.976275E-07  2.202100E-07  2.642726E-07  3.929196E-01  7.624513E-04  8.363534E-06  3.599579E-02  2.632585E-05  1.039650E-07  3.188920E-09  1.232548E-02  3.034999E-06  1.064113E-05  1.803543E-06  2.768178E-02  7.598826E-07  4.149437E-07  3.579922E-07  1.138003E-04  1.547596E-04  3.742804E-07  1.462457E-06  1.867637E-06  1.440144E-06
 2.961500E+02  5.296924E-01  6.085614E-04  1.438981E-07  1.902336E-07  2.119845E-07  2.544702E-07  3.930647E-01  7.476404E-04  7.823236E-06  3.618298E-02  2.607179E-05  9.877231E-08  3.131077E-09  1.207125E-02  2.864572E-06  1.007163E-05  1.722807E-06  2.731200E-02  7.269099E-07  4.005395E-07  3.453094E-07  1.121909E-04  1.525667E-04  3.539057E-07  1.375618E-06  1.757362E-06  1.367737E-06
 2.971500E+02  5.300066E-01  6.002594E-04  1.385141E-07  1.831684E-07  2.041244E-07  2.451006E-07  3.932057E-01  7.332187E-04  7.321245E-06  3.636719E-02  2.581851E-05  9.385301E-08  3.074096E-09  1.182404E-02  2.704827E-06  9.536348E-06  1.646238E-06  2.694808E-02  6.954949E-07  3.867118E-07  3.331434E-07  1.106081E-04  1.504102E-04  3.347244E-07  1.294396E-06  1.654184E-06  1.299360E-06
 2.981500E+02  5.303143E-01  5.921312E-04  1.333694E-07  1.764154E-07  1.966110E-07  2.361422E-07  3.933429E-01  7.191741E-04  6.854622E-06  3.654847E-02  2.556613E-05  8.919228E-08  3.017984E-09  1.158361E-02  2.555031E-06  9.033037E-06  1.573595E-06  2.658995E-02  6.655597E-07  3.734351E-07  3.214710E-07  1.090514E-04  1.482896E-04  3.166623E-07  1.218403E-06  1.557615E-06  1.234768E-06
 2.991500E+02  5.306158E-01  5.841721E-04  1.284519E-07  1.699589E-07  1.894271E-07  2.275742E-07  3.934763E-01  7.054946E-04  6.420669E-06  3.672686E-02  2.531474E-05  8.477612E-08  2.962745E-09  1.134974E-02  2.414506E-06  8.559593E-06  1.504654E-06  2.623753E-02  6.370305E-07  3.606851E-07  3.102700E-07  1.075205E-04  1.462043E-04  2.996505E-07  1.147276E-06  1.467198E-06  1.173736E-06
 3.001500E+02  5.309110E-01  5.763779E-04  1.237503E-07  1.637840E-07  1.825561E-07  2.193774E-07  3.936061E-01  6.921691E-04  6.016911E-06  3.690238E-02  2.506446E-05  8.059129E-08  2.908380E-09  1.112223E-02  2.282622E-06  8.114067E-06  1.439203E-06  2.589076E-02  6.098373E-07  3.484388E-07  2.995196E-07  1.060150E-04  1.441538E-04  2.836242E-07  1.080681E-06  1.382514E-06  1.116050E-06
 3.011500E+02  5.312002E-01  5.687444E-04  1.192536E-07  1.578767E-07  1.759825E-07  2.115334E-07  3.937324E-01  6.791865E-04  5.641071E-06  3.707509E-02  2.481537E-05  7.662526E-08  2.854891E-09  1.090086E-02  2.158798E-06  7.694646E-06  1.377044E-06  2.554954E-02  5.839136E-07  3.366741E-07  2.891995E-07  1.045347E-04  1.421377E-04  2.685229E-07  1.018308E-06  1.303169E-06  1.061511E-06
 3.021500E+02  5.314835E-01  5.612674E-04  1.149519E-07  1.522239E-07  1.696917E-07  2.040249E-07  3.938553E-01  6.665361E-04  5.291057E-06  3.724502E-02  2.456757E-05  7.286620E-08  2.802278E-09  1.068543E-02  2.042492E-06  7.299647E-06  1.317993E-06  2.521382E-02  5.591965E-07  3.253701E-07  2.792908E-07  1.030790E-04  1.401555E-04  2.542900E-07  9.598672E-07  1.228804E-06  1.009932E-06
 3.031500E+02  5.317611E-01  5.539430E-04  1.108353E-07  1.468130E-07  1.636697E-07  1.968355E-07  3.939749E-01  6.542079E-04  4.964946E-06  3.741221E-02  2.432113E-05  6.930292E-08  2.750541E-09  1.047575E-02  1.933205E-06  6.927503E-06  1.261875E-06  2.488351E-02  5.356261E-07  3.145067E-07  2.697753E-07  1.016478E-04  1.382067E-04  2.408724E-07  9.050934E-07  1.159080E-06  9.611386E-07
 3.041500E+02  5.320331E-01  5.467673E-04  1.068949E-07  1.416323E-07  1.579035E-07  1.899497E-07  3.940914E-01  6.421920E-04  4.660967E-06  3.757669E-02  2.407615E-05  6.592484E-08  2.699678E-09  1.027164E-02  1.830471E-06  6.576756E-06  1.208526E-06  2.455853E-02  5.131458E-07  3.040650E-07  2.606357E-07  1.002405E-04  1.362907E-04  2.282206E-07  8.537384E-07  1.093686E-06  9.149675E-07
 3.051500E+02  5.322996E-01  5.397366E-04  1.031220E-07  1.366705E-07  1.523807E-07  1.833528E-07  3.942048E-01  6.304788E-04  4.377491E-06  3.773850E-02  2.383268E-05  6.272196E-08  2.649684E-09  1.007293E-02  1.733859E-06  6.246050E-06  1.157794E-06  2.423882E-02  4.917019E-07  2.940267E-07  2.518555E-07  9.885697E-05  1.344072E-04  2.162881E-07  8.055725E-07  1.032333E-06  8.712651E-07
 3.061500E+02  5.325607E-01  5.328472E-04  9.950853E-08  1.319170E-07  1.470895E-07  1.770311E-07  3.943152E-01  6.190592E-04  4.113018E-06  3.789769E-02  2.359080E-05  5.968484E-08  2.600558E-09  9.879425E-03  1.642968E-06  5.934121E-06  1.109534E-06  2.392430E-02  4.712434E-07  2.843746E-07  2.434191E-07  9.749672E-05  1.325555E-04  2.050314E-07  7.603822E-07  9.747505E-07  8.298876E-07
 3.071500E+02  5.328166E-01  5.260956E-04  9.604677E-08  1.273619E-07  1.420188E-07  1.709714E-07  3.944227E-01  6.079242E-04  3.866164E-06  3.805429E-02  2.335058E-05  5.680454E-08  2.552293E-09  9.690978E-03  1.557426E-06  5.639793E-06  1.063611E-06  2.361488E-02  4.517218E-07  2.750920E-07  2.353114E-07  9.615941E-05  1.307352E-04  1.944098E-07  7.179693E-07  9.206894E-07  7.907005E-07
 3.081500E+02  5.330674E-01  5.194785E-04  9.272944E-08  1.229958E-07  1.371582E-07  1.651612E-07  3.945274E-01  5.970654E-04  3.635655E-06  3.820834E-02  2.311206E-05  5.407262E-08  2.504885E-09  9.507426E-03  1.476887E-06  5.361970E-06  1.019899E-06  2.331050E-02  4.330914E-07  2.661634E-07  2.275183E-07  9.484471E-05  1.289458E-04  1.843851E-07  6.781498E-07  8.699172E-07  7.535773E-07
 3.091500E+02  5.333131E-01  5.129924E-04  8.954966E-08  1.188095E-07  1.324976E-07  1.595887E-07  3.946295E-01  5.864745E-04  3.420315E-06  3.835988E-02  2.287532E-05  5.148110E-08  2.458328E-09  9.328615E-03  1.401028E-06  5.099629E-06  9.782763E-07  2.301108E-02  4.153085E-07  2.575735E-07  2.200262E-07  9.355224E-05  1.271868E-04  1.749215E-07  6.407526E-07  8.222180E-07  7.183994E-07
 3.101500E+02  5.335541E-01  5.066342E-04  8.650090E-08  1.147948E-07  1.280276E-07  1.542430E-07  3.947289E-01  5.761434E-04  3.219059E-06  3.850895E-02  2.264039E-05  4.902245E-08  2.412614E-09  9.154398E-03  1.329551E-06  4.851816E-06  9.386321E-07  2.271654E-02  3.983318E-07  2.493082E-07  2.128220E-07  9.228167E-05  1.254578E-04  1.659856E-07  6.056186E-07  7.773908E-07  6.850557E-07
 3.111500E+02  5.337902E-01  5.004006E-04  8.357698E-08  1.109434E-07  1.237393E-07  1.491132E-07  3.948258E-01  5.660645E-04  3.030885E-06  3.865558E-02  2.240732E-05  4.668953E-08  2.367737E-09  8.984631E-03  1.262177E-06  4.617643E-06  9.008603E-07  2.242681E-02  3.821222E-07  2.413537E-07  2.058935E-07  9.103264E-05  1.237582E-04  1.575460E-07  5.725999E-07  7.352488E-07  6.534417E-07
 3.121500E+02  5.340217E-01  4.942887E-04  8.077205E-08  1.072478E-07  1.196243E-07  1.441896E-07  3.949203E-01  5.562303E-04  2.854870E-06  3.879981E-02  2.217616E-05  4.447562E-08  2.323688E-09  8.819178E-03  1.198647E-06  4.396279E-06  8.648613E-07  2.214182E-02  3.666424E-07  2.336970E-07  1.992290E-07  8.980480E-05  1.220875E-04  1.495731E-07  5.415590E-07  6.956183E-07  6.234594E-07
 3.131500E+02  5.342486E-01  4.882956E-04  7.808056E-08  1.037008E-07  1.156744E-07  1.394625E-07  3.950123E-01  5.466336E-04  2.690158E-06  3.894169E-02  2.194695E-05  4.237435E-08  2.280459E-09  8.657906E-03  1.138719E-06  4.186949E-06  8.305413E-07  2.186148E-02  3.518572E-07  2.263256E-07  1.928171E-07  8.859781E-05  1.204453E-04  1.420396E-07  5.123677E-07  6.583373E-07  5.950169E-07
 3.141500E+02  5.344712E-01  4.824182E-04  7.549725E-08  1.002955E-07  1.118822E-07  1.349229E-07  3.951021E-01  5.372675E-04  2.535958E-06  3.908124E-02  2.171971E-05  4.037970E-08  2.238041E-09  8.500688E-03  1.082168E-06  3.988929E-06  7.978123E-07  2.158574E-02  3.377329E-07  2.192277E-07  1.866472E-07  8.741132E-05  1.188311E-04  1.349194E-07  4.849070E-07  6.232552E-07  5.680276E-07
 3.151500E+02  5.346893E-01  4.766539E-04  7.301714E-08  9.702542E-08  1.082403E-07  1.305624E-07  3.951896E-01  5.281251E-04  2.391542E-06  3.921850E-02  2.149449E-05  3.848600E-08  2.196426E-09  8.347399E-03  1.028783E-06  3.801542E-06  7.665910E-07  2.131450E-02  3.242379E-07  2.123918E-07  1.807091E-07  8.624499E-05  1.172445E-04  1.281883E-07  4.590657E-07  5.902317E-07  5.424103E-07
 3.161500E+02  5.349032E-01  4.709999E-04  7.063549E-08  9.388438E-08  1.047420E-07  1.263727E-07  3.952750E-01  5.192002E-04  2.256232E-06  3.935352E-02  2.127132E-05  3.668786E-08  2.155602E-09  8.197920E-03  9.783709E-07  3.624155E-06  7.367992E-07  2.104771E-02  3.113418E-07  2.058072E-07  1.749930E-07  8.509848E-05  1.156849E-04  1.218235E-07  4.347407E-07  5.591359E-07  5.180887E-07
 3.171500E+02  5.351130E-01  4.654536E-04  6.834781E-08  9.086654E-08  1.013807E-07  1.223462E-07  3.953583E-01  5.104862E-04  2.129404E-06  3.948633E-02  2.105021E-05  3.498022E-08  2.115562E-09  8.052138E-03  9.307473E-07  3.456177E-06  7.083629E-07  2.078529E-02  2.990161E-07  1.994635E-07  1.694896E-07  8.397146E-05  1.141519E-04  1.158038E-07  4.118355E-07  5.298460E-07  4.949911E-07
 3.181500E+02  5.353187E-01  4.600124E-04  6.614986E-08  8.796634E-08  9.815021E-08  1.184755E-07  3.954395E-01  5.019773E-04  2.010477E-06  3.961695E-02  2.083119E-05  3.335827E-08  2.076293E-09  7.909940E-03  8.857423E-07  3.297055E-06  6.812127E-07  2.052717E-02  2.872335E-07  1.933507E-07  1.641901E-07  8.286360E-05  1.126451E-04  1.101089E-07  3.902604E-07  5.022482E-07  4.730498E-07
 3.191500E+02  5.355205E-01  4.546739E-04  6.403757E-08  8.517851E-08  9.504476E-08  1.147538E-07  3.955187E-01  4.936674E-04  1.898915E-06  3.974544E-02  2.061429E-05  3.181748E-08  2.037786E-09  7.771220E-03  8.431970E-07  3.146271E-06  6.552827E-07  2.027328E-02  2.759682E-07  1.874596E-07  1.590860E-07  8.177457E-05  1.111640E-04  1.047203E-07  3.699317E-07  4.762368E-07  4.522016E-07
 3.201500E+02  5.357184E-01  4.494355E-04  6.200712E-08  8.249804E-08  9.205874E-08  1.111745E-07  3.955961E-01  4.855510E-04  1.794221E-06  3.987182E-02  2.039951E-05  3.035356E-08  2.000031E-09  7.635874E-03  8.029629E-07  3.003339E-06  6.305111E-07  2.002354E-02  2.651955E-07  1.817810E-07  1.541692E-07  8.070405E-05  1.097081E-04  9.962007E-08  3.507714E-07  4.517127E-07  4.323866E-07
 3.211500E+02  5.359125E-01  4.442950E-04  6.005485E-08  7.992016E-08  8.918687E-08  1.077311E-07  3.956715E-01  4.776225E-04  1.695933E-06  3.999614E-02  2.018688E-05  2.896246E-08  1.963015E-09  7.503804E-03  7.649011E-07  2.867807E-06  6.068393E-07  1.977789E-02  2.548922E-07  1.763063E-07  1.494320E-07  7.965171E-05  1.082770E-04  9.479176E-08  3.327065E-07  4.285837E-07  4.135488E-07
 3.221500E+02  5.361029E-01  4.392501E-04  5.817730E-08  7.744035E-08  8.642410E-08  1.044179E-07  3.957452E-01  4.698766E-04  1.603624E-06  4.011841E-02  1.997640E-05  2.764035E-08  1.926729E-09  7.374911E-03  7.288821E-07  2.739248E-06  5.842122E-07  1.953627E-02  2.450362E-07  1.710273E-07  1.448670E-07  7.861724E-05  1.068703E-04  9.021979E-08  3.156693E-07  4.067636E-07  3.956351E-07
 3.231500E+02  5.362896E-01  4.342985E-04  5.637118E-08  7.505432E-08  8.376568E-08  1.012291E-07  3.958171E-01  4.623082E-04  1.516897E-06  4.023869E-02  1.976810E-05  2.638360E-08  1.891161E-09  7.249104E-03  6.947845E-07  2.617265E-06  5.625775E-07  1.929859E-02  2.356063E-07  1.659361E-07  1.404672E-07  7.760032E-05  1.054875E-04  8.588951E-08  2.995962E-07  3.861720E-07  3.785958E-07
 3.241500E+02  5.364729E-01  4.294380E-04  5.463335E-08  7.275797E-08  8.120704E-08  9.815927E-08  3.958873E-01  4.549123E-04  1.435382E-06  4.035700E-02  1.956197E-05  2.518879E-08  1.856300E-09  7.126292E-03  6.624949E-07  2.501482E-06  5.418860E-07  1.906481E-02  2.265827E-07  1.610251E-07  1.362258E-07  7.660065E-05  1.041283E-04  8.178718E-08  2.844279E-07  3.667339E-07  3.623840E-07
 3.251500E+02  5.366527E-01  4.246666E-04  5.296084E-08  7.054742E-08  7.874388E-08  9.520337E-08  3.959558E-01  4.476841E-04  1.358738E-06  4.047337E-02  1.935802E-05  2.405269E-08  1.822135E-09  7.006387E-03  6.319073E-07  2.391550E-06  5.220912E-07  1.883484E-02  2.179462E-07  1.562873E-07  1.321364E-07  7.561792E-05  1.027921E-04  7.789990E-08  2.701092E-07  3.483788E-07  3.469554E-07
 3.261500E+02  5.368291E-01  4.199823E-04  5.135081E-08  6.841895E-08  7.637206E-08  9.235648E-08  3.960228E-01  4.406190E-04  1.286647E-06  4.058785E-02  1.915625E-05  2.297222E-08  1.788654E-09  6.889308E-03  6.029222E-07  2.287140E-06  5.031489E-07  1.860863E-02  2.096789E-07  1.517156E-07  1.281929E-07  7.465183E-05  1.014787E-04  7.421553E-08  2.565884E-07  3.310414E-07  3.322686E-07
 3.271500E+02  5.370022E-01  4.153829E-04  4.980058E-08  6.636907E-08  7.408769E-08  8.961395E-08  3.960881E-01  4.337124E-04  1.218813E-06  4.070045E-02  1.895668E-05  2.194451E-08  1.755845E-09  6.774971E-03  5.754467E-07  2.187943E-06  4.850176E-07  1.838611E-02  2.017636E-07  1.473035E-07  1.243895E-07  7.370208E-05  1.001875E-04  7.072265E-08  2.438171E-07  3.146601E-07  3.182842E-07
 3.281500E+02  5.371721E-01  4.108667E-04  4.830757E-08  6.439440E-08  7.188704E-08  8.697137E-08  3.961520E-01  4.269600E-04  1.154960E-06  4.081122E-02  1.875930E-05  2.096680E-08  1.723698E-09  6.663298E-03  5.493936E-07  2.093669E-06  4.676579E-07  1.816722E-02  1.941840E-07  1.430448E-07  1.207204E-07  7.276839E-05  9.891818E-05  6.741054E-08  2.317501E-07  2.991776E-07  3.049653E-07
 3.291500E+02  5.373388E-01  4.064316E-04  4.686935E-08  6.249176E-08  6.976655E-08  8.442451E-08  3.962144E-01  4.203575E-04  1.094834E-06  4.092019E-02  1.856410E-05  2.003651E-08  1.692201E-09  6.554215E-03  5.246813E-07  2.004046E-06  4.510326E-07  1.795189E-02  1.869246E-07  1.389333E-07  1.171803E-07  7.185046E-05  9.767036E-05  6.426910E-08  2.203451E-07  2.845403E-07  2.922769E-07
 3.301500E+02  5.375024E-01  4.020759E-04  4.548359E-08  6.065811E-08  6.772285E-08  8.196936E-08  3.962753E-01  4.139009E-04  1.038197E-06  4.102738E-02  1.837110E-05  1.915119E-08  1.661342E-09  6.447646E-03  5.012333E-07  1.918819E-06  4.351063E-07  1.774007E-02  1.799706E-07  1.349634E-07  1.137642E-07  7.094800E-05  9.644363E-05  6.128886E-08  2.095627E-07  2.706978E-07  2.801862E-07
 3.311500E+02  5.376630E-01  3.977977E-04  4.414808E-08  5.889055E-08  6.575272E-08  7.960209E-08  3.963349E-01  4.075863E-04  9.848264E-07  4.113283E-02  1.818027E-05  1.830853E-08  1.631110E-09  6.343522E-03  4.789777E-07  1.837747E-06  4.198457E-07  1.753169E-02  1.733080E-07  1.311294E-07  1.104670E-07  7.006075E-05  9.523761E-05  5.846087E-08  1.993659E-07  2.576032E-07  2.686621E-07
 3.321500E+02  5.378206E-01  3.935954E-04  4.286071E-08  5.718634E-08  6.385310E-08  7.731906E-08  3.963931E-01  4.014097E-04  9.345163E-07  4.123657E-02  1.799162E-05  1.750632E-08  1.601494E-09  6.241774E-03  4.578474E-07  1.760605E-06  4.052192E-07  1.732669E-02  1.669235E-07  1.274262E-07  1.072841E-07  6.918842E-05  9.405193E-05  5.577674E-08  1.897199E-07  2.452125E-07  2.576753E-07
 3.331500E+02  5.379754E-01  3.894672E-04  4.161948E-08  5.554282E-08  6.202105E-08  7.511680E-08  3.964500E-01  3.953674E-04  8.870745E-07  4.133862E-02  1.780515E-05  1.674251E-08  1.572482E-09  6.142334E-03  4.377791E-07  1.687179E-06  3.911968E-07  1.712501E-02  1.608045E-07  1.238486E-07  1.042111E-07  6.833074E-05  9.288620E-05  5.322855E-08  1.805923E-07  2.334843E-07  2.471982E-07
 3.341500E+02  5.381273E-01  3.854115E-04  4.042246E-08  5.395751E-08  6.025379E-08  7.299197E-08  3.965057E-01  3.894560E-04  8.423217E-07  4.143903E-02  1.762084E-05  1.601511E-08  1.544064E-09  6.045140E-03  4.187135E-07  1.617270E-06  3.777502E-07  1.692660E-02  1.549388E-07  1.203918E-07  1.012435E-07  6.748745E-05  9.174006E-05  5.080886E-08  1.719529E-07  2.223801E-07  2.372047E-07
 3.351500E+02  5.382764E-01  3.814267E-04  3.926783E-08  5.242801E-08  5.854867E-08  7.094144E-08  3.965601E-01  3.836718E-04  8.000910E-07  4.153781E-02  1.743868E-05  1.532229E-08  1.516227E-09  5.950129E-03  4.005949E-07  1.550690E-06  3.648525E-07  1.673139E-02  1.493149E-07  1.170513E-07  9.837742E-08  6.665828E-05  9.061316E-05  4.851067E-08  1.637731E-07  2.118636E-07  2.276701E-07
 3.361500E+02  5.384229E-01  3.775112E-04  3.815386E-08  5.095204E-08  5.690315E-08  6.896217E-08  3.966132E-01  3.780115E-04  7.602264E-07  4.163499E-02  1.725867E-05  1.466228E-08  1.488962E-09  5.857240E-03  3.833711E-07  1.487262E-06  3.524781E-07  1.653934E-02  1.439220E-07  1.138225E-07  9.560876E-08  6.584298E-05  8.950514E-05  4.632735E-08  1.560262E-07  2.019008E-07  2.185711E-07
 3.371500E+02  5.385667E-01  3.736635E-04  3.707888E-08  4.952742E-08  5.531481E-08  6.705130E-08  3.966652E-01  3.724719E-04  7.225825E-07  4.173061E-02  1.708079E-05  1.403341E-08  1.462256E-09  5.766416E-03  3.669930E-07  1.426819E-06  3.406028E-07  1.635038E-02  1.387497E-07  1.107011E-07  9.293382E-08  6.504128E-05  8.841565E-05  4.425271E-08  1.486872E-07  1.924600E-07  2.098857E-07
 3.381500E+02  5.387078E-01  3.698822E-04  3.604130E-08  4.815208E-08  5.378134E-08  6.520607E-08  3.967161E-01  3.670497E-04  6.870237E-07  4.182469E-02  1.690504E-05  1.343411E-08  1.436100E-09  5.677599E-03  3.514142E-07  1.369204E-06  3.292038E-07  1.616446E-02  1.337880E-07  1.076832E-07  9.034897E-08  6.425295E-05  8.734436E-05  4.228087E-08  1.417327E-07  1.835113E-07  2.015932E-07
 3.391500E+02  5.388465E-01  3.661656E-04  3.503962E-08  4.682404E-08  5.230054E-08  6.342386E-08  3.967659E-01  3.617419E-04  6.534231E-07  4.191726E-02  1.673139E-05  1.286289E-08  1.410482E-09  5.590737E-03  3.365915E-07  1.314270E-06  3.182593E-07  1.598153E-02  1.290277E-07  1.047649E-07  8.785078E-08  6.347773E-05  8.629092E-05  4.040632E-08  1.351407E-07  1.750265E-07  1.936738E-07
 3.401500E+02  5.389827E-01  3.625126E-04  3.407239E-08  4.554141E-08  5.087030E-08  6.170216E-08  3.968145E-01  3.565455E-04  6.216624E-07  4.200834E-02  1.655985E-05  1.231835E-08  1.385391E-09  5.505775E-03  3.224839E-07  1.261876E-06  3.077485E-07  1.580153E-02  1.244596E-07  1.019423E-07  8.543592E-08  6.271538E-05  8.525500E-05  3.862384E-08  1.288905E-07  1.669795E-07  1.861089E-07
 3.411500E+02  5.391164E-01  3.589216E-04  3.313824E-08  4.430238E-08  4.948862E-08  6.003859E-08  3.968621E-01  3.514576E-04  5.916309E-07  4.209797E-02  1.639038E-05  1.179913E-08  1.360818E-09  5.422662E-03  3.090531E-07  1.211891E-06  2.976519E-07  1.562441E-02  1.200752E-07  9.921185E-08  8.310125E-08  6.196567E-05  8.423628E-05  3.692853E-08  1.229627E-07  1.593455E-07  1.788810E-07
 3.421500E+02  5.392478E-01  3.553914E-04  3.223585E-08  4.310523E-08  4.815357E-08  5.843085E-08  3.969087E-01  3.464755E-04  5.632252E-07  4.218616E-02  1.622299E-05  1.130398E-08  1.336751E-09  5.341350E-03  2.962628E-07  1.164191E-06  2.879509E-07  1.545013E-02  1.158666E-07  9.657020E-08  8.084371E-08  6.122837E-05  8.323444E-05  3.531575E-08  1.173392E-07  1.521013E-07  1.719734E-07
 3.431500E+02  5.393768E-01  3.519207E-04  3.136396E-08  4.194830E-08  4.686333E-08  5.687676E-08  3.969543E-01  3.415963E-04  5.363485E-07  4.227295E-02  1.605764E-05  1.083170E-08  1.313182E-09  5.261789E-03  2.840791E-07  1.118660E-06  2.786277E-07  1.527862E-02  1.118258E-07  9.401400E-08  7.866041E-08  6.050323E-05  8.224917E-05  3.378116E-08  1.120029E-07  1.452252E-07  1.653704E-07
 3.441500E+02  5.395036E-01  3.485082E-04  3.052138E-08  4.083003E-08  4.561615E-08  5.537424E-08  3.969990E-01  3.368175E-04  5.109104E-07  4.235835E-02  1.589434E-05  1.038114E-08  1.290098E-09  5.183934E-03  2.724697E-07  1.075186E-06  2.696656E-07  1.510984E-02  1.079455E-07  9.154010E-08  7.654855E-08  5.979005E-05  8.128016E-05  3.232062E-08  1.069377E-07  1.386966E-07  1.590571E-07
 3.451500E+02  5.396281E-01  3.451526E-04  2.970695E-08  3.974890E-08  4.441033E-08  5.392129E-08  3.970426E-01  3.321365E-04  4.868262E-07  4.244240E-02  1.573305E-05  9.951243E-09  1.267492E-09  5.107739E-03  2.614047E-07  1.033665E-06  2.610485E-07  1.494375E-02  1.042188E-07  8.914547E-08  7.450548E-08  5.908859E-05  8.032710E-05  3.093025E-08  1.021286E-07  1.324964E-07  1.530194E-07
 3.461500E+02  5.397505E-01  3.418527E-04  2.891959E-08  3.870349E-08  4.324430E-08  5.251600E-08  3.970854E-01  3.275509E-04  4.640166E-07  4.252512E-02  1.557377E-05  9.540976E-09  1.245352E-09  5.033160E-03  2.508553E-07  9.940000E-07  2.527613E-07  1.478028E-02  1.006388E-07  8.682720E-08  7.252862E-08  5.839864E-05  7.938971E-05  2.960638E-08  9.756133E-08  1.266064E-07  1.472439E-07
 3.471500E+02  5.398707E-01  3.386074E-04  2.815823E-08  3.769240E-08  4.211651E-08  5.115654E-08  3.971272E-01  3.230581E-04  4.424073E-07  4.260652E-02  1.541647E-05  9.149377E-09  1.223669E-09  4.960156E-03  2.407949E-07  9.560968E-07  2.447895E-07  1.461941E-02  9.719930E-08  8.458250E-08  7.061553E-08  5.771998E-05  7.846768E-05  2.834556E-08  9.322260E-08  1.210096E-07  1.417180E-07
 3.481500E+02  5.399888E-01  3.354156E-04  2.742189E-08  3.671433E-08  4.102549E-08  4.984117E-08  3.971682E-01  3.186559E-04  4.219290E-07  4.268664E-02  1.526114E-05  8.775528E-09  1.202433E-09  4.888685E-03  2.311982E-07  9.198678E-07  2.371194E-07  1.446107E-02  9.389412E-08  8.240870E-08  6.876385E-08  5.705242E-05  7.756074E-05  2.714450E-08  8.909988E-08  1.156900E-07  1.364297E-07
 3.491500E+02  5.401049E-01  3.322760E-04  2.670959E-08  3.576803E-08  3.996986E-08  4.856821E-08  3.972084E-01  3.143420E-04  4.025163E-07  4.276550E-02  1.510776E-05  8.418562E-09  1.181636E-09  4.818707E-03  2.220411E-07  8.852300E-07  2.297379E-07  1.430523E-02  9.071751E-08  8.030323E-08  6.697132E-08  5.639574E-05  7.666860E-05  2.600013E-08  8.518136E-08  1.106325E-07  1.313676E-07
 3.501500E+02  5.402190E-01  3.291877E-04  2.602043E-08  3.485227E-08  3.894827E-08  4.733607E-08  3.972477E-01  3.101143E-04  3.841081E-07  4.284312E-02  1.495632E-05  8.077654E-09  1.161268E-09  4.750185E-03  2.133014E-07  8.521050E-07  2.226326E-07  1.415184E-02  8.766392E-08  7.826362E-08  6.523577E-08  5.574973E-05  7.579099E-05  2.490953E-08  8.145597E-08  1.058230E-07  1.265210E-07
 3.511500E+02  5.403311E-01  3.261496E-04  2.535353E-08  3.396591E-08  3.795943E-08  4.614321E-08  3.972862E-01  3.059705E-04  3.666473E-07  4.291952E-02  1.480678E-05  7.752024E-09  1.141319E-09  4.683080E-03  2.049576E-07  8.204184E-07  2.157916E-07  1.400085E-02  8.472809E-08  7.628751E-08  6.355514E-08  5.511421E-05  7.492764E-05  2.386995E-08  7.791326E-08  1.012481E-07  1.218796E-07
 3.521500E+02  5.404413E-01  3.231606E-04  2.470804E-08  3.310785E-08  3.700211E-08  4.498817E-08  3.973239E-01  3.019086E-04  3.500801E-07  4.299472E-02  1.465915E-05  7.440932E-09  1.121782E-09  4.617355E-03  1.969897E-07  7.901002E-07  2.092036E-07  1.385223E-02  8.190500E-08  7.437263E-08  6.192743E-08  5.448897E-05  7.407827E-05  2.287877E-08  7.454339E-08  9.689532E-08  1.174338E-07
 3.531500E+02  5.405496E-01  3.202197E-04  2.408316E-08  3.227702E-08  3.607515E-08  4.386954E-08  3.973608E-01  2.979266E-04  3.343561E-07  4.306875E-02  1.451338E-05  7.143676E-09  1.102647E-09  4.552977E-03  1.893788E-07  7.610838E-07  2.028579E-07  1.370592E-02  7.918985E-08  7.251679E-08  6.035072E-08  5.387384E-05  7.324264E-05  2.193355E-08  7.133710E-08  9.275270E-08  1.131744E-07
 3.541500E+02  5.406561E-01  3.173259E-04  2.347812E-08  3.147242E-08  3.517741E-08  4.278598E-08  3.973970E-01  2.940225E-04  3.194278E-07  4.314163E-02  1.436947E-05  6.859588E-09  1.083905E-09  4.489911E-03  1.821069E-07  7.333064E-07  1.967444E-07  1.356190E-02  7.657807E-08  7.071791E-08  5.882318E-08  5.326861E-05  7.242048E-05  2.103195E-08  6.828567E-08  8.880913E-08  1.090926E-07
 3.551500E+02  5.407607E-01  3.144783E-04  2.289219E-08  3.069308E-08  3.430781E-08  4.173620E-08  3.974325E-01  2.901945E-04  3.052510E-07  4.321338E-02  1.422740E-05  6.588038E-09  1.065549E-09  4.428123E-03  1.751572E-07  7.067084E-07  1.908531E-07  1.342011E-02  7.406529E-08  6.897396E-08  5.734305E-08  5.267310E-05  7.161155E-05  2.017177E-08  6.538088E-08  8.505410E-08  1.051803E-07
 3.561500E+02  5.408636E-01  3.116760E-04  2.232466E-08  2.993806E-08  3.346532E-08  4.071896E-08  3.974673E-01  2.864407E-04  2.917838E-07  4.328401E-02  1.408714E-05  6.328424E-09  1.047570E-09  4.367582E-03  1.685137E-07  6.812335E-07  1.851749E-07  1.328052E-02  7.164737E-08  6.728302E-08  5.590863E-08  5.208715E-05  7.081560E-05  1.935094E-08  6.261498E-08  8.147768E-08  1.014296E-07
 3.571500E+02  5.409648E-01  3.089179E-04  2.177485E-08  2.920648E-08  3.264895E-08  3.973308E-08  3.975013E-01  2.827592E-04  2.789871E-07  4.335355E-02  1.394867E-05  6.080179E-09  1.029960E-09  4.308256E-03  1.621613E-07  6.568283E-07  1.797010E-07  1.314309E-02  6.932031E-08  6.564323E-08  5.451830E-08  5.151056E-05  7.003239E-05  1.856748E-08  5.998068E-08  7.807053E-08  9.783304E-08
 3.581500E+02  5.410642E-01  3.062033E-04  2.124211E-08  2.849748E-08  3.185775E-08  3.877743E-08  3.975347E-01  2.791484E-04  2.668239E-07  4.342202E-02  1.381199E-05  5.842762E-09  1.012710E-09  4.250115E-03  1.560856E-07  6.334421E-07  1.744227E-07  1.300778E-02  6.708033E-08  6.405281E-08  5.317051E-08  5.094317E-05  6.926168E-05  1.781955E-08  5.747107E-08  7.482384E-08  9.438351E-08
 3.591500E+02  5.411620E-01  3.035313E-04  2.072582E-08  2.781025E-08  3.109080E-08  3.785091E-08  3.975674E-01  2.756066E-04  2.552596E-07  4.348943E-02  1.367705E-05  5.615661E-09  9.958136E-10  4.193130E-03  1.502732E-07  6.110271E-07  1.693322E-07  1.287455E-02  6.492381E-08  6.251003E-08  5.186374E-08  5.038480E-05  6.850323E-05  1.710536E-08  5.507968E-08  7.172928E-08  9.107433E-08
 3.601500E+02  5.412582E-01  3.009010E-04  2.022538E-08  2.714400E-08  3.034724E-08  3.695248E-08  3.975995E-01  2.721321E-04  2.442617E-07  4.355581E-02  1.354386E-05  5.398387E-09  9.792625E-10  4.137272E-03  1.447112E-07  5.895378E-07  1.644217E-07  1.274337E-02  6.284730E-08  6.101326E-08  5.059656E-08  4.983529E-05  6.775684E-05  1.642326E-08  5.280036E-08  6.877899E-08  8.789911E-08
 3.611500E+02  5.413528E-01  2.983115E-04  1.974023E-08  2.649798E-08  2.962622E-08  3.608114E-08  3.976310E-01  2.687233E-04  2.337995E-07  4.362117E-02  1.341238E-05  5.190479E-09  9.630493E-10  4.082513E-03  1.393875E-07  5.689309E-07  1.596838E-07  1.261419E-02  6.084748E-08  5.956090E-08  4.936759E-08  4.929448E-05  6.702226E-05  1.577166E-08  5.062733E-08  6.596558E-08  8.485180E-08
 3.621500E+02  5.414458E-01  2.957621E-04  1.926982E-08  2.587146E-08  2.892695E-08  3.523593E-08  3.976618E-01  2.653787E-04  2.238441E-07  4.368554E-02  1.328259E-05  4.991498E-09  9.471667E-10  4.028827E-03  1.342908E-07  5.491658E-07  1.551117E-07  1.248699E-02  5.892121E-08  5.815144E-08  4.817550E-08  4.876220E-05  6.629928E-05  1.514908E-08  4.855513E-08  6.328203E-08  8.192663E-08
 3.631500E+02  5.415373E-01  2.932520E-04  1.881361E-08  2.526375E-08  2.824865E-08  3.441593E-08  3.976921E-01  2.620967E-04  2.143683E-07  4.374892E-02  1.315448E-05  4.801026E-09  9.316073E-10  3.976187E-03  1.294100E-07  5.302034E-07  1.506986E-07  1.236172E-02  5.706547E-08  5.678340E-08  4.701901E-08  4.823830E-05  6.558769E-05  1.455409E-08  4.657860E-08  6.072173E-08  7.911812E-08
 3.641500E+02  5.416272E-01  2.907804E-04  1.837111E-08  2.467420E-08  2.759058E-08  3.362025E-08  3.977218E-01  2.588759E-04  2.053467E-07  4.381134E-02  1.302802E-05  4.618668E-09  9.163642E-10  3.924568E-03  1.247350E-07  5.120071E-07  1.464381E-07  1.223836E-02  5.527739E-08  5.545538E-08  4.589689E-08  4.772262E-05  6.488727E-05  1.398536E-08  4.469289E-08  5.827845E-08  7.642107E-08
 3.651500E+02  5.417157E-01  2.883466E-04  1.794182E-08  2.410215E-08  2.695203E-08  3.284804E-08  3.977509E-01  2.557149E-04  1.967551E-07  4.387282E-02  1.290320E-05  4.444047E-09  9.014304E-10  3.873945E-03  1.202560E-07  4.945419E-07  1.423242E-07  1.211686E-02  5.355422E-08  5.416603E-08  4.480796E-08  4.721502E-05  6.419783E-05  1.344161E-08  4.289337E-08  5.594628E-08  7.383052E-08
 3.661500E+02  5.418028E-01  2.859498E-04  1.752530E-08  2.354700E-08  2.633232E-08  3.209848E-08  3.977794E-01  2.526122E-04  1.885708E-07  4.393337E-02  1.277999E-05  4.276805E-09  8.867992E-10  3.824295E-03  1.159638E-07  4.777746E-07  1.383511E-07  1.199720E-02  5.189332E-08  5.291403E-08  4.375108E-08  4.671533E-05  6.351916E-05  1.292164E-08  4.117571E-08  5.371964E-08  7.134177E-08
 3.671500E+02  5.418885E-01  2.835892E-04  1.712108E-08  2.300816E-08  2.573079E-08  3.137079E-08  3.978074E-01  2.495666E-04  1.807724E-07  4.399300E-02  1.265838E-05  4.116602E-09  8.724638E-10  3.775594E-03  1.118495E-07  4.616736E-07  1.345131E-07  1.187934E-02  5.029219E-08  5.169813E-08  4.272516E-08  4.622343E-05  6.285105E-05  1.242430E-08  3.953579E-08  5.159326E-08  6.895032E-08
 3.681500E+02  5.419727E-01  2.812643E-04  1.672875E-08  2.248507E-08  2.514681E-08  3.066422E-08  3.978349E-01  2.465767E-04  1.733398E-07  4.405174E-02  1.253834E-05  3.963114E-09  8.584178E-10  3.727819E-03  1.079050E-07  4.462090E-07  1.308049E-07  1.176325E-02  4.874842E-08  5.051713E-08  4.172915E-08  4.573916E-05  6.219332E-05  1.194852E-08  3.796974E-08  4.956215E-08  6.665191E-08
 3.691500E+02  5.420556E-01  2.789743E-04  1.634788E-08  2.197718E-08  2.457979E-08  2.997805E-08  3.978618E-01  2.436412E-04  1.662540E-07  4.410960E-02  1.241986E-05  3.816035E-09  8.446549E-10  3.680948E-03  1.041222E-07  4.313524E-07  1.272216E-07  1.164891E-02  4.725972E-08  4.936986E-08  4.076205E-08  4.526239E-05  6.154578E-05  1.149326E-08  3.647387E-08  4.762159E-08  6.444249E-08
 3.701500E+02  5.421372E-01  2.767185E-04  1.597809E-08  2.148397E-08  2.402914E-08  2.931157E-08  3.978883E-01  2.407589E-04  1.594969E-07  4.416659E-02  1.230291E-05  3.675073E-09  8.311688E-10  3.634961E-03  1.004938E-07  4.170767E-07  1.237582E-07  1.153627E-02  4.582389E-08  4.825520E-08  3.982287E-08  4.479298E-05  6.090823E-05  1.105756E-08  3.504472E-08  4.576713E-08  6.231819E-08
 3.711500E+02  5.422175E-01  2.744964E-04  1.561899E-08  2.100494E-08  2.349429E-08  2.866413E-08  3.979142E-01  2.379286E-04  1.530518E-07  4.422274E-02  1.218748E-05  3.539948E-09  8.179533E-10  3.589836E-03  9.701266E-08  4.033562E-07  1.204101E-07  1.142531E-02  4.443883E-08  4.717207E-08  3.891068E-08  4.433079E-05  6.028051E-05  1.064048E-08  3.367898E-08  4.399453E-08  6.027531E-08
 3.721500E+02  5.422965E-01  2.723071E-04  1.527022E-08  2.053961E-08  2.297473E-08  2.803507E-08  3.979397E-01  2.351491E-04  1.469027E-07  4.427805E-02  1.207354E-05  3.410397E-09  8.050027E-10  3.545553E-03  9.367203E-08  3.901664E-07  1.171729E-07  1.131599E-02  4.310253E-08  4.611945E-08  3.802459E-08  4.387569E-05  5.966241E-05  1.024116E-08  3.237356E-08  4.229980E-08  5.831037E-08
 3.731500E+02  5.423742E-01  2.701502E-04  1.493143E-08  2.008752E-08  2.246992E-08  2.742379E-08  3.979647E-01  2.324192E-04  1.410344E-07  4.433254E-02  1.196108E-05  3.286169E-09  7.923110E-10  3.502092E-03  9.046552E-08  3.774841E-07  1.140423E-07  1.120830E-02  4.181307E-08  4.509632E-08  3.716372E-08  4.342756E-05  5.905378E-05  9.858759E-09  3.112550E-08  4.067915E-08  5.642002E-08
