#         T/K            c1          c2-1          c3-4          c3-5          c3-7          c3-9            m1          m2-1          m3-1            w1            w2          w3-1          w3-2          c1m1        c1m2-1        c1m2-7        c2m1-1        c1w1-2        c1w2-1        c2w1-1        c2w1-9        m1w1-1        m1w1-4        m1w2-1        m2w1-1        m2w1-3      c1m1w1-1
 2.731500E+02  8.021770E-02  2.160905E-05  1.541198E-09  2.022859E-09  2.250592E-09  2.683551E-09  4.916845E-02  2.063279E-05  9.345206E-08  7.078697E-01  1.744869E-02  4.374585E-03  6.138010E-05  4.187670E-04  3.340329E-08  1.096068E-07  1.819202E-08  1.389739E-01  1.882805E-04  5.744857E-07  5.044593E-07  4.771557E-04  6.495375E-04  1.001538E-04  2.518857E-06  3.190166E-06  2.406558E-06
 2.741500E+02  8.103342E-02  2.163377E-05  1.511195E-09  1.984152E-09  2.207692E-09  2.633228E-09  4.918737E-02  2.013601E-05  8.620568E-08  7.093690E-01  1.709573E-02  4.063125E-03  5.922547E-05  4.119296E-04  3.142751E-08  1.034576E-07  1.751925E-08  1.373559E-01  1.785818E-04  5.578966E-07  4.894697E-07  4.668158E-04  6.354218E-04  9.285951E-05  2.329922E-06  2.952052E-06  2.272094E-06
 2.751500E+02  8.184170E-02  2.165426E-05  1.481607E-09  1.945958E-09  2.165355E-09  2.583539E-09  4.920564E-02  1.965510E-05  7.957169E-08  7.108274E-01  1.675145E-02  3.775568E-03  5.715763E-05  4.052195E-04  2.958021E-08  9.768960E-08  1.687343E-08  1.357522E-01  1.694254E-04  5.417989E-07  4.749393E-07  4.567644E-04  6.217018E-04  8.614061E-05  2.156391E-06  2.733268E-06  2.145841E-06
 2.761500E+02  8.264240E-02  2.167057E-05  1.452434E-09  1.908278E-09  2.123583E-09  2.534488E-09  4.922331E-02  1.918946E-05  7.349429E-08  7.122469E-01  1.641564E-02  3.509968E-03  5.517293E-05  3.986341E-04  2.785229E-08  9.227687E-08  1.625340E-08  1.341633E-01  1.607791E-04  5.261787E-07  4.608545E-07  4.469926E-04  6.083652E-04  7.994864E-05  1.996917E-06  2.532129E-06  2.027258E-06
 2.771500E+02  8.343539E-02  2.168277E-05  1.423678E-09  1.871116E-09  2.082380E-09  2.486079E-09  4.924040E-02  1.873850E-05  6.792311E-08  7.136294E-01  1.608812E-02  3.264548E-03  5.326786E-05  3.921709E-04  2.623536E-08  8.719553E-08  1.565803E-08  1.325893E-01  1.526127E-04  5.110223E-07  4.472020E-07  4.374917E-04  5.954002E-04  7.423946E-05  1.850277E-06  2.347105E-06  1.915843E-06
 2.781500E+02  8.422058E-02  2.169091E-05  1.395339E-09  1.834474E-09  2.041748E-09  2.438317E-09  4.925693E-02  1.830166E-05  6.281269E-08  7.149766E-01  1.576870E-02  3.037678E-03  5.143905E-05  3.858273E-04  2.472167E-08  8.242343E-08  1.508627E-08  1.310305E-01  1.448980E-04  4.963166E-07  4.339688E-07  4.282535E-04  5.827952E-04  6.897281E-05  1.715359E-06  2.176808E-06  1.811131E-06
 2.791500E+02  8.499785E-02  2.169506E-05  1.367420E-09  1.798354E-09  2.001691E-09  2.391207E-09  4.927294E-02  1.787840E-05  5.812190E-08  7.162903E-01  1.545718E-02  2.827866E-03  4.968323E-05  3.796011E-04  2.330405E-08  7.794004E-08  1.453712E-08  1.294871E-01  1.376084E-04  4.820489E-07  4.211426E-07  4.192698E-04  5.705388E-04  6.411198E-05  1.591158E-06  2.019978E-06  1.712685E-06
 2.801500E+02  8.576714E-02  2.169529E-05  1.339920E-09  1.762759E-09  1.962211E-09  2.344753E-09  4.928844E-02  1.746820E-05  5.381356E-08  7.175718E-01  1.515338E-02  2.633748E-03  4.799729E-05  3.734899E-04  2.197587E-08  7.372630E-08  1.400961E-08  1.279593E-01  1.307189E-04  4.682065E-07  4.087112E-07  4.105325E-04  5.586203E-04  5.962350E-05  1.476757E-06  1.875469E-06  1.620103E-06
 2.811500E+02  8.652836E-02  2.169168E-05  1.312843E-09  1.727692E-09  1.923312E-09  2.298960E-09  4.930346E-02  1.707060E-05  4.985402E-08  7.188226E-01  1.485710E-02  2.454071E-03  4.637823E-05  3.674915E-04  2.073101E-08  6.976453E-08  1.350285E-08  1.264474E-01  1.242061E-04  4.547774E-07  3.966629E-07  4.020342E-04  5.470289E-04  5.547679E-05  1.371325E-06  1.742239E-06  1.533007E-06
 2.821500E+02  8.728144E-02  2.168431E-05  1.286188E-09  1.693155E-09  1.884997E-09  2.253833E-09  4.931802E-02  1.668511E-05  4.621280E-08  7.200441E-01  1.456816E-02  2.287690E-03  4.482318E-05  3.616038E-04  1.956378E-08  6.603829E-08  1.301596E-08  1.249513E-01  1.180480E-04  4.417499E-07  3.849862E-07  3.937672E-04  5.357546E-04  5.164394E-05  1.274104E-06  1.619339E-06  1.451047E-06
 2.831500E+02  8.802634E-02  2.167326E-05  1.259957E-09  1.659150E-09  1.847267E-09  2.209374E-09  4.933213E-02  1.631128E-05  4.286227E-08  7.212374E-01  1.428636E-02  2.133552E-03  4.332939E-05  3.558248E-04  1.846893E-08  6.253233E-08  1.254811E-08  1.234713E-01  1.122239E-04  4.291123E-07  3.736700E-07  3.857245E-04  5.247872E-04  4.809947E-05  1.184405E-06  1.505907E-06  1.373897E-06
 2.841500E+02  8.876300E-02  2.165863E-05  1.234150E-09  1.625678E-09  1.810125E-09  2.165587E-09  4.934583E-02  1.594870E-05  3.977735E-08  7.224036E-01  1.401152E-02  1.990696E-03  4.189423E-05  3.501523E-04  1.744159E-08  5.923244E-08  1.209852E-08  1.220074E-01  1.067146E-04  4.168534E-07  3.627034E-07  3.778989E-04  5.141172E-04  4.482006E-05  1.101602E-06  1.401156E-06  1.301250E-06
 2.851500E+02  8.949139E-02  2.164049E-05  1.208767E-09  1.592740E-09  1.773572E-09  2.122475E-09  4.935912E-02  1.559695E-05  3.693531E-08  7.235439E-01  1.374347E-02  1.858238E-03  4.051516E-05  3.445845E-04  1.647723E-08  5.612543E-08  1.166643E-08  1.205598E-01  1.015017E-04  4.049625E-07  3.520760E-07  3.702838E-04  5.037352E-04  4.178443E-05  1.025124E-06  1.304371E-06  1.232825E-06
 2.861500E+02  9.021148E-02  2.161894E-05  1.183810E-09  1.560338E-09  1.737609E-09  2.080041E-09  4.937202E-02  1.525565E-05  3.431548E-08  7.246592E-01  1.348202E-02  1.735366E-03  3.918978E-05  3.391194E-04  1.557165E-08  5.319902E-08  1.125112E-08  1.191285E-01  9.656812E-05  3.934287E-07  3.417776E-07  3.628725E-04  4.936323E-04  3.897309E-05  9.544485E-07  1.214897E-06  1.168356E-06
 2.871500E+02  9.092325E-02  2.159408E-05  1.159276E-09  1.528472E-09  1.702237E-09  2.038285E-09  4.938455E-02  1.492440E-05  3.189908E-08  7.257505E-01  1.322699E-02  1.621338E-03  3.791578E-05  3.337551E-04  1.472098E-08  5.044175E-08  1.085190E-08  1.177135E-01  9.189790E-05  3.822418E-07  3.317981E-07  3.556588E-04  4.837996E-04  3.636822E-05  8.891015E-07  1.132139E-06  1.107595E-06
 2.881500E+02  9.162668E-02  2.156600E-05  1.135166E-09  1.497141E-09  1.667456E-09  1.997209E-09  4.939672E-02  1.460287E-05  2.966904E-08  7.268185E-01  1.297822E-02  1.515471E-03  3.669095E-05  3.284897E-04  1.392159E-08  4.784299E-08  1.046811E-08  1.163150E-01  8.747590E-05  3.713916E-07  3.221280E-07  3.486365E-04  4.742288E-04  3.395349E-05  8.286493E-07  1.055552E-06  1.050313E-06
 2.891500E+02  9.232176E-02  2.153478E-05  1.111479E-09  1.466346E-09  1.633267E-09  1.956813E-09  4.940855E-02  1.429069E-05  2.760981E-08  7.278642E-01  1.273554E-02  1.417137E-03  3.551319E-05  3.233216E-04  1.317012E-08  4.539279E-08  1.009913E-08  1.149329E-01  8.328794E-05  3.608683E-07  3.127577E-07  3.417996E-04  4.649117E-04  3.171395E-05  7.726962E-07  9.846395E-07  9.962940E-07
 2.901500E+02  9.300851E-02  2.150054E-05  1.088214E-09  1.436085E-09  1.599667E-09  1.917098E-09  4.942004E-02  1.398755E-05  2.570724E-08  7.288882E-01  1.249877E-02  1.325762E-03  3.438048E-05  3.182489E-04  1.246346E-08  4.308189E-08  9.744347E-09  1.135673E-01  7.932071E-05  3.506624E-07  3.036782E-07  3.351425E-04  4.558403E-04  2.963592E-05  7.208804E-07  9.189472E-07  9.453369E-07
 2.911500E+02  9.368691E-02  2.146336E-05  1.065369E-09  1.406357E-09  1.566656E-09  1.878062E-09  4.943122E-02  1.369312E-05  2.394843E-08  7.298914E-01  1.226777E-02  1.240816E-03  3.329089E-05  3.132699E-04  1.179869E-08  4.090167E-08  9.403191E-09  1.122181E-01  7.556168E-05  3.407644E-07  2.948806E-07  3.286594E-04  4.470071E-04  2.770684E-05  6.728715E-07  8.580597E-07  8.972541E-07
 2.921500E+02  9.435698E-02  2.142333E-05  1.042941E-09  1.377161E-09  1.534231E-09  1.839705E-09  4.944209E-02  1.340710E-05  2.232163E-08  7.308743E-01  1.204238E-02  1.161812E-03  3.224260E-05  3.083830E-04  1.117313E-08  3.884407E-08  9.075106E-09  1.108854E-01  7.199908E-05  3.311653E-07  2.863561E-07  3.223452E-04  4.384046E-04  2.591519E-05  6.283672E-07  8.015970E-07  8.518701E-07
 2.931500E+02  9.501875E-02  2.138056E-05  1.020930E-09  1.348494E-09  1.502392E-09  1.802024E-09  4.945267E-02  1.312921E-05  2.081611E-08  7.318376E-01  1.182243E-02  1.088304E-03  3.123384E-05  3.035863E-04  1.058426E-08  3.690157E-08  8.759566E-09  1.095690E-01  6.862186E-05  3.218561E-07  2.780965E-07  3.161946E-04  4.300258E-04  2.425040E-05  5.870909E-07  7.492113E-07  8.090210E-07
 2.941500E+02  9.567223E-02  2.133515E-05  9.993325E-10  1.320354E-09  1.471134E-09  1.765017E-09  4.946296E-02  1.285915E-05  1.942208E-08  7.327819E-01  1.160778E-02  1.019879E-03  3.026294E-05  2.988783E-04  1.002973E-08  3.506713E-08  8.456062E-09  1.082690E-01  6.541960E-05  3.128284E-07  2.700935E-07  3.102025E-04  4.218638E-04  2.270279E-05  5.487893E-07  7.005840E-07  7.685532E-07
 2.951500E+02  9.631745E-02  2.128717E-05  9.781455E-10  1.292737E-09  1.440455E-09  1.728680E-09  4.947298E-02  1.259666E-05  1.813060E-08  7.337078E-01  1.139829E-02  9.561598E-04  2.932831E-05  2.942574E-04  9.507382E-09  3.333422E-08  8.164111E-09  1.069854E-01  6.238252E-05  3.040736E-07  2.623391E-07  3.043642E-04  4.139118E-04  2.126343E-05  5.132305E-07  6.554232E-07  7.303235E-07
 2.961500E+02  9.695445E-02  2.123674E-05  9.573662E-10  1.265640E-09  1.410351E-09  1.693011E-09  4.948273E-02  1.234149E-05  1.693348E-08  7.346158E-01  1.119382E-02  8.967966E-04  2.842840E-05  2.897219E-04  9.015170E-09  3.169668E-08  7.883247E-09  1.057180E-01  5.950142E-05  2.955835E-07  2.548257E-07  2.986750E-04  4.061635E-04  1.992416E-05  4.802018E-07  6.134614E-07  6.941975E-07
 2.971500E+02  9.758325E-02  2.118394E-05  9.369912E-10  1.239059E-09  1.380818E-09  1.658006E-09  4.949223E-02  1.209338E-05  1.582326E-08  7.355064E-01  1.099422E-02  8.414684E-04  2.756177E-05  2.852704E-04  8.551206E-09  3.014879E-08  7.613025E-09  1.044668E-01  5.676764E-05  2.873503E-07  2.475457E-07  2.931302E-04  3.986126E-04  1.867744E-05  4.495084E-07  5.744530E-07  6.600499E-07
 2.981500E+02  9.820391E-02  2.112887E-05  9.170169E-10  1.212991E-09  1.351852E-09  1.623659E-09  4.950148E-02  1.185210E-05  1.479310E-08  7.363802E-01  1.079936E-02  7.898795E-04  2.672702E-05  2.809012E-04  8.113726E-09  2.868520E-08  7.353019E-09  1.032318E-01  5.417303E-05  2.793662E-07  2.404919E-07  2.877256E-04  3.912531E-04  1.751637E-05  4.209714E-07  5.381728E-07  6.277629E-07
 2.991500E+02  9.881646E-02  2.107161E-05  8.974395E-10  1.187431E-09  1.323447E-09  1.589965E-09  4.951049E-02  1.161742E-05  1.383673E-08  7.372375E-01  1.060912E-02  7.417570E-04  2.592282E-05  2.766129E-04  7.701085E-09  2.730089E-08  7.102819E-09  1.020127E-01  5.170992E-05  2.716235E-07  2.336571E-07  2.824569E-04  3.840793E-04  1.643456E-05  3.944266E-07  5.044139E-07  5.972266E-07
 3.001500E+02  9.942096E-02  2.101226E-05  8.782550E-10  1.162374E-09  1.295600E-09  1.556921E-09  4.951928E-02  1.138912E-05  1.294842E-08  7.380788E-01  1.042336E-02  6.968493E-04  2.514791E-05  2.724040E-04  7.311746E-09  2.599116E-08  6.862034E-09  1.008097E-01  4.937109E-05  2.641151E-07  2.270345E-07  2.773200E-04  3.770855E-04  1.542618E-05  3.697233E-07  4.729863E-07  5.683378E-07
 3.011500E+02  1.000174E-01  2.095090E-05  8.594592E-10  1.137815E-09  1.268303E-09  1.524518E-09  4.952784E-02  1.116699E-05  1.212292E-08  7.389045E-01  1.024197E-02  6.549245E-04  2.440107E-05  2.682730E-04  6.944276E-09  2.475163E-08  6.630287E-09  9.962246E-02  4.714975E-05  2.568337E-07  2.206174E-07  2.723110E-04  3.702663E-04  1.448581E-05  3.467230E-07  4.437154E-07  5.410001E-07
 3.021500E+02  1.006060E-01  2.088763E-05  8.410476E-10  1.113750E-09  1.241553E-09  1.492752E-09  4.953618E-02  1.095082E-05  1.135540E-08  7.397150E-01  1.006482E-02  6.157683E-04  2.368113E-05  2.642184E-04  6.597337E-09  2.357817E-08  6.407219E-09  9.845100E-02  4.503949E-05  2.497724E-07  2.143993E-07  2.674260E-04  3.636165E-04  1.360850E-05  3.252982E-07  4.164405E-07  5.151227E-07
 3.031500E+02  1.011866E-01  2.082252E-05  8.230155E-10  1.090171E-09  1.215341E-09  1.461616E-09  4.954432E-02  1.074043E-05  1.064144E-08  7.405108E-01  9.891793E-03  5.791831E-04  2.298701E-05  2.602389E-04  6.269678E-09  2.246695E-08  6.192484E-09  9.729518E-02  4.303429E-05  2.429245E-07  2.083740E-07  2.626614E-04  3.571309E-04  1.278965E-05  3.053319E-07  3.910139E-07  4.906210E-07
 3.041500E+02  1.017595E-01  2.075567E-05  8.053583E-10  1.067074E-09  1.189663E-09  1.431103E-09  4.955226E-02  1.053561E-05  9.976985E-09  7.412921E-01  9.722783E-03  5.449861E-04  2.231764E-05  2.563330E-04  5.960131E-09  2.141434E-08  5.985750E-09  9.615488E-02  4.112846E-05  2.362835E-07  2.025353E-07  2.580136E-04  3.508048E-04  1.202505E-05  2.867164E-07  3.672995E-07  4.674153E-07
 3.051500E+02  1.023245E-01  2.068715E-05  7.880709E-10  1.044452E-09  1.164512E-09  1.401205E-09  4.956000E-02  1.033620E-05  9.358297E-09  7.420593E-01  9.557678E-03  5.130087E-04  2.167201E-05  2.524993E-04  5.667604E-09  2.041696E-08  5.786701E-09  9.502998E-02  3.931666E-05  2.298429E-07  1.968774E-07  2.534792E-04  3.446334E-04  1.131080E-05  2.693523E-07  3.451722E-07  4.454311E-07
 3.061500E+02  1.028819E-01  2.061704E-05  7.711484E-10  1.022300E-09  1.139881E-09  1.371915E-09  4.956755E-02  1.014202E-05  8.781953E-09  7.428128E-01  9.396372E-03  4.830949E-04  2.104917E-05  2.487366E-04  5.391075E-09  1.947164E-08  5.595032E-09  9.392036E-02  3.759384E-05  2.235967E-07  1.913944E-07  2.490548E-04  3.386122E-04  1.064330E-05  2.531483E-07  3.245163E-07  4.245982E-07
 3.071500E+02  1.034316E-01  2.054543E-05  7.545856E-10  1.000611E-09  1.115762E-09  1.343226E-09  4.957493E-02  9.952897E-06  8.244801E-09  7.435529E-01  9.238761E-03  4.551003E-04  2.044818E-05  2.450434E-04  5.129590E-09  1.857541E-08  5.410450E-09  9.282589E-02  3.595525E-05  2.175387E-07  1.860808E-07  2.447371E-04  3.327366E-04  1.001923E-05  2.380202E-07  3.052257E-07  4.048510E-07
 3.081500E+02  1.039737E-01  2.047239E-05  7.383771E-10  9.793788E-10  1.092150E-09  1.315129E-09  4.958212E-02  9.768674E-06  7.743943E-09  7.442799E-01  9.084746E-03  4.288916E-04  1.986817E-05  2.414184E-04  4.882254E-09  1.772546E-08  5.232676E-09  9.174642E-02  3.439641E-05  2.116632E-07  1.809312E-07  2.405232E-04  3.270025E-04  9.435517E-06  2.238903E-07  2.872021E-07  3.861279E-07
 3.091500E+02  1.045084E-01  2.039800E-05  7.225176E-10  9.585964E-10  1.069036E-09  1.287617E-09  4.958914E-02  9.589195E-06  7.276711E-09  7.449940E-01  8.934228E-03  4.043451E-04  1.930831E-05  2.378603E-04  4.648232E-09  1.691918E-08  5.061442E-09  9.068183E-02  3.291308E-05  2.059645E-07  1.759403E-07  2.364099E-04  3.214058E-04  8.889333E-06  2.106871E-07  2.703550E-07  3.683709E-07
 3.101500E+02  1.050356E-01  2.032233E-05  7.070017E-10  9.382572E-10  1.046414E-09  1.260681E-09  4.959600E-02  9.414312E-06  6.840647E-09  7.456956E-01  8.787115E-03  3.813467E-04  1.876778E-05  2.343680E-04  4.426739E-09  1.615411E-08  4.896489E-09  8.963197E-02  3.150129E-05  2.004371E-07  1.711032E-07  2.323944E-04  3.159423E-04  8.378055E-06  1.983443E-07  2.546009E-07  3.515256E-07
 3.111500E+02  1.055555E-01  2.024545E-05  6.918239E-10  9.183544E-10  1.024275E-09  1.234312E-09  4.960269E-02  9.243879E-06  6.433488E-09  7.463850E-01  8.643313E-03  3.597903E-04  1.824582E-05  2.309400E-04  4.217043E-09  1.542794E-08  4.737570E-09  8.859669E-02  3.015726E-05  1.950757E-07  1.664148E-07  2.284738E-04  3.106084E-04  7.899257E-06  1.868010E-07  2.398625E-07  3.355409E-07
 3.121500E+02  1.060681E-01  2.016743E-05  6.769785E-10  8.988811E-10  1.002612E-09  1.208503E-09  4.960923E-02  9.077758E-06  6.053147E-09  7.470624E-01  8.502735E-03  3.395779E-04  1.774170E-05  2.275753E-04  4.018456E-09  1.473849E-08  4.584450E-09  8.757585E-02  2.887745E-05  1.898751E-07  1.618704E-07  2.246455E-04  3.054002E-04  7.450696E-06  1.760009E-07  2.260685E-07  3.203688E-07
 3.131500E+02  1.065736E-01  2.008835E-05  6.624600E-10  8.798302E-10  9.814180E-10  1.183243E-09  4.961562E-02  8.915816E-06  5.697699E-09  7.477281E-01  8.365295E-03  3.206184E-04  1.725471E-05  2.242725E-04  3.830334E-09  1.408373E-08  4.436900E-09  8.656930E-02  2.765852E-05  1.848304E-07  1.574654E-07  2.209067E-04  3.003142E-04  7.030294E-06  1.658917E-07  2.131530E-07  3.059642E-07
 3.141500E+02  1.070719E-01  2.000825E-05  6.482626E-10  8.611947E-10  9.606843E-10  1.158525E-09  4.962186E-02  8.757923E-06  5.365370E-09  7.483823E-01  8.230907E-03  3.028274E-04  1.678418E-05  2.210304E-04  3.652073E-09  1.346174E-08  4.294703E-09  8.557688E-02  2.649729E-05  1.799365E-07  1.531953E-07  2.172550E-04  2.953469E-04  6.636129E-06  1.564255E-07  2.010550E-07  2.922846E-07
 3.151500E+02  1.075631E-01  1.992722E-05  6.343809E-10  8.429674E-10  9.404035E-10  1.134340E-09  4.962796E-02  8.603956E-06  5.054519E-09  7.490253E-01  8.099493E-03  2.861268E-04  1.632948E-05  2.178480E-04  3.483108E-09  1.287072E-08  4.157649E-09  8.459844E-02  2.539078E-05  1.751889E-07  1.490557E-07  2.136879E-04  2.904948E-04  6.266419E-06  1.475575E-07  1.897182E-07  2.792901E-07
 3.161500E+02  1.080475E-01  1.984532E-05  6.208089E-10  8.251414E-10  9.205676E-10  1.110678E-09  4.963391E-02  8.453794E-06  4.763634E-09  7.496573E-01  7.970972E-03  2.704438E-04  1.588998E-05  2.147241E-04  3.322907E-09  1.230896E-08  4.025538E-09  8.363383E-02  2.433617E-05  1.705829E-07  1.450426E-07  2.102029E-04  2.857548E-04  5.919510E-06  1.392467E-07  1.790902E-07  2.669432E-07
 3.171500E+02  1.085249E-01  1.976259E-05  6.075411E-10  8.077093E-10  9.011688E-10  1.087531E-09  4.963974E-02  8.307323E-06  4.491315E-09  7.502786E-01  7.845268E-03  2.557111E-04  1.546510E-05  2.116574E-04  3.170972E-09  1.177488E-08  3.898178E-09  8.268288E-02  2.333080E-05  1.661141E-07  1.411517E-07  2.067978E-04  2.811237E-04  5.593871E-06  1.314548E-07  1.691228E-07  2.552085E-07
 3.181500E+02  1.089955E-01  1.967911E-05  5.945718E-10  7.906640E-10  8.821992E-10  1.064889E-09  4.964543E-02  8.164430E-06  4.236269E-09  7.508893E-01  7.722308E-03  2.418659E-04  1.505427E-05  2.086469E-04  3.026835E-09  1.126698E-08  3.775384E-09  8.174544E-02  2.237215E-05  1.617781E-07  1.373792E-07  2.034704E-04  2.765984E-04  5.288082E-06  1.241465E-07  1.597712E-07  2.440529E-07
 3.191500E+02  1.094595E-01  1.959492E-05  5.818953E-10  7.739984E-10  8.636508E-10  1.042743E-09  4.965099E-02  8.025008E-06  3.997300E-09  7.514897E-01  7.602018E-03  2.288502E-04  1.465697E-05  2.056916E-04  2.890058E-09  1.078384E-08  3.656979E-09  8.082134E-02  2.145784E-05  1.575710E-07  1.337213E-07  2.002185E-04  2.721760E-04  5.000823E-06  1.172891E-07  1.509937E-07  2.334449E-07
 3.201500E+02  1.099167E-01  1.951010E-05  5.695059E-10  7.577053E-10  8.455159E-10  1.021085E-09  4.965644E-02  7.888953E-06  3.773302E-09  7.520800E-01  7.484331E-03  2.166099E-04  1.427267E-05  2.027903E-04  2.760227E-09  1.032413E-08  3.542793E-09  7.991044E-02  2.058563E-05  1.534885E-07  1.301742E-07  1.970399E-04  2.678536E-04  4.730870E-06  1.108521E-07  1.427520E-07  2.233551E-07
 3.211500E+02  1.103675E-01  1.942467E-05  5.573981E-10  7.417776E-10  8.277864E-10  9.999047E-10  4.966176E-02  7.756166E-06  3.563250E-09  7.526604E-01  7.369176E-03  2.050945E-04  1.390088E-05  1.999419E-04  2.636955E-09  9.886609E-09  3.432663E-09  7.901255E-02  1.975338E-05  1.495268E-07  1.267345E-07  1.939328E-04  2.636284E-04  4.477086E-06  1.048075E-07  1.350103E-07  2.137558E-07
 3.221500E+02  1.108117E-01  1.933871E-05  5.455661E-10  7.262082E-10  8.104546E-10  9.791940E-10  4.966696E-02  7.626550E-06  3.366195E-09  7.532310E-01  7.256490E-03  1.942575E-04  1.354113E-05  1.971455E-04  2.519879E-09  9.470083E-09  3.326432E-09  7.812754E-02  1.895909E-05  1.456820E-07  1.233986E-07  1.908950E-04  2.594978E-04  4.238415E-06  9.912917E-08  1.277354E-07  2.046207E-07
 3.231500E+02  1.112496E-01  1.925226E-05  5.340045E-10  7.109900E-10  7.935127E-10  9.589435E-10  4.967205E-02  7.500011E-06  3.181259E-09  7.537922E-01  7.146208E-03  1.840551E-04  1.319296E-05  1.944000E-04  2.408656E-09  9.073446E-09  3.223952E-09  7.725522E-02  1.820087E-05  1.419506E-07  1.201631E-07  1.879248E-04  2.554592E-04  4.013873E-06  9.379281E-08  1.208966E-07  1.959253E-07
 3.241500E+02  1.116812E-01  1.916537E-05  5.227076E-10  6.961160E-10  7.769530E-10  9.391444E-10  4.967703E-02  7.376459E-06  3.007627E-09  7.543440E-01  7.038268E-03  1.744469E-04  1.285595E-05  1.917044E-04  2.302964E-09  8.695649E-09  3.125077E-09  7.639544E-02  1.747690E-05  1.383289E-07  1.170250E-07  1.850202E-04  2.515101E-04  3.802548E-06  8.877592E-08  1.144653E-07  1.876463E-07
 3.251500E+02  1.121065E-01  1.907808E-05  5.116702E-10  6.815792E-10  7.607676E-10  9.197876E-10  4.968190E-02  7.255808E-06  2.844543E-09  7.548867E-01  6.932609E-03  1.653952E-04  1.252968E-05  1.890577E-04  2.202502E-09  8.335705E-09  3.029670E-09  7.554803E-02  1.678549E-05  1.348135E-07  1.139810E-07  1.821796E-04  2.476480E-04  3.603590E-06  8.405761E-08  1.084150E-07  1.797618E-07
 3.261500E+02  1.125258E-01  1.899044E-05  5.008866E-10  6.673728E-10  7.449491E-10  9.008645E-10  4.968667E-02  7.137973E-06  2.691305E-09  7.554205E-01  6.829175E-03  1.568648E-04  1.221374E-05  1.864590E-04  2.106983E-09  7.992681E-09  2.937599E-09  7.471284E-02  1.612503E-05  1.314011E-07  1.110281E-07  1.794011E-04  2.438706E-04  3.416208E-06  7.961843E-08  1.027209E-07  1.722511E-07
 3.271500E+02  1.129389E-01  1.890249E-05  4.903516E-10  6.534899E-10  7.294899E-10  8.823662E-10  4.969133E-02  7.022873E-06  2.547264E-09  7.559454E-01  6.727907E-03  1.488230E-04  1.190777E-05  1.839074E-04  2.016141E-09  7.665699E-09  2.848735E-09  7.388970E-02  1.549400E-05  1.280885E-07  1.081634E-07  1.766831E-04  2.401756E-04  3.239667E-06  7.544033E-08  9.736013E-08  1.650948E-07
 3.281500E+02  1.133461E-01  1.881428E-05  4.800598E-10  6.399238E-10  7.143824E-10  8.642840E-10  4.969590E-02  6.910429E-06  2.411816E-09  7.564617E-01  6.628751E-03  1.412391E-04  1.161139E-05  1.814018E-04  1.929723E-09  7.353929E-09  2.762957E-09  7.307845E-02  1.489094E-05  1.248724E-07  1.053841E-07  1.740240E-04  2.365607E-04  3.073280E-06  7.150651E-08  9.231128E-08  1.582743E-07
 3.291500E+02  1.137474E-01  1.872584E-05  4.700060E-10  6.266676E-10  6.996193E-10  8.466093E-10  4.970037E-02  6.800567E-06  2.284398E-09  7.569696E-01  6.531653E-03  1.340848E-04  1.132425E-05  1.789414E-04  1.847492E-09  7.056588E-09  2.680147E-09  7.227893E-02  1.431450E-05  1.217499E-07  1.026873E-07  1.714223E-04  2.330239E-04  2.916408E-06  6.780132E-08  8.755449E-08  1.517724E-07
 3.301500E+02  1.141428E-01  1.863721E-05  4.601851E-10  6.137149E-10  6.851932E-10  8.293337E-10  4.970475E-02  6.693212E-06  2.164489E-09  7.574692E-01  6.436562E-03  1.273335E-04  1.104602E-05  1.765252E-04  1.769224E-09  6.772937E-09  2.600194E-09  7.149098E-02  1.376339E-05  1.187180E-07  1.000705E-07  1.688763E-04  2.295631E-04  2.768457E-06  6.431022E-08  8.307125E-08  1.455727E-07
 3.311500E+02  1.145326E-01  1.854844E-05  4.505918E-10  6.010590E-10  6.710969E-10  8.124487E-10  4.970903E-02  6.588294E-06  2.051605E-09  7.579606E-01  6.343427E-03  1.209602E-04  1.077637E-05  1.741525E-04  1.694709E-09  6.502279E-09  2.522989E-09  7.071443E-02  1.323636E-05  1.157739E-07  9.753113E-08  1.663847E-04  2.261763E-04  2.628872E-06  6.101967E-08  7.884432E-08  1.396598E-07
 3.321500E+02  1.149166E-01  1.845956E-05  4.412213E-10  5.886936E-10  6.573233E-10  7.959460E-10  4.971323E-02  6.485745E-06  1.945293E-09  7.584441E-01  6.252200E-03  1.149420E-04  1.051500E-05  1.718223E-04  1.623748E-09  6.243954E-09  2.448429E-09  6.994914E-02  1.273227E-05  1.129149E-07  9.506664E-08  1.639459E-04  2.228614E-04  2.497134E-06  5.791703E-08  7.485763E-08  1.340189E-07
 3.331500E+02  1.152951E-01  1.837059E-05  4.320684E-10  5.766122E-10  6.438653E-10  7.798175E-10  4.971733E-02  6.385497E-06  1.845136E-09  7.589197E-01  6.162832E-03  1.092572E-04  1.026161E-05  1.695339E-04  1.556154E-09  5.997339E-09  2.376414E-09  6.919493E-02  1.225001E-05  1.101383E-07  9.267467E-08  1.615587E-04  2.196167E-04  2.372760E-06  5.499055E-08  7.109621E-08  1.286362E-07
 3.341500E+02  1.156681E-01  1.828158E-05  4.231284E-10  5.648087E-10  6.307160E-10  7.640549E-10  4.972136E-02  6.287488E-06  1.750741E-09  7.593877E-01  6.075277E-03  1.038856E-04  1.001591E-05  1.672863E-04  1.491750E-09  5.761846E-09  2.306848E-09  6.845166E-02  1.178854E-05  1.074414E-07  9.035289E-08  1.592217E-04  2.164403E-04  2.255300E-06  5.222926E-08  6.754610E-08  1.234988E-07
 3.351500E+02  1.160357E-01  1.819256E-05  4.143964E-10  5.532767E-10  6.178686E-10  7.486504E-10  4.972530E-02  6.191654E-06  1.661746E-09  7.598481E-01  5.989491E-03  9.880824E-05  9.777635E-06  1.650787E-04  1.430371E-09  5.536919E-09  2.239641E-09  6.771917E-02  1.134686E-05  1.048219E-07  8.809906E-08  1.569335E-04  2.133305E-04  2.144332E-06  4.962293E-08  6.419428E-08  1.185943E-07
 3.361500E+02  1.163980E-01  1.810355E-05  4.058677E-10  5.420103E-10  6.053162E-10  7.335960E-10  4.972916E-02  6.097937E-06  1.577810E-09  7.603011E-01  5.905431E-03  9.400757E-05  9.546519E-06  1.629105E-04  1.371859E-09  5.322031E-09  2.174703E-09  6.699729E-02  1.092405E-05  1.022773E-07  8.591102E-08  1.546930E-04  2.102854E-04  2.039463E-06  4.716203E-08  6.102857E-08  1.139111E-07
 3.371500E+02  1.167550E-01  1.801460E-05  3.975376E-10  5.310035E-10  5.930524E-10  7.188840E-10  4.973294E-02  6.006278E-06  1.498619E-09  7.607469E-01  5.823053E-03  8.946707E-05  9.322310E-06  1.607807E-04  1.316066E-09  5.116685E-09  2.111952E-09  6.628589E-02  1.051920E-05  9.980521E-08  8.378666E-08  1.524988E-04  2.073034E-04  1.940325E-06  4.483764E-08  5.803765E-08  1.094380E-07
 3.381500E+02  1.171068E-01  1.792571E-05  3.894016E-10  5.202503E-10  5.810705E-10  7.045069E-10  4.973665E-02  5.916621E-06  1.423878E-09  7.611855E-01  5.742316E-03  8.517127E-05  9.104767E-06  1.586886E-04  1.262852E-09  4.920411E-09  2.051304E-09  6.558481E-02  1.013147E-05  9.740346E-08  8.172397E-08  1.503498E-04  2.043830E-04  1.846576E-06  4.264146E-08  5.521090E-08  1.051647E-07
 3.391500E+02  1.174535E-01  1.783693E-05  3.814551E-10  5.097450E-10  5.693642E-10  6.904571E-10  4.974028E-02  5.828911E-06  1.353312E-09  7.616172E-01  5.663182E-03  8.110575E-05  8.893657E-06  1.566335E-04  1.212086E-09  4.732762E-09  1.992683E-09  6.489388E-02  9.760067E-06  9.506982E-08  7.972098E-08  1.482449E-04  2.015225E-04  1.757893E-06  4.056572E-08  5.253842E-08  1.010813E-07
 3.401500E+02  1.177952E-01  1.774827E-05  3.736938E-10  4.994819E-10  5.579272E-10  6.767272E-10  4.974384E-02  5.743097E-06  1.286664E-09  7.620420E-01  5.585610E-03  7.725698E-05  8.688757E-06  1.546146E-04  1.163642E-09  4.553318E-09  1.936013E-09  6.421298E-02  9.404223E-06  9.280219E-08  7.777579E-08  1.461830E-04  1.987205E-04  1.673976E-06  3.860316E-08  5.001097E-08  9.717849E-08
 3.411500E+02  1.181319E-01  1.765977E-05  3.661133E-10  4.894554E-10  5.467533E-10  6.633100E-10  4.974733E-02  5.659127E-06  1.223696E-09  7.624601E-01  5.509563E-03  7.361228E-05  8.489854E-06  1.526312E-04  1.117404E-09  4.381680E-09  1.881223E-09  6.354194E-02  9.063216E-06  9.059850E-08  7.588658E-08  1.441629E-04  1.959753E-04  1.594543E-06  3.674701E-08  4.761988E-08  9.344739E-08
 3.421500E+02  1.184637E-01  1.757144E-05  3.587095E-10  4.796601E-10  5.358364E-10  6.501984E-10  4.975075E-02  5.576951E-06  1.164184E-09  7.628715E-01  5.435005E-03  7.015979E-05  8.296741E-06  1.506827E-04  1.073260E-09  4.217469E-09  1.828244E-09  6.288062E-02  8.736362E-06  8.845679E-08  7.405158E-08  1.421836E-04  1.932857E-04  1.519333E-06  3.499092E-08  4.535708E-08  8.987965E-08
 3.431500E+02  1.187907E-01  1.748331E-05  3.514780E-10  4.700906E-10  5.251705E-10  6.373853E-10  4.975410E-02  5.496523E-06  1.107920E-09  7.632765E-01  5.361899E-03  6.688840E-05  8.109221E-06  1.487682E-04  1.031104E-09  4.060329E-09  1.777009E-09  6.222887E-02  8.423008E-06  8.637513E-08  7.226906E-08  1.402440E-04  1.906502E-04  1.448098E-06  3.332895E-08  4.321497E-08  8.646735E-08
 3.441500E+02  1.191130E-01  1.739539E-05  3.444149E-10  4.607415E-10  5.147499E-10  6.248640E-10  4.975739E-02  5.417795E-06  1.054708E-09  7.636752E-01  5.290211E-03  6.378768E-05  7.927102E-06  1.468872E-04  9.908378E-10  3.909919E-09  1.727454E-09  6.158656E-02  8.122535E-06  8.435168E-08  7.053738E-08  1.383433E-04  1.880675E-04  1.380606E-06  3.175557E-08  4.118649E-08  8.320296E-08
 3.451500E+02  1.194307E-01  1.730772E-05  3.375161E-10  4.516078E-10  5.045688E-10  6.126277E-10  4.976061E-02  5.340724E-06  1.004367E-09  7.640675E-01  5.219907E-03  6.084785E-05  7.750202E-06  1.450390E-04  9.523669E-10  3.765919E-09  1.679519E-09  6.095353E-02  7.834356E-06  8.238462E-08  6.885494E-08  1.364804E-04  1.855362E-04  1.316643E-06  3.026557E-08  3.926499E-08  8.007940E-08
 3.461500E+02  1.197437E-01  1.722031E-05  3.307777E-10  4.426844E-10  4.946215E-10  6.006697E-10  4.976378E-02  5.265265E-06  9.567247E-10  7.644538E-01  5.150955E-03  5.805976E-05  7.578346E-06  1.432229E-04  9.156027E-10  3.628024E-09  1.633144E-09  6.032964E-02  7.557912E-06  8.047223E-08  6.722018E-08  1.346544E-04  1.830552E-04  1.256005E-06  2.885410E-08  3.744427E-08  7.708990E-08
 3.471500E+02  1.200522E-01  1.713317E-05  3.241959E-10  4.339663E-10  4.849026E-10  5.889837E-10  4.976688E-02  5.191376E-06  9.116232E-10  7.648340E-01  5.083322E-03  5.541480E-05  7.411363E-06  1.414383E-04  8.804609E-10  3.495945E-09  1.588273E-09  5.971477E-02  7.292672E-06  7.861282E-08  6.563161E-08  1.328644E-04  1.806230E-04  1.198502E-06  2.751659E-08  3.571849E-08  7.422809E-08
 3.481500E+02  1.203563E-01  1.704633E-05  3.177670E-10  4.254486E-10  4.754066E-10  5.775633E-10  4.976992E-02  5.119017E-06  8.689127E-10  7.652083E-01  5.016978E-03  5.290490E-05  7.249092E-06  1.396845E-04  8.468622E-10  3.369409E-09  1.544852E-09  5.910876E-02  7.038130E-06  7.680477E-08  6.408779E-08  1.311094E-04  1.782386E-04  1.143956E-06  2.624878E-08  3.408221E-08  7.148790E-08
 3.491500E+02  1.206559E-01  1.695980E-05  3.114871E-10  4.171265E-10  4.661283E-10  5.664022E-10  4.977290E-02  5.048148E-06  8.284536E-10  7.655768E-01  4.951892E-03  5.052248E-05  7.091375E-06  1.379610E-04  8.147310E-10  3.248156E-09  1.502829E-09  5.851149E-02  6.793807E-06  7.504651E-08  6.258731E-08  1.293888E-04  1.759008E-04  1.092199E-06  2.504667E-08  3.253031E-08  6.886360E-08
 3.501500E+02  1.209513E-01  1.687360E-05  3.053529E-10  4.089955E-10  4.570626E-10  5.554944E-10  4.977582E-02  4.978732E-06  7.901151E-10  7.659396E-01  4.888035E-03  4.826042E-05  6.938062E-06  1.362671E-04  7.839963E-10  3.131940E-09  1.462152E-09  5.792281E-02  6.559247E-06  7.333651E-08  6.112883E-08  1.277015E-04  1.736085E-04  1.043074E-06  2.390651E-08  3.105799E-08  6.634974E-08
 3.511500E+02  1.212424E-01  1.678774E-05  2.993606E-10  4.010509E-10  4.482042E-10  5.448339E-10  4.977869E-02  4.910729E-06  7.537745E-10  7.662967E-01  4.825379E-03  4.611204E-05  6.789008E-06  1.346023E-04  7.545904E-10  3.020527E-09  1.422775E-09  5.734261E-02  6.334013E-06  7.167330E-08  5.971104E-08  1.260469E-04  1.713604E-04  9.964339E-07  2.282477E-08  2.966074E-08  6.394114E-08
 3.521500E+02  1.215293E-01  1.670224E-05  2.935070E-10  3.932884E-10  4.395484E-10  5.344148E-10  4.978151E-02  4.844106E-06  7.193170E-10  7.666484E-01  4.763895E-03  4.407105E-05  6.644073E-06  1.329660E-04  7.264495E-10  2.913695E-09  1.384651E-09  5.677073E-02  6.117695E-06  7.005545E-08  5.833267E-08  1.244241E-04  1.691557E-04  9.521403E-07  2.179815E-08  2.833436E-08  6.163291E-08
 3.531500E+02  1.218121E-01  1.661711E-05  2.877885E-10  3.857034E-10  4.310902E-10  5.242315E-10  4.978427E-02  4.778826E-06  6.866349E-10  7.669947E-01  4.703557E-03  4.213154E-05  6.503124E-06  1.313576E-04  6.995129E-10  2.811233E-09  1.347734E-09  5.620706E-02  5.909897E-06  6.848158E-08  5.699249E-08  1.228323E-04  1.669932E-04  9.100630E-07  2.082356E-08  2.707486E-08  5.942039E-08
 3.541500E+02  1.220908E-01  1.653236E-05  2.822020E-10  3.782918E-10  4.228249E-10  5.142783E-10  4.978698E-02  4.714855E-06  6.556273E-10  7.673357E-01  4.644338E-03  4.028796E-05  6.366029E-06  1.297766E-04  6.737233E-10  2.712942E-09  1.311983E-09  5.565147E-02  5.710246E-06  6.695037E-08  5.568934E-08  1.212709E-04  1.648720E-04  8.700797E-07  1.989809E-08  2.587853E-08  5.729916E-08
 3.551500E+02  1.223656E-01  1.644801E-05  2.767442E-10  3.710493E-10  4.147478E-10  5.045498E-10  4.978964E-02  4.652162E-06  6.261994E-10  7.676715E-01  4.586213E-03  3.853509E-05  6.232666E-06  1.282224E-04  6.490262E-10  2.618631E-09  1.277356E-09  5.510383E-02  5.518386E-06  6.546051E-08  5.442206E-08  1.197391E-04  1.627910E-04  8.320756E-07  1.901901E-08  2.474186E-08  5.526501E-08
 3.561500E+02  1.226364E-01  1.636407E-05  2.714120E-10  3.639719E-10  4.068545E-10  4.950406E-10  4.979226E-02  4.590713E-06  5.982624E-10  7.680022E-01  4.529156E-03  3.686802E-05  6.102913E-06  1.266945E-04  6.253700E-10  2.528120E-09  1.243813E-09  5.456402E-02  5.333976E-06  6.401076E-08  5.318956E-08  1.182362E-04  1.607493E-04  7.959425E-07  1.818375E-08  2.366158E-08  5.331398E-08
 3.571500E+02  1.229034E-01  1.628054E-05  2.662022E-10  3.570556E-10  3.991405E-10  4.857456E-10  4.979482E-02  4.530479E-06  5.717328E-10  7.683279E-01  4.473144E-03  3.528210E-05  5.976656E-06  1.251924E-04  6.027058E-10  2.441238E-09  1.211317E-09  5.403191E-02  5.156695E-06  6.259991E-08  5.199075E-08  1.167616E-04  1.587459E-04  7.615787E-07  1.738989E-08  2.263459E-08  5.144227E-08
 3.581500E+02  1.231665E-01  1.619744E-05  2.611120E-10  3.502965E-10  3.916014E-10  4.766595E-10  4.979734E-02  4.471428E-06  5.465322E-10  7.686486E-01  4.418153E-03  3.377300E-05  5.853782E-06  1.237156E-04  5.809873E-10  2.357820E-09  1.179830E-09  5.350739E-02  4.986233E-06  6.122679E-08  5.082462E-08  1.153145E-04  1.567801E-04  7.288888E-07  1.663517E-08  2.165797E-08  4.964628E-08
 3.591500E+02  1.234259E-01  1.611478E-05  2.561383E-10  3.436907E-10  3.842331E-10  4.677774E-10  4.979981E-02  4.413532E-06  5.225871E-10  7.689645E-01  4.364160E-03  3.233661E-05  5.734185E-06  1.222636E-04  5.601703E-10  2.277714E-09  1.149318E-09  5.299033E-02  4.822298E-06  5.989026E-08  4.969015E-08  1.138943E-04  1.548508E-04  6.977826E-07  1.591745E-08  2.072902E-08  4.792259E-08
 3.601500E+02  1.236816E-01  1.603257E-05  2.512783E-10  3.372346E-10  3.770314E-10  4.590943E-10  4.980223E-02  4.356762E-06  4.998282E-10  7.692756E-01  4.311142E-03  3.096906E-05  5.617760E-06  1.208359E-04  5.402130E-10  2.200770E-09  1.119746E-09  5.248061E-02  4.664611E-06  5.858923E-08  4.858639E-08  1.125004E-04  1.529573E-04  6.681754E-07  1.523474E-08  1.984513E-08  4.626797E-08
 3.611500E+02  1.239337E-01  1.595081E-05  2.465293E-10  3.309246E-10  3.699922E-10  4.506056E-10  4.980461E-02  4.301092E-06  4.781905E-10  7.695821E-01  4.259078E-03  2.966672E-05  5.504409E-06  1.194320E-04  5.210759E-10  2.126849E-09  1.091083E-09  5.197813E-02  4.512904E-06  5.732264E-08  4.751239E-08  1.111322E-04  1.510987E-04  6.399874E-07  1.458514E-08  1.900391E-08  4.467930E-08
 3.621500E+02  1.241822E-01  1.586951E-05  2.418884E-10  3.247569E-10  3.631117E-10  4.423065E-10  4.980695E-02  4.246493E-06  4.576130E-10  7.698839E-01  4.207946E-03  2.842616E-05  5.394034E-06  1.180514E-04  5.027212E-10  2.055817E-09  1.063295E-09  5.148276E-02  4.366925E-06  5.608946E-08  4.646726E-08  1.097891E-04  1.492742E-04  6.131435E-07  1.396688E-08  1.820307E-08  4.315366E-08
 3.631500E+02  1.244272E-01  1.578868E-05  2.373531E-10  3.187283E-10  3.563859E-10  4.341925E-10  4.980925E-02  4.192940E-06  4.380382E-10  7.701813E-01  4.157727E-03  2.724414E-05  5.286544E-06  1.166938E-04  4.851132E-10  1.987548E-09  1.036354E-09  5.099440E-02  4.226430E-06  5.488870E-08  4.545012E-08  1.084705E-04  1.474830E-04  5.875727E-07  1.337828E-08  1.744046E-08  4.168825E-08
 3.641500E+02  1.246687E-01  1.570833E-05  2.329207E-10  3.128353E-10  3.498111E-10  4.262592E-10  4.981151E-02  4.140409E-06  4.194118E-10  7.704742E-01  4.108398E-03  2.611760E-05  5.181848E-06  1.153586E-04  4.682179E-10  1.921921E-09  1.010230E-09  5.051293E-02  4.091189E-06  5.371939E-08  4.446012E-08  1.071759E-04  1.457244E-04  5.632083E-07  1.281777E-08  1.671407E-08  4.028041E-08
 3.651500E+02  1.249068E-01  1.562846E-05  2.285887E-10  3.070747E-10  3.433837E-10  4.185021E-10  4.981372E-02  4.088874E-06  4.016831E-10  7.707628E-01  4.059942E-03  2.504369E-05  5.079861E-06  1.140455E-04  4.520031E-10  1.858821E-09  9.848956E-10  5.003824E-02  3.960982E-06  5.258061E-08  4.349645E-08  1.059047E-04  1.439977E-04  5.399873E-07  1.228387E-08  1.602198E-08  3.892761E-08
 3.661500E+02  1.251416E-01  1.554908E-05  2.243547E-10  3.014431E-10  3.371000E-10  4.109170E-10  4.981590E-02  4.038312E-06  3.848041E-10  7.710471E-01  4.012339E-03  2.401967E-05  4.980499E-06  1.127539E-04  4.364379E-10  1.798139E-09  9.603232E-10  4.957023E-02  3.835598E-06  5.147146E-08  4.255831E-08  1.046564E-04  1.423020E-04  5.178504E-07  1.177517E-08  1.536240E-08  3.762745E-08
 3.671500E+02  1.253731E-01  1.547020E-05  2.202161E-10  2.959374E-10  3.309566E-10  4.034999E-10  4.981804E-02  3.988700E-06  3.687297E-10  7.713272E-01  3.965570E-03  2.304299E-05  4.883681E-06  1.114835E-04  4.214934E-10  1.739769E-09  9.364870E-10  4.910878E-02  3.714837E-06  5.039105E-08  4.164494E-08  1.034304E-04  1.406367E-04  4.967416E-07  1.129036E-08  1.473365E-08  3.637761E-08
 3.681500E+02  1.256013E-01  1.539181E-05  2.161707E-10  2.905546E-10  3.249500E-10  3.962466E-10  4.982014E-02  3.940015E-06  3.534173E-10  7.716032E-01  3.919617E-03  2.211122E-05  4.789331E-06  1.102339E-04  4.071417E-10  1.683614E-09  9.133623E-10  4.865381E-02  3.598508E-06  4.933855E-08  4.075560E-08  1.022264E-04  1.390012E-04  4.766079E-07  1.082819E-08  1.413411E-08  3.517594E-08
 3.691500E+02  1.258264E-01  1.531393E-05  2.122162E-10  2.852917E-10  3.190769E-10  3.891532E-10  4.982220E-02  3.892235E-06  3.388269E-10  7.718751E-01  3.874463E-03  2.122209E-05  4.697373E-06  1.090047E-04  3.933566E-10  1.629578E-09  8.909248E-10  4.820519E-02  3.486428E-06  4.831314E-08  3.988957E-08  1.010437E-04  1.373947E-04  4.573995E-07  1.038750E-08  1.356229E-08  3.402034E-08
 3.701500E+02  1.260483E-01  1.523656E-05  2.083504E-10  2.801458E-10  3.133341E-10  3.822158E-10  4.982423E-02  3.845339E-06  3.249208E-10  7.721431E-01  3.830090E-03  2.037343E-05  4.607736E-06  1.077954E-04  3.801129E-10  1.577572E-09  8.691515E-10  4.776284E-02  3.378423E-06  4.731402E-08  3.904616E-08  9.988186E-05  1.358166E-04  4.390693E-07  9.967175E-09  1.301677E-08  3.290883E-08
 3.711500E+02  1.262671E-01  1.515969E-05  2.045710E-10  2.751139E-10  3.077184E-10  3.754307E-10  4.982623E-02  3.799307E-06  3.116632E-10  7.724071E-01  3.786481E-03  1.956322E-05  4.520348E-06  1.066057E-04  3.673867E-10  1.527509E-09  8.480201E-10  4.732664E-02  3.274326E-06  4.634044E-08  3.822470E-08  9.874050E-05  1.342662E-04  4.215728E-07  9.566171E-09  1.249620E-08  3.183953E-08
 3.721500E+02  1.264828E-01  1.508334E-05  2.008759E-10  2.701934E-10  3.022267E-10  3.687943E-10  4.982819E-02  3.754119E-06  2.990208E-10  7.726673E-01  3.743620E-03  1.878951E-05  4.435145E-06  1.054352E-04  3.551555E-10  1.479307E-09  8.275090E-10  4.689652E-02  3.173978E-06  4.539164E-08  3.742453E-08  9.761913E-05  1.327431E-04  4.048679E-07  9.183503E-09  1.199931E-08  3.081064E-08
 3.731500E+02  1.266956E-01  1.500751E-05  1.972630E-10  2.653814E-10  2.968560E-10  3.623028E-10  4.983011E-02  3.709754E-06  2.869616E-10  7.729237E-01  3.701492E-03  1.805049E-05  4.352059E-06  1.042835E-04  3.433975E-10  1.432889E-09  8.075976E-10  4.647235E-02  3.077227E-06  4.446691E-08  3.664503E-08  9.651731E-05  1.312464E-04  3.889149E-07  8.818241E-09  1.152491E-08  2.982044E-08
