#         T/K            c1          c2-1          c3-4          c3-5          c3-7          c3-9            m1          m2-1          m3-1            w1            w2          w3-1          w3-2          c1m1        c1m2-1        c1m2-7        c2m1-1        c1w1-2        c1w2-1        c2w1-1        c2w1-9        m1w1-1        m1w1-4        m1w2-1        m2w1-1        m2w1-3      c1m1w1-1
 2.731500E+02  8.704353E-01  2.403516E-03  1.757173E-06  2.306332E-06  2.565977E-06  3.059609E-06  4.787163E-02  1.847651E-05  7.696996E-08  2.490149E-02  2.039789E-05  1.699456E-07  2.384519E-09  4.179354E-03  3.066170E-07  1.006108E-06  1.861068E-06  5.011297E-02  2.256175E-06  2.123445E-06  1.864609E-06  1.543840E-05  2.101583E-05  1.076863E-07  7.495769E-08  9.493491E-08  7.981482E-07
 2.741500E+02  8.708091E-01  2.362372E-03  1.676849E-06  2.201650E-06  2.449694E-06  2.921876E-06  4.792292E-02  1.807388E-05  7.128564E-08  2.518329E-02  2.037355E-05  1.625466E-07  2.369333E-09  4.078214E-03  2.866456E-07  9.436215E-07  1.762462E-06  4.955011E-02  2.162586E-06  2.045071E-06  1.794240E-06  1.526771E-05  2.078215E-05  1.019515E-07  7.020338E-08  8.894892E-08  7.551131E-07
 2.751500E+02  8.711779E-01  2.322276E-03  1.600818E-06  2.102530E-06  2.339580E-06  2.791411E-06  4.797262E-02  1.768229E-05  6.605512E-08  2.546269E-02  2.034412E-05  1.554587E-07  2.353461E-09  3.980221E-03  2.681037E-07  8.854212E-07  1.669778E-06  4.899203E-02  2.073019E-06  1.969949E-06  1.726852E-06  1.509792E-05  2.054977E-05  9.653375E-08  6.577141E-08  8.336655E-08  7.145962E-07
 2.761500E+02  8.715417E-01  2.283195E-03  1.528821E-06  2.008639E-06  2.235267E-06  2.667782E-06  4.802078E-02  1.730143E-05  6.123974E-08  2.573967E-02  2.030976E-05  1.486705E-07  2.336940E-09  3.885262E-03  2.508808E-07  8.311882E-07  1.582623E-06  4.843880E-02  1.987302E-06  1.897932E-06  1.662307E-06  1.492909E-05  2.031877E-05  9.141527E-08  6.163874E-08  7.815908E-08  6.764403E-07
 2.771500E+02  8.719005E-01  2.245098E-03  1.460616E-06  1.919664E-06  2.136409E-06  2.550582E-06  4.806747E-02  1.693096E-05  5.680430E-08  2.601417E-02  2.027063E-05  1.421705E-07  2.319806E-09  3.793228E-03  2.348754E-07  7.806292E-07  1.500633E-06  4.789052E-02  1.905270E-06  1.828879E-06  1.600475E-06  1.476128E-05  2.008923E-05  8.657921E-08  5.778404E-08  7.329996E-08  6.404986E-07
 2.781500E+02  8.722544E-01  2.207952E-03  1.395978E-06  1.835314E-06  2.042683E-06  2.439433E-06  4.811272E-02  1.657057E-05  5.271680E-08  2.628617E-02  2.022687E-05  1.359477E-07  2.302094E-09  3.704013E-03  2.199945E-07  7.334740E-07  1.423470E-06  4.734724E-02  1.826763E-06  1.762658E-06  1.541231E-06  1.459456E-05  1.986122E-05  8.200971E-08  5.418756E-08  6.876456E-08  6.066340E-07
 2.791500E+02  8.726035E-01  2.171728E-03  1.334696E-06  1.755317E-06  1.953788E-06  2.333982E-06  4.815660E-02  1.621997E-05  4.894804E-08  2.655562E-02  2.017865E-05  1.299915E-07  2.283840E-09  3.617517E-03  2.061525E-07  6.894739E-07  1.350819E-06  4.680904E-02  1.751630E-06  1.699143E-06  1.484459E-06  1.442896E-05  1.963481E-05  7.769177E-08  5.083104E-08  6.453011E-08  5.747181E-07
 2.801500E+02  8.729478E-01  2.136398E-03  1.276572E-06  1.679420E-06  1.869442E-06  2.233898E-06  4.819915E-02  1.587885E-05  4.547145E-08  2.682251E-02  2.012611E-05  1.242913E-07  2.265078E-09  3.533642E-03  1.932708E-07  6.483994E-07  1.282388E-06  4.627597E-02  1.679725E-06  1.638213E-06  1.430045E-06  1.426455E-05  1.941007E-05  7.361125E-08  4.769754E-08  6.057547E-08  5.446313E-07
 2.811500E+02  8.732874E-01  2.101934E-03  1.221422E-06  1.607383E-06  1.789381E-06  2.138870E-06  4.824042E-02  1.554693E-05  4.226279E-08  2.708681E-02  2.006941E-05  1.188372E-07  2.245842E-09  3.452297E-03  1.812773E-07  6.100391E-07  1.217905E-06  4.574809E-02  1.610907E-06  1.579753E-06  1.377882E-06  1.410137E-05  1.918706E-05  6.975479E-08  4.477140E-08  5.688110E-08  5.162613E-07
 2.821500E+02  8.736222E-01  2.068308E-03  1.169074E-06  1.538985E-06  1.713359E-06  2.048610E-06  4.828046E-02  1.522393E-05  3.929995E-08  2.734848E-02  2.000871E-05  1.136192E-07  2.226166E-09  3.373392E-03  1.701055E-07  5.741978E-07  1.157118E-06  4.522544E-02  1.545044E-06  1.523654E-06  1.327869E-06  1.393945E-05  1.896583E-05  6.610979E-08  4.203807E-08  5.342885E-08  4.895033E-07
 2.831500E+02  8.739524E-01  2.035496E-03  1.119367E-06  1.474017E-06  1.641144E-06  1.962846E-06  4.831930E-02  1.490958E-05  3.656275E-08  2.760752E-02  1.994415E-05  1.086281E-07  2.206081E-09  3.296840E-03  1.596945E-07  5.406955E-07  1.099793E-06  4.470807E-02  1.482007E-06  1.469812E-06  1.279909E-06  1.377884E-05  1.874644E-05  6.266438E-08  3.948412E-08  5.020190E-08  4.642592E-07
 2.841500E+02  8.742780E-01  2.003473E-03  1.072150E-06  1.412284E-06  1.572520E-06  1.881323E-06  4.835700E-02  1.460362E-05  3.403278E-08  2.786389E-02  1.987589E-05  1.038545E-07  2.185620E-09  3.222559E-03  1.499879E-07  5.093659E-07  1.045710E-06  4.419601E-02  1.421673E-06  1.418128E-06  1.233910E-06  1.361958E-05  1.852893E-05  5.940732E-08  3.709705E-08  4.718469E-08  4.404373E-07
 2.851500E+02  8.745990E-01  1.972215E-03  1.027281E-06  1.353603E-06  1.507284E-06  1.803803E-06  4.839358E-02  1.430580E-05  3.169320E-08  2.811759E-02  1.980407E-05  9.928971E-08  2.164814E-09  3.150471E-03  1.409340E-07  4.800555E-07  9.946653E-07  4.368930E-02  1.363925E-06  1.368506E-06  1.189785E-06  1.346170E-05  1.831334E-05  5.632804E-08  3.486531E-08  4.436273E-08  4.179517E-07
 2.861500E+02  8.749156E-01  1.941698E-03  9.846278E-07  1.297803E-06  1.445248E-06  1.730064E-06  4.842910E-02  1.401587E-05  2.952866E-08  2.836860E-02  1.972885E-05  9.492503E-08  2.143692E-09  3.080498E-03  1.324852E-07  4.526225E-07  9.464702E-07  4.318796E-02  1.308650E-06  1.320858E-06  1.147450E-06  1.330523E-05  1.809972E-05  5.341655E-08  3.277818E-08  4.172263E-08  3.967220E-07
 2.871500E+02  8.752277E-01  1.911902E-03  9.440662E-07  1.244724E-06  1.386231E-06  1.659894E-06  4.846358E-02  1.373360E-05  2.752508E-08  2.861692E-02  1.965037E-05  9.075224E-08  2.122285E-09  3.012569E-03  1.245973E-07  4.269355E-07  9.009475E-07  4.269202E-02  1.255741E-06  1.275097E-06  1.106825E-06  1.315019E-05  1.788809E-05  5.066344E-08  3.082570E-08  3.925194E-08  3.766729E-07
 2.881500E+02  8.755353E-01  1.882804E-03  9.054796E-07  1.194213E-06  1.330068E-06  1.593099E-06  4.849706E-02  1.345875E-05  2.566961E-08  2.886252E-02  1.956878E-05  8.676333E-08  2.100621E-09  2.946611E-03  1.172301E-07  4.028734E-07  8.579324E-07  4.220149E-02  1.205093E-06  1.231141E-06  1.067835E-06  1.299662E-05  1.767850E-05  4.805982E-08  2.899864E-08  3.693911E-08  3.577339E-07
 2.891500E+02  8.758386E-01  1.854383E-03  8.687589E-07  1.146131E-06  1.276600E-06  1.529492E-06  4.852958E-02  1.319110E-05  2.395050E-08  2.910540E-02  1.948421E-05  8.295062E-08  2.078727E-09  2.882559E-03  1.103460E-07  3.803239E-07  8.172712E-07  4.171639E-02  1.156609E-06  1.188913E-06  1.030408E-06  1.284453E-05  1.747097E-05  4.559731E-08  2.728844E-08  3.477341E-08  3.398389E-07
 2.901500E+02  8.761376E-01  1.826621E-03  8.338015E-07  1.100344E-06  1.225682E-06  1.468902E-06  4.856117E-02  1.293044E-05  2.235696E-08  2.934557E-02  1.939681E-05  7.930666E-08  2.056629E-09  2.820345E-03  1.039105E-07  3.591830E-07  7.788206E-07  4.123673E-02  1.110194E-06  1.148337E-06  9.944751E-07  1.269395E-05  1.726553E-05  4.326801E-08  2.568716E-08  3.274488E-08  3.229261E-07
 2.911500E+02  8.764324E-01  1.799497E-03  8.005110E-07  1.056728E-06  1.177175E-06  1.411164E-06  4.859185E-02  1.267655E-05  2.087913E-08  2.958301E-02  1.930671E-05  7.582431E-08  2.034354E-09  2.759909E-03  9.789185E-08  3.393546E-07  7.424467E-07  4.076251E-02  1.065757E-06  1.109344E-06  9.599711E-07  1.254489E-05  1.706220E-05  4.106446E-08  2.418741E-08  3.084429E-08  3.069376E-07
 2.921500E+02  8.767229E-01  1.772993E-03  7.687970E-07  1.015165E-06  1.130948E-06  1.356126E-06  4.862167E-02  1.242924E-05  1.950796E-08  2.981772E-02  1.921406E-05  7.249668E-08  2.011927E-09  2.701190E-03  9.226057E-08  3.207495E-07  7.080244E-07  4.029375E-02  1.023212E-06  1.071865E-06  9.268335E-07  1.239737E-05  1.686100E-05  3.897963E-08  2.278234E-08  2.906302E-08  2.918189E-07
 2.931500E+02  8.770092E-01  1.747092E-03  7.385745E-07  9.755450E-07  1.086880E-06  1.303643E-06  4.865065E-02  1.218830E-05  1.823518E-08  3.004971E-02  1.911897E-05  6.931712E-08  1.989371E-09  2.644130E-03  8.698950E-08  3.032852E-07  6.754371E-07  3.983043E-02  9.824764E-07  1.035835E-06  8.950030E-07  1.225140E-05  1.666195E-05  3.700689E-08  2.146557E-08  2.739311E-08  2.775190E-07
 2.941500E+02  8.772915E-01  1.721775E-03  7.097637E-07  9.377650E-07  1.044855E-06  1.253581E-06  4.867882E-02  1.195355E-05  1.705317E-08  3.027897E-02  1.902159E-05  6.627927E-08  1.966709E-09  2.588673E-03  8.205348E-08  2.868850E-07  6.445755E-07  3.937255E-02  9.434707E-07  1.001194E-06  8.644229E-07  1.210700E-05  1.646506E-05  3.513999E-08  2.023120E-08  2.582713E-08  2.639903E-07
 2.951500E+02  8.775696E-01  1.697027E-03  6.822893E-07  9.017271E-07  1.004765E-06  1.205812E-06  4.870620E-02  1.172480E-05  1.595497E-08  3.050552E-02  1.892204E-05  6.337699E-08  1.943964E-09  2.534765E-03  7.742928E-08  2.714779E-07  6.153378E-07  3.892010E-02  9.061194E-07  9.678821E-07  8.350391E-07  1.196417E-05  1.627035E-05  3.337301E-08  1.907372E-08  2.435818E-08  2.511878E-07
 2.961500E+02  8.778438E-01  1.672832E-03  6.560808E-07  8.673399E-07  9.665100E-07  1.160217E-06  4.873282E-02  1.150188E-05  1.493415E-08  3.072935E-02  1.882044E-05  6.060439E-08  1.921156E-09  2.482356E-03  7.309538E-08  2.569980E-07  5.876284E-07  3.847308E-02  8.703499E-07  9.358432E-07  8.068003E-07  1.182293E-05  1.607782E-05  3.170041E-08  1.798803E-08  2.297983E-08  2.390696E-07
 2.971500E+02  8.781139E-01  1.649173E-03  6.310715E-07  8.345170E-07  9.299925E-07  1.116681E-06  4.875871E-02  1.128460E-05  1.398485E-08  3.095048E-02  1.871692E-05  5.795580E-08  1.898306E-09  2.431396E-03  6.903188E-08  2.433841E-07  5.613580E-07  3.803146E-02  8.360930E-07  9.050239E-07  7.796574E-07  1.168328E-05  1.588749E-05  3.011694E-08  1.696936E-08  2.168613E-08  2.275961E-07
 2.981500E+02  8.783802E-01  1.626035E-03  6.071988E-07  8.031771E-07  8.951228E-07  1.075099E-06  4.878389E-02  1.107281E-05  1.310166E-08  3.116891E-02  1.861159E-05  5.542578E-08  1.875433E-09  2.381836E-03  6.522033E-08  2.305794E-07  5.364433E-07  3.759523E-02  8.032825E-07  8.753731E-07  7.535634E-07  1.154523E-05  1.569935E-05  2.861763E-08  1.601331E-08  2.047152E-08  2.167303E-07
 2.991500E+02  8.786425E-01  1.603405E-03  5.844039E-07  7.732437E-07  8.618159E-07  1.035370E-06  4.880839E-02  1.086635E-05  1.227960E-08  3.138465E-02  1.850456E-05  5.300912E-08  1.852556E-09  2.333631E-03  6.164365E-08  2.185311E-07  5.128058E-07  3.716437E-02  7.718551E-07  8.468418E-07  7.284737E-07  1.140877E-05  1.551342E-05  2.719784E-08  1.511575E-08  1.933083E-08  2.064374E-07
 3.001500E+02  8.789011E-01  1.581267E-03  5.626310E-07  7.446445E-07  8.299918E-07  9.974003E-07  4.883222E-02  1.066505E-05  1.151411E-08  3.159772E-02  1.839596E-05  5.070081E-08  1.829692E-09  2.286737E-03  5.828601E-08  2.071900E-07  4.903724E-07  3.673886E-02  7.417503E-07  8.193834E-07  7.043457E-07  1.127392E-05  1.532969E-05  2.585315E-08  1.427286E-08  1.825924E-08  1.966848E-07
 3.011500E+02  8.791558E-01  1.559609E-03  5.418279E-07  7.173117E-07  7.995750E-07  9.611003E-07  4.885541E-02  1.046877E-05  1.080097E-08  3.180813E-02  1.828588E-05  4.849605E-08  1.806858E-09  2.241110E-03  5.513272E-08  1.965107E-07  4.690743E-07  3.631868E-02  7.129102E-07  7.929535E-07  6.811386E-07  1.114066E-05  1.514817E-05  2.457941E-08  1.348108E-08  1.725228E-08  1.874417E-07
 3.021500E+02  8.794068E-01  1.538417E-03  5.219450E-07  6.911809E-07  7.704941E-07  9.263860E-07  4.887797E-02  1.027735E-05  1.013633E-08  3.201588E-02  1.817444E-05  4.639023E-08  1.784069E-09  2.196711E-03  5.217017E-08  1.864506E-07  4.488471E-07  3.590378E-02  6.852794E-07  7.675093E-07  6.588138E-07  1.100901E-05  1.496885E-05  2.337271E-08  1.273709E-08  1.630578E-08  1.786794E-07
 3.031500E+02  8.796541E-01  1.517679E-03  5.029360E-07  6.661918E-07  7.426821E-07  8.931779E-07  4.889994E-02  1.009066E-05  9.516609E-09  3.222100E-02  1.806173E-05  4.437895E-08  1.761342E-09  2.153499E-03  4.938571E-08  1.769702E-07  4.296306E-07  3.549416E-02  6.588051E-07  7.430104E-07  6.373340E-07  1.087896E-05  1.479172E-05  2.222935E-08  1.203780E-08  1.541583E-08  1.703709E-07
 3.041500E+02  8.798978E-01  1.497383E-03  4.847567E-07  6.422871E-07  7.160755E-07  8.614012E-07  4.892132E-02  9.908559E-06  8.938527E-09  3.242350E-02  1.794786E-05  4.245798E-08  1.738690E-09  2.111436E-03  4.676761E-08  1.680328E-07  4.113681E-07  3.508976E-02  6.334368E-07  7.194178E-07  6.166640E-07  1.075051E-05  1.461679E-05  2.114585E-08  1.138033E-08  1.457883E-08  1.624905E-07
 3.051500E+02  8.801379E-01  1.477515E-03  4.673658E-07  6.194129E-07  6.906144E-07  8.309851E-07  4.894214E-02  9.730913E-06  8.399055E-09  3.262339E-02  1.783293E-05  4.062327E-08  1.716127E-09  2.070486E-03  4.430497E-08  1.596041E-07  3.940064E-07  3.469057E-02  6.091262E-07  6.966943E-07  5.967700E-07  1.062365E-05  1.444405E-05  2.011892E-08  1.076200E-08  1.379139E-08  1.550145E-07
 3.061500E+02  8.803744E-01  1.458066E-03  4.507241E-07  5.975183E-07  6.662423E-07  8.018628E-07  4.896242E-02  9.557595E-06  7.895401E-09  3.282071E-02  1.771702E-05  3.887094E-08  1.693665E-09  2.030613E-03  4.198766E-08  1.516523E-07  3.774958E-07  3.429655E-02  5.858270E-07  6.748046E-07  5.776196E-07  1.049838E-05  1.427348E-05  1.914545E-08  1.018032E-08  1.305037E-08  1.479202E-07
 3.071500E+02  8.806075E-01  1.439023E-03  4.347945E-07  5.765552E-07  6.429057E-07  7.739709E-07  4.898216E-02  9.388479E-06  7.424989E-09  3.301545E-02  1.760023E-05  3.719728E-08  1.671316E-09  1.991783E-03  3.980628E-08  1.441476E-07  3.617892E-07  3.390765E-02  5.634952E-07  6.537147E-07  5.591821E-07  1.037469E-05  1.410509E-05  1.822253E-08  9.632941E-09  1.235282E-08  1.411867E-07
 3.081500E+02  8.808371E-01  1.420376E-03  4.195422E-07  5.564782E-07  6.205541E-07  7.472499E-07  4.900140E-02  9.223444E-06  6.985441E-09  3.320765E-02  1.748265E-05  3.559874E-08  1.649093E-09  1.953963E-03  3.775206E-08  1.370622E-07  3.468428E-07  3.352384E-02  5.420887E-07  6.333921E-07  5.414280E-07  1.025258E-05  1.393886E-05  1.734740E-08  9.117704E-09  1.169601E-08  1.347938E-07
 3.091500E+02  8.810633E-01  1.402115E-03  4.049340E-07  5.372441E-07  5.991399E-07  7.216433E-07  4.902013E-02  9.062374E-06  6.574562E-09  3.339732E-02  1.736436E-05  3.407193E-08  1.627004E-09  1.917123E-03  3.581686E-08  1.303705E-07  3.326151E-07  3.314508E-02  5.215671E-07  6.138059E-07  5.243293E-07  1.013203E-05  1.377477E-05  1.651744E-08  8.632578E-09  1.107738E-08  1.287229E-07
 3.101500E+02  8.812861E-01  1.384229E-03  3.909388E-07  5.188123E-07  5.786178E-07  6.970975E-07  4.903839E-02  8.905155E-06  6.190324E-09  3.358448E-02  1.724544E-05  3.261360E-08  1.605061E-09  1.881230E-03  3.399311E-08  1.240481E-07  3.190674E-07  3.277133E-02  5.018920E-07  5.949265E-07  5.078591E-07  1.001304E-05  1.361282E-05  1.573021E-08  8.175672E-09  1.049455E-08  1.229565E-07
 3.111500E+02  8.815056E-01  1.366708E-03  3.775271E-07  5.011444E-07  5.589451E-07  6.735622E-07  4.905618E-02  8.751677E-06  5.830853E-09  3.376916E-02  1.712597E-05  3.122064E-08  1.583273E-09  1.846256E-03  3.227374E-08  1.180726E-07  3.061629E-07  3.240254E-02  4.830265E-07  5.767254E-07  4.919917E-07  9.895607E-06  1.345300E-05  1.498337E-08  7.745220E-09  9.945276E-09  1.174777E-07
 3.121500E+02  8.817219E-01  1.349544E-03  3.646708E-07  4.842040E-07  5.400813E-07  6.509893E-07  4.907352E-02  8.601836E-06  5.494416E-09  3.395138E-02  1.700602E-05  2.989008E-08  1.561647E-09  1.812172E-03  3.065219E-08  1.124231E-07  2.938674E-07  3.203868E-02  4.649355E-07  5.591755E-07  4.767025E-07  9.779711E-06  1.329529E-05  1.427476E-08  7.339575E-09  9.427492E-09  1.122712E-07
 3.131500E+02  8.819349E-01  1.332727E-03  3.523436E-07  4.679566E-07  5.219883E-07  6.293335E-07  4.909043E-02  8.455527E-06  5.179410E-09  3.413115E-02  1.688568E-05  2.861908E-08  1.540192E-09  1.778952E-03  2.912233E-08  1.070797E-07  2.821485E-07  3.167969E-02  4.475855E-07  5.422509E-07  4.619682E-07  9.665345E-06  1.313967E-05  1.360229E-08  6.957198E-09  8.939250E-09  1.073220E-07
 3.141500E+02  8.821447E-01  1.316247E-03  3.405204E-07  4.523696E-07  5.046297E-07  6.085520E-07  4.910690E-02  8.312651E-06  4.884352E-09  3.430851E-02  1.676501E-05  2.740494E-08  1.518916E-09  1.746568E-03  2.767845E-08  1.020243E-07  2.709757E-07  3.132554E-02  4.309444E-07  5.259267E-07  4.477662E-07  9.552498E-06  1.298612E-05  1.296402E-08  6.596651E-09  8.478735E-09  1.026164E-07
 3.151500E+02  8.823515E-01  1.300097E-03  3.291774E-07  4.374121E-07  4.879713E-07  5.886040E-07  4.912297E-02  8.173112E-06  4.607870E-09  3.448347E-02  1.664407E-05  2.624505E-08  1.497825E-09  1.714995E-03  2.631523E-08  9.723955E-08  2.603203E-07  3.097617E-02  4.149814E-07  5.101793E-07  4.340752E-07  9.441159E-06  1.283465E-05  1.235811E-08  6.256593E-09  8.044250E-09  9.814134E-08
 3.161500E+02  8.825551E-01  1.284268E-03  3.182923E-07  4.230548E-07  4.719804E-07  5.694511E-07  4.913864E-02  8.036817E-06  4.348692E-09  3.465606E-02  1.652294E-05  2.513695E-08  1.476926E-09  1.684208E-03  2.502771E-08  9.270952E-08  2.501552E-07  3.063154E-02  3.996673E-07  4.949858E-07  4.208747E-07  9.331315E-06  1.268521E-05  1.178283E-08  5.935767E-09  7.634207E-09  9.388442E-08
 3.171500E+02  8.827557E-01  1.268752E-03  3.078438E-07  4.092699E-07  4.566263E-07  5.510566E-07  4.915392E-02  7.903676E-06  4.105640E-09  3.482630E-02  1.640167E-05  2.407826E-08  1.456224E-09  1.654184E-03  2.381125E-08  8.841917E-08  2.404551E-07  3.029160E-02  3.849742E-07  4.803245E-07  4.081450E-07  9.222954E-06  1.253781E-05  1.123652E-08  5.633001E-09  7.247124E-09  8.983407E-08
 3.181500E+02  8.829533E-01  1.253541E-03  2.978116E-07  3.960311E-07  4.418796E-07  5.333858E-07  4.916883E-02  7.773599E-06  3.877622E-09  3.499422E-02  1.628032E-05  2.306674E-08  1.435725E-09  1.624900E-03  2.266153E-08  8.435445E-08  2.311958E-07  2.995629E-02  3.708752E-07  4.661745E-07  3.958674E-07  9.116063E-06  1.239241E-05  1.071766E-08  5.347198E-09  6.881613E-09  8.597935E-08
 3.191500E+02  8.831479E-01  1.238627E-03  2.881767E-07  3.833135E-07  4.277128E-07  5.164060E-07  4.918337E-02  7.646504E-06  3.663627E-09  3.515984E-02  1.615896E-05  2.210022E-08  1.415433E-09  1.596334E-03  2.157451E-08  8.050222E-08  2.223549E-07  2.962558E-02  3.573448E-07  4.525160E-07  3.840239E-07  9.010629E-06  1.224900E-05  1.022476E-08  5.077332E-09  6.536375E-09  8.230993E-08
 3.201500E+02  8.833396E-01  1.224004E-03  2.789209E-07  3.710933E-07  4.140994E-07  5.000858E-07  4.919756E-02  7.522307E-06  3.462716E-09  3.532319E-02  1.603764E-05  2.117664E-08  1.395353E-09  1.568464E-03  2.054641E-08  7.685017E-08  2.139108E-07  2.929941E-02  3.443586E-07  4.393297E-07  3.725974E-07  8.906637E-06  1.210757E-05  9.756456E-09  4.822444E-09  6.210196E-09  7.881609E-08
 3.211500E+02  8.835285E-01  1.209663E-03  2.700270E-07  3.593482E-07  4.010144E-07  4.843957E-07  4.921141E-02  7.400929E-06  3.274016E-09  3.548429E-02  1.591640E-05  2.029405E-08  1.375489E-09  1.541270E-03  1.957370E-08  7.338675E-08  2.058435E-07  2.897773E-02  3.318933E-07  4.265975E-07  3.615714E-07  8.804074E-06  1.196809E-05  9.311439E-09  4.581634E-09  5.901939E-09  7.548863E-08
 3.221500E+02  8.837145E-01  1.195598E-03  2.614786E-07  3.480567E-07  3.884343E-07  4.693076E-07  4.922492E-02  7.282293E-06  3.096720E-09  3.564317E-02  1.579530E-05  1.945057E-08  1.355843E-09  1.514731E-03  1.865310E-08  7.010115E-08  1.981339E-07  2.866049E-02  3.199265E-07  4.143017E-07  3.509303E-07  8.702926E-06  1.183054E-05  8.888478E-09  4.354064E-09  5.610539E-09  7.231888E-08
 3.231500E+02  8.838978E-01  1.181802E-03  2.532603E-07  3.371986E-07  3.763364E-07  4.547946E-07  4.923811E-02  7.166324E-06  2.930076E-09  3.579985E-02  1.567439E-05  1.864440E-08  1.336420E-09  1.488829E-03  1.778151E-08  6.698325E-08  1.907641E-07  2.834763E-02  3.084371E-07  4.024256E-07  3.406589E-07  8.603178E-06  1.169490E-05  8.486410E-09  4.138945E-09  5.334997E-09  6.929867E-08
 3.241500E+02  8.840783E-01  1.168268E-03  2.453574E-07  3.267547E-07  3.646993E-07  4.408315E-07  4.925099E-02  7.052950E-06  2.773386E-09  3.595437E-02  1.555372E-05  1.787385E-08  1.317222E-09  1.463545E-03  1.695606E-08  6.402354E-08  1.837172E-07  2.803912E-02  2.974046E-07  3.909532E-07  3.307428E-07  8.504815E-06  1.156115E-05  8.104135E-09  3.935540E-09  5.074382E-09  6.642026E-08
 3.251500E+02  8.842561E-01  1.154991E-03  2.377557E-07  3.167067E-07  3.535029E-07  4.273940E-07  4.926357E-02  6.942100E-06  2.626002E-09  3.610673E-02  1.543332E-05  1.713728E-08  1.298251E-09  1.438861E-03  1.617403E-08  6.121310E-08  1.769770E-07  2.773489E-02  2.868095E-07  3.798689E-07  3.211683E-07  8.407823E-06  1.142927E-05  7.740615E-09  3.743160E-09  4.827816E-09  6.367636E-08
 3.261500E+02  8.844312E-01  1.141964E-03  2.304421E-07  3.070372E-07  3.427276E-07  4.144594E-07  4.927584E-02  6.833707E-06  2.487320E-09  3.625698E-02  1.531324E-05  1.643313E-08  1.279509E-09  1.414760E-03  1.543291E-08  5.854356E-08  1.705285E-07  2.743489E-02  2.766333E-07  3.691581E-07  3.119222E-07  8.312185E-06  1.129925E-05  7.394867E-09  3.561156E-09  4.594479E-09  6.106008E-08
 3.271500E+02  8.846037E-01  1.129180E-03  2.234040E-07  2.977298E-07  3.323553E-07  4.020057E-07  4.928783E-02  6.727703E-06  2.356780E-09  3.640513E-02  1.519351E-05  1.575993E-08  1.260999E-09  1.391225E-03  1.473032E-08  5.600708E-08  1.643574E-07  2.713908E-02  2.668583E-07  3.588065E-07  3.029917E-07  8.217888E-06  1.117105E-05  7.065965E-09  3.388923E-09  4.373602E-09  5.856491E-08
 3.281500E+02  8.847737E-01  1.116635E-03  2.166292E-07  2.887686E-07  3.223684E-07  3.900122E-07  4.929955E-02  6.624027E-06  2.233860E-09  3.655121E-02  1.507418E-05  1.511626E-08  1.242720E-09  1.368239E-03  1.406404E-08  5.359626E-08  1.584501E-07  2.684740E-02  2.574674E-07  3.488007E-07  2.943648E-07  8.124915E-06  1.104466E-05  6.753032E-09  3.225892E-09  4.164463E-09  5.618469E-08
 3.291500E+02  8.849411E-01  1.104322E-03  2.101065E-07  2.801388E-07  3.127503E-07  3.784592E-07  4.931099E-02  6.522615E-06  2.118073E-09  3.669526E-02  1.495528E-05  1.450077E-08  1.224675E-09  1.345787E-03  1.343200E-08  5.130419E-08  1.527938E-07  2.655979E-02  2.484444E-07  3.391275E-07  2.860298E-07  8.033250E-06  1.092005E-05  6.455239E-09  3.071530E-09  3.966386E-09  5.391361E-08
 3.301500E+02  8.851060E-01  1.092236E-03  2.038248E-07  2.718262E-07  3.034853E-07  3.673279E-07  4.932216E-02  6.423407E-06  2.008967E-09  3.683728E-02  1.483685E-05  1.391218E-08  1.206864E-09  1.323854E-03  1.283225E-08  4.912436E-08  1.473764E-07  2.627622E-02  2.397739E-07  3.297746E-07  2.779757E-07  7.942879E-06  1.079720E-05  6.171802E-09  2.925336E-09  3.778736E-09  5.174618E-08
 3.311500E+02  8.852684E-01  1.080372E-03  1.977740E-07  2.638172E-07  2.945582E-07  3.566005E-07  4.933308E-02  6.326345E-06  1.906121E-09  3.697732E-02  1.471890E-05  1.334925E-08  1.189287E-09  1.302425E-03  1.226295E-08  4.705063E-08  1.421865E-07  2.599662E-02  2.314409E-07  3.207299E-07  2.701917E-07  7.853786E-06  1.067610E-05  5.901982E-09  2.786843E-09  3.600916E-09  4.967718E-08
 3.321500E+02  8.854284E-01  1.068725E-03  1.919441E-07  2.560989E-07  2.859549E-07  3.462598E-07  4.934376E-02  6.231373E-06  1.809142E-09  3.711539E-02  1.460149E-05  1.281083E-08  1.171946E-09  1.281486E-03  1.172240E-08  4.507726E-08  1.372131E-07  2.572094E-02  2.234314E-07  3.119821E-07  2.626676E-07  7.765954E-06  1.055672E-05  5.645076E-09  2.655609E-09  3.432368E-09  4.770171E-08
 3.331500E+02  8.855860E-01  1.057288E-03  1.863259E-07  2.486592E-07  2.776615E-07  3.362897E-07  4.935419E-02  6.138436E-06  1.717664E-09  3.725153E-02  1.448463E-05  1.229578E-08  1.154839E-09  1.261023E-03  1.120898E-08  4.319884E-08  1.324461E-07  2.544913E-02  2.157318E-07  3.035200E-07  2.553937E-07  7.679368E-06  1.043904E-05  5.400423E-09  2.531220E-09  3.272565E-09  4.581512E-08
 3.341500E+02  8.857413E-01  1.046058E-03  1.809103E-07  2.414863E-07  2.696652E-07  3.266748E-07  4.936438E-02  6.047480E-06  1.631345E-09  3.738575E-02  1.436835E-05  1.180306E-08  1.137967E-09  1.241024E-03  1.072117E-08  4.141026E-08  1.278756E-07  2.518115E-02  2.083291E-07  2.953332E-07  2.483605E-07  7.594012E-06  1.032303E-05  5.167395E-09  2.413290E-09  3.121016E-09  4.401299E-08
 3.351500E+02  8.858942E-01  1.035030E-03  1.756889E-07  2.345691E-07  2.619536E-07  3.174003E-07  4.937435E-02  5.958454E-06  1.549867E-09  3.751808E-02  1.425268E-05  1.133164E-08  1.121330E-09  1.221474E-03  1.025757E-08  3.970673E-08  1.234925E-07  2.491693E-02  2.012109E-07  2.874114E-07  2.415590E-07  7.509871E-06  1.020868E-05  4.945401E-09  2.301453E-09  2.977255E-09  4.229118E-08
 3.361500E+02  8.860449E-01  1.024199E-03  1.706536E-07  2.278969E-07  2.545149E-07  3.084522E-07  4.938409E-02  5.871308E-06  1.472932E-09  3.764855E-02  1.413764E-05  1.088055E-08  1.104926E-09  1.202362E-03  9.816837E-09  3.808375E-08  1.192880E-07  2.465643E-02  1.943655E-07  2.797451E-07  2.349807E-07  7.426928E-06  1.009596E-05  4.733879E-09  2.195367E-09  2.840847E-09  4.064572E-08
 3.371500E+02  8.861934E-01  1.013561E-03  1.657966E-07  2.214598E-07  2.473379E-07  2.998171E-07  4.939362E-02  5.785994E-06  1.400263E-09  3.777719E-02  1.402325E-05  1.044888E-08  1.088755E-09  1.183676E-03  9.397716E-09  3.653705E-08  1.152538E-07  2.439960E-02  1.877815E-07  2.723248E-07  2.286171E-07  7.345168E-06  9.984856E-06  4.532298E-09  2.094710E-09  2.711383E-09  3.907290E-08
 3.381500E+02  8.863396E-01  1.003111E-03  1.611107E-07  2.152480E-07  2.404117E-07  2.914822E-07  4.940294E-02  5.702464E-06  1.331601E-09  3.790401E-02  1.390954E-05  1.003575E-08  1.072816E-09  1.165404E-03  8.999029E-09  3.506264E-08  1.113820E-07  2.414639E-02  1.814481E-07  2.651416E-07  2.224605E-07  7.264575E-06  9.875339E-06  4.340155E-09  1.999180E-09  2.588479E-09  3.756917E-08
 3.391500E+02  8.864837E-01  9.928444E-04  1.565889E-07  2.092524E-07  2.337263E-07  2.834354E-07  4.941205E-02  5.620673E-06  1.266703E-09  3.802905E-02  1.379652E-05  9.640310E-09  1.057109E-09  1.147534E-03  8.619668E-09  3.365673E-08  1.076652E-07  2.389675E-02  1.753550E-07  2.581868E-07  2.165031E-07  7.185134E-06  9.767390E-06  4.156976E-09  1.908492E-09  2.471771E-09  3.613118E-08
 3.401500E+02  8.866256E-01  9.827579E-04  1.522243E-07  2.034642E-07  2.272719E-07  2.756651E-07  4.942097E-02  5.540576E-06  1.205343E-09  3.815233E-02  1.368421E-05  9.261768E-09  1.041631E-09  1.130056E-03  8.258592E-09  3.231577E-08  1.040964E-07  2.365063E-02  1.694922E-07  2.514524E-07  2.107376E-07  7.106828E-06  9.660988E-06  3.982311E-09  1.822379E-09  2.360919E-09  3.475576E-08
 3.411500E+02  8.867654E-01  9.728473E-04  1.480108E-07  1.978750E-07  2.210391E-07  2.681602E-07  4.942969E-02  5.462130E-06  1.147310E-09  3.827387E-02  1.357263E-05  8.899362E-09  1.026382E-09  1.112960E-03  7.914819E-09  3.103640E-08  1.006687E-07  2.340797E-02  1.638503E-07  2.449302E-07  2.051570E-07  7.029642E-06  9.556111E-06  3.815732E-09  1.740589E-09  2.255603E-09  3.343991E-08
 3.421500E+02  8.869032E-01  9.631084E-04  1.439421E-07  1.924769E-07  2.150191E-07  2.609100E-07  4.943822E-02  5.385294E-06  1.092405E-09  3.839369E-02  1.346180E-05  8.552363E-09  1.011359E-09  1.096235E-03  7.587426E-09  2.981547E-08  9.737588E-08  2.316873E-02  1.584203E-07  2.386128E-07  1.997546E-07  6.953561E-06  9.452739E-06  3.656836E-09  1.662886E-09  2.155521E-09  3.218076E-08
 3.431500E+02  8.870389E-01  9.535376E-04  1.400124E-07  1.872622E-07  2.092035E-07  2.539046E-07  4.944657E-02  5.310027E-06  1.040444E-09  3.851183E-02  1.335172E-05  8.220078E-09  9.965619E-10  1.079871E-03  7.275543E-09  2.864997E-08  9.421180E-08  2.293287E-02  1.531934E-07  2.324928E-07  1.945240E-07  6.878569E-06  9.350849E-06  3.505242E-09  1.589047E-09  2.060390E-09  3.097562E-08
 3.441500E+02  8.871726E-01  9.441312E-04  1.362163E-07  1.822236E-07  2.035840E-07  2.471342E-07  4.945474E-02  5.236289E-06  9.912521E-10  3.862831E-02  1.324242E-05  7.901848E-09  9.819883E-10  1.063858E-03  6.978352E-09  2.753709E-08  9.117071E-08  2.270033E-02  1.481615E-07  2.265631E-07  1.894588E-07  6.804651E-06  9.250422E-06  3.360587E-09  1.518862E-09  1.969941E-09  2.982193E-08
 3.451500E+02  8.873043E-01  9.348854E-04  1.325485E-07  1.773543E-07  1.981530E-07  2.405896E-07  4.946274E-02  5.164043E-06  9.446684E-10  3.874314E-02  1.313391E-05  7.597041E-09  9.676365E-10  1.048187E-03  6.695081E-09  2.647418E-08  8.824717E-08  2.247106E-02  1.433165E-07  2.208171E-07  1.845532E-07  6.731792E-06  9.151435E-06  3.222528E-09  1.452134E-09  1.883924E-09  2.871726E-08
 3.461500E+02  8.874341E-01  9.257968E-04  1.290038E-07  1.726475E-07  1.929030E-07  2.342620E-07  4.947056E-02  5.093251E-06  9.005405E-10  3.885636E-02  1.302619E-05  7.305056E-09  9.535045E-10  1.032850E-03  6.425002E-09  2.545871E-08  8.543596E-08  2.224503E-02  1.386509E-07  2.152482E-07  1.798014E-07  6.659977E-06  9.053869E-06  3.090740E-09  1.388677E-09  1.802100E-09  2.765929E-08
 3.471500E+02  8.875620E-01  9.168620E-04  1.255774E-07  1.680970E-07  1.878271E-07  2.281430E-07  4.947822E-02  5.023877E-06  8.587262E-10  3.896798E-02  1.291928E-05  7.025322E-09  9.395903E-10  1.017837E-03  6.167431E-09  2.448831E-08  8.273215E-08  2.202217E-02  1.341575E-07  2.098502E-07  1.751980E-07  6.589190E-06  8.957703E-06  2.964915E-09  1.328315E-09  1.724247E-09  2.664584E-08
 3.481500E+02  8.876881E-01  9.080776E-04  1.222647E-07  1.636966E-07  1.829185E-07  2.222246E-07  4.948572E-02  4.955887E-06  8.190920E-10  3.907804E-02  1.281319E-05  6.757291E-09  9.258920E-10  1.003140E-03  5.921720E-09  2.356074E-08  8.013105E-08  2.180245E-02  1.298293E-07  2.046172E-07  1.707376E-07  6.519417E-06  8.862917E-06  2.844762E-09  1.270884E-09  1.650153E-09  2.567484E-08
 3.491500E+02  8.878122E-01  8.994404E-04  1.190614E-07  1.594405E-07  1.781707E-07  2.164990E-07  4.949307E-02  4.889245E-06  7.815128E-10  3.918655E-02  1.270792E-05  6.500442E-09  9.124072E-10  9.887509E-04  5.687261E-09  2.267388E-08  7.762817E-08  2.158582E-02  1.256596E-07  1.995433E-07  1.664152E-07  6.450643E-06  8.769490E-06  2.730003E-09  1.216227E-09  1.579621E-09  2.474431E-08
 3.501500E+02  8.879346E-01  8.909472E-04  1.159632E-07  1.553233E-07  1.735776E-07  2.109588E-07  4.950026E-02  4.823919E-06  7.458714E-10  3.929353E-02  1.260349E-05  6.254279E-09  8.991339E-10  9.746615E-04  5.463477E-09  2.182572E-08  7.521928E-08  2.137224E-02  1.216421E-07  1.946231E-07  1.622259E-07  6.382854E-06  8.677402E-06  2.620377E-09  1.164199E-09  1.512462E-09  2.385239E-08
 3.511500E+02  8.880552E-01  8.825949E-04  1.129660E-07  1.513396E-07  1.691332E-07  2.055971E-07  4.950730E-02  4.759878E-06  7.120578E-10  3.939901E-02  1.249990E-05  6.018328E-09  8.860697E-10  9.608641E-04  5.249825E-09  2.101437E-08  7.290033E-08  2.116165E-02  1.177708E-07  1.898511E-07  1.581650E-07  6.316035E-06  8.586635E-06  2.515634E-09  1.114661E-09  1.448500E-09  2.299728E-08
 3.521500E+02  8.881740E-01  8.743806E-04  1.100660E-07  1.474843E-07  1.648319E-07  2.004071E-07  4.951420E-02  4.697089E-06  6.799688E-10  3.950302E-02  1.239715E-05  5.792136E-09  8.732123E-10  9.473513E-04  5.045793E-09  2.023802E-08  7.066746E-08  2.095402E-02  1.140398E-07  1.852224E-07  1.542281E-07  6.250171E-06  8.497167E-06  2.415540E-09  1.067482E-09  1.387568E-09  2.217731E-08
 3.531500E+02  8.882911E-01  8.663013E-04  1.072595E-07  1.437526E-07  1.606683E-07  1.953823E-07  4.952096E-02  4.635523E-06  6.495074E-10  3.960556E-02  1.229526E-05  5.575273E-09  8.605594E-10  9.341157E-04  4.850896E-09  1.949499E-08  6.851701E-08  2.074929E-02  1.104434E-07  1.807319E-07  1.504107E-07  6.185249E-06  8.408980E-06  2.319869E-09  1.022540E-09  1.329509E-09  2.139088E-08
 3.541500E+02  8.884064E-01  8.583541E-04  1.045429E-07  1.401398E-07  1.566373E-07  1.905166E-07  4.952758E-02  4.575150E-06  6.205827E-10  3.970667E-02  1.219423E-05  5.367328E-09  8.481086E-10  9.211504E-04  4.664676E-09  1.878367E-08  6.644548E-08  2.054744E-02  1.069765E-07  1.763750E-07  1.467088E-07  6.121254E-06  8.322054E-06  2.228410E-09  9.797174E-10  1.274174E-09  2.063645E-08
 3.551500E+02  8.885202E-01  8.505363E-04  1.019130E-07  1.366415E-07  1.527338E-07  1.858040E-07  4.953407E-02  4.515941E-06  5.931091E-10  3.980637E-02  1.209405E-05  5.167908E-09  8.358574E-10  9.084485E-04  4.486701E-09  1.810253E-08  6.444955E-08  2.034841E-02  1.036338E-07  1.721470E-07  1.431183E-07  6.058173E-06  8.236371E-06  2.140962E-09  9.389057E-10  1.221424E-09  1.991257E-08
 3.561500E+02  8.886322E-01  8.428452E-04  9.936641E-08  1.332534E-07  1.489532E-07  1.812389E-07  4.954042E-02  4.457869E-06  5.670065E-10  3.990467E-02  1.199475E-05  4.976639E-09  8.238033E-10  8.960034E-04  4.316564E-09  1.745014E-08  6.252605E-08  2.015216E-02  1.004104E-07  1.680437E-07  1.396354E-07  5.995992E-06  8.151911E-06  2.057333E-09  9.000010E-10  1.171125E-09  1.921788E-08
 3.571500E+02  8.887427E-01  8.352782E-04  9.690007E-08  1.299715E-07  1.452908E-07  1.768159E-07  4.954665E-02  4.400906E-06  5.421994E-10  4.000160E-02  1.189631E-05  4.793164E-09  8.119439E-10  8.838086E-04  4.153876E-09  1.682512E-08  6.067196E-08  1.995865E-02  9.730177E-08  1.640607E-07  1.362564E-07  5.934697E-06  8.068657E-06  1.977343E-09  8.629056E-10  1.123153E-09  1.855106E-08
 3.581500E+02  8.888515E-01  8.278326E-04  9.451101E-08  1.267919E-07  1.417424E-07  1.725297E-07  4.955275E-02  4.345027E-06  5.186168E-10  4.009718E-02  1.179874E-05  4.617142E-09  8.002767E-10  8.718578E-04  3.998272E-09  1.622619E-08  5.888439E-08  1.976784E-02  9.430329E-08  1.601941E-07  1.329778E-07  5.874275E-06  7.986589E-06  1.900818E-09  8.275271E-10  1.077390E-09  1.791087E-08
 3.591500E+02  8.889588E-01  8.205060E-04  9.219639E-08  1.237107E-07  1.383038E-07  1.683754E-07  4.955874E-02  4.290205E-06  4.961919E-10  4.019143E-02  1.170204E-05  4.448250E-09  7.887990E-10  8.601451E-04  3.849407E-09  1.565211E-08  5.716061E-08  1.957969E-02  9.141069E-08  1.564398E-07  1.297960E-07  5.814713E-06  7.905691E-06  1.827596E-09  7.937782E-10  1.033723E-09  1.729612E-08
 3.601500E+02  8.890645E-01  8.132959E-04  8.995347E-08  1.207244E-07  1.349710E-07  1.643481E-07  4.956460E-02  4.236416E-06  4.748621E-10  4.028436E-02  1.160621E-05  4.286176E-09  7.775084E-10  8.486645E-04  3.706954E-09  1.510173E-08  5.549798E-08  1.939415E-02  8.861984E-08  1.527943E-07  1.267079E-07  5.755997E-06  7.825943E-06  1.757522E-09  7.615765E-10  9.920476E-10  1.670568E-08
 3.611500E+02  8.891687E-01  8.061999E-04  8.777966E-08  1.178296E-07  1.317401E-07  1.604434E-07  4.957035E-02  4.183636E-06  4.545682E-10  4.037601E-02  1.151126E-05  4.130625E-09  7.664024E-10  8.374103E-04  3.570602E-09  1.457394E-08  5.389402E-08  1.921119E-02  8.592681E-08  1.492537E-07  1.237103E-07  5.698114E-06  7.747328E-06  1.690447E-09  7.308441E-10  9.522634E-10  1.613849E-08
 3.621500E+02  8.892715E-01  7.992157E-04  8.567244E-08  1.150229E-07  1.286075E-07  1.566568E-07  4.957599E-02  4.131841E-06  4.352546E-10  4.046638E-02  1.141718E-05  3.981314E-09  7.554782E-10  8.263769E-04  3.440059E-09  1.406770E-08  5.234633E-08  1.903077E-02  8.332779E-08  1.458147E-07  1.208001E-07  5.641053E-06  7.669829E-06  1.626232E-09  7.015072E-10  9.142762E-10  1.559352E-08
 3.631500E+02  8.893727E-01  7.923412E-04  8.362941E-08  1.123013E-07  1.255696E-07  1.529842E-07  4.958152E-02  4.081008E-06  4.168691E-10  4.055551E-02  1.132397E-05  3.837974E-09  7.447335E-10  8.155590E-04  3.315047E-09  1.358202E-08  5.085264E-08  1.885285E-02  8.081917E-08  1.424739E-07  1.179743E-07  5.584799E-06  7.593429E-06  1.564745E-09  6.734962E-10  8.779966E-10  1.506979E-08
 3.641500E+02  8.894726E-01  7.855739E-04  8.164828E-08  1.096616E-07  1.226232E-07  1.494213E-07  4.958694E-02  4.031115E-06  3.993623E-10  4.064340E-02  1.123164E-05  3.700349E-09  7.341655E-10  8.049513E-04  3.195302E-09  1.311594E-08  4.941079E-08  1.867740E-02  7.839747E-08  1.392281E-07  1.152302E-07  5.529342E-06  7.518110E-06  1.505858E-09  6.467452E-10  8.433402E-10  1.456640E-08
 3.651500E+02  8.895709E-01  7.789118E-04  7.972682E-08  1.071010E-07  1.197648E-07  1.459645E-07  4.959225E-02  3.982141E-06  3.826877E-10  4.073008E-02  1.114018E-05  3.568191E-09  7.237718E-10  7.945488E-04  3.080575E-09  1.266858E-08  4.801868E-08  1.850436E-02  7.605935E-08  1.360741E-07  1.125650E-07  5.474667E-06  7.443856E-06  1.449452E-09  6.211917E-10  8.102270E-10  1.408244E-08
 3.661500E+02  8.896679E-01  7.723528E-04  7.786293E-08  1.046167E-07  1.169915E-07  1.426099E-07  4.959747E-02  3.934064E-06  3.668016E-10  4.081556E-02  1.104958E-05  3.441267E-09  7.135498E-10  7.843464E-04  2.970631E-09  1.223910E-08  4.667435E-08  1.833371E-02  7.380162E-08  1.330089E-07  1.099762E-07  5.420764E-06  7.370650E-06  1.395412E-09  5.967769E-10  7.785813E-10  1.361709E-08
 3.671500E+02  8.897636E-01  7.658949E-04  7.605457E-08  1.022059E-07  1.143003E-07  1.393541E-07  4.960258E-02  3.886863E-06  3.516627E-10  4.089986E-02  1.095985E-05  3.319354E-09  7.034968E-10  7.743394E-04  2.865244E-09  1.182667E-08  4.537590E-08  1.816541E-02  7.162122E-08  1.300297E-07  1.074611E-07  5.367621E-06  7.298476E-06  1.343630E-09  5.734446E-10  7.483314E-10  1.316954E-08
 3.681500E+02  8.898578E-01  7.595360E-04  7.429979E-08  9.986618E-08  1.116882E-07  1.361934E-07  4.960760E-02  3.840519E-06  3.372321E-10  4.098301E-02  1.087099E-05  3.202237E-09  6.936105E-10  7.645231E-04  2.764203E-09  1.143054E-08  4.412152E-08  1.799943E-02  6.951522E-08  1.271336E-07  1.050174E-07  5.315224E-06  7.227318E-06  1.294003E-09  5.511422E-10  7.194095E-10  1.273903E-08
 3.691500E+02  8.899508E-01  7.532741E-04  7.259671E-08  9.759498E-08  1.091525E-07  1.331248E-07  4.961252E-02  3.795013E-06  3.234731E-10  4.106502E-02  1.078298E-05  3.089713E-09  6.838881E-10  7.548930E-04  2.667305E-09  1.104998E-08  4.290949E-08  1.783572E-02  6.748079E-08  1.243180E-07  1.026427E-07  5.263564E-06  7.157160E-06  1.246433E-09  5.298195E-10  6.917512E-10  1.232485E-08
 3.701500E+02  8.900424E-01  7.471074E-04  7.094354E-08  9.538995E-08  1.066906E-07  1.301449E-07  4.961735E-02  3.750326E-06  3.103510E-10  4.114590E-02  1.069584E-05  2.981587E-09  6.743273E-10  7.454447E-04  2.574360E-09  1.068429E-08  4.173814E-08  1.767426E-02  6.551524E-08  1.215803E-07  1.003348E-07  5.212628E-06  7.087986E-06  1.200827E-09  5.094289E-10  6.652957E-10  1.192628E-08
 3.711500E+02  8.901328E-01  7.410340E-04  6.933855E-08  9.324881E-08  1.043000E-07  1.272508E-07  4.962209E-02  3.706438E-06  2.978333E-10  4.122567E-02  1.060955E-05  2.877672E-09  6.649255E-10  7.361739E-04  2.485185E-09  1.033283E-08  4.060590E-08  1.751500E-02  6.361597E-08  1.189180E-07  9.809154E-08  5.162406E-06  7.019781E-06  1.157095E-09  4.899257E-10  6.399852E-10  1.154268E-08
 3.721500E+02  8.902219E-01  7.350521E-04  6.778007E-08  9.116937E-08  1.019781E-07  1.244396E-07  4.962674E-02  3.663333E-06  2.858890E-10  4.130436E-02  1.052412E-05  2.777792E-09  6.556801E-10  7.270764E-04  2.399610E-09  9.994949E-09  3.951127E-08  1.735792E-02  6.178051E-08  1.163287E-07  9.591075E-08  5.112885E-06  6.952530E-06  1.115154E-09  4.712672E-10  6.157651E-10  1.117341E-08
 3.731500E+02  8.903097E-01  7.291599E-04  6.626653E-08  8.914953E-08  9.972276E-08  1.217083E-07  4.963130E-02  3.620992E-06  2.744890E-10  4.138198E-02  1.043953E-05  2.681775E-09  6.465888E-10  7.181482E-04  2.317469E-09  9.670068E-09  3.845278E-08  1.720298E-02  6.000646E-08  1.138100E-07  9.379044E-08  5.064055E-06  6.886218E-06  1.074923E-09  4.534129E-10  5.925833E-10  1.081787E-08
