#         T/K            c1          c2-1          c3-4          c3-5          c3-7          c3-9            m1          m2-1          m3-1          c1m1        c1m2-1        c1m2-7        c2m1-1
 2.731500E+02  5.374813E-01  9.020284E-04  4.008059E-07  5.260674E-07  5.852918E-07  6.978877E-07  4.367952E-01  1.514045E-03  5.664466E-05  2.317689E-02  1.527078E-05  5.010828E-05  6.272702E-06
 2.741500E+02  5.377804E-01  8.868542E-04  3.826661E-07  5.024286E-07  5.590334E-07  6.667880E-07  4.371184E-01  1.480140E-03  5.241425E-05  2.261246E-02  1.426983E-05  4.697550E-05  5.940453E-06
 2.751500E+02  5.380702E-01  8.720489E-04  3.654802E-07  4.800254E-07  5.341458E-07  6.373027E-07  4.374312E-01  1.447218E-03  4.852675E-05  2.206574E-02  1.334115E-05  4.405958E-05  5.628139E-06
 2.761500E+02  5.383509E-01  8.576016E-04  3.491921E-07  4.587854E-07  5.105486E-07  6.093377E-07  4.377341E-01  1.415246E-03  4.495236E-05  2.153608E-02  1.247909E-05  4.134421E-05  5.334442E-06
 2.771500E+02  5.386230E-01  8.435022E-04  3.337491E-07  4.386409E-07  4.881669E-07  5.828049E-07  4.380274E-01  1.384193E-03  4.166403E-05  2.102287E-02  1.167846E-05  3.881439E-05  5.058136E-06
 2.781500E+02  5.388868E-01  8.297405E-04  3.191021E-07  4.195284E-07  4.669302E-07  5.576221E-07  4.383114E-01  1.354027E-03  3.863719E-05  2.052550E-02  1.093452E-05  3.645631E-05  4.798083E-06
 2.791500E+02  5.391424E-01  8.163068E-04  3.052049E-07  4.013885E-07  4.467728E-07  5.337118E-07  4.385865E-01  1.324719E-03  3.584952E-05  2.004340E-02  1.024292E-05  3.425729E-05  4.553227E-06
 2.801500E+02  5.393904E-01  8.031917E-04  2.920145E-07  3.841655E-07  4.276329E-07  5.110019E-07  4.388532E-01  1.296241E-03  3.328073E-05  1.957603E-02  9.599647E-06  3.220562E-05  4.322584E-06
 2.811500E+02  5.396308E-01  7.903861E-04  2.794904E-07  3.678074E-07  4.094529E-07  4.894243E-07  4.391115E-01  1.268567E-03  3.091234E-05  1.912285E-02  9.001043E-06  3.029055E-05  4.105241E-06
 2.821500E+02  5.398640E-01  7.778813E-04  2.675947E-07  3.522652E-07  3.921784E-07  4.689156E-07  4.393620E-01  1.241668E-03  2.872754E-05  1.868337E-02  8.443735E-06  2.850215E-05  3.900349E-06
 2.831500E+02  5.400903E-01  7.656686E-04  2.562920E-07  3.374931E-07  3.757587E-07  4.494161E-07  4.396048E-01  1.215520E-03  2.671104E-05  1.825709E-02  7.924625E-06  2.683129E-05  3.707118E-06
 2.841500E+02  5.403099E-01  7.537398E-04  2.455489E-07  3.234481E-07  3.601460E-07  4.308696E-07  4.398403E-01  1.190099E-03  2.484888E-05  1.784355E-02  7.440865E-06  2.526952E-05  3.524812E-06
 2.851500E+02  5.405230E-01  7.420869E-04  2.353343E-07  3.100897E-07  3.452957E-07  4.132236E-07  4.400687E-01  1.165381E-03  2.312835E-05  1.744229E-02  6.989835E-06  2.380908E-05  3.352745E-06
 2.861500E+02  5.407298E-01  7.307022E-04  2.256188E-07  2.973802E-07  3.311657E-07  3.964288E-07  4.402903E-01  1.141342E-03  2.153785E-05  1.705290E-02  6.569123E-06  2.244276E-05  3.190278E-06
 2.871500E+02  5.409306E-01  7.195781E-04  2.163748E-07  2.852838E-07  3.177165E-07  3.804386E-07  4.405053E-01  1.117962E-03  2.006680E-05  1.667495E-02  6.176511E-06  2.116395E-05  3.036818E-06
 2.881500E+02  5.411256E-01  7.087075E-04  2.075765E-07  2.737672E-07  3.049111E-07  3.652096E-07  4.407139E-01  1.095218E-03  1.870552E-05  1.630804E-02  5.809951E-06  1.996650E-05  2.891808E-06
 2.891500E+02  5.413150E-01  6.980831E-04  1.991997E-07  2.627990E-07  2.927146E-07  3.507007E-07  4.409164E-01  1.073091E-03  1.744518E-05  1.595180E-02  5.467559E-06  1.884476E-05  2.754732E-06
 2.901500E+02  5.414989E-01  6.876984E-04  1.912215E-07  2.523496E-07  2.810942E-07  3.368734E-07  4.411131E-01  1.051560E-03  1.627771E-05  1.560585E-02  5.147597E-06  1.779348E-05  2.625107E-06
 2.911500E+02  5.416776E-01  6.775465E-04  1.836204E-07  2.423911E-07  2.700191E-07  3.236913E-07  4.413040E-01  1.030607E-03  1.519573E-05  1.526985E-02  4.848462E-06  1.680781E-05  2.502481E-06
 2.921500E+02  5.418513E-01  6.676213E-04  1.763763E-07  2.328976E-07  2.594604E-07  3.111203E-07  4.414894E-01  1.010213E-03  1.419249E-05  1.494345E-02  4.568672E-06  1.588327E-05  2.386434E-06
 2.931500E+02  5.420200E-01  6.579163E-04  1.694701E-07  2.238443E-07  2.493906E-07  2.991283E-07  4.416696E-01  9.903608E-04  1.326178E-05  1.462633E-02  4.306862E-06  1.501569E-05  2.276572E-06
 2.941500E+02  5.421840E-01  6.484258E-04  1.628840E-07  2.152081E-07  2.397842E-07  2.876850E-07  4.418446E-01  9.710331E-04  1.239795E-05  1.431817E-02  4.061768E-06  1.420123E-05  2.172527E-06
 2.951500E+02  5.423435E-01  6.391438E-04  1.566012E-07  2.069673E-07  2.306170E-07  2.767619E-07  4.420146E-01  9.522134E-04  1.159581E-05  1.401868E-02  3.832224E-06  1.343632E-05  2.073957E-06
 2.961500E+02  5.424986E-01  6.300647E-04  1.506058E-07  1.991012E-07  2.218660E-07  2.663321E-07  4.421799E-01  9.338858E-04  1.085059E-05  1.372755E-02  3.617151E-06  1.271764E-05  1.980539E-06
 2.971500E+02  5.426493E-01  6.211830E-04  1.448829E-07  1.915904E-07  2.135099E-07  2.563702E-07  4.423406E-01  9.160351E-04  1.015793E-05  1.344452E-02  3.415550E-06  1.204213E-05  1.891972E-06
 2.981500E+02  5.427960E-01  6.124935E-04  1.394184E-07  1.844168E-07  2.055284E-07  2.468525E-07  4.424968E-01  8.986464E-04  9.513805E-06  1.316931E-02  3.226497E-06  1.140693E-05  1.807975E-06
 2.991500E+02  5.429387E-01  6.039911E-04  1.341990E-07  1.775631E-07  1.979023E-07  2.377562E-07  4.426487E-01  8.817054E-04  8.914545E-06  1.290167E-02  3.049138E-06  1.080941E-05  1.728285E-06
 3.001500E+02  5.430775E-01  5.956707E-04  1.292123E-07  1.710130E-07  1.906136E-07  2.290602E-07  4.427965E-01  8.651983E-04  8.356765E-06  1.264134E-02  2.882679E-06  1.024710E-05  1.652654E-06
 3.011500E+02  5.432125E-01  5.875275E-04  1.244464E-07  1.647513E-07  1.836454E-07  2.207444E-07  4.429402E-01  8.491120E-04  7.837354E-06  1.238809E-02  2.726387E-06  9.717716E-06  1.580852E-06
 3.021500E+02  5.433440E-01  5.795570E-04  1.198902E-07  1.587635E-07  1.769816E-07  2.127898E-07  4.430800E-01  8.334334E-04  7.353453E-06  1.214168E-02  2.579579E-06  9.219139E-06  1.512660E-06
 3.031500E+02  5.434720E-01  5.717545E-04  1.155331E-07  1.530358E-07  1.706070E-07  2.051785E-07  4.432161E-01  8.181502E-04  6.902431E-06  1.190190E-02  2.441626E-06  8.749393E-06  1.447875E-06
 3.041500E+02  5.435965E-01  5.641156E-04  1.113654E-07  1.475555E-07  1.645073E-07  1.978936E-07  4.433485E-01  8.032505E-04  6.481864E-06  1.166852E-02  2.311940E-06  8.306640E-06  1.386307E-06
 3.051500E+02  5.437178E-01  5.566362E-04  1.073774E-07  1.423103E-07  1.586689E-07  1.909191E-07  4.434774E-01  7.887226E-04  6.089524E-06  1.144135E-02  2.189978E-06  7.889171E-06  1.327777E-06
 3.061500E+02  5.438360E-01  5.493120E-04  1.035605E-07  1.372887E-07  1.530790E-07  1.842398E-07  4.436028E-01  7.745555E-04  5.723353E-06  1.122019E-02  2.075234E-06  7.495391E-06  1.272115E-06
 3.071500E+02  5.439510E-01  5.421390E-04  9.990625E-08  1.324798E-07  1.477256E-07  1.778416E-07  4.437250E-01  7.607383E-04  5.381457E-06  1.100483E-02  1.967239E-06  7.123819E-06  1.219166E-06
 3.081500E+02  5.440631E-01  5.351135E-04  9.640668E-08  1.278732E-07  1.425973E-07  1.717107E-07  4.438440E-01  7.472606E-04  5.062090E-06  1.079511E-02  1.865557E-06  6.773071E-06  1.168779E-06
 3.091500E+02  5.441723E-01  5.282316E-04  9.305433E-08  1.234593E-07  1.376831E-07  1.658345E-07  4.439599E-01  7.341123E-04  4.763637E-06  1.059084E-02  1.769781E-06  6.441858E-06  1.120816E-06
 3.101500E+02  5.442788E-01  5.214896E-04  8.984212E-08  1.192289E-07  1.329728E-07  1.602008E-07  4.440727E-01  7.212838E-04  4.484612E-06  1.039186E-02  1.679534E-06  6.128979E-06  1.075145E-06
 3.111500E+02  5.443825E-01  5.148840E-04  8.676333E-08  1.151731E-07  1.284568E-07  1.547982E-07  4.441827E-01  7.087655E-04  4.223639E-06  1.019799E-02  1.594465E-06  5.833310E-06  1.031643E-06
 3.121500E+02  5.444836E-01  5.084114E-04  8.381163E-08  1.112837E-07  1.241259E-07  1.496157E-07  4.442899E-01  6.965486E-04  3.979448E-06  1.000907E-02  1.514247E-06  5.553806E-06  9.901950E-07
 3.131500E+02  5.445821E-01  5.020683E-04  8.098099E-08  1.075529E-07  1.199713E-07  1.446430E-07  4.443943E-01  6.846241E-04  3.750866E-06  9.824961E-03  1.438575E-06  5.289488E-06  9.506908E-07
 3.141500E+02  5.446782E-01  4.958517E-04  7.826572E-08  1.039733E-07  1.159849E-07  1.398705E-07  4.444962E-01  6.729836E-04  3.536807E-06  9.645507E-03  1.367165E-06  5.039444E-06  9.130280E-07
 3.151500E+02  5.447719E-01  4.897583E-04  7.566044E-08  1.005378E-07  1.121587E-07  1.352889E-07  4.445954E-01  6.616189E-04  3.336266E-06  9.470567E-03  1.299752E-06  4.802819E-06  8.771098E-07
 3.161500E+02  5.448633E-01  4.837850E-04  7.316002E-08  9.723983E-08  1.084855E-07  1.308893E-07  4.446922E-01  6.505220E-04  3.148314E-06  9.300003E-03  1.236090E-06  4.578816E-06  8.428451E-07
 3.171500E+02  5.449524E-01  4.779290E-04  7.075961E-08  9.407296E-08  1.049581E-07  1.266634E-07  4.447865E-01  6.396853E-04  2.972090E-06  9.133681E-03  1.175948E-06  4.366688E-06  8.101480E-07
 3.181500E+02  5.450394E-01  4.721872E-04  6.845462E-08  9.103123E-08  1.015699E-07  1.226034E-07  4.448786E-01  6.291014E-04  2.806797E-06  8.971475E-03  1.119111E-06  4.165739E-06  7.789374E-07
 3.191500E+02  5.451243E-01  4.665570E-04  6.624069E-08  8.810896E-08  9.831464E-08  1.187018E-07  4.449683E-01  6.187632E-04  2.651695E-06  8.813260E-03  1.065380E-06  3.975313E-06  7.491372E-07
 3.201500E+02  5.452071E-01  4.610356E-04  6.411368E-08  8.530074E-08  9.518625E-08  1.149514E-07  4.450559E-01  6.086635E-04  2.506099E-06  8.658916E-03  1.014565E-06  3.794801E-06  7.206753E-07
 3.211500E+02  5.452879E-01  4.556203E-04  6.206966E-08  8.260144E-08  9.217904E-08  1.113455E-07  4.451414E-01  5.987958E-04  2.369374E-06  8.508329E-03  9.664936E-07  3.623628E-06  6.934836E-07
 3.221500E+02  5.453668E-01  4.503086E-04  6.010490E-08  8.000620E-08  8.928761E-08  1.078776E-07  4.452248E-01  5.891536E-04  2.240931E-06  8.361388E-03  9.210006E-07  3.461258E-06  6.674982E-07
 3.231500E+02  5.454438E-01  4.450980E-04  5.821586E-08  7.751038E-08  8.650681E-08  1.045417E-07  4.453062E-01  5.797305E-04  2.120221E-06  8.217984E-03  8.779333E-07  3.307189E-06  6.426584E-07
 3.241500E+02  5.455189E-01  4.399861E-04  5.639917E-08  7.510961E-08  8.383176E-08  1.013319E-07  4.453856E-01  5.705206E-04  2.006736E-06  8.078015E-03  8.371487E-07  3.160949E-06  6.189070E-07
 3.251500E+02  5.455924E-01  4.349705E-04  5.465164E-08  7.279968E-08  8.125782E-08  9.824279E-08  4.454631E-01  5.615178E-04  1.900003E-06  7.941379E-03  7.985128E-07  3.022094E-06  5.961901E-07
 3.261500E+02  5.456641E-01  4.300490E-04  5.297023E-08  7.057664E-08  7.878057E-08  9.526907E-08  4.455389E-01  5.527165E-04  1.799585E-06  7.807980E-03  7.619003E-07  2.890211E-06  5.744566E-07
 3.271500E+02  5.457341E-01  4.252192E-04  5.135205E-08  6.843671E-08  7.639580E-08  9.240577E-08  4.456128E-01  5.441112E-04  1.705072E-06  7.677723E-03  7.271938E-07  2.764910E-06  5.536582E-07
 3.281500E+02  5.458025E-01  4.204791E-04  4.979435E-08  6.637630E-08  7.409954E-08  8.964813E-08  4.456850E-01  5.356965E-04  1.616085E-06  7.550520E-03  6.942833E-07  2.645825E-06  5.337493E-07
 3.291500E+02  5.458694E-01  4.158266E-04  4.829453E-08  6.439198E-08  7.188798E-08  8.699165E-08  4.457556E-01  5.274673E-04  1.532271E-06  7.426282E-03  6.630657E-07  2.532613E-06  5.146866E-07
 3.301500E+02  5.459347E-01  4.112595E-04  4.685008E-08  6.248050E-08  6.975749E-08  8.443202E-08  4.458245E-01  5.194186E-04  1.453299E-06  7.304924E-03  6.334446E-07  2.424950E-06  4.964295E-07
 3.311500E+02  5.459985E-01  4.067760E-04  4.545865E-08  6.063877E-08  6.770465E-08  8.196515E-08  4.458918E-01  5.115454E-04  1.378866E-06  7.186366E-03  6.053294E-07  2.322535E-06  4.789391E-07
 3.321500E+02  5.460609E-01  4.023741E-04  4.411799E-08  5.886384E-08  6.572616E-08  7.958714E-08  4.459576E-01  5.038432E-04  1.308683E-06  7.070527E-03  5.786349E-07  2.225081E-06  4.621789E-07
 3.331500E+02  5.461218E-01  3.980518E-04  4.282594E-08  5.715290E-08  6.381891E-08  7.729428E-08  4.460218E-01  4.963072E-04  1.242487E-06  6.957331E-03  5.532816E-07  2.132320E-06  4.461143E-07
 3.341500E+02  5.461815E-01  3.938075E-04  4.158046E-08  5.550327E-08  6.197992E-08  7.508302E-08  4.460847E-01  4.889332E-04  1.180028E-06  6.846705E-03  5.291947E-07  2.044001E-06  4.307123E-07
 3.351500E+02  5.462397E-01  3.896393E-04  4.037962E-08  5.391240E-08  6.020636E-08  7.295000E-08  4.461461E-01  4.817169E-04  1.121076E-06  6.738576E-03  5.063037E-07  1.959885E-06  4.159420E-07
 3.361500E+02  5.462967E-01  3.855454E-04  3.922154E-08  5.237786E-08  5.849551E-08  7.089199E-08  4.462061E-01  4.746540E-04  1.065415E-06  6.632876E-03  4.845427E-07  1.879750E-06  4.017737E-07
 3.371500E+02  5.463525E-01  3.815243E-04  3.810447E-08  5.089734E-08  5.684481E-08  6.890593E-08  4.462648E-01  4.677406E-04  1.012843E-06  6.529538E-03  4.638497E-07  1.803385E-06  3.881796E-07
 3.381500E+02  5.464070E-01  3.775742E-04  3.702672E-08  4.946863E-08  5.525180E-08  6.698890E-08  4.463222E-01  4.609727E-04  9.631718E-07  6.428496E-03  4.441663E-07  1.730592E-06  3.751331E-07
 3.391500E+02  5.464603E-01  3.736935E-04  3.598668E-08  4.808961E-08  5.371413E-08  6.513809E-08  4.463784E-01  4.543467E-04  9.162263E-07  6.329688E-03  4.254378E-07  1.661183E-06  3.626091E-07
 3.401500E+02  5.465125E-01  3.698808E-04  3.498281E-08  4.675828E-08  5.222956E-08  6.335084E-08  4.464333E-01  4.478588E-04  8.718421E-07  6.233053E-03  4.076126E-07  1.594983E-06  3.505837E-07
 3.411500E+02  5.465635E-01  3.661345E-04  3.401365E-08  4.547271E-08  5.079596E-08  6.162462E-08  4.464870E-01  4.415054E-04  8.298658E-07  6.138533E-03  3.906421E-07  1.531826E-06  3.390343E-07
 3.421500E+02  5.466135E-01  3.624531E-04  3.307781E-08  4.423108E-08  4.941129E-08  5.995699E-08  4.465396E-01  4.352832E-04  7.901538E-07  6.046069E-03  3.744807E-07  1.471555E-06  3.279393E-07
 3.431500E+02  5.466624E-01  3.588352E-04  3.217395E-08  4.303163E-08  4.807360E-08  5.834563E-08  4.465910E-01  4.291888E-04  7.525720E-07  5.955608E-03  3.590854E-07  1.414023E-06  3.172783E-07
 3.441500E+02  5.467102E-01  3.552794E-04  3.130080E-08  4.187270E-08  4.678104E-08  5.678833E-08  4.466413E-01  4.232189E-04  7.169948E-07  5.867095E-03  3.444156E-07  1.359090E-06  3.070319E-07
 3.451500E+02  5.467571E-01  3.517844E-04  3.045714E-08  4.075268E-08  4.553183E-08  5.528296E-08  4.466905E-01  4.173704E-04  6.833045E-07  5.780479E-03  3.304334E-07  1.306624E-06  2.971817E-07
 3.461500E+02  5.468029E-01  3.483488E-04  2.964182E-08  3.967005E-08  4.432427E-08  5.382751E-08  4.467387E-01  4.116402E-04  6.513912E-07  5.695710E-03  3.171026E-07  1.256501E-06  2.877102E-07
 3.471500E+02  5.468478E-01  3.449713E-04  2.885371E-08  3.862336E-08  4.315673E-08  5.242004E-08  4.467859E-01  4.060254E-04  6.211517E-07  5.612739E-03  3.043895E-07  1.208604E-06  2.786006E-07
 3.481500E+02  5.468918E-01  3.416507E-04  2.809176E-08  3.761121E-08  4.202768E-08  5.105871E-08  4.468321E-01  4.005231E-04  5.924894E-07  5.531519E-03  2.922621E-07  1.162823E-06  2.698373E-07
 3.491500E+02  5.469348E-01  3.383858E-04  2.735496E-08  3.663226E-08  4.093563E-08  4.974173E-08  4.468773E-01  3.951304E-04  5.653137E-07  5.452004E-03  2.806901E-07  1.119051E-06  2.614050E-07
 3.501500E+02  5.469770E-01  3.351754E-04  2.664233E-08  3.568525E-08  3.987915E-08  4.846742E-08  4.469216E-01  3.898448E-04  5.395398E-07  5.374149E-03  2.696453E-07  1.077190E-06  2.532895E-07
 3.511500E+02  5.470183E-01  3.320183E-04  2.595296E-08  3.476896E-08  3.885690E-08  4.723417E-08  4.469649E-01  3.846634E-04  5.150879E-07  5.297913E-03  2.591007E-07  1.037146E-06  2.454771E-07
 3.521500E+02  5.470587E-01  3.289134E-04  2.528594E-08  3.388222E-08  3.786757E-08  4.604041E-08  4.470074E-01  3.795839E-04  4.918833E-07  5.223253E-03  2.490310E-07  9.988314E-07  2.379549E-07
 3.531500E+02  5.470984E-01  3.258595E-04  2.464044E-08  3.302390E-08  3.690992E-08  4.488467E-08  4.470490E-01  3.746037E-04  4.698559E-07  5.150129E-03  2.394124E-07  9.621610E-07  2.307104E-07
 3.541500E+02  5.471372E-01  3.228557E-04  2.401564E-08  3.219296E-08  3.598277E-08  4.376553E-08  4.470897E-01  3.697204E-04  4.489398E-07  5.078501E-03  2.302221E-07  9.270559E-07  2.237319E-07
 3.551500E+02  5.471753E-01  3.199009E-04  2.341076E-08  3.138835E-08  3.508497E-08  4.268163E-08  4.471297E-01  3.649316E-04  4.290732E-07  5.008333E-03  2.214388E-07  8.934409E-07  2.170082E-07
 3.561500E+02  5.472126E-01  3.169940E-04  2.282506E-08  3.060911E-08  3.421543E-08  4.163166E-08  4.471688E-01  3.602350E-04  4.101981E-07  4.939586E-03  2.130423E-07  8.612448E-07  2.105286E-07
 3.571500E+02  5.472491E-01  3.141340E-04  2.225782E-08  2.985429E-08  3.337312E-08  4.061438E-08  4.472071E-01  3.556285E-04  3.922596E-07  4.872225E-03  2.050136E-07  8.304001E-07  2.042829E-07
 3.581500E+02  5.472850E-01  3.113200E-04  2.170837E-08  2.912300E-08  3.255702E-08  3.962859E-08  4.472447E-01  3.511100E-04  3.752067E-07  4.806216E-03  1.973346E-07  8.008430E-07  1.982614E-07
 3.591500E+02  5.473201E-01  3.085511E-04  2.117604E-08  2.841438E-08  3.176619E-08  3.867315E-08  4.472815E-01  3.466772E-04  3.589908E-07  4.741525E-03  1.899882E-07  7.725128E-07  1.924548E-07
 3.601500E+02  5.473546E-01  3.058263E-04  2.066022E-08  2.772759E-08  3.099970E-08  3.774695E-08  4.473176E-01  3.423282E-04  3.435668E-07  4.678118E-03  1.829583E-07  7.453522E-07  1.868543E-07
 3.611500E+02  5.473883E-01  3.031447E-04  2.016030E-08  2.706185E-08  3.025666E-08  3.684894E-08  4.473530E-01  3.380610E-04  3.288918E-07  4.615965E-03  1.762295E-07  7.193067E-07  1.814515E-07
 3.621500E+02  5.474215E-01  3.005054E-04  1.967570E-08  2.641640E-08  2.953625E-08  3.597812E-08  4.473877E-01  3.338737E-04  3.149256E-07  4.555034E-03  1.697874E-07  6.943247E-07  1.762384E-07
 3.631500E+02  5.474539E-01  2.979076E-04  1.920588E-08  2.579051E-08  2.883764E-08  3.513351E-08  4.474217E-01  3.297644E-04  3.016304E-07  4.495296E-03  1.636182E-07  6.703570E-07  1.712072E-07
 3.641500E+02  5.474858E-01  2.953505E-04  1.875029E-08  2.518348E-08  2.816006E-08  3.431418E-08  4.474550E-01  3.257313E-04  2.889705E-07  4.436721E-03  1.577090E-07  6.473573E-07  1.663507E-07
 3.651500E+02  5.475171E-01  2.928332E-04  1.830844E-08  2.459464E-08  2.750276E-08  3.351924E-08  4.474877E-01  3.217726E-04  2.769122E-07  4.379281E-03  1.520475E-07  6.252814E-07  1.616618E-07
 3.661500E+02  5.475477E-01  2.903549E-04  1.787984E-08  2.402336E-08  2.686502E-08  3.274784E-08  4.475198E-01  3.178867E-04  2.654241E-07  4.322949E-03  1.466220E-07  6.040874E-07  1.571339E-07
 3.671500E+02  5.475778E-01  2.879149E-04  1.746401E-08  2.346901E-08  2.624617E-08  3.199914E-08  4.475513E-01  3.140718E-04  2.544761E-07  4.267698E-03  1.414214E-07  5.837353E-07  1.527606E-07
 3.681500E+02  5.476073E-01  2.855124E-04  1.706052E-08  2.293101E-08  2.564554E-08  3.127237E-08  4.475822E-01  3.103263E-04  2.440403E-07  4.213502E-03  1.364352E-07  5.641875E-07  1.485358E-07
 3.691500E+02  5.476363E-01  2.831466E-04  1.666892E-08  2.240877E-08  2.506249E-08  3.056676E-08  4.476124E-01  3.066486E-04  2.340899E-07  4.160337E-03  1.316535E-07  5.454079E-07  1.444537E-07
 3.701500E+02  5.476647E-01  2.808169E-04  1.628881E-08  2.190177E-08  2.449643E-08  2.988159E-08  4.476422E-01  3.030373E-04  2.246001E-07  4.108177E-03  1.270669E-07  5.273624E-07  1.405086E-07
 3.711500E+02  5.476926E-01  2.785226E-04  1.591978E-08  2.140946E-08  2.394675E-08  2.921615E-08  4.476713E-01  2.994907E-04  2.155471E-07  4.056999E-03  1.226664E-07  5.100185E-07  1.366954E-07
 3.721500E+02  5.477200E-01  2.762628E-04  1.556146E-08  2.093136E-08  2.341291E-08  2.856978E-08  4.476999E-01  2.960075E-04  2.069087E-07  4.006779E-03  1.184434E-07  4.933453E-07  1.330088E-07
 3.731500E+02  5.477468E-01  2.740371E-04  1.521348E-08  2.046697E-08  2.289437E-08  2.794182E-08  4.477280E-01  2.925862E-04  1.986638E-07  3.957496E-03  1.143900E-07  4.773134E-07  1.294440E-07
 3.741500E+02  5.477732E-01  2.718447E-04  1.487549E-08  2.001582E-08  2.239060E-08  2.733165E-08  4.477556E-01  2.892254E-04  1.907925E-07  3.909127E-03  1.104984E-07  4.618948E-07  1.259964E-07
 3.751500E+02  5.477991E-01  2.696849E-04  1.454714E-08  1.957748E-08  2.190111E-08  2.673869E-08  4.477827E-01  2.859238E-04  1.832761E-07  3.861652E-03  1.067613E-07  4.470631E-07  1.226615E-07
 3.761500E+02  5.478246E-01  2.675572E-04  1.422811E-08  1.915152E-08  2.142541E-08  2.616234E-08  4.478092E-01  2.826802E-04  1.760966E-07  3.815049E-03  1.031719E-07  4.327927E-07  1.194349E-07
 3.771500E+02  5.478496E-01  2.654610E-04  1.391808E-08  1.873750E-08  2.096306E-08  2.560207E-08  4.478353E-01  2.794931E-04  1.692375E-07  3.769298E-03  9.972349E-08  4.190597E-07  1.163128E-07
 3.781500E+02  5.478741E-01  2.633956E-04  1.361677E-08  1.833505E-08  2.051359E-08  2.505733E-08  4.478609E-01  2.763614E-04  1.626828E-07  3.724380E-03  9.640988E-08  4.058410E-07  1.132910E-07
 3.791500E+02  5.478982E-01  2.613604E-04  1.332387E-08  1.794378E-08  2.007660E-08  2.452762E-08  4.478861E-01  2.732838E-04  1.564174E-07  3.680277E-03  9.322511E-08  3.931147E-07  1.103659E-07
 3.801500E+02  5.479219E-01  2.593550E-04  1.303911E-08  1.756332E-08  1.965166E-08  2.401244E-08  4.479108E-01  2.702593E-04  1.504272E-07  3.636968E-03  9.016351E-08  3.808602E-07  1.075339E-07
 3.811500E+02  5.479451E-01  2.573786E-04  1.276222E-08  1.719330E-08  1.923838E-08  2.351133E-08  4.479350E-01  2.672865E-04  1.446987E-07  3.594437E-03  8.721970E-08  3.690573E-07  1.047915E-07
 3.821500E+02  5.479679E-01  2.554309E-04  1.249295E-08  1.683341E-08  1.883638E-08  2.302382E-08  4.479588E-01  2.643645E-04  1.392193E-07  3.552666E-03  8.438855E-08  3.576874E-07  1.021355E-07
 3.831500E+02  5.479904E-01  2.535112E-04  1.223103E-08  1.648330E-08  1.844530E-08  2.254948E-08  4.479822E-01  2.614921E-04  1.339768E-07  3.511638E-03  8.166520E-08  3.467322E-07  9.956263E-08
 3.841500E+02  5.480124E-01  2.516191E-04  1.197624E-08  1.614265E-08  1.806479E-08  2.208787E-08  4.480052E-01  2.586683E-04  1.289599E-07  3.471336E-03  7.904499E-08  3.361745E-07  9.706993E-08
 3.851500E+02  5.480341E-01  2.497540E-04  1.172835E-08  1.581117E-08  1.769450E-08  2.163861E-08  4.480278E-01  2.558920E-04  1.241577E-07  3.431744E-03  7.652351E-08  3.259981E-07  9.465447E-08
 3.861500E+02  5.480554E-01  2.479154E-04  1.148712E-08  1.548857E-08  1.733410E-08  2.120128E-08  4.480500E-01  2.531622E-04  1.195601E-07  3.392847E-03  7.409654E-08  3.161871E-07  9.231347E-08
 3.871500E+02  5.480763E-01  2.461029E-04  1.125236E-08  1.517455E-08  1.698329E-08  2.077552E-08  4.480718E-01  2.504779E-04  1.151572E-07  3.354628E-03  7.176006E-08  3.067266E-07  9.004426E-08
 3.881500E+02  5.480969E-01  2.443159E-04  1.102385E-08  1.486884E-08  1.664175E-08  2.036096E-08  4.480932E-01  2.478382E-04  1.109400E-07  3.317074E-03  6.951027E-08  2.976024E-07  8.784427E-08
 3.891500E+02  5.481171E-01  2.425541E-04  1.080139E-08  1.457119E-08  1.630921E-08  1.995724E-08  4.481143E-01  2.452422E-04  1.068996E-07  3.280169E-03  6.734350E-08  2.888008E-07  8.571104E-08
 3.901500E+02  5.481370E-01  2.408169E-04  1.058480E-08  1.428134E-08  1.598536E-08  1.956404E-08  4.481350E-01  2.426889E-04  1.030278E-07  3.243900E-03  6.525629E-08  2.803089E-07  8.364221E-08
 3.911500E+02  5.481565E-01  2.391039E-04  1.037388E-08  1.399905E-08  1.566995E-08  1.918102E-08  4.481553E-01  2.401774E-04  9.931683E-08  3.208252E-03  6.324533E-08  2.721142E-07  8.163551E-08
 3.921500E+02  5.481758E-01  2.374147E-04  1.016847E-08  1.372408E-08  1.536272E-08  1.880787E-08  4.481753E-01  2.377069E-04  9.575913E-08  3.173212E-03  6.130744E-08  2.642048E-07  7.968877E-08
 3.931500E+02  5.481947E-01  2.357488E-04  9.968394E-09  1.345621E-08  1.506340E-08  1.844428E-08  4.481950E-01  2.352765E-04  9.234768E-08  3.138768E-03  5.943963E-08  2.565695E-07  7.779988E-08
 3.941500E+02  5.482132E-01  2.341059E-04  9.773481E-09  1.319521E-08  1.477175E-08  1.808996E-08  4.482143E-01  2.328855E-04  8.907575E-08  3.104906E-03  5.763900E-08  2.491972E-07  7.596685E-08
 3.951500E+02  5.482315E-01  2.324855E-04  9.583574E-09  1.294088E-08  1.448754E-08  1.774463E-08  4.482334E-01  2.305329E-04  8.593697E-08  3.071614E-03  5.590282E-08  2.420778E-07  7.418774E-08
 3.961500E+02  5.482495E-01  2.308872E-04  9.398520E-09  1.269301E-08  1.421055E-08  1.740802E-08  4.482520E-01  2.282181E-04  8.292529E-08  3.038880E-03  5.422847E-08  2.352013E-07  7.246070E-08
 3.971500E+02  5.482671E-01  2.293106E-04  9.218172E-09  1.245141E-08  1.394055E-08  1.707986E-08  4.482704E-01  2.259402E-04  8.003495E-08  3.006692E-03  5.261343E-08  2.285582E-07  7.078394E-08
 3.981500E+02  5.482845E-01  2.277554E-04  9.042385E-09  1.221588E-08  1.367733E-08  1.675990E-08  4.482885E-01  2.236985E-04  7.726050E-08  2.975038E-03  5.105533E-08  2.221394E-07  6.915576E-08
 3.991500E+02  5.483016E-01  2.262212E-04  8.871023E-09  1.198625E-08  1.342069E-08  1.644789E-08  4.483063E-01  2.214922E-04  7.459672E-08  2.943908E-03  4.955188E-08  2.159364E-07  6.757451E-08
