#         T/K            c1          c2-1          c3-4          c3-5          c3-7          c3-9            w1            w2          w3-1          w3-2        c1w1-2        c1w2-1        c2w1-1        c2w1-9
 2.731500E+02  7.789261E-02  2.045229E-05  1.421820E-09  1.866173E-09  2.076266E-09  2.475689E-09  7.526683E-01  1.980238E-02  5.299022E-03  7.435094E-05  1.440336E-01  2.082764E-04  5.803496E-07  5.096084E-07
 2.741500E+02  7.871283E-02  2.048897E-05  1.395454E-09  1.832187E-09  2.038606E-09  2.431550E-09  7.542737E-01  1.940111E-02  4.921314E-03  7.173471E-05  1.424002E-01  1.975981E-04  5.639282E-07  4.947615E-07
 2.751500E+02  7.952613E-02  2.052163E-05  1.369414E-09  1.798603E-09  2.001386E-09  2.387904E-09  7.558330E-01  1.900964E-02  4.572604E-03  6.922381E-05  1.407803E-01  1.875138E-04  5.479822E-07  4.803595E-07
 2.761500E+02  8.033236E-02  2.055028E-05  1.343704E-09  1.765423E-09  1.964610E-09  2.344754E-09  7.573488E-01  1.862776E-02  4.250535E-03  6.681384E-05  1.391742E-01  1.779886E-04  5.324981E-07  4.663894E-07
 2.771500E+02  8.113137E-02  2.057496E-05  1.318323E-09  1.732650E-09  1.928280E-09  2.302104E-09  7.588232E-01  1.825528E-02  3.952951E-03  6.450059E-05  1.375822E-01  1.689895E-04  5.174632E-07  4.528384E-07
 2.781500E+02  8.192303E-02  2.059572E-05  1.293274E-09  1.700288E-09  1.892400E-09  2.259961E-09  7.602583E-01  1.789197E-02  3.677876E-03  6.227996E-05  1.360045E-01  1.604857E-04  5.028648E-07  4.396944E-07
 2.791500E+02  8.270725E-02  2.061261E-05  1.268559E-09  1.668338E-09  1.856974E-09  2.218329E-09  7.616561E-01  1.753764E-02  3.423502E-03  6.014804E-05  1.344414E-01  1.524482E-04  4.886909E-07  4.269454E-07
 2.801500E+02  8.348390E-02  2.062568E-05  1.244180E-09  1.636806E-09  1.822006E-09  2.177214E-09  7.630182E-01  1.719206E-02  3.188170E-03  5.810105E-05  1.328932E-01  1.448498E-04  4.749296E-07  4.145800E-07
 2.811500E+02  8.425290E-02  2.063500E-05  1.220138E-09  1.605693E-09  1.787499E-09  2.136621E-09  7.643464E-01  1.685503E-02  2.970363E-03  5.613537E-05  1.313600E-01  1.376649E-04  4.615695E-07  4.025870E-07
 2.821500E+02  8.501416E-02  2.064062E-05  1.196436E-09  1.575004E-09  1.753458E-09  2.096556E-09  7.656422E-01  1.652633E-02  2.768689E-03  5.424751E-05  1.298420E-01  1.308694E-04  4.485994E-07  3.909556E-07
 2.831500E+02  8.576761E-02  2.064261E-05  1.173075E-09  1.544741E-09  1.719886E-09  2.057024E-09  7.669070E-01  1.620576E-02  2.581873E-03  5.243413E-05  1.283394E-01  1.244409E-04  4.360084E-07  3.796751E-07
 2.841500E+02  8.651319E-02  2.064106E-05  1.150058E-09  1.514908E-09  1.686787E-09  2.018029E-09  7.681421E-01  1.589311E-02  2.408744E-03  5.069205E-05  1.268524E-01  1.183581E-04  4.237859E-07  3.687353E-07
 2.851500E+02  8.725084E-02  2.063603E-05  1.127386E-09  1.485507E-09  1.654164E-09  1.979577E-09  7.693488E-01  1.558818E-02  2.248231E-03  4.901819E-05  1.253809E-01  1.126012E-04  4.119215E-07  3.581263E-07
 2.861500E+02  8.798052E-02  2.062760E-05  1.105060E-09  1.456540E-09  1.622019E-09  1.941671E-09  7.705282E-01  1.529076E-02  2.099350E-03  4.740963E-05  1.239253E-01  1.071513E-04  4.004053E-07  3.478383E-07
 2.871500E+02  8.870219E-02  2.061586E-05  1.083081E-09  1.428010E-09  1.590355E-09  1.904315E-09  7.716813E-01  1.500066E-02  1.961198E-03  4.586356E-05  1.224854E-01  1.019911E-04  3.892274E-07  3.378619E-07
 2.881500E+02  8.941581E-02  2.060088E-05  1.061450E-09  1.399919E-09  1.559174E-09  1.867513E-09  7.728093E-01  1.471768E-02  1.832945E-03  4.437731E-05  1.210615E-01  9.710385E-05  3.783783E-07  3.281879E-07
 2.891500E+02  9.012137E-02  2.058275E-05  1.040168E-09  1.372267E-09  1.528478E-09  1.831266E-09  7.739129E-01  1.444163E-02  1.713832E-03  4.294830E-05  1.196535E-01  9.247416E-05  3.678485E-07  3.188073E-07
 2.901500E+02  9.081885E-02  2.056156E-05  1.019235E-09  1.345055E-09  1.498268E-09  1.795578E-09  7.749932E-01  1.417233E-02  1.603159E-03  4.157409E-05  1.182616E-01  8.808741E-05  3.576291E-07  3.097115E-07
 2.911500E+02  9.150824E-02  2.053738E-05  9.986505E-10  1.318285E-09  1.468545E-09  1.760450E-09  7.760509E-01  1.390960E-02  1.500283E-03  4.025234E-05  1.168856E-01  8.392988E-05  3.477111E-07  3.008919E-07
 2.921500E+02  9.218953E-02  2.051031E-05  9.784146E-10  1.291956E-09  1.439308E-09  1.725882E-09  7.770868E-01  1.365325E-02  1.404613E-03  3.898081E-05  1.155257E-01  7.998868E-05  3.380859E-07  2.923404E-07
 2.931500E+02  9.286274E-02  2.048044E-05  9.585266E-10  1.266068E-09  1.410559E-09  1.691876E-09  7.781015E-01  1.340311E-02  1.315608E-03  3.775736E-05  1.141819E-01  7.625167E-05  3.287451E-07  2.840488E-07
 2.941500E+02  9.352787E-02  2.044785E-05  9.389855E-10  1.240621E-09  1.382296E-09  1.658432E-09  7.790959E-01  1.315901E-02  1.232767E-03  3.657996E-05  1.128541E-01  7.270744E-05  3.196804E-07  2.760095E-07
 2.951500E+02  9.418493E-02  2.041263E-05  9.197901E-10  1.215613E-09  1.354518E-09  1.625549E-09  7.800706E-01  1.292080E-02  1.155630E-03  3.544665E-05  1.115423E-01  6.934527E-05  3.108839E-07  2.682147E-07
 2.961500E+02  9.483395E-02  2.037486E-05  9.009391E-10  1.191043E-09  1.327225E-09  1.593225E-09  7.810260E-01  1.268829E-02  1.083774E-03  3.435558E-05  1.102465E-01  6.615505E-05  3.023478E-07  2.606572E-07
 2.971500E+02  9.547494E-02  2.033463E-05  8.824306E-10  1.166910E-09  1.300413E-09  1.561461E-09  7.819630E-01  1.246135E-02  1.016810E-03  3.330497E-05  1.089666E-01  6.312729E-05  2.940643E-07  2.533297E-07
 2.981500E+02  9.610794E-02  2.029204E-05  8.642627E-10  1.143210E-09  1.274082E-09  1.530253E-09  7.828818E-01  1.223982E-02  9.543775E-04  3.229312E-05  1.077027E-01  6.025302E-05  2.860262E-07  2.462252E-07
 2.991500E+02  9.673298E-02  2.024716E-05  8.464331E-10  1.119943E-09  1.248228E-09  1.499599E-09  7.837832E-01  1.202354E-02  8.961465E-04  3.131841E-05  1.064545E-01  5.752385E-05  2.782263E-07  2.393369E-07
 3.001500E+02  9.735009E-02  2.020007E-05  8.289394E-10  1.097105E-09  1.222849E-09  1.469497E-09  7.846676E-01  1.181238E-02  8.418112E-04  3.037930E-05  1.052221E-01  5.493182E-05  2.706574E-07  2.326583E-07
 3.011500E+02  9.795932E-02  2.015088E-05  8.117788E-10  1.074693E-09  1.197941E-09  1.439942E-09  7.855354E-01  1.160619E-02  7.910903E-04  2.947431E-05  1.040054E-01  5.246948E-05  2.633127E-07  2.261829E-07
 3.021500E+02  9.856071E-02  2.009964E-05  7.949486E-10  1.052703E-09  1.173501E-09  1.410933E-09  7.863871E-01  1.140484E-02  7.437238E-04  2.860203E-05  1.028043E-01  5.012978E-05  2.561857E-07  2.199044E-07
 3.031500E+02  9.915432E-02  2.004646E-05  7.784457E-10  1.031133E-09  1.149525E-09  1.382463E-09  7.872231E-01  1.120819E-02  6.994718E-04  2.776111E-05  1.016187E-01  4.790611E-05  2.492698E-07  2.138168E-07
 3.041500E+02  9.974018E-02  1.999140E-05  7.622666E-10  1.009979E-09  1.126009E-09  1.354530E-09  7.880439E-01  1.101612E-02  6.581128E-04  2.695027E-05  1.004485E-01  4.579221E-05  2.425587E-07  2.079143E-07
 3.051500E+02  1.003183E-01  1.993455E-05  7.464081E-10  9.892354E-10  1.102948E-09  1.327128E-09  7.888497E-01  1.082850E-02  6.194421E-04  2.616828E-05  9.929365E-02  4.378220E-05  2.360463E-07  2.021910E-07
 3.061500E+02  1.008889E-01  1.987599E-05  7.308666E-10  9.688992E-10  1.080338E-09  1.300252E-09  7.896411E-01  1.064521E-02  5.832705E-04  2.541397E-05  9.815397E-02  4.187053E-05  2.297266E-07  1.966415E-07
 3.071500E+02  1.014519E-01  1.981578E-05  7.156382E-10  9.489655E-10  1.058173E-09  1.273896E-09  7.904182E-01  1.046613E-02  5.494230E-04  2.468621E-05  9.702938E-02  4.005197E-05  2.235938E-07  1.912603E-07
 3.081500E+02  1.020073E-01  1.975401E-05  7.007192E-10  9.294297E-10  1.036449E-09  1.248057E-09  7.911816E-01  1.029115E-02  5.177379E-04  2.398393E-05  9.591976E-02  3.832157E-05  2.176423E-07  1.860422E-07
 3.091500E+02  1.025553E-01  1.969076E-05  6.861056E-10  9.102869E-10  1.015161E-09  1.222726E-09  7.919314E-01  1.012016E-02  4.880653E-04  2.330611E-05  9.482498E-02  3.667469E-05  2.118666E-07  1.809821E-07
 3.101500E+02  1.030960E-01  1.962608E-05  6.717932E-10  8.915322E-10  9.943025E-10  1.197899E-09  7.926680E-01  9.953043E-03  4.602666E-04  2.265178E-05  9.374492E-02  3.510694E-05  2.062614E-07  1.760751E-07
 3.111500E+02  1.036293E-01  1.956005E-05  6.577779E-10  8.731604E-10  9.738684E-10  1.173570E-09  7.933918E-01  9.789704E-03  4.342135E-04  2.201999E-05  9.267945E-02  3.361416E-05  2.008215E-07  1.713164E-07
 3.121500E+02  1.041553E-01  1.949275E-05  6.440554E-10  8.551663E-10  9.538528E-10  1.149730E-09  7.941030E-01  9.630037E-03  4.097869E-04  2.140986E-05  9.162842E-02  3.219246E-05  1.955419E-07  1.667014E-07
 3.131500E+02  1.046742E-01  1.942423E-05  6.306214E-10  8.375446E-10  9.342499E-10  1.126375E-09  7.948018E-01  9.473945E-03  3.868766E-04  2.082052E-05  9.059172E-02  3.083812E-05  1.904177E-07  1.622255E-07
 3.141500E+02  1.051860E-01  1.935456E-05  6.174714E-10  8.202896E-10  9.150537E-10  1.103498E-09  7.954886E-01  9.321331E-03  3.653803E-04  2.025117E-05  8.956919E-02  2.954768E-05  1.854442E-07  1.578844E-07
 3.151500E+02  1.056907E-01  1.928381E-05  6.046011E-10  8.033960E-10  8.962581E-10  1.081091E-09  7.961637E-01  9.172104E-03  3.452033E-04  1.970102E-05  8.856069E-02  2.831783E-05  1.806167E-07  1.536739E-07
 3.161500E+02  1.061885E-01  1.921204E-05  5.920058E-10  7.868581E-10  8.778569E-10  1.059147E-09  7.968272E-01  9.026173E-03  3.262575E-04  1.916932E-05  8.756608E-02  2.714546E-05  1.759308E-07  1.495898E-07
 3.171500E+02  1.066794E-01  1.913930E-05  5.796811E-10  7.706701E-10  8.598439E-10  1.037660E-09  7.974794E-01  8.883452E-03  3.084612E-04  1.865536E-05  8.658521E-02  2.602764E-05  1.713822E-07  1.456282E-07
 3.181500E+02  1.071634E-01  1.906567E-05  5.676224E-10  7.548265E-10  8.422128E-10  1.016622E-09  7.981205E-01  8.743854E-03  2.917385E-04  1.815845E-05  8.561793E-02  2.496158E-05  1.669666E-07  1.417852E-07
 3.191500E+02  1.076408E-01  1.899118E-05  5.558251E-10  7.393215E-10  8.249573E-10  9.960256E-10  7.987509E-01  8.607299E-03  2.760190E-04  1.767794E-05  8.466409E-02  2.394467E-05  1.626800E-07  1.380570E-07
 3.201500E+02  1.081115E-01  1.891591E-05  5.442845E-10  7.241492E-10  8.080710E-10  9.758644E-10  7.993707E-01  8.473705E-03  2.612371E-04  1.721321E-05  8.372354E-02  2.297441E-05  1.585184E-07  1.344402E-07
 3.211500E+02  1.085755E-01  1.883990E-05  5.329962E-10  7.093039E-10  7.915474E-10  9.561306E-10  7.999800E-01  8.342997E-03  2.473320E-04  1.676365E-05  8.279614E-02  2.204847E-05  1.544780E-07  1.309310E-07
 3.221500E+02  1.090331E-01  1.876320E-05  5.219554E-10  6.947798E-10  7.753803E-10  9.368170E-10  8.005793E-01  8.215099E-03  2.342470E-04  1.632868E-05  8.188171E-02  2.116462E-05  1.505551E-07  1.275262E-07
 3.231500E+02  1.094843E-01  1.868587E-05  5.111576E-10  6.805710E-10  7.595631E-10  9.179161E-10  8.011685E-01  8.089937E-03  2.219293E-04  1.590776E-05  8.098011E-02  2.032076E-05  1.467459E-07  1.242225E-07
 3.241500E+02  1.099291E-01  1.860796E-05  5.005983E-10  6.666718E-10  7.440896E-10  8.994206E-10  8.017480E-01  7.967442E-03  2.103300E-04  1.550037E-05  8.009119E-02  1.951490E-05  1.430472E-07  1.210166E-07
 3.251500E+02  1.103677E-01  1.852951E-05  4.902727E-10  6.530764E-10  7.289532E-10  8.813232E-10  8.023180E-01  7.847544E-03  1.994033E-04  1.510599E-05  7.921479E-02  1.874517E-05  1.394553E-07  1.179055E-07
 3.261500E+02  1.108000E-01  1.845056E-05  4.801764E-10  6.397790E-10  7.141478E-10  8.636165E-10  8.028785E-01  7.730177E-03  1.891067E-04  1.472415E-05  7.835075E-02  1.800979E-05  1.359671E-07  1.148862E-07
 3.271500E+02  1.112262E-01  1.837117E-05  4.703050E-10  6.267739E-10  6.996668E-10  8.462932E-10  8.034299E-01  7.615275E-03  1.794005E-04  1.435437E-05  7.749892E-02  1.730706E-05  1.325794E-07  1.119557E-07
 3.281500E+02  1.116464E-01  1.829138E-05  4.606538E-10  6.140554E-10  6.855042E-10  8.293461E-10  8.039722E-01  7.502777E-03  1.702479E-04  1.399622E-05  7.665914E-02  1.663539E-05  1.292890E-07  1.091114E-07
 3.291500E+02  1.120607E-01  1.821122E-05  4.512185E-10  6.016179E-10  6.716535E-10  8.127679E-10  8.045057E-01  7.392621E-03  1.616142E-04  1.364927E-05  7.583126E-02  1.599328E-05  1.260930E-07  1.063504E-07
 3.301500E+02  1.124690E-01  1.813074E-05  4.419947E-10  5.894557E-10  6.581086E-10  7.965515E-10  8.050306E-01  7.284748E-03  1.534675E-04  1.331311E-05  7.501511E-02  1.537928E-05  1.229884E-07  1.036702E-07
 3.311500E+02  1.128716E-01  1.804997E-05  4.329780E-10  5.775634E-10  6.448634E-10  7.806897E-10  8.055469E-01  7.179101E-03  1.457775E-04  1.298735E-05  7.421055E-02  1.479204E-05  1.199725E-07  1.010681E-07
 3.321500E+02  1.132684E-01  1.796896E-05  4.241640E-10  5.659352E-10  6.319118E-10  7.651755E-10  8.060549E-01  7.075623E-03  1.385165E-04  1.267161E-05  7.341742E-02  1.423028E-05  1.170425E-07  9.854184E-08
 3.331500E+02  1.136596E-01  1.788774E-05  4.155486E-10  5.545660E-10  6.192477E-10  7.500018E-10  8.065547E-01  6.974261E-03  1.316582E-04  1.236554E-05  7.263557E-02  1.369277E-05  1.141959E-07  9.608889E-08
 3.341500E+02  1.140452E-01  1.780634E-05  4.071276E-10  5.434501E-10  6.068652E-10  7.351618E-10  8.070465E-01  6.874961E-03  1.251781E-04  1.206879E-05  7.186484E-02  1.317837E-05  1.114299E-07  9.370699E-08
 3.351500E+02  1.144254E-01  1.772480E-05  3.988967E-10  5.325825E-10  5.947583E-10  7.206485E-10  8.075304E-01  6.777672E-03  1.190535E-04  1.178102E-05  7.110509E-02  1.268596E-05  1.087422E-07  9.139391E-08
 3.361500E+02  1.148001E-01  1.764315E-05  3.908518E-10  5.219576E-10  5.829214E-10  7.064552E-10  8.080066E-01  6.682345E-03  1.132630E-04  1.150192E-05  7.035615E-02  1.221452E-05  1.061303E-07  8.914749E-08
 3.371500E+02  1.151695E-01  1.756142E-05  3.829890E-10  5.115705E-10  5.713487E-10  6.925753E-10  8.084752E-01  6.588932E-03  1.077867E-04  1.123119E-05  6.961788E-02  1.176305E-05  1.035920E-07  8.696564E-08
 3.381500E+02  1.155336E-01  1.747963E-05  3.753043E-10  5.014160E-10  5.600344E-10  6.790021E-10  8.089364E-01  6.497385E-03  1.026059E-04  1.096852E-05  6.889012E-02  1.133063E-05  1.011249E-07  8.484633E-08
 3.391500E+02  1.158925E-01  1.739783E-05  3.677937E-10  4.914890E-10  5.489730E-10  6.657290E-10  8.093902E-01  6.407660E-03  9.770309E-05  1.071364E-05  6.817274E-02  1.091635E-05  9.872689E-08  8.278762E-08
 3.401500E+02  1.162463E-01  1.731603E-05  3.604533E-10  4.817845E-10  5.381591E-10  6.527498E-10  8.098369E-01  6.319710E-03  9.306196E-05  1.046628E-05  6.746558E-02  1.051938E-05  9.639588E-08  8.078760E-08
 3.411500E+02  1.165950E-01  1.723427E-05  3.532794E-10  4.722978E-10  5.275872E-10  6.400580E-10  8.102765E-01  6.233495E-03  8.866719E-05  1.022617E-05  6.676850E-02  1.013892E-05  9.412980E-08  7.884444E-08
 3.421500E+02  1.169388E-01  1.715256E-05  3.462683E-10  4.630240E-10  5.172519E-10  6.276474E-10  8.107093E-01  6.148971E-03  8.450444E-05  9.993067E-06  6.608134E-02  9.774204E-06  9.192667E-08  7.695638E-08
 3.431500E+02  1.172777E-01  1.707093E-05  3.394162E-10  4.539583E-10  5.071481E-10  6.155119E-10  8.111353E-01  6.066098E-03  8.056028E-05  9.766733E-06  6.540397E-02  9.424511E-06  8.978458E-08  7.512170E-08
 3.441500E+02  1.176117E-01  1.698941E-05  3.327196E-10  4.450962E-10  4.972706E-10  6.036455E-10  8.115546E-01  5.984836E-03  7.682211E-05  9.546934E-06  6.473625E-02  9.089153E-06  8.770167E-08  7.333875E-08
 3.451500E+02  1.179411E-01  1.690801E-05  3.261749E-10  4.364329E-10  4.876143E-10  5.920422E-10  8.119673E-01  5.905147E-03  7.327813E-05  9.333448E-06  6.407802E-02  8.767479E-06  8.567614E-08  7.160590E-08
 3.461500E+02  1.182657E-01  1.682676E-05  3.197786E-10  4.279642E-10  4.781743E-10  5.806962E-10  8.123737E-01  5.826994E-03  6.991725E-05  9.126063E-06  6.342917E-02  8.458869E-06  8.370624E-08  6.992162E-08
 3.471500E+02  1.185857E-01  1.674568E-05  3.135274E-10  4.196855E-10  4.689456E-10  5.696017E-10  8.127737E-01  5.750341E-03  6.672908E-05  8.924573E-06  6.278953E-02  8.162733E-06  8.179031E-08  6.828440E-08
 3.481500E+02  1.189011E-01  1.666479E-05  3.074179E-10  4.115925E-10  4.599236E-10  5.587532E-10  8.131676E-01  5.675151E-03  6.370388E-05  8.728780E-06  6.215898E-02  7.878510E-06  7.992669E-08  6.669279E-08
 3.491500E+02  1.192121E-01  1.658410E-05  3.014468E-10  4.036811E-10  4.511034E-10  5.481451E-10  8.135554E-01  5.601390E-03  6.083249E-05  8.538496E-06  6.153738E-02  7.605668E-06  7.811381E-08  6.514539E-08
 3.501500E+02  1.195187E-01  1.650363E-05  2.956109E-10  3.959469E-10  4.424805E-10  5.377719E-10  8.139373E-01  5.529026E-03  5.810631E-05  8.353536E-06  6.092460E-02  7.343699E-06  7.635015E-08  6.364082E-08
 3.511500E+02  1.198209E-01  1.642341E-05  2.899070E-10  3.883861E-10  4.340503E-10  5.276284E-10  8.143133E-01  5.458025E-03  5.551726E-05  8.173725E-06  6.032051E-02  7.092121E-06  7.463422E-08  6.217779E-08
 3.521500E+02  1.201188E-01  1.634344E-05  2.843321E-10  3.809944E-10  4.258084E-10  5.177094E-10  8.146835E-01  5.388356E-03  5.305776E-05  7.998895E-06  5.972497E-02  6.850475E-06  7.296459E-08  6.075500E-08
 3.531500E+02  1.204125E-01  1.626374E-05  2.788832E-10  3.737682E-10  4.177505E-10  5.080096E-10  8.150481E-01  5.319988E-03  5.072068E-05  7.828882E-06  5.913785E-02  6.618324E-06  7.133986E-08  5.937124E-08
 3.541500E+02  1.207021E-01  1.618433E-05  2.735572E-10  3.667034E-10  4.098723E-10  4.985242E-10  8.154071E-01  5.252892E-03  4.849930E-05  7.663529E-06  5.855903E-02  6.395252E-06  6.975870E-08  5.802531E-08
 3.551500E+02  1.209876E-01  1.610522E-05  2.683513E-10  3.597963E-10  4.021696E-10  4.892481E-10  8.157607E-01  5.187037E-03  4.638733E-05  7.502686E-06  5.798839E-02  6.180862E-06  6.821980E-08  5.671606E-08
 3.561500E+02  1.212690E-01  1.602642E-05  2.632626E-10  3.530433E-10  3.946384E-10  4.801767E-10  8.161090E-01  5.122395E-03  4.437882E-05  7.346207E-06  5.742578E-02  5.974778E-06  6.672190E-08  5.544237E-08
 3.571500E+02  1.215465E-01  1.594795E-05  2.582884E-10  3.464408E-10  3.872746E-10  4.713050E-10  8.164520E-01  5.058940E-03  4.246819E-05  7.193951E-06  5.687110E-02  5.776640E-06  6.526379E-08  5.420317E-08
 3.581500E+02  1.218201E-01  1.586981E-05  2.534260E-10  3.399852E-10  3.800744E-10  4.626287E-10  8.167898E-01  4.996644E-03  4.065018E-05  7.045785E-06  5.632422E-02  5.586107E-06  6.384427E-08  5.299740E-08
 3.591500E+02  1.220898E-01  1.579202E-05  2.486726E-10  3.336731E-10  3.730338E-10  4.541430E-10  8.171225E-01  4.935480E-03  3.891985E-05  6.901577E-06  5.578502E-02  5.402851E-06  6.246221E-08  5.182406E-08
 3.601500E+02  1.223558E-01  1.571459E-05  2.440258E-10  3.275011E-10  3.661492E-10  4.458436E-10  8.174503E-01  4.875424E-03  3.727252E-05  6.761202E-06  5.525339E-02  5.226562E-06  6.111650E-08  5.068218E-08
 3.611500E+02  1.226180E-01  1.563753E-05  2.394829E-10  3.214659E-10  3.594170E-10  4.377262E-10  8.177732E-01  4.816450E-03  3.570382E-05  6.624541E-06  5.472920E-02  5.056944E-06  5.980606E-08  4.957079E-08
 3.621500E+02  1.228766E-01  1.556084E-05  2.350415E-10  3.155643E-10  3.528334E-10  4.297865E-10  8.180913E-01  4.758535E-03  3.420959E-05  6.491475E-06  5.421234E-02  4.893714E-06  5.852986E-08  4.848900E-08
 3.631500E+02  1.231315E-01  1.548454E-05  2.306992E-10  3.097931E-10  3.463950E-10  4.220204E-10  8.184047E-01  4.701655E-03  3.278593E-05  6.361893E-06  5.370270E-02  4.736603E-06  5.728688E-08  4.743591E-08
 3.641500E+02  1.233829E-01  1.540864E-05  2.264535E-10  3.041493E-10  3.400984E-10  4.144238E-10  8.187134E-01  4.645786E-03  3.142917E-05  6.235687E-06  5.320017E-02  4.585354E-06  5.607616E-08  4.641067E-08
 3.651500E+02  1.236308E-01  1.533314E-05  2.223023E-10  2.986298E-10  3.339402E-10  4.069928E-10  8.190175E-01  4.590908E-03  3.013583E-05  6.112751E-06  5.270463E-02  4.439722E-06  5.489676E-08  4.541244E-08
 3.661500E+02  1.238753E-01  1.525805E-05  2.182431E-10  2.932316E-10  3.279172E-10  3.997234E-10  8.193172E-01  4.536996E-03  2.890264E-05  5.992986E-06  5.221597E-02  4.299473E-06  5.374775E-08  4.444043E-08
 3.671500E+02  1.241163E-01  1.518337E-05  2.142739E-10  2.879520E-10  3.220262E-10  3.926120E-10  8.196125E-01  4.484032E-03  2.772650E-05  5.876294E-06  5.173410E-02  4.164383E-06  5.262825E-08  4.349385E-08
 3.681500E+02  1.243540E-01  1.510912E-05  2.103924E-10  2.827880E-10  3.162640E-10  3.856548E-10  8.199035E-01  4.431994E-03  2.660449E-05  5.762582E-06  5.125890E-02  4.034240E-06  5.153741E-08  4.257195E-08
 3.691500E+02  1.245885E-01  1.503530E-05  2.065966E-10  2.777370E-10  3.106275E-10  3.788481E-10  8.201902E-01  4.380861E-03  2.553387E-05  5.651758E-06  5.079027E-02  3.908840E-06  5.047440E-08  4.167401E-08
 3.701500E+02  1.248197E-01  1.496191E-05  2.028844E-10  2.727963E-10  3.051139E-10  3.721886E-10  8.204727E-01  4.330615E-03  2.451202E-05  5.543735E-06  5.032810E-02  3.787989E-06  4.943840E-08  4.079932E-08
 3.711500E+02  1.250477E-01  1.488896E-05  1.992538E-10  2.679632E-10  2.997202E-10  3.656726E-10  8.207512E-01  4.281236E-03  2.353650E-05  5.438429E-06  4.987231E-02  3.671502E-06  4.842865E-08  3.994719E-08
 3.721500E+02  1.252726E-01  1.481646E-05  1.957027E-10  2.632351E-10  2.944435E-10  3.592968E-10  8.210256E-01  4.232706E-03  2.260497E-05  5.335759E-06  4.942277E-02  3.559201E-06  4.744438E-08  3.911697E-08
 3.731500E+02  1.254943E-01  1.474440E-05  1.922295E-10  2.586097E-10  2.892811E-10  3.530579E-10  8.212960E-01  4.185006E-03  2.171523E-05  5.235646E-06  4.897941E-02  3.450918E-06  4.648487E-08  3.830802E-08
 3.741500E+02  1.257131E-01  1.467280E-05  1.888320E-10  2.540844E-10  2.842302E-10  3.469528E-10  8.215626E-01  4.138119E-03  2.086522E-05  5.138013E-06  4.854212E-02  3.346490E-06  4.554941E-08  3.751972E-08
 3.751500E+02  1.259289E-01  1.460165E-05  1.855086E-10  2.496569E-10  2.792883E-10  3.409783E-10  8.218253E-01  4.092027E-03  2.005296E-05  5.042788E-06  4.811080E-02  3.245762E-06  4.463731E-08  3.675146E-08
 3.761500E+02  1.261417E-01  1.453096E-05  1.822575E-10  2.453248E-10  2.744527E-10  3.351312E-10  8.220842E-01  4.046714E-03  1.927660E-05  4.949899E-06  4.768537E-02  3.148588E-06  4.374790E-08  3.600267E-08
 3.771500E+02  1.263516E-01  1.446074E-05  1.790769E-10  2.410859E-10  2.697209E-10  3.294087E-10  8.223395E-01  4.002163E-03  1.853437E-05  4.859279E-06  4.726573E-02  3.054826E-06  4.288055E-08  3.527279E-08
 3.781500E+02  1.265587E-01  1.439098E-05  1.759651E-10  2.369379E-10  2.650905E-10  3.238077E-10  8.225911E-01  3.958358E-03  1.782462E-05  4.770860E-06  4.685179E-02  2.964341E-06  4.203462E-08  3.456126E-08
 3.791500E+02  1.267629E-01  1.432168E-05  1.729205E-10  2.328788E-10  2.605590E-10  3.183255E-10  8.228392E-01  3.915284E-03  1.714577E-05  4.684579E-06  4.644346E-02  2.877004E-06  4.120952E-08  3.386757E-08
 3.801500E+02  1.269644E-01  1.425286E-05  1.699415E-10  2.289064E-10  2.561242E-10  3.129592E-10  8.230838E-01  3.872926E-03  1.649633E-05  4.600375E-06  4.604066E-02  2.792690E-06  4.040465E-08  3.319119E-08
 3.811500E+02  1.271632E-01  1.418451E-05  1.670265E-10  2.250186E-10  2.517836E-10  3.077062E-10  8.233249E-01  3.831268E-03  1.587487E-05  4.518186E-06  4.564329E-02  2.711283E-06  3.961946E-08  3.253165E-08
 3.821500E+02  1.273593E-01  1.411663E-05  1.641739E-10  2.212134E-10  2.475352E-10  3.025637E-10  8.235626E-01  3.790296E-03  1.528007E-05  4.437956E-06  4.525127E-02  2.632668E-06  3.885337E-08  3.188845E-08
 3.831500E+02  1.275528E-01  1.404922E-05  1.613824E-10  2.174889E-10  2.433767E-10  2.975292E-10  8.237969E-01  3.749996E-03  1.471065E-05  4.359628E-06  4.486452E-02  2.556738E-06  3.810587E-08  3.126114E-08
 3.841500E+02  1.277437E-01  1.398229E-05  1.586504E-10  2.138432E-10  2.393059E-10  2.926001E-10  8.240280E-01  3.710354E-03  1.416540E-05  4.283149E-06  4.448296E-02  2.483389E-06  3.737644E-08  3.064925E-08
 3.851500E+02  1.279320E-01  1.391584E-05  1.559765E-10  2.102744E-10  2.353209E-10  2.877740E-10  8.242559E-01  3.671357E-03  1.364320E-05  4.208466E-06  4.410650E-02  2.412522E-06  3.666457E-08  3.005237E-08
 3.861500E+02  1.281178E-01  1.384986E-05  1.533593E-10  2.067807E-10  2.314196E-10  2.830485E-10  8.244806E-01  3.632992E-03  1.314295E-05  4.135528E-06  4.373507E-02  2.344041E-06  3.596978E-08  2.947006E-08
 3.871500E+02  1.283011E-01  1.378436E-05  1.507975E-10  2.033603E-10  2.276000E-10  2.784213E-10  8.247022E-01  3.595245E-03  1.266363E-05  4.064287E-06  4.336858E-02  2.277856E-06  3.529159E-08  2.890191E-08
 3.881500E+02  1.284820E-01  1.371934E-05  1.482897E-10  2.000115E-10  2.238602E-10  2.738899E-10  8.249207E-01  3.558105E-03  1.220426E-05  3.994695E-06  4.300696E-02  2.213880E-06  3.462956E-08  2.834754E-08
 3.891500E+02  1.286605E-01  1.365480E-05  1.458347E-10  1.967327E-10  2.201984E-10  2.694523E-10  8.251362E-01  3.521559E-03  1.176393E-05  3.926706E-06  4.265014E-02  2.152029E-06  3.398323E-08  2.780654E-08
 3.901500E+02  1.288367E-01  1.359073E-05  1.434313E-10  1.935220E-10  2.166127E-10  2.651062E-10  8.253488E-01  3.485595E-03  1.134175E-05  3.860276E-06  4.229803E-02  2.092223E-06  3.335217E-08  2.727856E-08
 3.911500E+02  1.290105E-01  1.352714E-05  1.410781E-10  1.903781E-10  2.131013E-10  2.608495E-10  8.255584E-01  3.450201E-03  1.093689E-05  3.795362E-06  4.195057E-02  2.034385E-06  3.273598E-08  2.676324E-08
 3.921500E+02  1.291820E-01  1.346403E-05  1.387741E-10  1.872992E-10  2.096624E-10  2.566801E-10  8.257652E-01  3.415367E-03  1.054856E-05  3.731922E-06  4.160768E-02  1.978442E-06  3.213423E-08  2.626021E-08
 3.931500E+02  1.293513E-01  1.340139E-05  1.365180E-10  1.842839E-10  2.062945E-10  2.525960E-10  8.259691E-01  3.381081E-03  1.017600E-05  3.669916E-06  4.126929E-02  1.924324E-06  3.154655E-08  2.576914E-08
 3.941500E+02  1.295183E-01  1.333923E-05  1.343088E-10  1.813308E-10  2.029958E-10  2.485952E-10  8.261703E-01  3.347332E-03  9.818508E-06  3.609305E-06  4.093533E-02  1.871963E-06  3.097256E-08  2.528971E-08
 3.951500E+02  1.296832E-01  1.327754E-05  1.321452E-10  1.784382E-10  1.997647E-10  2.446758E-10  8.263688E-01  3.314110E-03  9.475399E-06  3.550051E-06  4.060574E-02  1.821294E-06  3.041187E-08  2.482159E-08
 3.961500E+02  1.298459E-01  1.321633E-05  1.300263E-10  1.756049E-10  1.965996E-10  2.408359E-10  8.265645E-01  3.281404E-03  9.146028E-06  3.492118E-06  4.028044E-02  1.772255E-06  2.986414E-08  2.436448E-08
 3.971500E+02  1.300065E-01  1.315559E-05  1.279510E-10  1.728294E-10  1.934991E-10  2.370737E-10  8.267577E-01  3.249205E-03  8.829783E-06  3.435470E-06  3.995937E-02  1.724786E-06  2.932902E-08  2.391807E-08
 3.981500E+02  1.301651E-01  1.309531E-05  1.259183E-10  1.701104E-10  1.904615E-10  2.333873E-10  8.269482E-01  3.217502E-03  8.526078E-06  3.380072E-06  3.964247E-02  1.678831E-06  2.880617E-08  2.348208E-08
 3.991500E+02  1.303216E-01  1.303551E-05  1.239272E-10  1.674466E-10  1.874855E-10  2.297751E-10  8.271362E-01  3.186285E-03  8.234360E-06  3.325891E-06  3.932966E-02  1.634333E-06  2.829526E-08  2.305622E-08
