#         T/K            c1          c2-1          c3-4          c3-5          c3-7          c3-9            m1          m2-1          m3-1            w1            w2          w3-1          w3-2          c1m1        c1m2-1        c1m2-7        c2m1-1        c1w1-2        c1w2-1        c2w1-1        c2w1-9        m1w1-1        m1w1-4        m1w2-1        m2w1-1        m2w1-3      c1m1w1-1
 2.731500E+02  5.324918E-02  9.299862E-06  4.300284E-10  5.644226E-10  6.279650E-10  7.487702E-10  9.842772E-02  8.075605E-05  7.151417E-07  7.294809E-01  1.809836E-02  4.566981E-03  6.407962E-05  5.435023E-04  8.476262E-08  2.781331E-07  1.530762E-08  9.285214E-02  1.266135E-04  2.488490E-07  2.185157E-07  9.614061E-04  1.308733E-03  2.031094E-04  9.922851E-06  1.256742E-05  3.143700E-06
 2.741500E+02  5.379576E-02  9.314825E-06  4.220091E-10  5.540848E-10  6.165094E-10  7.353425E-10  9.846491E-02  7.883227E-05  6.600385E-07  7.307641E-01  1.772444E-02  4.239600E-03  6.179782E-05  5.348224E-04  7.979935E-08  2.626951E-07  1.475233E-08  9.177214E-02  1.200828E-04  2.417553E-07  2.121037E-07  9.404880E-04  1.280176E-03  1.882842E-04  9.180193E-06  1.163147E-05  2.968881E-06
 2.751500E+02  5.433739E-02  9.327926E-06  4.140880E-10  5.438673E-10  6.051856E-10  7.220621E-10  9.850077E-02  7.696946E-05  6.095649E-07  7.320060E-01  1.735989E-02  3.937504E-03  5.960915E-05  5.262993E-04  7.515572E-08  2.482042E-07  1.421882E-08  9.070163E-02  1.139176E-04  2.348681E-07  2.058847E-07  9.201551E-04  1.252423E-03  1.746308E-04  8.497961E-06  1.077133E-05  2.804685E-06
 2.761500E+02  5.487397E-02  9.339184E-06  4.062657E-10  5.337714E-10  5.939950E-10  7.089306E-10  9.853538E-02  7.516526E-05  5.633014E-07  7.332090E-01  1.700450E-02  3.658625E-03  5.750966E-05  5.179298E-04  7.080929E-08  2.345969E-07  1.370615E-08  8.964082E-02  1.080962E-04  2.281816E-07  1.998532E-07  9.003895E-04  1.225447E-03  1.620504E-04  7.870877E-06  9.980421E-06  2.650417E-06
 2.771500E+02  5.540543E-02  9.348617E-06  3.985429E-10  5.237982E-10  5.829391E-10  6.959501E-10  9.856879E-02  7.341744E-05  5.208689E-07  7.343750E-01  1.665805E-02  3.401072E-03  5.549553E-05  5.097108E-04  6.673936E-08  2.218141E-07  1.321345E-08  8.858989E-02  1.025983E-04  2.216901E-07  1.940038E-07  8.811737E-04  1.199225E-03  1.504528E-04  7.294152E-06  9.252746E-06  2.505430E-06
 2.781500E+02  5.593169E-02  9.356251E-06  3.909204E-10  5.139490E-10  5.720193E-10  6.831226E-10  9.860107E-02  7.172386E-05  4.819252E-07  7.355062E-01  1.632035E-02  3.163112E-03  5.356311E-05  5.016394E-04  6.292676E-08  2.098014E-07  1.273987E-08  8.754901E-02  9.740485E-05  2.153883E-07  1.883310E-07  8.624907E-04  1.173733E-03  1.397560E-04  6.763439E-06  8.582872E-06  2.369123E-06
 2.791500E+02  5.645268E-02  9.362110E-06  3.833992E-10  5.042252E-10  5.612371E-10  6.704502E-10  9.863227E-02  7.008248E-05  4.461604E-07  7.366043E-01  1.599118E-02  2.943161E-03  5.170886E-05  4.937128E-04  5.935381E-08  1.985080E-07  1.228462E-08  8.651833E-02  9.249782E-05  2.092710E-07  1.828299E-07  8.443239E-04  1.148949E-03  1.298852E-04  6.274791E-06  7.965859E-06  2.240936E-06
 2.801500E+02  5.696834E-02  9.366225E-06  3.759800E-10  4.946280E-10  5.505940E-10  6.579347E-10  9.866243E-02  6.849134E-05  4.132946E-07  7.376709E-01  1.567032E-02  2.739769E-03  4.992940E-05  4.859282E-04  5.600412E-08  1.878868E-07  1.184693E-08  8.549798E-02  8.786043E-05  2.033330E-07  1.774953E-07  8.266573E-04  1.124850E-03  1.207721E-04  5.824621E-06  7.397219E-06  2.120348E-06
 2.811500E+02  5.747862E-02  9.368625E-06  3.686636E-10  4.851588E-10  5.400915E-10  6.455784E-10  9.869162E-02  6.694858E-05  3.830739E-07  7.387077E-01  1.535758E-02  2.551606E-03  4.822148E-05  4.782830E-04  5.286252E-08  1.778943E-07  1.142610E-08  8.448808E-02  8.347689E-05  1.975693E-07  1.723225E-07  8.094753E-04  1.101415E-03  1.123543E-04  5.409669E-06  6.872868E-06  2.006872E-06
 2.821500E+02  5.798348E-02  9.369342E-06  3.614508E-10  4.758187E-10  5.297309E-10  6.333830E-10  9.871986E-02  6.545241E-05  3.552685E-07  7.397160E-01  1.505273E-02  2.377456E-03  4.658200E-05  4.707747E-04  4.991495E-08  1.684898E-07  1.102142E-08  8.348873E-02  7.933236E-05  1.919750E-07  1.673067E-07  7.927627E-04  1.078623E-03  1.045750E-04  5.026969E-06  6.389092E-06  1.900056E-06
 2.831500E+02  5.848287E-02  9.368412E-06  3.543423E-10  4.666088E-10  5.195137E-10  6.213504E-10  9.874721E-02  6.400112E-05  3.296698E-07  7.406973E-01  1.475558E-02  2.216206E-03  4.500797E-05  4.634008E-04  4.714840E-08  1.596356E-07  1.063223E-08  8.250003E-02  7.541292E-05  1.865455E-07  1.624434E-07  7.765050E-04  1.056453E-03  9.738217E-05  4.673820E-06  5.942507E-06  1.799479E-06
 2.841500E+02  5.897676E-02  9.365870E-06  3.473388E-10  4.575303E-10  5.094410E-10  6.094823E-10  9.877370E-02  6.259309E-05  3.060885E-07  7.416527E-01  1.446592E-02  2.066834E-03  4.349654E-05  4.561589E-04  4.455078E-08  1.512965E-07  1.025793E-08  8.152205E-02  7.170550E-05  1.812761E-07  1.577280E-07  7.606878E-04  1.034887E-03  9.072839E-05  4.347763E-06  5.530031E-06  1.704747E-06
 2.851500E+02  5.946513E-02  9.361752E-06  3.404409E-10  4.485840E-10  4.995140E-10  5.977803E-10  9.879938E-02  6.122675E-05  2.843530E-07  7.425834E-01  1.418355E-02  1.928403E-03  4.204499E-05  4.490466E-04  4.211089E-08  1.434399E-07  9.897886E-09  8.055485E-02  6.819783E-05  1.761623E-07  1.531562E-07  7.452975E-04  1.013905E-03  8.457025E-05  4.046559E-06  5.148854E-06  1.615494E-06
 2.861500E+02  5.994795E-02  9.356096E-06  3.336489E-10  4.397709E-10  4.897335E-10  5.862457E-10  9.882427E-02  5.990059E-05  2.643069E-07  7.434906E-01  1.390828E-02  1.800057E-03  4.065070E-05  4.420618E-04  3.981832E-08  1.360354E-07  9.551544E-09  7.959850E-02  6.487836E-05  1.711997E-07  1.487238E-07  7.303207E-04  9.934889E-04  7.886805E-05  3.768164E-06  4.796415E-06  1.531377E-06
 2.871500E+02  6.042520E-02  9.348942E-06  3.269633E-10  4.310916E-10  4.801006E-10  5.748798E-10  9.884841E-02  5.861320E-05  2.458083E-07  7.443751E-01  1.363991E-02  1.681008E-03  3.931118E-05  4.352020E-04  3.766341E-08  1.290545E-07  9.218350E-09  7.865302E-02  6.173627E-05  1.663840E-07  1.444267E-07  7.157445E-04  9.736210E-04  7.358550E-05  3.510715E-06  4.470374E-06  1.452078E-06
 2.881500E+02  6.089689E-02  9.340328E-06  3.203845E-10  4.225466E-10  4.706157E-10  5.636836E-10  9.887183E-02  5.736319E-05  2.287280E-07  7.452380E-01  1.337826E-02  1.570533E-03  3.802406E-05  4.284653E-04  3.563718E-08  1.224709E-07  8.897778E-09  7.771846E-02  5.876140E-05  1.617111E-07  1.402608E-07  7.015564E-04  9.542840E-04  6.868934E-05  3.272512E-06  4.168598E-06  1.377298E-06
 2.891500E+02  6.136299E-02  9.330294E-06  3.139125E-10  4.141366E-10  4.612796E-10  5.526582E-10  9.889456E-02  5.614924E-05  2.129484E-07  7.460802E-01  1.312313E-02  1.467971E-03  3.678706E-05  4.218494E-04  3.373127E-08  1.162599E-07  8.589324E-09  7.679484E-02  5.594417E-05  1.571769E-07  1.362222E-07  6.877444E-04  9.354615E-04  6.414916E-05  3.052000E-06  3.889135E-06  1.306759E-06
 2.901500E+02  6.182351E-02  9.318882E-06  3.075475E-10  4.058618E-10  4.520927E-10  5.418041E-10  9.891663E-02  5.497010E-05  1.983622E-07  7.469024E-01  1.287436E-02  1.372712E-03  3.559800E-05  4.153523E-04  3.193793E-08  1.103985E-07  8.292508E-09  7.588216E-02  5.327561E-05  1.527774E-07  1.323072E-07  6.742967E-04  9.171372E-04  5.993707E-05  2.847761E-06  3.630202E-06  1.240200E-06
 2.911500E+02  6.227845E-02  9.306132E-06  3.012896E-10  3.977223E-10  4.430551E-10  5.311219E-10  9.893806E-02  5.382455E-05  1.848719E-07  7.477054E-01  1.263177E-02  1.284198E-03  3.445482E-05  4.089719E-04  3.024994E-08  1.048653E-07  8.006868E-09  7.498043E-02  5.074727E-05  1.485087E-07  1.285120E-07  6.612022E-04  8.992958E-04  5.602750E-05  2.658497E-06  3.390170E-06  1.177379E-06
 2.921500E+02  6.272781E-02  9.292084E-06  2.951386E-10  3.897183E-10  4.341671E-10  5.206120E-10  9.895888E-02  5.271142E-05  1.723882E-07  7.484900E-01  1.239518E-02  1.201915E-03  3.335553E-05  4.027062E-04  2.866056E-08  9.964018E-08  7.731960E-09  7.408964E-02  4.835123E-05  1.443670E-07  1.248331E-07  6.484498E-04  8.819223E-04  5.239703E-05  2.483022E-06  3.167547E-06  1.118069E-06
 2.931500E+02  6.317162E-02  9.276780E-06  2.890943E-10  3.818497E-10  4.254285E-10  5.102746E-10  9.897912E-02  5.162961E-05  1.608298E-07  7.492569E-01  1.216442E-02  1.125392E-03  3.229824E-05  3.965531E-04  2.716353E-08  9.470449E-08  7.467362E-09  7.320979E-02  4.608002E-05  1.403488E-07  1.212669E-07  6.360291E-04  8.650020E-04  4.902417E-05  2.320248E-06  2.960966E-06  1.062057E-06
 2.941500E+02  6.360987E-02  9.260260E-06  2.831565E-10  3.741164E-10  4.168393E-10  5.001097E-10  9.899879E-02  5.057804E-05  1.501225E-07  7.500066E-01  1.193934E-02  1.054194E-03  3.128116E-05  3.905108E-04  2.575302E-08  9.004074E-08  7.212665E-09  7.234084E-02  4.392662E-05  1.364502E-07  1.178100E-07  6.239298E-04  8.485211E-04  4.588917E-05  2.169183E-06  2.769177E-06  1.009144E-06
 2.951500E+02  6.404260E-02  9.242566E-06  2.773248E-10  3.665179E-10  4.083991E-10  4.901171E-10  9.901791E-02  4.955569E-05  1.401982E-07  7.507398E-01  1.171977E-02  9.879221E-04  3.030255E-05  3.845773E-04  2.442360E-08  8.563256E-08  6.967481E-09  7.148277E-02  4.188445E-05  1.326680E-07  1.144592E-07  6.121421E-04  8.324659E-04  4.297393E-05  2.028913E-06  2.591033E-06  9.591456E-07
 2.961500E+02  6.446981E-02  9.223739E-06  2.715987E-10  3.590539E-10  4.001075E-10  4.802965E-10  9.903651E-02  4.856156E-05  1.309950E-07  7.514571E-01  1.150556E-02  9.262094E-04  2.936079E-05  3.787507E-04  2.317019E-08  8.146468E-08  6.731436E-09  7.063554E-02  3.994730E-05  1.289986E-07  1.112111E-07  6.006565E-04  8.168235E-04  4.026179E-05  1.898605E-06  2.425482E-06  9.118867E-07
 2.971500E+02  6.489154E-02  9.203817E-06  2.659777E-10  3.517239E-10  3.919639E-10  4.706474E-10  9.905461E-02  4.759471E-05  1.224561E-07  7.521589E-01  1.129656E-02  8.687175E-04  2.845430E-05  3.730292E-04  2.198806E-08  7.752280E-08  6.504170E-09  6.979912E-02  3.810932E-05  1.254387E-07  1.080626E-07  5.894637E-04  8.015812E-04  3.773746E-05  1.777492E-06  2.271561E-06  8.672049E-07
 2.981500E+02  6.530780E-02  9.182843E-06  2.604611E-10  3.445271E-10  3.839676E-10  4.611693E-10  9.907222E-02  4.665424E-05  1.145294E-07  7.528458E-01  1.109263E-02  8.151348E-04  2.758158E-05  3.674109E-04  2.087280E-08  7.379354E-08  6.285339E-09  6.897345E-02  3.636504E-05  1.219852E-07  1.050107E-07  5.785548E-04  7.867267E-04  3.538689E-05  1.664872E-06  2.128383E-06  8.249476E-07
 2.991500E+02  6.571864E-02  9.160855E-06  2.550484E-10  3.374628E-10  3.761179E-10  4.518612E-10  9.908936E-02  4.573925E-05  1.071673E-07  7.535184E-01  1.089362E-02  7.651746E-04  2.674122E-05  3.618940E-04  1.982031E-08  7.026438E-08  6.074614E-09  6.815848E-02  3.470928E-05  1.186348E-07  1.020525E-07  5.679213E-04  7.722482E-04  3.319712E-05  1.560098E-06  1.995137E-06  7.849721E-07
 3.001500E+02  6.612407E-02  9.137893E-06  2.497386E-10  3.305301E-10  3.684138E-10  4.427224E-10  9.910605E-02  4.484891E-05  1.003263E-07  7.541769E-01  1.069939E-02  7.185723E-04  2.593185E-05  3.564767E-04  1.882672E-08  6.692358E-08  5.871677E-09  6.735416E-02  3.313717E-05  1.153844E-07  9.918494E-08  5.575549E-04  7.581345E-04  3.115626E-05  1.462578E-06  1.871074E-06  7.471447E-07
 3.011500E+02  6.652414E-02  9.113995E-06  2.445310E-10  3.237282E-10  3.608542E-10  4.337518E-10  9.912230E-02  4.398242E-05  9.396616E-08  7.548219E-01  1.050981E-02  6.750841E-04  2.515217E-05  3.511572E-04  1.788845E-08  6.376016E-08  5.676224E-09  6.656041E-02  3.164414E-05  1.122311E-07  9.640534E-08  5.474474E-04  7.443744E-04  2.925333E-05  1.371769E-06  1.755508E-06  7.113398E-07
 3.021500E+02  6.691889E-02  9.089200E-06  2.394246E-10  3.170559E-10  3.534381E-10  4.249482E-10  9.913814E-02  4.313899E-05  8.805030E-08  7.554538E-01  1.032475E-02  6.344850E-04  2.440094E-05  3.459338E-04  1.700214E-08  6.076383E-08  5.487963E-09  6.577718E-02  3.022587E-05  1.091720E-07  9.371094E-08  5.375912E-04  7.309573E-04  2.747824E-05  1.287168E-06  1.647808E-06  6.774401E-07
 3.031500E+02  6.730834E-02  9.063545E-06  2.344185E-10  3.105121E-10  3.461642E-10  4.163103E-10  9.915356E-02  4.231787E-05  8.254500E-08  7.560729E-01  1.014409E-02  5.965675E-04  2.367698E-05  3.408048E-04  1.616466E-08  5.792493E-08  5.306615E-09  6.500439E-02  2.887831E-05  1.062042E-07  9.109910E-08  5.279788E-04  7.178730E-04  2.582169E-05  1.208315E-06  1.547392E-06  6.453353E-07
 3.041500E+02  6.769253E-02  9.037067E-06  2.295117E-10  3.040956E-10  3.390312E-10  4.078368E-10  9.916859E-02  4.151835E-05  7.741928E-08  7.566796E-01  9.967697E-03  5.611400E-04  2.297915E-05  3.357686E-04  1.537308E-08  5.523441E-08  5.131909E-09  6.424197E-02  2.759761E-05  1.033251E-07  8.856725E-08  5.186029E-04  7.051115E-04  2.427508E-05  1.134787E-06  1.453725E-06  6.149220E-07
 3.051500E+02  6.807152E-02  9.009802E-06  2.247030E-10  2.978051E-10  3.320378E-10  3.995261E-10  9.918324E-02  4.073972E-05  7.264472E-08  7.572744E-01  9.795458E-03  5.280254E-04  2.230639E-05  3.308233E-04  1.462465E-08  5.268380E-08  4.963589E-09  6.348983E-02  2.638019E-05  1.005318E-07  8.611290E-08  5.094564E-04  6.926632E-04  2.283052E-05  1.066192E-06  1.366314E-06  5.861032E-07
 3.061500E+02  6.844535E-02  8.981787E-06  2.199914E-10  2.916393E-10  3.251824E-10  3.913766E-10  9.919753E-02  3.998133E-05  6.819515E-08  7.578574E-01  9.627257E-03  4.970603E-04  2.165766E-05  3.259675E-04  1.391680E-08  5.026512E-08  4.801406E-09  6.274789E-02  2.522263E-05  9.782187E-08  8.373361E-08  5.005327E-04  6.805189E-04  2.148068E-05  1.002172E-06  1.284706E-06  5.587880E-07
 3.071500E+02  6.881405E-02  8.953055E-06  2.153756E-10  2.855968E-10  3.184635E-10  3.833868E-10  9.921145E-02  3.924253E-05  6.404652E-08  7.584291E-01  9.462983E-03  4.680935E-04  2.103198E-05  3.211994E-04  1.324714E-08  4.797091E-08  4.645122E-09  6.201607E-02  2.412174E-05  9.519271E-08  8.142705E-08  4.918252E-04  6.686695E-04  2.021884E-05  9.423941E-07  1.208481E-06  5.328908E-07
 3.081500E+02  6.917768E-02  8.923642E-06  2.108545E-10  2.796761E-10  3.118796E-10  3.755547E-10  9.922504E-02  3.852271E-05  6.017670E-08  7.589897E-01  9.302525E-03  4.409852E-04  2.042841E-05  3.165175E-04  1.261342E-08  4.579414E-08  4.494510E-09  6.129428E-02  2.307450E-05  9.264187E-08  7.919092E-08  4.833276E-04  6.571065E-04  1.903876E-05  8.865535E-07  1.137253E-06  5.083314E-07
 3.091500E+02  6.953628E-02  8.893580E-06  2.064268E-10  2.738757E-10  3.054289E-10  3.678786E-10  9.923829E-02  3.782125E-05  5.656528E-08  7.595396E-01  9.145780E-03  4.156062E-04  1.984605E-05  3.119201E-04  1.201352E-08  4.372823E-08  4.349349E-09  6.058242E-02  2.207806E-05  9.016696E-08  7.702301E-08  4.750337E-04  6.458213E-04  1.793469E-05  8.343681E-07  1.070667E-06  4.850346E-07
 3.101500E+02  6.988990E-02  8.862903E-06  2.020913E-10  2.681940E-10  2.991098E-10  3.603565E-10  9.925121E-02  3.713760E-05  5.319349E-08  7.600790E-01  8.992645E-03  3.918368E-04  1.928404E-05  3.074059E-04  1.144548E-08  4.176698E-08  4.209430E-09  5.988041E-02  2.112974E-05  8.776567E-08  7.492118E-08  4.669376E-04  6.348060E-04  1.690131E-05  7.855775E-07  1.008392E-06  4.629295E-07
 3.111500E+02  7.023860E-02  8.831642E-06  1.978466E-10  2.626295E-10  2.929204E-10  3.529866E-10  9.926383E-02  3.647120E-05  5.004403E-08  7.606082E-01  8.843021E-03  3.695662E-04  1.874158E-05  3.029731E-04  1.090744E-08  3.990459E-08  4.074550E-09  5.918814E-02  2.022700E-05  8.543573E-08  7.288334E-08  4.590337E-04  6.240527E-04  1.593370E-05  7.399415E-07  9.501243E-07  4.419495E-07
 3.121500E+02  7.058241E-02  8.799828E-06  1.936915E-10  2.571804E-10  2.868591E-10  3.457668E-10  9.927614E-02  3.582151E-05  4.710091E-08  7.611274E-01  8.696813E-03  3.486919E-04  1.821787E-05  2.986204E-04  1.039768E-08  3.813558E-08  3.944516E-09  5.850552E-02  1.936745E-05  8.317497E-08  7.090747E-08  4.513163E-04  6.135539E-04  1.502731E-05  6.972380E-07  8.955839E-07  4.220322E-07
 3.131500E+02  7.092140E-02  8.767492E-06  1.896244E-10  2.518451E-10  2.809239E-10  3.386950E-10  9.928816E-02  3.518802E-05  4.434942E-08  7.616370E-01  8.553926E-03  3.291187E-04  1.771217E-05  2.943462E-04  9.914568E-09  3.645482E-08  3.819140E-09  5.783246E-02  1.854883E-05  8.098125E-08  6.899161E-08  4.437802E-04  6.033022E-04  1.417792E-05  6.572618E-07  8.445107E-07  4.031188E-07
 3.141500E+02  7.125561E-02  8.734664E-06  1.856442E-10  2.466219E-10  2.751130E-10  3.317691E-10  9.929989E-02  3.457024E-05  4.177595E-08  7.621371E-01  8.414272E-03  3.107587E-04  1.722377E-05  2.901491E-04  9.456579E-09  3.485747E-08  3.698244E-09  5.716884E-02  1.776902E-05  7.885252E-08  6.713387E-08  4.364202E-04  5.932905E-04  1.338163E-05  6.198233E-07  7.966645E-07  3.851539E-07
 3.151500E+02  7.158509E-02  8.701371E-06  1.817493E-10  2.415091E-10  2.694244E-10  3.249870E-10  9.931135E-02  3.396768E-05  3.936795E-08  7.626279E-01  8.277762E-03  2.935300E-04  1.675198E-05  2.860276E-04  9.022284E-09  3.333898E-08  3.581657E-09  5.651456E-02  1.702601E-05  7.678676E-08  6.533239E-08  4.292312E-04  5.835120E-04  1.263484E-05  5.847469E-07  7.518230E-07  3.680855E-07
 3.161500E+02  7.190991E-02  8.667644E-06  1.779385E-10  2.365050E-10  2.638564E-10  3.183465E-10  9.932254E-02  3.337989E-05  3.711381E-08  7.631098E-01  8.144311E-03  2.773569E-04  1.629616E-05  2.819803E-04  8.610340E-09  3.189507E-08  3.469213E-09  5.586953E-02  1.631789E-05  7.478204E-08  6.358540E-08  4.222084E-04  5.739601E-04  1.193418E-05  5.518702E-07  7.097805E-07  3.518648E-07
 3.171500E+02  7.223011E-02  8.633507E-06  1.742102E-10  2.316076E-10  2.584068E-10  3.118454E-10  9.933348E-02  3.280643E-05  3.500282E-08  7.635828E-01  8.013837E-03  2.621690E-04  1.585567E-05  2.780059E-04  8.219487E-09  3.052171E-08  3.360754E-09  5.523364E-02  1.564288E-05  7.283647E-08  6.189116E-08  4.153471E-04  5.646284E-04  1.127657E-05  5.210427E-07  6.703463E-07  3.364456E-07
 3.181500E+02  7.254575E-02  8.598989E-06  1.705631E-10  2.268154E-10  2.530739E-10  3.054814E-10  9.934416E-02  3.224685E-05  3.302504E-08  7.640473E-01  7.886261E-03  2.479011E-04  1.542991E-05  2.741030E-04  7.848541E-09  2.921512E-08  3.256128E-09  5.460677E-02  1.499928E-05  7.094822E-08  6.024801E-08  4.086429E-04  5.555107E-04  1.065910E-05  4.921252E-07  6.333439E-07  3.217846E-07
 3.191500E+02  7.285688E-02  8.564114E-06  1.669957E-10  2.221265E-10  2.478555E-10  2.992524E-10  9.935459E-02  3.170076E-05  3.117131E-08  7.645034E-01  7.761504E-03  2.344925E-04  1.501833E-05  2.702701E-04  7.496390E-09  2.797172E-08  3.155190E-09  5.398884E-02  1.438548E-05  6.911553E-08  5.865431E-08  4.020913E-04  5.466009E-04  1.007912E-05  4.649885E-07  5.986095E-07  3.078410E-07
 3.201500E+02  7.316356E-02  8.528908E-06  1.635066E-10  2.175391E-10  2.427498E-10  2.931560E-10  9.936479E-02  3.116774E-05  2.943313E-08  7.649513E-01  7.639492E-03  2.218869E-04  1.462037E-05  2.665060E-04  7.161990E-09  2.678815E-08  3.057798E-09  5.337972E-02  1.379999E-05  6.733666E-08  5.710850E-08  3.956881E-04  5.378934E-04  9.534141E-06  4.395130E-07  5.659915E-07  2.945762E-07
 3.211500E+02  7.346584E-02  8.493394E-06  1.600944E-10  2.130514E-10  2.377546E-10  2.871900E-10  9.937476E-02  3.064742E-05  2.780263E-08  7.653912E-01  7.520152E-03  2.100318E-04  1.423552E-05  2.628095E-04  6.844359E-09  2.566122E-08  2.963818E-09  5.277931E-02  1.324135E-05  6.560995E-08  5.560906E-08  3.894291E-04  5.293824E-04  9.021858E-06  4.155876E-07  5.353489E-07  2.819540E-07
 3.221500E+02  7.376378E-02  8.457597E-06  1.567577E-10  2.086616E-10  2.328682E-10  2.813521E-10  9.938450E-02  3.013942E-05  2.627253E-08  7.658233E-01  7.403413E-03  1.988786E-04  1.386326E-05  2.591791E-04  6.542572E-09  2.458797E-08  2.873121E-09  5.218751E-02  1.270823E-05  6.393379E-08  5.415450E-08  3.833105E-04  5.210626E-04  8.540132E-06  3.931093E-07  5.065509E-07  2.699404E-07
 3.231500E+02  7.405743E-02  8.421539E-06  1.534950E-10  2.043680E-10  2.280884E-10  2.756401E-10  9.939403E-02  2.964339E-05  2.483606E-08  7.662477E-01  7.289207E-03  1.883821E-04  1.350312E-05  2.556136E-04  6.255763E-09  2.356556E-08  2.785583E-09  5.160420E-02  1.219934E-05  6.230660E-08  5.274340E-08  3.773283E-04  5.129286E-04  8.086974E-06  3.719825E-07  4.794763E-07  2.585030E-07
 3.241500E+02  7.434685E-02  8.385242E-06  1.503049E-10  2.001686E-10  2.234133E-10  2.700516E-10  9.940334E-02  2.915896E-05  2.348697E-08  7.666647E-01  7.177467E-03  1.785000E-04  1.315464E-05  2.521119E-04  5.983114E-09  2.259135E-08  2.701084E-09  5.102927E-02  1.171348E-05  6.072687E-08  5.137438E-08  3.714788E-04  5.049754E-04  7.660533E-06  3.521185E-07  4.540122E-07  2.476115E-07
 3.251500E+02  7.463209E-02  8.348726E-06  1.471861E-10  1.960618E-10  2.188410E-10  2.645844E-10  9.941245E-02  2.868582E-05  2.221943E-08  7.670744E-01  7.068129E-03  1.691932E-04  1.281739E-05  2.486726E-04  5.723857E-09  2.166282E-08  2.619510E-09  5.046263E-02  1.124949E-05  5.919312E-08  5.004610E-08  3.657584E-04  4.971981E-04  7.259089E-06  3.334346E-07  4.300540E-07  2.372374E-07
 3.261500E+02  7.491321E-02  8.312014E-06  1.441370E-10  1.920457E-10  2.143694E-10  2.592362E-10  9.942136E-02  2.822363E-05  2.102806E-08  7.674769E-01  6.961130E-03  1.604250E-04  1.249094E-05  2.452947E-04  5.477268E-09  2.077760E-08  2.540750E-09  4.990415E-02  1.080630E-05  5.770393E-08  4.875726E-08  3.601637E-04  4.895919E-04  6.881040E-06  3.158542E-07  4.075040E-07  2.273535E-07
 3.271500E+02  7.519026E-02  8.275124E-06  1.411564E-10  1.881187E-10  2.099966E-10  2.540048E-10  9.943008E-02  2.777209E-05  1.990785E-08  7.678724E-01  6.856409E-03  1.521615E-04  1.217490E-05  2.419768E-04  5.242666E-09  1.993348E-08  2.464700E-09  4.935374E-02  1.038288E-05  5.625791E-08  4.750661E-08  3.546911E-04  4.821521E-04  6.524898E-06  2.993060E-07  3.862718E-07  2.179345E-07
 3.281500E+02  7.546329E-02  8.238075E-06  1.382428E-10  1.842788E-10  2.057207E-10  2.488878E-10  9.943860E-02  2.733088E-05  1.885415E-08  7.682610E-01  6.753907E-03  1.443710E-04  1.186886E-05  2.387179E-04  5.019409E-09  1.912833E-08  2.391258E-09  4.881128E-02  9.978254E-06  5.485373E-08  4.629294E-08  3.493376E-04  4.748743E-04  6.189274E-06  2.837238E-07  3.662731E-07  2.089563E-07
 3.291500E+02  7.573237E-02  8.200886E-06  1.353949E-10  1.805245E-10  2.015397E-10  2.438832E-10  9.944695E-02  2.689972E-05  1.786262E-08  7.686430E-01  6.653568E-03  1.370239E-04  1.157247E-05  2.355168E-04  4.806894E-09  1.836017E-08  2.320326E-09  4.827666E-02  9.591512E-06  5.349009E-08  4.511507E-08  3.440998E-04  4.677541E-04  5.872874E-06  2.690457E-07  3.474293E-07  2.003961E-07
 3.301500E+02  7.599755E-02  8.163575E-06  1.326112E-10  1.768538E-10  1.974517E-10  2.389886E-10  9.945511E-02  2.647833E-05  1.692926E-08  7.690184E-01  6.555336E-03  1.300926E-04  1.128537E-05  2.323724E-04  4.604551E-09  1.762712E-08  2.251811E-09  4.774979E-02  9.221779E-06  5.216572E-08  4.397186E-08  3.389746E-04  4.607874E-04  5.574495E-06  2.552144E-07  3.296673E-07  1.922326E-07
 3.311500E+02  7.625887E-02  8.126160E-06  1.298906E-10  1.732653E-10  1.934548E-10  2.342019E-10  9.946310E-02  2.606642E-05  1.605032E-08  7.693873E-01  6.459156E-03  1.235515E-04  1.100722E-05  2.292836E-04  4.411843E-09  1.692741E-08  2.185622E-09  4.723054E-02  8.868230E-06  5.087942E-08  4.286222E-08  3.339592E-04  4.539700E-04  5.293013E-06  2.421763E-07  3.129192E-07  1.844454E-07
 3.321500E+02  7.651640E-02  8.088655E-06  1.272316E-10  1.697570E-10  1.895473E-10  2.295208E-10  9.947092E-02  2.566374E-05  1.522233E-08  7.697500E-01  6.364978E-03  1.173764E-04  1.073770E-05  2.262493E-04  4.228264E-09  1.625935E-08  2.121673E-09  4.671883E-02  8.530085E-06  4.963000E-08  4.178507E-08  3.290507E-04  4.472981E-04  5.027381E-06  2.298817E-07  2.971215E-07  1.770155E-07
 3.331500E+02  7.677019E-02  8.051079E-06  1.246329E-10  1.663275E-10  1.857271E-10  2.249433E-10  9.947858E-02  2.527003E-05  1.444205E-08  7.701065E-01  6.272749E-03  1.115450E-04  1.047649E-05  2.232685E-04  4.053338E-09  1.562136E-08  2.059882E-09  4.621453E-02  8.206601E-06  4.841631E-08  4.073939E-08  3.242461E-04  4.407677E-04  4.776620E-06  2.182839E-07  2.822150E-07  1.699248E-07
 3.341500E+02  7.702029E-02  8.013445E-06  1.220932E-10  1.629749E-10  1.819924E-10  2.204672E-10  9.948607E-02  2.488504E-05  1.370646E-08  7.704571E-01  6.182421E-03  1.060365E-04  1.022328E-05  2.203402E-04  3.886613E-09  1.501195E-08  2.000168E-09  4.571755E-02  7.897079E-06  4.723726E-08  3.972419E-08  3.195428E-04  4.343752E-04  4.539820E-06  2.073398E-07  2.681446E-07  1.631563E-07
 3.351500E+02  7.726675E-02  7.975768E-06  1.196114E-10  1.596978E-10  1.783416E-10  2.160904E-10  9.949341E-02  2.450854E-05  1.301275E-08  7.708017E-01  6.093945E-03  1.008311E-04  9.977808E-06  2.174632E-04  3.727667E-09  1.442968E-08  1.942455E-09  4.522778E-02  7.600851E-06  4.609178E-08  3.873849E-08  3.149382E-04  4.281170E-04  4.316128E-06  1.970089E-07  2.548588E-07  1.566936E-07
 3.361500E+02  7.750963E-02  7.938064E-06  1.171860E-10  1.564944E-10  1.747727E-10  2.118108E-10  9.950060E-02  2.414028E-05  1.235831E-08  7.711405E-01  6.007276E-03  9.591068E-05  9.739780E-06  2.146367E-04  3.576096E-09  1.387322E-08  1.886668E-09  4.474511E-02  7.317286E-06  4.497881E-08  3.778137E-08  3.104297E-04  4.219896E-04  4.104749E-06  1.872535E-07  2.423097E-07  1.505217E-07
 3.371500E+02  7.774898E-02  7.900344E-06  1.148159E-10  1.533631E-10  1.712840E-10  2.076264E-10  9.950764E-02  2.378005E-05  1.174070E-08  7.714736E-01  5.922368E-03  9.125814E-05  9.508937E-06  2.118597E-04  3.431524E-09  1.334130E-08  1.832739E-09  4.426946E-02  7.045786E-06  4.389737E-08  3.685192E-08  3.060148E-04  4.159897E-04  3.904940E-06  1.780385E-07  2.304522E-07  1.446260E-07
 3.381500E+02  7.798485E-02  7.862623E-06  1.124998E-10  1.503025E-10  1.678738E-10  2.035350E-10  9.951454E-02  2.342763E-05  1.115763E-08  7.718012E-01  5.839178E-03  8.685751E-05  9.285024E-06  2.091311E-04  3.293593E-09  1.283273E-08  1.780598E-09  4.380070E-02  6.785783E-06  4.284647E-08  3.594928E-08  3.016912E-04  4.101138E-04  3.716006E-06  1.693310E-07  2.192447E-07  1.389929E-07
 3.391500E+02  7.821730E-02  7.824913E-06  1.102365E-10  1.473109E-10  1.645403E-10  1.995348E-10  9.952129E-02  2.308281E-05  1.060700E-08  7.721234E-01  5.757662E-03  8.269382E-05  9.067797E-06  2.064500E-04  3.161966E-09  1.234635E-08  1.730179E-09  4.333875E-02  6.536738E-06  4.182518E-08  3.507259E-08  2.974564E-04  4.043590E-04  3.537297E-06  1.611002E-07  2.086479E-07  1.336094E-07
 3.401500E+02  7.844636E-02  7.787226E-06  1.080249E-10  1.443869E-10  1.612819E-10  1.956238E-10  9.952791E-02  2.274539E-05  1.008681E-08  7.724402E-01  5.677781E-03  7.875311E-05  8.857022E-06  2.038156E-04  3.036324E-09  1.188110E-08  1.681422E-09  4.288349E-02  6.298139E-06  4.083259E-08  3.422104E-08  2.933083E-04  3.987220E-04  3.368207E-06  1.533176E-07  1.986253E-07  1.284633E-07
 3.411500E+02  7.867210E-02  7.749573E-06  1.058638E-10  1.415289E-10  1.580969E-10  1.918000E-10  9.953440E-02  2.241516E-05  9.595221E-09  7.727518E-01  5.599492E-03  7.502228E-05  8.652473E-06  2.012269E-04  2.916365E-09  1.143595E-08  1.634264E-09  4.243484E-02  6.069501E-06  3.986781E-08  3.339384E-08  2.892447E-04  3.931999E-04  3.208166E-06  1.459563E-07  1.891426E-07  1.235431E-07
 3.421500E+02  7.889456E-02  7.711965E-06  1.037520E-10  1.387355E-10  1.549837E-10  1.880614E-10  9.954075E-02  2.209194E-05  9.130496E-09  7.730583E-01  5.522758E-03  7.148908E-05  8.453936E-06  1.986830E-04  2.801805E-09  1.100994E-08  1.588648E-09  4.199269E-02  5.850363E-06  3.892998E-08  3.259022E-08  2.852633E-04  3.877898E-04  3.056643E-06  1.389913E-07  1.801678E-07  1.188376E-07
 3.431500E+02  7.911379E-02  7.674414E-06  1.016885E-10  1.360051E-10  1.519407E-10  1.844063E-10  9.954698E-02  2.177554E-05  8.691024E-09  7.733598E-01  5.447541E-03  6.814200E-05  8.261202E-06  1.961830E-04  2.692374E-09  1.060215E-08  1.544518E-09  4.155695E-02  5.640287E-06  3.801829E-08  3.180946E-08  2.813622E-04  3.824888E-04  2.913140E-06  1.323990E-07  1.716712E-07  1.143367E-07
 3.441500E+02  7.932984E-02  7.636928E-06  9.967208E-11  1.333365E-10  1.489663E-10  1.808328E-10  9.955308E-02  2.146578E-05  8.275295E-09  7.736563E-01  5.373803E-03  6.497031E-05  8.074071E-06  1.937262E-04  2.587819E-09  1.021172E-08  1.501820E-09  4.112752E-02  5.438856E-06  3.713193E-08  3.105082E-08  2.775394E-04  3.772943E-04  2.777191E-06  1.261576E-07  1.636245E-07  1.100303E-07
 3.451500E+02  7.954276E-02  7.599519E-06  9.770169E-11  1.307281E-10  1.460589E-10  1.773390E-10  9.955906E-02  2.116249E-05  7.881896E-09  7.739481E-01  5.301510E-03  6.196390E-05  7.892353E-06  1.913116E-04  2.487897E-09  9.837825E-09  1.460504E-09  4.070430E-02  5.245677E-06  3.627012E-08  3.031363E-08  2.737928E-04  3.722036E-04  2.648357E-06  1.202465E-07  1.560016E-07  1.059093E-07
 3.461500E+02  7.975260E-02  7.562194E-06  9.577627E-11  1.281787E-10  1.432170E-10  1.739232E-10  9.956493E-02  2.086551E-05  7.509507E-09  7.742351E-01  5.230625E-03  5.911332E-05  7.715863E-06  1.889384E-04  2.392382E-09  9.479679E-09  1.420519E-09  4.028721E-02  5.060372E-06  3.543212E-08  2.959721E-08  2.701206E-04  3.672140E-04  2.526231E-06  1.146464E-07  1.487779E-07  1.019646E-07
 3.471500E+02  7.995940E-02  7.524963E-06  9.389478E-11  1.256869E-10  1.404392E-10  1.705836E-10  9.957068E-02  2.057466E-05  7.156893E-09  7.745174E-01  5.161116E-03  5.640969E-05  7.544423E-06  1.866059E-04  2.301058E-09  9.136546E-09  1.381818E-09  3.987614E-02  4.882587E-06  3.461720E-08  2.890092E-08  2.665211E-04  3.623232E-04  2.410426E-06  1.093394E-07  1.419303E-07  9.818805E-08
 3.481500E+02  8.016321E-02  7.487834E-06  9.205620E-11  1.232513E-10  1.377240E-10  1.673185E-10  9.957632E-02  2.028979E-05  6.822897E-09  7.747953E-01  5.092950E-03  5.384470E-05  7.377864E-06  1.843132E-04  2.213720E-09  8.807723E-09  1.344355E-09  3.947100E-02  4.711980E-06  3.382466E-08  2.822413E-08  2.629923E-04  3.575287E-04  2.300584E-06  1.043086E-07  1.354374E-07  9.457157E-08
 3.491500E+02  8.036407E-02  7.450816E-06  9.025952E-11  1.208706E-10  1.350699E-10  1.641262E-10  9.958185E-02  2.001074E-05  6.506436E-09  7.750686E-01  5.026094E-03  5.141052E-05  7.216022E-06  1.820595E-04  2.130175E-09  8.492545E-09  1.308086E-09  3.907171E-02  4.548230E-06  3.305381E-08  2.756623E-08  2.595325E-04  3.528281E-04  2.196367E-06  9.953805E-08  1.292788E-07  9.110765E-08
 3.501500E+02  8.056204E-02  7.413915E-06  8.850377E-11  1.185437E-10  1.324755E-10  1.610050E-10  9.958727E-02  1.973738E-05  6.206494E-09  7.753376E-01  4.960517E-03  4.909983E-05  7.058738E-06  1.798441E-04  2.050240E-09  8.190381E-09  1.272969E-09  3.867817E-02  4.391031E-06  3.230401E-08  2.692665E-08  2.561402E-04  3.482191E-04  2.097457E-06  9.501301E-08  1.234356E-07  8.778914E-08
 3.511500E+02  8.075716E-02  7.377139E-06  8.678798E-11  1.162691E-10  1.299394E-10  1.579534E-10  9.959259E-02  1.946954E-05  5.922122E-09  7.756023E-01  4.896190E-03  4.690573E-05  6.905862E-06  1.776664E-04  1.973741E-09  7.900629E-09  1.238963E-09  3.829030E-02  4.240089E-06  3.157460E-08  2.630481E-08  2.528136E-04  3.436995E-04  2.003556E-06  9.071953E-08  1.178899E-07  8.460926E-08
 3.521500E+02  8.094946E-02  7.340495E-06  8.511121E-11  1.140458E-10  1.274603E-10  1.549697E-10  9.959781E-02  1.920710E-05  5.652427E-09  7.758628E-01  4.833083E-03  4.482175E-05  6.757248E-06  1.755254E-04  1.900515E-09  7.622720E-09  1.206028E-09  3.790800E-02  4.095128E-06  3.086498E-08  2.570016E-08  2.495511E-04  3.392671E-04  1.914386E-06  8.664455E-08  1.126250E-07  8.156155E-08
 3.531500E+02  8.113900E-02  7.303989E-06  8.347253E-11  1.118726E-10  1.250369E-10  1.520524E-10  9.960293E-02  1.894991E-05  5.396573E-09  7.761192E-01  4.771167E-03  4.284180E-05  6.612755E-06  1.734205E-04  1.830405E-09  7.356113E-09  1.174127E-09  3.753119E-02  3.955884E-06  3.017454E-08  2.511219E-08  2.463513E-04  3.349199E-04  1.829683E-06  8.277579E-08  1.076253E-07  7.863992E-08
 3.541500E+02  8.132582E-02  7.267628E-06  8.187105E-11  1.097481E-10  1.226679E-10  1.491999E-10  9.960795E-02  1.869786E-05  5.153778E-09  7.763715E-01  4.710415E-03  4.096018E-05  6.472248E-06  1.713511E-04  1.763264E-09  7.100295E-09  1.143224E-09  3.715979E-02  3.822105E-06  2.950271E-08  2.454037E-08  2.432126E-04  3.306559E-04  1.749201E-06  7.910175E-08  1.028760E-07  7.583855E-08
 3.551500E+02  8.150996E-02  7.231418E-06  8.030587E-11  1.076714E-10  1.203519E-10  1.464107E-10  9.961288E-02  1.845079E-05  4.923304E-09  7.766199E-01  4.650799E-03  3.917150E-05  6.335598E-06  1.693164E-04  1.698952E-09  6.854776E-09  1.113283E-09  3.679371E-02  3.693551E-06  2.884894E-08  2.398421E-08  2.401336E-04  3.264729E-04  1.672707E-06  7.561161E-08  9.836328E-08  7.315193E-08
 3.561500E+02  8.169146E-02  7.195363E-06  7.877615E-11  1.056413E-10  1.180878E-10  1.436834E-10  9.961771E-02  1.820861E-05  4.704462E-09  7.768643E-01  4.592294E-03  3.747070E-05  6.202678E-06  1.673157E-04  1.637336E-09  6.619093E-09  1.084272E-09  3.643286E-02  3.569996E-06  2.821267E-08  2.344324E-08  2.371128E-04  3.223691E-04  1.599984E-06  7.229521E-08  9.407407E-08  7.057482E-08
 3.571500E+02  8.187037E-02  7.159470E-06  7.728102E-11  1.036566E-10  1.158743E-10  1.410165E-10  9.962246E-02  1.797117E-05  4.496603E-09  7.771050E-01  4.534873E-03  3.585303E-05  6.073369E-06  1.653485E-04  1.578290E-09  6.392804E-09  1.056158E-09  3.607717E-02  3.451221E-06  2.759338E-08  2.291698E-08  2.341489E-04  3.183427E-04  1.530827E-06  6.914299E-08  8.999616E-08  6.810225E-08
 3.581500E+02  8.204672E-02  7.123743E-06  7.581967E-11  1.017164E-10  1.137102E-10  1.384087E-10  9.962712E-02  1.773837E-05  4.299117E-09  7.773418E-01  4.478512E-03  3.431401E-05  5.947553E-06  1.634140E-04  1.521694E-09  6.175491E-09  1.028910E-09  3.572656E-02  3.337020E-06  2.699057E-08  2.240499E-08  2.312406E-04  3.143917E-04  1.465043E-06  6.614598E-08  8.611804E-08  6.572948E-08
 3.591500E+02  8.222056E-02  7.088188E-06  7.439128E-11  9.981948E-11  1.115944E-10  1.358585E-10  9.963169E-02  1.751010E-05  4.111434E-09  7.775750E-01  4.423187E-03  3.284942E-05  5.825120E-06  1.615116E-04  1.467435E-09  5.966753E-09  1.002498E-09  3.538094E-02  3.227196E-06  2.640375E-08  2.190684E-08  2.283865E-04  3.105145E-04  1.402449E-06  6.329573E-08  8.242890E-08  6.345202E-08
 3.601500E+02  8.239192E-02  7.052807E-06  7.299507E-11  9.796493E-11  1.095257E-10  1.333646E-10  9.963618E-02  1.728623E-05  3.933013E-09  7.778046E-01  4.368873E-03  3.145529E-05  5.705962E-06  1.596407E-04  1.415406E-09  5.766211E-09  9.768928E-10  3.504023E-02  3.121562E-06  2.583243E-08  2.142210E-08  2.255853E-04  3.067093E-04  1.342876E-06  6.058430E-08  7.891854E-08  6.126560E-08
 3.611500E+02  8.256084E-02  7.017607E-06  7.163027E-11  9.615171E-11  1.075030E-10  1.309256E-10  9.964058E-02  1.706667E-05  3.763351E-09  7.780307E-01  4.315549E-03  3.012789E-05  5.589974E-06  1.578007E-04  1.365504E-09  5.573505E-09  9.520671E-10  3.470436E-02  3.019939E-06  2.527617E-08  2.095038E-08  2.228359E-04  3.029744E-04  1.286161E-06  5.800421E-08  7.557739E-08  5.916615E-08
 3.621500E+02  8.272737E-02  6.982590E-06  7.029611E-11  9.437884E-11  1.055252E-10  1.285404E-10  9.964491E-02  1.685132E-05  3.601971E-09  7.782533E-01  4.263191E-03  2.886368E-05  5.477056E-06  1.559910E-04  1.317631E-09  5.388291E-09  9.279942E-10  3.437325E-02  2.922156E-06  2.473450E-08  2.049128E-08  2.201371E-04  2.993083E-04  1.232154E-06  5.554843E-08  7.239641E-08  5.714981E-08
 3.631500E+02  8.289154E-02  6.947760E-06  6.899186E-11  9.264534E-11  1.035913E-10  1.262075E-10  9.964915E-02  1.664006E-05  3.448425E-09  7.784724E-01  4.211778E-03  2.765935E-05  5.367113E-06  1.542110E-04  1.271696E-09  5.210242E-09  9.046483E-10  3.404683E-02  2.828051E-06  2.420701E-08  2.004441E-08  2.174877E-04  2.957093E-04  1.180711E-06  5.321032E-08  6.936710E-08  5.521290E-08
 3.641500E+02  8.305338E-02  6.913121E-06  6.771680E-11  9.095030E-11  1.017002E-10  1.239259E-10  9.965332E-02  1.643281E-05  3.302294E-09  7.786882E-01  4.161289E-03  2.651176E-05  5.260050E-06  1.524602E-04  1.227611E-09  5.039047E-09  8.820048E-10  3.372502E-02  2.737468E-06  2.369327E-08  1.960941E-08  2.148865E-04  2.921759E-04  1.131699E-06  5.098365E-08  6.648146E-08  5.335192E-08
 3.651500E+02  8.321295E-02  6.878676E-06  6.647023E-11  8.929279E-11  9.985092E-11  1.216942E-10  9.965742E-02  1.622946E-05  3.163179E-09  7.789008E-01  4.111703E-03  2.541796E-05  5.155778E-06  1.507379E-04  1.185293E-09  4.874408E-09  8.600398E-10  3.340775E-02  2.650261E-06  2.319288E-08  1.918593E-08  2.123325E-04  2.887065E-04  1.084989E-06  4.886254E-08  6.373194E-08  5.156355E-08
 3.661500E+02  8.337026E-02  6.844427E-06  6.525147E-11  8.767191E-11  9.804240E-11  1.195114E-10  9.966144E-02  1.602993E-05  3.030709E-09  7.791101E-01  4.063000E-03  2.437517E-05  5.054211E-06  1.490437E-04  1.144662E-09  4.716044E-09  8.387303E-10  3.309494E-02  2.566287E-06  2.270545E-08  1.877362E-08  2.098245E-04  2.852998E-04  1.040462E-06  4.684145E-08  6.111142E-08  4.984460E-08
 3.671500E+02  8.352536E-02  6.810379E-06  6.405983E-11  8.608680E-11  9.627370E-11  1.173762E-10  9.966539E-02  1.583413E-05  2.904530E-09  7.793162E-01  4.015161E-03  2.338075E-05  4.955266E-06  1.473770E-04  1.105643E-09  4.563686E-09  8.180543E-10  3.278653E-02  2.485412E-06  2.223059E-08  1.837215E-08  2.073616E-04  2.819543E-04  9.980053E-07  4.491515E-08  5.861319E-08  4.819207E-08
 3.681500E+02  8.367828E-02  6.776532E-06  6.289467E-11  8.453659E-11  9.454388E-11  1.152876E-10  9.966928E-02  1.564196E-05  2.784313E-09  7.795192E-01  3.968166E-03  2.243222E-05  4.858860E-06  1.457373E-04  1.068164E-09  4.417078E-09  7.979906E-10  3.248245E-02  2.407509E-06  2.176795E-08  1.798119E-08  2.049428E-04  2.786687E-04  9.575123E-07  4.307872E-08  5.623093E-08  4.660308E-08
 3.691500E+02  8.382906E-02  6.742891E-06  6.175534E-11  8.302045E-11  9.285200E-11  1.132443E-10  9.967309E-02  1.545334E-05  2.669745E-09  7.797192E-01  3.921997E-03  2.152725E-05  4.764918E-06  1.441241E-04  1.032158E-09  4.275975E-09  7.785185E-10  3.218262E-02  2.332453E-06  2.131716E-08  1.760044E-08  2.025670E-04  2.754415E-04  9.188823E-07  4.132750E-08  5.395866E-08  4.507489E-08
 3.701500E+02  8.397774E-02  6.709456E-06  6.064122E-11  8.153757E-11  9.119716E-11  1.112455E-10  9.967684E-02  1.526820E-05  2.560531E-09  7.799161E-01  3.876636E-03  2.066362E-05  4.673364E-06  1.425368E-04  9.975595E-10  4.140144E-09  7.596184E-10  3.188698E-02  2.260129E-06  2.087788E-08  1.722959E-08  2.002332E-04  2.722716E-04  8.820204E-07  3.965712E-08  5.179075E-08  4.360489E-08
 3.711500E+02  8.412433E-02  6.676230E-06  5.955171E-11  8.008715E-11  8.957849E-11  1.092899E-10  9.968052E-02  1.508644E-05  2.456394E-09  7.801101E-01  3.832065E-03  1.983923E-05  4.584125E-06  1.409750E-04  9.643066E-10  4.009364E-09  7.412712E-10  3.159546E-02  2.190425E-06  2.044977E-08  1.686834E-08  1.979407E-04  2.691575E-04  8.468368E-07  3.806343E-08  4.972189E-08  4.219060E-08
 3.721500E+02  8.426889E-02  6.643215E-06  5.848621E-11  7.866842E-11  8.799511E-11  1.073767E-10  9.968413E-02  1.490799E-05  2.357071E-09  7.803013E-01  3.788267E-03  1.905212E-05  4.497132E-06  1.394381E-04  9.323407E-10  3.883422E-09  7.234586E-10  3.130800E-02  2.123233E-06  2.003252E-08  1.651643E-08  1.956883E-04  2.660981E-04  8.132468E-07  3.654253E-08  4.774704E-08  4.082965E-08
 3.731500E+02  8.441143E-02  6.610413E-06  5.744414E-11  7.728061E-11  8.644618E-11  1.055047E-10  9.968769E-02  1.473278E-05  2.262316E-09  7.804896E-01  3.745226E-03  1.830042E-05  4.412318E-06  1.379258E-04  9.016060E-10  3.762118E-09  7.061629E-10  3.102453E-02  2.058453E-06  1.962581E-08  1.617356E-08  1.934753E-04  2.630922E-04  7.811704E-07  3.509073E-08  4.586146E-08  3.951978E-08
