#         T/K            c1          c2-1          c3-4          c3-5          c3-7          c3-9            m1          m2-1          m3-1            w1            w2          w3-1          w3-2          c1m1        c1m2-1        c1m2-7        c2m1-1        c1w1-2        c1w2-1        c2w1-1        c2w1-9        m1w1-1        m1w1-4        m1w2-1        m2w1-1        m2w1-3      c1m1w1-1
 2.731500E+02  2.811290E-01  2.623111E-04  6.480143E-08  8.505344E-08  9.462871E-08  1.128330E-07  3.916204E-01  1.293676E-03  4.612591E-05  1.846921E-01  1.173985E-03  7.589994E-05  1.064957E-06  1.155305E-02  7.254410E-06  2.380402E-05  1.738402E-06  1.255954E-01  4.387837E-05  1.798311E-06  1.579108E-06  9.800397E-04  1.334098E-03  5.304639E-05  4.072638E-05  5.158050E-05  1.712085E-05
 2.741500E+02  2.821862E-01  2.593236E-04  6.235467E-08  8.186972E-08  9.109337E-08  1.086518E-07  3.918122E-01  1.262958E-03  4.257384E-05  1.856641E-01  1.157621E-03  7.118057E-05  1.037552E-06  1.129499E-02  6.785223E-06  2.233658E-05  1.653548E-06  1.237489E-01  4.162499E-05  1.730160E-06  1.517953E-06  9.620389E-04  1.309511E-03  4.951038E-05  3.780766E-05  4.790297E-05  1.611802E-05
 2.751500E+02  2.832248E-01  2.563753E-04  6.001260E-08  7.882115E-08  8.770784E-08  1.046464E-07  3.919981E-01  1.233199E-03  3.931927E-05  1.866200E-01  1.141459E-03  6.677352E-05  1.010872E-06  1.104424E-02  6.349443E-06  2.096924E-05  1.573350E-06  1.219319E-01  3.949689E-05  1.664888E-06  1.459436E-06  9.444419E-04  1.285479E-03  4.622798E-05  3.511555E-05  4.450965E-05  1.517948E-05
 2.761500E+02  2.842451E-01  2.534660E-04  5.777035E-08  7.590147E-08  8.446518E-08  1.008088E-07  3.921783E-01  1.204363E-03  3.633542E-05  1.875600E-01  1.125502E-03  6.265711E-05  9.849025E-07  1.080056E-02  5.944493E-06  1.969458E-05  1.497529E-06  1.201441E-01  3.748669E-05  1.602364E-06  1.403434E-06  9.272393E-04  1.261990E-03  4.317988E-05  3.263124E-05  4.137702E-05  1.430078E-05
 2.771500E+02  2.852474E-01  2.505952E-04  5.562327E-08  7.310473E-08  8.135883E-08  9.713139E-08  3.923530E-01  1.176417E-03  3.359809E-05  1.884842E-01  1.109749E-03  5.881120E-05  9.596267E-07  1.056374E-02  5.568009E-06  1.850577E-05  1.425824E-06  1.183851E-01  3.558746E-05  1.542465E-06  1.349830E-06  9.104221E-04  1.239030E-03  4.034829E-05  3.033754E-05  3.848364E-05  1.347782E-05
 2.781500E+02  2.862320E-01  2.477629E-04  5.356695E-08  7.042528E-08  7.838252E-08  9.360676E-08  3.925225E-01  1.149327E-03  3.108539E-05  1.893928E-01  1.094202E-03  5.521712E-05  9.350287E-07  1.033353E-02  5.217823E-06  1.739652E-05  1.357989E-06  1.166548E-01  3.379270E-05  1.485072E-06  1.298516E-06  8.939812E-04  1.216588E-03  3.771686E-05  2.821879E-05  3.580993E-05  1.270679E-05
 2.791500E+02  2.871991E-01  2.449686E-04  5.159719E-08  6.785774E-08  7.553030E-08  9.022800E-08  3.926869E-01  1.123063E-03  2.877747E-05  1.902861E-01  1.078862E-03  5.185752E-05  9.110929E-07  1.010974E-02  4.891942E-06  1.636103E-05  1.293795E-06  1.149527E-01  3.209629E-05  1.430073E-06  1.249385E-06  8.779079E-04  1.194650E-03  3.527054E-05  2.626069E-05  3.333800E-05  1.198416E-05
 2.801500E+02  2.881490E-01  2.422122E-04  4.971001E-08  6.539700E-08  7.279651E-08  8.698852E-08  3.928465E-01  1.097594E-03  2.665638E-05  1.911642E-01  1.063727E-03  4.871630E-05  8.878033E-07  9.892155E-03  4.588534E-06  1.539396E-05  1.233027E-06  1.132785E-01  3.049252E-05  1.377360E-06  1.202338E-06  8.621935E-04  1.173205E-03  3.299545E-05  2.445018E-05  3.105152E-05  1.130665E-05
 2.811500E+02  2.890820E-01  2.394932E-04  4.790161E-08  6.303820E-08  7.017577E-08  8.388202E-08  3.930013E-01  1.072894E-03  2.470584E-05  1.920275E-01  1.048799E-03  4.577851E-05  8.651445E-07  9.680579E-03  4.305919E-06  1.449039E-05  1.175484E-06  1.116320E-01  2.897599E-05  1.326830E-06  1.157279E-06  8.468296E-04  1.152241E-03  3.087883E-05  2.277533E-05  2.893557E-05  1.067123E-05
 2.821500E+02  2.899983E-01  2.368114E-04  4.616840E-08  6.077670E-08  6.766296E-08  8.090252E-08  3.931517E-01  1.048933E-03  2.291107E-05  1.928760E-01  1.034076E-03  4.303027E-05  8.431011E-07  9.474819E-03  4.042546E-06  1.364577E-05  1.120979E-06  1.100128E-01  2.754165E-05  1.278387E-06  1.114118E-06  8.318078E-04  1.131747E-03  2.890891E-05  2.122523E-05  2.697649E-05  1.007508E-05
 2.831500E+02  2.908983E-01  2.341664E-04  4.450695E-08  5.860811E-08  6.525320E-08  7.804433E-08  3.932977E-01  1.025686E-03  2.125867E-05  1.937100E-01  1.019560E-03  4.045868E-05  8.216578E-07  9.274692E-03  3.796994E-06  1.285591E-05  1.069334E-06  1.084206E-01  2.618475E-05  1.231937E-06  1.072768E-06  8.171201E-04  1.111711E-03  2.707486E-05  1.978991E-05  2.516179E-05  9.515564E-06
 2.841500E+02  2.917820E-01  2.315580E-04  4.291400E-08  5.652824E-08  6.294185E-08  7.530204E-08  3.934395E-01  1.003127E-03  1.973647E-05  1.945298E-01  1.005248E-03  3.805176E-05  8.007997E-07  9.080018E-03  3.567951E-06  1.211693E-05  1.020385E-06  1.068549E-01  2.490083E-05  1.187392E-06  1.033147E-06  8.027585E-04  1.092123E-03  2.536667E-05  1.846024E-05  2.348004E-05  8.990262E-06
 2.851500E+02  2.926500E-01  2.289857E-04  4.138644E-08  5.453310E-08  6.072451E-08  7.267046E-08  3.935772E-01  9.812321E-04  1.833340E-05  1.953354E-01  9.911409E-04  3.579836E-05  7.805118E-07  8.890626E-03  3.354209E-06  1.142525E-05  9.739765E-07  1.053156E-01  2.368570E-05  1.144666E-06  9.951777E-07  7.887152E-04  1.072971E-03  2.377513E-05  1.722785E-05  2.192078E-05  8.496910E-06
 2.861500E+02  2.935023E-01  2.264492E-04  3.992132E-08  5.261889E-08  5.859696E-08  7.014470E-08  3.937111E-01  9.599778E-04  1.703941E-05  1.961272E-01  9.772371E-04  3.368815E-05  7.607797E-07  8.706349E-03  3.154656E-06  1.077757E-05  9.299632E-07  1.038021E-01  2.253541E-05  1.103681E-06  9.587844E-07  7.749826E-04  1.054245E-03  2.229173E-05  1.608511E-05  2.047440E-05  8.033404E-06
 2.871500E+02  2.943392E-01  2.239482E-04  3.851584E-08  5.078201E-08  5.655521E-08  6.772007E-08  3.938412E-01  9.393417E-04  1.584533E-05  1.969053E-01  9.635357E-04  3.171151E-05  7.415891E-07  8.527026E-03  2.968267E-06  1.017083E-05  8.882088E-07  1.023143E-01  2.144628E-05  1.064358E-06  9.238966E-07  7.615533E-04  1.035934E-03  2.090862E-05  1.502500E-05  1.913211E-05  7.597793E-06
 2.881500E+02  2.951611E-01  2.214823E-04  3.716733E-08  4.901902E-08  5.459544E-08  6.539211E-08  3.939677E-01  9.193024E-04  1.474285E-05  1.976700E-01  9.500356E-04  2.985948E-05  7.229256E-07  8.352504E-03  2.794096E-06  9.602204E-06  8.485854E-07  1.008516E-01  2.041482E-05  1.026624E-06  8.904467E-07  7.484199E-04  1.018030E-03  1.961855E-05  1.404110E-05  1.788586E-05  7.188258E-06
 2.891500E+02  2.959681E-01  2.190512E-04  3.587324E-08  4.732663E-08  5.271404E-08  6.315658E-08  3.940907E-01  8.998391E-04  1.372437E-05  1.984214E-01  9.367355E-04  2.812375E-05  7.047757E-07  8.182633E-03  2.631270E-06  9.069067E-06  8.109730E-07  9.941384E-02  1.943775E-05  9.904108E-07  8.583701E-07  7.355755E-04  1.000521E-03  1.841482E-05  1.312750E-05  1.672824E-05  6.803108E-06
 2.901500E+02  2.967605E-01  2.166543E-04  3.463115E-08  4.570174E-08  5.090754E-08  6.100942E-08  3.942103E-01  8.809320E-04  1.278298E-05  1.991598E-01  9.236340E-04  2.649658E-05  6.871256E-07  8.017267E-03  2.478984E-06  8.568998E-06  7.752588E-07  9.800055E-02  1.851201E-05  9.556503E-07  8.276056E-07  7.230129E-04  9.833980E-04  1.729127E-05  1.227879E-05  1.565248E-05  6.440770E-06
 2.911500E+02  2.975387E-01  2.142915E-04  3.343875E-08  4.414137E-08  4.917265E-08  5.894678E-08  3.943266E-01  8.625619E-04  1.191237E-05  1.998853E-01  9.107296E-04  2.497078E-05  6.699620E-07  7.856268E-03  2.336493E-06  8.099752E-06  7.413369E-07  9.661141E-02  1.763470E-05  9.222794E-07  7.980948E-07  7.107255E-04  9.666521E-04  1.624216E-05  1.149003E-05  1.465232E-05  6.099778E-06
 2.921500E+02  2.983027E-01  2.119622E-04  3.229384E-08  4.264269E-08  4.750624E-08  5.696498E-08  3.944398E-01  8.447107E-04  1.110678E-05  2.005983E-01  8.980207E-04  2.353964E-05  6.532718E-07  7.699501E-03  2.203110E-06  7.659247E-06  7.091078E-07  9.524605E-02  1.680310E-05  8.902376E-07  7.697818E-07  6.987066E-04  9.502737E-04  1.526222E-05  1.075663E-05  1.372204E-05  5.778769E-06
 2.931500E+02  2.990529E-01  2.096662E-04  3.119434E-08  4.120300E-08  4.590531E-08  5.506052E-08  3.945499E-01  8.273605E-04  1.036096E-05  2.012988E-01  8.855056E-04  2.219694E-05  6.370423E-07  7.546836E-03  2.078200E-06  7.245555E-06  6.784782E-07  9.390412E-02  1.601466E-05  8.594671E-07  7.426138E-07  6.869496E-04  9.342541E-04  1.434656E-05  1.007442E-05  1.285639E-05  5.476471E-06
 2.941500E+02  2.997895E-01  2.074030E-04  3.013826E-08  3.981974E-08  4.436702E-08  5.323005E-08  3.946571E-01  8.104945E-04  9.670118E-06  2.019870E-01  8.731825E-04  2.093686E-05  6.212609E-07  7.398148E-03  1.961174E-06  6.856887E-06  6.493601E-07  9.258525E-02  1.526696E-05  8.299129E-07  7.165400E-07  6.754484E-04  9.185844E-04  1.349065E-05  9.439534E-06  1.205050E-05  5.191700E-06
 2.951500E+02  3.005128E-01  2.051722E-04  2.912369E-08  3.849045E-08  4.288866E-08  5.147040E-08  3.947614E-01  7.940964E-04  9.029861E-06  2.026633E-01  8.610498E-04  1.975402E-05  6.059153E-07  7.253314E-03  1.851489E-06  6.491582E-06  6.216708E-07  9.128909E-02  1.455774E-05  8.015222E-07  6.915124E-07  6.641967E-04  9.032561E-04  1.269033E-05  8.848440E-06  1.129994E-05  4.923351E-06
 2.961500E+02  3.012229E-01  2.029734E-04  2.814882E-08  3.721280E-08  4.146764E-08  4.977852E-08  3.948630E-01  7.781505E-04  8.436178E-06  2.033277E-01  8.491053E-04  1.864336E-05  5.909936E-07  7.112218E-03  1.748642E-06  6.148099E-06  5.953327E-07  9.001528E-02  1.388486E-05  7.742451E-07  6.674849E-07  6.531885E-04  8.882610E-04  1.194172E-05  8.297876E-06  1.060060E-05  4.670396E-06
 2.971500E+02  3.019202E-01  2.008063E-04  2.721194E-08  3.598456E-08  4.010148E-08  4.815152E-08  3.949619E-01  7.626418E-04  7.885399E-06  2.039806E-01  8.373473E-04  1.760021E-05  5.764840E-07  6.974746E-03  1.652167E-06  5.825007E-06  5.702726E-07  8.876346E-02  1.324633E-05  7.480336E-07  6.444138E-07  6.424179E-04  8.735909E-04  1.124122E-05  7.784840E-06  9.948700E-06  4.431874E-06
 2.981500E+02  3.026049E-01  1.986704E-04  2.631140E-08  3.480362E-08  3.878784E-08  4.658664E-08  3.950582E-01  7.475557E-04  7.374165E-06  2.046220E-01  8.257736E-04  1.662020E-05  5.623751E-07  6.840790E-03  1.561631E-06  5.520977E-06  5.464218E-07  8.753328E-02  1.264025E-05  7.228420E-07  6.222573E-07  6.318792E-04  8.592378E-04  1.058552E-05  7.306570E-06  9.340770E-06  4.206888E-06
 2.991500E+02  3.032772E-01  1.965653E-04  2.544563E-08  3.366794E-08  3.752448E-08  4.508123E-08  3.951520E-01  7.328784E-04  6.899396E-06  2.052521E-01  8.143823E-04  1.569926E-05  5.486557E-07  6.710243E-03  1.476634E-06  5.234773E-06  5.237154E-07  8.632438E-02  1.206484E-05  6.986269E-07  6.009756E-07  6.215667E-04  8.451942E-04  9.971544E-06  6.860522E-06  8.773602E-06  3.994602E-06
 3.001500E+02  3.039373E-01  1.944908E-04  2.461315E-08  3.257560E-08  3.630925E-08  4.363279E-08  3.952434E-01  7.185963E-04  6.458272E-06  2.058713E-01  8.031711E-04  1.483359E-05  5.353149E-07  6.583003E-03  1.396806E-06  4.965246E-06  5.020924E-07  8.513643E-02  1.151843E-05  6.753465E-07  5.805309E-07  6.114750E-04  8.314524E-04  9.396434E-06  6.444347E-06  8.244241E-06  3.794236E-06
 3.011500E+02  3.045854E-01  1.924462E-04  2.381252E-08  3.152476E-08  3.514011E-08  4.223891E-08  3.953324E-01  7.046967E-04  6.048207E-06  2.064795E-01  7.921381E-04  1.401966E-05  5.223421E-07  6.458972E-03  1.321802E-06  4.711328E-06  4.814954E-07  8.396907E-02  1.099943E-05  6.529612E-07  5.608868E-07  6.015989E-04  8.180051E-04  8.857546E-06  6.055884E-06  7.749960E-06  3.605060E-06
 3.021500E+02  3.052218E-01  1.904313E-04  2.304239E-08  3.051367E-08  3.401512E-08  4.089730E-08  3.954192E-01  6.911670E-04  5.666827E-06  2.070772E-01  7.812810E-04  1.325416E-05  5.097269E-07  6.338054E-03  1.251303E-06  4.472023E-06  4.618702E-07  8.282195E-02  1.050636E-05  6.314331E-07  5.420088E-07  5.919330E-04  8.048453E-04  8.352426E-06  5.693137E-06  7.288244E-06  3.426393E-06
 3.031500E+02  3.058467E-01  1.884457E-04  2.230146E-08  2.954063E-08  3.293241E-08  3.960578E-08  3.955038E-01  6.779953E-04  5.311953E-06  2.076643E-01  7.705976E-04  1.253403E-05  4.974591E-07  6.220156E-03  1.185012E-06  4.246407E-06  4.431658E-07  8.169474E-02  1.003782E-05  6.107261E-07  5.238642E-07  5.824723E-04  7.919658E-04  7.878796E-06  5.354262E-06  6.856770E-06  3.257597E-06
 3.041500E+02  3.064603E-01  1.864889E-04  2.158850E-08  2.860407E-08  3.189021E-08  3.836225E-08  3.955862E-01  6.651702E-04  4.981585E-06  2.082412E-01  7.600857E-04  1.185638E-05  4.855288E-07  6.105190E-03  1.122654E-06  4.033617E-06  4.253341E-07  8.058710E-02  9.592491E-06  5.908055E-07  5.064213E-07  5.732118E-04  7.793599E-04  7.434542E-06  5.037560E-06  6.453393E-06  3.098078E-06
 3.051500E+02  3.070628E-01  1.845606E-04  2.090233E-08  2.770244E-08  3.088684E-08  3.716474E-08  3.956666E-01  6.526805E-04  4.673885E-06  2.088079E-01  7.497431E-04  1.121855E-05  4.739266E-07  5.993069E-03  1.063972E-06  3.832849E-06  4.083298E-07  7.949868E-02  9.169120E-06  5.716384E-07  4.896503E-07  5.641469E-04  7.670210E-04  7.017702E-06  4.741460E-06  6.076131E-06  2.947279E-06
 3.061500E+02  3.076544E-01  1.826604E-04  2.024183E-08  2.683430E-08  2.992066E-08  3.601132E-08  3.957450E-01  6.405154E-04  4.387161E-06  2.093647E-01  7.395675E-04  1.061802E-05  4.626430E-07  5.883710E-03  1.008729E-06  3.643355E-06  3.921100E-07  7.842917E-02  8.766537E-06  5.531933E-07  4.735226E-07  5.552726E-04  7.549427E-04  6.626453E-06  4.464509E-06  5.723152E-06  2.804680E-06
 3.071500E+02  3.082354E-01  1.807879E-04  1.960592E-08  2.599825E-08  2.899014E-08  3.490019E-08  3.958214E-01  6.286649E-04  4.119860E-06  2.099118E-01  7.295566E-04  1.005247E-05  4.516689E-07  5.777032E-03  9.567028E-07  3.464438E-06  3.766343E-07  7.737822E-02  8.383633E-06  5.354400E-07  4.580109E-07  5.465846E-04  7.431185E-04  6.259101E-06  4.205366E-06  5.392760E-06  2.669792E-06
 3.081500E+02  3.088059E-01  1.789426E-04  1.899357E-08  2.519296E-08  2.809381E-08  3.382960E-08  3.958959E-01  6.171189E-04  3.870550E-06  2.104493E-01  7.197082E-04  9.519708E-06  4.409954E-07  5.672958E-03  9.076885E-07  3.295445E-06  3.618648E-07  7.634552E-02  8.019366E-06  5.183499E-07  4.430891E-07  5.380782E-04  7.315425E-04  5.914072E-06  3.962790E-06  5.083389E-06  2.542160E-06
 3.091500E+02  3.093661E-01  1.771243E-04  1.840382E-08  2.441716E-08  2.723026E-08  3.279791E-08  3.959687E-01  6.058678E-04  3.637914E-06  2.109774E-01  7.100199E-04  9.017707E-06  4.306139E-07  5.571411E-03  8.614943E-07  3.135769E-06  3.477653E-07  7.533075E-02  7.672748E-06  5.018955E-07  4.287324E-07  5.297492E-04  7.202086E-04  5.589902E-06  3.735631E-06  4.793587E-06  2.421357E-06
 3.101500E+02  3.099163E-01  1.753325E-04  1.783571E-08  2.366965E-08  2.639814E-08  3.180352E-08  3.960396E-01  5.949026E-04  3.420738E-06  2.114962E-01  7.004896E-04  8.544560E-06  4.205161E-07  5.472319E-03  8.179416E-07  2.984843E-06  3.343020E-07  7.433358E-02  7.342852E-06  4.860505E-07  4.149171E-07  5.215933E-04  7.091109E-04  5.285230E-06  3.522827E-06  4.522010E-06  2.306983E-06
 3.111500E+02  3.104566E-01  1.735668E-04  1.728837E-08  2.294927E-08  2.559618E-08  3.084492E-08  3.961089E-01  5.842143E-04  3.217904E-06  2.120060E-01  6.911148E-04  8.098490E-06  4.106936E-07  5.375611E-03  7.768644E-07  2.842138E-06  3.214427E-07  7.335371E-02  7.028799E-06  4.707899E-07  4.016205E-07  5.136064E-04  6.982439E-04  4.998789E-06  3.323394E-06  4.267415E-06  2.198663E-06
 3.121500E+02  3.109872E-01  1.718269E-04  1.676094E-08  2.225491E-08  2.482313E-08  2.992066E-08  3.961764E-01  5.737943E-04  3.028380E-06  2.125069E-01  6.818933E-04  7.677835E-06  4.011387E-07  5.281219E-03  7.381078E-07  2.707159E-06  3.091572E-07  7.239082E-02  6.729761E-06  4.560897E-07  3.888209E-07  5.057844E-04  6.876019E-04  4.729401E-06  3.136419E-06  4.028648E-06  2.096046E-06
 3.131500E+02  3.115083E-01  1.701124E-04  1.625261E-08  2.158551E-08  2.407783E-08  2.902936E-08  3.962424E-01  5.636345E-04  2.851215E-06  2.129991E-01  6.728229E-04  7.281039E-06  3.918435E-07  5.189077E-03  7.015276E-07  2.579443E-06  2.974167E-07  7.144462E-02  6.444957E-06  4.419270E-07  3.764977E-07  4.981234E-04  6.771796E-04  4.475968E-06  2.961057E-06  3.804639E-06  1.998804E-06
 3.141500E+02  3.120201E-01  1.684229E-04  1.576259E-08  2.094006E-08  2.335916E-08  2.816970E-08  3.963067E-01  5.537268E-04  2.685531E-06  2.134826E-01  6.639011E-04  6.906651E-06  3.828005E-07  5.099120E-03  6.669890E-07  2.458558E-06  2.861943E-07  7.051479E-02  6.173647E-06  4.282800E-07  3.646313E-07  4.906196E-04  6.669718E-04  4.237469E-06  2.796524E-06  3.594397E-06  1.906627E-06
 3.151500E+02  3.125227E-01  1.667580E-04  1.529015E-08  2.031760E-08  2.266605E-08  2.734040E-08  3.963696E-01  5.440637E-04  2.530516E-06  2.139578E-01  6.551259E-04  6.553311E-06  3.740025E-07  5.011288E-03  6.343666E-07  2.344100E-06  2.754643E-07  6.960105E-02  5.915136E-06  4.151277E-07  3.532026E-07  4.832692E-04  6.569732E-04  4.012952E-06  2.642094E-06  3.397003E-06  1.819226E-06
 3.161500E+02  3.130164E-01  1.651174E-04  1.483458E-08  1.971721E-08  2.199748E-08  2.654027E-08  3.964310E-01  5.346376E-04  2.385421E-06  2.144247E-01  6.464949E-04  6.219746E-06  3.654423E-07  4.925520E-03  6.035432E-07  2.235690E-06  2.652025E-07  6.870310E-02  5.668764E-06  4.024501E-07  3.421938E-07  4.760686E-04  6.471790E-04  3.801530E-06  2.497092E-06  3.211601E-06  1.736329E-06
 3.171500E+02  3.135013E-01  1.635007E-04  1.439519E-08  1.913801E-08  2.135246E-08  2.576814E-08  3.964909E-01  5.254415E-04  2.249554E-06  2.148835E-01  6.380058E-04  5.904767E-06  3.571132E-07  4.841757E-03  5.744095E-07  2.132975E-06  2.553860E-07  6.782065E-02  5.433908E-06  3.902281E-07  3.315876E-07  4.690143E-04  6.375842E-04  3.602375E-06  2.360892E-06  3.037400E-06  1.657682E-06
 3.181500E+02  3.139776E-01  1.619076E-04  1.397134E-08  1.857914E-08  2.073005E-08  2.502291E-08  3.965494E-01  5.164685E-04  2.122274E-06  2.153343E-01  6.296565E-04  5.607259E-06  3.490082E-07  4.759945E-03  5.468632E-07  2.035624E-06  2.459931E-07  6.695341E-02  5.209981E-06  3.784434E-07  3.213676E-07  4.621027E-04  6.281842E-04  3.414717E-06  2.232913E-06  2.873662E-06  1.583044E-06
 3.191500E+02  3.144454E-01  1.603377E-04  1.356241E-08  1.803981E-08  2.012937E-08  2.430352E-08  3.966066E-01  5.077120E-04  2.002989E-06  2.157773E-01  6.214447E-04  5.326179E-06  3.411211E-07  4.680028E-03  5.208089E-07  1.943325E-06  2.370033E-07  6.610112E-02  4.996427E-06  3.670785E-07  3.115181E-07  4.553306E-04  6.189742E-04  3.237837E-06  2.112614E-06  2.719704E-06  1.512192E-06
 3.201500E+02  3.149050E-01  1.587906E-04  1.316780E-08  1.751924E-08  1.954955E-08  2.360895E-08  3.966624E-01  4.991654E-04  1.891151E-06  2.162127E-01  6.133682E-04  5.060550E-06  3.334453E-07  4.601954E-03  4.961574E-07  1.855788E-06  2.283971E-07  6.526349E-02  4.792720E-06  3.561166E-07  3.020240E-07  4.486947E-04  6.099499E-04  3.071064E-06  1.999495E-06  2.574888E-06  1.444915E-06
 3.211500E+02  3.153564E-01  1.572660E-04  1.278695E-08  1.701669E-08  1.898977E-08  2.293824E-08  3.967170E-01  4.908226E-04  1.786251E-06  2.166405E-01  6.054249E-04  4.809457E-06  3.259749E-07  4.525672E-03  4.728253E-07  1.772741E-06  2.201562E-07  6.444025E-02  4.598363E-06  3.455417E-07  2.928710E-07  4.421917E-04  6.011068E-04  2.913772E-06  1.893087E-06  2.438624E-06  1.381013E-06
 3.221500E+02  3.157998E-01  1.557635E-04  1.241931E-08  1.653146E-08  1.844926E-08  2.229045E-08  3.967703E-01  4.826777E-04  1.687819E-06  2.170610E-01  5.976125E-04  4.572042E-06  3.187039E-07  4.451132E-03  4.507345E-07  1.693928E-06  2.122630E-07  6.363114E-02  4.412886E-06  3.353386E-07  2.840454E-07  4.358185E-04  5.924407E-04  2.765375E-06  1.792958E-06  2.310361E-06  1.320301E-06
 3.231500E+02  3.162355E-01  1.542829E-04  1.206437E-08  1.606288E-08  1.792725E-08  2.166471E-08  3.968225E-01  4.747249E-04  1.595420E-06  2.174742E-01  5.899289E-04  4.347502E-06  3.116264E-07  4.378287E-03  4.298122E-07  1.619110E-06  2.047012E-07  6.283589E-02  4.235844E-06  3.254926E-07  2.755340E-07  4.295722E-04  5.839473E-04  2.625328E-06  1.698703E-06  2.189587E-06  1.262602E-06
 3.241500E+02  3.166635E-01  1.528237E-04  1.172163E-08  1.561028E-08  1.742304E-08  2.106015E-08  3.968734E-01  4.669585E-04  1.508649E-06  2.178803E-01  5.823720E-04  4.135083E-06  3.047370E-07  4.307090E-03  4.099899E-07  1.548061E-06  1.974551E-07  6.205425E-02  4.066817E-06  3.159895E-07  2.673243E-07  4.234496E-04  5.756228E-04  2.493121E-06  1.609947E-06  2.075824E-06  1.207753E-06
 3.251500E+02  3.170840E-01  1.513856E-04  1.139061E-08  1.517306E-08  1.693592E-08  2.047597E-08  3.969232E-01  4.593732E-04  1.427131E-06  2.182795E-01  5.749397E-04  3.934079E-06  2.980300E-07  4.237497E-03  3.912036E-07  1.480570E-06  1.905097E-07  6.128596E-02  3.905407E-06  3.068161E-07  2.594043E-07  4.174480E-04  5.674630E-04  2.368278E-06  1.526340E-06  1.968628E-06  1.155598E-06
 3.261500E+02  3.174971E-01  1.499684E-04  1.107086E-08  1.475062E-08  1.646525E-08  1.991138E-08  3.969719E-01  4.519638E-04  1.350519E-06  2.186718E-01  5.676299E-04  3.743827E-06  2.915003E-07  4.169464E-03  3.733935E-07  1.416440E-06  1.838511E-07  6.053077E-02  3.751238E-06  2.979594E-07  2.517624E-07  4.115646E-04  5.594642E-04  2.250351E-06  1.447556E-06  1.867586E-06  1.105992E-06
 3.271500E+02  3.179031E-01  1.485717E-04  1.076194E-08  1.434240E-08  1.601040E-08  1.936563E-08  3.970194E-01  4.447252E-04  1.278488E-06  2.190574E-01  5.604406E-04  3.563705E-06  2.851426E-07  4.102949E-03  3.565034E-07  1.355485E-06  1.774659E-07  5.978844E-02  3.603951E-06  2.894071E-07  2.443878E-07  4.057966E-04  5.516226E-04  2.138926E-06  1.373291E-06  1.772312E-06  1.058796E-06
 3.281500E+02  3.183019E-01  1.471951E-04  1.046343E-08  1.394784E-08  1.557075E-08  1.883802E-08  3.970660E-01  4.376526E-04  1.210740E-06  2.194364E-01  5.533696E-04  3.393131E-06  2.789521E-07  4.037910E-03  3.404807E-07  1.297529E-06  1.713414E-07  5.905872E-02  3.463210E-06  2.811474E-07  2.372699E-07  4.001412E-04  5.439346E-04  2.033612E-06  1.303263E-06  1.682446E-06  1.013882E-06
 3.291500E+02  3.186939E-01  1.458383E-04  1.017494E-08  1.356644E-08  1.514573E-08  1.832785E-08  3.971115E-01  4.307413E-04  1.146995E-06  2.198089E-01  5.464151E-04  3.231557E-06  2.729239E-07  3.974309E-03  3.252760E-07  1.242408E-06  1.654656E-07  5.834138E-02  3.328694E-06  2.731691E-07  2.303986E-07  3.945960E-04  5.363966E-04  1.934044E-06  1.237206E-06  1.597653E-06  9.711279E-07
 3.301500E+02  3.190790E-01  1.445011E-04  9.896084E-09  1.319768E-08  1.473479E-08  1.783447E-08  3.971560E-01  4.239867E-04  1.086994E-06  2.201752E-01  5.395750E-04  3.078469E-06  2.670533E-07  3.912107E-03  3.108430E-07  1.189968E-06  1.598271E-07  5.763619E-02  3.200101E-06  2.654613E-07  2.237643E-07  3.891584E-04  5.290051E-04  1.839882E-06  1.174876E-06  1.517619E-06  9.304187E-07
 3.311500E+02  3.194575E-01  1.431831E-04  9.626494E-09  1.284109E-08  1.433739E-08  1.735725E-08  3.971996E-01  4.173844E-04  1.030497E-06  2.205352E-01  5.328473E-04  2.933385E-06  2.613358E-07  3.851267E-03  2.971384E-07  1.140064E-06  1.544150E-07  5.694291E-02  3.077144E-06  2.580137E-07  2.173578E-07  3.838260E-04  5.217567E-04  1.750806E-06  1.116042E-06  1.442053E-06  8.916464E-07
 3.321500E+02  3.198294E-01  1.418841E-04  9.365819E-09  1.249622E-08  1.395302E-08  1.689558E-08  3.972422E-01  4.109302E-04  9.772782E-07  2.208891E-01  5.262302E-04  2.795850E-06  2.557669E-07  3.791752E-03  2.841213E-07  1.092559E-06  1.492192E-07  5.626133E-02  2.959550E-06  2.508164E-07  2.111703E-07  3.785962E-04  5.146483E-04  1.666516E-06  1.060490E-06  1.370681E-06  8.547092E-07
 3.331500E+02  3.201949E-01  1.406036E-04  9.113724E-09  1.216262E-08  1.358121E-08  1.644888E-08  3.972838E-01  4.046200E-04  9.271298E-07  2.212370E-01  5.197216E-04  2.665441E-06  2.503424E-07  3.733529E-03  2.717534E-07  1.047324E-06  1.442298E-07  5.559122E-02  2.847062E-06  2.438597E-07  2.051932E-07  3.734668E-04  5.076764E-04  1.586733E-06  1.008020E-06  1.303249E-06  8.195110E-07
 3.341500E+02  3.205542E-01  1.393415E-04  8.869885E-09  1.183988E-08  1.322147E-08  1.601660E-08  3.973246E-01  3.984497E-04  8.798574E-07  2.215791E-01  5.133198E-04  2.541756E-06  2.450581E-07  3.676562E-03  2.599989E-07  1.004239E-06  1.394375E-07  5.493237E-02  2.739435E-06  2.371347E-07  1.994185E-07  3.684354E-04  5.008381E-04  1.511194E-06  9.584444E-07  1.239520E-06  7.859612E-07
 3.351500E+02  3.209073E-01  1.380974E-04  8.633994E-09  1.152758E-08  1.287336E-08  1.559821E-08  3.973645E-01  3.924156E-04  8.352800E-07  2.219154E-01  5.070229E-04  2.424419E-06  2.399100E-07  3.620819E-03  2.488240E-07  9.631896E-07  1.348336E-07  5.428456E-02  2.636437E-06  2.306326E-07  1.938385E-07  3.634999E-04  4.941303E-04  1.439652E-06  9.115887E-07  1.179269E-06  7.539743E-07
 3.361500E+02  3.212543E-01  1.368711E-04  8.405755E-09  1.122535E-08  1.253645E-08  1.519320E-08  3.974036E-01  3.865139E-04  7.932290E-07  2.222461E-01  5.008290E-04  2.313077E-06  2.348942E-07  3.566268E-03  2.381968E-07  9.240682E-07  1.304096E-07  5.364758E-02  2.537849E-06  2.243450E-07  1.884457E-07  3.586581E-04  4.875499E-04  1.371877E-06  8.672894E-07  1.122289E-06  7.234697E-07
 3.371500E+02  3.215955E-01  1.356622E-04  8.184884E-09  1.093281E-08  1.221033E-08  1.480107E-08  3.974418E-01  3.807410E-04  7.535471E-07  2.225712E-01  4.947363E-04  2.207397E-06  2.300069E-07  3.512879E-03  2.280876E-07  8.867739E-07  1.261575E-07  5.302123E-02  2.443462E-06  2.182639E-07  1.832329E-07  3.539078E-04  4.810942E-04  1.307653E-06  8.253939E-07  1.068386E-06  6.943712E-07
 3.381500E+02  3.219308E-01  1.344705E-04  7.971108E-09  1.064960E-08  1.189460E-08  1.442136E-08  3.974793E-01  3.750934E-04  7.160878E-07  2.228909E-01  4.887431E-04  2.107067E-06  2.252444E-07  3.460620E-03  2.184683E-07  8.512113E-07  1.220699E-07  5.240532E-02  2.353078E-06  2.123815E-07  1.781935E-07  3.492469E-04  4.747603E-04  1.246776E-06  7.857592E-07  1.017378E-06  6.666070E-07
 3.391500E+02  3.222605E-01  1.332958E-04  7.764167E-09  1.037539E-08  1.158888E-08  1.405362E-08  3.975159E-01  3.695678E-04  6.807142E-07  2.232053E-01  4.828475E-04  2.011792E-06  2.206031E-07  3.409463E-03  2.093125E-07  8.172906E-07  1.181394E-07  5.179963E-02  2.266509E-06  2.066906E-07  1.733208E-07  3.446736E-04  4.685454E-04  1.189056E-06  7.482516E-07  9.690930E-07  6.401093E-07
 3.401500E+02  3.225846E-01  1.321376E-04  7.563809E-09  1.010984E-08  1.129282E-08  1.369740E-08  3.975518E-01  3.641608E-04  6.472988E-07  2.235144E-01  4.770480E-04  1.921295E-06  2.160797E-07  3.359381E-03  2.005953E-07  7.849271E-07  1.143593E-07  5.120398E-02  2.183578E-06  2.011840E-07  1.686086E-07  3.401857E-04  4.624469E-04  1.134314E-06  7.127460E-07  9.233729E-07  6.148139E-07
 3.411500E+02  3.229032E-01  1.309958E-04  7.369795E-09  9.852649E-09  1.100605E-08  1.335231E-08  3.975870E-01  3.588693E-04  6.157224E-07  2.238184E-01  4.713428E-04  1.835316E-06  2.116707E-07  3.310344E-03  1.922934E-07  7.540408E-07  1.107229E-07  5.061818E-02  2.104115E-06  1.958549E-07  1.640508E-07  3.357814E-04  4.564621E-04  1.082382E-06  6.791251E-07  8.800678E-07  5.906603E-07
 3.421500E+02  3.232164E-01  1.298702E-04  7.181894E-09  9.603505E-09  1.072824E-08  1.301793E-08  3.976214E-01  3.536902E-04  5.858737E-07  2.241174E-01  4.657301E-04  1.753610E-06  2.073730E-07  3.262327E-03  1.843848E-07  7.245563E-07  1.072241E-07  5.004205E-02  2.027959E-06  1.906968E-07  1.596418E-07  3.314589E-04  4.505885E-04  1.033103E-06  6.472792E-07  8.390376E-07  5.675913E-07
 3.431500E+02  3.235244E-01  1.287604E-04  6.999885E-09  9.362122E-09  1.045907E-08  1.269389E-08  3.976551E-01  3.486205E-04  5.576486E-07  2.244115E-01  4.602084E-04  1.675944E-06  2.031833E-07  3.215304E-03  1.768486E-07  6.964024E-07  1.038569E-07  4.947539E-02  1.954957E-06  1.857035E-07  1.553760E-07  3.272162E-04  4.448236E-04  9.863274E-07  6.171055E-07  8.001511E-07  5.455527E-07
 3.441500E+02  3.238273E-01  1.276661E-04  6.823555E-09  9.128221E-09  1.019824E-08  1.237982E-08  3.976881E-01  3.436574E-04  5.309501E-07  2.247007E-01  4.547761E-04  1.602103E-06  1.990985E-07  3.169249E-03  1.696653E-07  6.695118E-07  1.006158E-07  4.891803E-02  1.884966E-06  1.808690E-07  1.512480E-07  3.230517E-04  4.391650E-04  9.419173E-07  5.885075E-07  7.632853E-07  5.244934E-07
 3.451500E+02  3.241251E-01  1.265873E-04  6.652700E-09  8.901536E-09  9.945437E-09  1.207536E-08  3.977204E-01  3.387981E-04  5.056871E-07  2.249851E-01  4.494315E-04  1.531880E-06  1.951158E-07  3.124139E-03  1.628166E-07  6.438211E-07  9.749533E-08  4.836980E-02  1.817847E-06  1.761874E-07  1.472529E-07  3.189636E-04  4.336103E-04  8.997412E-07  5.613949E-07  7.283248E-07  5.043650E-07
 3.461500E+02  3.244179E-01  1.255235E-04  6.487126E-09  8.681810E-09  9.700387E-09  1.178018E-08  3.977521E-01  3.340399E-04  4.817749E-07  2.252649E-01  4.441731E-04  1.465082E-06  1.912322E-07  3.079949E-03  1.562850E-07  6.192703E-07  9.449039E-08  4.783052E-02  1.753470E-06  1.716534E-07  1.433857E-07  3.149502E-04  4.281573E-04  8.596763E-07  5.356830E-07  6.951614E-07  4.851218E-07
 3.471500E+02  3.247059E-01  1.244746E-04  6.326643E-09  8.468797E-09  9.462813E-09  1.149394E-08  3.977832E-01  3.293801E-04  4.591337E-07  2.255402E-01  4.389994E-04  1.401527E-06  1.874450E-07  3.036657E-03  1.500541E-07  5.958026E-07  9.159611E-08  4.730002E-02  1.691710E-06  1.672614E-07  1.396418E-07  3.110098E-04  4.228036E-04  8.216067E-07  5.112921E-07  6.636935E-07  4.667203E-07
 3.481500E+02  3.249891E-01  1.234403E-04  6.171071E-09  8.262260E-09  9.232452E-09  1.121635E-08  3.978136E-01  3.248162E-04  4.376891E-07  2.258109E-01  4.339088E-04  1.341044E-06  1.837515E-07  2.994241E-03  1.441085E-07  5.733644E-07  8.880786E-08  4.677814E-02  1.632448E-06  1.630066E-07  1.360167E-07  3.071409E-04  4.175472E-04  7.854235E-07  4.881478E-07  6.338258E-07  4.491197E-07
 3.491500E+02  3.252677E-01  1.224204E-04  6.020238E-09  8.061973E-09  9.009050E-09  1.094708E-08  3.978434E-01  3.203458E-04  4.173715E-07  2.260773E-01  4.288998E-04  1.283470E-06  1.801489E-07  2.952678E-03  1.384337E-07  5.519052E-07  8.612119E-08  4.626472E-02  1.575573E-06  1.588839E-07  1.325061E-07  3.033419E-04  4.123858E-04  7.510243E-07  4.661798E-07  6.054686E-07  4.322810E-07
 3.501500E+02  3.255417E-01  1.214146E-04  5.873976E-09  7.867716E-09  8.792366E-09  1.068587E-08  3.978727E-01  3.159664E-04  3.981155E-07  2.263393E-01  4.239710E-04  1.228653E-06  1.766349E-07  2.911949E-03  1.330158E-07  5.313770E-07  8.353190E-08  4.575959E-02  1.520978E-06  1.548887E-07  1.291058E-07  2.996112E-04  4.073174E-04  7.183126E-07  4.453226E-07  5.785380E-07  4.161676E-07
 3.511500E+02  3.258112E-01  1.204227E-04  5.732125E-09  7.679280E-09  8.582166E-09  1.043242E-08  3.979013E-01  3.116758E-04  3.798601E-07  2.265971E-01  4.191210E-04  1.176448E-06  1.732068E-07  2.872031E-03  1.278419E-07  5.117343E-07  8.103594E-08  4.526260E-02  1.468560E-06  1.510164E-07  1.258118E-07  2.959475E-04  4.023399E-04  6.871976E-07  4.255142E-07  5.529549E-07  4.007446E-07
 3.521500E+02  3.260762E-01  1.194446E-04  5.594532E-09  7.496464E-09  8.378225E-09  1.018647E-08  3.979294E-01  3.074716E-04  3.625477E-07  2.268507E-01  4.143483E-04  1.126720E-06  1.698624E-07  2.832906E-03  1.228996E-07  4.929344E-07  7.862948E-08  4.477360E-02  1.418224E-06  1.472628E-07  1.226205E-07  2.923491E-04  3.974514E-04  6.575939E-07  4.066966E-07  5.286451E-07  3.859790E-07
 3.531500E+02  3.263370E-01  1.184799E-04  5.461049E-09  7.319073E-09  8.180328E-09  9.947769E-09  3.979569E-01  3.033518E-04  3.461247E-07  2.271003E-01  4.096515E-04  1.079340E-06  1.665992E-07  2.794554E-03  1.181774E-07  4.749366E-07  7.630884E-08  4.429244E-02  1.369876E-06  1.436236E-07  1.195280E-07  2.888148E-04  3.926500E-04  6.294207E-07  3.888152E-07  5.055386E-07  3.718396E-07
 3.541500E+02  3.265935E-01  1.175285E-04  5.331534E-09  7.146920E-09  7.988268E-09  9.716062E-09  3.979839E-01  2.993141E-04  3.305407E-07  2.273459E-01  4.050293E-04  1.034187E-06  1.634151E-07  2.756956E-03  1.136643E-07  4.577023E-07  7.407054E-08  4.381896E-02  1.323431E-06  1.400949E-07  1.165310E-07  2.853431E-04  3.879337E-04  6.026022E-07  3.718187E-07  4.835700E-07  3.582966E-07
 3.551500E+02  3.268459E-01  1.165901E-04  5.205850E-09  6.979828E-09  7.801844E-09  9.491113E-09  3.980104E-01  2.953566E-04  3.157482E-07  2.275875E-01  4.004803E-04  9.911455E-07  1.603079E-07  2.720094E-03  1.093500E-07  4.411953E-07  7.191123E-08  4.335304E-02  1.278803E-06  1.366727E-07  1.136259E-07  2.819327E-04  3.833008E-04  5.770669E-07  3.556589E-07  4.626773E-07  3.453221E-07
 3.561500E+02  3.270942E-01  1.156646E-04  5.083866E-09  6.817622E-09  7.620865E-09  9.272695E-09  3.980364E-01  2.914772E-04  3.017030E-07  2.278253E-01  3.960033E-04  9.501086E-07  1.572754E-07  2.683951E-03  1.052246E-07  4.253809E-07  6.982772E-08  4.289451E-02  1.235914E-06  1.333534E-07  1.108097E-07  2.785823E-04  3.787494E-04  5.527472E-07  3.402904E-07  4.428025E-07  3.328894E-07
 3.571500E+02  3.273385E-01  1.147517E-04  4.965456E-09  6.660138E-09  7.445146E-09  9.060586E-09  3.980619E-01  2.876740E-04  2.883632E-07  2.280593E-01  3.915969E-04  9.109737E-07  1.543155E-07  2.648509E-03  1.012789E-07  4.102265E-07  6.781696E-08  4.244325E-02  1.194689E-06  1.301335E-07  1.080790E-07  2.752906E-04  3.742778E-04  5.295796E-07  3.256704E-07  4.238909E-07  3.209731E-07
 3.581500E+02  3.275788E-01  1.138512E-04  4.850498E-09  6.507216E-09  7.274510E-09  8.854575E-09  3.980868E-01  2.839452E-04  2.756898E-07  2.282897E-01  3.872598E-04  8.736442E-07  1.514264E-07  2.613752E-03  9.750413E-08  3.957010E-07  6.587604E-08  4.199913E-02  1.155054E-06  1.270095E-07  1.054311E-07  2.720563E-04  3.698842E-04  5.075040E-07  3.117588E-07  4.058910E-07  3.095493E-07
 3.591500E+02  3.278154E-01  1.129630E-04  4.738875E-09  6.358703E-09  7.108787E-09  8.654459E-09  3.981113E-01  2.802889E-04  2.636459E-07  2.285163E-01  3.829908E-04  8.380289E-07  1.486059E-07  2.579662E-03  9.389198E-08  3.817751E-07  6.400219E-08  4.156200E-02  1.116942E-06  1.239781E-07  1.028629E-07  2.688782E-04  3.655671E-04  4.864638E-07  2.985176E-07  3.887542E-07  2.985952E-07
 3.601500E+02  3.280481E-01  1.120868E-04  4.630475E-09  6.214450E-09  6.947811E-09  8.460040E-09  3.981354E-01  2.767033E-04  2.521969E-07  2.287394E-01  3.787887E-04  8.040415E-07  1.458524E-07  2.546226E-03  9.043460E-08  3.684208E-07  6.219274E-08  4.113173E-02  1.080287E-06  1.210361E-07  1.003718E-07  2.657551E-04  3.613248E-04  4.664056E-07  2.859112E-07  3.724348E-07  2.880893E-07
 3.611500E+02  3.282772E-01  1.112225E-04  4.525191E-09  6.074315E-09  6.791425E-09  8.271131E-09  3.981590E-01  2.731868E-04  2.413104E-07  2.289590E-01  3.746523E-04  7.716004E-07  1.431639E-07  2.513426E-03  8.712454E-08  3.556117E-07  6.044516E-08  4.070821E-02  1.045027E-06  1.181806E-07  9.795503E-08  2.626859E-04  3.571557E-04  4.472789E-07  2.739061E-07  3.568897E-07  2.780109E-07
 3.621500E+02  3.285026E-01  1.103697E-04  4.422917E-09  5.938163E-09  6.639477E-09  8.087550E-09  3.981821E-01  2.697376E-04  2.309558E-07  2.291752E-01  3.705804E-04  7.406285E-07  1.405387E-07  2.481248E-03  8.395477E-08  3.433228E-07  5.875702E-08  4.029130E-02  1.011102E-06  1.154085E-07  9.561005E-08  2.596695E-04  3.530583E-04  4.290360E-07  2.624704E-07  3.420784E-07  2.683406E-07
 3.631500E+02  3.287244E-01  1.095285E-04  4.323553E-09  5.805860E-09  6.491819E-09  7.909121E-09  3.982048E-01  2.663542E-04  2.211042E-07  2.293880E-01  3.665719E-04  7.110527E-07  1.379751E-07  2.449677E-03  8.091862E-08  3.315301E-07  5.712600E-08  3.988088E-02  9.784563E-07  1.127171E-07  9.333442E-08  2.567046E-04  3.490311E-04  4.116320E-07  2.515745E-07  3.279626E-07  2.590599E-07
 3.641500E+02  3.289428E-01  1.086986E-04  4.227004E-09  5.677280E-09  6.348310E-09  7.735675E-09  3.982271E-01  2.630349E-04  2.117287E-07  2.295975E-01  3.626255E-04  6.828039E-07  1.354713E-07  2.418700E-03  7.800976E-08  3.202112E-07  5.554987E-08  3.947683E-02  9.470352E-07  1.101036E-07  9.112576E-08  2.537903E-04  3.450725E-04  3.950243E-07  2.411901E-07  3.145061E-07  2.501512E-07
 3.651500E+02  3.291577E-01  1.078797E-04  4.133176E-09  5.552301E-09  6.208815E-09  7.567051E-09  3.982490E-01  2.597782E-04  2.028037E-07  2.298037E-01  3.587403E-04  6.558167E-07  1.330259E-07  2.388303E-03  7.522219E-08  3.093444E-07  5.402652E-08  3.907904E-02  9.167874E-07  1.075655E-07  8.898181E-08  2.509255E-04  3.411812E-04  3.791728E-07  2.312907E-07  3.016749E-07  2.415978E-07
 3.661500E+02  3.293693E-01  1.070718E-04  4.041979E-09  5.430806E-09  6.073202E-09  7.403092E-09  3.982704E-01  2.565828E-04  1.943053E-07  2.300068E-01  3.549150E-04  6.300293E-07  1.306371E-07  2.358471E-03  7.255024E-08  2.989094E-07  5.255391E-08  3.868738E-02  8.876639E-07  1.051002E-07  8.690037E-08  2.481092E-04  3.373557E-04  3.640395E-07  2.218512E-07  2.894368E-07  2.333838E-07
 3.671500E+02  3.295776E-01  1.062746E-04  3.953329E-09  5.312681E-09  5.941346E-09  7.243646E-09  3.982915E-01  2.534470E-04  1.862109E-07  2.302067E-01  3.511486E-04  6.053829E-07  1.283036E-07  2.329193E-03  6.998851E-08  2.888868E-07  5.113010E-08  3.830175E-02  8.596177E-07  1.027054E-07  8.487934E-08  2.453403E-04  3.335948E-04  3.495885E-07  2.128480E-07  2.777615E-07  2.254940E-07
 3.681500E+02  3.297826E-01  1.054880E-04  3.867141E-09  5.197816E-09  5.813124E-09  7.088570E-09  3.983122E-01  2.503695E-04  1.784992E-07  2.304035E-01  3.474401E-04  5.818222E-07  1.260237E-07  2.300455E-03  6.753189E-08  2.792582E-07  4.975323E-08  3.792203E-02  8.326041E-07  1.003786E-07  8.291668E-08  2.426179E-04  3.298970E-04  3.357859E-07  2.042588E-07  2.666204E-07  2.179141E-07
 3.691500E+02  3.299845E-01  1.047118E-04  3.783336E-09  5.086107E-09  5.688420E-09  6.937722E-09  3.983325E-01  2.473489E-04  1.711501E-07  2.305973E-01  3.437885E-04  5.592944E-07  1.237962E-07  2.272245E-03  6.517554E-08  2.700060E-07  4.842151E-08  3.754812E-02  8.065805E-07  9.811760E-08  8.101045E-08  2.399410E-04  3.262610E-04  3.225994E-07  1.960625E-07  2.559863E-07  2.106305E-07
 3.701500E+02  3.301832E-01  1.039459E-04  3.701837E-09  4.977452E-09  5.567121E-09  6.790968E-09  3.983525E-01  2.443840E-04  1.641447E-07  2.307882E-01  3.401926E-04  5.377498E-07  1.216196E-07  2.244551E-03  6.291484E-08  2.611137E-07  4.713324E-08  3.717991E-02  7.815060E-07  9.592031E-08  7.915877E-08  2.373087E-04  3.226857E-04  3.099989E-07  1.882393E-07  2.458337E-07  2.036301E-07
 3.711500E+02  3.303789E-01  1.031901E-04  3.622570E-09  4.871754E-09  5.449118E-09  6.648178E-09  3.983721E-01  2.414734E-04  1.574651E-07  2.309762E-01  3.366515E-04  5.171410E-07  1.194925E-07  2.217362E-03  6.074542E-08  2.525654E-07  4.588678E-08  3.681730E-02  7.573419E-07  9.378461E-08  7.735983E-08  2.347200E-04  3.191697E-04  2.979554E-07  1.807702E-07  2.361384E-07  1.969005E-07
 3.721500E+02  3.305716E-01  1.024442E-04  3.545463E-09  4.768918E-09  5.334307E-09  6.509226E-09  3.983913E-01  2.386158E-04  1.510946E-07  2.311613E-01  3.331643E-04  4.974235E-07  1.174137E-07  2.190665E-03  5.866314E-08  2.443460E-07  4.468057E-08  3.646017E-02  7.340509E-07  9.170851E-08  7.561189E-08  2.321742E-04  3.157118E-04  2.864418E-07  1.736376E-07  2.268776E-07  1.904299E-07
 3.731500E+02  3.307613E-01  1.017080E-04  3.470447E-09  4.668854E-09  5.222585E-09  6.373991E-09  3.984102E-01  2.358101E-04  1.450173E-07  2.313436E-01  3.297300E-04  4.785546E-07  1.153818E-07  2.164451E-03  5.666405E-08  2.364412E-07  4.351312E-08  3.610844E-02  7.115975E-07  8.969006E-08  7.391327E-08  2.296702E-04  3.123108E-04  2.754323E-07  1.668246E-07  2.180297E-07  1.842072E-07
