#         T/K            c1          c2-1          c3-4          c3-5          c3-7          c3-9            m1          m2-1          m3-1            w1            w2          w3-1          w3-2          c1m1        c1m2-1        c1m2-7        c2m1-1        c1w1-2        c1w2-1        c2w1-1        c2w1-9        m1w1-1        m1w1-4        m1w2-1        m2w1-1        m2w1-3      c1m1w1-1
 2.731500E+02  1.006848E-01  3.309370E-05  2.879943E-09  3.779994E-09  4.205544E-09  5.014588E-09  3.939584E-01  1.287680E-03  4.542816E-05  3.941009E-01  5.257668E-03  7.134174E-04  1.001001E-05  4.094042E-03  2.543638E-06  8.346483E-06  2.170084E-07  9.440680E-02  6.922321E-05  4.761734E-07  4.181307E-07  2.069190E-03  2.816725E-03  2.350629E-04  8.508049E-05  1.077556E-04  1.273364E-05
 2.741500E+02  1.013943E-01  3.293999E-05  2.799974E-09  3.676278E-09  4.090457E-09  4.878899E-09  3.940990E-01  1.257100E-03  4.193501E-05  3.949933E-01  5.154843E-03  6.634347E-04  9.670445E-06  4.016214E-03  2.387528E-06  7.859610E-06  2.078506E-07  9.306936E-02  6.552499E-05  4.599973E-07  4.035779E-07  2.025385E-03  2.756920E-03  2.181718E-04  7.876765E-05  9.980001E-05  1.199583E-05
 2.751500E+02  1.020932E-01  3.278274E-05  2.722167E-09  3.575321E-09  3.978421E-09  4.746753E-09  3.942349E-01  1.227476E-03  3.873416E-05  3.958669E-01  5.054521E-03  6.172379E-04  9.344252E-06  3.940127E-03  2.241913E-06  7.403992E-06  1.991146E-07  9.175118E-02  6.204201E-05  4.444088E-07  3.895675E-07  1.982782E-03  2.698764E-03  2.025972E-04  7.296390E-05  9.248317E-05  1.130472E-05
 2.761500E+02  1.027816E-01  3.262212E-05  2.646476E-09  3.477068E-09  3.869374E-09  4.618081E-09  3.943661E-01  1.198775E-03  3.579930E-05  3.967223E-01  4.956639E-03  5.745212E-04  9.030856E-06  3.865742E-03  2.106034E-06  6.977459E-06  1.907797E-07  9.045222E-02  5.876091E-05  4.293866E-07  3.760790E-07  1.941344E-03  2.642205E-03  1.882291E-04  6.762517E-05  8.574998E-05  1.065714E-05
 2.771500E+02  1.034594E-01  3.245835E-05  2.572856E-09  3.381462E-09  3.763256E-09  4.492816E-09  3.944930E-01  1.170962E-03  3.310667E-05  3.975600E-01  4.861134E-03  5.350047E-04  8.729710E-06  3.793020E-03  1.979187E-06  6.578003E-06  1.828264E-07  8.917239E-02  5.566921E-05  4.149100E-07  3.630929E-07  1.901034E-03  2.587194E-03  1.749674E-04  6.271144E-05  7.955044E-05  1.005014E-05
 2.781500E+02  1.041269E-01  3.229162E-05  2.501263E-09  3.288449E-09  3.660005E-09  4.370889E-09  3.946158E-01  1.144004E-03  3.063475E-05  3.983806E-01  4.767945E-03  4.984323E-04  8.440290E-06  3.721924E-03  1.860725E-06  6.203763E-06  1.752362E-07  8.791158E-02  5.275521E-05  4.009591E-07  3.505902E-07  1.861818E-03  2.533682E-03  1.627209E-04  5.818636E-05  7.383908E-05  9.480985E-06
 2.791500E+02  1.047840E-01  3.212211E-05  2.431652E-09  3.197973E-09  3.559562E-09  4.252230E-09  3.947346E-01  1.117870E-03  2.836406E-05  3.991844E-01  4.677012E-03  4.645696E-04  8.162096E-06  3.652418E-03  1.750049E-06  5.853014E-06  1.679916E-07  8.666971E-02  5.000799E-05  3.875146E-07  3.385527E-07  1.823660E-03  2.481622E-03  1.514061E-04  5.401690E-05  6.857457E-05  8.947141E-06
 2.801500E+02  1.054309E-01  3.195002E-05  2.363978E-09  3.109979E-09  3.461865E-09  4.136771E-09  3.948497E-01  1.092530E-03  2.627696E-05  3.999720E-01  4.588277E-03  4.332018E-04  7.894647E-06  3.584464E-03  1.646607E-06  5.524160E-06  1.610758E-07  8.544663E-02  4.741734E-05  3.745580E-07  3.269627E-07  1.786529E-03  2.430968E-03  1.409470E-04  5.017300E-05  6.371929E-05  8.446250E-06
 2.811500E+02  1.060676E-01  3.177551E-05  2.298197E-09  3.024412E-09  3.366854E-09  4.024445E-09  3.949611E-01  1.067956E-03  2.435747E-05  4.007437E-01  4.501681E-03  4.041322E-04  7.637486E-06  3.518028E-03  1.549887E-06  5.215719E-06  1.544729E-07  8.424222E-02  4.497369E-05  3.620712E-07  3.158033E-07  1.750393E-03  2.381677E-03  1.312742E-04  4.662731E-05  5.923900E-05  7.976122E-06
 2.821500E+02  1.066943E-01  3.159878E-05  2.234265E-09  2.941216E-09  3.274468E-09  3.915181E-09  3.950691E-01  1.044119E-03  2.259108E-05  4.015001E-01  4.417168E-03  3.771805E-04  7.390176E-06  3.453074E-03  1.459417E-06  4.926317E-06  1.481680E-07  8.305633E-02  4.266810E-05  3.500370E-07  3.050582E-07  1.715220E-03  2.333705E-03  1.223242E-04  4.335494E-05  5.510253E-05  7.534721E-06
 2.831500E+02  1.073110E-01  3.141998E-05  2.172138E-09  2.860338E-09  3.184648E-09  3.808913E-09  3.951737E-01  1.020994E-03  2.096461E-05  4.022414E-01  4.334683E-03  3.521813E-04  7.152298E-06  3.389569E-03  1.374760E-06  4.654678E-06  1.421467E-07  8.188882E-02  4.049220E-05  3.384385E-07  2.947115E-07  1.680980E-03  2.287013E-03  1.140388E-04  4.033318E-05  5.128144E-05  7.120156E-06
 2.841500E+02  1.079178E-01  3.123929E-05  2.111774E-09  2.781723E-09  3.097333E-09  3.705571E-09  3.952752E-01  9.985544E-04  1.946612E-05  4.029681E-01  4.254172E-03  3.289831E-04  6.923453E-06  3.327479E-03  1.295512E-06  4.399620E-06  1.363954E-07  8.073952E-02  3.843815E-05  3.272597E-07  2.847481E-07  1.647645E-03  2.241559E-03  1.063652E-04  3.754137E-05  4.774983E-05  6.730667E-06
 2.851500E+02  1.085149E-01  3.105687E-05  2.053128E-09  2.705317E-09  3.012465E-09  3.605089E-09  3.953737E-01  9.767767E-04  1.808474E-05  4.036806E-01  4.175583E-03  3.074466E-04  6.703259E-06  3.266772E-03  1.221300E-06  4.160044E-06  1.309012E-07  7.960826E-02  3.649863E-05  3.164850E-07  2.751534E-07  1.615187E-03  2.197305E-03  9.925453E-05  3.496065E-05  4.448405E-05  6.364617E-06
 2.861500E+02  1.091023E-01  3.087288E-05  1.996160E-09  2.631068E-09  2.929985E-09  3.507399E-09  3.954693E-01  9.556372E-04  1.681060E-05  4.043791E-01  4.098864E-03  2.874441E-04  6.491351E-06  3.207415E-03  1.151776E-06  3.934928E-06  1.256518E-07  7.849486E-02  3.466675E-05  3.060993E-07  2.659132E-07  1.583579E-03  2.154215E-03  9.266252E-05  3.257382E-05  4.146251E-05  6.020483E-06
 2.871500E+02  1.096801E-01  3.068747E-05  1.940826E-09  2.558922E-09  2.849835E-09  3.412436E-09  3.955620E-01  9.351135E-04  1.563469E-05  4.050640E-01  4.023965E-03  2.688583E-04  6.287382E-06  3.149377E-03  1.086619E-06  3.723325E-06  1.206357E-07  7.739914E-02  3.293609E-05  2.960883E-07  2.570141E-07  1.552794E-03  2.112252E-03  8.654839E-05  3.036515E-05  3.866551E-05  5.696848E-06
 2.881500E+02  1.102485E-01  3.050078E-05  1.887085E-09  2.488826E-09  2.771956E-09  3.320132E-09  3.956521E-01  9.151841E-04  1.454885E-05  4.057357E-01  3.950839E-03  2.515814E-04  6.091019E-06  3.092628E-03  1.025533E-06  3.524351E-06  1.158416E-07  7.632091E-02  3.130063E-05  2.864378E-07  2.484430E-07  1.522808E-03  2.071382E-03  8.087484E-05  2.832031E-05  3.607503E-05  5.392392E-06
 2.891500E+02  1.108076E-01  3.031296E-05  1.834896E-09  2.420731E-09  2.696293E-09  3.230424E-09  3.957396E-01  8.958282E-04  1.354562E-05  4.063944E-01  3.879437E-03  2.355143E-04  5.901943E-06  3.037137E-03  9.682407E-07  3.337187E-06  1.112592E-07  7.525998E-02  2.975471E-05  2.771345E-07  2.401872E-07  1.493595E-03  2.031570E-03  7.560766E-05  2.642617E-05  3.367462E-05  5.105886E-06
 2.901500E+02  1.113575E-01  3.012415E-05  1.784219E-09  2.354583E-09  2.622789E-09  3.143245E-09  3.958246E-01  8.770259E-04  1.261820E-05  4.070405E-01  3.809713E-03  2.205660E-04  5.719852E-06  2.982875E-03  9.144874E-07  3.161069E-06  1.068783E-07  7.421615E-02  2.829305E-05  2.681654E-07  2.322348E-07  1.465134E-03  1.992785E-03  7.071546E-05  2.467074E-05  3.144919E-05  4.836185E-06
 2.911500E+02  1.118984E-01  2.993447E-05  1.735014E-09  2.290334E-09  2.551389E-09  3.058533E-09  3.959072E-01  8.587583E-04  1.176040E-05  4.076742E-01  3.741622E-03  2.066526E-04  5.544456E-06  2.929814E-03  8.640354E-07  2.995289E-06  1.026894E-07  7.318921E-02  2.691070E-05  2.595180E-07  2.245740E-07  1.437399E-03  1.954996E-03  6.616946E-05  2.304305E-05  2.938497E-05  4.582220E-06
 2.921500E+02  1.124302E-01  2.974406E-05  1.687242E-09  2.227934E-09  2.482038E-09  2.976224E-09  3.959876E-01  8.410070E-04  1.096656E-05  4.082958E-01  3.675122E-03  1.936970E-04  5.375477E-06  2.877924E-03  8.166646E-07  2.839185E-06  9.868358E-08  7.217896E-02  2.560300E-05  2.511802E-07  2.171937E-07  1.410371E-03  1.918171E-03  6.194323E-05  2.153305E-05  2.746933E-05  4.342999E-06
 2.931500E+02  1.129532E-01  2.955304E-05  1.640865E-09  2.167333E-09  2.414681E-09  2.896257E-09  3.960657E-01  8.237542E-04  1.023153E-05  4.089055E-01  3.610169E-03  1.816283E-04  5.212652E-06  2.827179E-03  7.721706E-07  2.692140E-06  9.485218E-08  7.118519E-02  2.436559E-05  2.431405E-07  2.100831E-07  1.384027E-03  1.882281E-03  5.801249E-05  2.013154E-05  2.569071E-05  4.117593E-06
 2.941500E+02  1.134675E-01  2.936152E-05  1.595843E-09  2.108485E-09  2.349267E-09  2.818571E-09  3.961416E-01  8.069833E-04  9.550588E-06  4.095037E-01  3.546721E-03  1.703811E-04  5.055728E-06  2.777551E-03  7.303635E-07  2.553582E-06  9.118703E-08  7.020768E-02  2.319439E-05  2.353877E-07  2.032318E-07  1.358346E-03  1.847299E-03  5.435493E-05  1.883010E-05  2.403849E-05  3.905137E-06
 2.951500E+02  1.139732E-01  2.916962E-05  1.552141E-09  2.051341E-09  2.285743E-09  2.743105E-09  3.962156E-01  7.906778E-04  8.919423E-06  4.100907E-01  3.484740E-03  1.598950E-04  4.904463E-06  2.729014E-03  6.910668E-07  2.422977E-06  8.768036E-08  6.924623E-02  2.208556E-05  2.279110E-07  1.966300E-07  1.333309E-03  1.813198E-03  5.095005E-05  1.762099E-05  2.250297E-05  3.704824E-06
 2.961500E+02  1.144704E-01  2.897745E-05  1.509722E-09  1.995855E-09  2.224058E-09  2.669800E-09  3.962875E-01  7.748221E-04  8.334096E-06  4.106665E-01  3.424185E-03  1.501146E-04  4.758626E-06  2.681543E-03  6.541165E-07  2.299826E-06  8.432477E-08  6.830061E-02  2.103551E-05  2.207001E-07  1.902679E-07  1.308897E-03  1.779949E-03  4.777898E-05  1.649713E-05  2.107520E-05  3.515900E-06
 2.971500E+02  1.149593E-01  2.878510E-05  1.468550E-09  1.941983E-09  2.164161E-09  2.598599E-09  3.963575E-01  7.594012E-04  7.790998E-06  4.112315E-01  3.365020E-03  1.409887E-04  4.617997E-06  2.635112E-03  6.193600E-07  2.183664E-06  8.111325E-08  6.737061E-02  2.004086E-05  2.137450E-07  1.841364E-07  1.285091E-03  1.747529E-03  4.482437E-05  1.545200E-05  1.974701E-05  3.337662E-06
 2.981500E+02  1.154399E-01  2.859269E-05  1.428590E-09  1.889679E-09  2.106004E-09  2.529443E-09  3.964257E-01  7.444006E-04  7.286826E-06  4.117860E-01  3.307206E-03  1.324700E-04  4.482367E-06  2.589696E-03  5.866557E-07  2.074058E-06  7.803910E-08  6.645601E-02  1.909843E-05  2.070362E-07  1.782267E-07  1.261873E-03  1.715912E-03  4.207024E-05  1.447964E-05  1.851087E-05  3.169454E-06
 2.991500E+02  1.159125E-01  2.840029E-05  1.389807E-09  1.838899E-09  2.049538E-09  2.462278E-09  3.964921E-01  7.298065E-04  6.818555E-06  4.123301E-01  3.250709E-03  1.245149E-04  4.351532E-06  2.545271E-03  5.558713E-07  1.970603E-06  7.509597E-08  6.555658E-02  1.820526E-05  2.005643E-07  1.725302E-07  1.239226E-03  1.685075E-03  3.950187E-05  1.357455E-05  1.735986E-05  3.010661E-06
 3.001500E+02  1.163770E-01  2.820801E-05  1.352169E-09  1.789601E-09  1.994716E-09  2.397048E-09  3.965567E-01  7.156054E-04  6.383412E-06  4.128640E-01  3.195493E-03  1.170832E-04  4.225301E-06  2.501815E-03  5.268842E-07  1.872922E-06  7.227782E-08  6.467212E-02  1.735854E-05  1.943205E-07  1.670388E-07  1.217133E-03  1.654995E-03  3.710571E-05  1.273169E-05  1.628763E-05  2.860711E-06
 3.011500E+02  1.168337E-01  2.801593E-05  1.315642E-09  1.741744E-09  1.941492E-09  2.333700E-09  3.966197E-01  7.017846E-04  5.978854E-06  4.133880E-01  3.141525E-03  1.101376E-04  4.103489E-06  2.459303E-03  4.995798E-07  1.780663E-06  6.957889E-08  6.380239E-02  1.655566E-05  1.882963E-07  1.617445E-07  1.195577E-03  1.625648E-03  3.486926E-05  1.194642E-05  1.528832E-05  2.719067E-06
 3.021500E+02  1.172826E-01  2.782413E-05  1.280194E-09  1.695285E-09  1.889819E-09  2.272181E-09  3.966811E-01  6.883315E-04  5.602547E-06  4.139023E-01  3.088771E-03  1.036439E-04  3.985922E-06  2.417714E-03  4.738516E-07  1.693495E-06  6.699371E-08  6.294718E-02  1.579414E-05  1.824834E-07  1.566399E-07  1.174543E-03  1.597015E-03  3.278098E-05  1.121448E-05  1.435656E-05  2.585228E-06
 3.031500E+02  1.177239E-01  2.763269E-05  1.245794E-09  1.650185E-09  1.839655E-09  2.212440E-09  3.967410E-01  6.752344E-04  5.252348E-06  4.144071E-01  3.037200E-03  9.757014E-05  3.872430E-06  2.377024E-03  4.496003E-07  1.611111E-06  6.451707E-08  6.210627E-02  1.507167E-05  1.768739E-07  1.517176E-07  1.154017E-03  1.569073E-03  3.083025E-05  1.053193E-05  1.348739E-05  2.458726E-06
 3.041500E+02  1.181577E-01  2.744168E-05  1.212411E-09  1.606405E-09  1.790955E-09  2.154425E-09  3.967993E-01  6.624817E-04  4.926291E-06  4.149026E-01  2.986782E-03  9.188706E-05  3.762852E-06  2.337214E-03  4.267333E-07  1.533223E-06  6.214401E-08  6.127944E-02  1.438606E-05  1.714602E-07  1.469707E-07  1.133982E-03  1.541804E-03  2.900724E-05  9.895155E-06  1.267624E-05  2.339123E-06
 3.051500E+02  1.185842E-01  2.725118E-05  1.180015E-09  1.563907E-09  1.743678E-09  2.098089E-09  3.968561E-01  6.500624E-04  4.622566E-06  4.153890E-01  2.937484E-03  8.656747E-05  3.657036E-06  2.298262E-03  4.051643E-07  1.459563E-06  5.986982E-08  6.046646E-02  1.373527E-05  1.662351E-07  1.423926E-07  1.114425E-03  1.515186E-03  2.730290E-05  9.300826E-06  1.191891E-05  2.226008E-06
 3.061500E+02  1.190034E-01  2.706125E-05  1.148578E-09  1.522653E-09  1.697781E-09  2.043382E-09  3.969116E-01  6.379658E-04  4.339511E-06  4.158664E-01  2.889279E-03  8.158619E-05  3.554833E-06  2.260148E-03  3.848127E-07  1.389878E-06  5.769002E-08  5.966713E-02  1.311738E-05  1.611913E-07  1.379766E-07  1.095333E-03  1.489202E-03  2.570883E-05  8.745868E-06  1.121152E-05  2.118997E-06
 3.071500E+02  1.194154E-01  2.687195E-05  1.118070E-09  1.482606E-09  1.653226E-09  1.990259E-09  3.969656E-01  6.261818E-04  4.075597E-06  4.163351E-01  2.842139E-03  7.691995E-05  3.456102E-06  2.222851E-03  3.656033E-07  1.323933E-06  5.560033E-08  5.888122E-02  1.253056E-05  1.563222E-07  1.337167E-07  1.076691E-03  1.463834E-03  2.421730E-05  8.227448E-06  1.055049E-05  2.017730E-06
 3.081500E+02  1.198205E-01  2.668335E-05  1.088464E-09  1.443732E-09  1.609972E-09  1.938672E-09  3.970184E-01  6.147004E-04  3.829415E-06  4.167952E-01  2.796034E-03  7.254717E-05  3.360709E-06  2.186352E-03  3.474662E-07  1.261507E-06  5.359668E-08  5.810852E-02  1.197311E-05  1.516213E-07  1.296070E-07  1.058488E-03  1.439063E-03  2.282116E-05  7.742951E-06  9.932506E-06  1.921871E-06
 3.091500E+02  1.202186E-01  2.649549E-05  1.059734E-09  1.405996E-09  1.567981E-09  1.888578E-09  3.970699E-01  6.035122E-04  3.599670E-06  4.172469E-01  2.750939E-03  6.844785E-05  3.268525E-06  2.150633E-03  3.303357E-07  1.202395E-06  5.167521E-08  5.734882E-02  1.144343E-05  1.470823E-07  1.256416E-07  1.040710E-03  1.414873E-03  2.151378E-05  7.289965E-06  9.354530E-06  1.831104E-06
 3.101500E+02  1.206100E-01  2.630845E-05  1.031852E-09  1.369364E-09  1.527215E-09  1.839933E-09  3.971201E-01  5.926080E-04  3.385165E-06  4.176904E-01  2.706828E-03  6.460347E-05  3.179426E-06  2.115673E-03  3.141507E-07  1.146403E-06  4.983222E-08  5.660190E-02  1.094001E-05  1.426991E-07  1.218151E-07  1.023346E-03  1.391248E-03  2.028903E-05  6.866259E-06  8.813742E-06  1.745134E-06
 3.111500E+02  1.209947E-01  2.612226E-05  1.004793E-09  1.333802E-09  1.487640E-09  1.792695E-09  3.971691E-01  5.819790E-04  3.184802E-06  4.181259E-01  2.663675E-03  6.099684E-05  3.093294E-06  2.081457E-03  2.988540E-07  1.093350E-06  4.806421E-08  5.586755E-02  1.046142E-05  1.384661E-07  1.181223E-07  1.006384E-03  1.368171E-03  1.914124E-05  6.469775E-06  8.307536E-06  1.663682E-06
 3.121500E+02  1.213728E-01  2.593697E-05  9.785332E-10  1.299281E-09  1.449218E-09  1.746821E-09  3.972169E-01  5.716167E-04  2.997564E-06  4.185535E-01  2.621456E-03  5.761201E-05  3.010016E-06  2.047965E-03  2.843922E-07  1.043065E-06  4.636784E-08  5.514556E-02  1.000633E-05  1.343775E-07  1.145581E-07  9.898121E-04  1.345626E-03  1.806516E-05  6.098611E-06  7.833505E-06  1.586490E-06
 3.131500E+02  1.217445E-01  2.575262E-05  9.530474E-10  1.265767E-09  1.411916E-09  1.702272E-09  3.972637E-01  5.615128E-04  2.822515E-06  4.189733E-01  2.580146E-03  5.443420E-05  2.929483E-06  2.015180E-03  2.707153E-07  9.953914E-07  4.473991E-08  5.443573E-02  9.573471E-06  1.304281E-07  1.111176E-07  9.736206E-04  1.323600E-03  1.705590E-05  5.751004E-06  7.389421E-06  1.513314E-06
 3.141500E+02  1.221098E-01  2.556927E-05  9.283121E-10  1.233231E-09  1.375700E-09  1.659009E-09  3.973093E-01  5.516595E-04  2.658789E-06  4.193856E-01  2.539723E-03  5.144965E-05  2.851592E-06  1.983087E-03  2.577765E-07  9.501783E-07  4.317741E-08  5.373785E-02  9.161654E-06  1.266126E-07  1.077961E-07  9.577983E-04  1.302077E-03  1.610897E-05  5.425329E-06  6.973223E-06  1.443923E-06
 3.151500E+02  1.224690E-01  2.538695E-05  9.043048E-10  1.201643E-09  1.340538E-09  1.616992E-09  3.973538E-01  5.420492E-04  2.505589E-06  4.197904E-01  2.500164E-03  4.864561E-05  2.776242E-06  1.951667E-03  2.455322E-07  9.072862E-07  4.167744E-08  5.305172E-02  8.769759E-06  1.229263E-07  1.045892E-07  9.423351E-04  1.281044E-03  1.522017E-05  5.120076E-06  6.583003E-06  1.378105E-06
 3.161500E+02  1.228220E-01  2.520568E-05  8.810030E-10  1.170975E-09  1.306397E-09  1.576186E-09  3.973973E-01  5.326744E-04  2.362176E-06  4.201880E-01  2.461446E-03  4.601023E-05  2.703340E-06  1.920906E-03  2.339415E-07  8.665836E-07  4.023724E-08  5.237714E-02  8.396731E-06  1.193642E-07  1.014926E-07  9.272211E-04  1.260486E-03  1.438562E-05  4.833851E-06  6.216992E-06  1.315656E-06
 3.171500E+02  1.231690E-01  2.502552E-05  8.583852E-10  1.141200E-09  1.273247E-09  1.536555E-09  3.974398E-01  5.235281E-04  2.227868E-06  4.205785E-01  2.423550E-03  4.353248E-05  2.632792E-06  1.890787E-03  2.229660E-07  8.279475E-07  3.885420E-08  5.171391E-02  8.041574E-06  1.159219E-07  9.850201E-08  9.124467E-04  1.240392E-03  1.360172E-05  4.565360E-06  5.873553E-06  1.256389E-06
 3.181500E+02  1.235101E-01  2.484649E-05  8.364305E-10  1.112289E-09  1.241058E-09  1.498062E-09  3.974813E-01  5.146035E-04  2.102034E-06  4.209620E-01  2.386454E-03  4.120213E-05  2.564512E-06  1.861295E-03  2.125698E-07  7.912619E-07  3.752582E-08  5.106183E-02  7.703347E-06  1.125948E-07  9.561360E-08  8.980027E-04  1.220748E-03  1.286511E-05  4.313405E-06  5.551166E-06  1.200124E-06
 3.191500E+02  1.238454E-01  2.466862E-05  8.151184E-10  1.084216E-09  1.209801E-09  1.460673E-09  3.975219E-01  5.058939E-04  1.984091E-06  4.213387E-01  2.350138E-03  3.900963E-05  2.498415E-06  1.832416E-03  2.027193E-07  7.564183E-07  3.624972E-08  5.042070E-02  7.381165E-06  1.093789E-07  9.282349E-08  8.838800E-04  1.201542E-03  1.217270E-05  4.076876E-06  5.248424E-06  1.146695E-06
 3.201500E+02  1.241751E-01  2.449194E-05  7.944293E-10  1.056957E-09  1.179448E-09  1.424357E-09  3.975615E-01  4.973930E-04  1.873498E-06  4.217087E-01  2.314582E-03  3.694613E-05  2.434422E-06  1.804135E-03  1.933830E-07  7.233144E-07  3.502361E-08  4.979035E-02  7.074193E-06  1.062700E-07  9.012803E-08  8.700699E-04  1.182762E-03  1.152158E-05  3.854742E-06  4.964020E-06  1.095946E-06
 3.211500E+02  1.244991E-01  2.431647E-05  7.743439E-10  1.030486E-09  1.149971E-09  1.389079E-09  3.976003E-01  4.890946E-04  1.769755E-06  4.220721E-01  2.279768E-03  3.500337E-05  2.372455E-06  1.776438E-03  1.845313E-07  6.918544E-07  3.384535E-08  4.917058E-02  6.781640E-06  1.032642E-07  8.752368E-08  8.565641E-04  1.164397E-03  1.090908E-05  3.646047E-06  4.696740E-06  1.047727E-06
 3.221500E+02  1.248177E-01  2.414224E-05  7.548437E-10  1.004780E-09  1.121343E-09  1.354810E-09  3.976382E-01  4.809927E-04  1.672398E-06  4.224291E-01  2.245677E-03  3.317365E-05  2.312440E-06  1.749311E-03  1.761366E-07  6.619480E-07  3.271286E-08  4.856120E-02  6.502762E-06  1.003577E-07  8.500707E-08  8.433543E-04  1.146435E-03  1.033270E-05  3.449903E-06  4.445459E-06  1.001901E-06
 3.231500E+02  1.251308E-01  2.396926E-05  7.359105E-10  9.798139E-10  1.093538E-09  1.321518E-09  3.976752E-01  4.730817E-04  1.580997E-06  4.227798E-01  2.212290E-03  3.144983E-05  2.254306E-06  1.722740E-03  1.681729E-07  6.335103E-07  3.162418E-08  4.796203E-02  6.236856E-06  9.754704E-08  8.257493E-08  8.304327E-04  1.128865E-03  9.790119E-06  3.265485E-06  4.209130E-06  9.583368E-07
 3.241500E+02  1.254387E-01  2.379757E-05  7.175269E-10  9.555666E-10  1.066532E-09  1.289174E-09  3.977114E-01  4.653559E-04  1.495155E-06  4.231243E-01  2.179592E-03  2.982522E-05  2.197984E-06  1.696713E-03  1.606159E-07  6.064615E-07  3.057744E-08  4.737289E-02  5.983258E-06  9.482860E-08  8.022414E-08  8.177915E-04  1.111677E-03  9.279168E-06  3.092028E-06  3.986779E-06  9.169115E-07
 3.251500E+02  1.257414E-01  2.362717E-05  6.996759E-10  9.320156E-10  1.040301E-09  1.257750E-09  3.977468E-01  4.578101E-04  1.414501E-06  4.234628E-01  2.147564E-03  2.829362E-05  2.143411E-06  1.671217E-03  1.534425E-07  5.807266E-07  2.957083E-08  4.679359E-02  5.741340E-06  9.219908E-08  7.795170E-08  8.054234E-04  1.094862E-03  8.797837E-06  2.928820E-06  3.777504E-06  8.775094E-07
 3.261500E+02  1.260390E-01  2.345808E-05  6.823410E-10  9.091397E-10  1.014819E-09  1.227218E-09  3.977815E-01  4.504390E-04  1.338692E-06  4.237953E-01  2.116191E-03  2.684921E-05  2.090522E-06  1.646238E-03  1.466313E-07  5.562349E-07  2.860266E-08  4.622398E-02  5.510510E-06  8.965526E-08  7.575472E-08  7.933210E-04  1.078408E-03  8.344252E-06  2.775198E-06  3.580463E-06  8.400218E-07
 3.271500E+02  1.263315E-01  2.329031E-05  6.655063E-10  8.869181E-10  9.900654E-10  1.197549E-09  3.978153E-01  4.432377E-04  1.267409E-06  4.241221E-01  2.085456E-03  2.548658E-05  2.039257E-06  1.621766E-03  1.401622E-07  5.329198E-07  2.767129E-08  4.566386E-02  5.290207E-06  8.719407E-08  7.363044E-08  7.814776E-04  1.062307E-03  7.916666E-06  2.630547E-06  3.394873E-06  8.043461E-07
 3.281500E+02  1.266192E-01  2.312389E-05  6.491562E-10  8.653308E-10  9.660168E-10  1.168720E-09  3.978485E-01  4.362012E-04  1.200358E-06  4.244431E-01  2.055343E-03  2.420070E-05  1.989559E-06  1.597788E-03  1.340162E-07  5.107187E-07  2.677517E-08  4.511307E-02  5.079902E-06  8.481251E-08  7.157618E-08  7.698862E-04  1.046550E-03  7.513451E-06  2.494293E-06  3.220007E-06  7.703856E-07
 3.291500E+02  1.269020E-01  2.295882E-05  6.332759E-10  8.443583E-10  9.426518E-10  1.140703E-09  3.978809E-01  4.293251E-04  1.137262E-06  4.247586E-01  2.025838E-03  2.298683E-05  1.941373E-06  1.574293E-03  1.281755E-07  4.895726E-07  2.591282E-08  4.457144E-02  4.879094E-06  8.250775E-08  6.958939E-08  7.585403E-04  1.031126E-03  7.133088E-06  2.365904E-06  3.055184E-06  7.380495E-07
 3.301500E+02  1.271801E-01  2.279511E-05  6.178507E-10  8.239819E-10  9.199496E-10  1.113475E-09  3.979126E-01  4.226046E-04  1.077866E-06  4.250686E-01  1.996926E-03  2.184059E-05  1.894644E-06  1.551268E-03  1.226233E-07  4.694259E-07  2.508281E-08  4.403881E-02  4.687309E-06  8.027702E-08  6.766761E-08  7.474335E-04  1.016029E-03  6.774162E-06  2.244882E-06  2.899775E-06  7.072520E-07
 3.311500E+02  1.274535E-01  2.263277E-05  6.028665E-10  8.041832E-10  8.978899E-10  1.087011E-09  3.979437E-01  4.160355E-04  1.021932E-06  4.253732E-01  1.968592E-03  2.075787E-05  1.849322E-06  1.528705E-03  1.173438E-07  4.502260E-07  2.428381E-08  4.351501E-02  4.504099E-06  7.811769E-08  6.580848E-08  7.365597E-04  1.001248E-03  6.435352E-06  2.130765E-06  2.753189E-06  6.779122E-07
 3.321500E+02  1.277223E-01  2.247181E-05  5.883098E-10  7.849445E-10  8.764530E-10  1.061288E-09  3.979741E-01  4.096136E-04  9.692399E-07  4.256726E-01  1.940823E-03  1.973481E-05  1.805358E-06  1.506591E-03  1.123223E-07  4.319237E-07  2.351451E-08  4.299989E-02  4.329042E-06  7.602721E-08  6.400972E-08  7.259128E-04  9.867763E-04  6.115424E-06  2.023120E-06  2.614878E-06  6.499538E-07
 3.331500E+02  1.279867E-01  2.231224E-05  5.741672E-10  7.662487E-10  8.556200E-10  1.036284E-09  3.980038E-01  4.033347E-04  9.195824E-07  4.259668E-01  1.913605E-03  1.876783E-05  1.762704E-06  1.484916E-03  1.075448E-07  4.144722E-07  2.277369E-08  4.249328E-02  4.161735E-06  7.400314E-08  6.226915E-08  7.154871E-04  9.726057E-04  5.813226E-06  1.921546E-06  2.484330E-06  6.233051E-07
 3.341500E+02  1.282467E-01  2.215405E-05  5.604261E-10  7.480792E-10  8.353723E-10  1.011977E-09  3.980329E-01  3.971949E-04  8.727682E-07  4.262560E-01  1.886924E-03  1.785357E-05  1.721315E-06  1.463670E-03  1.029982E-07  3.978277E-07  2.206017E-08  4.199502E-02  4.001799E-06  7.204312E-08  6.058468E-08  7.052769E-04  9.587285E-04  5.527683E-06  1.825668E-06  2.361066E-06  5.978981E-07
 3.351500E+02  1.285024E-01  2.199726E-05  5.470740E-10  7.304198E-10  8.156920E-10  9.883464E-10  3.980614E-01  3.911903E-04  8.286187E-07  4.265402E-01  1.860769E-03  1.698889E-05  1.681147E-06  1.442843E-03  9.867006E-08  3.819487E-07  2.137282E-08  4.150498E-02  3.848874E-06  7.014489E-08  5.895427E-08  6.952767E-04  9.451372E-04  5.257790E-06  1.735134E-06  2.244642E-06  5.736689E-07
 3.361500E+02  1.287538E-01  2.184187E-05  5.340989E-10  7.132549E-10  7.965619E-10  9.653708E-10  3.980893E-01  3.853174E-04  7.869674E-07  4.268196E-01  1.835126E-03  1.617085E-05  1.642158E-06  1.422426E-03  9.454887E-08  3.667959E-07  2.071058E-08  4.102300E-02  3.702621E-06  6.830628E-08  5.737601E-08  6.854812E-04  9.318244E-04  5.002607E-06  1.649619E-06  2.134639E-06  5.505570E-07
 3.371500E+02  1.290010E-01  2.168787E-05  5.214892E-10  6.965695E-10  7.779652E-10  9.430309E-10  3.981167E-01  3.795724E-04  7.476591E-07  4.270943E-01  1.809984E-03  1.539670E-05  1.604309E-06  1.402409E-03  9.062362E-08  3.523324E-07  2.007241E-08  4.054892E-02  3.562716E-06  6.652518E-08  5.584802E-08  6.758854E-04  9.187833E-04  4.761256E-06  1.568818E-06  2.030670E-06  5.285053E-07
 3.381500E+02  1.292442E-01  2.153528E-05  5.092335E-10  6.803488E-10  7.598855E-10  9.213074E-10  3.981434E-01  3.739520E-04  7.105490E-07  4.273642E-01  1.785330E-03  1.466386E-05  1.567559E-06  1.382782E-03  8.688398E-08  3.385234E-07  1.945733E-08  4.008261E-02  3.428854E-06  6.479960E-08  5.436850E-08  6.664840E-04  9.060070E-04  4.532915E-06  1.492444E-06  1.932372E-06  5.074601E-07
 3.391500E+02  1.294834E-01  2.138409E-05  4.973211E-10  6.645787E-10  7.423072E-10  9.001816E-10  3.981697E-01  3.684528E-04  6.755020E-07  4.276296E-01  1.761153E-03  1.396992E-05  1.531872E-06  1.363538E-03  8.332022E-08  3.253357E-07  1.886442E-08  3.962392E-02  3.300746E-06  6.312757E-08  5.293574E-08  6.572724E-04  8.934888E-04  4.316815E-06  1.420232E-06  1.839403E-06  4.873703E-07
 3.401500E+02  1.297186E-01  2.123431E-05  4.857413E-10  6.492454E-10  7.252149E-10  8.796356E-10  3.981954E-01  3.630714E-04  6.423922E-07  4.278906E-01  1.737443E-03  1.331262E-05  1.497213E-06  1.344666E-03  7.992316E-08  3.127383E-07  1.829277E-08  3.917272E-02  3.178117E-06  6.150725E-08  5.154808E-08  6.482458E-04  8.812223E-04  4.112236E-06  1.351932E-06  1.751448E-06  4.681879E-07
 3.411500E+02  1.299500E-01  2.108592E-05  4.744840E-10  6.343357E-10  7.085939E-10  8.596517E-10  3.982205E-01  3.578049E-04  6.111017E-07  4.281471E-01  1.714187E-03  1.268985E-05  1.463546E-06  1.326159E-03  7.668414E-08  3.007017E-07  1.774153E-08  3.872886E-02  3.060707E-06  5.993682E-08  5.020393E-08  6.393996E-04  8.692013E-04  3.918505E-06  1.287312E-06  1.668208E-06  4.498674E-07
 3.421500E+02  1.301776E-01  2.093893E-05  4.635392E-10  6.198366E-10  6.924299E-10  8.402132E-10  3.982452E-01  3.526501E-04  5.815207E-07  4.283993E-01  1.691376E-03  1.209961E-05  1.430838E-06  1.308008E-03  7.359500E-08  2.891981E-07  1.720987E-08  3.829222E-02  2.948269E-06  5.841458E-08  4.890175E-08  6.307294E-04  8.574197E-04  3.734990E-06  1.226155E-06  1.589407E-06  4.323659E-07
 3.431500E+02  1.304015E-01  2.079334E-05  4.528973E-10  6.057357E-10  6.767090E-10  8.213035E-10  3.982693E-01  3.476041E-04  5.535464E-07  4.286474E-01  1.668999E-03  1.154004E-05  1.399058E-06  1.290206E-03  7.064804E-08  2.782011E-07  1.669703E-08  3.786265E-02  2.840569E-06  5.693884E-08  4.764006E-08  6.222308E-04  8.458716E-04  3.561099E-06  1.168255E-06  1.514782E-06  4.156426E-07
 3.441500E+02  1.306217E-01  2.064915E-05  4.425491E-10  5.920208E-10  6.614179E-10  8.029068E-10  3.982930E-01  3.426639E-04  5.270828E-07  4.288912E-01  1.647046E-03  1.100940E-05  1.368174E-06  1.272743E-03  6.783598E-08  2.676858E-07  1.620224E-08  3.744003E-02  2.737386E-06  5.550802E-08  4.641746E-08  6.138996E-04  8.345513E-04  3.396279E-06  1.113422E-06  1.444092E-06  3.996592E-07
 3.451500E+02  1.308384E-01  2.050634E-05  4.324857E-10  5.786804E-10  6.465434E-10  7.850077E-10  3.983162E-01  3.378270E-04  5.020401E-07  4.291310E-01  1.625507E-03  1.050604E-05  1.338157E-06  1.255614E-03  6.515196E-08  2.576286E-07  1.572480E-08  3.702423E-02  2.638508E-06  5.412056E-08  4.523257E-08  6.057319E-04  8.234532E-04  3.240009E-06  1.061478E-06  1.377107E-06  3.843792E-07
 3.461500E+02  1.310515E-01  2.036492E-05  4.226983E-10  5.657030E-10  6.320730E-10  7.675912E-10  3.983390E-01  3.330904E-04  4.783343E-07  4.293669E-01  1.604373E-03  1.002844E-05  1.308978E-06  1.238809E-03  6.258950E-08  2.480073E-07  1.526402E-08  3.661513E-02  2.543736E-06  5.277500E-08  4.408409E-08  5.977235E-04  8.125719E-04  3.091802E-06  1.012255E-06  1.313614E-06  3.697684E-07
 3.471500E+02  1.312612E-01  2.022488E-05  4.131785E-10  5.530776E-10  6.179945E-10  7.506430E-10  3.983613E-01  3.284518E-04  4.558867E-07  4.295988E-01  1.583635E-03  9.575136E-06  1.280611E-06  1.222322E-03  6.014246E-08  2.388008E-07  1.481924E-08  3.621259E-02  2.452879E-06  5.146988E-08  4.297074E-08  5.898707E-04  8.019023E-04  2.951201E-06  9.655959E-07  1.253412E-06  3.557940E-07
 3.481500E+02  1.314675E-01  2.008621E-05  4.039181E-10  5.407937E-10  6.042961E-10  7.341489E-10  3.983831E-01  3.239085E-04  4.346239E-07  4.298270E-01  1.563284E-03  9.144779E-06  1.253028E-06  1.206145E-03  5.780506E-08  2.299889E-07  1.438984E-08  3.581651E-02  2.365758E-06  5.020385E-08  4.189133E-08  5.821697E-04  7.914391E-04  2.817777E-06  9.213541E-07  1.196314E-06  3.424252E-07
 3.491500E+02  1.316705E-01  1.994892E-05  3.949094E-10  5.288410E-10  5.909664E-10  7.180956E-10  3.984046E-01  3.194580E-04  4.144768E-07  4.300513E-01  1.543310E-03  8.736092E-06  1.226205E-06  1.190272E-03  5.557183E-08  2.215529E-07  1.397521E-08  3.542676E-02  2.282202E-06  4.897558E-08  4.084467E-08  5.746170E-04  7.811775E-04  2.691126E-06  8.793914E-07  1.142143E-06  3.296328E-07
 3.501500E+02  1.318702E-01  1.981298E-05  3.861446E-10  5.172095E-10  5.779944E-10  7.024698E-10  3.984256E-01  3.150981E-04  3.953810E-07  4.302720E-01  1.523706E-03  8.347877E-06  1.200116E-06  1.174696E-03  5.343760E-08  2.134747E-07  1.357479E-08  3.504323E-02  2.202047E-06  4.778378E-08  3.982964E-08  5.672088E-04  7.711126E-04  2.570870E-06  8.395786E-07  1.090733E-06  3.173891E-07
 3.511500E+02  1.320668E-01  1.967840E-05  3.776164E-10  5.058896E-10  5.653692E-10  6.872588E-10  3.984462E-01  3.108264E-04  3.772759E-07  4.304891E-01  1.504462E-03  7.979008E-06  1.174738E-06  1.159410E-03  5.139747E-08  2.057374E-07  1.318802E-08  3.466580E-02  2.125140E-06  4.662724E-08  3.884516E-08  5.599420E-04  7.612398E-04  2.456655E-06  8.017943E-07  1.041930E-06  3.056679E-07
 3.521500E+02  1.322601E-01  1.954517E-05  3.693177E-10  4.948719E-10  5.530805E-10  6.724502E-10  3.984664E-01  3.066407E-04  3.601048E-07  4.307026E-01  1.485572E-03  7.628425E-06  1.150048E-06  1.144408E-03  4.944682E-08  1.983248E-07  1.281438E-08  3.429435E-02  2.051332E-06  4.550477E-08  3.789019E-08  5.528130E-04  7.515545E-04  2.348145E-06  7.659245E-07  9.955879E-07  2.944444E-07
 3.531500E+02  1.324505E-01  1.941328E-05  3.612415E-10  4.841474E-10  5.411183E-10  6.580323E-10  3.984862E-01  3.025387E-04  3.438146E-07  4.309127E-01  1.467026E-03  7.295132E-06  1.126025E-06  1.129684E-03  4.758128E-08  1.912217E-07  1.245336E-08  3.392879E-02  1.980486E-06  4.441522E-08  3.696372E-08  5.458186E-04  7.420522E-04  2.245027E-06  7.318622E-07  9.515694E-07  2.836950E-07
 3.541500E+02  1.326377E-01  1.928273E-05  3.533811E-10  4.737073E-10  5.294729E-10  6.439934E-10  3.985057E-01  2.985185E-04  3.283554E-07  4.311194E-01  1.448817E-03  6.978191E-06  1.102646E-06  1.115230E-03  4.579669E-08  1.844136E-07  1.210448E-08  3.356900E-02  1.912468E-06  4.335751E-08  3.606479E-08  5.389558E-04  7.327287E-04  2.147005E-06  6.995071E-07  9.097461E-07  2.733973E-07
 3.551500E+02  1.328220E-01  1.915350E-05  3.457301E-10  4.635432E-10  5.181348E-10  6.303223E-10  3.985247E-01  2.945780E-04  3.136804E-07  4.313227E-01  1.430939E-03  6.676720E-06  1.079893E-06  1.101042E-03  4.408913E-08  1.778868E-07  1.176728E-08  3.321487E-02  1.847152E-06  4.233056E-08  3.519246E-08  5.322213E-04  7.235798E-04  2.053803E-06  6.687647E-07  8.699971E-07  2.635302E-07
 3.561500E+02  1.330035E-01  1.902558E-05  3.382821E-10  4.536469E-10  5.070949E-10  6.170082E-10  3.985435E-01  2.907152E-04  2.997457E-07  4.315228E-01  1.413382E-03  6.389887E-06  1.057744E-06  1.087114E-03  4.245490E-08  1.716282E-07  1.144131E-08  3.286631E-02  1.784418E-06  4.133337E-08  3.434585E-08  5.256123E-04  7.146015E-04  1.965159E-06  6.395462E-07  8.322088E-07  2.540735E-07
 3.571500E+02  1.331820E-01  1.889898E-05  3.310312E-10  4.440104E-10  4.963443E-10  6.040406E-10  3.985618E-01  2.869281E-04  2.865099E-07  4.317197E-01  1.396141E-03  6.116911E-06  1.036182E-06  1.073439E-03  4.089048E-08  1.656254E-07  1.112615E-08  3.252320E-02  1.724152E-06  4.036495E-08  3.352408E-08  5.191258E-04  7.057897E-04  1.880827E-06  6.117683E-07  7.962744E-07  2.450082E-07
 3.581500E+02  1.333577E-01  1.877367E-05  3.239715E-10  4.346260E-10  4.858746E-10  5.914093E-10  3.985798E-01  2.832150E-04  2.739344E-07  4.319134E-01  1.379208E-03  5.857054E-06  1.015187E-06  1.060012E-03  3.939252E-08  1.598667E-07  1.082139E-08  3.218546E-02  1.666245E-06  3.942436E-08  3.272633E-08  5.127591E-04  6.971407E-04  1.800575E-06  5.853525E-07  7.620934E-07  2.363162E-07
 3.591500E+02  1.335307E-01  1.864965E-05  3.170971E-10  4.254863E-10  4.756775E-10  5.791046E-10  3.985975E-01  2.795740E-04  2.619827E-07  4.321040E-01  1.362577E-03  5.609622E-06  9.947427E-07  1.046828E-03  3.795788E-08  1.543409E-07  1.052665E-08  3.185298E-02  1.610594E-06  3.851067E-08  3.195179E-08  5.065093E-04  6.886506E-04  1.724186E-06  5.602251E-07  7.295711E-07  2.279803E-07
 3.601500E+02  1.337010E-01  1.852691E-05  3.104028E-10  4.165841E-10  4.657448E-10  5.671167E-10  3.986149E-01  2.760033E-04  2.506206E-07  4.322916E-01  1.346241E-03  5.373960E-06  9.748315E-07  1.033882E-03  3.658356E-08  1.490375E-07  1.024154E-08  3.152566E-02  1.557100E-06  3.762301E-08  3.119970E-08  5.003737E-04  6.803159E-04  1.651455E-06  5.363166E-07  6.986186E-07  2.199841E-07
 3.611500E+02  1.338686E-01  1.840544E-05  3.038830E-10  4.079124E-10  4.560689E-10  5.554366E-10  3.986319E-01  2.725012E-04  2.398159E-07  4.324762E-01  1.330194E-03  5.149452E-06  9.554371E-07  1.021168E-03  3.526671E-08  1.439463E-07  9.965718E-09  3.120342E-02  1.505670E-06  3.676054E-08  3.046931E-08  4.943499E-04  6.721330E-04  1.582188E-06  5.135615E-07  6.691521E-07  2.123123E-07
 3.621500E+02  1.340336E-01  1.828524E-05  2.975327E-10  3.994644E-10  4.466423E-10  5.440552E-10  3.986486E-01  2.690662E-04  2.295384E-07  4.326579E-01  1.314429E-03  4.935515E-06  9.365435E-07  1.008682E-03  3.400466E-08  1.390579E-07  9.698829E-09  3.088615E-02  1.456214E-06  3.592244E-08  2.975991E-08  4.884352E-04  6.640985E-04  1.516203E-06  4.918985E-07  6.410926E-07  2.049500E-07
 3.631500E+02  1.341961E-01  1.816628E-05  2.913469E-10  3.912336E-10  4.374576E-10  5.329639E-10  3.986651E-01  2.656965E-04  2.197597E-07  4.328367E-01  1.298940E-03  4.731600E-06  9.181356E-07  9.964177E-04  3.279485E-08  1.343632E-07  9.440548E-09  3.057377E-02  1.408647E-06  3.510790E-08  2.907080E-08  4.826272E-04  6.562089E-04  1.453328E-06  4.712695E-07  6.143658E-07  1.978833E-07
 3.641500E+02  1.343560E-01  1.804856E-05  2.853207E-10  3.832136E-10  4.285078E-10  5.221543E-10  3.986812E-01  2.623906E-04  2.104528E-07  4.330128E-01  1.283721E-03  4.537190E-06  9.001986E-07  9.843712E-04  3.163485E-08  1.298534E-07  9.190557E-09  3.026619E-02  1.362888E-06  3.431619E-08  2.840132E-08  4.769235E-04  6.484611E-04  1.393401E-06  4.516199E-07  5.889015E-07  1.910989E-07
 3.651500E+02  1.345135E-01  1.793207E-05  2.794494E-10  3.753984E-10  4.197861E-10  5.116182E-10  3.986970E-01  2.591470E-04  2.015926E-07  4.331861E-01  1.268767E-03  4.351795E-06  8.827181E-07  9.725376E-04  3.052236E-08  1.255204E-07  8.948553E-09  2.996333E-02  1.318861E-06  3.354656E-08  2.775084E-08  4.713217E-04  6.408519E-04  1.336269E-06  4.328983E-07  5.646338E-07  1.845841E-07
 3.661500E+02  1.346686E-01  1.781680E-05  2.737286E-10  3.677819E-10  4.112859E-10  5.013479E-10  3.987126E-01  2.559643E-04  1.931553E-07  4.333566E-01  1.254071E-03  4.174955E-06  8.656805E-07  9.609125E-04  2.945521E-08  1.213564E-07  8.714245E-09  2.966509E-02  1.276492E-06  3.279831E-08  2.711873E-08  4.658196E-04  6.333781E-04  1.281789E-06  4.150561E-07  5.415004E-07  1.783270E-07
 3.671500E+02  1.348213E-01  1.770274E-05  2.681538E-10  3.603584E-10  4.030007E-10  4.913355E-10  3.987278E-01  2.528409E-04  1.851186E-07  4.335246E-01  1.239629E-03  4.006232E-06  8.490724E-07  9.494913E-04  2.843132E-08  1.173540E-07  8.487353E-09  2.937139E-02  1.235709E-06  3.207075E-08  2.650440E-08  4.604150E-04  6.260367E-04  1.229823E-06  3.980475E-07  5.194424E-07  1.723160E-07
 3.681500E+02  1.349717E-01  1.758987E-05  2.627207E-10  3.531223E-10  3.949243E-10  4.815739E-10  3.987428E-01  2.497755E-04  1.774614E-07  4.336899E-01  1.225435E-03  3.845217E-06  8.328810E-07  9.382698E-04  2.744872E-08  1.135061E-07  8.267610E-09  2.908216E-02  1.196448E-06  3.136322E-08  2.590727E-08  4.551056E-04  6.188249E-04  1.180244E-06  3.818295E-07  4.984045E-07  1.665404E-07
 3.691500E+02  1.351197E-01  1.747819E-05  2.574253E-10  3.460683E-10  3.870508E-10  4.720557E-10  3.987575E-01  2.467667E-04  1.701638E-07  4.338527E-01  1.211484E-03  3.691519E-06  8.170939E-07  9.272436E-04  2.650554E-08  1.098059E-07  8.054759E-09  2.879730E-02  1.158643E-06  3.067510E-08  2.532679E-08  4.498895E-04  6.117397E-04  1.132931E-06  3.663612E-07  4.783343E-07  1.609897E-07
 3.701500E+02  1.352655E-01  1.736769E-05  2.522636E-10  3.391910E-10  3.793743E-10  4.627740E-10  3.987720E-01  2.438133E-04  1.632070E-07  4.340129E-01  1.197770E-03  3.544771E-06  8.016992E-07  9.164087E-04  2.560002E-08  1.062470E-07  7.848551E-09  2.851675E-02  1.122234E-06  3.000576E-08  2.476242E-08  4.447645E-04  6.047784E-04  1.087768E-06  3.516044E-07  4.591826E-07  1.556542E-07
 3.711500E+02  1.354092E-01  1.725836E-05  2.472317E-10  3.324855E-10  3.718892E-10  4.537221E-10  3.987862E-01  2.409139E-04  1.565735E-07  4.341707E-01  1.184288E-03  3.404625E-06  7.866852E-07  9.057610E-04  2.473044E-08  1.028235E-07  7.648749E-09  2.824042E-02  1.087163E-06  2.935463E-08  2.421366E-08  4.397287E-04  5.979382E-04  1.044647E-06  3.375226E-07  4.409025E-07  1.505245E-07
 3.721500E+02  1.355506E-01  1.715018E-05  2.423258E-10  3.259468E-10  3.645900E-10  4.448936E-10  3.988002E-01  2.380672E-04  1.502465E-07  4.343261E-01  1.171035E-03  3.270754E-06  7.720408E-07  8.952965E-04  2.389523E-08  9.952933E-08  7.455127E-09  2.796823E-02  1.053375E-06  2.872112E-08  2.368001E-08  4.347802E-04  5.912165E-04  1.003466E-06  3.240817E-07  4.234502E-07  1.455917E-07
 3.731500E+02  1.356899E-01  1.704314E-05  2.375425E-10  3.195701E-10  3.574714E-10  4.362820E-10  3.988139E-01  2.352722E-04  1.442103E-07  4.344791E-01  1.158004E-03  3.142846E-06  7.577551E-07  8.850115E-04  2.309283E-08  9.635911E-08  7.267464E-09  2.770012E-02  1.020816E-06  2.810468E-08  2.316097E-08  4.299169E-04  5.846108E-04  9.641283E-07  3.112492E-07  4.067840E-07  1.408471E-07
