#         T/K            c1          c2-1          c3-4          c3-5          c3-7          c3-9            m1          m2-1          m3-1            w1            w2          w3-1          w3-2          c1m1        c1m2-1        c1m2-7        c2m1-1        c1w1-2        c1w2-1        c2w1-1        c2w1-9        m1w1-1        m1w1-4        m1w2-1        m2w1-1        m2w1-3      c1m1w1-1
 2.731500E+02  7.974466E-01  2.066716E-03  1.418133E-06  1.861334E-06  2.070881E-06  2.469269E-06  4.797446E-02  1.901022E-05  8.130621E-08  5.135803E-02  8.889040E-05  1.564826E-06  2.195618E-08  3.931059E-03  2.960957E-07  9.715838E-07  1.642977E-06  9.700672E-02  9.228072E-06  3.857992E-06  3.387725E-06  3.269044E-05  4.450050E-05  4.817982E-07  1.629558E-07  2.063857E-07  1.586246E-06
 2.741500E+02  7.980891E-01  2.032263E-03  1.354032E-06  1.777802E-06  1.978093E-06  2.359374E-06  4.802300E-02  1.858824E-05  7.524364E-08  5.191889E-02  8.868854E-05  1.494055E-06  2.177784E-08  3.836006E-03  2.767167E-07  9.109363E-07  1.556082E-06  9.588726E-02  8.836443E-06  3.714737E-06  3.259118E-06  3.230486E-05  4.397283E-05  4.554862E-07  1.524519E-07  1.931592E-07  1.499716E-06
 2.751500E+02  7.987241E-01  1.998671E-03  1.293323E-06  1.698663E-06  1.890179E-06  2.255220E-06  4.807004E-02  1.817809E-05  6.966986E-08  5.247462E-02  8.846598E-05  1.426412E-06  2.159420E-08  3.743914E-03  2.587320E-07  8.544708E-07  1.474398E-06  9.477807E-02  8.462103E-06  3.577462E-06  3.135992E-06  3.192204E-05  4.344908E-05  4.306707E-07  1.426722E-07  1.808398E-07  1.418312E-06
 2.761500E+02  7.993515E-01  1.965912E-03  1.235803E-06  1.623657E-06  1.806849E-06  2.156466E-06  4.811564E-02  1.777942E-05  6.454278E-08  5.302513E-02  8.822347E-05  1.361773E-06  2.140560E-08  3.654674E-03  2.420329E-07  8.018745E-07  1.397582E-06  9.367929E-02  8.104284E-06  3.445895E-06  3.018093E-06  3.154212E-05  4.292941E-05  4.072647E-07  1.335642E-07  1.693619E-07  1.341709E-06
 2.771500E+02  7.999715E-01  1.933961E-03  1.181281E-06  1.552538E-06  1.727832E-06  2.062797E-06  4.815983E-02  1.739187E-05  5.982418E-08  5.357038E-02  8.796172E-05  1.300014E-06  2.121242E-08  3.568186E-03  2.265202E-07  7.528599E-07  1.325311E-06  9.259105E-02  7.762254E-06  3.319779E-06  2.905180E-06  3.116519E-05  4.241396E-05  3.851865E-07  1.250790E-07  1.586647E-07  1.269605E-06
 2.781500E+02  8.005840E-01  1.902791E-03  1.129582E-06  1.485079E-06  1.652876E-06  1.973914E-06  4.820268E-02  1.701508E-05  5.547928E-08  5.411029E-02  8.768147E-05  1.241017E-06  2.101497E-08  3.484348E-03  2.121026E-07  7.071622E-07  1.257289E-06  9.151347E-02  7.435311E-06  3.198868E-06  2.797022E-06  3.079135E-05  4.190287E-05  3.643592E-07  1.171717E-07  1.486921E-07  1.201717E-06
 2.791500E+02  8.011891E-01  1.872380E-03  1.080540E-06  1.421067E-06  1.581744E-06  1.889541E-06  4.824422E-02  1.664874E-05  5.147643E-08  5.464481E-02  8.738343E-05  1.184668E-06  2.081361E-08  3.403066E-03  1.986965E-07  6.645375E-07  1.193239E-06  9.044665E-02  7.122784E-06  3.082926E-06  2.693402E-06  3.042071E-05  4.139625E-05  3.447100E-07  1.098007E-07  1.393922E-07  1.137783E-06
 2.801500E+02  8.017867E-01  1.842703E-03  1.034001E-06  1.360300E-06  1.514215E-06  1.809418E-06  4.828452E-02  1.629251E-05  4.778683E-08  5.517390E-02  8.706832E-05  1.130856E-06  2.060866E-08  3.324250E-03  1.862249E-07  6.247613E-07  1.132903E-06  8.939069E-02  6.824030E-06  2.971732E-06  2.594112E-06  3.005334E-05  4.089421E-05  3.261707E-07  1.029274E-07  1.307170E-07  1.077556E-06
 2.811500E+02  8.023770E-01  1.813738E-03  9.898184E-07  1.302594E-06  1.450082E-06  1.733302E-06  4.832361E-02  1.594608E-05  4.438424E-08  5.569752E-02  8.673685E-05  1.079474E-06  2.040043E-08  3.247810E-03  1.746172E-07  5.876264E-07  1.076044E-06  8.834567E-02  6.538435E-06  2.865074E-06  2.498955E-06  2.968933E-05  4.039687E-05  3.086770E-07  9.651639E-08  1.226220E-07  1.020806E-06
 2.821500E+02  8.029599E-01  1.785464E-03  9.478584E-07  1.247773E-06  1.389151E-06  1.660966E-06  4.836153E-02  1.560915E-05  4.124475E-08  5.621563E-02  8.638973E-05  1.030420E-06  2.018923E-08  3.173664E-03  1.638086E-07  5.529422E-07  1.022439E-06  8.731166E-02  6.265411E-06  2.762749E-06  2.407743E-06  2.932875E-05  3.990431E-05  2.921682E-07  9.053462E-08  1.150662E-07  9.673175E-07
 2.831500E+02  8.035354E-01  1.757859E-03  9.079937E-07  1.195674E-06  1.331241E-06  1.592195E-06  4.839832E-02  1.528143E-05  3.834655E-08  5.672819E-02  8.602764E-05  9.835934E-07  1.997537E-08  3.101730E-03  1.537393E-07  5.205324E-07  9.718818E-07  8.628872E-02  6.004396E-06  2.664566E-06  2.320298E-06  2.897166E-05  3.941662E-05  2.765872E-07  8.495166E-08  1.080114E-07  9.168907E-07
 2.841500E+02  8.041036E-01  1.730904E-03  8.701057E-07  1.146142E-06  1.276182E-06  1.526792E-06  4.843403E-02  1.496262E-05  3.566977E-08  5.723520E-02  8.565128E-05  9.388987E-07  1.975913E-08  3.031930E-03  1.443545E-07  4.902346E-07  9.241796E-07  8.527691E-02  5.754852E-06  2.570341E-06  2.236449E-06  2.861812E-05  3.893386E-05  2.618805E-07  7.973930E-08  1.014225E-07  8.693373E-07
 2.851500E+02  8.046646E-01  1.704579E-03  8.340831E-07  1.099035E-06  1.223814E-06  1.464567E-06  4.846869E-02  1.465246E-05  3.319626E-08  5.773661E-02  8.526130E-05  8.962435E-07  1.954080E-08  2.964190E-03  1.356036E-07  4.618988E-07  8.791535E-07  8.427627E-02  5.516266E-06  2.479899E-06  2.156035E-06  2.826818E-05  3.845612E-05  2.479972E-07  7.487144E-08  9.526666E-08  8.244818E-07
 2.861500E+02  8.052183E-01  1.678866E-03  7.998216E-07  1.054217E-06  1.173987E-06  1.405346E-06  4.850235E-02  1.435067E-05  3.090946E-08  5.823242E-02  8.485838E-05  8.555390E-07  1.932064E-08  2.898439E-03  1.274401E-07  4.353865E-07  8.366366E-07  8.328682E-02  5.288145E-06  2.393076E-06  2.078902E-06  2.792189E-05  3.798344E-05  2.348900E-07  7.032390E-08  8.951377E-08  7.821599E-07
 2.871500E+02  8.057649E-01  1.653747E-03  7.672234E-07  1.011562E-06  1.126562E-06  1.348962E-06  4.853502E-02  1.405700E-05  2.879422E-08  5.872261E-02  8.444317E-05  8.166997E-07  1.909892E-08  2.834607E-03  1.198211E-07  4.105695E-07  7.964735E-07  8.230860E-02  5.070022E-06  2.309712E-06  2.004904E-06  2.757929E-05  3.751587E-05  2.225138E-07  6.607428E-08  8.413578E-08  7.422179E-07
 2.881500E+02  8.063043E-01  1.629203E-03  7.361967E-07  9.709505E-07  1.081406E-06  1.295263E-06  4.856676E-02  1.377120E-05  2.683673E-08  5.920718E-02  8.401630E-05  7.796432E-07  1.887589E-08  2.772627E-03  1.127070E-07  3.873295E-07  7.585193E-07  8.134162E-02  4.861446E-06  2.229656E-06  1.933901E-06  2.724042E-05  3.705347E-05  2.108266E-07  6.210183E-08  7.910668E-08  7.045121E-07
 2.891500E+02  8.068366E-01  1.605219E-03  7.066553E-07  9.322720E-07  1.038397E-06  1.244101E-06  4.859758E-02  1.349302E-05  2.502435E-08  5.968612E-02  8.357841E-05  7.442906E-07  1.865178E-08  2.712437E-03  1.060616E-07  3.655570E-07  7.226386E-07  8.038589E-02  4.661990E-06  2.152764E-06  1.865760E-06  2.690531E-05  3.659627E-05  1.997886E-07  5.838732E-08  7.440241E-08  6.689078E-07
 2.901500E+02  8.073619E-01  1.581779E-03  6.785183E-07  8.954213E-07  9.974170E-07  1.195340E-06  4.862752E-02  1.322224E-05  2.334549E-08  6.015943E-02  8.313009E-05  7.105660E-07  1.842683E-08  2.653975E-03  9.985105E-08  3.451509E-07  6.887054E-07  7.944140E-02  4.471243E-06  2.078900E-06  1.800355E-06  2.657397E-05  3.614430E-05  1.893623E-07  5.491293E-08  7.000063E-08  6.352791E-07
 2.911500E+02  8.078801E-01  1.558866E-03  6.517097E-07  8.603002E-07  9.583581E-07  1.148853E-06  4.865662E-02  1.295862E-05  2.178959E-08  6.062712E-02  8.267196E-05  6.783965E-07  1.820127E-08  2.597182E-03  9.404448E-08  3.260172E-07  6.566018E-07  7.850815E-02  4.288814E-06  2.007933E-06  1.737565E-06  2.624644E-05  3.569758E-05  1.795127E-07  5.166212E-08  6.588060E-08  6.035079E-07
 2.921500E+02  8.083915E-01  1.536466E-03  6.261581E-07  8.268160E-07  9.211173E-07  1.104517E-06  4.868489E-02  1.270195E-05  2.034694E-08  6.108919E-02  8.220459E-05  6.477122E-07  1.797530E-08  2.542002E-03  8.861320E-08  3.080692E-07  6.262180E-07  7.758613E-02  4.114330E-06  1.939737E-06  1.677276E-06  2.592274E-05  3.525614E-05  1.702065E-07  4.861956E-08  6.202312E-08  5.734839E-07
 2.931500E+02  8.088959E-01  1.514564E-03  6.017964E-07  7.948818E-07  8.855980E-07  1.062219E-06  4.871237E-02  1.245201E-05  1.900868E-08  6.154565E-02  8.172855E-05  6.184460E-07  1.774913E-08  2.488381E-03  8.353076E-08  2.912264E-07  5.974510E-07  7.667530E-02  3.947432E-06  1.874195E-06  1.619379E-06  2.560286E-05  3.481998E-05  1.614126E-07  4.577103E-08  5.841033E-08  5.451034E-07
 2.941500E+02  8.093935E-01  1.493146E-03  5.785613E-07  7.644158E-07  8.517096E-07  1.021852E-06  4.873909E-02  1.220860E-05  1.776665E-08  6.199653E-02  8.124441E-05  5.905337E-07  1.752294E-08  2.436265E-03  7.877272E-08  2.754144E-07  5.702050E-07  7.577565E-02  3.787781E-06  1.811191E-06  1.563768E-06  2.528682E-05  3.438912E-05  1.531016E-07  4.310333E-08  5.502568E-08  5.182695E-07
 2.951500E+02  8.098843E-01  1.472198E-03  5.563935E-07  7.353408E-07  8.193665E-07  9.833164E-07  4.876506E-02  1.197152E-05  1.661341E-08  6.244183E-02  8.075270E-05  5.639135E-07  1.729693E-08  2.385604E-03  7.431646E-08  2.605639E-07  5.443901E-07  7.488713E-02  3.635051E-06  1.750619E-06  1.510345E-06  2.497463E-05  3.396357E-05  1.452458E-07  4.060420E-08  5.185377E-08  4.928912E-07
 2.961500E+02  8.103684E-01  1.451708E-03  5.352371E-07  7.075844E-07  7.884883E-07  9.465160E-07  4.879032E-02  1.174058E-05  1.554211E-08  6.288157E-02  8.025395E-05  5.385266E-07  1.707126E-08  2.336351E-03  7.014109E-08  2.466110E-07  5.199224E-07  7.400972E-02  3.488930E-06  1.692376E-06  1.459015E-06  2.466629E-05  3.354331E-05  1.378193E-07  3.826227E-08  4.888034E-08  4.688833E-07
 2.971500E+02  8.108458E-01  1.431663E-03  5.150393E-07  6.810783E-07  7.589991E-07  9.113619E-07  4.881488E-02  1.151559E-05  1.454647E-08  6.331579E-02  7.974866E-05  5.143164E-07  1.684611E-08  2.288458E-03  6.622726E-08  2.334959E-07  4.967232E-07  7.314335E-02  3.349121E-06  1.636361E-06  1.409687E-06  2.436180E-05  3.312835E-05  1.307976E-07  3.606698E-08  4.609209E-08  4.461660E-07
 2.981500E+02  8.113167E-01  1.412050E-03  4.957506E-07  6.557581E-07  7.308276E-07  8.777699E-07  4.883878E-02  1.129637E-05  1.362072E-08  6.374450E-02  7.923735E-05  4.912288E-07  1.662163E-08  2.241880E-03  6.255705E-08  2.211637E-07  4.747190E-07  7.228798E-02  3.215341E-06  1.582482E-06  1.362277E-06  2.406114E-05  3.271867E-05  1.241575E-07  3.400850E-08  4.347671E-08  4.246641E-07
 2.991500E+02  8.117810E-01  1.392857E-03  4.773242E-07  6.315632E-07  7.039064E-07  8.456604E-07  4.886202E-02  1.108276E-05  1.275956E-08  6.416773E-02  7.872048E-05  4.692120E-07  1.639796E-08  2.196575E-03  5.911388E-08  2.095629E-07  4.538410E-07  7.144356E-02  3.087320E-06  1.530648E-06  1.316700E-06  2.376432E-05  3.231426E-05  1.178774E-07  3.207772E-08  4.102271E-08  4.043075E-07
 3.001500E+02  8.122388E-01  1.374074E-03  4.597161E-07  6.084363E-07  6.781721E-07  8.149587E-07  4.888464E-02  1.087458E-05  1.195813E-08  6.458552E-02  7.819853E-05  4.482166E-07  1.617525E-08  2.152501E-03  5.588239E-08  1.986459E-07  4.340246E-07  7.061001E-02  2.964798E-06  1.480774E-06  1.272880E-06  2.347133E-05  3.191511E-05  1.119368E-07  3.026616E-08  3.871944E-08  3.850301E-07
 3.011500E+02  8.126902E-01  1.355689E-03  4.428847E-07  5.863235E-07  6.535647E-07  7.855939E-07  4.890666E-02  1.067166E-05  1.121194E-08  6.499789E-02  7.767194E-05  4.281952E-07  1.595362E-08  2.109617E-03  5.284832E-08  1.883683E-07  4.152094E-07  6.978729E-02  2.847529E-06  1.432779E-06  1.230742E-06  2.318214E-05  3.152119E-05  1.063166E-07  2.856594E-08  3.655698E-08  3.667700E-07
 3.021500E+02  8.131352E-01  1.337691E-03  4.267909E-07  5.651739E-07  6.300277E-07  7.574994E-07  4.892808E-02  1.047386E-05  1.051689E-08  6.540488E-02  7.714116E-05  4.091025E-07  1.573321E-08  2.067886E-03  4.999846E-08  1.786891E-07  3.973386E-07  6.897531E-02  2.735278E-06  1.386583E-06  1.190213E-06  2.289675E-05  3.113248E-05  1.009985E-07  2.696972E-08  3.452611E-08  3.494691E-07
 3.031500E+02  8.135740E-01  1.320070E-03  4.113975E-07  5.449394E-07  6.075078E-07  7.306122E-07  4.894894E-02  1.028102E-05  9.869172E-09  6.580653E-02  7.660660E-05  3.908954E-07  1.551412E-08  2.027269E-03  4.732056E-08  1.695699E-07  3.803593E-07  6.817400E-02  2.627820E-06  1.342112E-06  1.151227E-06  2.261514E-05  3.074896E-05  9.596552E-08  2.547068E-08  3.261824E-08  3.330726E-07
 3.041500E+02  8.140066E-01  1.302816E-03  3.966698E-07  5.255747E-07  5.859547E-07  7.048728E-07  4.896925E-02  1.009299E-05  9.265308E-09  6.620287E-02  7.606867E-05  3.735325E-07  1.529647E-08  1.987732E-03  4.480325E-08  1.609750E-07  3.642214E-07  6.738329E-02  2.524940E-06  1.299295E-06  1.113718E-06  2.233729E-05  3.037060E-05  9.120160E-08  2.406249E-08  3.082538E-08  3.175295E-07
 3.051500E+02  8.144330E-01  1.285920E-03  3.825747E-07  5.070369E-07  5.653207E-07  6.802249E-07  4.898902E-02  9.909639E-06  8.702081E-09  6.659395E-02  7.552777E-05  3.569744E-07  1.508036E-08  1.949240E-03  4.243596E-08  1.528712E-07  3.488781E-07  6.660310E-02  2.426434E-06  1.258063E-06  1.077624E-06  2.206317E-05  2.999736E-05  8.669159E-08  2.273922E-08  2.914008E-08  3.027915E-07
 3.061500E+02  8.148534E-01  1.269371E-03  3.690811E-07  4.892855E-07  5.455609E-07  6.566155E-07  4.900828E-02  9.730817E-06  8.176529E-09  6.697981E-02  7.498427E-05  3.411834E-07  1.486587E-08  1.911759E-03  4.020887E-08  1.452276E-07  3.342856E-07  6.583333E-02  2.332106E-06  1.218353E-06  1.042886E-06  2.179276E-05  2.962921E-05  8.242124E-08  2.149539E-08  2.755542E-08  2.888133E-07
 3.071500E+02  8.152677E-01  1.253161E-03  3.561596E-07  4.722822E-07  5.266328E-07  6.339942E-07  4.902704E-02  9.556396E-06  7.685921E-09  6.736048E-02  7.443854E-05  3.261234E-07  1.465310E-08  1.875258E-03  3.811289E-08  1.380154E-07  3.204026E-07  6.507392E-02  2.241770E-06  1.180100E-06  1.009448E-06  2.152605E-05  2.926611E-05  7.837713E-08  2.032588E-08  2.606493E-08  2.755524E-07
 3.081500E+02  8.156761E-01  1.237281E-03  3.437824E-07  4.559908E-07  5.084961E-07  6.123135E-07  4.904531E-02  9.386247E-06  7.227740E-09  6.773602E-02  7.389093E-05  3.117603E-07  1.444213E-08  1.839706E-03  3.613952E-08  1.312078E-07  3.071903E-07  6.432476E-02  2.155247E-06  1.143247E-06  9.772555E-07  2.126299E-05  2.890803E-05  7.454663E-08  1.922590E-08  2.466261E-08  2.629688E-07
 3.091500E+02  8.160786E-01  1.221722E-03  3.319230E-07  4.403771E-07  4.911129E-07  5.915285E-07  4.906312E-02  9.220246E-06  6.799661E-09  6.810647E-02  7.334179E-05  2.980612E-07  1.423303E-08  1.805073E-03  3.428090E-08  1.247797E-07  2.946123E-07  6.358577E-02  2.072369E-06  1.107736E-06  9.462571E-07  2.100357E-05  2.855493E-05  7.091782E-08  1.819102E-08  2.334284E-08  2.510249E-07
 3.101500E+02  8.164753E-01  1.206477E-03  3.205568E-07  4.254088E-07  4.744472E-07  5.715967E-07  4.908047E-02  9.058271E-06  6.399538E-09  6.847188E-02  7.279142E-05  2.849949E-07  1.402588E-08  1.771330E-03  3.252967E-08  1.187077E-07  2.826343E-07  6.285685E-02  1.992972E-06  1.073512E-06  9.164037E-07  2.074775E-05  2.820676E-05  6.747949E-08  1.721709E-08  2.210039E-08  2.396852E-07
 3.111500E+02  8.168663E-01  1.191536E-03  3.096600E-07  4.110550E-07  4.584650E-07  5.524777E-07  4.909738E-02  8.900207E-06  6.025390E-09  6.883229E-02  7.224015E-05  2.725316E-07  1.382072E-08  1.738450E-03  3.087903E-08  1.129701E-07  2.712241E-07  6.213790E-02  1.916903E-06  1.040524E-06  8.876481E-07  2.049550E-05  2.786348E-05  6.422105E-08  1.630025E-08  2.093039E-08  2.289166E-07
 3.121500E+02  8.172517E-01  1.176893E-03  2.992105E-07  3.972869E-07  4.431339E-07  5.341333E-07  4.911386E-02  8.745941E-06  5.675386E-09  6.918776E-02  7.168827E-05  2.606429E-07  1.361763E-08  1.706405E-03  2.932261E-08  1.075466E-07  2.603514E-07  6.142884E-02  1.844013E-06  1.008722E-06  8.599456E-07  2.024680E-05  2.752504E-05  6.113256E-08  1.543689E-08  1.982828E-08  2.186877E-07
 3.131500E+02  8.176314E-01  1.162540E-03  2.891871E-07  3.840769E-07  4.284235E-07  5.165275E-07  4.912994E-02  8.595362E-06  5.347834E-09  6.953833E-02  7.113607E-05  2.493016E-07  1.341666E-08  1.675172E-03  2.785450E-08  1.024181E-07  2.499877E-07  6.072955E-02  1.774161E-06  9.780591E-07  8.332530E-07  2.000160E-05  2.719141E-05  5.820462E-08  1.462365E-08  1.878982E-08  2.089691E-07
 3.141500E+02  8.180056E-01  1.148469E-03  2.795699E-07  3.713990E-07  4.143049E-07  4.996259E-07  4.914560E-02  8.448367E-06  5.041169E-09  6.988405E-02  7.058382E-05  2.384819E-07  1.321784E-08  1.644724E-03  2.646917E-08  9.756682E-08  2.401061E-07  6.003993E-02  1.707214E-06  9.484890E-07  8.075295E-07  1.975988E-05  2.686253E-05  5.542839E-08  1.385741E-08  1.781105E-08  1.997329E-07
 3.151500E+02  8.183744E-01  1.134674E-03  2.703398E-07  3.592285E-07  4.007506E-07  4.833961E-07  4.916088E-02  8.304852E-06  4.753944E-09  7.022498E-02  7.003178E-05  2.281592E-07  1.302122E-08  1.615038E-03  2.516149E-08  9.297627E-08  2.306814E-07  5.935990E-02  1.643043E-06  9.199686E-07  7.827358E-07  1.952160E-05  2.653835E-05  5.279553E-08  1.313522E-08  1.688826E-08  1.909531E-07
 3.161500E+02  8.187378E-01  1.121147E-03  2.614790E-07  3.475419E-07  3.877346E-07  4.678073E-07  4.917579E-02  8.164719E-06  4.484817E-09  7.056116E-02  6.948021E-05  2.183101E-07  1.282685E-08  1.586090E-03  2.392666E-08  8.863092E-08  2.216896E-07  5.868933E-02  1.581526E-06  8.924561E-07  7.588343E-07  1.928672E-05  2.621883E-05  5.029819E-08  1.245436E-08  1.601800E-08  1.826051E-07
 3.171500E+02  8.190959E-01  1.107882E-03  2.529704E-07  3.363172E-07  3.752323E-07  4.528303E-07  4.919032E-02  8.027872E-06  4.232549E-09  7.089266E-02  6.892934E-05  2.089120E-07  1.263475E-08  1.557858E-03  2.276020E-08  8.451627E-08  2.131084E-07  5.802813E-02  1.522545E-06  8.659119E-07  7.357893E-07  1.905521E-05  2.590391E-05  4.792895E-08  1.181227E-08  1.519705E-08  1.746656E-07
 3.181500E+02  8.194487E-01  1.094873E-03  2.447979E-07  3.255333E-07  3.632203E-07  4.384374E-07  4.920451E-02  7.894218E-06  3.995990E-09  7.121951E-02  6.837940E-05  1.999438E-07  1.244495E-08  1.530322E-03  2.165794E-08  8.061873E-08  2.049166E-07  5.737619E-02  1.465990E-06  8.402978E-07  7.135664E-07  1.882704E-05  2.559354E-05  4.568083E-08  1.120657E-08  1.442237E-08  1.671128E-07
 3.191500E+02  8.197964E-01  1.082113E-03  2.369462E-07  3.151701E-07  3.516763E-07  4.246022E-07  4.921834E-02  7.763667E-06  3.774075E-09  7.154178E-02  6.783061E-05  1.913852E-07  1.225748E-08  1.503459E-03  2.061598E-08  7.692563E-08  1.970941E-07  5.673341E-02  1.411754E-06  8.155773E-07  6.921328E-07  1.860215E-05  2.528768E-05  4.354725E-08  1.063504E-08  1.369116E-08  1.599262E-07
 3.201500E+02  8.201390E-01  1.069596E-03  2.294008E-07  3.052088E-07  3.405795E-07  4.112998E-07  4.923185E-02  7.636133E-06  3.565818E-09  7.185952E-02  6.728317E-05  1.832166E-07  1.207235E-08  1.477251E-03  1.963068E-08  7.342506E-08  1.896223E-07  5.609967E-02  1.359734E-06  7.917155E-07  6.714572E-07  1.838053E-05  2.498626E-05  4.152198E-08  1.009558E-08  1.300078E-08  1.530863E-07
 3.211500E+02  8.204766E-01  1.057316E-03  2.221479E-07  2.956313E-07  3.299097E-07  3.985064E-07  4.924502E-02  7.511531E-06  3.370301E-09  7.217278E-02  6.673728E-05  1.754199E-07  1.188959E-08  1.451677E-03  1.869864E-08  7.010590E-08  1.824833E-07  5.547488E-02  1.309836E-06  7.686789E-07  6.515096E-07  1.816212E-05  2.468924E-05  3.959917E-08  9.586256E-09  1.234876E-08  1.465748E-07
 3.221500E+02  8.208092E-01  1.045267E-03  2.151744E-07  2.864206E-07  3.196479E-07  3.861997E-07  4.925789E-02  7.389780E-06  3.186676E-09  7.248162E-02  6.619313E-05  1.679773E-07  1.170922E-08  1.426719E-03  1.781666E-08  6.695770E-08  1.756603E-07  5.485891E-02  1.261965E-06  7.464357E-07  6.322612E-07  1.794690E-05  2.439656E-05  3.777330E-08  9.105242E-09  1.173279E-08  1.403744E-07
 3.231500E+02  8.211369E-01  1.033445E-03  2.084678E-07  2.775605E-07  3.097762E-07  3.743580E-07  4.927044E-02  7.270800E-06  3.014153E-09  7.278609E-02  6.565089E-05  1.608722E-07  1.153123E-08  1.402359E-03  1.698180E-08  6.397071E-08  1.691376E-07  5.425167E-02  1.216034E-06  7.249550E-07  6.136845E-07  1.773482E-05  2.410817E-05  3.603915E-08  8.650837E-09  1.115072E-08  1.344689E-07
 3.241500E+02  8.214598E-01  1.021843E-03  2.020164E-07  2.690354E-07  3.002773E-07  3.629611E-07  4.928271E-02  7.154517E-06  2.852002E-09  7.308624E-02  6.511074E-05  1.540887E-07  1.135564E-08  1.378579E-03  1.619125E-08  6.113574E-08  1.629001E-07  5.365304E-02  1.171958E-06  7.042075E-07  5.957532E-07  1.752584E-05  2.382402E-05  3.439181E-08  8.221446E-09  1.060052E-08  1.288429E-07
 3.251500E+02  8.217779E-01  1.010456E-03  1.958089E-07  2.608307E-07  2.911350E-07  3.519897E-07  4.929468E-02  7.040854E-06  2.699540E-09  7.338213E-02  6.457282E-05  1.476116E-07  1.118246E-08  1.355363E-03  1.544242E-08  5.844420E-08  1.569337E-07  5.306292E-02  1.129657E-06  6.841652E-07  5.784422E-07  1.731993E-05  2.354405E-05  3.282662E-08  7.815578E-09  1.008030E-08  1.234819E-07
 3.261500E+02  8.220914E-01  9.992799E-04  1.898347E-07  2.529326E-07  2.823338E-07  3.414253E-07  4.930637E-02  6.929742E-06  2.556137E-09  7.367382E-02  6.403730E-05  1.414265E-07  1.101169E-08  1.332694E-03  1.473287E-08  5.588802E-08  1.512250E-07  5.248120E-02  1.089054E-06  6.648010E-07  5.617273E-07  1.711704E-05  2.326821E-05  3.133922E-08  7.431836E-09  9.588295E-09  1.183722E-07
 3.271500E+02  8.224002E-01  9.883087E-04  1.840836E-07  2.453276E-07  2.738589E-07  3.312504E-07  4.931779E-02  6.821110E-06  2.421205E-09  7.396135E-02  6.350430E-05  1.355196E-07  1.084332E-08  1.310557E-03  1.406032E-08  5.345963E-08  1.457615E-07  5.190776E-02  1.050076E-06  6.460890E-07  5.455855E-07  1.691713E-05  2.299643E-05  2.992546E-08  7.068912E-09  9.122842E-09  1.135008E-07
 3.281500E+02  8.227045E-01  9.775379E-04  1.785460E-07  2.380033E-07  2.656963E-07  3.214484E-07  4.932894E-02  6.714890E-06  2.294197E-09  7.424479E-02  6.297397E-05  1.298778E-07  1.067736E-08  1.288936E-03  1.342263E-08  5.115193E-08  1.405312E-07  5.134251E-02  1.012652E-06  6.280047E-07  5.299946E-07  1.672018E-05  2.272868E-05  2.858144E-08  6.725581E-09  8.682385E-09  1.088556E-07
 3.291500E+02  8.230043E-01  9.669629E-04  1.732127E-07  2.309477E-07  2.578327E-07  3.120034E-07  4.933984E-02  6.611019E-06  2.174604E-09  7.452418E-02  6.244643E-05  1.244887E-07  1.051380E-08  1.267817E-03  1.281780E-08  4.895824E-08  1.355228E-07  5.078533E-02  9.767166E-07  6.105241E-07  5.149335E-07  1.652613E-05  2.246490E-05  2.730348E-08  6.400696E-09  8.265468E-09  1.044250E-07
 3.301500E+02  8.232996E-01  9.565792E-04  1.680749E-07  2.241492E-07  2.502554E-07  3.029004E-07  4.935049E-02  6.509432E-06  2.061953E-09  7.479958E-02  6.192180E-05  1.193404E-07  1.035263E-08  1.247185E-03  1.224396E-08  4.687229E-08  1.307256E-07  5.023611E-02  9.422051E-07  5.936247E-07  5.003819E-07  1.633495E-05  2.220502E-05  2.608809E-08  6.093179E-09  7.870724E-09  1.001981E-07
 3.311500E+02  8.235907E-01  9.463822E-04  1.631245E-07  2.175970E-07  2.429523E-07  2.941249E-07  4.936090E-02  6.410068E-06  1.955804E-09  7.507104E-02  6.140019E-05  1.144217E-07  1.019385E-08  1.227027E-03  1.169934E-08  4.488817E-08  1.261294E-07  4.969475E-02  9.090569E-07  5.772845E-07  4.863203E-07  1.614660E-05  2.194900E-05  2.493200E-08  5.802024E-09  7.496871E-09  9.616469E-08
 3.321500E+02  8.238774E-01  9.363678E-04  1.583533E-07  2.112808E-07  2.359118E-07  2.856632E-07  4.937107E-02  6.312869E-06  1.855745E-09  7.533862E-02  6.088171E-05  1.097218E-07  1.003744E-08  1.207329E-03  1.118230E-08  4.300036E-08  1.217248E-07  4.916114E-02  8.772136E-07  5.614827E-07  4.727301E-07  1.596104E-05  2.169679E-05  2.383209E-08  5.526283E-09  7.142707E-09  9.231491E-08
 3.331500E+02  8.241599E-01  9.265317E-04  1.537539E-07  2.051907E-07  2.291230E-07  2.775024E-07  4.938101E-02  6.217776E-06  1.761396E-09  7.560237E-02  6.036644E-05  1.052304E-07  9.883400E-09  1.188079E-03  1.069127E-08  4.120364E-08  1.175026E-07  4.863517E-02  8.466197E-07  5.461992E-07  4.595935E-07  1.577823E-05  2.144832E-05  2.278543E-08  5.265069E-09  6.807106E-09  8.863959E-08
 3.341500E+02  8.244382E-01  9.168699E-04  1.493192E-07  1.993172E-07  2.225755E-07  2.696299E-07  4.939073E-02  6.124733E-06  1.672398E-09  7.586234E-02  5.985449E-05  1.009378E-07  9.731705E-09  1.169263E-03  1.022482E-08  3.949310E-08  1.134542E-07  4.811675E-02  8.172222E-07  5.314147E-07  4.468933E-07  1.559813E-05  2.120355E-05  2.178926E-08  5.017551E-09  6.489007E-09  8.513002E-08
 3.351500E+02  8.247125E-01  9.073785E-04  1.450422E-07  1.936515E-07  2.162592E-07  2.620339E-07  4.940023E-02  6.033687E-06  1.588420E-09  7.611859E-02  5.934593E-05  9.683473E-08  9.582345E-09  1.150871E-03  9.781569E-09  3.786414E-08  1.095715E-07  4.760575E-02  7.889703E-07  5.171109E-07  4.346132E-07  1.542071E-05  2.096242E-05  2.084095E-08  4.782946E-09  6.187417E-09  8.177797E-08
 3.361500E+02  8.249827E-01  8.980536E-04  1.409165E-07  1.881850E-07  2.101647E-07  2.547032E-07  4.940952E-02  5.944585E-06  1.509151E-09  7.637117E-02  5.884084E-05  9.291239E-08  9.435303E-09  1.132889E-03  9.360240E-09  3.631241E-08  1.058468E-07  4.710208E-02  7.618157E-07  5.032700E-07  4.227375E-07  1.524592E-05  2.072488E-05  1.993803E-08  4.560523E-09  5.901404E-09  7.857564E-08
 3.371500E+02  8.252489E-01  8.888915E-04  1.369358E-07  1.829095E-07  2.042829E-07  2.476269E-07  4.941860E-02  5.857377E-06  1.434302E-09  7.662013E-02  5.833931E-05  8.916236E-08  9.290560E-09  1.115308E-03  8.959628E-09  3.483383E-08  1.022727E-07  4.660564E-02  7.357120E-07  4.898751E-07  4.112510E-07  1.507372E-05  2.049088E-05  1.907816E-08  4.349591E-09  5.630091E-09  7.551565E-08
 3.381500E+02  8.255112E-01  8.798886E-04  1.330943E-07  1.778173E-07  1.986052E-07  2.407947E-07  4.942749E-02  5.772012E-06  1.363602E-09  7.686552E-02  5.784138E-05  8.557663E-08  9.148099E-09  1.098116E-03  8.578598E-09  3.342453E-08  9.884230E-08  4.611632E-02  7.106152E-07  4.769097E-07  4.001394E-07  1.490409E-05  2.026037E-05  1.825913E-08  4.149503E-09  5.372653E-09  7.259102E-08
 3.391500E+02  8.257697E-01  8.710413E-04  1.293862E-07  1.729009E-07  1.931233E-07  2.341969E-07  4.943618E-02  5.688444E-06  1.296801E-09  7.710739E-02  5.734713E-05  8.214759E-08  9.007900E-09  1.081302E-03  8.216088E-09  3.208089E-08  9.554902E-08  4.563402E-02  6.864829E-07  4.643584E-07  3.893886E-07  1.473698E-05  2.003329E-05  1.747885E-08  3.959654E-09  5.128319E-09  6.979514E-08
 3.401500E+02  8.260243E-01  8.623461E-04  1.258061E-07  1.681533E-07  1.878293E-07  2.278239E-07  4.944468E-02  5.606625E-06  1.233660E-09  7.734579E-02  5.685662E-05  7.886798E-08  8.869940E-09  1.064856E-03  7.871094E-09  3.079949E-08  9.238660E-08  4.515863E-02  6.632748E-07  4.522061E-07  3.789855E-07  1.457235E-05  1.980959E-05  1.673534E-08  3.779470E-09  4.896359E-09  6.712174E-08
 3.411500E+02  8.262752E-01  8.537998E-04  1.223489E-07  1.635678E-07  1.827158E-07  2.216670E-07  4.945300E-02  5.526511E-06  1.173962E-09  7.758078E-02  5.636988E-05  7.573091E-08  8.734200E-09  1.048769E-03  7.542675E-09  2.957711E-08  8.934910E-08  4.469007E-02  6.409524E-07  4.404383E-07  3.689173E-07  1.441017E-05  1.958922E-05  1.602674E-08  3.608416E-09  4.676090E-09  6.456490E-08
 3.421500E+02  8.265225E-01  8.453991E-04  1.190097E-07  1.591378E-07  1.777755E-07  2.157176E-07  4.946114E-02  5.448058E-06  1.117499E-09  7.781240E-02  5.588698E-05  7.272979E-08  8.600656E-09  1.033030E-03  7.229943E-09  2.841070E-08  8.643089E-08  4.422821E-02  6.194789E-07  4.290412E-07  3.591717E-07  1.425040E-05  1.937214E-05  1.535126E-08  3.445986E-09  4.466869E-09  6.211899E-08
 3.431500E+02  8.267661E-01  8.371408E-04  1.157839E-07  1.548572E-07  1.730016E-07  2.099674E-07  4.946911E-02  5.371223E-06  1.064078E-09  7.804071E-02  5.540795E-05  6.985837E-08  8.469285E-09  1.017631E-03  6.932064E-09  2.729740E-08  8.362662E-08  4.377298E-02  5.988190E-07  4.180015E-07  3.497370E-07  1.409301E-05  1.915829E-05  1.470724E-08  3.291706E-09  4.268090E-09  5.977869E-08
 3.441500E+02  8.270061E-01  8.290219E-04  1.126668E-07  1.507202E-07  1.683877E-07  2.044088E-07  4.947690E-02  5.295966E-06  1.013521E-09  7.826575E-02  5.493283E-05  6.711069E-08  8.340064E-09  1.002562E-03  6.648252E-09  2.623449E-08  8.093120E-08  4.332427E-02  5.789391E-07  4.073065E-07  3.406018E-07  1.393795E-05  1.894762E-05  1.409310E-08  3.145129E-09  4.079184E-09  5.753894E-08
 3.451500E+02  8.272427E-01  8.210392E-04  1.096542E-07  1.467210E-07  1.639273E-07  1.990341E-07  4.948453E-02  5.222247E-06  9.656575E-10  7.848756E-02  5.446166E-05  6.448108E-08  8.212967E-09  9.878146E-04  6.377765E-09  2.521942E-08  7.833981E-08  4.288198E-02  5.598070E-07  3.969439E-07  3.317554E-07  1.378520E-05  1.874008E-05  1.350734E-08  3.005835E-09  3.899616E-09  5.539498E-08
 3.461500E+02  8.274758E-01  8.131900E-04  1.067421E-07  1.428545E-07  1.596146E-07  1.938364E-07  4.949200E-02  5.150026E-06  9.203305E-10  7.870621E-02  5.399446E-05  6.196413E-08  8.087969E-09  9.733804E-04  6.119907E-09  2.424978E-08  7.584784E-08  4.244603E-02  5.413919E-07  3.869018E-07  3.231874E-07  1.363471E-05  1.853563E-05  1.294853E-08  2.873429E-09  3.728879E-09  5.334225E-08
 3.471500E+02  8.277055E-01  8.054712E-04  1.039265E-07  1.391153E-07  1.554438E-07  1.888088E-07  4.949931E-02  5.079267E-06  8.773921E-10  7.892173E-02  5.353126E-05  5.955470E-08  7.965047E-09  9.592511E-04  5.874018E-09  2.332329E-08  7.345094E-08  4.201630E-02  5.236645E-07  3.771691E-07  3.148877E-07  1.348645E-05  1.833421E-05  1.241533E-08  2.747538E-09  3.566499E-09  5.137645E-08
 3.481500E+02  8.279318E-01  7.978803E-04  1.012037E-07  1.354986E-07  1.514095E-07  1.839447E-07  4.950647E-02  5.009933E-06  8.367037E-10  7.913418E-02  5.307209E-05  5.724788E-08  7.844172E-09  9.454189E-04  5.639479E-09  2.243779E-08  7.114494E-08  4.159272E-02  5.065966E-07  3.677347E-07  3.068469E-07  1.334039E-05  1.813579E-05  1.190648E-08  2.627811E-09  3.412028E-09  4.949350E-08
 3.491500E+02  8.281548E-01  7.904144E-04  9.857015E-08  1.319998E-07  1.475064E-07  1.792381E-07  4.951349E-02  4.941988E-06  7.981356E-10  7.934359E-02  5.261696E-05  5.503902E-08  7.725321E-09  9.318758E-04  5.415705E-09  2.159125E-08  6.892591E-08  4.117518E-02  4.901613E-07  3.585882E-07  2.990556E-07  1.319650E-05  1.794031E-05  1.142076E-08  2.513918E-09  3.265045E-09  4.768953E-08
 3.501500E+02  8.283746E-01  7.830709E-04  9.602236E-08  1.286142E-07  1.437295E-07  1.746828E-07  4.952035E-02  4.875397E-06  7.615662E-10  7.955002E-02  5.216589E-05  5.292367E-08  7.608465E-09  9.186146E-04  5.202144E-09  2.078174E-08  6.679009E-08  4.076360E-02  4.743330E-07  3.497197E-07  2.915050E-07  1.305473E-05  1.774773E-05  1.095704E-08  2.405548E-09  3.125152E-09  4.596085E-08
 3.511500E+02  8.285912E-01  7.758472E-04  9.355710E-08  1.253377E-07  1.400742E-07  1.702731E-07  4.952708E-02  4.810129E-06  7.268814E-10  7.975351E-02  5.171890E-05  5.089759E-08  7.493578E-09  9.056279E-04  4.998274E-09  2.000744E-08  6.473389E-08  4.035788E-02  4.590869E-07  3.411194E-07  2.841866E-07  1.291506E-05  1.755799E-05  1.051424E-08  2.302407E-09  2.991974E-09  4.430398E-08
 3.521500E+02  8.288047E-01  7.687409E-04  9.117123E-08  1.221660E-07  1.365357E-07  1.660037E-07  4.953367E-02  4.746149E-06  6.939742E-10  7.995410E-02  5.127599E-05  4.895675E-08  7.380634E-09  8.929087E-04  4.803605E-09  1.926664E-08  6.275391E-08  3.995794E-02  4.443997E-07  3.327780E-07  2.770923E-07  1.277745E-05  1.737107E-05  1.009132E-08  2.204219E-09  2.865157E-09  4.271561E-08
 3.531500E+02  8.290151E-01  7.617495E-04  8.886176E-08  1.190954E-07  1.331097E-07  1.618693E-07  4.954012E-02  4.683426E-06  6.627443E-10  8.015184E-02  5.083717E-05  4.709731E-08  7.269605E-09  8.804501E-04  4.617671E-09  1.855770E-08  6.084692E-08  3.956369E-02  4.302487E-07  3.246866E-07  2.702142E-07  1.264187E-05  1.718690E-05  9.687329E-09  2.110724E-09  2.744369E-09  4.119258E-08
 3.541500E+02  8.292224E-01  7.548706E-04  8.662583E-08  1.161219E-07  1.297920E-07  1.578649E-07  4.954644E-02  4.621931E-06  6.330973E-10  8.034678E-02  5.040244E-05  4.531561E-08  7.160464E-09  8.682457E-04  4.440034E-09  1.787908E-08  5.900981E-08  3.917503E-02  4.166125E-07  3.168366E-07  2.635448E-07  1.250830E-05  1.700546E-05  9.301334E-09  2.021675E-09  2.629295E-09  3.973190E-08
 3.551500E+02  8.294268E-01  7.481019E-04  8.446069E-08  1.132420E-07  1.265786E-07  1.539856E-07  4.955264E-02  4.561632E-06  6.049449E-10  8.053895E-02  4.997182E-05  4.360817E-08  7.053184E-09  8.562888E-04  4.270280E-09  1.722933E-08  5.723965E-08  3.879190E-02  4.034704E-07  3.092198E-07  2.570768E-07  1.237668E-05  1.682668E-05  8.932467E-09  1.936840E-09  2.519639E-09  3.833074E-08
 3.561500E+02  8.296282E-01  7.414412E-04  8.236370E-08  1.104523E-07  1.234656E-07  1.502269E-07  4.955871E-02  4.502502E-06  5.782039E-10  8.072840E-02  4.954529E-05  4.197165E-08  6.947738E-09  8.445734E-04  4.108016E-09  1.660706E-08  5.553365E-08  3.841419E-02  3.908027E-07  3.018281E-07  2.508032E-07  1.224701E-05  1.665054E-05  8.579901E-09  1.856001E-09  2.415120E-09  3.698639E-08
 3.571500E+02  8.298267E-01  7.348861E-04  8.033237E-08  1.077494E-07  1.204494E-07  1.465844E-07  4.956466E-02  4.444511E-06  5.527961E-10  8.091517E-02  4.912285E-05  4.040290E-08  6.844099E-09  8.330933E-04  3.952874E-09  1.601097E-08  5.388911E-08  3.804182E-02  3.785905E-07  2.946540E-07  2.447173E-07  1.211924E-05  1.647699E-05  8.242851E-09  1.778951E-09  2.315473E-09  3.569629E-08
 3.581500E+02  8.300223E-01  7.284347E-04  7.836427E-08  1.051301E-07  1.175264E-07  1.430538E-07  4.957049E-02  4.387634E-06  5.286484E-10  8.109930E-02  4.870451E-05  3.889889E-08  6.742238E-09  8.218427E-04  3.804502E-09  1.543981E-08  5.230350E-08  3.767472E-02  3.668158E-07  2.876900E-07  2.388127E-07  1.199334E-05  1.630599E-05  7.920574E-09  1.705495E-09  2.220451E-09  3.445800E-08
 3.591500E+02  8.302152E-01  7.220847E-04  7.645708E-08  1.025914E-07  1.146933E-07  1.396312E-07  4.957621E-02  4.331842E-06  5.056916E-10  8.128084E-02  4.829024E-05  3.745675E-08  6.642129E-09  8.108158E-04  3.662569E-09  1.489241E-08  5.077439E-08  3.731280E-02  3.554612E-07  2.809292E-07  2.330832E-07  1.186928E-05  1.613749E-05  7.612365E-09  1.635448E-09  2.129815E-09  3.326920E-08
 3.601500E+02  8.304052E-01  7.158342E-04  7.460861E-08  1.001304E-07  1.119467E-07  1.363125E-07  4.958182E-02  4.277111E-06  4.838608E-10  8.145981E-02  4.788006E-05  3.607375E-08  6.543746E-09  8.000073E-04  3.526762E-09  1.436765E-08  4.929946E-08  3.695598E-02  3.445103E-07  2.743646E-07  2.275228E-07  1.174704E-05  1.597146E-05  7.317553E-09  1.568638E-09  2.043345E-09  3.212768E-08
 3.611500E+02  8.305926E-01  7.096811E-04  7.281671E-08  9.774432E-08  1.092836E-07  1.330942E-07  4.958731E-02  4.223415E-06  4.630952E-10  8.163627E-02  4.747393E-05  3.474726E-08  6.447060E-09  7.894116E-04  3.396785E-09  1.386448E-08  4.787650E-08  3.660419E-02  3.339471E-07  2.679898E-07  2.221257E-07  1.162659E-05  1.580786E-05  7.035504E-09  1.504898E-09  1.960828E-09  3.103135E-08
 3.621500E+02  8.307773E-01  7.036235E-04  7.107936E-08  9.543043E-08  1.067010E-07  1.299726E-07  4.959270E-02  4.170730E-06  4.433371E-10  8.181025E-02  4.707186E-05  3.347480E-08  6.352045E-09  7.790236E-04  3.272356E-09  1.338190E-08  4.650340E-08  3.625733E-02  3.237564E-07  2.617983E-07  2.168865E-07  1.150789E-05  1.564664E-05  6.765614E-09  1.444075E-09  1.882067E-09  2.997820E-08
 3.631500E+02  8.309594E-01  6.976595E-04  6.939460E-08  9.318617E-08  1.041961E-07  1.269443E-07  4.959798E-02  4.119033E-06  4.245326E-10  8.198180E-02  4.667382E-05  3.225399E-08  6.258674E-09  7.688382E-04  3.153209E-09  1.291895E-08  4.517815E-08  3.591534E-02  3.139238E-07  2.557841E-07  2.117999E-07  1.139092E-05  1.548778E-05  6.507311E-09  1.386021E-09  1.806873E-09  2.896635E-08
 3.641500E+02  8.311389E-01  6.917873E-04  6.776056E-08  9.100908E-08  1.017660E-07  1.240060E-07  4.960316E-02  4.068299E-06  4.066307E-10  8.215094E-02  4.627981E-05  3.108257E-08  6.166920E-09  7.588505E-04  3.039093E-09  1.247474E-08  4.389882E-08  3.557814E-02  3.044352E-07  2.499414E-07  2.068606E-07  1.127565E-05  1.533122E-05  6.260052E-09  1.330598E-09  1.735068E-09  2.799398E-08
 3.651500E+02  8.313158E-01  6.860049E-04  6.617544E-08  8.889678E-08  9.940808E-08  1.211545E-07  4.960825E-02  4.018507E-06  3.895836E-10  8.231771E-02  4.588980E-05  2.995838E-08  6.076758E-09  7.490557E-04  2.929770E-09  1.204841E-08  4.266358E-08  3.524566E-02  2.952774E-07  2.442645E-07  2.020638E-07  1.116205E-05  1.517694E-05  6.023321E-09  1.277674E-09  1.666483E-09  2.705936E-08
 3.661500E+02  8.314903E-01  6.803107E-04  6.463752E-08  8.684701E-08  9.711992E-08  1.183869E-07  4.961323E-02  3.969635E-06  3.733460E-10  8.248217E-02  4.550378E-05  2.887936E-08  5.988161E-09  7.394491E-04  2.825012E-09  1.163914E-08  4.147067E-08  3.491782E-02  2.864376E-07  2.387480E-07  1.974048E-07  1.105009E-05  1.502489E-05  5.796627E-09  1.227124E-09  1.600961E-09  2.616086E-08
 3.671500E+02  8.316622E-01  6.747030E-04  6.314513E-08  8.485758E-08  9.489902E-08  1.157002E-07  4.961812E-02  3.921662E-06  3.578755E-10  8.264433E-02  4.512173E-05  2.784355E-08  5.901103E-09  7.300263E-04  2.724605E-09  1.124617E-08  4.031842E-08  3.459454E-02  2.779034E-07  2.333866E-07  1.928789E-07  1.093976E-05  1.487504E-05  5.579505E-09  1.178833E-09  1.538349E-09  2.529692E-08
 3.681500E+02  8.318318E-01  6.691800E-04  6.169669E-08  8.292639E-08  9.274307E-08  1.130916E-07  4.962292E-02  3.874566E-06  3.431318E-10  8.280423E-02  4.474363E-05  2.684907E-08  5.815557E-09  7.207829E-04  2.628347E-09  1.086875E-08  3.920524E-08  3.427576E-02  2.696633E-07  2.281752E-07  1.884818E-07  1.083102E-05  1.472736E-05  5.371513E-09  1.132688E-09  1.478505E-09  2.446605E-08
 3.691500E+02  8.319990E-01  6.637400E-04  6.029067E-08  8.105143E-08  9.064980E-08  1.105585E-07  4.962763E-02  3.828328E-06  3.290771E-10  8.296192E-02  4.436944E-05  2.589413E-08  5.731500E-09  7.117146E-04  2.536044E-09  1.050620E-08  3.812958E-08  3.396141E-02  2.617058E-07  2.231091E-07  1.842093E-07  1.072384E-05  1.458180E-05  5.172229E-09  1.088584E-09  1.421294E-09  2.366683E-08
 3.701500E+02  8.321638E-01  6.583816E-04  5.892561E-08  7.923077E-08  8.861708E-08  1.080982E-07  4.963225E-02  3.782929E-06  3.156758E-10  8.311742E-02  4.399917E-05  2.497704E-08  5.648905E-09  7.028173E-04  2.447513E-09  1.015785E-08  3.708998E-08  3.365141E-02  2.540203E-07  2.181835E-07  1.800572E-07  1.061821E-05  1.443834E-05  4.981255E-09  1.046422E-09  1.366589E-09  2.289791E-08
 3.711500E+02  8.323263E-01  6.531031E-04  5.760009E-08  7.746255E-08  8.664284E-08  1.057083E-07  4.963678E-02  3.738349E-06  3.028942E-10  8.327077E-02  4.363277E-05  2.409616E-08  5.567747E-09  6.940869E-04  2.362581E-09  9.823066E-09  3.608506E-08  3.334570E-02  2.465964E-07  2.133940E-07  1.760216E-07  1.051409E-05  1.429694E-05  4.798211E-09  1.006107E-09  1.314268E-09  2.215801E-08
 3.721500E+02  8.324865E-01  6.479031E-04  5.631277E-08  7.574498E-08  8.472507E-08  1.033864E-07  4.964123E-02  3.694570E-06  2.907005E-10  8.342201E-02  4.327022E-05  2.324994E-08  5.488002E-09  6.855195E-04  2.281083E-09  9.501258E-09  3.511346E-08  3.304421E-02  2.394241E-07  2.087360E-07  1.720988E-07  1.041146E-05  1.415756E-05  4.622736E-09  9.675502E-10  1.264216E-09  2.144589E-08
 3.731500E+02  8.326446E-01  6.427799E-04  5.506234E-08  7.407634E-08  8.286188E-08  1.011302E-07  4.964560E-02  3.651574E-06  2.790647E-10  8.357117E-02  4.291150E-05  2.243690E-08  5.409645E-09  6.771113E-04  2.202863E-09  9.191853E-09  3.417392E-08  3.274688E-02  2.324940E-07  2.042056E-07  1.682851E-07  1.031030E-05  1.402018E-05  4.454486E-09  9.306664E-10  1.216325E-09  2.076038E-08
