#         T/K            c1          c2-1          c3-4          c3-5          c3-7          c3-9            m1          m2-1          m3-1            w1            w2          w3-1          w3-2          c1m1        c1m2-1        c1m2-7        c2m1-1        c1w1-2        c1w2-1        c2w1-1        c2w1-9        m1w1-1        m1w1-4        m1w2-1        m2w1-1        m2w1-3      c1m1w1-1
 2.731500E+02  4.167689E-02  5.425640E-06  1.870096E-10  2.454546E-10  2.730877E-10  3.256231E-10  7.911873E-01  4.969455E-03  3.368973E-04  1.408430E-01  6.425274E-04  2.981349E-05  4.183150E-07  3.256533E-03  3.888036E-06  1.275788E-05  6.836818E-08  1.336304E-02  3.350614E-06  2.669571E-08  2.344166E-08  1.421019E-03  1.934390E-03  5.520193E-05  1.122797E-04  1.422038E-04  3.463589E-06
 2.741500E+02  4.183148E-02  5.368166E-06  1.802475E-10  2.366593E-10  2.633219E-10  3.140776E-10  7.914147E-01  4.853892E-03  3.113284E-04  1.410226E-01  6.291247E-04  2.767843E-05  4.034501E-07  3.185871E-03  3.641510E-06  1.198765E-05  6.512916E-08  1.312558E-02  3.158936E-06  2.562594E-08  2.248288E-08  1.390364E-03  1.892540E-03  5.119665E-05  1.039658E-04  1.317265E-04  3.252849E-06
 2.751500E+02  4.198257E-02  5.311144E-06  1.737514E-10  2.282068E-10  2.539359E-10  3.029773E-10  7.916332E-01  4.741869E-03  2.878710E-04  1.411975E-01  6.160758E-04  2.570887E-05  3.892018E-07  3.117093E-03  3.412132E-06  1.126868E-05  6.206022E-08  1.289318E-02  2.979275E-06  2.460378E-08  2.156760E-08  1.360568E-03  1.851868E-03  4.750670E-05  9.632093E-05  1.220887E-04  3.056158E-06
 2.761500E+02  4.213023E-02  5.254591E-06  1.675107E-10  2.200836E-10  2.449149E-10  2.923050E-10  7.918435E-01  4.633258E-03  2.663375E-04  1.413678E-01  6.033704E-04  2.389108E-05  3.755421E-07  3.050145E-03  3.198616E-06  1.059727E-05  5.915177E-08  1.266575E-02  2.810821E-06  2.362698E-08  2.069373E-08  1.331604E-03  1.812339E-03  4.410547E-05  8.928738E-05  1.132181E-04  2.872509E-06
 2.771500E+02  4.227455E-02  5.198522E-06  1.615152E-10  2.122768E-10  2.362445E-10  2.820438E-10  7.920459E-01  4.527937E-03  2.465584E-04  1.415335E-01  5.909986E-04  2.221257E-05  3.624440E-07  2.984975E-03  2.999777E-06  9.970024E-06  5.639478E-08  1.244318E-02  2.652824E-06  2.269340E-08  1.985928E-08  1.303446E-03  1.773913E-03  4.096874E-05  8.281264E-05  1.050491E-04  2.700971E-06
 2.781500E+02  4.241559E-02  5.142953E-06  1.557551E-10  2.047736E-10  2.279106E-10  2.721777E-10  7.922408E-01  4.425787E-03  2.283798E-04  1.416950E-01  5.789506E-04  2.066190E-05  3.498820E-07  2.921531E-03  2.814527E-06  9.383791E-06  5.378075E-08  1.222539E-02  2.504585E-06  2.180101E-08  1.906235E-08  1.276068E-03  1.736556E-03  3.807446E-05  7.684899E-05  9.752214E-05  2.540682E-06
 2.791500E+02  4.255343E-02  5.087896E-06  1.502208E-10  1.975620E-10  2.199000E-10  2.626911E-10  7.924287E-01  4.326695E-03  2.116623E-04  1.418523E-01  5.672169E-04  1.922867E-05  3.378315E-07  2.859763E-03  2.641861E-06  8.835665E-06  5.130169E-08  1.201226E-02  2.365455E-06  2.094788E-08  1.830114E-08  1.249444E-03  1.700233E-03  3.540251E-05  7.135306E-05  9.058285E-05  2.390847E-06
 2.801500E+02  4.268815E-02  5.033362E-06  1.449033E-10  1.906304E-10  2.121998E-10  2.535691E-10  7.926099E-01  4.230553E-03  1.962795E-04  1.420055E-01  5.557882E-04  1.790334E-05  3.262695E-07  2.799624E-03  2.480855E-06  8.322959E-06  4.895007E-08  1.180371E-02  2.234831E-06  2.013215E-08  1.757395E-08  1.223551E-03  1.664911E-03  3.293455E-05  6.628541E-05  8.418190E-05  2.250730E-06
 2.811500E+02  4.281981E-02  4.979363E-06  1.397937E-10  1.839676E-10  2.047976E-10  2.447972E-10  7.927847E-01  4.137256E-03  1.821167E-04  1.421549E-01  5.446558E-04  1.667721E-05  3.151739E-07  2.741066E-03  2.330657E-06  7.843189E-06  4.671882E-08  1.159963E-02  2.112152E-06  1.935208E-08  1.687914E-08  1.198364E-03  1.630558E-03  3.065387E-05  6.161012E-05  7.827433E-05  2.119651E-06
 2.821500E+02  4.294850E-02  4.925907E-06  1.348838E-10  1.775628E-10  1.976814E-10  2.363616E-10  7.929534E-01  4.046704E-03  1.690695E-04  1.423005E-01  5.338109E-04  1.554231E-05  3.045238E-07  2.684044E-03  2.190483E-06  7.394058E-06  4.460127E-08  1.139994E-02  1.996898E-06  1.860599E-08  1.621517E-08  1.173863E-03  1.597142E-03  2.854517E-05  5.729449E-05  7.281919E-05  1.996980E-06
 2.831500E+02  4.307428E-02  4.873003E-06  1.301653E-10  1.714056E-10  1.908398E-10  2.282489E-10  7.931163E-01  3.958801E-03  1.570432E-04  1.424424E-01  5.232450E-04  1.449137E-05  2.942990E-07  2.628513E-03  2.059607E-06  6.973441E-06  4.259114E-08  1.120454E-02  1.888583E-06  1.789229E-08  1.558056E-08  1.150024E-03  1.564634E-03  2.659453E-05  5.330874E-05  6.777916E-05  1.882134E-06
 2.841500E+02  4.319722E-02  4.820658E-06  1.256305E-10  1.654861E-10  1.842619E-10  2.204462E-10  7.932738E-01  3.873453E-03  1.459517E-04  1.425808E-01  5.129501E-04  1.351772E-05  2.844806E-07  2.574431E-03  1.937361E-06  6.579368E-06  4.068253E-08  1.101333E-02  1.786755E-06  1.720947E-08  1.497393E-08  1.126826E-03  1.533005E-03  2.478920E-05  4.962570E-05  6.312019E-05  1.774573E-06
 2.851500E+02  4.331739E-02  4.768878E-06  1.212719E-10  1.597946E-10  1.779369E-10  2.129413E-10  7.934259E-01  3.790573E-03  1.357166E-04  1.427157E-01  5.029181E-04  1.261526E-05  2.750505E-07  2.521755E-03  1.823129E-06  6.210019E-06  3.886987E-08  1.082624E-02  1.690994E-06  1.655610E-08  1.439394E-08  1.104251E-03  1.502226E-03  2.311754E-05  4.622058E-05  5.881122E-05  1.673796E-06
 2.861500E+02  4.343485E-02  4.717669E-06  1.170823E-10  1.543221E-10  1.718547E-10  2.057223E-10  7.935731E-01  3.710074E-03  1.262665E-04  1.428473E-01  4.931415E-04  1.177839E-05  2.659915E-07  2.470445E-03  1.716340E-06  5.863705E-06  3.714793E-08  1.064316E-02  1.600910E-06  1.593079E-08  1.383932E-08  1.082277E-03  1.472271E-03  2.156888E-05  4.307079E-05  5.482388E-05  1.579341E-06
 2.871500E+02  4.354967E-02  4.667035E-06  1.130550E-10  1.490596E-10  1.660056E-10  1.987777E-10  7.937155E-01  3.631876E-03  1.175364E-04  1.429758E-01  4.836127E-04  1.100200E-05  2.572872E-07  2.420461E-03  1.616468E-06  5.538863E-06  3.551176E-08  1.046400E-02  1.516138E-06  1.533226E-08  1.330889E-08  1.060886E-03  1.443115E-03  2.013348E-05  4.015567E-05  5.113228E-05  1.490777E-06
 2.881500E+02  4.366191E-02  4.616980E-06  1.091831E-10  1.439988E-10  1.603801E-10  1.920966E-10  7.938533E-01  3.555898E-03  1.094671E-04  1.431010E-01  4.743246E-04  1.028138E-05  2.489219E-07  2.371765E-03  1.523027E-06  5.234040E-06  3.395672E-08  1.028869E-02  1.436338E-06  1.475925E-08  1.280149E-08  1.040061E-03  1.414730E-03  1.880242E-05  3.745636E-05  4.771274E-05  1.407707E-06
 2.891500E+02  4.377164E-02  4.567506E-06  1.054605E-10  1.391313E-10  1.549693E-10  1.856684E-10  7.939868E-01  3.482065E-03  1.020045E-04  1.432233E-01  4.652701E-04  9.612233E-06  2.408807E-07  2.324320E-03  1.435566E-06  4.947893E-06  3.247842E-08  1.011714E-02  1.361194E-06  1.421059E-08  1.231604E-08  1.019782E-03  1.387095E-03  1.756753E-05  3.495561E-05  4.454360E-05  1.329760E-06
 2.901500E+02  4.387891E-02  4.518616E-06  1.018810E-10  1.344495E-10  1.497644E-10  1.794830E-10  7.941160E-01  3.410304E-03  9.509934E-05  1.433426E-01  4.564424E-04  8.990593E-06  2.331496E-07  2.278089E-03  1.353670E-06  4.679174E-06  3.107274E-08  9.949257E-03  1.290411E-06  1.368515E-08  1.185152E-08  1.000033E-03  1.360184E-03  1.642130E-05  3.263765E-05  4.160506E-05  1.256593E-06
 2.911500E+02  4.398379E-02  4.470312E-06  9.843884E-11  1.299458E-10  1.447572E-10  1.735308E-10  7.942413E-01  3.340546E-03  8.870659E-05  1.434591E-01  4.478351E-04  8.412832E-06  2.257149E-07  2.233039E-03  1.276954E-06  4.426724E-06  2.973577E-08  9.784963E-03  1.223715E-06  1.318187E-08  1.140693E-08  9.807984E-04  1.333976E-03  1.535689E-05  3.048805E-05  3.887899E-05  1.187888E-06
 2.921500E+02  4.408633E-02  4.422593E-06  9.512832E-11  1.256130E-10  1.399396E-10  1.678024E-10  7.943627E-01  3.272722E-03  8.278511E-05  1.435728E-01  4.394416E-04  7.875616E-06  2.185640E-07  2.189134E-03  1.205061E-06  4.189468E-06  2.846386E-08  9.624177E-03  1.160850E-06  1.269972E-08  1.098136E-08  9.620614E-04  1.308449E-03  1.436797E-05  2.849359E-05  3.634878E-05  1.123350E-06
 2.931500E+02  4.418659E-02  4.375460E-06  9.194412E-11  1.214442E-10  1.353041E-10  1.622887E-10  7.944804E-01  3.206768E-03  7.729733E-05  1.436838E-01  4.312558E-04  7.375879E-06  2.116844E-07  2.146342E-03  1.137661E-06  3.966407E-06  2.725353E-08  9.466820E-03  1.101575E-06  1.223775E-08  1.057390E-08  9.438069E-04  1.283581E-03  1.344878E-05  2.664218E-05  3.399920E-05  1.062703E-06
 2.941500E+02  4.428462E-02  4.328912E-06  8.888108E-11  1.174328E-10  1.308433E-10  1.569813E-10  7.945946E-01  3.142623E-03  7.220885E-05  1.437922E-01  4.232718E-04  6.910803E-06  2.050647E-07  2.104631E-03  1.074449E-06  3.756613E-06  2.610153E-08  9.312813E-03  1.045669E-06  1.179503E-08  1.018373E-08  9.260201E-04  1.259352E-03  1.259400E-05  2.492271E-05  3.181631E-05  1.005692E-06
 2.951500E+02  4.438049E-02  4.282950E-06  8.593427E-11  1.135724E-10  1.265501E-10  1.518719E-10  7.947054E-01  3.080225E-03  6.748823E-05  1.438980E-01  4.154837E-04  6.477796E-06  1.986935E-07  2.063970E-03  1.015140E-06  3.559223E-06  2.500477E-08  9.162079E-03  9.929219E-07  1.137067E-08  9.810035E-09  9.086868E-04  1.235744E-03  1.179876E-05  2.332502E-05  2.978732E-05  9.520807E-07
 2.961500E+02  4.447424E-02  4.237571E-06  8.309895E-11  1.098570E-10  1.224178E-10  1.469526E-10  7.948129E-01  3.019518E-03  6.310665E-05  1.440014E-01  4.078860E-04  6.074473E-06  1.925605E-07  2.024328E-03  9.594721E-07  3.373434E-06  2.396034E-08  9.014544E-03  9.431403E-07  1.096386E-08  9.452058E-09  8.917932E-04  1.212736E-03  1.105858E-05  2.183977E-05  2.790046E-05  9.016474E-07
 2.971500E+02  4.456592E-02  4.192774E-06  8.037059E-11  1.062806E-10  1.184399E-10  1.422157E-10  7.949173E-01  2.960445E-03  5.903774E-05  1.441024E-01  4.004732E-04  5.698638E-06  1.866553E-07  1.985677E-03  9.072015E-07  3.198500E-06  2.296552E-08  8.870134E-03  8.961422E-07  1.057379E-08  9.109075E-09  8.753258E-04  1.190310E-03  1.036933E-05  2.045839E-05  2.614497E-05  8.541870E-07
 2.981500E+02  4.465559E-02  4.148555E-06  7.774485E-11  1.028376E-10  1.146102E-10  1.376541E-10  7.950187E-01  2.902954E-03  5.525731E-05  1.442011E-01  3.932399E-04  5.348270E-06  1.809685E-07  1.947989E-03  8.581019E-07  3.033726E-06  2.201771E-08  8.728777E-03  8.517580E-07  1.019970E-08  8.780395E-09  8.592720E-04  1.168450E-03  9.727230E-06  1.917302E-05  2.451092E-05  8.095086E-07
 2.991500E+02  4.474329E-02  4.104914E-06  7.521755E-11  9.952277E-11  1.109227E-10  1.332606E-10  7.951172E-01  2.846993E-03  5.174319E-05  1.442975E-01  3.861812E-04  5.021504E-06  1.754909E-07  1.911235E-03  8.119632E-07  2.878467E-06  2.111446E-08  8.590402E-03  8.098290E-07  9.840883E-09  8.465364E-09  8.436192E-04  1.147137E-03  9.128782E-06  1.797643E-05  2.298922E-05  7.674341E-07
 3.001500E+02  4.482908E-02  4.061845E-06  7.278470E-11  9.633086E-11  1.073718E-10  1.290286E-10  7.952129E-01  2.792513E-03  4.847503E-05  1.443917E-01  3.792921E-04  4.716624E-06  1.702136E-07  1.875389E-03  7.685905E-07  2.732119E-06  2.025347E-08  8.454940E-03  7.702069E-07  9.496646E-09  8.163359E-09  8.283554E-04  1.126355E-03  8.570778E-06  1.686197E-05  2.157149E-05  7.277980E-07
 3.011500E+02  4.491300E-02  4.019347E-06  7.044248E-11  9.325695E-11  1.039519E-10  1.249517E-10  7.953059E-01  2.739466E-03  4.543415E-05  1.444838E-01  3.725677E-04  4.432044E-06  1.651283E-07  1.840426E-03  7.278024E-07  2.594121E-06  1.943257E-08  8.322323E-03  7.327532E-07  9.166337E-09  7.873786E-09  8.134691E-04  1.106089E-03  8.050257E-06  1.582354E-05  2.025002E-05  6.904460E-07
 3.021500E+02  4.499509E-02  3.977416E-06  6.818722E-11  9.029631E-11  1.006578E-10  1.210236E-10  7.953964E-01  2.687807E-03  4.260340E-05  1.445738E-01  3.660035E-04  4.166305E-06  1.602272E-07  1.806320E-03  6.894307E-07  2.463951E-06  1.864970E-08  8.192487E-03  6.973381E-07  8.849335E-09  7.596082E-09  7.989490E-04  1.086323E-03  7.564493E-06  1.485550E-05  1.901773E-05  6.552343E-07
 3.031500E+02  4.507541E-02  3.936047E-06  6.601542E-11  8.744439E-11  9.748451E-11  1.172386E-10  7.954843E-01  2.637491E-03  3.996701E-05  1.446617E-01  3.595949E-04  3.918056E-06  1.555025E-07  1.773048E-03  6.533188E-07  2.341121E-06  1.790290E-08  8.065365E-03  6.638402E-07  8.545048E-09  7.329709E-09  7.847843E-04  1.067042E-03  7.110971E-06  1.395269E-05  1.786808E-05  6.220289E-07
 3.041500E+02  4.515399E-02  3.895236E-06  6.392370E-11  8.469684E-11  9.442714E-11  1.135909E-10  7.955699E-01  2.588475E-03  3.751050E-05  1.447477E-01  3.533376E-04  3.686052E-06  1.509469E-07  1.740584E-03  6.193209E-07  2.225177E-06  1.719036E-08  7.940895E-03  6.321460E-07  8.252912E-09  7.074157E-09  7.709645E-04  1.048232E-03  6.687372E-06  1.311033E-05  1.679505E-05  5.907046E-07
 3.051500E+02  4.523087E-02  3.854978E-06  6.190885E-11  8.204951E-11  9.148110E-11  1.100751E-10  7.956531E-01  2.540719E-03  3.522052E-05  1.448318E-01  3.472273E-04  3.469144E-06  1.465537E-07  1.708908E-03  5.873017E-07  2.115694E-06  1.651032E-08  7.819015E-03  6.021492E-07  7.972391E-09  6.828939E-09  7.574795E-04  1.029878E-03  6.291554E-06  1.232402E-05  1.579311E-05  5.611450E-07
 3.061500E+02  4.530611E-02  3.815270E-06  5.996777E-11  7.949839E-11  8.864195E-11  1.066859E-10  7.957341E-01  2.494184E-03  3.308481E-05  1.449140E-01  3.412599E-04  3.266267E-06  1.423161E-07  1.677997E-03  5.571349E-07  2.012276E-06  1.586116E-08  7.699664E-03  5.737502E-07  7.702972E-09  6.593594E-09  7.443196E-04  1.011969E-03  5.921543E-06  1.158972E-05  1.485712E-05  5.332412E-07
 3.071500E+02  4.537973E-02  3.776106E-06  5.809751E-11  7.703966E-11  8.590545E-11  1.034185E-10  7.958129E-01  2.448830E-03  3.109207E-05  1.449944E-01  3.354316E-04  3.076438E-06  1.382279E-07  1.647828E-03  5.287032E-07  1.914554E-06  1.524132E-08  7.582784E-03  5.468557E-07  7.444168E-09  6.367680E-09  7.314752E-04  9.944898E-04  5.575511E-06  1.090370E-05  1.398238E-05  5.068916E-07
 3.081500E+02  4.545179E-02  3.737481E-06  5.629523E-11  7.466965E-11  8.326752E-11  1.002679E-10  7.958897E-01  2.404623E-03  2.923190E-05  1.450731E-01  3.297384E-04  2.898748E-06  1.342830E-07  1.618382E-03  5.018972E-07  1.822183E-06  1.464933E-08  7.468316E-03  5.213783E-07  7.195516E-09  6.150778E-09  7.189373E-04  9.774288E-04  5.251773E-06  1.026249E-05  1.316453E-05  4.820014E-07
 3.091500E+02  4.552230E-02  3.699389E-06  5.455822E-11  7.238483E-11  8.072428E-11  9.722961E-11  7.959644E-01  2.361525E-03  2.749469E-05  1.451500E-01  3.241766E-04  2.732357E-06  1.304756E-07  1.589639E-03  4.766148E-07  1.734839E-06  1.408380E-08  7.356205E-03  4.972360E-07  6.956572E-09  5.942488E-09  7.066970E-04  9.607739E-04  4.948769E-06  9.662928E-06  1.239953E-05  4.584819E-07
 3.101500E+02  4.559133E-02  3.661826E-06  5.288389E-11  7.018185E-11  7.827198E-11  9.429922E-11  7.960372E-01  2.319504E-03  2.587161E-05  1.452252E-01  3.187427E-04  2.576484E-06  1.268003E-07  1.561578E-03  4.527611E-07  1.652222E-06  1.354343E-08  7.246395E-03  4.743521E-07  6.726914E-09  5.742432E-09  6.947458E-04  9.445132E-04  4.665056E-06  9.102061E-06  1.168369E-05  4.362503E-07
 3.111500E+02  4.565889E-02  3.624786E-06  5.126973E-11  6.805747E-11  7.590703E-11  9.147251E-11  7.961082E-01  2.278526E-03  2.435449E-05  1.452988E-01  3.134330E-04  2.430409E-06  1.232518E-07  1.534181E-03  4.302474E-07  1.574049E-06  1.302697E-08  7.138833E-03  4.526546E-07  6.506141E-09  5.550246E-09  6.830753E-04  9.286356E-04  4.399301E-06  8.577175E-06  1.101355E-05  4.152294E-07
 3.121500E+02  4.572504E-02  3.588263E-06  4.971336E-11  6.600860E-11  7.362601E-11  8.874542E-11  7.961773E-01  2.238559E-03  2.293580E-05  1.453709E-01  3.082443E-04  2.293463E-06  1.198250E-07  1.507429E-03  4.089910E-07  1.500057E-06  1.253325E-08  7.033466E-03  4.320758E-07  6.293870E-09  5.365585E-09  6.716777E-04  9.131299E-04  4.150267E-06  8.085759E-06  1.038594E-05  3.953466E-07
 3.131500E+02  4.578979E-02  3.552252E-06  4.821250E-11  6.403227E-11  7.142563E-11  8.611408E-11  7.962446E-01  2.199574E-03  2.160859E-05  1.454413E-01  3.031732E-04  2.165028E-06  1.165152E-07  1.481305E-03  3.889149E-07  1.429999E-06  1.206115E-08  6.930243E-03  4.125522E-07  6.089735E-09  5.188122E-09  6.605451E-04  8.979857E-04  3.916810E-06  7.625489E-06  9.797932E-06  3.765343E-07
 3.141500E+02  4.585319E-02  3.516746E-06  4.676496E-11  6.212565E-11  6.930272E-11  8.357476E-11  7.963103E-01  2.161540E-03  2.036642E-05  1.455103E-01  2.982166E-04  2.044528E-06  1.133178E-07  1.455791E-03  3.699469E-07  1.363645E-06  1.160962E-08  6.829115E-03  3.940245E-07  5.893387E-09  5.017543E-09  6.496702E-04  8.831928E-04  3.697872E-06  7.194216E-06  9.246790E-06  3.587292E-07
 3.151500E+02  4.591526E-02  3.481741E-06  4.536864E-11  6.028600E-11  6.725427E-11  8.112391E-11  7.963743E-01  2.124430E-03  1.920336E-05  1.455778E-01  2.933713E-04  1.931432E-06  1.102283E-07  1.430871E-03  3.520198E-07  1.300777E-06  1.117766E-08  6.730031E-03  3.764366E-07  5.704496E-09  4.853549E-09  6.390455E-04  8.687411E-04  3.492469E-06  6.789951E-06  8.730001E-06  3.418720E-07
 3.161500E+02  4.597605E-02  3.447228E-06  4.402152E-11  5.851072E-11  6.527739E-11  7.875810E-11  7.964367E-01  2.088214E-03  1.811392E-05  1.456439E-01  2.886344E-04  1.825245E-06  1.072426E-07  1.406528E-03  3.350708E-07  1.241194E-06  1.076432E-08  6.632945E-03  3.597361E-07  5.522743E-09  4.695857E-09  6.286643E-04  8.546212E-04  3.299690E-06  6.410850E-06  8.245228E-06  3.259072E-07
 3.171500E+02  4.603558E-02  3.413204E-06  4.272168E-11  5.679730E-11  6.336928E-11  7.647405E-11  7.964976E-01  2.052868E-03  1.709301E-05  1.457086E-01  2.840029E-04  1.725508E-06  1.043567E-07  1.382747E-03  3.190411E-07  1.184707E-06  1.036872E-08  6.537810E-03  3.438736E-07  5.347826E-09  4.544196E-09  6.185196E-04  8.408237E-04  3.118692E-06  6.055206E-06  7.790310E-06  3.107827E-07
 3.181500E+02  4.609387E-02  3.379662E-06  4.146728E-11  5.514335E-11  6.152730E-11  7.426861E-11  7.965570E-01  2.018366E-03  1.613592E-05  1.457719E-01  2.794741E-04  1.631796E-06  1.015666E-07  1.359512E-03  3.038758E-07  1.131136E-06  9.989997E-09  6.444581E-03  3.288028E-07  5.179458E-09  4.398307E-09  6.086049E-04  8.273398E-04  2.948690E-06  5.721436E-06  7.363241E-06  2.964500E-07
 3.191500E+02  4.615097E-02  3.346595E-06  4.025654E-11  5.354656E-11  5.974888E-11  7.213878E-11  7.966150E-01  1.984682E-03  1.523832E-05  1.458339E-01  2.750452E-04  1.543712E-06  9.886876E-08  1.336808E-03  2.895235E-07  1.080316E-06  9.627353E-09  6.353213E-03  3.144801E-07  5.017363E-09  4.257943E-09  5.989139E-04  8.141606E-04  2.788955E-06  5.408074E-06  6.962160E-06  2.828633E-07
 3.201500E+02  4.620690E-02  3.313998E-06  3.908777E-11  5.200474E-11  5.803158E-11  7.008166E-11  7.966715E-01  1.951792E-03  1.439615E-05  1.458946E-01  2.707136E-04  1.460889E-06  9.625962E-08  1.314621E-03  2.759363E-07  1.032090E-06  9.280024E-09  6.263664E-03  3.008645E-07  4.861279E-09  4.122871E-09  5.894404E-04  8.012778E-04  2.638813E-06  5.113758E-06  6.585342E-06  2.699798E-07
 3.211500E+02  4.626169E-02  3.281864E-06  3.795935E-11  5.051578E-11  5.637306E-11  6.809448E-11  7.967267E-01  1.919675E-03  1.360568E-05  1.459540E-01  2.664766E-04  1.382985E-06  9.373581E-08  1.292938E-03  2.630691E-07  9.863123E-07  8.947286E-09  6.175891E-03  2.879175E-07  4.710954E-09  3.992865E-09  5.801784E-04  7.886833E-04  2.497635E-06  4.837224E-06  6.231183E-06  2.577595E-07
 3.221500E+02  4.631537E-02  3.250188E-06  3.686972E-11  4.907763E-11  5.477106E-11  6.617458E-11  7.967806E-01  1.888307E-03  1.286344E-05  1.460123E-01  2.623319E-04  1.309681E-06  9.129409E-08  1.271744E-03  2.508798E-07  9.428441E-07  8.628454E-09  6.089853E-03  2.756028E-07  4.566150E-09  3.867714E-09  5.711223E-04  7.763691E-04  2.364837E-06  4.577300E-06  5.898195E-06  2.461647E-07
 3.231500E+02  4.636796E-02  3.218963E-06  3.581739E-11  4.768837E-11  5.322343E-11  6.431941E-11  7.968332E-01  1.857667E-03  1.216622E-05  1.460693E-01  2.582769E-04  1.240682E-06  8.893137E-08  1.251026E-03  2.393291E-07  9.015568E-07  8.322877E-09  6.005510E-03  2.638863E-07  4.426639E-09  3.747211E-09  5.622663E-04  7.643277E-04  2.239878E-06  4.332896E-06  5.584996E-06  2.351600E-07
 3.241500E+02  4.641948E-02  3.188183E-06  3.480092E-11  4.634613E-11  5.172811E-11  6.252652E-11  7.968845E-01  1.827734E-03  1.151104E-05  1.461251E-01  2.543094E-04  1.175712E-06  8.664469E-08  1.230772E-03  2.283801E-07  8.623290E-07  8.029938E-09  5.922823E-03  2.527358E-07  4.292202E-09  3.631164E-09  5.536051E-04  7.525517E-04  2.122251E-06  4.102999E-06  5.290299E-06  2.247123E-07
 3.251500E+02  4.646997E-02  3.157841E-06  3.381895E-11  4.504913E-11  5.028310E-11  6.079356E-11  7.969347E-01  1.798489E-03  1.089511E-05  1.461799E-01  2.504270E-04  1.114515E-06  8.443121E-08  1.210970E-03  2.179980E-07  8.250467E-07  7.749051E-09  5.841754E-03  2.421212E-07  4.162631E-09  3.519386E-09  5.451335E-04  7.410338E-04  2.011487E-06  3.886669E-06  5.012910E-06  2.147904E-07
 3.261500E+02  4.651945E-02  3.127933E-06  3.287016E-11  4.379564E-11  4.888651E-11  5.911829E-11  7.969837E-01  1.769910E-03  1.031588E-05  1.462335E-01  2.466276E-04  1.056853E-06  8.228821E-08  1.191606E-03  2.081504E-07  7.896029E-07  7.479659E-09  5.762265E-03  2.320138E-07  4.037727E-09  3.411701E-09  5.368464E-04  7.297672E-04  1.907149E-06  3.683031E-06  4.751717E-06  2.053652E-07
 3.271500E+02  4.656794E-02  3.098452E-06  3.195329E-11  4.258404E-11  4.753651E-11  5.749854E-11  7.970315E-01  1.741981E-03  9.770939E-06  1.462860E-01  2.429090E-04  1.002501E-06  8.021310E-08  1.172671E-03  1.988070E-07  7.558970E-07  7.221234E-09  5.684321E-03  2.223870E-07  3.917301E-09  3.307938E-09  5.287388E-04  7.187451E-04  1.808830E-06  3.491270E-06  4.505686E-06  1.964091E-07
 3.281500E+02  4.661546E-02  3.069391E-06  3.106713E-11  4.141275E-11  4.623135E-11  5.593225E-11  7.970783E-01  1.714682E-03  9.258075E-06  1.463375E-01  2.392691E-04  9.512537E-07  7.820336E-08  1.154152E-03  1.899392E-07  7.238342E-07  6.973275E-09  5.607886E-03  2.132153E-07  3.801171E-09  3.207938E-09  5.208060E-04  7.079611E-04  1.716150E-06  3.310628E-06  4.273853E-06  1.878963E-07
 3.291500E+02  4.666205E-02  3.040745E-06  3.021052E-11  4.028025E-11  4.496935E-11  5.441742E-11  7.971240E-01  1.687996E-03  8.775218E-06  1.463879E-01  2.357060E-04  9.029167E-07  7.625660E-08  1.136039E-03  1.815202E-07  6.933255E-07  6.735305E-09  5.532925E-03  2.044749E-07  3.689163E-09  3.111545E-09  5.130434E-04  6.974087E-04  1.628755E-06  3.140400E-06  4.055321E-06  1.798026E-07
 3.301500E+02  4.670771E-02  3.012507E-06  2.938236E-11  3.918509E-11  4.374891E-11  5.295214E-11  7.971687E-01  1.661906E-03  8.320446E-06  1.464374E-01  2.322176E-04  8.573097E-07  7.437054E-08  1.118320E-03  1.735249E-07  6.642873E-07  6.506872E-09  5.459405E-03  1.961433E-07  3.581111E-09  3.018613E-09  5.054465E-04  6.870820E-04  1.546316E-06  2.979929E-06  3.849254E-06  1.721050E-07
 3.311500E+02  4.675248E-02  2.984673E-06  2.858157E-11  3.812588E-11  4.256847E-11  5.153458E-11  7.972123E-01  1.636395E-03  7.891969E-06  1.464858E-01  2.288020E-04  8.142643E-07  7.254295E-08  1.100987E-03  1.659296E-07  6.366406E-07  6.287545E-09  5.387293E-03  1.881993E-07  3.476858E-09  2.929000E-09  4.980109E-04  6.769749E-04  1.468527E-06  2.828602E-06  3.654874E-06  1.647822E-07
 3.321500E+02  4.679637E-02  2.957235E-06  2.780713E-11  3.710130E-11  4.142655E-11  5.016299E-11  7.972550E-01  1.611448E-03  7.488122E-06  1.465334E-01  2.254575E-04  7.736233E-07  7.077175E-08  1.084027E-03  1.587122E-07  6.103114E-07  6.076916E-09  5.316558E-03  1.806229E-07  3.376251E-09  2.842573E-09  4.907325E-04  6.670818E-04  1.395098E-06  2.685850E-06  3.471454E-06  1.578139E-07
 3.331500E+02  4.683941E-02  2.930188E-06  2.705807E-11  3.611005E-11  4.032174E-11  4.883568E-11  7.972967E-01  1.587050E-03  7.107351E-06  1.465799E-01  2.221821E-04  7.352399E-07  6.905488E-08  1.067433E-03  1.518519E-07  5.852296E-07  5.874596E-09  5.247167E-03  1.733953E-07  3.279146E-09  2.759202E-09  4.836072E-04  6.573971E-04  1.325764E-06  2.551138E-06  3.298317E-06  1.511811E-07
 3.341500E+02  4.688161E-02  2.903527E-06  2.633343E-11  3.515092E-11  3.925266E-11  4.755102E-11  7.973376E-01  1.563184E-03  6.748212E-06  1.466256E-01  2.189743E-04  6.989771E-07  6.739042E-08  1.051194E-03  1.453290E-07  5.613296E-07  5.680215E-09  5.179090E-03  1.664985E-07  3.185404E-09  2.678766E-09  4.766309E-04  6.479152E-04  1.260274E-06  2.423972E-06  3.134830E-06  1.448659E-07
 3.351500E+02  4.692299E-02  2.877245E-06  2.563232E-11  3.422271E-11  3.821801E-11  4.630747E-11  7.973775E-01  1.539837E-03  6.409356E-06  1.466704E-01  2.158322E-04  6.647068E-07  6.577650E-08  1.035301E-03  1.391252E-07  5.385492E-07  5.493422E-09  5.112299E-03  1.599157E-07  3.094893E-09  2.601147E-09  4.697999E-04  6.386311E-04  1.198395E-06  2.303888E-06  2.980404E-06  1.388514E-07
 3.361500E+02  4.696357E-02  2.851336E-06  2.495387E-11  3.332430E-11  3.721653E-11  4.510352E-11  7.974165E-01  1.516996E-03  6.089526E-06  1.467143E-01  2.127542E-04  6.323091E-07  6.421132E-08  1.019746E-03  1.332231E-07  5.168300E-07  5.313883E-09  5.046763E-03  1.536311E-07  3.007486E-09  2.526233E-09  4.631104E-04  6.295397E-04  1.139908E-06  2.190452E-06  2.834487E-06  1.331217E-07
 3.371500E+02  4.700338E-02  2.825796E-06  2.429725E-11  3.245461E-11  3.624700E-11  4.393775E-11  7.974547E-01  1.494645E-03  5.787550E-06  1.467573E-01  2.097388E-04  6.016721E-07  6.269316E-08  1.004519E-03  1.276065E-07  4.961169E-07  5.141278E-09  4.982454E-03  1.476296E-07  2.923063E-09  2.453916E-09  4.565589E-04  6.206359E-04  1.084610E-06  2.083262E-06  2.696566E-06  1.276619E-07
 3.381500E+02  4.704243E-02  2.800619E-06  2.366166E-11  3.161258E-11  3.530827E-11  4.280878E-11  7.974921E-01  1.472773E-03  5.502334E-06  1.467995E-01  2.067844E-04  5.726910E-07  6.122038E-08  9.896132E-04  1.222600E-07  4.763579E-07  4.975306E-09  4.919346E-03  1.418970E-07  2.841505E-09  2.384095E-09  4.501418E-04  6.119151E-04  1.032310E-06  1.981941E-06  2.566158E-06  1.224578E-07
 3.391500E+02  4.708073E-02  2.775798E-06  2.304634E-11  3.079721E-11  3.439922E-11  4.171528E-11  7.975286E-01  1.451366E-03  5.232855E-06  1.468410E-01  2.038895E-04  5.452678E-07  5.979138E-08  9.750194E-04  1.171692E-07  4.575039E-07  4.815678E-09  4.857411E-03  1.364199E-07  2.762704E-09  2.316671E-09  4.438557E-04  6.033725E-04  9.828293E-07  1.886134E-06  2.442814E-06  1.174961E-07
 3.401500E+02  4.711830E-02  2.751329E-06  2.245054E-11  3.000755E-11  3.351879E-11  4.065598E-11  7.975644E-01  1.430412E-03  4.978161E-06  1.468816E-01  2.010526E-04  5.193109E-07  5.840465E-08  9.607298E-04  1.123205E-07  4.395087E-07  4.662120E-09  4.796623E-03  1.311856E-07  2.686553E-09  2.251550E-09  4.376973E-04  5.950037E-04  9.360021E-07  1.795513E-06  2.326114E-06  1.127643E-07
 3.411500E+02  4.715516E-02  2.727206E-06  2.187356E-11  2.924267E-11  3.266595E-11  3.962967E-11  7.975995E-01  1.409900E-03  4.737359E-06  1.469214E-01  1.982723E-04  4.947342E-07  5.705871E-08  9.467370E-04  1.077011E-07  4.223285E-07  4.514370E-09  4.736957E-03  1.261822E-07  2.612949E-09  2.188642E-09  4.316635E-04  5.868043E-04  8.916718E-07  1.709770E-06  2.215665E-06  1.082505E-07
 3.421500E+02  4.719134E-02  2.703424E-06  2.131472E-11  2.850168E-11  3.183971E-11  3.863516E-11  7.976337E-01  1.389817E-03  4.509616E-06  1.469605E-01  1.955472E-04  4.714574E-07  5.575216E-08  9.330334E-04  1.032989E-07  4.059222E-07  4.372180E-09  4.678387E-03  1.213982E-07  2.541795E-09  2.127863E-09  4.257510E-04  5.787701E-04  8.496923E-07  1.628616E-06  2.111098E-06  1.039436E-07
 3.431500E+02  4.722683E-02  2.679978E-06  2.077338E-11  2.778373E-11  3.103912E-11  3.767134E-11  7.976673E-01  1.370153E-03  4.294154E-06  1.469989E-01  1.928760E-04  4.494051E-07  5.448366E-08  9.196118E-04  9.910258E-08  3.902507E-07  4.235311E-09  4.620889E-03  1.168230E-07  2.472998E-09  2.069129E-09  4.199570E-04  5.708969E-04  8.099266E-07  1.551780E-06  2.012069E-06  9.983296E-08
 3.441500E+02  4.726166E-02  2.656861E-06  2.024890E-11  2.708800E-11  3.026327E-11  3.673712E-11  7.977002E-01  1.350897E-03  4.090244E-06  1.470366E-01  1.902574E-04  4.285065E-07  5.325190E-08  9.064651E-04  9.510143E-08  3.752773E-07  4.103539E-09  4.564441E-03  1.124463E-07  2.406469E-09  2.012361E-09  4.142783E-04  5.631808E-04  7.722466E-07  1.479011E-06  1.918255E-06  9.590867E-08
 3.451500E+02  4.729584E-02  2.634070E-06  1.974069E-11  2.641371E-11  2.951129E-11  3.583146E-11  7.977324E-01  1.332037E-03  3.897205E-06  1.470735E-01  1.876901E-04  4.086956E-07  5.205563E-08  8.935866E-04  9.128532E-08  3.609671E-07  3.976648E-09  4.509017E-03  1.082586E-07  2.342122E-09  1.957485E-09  4.087123E-04  5.556179E-04  7.365319E-07  1.410072E-06  1.829354E-06  9.216131E-08
 3.461500E+02  4.732939E-02  2.611599E-06  1.924817E-11  2.576009E-11  2.878234E-11  3.495336E-11  7.977639E-01  1.313565E-03  3.714399E-06  1.471098E-01  1.851729E-04  3.899100E-07  5.089365E-08  8.809696E-04  8.764473E-08  3.472873E-07  3.854433E-09  4.454597E-03  1.042507E-07  2.279876E-09  1.904429E-09  4.032561E-04  5.482044E-04  7.026700E-07  1.344740E-06  1.745083E-06  8.858199E-08
 3.471500E+02  4.736232E-02  2.589444E-06  1.877077E-11  2.512642E-11  2.807560E-11  3.410185E-11  7.977948E-01  1.295469E-03  3.541228E-06  1.471453E-01  1.827046E-04  3.720917E-07  4.976481E-08  8.686075E-04  8.417065E-08  3.342067E-07  3.736697E-09  4.401158E-03  1.004140E-07  2.219650E-09  1.853123E-09  3.979071E-04  5.409366E-04  6.705551E-07  1.282808E-06  1.665176E-06  8.516230E-08
 3.481500E+02  4.739465E-02  2.567598E-06  1.830798E-11  2.451200E-11  2.739031E-11  3.327601E-11  7.978250E-01  1.277742E-03  3.377134E-06  1.471803E-01  1.802840E-04  3.551859E-07  4.866799E-08  8.564943E-04  8.085459E-08  3.216961E-07  3.623254E-09  4.348679E-03  9.674037E-08  2.161371E-09  1.803501E-09  3.926627E-04  5.338110E-04  6.400882E-07  1.224082E-06  1.589385E-06  8.189432E-08
 3.491500E+02  4.742638E-02  2.546058E-06  1.785927E-11  2.391616E-11  2.672570E-11  3.247496E-11  7.978546E-01  1.260372E-03  3.221592E-06  1.472146E-01  1.779099E-04  3.391412E-07  4.760212E-08  8.446237E-04  7.768855E-08  3.097274E-07  3.513927E-09  4.297139E-03  9.322199E-08  2.104965E-09  1.755500E-09  3.875202E-04  5.268241E-04  6.111761E-07  1.168378E-06  1.517475E-06  7.877052E-08
 3.501500E+02  4.745754E-02  2.524818E-06  1.742416E-11  2.333826E-11  2.608108E-11  3.169783E-11  7.978837E-01  1.243351E-03  3.074110E-06  1.472482E-01  1.755814E-04  3.239094E-07  4.656619E-08  8.329899E-04  7.466494E-08  2.982745E-07  3.408544E-09  4.246517E-03  8.985155E-08  2.050364E-09  1.709058E-09  3.824773E-04  5.199726E-04  5.837315E-07  1.115526E-06  1.449229E-06  7.578380E-08
 3.511500E+02  4.748813E-02  2.503873E-06  1.700217E-11  2.277767E-11  2.545573E-11  3.094381E-11  7.979121E-01  1.226671E-03  2.934229E-06  1.472813E-01  1.732972E-04  3.094454E-07  4.555919E-08  8.215870E-04  7.177661E-08  2.873124E-07  3.306945E-09  4.196793E-03  8.662209E-08  1.997501E-09  1.664119E-09  3.775315E-04  5.132533E-04  5.576724E-07  1.065364E-06  1.384439E-06  7.292746E-08
 3.521500E+02  4.751817E-02  2.483220E-06  1.659284E-11  2.223379E-11  2.484901E-11  3.021210E-11  7.979400E-01  1.210323E-03  2.801517E-06  1.473137E-01  1.710564E-04  2.957064E-07  4.458018E-08  8.104096E-04  6.901680E-08  2.768175E-07  3.208973E-09  4.147949E-03  8.352699E-08  1.946313E-09  1.620625E-09  3.726806E-04  5.066628E-04  5.329219E-07  1.017741E-06  1.322912E-06  7.019512E-08
 3.531500E+02  4.754766E-02  2.462853E-06  1.619575E-11  2.170606E-11  2.426027E-11  2.950194E-11  7.979673E-01  1.194298E-03  2.675568E-06  1.473456E-01  1.688580E-04  2.826526E-07  4.362823E-08  7.994521E-04  6.637914E-08  2.667674E-07  3.114483E-09  4.099964E-03  8.056001E-08  1.896738E-09  1.578524E-09  3.679223E-04  5.001983E-04  5.094074E-07  9.725165E-07  1.264469E-06  6.758078E-08
 3.541500E+02  4.757663E-02  2.442769E-06  1.581046E-11  2.119391E-11  2.368890E-11  2.881260E-11  7.979941E-01  1.178589E-03  2.556001E-06  1.473769E-01  1.667009E-04  2.702463E-07  4.270248E-08  7.887093E-04  6.385756E-08  2.571410E-07  3.023331E-09  4.052822E-03  7.771518E-08  1.848718E-09  1.537764E-09  3.632543E-04  4.938567E-04  4.870610E-07  9.295562E-07  1.208937E-06  6.507874E-08
 3.551500E+02  4.760508E-02  2.422961E-06  1.543657E-11  2.069683E-11  2.313430E-11  2.814338E-11  7.980204E-01  1.163188E-03  2.442461E-06  1.474076E-01  1.645843E-04  2.584522E-07  4.180205E-08  7.781761E-04  6.144637E-08  2.479182E-07  2.935385E-09  4.006503E-03  7.498688E-08  1.802196E-09  1.498296E-09  3.586746E-04  4.876350E-04  4.658187E-07  8.887354E-07  1.156157E-06  6.268360E-08
 3.561500E+02  4.763303E-02  2.403427E-06  1.507369E-11  2.021429E-11  2.259591E-11  2.749359E-11  7.980461E-01  1.148087E-03  2.334611E-06  1.474378E-01  1.625071E-04  2.472370E-07  4.092614E-08  7.678473E-04  5.914015E-08  2.390799E-07  2.850514E-09  3.960990E-03  7.236974E-08  1.757119E-09  1.460073E-09  3.541811E-04  4.815304E-04  4.456204E-07  8.499364E-07  1.105979E-06  6.039025E-08
 3.571500E+02  4.766048E-02  2.384161E-06  1.472145E-11  1.974581E-11  2.207318E-11  2.686259E-11  7.980714E-01  1.133279E-03  2.232137E-06  1.474675E-01  1.604685E-04  2.365694E-07  4.007396E-08  7.577183E-04  5.693380E-08  2.306083E-07  2.768597E-09  3.916266E-03  6.985869E-08  1.713435E-09  1.423050E-09  3.497717E-04  4.755403E-04  4.264094E-07  8.130487E-07  1.058260E-06  5.819384E-08
 3.581500E+02  4.768745E-02  2.365160E-06  1.437949E-11  1.929090E-11  2.156558E-11  2.624974E-11  7.980961E-01  1.118757E-03  2.134742E-06  1.474966E-01  1.584676E-04  2.264200E-07  3.924475E-08  7.477841E-04  5.482247E-08  2.224860E-07  2.689515E-09  3.872315E-03  6.744890E-08  1.671095E-09  1.387183E-09  3.454445E-04  4.696619E-04  4.081325E-07  7.779683E-07  1.012867E-06  5.608980E-08
 3.591500E+02  4.771394E-02  2.346419E-06  1.404747E-11  1.884913E-11  2.107261E-11  2.565445E-11  7.981204E-01  1.104513E-03  2.042148E-06  1.475252E-01  1.565035E-04  2.167609E-07  3.843777E-08  7.380404E-04  5.280159E-08  2.146970E-07  2.613157E-09  3.829119E-03  6.513577E-08  1.630049E-09  1.352430E-09  3.411976E-04  4.638926E-04  3.907396E-07  7.445975E-07  9.696760E-07  5.407376E-08
 3.601500E+02  4.773997E-02  2.327934E-06  1.372503E-11  1.842004E-11  2.059377E-11  2.507612E-11  7.981442E-01  1.090542E-03  1.954095E-06  1.475534E-01  1.545753E-04  2.075662E-07  3.765233E-08  7.284825E-04  5.086680E-08  2.072259E-07  2.539414E-09  3.786663E-03  6.291496E-08  1.590253E-09  1.318752E-09  3.370291E-04  4.582299E-04  3.741834E-07  7.128441E-07  9.285675E-07  5.214160E-08
 3.611500E+02  4.776555E-02  2.309702E-06  1.341188E-11  1.800321E-11  2.012860E-11  2.451419E-11  7.981676E-01  1.076837E-03  1.870334E-06  1.475810E-01  1.526824E-04  1.988112E-07  3.688773E-08  7.191060E-04  4.901401E-08  2.000579E-07  2.468185E-09  3.744932E-03  6.078232E-08  1.551663E-09  1.286110E-09  3.329372E-04  4.526714E-04  3.584195E-07  6.826214E-07  8.894310E-07  5.028941E-08
 3.621500E+02  4.779068E-02  2.291717E-06  1.310769E-11  1.759825E-11  1.967665E-11  2.396814E-11  7.981905E-01  1.063391E-03  1.790636E-06  1.476081E-01  1.508238E-04  1.904726E-07  3.614332E-08  7.099069E-04  4.723931E-08  1.931794E-07  2.399372E-09  3.703910E-03  5.873391E-08  1.514235E-09  1.254467E-09  3.289201E-04  4.472146E-04  3.434061E-07  6.538480E-07  8.521618E-07  4.851348E-08
 3.631500E+02  4.781538E-02  2.273976E-06  1.281217E-11  1.720475E-11  1.923748E-11  2.343743E-11  7.982130E-01  1.050199E-03  1.714782E-06  1.476348E-01  1.489988E-04  1.825287E-07  3.541848E-08  7.008810E-04  4.553901E-08  1.865770E-07  2.332879E-09  3.663582E-03  5.676599E-08  1.477931E-09  1.223788E-09  3.249762E-04  4.418572E-04  3.291036E-07  6.264469E-07  8.166613E-07  4.681028E-08
 3.641500E+02  4.783965E-02  2.256475E-06  1.252503E-11  1.682234E-11  1.881067E-11  2.292157E-11  7.982350E-01  1.037254E-03  1.642566E-06  1.476610E-01  1.472067E-04  1.749587E-07  3.471259E-08  6.920241E-04  4.390962E-08  1.802384E-07  2.268619E-09  3.623934E-03  5.487501E-08  1.442710E-09  1.194039E-09  3.211038E-04  4.365970E-04  3.154748E-07  6.003458E-07  7.828365E-07  4.517647E-08
 3.651500E+02  4.786351E-02  2.239211E-06  1.224599E-11  1.645066E-11  1.839581E-11  2.242006E-11  7.982567E-01  1.024550E-03  1.573796E-06  1.476868E-01  1.454467E-04  1.677434E-07  3.402506E-08  6.833326E-04  4.234782E-08  1.741515E-07  2.206504E-09  3.584953E-03  5.305756E-08  1.408535E-09  1.165187E-09  3.173013E-04  4.314317E-04  3.024846E-07  5.754763E-07  7.505998E-07  4.360887E-08
 3.661500E+02  4.788696E-02  2.222180E-06  1.197480E-11  1.608935E-11  1.799252E-11  2.193246E-11  7.982779E-01  1.012081E-03  1.508289E-06  1.477121E-01  1.437181E-04  1.608642E-07  3.335533E-08  6.748025E-04  4.085045E-08  1.683052E-07  2.146452E-09  3.546623E-03  5.131044E-08  1.375369E-09  1.137201E-09  3.135670E-04  4.263592E-04  2.900999E-07  5.517741E-07  7.198687E-07  4.210447E-08
 3.671500E+02  4.791001E-02  2.205377E-06  1.171119E-11  1.573808E-11  1.760042E-11  2.145830E-11  7.982988E-01  9.998435E-04  1.445875E-06  1.477370E-01  1.420202E-04  1.543039E-07  3.270285E-08  6.664301E-04  3.941454E-08  1.626887E-07  2.088385E-09  3.508932E-03  4.963057E-08  1.343180E-09  1.110051E-09  3.098996E-04  4.213775E-04  2.782895E-07  5.291785E-07  6.905652E-07  4.066041E-08
 3.681500E+02  4.793268E-02  2.188800E-06  1.145492E-11  1.539653E-11  1.721914E-11  2.099716E-11  7.983193E-01  9.878306E-04  1.386390E-06  1.477615E-01  1.403523E-04  1.480462E-07  3.206709E-08  6.582119E-04  3.803724E-08  1.572918E-07  2.032227E-09  3.471866E-03  4.801504E-08  1.311932E-09  1.083708E-09  3.062973E-04  4.164844E-04  2.670239E-07  5.076324E-07  6.626159E-07  3.927397E-08
 3.691500E+02  4.795495E-02  2.172444E-06  1.120574E-11  1.506438E-11  1.684835E-11  2.054862E-11  7.983394E-01  9.760373E-04  1.329683E-06  1.477856E-01  1.387139E-04  1.420757E-07  3.144754E-08  6.501443E-04  3.671587E-08  1.521047E-07  1.977907E-09  3.435413E-03  4.646106E-08  1.281594E-09  1.058144E-09  3.027589E-04  4.116780E-04  2.562753E-07  4.870816E-07  6.359512E-07  3.794255E-08
 3.701500E+02  4.797686E-02  2.156307E-06  1.096344E-11  1.474132E-11  1.648770E-11  2.011227E-11  7.983591E-01  9.644588E-04  1.275610E-06  1.478093E-01  1.371041E-04  1.363777E-07  3.084371E-08  6.422240E-04  3.544788E-08  1.471184E-07  1.925354E-09  3.399560E-03  4.496599E-08  1.252135E-09  1.033331E-09  2.992829E-04  4.069565E-04  2.460174E-07  4.674753E-07  6.105058E-07  3.666371E-08
 3.711500E+02  4.799840E-02  2.140384E-06  1.072778E-11  1.442708E-11  1.613687E-11  1.968773E-11  7.983785E-01  9.530900E-04  1.224035E-06  1.478325E-01  1.355224E-04  1.309385E-07  3.025512E-08  6.344476E-04  3.423084E-08  1.423239E-07  1.874503E-09  3.364295E-03  4.352731E-08  1.223526E-09  1.009246E-09  2.958678E-04  4.023178E-04  2.362254E-07  4.487653E-07  5.862178E-07  3.543510E-08
 3.721500E+02  4.801958E-02  2.124673E-06  1.049856E-11  1.412136E-11  1.579555E-11  1.927463E-11  7.983975E-01  9.419262E-04  1.174830E-06  1.478554E-01  1.339683E-04  1.257451E-07  2.968133E-08  6.268119E-04  3.306244E-08  1.377130E-07  1.825290E-09  3.329606E-03  4.214262E-08  1.195737E-09  9.858620E-10  2.925125E-04  3.977602E-04  2.268758E-07  4.309061E-07  5.630287E-07  3.425451E-08
 3.731500E+02  4.804041E-02  2.109169E-06  1.027557E-11  1.382390E-11  1.546343E-11  1.887261E-11  7.984162E-01  9.309627E-04  1.127874E-06  1.478779E-01  1.324410E-04  1.207851E-07  2.912187E-08  6.193138E-04  3.194050E-08  1.332776E-07  1.777655E-09  3.295481E-03  4.080963E-08  1.168742E-09  9.631561E-10  2.892155E-04  3.932819E-04  2.179465E-07  4.138549E-07  5.408834E-07  3.311981E-08
