#         T/K            c1          c2-1          c3-4          c3-5          c3-7          c3-9            m1          m2-1          m3-1            w1            w2          w3-1          w3-2          c1m1        c1m2-1        c1m2-7        c2m1-1        c1w1-2        c1w2-1        c2w1-1        c2w1-9        m1w1-1        m1w1-4        m1w2-1        m2w1-1        m2w1-3      c1m1w1-1
 2.731500E+02  6.189131E-01  1.218409E-03  6.350583E-07  8.335293E-07  9.273676E-07  1.105770E-06  2.901133E-01  6.803911E-04  1.722301E-05  2.901881E-02  2.777498E-05  2.703912E-07  3.793878E-09  1.805724E-02  8.049850E-06  2.641411E-05  5.732679E-06  4.163490E-02  2.190253E-06  1.257770E-06  1.104455E-06  1.093216E-04  1.488162E-04  8.910006E-07  3.225291E-06  4.084874E-06  4.029397E-06
 2.741500E+02  6.194222E-01  1.198298E-03  6.065456E-07  7.963754E-07  8.860970E-07  1.056894E-06  2.903522E-01  6.651262E-04  1.593403E-05  2.929017E-02  2.762960E-05  2.570303E-07  3.746559E-09  1.761995E-02  7.522303E-06  2.476301E-05  5.430094E-06  4.109670E-02  2.091386E-06  1.209549E-06  1.061196E-06  1.078585E-04  1.468152E-04  8.397933E-07  3.012376E-06  3.816734E-06  3.804041E-06
 2.751500E+02  6.199207E-01  1.178674E-03  5.795252E-07  7.611541E-07  8.469704E-07  1.010542E-06  2.905836E-01  6.503019E-04  1.474965E-05  2.955827E-02  2.747955E-05  2.443328E-07  3.698909E-09  1.719631E-02  7.032824E-06  2.322613E-05  5.145615E-06  4.056492E-02  1.997214E-06  1.163405E-06  1.019837E-06  1.064120E-04  1.448373E-04  7.916782E-07  2.814554E-06  3.567502E-06  3.592401E-06
 2.761500E+02  6.204088E-01  1.159522E-03  5.539090E-07  7.277523E-07  8.098622E-07  9.665672E-07  2.908077E-01  6.359037E-04  1.366078E-05  2.982312E-02  2.732507E-05  2.322670E-07  3.650989E-09  1.678583E-02  6.578438E-06  2.179489E-05  4.878048E-06  4.003958E-02  1.907508E-06  1.119238E-06  9.802870E-07  1.049823E-04  1.428829E-04  7.464625E-07  2.630689E-06  3.335763E-06  3.393582E-06
 2.771500E+02  6.208869E-01  1.140828E-03  5.296149E-07  6.960640E-07  7.746551E-07  9.248330E-07  2.910248E-01  6.219176E-04  1.265916E-05  3.008471E-02  2.716643E-05  2.208027E-07  3.602853E-09  1.638804E-02  6.156418E-06  2.046140E-05  4.626279E-06  3.952070E-02  1.822053E-06  1.076959E-06  9.424604E-07  1.035696E-04  1.409521E-04  7.039657E-07  2.459737E-06  3.120215E-06  3.206755E-06
 2.781500E+02  6.213551E-01  1.122579E-03  5.065662E-07  6.659903E-07  7.412394E-07  8.852104E-07  2.912353E-01  6.083301E-04  1.173731E-05  3.034303E-02  2.700386E-05  2.099106E-07  3.554558E-09  1.600247E-02  5.764266E-06  1.921839E-05  4.389279E-06  3.900828E-02  1.740643E-06  1.036479E-06  9.062758E-07  1.021740E-04  1.390450E-04  6.640185E-07  2.300736E-06  2.919657E-06  3.031144E-06
 2.791500E+02  6.218137E-01  1.104761E-03  4.846907E-07  6.374382E-07  7.095122E-07  8.475787E-07  2.914392E-01  5.951283E-04  1.088841E-05  3.059808E-02  2.683760E-05  1.995631E-07  3.506156E-09  1.562868E-02  5.399688E-06  1.805918E-05  4.166087E-06  3.850233E-02  1.663081E-06  9.977157E-07  8.716556E-07  1.007955E-04  1.371617E-04  6.264624E-07  2.152799E-06  2.732983E-06  2.866029E-06
 2.801500E+02  6.222629E-01  1.087363E-03  4.639212E-07  6.103209E-07  6.793772E-07  8.118249E-07  2.916369E-01  5.822994E-04  1.010626E-05  3.084987E-02  2.666788E-05  1.897336E-07  3.457696E-09  1.526625E-02  5.060580E-06  1.697761E-05  3.955814E-06  3.800284E-02  1.589181E-06  9.605891E-07  8.385265E-07  9.943428E-05  1.353023E-04  5.911492E-07  2.015108E-06  2.559170E-06  2.710737E-06
 2.811500E+02  6.227029E-01  1.070372E-03  4.441946E-07  5.845571E-07  6.507443E-07  7.778432E-07  2.918287E-01  5.698314E-04  9.385232E-06  3.109839E-02  2.649494E-05  1.803968E-07  3.409226E-09  1.491478E-02  4.745010E-06  1.596803E-05  3.757630E-06  3.750982E-02  1.518766E-06  9.250243E-07  8.068185E-07  9.809034E-05  1.334669E-04  5.579398E-07  1.886908E-06  2.397276E-06  2.564641E-06
 2.821500E+02  6.231340E-01  1.053776E-03  4.254518E-07  5.600704E-07  6.235288E-07  7.455342E-07  2.920146E-01  5.577125E-04  8.720197E-06  3.134365E-02  2.631899E-05  1.715284E-07  3.360791E-09  1.457388E-02  4.451203E-06  1.502521E-05  3.570766E-06  3.702324E-02  1.451665E-06  8.909499E-07  7.764652E-07  9.676374E-05  1.316555E-04  5.267040E-07  1.767504E-06  2.246432E-06  2.427157E-06
 2.831500E+02  6.235564E-01  1.037564E-03  4.076373E-07  5.367893E-07  5.976514E-07  7.148048E-07  2.921949E-01  5.459315E-04  8.106482E-06  3.158567E-02  2.614025E-05  1.631053E-07  3.312434E-09  1.424317E-02  4.177528E-06  1.414432E-05  3.394503E-06  3.654310E-02  1.387718E-06  8.582977E-07  7.474037E-07  9.545448E-05  1.298681E-04  4.973198E-07  1.656253E-06  2.105836E-06  2.297739E-06
 2.841500E+02  6.239702E-01  1.021725E-03  3.906993E-07  5.146466E-07  5.730376E-07  6.855677E-07  2.923699E-01  5.344773E-04  7.539829E-06  3.182445E-02  2.595893E-05  1.551054E-07  3.264196E-09  1.392229E-02  3.922486E-06  1.332094E-05  3.228176E-06  3.606937E-02  1.326773E-06  8.270031E-07  7.195739E-07  9.416258E-05  1.281046E-04  4.696731E-07  1.552563E-06  1.974745E-06  2.175880E-06
 2.851500E+02  6.243756E-01  1.006249E-03  3.745888E-07  4.935793E-07  5.496178E-07  6.577407E-07  2.925397E-01  5.233395E-04  7.016359E-06  3.206000E-02  2.577524E-05  1.475079E-07  3.216115E-09  1.361090E-02  3.684695E-06  1.255097E-05  3.071161E-06  3.560203E-02  1.268683E-06  7.970045E-07  6.929190E-07  9.288802E-05  1.263652E-04  4.436568E-07  1.455887E-06  1.852475E-06  2.061105E-06
 2.861500E+02  6.247730E-01  9.911249E-04  3.592603E-07  4.735284E-07  5.273262E-07  6.312468E-07  2.927045E-01  5.125078E-04  6.532530E-06  3.229235E-02  2.558936E-05  1.402925E-07  3.168227E-09  1.330866E-02  3.462885E-06  1.183061E-05  2.922880E-06  3.514106E-02  1.213310E-06  7.682432E-07  6.673847E-07  9.163078E-05  1.246496E-04  4.191707E-07  1.365719E-06  1.738394E-06  1.952971E-06
 2.871500E+02  6.251623E-01  9.763430E-04  3.446707E-07  4.544382E-07  5.061014E-07  6.060136E-07  2.928644E-01  5.019725E-04  6.085112E-06  3.252149E-02  2.540150E-05  1.334403E-07  3.120566E-09  1.301527E-02  3.255888E-06  1.115637E-05  2.782792E-06  3.468641E-02  1.160523E-06  7.406635E-07  6.429197E-07  9.039080E-05  1.229578E-04  3.961209E-07  1.281591E-06  1.631916E-06  1.851064E-06
 2.881500E+02  6.255439E-01  9.618939E-04  3.307797E-07  4.362567E-07  4.858854E-07  5.819730E-07  2.930197E-01  4.917240E-04  5.671153E-06  3.274746E-02  2.521184E-05  1.269330E-07  3.073165E-09  1.273041E-02  3.062625E-06  1.052503E-05  2.650394E-06  3.423807E-02  1.110196E-06  7.142123E-07  6.194748E-07  8.916803E-05  1.212898E-04  3.744193E-07  1.203072E-06  1.532500E-06  1.754999E-06
 2.891500E+02  6.259179E-01  9.477682E-04  3.175494E-07  4.189347E-07  4.666239E-07  5.590611E-07  2.931705E-01  4.817533E-04  5.287958E-06  3.297028E-02  2.502055E-05  1.207532E-07  3.026053E-09  1.245378E-02  2.882103E-06  9.933598E-06  2.525217E-06  3.379598E-02  1.062209E-06  6.888390E-07  5.970036E-07  8.796240E-05  1.196454E-04  3.539836E-07  1.129763E-06  1.439647E-06  1.664414E-06
 2.901500E+02  6.262844E-01  9.339569E-04  3.049442E-07  4.024262E-07  4.482657E-07  5.372177E-07  2.933169E-01  4.720514E-04  4.933064E-06  3.318995E-02  2.482781E-05  1.148846E-07  2.979259E-09  1.218511E-02  2.713405E-06  9.379313E-06  2.406822E-06  3.336011E-02  1.016450E-06  6.644954E-07  5.754617E-07  8.677384E-05  1.180245E-04  3.347365E-07  1.061295E-06  1.352893E-06  1.578972E-06
 2.911500E+02  6.266437E-01  9.204514E-04  2.929305E-07  3.866878E-07  4.307628E-07  5.163863E-07  2.934592E-01  4.626100E-04  4.604216E-06  3.340651E-02  2.463379E-05  1.093114E-07  2.932808E-09  1.192413E-02  2.555688E-06  8.859620E-06  2.294799E-06  3.293042E-02  9.728113E-07  6.411359E-07  5.548071E-07  8.560224E-05  1.164269E-04  3.166056E-07  9.973264E-07  1.271811E-06  1.498359E-06
 2.921500E+02  6.269959E-01  9.072433E-04  2.814769E-07  3.716787E-07  4.140699E-07  4.965134E-07  2.935974E-01  4.534206E-04  4.299354E-06  3.361998E-02  2.443865E-05  1.040187E-07  2.886725E-09  1.167057E-02  2.408171E-06  8.372153E-06  2.188766E-06  3.250686E-02  9.311897E-07  6.187166E-07  5.349997E-07  8.444752E-05  1.148526E-04  2.995231E-07  9.375407E-07  1.196004E-06  1.422280E-06
 2.931500E+02  6.273411E-01  8.943245E-04  2.705537E-07  3.573605E-07  3.981444E-07  4.775490E-07  2.937317E-01  4.444755E-04  4.016588E-06  3.383038E-02  2.424254E-05  9.899220E-08  2.841032E-09  1.142417E-02  2.270133E-06  7.914723E-06  2.088367E-06  3.208939E-02  8.914879E-07  5.971962E-07  5.160012E-07  8.330956E-05  1.133013E-04  2.834253E-07  8.816455E-07  1.125105E-06  1.350460E-06
 2.941500E+02  6.276796E-01  8.816870E-04  2.601330E-07  3.436970E-07  3.829461E-07  4.594458E-07  2.938623E-01  4.357669E-04  3.754190E-06  3.403774E-02  2.404561E-05  9.421847E-08  2.795751E-09  1.118471E-02  2.140909E-06  7.485298E-06  1.993266E-06  3.167794E-02  8.536134E-07  5.765348E-07  4.977755E-07  8.218825E-05  1.117729E-04  2.682527E-07  8.293701E-07  1.058773E-06  1.282641E-06
 2.951500E+02  6.280114E-01  8.693233E-04  2.501886E-07  3.306542E-07  3.684373E-07  4.421592E-07  2.939892E-01  4.272875E-04  3.510576E-06  3.424209E-02  2.384801E-05  8.968466E-08  2.750899E-09  1.095195E-02  2.019884E-06  7.081998E-06  1.903153E-06  3.127248E-02  8.174780E-07  5.566949E-07  4.802879E-07  8.108345E-05  1.102672E-04  2.539495E-07  7.804634E-07  9.966942E-07  1.218582E-06
 2.961500E+02  6.283367E-01  8.572259E-04  2.406956E-07  3.182001E-07  3.545825E-07  4.256474E-07  2.941125E-01  4.190301E-04  3.284293E-06  3.444344E-02  2.364987E-05  8.537856E-08  2.706496E-09  1.072566E-02  1.906489E-06  6.703077E-06  1.817734E-06  3.087294E-02  7.829980E-07  5.376405E-07  4.635055E-07  7.999503E-05  1.087840E-04  2.404631E-07  7.346929E-07  9.385756E-07  1.158057E-06
 2.971500E+02  6.286557E-01  8.453878E-04  2.316308E-07  3.063042E-07  3.413479E-07  4.098707E-07  2.942325E-01  4.109878E-04  3.074008E-06  3.464184E-02  2.345133E-05  8.128856E-08  2.662556E-09  1.050563E-02  1.800198E-06  6.346918E-06  1.736737E-06  3.047926E-02  7.500937E-07  5.193372E-07  4.473971E-07  7.892285E-05  1.073231E-04  2.277446E-07  6.918432E-07  8.841467E-07  1.100856E-06
 2.981500E+02  6.289685E-01  8.338021E-04  2.229722E-07  2.949382E-07  3.287020E-07  3.947918E-07  2.943492E-01  4.031540E-04  2.878498E-06  3.483731E-02  2.325250E-05  7.740364E-08  2.619094E-09  1.029165E-02  1.700524E-06  6.012018E-06  1.659906E-06  3.009140E-02  7.186895E-07  5.017525E-07  4.319328E-07  7.786676E-05  1.058843E-04  2.157479E-07  6.517144E-07  8.331562E-07  1.046781E-06
 2.991500E+02  6.292753E-01  8.224619E-04  2.146990E-07  2.840752E-07  3.166150E-07  3.803755E-07  2.944626E-01  3.955222E-04  2.696641E-06  3.502988E-02  2.305352E-05  7.371334E-08  2.576124E-09  1.008352E-02  1.607015E-06  5.696981E-06  1.587001E-06  2.970930E-02  6.887132E-07  4.848552E-07  4.170841E-07  7.682662E-05  1.044673E-04  2.044299E-07  6.141212E-07  7.853711E-07  9.956471E-07
 3.001500E+02  6.295761E-01  8.113609E-04  2.067917E-07  2.736897E-07  3.050586E-07  3.665886E-07  2.945730E-01  3.880863E-04  2.527404E-06  3.521958E-02  2.285449E-05  7.020771E-08  2.533657E-09  9.881055E-03  1.519254E-06  5.400512E-06  1.517797E-06  2.933288E-02  6.600966E-07  4.686156E-07  4.028241E-07  7.580226E-05  1.030720E-04  1.937499E-07  5.788917E-07  7.405750E-07  9.472805E-07
 3.011500E+02  6.298711E-01  8.004927E-04  1.992318E-07  2.637578E-07  2.940063E-07  3.533996E-07  2.946805E-01  3.808403E-04  2.369840E-06  3.540644E-02  2.265553E-05  6.687732E-08  2.491704E-09  9.684066E-03  1.436854E-06  5.121408E-06  1.452084E-06  2.896210E-02  6.327744E-07  4.530055E-07  3.891269E-07  7.479352E-05  1.016981E-04  1.836701E-07  5.458663E-07  6.985671E-07  9.015190E-07
 3.021500E+02  6.301604E-01  7.898513E-04  1.920020E-07  2.542569E-07  2.834329E-07  3.407791E-07  2.947850E-01  3.737783E-04  2.223076E-06  3.559050E-02  2.245674E-05  6.371320E-08  2.450273E-09  9.492375E-03  1.359455E-06  4.858547E-06  1.389666E-06  2.859688E-02  6.066849E-07  4.379978E-07  3.759680E-07  7.380024E-05  1.003454E-04  1.741548E-07  5.148969E-07  6.591611E-07  8.582103E-07
 3.031500E+02  6.304442E-01  7.794306E-04  1.850857E-07  2.451656E-07  2.733148E-07  3.286988E-07  2.948868E-01  3.668947E-04  2.086311E-06  3.577178E-02  2.225822E-05  6.070684E-08  2.409374E-09  9.305812E-03  1.286726E-06  4.610890E-06  1.330355E-06  2.823717E-02  5.817692E-07  4.235668E-07  3.633240E-07  7.282224E-05  9.901368E-05  1.651706E-07  4.858459E-07  6.221835E-07  8.172117E-07
 3.041500E+02  6.307226E-01  7.692251E-04  1.784675E-07  2.364637E-07  2.636295E-07  3.171325E-07  2.949858E-01  3.601843E-04  1.958807E-06  3.595031E-02  2.206007E-05  5.785018E-08  2.369013E-09  9.124212E-03  1.218356E-06  4.377467E-06  1.273980E-06  2.788289E-02  5.579714E-07  4.096879E-07  3.511726E-07  7.185935E-05  9.770262E-05  1.566861E-07  4.585856E-07  5.874736E-07  7.783892E-07
 3.051500E+02  6.309956E-01  7.592292E-04  1.721326E-07  2.281322E-07  2.543560E-07  3.060550E-07  2.950822E-01  3.536418E-04  1.839883E-06  3.612614E-02  2.186237E-05  5.513554E-08  2.329197E-09  8.947417E-03  1.154058E-06  4.157376E-06  1.220377E-06  2.753400E-02  5.352383E-07  3.963377E-07  3.394924E-07  7.091140E-05  9.641202E-05  1.486719E-07  4.329973E-07  5.548816E-07  7.416174E-07
 3.061500E+02  6.312635E-01  7.494374E-04  1.660673E-07  2.201530E-07  2.454740E-07  2.954428E-07  2.951762E-01  3.472621E-04  1.728913E-06  3.629930E-02  2.166522E-05  5.255566E-08  2.289929E-09  8.775272E-03  1.093567E-06  3.949778E-06  1.169393E-06  2.719041E-02  5.135194E-07  3.834939E-07  3.282633E-07  6.997821E-05  9.514161E-05  1.411004E-07  4.089706E-07  5.242684E-07  7.067784E-07
 3.071500E+02  6.315262E-01  7.398445E-04  1.602583E-07  2.125091E-07  2.369648E-07  2.852734E-07  2.952676E-01  3.410403E-04  1.625320E-06  3.646981E-02  2.146870E-05  5.010365E-08  2.251215E-09  8.607631E-03  1.036635E-06  3.753890E-06  1.120885E-06  2.685206E-02  4.927666E-07  3.711351E-07  3.174659E-07  6.905959E-05  9.389116E-05  1.339456E-07  3.864029E-07  4.955046E-07  6.737617E-07
 3.081500E+02  6.317840E-01  7.304456E-04  1.546934E-07  2.051843E-07  2.288104E-07  2.755256E-07  2.953567E-01  3.349719E-04  1.528572E-06  3.663771E-02  2.127287E-05  4.777295E-08  2.213057E-09  8.444352E-03  9.830314E-07  3.568984E-06  1.074717E-06  2.651889E-02  4.729341E-07  3.592410E-07  3.070817E-07  6.815536E-05  9.266039E-05  1.271833E-07  3.651988E-07  4.684699E-07  6.424635E-07
 3.091500E+02  6.320369E-01  7.212356E-04  1.493606E-07  1.981634E-07  2.209938E-07  2.661794E-07  2.954435E-01  3.290522E-04  1.438178E-06  3.680303E-02  2.107782E-05  4.555737E-08  2.175457E-09  8.285297E-03  9.325424E-07  3.394378E-06  1.030762E-06  2.619083E-02  4.539786E-07  3.477920E-07  2.970932E-07  6.726534E-05  9.144907E-05  1.207904E-07  3.452695E-07  4.430521E-07  6.127864E-07
 3.101500E+02  6.322851E-01  7.122098E-04  1.442491E-07  1.914320E-07  2.134991E-07  2.572159E-07  2.955281E-01  3.232768E-04  1.353683E-06  3.696582E-02  2.088361E-05  4.345101E-08  2.138419E-09  8.130336E-03  8.849690E-07  3.229440E-06  9.889016E-07  2.586782E-02  4.358587E-07  3.367698E-07  2.874836E-07  6.638934E-05  9.025691E-05  1.147457E-07  3.265324E-07  4.191471E-07  5.846389E-07
 3.111500E+02  6.325286E-01  7.033636E-04  1.393481E-07  1.849762E-07  2.063109E-07  2.486169E-07  2.956105E-01  3.176416E-04  1.274671E-06  3.712610E-02  2.069031E-05  4.144829E-08  2.101941E-09  7.979341E-03  8.401258E-07  3.073578E-06  9.490228E-07  2.554978E-02  4.185351E-07  3.261565E-07  2.782369E-07  6.552717E-05  8.908368E-05  1.090289E-07  3.089105E-07  3.966576E-07  5.579349E-07
 3.121500E+02  6.327676E-01  6.946925E-04  1.346479E-07  1.787833E-07  1.994149E-07  2.403656E-07  2.956908E-01  3.121423E-04  1.200754E-06  3.728390E-02  2.049798E-05  3.954392E-08  2.066025E-09  7.832188E-03  7.978403E-07  2.926240E-06  9.110202E-07  2.523664E-02  4.019703E-07  3.159352E-07  2.693378E-07  6.467865E-05  8.792909E-05  1.036211E-07  2.923323E-07  3.754932E-07  5.325939E-07
 3.131500E+02  6.330021E-01  6.861922E-04  1.301389E-07  1.728408E-07  1.927976E-07  2.324458E-07  2.957691E-01  3.067752E-04  1.131575E-06  3.743927E-02  2.030668E-05  3.773288E-08  2.030669E-09  7.688760E-03  7.579519E-07  2.786909E-06  8.747943E-07  2.492835E-02  3.861290E-07  3.060898E-07  2.607718E-07  6.384359E-05  8.679291E-05  9.850444E-08  2.767310E-07  3.555695E-07  5.085397E-07
 3.141500E+02  6.332322E-01  6.778584E-04  1.258122E-07  1.671373E-07  1.864458E-07  2.248420E-07  2.958455E-01  3.015362E-04  1.066803E-06  3.759223E-02  2.011645E-05  3.601040E-08  1.995873E-09  7.548943E-03  7.203108E-07  2.655105E-06  8.402515E-07  2.462483E-02  3.709772E-07  2.966048E-07  2.525249E-07  6.302180E-05  8.567485E-05  9.366233E-08  2.620444E-07  3.368080E-07  4.857011E-07
 3.151500E+02  6.334581E-01  6.696870E-04  1.216594E-07  1.616615E-07  1.803475E-07  2.175399E-07  2.959199E-01  2.964217E-04  1.006134E-06  3.774282E-02  1.992736E-05  3.437198E-08  1.961636E-09  7.412626E-03  6.847775E-07  2.530377E-06  8.073038E-07  2.432601E-02  3.564829E-07  2.874655E-07  2.445839E-07  6.221308E-05  8.457467E-05  8.907902E-08  2.482146E-07  3.191354E-07  4.640108E-07
 3.161500E+02  6.336798E-01  6.616741E-04  1.176725E-07  1.564031E-07  1.744908E-07  2.105257E-07  2.959925E-01  2.914282E-04  9.492835E-07  3.789107E-02  1.973945E-05  3.281334E-08  1.927954E-09  7.279703E-03  6.512217E-07  2.412304E-06  7.758679E-07  2.403183E-02  3.426153E-07  2.786578E-07  2.369361E-07  6.141727E-05  8.349209E-05  8.473975E-08  2.351876E-07  3.024833E-07  4.434059E-07
 3.171500E+02  6.338973E-01  6.538157E-04  1.138437E-07  1.513521E-07  1.688650E-07  2.037862E-07  2.960633E-01  2.865521E-04  8.959905E-07  3.803702E-02  1.955276E-05  3.133041E-08  1.894825E-09  7.150072E-03  6.195222E-07  2.300494E-06  7.458656E-07  2.374223E-02  3.293455E-07  2.701682E-07  2.295693E-07  6.063415E-05  8.242687E-05  8.063064E-08  2.229129E-07  2.867880E-07  4.238268E-07
 3.181500E+02  6.341109E-01  6.461082E-04  1.101660E-07  1.464992E-07  1.634594E-07  1.973092E-07  2.961323E-01  2.817901E-04  8.460124E-07  3.818070E-02  1.936733E-05  2.991934E-08  1.862246E-09  7.023634E-03  5.895654E-07  2.194577E-06  7.172232E-07  2.345712E-02  3.166457E-07  2.619838E-07  2.224721E-07  5.986355E-05  8.137874E-05  7.673865E-08  2.113436E-07  2.719900E-07  4.052178E-07
 3.191500E+02  6.343206E-01  6.385479E-04  1.066324E-07  1.418353E-07  1.582641E-07  1.910827E-07  2.961997E-01  2.771390E-04  7.991245E-07  3.832214E-02  1.918320E-05  2.857651E-08  1.830214E-09  6.900293E-03  5.612457E-07  2.094209E-06  6.898709E-07  2.317646E-02  3.044897E-07  2.540923E-07  2.156333E-07  5.910529E-05  8.034744E-05  7.305152E-08  2.004358E-07  2.580338E-07  3.875260E-07
 3.201500E+02  6.345264E-01  6.311312E-04  1.032364E-07  1.373520E-07  1.532697E-07  1.850957E-07  2.962655E-01  2.725957E-04  7.551185E-07  3.846138E-02  1.900042E-05  2.729843E-08  1.798724E-09  6.779957E-03  5.344642E-07  1.999068E-06  6.637431E-07  2.290017E-02  2.928523E-07  2.464821E-07  2.090425E-07  5.835916E-05  7.933271E-05  6.955770E-08  1.901485E-07  2.448674E-07  3.707021E-07
 3.211500E+02  6.347285E-01  6.238547E-04  9.997191E-08  1.330412E-07  1.484673E-07  1.793375E-07  2.963296E-01  2.681570E-04  7.138012E-07  3.859845E-02  1.881900E-05  2.608185E-08  1.767773E-09  6.662537E-03  5.091287E-07  1.908852E-06  6.387778E-07  2.262818E-02  2.817097E-07  2.391417E-07  2.026895E-07  5.762500E-05  7.833431E-05  6.624635E-08  1.804435E-07  2.324425E-07  3.546994E-07
 3.221500E+02  6.349269E-01  6.167151E-04  9.683301E-08  1.288953E-07  1.438483E-07  1.737980E-07  2.963923E-01  2.638201E-04  6.749933E-07  3.873338E-02  1.863898E-05  2.492364E-08  1.737355E-09  6.547947E-03  4.851527E-07  1.823277E-06  6.149165E-07  2.236044E-02  2.710392E-07  2.320605E-07  1.965646E-07  5.690261E-05  7.735197E-05  6.310727E-08  1.712851E-07  2.207137E-07  3.394739E-07
 3.231500E+02  6.351217E-01  6.097091E-04  9.381415E-08  1.249070E-07  1.394047E-07  1.684676E-07  2.964534E-01  2.595821E-04  6.385287E-07  3.886620E-02  1.846038E-05  2.382087E-08  1.707466E-09  6.436104E-03  4.624557E-07  1.742078E-06  5.921040E-07  2.209687E-02  2.608193E-07  2.252282E-07  1.906588E-07  5.619181E-05  7.638544E-05  6.013084E-08  1.626399E-07  2.096388E-07  3.249841E-07
 3.241500E+02  6.353129E-01  6.028335E-04  9.091001E-08  1.210694E-07  1.351287E-07  1.633372E-07  2.965131E-01  2.554403E-04  6.042527E-07  3.899696E-02  1.828324E-05  2.277074E-08  1.678100E-09  6.326928E-03  4.409621E-07  1.665007E-06  5.702880E-07  2.183742E-02  2.510293E-07  2.186349E-07  1.849631E-07  5.549242E-05  7.543448E-05  5.730802E-08  1.544767E-07  1.991781E-07  3.111911E-07
 3.251500E+02  6.355008E-01  5.960854E-04  8.811558E-08  1.173759E-07  1.310131E-07  1.583982E-07  2.965713E-01  2.513920E-04  5.720220E-07  3.912567E-02  1.810758E-05  2.177060E-08  1.649253E-09  6.220341E-03  4.206013E-07  1.591830E-06  5.494193E-07  2.158201E-02  2.416498E-07  2.122712E-07  1.794693E-07  5.480426E-05  7.449884E-05  5.463032E-08  1.467663E-07  1.892948E-07  2.980581E-07
 3.261500E+02  6.356852E-01  5.894616E-04  8.542606E-08  1.138202E-07  1.270509E-07  1.536422E-07  2.966283E-01  2.474346E-04  5.417032E-07  3.925238E-02  1.793341E-05  2.081794E-08  1.620918E-09  6.116267E-03  4.013072E-07  1.522329E-06  5.294512E-07  2.133059E-02  2.326621E-07  2.061281E-07  1.741691E-07  5.412716E-05  7.357826E-05  5.208971E-08  1.394815E-07  1.799541E-07  2.855503E-07
 3.271500E+02  6.358663E-01  5.829594E-04  8.283691E-08  1.103965E-07  1.232354E-07  1.490614E-07  2.966838E-01  2.435656E-04  5.131724E-07  3.937711E-02  1.776076E-05  1.991039E-08  1.593089E-09  6.014636E-03  3.830180E-07  1.456297E-06  5.103396E-07  2.108309E-02  2.240485E-07  2.001969E-07  1.690550E-07  5.346092E-05  7.267251E-05  4.967866E-08  1.325968E-07  1.711238E-07  2.736350E-07
 3.281500E+02  6.360442E-01  5.765758E-04  8.034380E-08  1.070990E-07  1.195605E-07  1.446484E-07  2.967381E-01  2.397827E-04  4.863142E-07  3.949989E-02  1.758964E-05  1.904568E-08  1.565761E-09  5.915376E-03  3.656756E-07  1.393543E-06  4.920430E-07  2.083946E-02  2.157920E-07  1.944695E-07  1.641195E-07  5.280539E-05  7.178135E-05  4.739006E-08  1.260882E-07  1.627735E-07  2.622814E-07
 3.291500E+02  6.362190E-01  5.703083E-04  7.794260E-08  1.039223E-07  1.160201E-07  1.403959E-07  2.967912E-01  2.360835E-04  4.610216E-07  3.962076E-02  1.742006E-05  1.822167E-08  1.538927E-09  5.818421E-03  3.492256E-07  1.333885E-06  4.745218E-07  2.059962E-02  2.078767E-07  1.889379E-07  1.593556E-07  5.216038E-05  7.090453E-05  4.521723E-08  1.199336E-07  1.548749E-07  2.514603E-07
 3.301500E+02  6.363906E-01  5.641540E-04  7.562940E-08  1.008614E-07  1.126085E-07  1.362974E-07  2.968430E-01  2.324656E-04  4.371946E-07  3.973974E-02  1.725204E-05  1.743635E-08  1.512581E-09  5.723704E-03  3.336173E-07  1.277152E-06  4.577387E-07  2.036352E-02  2.002873E-07  1.835945E-07  1.547566E-07  5.152572E-05  7.004183E-05  4.315386E-08  1.141118E-07  1.474013E-07  2.411442E-07
 3.311500E+02  6.365592E-01  5.581104E-04  7.340046E-08  9.791125E-08  1.093203E-07  1.323462E-07  2.968936E-01  2.289270E-04  4.147403E-07  3.985687E-02  1.708560E-05  1.668777E-08  1.486717E-09  5.631163E-03  3.188027E-07  1.223186E-06  4.416584E-07  2.013110E-02  1.930090E-07  1.784321E-07  1.503161E-07  5.090125E-05  6.919300E-05  4.119401E-08  1.086034E-07  1.403279E-07  2.313072E-07
 3.321500E+02  6.367248E-01  5.521749E-04  7.125222E-08  9.506734E-08  1.061502E-07  1.285363E-07  2.969431E-01  2.254655E-04  3.935721E-07  3.997218E-02  1.692073E-05  1.597413E-08  1.461327E-09  5.540736E-03  3.047371E-07  1.171835E-06  4.262475E-07  1.990230E-02  1.860282E-07  1.734438E-07  1.460278E-07  5.028679E-05  6.835781E-05  3.933209E-08  1.033900E-07  1.336313E-07  2.219247E-07
 3.331500E+02  6.368875E-01  5.463453E-04  6.918131E-08  9.232518E-08  1.030935E-07  1.248617E-07  2.969914E-01  2.220790E-04  3.736093E-07  4.008569E-02  1.675745E-05  1.529368E-08  1.436406E-09  5.452364E-03  2.913785E-07  1.122958E-06  4.114743E-07  1.967706E-02  1.793315E-07  1.686228E-07  1.418859E-07  4.968218E-05  6.753605E-05  3.756281E-08  9.845435E-08  1.272897E-07  2.129736E-07
 3.341500E+02  6.370473E-01  5.406189E-04  6.718450E-08  8.968055E-08  1.001453E-07  1.213169E-07  2.970387E-01  2.187655E-04  3.547769E-07  4.019744E-02  1.659577E-05  1.464478E-08  1.411946E-09  5.365990E-03  2.786873E-07  1.076423E-06  3.973087E-07  1.945532E-02  1.729063E-07  1.639629E-07  1.378846E-07  4.908725E-05  6.672748E-05  3.588122E-08  9.378038E-08  1.212826E-07  2.044320E-07
 3.351500E+02  6.372043E-01  5.349936E-04  6.525870E-08  8.712943E-08  9.730128E-08  1.178967E-07  2.970849E-01  2.155231E-04  3.370045E-07  4.030745E-02  1.643569E-05  1.402589E-08  1.387941E-09  5.281558E-03  2.666266E-07  1.032103E-06  3.837223E-07  1.923703E-02  1.667407E-07  1.594579E-07  1.340187E-07  4.850185E-05  6.593188E-05  3.428261E-08  8.935296E-08  1.155907E-07  1.962792E-07
 3.361500E+02  6.373586E-01  5.294670E-04  6.340099E-08  8.466797E-08  9.455705E-08  1.145958E-07  2.971301E-01  2.123500E-04  3.202269E-07  4.041576E-02  1.627721E-05  1.343552E-08  1.364384E-09  5.199015E-03  2.551615E-07  9.898817E-07  3.706882E-07  1.902212E-02  1.608231E-07  1.551020E-07  1.302828E-07  4.792580E-05  6.514902E-05  3.276257E-08  8.515792E-08  1.101960E-07  1.884956E-07
 3.371500E+02  6.375103E-01  5.240369E-04  6.160858E-08  8.229252E-08  9.190858E-08  1.114094E-07  2.971743E-01  2.092442E-04  3.043830E-07  4.052238E-02  1.612034E-05  1.287227E-08  1.341268E-09  5.118309E-03  2.442594E-07  9.496475E-07  3.581808E-07  1.881055E-02  1.551428E-07  1.508896E-07  1.266721E-07  4.735896E-05  6.437871E-05  3.131691E-08  8.118195E-08  1.050816E-07  1.810629E-07
 3.381500E+02  6.376592E-01  5.187013E-04  5.987880E-08  7.999958E-08  8.935199E-08  1.083330E-07  2.972175E-01  2.062041E-04  2.894157E-07  4.062735E-02  1.596508E-05  1.233482E-08  1.318586E-09  5.039390E-03  2.338893E-07  9.112958E-07  3.461758E-07  1.860226E-02  1.496893E-07  1.468153E-07  1.231817E-07  4.680117E-05  6.362071E-05  2.994171E-08  7.741258E-08  1.002315E-07  1.739635E-07
 3.391500E+02  6.378056E-01  5.134581E-04  5.820910E-08  7.778581E-08  8.688356E-08  1.053620E-07  2.972598E-01  2.032279E-04  2.752718E-07  4.073070E-02  1.581142E-05  1.182190E-08  1.296331E-09  4.962209E-03  2.240226E-07  8.747283E-07  3.346502E-07  1.839719E-02  1.444527E-07  1.428739E-07  1.198072E-07  4.625227E-05  6.287482E-05  2.863326E-08  7.383809E-08  9.563090E-08  1.671809E-07
 3.401500E+02  6.379495E-01  5.083051E-04  5.659705E-08  7.564804E-08  8.449976E-08  1.024924E-07  2.973012E-01  2.003140E-04  2.619017E-07  4.083245E-02  1.565938E-05  1.133232E-08  1.274497E-09  4.886718E-03  2.146319E-07  8.398521E-07  3.235822E-07  1.819529E-02  1.394236E-07  1.390605E-07  1.165440E-07  4.571212E-05  6.214084E-05  2.738804E-08  7.044747E-08  9.126574E-08  1.606994E-07
 3.411500E+02  6.380910E-01  5.032404E-04  5.504035E-08  7.358322E-08  8.219721E-08  9.971998E-08  2.973416E-01  1.974608E-04  2.492589E-07  4.093263E-02  1.550894E-05  1.086494E-08  1.253076E-09  4.812873E-03  2.056917E-07  8.065796E-07  3.129511E-07  1.799650E-02  1.345929E-07  1.353704E-07  1.133882E-07  4.518056E-05  6.141855E-05  2.620274E-08  6.723040E-08  8.712284E-08  1.545043E-07
 3.421500E+02  6.382299E-01  4.982622E-04  5.353678E-08  7.158846E-08  7.997268E-08  9.704101E-08  2.973812E-01  1.946667E-04  2.372998E-07  4.103127E-02  1.536010E-05  1.041869E-08  1.232061E-09  4.740629E-03  1.971780E-07  7.748283E-07  3.027371E-07  1.780079E-02  1.299522E-07  1.317991E-07  1.103356E-07  4.465744E-05  6.070776E-05  2.507425E-08  6.417717E-08  8.318985E-08  1.485815E-07
 3.431500E+02  6.383666E-01  4.933685E-04  5.208423E-08  6.966099E-08  7.782309E-08  9.445179E-08  2.974199E-01  1.919301E-04  2.259839E-07  4.112839E-02  1.521286E-05  9.992535E-09  1.211446E-09  4.669944E-03  1.890679E-07  7.445204E-07  2.929216E-07  1.760808E-02  1.254931E-07  1.283421E-07  1.073823E-07  4.414262E-05  6.000826E-05  2.399961E-08  6.127867E-08  7.945512E-08  1.429177E-07
 3.441500E+02  6.385009E-01  4.885575E-04  5.068068E-08  6.779816E-08  7.574550E-08  9.194880E-08  2.974578E-01  1.892497E-04  2.152731E-07  4.122401E-02  1.506722E-05  9.585518E-09  1.191223E-09  4.600775E-03  1.813403E-07  7.155822E-07  2.834867E-07  1.741834E-02  1.212079E-07  1.249953E-07  1.045248E-07  4.363596E-05  5.931987E-05  2.297603E-08  5.852631E-08  7.590773E-08  1.375005E-07
 3.451500E+02  6.386329E-01  4.838274E-04  4.932421E-08  6.599745E-08  7.373710E-08  8.952870E-08  2.974949E-01  1.866240E-04  2.051319E-07  4.131817E-02  1.492317E-05  9.196712E-09  1.171387E-09  4.533084E-03  1.739750E-07  6.879445E-07  2.744157E-07  1.723151E-02  1.170892E-07  1.217547E-07  1.017594E-07  4.313732E-05  5.864238E-05  2.200088E-08  5.591203E-08  7.253739E-08  1.323179E-07
 3.461500E+02  6.387627E-01  4.791765E-04  4.801297E-08  6.425642E-08  7.179518E-08  8.718827E-08  2.975313E-01  1.840516E-04  1.955269E-07  4.141088E-02  1.478070E-05  8.825244E-09  1.151930E-09  4.466830E-03  1.669530E-07  6.615417E-07  2.656925E-07  1.704754E-02  1.131298E-07  1.186164E-07  9.908282E-08  4.264655E-05  5.797562E-05  2.107167E-08  5.342826E-08  6.933442E-08  1.273587E-07
 3.471500E+02  6.388903E-01  4.746031E-04  4.674520E-08  6.257278E-08  6.991719E-08  8.492446E-08  2.975668E-01  1.815312E-04  1.864270E-07  4.150218E-02  1.463982E-05  8.470284E-09  1.132845E-09  4.401976E-03  1.602565E-07  6.363119E-07  2.573018E-07  1.686639E-02  1.093229E-07  1.155767E-07  9.649174E-08  4.216352E-05  5.731938E-05  2.018605E-08  5.106786E-08  6.628972E-08  1.226121E-07
 3.481500E+02  6.390158E-01  4.701056E-04  4.551923E-08  6.094432E-08  6.810067E-08  8.273433E-08  2.976016E-01  1.790615E-04  1.778029E-07  4.159208E-02  1.450050E-05  8.131044E-09  1.114125E-09  4.338486E-03  1.538686E-07  6.121967E-07  2.492291E-07  1.668801E-02  1.056622E-07  1.126322E-07  9.398305E-08  4.168810E-05  5.667349E-05  1.934181E-08  4.882413E-08  6.339471E-08  1.180680E-07
 3.491500E+02  6.391391E-01  4.656823E-04  4.433344E-08  5.936891E-08  6.634326E-08  8.061507E-08  2.976357E-01  1.766412E-04  1.696273E-07  4.168061E-02  1.436274E-05  7.806774E-09  1.095765E-09  4.276324E-03  1.477734E-07  5.891407E-07  2.414605E-07  1.651234E-02  1.021414E-07  1.097793E-07  9.155376E-08  4.122015E-05  5.603777E-05  1.853683E-08  4.669073E-08  6.064134E-08  1.137169E-07
 3.501500E+02  6.392604E-01  4.613317E-04  4.318629E-08  5.784455E-08  6.464271E-08  7.856400E-08  2.976691E-01  1.742690E-04  1.618744E-07  4.176779E-02  1.422654E-05  7.496765E-09  1.077757E-09  4.215456E-03  1.419560E-07  5.670917E-07  2.339831E-07  1.633936E-02  9.875455E-08  1.070148E-07  8.920098E-08  4.075954E-05  5.541204E-05  1.776913E-08  4.466173E-08  5.802201E-08  1.095496E-07
 3.511500E+02  6.393797E-01  4.570523E-04  4.207631E-08  5.636929E-08  6.299687E-08  7.657854E-08  2.977018E-01  1.719439E-04  1.545202E-07  4.185364E-02  1.409188E-05  7.200341E-09  1.060096E-09  4.155849E-03  1.364022E-07  5.460003E-07  2.267842E-07  1.616900E-02  9.549614E-08  1.043355E-07  8.692197E-08  4.030615E-05  5.479612E-05  1.703684E-08  4.273153E-08  5.552954E-08  1.055575E-07
 3.521500E+02  6.394970E-01  4.528426E-04  4.100210E-08  5.494128E-08  6.140368E-08  7.465625E-08  2.977338E-01  1.696647E-04  1.475420E-07  4.193820E-02  1.395876E-05  6.916860E-09  1.042774E-09  4.097469E-03  1.310987E-07  5.258198E-07  2.198520E-07  1.600122E-02  9.236075E-08  1.017386E-07  8.471406E-08  3.985985E-05  5.418984E-05  1.633816E-08  4.089484E-08  5.315721E-08  1.017323E-07
 3.531500E+02  6.396124E-01  4.487012E-04  3.996230E-08  5.355876E-08  5.986116E-08  7.279476E-08  2.977652E-01  1.674301E-04  1.409188E-07  4.202147E-02  1.382716E-05  6.645714E-09  1.025785E-09  4.040287E-03  1.260327E-07  5.065060E-07  2.131751E-07  1.583598E-02  8.934326E-08  9.922092E-08  8.257472E-08  3.942051E-05  5.359303E-05  1.567143E-08  3.914670E-08  5.089865E-08  9.806640E-08
 3.541500E+02  6.397259E-01  4.446265E-04  3.895563E-08  5.222001E-08  5.836744E-08  7.099182E-08  2.977959E-01  1.652392E-04  1.346305E-07  4.210349E-02  1.369708E-05  6.386322E-09  1.009123E-09  3.984271E-03  1.211925E-07  4.880169E-07  2.067428E-07  1.567325E-02  8.643876E-08  9.677983E-08  8.050150E-08  3.898801E-05  5.300553E-05  1.503505E-08  3.748242E-08  4.874787E-08  9.455233E-08
 3.551500E+02  6.398375E-01  4.406173E-04  3.798084E-08  5.092343E-08  5.692069E-08  6.924527E-08  2.978260E-01  1.630908E-04  1.286585E-07  4.218427E-02  1.356850E-05  6.138136E-09  9.927821E-10  3.929392E-03  1.165668E-07  4.703129E-07  2.005447E-07  1.551296E-02  8.364259E-08  9.441263E-08  7.849206E-08  3.856224E-05  5.242718E-05  1.442751E-08  3.589758E-08  4.669922E-08  9.118308E-08
 3.561500E+02  6.399473E-01  4.366723E-04  3.703676E-08  4.966745E-08  5.551919E-08  6.755303E-08  2.978556E-01  1.609840E-04  1.229853E-07  4.226383E-02  1.344141E-05  5.900632E-09  9.767557E-10  3.875621E-03  1.121448E-07  4.533566E-07  1.945711E-07  1.535509E-02  8.095026E-08  9.211674E-08  7.654414E-08  3.814307E-05  5.185780E-05  1.384739E-08  3.438802E-08  4.474737E-08  8.795202E-08
 3.571500E+02  6.400553E-01  4.327900E-04  3.612225E-08  4.845057E-08  5.416127E-08  6.591313E-08  2.978845E-01  1.589178E-04  1.175942E-07  4.234220E-02  1.331581E-05  5.673314E-09  9.610380E-10  3.822930E-03  1.079166E-07  4.371123E-07  1.888125E-07  1.519959E-02  7.835751E-08  8.988969E-08  7.465558E-08  3.773040E-05  5.129725E-05  1.329334E-08  3.294980E-08  4.288729E-08  8.485281E-08
 3.581500E+02  6.401615E-01  4.289692E-04  3.523622E-08  4.727138E-08  5.284535E-08  6.432366E-08  2.979128E-01  1.568911E-04  1.124700E-07  4.241939E-02  1.319167E-05  5.455708E-09  9.456229E-10  3.771294E-03  1.038727E-07  4.215465E-07  1.832602E-07  1.504642E-02  7.586027E-08  8.772909E-08  7.282429E-08  3.732409E-05  5.074536E-05  1.276407E-08  3.157923E-08  4.111423E-08  8.187946E-08
 3.591500E+02  6.402660E-01  4.252088E-04  3.437764E-08  4.612849E-08  5.156990E-08  6.278280E-08  2.979406E-01  1.549030E-04  1.075979E-07  4.249543E-02  1.306899E-05  5.247365E-09  9.305045E-10  3.720684E-03  1.000040E-07  4.066271E-07  1.779056E-07  1.489554E-02  7.345462E-08  8.563266E-08  7.104828E-08  3.692405E-05  5.020199E-05  1.225838E-08  3.027280E-08  3.942372E-08  7.902626E-08
 3.601500E+02  6.403689E-01  4.215074E-04  3.354550E-08  4.502060E-08  5.033345E-08  6.128879E-08  2.979679E-01  1.529526E-04  1.029642E-07  4.257034E-02  1.294776E-05  5.047860E-09  9.156772E-10  3.671077E-03  9.630197E-08  3.923238E-07  1.727406E-07  1.474691E-02  7.113684E-08  8.359821E-08  6.932562E-08  3.653017E-05  4.966698E-05  1.177511E-08  2.902720E-08  3.781152E-08  7.628779E-08
 3.611500E+02  6.404701E-01  4.178638E-04  3.273885E-08  4.394645E-08  4.913460E-08  5.983998E-08  2.979946E-01  1.510391E-04  9.855611E-08  4.264413E-02  1.282795E-05  4.856784E-09  9.011351E-10  3.622447E-03  9.275863E-08  3.786081E-07  1.677574E-07  1.460050E-02  6.890338E-08  8.162361E-08  6.765447E-08  3.614233E-05  4.914020E-05  1.131319E-08  2.783933E-08  3.627364E-08  7.365890E-08
 3.621500E+02  6.405696E-01  4.142770E-04  3.195677E-08  4.290483E-08  4.797201E-08  5.843473E-08  2.980207E-01  1.491615E-04  9.436142E-08  4.271682E-02  1.270957E-05  4.673753E-09  8.868727E-10  3.574770E-03  8.936632E-08  3.654527E-07  1.629488E-07  1.445626E-02  6.675083E-08  7.970684E-08  6.603305E-08  3.576043E-05  4.862148E-05  1.087158E-08  2.670623E-08  3.480630E-08  7.113469E-08
 3.631500E+02  6.406676E-01  4.107458E-04  3.119838E-08  4.189457E-08  4.684439E-08  5.707152E-08  2.980464E-01  1.473190E-04  9.036872E-08  4.278844E-02  1.259259E-05  4.498398E-09  8.728844E-10  3.528024E-03  8.611781E-08  3.528316E-07  1.583076E-07  1.431415E-02  6.467592E-08  7.784594E-08  6.445966E-08  3.538436E-05  4.811070E-05  1.044929E-08  2.562513E-08  3.340595E-08  6.871049E-08
 3.641500E+02  6.407640E-01  4.072691E-04  3.046284E-08  4.091457E-08  4.575050E-08  5.574885E-08  2.980716E-01  1.455108E-04  8.656725E-08  4.285899E-02  1.247701E-05  4.330371E-09  8.591648E-10  3.482185E-03  8.300624E-08  3.407205E-07  1.538271E-07  1.417415E-02  6.267554E-08  7.603902E-08  6.293265E-08  3.501402E-05  4.760771E-05  1.004541E-08  2.459339E-08  3.206919E-08  6.638188E-08
 3.651500E+02  6.408589E-01  4.038458E-04  2.974933E-08  3.996376E-08  4.468914E-08  5.446531E-08  2.980963E-01  1.437361E-04  8.294688E-08  4.292851E-02  1.236280E-05  4.169338E-09  8.457085E-10  3.437231E-03  8.002515E-08  3.290961E-07  1.495009E-07  1.403622E-02  6.074673E-08  7.428427E-08  6.145044E-08  3.464932E-05  4.711237E-05  9.659062E-09  2.360854E-08  3.079287E-08  6.414464E-08
 3.661500E+02  6.409523E-01  4.004749E-04  2.905708E-08  3.904112E-08  4.365919E-08  5.321953E-08  2.981205E-01  1.419941E-04  7.949804E-08  4.299700E-02  1.224996E-05  4.014984E-09  8.325104E-10  3.393142E-03  7.716836E-08  3.179362E-07  1.453230E-07  1.390031E-02  5.888661E-08  7.257995E-08  6.001152E-08  3.429015E-05  4.662455E-05  9.289402E-09  2.266821E-08  2.957395E-08  6.199475E-08
 3.671500E+02  6.410442E-01  3.971553E-04  2.838535E-08  3.814565E-08  4.265954E-08  5.201021E-08  2.981443E-01  1.402840E-04  7.621175E-08  4.306449E-02  1.213847E-05  3.867006E-09  8.195651E-10  3.349897E-03  7.443006E-08  3.072199E-07  1.412873E-07  1.376641E-02  5.709248E-08  7.092438E-08  5.861442E-08  3.393642E-05  4.614412E-05  8.935644E-09  2.177020E-08  2.840958E-08  5.992839E-08
 3.681500E+02  6.411347E-01  3.938860E-04  2.773342E-08  3.727643E-08  4.168914E-08  5.083607E-08  2.981676E-01  1.386052E-04  7.307952E-08  4.313099E-02  1.202832E-05  3.725119E-09  8.068676E-10  3.307475E-03  7.180472E-08  2.969272E-07  1.373884E-07  1.363446E-02  5.536172E-08  6.931595E-08  5.725773E-08  3.358802E-05  4.567094E-05  8.597037E-09  2.091239E-08  2.729708E-08  5.794193E-08
 3.691500E+02  6.412237E-01  3.906661E-04  2.710059E-08  3.643253E-08  4.074699E-08  4.969592E-08  2.981905E-01  1.369569E-04  7.009334E-08  4.319651E-02  1.191950E-05  3.589049E-09  7.944130E-10  3.265856E-03  6.928709E-08  2.870392E-07  1.336208E-07  1.350444E-02  5.369184E-08  6.775309E-08  5.594010E-08  3.324487E-05  4.520490E-05  8.272869E-09  2.009281E-08  2.623390E-08  5.603190E-08
 3.701500E+02  6.413114E-01  3.874946E-04  2.648621E-08  3.561309E-08  3.983210E-08  4.858859E-08  2.982129E-01  1.353384E-04  6.724567E-08  4.326109E-02  1.181198E-05  3.458537E-09  7.821963E-10  3.225023E-03  6.687220E-08  2.775379E-07  1.299795E-07  1.337632E-02  5.208044E-08  6.623431E-08  5.466023E-08  3.290688E-05  4.474586E-05  7.962464E-09  1.930957E-08  2.521760E-08  5.419501E-08
 3.711500E+02  6.413977E-01  3.843706E-04  2.588965E-08  3.481727E-08  3.894356E-08  4.751295E-08  2.982350E-01  1.337490E-04  6.452938E-08  4.332472E-02  1.170577E-05  3.333335E-09  7.702127E-10  3.184956E-03  6.455533E-08  2.684061E-07  1.264595E-07  1.325005E-02  5.052525E-08  6.475816E-08  5.341687E-08  3.257396E-05  4.429370E-05  7.665180E-09  1.856090E-08  2.424592E-08  5.242812E-08
 3.721500E+02  6.414826E-01  3.812931E-04  2.531029E-08  3.404427E-08  3.808046E-08  4.646795E-08  2.982566E-01  1.321881E-04  6.193775E-08  4.338743E-02  1.160083E-05  3.213208E-09  7.584574E-10  3.145637E-03  6.233199E-08  2.596277E-07  1.230562E-07  1.312562E-02  4.902406E-08  6.332326E-08  5.220880E-08  3.224600E-05  4.384830E-05  7.380407E-09  1.784510E-08  2.331668E-08  5.072822E-08
 3.731500E+02  6.415663E-01  3.782613E-04  2.474755E-08  3.329331E-08  3.724194E-08  4.545255E-08  2.982778E-01  1.306551E-04  5.946444E-08  4.344923E-02  1.149717E-05  3.097931E-09  7.469259E-10  3.107049E-03  6.019794E-08  2.511870E-07  1.197652E-07  1.300299E-02  4.757478E-08  6.192826E-08  5.103486E-08  3.192294E-05  4.340955E-05  7.107567E-09  1.716058E-08  2.242784E-08  4.909247E-08
