#         T/K            m1          m2-1          m3-1          m4-1          m5-1          m5-2          m6-2          m6-3          m6-4          m6-5          m6-7          m6-8
 2.731500E+02  1.716297E-03  4.382045E-04  1.207593E-03  9.531230E-02  1.170953E-01  3.675081E-01  1.469110E-01  6.859920E-02  4.217414E-02  5.621955E-02  2.010625E-02  8.271203E-02
 2.741500E+02  1.786563E-03  4.630484E-04  1.255097E-03  9.629476E-02  1.172408E-01  3.685035E-01  1.457321E-01  6.846092E-02  4.186598E-02  5.581846E-02  2.003593E-02  8.254285E-02
 2.751500E+02  1.859171E-03  4.891048E-04  1.304089E-03  9.727769E-02  1.173817E-01  3.694825E-01  1.445653E-01  6.832129E-02  4.156062E-02  5.542089E-02  1.996558E-02  8.237206E-02
 2.761500E+02  1.934167E-03  5.164199E-04  1.354599E-03  9.826081E-02  1.175179E-01  3.704450E-01  1.434107E-01  6.818040E-02  4.125807E-02  5.502685E-02  1.989524E-02  8.219980E-02
 2.771500E+02  2.011610E-03  5.450441E-04  1.406659E-03  9.924405E-02  1.176495E-01  3.713911E-01  1.422681E-01  6.803830E-02  4.095830E-02  5.463630E-02  1.982490E-02  8.202609E-02
 2.781500E+02  2.091560E-03  5.750291E-04  1.460304E-03  1.002273E-01  1.177765E-01  3.723209E-01  1.411373E-01  6.789499E-02  4.066127E-02  5.424920E-02  1.975457E-02  8.185095E-02
 2.791500E+02  2.174079E-03  6.064286E-04  1.515567E-03  1.012106E-01  1.178990E-01  3.732345E-01  1.400182E-01  6.775050E-02  4.036695E-02  5.386550E-02  1.968425E-02  8.167442E-02
 2.801500E+02  2.259227E-03  6.392974E-04  1.572484E-03  1.021937E-01  1.180170E-01  3.741319E-01  1.389106E-01  6.760484E-02  4.007530E-02  5.348517E-02  1.961395E-02  8.149652E-02
 2.811500E+02  2.347068E-03  6.736923E-04  1.631089E-03  1.031767E-01  1.181305E-01  3.750132E-01  1.378143E-01  6.745805E-02  3.978629E-02  5.310815E-02  1.954366E-02  8.131727E-02
 2.821500E+02  2.437666E-03  7.096718E-04  1.691418E-03  1.041595E-01  1.182396E-01  3.758785E-01  1.367292E-01  6.731013E-02  3.949987E-02  5.273441E-02  1.947340E-02  8.113669E-02
 2.831500E+02  2.531085E-03  7.472960E-04  1.753507E-03  1.051419E-01  1.183443E-01  3.767279E-01  1.356550E-01  6.716111E-02  3.921602E-02  5.236389E-02  1.940315E-02  8.095480E-02
 2.841500E+02  2.627392E-03  7.866268E-04  1.817391E-03  1.061240E-01  1.184447E-01  3.775615E-01  1.345916E-01  6.701099E-02  3.893470E-02  5.199657E-02  1.933293E-02  8.077162E-02
 2.851500E+02  2.726653E-03  8.277280E-04  1.883107E-03  1.071056E-01  1.185408E-01  3.783792E-01  1.335389E-01  6.685980E-02  3.865587E-02  5.163238E-02  1.926273E-02  8.058717E-02
 2.861500E+02  2.828936E-03  8.706650E-04  1.950692E-03  1.080867E-01  1.186326E-01  3.791813E-01  1.324967E-01  6.670754E-02  3.837950E-02  5.127130E-02  1.919256E-02  8.040147E-02
 2.871500E+02  2.934311E-03  9.155053E-04  2.020184E-03  1.090673E-01  1.187202E-01  3.799677E-01  1.314648E-01  6.655424E-02  3.810555E-02  5.091328E-02  1.912242E-02  8.021453E-02
 2.881500E+02  3.042848E-03  9.623183E-04  2.091619E-03  1.100472E-01  1.188035E-01  3.807386E-01  1.304431E-01  6.639990E-02  3.783399E-02  5.055828E-02  1.905231E-02  8.002636E-02
 2.891500E+02  3.154617E-03  1.011175E-03  2.165036E-03  1.110263E-01  1.188827E-01  3.814940E-01  1.294314E-01  6.624454E-02  3.756479E-02  5.020625E-02  1.898223E-02  7.983699E-02
 2.901500E+02  3.269692E-03  1.062149E-03  2.240473E-03  1.120048E-01  1.189577E-01  3.822339E-01  1.284295E-01  6.608816E-02  3.729791E-02  4.985715E-02  1.891217E-02  7.964642E-02
 2.911500E+02  3.388145E-03  1.115316E-03  2.317968E-03  1.129823E-01  1.190286E-01  3.829584E-01  1.274374E-01  6.593077E-02  3.703332E-02  4.951095E-02  1.884215E-02  7.945466E-02
 2.921500E+02  3.510051E-03  1.170753E-03  2.397562E-03  1.139590E-01  1.190954E-01  3.836676E-01  1.264548E-01  6.577239E-02  3.677099E-02  4.916759E-02  1.877215E-02  7.926172E-02
 2.931500E+02  3.635486E-03  1.228539E-03  2.479292E-03  1.149347E-01  1.191581E-01  3.843615E-01  1.254816E-01  6.561302E-02  3.651087E-02  4.882704E-02  1.870218E-02  7.906762E-02
 2.941500E+02  3.764526E-03  1.288756E-03  2.563199E-03  1.159094E-01  1.192168E-01  3.850401E-01  1.245177E-01  6.545267E-02  3.625295E-02  4.848925E-02  1.863224E-02  7.887235E-02
 2.951500E+02  3.897251E-03  1.351487E-03  2.649323E-03  1.168830E-01  1.192715E-01  3.857036E-01  1.235629E-01  6.529134E-02  3.599718E-02  4.815420E-02  1.856233E-02  7.867594E-02
 2.961500E+02  4.033738E-03  1.416820E-03  2.737704E-03  1.178554E-01  1.193222E-01  3.863519E-01  1.226170E-01  6.512904E-02  3.574353E-02  4.782182E-02  1.849245E-02  7.847838E-02
 2.971500E+02  4.174069E-03  1.484841E-03  2.828383E-03  1.188266E-01  1.193690E-01  3.869851E-01  1.216800E-01  6.496578E-02  3.549197E-02  4.749209E-02  1.842259E-02  7.827967E-02
 2.981500E+02  4.318326E-03  1.555643E-03  2.921401E-03  1.197966E-01  1.194117E-01  3.876032E-01  1.207516E-01  6.480155E-02  3.524247E-02  4.716497E-02  1.835275E-02  7.807984E-02
 2.991500E+02  4.466590E-03  1.629317E-03  3.016799E-03  1.207652E-01  1.194506E-01  3.882063E-01  1.198317E-01  6.463636E-02  3.499499E-02  4.684040E-02  1.828294E-02  7.787886E-02
 3.001500E+02  4.618948E-03  1.705959E-03  3.114619E-03  1.217324E-01  1.194855E-01  3.887943E-01  1.189203E-01  6.447021E-02  3.474951E-02  4.651837E-02  1.821315E-02  7.767676E-02
 3.011500E+02  4.775484E-03  1.785666E-03  3.214903E-03  1.226981E-01  1.195165E-01  3.893674E-01  1.180171E-01  6.430311E-02  3.450598E-02  4.619881E-02  1.814338E-02  7.747353E-02
 3.021500E+02  4.936285E-03  1.868540E-03  3.317694E-03  1.236623E-01  1.195437E-01  3.899256E-01  1.171220E-01  6.413505E-02  3.426439E-02  4.588170E-02  1.807362E-02  7.726917E-02
 3.031500E+02  5.101440E-03  1.954682E-03  3.423033E-03  1.246249E-01  1.195670E-01  3.904688E-01  1.162349E-01  6.396604E-02  3.402470E-02  4.556700E-02  1.800388E-02  7.706368E-02
 3.041500E+02  5.271038E-03  2.044199E-03  3.530965E-03  1.255858E-01  1.195865E-01  3.909971E-01  1.153556E-01  6.379606E-02  3.378688E-02  4.525466E-02  1.793415E-02  7.685706E-02
 3.051500E+02  5.445170E-03  2.137198E-03  3.641533E-03  1.265450E-01  1.196021E-01  3.915105E-01  1.144841E-01  6.362513E-02  3.355089E-02  4.494465E-02  1.786443E-02  7.664930E-02
 3.061500E+02  5.623930E-03  2.233790E-03  3.754779E-03  1.275025E-01  1.196139E-01  3.920090E-01  1.136201E-01  6.345324E-02  3.331672E-02  4.463693E-02  1.779472E-02  7.644041E-02
 3.071500E+02  5.807411E-03  2.334088E-03  3.870749E-03  1.284581E-01  1.196218E-01  3.924926E-01  1.127636E-01  6.328038E-02  3.308431E-02  4.433145E-02  1.772501E-02  7.623038E-02
 3.081500E+02  5.995709E-03  2.438208E-03  3.989486E-03  1.294118E-01  1.196260E-01  3.929614E-01  1.119144E-01  6.310655E-02  3.285366E-02  4.402820E-02  1.765530E-02  7.601920E-02
 3.091500E+02  6.188920E-03  2.546269E-03  4.111034E-03  1.303636E-01  1.196264E-01  3.934153E-01  1.110724E-01  6.293176E-02  3.262472E-02  4.372711E-02  1.758559E-02  7.580688E-02
 3.101500E+02  6.387144E-03  2.658394E-03  4.235440E-03  1.313133E-01  1.196230E-01  3.938543E-01  1.102375E-01  6.275598E-02  3.239746E-02  4.342816E-02  1.751587E-02  7.559339E-02
 3.111500E+02  6.590480E-03  2.774706E-03  4.362747E-03  1.322610E-01  1.196158E-01  3.942784E-01  1.094096E-01  6.257922E-02  3.217187E-02  4.313132E-02  1.744614E-02  7.537874E-02
 3.121500E+02  6.799031E-03  2.895333E-03  4.493002E-03  1.332065E-01  1.196048E-01  3.946877E-01  1.085884E-01  6.240146E-02  3.194790E-02  4.283653E-02  1.737640E-02  7.516292E-02
 3.131500E+02  7.012901E-03  3.020407E-03  4.626250E-03  1.341498E-01  1.195901E-01  3.950820E-01  1.077740E-01  6.222271E-02  3.172553E-02  4.254377E-02  1.730664E-02  7.494592E-02
 3.141500E+02  7.232194E-03  3.150061E-03  4.762536E-03  1.350908E-01  1.195716E-01  3.954615E-01  1.069661E-01  6.204296E-02  3.150473E-02  4.225300E-02  1.723686E-02  7.472773E-02
 3.151500E+02  7.457017E-03  3.284432E-03  4.901908E-03  1.360295E-01  1.195493E-01  3.958260E-01  1.061647E-01  6.186218E-02  3.128547E-02  4.196418E-02  1.716705E-02  7.450834E-02
 3.161500E+02  7.687479E-03  3.423659E-03  5.044412E-03  1.369658E-01  1.195232E-01  3.961755E-01  1.053696E-01  6.168039E-02  3.106772E-02  4.167728E-02  1.709721E-02  7.428773E-02
 3.171500E+02  7.923692E-03  3.567887E-03  5.190095E-03  1.378996E-01  1.194934E-01  3.965100E-01  1.045808E-01  6.149756E-02  3.085145E-02  4.139226E-02  1.702734E-02  7.406590E-02
 3.181500E+02  8.165767E-03  3.717261E-03  5.339004E-03  1.388309E-01  1.194598E-01  3.968296E-01  1.037980E-01  6.131369E-02  3.063665E-02  4.110908E-02  1.695743E-02  7.384283E-02
 3.191500E+02  8.413819E-03  3.871933E-03  5.491186E-03  1.397596E-01  1.194224E-01  3.971340E-01  1.030213E-01  6.112876E-02  3.042327E-02  4.082771E-02  1.688748E-02  7.361852E-02
 3.201500E+02  8.667965E-03  4.032054E-03  5.646689E-03  1.406857E-01  1.193812E-01  3.974234E-01  1.022504E-01  6.094277E-02  3.021129E-02  4.054811E-02  1.681747E-02  7.339294E-02
 3.211500E+02  8.928322E-03  4.197783E-03  5.805561E-03  1.416090E-01  1.193363E-01  3.976977E-01  1.014853E-01  6.075570E-02  3.000068E-02  4.027025E-02  1.674742E-02  7.316608E-02
 3.221500E+02  9.195012E-03  4.369279E-03  5.967849E-03  1.425295E-01  1.192875E-01  3.979567E-01  1.007259E-01  6.056754E-02  2.979142E-02  3.999409E-02  1.667730E-02  7.293793E-02
 3.231500E+02  9.468279E-03  4.546750E-03  6.133644E-03  1.434477E-01  1.192350E-01  3.982007E-01  9.997167E-02  6.037810E-02  2.958339E-02  3.971950E-02  1.660708E-02  7.270826E-02
 3.241500E+02  9.748012E-03  4.730281E-03  6.302915E-03  1.443624E-01  1.191786E-01  3.984292E-01  9.922319E-02  6.018771E-02  2.937673E-02  3.944664E-02  1.653683E-02  7.247746E-02
 3.251500E+02  1.003445E-02  4.920082E-03  6.475750E-03  1.452742E-01  1.191184E-01  3.986424E-01  9.848003E-02  5.999618E-02  2.917134E-02  3.917537E-02  1.646650E-02  7.224531E-02
 3.261500E+02  1.032773E-02  5.116329E-03  6.652196E-03  1.461829E-01  1.190543E-01  3.988402E-01  9.774209E-02  5.980351E-02  2.896719E-02  3.890568E-02  1.639609E-02  7.201180E-02
 3.271500E+02  1.062798E-02  5.319201E-03  6.832304E-03  1.470884E-01  1.189864E-01  3.990225E-01  9.700927E-02  5.960967E-02  2.876424E-02  3.863751E-02  1.632560E-02  7.177691E-02
 3.281500E+02  1.093533E-02  5.528881E-03  7.016124E-03  1.479908E-01  1.189146E-01  3.991892E-01  9.628145E-02  5.941465E-02  2.856249E-02  3.837085E-02  1.625502E-02  7.154061E-02
 3.291500E+02  1.124992E-02  5.745556E-03  7.203704E-03  1.488898E-01  1.188389E-01  3.993403E-01  9.555853E-02  5.921843E-02  2.836189E-02  3.810564E-02  1.618434E-02  7.130289E-02
 3.301500E+02  1.157188E-02  5.969417E-03  7.395096E-03  1.497855E-01  1.187593E-01  3.994757E-01  9.484041E-02  5.902100E-02  2.816242E-02  3.784187E-02  1.611355E-02  7.106373E-02
 3.311500E+02  1.190137E-02  6.200659E-03  7.590349E-03  1.506778E-01  1.186758E-01  3.995953E-01  9.412699E-02  5.882234E-02  2.796406E-02  3.757949E-02  1.604266E-02  7.082310E-02
 3.321500E+02  1.223852E-02  6.439483E-03  7.789513E-03  1.515666E-01  1.185884E-01  3.996991E-01  9.341816E-02  5.862242E-02  2.776678E-02  3.731848E-02  1.597164E-02  7.058099E-02
 3.331500E+02  1.258349E-02  6.686090E-03  7.992639E-03  1.524518E-01  1.184970E-01  3.997868E-01  9.271382E-02  5.842124E-02  2.757056E-02  3.705880E-02  1.590051E-02  7.033736E-02
 3.341500E+02  1.293641E-02  6.940691E-03  8.199779E-03  1.533333E-01  1.184015E-01  3.998584E-01  9.201388E-02  5.821876E-02  2.737536E-02  3.680042E-02  1.582925E-02  7.009221E-02
 3.351500E+02  1.329746E-02  7.203496E-03  8.410982E-03  1.542110E-01  1.183021E-01  3.999139E-01  9.131824E-02  5.801498E-02  2.718118E-02  3.654330E-02  1.575785E-02  6.984549E-02
 3.361500E+02  1.366677E-02  7.474724E-03  8.626301E-03  1.550850E-01  1.181986E-01  3.999531E-01  9.062680E-02  5.780987E-02  2.698797E-02  3.628742E-02  1.568631E-02  6.959719E-02
 3.371500E+02  1.404451E-02  7.754596E-03  8.845786E-03  1.559550E-01  1.180911E-01  3.999758E-01  8.993945E-02  5.760340E-02  2.679572E-02  3.603274E-02  1.561461E-02  6.934728E-02
 3.381500E+02  9.976908E-01  2.297686E-03  1.070502E-05  7.648196E-07  2.377449E-09  8.060192E-09  7.431784E-12  4.778961E-12  2.215178E-12  2.979107E-12  1.294147E-12  5.753159E-12
 3.391500E+02  9.977248E-01  2.264330E-03  1.018122E-05  6.965360E-07  2.100207E-09  7.127075E-09  6.366856E-12  4.110530E-12  1.898627E-12  2.553656E-12  1.112032E-12  4.948373E-12
 3.401500E+02  9.977580E-01  2.231678E-03  9.686124E-06  6.347172E-07  1.856727E-09  6.306812E-09  5.459784E-12  3.538921E-12  1.628875E-12  2.191067E-12  9.564491E-13  4.260172E-12
 3.411500E+02  9.977905E-01  2.199713E-03  9.218010E-06  5.787179E-07  1.642730E-09  5.585194E-09  4.686415E-12  3.049642E-12  1.398781E-12  1.881751E-12  8.234060E-13  3.671107E-12
 3.421500E+02  9.978223E-01  2.168417E-03  8.775259E-06  5.279603E-07  1.454500E-09  4.949866E-09  4.026403E-12  2.630440E-12  1.202324E-12  1.617627E-12  7.095287E-13  3.166419E-12
 3.431500E+02  9.978534E-01  2.137772E-03  8.356359E-06  4.819270E-07  1.288806E-09  4.390082E-09  3.462592E-12  2.270941E-12  1.034427E-12  1.391876E-12  6.119645E-13  2.733617E-12
 3.441500E+02  9.978838E-01  2.107761E-03  7.959898E-06  4.401541E-07  1.142839E-09  3.896485E-09  2.980502E-12  1.962356E-12  8.908014E-13  1.198741E-12  5.282984E-13  2.362117E-12
 3.451500E+02  9.979136E-01  2.078369E-03  7.584553E-06  4.022254E-07  1.014152E-09  3.460921E-09  2.567900E-12  1.697230E-12  7.678233E-13  1.033354E-12  4.564841E-13  2.042943E-12
 3.461500E+02  9.979428E-01  2.049578E-03  7.229086E-06  3.677677E-07  9.006148E-10  3.076281E-09  2.214439E-12  1.469235E-12  6.624262E-13  8.915964E-13  3.947861E-13  1.768475E-12
 3.471500E+02  9.979714E-01  2.021375E-03  6.892338E-06  3.364455E-07  8.003690E-10  2.736360E-09  1.911362E-12  1.272993E-12  5.720132E-13  7.699804E-13  3.417312E-13  1.532236E-12
 3.481500E+02  9.979994E-01  1.993744E-03  6.573223E-06  3.079577E-07  7.117932E-10  2.435738E-09  1.651248E-12  1.103930E-12  4.943832E-13  6.655485E-13  2.960674E-13  1.328720E-12
 3.491500E+02  9.980268E-01  1.966670E-03  6.270725E-06  2.820334E-07  6.334717E-10  2.169678E-09  1.427804E-12  9.581533E-13  4.276682E-13  5.757913E-13  2.567298E-13  1.153238E-12
 3.501500E+02  9.980536E-01  1.940140E-03  5.983890E-06  2.584288E-07  5.641670E-10  1.934038E-09  1.235687E-12  8.323437E-13  3.702820E-13  4.985773E-13  2.228121E-13  1.001795E-12
 3.511500E+02  9.980799E-01  1.914140E-03  5.711824E-06  2.369248E-07  5.027969E-10  1.725189E-09  1.070356E-12  7.236717E-13  3.208760E-13  4.320945E-13  1.935417E-13  8.709836E-13
 3.521500E+02  9.981057E-01  1.888656E-03  5.453688E-06  2.173238E-07  4.484142E-10  1.539956E-09  9.279510E-13  6.297214E-13  2.783029E-13  3.748007E-13  1.682598E-13  7.578952E-13
 3.531500E+02  9.981309E-01  1.863676E-03  5.208696E-06  1.994479E-07  4.001892E-10  1.375551E-09  8.051848E-13  5.484286E-13  2.415855E-13  3.253827E-13  1.464041E-13  6.600444E-13
 3.541500E+02  9.981557E-01  1.839188E-03  4.976109E-06  1.831364E-07  3.573947E-10  1.229532E-09  6.992566E-13  4.780282E-13  2.098907E-13  2.827206E-13  1.274941E-13  5.753061E-13
 3.551500E+02  9.981799E-01  1.815178E-03  4.755234E-06  1.682447E-07  3.193928E-10  1.099753E-09  6.077781E-13  4.170092E-13  1.825081E-13  2.458593E-13  1.111188E-13  5.018610E-13
 3.561500E+02  9.982037E-01  1.791637E-03  4.545420E-06  1.546421E-07  2.856234E-10  9.843278E-10  5.287103E-13  3.640770E-13  1.588306E-13  2.139827E-13  9.692658E-14  4.381508E-13
 3.571500E+02  9.982270E-01  1.768552E-03  4.346055E-06  1.422105E-07  2.555947E-10  8.816001E-10  4.603113E-13  3.181219E-13  1.383395E-13  1.863934E-13  8.461608E-14  3.828392E-13
 3.581500E+02  9.982498E-01  1.745911E-03  4.156564E-06  1.308433E-07  2.288740E-10  7.901111E-10  4.010917E-13  2.781913E-13  1.205911E-13  1.624947E-13  7.392896E-14  3.347795E-13
 3.591500E+02  9.982722E-01  1.723705E-03  3.976408E-06  1.204441E-07  2.050811E-10  7.085770E-10  3.497767E-13  2.434670E-13  1.052055E-13  1.417757E-13  6.464353E-14  2.929869E-13
 3.601500E+02  9.982942E-01  1.701924E-03  3.805077E-06  1.109255E-07  1.838810E-10  6.358665E-10  3.052743E-13  2.132458E-13  9.185716E-14  1.237984E-13  5.656937E-14  2.566145E-13
 3.611500E+02  9.983157E-01  1.680556E-03  3.642093E-06  1.022088E-07  1.649787E-10  5.709820E-10  2.666483E-13  1.869226E-13  8.026673E-14  1.081873E-13  4.954280E-14  2.249341E-13
 3.621500E+02  9.983368E-01  1.659592E-03  3.487007E-06  9.422229E-08  1.481140E-10  5.130435E-10  2.330954E-13  1.639764E-13  7.019456E-14  9.461990E-14  4.342300E-14  1.973183E-13
 3.631500E+02  9.983576E-01  1.639022E-03  3.339396E-06  8.690126E-08  1.330575E-10  4.612740E-10  2.039257E-13  1.439581E-13  6.143470E-14  8.281917E-14  3.808872E-14  1.732267E-13
 3.641500E+02  9.983779E-01  1.618837E-03  3.198860E-06  8.018697E-08  1.196067E-10  4.149871E-10  1.785463E-13  1.264804E-13  5.381007E-14  7.254685E-14  3.343547E-14  1.521930E-13
 3.651500E+02  9.983978E-01  1.599029E-03  3.065024E-06  7.402615E-08  1.075826E-10  3.735757E-10  1.564471E-13  1.112090E-13  4.716830E-14  6.359789E-14  2.937312E-14  1.338149E-13
 3.661500E+02  9.984174E-01  1.579587E-03  2.937535E-06  6.837044E-08  9.682708E-11  3.365031E-10  1.371890E-13  9.785520E-14  4.137812E-14  5.579569E-14  2.582390E-14  1.177447E-13
 3.671500E+02  9.984366E-01  1.560505E-03  2.816058E-06  6.317597E-08  8.720025E-11  3.032938E-10  1.203935E-13  8.616920E-14  3.632642E-14  4.898798E-14  2.272059E-14  1.036818E-13
 3.681500E+02  9.984555E-01  1.541772E-03  2.700280E-06  5.840286E-08  7.857829E-11  2.735268E-10  1.057344E-13  7.593498E-14  3.191560E-14  4.304341E-14  2.000512E-14  9.136612E-14
 3.691500E+02  9.984740E-01  1.523382E-03  2.589905E-06  5.401487E-08  7.085151E-11  2.468290E-10  9.293012E-14  6.696544E-14  2.806139E-14  3.784856E-14  1.762720E-14  8.057253E-14
 3.701500E+02  9.984921E-01  1.505327E-03  2.484652E-06  4.997904E-08  6.392272E-11  2.228692E-10  8.173740E-14  5.909844E-14  2.469099E-14  3.330543E-14  1.554333E-14  7.110585E-14
 3.711500E+02  9.985100E-01  1.487598E-03  2.384259E-06  4.626540E-08  5.770572E-11  2.013537E-10  7.194598E-14  5.219334E-14  2.174145E-14  2.932925E-14  1.371578E-14  6.279679E-14
 3.721500E+02  9.985275E-01  1.470188E-03  2.288475E-06  4.284666E-08  5.212401E-11  1.820215E-10  6.337401E-14  4.612808E-14  1.915827E-14  2.584667E-14  1.211183E-14  5.549846E-14
 3.731500E+02  9.985447E-01  1.453091E-03  2.197067E-06  3.969797E-08  4.710968E-11  1.646407E-10  5.586401E-14  4.079665E-14  1.689427E-14  2.279414E-14  1.070311E-14  4.908324E-14
 3.741500E+02  9.985616E-01  1.436298E-03  2.109813E-06  3.679669E-08  4.260237E-11  1.490051E-10  4.927956E-14  3.610687E-14  1.490855E-14  2.011660E-14  9.464947E-15  4.344019E-14
 3.751500E+02  9.985781E-01  1.419804E-03  2.026502E-06  3.412219E-08  3.854843E-11  1.349312E-10  4.350235E-14  3.197857E-14  1.316563E-14  1.776626E-14  8.375909E-15  3.847283E-14
 3.761500E+02  9.985944E-01  1.403601E-03  1.946937E-06  3.165565E-08  3.490011E-11  1.222557E-10  3.842972E-14  2.834193E-14  1.163472E-14  1.570163E-14  7.417351E-15  3.409713E-14
 3.771500E+02  9.986104E-01  1.387684E-03  1.870931E-06  2.937988E-08  3.161493E-11  1.108331E-10  3.397255E-14  2.513615E-14  1.028905E-14  1.388669E-14  6.573042E-15  3.023992E-14
 3.781500E+02  9.986261E-01  1.372045E-03  1.798306E-06  2.727923E-08  2.865503E-11  1.005336E-10  3.005334E-14  2.230821E-14  9.105371E-15  1.229010E-14  5.828843E-15  2.683736E-14
 3.791500E+02  9.986416E-01  1.356678E-03  1.728896E-06  2.533938E-08  2.598669E-11  9.124154E-11  2.660472E-14  1.981184E-14  8.063441E-15  1.088459E-14  5.172425E-15  2.383380E-14
 3.801500E+02  9.986567E-01  1.341578E-03  1.662542E-06  2.354724E-08  2.357982E-11  8.285365E-11  2.356804E-14  1.760665E-14  7.145642E-15  9.646437E-15  4.593033E-15  2.118062E-14
 3.811500E+02  9.986716E-01  1.326739E-03  1.599094E-06  2.189086E-08  2.140758E-11  7.527773E-11  2.089224E-14  1.565734E-14  6.336622E-15  8.554942E-15  4.081278E-15  1.883534E-14
 3.821500E+02  9.986863E-01  1.312155E-03  1.538411E-06  2.035931E-08  1.944600E-11  6.843137E-11  1.853279E-14  1.393307E-14  5.622996E-15  7.592073E-15  3.628956E-15  1.676083E-14
 3.831500E+02  9.987007E-01  1.297820E-03  1.480359E-06  1.894259E-08  1.767368E-11  6.224094E-11  1.645085E-14  1.240681E-14  4.993082E-15  6.742090E-15  3.228895E-15  1.492460E-14
 3.841500E+02  9.987148E-01  1.283730E-03  1.424811E-06  1.763154E-08  1.607146E-11  5.664052E-11  1.461254E-14  1.105494E-14  4.436684E-15  5.991246E-15  2.874819E-15  1.329818E-14
 3.851500E+02  9.987287E-01  1.269878E-03  1.371645E-06  1.641778E-08  1.462225E-11  5.157115E-11  1.298824E-14  9.856735E-15  3.944888E-15  5.327532E-15  2.561234E-15  1.185667E-14
 3.861500E+02  9.987424E-01  1.256260E-03  1.320750E-06  1.529363E-08  1.331071E-11  4.698000E-11  1.155207E-14  8.794031E-15  3.509903E-15  4.740444E-15  2.283326E-15  1.057818E-14
 3.871500E+02  9.987558E-01  1.242871E-03  1.272016E-06  1.425205E-08  1.212313E-11  4.281975E-11  1.028140E-14  7.850892E-15  3.124911E-15  4.220790E-15  2.036874E-15  9.443562E-15
 3.881500E+02  9.987691E-01  1.229705E-03  1.225340E-06  1.328658E-08  1.104722E-11  3.904796E-11  9.156415E-15  7.013324E-15  2.783941E-15  3.760522E-15  1.818177E-15  8.435959E-15
 3.891500E+02  9.987820E-01  1.216759E-03  1.180627E-06  1.239131E-08  1.007197E-11  3.562657E-11  8.159754E-15  6.269034E-15  2.481761E-15  3.352585E-15  1.623983E-15  7.540583E-15
 3.901500E+02  9.987948E-01  1.204027E-03  1.137784E-06  1.156079E-08  9.187499E-12  3.252141E-11  7.276205E-15  5.607213E-15  2.213784E-15  2.990797E-15  1.451437E-15  6.744427E-15
 3.911500E+02  9.988074E-01  1.191505E-03  1.096724E-06  1.079005E-08  8.384933E-12  2.970179E-11  6.492425E-15  5.018351E-15  1.975987E-15  2.669728E-15  1.298028E-15  6.036050E-15
 3.921500E+02  9.988197E-01  1.179189E-03  1.057364E-06  1.007450E-08  7.656316E-12  2.714015E-11  5.796703E-15  4.494077E-15  1.764835E-15  2.384615E-15  1.161548E-15  5.405380E-15
 3.931500E+02  9.988319E-01  1.167074E-03  1.019625E-06  9.409923E-09  6.994494E-12  2.481169E-11  5.178751E-15  4.027017E-15  1.577224E-15  2.131269E-15  1.040052E-15  4.843542E-15
 3.941500E+02  9.988439E-01  1.155156E-03  9.834323E-07  8.792458E-09  6.393039E-12  2.269413E-11  4.629530E-15  3.610671E-15  1.410423E-15  1.906011E-15  9.318290E-16  4.342715E-15
 3.951500E+02  9.988556E-01  1.143432E-03  9.487160E-07  8.218544E-09  5.846168E-12  2.076740E-11  4.141090E-15  3.239305E-15  1.262033E-15  1.705600E-15  8.353689E-16  3.896002E-15
 3.961500E+02  9.988672E-01  1.131896E-03  9.154084E-07  7.684906E-09  5.348679E-12  1.901343E-11  3.706432E-15  2.907857E-15  1.129939E-15  1.527185E-15  7.493408E-16  3.497312E-15
 3.971500E+02  9.988786E-01  1.120546E-03  8.834455E-07  7.188530E-09  4.895888E-12  1.741594E-11  3.319398E-15  2.611860E-15  1.012279E-15  1.368255E-15  6.725700E-16  3.141270E-15
 3.981500E+02  9.988898E-01  1.109377E-03  8.527666E-07  6.726642E-09  4.483575E-12  1.596025E-11  2.974557E-15  2.347363E-15  9.074122E-16  1.226596E-15  6.040191E-16  2.823121E-15
 3.991500E+02  9.989008E-01  1.098386E-03  8.233140E-07  6.296686E-09  4.107939E-12  1.463315E-11  2.667123E-15  2.110873E-15  8.138904E-16  1.100253E-15  5.427714E-16  2.538666E-15
