#         T/K            c1          c2-1          c3-4          c3-5          c3-7          c3-9            m1          m2-1          m3-1            w1            w2          w3-1          w3-2          c1m1        c1m2-1        c1m2-7        c2m1-1        c1w1-2        c1w2-1        c2w1-1        c2w1-9        m1w1-1        m1w1-4        m1w2-1        m2w1-1        m2w1-3      c1m1w1-1
 2.731500E+02  1.168822E-01  4.375678E-05  4.337101E-09  5.692550E-09  6.333414E-09  7.551808E-09  5.913189E-01  2.846308E-03  1.478773E-04  2.166304E-01  1.558649E-03  1.140623E-04  1.600415E-06  6.999053E-03  6.403902E-06  2.101324E-05  4.225509E-07  5.910591E-02  2.337343E-05  3.395536E-07  2.981640E-07  1.675000E-03  2.280127E-03  1.026223E-04  1.014254E-04  1.284567E-04  1.174039E-05
 2.741500E+02  1.174284E-01  4.335923E-05  4.189000E-09  5.500026E-09  6.119672E-09  7.299249E-09  5.915268E-01  2.779370E-03  1.365718E-04  2.171906E-01  1.529526E-03  1.062257E-04  1.548380E-06  6.851476E-03  5.999614E-06  1.975040E-05  4.030111E-07  5.816428E-02  2.209767E-05  3.267407E-07  2.866654E-07  1.640463E-03  2.232971E-03  9.535590E-05  9.397546E-05  1.190686E-04  1.104301E-05
 2.751500E+02  1.179642E-01  4.296318E-05  4.046353E-09  5.314520E-09  5.913705E-09  7.055789E-09  5.917275E-01  2.714507E-03  1.262069E-04  2.177392E-01  1.501063E-03  9.896993E-05  1.498288E-06  6.707716E-03  5.623341E-06  1.857127E-05  3.844726E-07  5.723963E-02  2.089790E-05  3.144601E-07  2.756548E-07  1.606843E-03  2.187073E-03  8.864688E-05  8.711993E-05  1.104262E-04  1.039097E-05
 2.761500E+02  1.184897E-01  4.256880E-05  3.908958E-09  5.135777E-09  5.715230E-09  6.821103E-09  5.919214E-01  2.651643E-03  1.166984E-04  2.182763E-01  1.473247E-03  9.224922E-05  1.450059E-06  6.567666E-03  5.272986E-06  1.746982E-05  3.668802E-07  5.633171E-02  1.976927E-05  3.026886E-07  2.651103E-07  1.574111E-03  2.142394E-03  8.244948E-05  8.080796E-05  1.024660E-04  9.781093E-06
 2.771500E+02  1.190050E-01  4.217625E-05  3.776621E-09  4.963549E-09  5.523973E-09  6.594873E-09  5.921087E-01  2.590706E-03  1.079703E-04  2.188022E-01  1.446061E-03  8.602147E-05  1.403619E-06  6.431223E-03  4.946621E-06  1.644053E-05  3.501819E-07  5.544031E-02  1.870727E-05  2.914040E-07  2.550113E-07  1.542241E-03  2.098898E-03  7.672193E-05  7.499327E-05  9.513014E-05  9.210446E-06
 2.781500E+02  1.195104E-01  4.178569E-05  3.649153E-09  4.797597E-09  5.339670E-09  6.376794E-09  5.922898E-01  2.531625E-03  9.995356E-05  2.193173E-01  1.419492E-03  8.024809E-05  1.358895E-06  6.298286E-03  4.642470E-06  1.547826E-05  3.343287E-07  5.456520E-02  1.770769E-05  2.805852E-07  2.453378E-07  1.511207E-03  2.056548E-03  7.142609E-05  6.963379E-05  8.836599E-05  8.676313E-06
 2.791500E+02  1.200060E-01  4.139725E-05  3.526374E-09  4.637691E-09  5.162066E-09  6.166571E-09  5.924650E-01  2.474333E-03  9.258586E-05  2.198217E-01  1.393524E-03  7.489373E-05  1.315820E-06  6.168756E-03  4.358899E-06  1.457827E-05  3.192745E-07  5.370614E-02  1.676659E-05  2.702118E-07  2.360709E-07  1.480984E-03  2.015311E-03  6.652710E-05  6.469124E-05  8.212565E-05  8.176177E-06
 2.801500E+02  1.204919E-01  4.101107E-05  3.408109E-09  4.483606E-09  4.990915E-09  5.963917E-09  5.926346E-01  2.418766E-03  8.581060E-05  2.203157E-01  1.368143E-03  6.992589E-05  1.274326E-06  6.042539E-03  4.094401E-06  1.373620E-05  3.049759E-07  5.286289E-02  1.588031E-05  2.602645E-07  2.271926E-07  1.451548E-03  1.975152E-03  6.199306E-05  6.013073E-05  7.636552E-05  7.707705E-06
 2.811500E+02  1.209684E-01  4.062728E-05  3.294187E-09  4.335128E-09  4.825978E-09  5.768555E-09  5.927987E-01  2.364862E-03  7.957644E-05  2.207996E-01  1.343335E-03  6.531478E-05  1.234350E-06  5.919543E-03  3.847587E-06  1.294800E-05  2.913917E-07  5.203520E-02  1.504542E-05  2.507248E-07  2.186855E-07  1.422875E-03  1.936039E-03  5.779482E-05  5.592053E-05  7.104583E-05  7.268736E-06
 2.821500E+02  1.214357E-01  4.024598E-05  3.184447E-09  4.192049E-09  4.667026E-09  5.580219E-09  5.929576E-01  2.312562E-03  7.383681E-05  2.212735E-01  1.319088E-03  6.103301E-05  1.195833E-06  5.799676E-03  3.617177E-06  1.220992E-05  2.784834E-07  5.122285E-02  1.425871E-05  2.415750E-07  2.105333E-07  1.394942E-03  1.897940E-03  5.390570E-05  5.203167E-05  6.613034E-05  6.857264E-06
 2.831500E+02  1.218938E-01  3.986729E-05  3.078731E-09  4.054166E-09  4.513835E-09  5.398651E-09  5.931116E-01  2.261808E-03  6.854943E-05  2.217378E-01  1.295386E-03  5.705544E-05  1.158714E-06  5.682851E-03  3.401989E-06  1.151850E-05  2.662146E-07  5.042559E-02  1.351720E-05  2.327981E-07  2.027201E-07  1.367728E-03  1.860826E-03  5.030127E-05  4.843776E-05  6.158597E-05  6.471429E-06
 2.841500E+02  1.223430E-01  3.949132E-05  2.976886E-09  3.921288E-09  4.366192E-09  5.223601E-09  5.932609E-01  2.212547E-03  6.367585E-05  2.221926E-01  1.272217E-03  5.335893E-05  1.122939E-06  5.568983E-03  3.200934E-06  1.087052E-05  2.545509E-07  4.964317E-02  1.281809E-05  2.243780E-07  1.952309E-07  1.341211E-03  1.824667E-03  4.695914E-05  4.511471E-05  5.738256E-05  6.109505E-06
 2.851500E+02  1.227834E-01  3.911814E-05  2.878768E-09  3.793226E-09  4.223890E-09  5.054830E-09  5.934055E-01  2.164725E-03  5.918114E-05  2.226381E-01  1.249568E-03  4.992224E-05  1.088455E-06  5.457990E-03  3.013004E-06  1.026303E-05  2.434600E-07  4.887534E-02  1.215877E-05  2.162992E-07  1.880514E-07  1.315370E-03  1.789434E-03  4.385881E-05  4.204054E-05  5.349252E-05  5.769890E-06
 2.861500E+02  1.232151E-01  3.874785E-05  2.784234E-09  3.669801E-09  4.086730E-09  4.892104E-09  5.935458E-01  2.118292E-03  5.503350E-05  2.230746E-01  1.227427E-03  4.672580E-05  1.055209E-06  5.349790E-03  2.837270E-06  9.693255E-06  2.329113E-07  4.812188E-02  1.153680E-05  2.085469E-07  1.811679E-07  1.290186E-03  1.755099E-03  4.098148E-05  3.919516E-05  4.989067E-05  5.451097E-06
 2.871500E+02  1.236385E-01  3.838052E-05  2.693149E-09  3.550838E-09  3.954518E-09  4.735201E-09  5.936819E-01  2.073200E-03  5.120399E-05  2.235022E-01  1.205781E-03  4.375162E-05  1.023153E-06  5.244306E-03  2.672873E-06  9.158657E-06  2.228759E-07  4.738253E-02  1.094991E-05  2.011071E-07  1.745674E-07  1.265638E-03  1.721636E-03  3.830989E-05  3.656021E-05  4.655399E-05  5.151745E-06
 2.881500E+02  1.240535E-01  3.801624E-05  2.605383E-09  3.436171E-09  3.827071E-09  4.583904E-09  5.938140E-01  2.029402E-03  4.766626E-05  2.239211E-01  1.184619E-03  4.098314E-05  9.922398E-07  5.141462E-03  2.519017E-06  8.656866E-06  2.133268E-07  4.665705E-02  1.039595E-05  1.939662E-07  1.682373E-07  1.241708E-03  1.689019E-03  3.582823E-05  3.411890E-05  4.346142E-05  4.870548E-06
 2.891500E+02  1.244604E-01  3.765506E-05  2.520808E-09  3.325636E-09  3.704209E-09  4.438005E-09  5.939422E-01  1.986854E-03  4.439628E-05  2.243316E-01  1.163927E-03  3.840510E-05  9.624244E-07  5.041183E-03  2.374969E-06  8.185686E-06  2.042383E-07  4.594520E-02  9.872934E-06  1.871113E-07  1.621658E-07  1.218378E-03  1.657223E-03  3.352196E-05  3.185590E-05  4.059367E-05  4.606315E-06
 2.901500E+02  1.248594E-01  3.729704E-05  2.439304E-09  3.219080E-09  3.585759E-09  4.297302E-09  5.940667E-01  1.945512E-03  4.137214E-05  2.247338E-01  1.143695E-03  3.600345E-05  9.336635E-07  4.943399E-03  2.240048E-06  7.743079E-06  1.955861E-07  4.524674E-02  9.378991E-06  1.805302E-07  1.563415E-07  1.195631E-03  1.626224E-03  3.137774E-05  2.975714E-05  3.793311E-05  4.357936E-06
 2.911500E+02  1.252505E-01  3.694224E-05  2.360753E-09  3.116352E-09  3.471557E-09  4.161604E-09  5.941876E-01  1.905336E-03  3.857387E-05  2.251279E-01  1.123912E-03  3.376523E-05  9.059158E-07  4.848039E-03  2.113626E-06  7.327155E-06  1.873474E-07  4.456143E-02  8.912375E-06  1.742110E-07  1.507535E-07  1.173449E-03  1.595998E-03  2.938330E-05  2.780975E-05  3.546356E-05  4.124379E-06
 2.921500E+02  1.256339E-01  3.659071E-05  2.285044E-09  3.017307E-09  3.361441E-09  4.030722E-09  5.943051E-01  1.866286E-03  3.598320E-05  2.255141E-01  1.104567E-03  3.167852E-05  8.791417E-07  4.755037E-03  1.995120E-06  6.936157E-06  1.795007E-07  4.388903E-02  8.471450E-06  1.681425E-07  1.453916E-07  1.151815E-03  1.566523E-03  2.752738E-05  2.600194E-05  3.317021E-05  3.904684E-06
 2.931500E+02  1.260099E-01  3.624249E-05  2.212068E-09  2.921807E-09  3.255259E-09  3.904477E-09  5.944193E-01  1.828324E-03  3.358348E-05  2.258925E-01  1.085648E-03  2.973228E-05  8.533032E-07  4.664326E-03  1.883990E-06  6.568451E-06  1.720255E-07  4.322932E-02  8.054686E-06  1.623140E-07  1.402458E-07  1.130715E-03  1.537776E-03  2.579960E-05  2.432290E-05  3.103947E-05  3.697958E-06
 2.941500E+02  1.263784E-01  3.589761E-05  2.141721E-09  2.829717E-09  3.152862E-09  3.782697E-09  5.945302E-01  1.791412E-03  3.135947E-05  2.262634E-01  1.067146E-03  2.791636E-05  8.283639E-07  4.575842E-03  1.779736E-06  6.222522E-06  1.649027E-07  4.258205E-02  7.660647E-06  1.567153E-07  1.353067E-07  1.110131E-03  1.509737E-03  2.419042E-05  2.276272E-05  2.905888E-05  3.503369E-06
 2.951500E+02  1.267398E-01  3.555612E-05  2.073902E-09  2.740910E-09  3.054107E-09  3.665214E-09  5.946381E-01  1.755517E-03  2.929723E-05  2.266268E-01  1.049051E-03  2.622138E-05  8.042889E-07  4.489524E-03  1.681895E-06  5.896959E-06  1.581139E-07  4.194700E-02  7.287992E-06  1.513364E-07  1.305653E-07  1.090051E-03  1.482385E-03  2.269107E-05  2.131231E-05  2.721697E-05  3.320142E-06
 2.961500E+02  1.270941E-01  3.521804E-05  2.008515E-09  2.655260E-09  2.958858E-09  3.551868E-09  5.947430E-01  1.720603E-03  2.738402E-05  2.269831E-01  1.031351E-03  2.463868E-05  7.810447E-07  4.405312E-03  1.590036E-06  5.590449E-06  1.516422E-07  4.132394E-02  6.935461E-06  1.461681E-07  1.260131E-07  1.070458E-03  1.455699E-03  2.129345E-05  1.996330E-05  2.550326E-05  3.147556E-06
 2.971500E+02  1.274415E-01  3.488339E-05  1.945467E-09  2.572649E-09  2.866981E-09  3.442504E-09  5.948450E-01  1.686640E-03  2.560816E-05  2.273322E-01  1.014038E-03  2.316025E-05  7.585994E-07  4.323147E-03  1.503760E-06  5.301772E-06  1.454712E-07  4.071264E-02  6.601874E-06  1.412014E-07  1.216418E-07  1.051339E-03  1.429662E-03  1.999011E-05  1.870802E-05  2.390807E-05  2.984939E-06
 2.981500E+02  1.277821E-01  3.455220E-05  1.884670E-09  2.492962E-09  2.778350E-09  3.336973E-09  5.949443E-01  1.653594E-03  2.395897E-05  2.276744E-01  9.971024E-04  2.177870E-05  7.369222E-07  4.242973E-03  1.422697E-06  5.029791E-06  1.395856E-07  4.011288E-02  6.286128E-06  1.364278E-07  1.174436E-07  1.032681E-03  1.404253E-03  1.877419E-05  1.753944E-05  2.242254E-05  2.831664E-06
 2.991500E+02  1.281160E-01  3.422448E-05  1.826037E-09  2.416089E-09  2.692843E-09  3.235132E-09  5.950409E-01  1.621436E-03  2.242665E-05  2.280099E-01  9.805346E-04  2.048719E-05  7.159838E-07  4.164734E-03  1.346503E-06  4.773448E-06  1.339710E-07  3.952444E-02  5.987183E-06  1.318390E-07  1.134111E-07  1.014470E-03  1.379456E-03  1.763934E-05  1.645106E-05  2.103849E-05  2.687146E-06
 3.001500E+02  1.284434E-01  3.390025E-05  1.769486E-09  2.341922E-09  2.610341E-09  3.136844E-09  5.951350E-01  1.590138E-03  2.100222E-05  2.283387E-01  9.643256E-04  1.927941E-05  6.957557E-07  4.088377E-03  1.274859E-06  4.531757E-06  1.286135E-07  3.894711E-02  5.704070E-06  1.274273E-07  1.095371E-07  9.966931E-04  1.355252E-03  1.657974E-05  1.543692E-05  1.974842E-05  2.550839E-06
 3.011500E+02  1.287645E-01  3.357951E-05  1.714938E-09  2.270361E-09  2.530732E-09  3.041975E-09  5.952265E-01  1.559671E-03  1.967743E-05  2.286610E-01  9.484667E-04  1.814950E-05  6.762112E-07  4.013851E-03  1.207467E-06  4.303800E-06  1.235003E-07  3.838066E-02  5.435874E-06  1.231852E-07  1.058148E-07  9.793388E-04  1.331625E-03  1.558998E-05  1.449154E-05  1.854540E-05  2.422236E-06
 3.021500E+02  1.290793E-01  3.326227E-05  1.662316E-09  2.201306E-09  2.453907E-09  2.950399E-09  5.953156E-01  1.530008E-03  1.844471E-05  2.289770E-01  9.329493E-04  1.709206E-05  6.573240E-07  3.941105E-03  1.144052E-06  4.088719E-06  1.186191E-07  3.782489E-02  5.181742E-06  1.191056E-07  1.022377E-07  9.623948E-04  1.308558E-03  1.466508E-05  1.360985E-05  1.742307E-05  2.300861E-06
 3.031500E+02  1.293880E-01  3.294854E-05  1.611547E-09  2.134664E-09  2.379760E-09  2.861991E-09  5.954025E-01  1.501124E-03  1.729712E-05  2.292867E-01  9.177652E-04  1.610206E-05  6.390695E-07  3.870090E-03  1.084357E-06  3.885717E-06  1.139583E-07  3.727958E-02  4.940869E-06  1.151816E-07  9.879965E-08  9.458496E-04  1.286036E-03  1.380046E-05  1.278722E-05  1.637556E-05  2.186271E-06
 3.041500E+02  1.296907E-01  3.263830E-05  1.562561E-09  2.070343E-09  2.308192E-09  2.776634E-09  5.954870E-01  1.472993E-03  1.622827E-05  2.295905E-01  9.029062E-04  1.517487E-05  6.214238E-07  3.800759E-03  1.028143E-06  3.694048E-06  1.095069E-07  3.674454E-02  4.712501E-06  1.114068E-07  9.549470E-08  9.296920E-04  1.264044E-03  1.299185E-05  1.201935E-05  1.539745E-05  2.078052E-06
 3.051500E+02  1.299875E-01  3.233157E-05  1.515290E-09  2.008256E-09  2.239105E-09  2.694215E-09  5.955694E-01  1.445592E-03  1.523229E-05  2.298882E-01  8.883643E-04  1.430619E-05  6.043639E-07  3.733066E-03  9.751884E-07  3.513016E-06  1.052545E-07  3.621955E-02  4.495931E-06  1.077750E-07  9.231720E-08  9.139113E-04  1.242565E-03  1.223533E-05  1.130228E-05  1.448375E-05  1.975816E-06
 3.061500E+02  1.302786E-01  3.202834E-05  1.469670E-09  1.948320E-09  2.172407E-09  2.614623E-09  5.956498E-01  1.418897E-03  1.430378E-05  2.301802E-01  8.741319E-04  1.349203E-05  5.878680E-07  3.666966E-03  9.252855E-07  3.341973E-06  1.011914E-07  3.570443E-02  4.290494E-06  1.042801E-07  8.926175E-08  8.984968E-04  1.221586E-03  1.152726E-05  1.063236E-05  1.362986E-05  1.879203E-06
 3.071500E+02  1.305641E-01  3.172859E-05  1.425637E-09  1.890453E-09  2.108008E-09  2.537754E-09  5.957280E-01  1.392887E-03  1.343777E-05  2.304665E-01  8.602014E-04  1.272870E-05  5.719150E-07  3.602416E-03  8.782418E-07  3.180312E-06  9.730818E-08  3.519898E-02  4.095564E-06  1.009166E-07  8.632319E-08  8.834385E-04  1.201094E-03  1.086428E-05  1.000624E-05  1.283152E-05  1.787873E-06
 3.081500E+02  1.308440E-01  3.143232E-05  1.383132E-09  1.834578E-09  2.045821E-09  2.463507E-09  5.958043E-01  1.367540E-03  1.262968E-05  2.307472E-01  8.465654E-04  1.201276E-05  5.564846E-07  3.539374E-03  8.338776E-07  3.027468E-06  9.359605E-08  3.470299E-02  3.910555E-06  9.767888E-08  8.349660E-08  8.687264E-04  1.181074E-03  1.024328E-05  9.420788E-06  1.208480E-05  1.701511E-06
 3.091500E+02  1.311186E-01  3.113952E-05  1.342097E-09  1.780620E-09  1.985765E-09  2.391785E-09  5.958787E-01  1.342835E-03  1.187530E-05  2.310225E-01  8.332169E-04  1.134104E-05  5.415576E-07  3.477798E-03  7.920257E-07  2.882909E-06  9.004667E-08  3.421629E-02  3.734915E-06  9.456188E-08  8.077727E-08  8.543512E-04  1.161514E-03  9.661384E-06  8.873149E-06  1.138608E-05  1.619821E-06
 3.101500E+02  1.313879E-01  3.085017E-05  1.302476E-09  1.728507E-09  1.927759E-09  2.322494E-09  5.959513E-01  1.318752E-03  1.117075E-05  2.312925E-01  8.201489E-04  1.071058E-05  5.271154E-07  3.417650E-03  7.525299E-07  2.746142E-06  8.665215E-08  3.373869E-02  3.568124E-06  9.156060E-08  7.816073E-08  8.403035E-04  1.142400E-03  9.115911E-06  8.360663E-06  1.073201E-05  1.542527E-06
 3.111500E+02  1.316521E-01  3.056426E-05  1.264217E-09  1.678172E-09  1.871727E-09  2.255543E-09  5.960220E-01  1.295273E-03  1.051243E-05  2.315573E-01  8.073545E-04  1.011864E-05  5.131400E-07  3.358891E-03  7.152446E-07  2.616704E-06  8.340498E-08  3.326999E-02  3.409695E-06  8.867028E-08  7.564267E-08  8.265744E-04  1.123721E-03  8.604391E-06  7.880878E-06  1.011947E-05  1.469368E-06
 3.121500E+02  1.319112E-01  3.028177E-05  1.227268E-09  1.629547E-09  1.817597E-09  2.190848E-09  5.960910E-01  1.272378E-03  9.897055E-06  2.318170E-01  7.948273E-04  9.562671E-06  4.996144E-07  3.301483E-03  6.800339E-07  2.494161E-06  8.029809E-08  3.281004E-02  3.259169E-06  8.588640E-08  7.321899E-08  8.131553E-04  1.105465E-03  8.124531E-06  7.431525E-06  9.545598E-06  1.400103E-06
 3.131500E+02  1.321653E-01  3.000268E-05  1.191580E-09  1.582568E-09  1.765296E-09  2.128324E-09  5.961584E-01  1.250050E-03  9.321560E-06  2.320717E-01  7.825607E-04  9.040312E-06  4.865222E-07  3.245390E-03  6.467710E-07  2.378109E-06  7.732473E-08  3.235863E-02  3.116115E-06  8.320461E-08  7.088579E-08  8.000376E-04  1.087620E-03  7.674202E-06  7.010502E-06  9.007740E-06  1.334504E-06
 3.141500E+02  1.324146E-01  2.972696E-05  1.157106E-09  1.537175E-09  1.714758E-09  2.067891E-09  5.962241E-01  1.228271E-03  8.783131E-06  2.323216E-01  7.705485E-04  8.549360E-06  4.738475E-07  3.190578E-03  6.153375E-07  2.268167E-06  7.447853E-08  3.191562E-02  2.980124E-06  8.062075E-08  6.863931E-08  7.872134E-04  1.070176E-03  7.251431E-06  6.615867E-06  8.503433E-06  1.272358E-06
 3.151500E+02  1.326592E-01  2.945461E-05  1.123800E-09  1.493310E-09  1.665917E-09  2.009474E-09  5.962882E-01  1.207026E-03  8.279167E-06  2.325667E-01  7.587845E-04  8.087769E-06  4.615752E-07  3.137011E-03  5.856226E-07  2.163982E-06  7.175345E-08  3.148081E-02  2.850816E-06  7.813087E-08  6.647599E-08  7.746746E-04  1.053120E-03  6.854385E-06  6.245818E-06  8.030396E-06  1.213466E-06
 3.161500E+02  1.328991E-01  2.918559E-05  1.091620E-09  1.450914E-09  1.618710E-09  1.952997E-09  5.963508E-01  1.186297E-03  7.807261E-06  2.328071E-01  7.472629E-04  7.653636E-06  4.496908E-07  3.084657E-03  5.575231E-07  2.065219E-06  6.914376E-08  3.105405E-02  2.727829E-06  7.573115E-08  6.439241E-08  7.624137E-04  1.036443E-03  6.481364E-06  5.898687E-06  7.586517E-06  1.157640E-06
 3.171500E+02  1.331345E-01  2.891988E-05  1.060522E-09  1.409935E-09  1.573078E-09  1.898390E-09  5.964119E-01  1.166070E-03  7.365189E-06  2.330430E-01  7.359777E-04  7.245190E-06  4.381804E-07  3.033483E-03  5.309423E-07  1.971567E-06  6.664401E-08  3.063517E-02  2.610825E-06  7.341798E-08  6.238529E-08  7.504231E-04  1.020135E-03  6.130786E-06  5.572928E-06  7.169837E-06  1.104706E-06
 3.181500E+02  1.333655E-01  2.865746E-05  1.030467E-09  1.370319E-09  1.528961E-09  1.845585E-09  5.964716E-01  1.146330E-03  6.950892E-06  2.332744E-01  7.249235E-04  6.860783E-06  4.270304E-07  2.983459E-03  5.057898E-07  1.882734E-06  6.424905E-08  3.022402E-02  2.499483E-06  7.118788E-08  6.045152E-08  7.386958E-04  1.004186E-03  5.801182E-06  5.267107E-06  6.778539E-06  1.054498E-06
 3.191500E+02  1.335921E-01  2.839830E-05  1.001417E-09  1.332018E-09  1.486306E-09  1.794515E-09  5.965299E-01  1.127062E-03  6.562466E-06  2.335014E-01  7.140946E-04  6.498880E-06  4.162280E-07  2.934553E-03  4.819811E-07  1.798444E-06  6.195397E-08  2.982042E-02  2.393503E-06  6.903752E-08  5.858811E-08  7.272248E-04  9.885858E-04  5.491188E-06  4.979894E-06  6.410936E-06  1.006862E-06
 3.201500E+02  1.338144E-01  2.814236E-05  9.733331E-10  1.294981E-09  1.445057E-09  1.745119E-09  5.965868E-01  1.108252E-03  6.198145E-06  2.337242E-01  7.034857E-04  6.158050E-06  4.057608E-07  2.886737E-03  4.594370E-07  1.718442E-06  5.975413E-08  2.942424E-02  2.292601E-06  6.696372E-08  5.679221E-08  7.160032E-04  9.733257E-04  5.199534E-06  4.710053E-06  6.065463E-06  9.616536E-07
 3.211500E+02  1.340326E-01  2.788963E-05  9.461810E-10  1.259165E-09  1.405164E-09  1.697334E-09  5.966424E-01  1.089887E-03  5.856297E-06  2.339428E-01  6.930916E-04  5.836961E-06  3.956170E-07  2.839982E-03  4.380835E-07  1.642485E-06  5.764512E-08  2.903531E-02  2.196508E-06  6.496343E-08  5.506109E-08  7.050246E-04  9.583967E-04  4.925038E-06  4.456439E-06  5.740665E-06  9.187358E-07
 3.221500E+02  1.342467E-01  2.764008E-05  9.199261E-10  1.224522E-09  1.366577E-09  1.651103E-09  5.966967E-01  1.071954E-03  5.535407E-06  2.341573E-01  6.829072E-04  5.534372E-06  3.857851E-07  2.794260E-03  4.178512E-07  1.570348E-06  5.562275E-08  2.865349E-02  2.104973E-06  6.303376E-08  5.339214E-08  6.942825E-04  9.437900E-04  4.666600E-06  4.217986E-06  5.435192E-06  8.779810E-07
 3.231500E+02  1.344568E-01  2.739367E-05  8.945354E-10  1.191012E-09  1.329250E-09  1.606370E-09  5.967498E-01  1.054441E-03  5.234069E-06  2.343678E-01  6.729275E-04  5.249123E-06  3.762541E-07  2.749543E-03  3.986752E-07  1.501816E-06  5.368304E-08  2.827863E-02  2.017757E-06  6.117190E-08  5.178286E-08  6.837708E-04  9.294972E-04  4.423198E-06  3.993706E-06  5.147788E-06  8.392692E-07
 3.241500E+02  1.346630E-01  2.715037E-05  8.699773E-10  1.158592E-09  1.293135E-09  1.563081E-09  5.968016E-01  1.037335E-03  4.950982E-06  2.345744E-01  6.631478E-04  4.980136E-06  3.670135E-07  2.705807E-03  3.804946E-07  1.436691E-06  5.182221E-08  2.791059E-02  1.934636E-06  5.937519E-08  5.023087E-08  6.734835E-04  9.155101E-04  4.193878E-06  3.782678E-06  4.877285E-06  8.024874E-07
 3.251500E+02  1.348654E-01  2.691016E-05  8.462214E-10  1.127224E-09  1.258189E-09  1.521183E-09  5.968523E-01  1.020624E-03  4.684937E-06  2.347772E-01  6.535632E-04  4.726401E-06  3.580532E-07  2.663025E-03  3.632523E-07  1.374784E-06  5.003667E-08  2.754923E-02  1.855398E-06  5.764107E-08  4.873388E-08  6.634148E-04  9.018208E-04  3.977751E-06  3.584047E-06  4.622597E-06  7.675295E-07
 3.261500E+02  1.350640E-01  2.667301E-05  8.232385E-10  1.096869E-09  1.224371E-09  1.480627E-09  5.969019E-01  1.004298E-03  4.434811E-06  2.349762E-01  6.441693E-04  4.486979E-06  3.493633E-07  2.621173E-03  3.468949E-07  1.315919E-06  4.832301E-08  2.719441E-02  1.779843E-06  5.596710E-08  4.728971E-08  6.535590E-04  8.884216E-04  3.773989E-06  3.397018E-06  4.382713E-06  7.342957E-07
 3.271500E+02  1.352590E-01  2.643887E-05  8.010004E-10  1.067491E-09  1.191638E-09  1.441365E-09  5.969503E-01  9.883448E-04  4.199561E-06  2.351716E-01  6.349615E-04  4.260990E-06  3.409345E-07  2.580227E-03  3.313721E-07  1.259931E-06  4.667798E-08  2.684600E-02  1.707781E-06  5.435093E-08  4.589627E-08  6.439107E-04  8.753049E-04  3.581822E-06  3.220849E-06  4.156692E-06  7.026922E-07
 3.281500E+02  1.354504E-01  2.620772E-05  7.794803E-10  1.039054E-09  1.159953E-09  1.403351E-09  5.969977E-01  9.727548E-04  3.978220E-06  2.353633E-01  6.259356E-04  4.047614E-06  3.327577E-07  2.540163E-03  3.166368E-07  1.206662E-06  4.509851E-08  2.650387E-02  1.639035E-06  5.279032E-08  4.455156E-08  6.344646E-04  8.624636E-04  3.400528E-06  3.054851E-06  3.943658E-06  6.726306E-07
 3.291500E+02  1.356383E-01  2.597954E-05  7.586521E-10  1.011525E-09  1.129278E-09  1.366540E-09  5.970440E-01  9.575175E-04  3.769886E-06  2.355516E-01  6.170872E-04  3.846085E-06  3.248244E-07  2.500959E-03  3.026449E-07  1.155967E-06  4.358165E-08  2.616788E-02  1.573435E-06  5.128312E-08  4.325365E-08  6.252156E-04  8.498906E-04  3.229436E-06  2.898382E-06  3.742793E-06  6.440277E-07
 3.301500E+02  1.358227E-01  2.575427E-05  7.384911E-10  9.848711E-10  1.099577E-09  1.330890E-09  5.970893E-01  9.426229E-04  3.573722E-06  2.357364E-01  6.084123E-04  3.655686E-06  3.171261E-07  2.462593E-03  2.893548E-07  1.107707E-06  4.212463E-08  2.583791E-02  1.510823E-06  4.982728E-08  4.200073E-08  6.161585E-04  8.375791E-04  3.067919E-06  2.750843E-06  3.553337E-06  6.168055E-07
 3.311500E+02  1.360038E-01  2.553190E-05  7.189731E-10  9.590615E-10  1.070815E-09  1.296359E-09  5.971336E-01  9.280616E-04  3.388950E-06  2.359178E-01  5.999068E-04  3.475746E-06  3.096549E-07  2.425044E-03  2.767277E-07  1.061752E-06  4.072478E-08  2.551384E-02  1.451049E-06  4.842082E-08  4.079103E-08  6.072886E-04  8.255224E-04  2.915391E-06  2.611676E-06  3.374581E-06  5.908901E-07
 3.321500E+02  1.361816E-01  2.531239E-05  7.000751E-10  9.340660E-10  1.042959E-09  1.262908E-09  5.971769E-01  9.138243E-04  3.214843E-06  2.360960E-01  5.915668E-04  3.305641E-06  3.024030E-07  2.388290E-03  2.647267E-07  1.017979E-06  3.937959E-08  2.519555E-02  1.393969E-06  4.706185E-08  3.962287E-08  5.986012E-04  8.137141E-04  2.771306E-06  2.480362E-06  3.205862E-06  5.662121E-07
 3.331500E+02  1.363562E-01  2.509571E-05  6.817751E-10  9.098557E-10  1.015977E-09  1.230500E-09  5.972193E-01  8.999021E-04  3.050728E-06  2.362709E-01  5.833885E-04  3.144783E-06  2.953629E-07  2.352312E-03  2.533176E-07  9.762736E-07  3.808666E-08  2.488291E-02  1.339450E-06  4.574857E-08  3.849465E-08  5.900916E-04  8.021480E-04  2.635153E-06  2.356414E-06  3.046562E-06  5.427062E-07
 3.341500E+02  1.365276E-01  2.488181E-05  6.640518E-10  8.864029E-10  9.898369E-10  1.199097E-09  5.972608E-01  8.862863E-04  2.895974E-06  2.364427E-01  5.753681E-04  2.992624E-06  2.885276E-07  2.317090E-03  2.424680E-07  9.365266E-07  3.684369E-08  2.457582E-02  1.287364E-06  4.447923E-08  3.740482E-08  5.817555E-04  7.908179E-04  2.506454E-06  2.239381E-06  2.896106E-06  5.203106E-07
 3.351500E+02  1.366959E-01  2.467068E-05  6.468846E-10  8.636808E-10  9.645105E-10  1.168665E-09  5.973013E-01  8.729685E-04  2.749997E-06  2.366114E-01  5.675021E-04  2.848652E-06  2.818902E-07  2.282605E-03  2.321475E-07  8.986355E-07  3.564852E-08  2.427415E-02  1.237590E-06  4.325218E-08  3.635191E-08  5.735885E-04  7.797180E-04  2.384763E-06  2.128840E-06  2.753955E-06  4.989674E-07
 3.361500E+02  1.368612E-01  2.446228E-05  6.302539E-10  8.416638E-10  9.399687E-10  1.139169E-09  5.973411E-01  8.599407E-04  2.612250E-06  2.367771E-01  5.597869E-04  2.712384E-06  2.754440E-07  2.248838E-03  2.223274E-07  8.625039E-07  3.449907E-08  2.397780E-02  1.190016E-06  4.206581E-08  3.533450E-08  5.655864E-04  7.688426E-04  2.269662E-06  2.024395E-06  2.619606E-06  4.786216E-07
 3.371500E+02  1.370236E-01  2.425657E-05  6.141408E-10  8.203271E-10  9.161842E-10  1.110577E-09  5.973799E-01  8.471951E-04  2.482223E-06  2.369398E-01  5.522191E-04  2.583371E-06  2.691826E-07  2.215773E-03  2.129808E-07  8.280406E-07  3.339337E-08  2.368666E-02  1.144533E-06  4.091861E-08  3.435125E-08  5.577451E-04  7.581861E-04  2.160761E-06  1.925678E-06  2.492589E-06  4.592217E-07
 3.381500E+02  1.371830E-01  2.405352E-05  5.985270E-10  7.996471E-10  8.931305E-10  1.082857E-09  5.974180E-01  8.347239E-04  2.359442E-06  2.370996E-01  5.447952E-04  2.461190E-06  2.631000E-07  2.183390E-03  2.040824E-07  7.951598E-07  3.232954E-08  2.340062E-02  1.101039E-06  3.980911E-08  3.340085E-08  5.500607E-04  7.477431E-04  2.057693E-06  1.832344E-06  2.372465E-06  4.407188E-07
 3.391500E+02  1.373396E-01  2.385309E-05  5.833951E-10  7.796008E-10  8.707822E-10  1.055981E-09  5.974553E-01  8.225200E-04  2.243462E-06  2.372566E-01  5.375121E-04  2.345447E-06  2.571902E-07  2.151674E-03  1.956082E-07  7.637803E-07  3.130579E-08  2.311958E-02  1.059437E-06  3.873589E-08  3.248206E-08  5.425294E-04  7.375084E-04  1.960117E-06  1.744072E-06  2.258824E-06  4.230668E-07
 3.401500E+02  1.374935E-01  2.365526E-05  5.687282E-10  7.601663E-10  8.491148E-10  1.029918E-09  5.974918E-01  8.105762E-04  2.133870E-06  2.374108E-01  5.303666E-04  2.235771E-06  2.514474E-07  2.120607E-03  1.875359E-07  7.338256E-07  3.032042E-08  2.284344E-02  1.019637E-06  3.769762E-08  3.159368E-08  5.351474E-04  7.274769E-04  1.867711E-06  1.660560E-06  2.151280E-06  4.062224E-07
 3.411500E+02  1.376446E-01  2.346000E-05  5.545101E-10  7.413223E-10  8.281049E-10  1.004640E-09  5.975275E-01  7.988855E-04  2.030279E-06  2.375622E-01  5.233554E-04  2.131813E-06  2.458663E-07  2.090174E-03  1.798442E-07  7.052235E-07  2.937179E-08  2.257209E-02  9.815510E-07  3.669300E-08  3.073458E-08  5.279111E-04  7.176435E-04  1.780176E-06  1.581526E-06  2.049476E-06  3.901445E-07
 3.421500E+02  1.377930E-01  2.326726E-05  5.407253E-10  7.230486E-10  8.077298E-10  9.801211E-10  5.975625E-01  7.874414E-04  1.932328E-06  2.377111E-01  5.164757E-04  2.033248E-06  2.404416E-07  2.060359E-03  1.725131E-07  6.779057E-07  2.845835E-08  2.230544E-02  9.450975E-07  3.572080E-08  2.990365E-08  5.208169E-04  7.080036E-04  1.697230E-06  1.506707E-06  1.953073E-06  3.747944E-07
 3.431500E+02  1.379389E-01  2.307702E-05  5.273588E-10  7.053255E-10  7.879677E-10  9.563351E-10  5.975967E-01  7.762372E-04  1.839679E-06  2.378573E-01  5.097245E-04  1.939769E-06  2.351681E-07  2.031148E-03  1.655240E-07  6.518079E-07  2.757864E-08  2.204339E-02  9.101983E-07  3.477981E-08  2.909986E-08  5.138615E-04  6.985524E-04  1.618609E-06  1.435855E-06  1.861757E-06  3.601353E-07
 3.441500E+02  1.380822E-01  2.288924E-05  5.143960E-10  6.881341E-10  7.687976E-10  9.332569E-10  5.976303E-01  7.652669E-04  1.752016E-06  2.380009E-01  5.030988E-04  1.851089E-06  2.300409E-07  2.002524E-03  1.588589E-07  6.268689E-07  2.673123E-08  2.178585E-02  8.767799E-07  3.386890E-08  2.832218E-08  5.070414E-04  6.892854E-04  1.544065E-06  1.368739E-06  1.775233E-06  3.461328E-07
 3.451500E+02  1.382230E-01  2.270389E-05  5.018232E-10  6.714563E-10  7.501993E-10  9.108627E-10  5.976632E-01  7.545242E-04  1.669043E-06  2.381421E-01  4.965959E-04  1.766939E-06  2.250554E-07  1.974474E-03  1.525012E-07  6.030314E-07  2.591478E-08  2.153274E-02  8.447723E-07  3.298697E-08  2.756966E-08  5.003535E-04  6.801982E-04  1.473367E-06  1.305142E-06  1.693225E-06  3.327541E-07
 3.461500E+02  1.383613E-01  2.252094E-05  4.896271E-10  6.552747E-10  7.321535E-10  8.891293E-10  5.976954E-01  7.440033E-04  1.590486E-06  2.382808E-01  4.902131E-04  1.687065E-06  2.202069E-07  1.946985E-03  1.464351E-07  5.802409E-07  2.512802E-08  2.128395E-02  8.141090E-07  3.213298E-08  2.684137E-08  4.937947E-04  6.712865E-04  1.406296E-06  1.244863E-06  1.615472E-06  3.199683E-07
 3.471500E+02  1.384973E-01  2.234036E-05  4.777946E-10  6.395723E-10  7.146414E-10  8.680345E-10  5.977270E-01  7.336985E-04  1.516084E-06  2.384171E-01  4.839476E-04  1.611228E-06  2.154911E-07  1.920042E-03  1.406457E-07  5.584458E-07  2.436971E-08  2.103940E-02  7.847272E-07  3.130590E-08  2.613641E-08  4.873617E-04  6.625460E-04  1.342648E-06  1.187710E-06  1.541731E-06  3.077461E-07
 3.481500E+02  1.386309E-01  2.216211E-05  4.663135E-10  6.243330E-10  6.976450E-10  8.475569E-10  5.977579E-01  7.236042E-04  1.445595E-06  2.385511E-01  4.777970E-04  1.539205E-06  2.109037E-07  1.893632E-03  1.351189E-07  5.375975E-07  2.363869E-08  2.079901E-02  7.565671E-07  3.050478E-08  2.545394E-08  4.810517E-04  6.539728E-04  1.282232E-06  1.133504E-06  1.471776E-06  2.960598E-07
 3.491500E+02  1.387622E-01  2.198617E-05  4.551719E-10  6.095413E-10  6.811469E-10  8.276757E-10  5.977882E-01  7.137152E-04  1.378794E-06  2.386828E-01  4.717585E-04  1.470786E-06  2.064407E-07  1.867743E-03  1.298415E-07  5.176499E-07  2.293384E-08  2.056269E-02  7.295721E-07  2.972868E-08  2.479314E-08  4.748618E-04  6.455629E-04  1.224866E-06  1.082079E-06  1.405391E-06  2.848832E-07
 3.501500E+02  1.388912E-01  2.181250E-05  4.443582E-10  5.951819E-10  6.651304E-10  8.083712E-10  5.978179E-01  7.040261E-04  1.315467E-06  2.388122E-01  4.658299E-04  1.405773E-06  2.020981E-07  1.842362E-03  1.248008E-07  4.985594E-07  2.225410E-08  2.033036E-02  7.036883E-07  2.897671E-08  2.415321E-08  4.687892E-04  6.373124E-04  1.170382E-06  1.033278E-06  1.342376E-06  2.741916E-07
 3.511500E+02  1.390181E-01  2.164108E-05  4.338614E-10  5.812406E-10  6.495795E-10  7.896242E-10  5.978471E-01  6.945319E-04  1.255415E-06  2.389394E-01  4.600086E-04  1.343979E-06  1.978721E-07  1.817477E-03  1.199851E-07  4.802847E-07  2.159844E-08  2.010194E-02  6.788648E-07  2.824800E-08  2.353342E-08  4.628310E-04  6.292177E-04  1.118620E-06  9.869525E-07  1.282543E-06  2.639615E-07
 3.521500E+02  1.391428E-01  2.147186E-05  4.236710E-10  5.677033E-10  6.344787E-10  7.714163E-10  5.978756E-01  6.852277E-04  1.198451E-06  2.390644E-01  4.542923E-04  1.285230E-06  1.937591E-07  1.793076E-03  1.153831E-07  4.627866E-07  2.096591E-08  1.987735E-02  6.550528E-07  2.754174E-08  2.293302E-08  4.569847E-04  6.212751E-04  1.069431E-06  9.429647E-07  1.225714E-06  2.541706E-07
 3.531500E+02  1.392653E-01  2.130483E-05  4.137766E-10  5.545567E-10  6.198129E-10  7.537296E-10  5.979036E-01  6.761088E-04  1.144399E-06  2.391874E-01  4.486787E-04  1.229362E-06  1.897555E-07  1.769148E-03  1.109842E-07  4.460281E-07  2.035556E-08  1.965652E-02  6.322065E-07  2.685713E-08  2.235133E-08  4.512477E-04  6.134810E-04  1.022673E-06  9.011844E-07  1.171723E-06  2.447979E-07
 3.541500E+02  1.393858E-01  2.113994E-05  4.041684E-10  5.417877E-10  6.055679E-10  7.365470E-10  5.979311E-01  6.671705E-04  1.093097E-06  2.393082E-01  4.431657E-04  1.176218E-06  1.858579E-07  1.745681E-03  1.067784E-07  4.299742E-07  1.976652E-08  1.943937E-02  6.102819E-07  2.619340E-08  2.178768E-08  4.456174E-04  6.058320E-04  9.782155E-07  8.614896E-07  1.120413E-06  2.358235E-07
 3.551500E+02  1.395043E-01  2.097718E-05  3.948369E-10  5.293840E-10  5.917297E-10  7.198521E-10  5.979580E-01  6.584084E-04  1.044389E-06  2.394271E-01  4.377509E-04  1.125653E-06  1.820630E-07  1.722666E-03  1.027563E-07  4.145915E-07  1.919794E-08  1.922583E-02  5.892376E-07  2.554984E-08  2.124143E-08  4.400914E-04  5.983248E-04  9.359326E-07  8.237654E-07  1.071638E-06  2.272283E-07
 3.561500E+02  1.396208E-01  2.081651E-05  3.857730E-10  5.173336E-10  5.782850E-10  7.036289E-10  5.979844E-01  6.498182E-04  9.981298E-07  2.395439E-01  4.324324E-04  1.077529E-06  1.783677E-07  1.700090E-03  9.890877E-08  3.998485E-07  1.864900E-08  1.901582E-02  5.690338E-07  2.492573E-08  2.071196E-08  4.346672E-04  5.909562E-04  8.957074E-07  7.879039E-07  1.025259E-06  2.189947E-07
 3.571500E+02  1.397353E-01  2.065790E-05  3.769677E-10  5.056247E-10  5.652210E-10  6.878621E-10  5.980103E-01  6.413955E-04  9.541842E-07  2.396588E-01  4.272079E-04  1.031717E-06  1.747689E-07  1.677945E-03  9.522748E-08  3.857154E-07  1.811893E-08  1.880928E-02  5.496331E-07  2.432040E-08  2.019868E-08  4.293426E-04  5.837228E-04  8.574296E-07  7.538035E-07  9.811467E-07  2.111054E-07
 3.581500E+02  1.398479E-01  2.050133E-05  3.684127E-10  4.942465E-10  5.525252E-10  6.725368E-10  5.980357E-01  6.331363E-04  9.124240E-07  2.397718E-01  4.220756E-04  9.880942E-07  1.712637E-07  1.656219E-03  9.170433E-08  3.721637E-07  1.760699E-08  1.860614E-02  5.309997E-07  2.373320E-08  1.970103E-08  4.241154E-04  5.766218E-04  8.209953E-07  7.213688E-07  9.391783E-07  2.035444E-07
 3.591500E+02  1.399586E-01  2.034676E-05  3.600997E-10  4.831879E-10  5.401857E-10  6.576389E-10  5.980606E-01  6.250367E-04  8.727293E-07  2.398829E-01  4.170333E-04  9.465459E-07  1.678491E-07  1.634904E-03  8.833173E-08  3.591665E-07  1.711247E-08  1.840632E-02  5.130996E-07  2.316350E-08  1.921844E-08  4.189832E-04  5.696500E-04  7.863065E-07  6.905099E-07  8.992387E-07  1.962965E-07
 3.601500E+02  1.400675E-01  2.019416E-05  3.520209E-10  4.724388E-10  5.281909E-10  6.431545E-10  5.980851E-01  6.170927E-04  8.349868E-07  2.399922E-01  4.120793E-04  9.069635E-07  1.645224E-07  1.613989E-03  8.510246E-08  3.466983E-07  1.663470E-08  1.820977E-02  4.959003E-07  2.261070E-08  1.875041E-08  4.139439E-04  5.628046E-04  7.532711E-07  6.611423E-07  8.612196E-07  1.893470E-07
 3.611500E+02  1.401746E-01  2.004352E-05  3.441686E-10  4.619891E-10  5.165297E-10  6.290705E-10  5.981091E-01  6.093006E-04  7.990906E-07  2.400996E-01  4.072115E-04  8.692445E-07  1.612809E-07  1.593466E-03  8.200971E-08  3.347348E-07  1.617302E-08  1.801642E-02  4.793712E-07  2.207422E-08  1.829642E-08  4.089956E-04  5.560827E-04  7.218019E-07  6.331863E-07  8.250188E-07  1.826823E-07
 3.621500E+02  1.402800E-01  1.989480E-05  3.365355E-10  4.518292E-10  5.051915E-10  6.153740E-10  5.981326E-01  6.016568E-04  7.649407E-07  2.402054E-01  4.024283E-04  8.332922E-07  1.581222E-07  1.573325E-03  7.904700E-08  3.232531E-07  1.572682E-08  1.782621E-02  4.634829E-07  2.155352E-08  1.785599E-08  4.041360E-04  5.494815E-04  6.918171E-07  6.065669E-07  7.905402E-07  1.762892E-07
 3.631500E+02  1.403836E-01  1.974797E-05  3.291146E-10  4.419497E-10  4.941658E-10  6.020527E-10  5.981557E-01  5.941577E-04  7.324429E-07  2.403093E-01  3.977277E-04  7.990155E-07  1.550437E-07  1.553559E-03  7.620821E-08  3.122312E-07  1.529550E-08  1.763907E-02  4.482076E-07  2.104805E-08  1.742865E-08  3.993633E-04  5.429984E-04  6.632394E-07  5.812134E-07  7.576930E-07  1.701554E-07
 3.641500E+02  1.404855E-01  1.960301E-05  3.218989E-10  4.323418E-10  4.834427E-10  5.890947E-10  5.981784E-01  5.867999E-04  7.015089E-07  2.404116E-01  3.931081E-04  7.663283E-07  1.520429E-07  1.534157E-03  7.348751E-08  3.016485E-07  1.487849E-08  1.745495E-02  4.335186E-07  2.055729E-08  1.701396E-08  3.946756E-04  5.366307E-04  6.359958E-07  5.570593E-07  7.263920E-07  1.642690E-07
 3.651500E+02  1.405857E-01  1.945989E-05  3.148821E-10  4.229968E-10  4.730127E-10  5.764886E-10  5.982006E-01  5.795800E-04  6.720554E-07  2.405123E-01  3.885678E-04  7.351493E-07  1.491177E-07  1.515113E-03  7.087941E-08  2.914851E-07  1.447525E-08  1.727378E-02  4.193906E-07  2.008076E-08  1.661148E-08  3.900709E-04  5.303758E-04  6.100174E-07  5.340418E-07  6.965564E-07  1.586190E-07
 3.661500E+02  1.406844E-01  1.931858E-05  3.080576E-10  4.139064E-10  4.628663E-10  5.642232E-10  5.982225E-01  5.724949E-04  6.440037E-07  2.406113E-01  3.841050E-04  7.054018E-07  1.462657E-07  1.496418E-03  6.837865E-08  2.817223E-07  1.408526E-08  1.709552E-02  4.057997E-07  1.961798E-08  1.622080E-08  3.855474E-04  5.242314E-04  5.852395E-07  5.121016E-07  6.681103E-07  1.531945E-07
 3.671500E+02  1.407814E-01  1.917907E-05  3.014194E-10  4.050625E-10  4.529947E-10  5.522879E-10  5.982439E-01  5.655412E-04  6.172801E-07  2.407087E-01  3.797182E-04  6.770132E-07  1.434847E-07  1.478063E-03  6.598029E-08  2.723423E-07  1.370802E-08  1.692010E-02  3.927228E-07  1.916848E-08  1.584151E-08  3.811033E-04  5.181948E-04  5.616005E-07  4.911830E-07  6.409820E-07  1.479855E-07
 3.681500E+02  1.408769E-01  1.904131E-05  2.949617E-10  3.964574E-10  4.433893E-10  5.406724E-10  5.982650E-01  5.587160E-04  5.918147E-07  2.408045E-01  3.754058E-04  6.499151E-07  1.407728E-07  1.460042E-03  6.367962E-08  2.633282E-07  1.334304E-08  1.674746E-02  3.801380E-07  1.873183E-08  1.547323E-08  3.767369E-04  5.122639E-04  5.390427E-07  4.712333E-07  6.151039E-07  1.429824E-07
 3.691500E+02  1.409708E-01  1.890530E-05  2.886786E-10  3.880835E-10  4.340416E-10  5.293667E-10  5.982857E-01  5.520163E-04  5.675420E-07  2.408989E-01  3.711662E-04  6.240426E-07  1.381278E-07  1.442348E-03  6.147216E-08  2.546638E-07  1.298988E-08  1.657756E-02  3.680246E-07  1.830759E-08  1.511560E-08  3.724465E-04  5.064362E-04  5.175112E-07  4.522027E-07  5.904121E-07  1.381760E-07
 3.701500E+02  1.410633E-01  1.877099E-05  2.825648E-10  3.799337E-10  4.249437E-10  5.183611E-10  5.983060E-01  5.454391E-04  5.443999E-07  2.409917E-01  3.669979E-04  5.993346E-07  1.355479E-07  1.424972E-03  5.935366E-08  2.463339E-07  1.264809E-08  1.641034E-02  3.563625E-07  1.789537E-08  1.476826E-08  3.682305E-04  5.007095E-04  4.969545E-07  4.340444E-07  5.668462E-07  1.335577E-07
 3.711500E+02  1.411542E-01  1.863838E-05  2.766149E-10  3.720010E-10  4.160879E-10  5.076465E-10  5.983259E-01  5.389817E-04  5.223300E-07  2.410830E-01  3.628996E-04  5.757332E-07  1.330310E-07  1.407907E-03  5.732010E-08  2.383237E-07  1.231725E-08  1.624576E-02  3.451329E-07  1.749477E-08  1.443086E-08  3.640872E-04  4.950817E-04  4.773237E-07  4.167140E-07  5.443494E-07  1.291191E-07
 3.721500E+02  1.412438E-01  1.850743E-05  2.708238E-10  3.642787E-10  4.074665E-10  4.972139E-10  5.983455E-01  5.326412E-04  5.012773E-07  2.411729E-01  3.588696E-04  5.531835E-07  1.305755E-07  1.391148E-03  5.536764E-08  2.306194E-07  1.199696E-08  1.608375E-02  3.343177E-07  1.710540E-08  1.410307E-08  3.600152E-04  4.895507E-04  4.585726E-07  4.001696E-07  5.228679E-07  1.248525E-07
 3.731500E+02  1.413319E-01  1.837812E-05  2.651866E-10  3.567603E-10  3.990724E-10  4.870546E-10  5.983647E-01  5.264151E-04  4.811896E-07  2.412614E-01  3.549067E-04  5.316337E-07  1.281794E-07  1.374686E-03  5.349264E-08  2.232079E-07  1.168682E-08  1.592427E-02  3.238997E-07  1.672690E-08  1.378458E-08  3.560127E-04  4.841142E-04  4.406574E-07  3.843717E-07  5.023507E-07  1.207502E-07
