#         T/K            c1          c2-1          c3-4          c3-5          c3-7          c3-9            m1          m2-1          m3-1            w1            w2          w3-1          w3-2          c1m1        c1m2-1        c1m2-7        c2m1-1        c1w1-2        c1w2-1        c2w1-1        c2w1-9        m1w1-1        m1w1-4        m1w2-1        m2w1-1        m2w1-3      c1m1w1-1
 2.731500E+02  2.303666E-01  1.764265E-04  3.577380E-08  4.695397E-08  5.224003E-08  6.228974E-08  3.923174E-01  1.300438E-03  4.652654E-05  2.317291E-01  1.851171E-03  1.504102E-04  2.110415E-06  9.499533E-03  5.985487E-06  1.964028E-05  1.173246E-06  1.293419E-01  5.678947E-05  1.520071E-06  1.334783E-06  1.233865E-03  1.679623E-03  8.393278E-05  5.145074E-05  6.516305E-05  1.769223E-05
 2.741500E+02  2.314249E-01  1.747026E-04  3.450717E-08  4.530683E-08  5.041121E-08  6.012805E-08  3.924917E-01  1.269412E-03  4.293561E-05  2.327568E-01  1.822315E-03  1.407025E-04  2.050926E-06  9.294398E-03  5.602228E-06  1.844223E-05  1.117726E-06  1.274379E-01  5.382629E-05  1.463614E-06  1.284100E-06  1.210119E-03  1.647194E-03  7.820142E-05  4.771735E-05  6.045873E-05  1.665445E-05
 2.751500E+02  2.324650E-01  1.729925E-04  3.329032E-08  4.372383E-08  4.865347E-08  5.804968E-08  3.926605E-01  1.239361E-03  3.964619E-05  2.337668E-01  1.793939E-03  1.316662E-04  1.993270E-06  9.094808E-03  5.245958E-06  1.732495E-05  1.065142E-06  1.255644E-01  5.103106E-05  1.409479E-06  1.235545E-06  1.186946E-03  1.615552E-03  7.289261E-05  4.427788E-05  5.612308E-05  1.568330E-05
 2.761500E+02  2.334873E-01  1.712963E-04  3.212118E-08  4.220235E-08  4.696390E-08  5.605122E-08  3.928241E-01  1.210248E-03  3.663107E-05  2.347594E-01  1.766036E-03  1.232521E-04  1.937391E-06  8.900596E-03  4.914620E-06  1.628253E-05  1.015327E-06  1.237210E-01  4.839367E-05  1.357564E-06  1.189025E-06  1.164333E-03  1.584678E-03  6.797313E-05  4.110751E-05  5.212510E-05  1.477417E-05
 2.771500E+02  2.344919E-01  1.696144E-04  3.099777E-08  4.073984E-08  4.533969E-08  5.412944E-08  3.929828E-01  1.182039E-03  3.386567E-05  2.357348E-01  1.738603E-03  1.154150E-04  1.883235E-06  8.711599E-03  4.606325E-06  1.530953E-05  9.681222E-07  1.219074E-01  4.590462E-05  1.307772E-06  1.144447E-06  1.142262E-03  1.554551E-03  6.341250E-05  3.818367E-05  4.843659E-05  1.392280E-05
 2.781500E+02  2.354791E-01  1.679471E-04  2.991818E-08  3.933389E-08  4.377817E-08  5.228120E-08  3.931366E-01  1.154700E-03  3.132773E-05  2.366934E-01  1.711633E-03  1.081129E-04  1.830748E-06  8.527658E-03  4.319338E-06  1.440092E-05  9.233776E-07  1.201233E-01  4.355500E-05  1.260011E-06  1.101727E-06  1.120722E-03  1.525151E-03  5.918280E-05  3.548581E-05  4.503184E-05  1.312524E-05
 2.791500E+02  2.364492E-01  1.662945E-04  2.888061E-08  3.798217E-08  4.227675E-08  5.050353E-08  3.932859E-01  1.128200E-03  2.899712E-05  2.376353E-01  1.685123E-03  1.013071E-04  1.779880E-06  8.348622E-03  4.052064E-06  1.355207E-05  8.809536E-07  1.183684E-01  4.133650E-05  1.214193E-06  1.060781E-06  1.099697E-03  1.496458E-03  5.525838E-05  3.299517E-05  4.188743E-05  1.237783E-05
 2.801500E+02  2.374023E-01  1.646570E-04  2.788332E-08  3.668246E-08  4.083299E-08  4.879357E-08  3.934308E-01  1.102508E-03  2.685561E-05  2.385608E-01  1.659066E-03  9.496179E-05  1.730579E-06  8.174343E-03  3.803033E-06  1.275870E-05  8.407190E-07  1.166424E-01  3.924129E-05  1.170234E-06  1.021532E-06  1.079174E-03  1.468454E-03  5.161568E-05  3.069466E-05  3.898196E-05  1.167716E-05
 2.811500E+02  2.383388E-01  1.630346E-04  2.692463E-08  3.543263E-08  3.944453E-08  4.714856E-08  3.935714E-01  1.077594E-03  2.488667E-05  2.394702E-01  1.633457E-03  8.904401E-05  1.682797E-06  8.004677E-03  3.570896E-06  1.201687E-05  8.025503E-07  1.149449E-01  3.726206E-05  1.128053E-06  9.839025E-07  1.059139E-03  1.441121E-03  4.823311E-05  2.856871E-05  3.629593E-05  1.102008E-05
 2.821500E+02  2.392588E-01  1.614275E-04  2.600295E-08  3.423063E-08  3.810910E-08  4.556588E-08  3.937079E-01  1.053431E-03  2.307533E-05  2.403638E-01  1.608290E-03  8.352314E-05  1.636486E-06  7.839487E-03  3.354408E-06  1.132293E-05  7.663316E-07  1.132757E-01  3.539194E-05  1.087573E-06  9.478228E-07  1.039580E-03  1.414439E-03  4.509078E-05  2.660307E-05  3.381152E-05  1.040366E-05
 2.831500E+02  2.401627E-01  1.598360E-04  2.511676E-08  3.307451E-08  3.682455E-08  4.404302E-08  3.938405E-01  1.029992E-03  2.140798E-05  2.412417E-01  1.583559E-03  7.837090E-05  1.591601E-06  7.678637E-03  3.152425E-06  1.067352E-05  7.319539E-07  1.116343E-01  3.362449E-05  1.048721E-06  9.132239E-07  1.020484E-03  1.388393E-03  4.217044E-05  2.478475E-05  3.151246E-05  9.825184E-06
 2.841500E+02  2.410506E-01  1.582601E-04  2.426458E-08  3.196240E-08  3.558881E-08  4.257755E-08  3.939693E-01  1.007250E-03  1.987228E-05  2.421042E-01  1.559259E-03  7.356115E-05  1.548095E-06  7.521999E-03  2.963891E-06  1.006551E-05  6.993149E-07  1.100203E-01  3.195369E-05  1.011427E-06  8.800407E-07  1.001839E-03  1.362965E-03  3.945531E-05  2.310188E-05  2.938387E-05  9.282131E-06
 2.851500E+02  2.419229E-01  1.567000E-04  2.344504E-08  3.089250E-08  3.439988E-08  4.116715E-08  3.940945E-01  9.851814E-04  1.845702E-05  2.429517E-01  1.535384E-03  6.906966E-05  1.505926E-06  7.369447E-03  2.787833E-06  9.496038E-06  6.683182E-07  1.084335E-01  3.037385E-05  9.756235E-07  8.482111E-07  9.836333E-04  1.338138E-03  3.692994E-05  2.154360E-05  2.741215E-05  8.772153E-06
 2.861500E+02  2.427797E-01  1.551557E-04  2.265677E-08  2.986310E-08  3.325586E-08  3.980962E-08  3.942161E-01  9.637620E-04  1.715201E-05  2.437842E-01  1.511927E-03  6.487405E-05  1.465051E-06  7.220859E-03  2.623353E-06  8.962428E-06  6.388733E-07  1.068735E-01  2.887969E-05  9.412467E-07  8.176755E-07  9.658544E-04  1.313896E-03  3.458012E-05  2.009999E-05  2.558484E-05  8.293073E-06
 2.871500E+02  2.436213E-01  1.536274E-04  2.189851E-08  2.887254E-08  3.215494E-08  3.850282E-08  3.943343E-01  9.429689E-04  1.594797E-05  2.446021E-01  1.488882E-03  6.095356E-05  1.425429E-06  7.076118E-03  2.469624E-06  8.462220E-06  6.108949E-07  1.053399E-01  2.746619E-05  9.082355E-07  7.883775E-07  9.484914E-04  1.290225E-03  3.239277E-05  1.876195E-05  2.389056E-05  7.842862E-06
 2.881500E+02  2.444479E-01  1.521151E-04  2.116902E-08  2.791926E-08  3.109537E-08  3.724472E-08  3.944493E-01  9.227801E-04  1.483647E-05  2.454056E-01  1.466244E-03  5.728898E-05  1.387019E-06  6.935109E-03  2.325880E-06  7.993128E-06  5.843031E-07  1.038324E-01  2.612870E-05  8.765313E-07  7.602629E-07  9.315334E-04  1.267108E-03  3.035585E-05  1.752118E-05  2.231887E-05  7.419638E-06
 2.891500E+02  2.452599E-01  1.506189E-04  2.046712E-08  2.700174E-08  3.007547E-08  3.603336E-08  3.945611E-01  9.031745E-04  1.380982E-05  2.461950E-01  1.444006E-03  5.386251E-05  1.349784E-06  6.797722E-03  2.191415E-06  7.553039E-06  5.590222E-07  1.023505E-01  2.486282E-05  8.460785E-07  7.332800E-07  9.149696E-04  1.244530E-03  2.845826E-05  1.637005E-05  2.086020E-05  7.021649E-06
 2.901500E+02  2.460573E-01  1.491388E-04  1.979170E-08  2.611854E-08  2.909365E-08  3.486688E-08  3.946698E-01  8.841319E-04  1.286102E-05  2.469704E-01  1.422163E-03  5.065767E-05  1.313686E-06  6.663851E-03  2.065577E-06  7.139992E-06  5.349813E-07  1.008939E-01  2.366442E-05  8.168235E-07  7.073798E-07  8.987897E-04  1.222479E-03  2.668977E-05  1.530159E-05  1.950580E-05  6.647261E-06
 2.911500E+02  2.468406E-01  1.476748E-04  1.914166E-08  2.526826E-08  2.814837E-08  3.374347E-08  3.947756E-01  8.656329E-04  1.198369E-05  2.477321E-01  1.400707E-03  4.765916E-05  1.278688E-06  6.533392E-03  1.947763E-06  6.752170E-06  5.121135E-07  9.946220E-02  2.252964E-05  7.887155E-07  6.825152E-07  8.829834E-04  1.200939E-03  2.504095E-05  1.430938E-05  1.824762E-05  6.294959E-06
 2.921500E+02  2.476098E-01  1.462269E-04  1.851598E-08  2.444959E-08  2.723815E-08  3.266141E-08  3.948785E-01  8.476587E-04  1.117201E-05  2.484804E-01  1.379634E-03  4.485281E-05  1.244755E-06  6.406245E-03  1.837416E-06  6.387888E-06  4.903559E-07  9.805509E-02  2.145483E-05  7.617058E-07  6.586413E-07  8.675411E-04  1.179897E-03  2.350311E-05  1.338757E-05  1.707828E-05  5.963328E-06
 2.931500E+02  2.483653E-01  1.447952E-04  1.791367E-08  2.366125E-08  2.636160E-08  3.161907E-08  3.949787E-01  8.301913E-04  1.042066E-05  2.492155E-01  1.358936E-03  4.222548E-05  1.211852E-06  6.282313E-03  1.734018E-06  6.045580E-06  4.696491E-07  9.667217E-02  2.043658E-05  7.357478E-07  6.357154E-07  8.524530E-04  1.159339E-03  2.206820E-05  1.253075E-05  1.599102E-05  5.651051E-06
 2.941500E+02  2.491073E-01  1.433797E-04  1.733379E-08  2.290202E-08  2.551735E-08  3.061486E-08  3.950763E-01  8.132137E-04  9.724783E-06  2.499375E-01  1.338608E-03  3.976496E-05  1.179948E-06  6.161503E-03  1.637093E-06  5.723797E-06  4.499371E-07  9.531305E-02  1.947168E-05  7.107972E-07  6.136965E-07  8.377100E-04  1.139254E-03  2.072884E-05  1.173399E-05  1.497960E-05  5.356902E-06
 2.951500E+02  2.498360E-01  1.419803E-04  1.677542E-08  2.217073E-08  2.470413E-08  2.964726E-08  3.951712E-01  7.967091E-04  9.079951E-06  2.506468E-01  1.318644E-03  3.745994E-05  1.149009E-06  6.043722E-03  1.546198E-06  5.421188E-06  4.311674E-07  9.397738E-02  1.855712E-05  6.868113E-07  5.925457E-07  8.233029E-04  1.119628E-03  1.947817E-05  1.099273E-05  1.403831E-05  5.079737E-06
 2.961500E+02  2.505517E-01  1.405969E-04  1.623770E-08  2.146626E-08  2.392068E-08  2.871483E-08  3.952637E-01  7.806616E-04  8.482104E-06  2.513435E-01  1.299038E-03  3.529991E-05  1.119005E-06  5.928885E-03  1.460924E-06  5.136502E-06  4.132902E-07  9.266477E-02  1.769006E-05  6.637497E-07  5.722257E-07  8.092230E-04  1.100450E-03  1.830988E-05  1.030280E-05  1.316190E-05  4.818489E-06
 2.971500E+02  2.512545E-01  1.392296E-04  1.571979E-08  2.078756E-08  2.316582E-08  2.781617E-08  3.953537E-01  7.650559E-04  7.927534E-06  2.520279E-01  1.279783E-03  3.327512E-05  1.089906E-06  5.816904E-03  1.380891E-06  4.868575E-06  3.962587E-07  9.137487E-02  1.686783E-05  6.415736E-07  5.527009E-07  7.954617E-04  1.081707E-03  1.721813E-05  9.660358E-06  1.234553E-05  4.572164E-06
 2.981500E+02  2.519447E-01  1.378783E-04  1.522091E-08  2.013358E-08  2.243842E-08  2.694995E-08  3.954415E-01  7.498773E-04  7.412845E-06  2.527001E-01  1.260874E-03  3.137650E-05  1.061681E-06  5.707699E-03  1.305746E-06  4.616323E-06  3.800287E-07  9.010730E-02  1.608792E-05  6.202458E-07  5.339375E-07  7.820107E-04  1.063389E-03  1.619752E-05  9.061867E-06  1.158475E-05  4.339835E-06
 2.991500E+02  2.526226E-01  1.365430E-04  1.474028E-08  1.950334E-08  2.173738E-08  2.611489E-08  3.955269E-01  7.351116E-04  6.934927E-06  2.533604E-01  1.242305E-03  2.959564E-05  1.034305E-06  5.601188E-03  1.235163E-06  4.378741E-06  3.645585E-07  8.886171E-02  1.534799E-05  5.997309E-07  5.159030E-07  7.688619E-04  1.045483E-03  1.524304E-05  8.504078E-06  1.087547E-05  4.120635E-06
 3.001500E+02  2.532883E-01  1.352235E-04  1.427718E-08  1.889591E-08  2.106166E-08  2.530977E-08  3.956102E-01  7.207452E-04  6.490931E-06  2.540091E-01  1.224070E-03  2.792472E-05  1.007748E-06  5.497295E-03  1.168840E-06  4.154891E-06  3.498088E-07  8.763772E-02  1.464581E-05  5.799951E-07  4.985664E-07  7.560075E-04  1.027980E-03  1.435010E-05  7.983994E-06  1.021391E-05  3.913757E-06
 3.011500E+02  2.539420E-01  1.339198E-04  1.383091E-08  1.831038E-08  2.041026E-08  2.453342E-08  3.956914E-01  7.067649E-04  6.078243E-06  2.546462E-01  1.206162E-03  2.635646E-05  9.819844E-07  5.395945E-03  1.106495E-06  3.943901E-06  3.357424E-07  8.643498E-02  1.397929E-05  5.610060E-07  4.818982E-07  7.434399E-04  1.010869E-03  1.351441E-05  7.498856E-06  9.596589E-06  3.718445E-06
 3.021500E+02  2.545841E-01  1.326318E-04  1.340079E-08  1.774588E-08  1.978222E-08  2.378470E-08  3.957705E-01  6.931583E-04  5.694467E-06  2.552721E-01  1.188578E-03  2.488410E-05  9.569892E-07  5.297065E-03  1.047866E-06  3.744960E-06  3.223243E-07  8.525313E-02  1.334647E-05  5.427327E-07  4.658702E-07  7.311515E-04  9.941394E-04  1.273200E-05  7.046122E-06  9.020310E-06  3.533993E-06
 3.031500E+02  2.552146E-01  1.313595E-04  1.298620E-08  1.720159E-08  1.917663E-08  2.306255E-08  3.958477E-01  6.799130E-04  5.337403E-06  2.558869E-01  1.171310E-03  2.350135E-05  9.327374E-07  5.200585E-03  9.927111E-07  3.557310E-06  3.095214E-07  8.409182E-02  1.274551E-05  5.251455E-07  4.504554E-07  7.191353E-04  9.777814E-04  1.199922E-05  6.623448E-06  8.482114E-06  3.359744E-06
 3.041500E+02  2.558339E-01  1.301027E-04  1.258650E-08  1.667671E-08  1.859259E-08  2.236591E-08  3.959229E-01  6.670174E-04  5.005033E-06  2.564908E-01  1.154353E-03  2.220235E-05  9.092050E-07  5.106437E-03  9.408048E-07  3.380246E-06  2.973023E-07  8.295071E-02  1.217466E-05  5.082161E-07  4.356281E-07  7.073842E-04  9.617856E-04  1.131267E-05  6.228671E-06  7.979272E-06  3.195081E-06
 3.051500E+02  2.564420E-01  1.288613E-04  1.220111E-08  1.617048E-08  1.802927E-08  2.169381E-08  3.959962E-01  6.544604E-04  4.695500E-06  2.570841E-01  1.137701E-03  2.098167E-05  8.863689E-07  5.014554E-03  8.919371E-07  3.213112E-06  2.856377E-07  8.182943E-02  1.163228E-05  4.919176E-07  4.213636E-07  6.958914E-04  9.461425E-04  1.066920E-05  5.859795E-06  7.509266E-06  3.039429E-06
 3.061500E+02  2.570393E-01  1.276352E-04  1.182948E-08  1.568217E-08  1.748586E-08  2.104529E-08  3.960678E-01  6.422310E-04  4.407098E-06  2.576668E-01  1.121350E-03  1.983422E-05  8.642068E-07  4.924874E-03  8.459130E-07  3.055293E-06  2.744995E-07  8.072765E-02  1.111683E-05  4.762240E-07  4.076385E-07  6.846502E-04  9.308430E-04  1.006588E-05  5.514977E-06  7.069769E-06  2.892248E-06
 3.071500E+02  2.576259E-01  1.264244E-04  1.147105E-08  1.521108E-08  1.696158E-08  2.041944E-08  3.961376E-01  6.303188E-04  4.138260E-06  2.582393E-01  1.105293E-03  1.875530E-05  8.426971E-07  4.837334E-03  8.025508E-07  2.906218E-06  2.638613E-07  7.964503E-02  1.062686E-05  4.611107E-07  3.944303E-07  6.736543E-04  9.158783E-04  9.500022E-06  5.192515E-06  6.658633E-06  2.753034E-06
 3.081500E+02  2.582020E-01  1.252286E-04  1.112531E-08  1.475654E-08  1.645569E-08  1.981538E-08  3.962057E-01  6.187137E-04  3.887540E-06  2.588016E-01  1.089525E-03  1.774049E-05  8.218188E-07  4.751873E-03  7.616817E-07  2.765354E-06  2.536982E-07  7.858123E-02  1.016100E-05  4.465540E-07  3.817175E-07  6.628973E-04  9.012399E-04  8.969096E-06  4.890837E-06  6.273870E-06  2.621316E-06
 3.091500E+02  2.587678E-01  1.240478E-04  1.079176E-08  1.431791E-08  1.596748E-08  1.923228E-08  3.962721E-01  6.074062E-04  3.653612E-06  2.593540E-01  1.074041E-03  1.678570E-05  8.015516E-07  4.668435E-03  7.231481E-07  2.632200E-06  2.439866E-07  7.753592E-02  9.717952E-06  4.325312E-07  3.694796E-07  6.523732E-04  8.869192E-04  8.470775E-06  4.608488E-06  5.913643E-06  2.496653E-06
 3.101500E+02  2.593236E-01  1.228819E-04  1.046993E-08  1.389458E-08  1.549626E-08  1.866933E-08  3.963369E-01  5.963869E-04  3.435250E-06  2.598967E-01  1.058835E-03  1.588712E-05  7.818762E-07  4.586963E-03  6.868035E-07  2.506292E-06  2.347042E-07  7.650877E-02  9.296501E-06  4.190207E-07  3.576971E-07  6.420761E-04  8.729084E-04  8.002892E-06  4.344124E-06  5.576252E-06  2.378630E-06
 3.111500E+02  2.598694E-01  1.217307E-04  1.015937E-08  1.348595E-08  1.504138E-08  1.812576E-08  3.964002E-01  5.856467E-04  3.231327E-06  2.604299E-01  1.043903E-03  1.504117E-05  7.627735E-07  4.507402E-03  6.525112E-07  2.387195E-06  2.258298E-07  7.549946E-02  8.895500E-06  4.060019E-07  3.463513E-07  6.320002E-04  8.591994E-04  7.563436E-06  4.096499E-06  5.260124E-06  2.266860E-06
 3.121500E+02  2.604055E-01  1.205941E-04  9.859625E-09  1.309145E-08  1.460221E-08  1.760083E-08  3.964620E-01  5.751771E-04  3.040802E-06  2.609536E-01  1.029240E-03  1.424455E-05  7.442252E-07  4.429699E-03  6.201437E-07  2.274502E-06  2.173435E-07  7.450767E-02  8.513867E-06  3.934548E-07  3.354241E-07  6.221400E-04  8.457846E-04  7.150536E-06  3.864463E-06  4.963802E-06  2.160980E-06
 3.131500E+02  2.609321E-01  1.194719E-04  9.570290E-09  1.271055E-08  1.417815E-08  1.709384E-08  3.965223E-01  5.649697E-04  2.862717E-06  2.614682E-01  1.014839E-03  1.349414E-05  7.262137E-07  4.353804E-03  5.895822E-07  2.167832E-06  2.092263E-07  7.353308E-02  8.150581E-06  3.813607E-07  3.248985E-07  6.124899E-04  8.326566E-04  6.762455E-06  3.646949E-06  4.685936E-06  2.060650E-06
 3.141500E+02  2.614493E-01  1.183641E-04  9.290959E-09  1.234272E-08  1.376861E-08  1.660409E-08  3.965812E-01  5.550164E-04  2.696187E-06  2.619737E-01  1.000697E-03  1.278706E-05  7.087219E-07  4.279666E-03  5.607159E-07  2.066829E-06  2.014603E-07  7.257538E-02  7.804679E-06  3.697012E-07  3.147581E-07  6.030448E-04  8.198080E-04  6.397575E-06  3.442967E-06  4.425276E-06  1.965551E-06
 3.151500E+02  2.619574E-01  1.172705E-04  9.021248E-09  1.198747E-08  1.337306E-08  1.613094E-08  3.966387E-01  5.453095E-04  2.540393E-06  2.624704E-01  9.868086E-04  1.212062E-05  6.917332E-07  4.207237E-03  5.334411E-07  1.971162E-06  1.940287E-07  7.163427E-02  7.475251E-06  3.584592E-07  3.049874E-07  5.937995E-04  8.072320E-04  6.054394E-06  3.251603E-06  4.180663E-06  1.875384E-06
 3.161500E+02  2.624565E-01  1.161909E-04  8.760789E-09  1.164431E-08  1.299095E-08  1.567377E-08  3.966948E-01  5.358414E-04  2.394581E-06  2.629584E-01  9.731688E-04  1.149229E-05  6.752318E-07  4.136471E-03  5.076613E-07  1.880517E-06  1.869152E-07  7.070944E-02  7.161440E-06  3.476179E-07  2.955713E-07  5.847489E-04  7.949216E-04  5.731512E-06  3.072007E-06  3.951020E-06  1.789867E-06
 3.171500E+02  2.629467E-01  1.151252E-04  8.509227E-09  1.131278E-08  1.262178E-08  1.523196E-08  3.967497E-01  5.266050E-04  2.258053E-06  2.634378E-01  9.597730E-04  1.089972E-05  6.592020E-07  4.067323E-03  4.832862E-07  1.794604E-06  1.801046E-07  6.980060E-02  6.862437E-06  3.371615E-07  2.864954E-07  5.758883E-04  7.828702E-04  5.427627E-06  2.903391E-06  3.735351E-06  1.708738E-06
 3.181500E+02  2.634283E-01  1.140732E-04  8.266225E-09  1.099246E-08  1.226506E-08  1.480495E-08  3.968033E-01  5.175934E-04  2.130165E-06  2.639089E-01  9.466165E-04  1.034072E-05  6.436291E-07  3.999748E-03  4.602313E-07  1.713148E-06  1.735826E-07  6.890745E-02  6.577475E-06  3.270748E-07  2.777463E-07  5.672130E-04  7.710714E-04  5.141526E-06  2.745024E-06  3.532728E-06  1.631749E-06
 3.191500E+02  2.639014E-01  1.130349E-04  8.031455E-09  1.068291E-08  1.192031E-08  1.439218E-08  3.968557E-01  5.087997E-04  2.010318E-06  2.643717E-01  9.336949E-04  9.813219E-06  6.284986E-07  3.933704E-03  4.384179E-07  1.635895E-06  1.673355E-07  6.802970E-02  6.305834E-06  3.173432E-07  2.693106E-07  5.587182E-04  7.595188E-04  4.872078E-06  2.596228E-06  3.342291E-06  1.558668E-06
 3.201500E+02  2.643662E-01  1.120100E-04  7.804608E-09  1.038372E-08  1.158710E-08  1.399312E-08  3.969069E-01  5.002174E-04  1.897961E-06  2.648266E-01  9.210036E-04  9.315313E-06  6.137965E-07  3.869149E-03  4.177722E-07  1.562602E-06  1.613502E-07  6.716707E-02  6.046831E-06  3.079527E-07  2.611760E-07  5.503996E-04  7.482063E-04  4.618232E-06  2.456373E-06  3.163242E-06  1.489276E-06
 3.211500E+02  2.648228E-01  1.109984E-04  7.585383E-09  1.009452E-08  1.126498E-08  1.360726E-08  3.969569E-01  4.918405E-04  1.792583E-06  2.652735E-01  9.085381E-04  8.845201E-06  5.995093E-07  3.806045E-03  3.982252E-07  1.493047E-06  1.556145E-07  6.631927E-02  5.799820E-06  2.988901E-07  2.533304E-07  5.422529E-04  7.371280E-04  4.379006E-06  2.324872E-06  2.994838E-06  1.423369E-06
 3.221500E+02  2.652714E-01  1.100000E-04  7.373493E-09  9.814926E-09  1.095354E-08  1.323411E-08  3.970057E-01  4.836626E-04  1.693710E-06  2.657126E-01  8.962942E-04  8.401207E-06  5.856240E-07  3.744352E-03  3.797124E-07  1.427016E-06  1.501168E-07  6.548604E-02  5.564193E-06  2.901424E-07  2.457623E-07  5.342737E-04  7.262781E-04  4.153485E-06  2.201182E-06  2.836388E-06  1.360754E-06
 3.231500E+02  2.657121E-01  1.090146E-04  7.168665E-09  9.544581E-09  1.065240E-08  1.287320E-08  3.970535E-01  4.756782E-04  1.600902E-06  2.661442E-01  8.842676E-04  7.981760E-06  5.721280E-07  3.684032E-03  3.621732E-07  1.364313E-06  1.448459E-07  6.466710E-02  5.339375E-06  2.816976E-07  2.384609E-07  5.264581E-04  7.156511E-04  3.940816E-06  2.084796E-06  2.687251E-06  1.301250E-06
 3.241500E+02  2.661452E-01  1.080421E-04  6.970632E-09  9.283141E-09  1.036115E-08  1.252408E-08  3.971002E-01  4.678814E-04  1.513754E-06  2.665683E-01  8.724541E-04  7.585391E-06  5.590091E-07  3.625050E-03  3.455512E-07  1.304750E-06  1.397913E-07  6.386219E-02  5.124820E-06  2.735437E-07  2.314155E-07  5.188019E-04  7.052414E-04  3.740201E-06  1.975245E-06  2.546828E-06  1.244686E-06
 3.251500E+02  2.665707E-01  1.070823E-04  6.779143E-09  9.030277E-09  1.007945E-08  1.218631E-08  3.971459E-01  4.602669E-04  1.431886E-06  2.669851E-01  8.608496E-04  7.210725E-06  5.462556E-07  3.567368E-03  3.297933E-07  1.248153E-06  1.349431E-07  6.307104E-02  4.920013E-06  2.656697E-07  2.246162E-07  5.113014E-04  6.950437E-04  3.550897E-06  1.872089E-06  2.414564E-06  1.190903E-06
 3.261500E+02  2.669888E-01  1.061350E-04  6.593954E-09  8.785674E-09  9.806932E-09  1.185949E-08  3.971906E-01  4.528294E-04  1.354950E-06  2.673947E-01  8.494501E-04  6.856475E-06  5.338559E-07  3.510954E-03  3.148499E-07  1.194359E-06  1.302918E-07  6.229339E-02  4.724468E-06  2.580647E-07  2.180532E-07  5.039527E-04  6.850529E-04  3.372211E-06  1.774921E-06  2.289941E-06  1.139750E-06
 3.271500E+02  2.673996E-01  1.052002E-04  6.414832E-09  8.549026E-09  9.543266E-09  1.154321E-08  3.972343E-01  4.455638E-04  1.282621E-06  2.677972E-01  8.382515E-04  6.521434E-06  5.217993E-07  3.455774E-03  3.006743E-07  1.143213E-06  1.258284E-07  6.152900E-02  4.537724E-06  2.507184E-07  2.117174E-07  4.967522E-04  6.752639E-04  3.203493E-06  1.683362E-06  2.172476E-06  1.091084E-06
 3.281500E+02  2.678033E-01  1.042776E-04  6.241553E-09  8.320043E-09  9.288126E-09  1.123709E-08  3.972770E-01  4.384652E-04  1.214595E-06  2.681929E-01  8.272500E-04  6.204473E-06  5.100749E-07  3.401796E-03  2.872229E-07  1.094570E-06  1.215443E-07  6.077761E-02  4.359344E-06  2.436209E-07  2.056000E-07  4.896963E-04  6.656719E-04  3.044139E-06  1.597057E-06  2.061720E-06  1.044773E-06
 3.291500E+02  2.682001E-01  1.033671E-04  6.073902E-09  8.098445E-09  9.041201E-09  1.094076E-08  3.973188E-01  4.315289E-04  1.150593E-06  2.685818E-01  8.164417E-04  5.904534E-06  4.986725E-07  3.348988E-03  2.744547E-07  1.048293E-06  1.174316E-07  6.003897E-02  4.188917E-06  2.367628E-07  1.996925E-07  4.827815E-04  6.562721E-04  2.893581E-06  1.515678E-06  1.957254E-06  1.000690E-06
 3.301500E+02  2.685900E-01  1.024685E-04  5.911673E-09  7.883962E-09  8.802193E-09  1.065387E-08  3.973597E-01  4.247502E-04  1.090354E-06  2.689640E-01  8.058230E-04  5.620625E-06  4.875821E-07  3.297320E-03  2.623314E-07  1.004256E-06  1.134824E-07  5.931286E-02  4.026051E-06  2.301349E-07  1.939868E-07  4.760045E-04  6.470598E-04  2.751291E-06  1.438916E-06  1.858686E-06  9.587177E-07
 3.311500E+02  2.689731E-01  1.015818E-04  5.754667E-09  7.676337E-09  8.570815E-09  1.037607E-08  3.973997E-01  4.181247E-04  1.033635E-06  2.693398E-01  7.953900E-04  5.351815E-06  4.767942E-07  3.246762E-03  2.508167E-07  9.623364E-07  1.096894E-07  5.859902E-02  3.870377E-06  2.237286E-07  1.884751E-07  4.693619E-04  6.380307E-04  2.616774E-06  1.366485E-06  1.765654E-06  9.187434E-07
 3.321500E+02  2.693497E-01  1.007067E-04  5.602695E-09  7.475322E-09  8.346792E-09  1.010704E-08  3.974388E-01  4.116482E-04  9.802110E-07  2.697091E-01  7.851392E-04  5.097233E-06  4.662995E-07  3.197285E-03  2.398769E-07  9.224217E-07  1.060456E-07  5.789724E-02  3.721544E-06  2.175355E-07  1.831501E-07  4.628505E-04  6.291802E-04  2.489566E-06  1.298119E-06  1.677816E-06  8.806624E-07
 3.331500E+02  2.697199E-01  9.984312E-05  5.455574E-09  7.280678E-09  8.129858E-09  9.846478E-09  3.974771E-01  4.053165E-04  9.298720E-07  2.700722E-01  7.750671E-04  4.856061E-06  4.560888E-07  3.148863E-03  2.294801E-07  8.844049E-07  1.025445E-07  5.720728E-02  3.579221E-06  2.115476E-07  1.780045E-07  4.564673E-04  6.205042E-04  2.369235E-06  1.233567E-06  1.594854E-06  8.443753E-07
 3.341500E+02  2.700837E-01  9.899088E-05  5.313128E-09  7.092176E-09  7.919760E-09  9.594066E-09  3.975146E-01  3.991255E-04  8.824224E-07  2.704291E-01  7.651702E-04  4.627530E-06  4.461536E-07  3.101467E-03  2.195964E-07  8.481854E-07  9.917967E-08  5.652891E-02  3.443092E-06  2.057573E-07  1.730316E-07  4.502092E-04  6.119985E-04  2.255373E-06  1.172595E-06  1.516473E-06  8.097888E-07
 3.351500E+02  2.704413E-01  9.814985E-05  5.175190E-09  6.909597E-09  7.716253E-09  9.349521E-09  3.975513E-01  3.930714E-04  8.376804E-07  2.707800E-01  7.554450E-04  4.410919E-06  4.364855E-07  3.055072E-03  2.101977E-07  8.136684E-07  9.594519E-08  5.586193E-02  3.312861E-06  2.001571E-07  1.682249E-07  4.440732E-04  6.036590E-04  2.147602E-06  1.114988E-06  1.442395E-06  7.768144E-07
 3.361500E+02  2.707928E-01  9.731988E-05  5.041597E-09  6.732730E-09  7.519102E-09  9.112565E-09  3.975872E-01  3.871505E-04  7.954763E-07  2.711250E-01  7.458881E-04  4.205554E-06  4.270762E-07  3.009652E-03  2.012575E-07  7.807649E-07  9.283533E-08  5.520611E-02  3.188245E-06  1.947399E-07  1.635779E-07  4.380564E-04  5.954819E-04  2.045566E-06  1.060541E-06  1.372361E-06  7.453691E-07
 3.371500E+02  2.711384E-01  9.650081E-05  4.912194E-09  6.561372E-09  7.328083E-09  8.882928E-09  3.976224E-01  3.813590E-04  7.556519E-07  2.714642E-01  7.364964E-04  4.010797E-06  4.179180E-07  2.965182E-03  1.927511E-07  7.493904E-07  8.984467E-08  5.456125E-02  3.068975E-06  1.894992E-07  1.590849E-07  4.321561E-04  5.874633E-04  1.948931E-06  1.009065E-06  1.306129E-06  7.153741E-07
 3.381500E+02  2.714781E-01  9.569252E-05  4.786831E-09  6.395327E-09  7.142978E-09  8.660355E-09  3.976568E-01  3.756935E-04  7.180600E-07  2.717977E-01  7.272666E-04  3.826053E-06  4.090032E-07  2.921638E-03  1.846551E-07  7.194659E-07  8.696804E-08  5.392713E-02  2.954799E-06  1.844282E-07  1.547399E-07  4.263696E-04  5.795995E-04  1.857384E-06  9.603807E-07  1.243472E-06  6.867554E-07
 3.391500E+02  2.718121E-01  9.489484E-05  4.665366E-09  6.234408E-09  6.963578E-09  8.444598E-09  3.976906E-01  3.701506E-04  6.825631E-07  2.721256E-01  7.181955E-04  3.650761E-06  4.003245E-07  2.878998E-03  1.769474E-07  6.909163E-07  8.420050E-08  5.330355E-02  2.845475E-06  1.795208E-07  1.505375E-07  4.206942E-04  5.718870E-04  1.770633E-06  9.143233E-07  1.184180E-06  6.594429E-07
 3.401500E+02  2.721404E-01  9.410764E-05  4.547659E-09  6.078435E-09  6.789684E-09  8.235418E-09  3.977236E-01  3.647269E-04  6.490327E-07  2.724480E-01  7.092801E-04  3.484394E-06  3.918747E-07  2.837238E-03  1.696073E-07  6.636712E-07  8.153739E-08  5.269032E-02  2.740775E-06  1.747710E-07  1.464724E-07  4.151273E-04  5.643221E-04  1.688402E-06  8.707371E-07  1.128053E-06  6.333705E-07
 3.411500E+02  2.724633E-01  9.333077E-05  4.433580E-09  5.927235E-09  6.621104E-09  8.032588E-09  3.977559E-01  3.594194E-04  6.173491E-07  2.727651E-01  7.005173E-04  3.326457E-06  3.836471E-07  2.796336E-03  1.626153E-07  6.376639E-07  7.897423E-08  5.208723E-02  2.640481E-06  1.701731E-07  1.425394E-07  4.096664E-04  5.569014E-04  1.610435E-06  8.294764E-07  1.074906E-06  6.084756E-07
 3.421500E+02  2.727807E-01  9.256410E-05  4.322999E-09  5.780640E-09  6.457651E-09  7.835888E-09  3.977876E-01  3.542248E-04  5.874004E-07  2.730769E-01  6.919040E-04  3.176484E-06  3.756349E-07  2.756272E-03  1.559531E-07  6.128315E-07  7.650677E-08  5.149409E-02  2.544390E-06  1.657215E-07  1.387337E-07  4.043090E-04  5.496216E-04  1.536489E-06  7.904052E-07  1.024565E-06  5.846992E-07
 3.431500E+02  2.730928E-01  9.180748E-05  4.215795E-09  5.638491E-09  6.299147E-09  7.645105E-09  3.978187E-01  3.491402E-04  5.590822E-07  2.733836E-01  6.834375E-04  3.034036E-06  3.678316E-07  2.717023E-03  1.496033E-07  5.891147E-07  7.413095E-08  5.091073E-02  2.452304E-06  1.614109E-07  1.350506E-07  3.990528E-04  5.424795E-04  1.466336E-06  7.533958E-07  9.768677E-07  5.619854E-07
 3.441500E+02  2.733997E-01  9.106078E-05  4.111850E-09  5.500635E-09  6.145422E-09  7.460036E-09  3.978491E-01  3.441626E-04  5.322967E-07  2.736851E-01  6.751149E-04  2.898702E-06  3.602312E-07  2.678571E-03  1.435496E-07  5.664573E-07  7.184292E-08  5.033694E-02  2.364039E-06  1.572363E-07  1.314857E-07  3.938955E-04  5.354719E-04  1.399764E-06  7.183286E-07  9.316613E-07  5.402814E-07
 3.451500E+02  2.737015E-01  9.032385E-05  4.011051E-09  5.366921E-09  5.996311E-09  7.280486E-09  3.978789E-01  3.392894E-04  5.069526E-07  2.739817E-01  6.669333E-04  2.770094E-06  3.528274E-07  2.640895E-03  1.377767E-07  5.448065E-07  6.963899E-08  4.977255E-02  2.279419E-06  1.531928E-07  1.280346E-07  3.888348E-04  5.285957E-04  1.336573E-06  6.850918E-07  8.888027E-07  5.195374E-07
 3.461500E+02  2.739984E-01  8.959657E-05  3.913289E-09  5.237209E-09  5.851654E-09  7.106266E-09  3.979081E-01  3.345176E-04  4.829645E-07  2.742735E-01  6.588900E-04  2.647847E-06  3.456146E-07  2.603977E-03  1.322699E-07  5.241121E-07  6.751564E-08  4.921739E-02  2.198276E-06  1.492757E-07  1.246932E-07  3.838685E-04  5.218479E-04  1.276574E-06  6.535802E-07  8.481579E-07  4.997061E-07
 3.471500E+02  2.742903E-01  8.887879E-05  3.818459E-09  5.111361E-09  5.711301E-09  6.937194E-09  3.979367E-01  3.298448E-04  4.602525E-07  2.745604E-01  6.509823E-04  2.531617E-06  3.385870E-07  2.567797E-03  1.270157E-07  5.043267E-07  6.546953E-08  4.867127E-02  2.120452E-06  1.454804E-07  1.214575E-07  3.789944E-04  5.152256E-04  1.219590E-06  6.236955E-07  8.096010E-07  4.807428E-07
 3.481500E+02  2.745774E-01  8.817039E-05  3.726460E-09  4.989244E-09  5.575103E-09  6.773097E-09  3.979648E-01  3.252684E-04  4.387417E-07  2.748427E-01  6.432076E-04  2.421080E-06  3.317393E-07  2.532338E-03  1.220011E-07  4.854057E-07  6.349746E-08  4.813404E-02  2.045795E-06  1.418027E-07  1.183236E-07  3.742106E-04  5.087260E-04  1.165456E-06  5.953451E-07  7.730141E-07  4.626052E-07
 3.491500E+02  2.748598E-01  8.747123E-05  3.637195E-09  4.870733E-09  5.442921E-09  6.613806E-09  3.979923E-01  3.207858E-04  4.183622E-07  2.751204E-01  6.355633E-04  2.315932E-06  3.250661E-07  2.497583E-03  1.172139E-07  4.673066E-07  6.159639E-08  4.760551E-02  1.974162E-06  1.382384E-07  1.152881E-07  3.695148E-04  5.023462E-04  1.114014E-06  5.684426E-07  7.382862E-07  4.452532E-07
 3.501500E+02  2.751375E-01  8.678118E-05  3.550572E-09  4.755704E-09  5.314617E-09  6.459159E-09  3.980192E-01  3.163946E-04  3.990483E-07  2.753935E-01  6.280468E-04  2.215885E-06  3.185622E-07  2.463515E-03  1.126427E-07  4.499895E-07  5.976339E-08  4.708552E-02  1.905417E-06  1.347834E-07  1.123472E-07  3.649052E-04  4.960837E-04  1.065118E-06  5.429064E-07  7.053134E-07  4.286489E-07
 3.511500E+02  2.754107E-01  8.610011E-05  3.466500E-09  4.644041E-09  5.190061E-09  6.309001E-09  3.980457E-01  3.120926E-04  3.807387E-07  2.756623E-01  6.206558E-04  2.120668E-06  3.122229E-07  2.430116E-03  1.082764E-07  4.334164E-07  5.799570E-08  4.657393E-02  1.839431E-06  1.314340E-07  1.094977E-07  3.603799E-04  4.899356E-04  1.018629E-06  5.186601E-07  6.739979E-07  4.127565E-07
 3.521500E+02  2.756795E-01  8.542789E-05  3.384893E-09  4.535630E-09  5.069128E-09  6.163182E-09  3.980716E-01  3.078775E-04  3.633756E-07  2.759267E-01  6.133877E-04  2.030026E-06  3.060432E-07  2.397371E-03  1.041049E-07  4.175514E-07  5.629066E-08  4.607055E-02  1.776079E-06  1.281865E-07  1.067363E-07  3.559369E-04  4.838996E-04  9.744173E-07  4.956321E-07  6.442480E-07  3.975418E-07
 3.531500E+02  2.759439E-01  8.476441E-05  3.305668E-09  4.430362E-09  4.951695E-09  6.021558E-09  3.980970E-01  3.037470E-04  3.469051E-07  2.761868E-01  6.062402E-04  1.943719E-06  3.000186E-07  2.365264E-03  1.001185E-07  4.023605E-07  5.464574E-08  4.557525E-02  1.715244E-06  1.250373E-07  1.040599E-07  3.515744E-04  4.779730E-04  9.323604E-07  4.737548E-07  6.159774E-07  3.829726E-07
 3.541500E+02  2.762040E-01  8.410952E-05  3.228745E-09  4.328132E-09  4.837647E-09  5.883989E-09  3.981219E-01  2.996990E-04  3.312765E-07  2.764427E-01  5.992109E-04  1.861519E-06  2.941445E-07  2.333780E-03  9.630788E-08  3.878116E-07  5.305852E-08  4.508787E-02  1.656815E-06  1.219830E-07  1.014655E-07  3.472907E-04  4.721535E-04  8.923426E-07  4.529650E-07  5.891049E-07  3.690184E-07
 3.551500E+02  2.764599E-01  8.346312E-05  3.154047E-09  4.228839E-09  4.726871E-09  5.750342E-09  3.981463E-01  2.957315E-04  3.164424E-07  2.766946E-01  5.922976E-04  1.783211E-06  2.884166E-07  2.302904E-03  9.266449E-08  3.738742E-07  5.152669E-08  4.460827E-02  1.600686E-06  1.190204E-07  9.895024E-08  3.430840E-04  4.664387E-04  8.542553E-07  4.332029E-07  5.635544E-07  3.556501E-07
 3.561500E+02  2.767117E-01  8.282508E-05  3.081499E-09  4.132386E-09  4.619258E-09  5.620487E-09  3.981703E-01  2.918425E-04  3.023580E-07  2.769424E-01  5.854981E-04  1.708595E-06  2.828307E-07  2.272622E-03  8.918008E-08  3.605193E-07  5.004805E-08  4.413629E-02  1.546756E-06  1.161462E-07  9.651131E-08  3.389525E-04  4.608263E-04  8.179960E-07  4.144126E-07  5.392540E-07  3.428403E-07
 3.571500E+02  2.769595E-01  8.219527E-05  3.011031E-09  4.038679E-09  4.514705E-09  5.494300E-09  3.981938E-01  2.880300E-04  2.889815E-07  2.771863E-01  5.788101E-04  1.637479E-06  2.773828E-07  2.242921E-03  8.584689E-08  3.477197E-07  4.862047E-08  4.367179E-02  1.494927E-06  1.133574E-07  9.414607E-08  3.348948E-04  4.553140E-04  7.834681E-07  3.965414E-07  5.161362E-07  3.305628E-07
 3.581500E+02  2.772033E-01  8.157359E-05  2.942573E-09  3.947628E-09  4.413110E-09  5.371662E-09  3.982169E-01  2.842922E-04  2.762737E-07  2.774263E-01  5.722315E-04  1.569683E-06  2.720688E-07  2.213785E-03  8.265757E-08  3.354492E-07  4.724195E-08  4.321463E-02  1.445110E-06  1.106511E-07  9.185198E-08  3.309090E-04  4.498997E-04  7.505806E-07  3.795396E-07  4.941374E-07  3.187931E-07
 3.591500E+02  2.774432E-01  8.095990E-05  2.876060E-09  3.859146E-09  4.314378E-09  5.252458E-09  3.982395E-01  2.806271E-04  2.641975E-07  2.776625E-01  5.657602E-04  1.505037E-06  2.668851E-07  2.185202E-03  7.960515E-08  3.236833E-07  4.591055E-08  4.276468E-02  1.397216E-06  1.080246E-07  8.962656E-08  3.269938E-04  4.445811E-04  7.192478E-07  3.633606E-07  4.731980E-07  3.075075E-07
 3.601500E+02  2.776793E-01  8.035411E-05  2.811427E-09  3.773148E-09  4.218414E-09  5.136575E-09  3.982617E-01  2.770331E-04  2.527182E-07  2.778950E-01  5.593942E-04  1.443380E-06  2.618278E-07  2.157160E-03  7.668307E-08  3.123986E-07  4.462444E-08  4.232181E-02  1.351163E-06  1.054751E-07  8.746747E-08  3.231474E-04  4.393563E-04  6.893886E-07  3.479603E-07  4.532614E-07  2.966837E-07
 3.611500E+02  2.779117E-01  7.975609E-05  2.748613E-09  3.689555E-09  4.125129E-09  5.023907E-09  3.982835E-01  2.735083E-04  2.418032E-07  2.781238E-01  5.531313E-04  1.384560E-06  2.568934E-07  2.129645E-03  7.388507E-08  3.015729E-07  4.338184E-08  4.188587E-02  1.306871E-06  1.029999E-07  8.537242E-08  3.193686E-04  4.342231E-04  6.609266E-07  3.332975E-07  4.342746E-07  2.863007E-07
 3.621500E+02  2.781403E-01  7.916573E-05  2.687558E-09  3.608288E-09  4.034437E-09  4.914350E-09  3.983049E-01  2.700512E-04  2.314217E-07  2.783490E-01  5.469698E-04  1.328434E-06  2.520784E-07  2.102645E-03  7.120525E-08  2.911852E-07  4.218107E-08  4.145675E-02  1.264264E-06  1.005967E-07  8.333923E-08  3.156557E-04  4.291797E-04  6.337898E-07  3.193331E-07  4.161876E-07  2.763383E-07
 3.631500E+02  2.783654E-01  7.858291E-05  2.628206E-09  3.529272E-09  3.946254E-09  4.807805E-09  3.983259E-01  2.666601E-04  2.215450E-07  2.785707E-01  5.409075E-04  1.274867E-06  2.473794E-07  2.076149E-03  6.863801E-08  2.812155E-07  4.102053E-08  4.103431E-02  1.223272E-06  9.826296E-08  8.136580E-08  3.120074E-04  4.242240E-04  6.079102E-07  3.060302E-07  3.989532E-07  2.667774E-07
 3.641500E+02  2.785870E-01  7.800754E-05  2.570502E-09  3.452436E-09  3.860498E-09  4.704175E-09  3.983465E-01  2.633333E-04  2.121458E-07  2.787889E-01  5.349427E-04  1.223729E-06  2.427933E-07  2.050146E-03  6.617804E-08  2.716448E-07  3.989865E-08  4.061843E-02  1.183825E-06  9.599641E-08  7.945011E-08  3.084223E-04  4.193543E-04  5.832235E-07  2.933543E-07  3.825270E-07  2.576000E-07
 3.651500E+02  2.788050E-01  7.743950E-05  2.514392E-09  3.377708E-09  3.777094E-09  4.603369E-09  3.983668E-01  2.600695E-04  2.031986E-07  2.790038E-01  5.290735E-04  1.174901E-06  2.383169E-07  2.024623E-03  6.382030E-08  2.624552E-07  3.881396E-08  4.020899E-02  1.145858E-06  9.379479E-08  7.759020E-08  3.048991E-04  4.145685E-04  5.596690E-07  2.812727E-07  3.668670E-07  2.487886E-07
 3.661500E+02  2.790197E-01  7.687869E-05  2.459825E-09  3.305023E-09  3.695965E-09  4.505295E-09  3.983866E-01  2.568670E-04  1.946793E-07  2.792153E-01  5.232981E-04  1.128266E-06  2.339470E-07  1.999569E-03  6.156004E-08  2.536294E-07  3.776506E-08  3.980588E-02  1.109309E-06  9.165597E-08  7.578421E-08  3.014364E-04  4.098651E-04  5.371894E-07  2.697545E-07  3.519336E-07  2.403271E-07
 3.671500E+02  2.792310E-01  7.632499E-05  2.406753E-09  3.234314E-09  3.617040E-09  4.409870E-09  3.984061E-01  2.537244E-04  1.865651E-07  2.794236E-01  5.176146E-04  1.083718E-06  2.296808E-07  1.974975E-03  5.939271E-08  2.451512E-07  3.675057E-08  3.940896E-02  1.074118E-06  8.957788E-08  7.403032E-08  2.980329E-04  4.052421E-04  5.157305E-07  2.587707E-07  3.376895E-07  2.321997E-07
 3.681500E+02  2.794391E-01  7.577831E-05  2.355127E-09  3.165521E-09  3.540249E-09  4.317008E-09  3.984252E-01  2.506403E-04  1.788348E-07  2.796286E-01  5.120214E-04  1.041152E-06  2.255153E-07  1.950830E-03  5.731402E-08  2.370052E-07  3.576921E-08  3.901814E-02  1.040229E-06  8.755851E-08  7.232681E-08  2.946874E-04  4.006980E-04  4.952412E-07  2.482938E-07  3.240996E-07  2.243916E-07
 3.691500E+02  2.796439E-01  7.523855E-05  2.304901E-09  3.098581E-09  3.465525E-09  4.226630E-09  3.984440E-01  2.476133E-04  1.714682E-07  2.798305E-01  5.065167E-04  1.000471E-06  2.214479E-07  1.927123E-03  5.531990E-08  2.291766E-07  3.481973E-08  3.863330E-02  1.007588E-06  8.559595E-08  7.067199E-08  2.913987E-04  3.962310E-04  4.756730E-07  2.382980E-07  3.111304E-07  2.168888E-07
 3.701500E+02  2.798456E-01  7.470560E-05  2.256032E-09  3.033438E-09  3.392803E-09  4.138659E-09  3.984625E-01  2.446422E-04  1.644463E-07  2.800293E-01  5.010989E-04  9.615845E-07  2.174757E-07  1.903845E-03  5.340648E-08  2.216515E-07  3.390094E-08  3.825432E-02  9.761423E-07  8.368834E-08  6.906427E-08  2.881656E-04  3.918396E-04  4.569802E-07  2.287587E-07  2.987505E-07  2.096779E-07
 3.711500E+02  2.800442E-01  7.417936E-05  2.208477E-09  2.970034E-09  3.322021E-09  4.053020E-09  3.984806E-01  2.417255E-04  1.577512E-07  2.802251E-01  4.957663E-04  9.244042E-07  2.135962E-07  1.880987E-03  5.157008E-08  2.144165E-07  3.301169E-08  3.788111E-02  9.458435E-07  8.183391E-08  6.750209E-08  2.849870E-04  3.875221E-04  4.391195E-07  2.196528E-07  2.869303E-07  2.027461E-07
 3.721500E+02  2.802397E-01  7.365974E-05  2.162194E-09  2.908316E-09  3.253117E-09  3.969640E-09  3.984984E-01  2.388621E-04  1.513660E-07  2.804179E-01  4.905174E-04  8.888478E-07  2.098069E-07  1.858538E-03  4.980721E-08  2.074589E-07  3.215090E-08  3.751355E-02  9.166443E-07  8.003093E-08  6.598395E-08  2.818616E-04  3.832770E-04  4.220498E-07  2.109585E-07  2.756417E-07  1.960812E-07
 3.731500E+02  2.804323E-01  7.314663E-05  2.117144E-09  2.848232E-09  3.186035E-09  3.888450E-09  3.985159E-01  2.360508E-04  1.452749E-07  2.806077E-01  4.853505E-04  8.548370E-07  2.061053E-07  1.836491E-03  4.811456E-08  2.007669E-07  3.131751E-08  3.715154E-02  8.884998E-07  7.827774E-08  6.450842E-08  2.787884E-04  3.791028E-04  4.057324E-07  2.026553E-07  2.648582E-07  1.896717E-07
