#         T/K            c1          c2-1          c3-4          c3-5          c3-7          c3-9            m1          m2-1          m3-1            w1            w2          w3-1          w3-2          c1m1        c1m2-1        c1m2-7        c2m1-1        c1w1-2        c1w2-1        c2w1-1        c2w1-9        m1w1-1        m1w1-4        m1w2-1        m2w1-1        m2w1-3      c1m1w1-1
 2.731500E+02  3.939334E-01  5.074059E-04  1.730395E-07  2.271186E-07  2.526875E-07  3.012984E-07  3.900549E-01  1.264303E-03  4.423193E-05  1.013848E-01  3.485107E-04  1.218496E-05  1.709680E-07  1.588470E-02  9.787002E-06  3.211426E-05  3.299548E-06  9.517434E-02  1.798150E-05  1.881191E-06  1.651885E-06  5.278777E-04  7.185839E-04  1.545164E-05  2.152438E-05  2.726092E-05  1.273025E-05
 2.741500E+02  3.948121E-01  5.002172E-04  1.658240E-07  2.177217E-07  2.422508E-07  2.889450E-07  3.902892E-01  1.234848E-03  4.085853E-05  1.020853E-01  3.448609E-04  1.148898E-05  1.674673E-07  1.551159E-02  9.146400E-06  3.010945E-05  3.130754E-06  9.380771E-02  1.709597E-05  1.808195E-06  1.586417E-06  5.192107E-04  7.067409E-04  1.447737E-05  2.002841E-05  2.537635E-05  1.199291E-05
 2.751500E+02  3.956746E-01  4.931712E-04  1.589566E-07  2.087751E-07  2.323135E-07  2.771790E-07  3.905162E-01  1.206288E-03  3.776466E-05  1.027752E-01  3.412149E-04  1.083451E-05  1.640217E-07  1.514975E-02  8.552000E-06  2.824326E-05  2.971730E-06  9.246171E-02  1.625717E-05  1.738377E-06  1.523856E-06  5.107023E-04  6.951167E-04  1.356860E-05  1.864467E-05  2.363248E-05  1.130222E-05
 2.761500E+02  3.965212E-01  4.862647E-04  1.524185E-07  2.002548E-07  2.228488E-07  2.659692E-07  3.907361E-01  1.178592E-03  3.492546E-05  1.034544E-01  3.375748E-04  1.021902E-05  1.606319E-07  1.479878E-02  8.000190E-06  2.650527E-05  2.821853E-06  9.113618E-02  1.546253E-05  1.671588E-06  1.464063E-06  5.023503E-04  6.837082E-04  1.272071E-05  1.736419E-05  2.201811E-05  1.065502E-05
 2.771500E+02  3.973522E-01  4.794944E-04  1.461921E-07  1.921379E-07  2.138317E-07  2.552861E-07  3.909492E-01  1.151730E-03  3.231843E-05  1.041231E-01  3.339428E-04  9.640116E-06  1.572985E-07  1.445831E-02  7.487661E-06  2.488590E-05  2.680543E-06  8.983098E-02  1.470960E-05  1.607686E-06  1.406906E-06  4.941526E-04  6.725123E-04  1.192940E-05  1.617874E-05  2.052299E-05  1.004835E-05
 2.781500E+02  3.981678E-01  4.728572E-04  1.402608E-07  1.844031E-07  2.052385E-07  2.451020E-07  3.911558E-01  1.125671E-03  2.992316E-05  1.047813E-01  3.303210E-04  9.095582E-06  1.540216E-07  1.412797E-02  7.011377E-06  2.337633E-05  2.547258E-06  8.854595E-02  1.399611E-05  1.546534E-06  1.352257E-06  4.861069E-04  6.615257E-04  1.119070E-05  1.508081E-05  1.913770E-05  9.479490E-06
 2.791500E+02  3.989683E-01  4.663502E-04  1.346090E-07  1.770302E-07  1.970467E-07  2.353907E-07  3.913561E-01  1.100389E-03  2.772118E-05  1.054292E-01  3.267115E-04  8.583318E-06  1.508017E-07  1.380740E-02  6.568557E-06  2.196844E-05  2.421496E-06  8.728091E-02  1.331987E-05  1.488006E-06  1.299998E-06  4.782109E-04  6.507454E-04  1.050092E-05  1.406350E-05  1.785364E-05  8.945908E-06
 2.801500E+02  3.997540E-01  4.599703E-04  1.292218E-07  1.700004E-07  1.892355E-07  2.261278E-07  3.915504E-01  1.075856E-03  2.569571E-05  1.060668E-01  3.231159E-04  8.101357E-06  1.476387E-07  1.349627E-02  6.156647E-06  2.065478E-05  2.302786E-06  8.603569E-02  1.267884E-05  1.431979E-06  1.250016E-06  4.704624E-04  6.401680E-04  9.856653E-06  1.312047E-05  1.666289E-05  8.445247E-06
 2.811500E+02  4.005252E-01  4.537147E-04  1.240854E-07  1.632956E-07  1.817849E-07  2.172899E-07  3.917389E-01  1.052045E-03  2.383153E-05  1.066943E-01  3.195361E-04  7.647853E-06  1.445328E-07  1.319426E-02  5.773302E-06  1.942847E-05  2.190692E-06  8.481010E-02  1.207111E-05  1.378336E-06  1.202203E-06  4.628590E-04  6.297904E-04  9.254724E-06  1.224594E-05  1.555821E-05  7.975322E-06
 2.821500E+02  4.012820E-01  4.475805E-04  1.191867E-07  1.568990E-07  1.746763E-07  2.088551E-07  3.919217E-01  1.028932E-03  2.211483E-05  1.073117E-01  3.159737E-04  7.221073E-06  1.414840E-07  1.290104E-02  5.416369E-06  1.828316E-05  2.084806E-06  8.360394E-02  1.149484E-05  1.326968E-06  1.156456E-06  4.553984E-04  6.196092E-04  8.692198E-06  1.143459E-05  1.453294E-05  7.534100E-06
 2.831500E+02  4.020248E-01  4.415651E-04  1.145134E-07  1.507948E-07  1.678922E-07  2.008029E-07  3.920992E-01  1.006492E-03  2.053305E-05  1.079193E-01  3.124302E-04  6.819393E-06  1.384921E-07  1.261631E-02  5.083868E-06  1.721302E-05  1.984746E-06  8.241702E-02  1.094832E-05  1.277769E-06  1.112678E-06  4.480784E-04  6.096212E-04  8.166349E-06  1.068153E-05  1.358098E-05  7.119691E-06
 2.841500E+02  4.027537E-01  4.356658E-04  1.100539E-07  1.449679E-07  1.614157E-07  1.931137E-07  3.922714E-01  9.847025E-04  1.907476E-05  1.085170E-01  3.089071E-04  6.441285E-06  1.355569E-07  1.233980E-02  4.773980E-06  1.621266E-05  1.890158E-06  8.124913E-02  1.042992E-05  1.230639E-06  1.070777E-06  4.408966E-04  5.998232E-04  7.674649E-06  9.982275E-06  1.269671E-05  6.730339E-06
 2.851500E+02  4.034692E-01  4.298798E-04  1.057971E-07  1.394042E-07  1.552314E-07  1.857691E-07  3.924387E-01  9.635411E-04  1.772957E-05  1.091049E-01  3.054058E-04  6.085319E-06  1.326782E-07  1.207121E-02  4.485031E-06  1.527710E-05  1.800711E-06  8.010006E-02  9.938133E-06  1.185485E-06  1.030665E-06  4.338508E-04  5.902119E-04  7.214752E-06  9.332716E-06  1.187498E-05  6.364408E-06
 2.861500E+02  4.041714E-01  4.242048E-04  1.017327E-07  1.340902E-07  1.493243E-07  1.787518E-07  3.926010E-01  9.429862E-04  1.648804E-05  1.096834E-01  3.019273E-04  5.750151E-06  1.298557E-07  1.181029E-02  4.215479E-06  1.440177E-05  1.716093E-06  7.896960E-02  9.471500E-06  1.142215E-06  9.922596E-07  4.269385E-04  5.807841E-04  6.784481E-06  8.729068E-06  1.111104E-05  6.020377E-06
 2.871500E+02  4.048605E-01  4.186383E-04  9.785089E-08  1.290135E-07  1.436805E-07  1.720453E-07  3.927588E-01  9.230173E-04  1.534155E-05  1.102523E-01  2.984731E-04  5.434522E-06  1.270889E-07  1.155677E-02  3.963906E-06  1.358241E-05  1.636017E-06  7.785752E-02  9.028662E-06  1.100743E-06  9.554804E-07  4.201575E-04  5.715365E-04  6.381815E-06  8.167853E-06  1.040055E-05  5.696831E-06
 2.881500E+02  4.055368E-01  4.131777E-04  9.414253E-08  1.241621E-07  1.382868E-07  1.656341E-07  3.929120E-01  9.036145E-04  1.428224E-05  1.108119E-01  2.950441E-04  5.137247E-06  1.243775E-07  1.131040E-02  3.729004E-06  1.281511E-05  1.560212E-06  7.676359E-02  8.608335E-06  1.060988E-06  9.202525E-07  4.135054E-04  5.624660E-04  6.004875E-06  7.645873E-06  9.739482E-06  5.392451E-06
 2.891500E+02  4.062005E-01  4.078208E-04  9.059885E-08  1.195247E-07  1.331308E-07  1.595037E-07  3.930608E-01  8.847586E-04  1.330297E-05  1.113623E-01  2.916413E-04  4.857218E-06  1.217210E-07  1.107095E-02  3.509568E-06  1.209625E-05  1.488424E-06  7.568761E-02  8.209305E-06  1.022873E-06  8.865042E-07  4.069802E-04  5.535694E-04  5.651920E-06  7.160185E-06  9.124156E-06  5.106010E-06
 2.901500E+02  4.068519E-01  4.025652E-04  8.721164E-08  1.150907E-07  1.282005E-07  1.536401E-07  3.932055E-01  8.664314E-04  1.239721E-05  1.119036E-01  2.882657E-04  4.593394E-06  1.191187E-07  1.083819E-02  3.304488E-06  1.142248E-05  1.420417E-06  7.462933E-02  7.830426E-06  9.863219E-07  8.541677E-07  4.005793E-04  5.448435E-04  5.321329E-06  6.708082E-06  8.551172E-06  4.836363E-06
 2.911500E+02  4.074912E-01  3.974088E-04  8.397310E-08  1.108501E-07  1.234849E-07  1.480302E-07  3.933461E-01  8.486151E-04  1.155900E-05  1.124359E-01  2.849182E-04  4.344798E-06  1.165702E-07  1.061189E-02  3.112739E-06  1.079071E-05  1.355969E-06  7.358852E-02  7.470618E-06  9.512657E-07  8.231781E-07  3.943006E-04  5.362851E-04  5.011597E-06  6.287069E-06  8.017401E-06  4.582446E-06
 2.921500E+02  4.081186E-01  3.923492E-04  8.087589E-08  1.067933E-07  1.189734E-07  1.426617E-07  3.934828E-01  8.312927E-04  1.078288E-05  1.129593E-01  2.815995E-04  4.110513E-06  1.140749E-07  1.039185E-02  2.933373E-06  1.019805E-05  1.294874E-06  7.256495E-02  7.128860E-06  9.176370E-07  7.934739E-07  3.881419E-04  5.278913E-04  4.721326E-06  5.894852E-06  7.519958E-06  4.343263E-06
 2.931500E+02  4.087344E-01  3.873844E-04  7.791305E-08  1.029113E-07  1.146561E-07  1.375228E-07  3.936158E-01  8.144478E-04  1.006390E-05  1.134740E-01  2.783103E-04  3.889679E-06  1.116321E-07  1.017785E-02  2.765517E-06  9.641859E-06  1.236937E-06  7.155838E-02  6.804187E-06  8.853719E-07  7.649966E-07  3.821010E-04  5.196588E-04  4.449217E-06  5.529312E-06  7.056187E-06  4.117889E-06
 2.941500E+02  4.093387E-01  3.825123E-04  7.507801E-08  9.919573E-08  1.105236E-07  1.326024E-07  3.937450E-01  7.980647E-04  9.397508E-06  1.139801E-01  2.750513E-04  3.681490E-06  1.092411E-07  9.969704E-03  2.608365E-06  9.119670E-06  1.181977E-06  7.056859E-02  6.495690E-06  8.544098E-07  7.376904E-07  3.761756E-04  5.115846E-04  4.194060E-06  5.188500E-06  6.623635E-06  3.905459E-06
 2.951500E+02  4.099318E-01  3.777309E-04  7.236454E-08  9.563842E-08  1.065668E-07  1.278901E-07  3.938708E-01  7.821283E-04  8.779535E-06  1.144777E-01  2.718232E-04  3.485187E-06  1.069012E-07  9.767218E-03  2.461169E-06  8.629202E-06  1.129823E-06  6.959532E-02  6.202510E-06  8.246926E-07  7.115026E-07  3.703635E-04  5.036657E-04  3.954731E-06  4.870617E-06  6.220042E-06  3.705166E-06
 2.961500E+02  4.105139E-01  3.730381E-04  6.976676E-08  9.223178E-08  1.027774E-07  1.233759E-07  3.939931E-01  7.666238E-04  8.206178E-06  1.149669E-01  2.686263E-04  3.300061E-06  1.046118E-07  9.570209E-03  2.323239E-06  8.168339E-06  1.080315E-06  6.863834E-02  5.923834E-06  7.961653E-07  6.863825E-07  3.646628E-04  4.958993E-04  3.730184E-06  4.574002E-06  5.843321E-06  3.516259E-06
 2.971500E+02  4.110853E-01  3.684321E-04  6.727910E-08  8.896861E-08  9.914733E-08  1.190503E-07  3.941121E-01  7.515373E-04  7.673950E-06  1.154480E-01  2.654613E-04  3.125445E-06  1.023720E-07  9.378502E-03  2.193937E-06  7.735116E-06  1.033304E-06  6.769742E-02  5.658896E-06  7.687754E-07  6.622823E-07  3.590711E-04  4.882822E-04  3.519447E-06  4.297123E-06  5.491544E-06  3.338033E-06
 2.981500E+02  4.116460E-01  3.639108E-04  6.489627E-08  8.584206E-08  9.566904E-08  1.149045E-07  3.942279E-01  7.368551E-04  7.179656E-06  1.159209E-01  2.623286E-04  2.960712E-06  1.001811E-07  9.191925E-03  2.072673E-06  7.327712E-06  9.886490E-07  6.677231E-02  5.406973E-06  7.424727E-07  6.391564E-07  3.535864E-04  4.808116E-04  3.321613E-06  4.038568E-06  5.162933E-06  3.169833E-06
 2.991500E+02  4.121964E-01  3.594726E-04  6.261329E-08  8.284567E-08  9.233534E-08  1.109300E-07  3.943406E-01  7.225643E-04  6.720366E-06  1.163858E-01  2.592284E-04  2.805276E-06  9.803841E-08  9.010316E-03  1.958899E-06  6.944434E-06  9.462186E-07  6.586278E-02  5.167378E-06  7.172098E-07  6.169611E-07  3.482068E-04  4.734847E-04  3.135840E-06  3.797028E-06  4.855843E-06  3.011046E-06
 3.001500E+02  4.127366E-01  3.551156E-04  6.042541E-08  7.997329E-08  8.913942E-08  1.071187E-07  3.944504E-01  7.086523E-04  6.293396E-06  1.168428E-01  2.561612E-04  2.658585E-06  9.594305E-08  8.833516E-03  1.852107E-06  6.583710E-06  9.058888E-07  6.496859E-02  4.939468E-06  6.929412E-07  5.956553E-07  3.429300E-04  4.662986E-04  2.961343E-06  3.571298E-06  4.568755E-06  2.861099E-06
 3.011500E+02  4.132668E-01  3.508380E-04  5.832816E-08  7.721912E-08  8.607482E-08  1.034631E-07  3.945572E-01  6.951070E-04  5.896278E-06  1.172921E-01  2.531272E-04  2.520121E-06  9.389424E-08  8.661373E-03  1.751829E-06  6.244080E-06  8.675434E-07  6.408950E-02  4.722629E-06  6.696235E-07  5.751995E-07  3.377541E-04  4.592505E-04  2.797391E-06  3.360261E-06  4.300262E-06  2.719455E-06
 3.021500E+02  4.137873E-01  3.466381E-04  5.631728E-08  7.457764E-08  8.313544E-08  9.995600E-08  3.946613E-01  6.819166E-04  5.526749E-06  1.177338E-01  2.501266E-04  2.389399E-06  9.189119E-08  8.493741E-03  1.657628E-06  5.924185E-06  8.310734E-07  6.322528E-02  4.516286E-06  6.472156E-07  5.555562E-07  3.326772E-04  4.523378E-04  2.643302E-06  3.162886E-06  4.049066E-06  2.585615E-06
 3.031500E+02  4.142981E-01  3.425143E-04  5.438873E-08  7.204361E-08  8.031546E-08  9.659046E-08  3.947626E-01  6.690700E-04  5.182730E-06  1.181680E-01  2.471597E-04  2.265963E-06  8.993308E-08  8.330478E-03  1.569101E-06  5.622762E-06  7.963760E-07  6.237569E-02  4.319892E-06  6.256781E-07  5.366896E-07  3.276972E-04  4.455576E-04  2.498443E-06  2.978218E-06  3.813963E-06  2.459111E-06
 3.041500E+02  4.147996E-01  3.384648E-04  5.253870E-08  6.961209E-08  7.760939E-08  9.336003E-08  3.948614E-01  6.565564E-04  4.862309E-06  1.185948E-01  2.442267E-04  2.149384E-06  8.801910E-08  8.171448E-03  1.485872E-06  5.338635E-06  7.633549E-07  6.154050E-02  4.132932E-06  6.049735E-07  5.185658E-07  3.228123E-04  4.389074E-04  2.362221E-06  2.805375E-06  3.593840E-06  2.339503E-06
 3.051500E+02  4.152918E-01  3.344882E-04  5.076356E-08  6.727835E-08  7.501199E-08  9.025855E-08  3.949575E-01  6.443652E-04  4.563729E-06  1.190144E-01  2.413275E-04  2.039261E-06  8.614842E-08  8.016520E-03  1.407593E-06  5.070710E-06  7.319193E-07  6.071947E-02  3.954919E-06  5.850662E-07  5.011522E-07  3.180205E-04  4.323846E-04  2.234085E-06  2.643537E-06  3.387665E-06  2.226383E-06
 3.061500E+02  4.157750E-01  3.305828E-04  4.905986E-08  6.503794E-08  7.251832E-08  8.728017E-08  3.950513E-01  6.324864E-04  4.285374E-06  1.194268E-01  2.384624E-04  1.935215E-06  8.432023E-08  7.865566E-03  1.333941E-06  4.817967E-06  7.019841E-07  5.991237E-02  3.785391E-06  5.659219E-07  4.844181E-07  3.133200E-04  4.259864E-04  2.113522E-06  2.491949E-06  3.194483E-06  2.119365E-06
 3.071500E+02  4.162493E-01  3.267472E-04  4.742434E-08  6.288661E-08  7.012365E-08  8.441933E-08  3.951426E-01  6.209103E-04  4.025754E-06  1.198322E-01  2.356313E-04  1.836893E-06  8.253370E-08  7.718465E-03  1.264615E-06  4.579457E-06  6.734690E-07  5.911899E-02  3.623913E-06  5.475082E-07  4.683339E-07  3.087089E-04  4.197106E-04  2.000051E-06  2.349907E-06  3.013409E-06  2.018091E-06
 3.081500E+02  4.167149E-01  3.229798E-04  4.585390E-08  6.082033E-08  6.782352E-08  8.167075E-08  3.952316E-01  6.096276E-04  3.783499E-06  1.202307E-01  2.328343E-04  1.743960E-06  8.078803E-08  7.575097E-03  1.199336E-06  4.354296E-06  6.462983E-07  5.833908E-02  3.470072E-06  5.297940E-07  4.528717E-07  3.041855E-04  4.135544E-04  1.893225E-06  2.216764E-06  2.843621E-06  1.922224E-06
 3.091500E+02  4.171721E-01  3.192792E-04  4.434559E-08  5.883527E-08  6.561368E-08  7.902941E-08  3.953184E-01  5.986292E-04  3.557347E-06  1.206224E-01  2.300713E-04  1.656105E-06  7.908240E-08  7.435350E-03  1.137843E-06  4.141657E-06  6.204011E-07  5.757242E-02  3.323479E-06  5.127499E-07  4.380045E-07  2.997480E-04  4.075156E-04  1.792627E-06  2.091914E-06  2.684358E-06  1.831449E-06
 3.101500E+02  4.176208E-01  3.156440E-04  4.289661E-08  5.692781E-08  6.349009E-08  7.649054E-08  3.954030E-01  5.879064E-04  3.346132E-06  1.210075E-01  2.273424E-04  1.573033E-06  7.741598E-08  7.299113E-03  1.079896E-06  3.940772E-06  5.957103E-07  5.681879E-02  3.183765E-06  4.963474E-07  4.237071E-07  2.953946E-04  4.015917E-04  1.697867E-06  1.974799E-06  2.534913E-06  1.745470E-06
 3.111500E+02  4.180614E-01  3.120728E-04  4.150432E-08  5.509448E-08  6.144893E-08  7.404962E-08  3.954855E-01  5.774508E-04  3.148783E-06  1.213860E-01  2.246475E-04  1.494468E-06  7.578799E-08  7.166281E-03  1.025270E-06  3.750922E-06  5.721628E-07  5.607798E-02  3.050580E-06  4.805598E-07  4.099549E-07  2.911237E-04  3.957803E-04  1.608581E-06  1.864901E-06  2.394632E-06  1.664009E-06
 3.121500E+02  4.184940E-01  3.085642E-04  4.016618E-08  5.333200E-08  5.948653E-08  7.170234E-08  3.955660E-01  5.672543E-04  2.964307E-06  1.217580E-01  2.219864E-04  1.420150E-06  7.419761E-08  7.036750E-03  9.737536E-07  3.571437E-06  5.496991E-07  5.534975E-02  2.923595E-06  4.653612E-07  3.967249E-07  2.869334E-04  3.900792E-04  1.524429E-06  1.761737E-06  2.262905E-06  1.586808E-06
 3.131500E+02  4.189187E-01  3.051170E-04  3.887979E-08  5.163725E-08  5.759944E-08  6.944458E-08  3.956445E-01  5.573091E-04  2.791791E-06  1.221237E-01  2.193591E-04  1.349836E-06  7.264406E-08  6.910423E-03  9.251532E-07  3.401691E-06  5.282631E-07  5.463390E-02  2.802498E-06  4.507271E-07  3.839949E-07  2.828223E-04  3.844861E-04  1.445095E-06  1.664861E-06  2.139166E-06  1.513622E-06
 3.141500E+02  4.193357E-01  3.017299E-04  3.764287E-08  5.000726E-08  5.578436E-08  6.727246E-08  3.957210E-01  5.476076E-04  2.630390E-06  1.224832E-01  2.167654E-04  1.283296E-06  7.112655E-08  6.787203E-03  8.792866E-07  3.241098E-06  5.078021E-07  5.393022E-02  2.686992E-06  4.366341E-07  3.717438E-07  2.787887E-04  3.789987E-04  1.370280E-06  1.573856E-06  2.022891E-06  1.444222E-06
 3.151500E+02  4.197452E-01  2.984015E-04  3.645325E-08  4.843920E-08  5.403814E-08  6.518225E-08  3.957957E-01  5.381425E-04  2.479325E-06  1.228366E-01  2.142053E-04  1.220315E-06  6.964430E-08  6.666997E-03  8.359841E-07  3.089113E-06  4.882660E-07  5.323848E-02  2.576797E-06  4.230598E-07  3.599515E-07  2.748309E-04  3.736148E-04  1.299709E-06  1.488338E-06  1.913591E-06  1.378394E-06
 3.161500E+02  4.201472E-01  2.951307E-04  3.530886E-08  4.693038E-08  5.235781E-08  6.317044E-08  3.958686E-01  5.289068E-04  2.337873E-06  1.231840E-01  2.116784E-04  1.160690E-06  6.819655E-08  6.549718E-03  7.950878E-07  2.945224E-06  4.696078E-07  5.255848E-02  2.471650E-06  4.099828E-07  3.485987E-07  2.709475E-04  3.683324E-04  1.233122E-06  1.407947E-06  1.810812E-06  1.315936E-06
 3.171500E+02  4.205421E-01  2.919162E-04  3.420774E-08  4.547825E-08  5.074052E-08  6.123365E-08  3.959398E-01  5.198938E-04  2.205367E-06  1.235255E-01  2.091847E-04  1.104231E-06  6.678253E-08  6.435279E-03  7.564501E-07  2.808953E-06  4.517831E-07  5.189002E-02  2.371297E-06  3.973827E-07  3.376671E-07  2.671368E-04  3.631493E-04  1.170276E-06  1.332349E-06  1.714131E-06  1.256659E-06
 3.181500E+02  4.209298E-01  2.887570E-04  3.314803E-08  4.408038E-08  4.918356E-08  5.936869E-08  3.960092E-01  5.110967E-04  2.081191E-06  1.238611E-01  2.067239E-04  1.050758E-06  6.540149E-08  6.323597E-03  7.199332E-07  2.679853E-06  4.347499E-07  5.123289E-02  2.275503E-06  3.852400E-07  3.271392E-07  2.633975E-04  3.580635E-04  1.110946E-06  1.261235E-06  1.623155E-06  1.200385E-06
 3.191500E+02  4.213105E-01  2.856518E-04  3.212793E-08  4.273443E-08  4.768437E-08  5.757250E-08  3.960770E-01  5.025094E-04  1.964773E-06  1.241911E-01  2.042957E-04  1.000103E-06  6.405270E-08  6.214591E-03  6.854087E-07  2.557506E-06  4.184686E-07  5.058689E-02  2.184041E-06  3.735360E-07  3.169982E-07  2.597279E-04  3.530729E-04  1.054919E-06  1.194316E-06  1.537519E-06  1.146947E-06
 3.201500E+02  4.216844E-01  2.825996E-04  3.114575E-08  4.143820E-08  4.624048E-08  5.584218E-08  3.961432E-01  4.941256E-04  1.855585E-06  1.245155E-01  2.019001E-04  9.521074E-07  6.273543E-08  6.108184E-03  6.527564E-07  2.441519E-06  4.029018E-07  4.995182E-02  2.096699E-06  3.622530E-07  3.072283E-07  2.561268E-04  3.481755E-04  1.001996E-06  1.131322E-06  1.456882E-06  1.096188E-06
 3.211500E+02  4.220516E-01  2.795992E-04  3.019989E-08  4.018960E-08  4.484956E-08  5.417495E-08  3.962078E-01  4.859395E-04  1.753136E-06  1.248344E-01  1.995367E-04  9.066222E-07  6.144896E-08  6.004301E-03  6.218642E-07  2.331526E-06  3.880141E-07  4.932750E-02  2.013274E-06  3.513740E-07  2.978142E-07  2.525926E-04  3.433695E-04  9.519923E-07  1.072003E-06  1.380926E-06  1.047961E-06
 3.221500E+02  4.224123E-01  2.766496E-04  2.928880E-08  3.898660E-08  4.350938E-08  5.256818E-08  3.962709E-01  4.779454E-04  1.656971E-06  1.251479E-01  1.972052E-04  8.635069E-07  6.019258E-08  5.902869E-03  5.926271E-07  2.227182E-06  3.737720E-07  4.871372E-02  1.933575E-06  3.408826E-07  2.887413E-07  2.491240E-04  3.386528E-04  9.047337E-07  1.016127E-06  1.309356E-06  1.002126E-06
 3.231500E+02  4.227666E-01  2.737498E-04  2.841102E-08  3.782731E-08  4.221782E-08  5.101936E-08  3.963325E-01  4.701376E-04  1.566671E-06  1.254561E-01  1.949054E-04  8.226295E-07  5.896561E-08  5.803818E-03  5.649471E-07  2.128165E-06  3.601439E-07  4.811029E-02  1.857421E-06  3.307633E-07  2.799957E-07  2.457196E-04  3.340238E-04  8.600575E-07  9.634757E-07  1.241896E-06  9.585534E-07
 3.241500E+02  4.231145E-01  2.708986E-04  2.756515E-08  3.670989E-08  4.097286E-08  4.952607E-08  3.963927E-01  4.625110E-04  1.481843E-06  1.257591E-01  1.926371E-04  7.838655E-07  5.776735E-08  5.707080E-03  5.387325E-07  2.034173E-06  3.470999E-07  4.751704E-02  1.784639E-06  3.210013E-07  2.715642E-07  2.423781E-04  3.294804E-04  8.178110E-07  9.138468E-07  1.178290E-06  9.171198E-07
 3.251500E+02  4.234563E-01  2.680953E-04  2.674986E-08  3.563262E-08  3.977255E-08  4.808604E-08  3.964516E-01  4.550603E-04  1.402125E-06  1.260570E-01  1.903999E-04  7.470981E-07  5.659715E-08  5.612589E-03  5.138973E-07  1.944923E-06  3.346117E-07  4.693377E-02  1.715066E-06  3.115822E-07  2.634339E-07  2.390982E-04  3.250210E-04  7.778513E-07  8.670514E-07  1.118297E-06  8.777098E-07
 3.261500E+02  4.237920E-01  2.653386E-04  2.596388E-08  3.459384E-08  3.861507E-08  4.669708E-08  3.965090E-01  4.477805E-04  1.327182E-06  1.263499E-01  1.881935E-04  7.122168E-07  5.545433E-08  5.520283E-03  4.903611E-07  1.860148E-06  3.226525E-07  4.636030E-02  1.648548E-06  3.024927E-07  2.555929E-07  2.358786E-04  3.206438E-04  7.400446E-07  8.229133E-07  1.061694E-06  8.402145E-07
 3.271500E+02  4.241218E-01  2.626278E-04  2.520601E-08  3.359196E-08  3.749866E-08  4.535710E-08  3.965652E-01  4.406668E-04  1.256699E-06  1.266379E-01  1.860177E-04  6.791181E-07  5.433825E-08  5.430099E-03  4.680488E-07  1.779598E-06  3.111970E-07  4.579646E-02  1.584939E-06  2.937195E-07  2.480294E-07  2.327180E-04  3.163470E-04  7.042652E-07  7.812681E-07  1.008272E-06  8.045312E-07
 3.281500E+02  4.244458E-01  2.599619E-04  2.447508E-08  3.262548E-08  3.642164E-08  4.406413E-08  3.966201E-01  4.337146E-04  1.190386E-06  1.269211E-01  1.838721E-04  6.477041E-07  5.324829E-08  5.341978E-03  4.468898E-07  1.703040E-06  3.002211E-07  4.524208E-02  1.524098E-06  2.852503E-07  2.407325E-07  2.296153E-04  3.121290E-04  6.703954E-07  7.419625E-07  9.578360E-07  7.705635E-07
 3.291500E+02  4.247642E-01  2.573400E-04  2.376999E-08  3.169296E-08  3.538240E-08  4.281625E-08  3.966737E-01  4.269193E-04  1.127974E-06  1.271995E-01  1.817564E-04  6.178827E-07  5.218381E-08  5.255864E-03  4.268180E-07  1.630253E-06  2.897020E-07  4.469697E-02  1.465893E-06  2.770731E-07  2.336914E-07  2.265692E-04  3.079882E-04  6.383248E-07  7.048530E-07  9.102042E-07  7.382204E-07
 3.301500E+02  4.250769E-01  2.547612E-04  2.308970E-08  3.079303E-08  3.437944E-08  4.161166E-08  3.967262E-01  4.202765E-04  1.069211E-06  1.274732E-01  1.796703E-04  5.895672E-07  5.114421E-08  5.171699E-03  4.077715E-07  1.561029E-06  2.796183E-07  4.416097E-02  1.410201E-06  2.691766E-07  2.268961E-07  2.235786E-04  3.039230E-04  6.079498E-07  6.698059E-07  8.652063E-07  7.074160E-07
 3.311500E+02  4.253842E-01  2.522247E-04  2.243319E-08  2.992436E-08  3.341127E-08  4.044862E-08  3.967775E-01  4.137821E-04  1.013863E-06  1.277424E-01  1.776135E-04  5.626759E-07  5.012890E-08  5.089430E-03  3.896921E-07  1.495175E-06  2.699495E-07  4.363391E-02  1.356902E-06  2.615499E-07  2.203368E-07  2.206422E-04  2.999317E-04  5.791731E-07  6.366961E-07  8.226834E-07  6.780697E-07
 3.321500E+02  4.256861E-01  2.497295E-04  2.179952E-08  2.908572E-08  3.247652E-08  3.932549E-08  3.968276E-01  4.074319E-04  9.617134E-07  1.280071E-01  1.755856E-04  5.371316E-07  4.913728E-08  5.009006E-03  3.725253E-07  1.432507E-06  2.606762E-07  4.311562E-02  1.305882E-06  2.541825E-07  2.140043E-07  2.177591E-04  2.960129E-04  5.519035E-07  6.054067E-07  7.824868E-07  6.501050E-07
 3.331500E+02  4.259828E-01  2.472749E-04  2.118777E-08  2.827590E-08  3.157386E-08  3.824068E-08  3.968766E-01  4.012221E-04  9.125589E-07  1.282673E-01  1.735863E-04  5.128618E-07  4.816878E-08  4.930375E-03  3.562201E-07  1.372855E-06  2.517800E-07  4.260596E-02  1.257035E-06  2.470643E-07  2.078897E-07  2.149280E-04  2.921650E-04  5.260554E-07  5.758285E-07  7.444775E-07  6.234502E-07
 3.341500E+02  4.262743E-01  2.448601E-04  2.059705E-08  2.749377E-08  3.070201E-08  3.719268E-08  3.969246E-01  3.951487E-04  8.662111E-07  1.285233E-01  1.716153E-04  4.897979E-07  4.722285E-08  4.853489E-03  3.407283E-07  1.316054E-06  2.432437E-07  4.210475E-02  1.210260E-06  2.401859E-07  2.019844E-07  2.121480E-04  2.883865E-04  5.015482E-07  5.478592E-07  7.085253E-07  5.980374E-07
 3.351500E+02  4.265608E-01  2.424842E-04  2.002655E-08  2.673822E-08  2.985975E-08  3.618005E-08  3.969715E-01  3.892080E-04  8.224942E-07  1.287750E-01  1.696723E-04  4.678755E-07  4.629893E-08  4.778301E-03  3.260049E-07  1.261955E-06  2.350505E-07  4.161184E-02  1.165460E-06  2.335381E-07  1.962805E-07  2.094179E-04  2.846760E-04  4.783063E-07  5.214031E-07  6.745086E-07  5.738025E-07
 3.361500E+02  4.268423E-01  2.401466E-04  1.947545E-08  2.600822E-08  2.904594E-08  3.520140E-08  3.970174E-01  3.833965E-04  7.812444E-07  1.290226E-01  1.677568E-04  4.470335E-07  4.539649E-08  4.704764E-03  3.120075E-07  1.210412E-06  2.271849E-07  4.112708E-02  1.122542E-06  2.271121E-07  1.907700E-07  2.067367E-04  2.810322E-04  4.562588E-07  4.963709E-07  6.423135E-07  5.506851E-07
 3.371500E+02  4.271190E-01  2.378464E-04  1.894300E-08  2.530276E-08  2.825945E-08  3.425543E-08  3.970623E-01  3.777107E-04  7.423089E-07  1.292660E-01  1.658686E-04  4.272145E-07  4.451500E-08  4.632834E-03  2.986964E-07  1.161291E-06  2.196319E-07  4.065031E-02  1.081421E-06  2.208994E-07  1.854455E-07  2.041034E-04  2.774535E-04  4.353390E-07  4.726786E-07  6.118331E-07  5.286283E-07
 3.381500E+02  4.273910E-01  2.355829E-04  1.842847E-08  2.462090E-08  2.749922E-08  3.334086E-08  3.971062E-01  3.721472E-04  7.055451E-07  1.295055E-01  1.640074E-04  4.083644E-07  4.365395E-08  4.562469E-03  2.860340E-07  1.114465E-06  2.123775E-07  4.018140E-02  1.042012E-06  2.148921E-07  1.802999E-07  2.015170E-04  2.739387E-04  4.154840E-07  4.502479E-07  5.829676E-07  5.075780E-07
 3.391500E+02  4.276583E-01  2.333555E-04  1.793116E-08  2.396171E-08  2.676425E-08  3.245649E-08  3.971492E-01  3.667028E-04  6.708201E-07  1.297410E-01  1.621727E-04  3.904320E-07  4.281284E-08  4.493626E-03  2.739852E-07  1.069815E-06  2.054081E-07  3.972019E-02  1.004239E-06  2.090823E-07  1.753263E-07  1.989765E-04  2.704865E-04  3.966348E-07  4.290053E-07  5.556233E-07  4.874834E-07
 3.401500E+02  4.279210E-01  2.311633E-04  1.745040E-08  2.332433E-08  2.605356E-08  3.160117E-08  3.971912E-01  3.613743E-04  6.380095E-07  1.299727E-01  1.603642E-04  3.733689E-07  4.199118E-08  4.426266E-03  2.625169E-07  1.027226E-06  1.987110E-07  3.926654E-02  9.680245E-07  2.034626E-07  1.705183E-07  1.964811E-04  2.670955E-04  3.787361E-07  4.088817E-07  5.297123E-07  4.682964E-07
 3.411500E+02  4.281793E-01  2.290058E-04  1.698556E-08  2.270792E-08  2.536622E-08  3.077378E-08  3.972324E-01  3.561586E-04  6.069974E-07  1.302005E-01  1.585816E-04  3.571296E-07  4.118849E-08  4.360348E-03  2.515980E-07  9.865921E-07  1.922742E-07  3.882031E-02  9.332991E-07  1.980261E-07  1.658695E-07  1.940297E-04  2.637645E-04  3.617356E-07  3.898128E-07  5.051524E-07  4.499714E-07
 3.421500E+02  4.284332E-01  2.268821E-04  1.653602E-08  2.211169E-08  2.470134E-08  2.997327E-08  3.972727E-01  3.510528E-04  5.776755E-07  1.304247E-01  1.568246E-04  3.416712E-07  4.040430E-08  4.295836E-03  2.411991E-07  9.478134E-07  1.860860E-07  3.838136E-02  8.999949E-07  1.927658E-07  1.613739E-07  1.916215E-04  2.604922E-04  3.455841E-07  3.717379E-07  4.818663E-07  4.324656E-07
 3.431500E+02  4.286828E-01  2.247918E-04  1.610121E-08  2.153485E-08  2.405807E-08  2.919863E-08  3.973122E-01  3.460540E-04  5.499425E-07  1.306452E-01  1.550927E-04  3.269528E-07  3.963815E-08  4.232692E-03  2.312927E-07  9.107948E-07  1.801356E-07  3.794957E-02  8.680476E-07  1.876753E-07  1.570257E-07  1.892556E-04  2.572775E-04  3.302354E-07  3.546002E-07  4.597816E-07  4.157383E-07
 3.441500E+02  4.289282E-01  2.227341E-04  1.568056E-08  2.097669E-08  2.343559E-08  2.844888E-08  3.973508E-01  3.411595E-04  5.237035E-07  1.308621E-01  1.533858E-04  3.129363E-07  3.888961E-08  4.170880E-03  2.218526E-07  8.754468E-07  1.744124E-07  3.752479E-02  8.373961E-07  1.827482E-07  1.528195E-07  1.869311E-04  2.541191E-04  3.156461E-07  3.383465E-07  4.388303E-07  3.997509E-07
 3.451500E+02  4.291695E-01  2.207085E-04  1.527354E-08  2.043651E-08  2.283313E-08  2.772310E-08  3.973886E-01  3.363664E-04  4.988702E-07  1.310755E-01  1.517033E-04  2.995852E-07  3.815822E-08  4.110367E-03  2.128545E-07  8.416849E-07  1.689067E-07  3.710689E-02  8.079822E-07  1.779787E-07  1.487500E-07  1.846472E-04  2.510159E-04  3.017750E-07  3.229268E-07  4.189486E-07  3.844672E-07
 3.461500E+02  4.294067E-01  2.187142E-04  1.487963E-08  1.991362E-08  2.224994E-08  2.702039E-08  3.974257E-01  3.316722E-04  4.753595E-07  1.312854E-01  1.500451E-04  2.868654E-07  3.744358E-08  4.051118E-03  2.042753E-07  8.094292E-07  1.636089E-07  3.669575E-02  7.797507E-07  1.733608E-07  1.448120E-07  1.824030E-04  2.479668E-04  2.885837E-07  3.082942E-07  4.000766E-07  3.698527E-07
 3.471500E+02  4.296400E-01  2.167507E-04  1.449835E-08  1.940738E-08  2.168530E-08  2.633991E-08  3.974620E-01  3.270744E-04  4.530940E-07  1.314919E-01  1.484107E-04  2.747445E-07  3.674526E-08  3.993101E-03  1.960931E-07  7.786045E-07  1.585101E-07  3.629125E-02  7.526489E-07  1.688891E-07  1.410008E-07  1.801977E-04  2.449706E-04  2.760357E-07  2.944044E-07  3.821579E-07  3.558749E-07
 3.481500E+02  4.298694E-01  2.148174E-04  1.412922E-08  1.891718E-08  2.113852E-08  2.568083E-08  3.974975E-01  3.225705E-04  4.320010E-07  1.316952E-01  1.467998E-04  2.631918E-07  3.606285E-08  3.936285E-03  1.882875E-07  7.491394E-07  1.536017E-07  3.589325E-02  7.266268E-07  1.645584E-07  1.373115E-07  1.780306E-04  2.420263E-04  2.640968E-07  2.812162E-07  3.651396E-07  3.425027E-07
 3.491500E+02  4.300949E-01  2.129138E-04  1.377180E-08  1.844243E-08  2.060895E-08  2.504237E-08  3.975323E-01  3.181581E-04  4.120125E-07  1.318951E-01  1.452121E-04  2.521785E-07  3.539597E-08  3.880638E-03  1.808392E-07  7.209667E-07  1.488757E-07  3.550165E-02  7.016367E-07  1.603634E-07  1.337399E-07  1.759008E-04  2.391328E-04  2.527346E-07  2.686907E-07  3.489721E-07  3.297072E-07
 3.501500E+02  4.303168E-01  2.110392E-04  1.342564E-08  1.798257E-08  2.009596E-08  2.442378E-08  3.975665E-01  3.138349E-04  3.930647E-07  1.320919E-01  1.436473E-04  2.416771E-07  3.474423E-08  3.826132E-03  1.737297E-07  6.940226E-07  1.443242E-07  3.511631E-02  6.776332E-07  1.562993E-07  1.302816E-07  1.738076E-04  2.362891E-04  2.419186E-07  2.567911E-07  3.336086E-07  3.174605E-07
 3.511500E+02  4.305349E-01  2.091932E-04  1.309035E-08  1.753704E-08  1.959894E-08  2.382433E-08  3.975999E-01  3.095986E-04  3.750979E-07  1.322855E-01  1.421049E-04  2.316619E-07  3.410725E-08  3.772737E-03  1.669420E-07  6.682471E-07  1.399400E-07  3.473713E-02  6.545730E-07  1.523615E-07  1.269324E-07  1.717503E-04  2.334941E-04  2.316202E-07  2.454833E-07  3.190051E-07  3.057364E-07
 3.521500E+02  4.307495E-01  2.073751E-04  1.276552E-08  1.710532E-08  1.911731E-08  2.324334E-08  3.976326E-01  3.054471E-04  3.580560E-07  1.324760E-01  1.405848E-04  2.221084E-07  3.348466E-08  3.720426E-03  1.604597E-07  6.435831E-07  1.357158E-07  3.436399E-02  6.324151E-07  1.485454E-07  1.236884E-07  1.697281E-04  2.307469E-04  2.218123E-07  2.347347E-07  3.051202E-07  2.945101E-07
 3.531500E+02  4.309605E-01  2.055845E-04  1.245077E-08  1.668692E-08  1.865052E-08  2.268015E-08  3.976647E-01  3.013782E-04  3.418867E-07  1.326635E-01  1.390866E-04  2.129933E-07  3.287612E-08  3.669171E-03  1.542674E-07  6.199767E-07  1.316452E-07  3.399678E-02  6.111201E-07  1.448467E-07  1.205459E-07  1.677403E-04  2.280466E-04  2.124692E-07  2.245151E-07  2.919151E-07  2.837580E-07
 3.541500E+02  4.311681E-01  2.038209E-04  1.214574E-08  1.628137E-08  1.819803E-08  2.213411E-08  3.976962E-01  2.973899E-04  3.265405E-07  1.328480E-01  1.376099E-04  2.042948E-07  3.228127E-08  3.618946E-03  1.483507E-07  5.973771E-07  1.277215E-07  3.363539E-02  5.906507E-07  1.412612E-07  1.175011E-07  1.657863E-04  2.253921E-04  2.035668E-07  2.147957E-07  2.793531E-07  2.734577E-07
 3.551500E+02  4.313724E-01  2.020837E-04  1.185008E-08  1.588818E-08  1.775934E-08  2.160463E-08  3.977270E-01  2.934802E-04  3.119712E-07  1.330296E-01  1.361544E-04  1.959921E-07  3.169976E-08  3.569725E-03  1.426957E-07  5.757357E-07  1.239389E-07  3.327971E-02  5.709714E-07  1.377850E-07  1.145506E-07  1.638652E-04  2.227825E-04  1.950824E-07  2.055496E-07  2.673998E-07  2.635881E-07
 3.561500E+02  4.315733E-01  2.003724E-04  1.156345E-08  1.550694E-08  1.733395E-08  2.109110E-08  3.977573E-01  2.896472E-04  2.981354E-07  1.332083E-01  1.347199E-04  1.880657E-07  3.113128E-08  3.521484E-03  1.372896E-07  5.550070E-07  1.202914E-07  3.292963E-02  5.520482E-07  1.344142E-07  1.116911E-07  1.619766E-04  2.202169E-04  1.869945E-07  1.967514E-07  2.560226E-07  2.541291E-07
 3.571500E+02  4.317709E-01  1.986866E-04  1.128552E-08  1.513721E-08  1.692138E-08  2.059297E-08  3.977869E-01  2.858889E-04  2.849924E-07  1.333843E-01  1.333059E-04  1.804969E-07  3.057549E-08  3.474198E-03  1.321201E-07  5.351475E-07  1.167736E-07  3.258506E-02  5.338487E-07  1.311451E-07  1.089192E-07  1.601197E-04  2.176945E-04  1.792827E-07  1.883773E-07  2.451909E-07  2.450616E-07
 3.581500E+02  4.319653E-01  1.970258E-04  1.101600E-08  1.477859E-08  1.652120E-08  2.010969E-08  3.978160E-01  2.822036E-04  2.725037E-07  1.335574E-01  1.319123E-04  1.732681E-07  3.003208E-08  3.427844E-03  1.271755E-07  5.161162E-07  1.133800E-07  3.224589E-02  5.163421E-07  1.279742E-07  1.062320E-07  1.582939E-04  2.152144E-04  1.719278E-07  1.804047E-07  2.348759E-07  2.363674E-07
 3.591500E+02  4.321567E-01  1.953896E-04  1.075458E-08  1.443068E-08  1.613295E-08  1.964076E-08  3.978445E-01  2.785895E-04  2.606333E-07  1.337279E-01  1.305387E-04  1.663627E-07  2.950075E-08  3.382399E-03  1.224449E-07  4.978743E-07  1.101058E-07  3.191203E-02  4.994991E-07  1.248982E-07  1.036263E-07  1.564986E-04  2.127757E-04  1.649117E-07  1.728124E-07  2.250505E-07  2.280294E-07
 3.601500E+02  4.323449E-01  1.937774E-04  1.050099E-08  1.409312E-08  1.575624E-08  1.918567E-08  3.978724E-01  2.750449E-04  2.493475E-07  1.338957E-01  1.291847E-04  1.597648E-07  2.898120E-08  3.337842E-03  1.179179E-07  4.803847E-07  1.069460E-07  3.158336E-02  4.832915E-07  1.219136E-07  1.010995E-07  1.547331E-04  2.103776E-04  1.582173E-07  1.655804E-07  2.156890E-07  2.200313E-07
 3.611500E+02  4.325301E-01  1.921889E-04  1.025493E-08  1.376554E-08  1.539065E-08  1.874394E-08  3.978998E-01  2.715680E-04  2.386144E-07  1.340609E-01  1.278502E-04  1.534596E-07  2.847313E-08  3.294150E-03  1.135846E-07  4.636125E-07  1.038960E-07  3.125981E-02  4.676926E-07  1.190174E-07  9.864866E-08  1.529969E-04  2.080193E-04  1.518284E-07  1.586899E-07  2.067672E-07  2.123576E-07
 3.621500E+02  4.327124E-01  1.906236E-04  1.001616E-08  1.344760E-08  1.503580E-08  1.831511E-08  3.979267E-01  2.681573E-04  2.284040E-07  1.342235E-01  1.265347E-04  1.474328E-07  2.797626E-08  3.251303E-03  1.094358E-07  4.475245E-07  1.009516E-07  3.094127E-02  4.526769E-07  1.162066E-07  9.627122E-08  1.512894E-04  2.056999E-04  1.457296E-07  1.521230E-07  1.982623E-07  2.049935E-07
 3.631500E+02  4.328918E-01  1.890811E-04  9.784420E-09  1.313896E-08  1.469131E-08  1.789874E-08  3.979531E-01  2.648112E-04  2.186882E-07  1.343836E-01  1.252381E-04  1.416710E-07  2.749031E-08  3.209281E-03  1.054627E-07  4.320891E-07  9.810838E-08  3.062766E-02  4.382201E-07  1.134782E-07  9.396463E-08  1.496101E-04  2.034188E-04  1.399065E-07  1.458630E-07  1.901529E-07  1.979251E-07
 3.641500E+02  4.330683E-01  1.875609E-04  9.559467E-09  1.283930E-08  1.435685E-08  1.749441E-08  3.979790E-01  2.615281E-04  2.094405E-07  1.345413E-01  1.239600E-04  1.361614E-07  2.701503E-08  3.168063E-03  1.016568E-07  4.172766E-07  9.536245E-08  3.031888E-02  4.242988E-07  1.108294E-07  9.172645E-08  1.479583E-04  2.011752E-04  1.343454E-07  1.398941E-07  1.824185E-07  1.911390E-07
 3.651500E+02  4.332421E-01  1.860627E-04  9.341068E-09  1.254832E-08  1.403206E-08  1.710170E-08  3.980044E-01  2.583066E-04  2.006358E-07  1.346965E-01  1.227001E-04  1.308920E-07  2.655013E-08  3.127631E-03  9.801033E-08  4.030585E-07  9.270994E-08  3.001485E-02  4.108910E-07  1.082576E-07  8.955433E-08  1.463335E-04  1.989683E-04  1.290333E-07  1.342013E-07  1.750402E-07  1.846226E-07
 3.661500E+02  4.334131E-01  1.845861E-04  9.129000E-09  1.226573E-08  1.371661E-08  1.672023E-08  3.980293E-01  2.551453E-04  1.922507E-07  1.348493E-01  1.214582E-04  1.258513E-07  2.609537E-08  3.087967E-03  9.451572E-08  3.894079E-07  9.014720E-08  2.971547E-02  3.979754E-07  1.057602E-07  8.744602E-08  1.447352E-04  1.967974E-04  1.239579E-07  1.287705E-07  1.679996E-07  1.783639E-07
 3.671500E+02  4.335814E-01  1.831307E-04  8.923048E-09  1.199124E-08  1.341020E-08  1.634961E-08  3.980537E-01  2.520426E-04  1.842630E-07  1.349998E-01  1.202340E-04  1.210284E-07  2.565050E-08  3.049051E-03  9.116586E-08  3.762991E-07  8.767072E-08  2.942067E-02  3.855318E-07  1.033346E-07  8.539935E-08  1.431629E-04  1.946618E-04  1.191076E-07  1.235883E-07  1.612798E-07  1.723515E-07
 3.681500E+02  4.337471E-01  1.816961E-04  8.723003E-09  1.172457E-08  1.311250E-08  1.598949E-08  3.980777E-01  2.489973E-04  1.766519E-07  1.351480E-01  1.190271E-04  1.164130E-07  2.521528E-08  3.010867E-03  8.795402E-08  3.637078E-07  8.527715E-08  2.913036E-02  3.735409E-07  1.009785E-07  8.341223E-08  1.416160E-04  1.925608E-04  1.144715E-07  1.186423E-07  1.548645E-07  1.665745E-07
 3.691500E+02  4.339102E-01  1.802819E-04  8.528668E-09  1.146547E-08  1.282325E-08  1.563951E-08  3.981012E-01  2.460079E-04  1.693977E-07  1.352940E-01  1.178374E-04  1.119954E-07  2.478946E-08  2.973397E-03  8.487380E-08  3.516110E-07  8.296329E-08  2.884446E-02  3.619842E-07  9.868951E-08  8.148265E-08  1.400941E-04  1.904938E-04  1.100391E-07  1.139204E-07  1.487385E-07  1.610225E-07
 3.701500E+02  4.340708E-01  1.788878E-04  8.339850E-09  1.121368E-08  1.254214E-08  1.529934E-08  3.981244E-01  2.430733E-04  1.624817E-07  1.354377E-01  1.166646E-04  1.077662E-07  2.437283E-08  2.936624E-03  8.191911E-08  3.399867E-07  8.072607E-08  2.856289E-02  3.508441E-07  9.646549E-08  7.960868E-08  1.385967E-04  1.884599E-04  1.058005E-07  1.094115E-07  1.428874E-07  1.556858E-07
 3.711500E+02  4.342289E-01  1.775134E-04  8.156366E-09  1.096896E-08  1.226892E-08  1.496865E-08  3.981471E-01  2.401921E-04  1.558866E-07  1.355793E-01  1.155084E-04  1.037166E-07  2.396514E-08  2.900534E-03  7.908422E-08  3.288139E-07  7.856257E-08  2.828557E-02  3.401038E-07  9.430426E-08  7.778847E-08  1.371233E-04  1.864587E-04  1.017464E-07  1.051049E-07  1.372975E-07  1.505548E-07
 3.721500E+02  4.343846E-01  1.761583E-04  7.978038E-09  1.073107E-08  1.200331E-08  1.464713E-08  3.981693E-01  2.373632E-04  1.495957E-07  1.357187E-01  1.143685E-04  9.983829E-08  2.356620E-08  2.865109E-03  7.636363E-08  3.180728E-07  7.646997E-08  2.801242E-02  3.297472E-07  9.220377E-08  7.602022E-08  1.356734E-04  1.844895E-04  9.786794E-08  1.009906E-07  1.319559E-07  1.456208E-07
 3.731500E+02  4.345378E-01  1.748223E-04  7.804696E-09  1.049980E-08  1.174508E-08  1.433448E-08  3.981912E-01  2.345852E-04  1.435936E-07  1.358561E-01  1.132447E-04  9.612324E-08  2.317577E-08  2.830334E-03  7.375216E-08  3.077445E-07  7.444560E-08  2.774337E-02  3.197589E-07  9.016203E-08  7.430221E-08  1.342467E-04  1.825517E-04  9.415672E-08  9.705904E-08  1.268503E-07  1.408751E-07
