#         T/K            c1          c2-1          c3-4          c3-5          c3-7          c3-9            m1          m2-1          m3-1            w1            w2          w3-1          w3-2          c1m1        c1m2-1        c1m2-7        c2m1-1        c1w1-2        c1w2-1        c2w1-1        c2w1-9        m1w1-1        m1w1-4        m1w2-1        m2w1-1        m2w1-3      c1m1w1-1
 2.731500E+02  5.908709E-01  1.207818E-03  6.536829E-07  8.579746E-07  9.545649E-07  1.138200E-06  4.829916E-02  2.051091E-05  9.401337E-08  1.427406E-01  7.309239E-04  3.806812E-05  5.341363E-07  3.121539E-03  2.519761E-07  8.268136E-07  1.029011E-06  2.126527E-01  5.984915E-05  6.670524E-06  5.857426E-06  9.737069E-05  1.325478E-04  4.245714E-06  5.201703E-07  6.588026E-07  3.726556E-06
 2.741500E+02  5.922505E-01  1.190261E-03  6.258926E-07  8.217773E-07  9.143608E-07  1.090605E-06  4.833864E-02  2.003009E-05  8.679883E-08  1.440745E-01  7.263493E-04  3.611277E-05  5.263918E-07  3.047423E-03  2.353360E-07  7.747132E-07  9.756505E-07  2.100057E-01  5.711681E-05  6.421059E-06  5.633506E-06  9.596860E-05  1.306308E-04  3.993492E-06  4.848345E-07  6.142939E-07  3.516243E-06
 2.751500E+02  5.936134E-01  1.173089E-03  5.994863E-07  7.873712E-07  8.761433E-07  1.045349E-06  4.837692E-02  1.956372E-05  8.018395E-08  1.453933E-01  7.216756E-04  3.425954E-05  5.186490E-07  2.975584E-03  2.199054E-07  7.262447E-07  9.254306E-07  2.073889E-01  5.451634E-05  6.182090E-06  5.419202E-06  9.458562E-05  1.287405E-04  3.757080E-06  4.520779E-07  5.730175E-07  3.318860E-06
 2.761500E+02  5.949597E-01  1.156289E-03  5.743858E-07  7.546558E-07  8.398011E-07  1.002299E-06  4.841405E-02  1.911132E-05  7.411543E-08  1.466968E-01  7.169094E-04  3.250321E-05  5.109155E-07  2.905938E-03  2.055891E-07  6.811330E-07  8.781472E-07  2.048023E-01  5.204119E-05  5.953135E-06  5.214063E-06  9.322180E-05  1.268766E-04  3.535451E-06  4.217008E-07  5.347246E-07  3.133556E-06
 2.771500E+02  5.962894E-01  1.139851E-03  5.505180E-07  7.235366E-07  8.052296E-07  9.613347E-07  4.845007E-02  1.867241E-05  6.854499E-08  1.479850E-01  7.120571E-04  3.083878E-05  5.031986E-07  2.838407E-03  1.922999E-07  6.391256E-07  8.336101E-07  2.022459E-01  4.968517E-05  5.733737E-06  5.017664E-06  9.187712E-05  1.250393E-04  3.327645E-06  3.935200E-07  4.991863E-07  2.959539E-06
 2.781500E+02  5.976025E-01  1.123765E-03  5.278141E-07  6.939253E-07  7.723308E-07  9.223406E-07  4.848503E-02  1.824653E-05  6.342886E-08  1.492579E-01  7.071249E-04  2.926152E-05  4.955050E-07  2.772916E-03  1.799580E-07  5.999901E-07  7.916426E-07  1.997199E-01  4.744236E-05  5.523462E-06  4.829599E-06  9.055159E-05  1.232285E-04  3.132765E-06  3.673668E-07  4.661921E-07  2.796072E-06
 2.791500E+02  5.988990E-01  1.108021E-03  5.062097E-07  6.657388E-07  7.410128E-07  8.852090E-07  4.851895E-02  1.783324E-05  5.872734E-08  1.505155E-01  7.021190E-04  2.776690E-05  4.878411E-07  2.709392E-03  1.684902E-07  5.635130E-07  7.520804E-07  1.972243E-01  4.530717E-05  5.321896E-06  4.649482E-06  8.924515E-05  1.214441E-04  2.949976E-06  3.430862E-07  4.355486E-07  2.642471E-06
 2.801500E+02  6.001790E-01  1.092610E-03  4.856444E-07  6.388994E-07  7.111893E-07  8.498388E-07  4.855187E-02  1.743211E-05  5.440443E-08  1.517578E-01  6.970451E-04  2.635065E-05  4.802129E-07  2.647766E-03  1.578293E-07  5.294976E-07  7.147705E-07  1.947590E-01  4.327425E-05  5.128647E-06  4.476947E-06  8.795776E-05  1.196860E-04  2.778496E-06  3.205358E-07  4.070777E-07  2.498095E-06
 2.811500E+02  6.014424E-01  1.077522E-03  4.660615E-07  6.133338E-07  6.827792E-07  8.161349E-07  4.858383E-02  1.704273E-05  5.042744E-08  1.529848E-01  6.919091E-04  2.500867E-05  4.726260E-07  2.587969E-03  1.479137E-07  4.977630E-07  6.795706E-07  1.923241E-01  4.133855E-05  4.943338E-06  4.311645E-06  8.668935E-05  1.179541E-04  2.617595E-06  2.995844E-07  3.806156E-07  2.362351E-06
 2.821500E+02  6.026895E-01  1.062749E-03  4.474075E-07  5.889733E-07  6.557064E-07  7.840080E-07  4.861486E-02  1.666471E-05  4.676666E-08  1.541965E-01  6.867164E-04  2.373708E-05  4.650856E-07  2.529939E-03  1.386868E-07  4.681426E-07  6.463484E-07  1.899196E-01  3.949525E-05  4.765616E-06  4.153247E-06  8.543983E-05  1.162483E-04  2.466593E-06  2.801114E-07  3.560113E-07  2.234683E-06
 2.831500E+02  6.039202E-01  1.048283E-03  4.296326E-07  5.657533E-07  6.298994E-07  7.533742E-07  4.864500E-02  1.629765E-05  4.339511E-08  1.553930E-01  6.814723E-04  2.253220E-05  4.575967E-07  2.473613E-03  1.300966E-07  4.404827E-07  6.149803E-07  1.875454E-01  3.773979E-05  4.595139E-06  4.001437E-06  8.420910E-05  1.145685E-04  2.324854E-06  2.620058E-07  3.331260E-07  2.114575E-06
 2.841500E+02  6.051347E-01  1.034115E-03  4.126895E-07  5.436132E-07  6.052907E-07  7.241545E-07  4.867427E-02  1.594120E-05  4.028824E-08  1.565742E-01  6.761821E-04  2.139052E-05  4.501637E-07  2.418933E-03  1.220955E-07  4.146419E-07  5.853514E-07  1.852014E-01  3.606780E-05  4.431586E-06  3.855915E-06  8.299705E-05  1.129143E-04  2.191783E-06  2.451651E-07  3.118317E-07  2.001546E-06
 2.851500E+02  6.063329E-01  1.020237E-03  3.965342E-07  5.224957E-07  5.818172E-07  6.962745E-07  4.870271E-02  1.559500E-05  3.742374E-08  1.577403E-01  6.708506E-04  2.030871E-05  4.427910E-07  2.365840E-03  1.146393E-07  3.904894E-07  5.573546E-07  1.828875E-01  3.447518E-05  4.274648E-06  3.716397E-06  8.180356E-05  1.112858E-04  2.066825E-06  2.294952E-07  2.920105E-07  1.895147E-06
 2.861500E+02  6.075150E-01  1.006641E-03  3.811248E-07  5.023473E-07  5.594193E-07  6.696644E-07  4.873034E-02  1.525870E-05  3.478127E-08  1.588912E-01  6.654827E-04  1.928363E-05  4.354823E-07  2.314282E-03  1.076879E-07  3.679050E-07  5.308897E-07  1.806037E-01  3.295799E-05  4.124034E-06  3.582612E-06  8.062849E-05  1.096827E-04  1.949464E-06  2.149094E-07  2.735535E-07  1.794959E-06
 2.871500E+02  6.086811E-01  9.933214E-04  3.664224E-07  4.831172E-07  5.380407E-07  6.442582E-07  4.875719E-02  1.493198E-05  3.234233E-08  1.600271E-01  6.600829E-04  1.831227E-05  4.282414E-07  2.264204E-03  1.012039E-07  3.467773E-07  5.058636E-07  1.783498E-01  3.151252E-05  3.979463E-06  3.454301E-06  7.947170E-05  1.081047E-04  1.839214E-06  2.013275E-07  2.563606E-07  1.700592E-06
 2.881500E+02  6.098313E-01  9.802694E-04  3.523899E-07  4.647578E-07  5.176288E-07  6.199939E-07  4.878329E-02  1.461451E-05  3.009005E-08  1.611479E-01  6.546558E-04  1.739179E-05  4.210715E-07  2.215557E-03  9.515312E-08  3.270037E-07  4.821891E-07  1.761257E-01  3.013522E-05  3.840670E-06  3.331220E-06  7.833302E-05  1.065516E-04  1.735623E-06  1.886757E-07  2.403393E-07  1.611680E-06
 2.891500E+02  6.109657E-01  9.674786E-04  3.389927E-07  4.472242E-07  4.981338E-07  5.968131E-07  4.880866E-02  1.430600E-05  2.800905E-08  1.622539E-01  6.492056E-04  1.651950E-05  4.139756E-07  2.168291E-03  8.950405E-08  3.084891E-07  4.597851E-07  1.739312E-01  2.882273E-05  3.707403E-06  3.213135E-06  7.721230E-05  1.050232E-04  1.638270E-06  1.768861E-07  2.254043E-07  1.527884E-06
 2.901500E+02  6.120845E-01  9.549424E-04  3.261980E-07  4.304742E-07  4.795087E-07  5.746604E-07  4.883333E-02  1.400614E-05  2.608530E-08  1.633450E-01  6.437363E-04  1.569284E-05  4.069564E-07  2.122361E-03  8.422760E-08  2.911459E-07  4.385754E-07  1.717661E-01  2.757187E-05  3.579419E-06  3.099824E-06  7.610937E-05  1.035193E-04  1.546759E-06  1.658959E-07  2.114769E-07  1.448887E-06
 2.911500E+02  6.131876E-01  9.426543E-04  3.139750E-07  4.144678E-07  4.617093E-07  5.534841E-07  4.885731E-02  1.371465E-05  2.430600E-08  1.644215E-01  6.382519E-04  1.490939E-05  4.000165E-07  2.077721E-03  7.929696E-08  2.748930E-07  4.184891E-07  1.696303E-01  2.637960E-05  3.456489E-06  2.991073E-06  7.502404E-05  1.020396E-04  1.460721E-06  1.556469E-07  1.984842E-07  1.374390E-06
 2.921500E+02  6.142753E-01  9.306079E-04  3.022945E-07  3.991675E-07  4.446939E-07  5.332349E-07  4.888064E-02  1.343126E-05  2.265945E-08  1.654832E-01  6.327561E-04  1.416684E-05  3.931581E-07  2.034328E-03  7.468739E-08  2.596553E-07  3.994598E-07  1.675237E-01  2.524305E-05  3.338393E-06  2.886683E-06  7.395613E-05  1.005838E-04  1.379813E-06  1.460859E-07  1.863592E-07  1.304118E-06
 2.931500E+02  6.153478E-01  9.187973E-04  2.911293E-07  3.845377E-07  4.284232E-07  5.138665E-07  4.890333E-02  1.315570E-05  2.113497E-08  1.665304E-01  6.272526E-04  1.346303E-05  3.863831E-07  1.992141E-03  7.037608E-08  2.453632E-07  3.814256E-07  1.654459E-01  2.415948E-05  3.224922E-06  2.786461E-06  7.290546E-05  9.915169E-05  1.303711E-06  1.371632E-07  1.750397E-07  1.237812E-06
 2.941500E+02  6.164050E-01  9.072167E-04  2.804533E-07  3.705448E-07  4.128599E-07  4.953353E-07  4.892541E-02  1.288771E-05  1.972280E-08  1.675632E-01  6.217448E-04  1.279589E-05  3.796934E-07  1.951119E-03  6.634195E-08  2.319525E-07  3.643282E-07  1.633967E-01  2.312629E-05  3.115878E-06  2.690224E-06  7.187181E-05  9.774296E-05  1.232115E-06  1.288333E-07  1.644685E-07  1.175229E-06
 2.951500E+02  6.174472E-01  8.958602E-04  2.702422E-07  3.571574E-07  3.979690E-07  4.776000E-07  4.894689E-02  1.262706E-05  1.841401E-08  1.685817E-01  6.162359E-04  1.216347E-05  3.730904E-07  1.911225E-03  6.256551E-08  2.193635E-07  3.481134E-07  1.613761E-01  2.214102E-05  3.011070E-06  2.597797E-06  7.085501E-05  9.635733E-05  1.164743E-06  1.210540E-07  1.545925E-07  1.116142E-06
 2.961500E+02  6.184745E-01  8.847224E-04  2.604728E-07  3.443455E-07  3.837173E-07  4.606214E-07  4.896779E-02  1.237349E-05  1.720042E-08  1.695860E-01  6.107292E-04  1.156392E-05  3.665757E-07  1.872420E-03  5.902879E-08  2.075409E-07  3.327302E-07  1.593836E-01  2.120132E-05  2.910316E-06  2.509014E-06  6.985483E-05  9.499451E-05  1.101332E-06  1.137862E-07  1.453626E-07  1.060342E-06
 2.971500E+02  6.194870E-01  8.737980E-04  2.511234E-07  3.320808E-07  3.700735E-07  4.443627E-07  4.898814E-02  1.212679E-05  1.607455E-08  1.705762E-01  6.052275E-04  1.099549E-05  3.601503E-07  1.834670E-03  5.571512E-08  1.964336E-07  3.181310E-07  1.574192E-01  2.030498E-05  2.813444E-06  2.423718E-06  6.887108E-05  9.365421E-05  1.041636E-06  1.069938E-07  1.367336E-07  1.007628E-06
 2.981500E+02  6.204849E-01  8.630818E-04  2.421734E-07  3.203367E-07  3.570081E-07  4.287891E-07  4.900795E-02  1.188674E-05  1.502954E-08  1.715524E-01  5.997337E-04  1.045651E-05  3.538152E-07  1.797940E-03  5.260913E-08  1.859939E-07  3.042710E-07  1.554824E-01  1.944987E-05  2.720289E-06  2.341756E-06  6.790353E-05  9.233614E-05  9.854248E-07  1.006435E-07  1.286633E-07  9.578177E-07
 2.991500E+02  6.214684E-01  8.525688E-04  2.336032E-07  3.090880E-07  3.444929E-07  4.138676E-07  4.902723E-02  1.165312E-05  1.405913E-08  1.725148E-01  5.942506E-04  9.945419E-06  3.475712E-07  1.762198E-03  4.969656E-08  1.761778E-07  2.911085E-07  1.535732E-01  1.863400E-05  2.630694E-06  2.262986E-06  6.695199E-05  9.104000E-05  9.324826E-07  9.470435E-08  1.211130E-07  9.107359E-07
 3.001500E+02  6.224376E-01  8.422540E-04  2.253946E-07  2.983108E-07  3.325016E-07  3.995668E-07  4.904601E-02  1.142572E-05  1.315753E-08  1.734635E-01  5.887806E-04  9.460730E-06  3.414190E-07  1.727410E-03  4.696422E-08  1.669443E-07  2.786040E-07  1.516911E-01  1.785545E-05  2.544507E-06  2.187270E-06  6.601623E-05  8.976549E-05  8.826083E-07  8.914777E-08  1.140466E-07  8.662209E-07
 3.011500E+02  6.233926E-01  8.321329E-04  2.175301E-07  2.879824E-07  3.210090E-07  3.858574E-07  4.906430E-02  1.120435E-05  1.231949E-08  1.743987E-01  5.833262E-04  9.001035E-06  3.353590E-07  1.693547E-03  4.439989E-08  1.582554E-07  2.667208E-07  1.498360E-01  1.711242E-05  2.461587E-06  2.114477E-06  6.509604E-05  8.851229E-05  8.356134E-07  8.394726E-08  1.074307E-07  8.241208E-07
 3.021500E+02  6.243336E-01  8.222008E-04  2.099932E-07  2.780816E-07  3.099915E-07  3.727112E-07  4.908212E-02  1.098882E-05  1.154013E-08  1.753204E-01  5.778897E-04  8.565003E-06  3.293917E-07  1.660580E-03  4.199225E-08  1.500758E-07  2.554243E-07  1.480076E-01  1.640320E-05  2.381795E-06  2.044482E-06  6.419120E-05  8.728012E-05  7.913216E-07  7.907828E-08  1.012345E-07  7.842932E-07
 3.031500E+02  6.252608E-01  8.124532E-04  2.027683E-07  2.685881E-07  2.994266E-07  3.601019E-07  4.909947E-02  1.077895E-05  1.081502E-08  1.762289E-01  5.724734E-04  8.151374E-06  3.235172E-07  1.628479E-03  3.973079E-08  1.423725E-07  2.446819E-07  1.462056E-01  1.572613E-05  2.305001E-06  1.977167E-06  6.330148E-05  8.606866E-05  7.495678E-07  7.451809E-08  9.542929E-08  7.466048E-07
 3.041500E+02  6.261743E-01  8.028859E-04  1.958407E-07  2.594826E-07  2.892930E-07  3.480043E-07  4.911638E-02  1.057455E-05  1.014006E-08  1.771242E-01  5.670791E-04  7.758954E-06  3.177357E-07  1.597218E-03  3.760578E-08  1.351150E-07  2.344633E-07  1.444297E-01  1.507968E-05  2.231080E-06  1.912417E-06  6.242668E-05  8.487761E-05  7.101976E-07  7.024561E-08  8.998852E-08  7.109306E-07
 3.051500E+02  6.270743E-01  7.934947E-04  1.891964E-07  2.507472E-07  2.795706E-07  3.363947E-07  4.913286E-02  1.037546E-05  9.511489E-09  1.780065E-01  5.617090E-04  7.386617E-06  3.120471E-07  1.566769E-03  3.560818E-08  1.282748E-07  2.247398E-07  1.426796E-01  1.446238E-05  2.159914E-06  1.850125E-06  6.156656E-05  8.370666E-05  6.730662E-07  6.624128E-08  8.488751E-08  6.771536E-07
 3.061500E+02  6.279610E-01  7.842754E-04  1.828220E-07  2.423645E-07  2.702402E-07  3.252504E-07  4.914892E-02  1.018150E-05  8.925850E-09  1.788759E-01  5.563648E-04  7.033295E-06  3.064512E-07  1.537108E-03  3.372960E-08  1.218256E-07  2.154844E-07  1.409550E-01  1.387281E-05  2.091388E-06  1.790187E-06  6.072092E-05  8.255550E-05  6.380382E-07  6.248697E-08  8.010342E-08  6.451638E-07
 3.071500E+02  6.288345E-01  7.752241E-04  1.767052E-07  2.343183E-07  2.612838E-07  3.145501E-07  4.916457E-02  9.992532E-06  8.379962E-09  1.797327E-01  5.510482E-04  6.697978E-06  3.009479E-07  1.508210E-03  3.196226E-08  1.157426E-07  2.066718E-07  1.392557E-01  1.330966E-05  2.025393E-06  1.732504E-06  5.988952E-05  8.142384E-05  6.049868E-07  5.896586E-08  7.561499E-08  6.148583E-07
 3.081500E+02  6.296950E-01  7.663370E-04  1.708339E-07  2.265930E-07  2.526842E-07  3.042736E-07  4.917984E-02  9.808388E-06  7.870896E-09  1.805769E-01  5.457609E-04  6.379711E-06  2.955367E-07  1.480052E-03  3.029891E-08  1.100029E-07  1.982782E-07  1.375813E-01  1.277166E-05  1.961826E-06  1.676982E-06  5.907215E-05  8.031135E-05  5.737932E-07  5.566231E-08  7.140251E-08  5.861404E-07
 3.091500E+02  6.305426E-01  7.576104E-04  1.651969E-07  2.191740E-07  2.444251E-07  2.944015E-07  4.919472E-02  9.628922E-06  7.395956E-09  1.814086E-01  5.405044E-04  6.077590E-06  2.902174E-07  1.452610E-03  2.873283E-08  1.045851E-07  1.902813E-07  1.359316E-01  1.225761E-05  1.900587E-06  1.623531E-06  5.826860E-05  7.921775E-05  5.443460E-07  5.256182E-08  6.744767E-08  5.589194E-07
 3.101500E+02  6.313775E-01  7.490405E-04  1.597834E-07  2.120475E-07  2.364910E-07  2.849157E-07  4.920923E-02  9.453993E-06  6.952656E-09  1.822282E-01  5.352800E-04  5.790760E-06  2.849892E-07  1.425862E-03  2.725775E-08  9.946934E-08  1.826600E-07  1.343062E-01  1.176637E-05  1.841581E-06  1.572066E-06  5.747863E-05  7.814273E-05  5.165410E-07  4.965092E-08  6.373345E-08  5.331102E-07
 3.111500E+02  6.321999E-01  7.406239E-04  1.545833E-07  2.052000E-07  2.288673E-07  2.757987E-07  4.922338E-02  9.283462E-06  6.538705E-09  1.830356E-01  5.300892E-04  5.518414E-06  2.798518E-07  1.399788E-03  2.586786E-08  9.463691E-08  1.753943E-07  1.327049E-01  1.129685E-05  1.784718E-06  1.522503E-06  5.670204E-05  7.708598E-05  4.902803E-07  4.691708E-08  6.024404E-08  5.086329E-07
 3.121500E+02  6.330099E-01  7.323572E-04  1.495870E-07  1.986192E-07  2.215400E-07  2.670341E-07  4.923718E-02  9.117194E-06  6.151991E-09  1.838311E-01  5.249331E-04  5.259785E-06  2.748044E-07  1.374366E-03  2.455775E-08  9.007048E-08  1.684657E-07  1.311273E-01  1.084803E-05  1.729911E-06  1.474766E-06  5.593861E-05  7.604721E-05  4.654725E-07  4.434868E-08  5.696471E-08  4.854125E-07
 3.131500E+02  6.338077E-01  7.242370E-04  1.447853E-07  1.922932E-07  2.144959E-07  2.586063E-07  4.925065E-02  8.955062E-06  5.790566E-09  1.846148E-01  5.198129E-04  5.014150E-06  2.698463E-07  1.349578E-03  2.332237E-08  8.575388E-08  1.618565E-07  1.295732E-01  1.041893E-05  1.677077E-06  1.428778E-06  5.518812E-05  7.502613E-05  4.420316E-07  4.193488E-08  5.388180E-08  4.633783E-07
 3.141500E+02  6.345936E-01  7.162600E-04  1.401696E-07  1.862104E-07  2.077224E-07  2.505003E-07  4.926379E-02  8.796941E-06  5.452629E-09  1.853868E-01  5.147297E-04  4.780825E-06  2.649768E-07  1.325404E-03  2.215702E-08  8.167197E-08  1.555501E-07  1.280421E-01  1.000862E-05  1.626136E-06  1.384469E-06  5.445036E-05  7.402244E-05  4.198770E-07  3.966562E-08  5.098257E-08  4.424642E-07
 3.151500E+02  6.353675E-01  7.084231E-04  1.357314E-07  1.803604E-07  2.012077E-07  2.427021E-07  4.927661E-02  8.642710E-06  5.136520E-09  1.861473E-01  5.096843E-04  4.559163E-06  2.601950E-07  1.301825E-03  2.105732E-08  7.781062E-08  1.495309E-07  1.265339E-01  9.616208E-06  1.577014E-06  1.341769E-06  5.372513E-05  7.303584E-05  3.989332E-07  3.753153E-08  4.825518E-08  4.226078E-07
 3.161500E+02  6.361298E-01  7.007232E-04  1.314631E-07  1.747327E-07  1.949402E-07  2.351982E-07  4.928913E-02  8.492254E-06  4.840703E-09  1.868965E-01  5.046779E-04  4.348551E-06  2.554999E-07  1.278823E-03  2.001921E-08  7.415664E-08  1.437842E-07  1.250483E-01  9.240863E-06  1.529637E-06  1.300614E-06  5.301220E-05  7.206605E-05  3.791294E-07  3.552391E-08  4.568860E-08  4.037507E-07
 3.171500E+02  6.368805E-01  6.931573E-04  1.273570E-07  1.693177E-07  1.889093E-07  2.279758E-07  4.930134E-02  8.345461E-06  4.563760E-09  1.876345E-01  4.997111E-04  4.148410E-06  2.508908E-07  1.256383E-03  1.903886E-08  7.069769E-08  1.382960E-07  1.235848E-01  8.881783E-06  1.483936E-06  1.260942E-06  5.231138E-05  7.111278E-05  3.603991E-07  3.363463E-08  4.327255E-08  3.858378E-07
 3.181500E+02  6.376198E-01  6.857225E-04  1.234063E-07  1.641061E-07  1.831047E-07  2.210227E-07  4.931326E-02  8.202222E-06  4.304378E-09  1.883615E-01  4.947848E-04  3.958192E-06  2.463667E-07  1.234486E-03  1.811275E-08  6.742223E-08  1.330532E-07  1.221433E-01  8.538208E-06  1.439845E-06  1.222692E-06  5.162246E-05  7.017576E-05  3.426799E-07  3.185614E-08  4.099747E-08  3.688172E-07
 3.191500E+02  6.383480E-01  6.784159E-04  1.196040E-07  1.590892E-07  1.775166E-07  2.143275E-07  4.932491E-02  8.062433E-06  4.061343E-09  1.890776E-01  4.898996E-04  3.777379E-06  2.419265E-07  1.213118E-03  1.723754E-08  6.431946E-08  1.280434E-07  1.207234E-01  8.209418E-06  1.397300E-06  1.185807E-06  5.094523E-05  6.925469E-05  3.259132E-07  3.018139E-08  3.885443E-08  3.526403E-07
 3.201500E+02  6.390651E-01  6.712349E-04  1.159437E-07  1.542586E-07  1.721356E-07  2.078791E-07  4.933627E-02  7.925992E-06  3.833533E-09  1.897830E-01  4.850561E-04  3.605480E-06  2.375692E-07  1.192262E-03  1.641016E-08  6.137928E-08  1.232549E-07  1.193248E-01  7.894725E-06  1.356241E-06  1.150233E-06  5.027949E-05  6.834930E-05  3.100441E-07  2.860382E-08  3.683513E-08  3.372612E-07
 3.211500E+02  6.397713E-01  6.641767E-04  1.124195E-07  1.496063E-07  1.669531E-07  2.016669E-07  4.934737E-02  7.792802E-06  3.619907E-09  1.904777E-01  4.802550E-04  3.442032E-06  2.332937E-07  1.171904E-03  1.562772E-08  5.859224E-08  1.186767E-07  1.179472E-01  7.593476E-06  1.316608E-06  1.115918E-06  4.962505E-05  6.745933E-05  2.950211E-07  2.711732E-08  3.493181E-08  3.226368E-07
 3.221500E+02  6.404668E-01  6.572386E-04  1.090254E-07  1.451247E-07  1.619604E-07  1.956811E-07  4.935822E-02  7.662768E-06  3.419500E-09  1.911621E-01  4.754968E-04  3.286594E-06  2.290990E-07  1.152029E-03  1.488751E-08  5.594948E-08  1.142983E-07  1.165903E-01  7.305051E-06  1.278347E-06  1.082812E-06  4.898170E-05  6.658449E-05  2.807955E-07  2.571618E-08  3.313723E-08  3.087263E-07
 3.231500E+02  6.411517E-01  6.504181E-04  1.057559E-07  1.408066E-07  1.571497E-07  1.899121E-07  4.936881E-02  7.535800E-06  3.231421E-09  1.918362E-01  4.707819E-04  3.138753E-06  2.249840E-07  1.132623E-03  1.418701E-08  5.344270E-08  1.101099E-07  1.152538E-01  7.028859E-06  1.241405E-06  1.050866E-06  4.834926E-05  6.572452E-05  2.673220E-07  2.439508E-08  3.144466E-08  2.954916E-07
 3.241500E+02  6.418262E-01  6.437128E-04  1.026057E-07  1.366452E-07  1.525132E-07  1.843508E-07  4.937915E-02  7.411809E-06  3.054840E-09  1.925001E-01  4.661106E-04  2.998115E-06  2.209476E-07  1.113673E-03  1.352387E-08  5.106413E-08  1.061021E-07  1.139375E-01  6.764337E-06  1.205729E-06  1.020036E-06  4.772753E-05  6.487916E-05  2.545577E-07  2.314905E-08  2.984778E-08  2.828965E-07
 3.251500E+02  6.424905E-01  6.371202E-04  9.956987E-08  1.326338E-07  1.480437E-07  1.789886E-07  4.938926E-02  7.290709E-06  2.888991E-09  1.931541E-01  4.614835E-04  2.864309E-06  2.169885E-07  1.095166E-03  1.289589E-08  4.880647E-08  1.022661E-07  1.126409E-01  6.510952E-06  1.171272E-06  9.902770E-07  4.711632E-05  6.404814E-05  2.424624E-07  2.197346E-08  2.834071E-08  2.709070E-07
 3.261500E+02  6.431446E-01  6.306380E-04  9.664357E-08  1.287663E-07  1.437342E-07  1.738173E-07  4.939914E-02  7.172418E-06  2.733159E-09  1.937982E-01  4.569007E-04  2.736981E-06  2.131057E-07  1.077088E-03  1.230099E-08  4.666289E-08  9.859363E-08  1.113639E-01  6.268196E-06  1.137986E-06  9.615477E-07  4.651545E-05  6.323122E-05  2.309985E-07  2.086397E-08  2.691797E-08  2.594912E-07
 3.271500E+02  6.437889E-01  6.242637E-04  9.382226E-08  1.250366E-07  1.395782E-07  1.688290E-07  4.940879E-02  7.056857E-06  2.586685E-09  1.944326E-01  4.523625E-04  2.615800E-06  2.092979E-07  1.059429E-03  1.173726E-08  4.462698E-08  9.507669E-08  1.101062E-01  6.035583E-06  1.105827E-06  9.338078E-07  4.592473E-05  6.242814E-05  2.201303E-07  1.981655E-08  2.557441E-08  2.486188E-07
 3.281500E+02  6.444233E-01  6.179953E-04  9.110157E-08  1.214392E-07  1.355693E-07  1.640163E-07  4.941823E-02  6.943948E-06  2.448952E-09  1.950575E-01  4.478691E-04  2.500451E-06  2.055641E-07  1.042176E-03  1.120287E-08  4.269271E-08  9.170785E-08  1.088674E-01  5.812654E-06  1.074751E-06  9.070191E-07  4.534398E-05  6.163864E-05  2.098246E-07  1.882742E-08  2.430524E-08  2.382614E-07
 3.291500E+02  6.450481E-01  6.118304E-04  8.847737E-08  1.179685E-07  1.317014E-07  1.593719E-07  4.942745E-02  6.833617E-06  2.319391E-09  1.956729E-01  4.434208E-04  2.390634E-06  2.019030E-07  1.025317E-03  1.069614E-08  4.085444E-08  8.848004E-08  1.076473E-01  5.598971E-06  1.044718E-06  8.811446E-07  4.477303E-05  6.086249E-05  2.000498E-07  1.789304E-08  2.310598E-08  2.283921E-07
 3.301500E+02  6.456634E-01  6.057670E-04  8.594570E-08  1.146195E-07  1.279690E-07  1.548891E-07  4.943647E-02  6.725790E-06  2.197471E-09  1.962791E-01  4.390175E-04  2.286068E-06  1.983135E-07  1.008843E-03  1.021548E-08  3.910685E-08  8.538655E-08  1.064455E-01  5.394115E-06  1.015687E-06  8.561493E-07  4.421168E-05  6.009944E-05  1.907765E-07  1.701012E-08  2.197243E-08  2.189855E-07
 3.311500E+02  6.462693E-01  5.998030E-04  8.350280E-08  1.113871E-07  1.243664E-07  1.505614E-07  4.944529E-02  6.620400E-06  2.082699E-09  1.968762E-01  4.346595E-04  2.186485E-06  1.947944E-07  9.927410E-04  9.759396E-09  3.744496E-08  8.242105E-08  1.052619E-01  5.197691E-06  9.876216E-07  8.319995E-07  4.365978E-05  5.934926E-05  1.819769E-07  1.617557E-08  2.090067E-08  2.100178E-07
 3.321500E+02  6.468661E-01  5.939363E-04  8.114507E-08  1.082667E-07  1.208884E-07  1.463826E-07  4.945391E-02  6.517377E-06  1.974615E-09  1.974643E-01  4.303468E-04  2.091632E-06  1.913444E-07  9.770020E-04  9.326500E-09  3.586409E-08  7.957751E-08  1.040961E-01  5.009320E-06  9.604850E-07  8.086628E-07  4.311715E-05  5.861170E-05  1.736248E-07  1.538650E-08  1.988702E-08  2.014663E-07
 3.331500E+02  6.474538E-01  5.881650E-04  7.886906E-08  1.052539E-07  1.175301E-07  1.423466E-07  4.946234E-02  6.416656E-06  1.872793E-09  1.980436E-01  4.260794E-04  2.001270E-06  1.879624E-07  9.616156E-04  8.915480E-09  3.435982E-08  7.685025E-08  1.029479E-01  4.828641E-06  9.342423E-07  7.861082E-07  4.258362E-05  5.788654E-05  1.656957E-07  1.464022E-08  1.892805E-08  1.933097E-07
 3.341500E+02  6.480325E-01  5.824870E-04  7.667151E-08  1.023442E-07  1.142867E-07  1.384479E-07  4.947059E-02  6.318175E-06  1.776834E-09  1.986141E-01  4.218574E-04  1.915172E-06  1.846473E-07  9.465723E-04  8.525110E-09  3.292802E-08  7.423384E-08  1.018169E-01  4.655313E-06  9.088603E-07  7.643063E-07  4.205903E-05  5.717356E-05  1.581664E-07  1.393418E-08  1.802054E-08  1.855279E-07
 3.351500E+02  6.486026E-01  5.769007E-04  7.454928E-08  9.953364E-08  1.111536E-07  1.346811E-07  4.947866E-02  6.221872E-06  1.686370E-09  1.991761E-01  4.176805E-04  1.833122E-06  1.813978E-07  9.318627E-04  8.154235E-09  3.156478E-08  7.172317E-08  1.007030E-01  4.489008E-06  8.843070E-07  7.432284E-07  4.154321E-05  5.647252E-05  1.510150E-07  1.326602E-08  1.716147E-08  1.781019E-07
 3.361500E+02  6.491639E-01  5.714040E-04  7.249938E-08  9.681829E-08  1.081265E-07  1.310409E-07  4.948655E-02  6.127687E-06  1.601054E-09  1.997296E-01  4.135489E-04  1.754917E-06  1.782127E-07  9.174776E-04  7.801775E-09  3.026645E-08  6.931337E-08  9.960580E-02  4.329416E-06  8.605517E-07  7.228475E-07  4.103600E-05  5.578322E-05  1.442211E-07  1.263352E-08  1.634802E-08  1.710137E-07
 3.371500E+02  6.497168E-01  5.659952E-04  7.051896E-08  9.419439E-08  1.052012E-07  1.275224E-07  4.949427E-02  6.035562E-06  1.520566E-09  2.002749E-01  4.094624E-04  1.680365E-06  1.750910E-07  9.034083E-04  7.466711E-09  2.902957E-08  6.699983E-08  9.852510E-02  4.176240E-06  8.375650E-07  7.031373E-07  4.053725E-05  5.510542E-05  1.377652E-07  1.203461E-08  1.557755E-08  1.642462E-07
 3.381500E+02  6.502614E-01  5.606725E-04  6.860528E-08  9.165838E-08  1.023738E-07  1.241210E-07  4.950183E-02  5.945444E-06  1.444605E-09  2.008119E-01  4.054209E-04  1.609282E-06  1.720315E-07  8.896463E-04  7.148089E-09  2.785088E-08  6.477818E-08  9.746062E-02  4.029197E-06  8.153186E-07  6.840729E-07  4.004680E-05  5.443893E-05  1.316291E-07  1.146734E-08  1.484757E-08  1.577836E-07
 3.391500E+02  6.507977E-01  5.554343E-04  6.675574E-08  8.920684E-08  9.964038E-08  1.208320E-07  4.950922E-02  5.857276E-06  1.372892E-09  2.013409E-01  4.014243E-04  1.541497E-06  1.690329E-07  8.761834E-04  6.845011E-09  2.672733E-08  6.264425E-08  9.641212E-02  3.888020E-06  7.937854E-07  6.656302E-07  3.956449E-05  5.378353E-05  1.257957E-07  1.092988E-08  1.415576E-08  1.516104E-07
 3.401500E+02  6.513259E-01  5.502788E-04  6.496784E-08  8.683649E-08  9.699740E-08  1.176511E-07  4.951646E-02  5.771008E-06  1.305167E-09  2.018620E-01  3.974723E-04  1.476844E-06  1.660942E-07  8.630115E-04  6.556633E-09  2.565602E-08  6.059409E-08  9.537933E-02  3.752451E-06  7.729395E-07  6.477863E-07  3.909018E-05  5.313901E-05  1.202488E-07  1.042051E-08  1.349993E-08  1.457125E-07
 3.411500E+02  6.518461E-01  5.452044E-04  6.323920E-08  8.454422E-08  9.444135E-08  1.145743E-07  4.952355E-02  5.686588E-06  1.241184E-09  2.023753E-01  3.935649E-04  1.415169E-06  1.632143E-07  8.501230E-04  6.282160E-09  2.463425E-08  5.862395E-08  9.436202E-02  3.622246E-06  7.527560E-07  6.305190E-07  3.862373E-05  5.250518E-05  1.149730E-07  9.937637E-09  1.287803E-08  1.400762E-07
 3.421500E+02  6.523586E-01  5.402095E-04  6.156753E-08  8.232704E-08  9.196892E-08  1.115976E-07  4.953048E-02  5.603967E-06  1.180718E-09  2.028809E-01  3.897017E-04  1.356324E-06  1.603920E-07  8.375103E-04  6.020846E-09  2.365945E-08  5.673028E-08  9.335992E-02  3.497172E-06  7.332107E-07  6.138071E-07  3.816497E-05  5.188184E-05  1.099540E-07  9.479747E-09  1.228815E-08  1.346886E-07
 3.431500E+02  6.528633E-01  5.352927E-04  5.995065E-08  8.018208E-08  8.957692E-08  1.087171E-07  4.953727E-02  5.523099E-06  1.123556E-09  2.033790E-01  3.858827E-04  1.300170E-06  1.576262E-07  8.251663E-04  5.771987E-09  2.272920E-08  5.490968E-08  9.237280E-02  3.377007E-06  7.142808E-07  5.976304E-07  3.771379E-05  5.126879E-05  1.051783E-07  9.045426E-09  1.172848E-08  1.295376E-07
 3.441500E+02  6.533604E-01  5.304522E-04  5.838648E-08  7.810661E-08  8.726231E-08  1.059293E-07  4.954392E-02  5.443936E-06  1.069499E-09  2.038696E-01  3.821075E-04  1.246574E-06  1.549158E-07  8.130837E-04  5.534922E-09  2.184121E-08  5.315893E-08  9.140042E-02  3.261539E-06  6.959442E-07  5.819693E-07  3.727002E-05  5.066584E-05  1.006329E-07  8.633345E-09  1.119732E-08  1.246117E-07
 3.451500E+02  6.538501E-01  5.256867E-04  5.687302E-08  7.609801E-08  8.502218E-08  1.032306E-07  4.955043E-02  5.366435E-06  1.018362E-09  2.043529E-01  3.783759E-04  1.195411E-06  1.522598E-07  8.012559E-04  5.309026E-09  2.099334E-08  5.147497E-08  9.044253E-02  3.150567E-06  6.781796E-07  5.668050E-07  3.683354E-05  5.007281E-05  9.630589E-08  8.242258E-09  1.069308E-08  1.198999E-07
 3.461500E+02  6.543325E-01  5.209947E-04  5.540835E-08  7.415377E-08  8.285372E-08  1.006178E-07  4.955681E-02  5.290552E-06  9.699707E-10  2.048291E-01  3.746876E-04  1.146563E-06  1.496570E-07  7.896762E-04  5.093713E-09  2.018355E-08  4.985489E-08  8.949891E-02  3.043897E-06  6.609667E-07  5.521197E-07  3.640421E-05  4.948951E-05  9.218575E-08  7.870993E-09  1.021427E-08  1.153919E-07
 3.471500E+02  6.548076E-01  5.163748E-04  5.399065E-08  7.227149E-08  8.075427E-08  9.808765E-08  4.956305E-02  5.216245E-06  9.241633E-10  2.052981E-01  3.710423E-04  1.099916E-06  1.471065E-07  7.783381E-04  4.888429E-09  1.940992E-08  4.829592E-08  8.856932E-02  2.941347E-06  6.442859E-07  5.378960E-07  3.598190E-05  4.891576E-05  8.826174E-08  7.518447E-09  9.759479E-09  1.110779E-07
 3.481500E+02  6.552757E-01  5.118256E-04  5.261816E-08  7.044886E-08  7.872127E-08  9.563712E-08  4.956917E-02  5.143474E-06  8.807877E-10  2.057603E-01  3.674399E-04  1.055364E-06  1.446072E-07  7.672356E-04  4.692653E-09  1.867065E-08  4.679541E-08  8.765354E-02  2.842740E-06  6.281185E-07  5.241175E-07  3.556648E-05  4.835138E-05  8.452369E-08  7.183587E-09  9.327386E-09  1.069487E-07
 3.491500E+02  6.557368E-01  5.073458E-04  5.128919E-08  6.868368E-08  7.675227E-08  9.326328E-08  4.957517E-02  5.072198E-06  8.397019E-10  2.062155E-01  3.638798E-04  1.012804E-06  1.421580E-07  7.563624E-04  4.505892E-09  1.796402E-08  4.535087E-08  8.675134E-02  2.747910E-06  6.124462E-07  5.107681E-07  3.515783E-05  4.779619E-05  8.096201E-08  6.865439E-09  8.916747E-09  1.029954E-07
 3.501500E+02  6.561910E-01  5.029339E-04  5.000214E-08  6.697384E-08  7.484491E-08  9.096332E-08  4.958104E-02  5.002380E-06  8.007725E-10  2.066640E-01  3.603619E-04  9.721420E-07  1.397580E-07  7.457129E-04  4.327683E-09  1.728840E-08  4.395990E-08  8.586250E-02  2.656696E-06  5.972519E-07  4.978327E-07  3.475580E-05  4.725004E-05  7.756761E-08  6.563087E-09  8.526394E-09  9.920965E-08
 3.511500E+02  6.566385E-01  4.985888E-04  4.875548E-08  6.531731E-08  7.299694E-08  8.873456E-08  4.958679E-02  4.933983E-06  7.638749E-10  2.071060E-01  3.568858E-04  9.332850E-07  1.374062E-07  7.352812E-04  4.157588E-09  1.664228E-08  4.262022E-08  8.498680E-02  2.568947E-06  5.825187E-07  4.852964E-07  3.436029E-05  4.671274E-05  7.433194E-08  6.275672E-09  8.155224E-09  9.558365E-08
 3.521500E+02  6.570793E-01  4.943092E-04  4.754771E-08  6.371215E-08  7.120621E-08  8.657443E-08  4.959243E-02  4.866971E-06  7.288921E-10  2.075413E-01  3.534511E-04  8.961470E-07  1.351015E-07  7.250619E-04  3.995193E-09  1.602420E-08  4.132967E-08  8.412403E-02  2.484518E-06  5.682307E-07  4.731454E-07  3.397118E-05  4.618414E-05  7.124688E-08  6.002381E-09  7.802203E-09  9.210984E-08
 3.531500E+02  6.575136E-01  4.900938E-04  4.637742E-08  6.215650E-08  6.947063E-08  8.448045E-08  4.959796E-02  4.801308E-06  6.957144E-10  2.079703E-01  3.500575E-04  8.606457E-07  1.328431E-07  7.150497E-04  3.840109E-09  1.543280E-08  4.008618E-08  8.327397E-02  2.403269E-06  5.543724E-07  4.613658E-07  3.358833E-05  4.566406E-05  6.830480E-08  5.742454E-09  7.466355E-09  8.878112E-08
 3.541500E+02  6.579415E-01  4.859414E-04  4.524326E-08  6.064858E-08  6.778823E-08  8.245025E-08  4.960338E-02  4.736961E-06  6.642392E-10  2.083930E-01  3.467047E-04  8.267030E-07  1.306300E-07  7.052393E-04  3.691967E-09  1.486678E-08  3.888779E-08  8.243642E-02  2.325067E-06  5.409289E-07  4.499449E-07  3.321165E-05  4.515237E-05  6.549845E-08  5.495171E-09  7.146762E-09  8.559073E-08
 3.551500E+02  6.583630E-01  4.818508E-04  4.414392E-08  5.918667E-08  6.615710E-08  8.048156E-08  4.960869E-02  4.673897E-06  6.343700E-10  2.088095E-01  3.433923E-04  7.942450E-07  1.284612E-07  6.956257E-04  3.550419E-09  1.432491E-08  3.773261E-08  8.161117E-02  2.249788E-06  5.278862E-07  4.388700E-07  3.284101E-05  4.464889E-05  6.282099E-08  5.259857E-09  6.842557E-09  8.253226E-08
 3.561500E+02  6.587784E-01  4.778210E-04  4.307814E-08  5.776913E-08  6.457541E-08  7.857219E-08  4.961389E-02  4.612084E-06  6.060164E-10  2.092198E-01  3.401199E-04  7.632011E-07  1.263358E-07  6.862041E-04  3.415137E-09  1.380603E-08  3.661885E-08  8.079803E-02  2.177308E-06  5.152303E-07  4.281291E-07  3.247630E-05  4.415348E-05  6.026595E-08  5.035874E-09  6.552926E-09  7.959963E-08
 3.571500E+02  6.591877E-01  4.738506E-04  4.204474E-08  5.639439E-08  6.304140E-08  7.672005E-08  4.961900E-02  4.551491E-06  5.790933E-10  2.096242E-01  3.368872E-04  7.335048E-07  1.242529E-07  6.769696E-04  3.285810E-09  1.330905E-08  3.554482E-08  7.999678E-02  2.107514E-06  5.029482E-07  4.177107E-07  3.211741E-05  4.366598E-05  5.782721E-08  4.822622E-09  6.277099E-09  7.678707E-08
 3.581500E+02  6.595909E-01  4.699388E-04  4.104257E-08  5.506092E-08  6.155339E-08  7.492314E-08  4.962400E-02  4.492088E-06  5.535212E-10  2.100227E-01  3.336938E-04  7.050925E-07  1.222117E-07  6.679177E-04  3.162143E-09  1.283292E-08  3.450888E-08  7.920724E-02  2.040294E-06  4.910270E-07  4.076036E-07  3.176424E-05  4.318626E-05  5.549898E-08  4.619535E-09  6.014353E-09  7.408908E-08
 3.591500E+02  6.599883E-01  4.660843E-04  4.007050E-08  5.376728E-08  6.010977E-08  7.317951E-08  4.962891E-02  4.433846E-06  5.292249E-10  2.104153E-01  3.305392E-04  6.779039E-07  1.202113E-07  6.590439E-04  3.043859E-09  1.237667E-08  3.350948E-08  7.842921E-02  1.975544E-06  4.794547E-07  3.977972E-07  3.141668E-05  4.271416E-05  5.327578E-08  4.426080E-09  5.764005E-09  7.150046E-08
 3.601500E+02  6.603798E-01  4.622862E-04  3.912750E-08  5.251208E-08  5.870898E-08  7.148731E-08  4.963372E-02  4.376736E-06  5.061343E-10  2.108023E-01  3.274232E-04  6.518820E-07  1.182508E-07  6.503439E-04  2.930696E-09  1.193934E-08  3.254513E-08  7.766250E-02  1.913162E-06  4.682194E-07  3.882811E-07  3.107462E-05  4.224954E-05  5.115241E-08  4.241753E-09  5.525408E-09  6.901625E-08
 3.611500E+02  6.607656E-01  4.585433E-04  3.821253E-08  5.129397E-08  5.734953E-08  6.984477E-08  4.963844E-02  4.320731E-06  4.841831E-10  2.111836E-01  3.243453E-04  6.269722E-07  1.163294E-07  6.418134E-04  2.822404E-09  1.152006E-08  3.161443E-08  7.690693E-02  1.853052E-06  4.573099E-07  3.790455E-07  3.073797E-05  4.179227E-05  4.912397E-08  4.066081E-09  5.297956E-09  6.663175E-08
 3.621500E+02  6.611459E-01  4.548547E-04  3.732463E-08  5.011166E-08  5.602999E-08  6.825016E-08  4.964307E-02  4.265804E-06  4.633091E-10  2.115594E-01  3.213051E-04  6.031230E-07  1.144462E-07  6.334483E-04  2.718748E-09  1.111799E-08  3.071602E-08  7.616231E-02  1.795123E-06  4.467152E-07  3.700808E-07  3.040662E-05  4.134221E-05  4.718581E-08  3.898614E-09  5.081074E-09  6.434248E-08
 3.631500E+02  6.615206E-01  4.512194E-04  3.646284E-08  4.896393E-08  5.474899E-08  6.670186E-08  4.964762E-02  4.211930E-06  4.434538E-10  2.119298E-01  3.183022E-04  5.802852E-07  1.126005E-07  6.252446E-04  2.619505E-09  1.073233E-08  2.984861E-08  7.542847E-02  1.739287E-06  4.364249E-07  3.613779E-07  3.008048E-05  4.089923E-05  4.533351E-08  3.738931E-09  4.874220E-09  6.214419E-08
 3.641500E+02  6.618898E-01  4.476364E-04  3.562628E-08  4.784959E-08  5.350520E-08  6.519827E-08  4.965207E-02  4.159081E-06  4.245622E-10  2.122948E-01  3.153363E-04  5.584122E-07  1.107915E-07  6.171985E-04  2.524465E-09  1.036232E-08  2.901097E-08  7.470521E-02  1.685458E-06  4.264288E-07  3.529280E-07  2.975945E-05  4.046320E-05  4.356292E-08  3.586632E-09  4.676882E-09  6.003282E-08
 3.651500E+02  6.622538E-01  4.441047E-04  3.481407E-08  4.676748E-08  5.229735E-08  6.373788E-08  4.965644E-02  4.107236E-06  4.065825E-10  2.126546E-01  3.124069E-04  5.374596E-07  1.090183E-07  6.093062E-04  2.433426E-09  1.000724E-08  2.820191E-08  7.399238E-02  1.633558E-06  4.167173E-07  3.447225E-07  2.944344E-05  4.003398E-05  4.187006E-08  3.441341E-09  4.488578E-09  5.800454E-08
 3.661500E+02  6.626124E-01  4.406236E-04  3.402539E-08  4.571653E-08  5.112422E-08  6.231923E-08  4.966073E-02  4.056368E-06  3.894660E-10  2.130092E-01  3.095137E-04  5.173851E-07  1.072803E-07  6.015641E-04  2.346200E-09  9.666421E-09  2.742033E-08  7.328979E-02  1.583508E-06  4.072809E-07  3.367534E-07  2.913235E-05  3.961146E-05  4.025121E-08  3.302702E-09  4.308850E-09  5.605568E-08
 3.671500E+02  6.629660E-01  4.371919E-04  3.325942E-08  4.469567E-08  4.998464E-08  6.094091E-08  4.966495E-02  4.006456E-06  3.731667E-10  2.133588E-01  3.066562E-04  4.981488E-07  1.055766E-07  5.939685E-04  2.262607E-09  9.339208E-09  2.666513E-08  7.259728E-02  1.535236E-06  3.981107E-07  3.290128E-07  2.882610E-05  3.919551E-05  3.870279E-08  3.170378E-09  4.137267E-09  5.418276E-08
 3.681500E+02  6.633144E-01  4.338090E-04  3.251540E-08  4.370388E-08  4.887747E-08  5.960158E-08  4.966908E-02  3.957477E-06  3.576414E-10  2.137033E-01  3.038340E-04  4.797124E-07  1.039066E-07  5.865161E-04  2.182477E-09  9.024988E-09  2.593530E-08  7.191468E-02  1.488671E-06  3.891980E-07  3.214930E-07  2.852460E-05  3.878601E-05  3.722146E-08  3.044052E-09  3.973421E-09  5.238245E-08
 3.691500E+02  6.636578E-01  4.304738E-04  3.179260E-08  4.274020E-08  4.780164E-08  5.829992E-08  4.967313E-02  3.909408E-06  3.428494E-10  2.140429E-01  3.010468E-04  4.620396E-07  1.022695E-07  5.792034E-04  2.105648E-09  8.723177E-09  2.522984E-08  7.124183E-02  1.443745E-06  3.805344E-07  3.141869E-07  2.822775E-05  3.838284E-05  3.580400E-08  2.923424E-09  3.816926E-09  5.065161E-08
 3.701500E+02  6.639964E-01  4.271855E-04  3.109029E-08  4.180369E-08  4.675609E-08  5.703470E-08  4.967712E-02  3.862229E-06  3.287521E-10  2.143777E-01  2.982941E-04  4.450960E-07  1.006647E-07  5.720273E-04  2.031968E-09  8.433220E-09  2.454782E-08  7.057856E-02  1.400395E-06  3.721117E-07  3.070873E-07  2.793548E-05  3.798588E-05  3.444740E-08  2.808208E-09  3.667418E-09  4.898722E-08
 3.711500E+02  6.643301E-01  4.239434E-04  3.040780E-08  4.089343E-08  4.573982E-08  5.580471E-08  4.968102E-02  3.815919E-06  3.153135E-10  2.147077E-01  2.955755E-04  4.288486E-07  9.909134E-08  5.649845E-04  1.961290E-09  8.154590E-09  2.388833E-08  6.992472E-02  1.358558E-06  3.639224E-07  3.001875E-07  2.764770E-05  3.759503E-05  3.314877E-08  2.698137E-09  3.524551E-09  4.738642E-08
 3.721500E+02  6.646591E-01  4.207465E-04  2.974447E-08  4.000858E-08  4.475187E-08  5.460879E-08  4.968486E-02  3.770458E-06  3.024994E-10  2.150331E-01  2.928906E-04  4.132663E-07  9.754889E-08  5.580719E-04  1.893477E-09  7.886786E-09  2.325052E-08  6.928016E-02  1.318175E-06  3.559588E-07  2.934811E-07  2.736433E-05  3.721017E-05  3.190539E-08  2.592957E-09  3.387999E-09  4.584649E-08
 3.731500E+02  6.649834E-01  4.175942E-04  2.909965E-08  3.914828E-08  4.379131E-08  5.344584E-08  4.968863E-02  3.725826E-06  2.902776E-10  2.153538E-01  2.902391E-04  3.983192E-07  9.603665E-08  5.512865E-04  1.828399E-09  7.629332E-09  2.263357E-08  6.864471E-02  1.279190E-06  3.482137E-07  2.869617E-07  2.708529E-05  3.683120E-05  3.071468E-08  2.492428E-09  3.257452E-09  4.436482E-08
