#         T/K            m1          m2-1          m3-1            w1            w2          w3-1          w3-2        m1w1-1        m1w1-4        m1w2-1        m2w1-1        m2w1-3
 2.731500E+02  8.419454E-01  5.583725E-03  3.996902E-04  1.472755E-01  6.970891E-04  3.355914E-05  4.708705E-07  1.568938E-03  2.135748E-03  6.323560E-05  1.308935E-04  1.657783E-04
 2.741500E+02  8.421626E-01  5.454316E-03  3.694259E-04  1.473453E-01  6.815501E-04  3.108969E-05  4.531737E-07  1.534031E-03  2.088097E-03  5.856808E-05  1.211307E-04  1.534748E-04
 2.751500E+02  8.423709E-01  5.328855E-03  3.416545E-04  1.474123E-01  6.664589E-04  2.881739E-05  4.362612E-07  1.500141E-03  2.041841E-03  5.427490E-05  1.121599E-04  1.421648E-04
 2.761500E+02  8.425707E-01  5.207199E-03  3.161555E-04  1.474769E-01  6.518006E-04  2.672537E-05  4.200941E-07  1.467234E-03  1.996933E-03  5.032385E-05  1.039118E-04  1.317622E-04
 2.771500E+02  8.427625E-01  5.089213E-03  2.927288E-04  1.475390E-01  6.375611E-04  2.479830E-05  4.046357E-07  1.435278E-03  1.953328E-03  4.668565E-05  9.632408E-05  1.221886E-04
 2.781500E+02  8.429468E-01  4.974766E-03  2.711933E-04  1.475988E-01  6.237267E-04  2.302225E-05  3.898512E-07  1.404240E-03  1.910981E-03  4.333370E-05  8.933978E-05  1.133731E-04
 2.791500E+02  8.431241E-01  4.863732E-03  2.513848E-04  1.476564E-01  6.102841E-04  2.138450E-05  3.757076E-07  1.374089E-03  1.869849E-03  4.024381E-05  8.290732E-05  1.052510E-04
 2.801500E+02  8.432946E-01  4.755991E-03  2.331541E-04  1.477120E-01  5.972206E-04  1.987349E-05  3.621735E-07  1.344797E-03  1.829893E-03  3.739394E-05  7.697977E-05  9.776365E-05
 2.811500E+02  8.434587E-01  4.651426E-03  2.163658E-04  1.477656E-01  5.845237E-04  1.847870E-05  3.492195E-07  1.316333E-03  1.791072E-03  3.476405E-05  7.151448E-05  9.085762E-05
 2.821500E+02  8.436168E-01  4.549926E-03  2.008970E-04  1.478174E-01  5.721815E-04  1.719052E-05  3.368175E-07  1.288670E-03  1.753348E-03  3.233586E-05  6.647263E-05  8.448427E-05
 2.831500E+02  8.437691E-01  4.451384E-03  1.866360E-04  1.478674E-01  5.601824E-04  1.600019E-05  3.249408E-07  1.261783E-03  1.716685E-03  3.009272E-05  6.181887E-05  7.859933E-05
 2.841500E+02  8.439160E-01  4.355698E-03  1.734810E-04  1.479157E-01  5.485154E-04  1.489970E-05  3.135644E-07  1.235645E-03  1.681048E-03  2.801945E-05  5.752100E-05  7.316243E-05
 2.851500E+02  8.440578E-01  4.262767E-03  1.613395E-04  1.479624E-01  5.371696E-04  1.388178E-05  3.026644E-07  1.210231E-03  1.646402E-03  2.610217E-05  5.354968E-05  6.813678E-05
 2.861500E+02  8.441946E-01  4.172498E-03  1.501272E-04  1.480075E-01  5.261348E-04  1.293974E-05  2.922181E-07  1.185517E-03  1.612714E-03  2.432825E-05  4.987814E-05  6.348881E-05
 2.871500E+02  8.443267E-01  4.084799E-03  1.397675E-04  1.480512E-01  5.154008E-04  1.206749E-05  2.822041E-07  1.161482E-03  1.579954E-03  2.268612E-05  4.648197E-05  5.918788E-05
 2.881500E+02  8.444544E-01  3.999582E-03  1.301902E-04  1.480935E-01  5.049580E-04  1.125947E-05  2.726021E-07  1.138102E-03  1.548090E-03  2.116522E-05  4.333886E-05  5.520600E-05
 2.891500E+02  8.445778E-01  3.916763E-03  1.213316E-04  1.481344E-01  4.947972E-04  1.051057E-05  2.633929E-07  1.115356E-03  1.517094E-03  1.975590E-05  4.042846E-05  5.151761E-05
 2.901500E+02  8.446972E-01  3.836261E-03  1.131333E-04  1.481740E-01  4.849092E-04  9.816133E-06  2.545580E-07  1.093224E-03  1.486937E-03  1.844931E-05  3.773215E-05  4.809931E-05
 2.911500E+02  8.448126E-01  3.757998E-03  1.055422E-04  1.482124E-01  4.752855E-04  9.171884E-06  2.460802E-07  1.071686E-03  1.457592E-03  1.723736E-05  3.523292E-05  4.492974E-05
 2.921500E+02  8.449244E-01  3.681898E-03  9.850960E-05  1.482497E-01  4.659176E-04  8.573908E-06  2.379430E-07  1.050723E-03  1.429032E-03  1.611265E-05  3.291518E-05  4.198931E-05
 2.931500E+02  8.450326E-01  3.607890E-03  9.199106E-05  1.482858E-01  4.567975E-04  8.018617E-06  2.301307E-07  1.030316E-03  1.401233E-03  1.506840E-05  3.076468E-05  3.926010E-05
 2.941500E+02  8.451375E-01  3.535905E-03  8.594593E-05  1.483208E-01  4.479173E-04  7.502719E-06  2.226287E-07  1.010448E-03  1.374171E-03  1.409837E-05  2.876837E-05  3.672568E-05
 2.951500E+02  8.452391E-01  3.465875E-03  8.033698E-05  1.483548E-01  4.392697E-04  7.023196E-06  2.154226E-07  9.911013E-04  1.347821E-03  1.319686E-05  2.691429E-05  3.437100E-05
 2.961500E+02  8.453376E-01  3.397737E-03  7.513013E-05  1.483878E-01  4.308472E-04  6.577276E-06  2.084993E-07  9.722600E-04  1.322161E-03  1.235864E-05  2.519145E-05  3.218226E-05
 2.971500E+02  8.454331E-01  3.331428E-03  7.029415E-05  1.484198E-01  4.226428E-04  6.162411E-06  2.018459E-07  9.539080E-04  1.297170E-03  1.157889E-05  2.358980E-05  3.014678E-05
 2.981500E+02  8.455257E-01  3.266889E-03  6.580041E-05  1.484509E-01  4.146499E-04  5.776263E-06  1.954504E-07  9.360299E-04  1.272826E-03  1.085320E-05  2.210010E-05  2.825292E-05
 2.991500E+02  8.456156E-01  3.204063E-03  6.162266E-05  1.484812E-01  4.068620E-04  5.416680E-06  1.893014E-07  9.186111E-04  1.249109E-03  1.017751E-05  2.071388E-05  2.649001E-05
 3.001500E+02  8.457029E-01  3.142894E-03  5.773680E-05  1.485105E-01  3.992726E-04  5.081684E-06  1.833879E-07  9.016372E-04  1.226000E-03  9.548080E-06  1.942333E-05  2.484822E-05
 3.011500E+02  8.457876E-01  3.083330E-03  5.412071E-05  1.485391E-01  3.918757E-04  4.769455E-06  1.776995E-07  8.850945E-04  1.203479E-03  8.961482E-06  1.822129E-05  2.331852E-05
 3.021500E+02  8.458699E-01  3.025320E-03  5.075406E-05  1.485668E-01  3.846655E-04  4.478316E-06  1.722265E-07  8.689698E-04  1.181529E-03  8.414555E-06  1.710119E-05  2.189261E-05
 3.031500E+02  8.459498E-01  2.968814E-03  4.761817E-05  1.485938E-01  3.776363E-04  4.206724E-06  1.669593E-07  8.532502E-04  1.160132E-03  7.904387E-06  1.605695E-05  2.056284E-05
 3.041500E+02  8.460275E-01  2.913764E-03  4.469588E-05  1.486201E-01  3.707826E-04  3.953256E-06  1.618891E-07  8.379235E-04  1.139272E-03  7.428298E-06  1.508300E-05  1.932216E-05
 3.051500E+02  8.461031E-01  2.860126E-03  4.197137E-05  1.486456E-01  3.640992E-04  3.716600E-06  1.570075E-07  8.229777E-04  1.118931E-03  6.983816E-06  1.417420E-05  1.816409E-05
 3.061500E+02  8.461765E-01  2.807854E-03  3.943011E-05  1.486705E-01  3.575809E-04  3.495547E-06  1.523062E-07  8.084013E-04  1.099094E-03  6.568663E-06  1.332582E-05  1.708266E-05
 3.071500E+02  8.462479E-01  2.756907E-03  3.705869E-05  1.486947E-01  3.512228E-04  3.288980E-06  1.477777E-07  7.941832E-04  1.079746E-03  6.180737E-06  1.253348E-05  1.607234E-05
 3.081500E+02  8.463174E-01  2.707244E-03  3.484477E-05  1.487183E-01  3.450201E-04  3.095870E-06  1.434145E-07  7.803127E-04  1.060872E-03  5.818097E-06  1.179317E-05  1.512805E-05
 3.091500E+02  8.463851E-01  2.658825E-03  3.277697E-05  1.487413E-01  3.389683E-04  2.915263E-06  1.392098E-07  7.667796E-04  1.042458E-03  5.478951E-06  1.110117E-05  1.424510E-05
 3.101500E+02  8.464509E-01  2.611611E-03  3.084480E-05  1.487636E-01  3.330630E-04  2.746281E-06  1.351568E-07  7.535736E-04  1.024490E-03  5.161645E-06  1.045405E-05  1.341914E-05
 3.111500E+02  8.465150E-01  2.565567E-03  2.903859E-05  1.487854E-01  3.272997E-04  2.588110E-06  1.312492E-07  7.406853E-04  1.006956E-03  4.864648E-06  9.848642E-06  1.264618E-05
 3.121500E+02  8.465774E-01  2.520657E-03  2.734938E-05  1.488067E-01  3.216744E-04  2.439999E-06  1.274810E-07  7.281054E-04  9.898420E-04  4.586546E-06  9.282017E-06  1.192251E-05
 3.131500E+02  8.466381E-01  2.476847E-03  2.576892E-05  1.488274E-01  3.161831E-04  2.301252E-06  1.238464E-07  7.158247E-04  9.731362E-04  4.326031E-06  8.751472E-06  1.124470E-05
 3.141500E+02  8.466973E-01  2.434103E-03  2.428959E-05  1.488475E-01  3.108219E-04  2.171224E-06  1.203399E-07  7.038346E-04  9.568265E-04  4.081891E-06  8.254504E-06  1.060959E-05
 3.151500E+02  8.467550E-01  2.392394E-03  2.290433E-05  1.488672E-01  3.055870E-04  2.049321E-06  1.169563E-07  6.921268E-04  9.409016E-04  3.853005E-06  7.788796E-06  1.001424E-05
 3.161500E+02  8.468113E-01  2.351690E-03  2.160663E-05  1.488864E-01  3.004748E-04  1.934988E-06  1.136906E-07  6.806930E-04  9.253502E-04  3.638336E-06  7.352206E-06  9.455941E-06
 3.171500E+02  8.468661E-01  2.311960E-03  2.039044E-05  1.489052E-01  2.954819E-04  1.827715E-06  1.105380E-07  6.695254E-04  9.101617E-04  3.436920E-06  6.942749E-06  8.932176E-06
 3.181500E+02  8.469195E-01  2.273176E-03  1.925018E-05  1.489234E-01  2.906047E-04  1.727026E-06  1.074939E-07  6.586165E-04  8.953257E-04  3.247865E-06  6.558584E-06  8.440614E-06
 3.191500E+02  8.469716E-01  2.235310E-03  1.818069E-05  1.489413E-01  2.858402E-04  1.632481E-06  1.045541E-07  6.479588E-04  8.808320E-04  3.070345E-06  6.198008E-06  7.979092E-06
 3.201500E+02  8.470225E-01  2.198335E-03  1.717715E-05  1.489587E-01  2.811850E-04  1.543672E-06  1.017143E-07  6.375454E-04  8.666711E-04  2.903591E-06  5.859439E-06  7.545607E-06
 3.211500E+02  8.470721E-01  2.162227E-03  1.623515E-05  1.489756E-01  2.766361E-04  1.460218E-06  9.897055E-08  6.273692E-04  8.528336E-04  2.746890E-06  5.541411E-06  7.138297E-06
 3.221500E+02  8.471205E-01  2.126959E-03  1.535054E-05  1.489922E-01  2.721906E-04  1.381769E-06  9.631915E-08  6.174238E-04  8.393103E-04  2.599581E-06  5.242563E-06  6.755436E-06
 3.231500E+02  8.471677E-01  2.092508E-03  1.451951E-05  1.490084E-01  2.678456E-04  1.307996E-06  9.375642E-08  6.077026E-04  8.260925E-04  2.461050E-06  4.961630E-06  6.395419E-06
 3.241500E+02  8.472138E-01  2.058850E-03  1.373852E-05  1.490242E-01  2.635983E-04  1.238596E-06  9.127892E-08  5.981994E-04  8.131716E-04  2.330724E-06  4.697440E-06  6.056756E-06
 3.251500E+02  8.472588E-01  2.025963E-03  1.300427E-05  1.490397E-01  2.594460E-04  1.173285E-06  8.888333E-08  5.889083E-04  8.005396E-04  2.208073E-06  4.448902E-06  5.738061E-06
 3.261500E+02  8.473027E-01  1.993825E-03  1.231370E-05  1.490548E-01  2.553861E-04  1.111800E-06  8.656650E-08  5.798234E-04  7.881884E-04  2.092603E-06  4.215001E-06  5.438046E-06
 3.271500E+02  8.473456E-01  1.962415E-03  1.166397E-05  1.490695E-01  2.514162E-04  1.053896E-06  8.432539E-08  5.709390E-04  7.761103E-04  1.983854E-06  3.994794E-06  5.155514E-06
 3.281500E+02  8.473875E-01  1.931713E-03  1.105243E-05  1.490840E-01  2.475336E-04  9.993466E-07  8.215711E-08  5.622498E-04  7.642979E-04  1.881398E-06  3.787404E-06  4.889347E-06
 3.291500E+02  8.474285E-01  1.901699E-03  1.047663E-05  1.490981E-01  2.437362E-04  9.479378E-07  8.005890E-08  5.537504E-04  7.527440E-04  1.784836E-06  3.592015E-06  4.638509E-06
 3.301500E+02  8.474685E-01  1.872354E-03  9.934280E-06  1.491118E-01  2.400215E-04  8.994724E-07  7.802810E-08  5.454357E-04  7.414415E-04  1.693798E-06  3.407866E-06  4.402032E-06
 3.311500E+02  8.475076E-01  1.843659E-03  9.423251E-06  1.491253E-01  2.363875E-04  8.537661E-07  7.606218E-08  5.373007E-04  7.303838E-04  1.607938E-06  3.234248E-06  4.179015E-06
 3.321500E+02  8.475458E-01  1.815598E-03  8.941562E-06  1.491385E-01  2.328318E-04  8.106471E-07  7.415871E-08  5.293407E-04  7.195643E-04  1.526932E-06  3.070502E-06  3.968617E-06
 3.331500E+02  8.475832E-01  1.788151E-03  8.487367E-06  1.491513E-01  2.293526E-04  7.699549E-07  7.231537E-08  5.215510E-04  7.089765E-04  1.450481E-06  2.916013E-06  3.770057E-06
 3.341500E+02  8.476197E-01  1.761304E-03  8.058943E-06  1.491639E-01  2.259476E-04  7.315402E-07  7.052992E-08  5.139272E-04  6.986145E-04  1.378304E-06  2.770207E-06  3.582603E-06
 3.351500E+02  8.476554E-01  1.735039E-03  7.654689E-06  1.491763E-01  2.226150E-04  6.952633E-07  6.880024E-08  5.064647E-04  6.884721E-04  1.310138E-06  2.632549E-06  3.405574E-06
 3.361500E+02  8.476903E-01  1.709340E-03  7.273107E-06  1.491883E-01  2.193529E-04  6.609939E-07  6.712428E-08  4.991595E-04  6.785437E-04  1.245739E-06  2.502539E-06  3.238333E-06
 3.371500E+02  8.477244E-01  1.684194E-03  6.912802E-06  1.492001E-01  2.161595E-04  6.286102E-07  6.550007E-08  4.920073E-04  6.688237E-04  1.184880E-06  2.379710E-06  3.080286E-06
 3.381500E+02  8.477578E-01  1.659585E-03  6.572473E-06  1.492117E-01  2.130329E-04  5.979985E-07  6.392574E-08  4.850043E-04  6.593066E-04  1.127346E-06  2.263628E-06  2.930878E-06
 3.391500E+02  8.477905E-01  1.635498E-03  6.250901E-06  1.492230E-01  2.099715E-04  5.690525E-07  6.239949E-08  4.781466E-04  6.499872E-04  1.072937E-06  2.153886E-06  2.789591E-06
 3.401500E+02  8.478225E-01  1.611920E-03  5.946953E-06  1.492340E-01  2.069735E-04  5.416728E-07  6.091960E-08  4.714304E-04  6.408603E-04  1.021469E-06  2.050102E-06  2.655938E-06
 3.411500E+02  8.478538E-01  1.588839E-03  5.659566E-06  1.492449E-01  2.040374E-04  5.157664E-07  5.948439E-08  4.648522E-04  6.319211E-04  9.727653E-07  1.951923E-06  2.529467E-06
 3.421500E+02  8.478844E-01  1.566239E-03  5.387748E-06  1.492555E-01  2.011615E-04  4.912463E-07  5.809229E-08  4.584083E-04  6.231648E-04  9.266636E-07  1.859014E-06  2.409752E-06
 3.431500E+02  8.479144E-01  1.544110E-03  5.130573E-06  1.492658E-01  1.983443E-04  4.680310E-07  5.674177E-08  4.520954E-04  6.145866E-04  8.830111E-07  1.771065E-06  2.296398E-06
 3.441500E+02  8.479438E-01  1.522439E-03  4.887172E-06  1.492760E-01  1.955844E-04  4.460442E-07  5.543137E-08  4.459103E-04  6.061821E-04  8.416647E-07  1.687785E-06  2.189032E-06
 3.451500E+02  8.479725E-01  1.501214E-03  4.656735E-06  1.492860E-01  1.928803E-04  4.252146E-07  5.415967E-08  4.398495E-04  5.979469E-04  8.024904E-07  1.608901E-06  2.087306E-06
 3.461500E+02  8.480006E-01  1.480424E-03  4.438500E-06  1.492957E-01  1.902306E-04  4.054753E-07  5.292533E-08  4.339102E-04  5.898768E-04  7.653627E-07  1.534158E-06  1.990893E-06
 3.471500E+02  8.480282E-01  1.460058E-03  4.231757E-06  1.493053E-01  1.876340E-04  3.867635E-07  5.172706E-08  4.280891E-04  5.819677E-04  7.301640E-07  1.463316E-06  1.899488E-06
 3.481500E+02  8.480552E-01  1.440105E-03  4.035839E-06  1.493147E-01  1.850891E-04  3.690203E-07  5.056360E-08  4.223835E-04  5.742154E-04  6.967838E-07  1.396151E-06  1.812805E-06
 3.491500E+02  8.480816E-01  1.420554E-03  3.850122E-06  1.493238E-01  1.825946E-04  3.521907E-07  4.943377E-08  4.167904E-04  5.666163E-04  6.651188E-07  1.332453E-06  1.730574E-06
 3.501500E+02  8.481075E-01  1.401395E-03  3.674020E-06  1.493328E-01  1.801494E-04  3.362229E-07  4.833641E-08  4.113071E-04  5.591664E-04  6.350720E-07  1.272025E-06  1.652543E-06
 3.511500E+02  8.481329E-01  1.382619E-03  3.506985E-06  1.493416E-01  1.777522E-04  3.210683E-07  4.727042E-08  4.059309E-04  5.518621E-04  6.065521E-07  1.214681E-06  1.578476E-06
 3.521500E+02  8.481578E-01  1.364216E-03  3.348503E-06  1.493503E-01  1.754018E-04  3.066813E-07  4.623474E-08  4.006592E-04  5.447000E-04  5.794737E-07  1.160249E-06  1.508151E-06
 3.531500E+02  8.481822E-01  1.346176E-03  3.198089E-06  1.493588E-01  1.730971E-04  2.930191E-07  4.522834E-08  3.954895E-04  5.376764E-04  5.537565E-07  1.108565E-06  1.441359E-06
 3.541500E+02  8.482060E-01  1.328492E-03  3.055291E-06  1.493671E-01  1.708371E-04  2.800415E-07  4.425026E-08  3.904192E-04  5.307882E-04  5.293249E-07  1.059475E-06  1.377904E-06
 3.551500E+02  8.482295E-01  1.311153E-03  2.919683E-06  1.493752E-01  1.686205E-04  2.677107E-07  4.329953E-08  3.854460E-04  5.240319E-04  5.061082E-07  1.012837E-06  1.317602E-06
 3.561500E+02  8.482524E-01  1.294152E-03  2.790866E-06  1.493832E-01  1.664464E-04  2.559912E-07  4.237526E-08  3.805676E-04  5.174045E-04  4.840396E-07  9.685154E-07  1.260280E-06
 3.571500E+02  8.482749E-01  1.277481E-03  2.668463E-06  1.493910E-01  1.643138E-04  2.448494E-07  4.147657E-08  3.757818E-04  5.109029E-04  4.630564E-07  9.263826E-07  1.205775E-06
 3.581500E+02  8.482970E-01  1.261131E-03  2.552123E-06  1.493987E-01  1.622217E-04  2.342541E-07  4.060262E-08  3.710862E-04  5.045241E-04  4.430998E-07  8.863194E-07  1.153934E-06
 3.591500E+02  8.483186E-01  1.245094E-03  2.441513E-06  1.494063E-01  1.601691E-04  2.241756E-07  3.975260E-08  3.664789E-04  4.982652E-04  4.241143E-07  8.482135E-07  1.104613E-06
 3.601500E+02  8.483399E-01  1.229364E-03  2.336322E-06  1.494137E-01  1.581551E-04  2.145862E-07  3.892574E-08  3.619577E-04  4.921233E-04  4.060475E-07  8.119592E-07  1.057677E-06
 3.611500E+02  8.483607E-01  1.213932E-03  2.236255E-06  1.494209E-01  1.561788E-04  2.054596E-07  3.812128E-08  3.575206E-04  4.860957E-04  3.888505E-07  7.774571E-07  1.012999E-06
 3.621500E+02  8.483811E-01  1.198792E-03  2.141037E-06  1.494280E-01  1.542393E-04  1.967711E-07  3.733850E-08  3.531656E-04  4.801798E-04  3.724770E-07  7.446135E-07  9.704567E-07
 3.631500E+02  8.484012E-01  1.183936E-03  2.050407E-06  1.494350E-01  1.523358E-04  1.884976E-07  3.657670E-08  3.488909E-04  4.743730E-04  3.568832E-07  7.133402E-07  9.299388E-07
 3.641500E+02  8.484208E-01  1.169359E-03  1.964122E-06  1.494419E-01  1.504674E-04  1.806171E-07  3.583522E-08  3.446945E-04  4.686727E-04  3.420282E-07  6.835540E-07  8.913380E-07
 3.651500E+02  8.484401E-01  1.155053E-03  1.881950E-06  1.494486E-01  1.486333E-04  1.731089E-07  3.511341E-08  3.405748E-04  4.630764E-04  3.278731E-07  6.551768E-07  8.545541E-07
 3.661500E+02  8.484591E-01  1.141013E-03  1.803674E-06  1.494552E-01  1.468327E-04  1.659538E-07  3.441065E-08  3.365298E-04  4.575819E-04  3.143816E-07  6.281347E-07  8.194921E-07
 3.671500E+02  8.484776E-01  1.127231E-03  1.729090E-06  1.494617E-01  1.450649E-04  1.591332E-07  3.372634E-08  3.325580E-04  4.521868E-04  3.015192E-07  6.023581E-07  7.860628E-07
 3.681500E+02  8.484959E-01  1.113702E-03  1.658004E-06  1.494681E-01  1.433291E-04  1.526298E-07  3.305990E-08  3.286577E-04  4.468887E-04  2.892533E-07  5.777814E-07  7.541818E-07
 3.691500E+02  8.485138E-01  1.100421E-03  1.590236E-06  1.494743E-01  1.416245E-04  1.464275E-07  3.241078E-08  3.248272E-04  4.416856E-04  2.775534E-07  5.543427E-07  7.237696E-07
 3.701500E+02  8.485314E-01  1.087381E-03  1.525612E-06  1.494805E-01  1.399506E-04  1.405106E-07  3.177843E-08  3.210650E-04  4.365752E-04  2.663904E-07  5.319836E-07  6.947512E-07
 3.711500E+02  8.485486E-01  1.074577E-03  1.463972E-06  1.494865E-01  1.383066E-04  1.348648E-07  3.116234E-08  3.173696E-04  4.315556E-04  2.557371E-07  5.106489E-07  6.670557E-07
 3.721500E+02  8.485656E-01  1.062003E-03  1.405163E-06  1.494924E-01  1.366917E-04  1.294761E-07  3.056202E-08  3.137394E-04  4.266246E-04  2.455677E-07  4.902865E-07  6.406160E-07
 3.731500E+02  8.485822E-01  1.049655E-03  1.349039E-06  1.494982E-01  1.351055E-04  1.243317E-07  2.997697E-08  3.101730E-04  4.217803E-04  2.358577E-07  4.708473E-07  6.153691E-07
 3.741500E+02  8.485986E-01  1.037527E-03  1.295466E-06  1.495040E-01  1.335472E-04  1.194193E-07  2.940673E-08  3.066690E-04  4.170208E-04  2.265842E-07  4.522849E-07  5.912550E-07
 3.751500E+02  8.486146E-01  1.025614E-03  1.244313E-06  1.495096E-01  1.320162E-04  1.147272E-07  2.885086E-08  3.032261E-04  4.123442E-04  2.177254E-07  4.345552E-07  5.682174E-07
 3.761500E+02  8.486304E-01  1.013912E-03  1.195461E-06  1.495151E-01  1.305119E-04  1.102446E-07  2.830891E-08  2.998428E-04  4.077487E-04  2.092607E-07  4.176168E-07  5.462027E-07
 3.771500E+02  8.486459E-01  1.002416E-03  1.148794E-06  1.495205E-01  1.290338E-04  1.059610E-07  2.778048E-08  2.965179E-04  4.032326E-04  2.011706E-07  4.014305E-07  5.251606E-07
 3.781500E+02  8.486611E-01  9.911206E-04  1.104202E-06  1.495258E-01  1.275813E-04  1.018666E-07  2.726516E-08  2.932501E-04  3.987939E-04  1.934366E-07  3.859592E-07  5.050432E-07
 3.791500E+02  8.486760E-01  9.800223E-04  1.061585E-06  1.495311E-01  1.261537E-04  9.795219E-08  2.676256E-08  2.900382E-04  3.944313E-04  1.860415E-07  3.711676E-07  4.858054E-07
 3.801500E+02  8.486907E-01  9.691164E-04  1.020843E-06  1.495362E-01  1.247506E-04  9.420895E-08  2.627230E-08  2.868810E-04  3.901428E-04  1.789686E-07  3.570227E-07  4.674042E-07
 3.811500E+02  8.487052E-01  9.583988E-04  9.818865E-07  1.495413E-01  1.233715E-04  9.062857E-08  2.579402E-08  2.837772E-04  3.859271E-04  1.722024E-07  3.434930E-07  4.497993E-07
 3.821500E+02  8.487194E-01  9.478654E-04  9.446272E-07  1.495463E-01  1.220158E-04  8.720319E-08  2.532737E-08  2.807259E-04  3.817824E-04  1.657280E-07  3.305486E-07  4.329522E-07
 3.831500E+02  8.487333E-01  9.375121E-04  9.089830E-07  1.495511E-01  1.206830E-04  8.392533E-08  2.487200E-08  2.777257E-04  3.777074E-04  1.595316E-07  3.181615E-07  4.168266E-07
 3.841500E+02  8.487470E-01  9.273351E-04  8.748760E-07  1.495559E-01  1.193727E-04  8.078794E-08  2.442760E-08  2.747757E-04  3.737004E-04  1.535997E-07  3.063048E-07  4.013881E-07
 3.851500E+02  8.487605E-01  9.173305E-04  8.422324E-07  1.495607E-01  1.180843E-04  7.778432E-08  2.399384E-08  2.718748E-04  3.697602E-04  1.479198E-07  2.949534E-07  3.866041E-07
 3.861500E+02  8.487738E-01  9.074947E-04  8.109821E-07  1.495653E-01  1.168174E-04  7.490813E-08  2.357041E-08  2.690219E-04  3.658852E-04  1.424800E-07  2.840831E-07  3.724435E-07
 3.871500E+02  8.487868E-01  8.978241E-04  7.810589E-07  1.495699E-01  1.155716E-04  7.215336E-08  2.315702E-08  2.662161E-04  3.620741E-04  1.372690E-07  2.736713E-07  3.588772E-07
 3.881500E+02  8.487996E-01  8.883151E-04  7.523999E-07  1.495744E-01  1.143464E-04  6.951429E-08  2.275339E-08  2.634564E-04  3.583256E-04  1.322760E-07  2.636964E-07  3.458772E-07
 3.891500E+02  8.488122E-01  8.789644E-04  7.249456E-07  1.495788E-01  1.131414E-04  6.698553E-08  2.235924E-08  2.607418E-04  3.546384E-04  1.274909E-07  2.541380E-07  3.334172E-07
 3.901500E+02  8.488246E-01  8.697686E-04  6.986395E-07  1.495831E-01  1.119561E-04  6.456192E-08  2.197429E-08  2.580714E-04  3.510112E-04  1.229041E-07  2.449767E-07  3.214722E-07
 3.911500E+02  8.488368E-01  8.607244E-04  6.734280E-07  1.495874E-01  1.107901E-04  6.223861E-08  2.159829E-08  2.554442E-04  3.474427E-04  1.185064E-07  2.361940E-07  3.100184E-07
 3.921500E+02  8.488487E-01  8.518287E-04  6.492603E-07  1.495916E-01  1.096432E-04  6.001097E-08  2.123099E-08  2.528594E-04  3.439318E-04  1.142890E-07  2.277725E-07  2.990332E-07
 3.931500E+02  8.488605E-01  8.430784E-04  6.260880E-07  1.495958E-01  1.085147E-04  5.787460E-08  2.087214E-08  2.503161E-04  3.404773E-04  1.102437E-07  2.196956E-07  2.884952E-07
 3.941500E+02  8.488721E-01  8.344705E-04  6.038654E-07  1.495998E-01  1.074045E-04  5.582534E-08  2.052152E-08  2.478135E-04  3.370780E-04  1.063628E-07  2.119475E-07  2.783840E-07
 3.951500E+02  8.488835E-01  8.260020E-04  5.825490E-07  1.496038E-01  1.063121E-04  5.385922E-08  2.017888E-08  2.453508E-04  3.337329E-04  1.026386E-07  2.045134E-07  2.686804E-07
 3.961500E+02  8.488947E-01  8.176701E-04  5.620976E-07  1.496078E-01  1.052371E-04  5.197248E-08  1.984403E-08  2.429271E-04  3.304407E-04  9.906427E-08  1.973789E-07  2.593659E-07
 3.971500E+02  8.489058E-01  8.094720E-04  5.424717E-07  1.496117E-01  1.041792E-04  5.016155E-08  1.951673E-08  2.405416E-04  3.272005E-04  9.563292E-08  1.905307E-07  2.504232E-07
 3.981500E+02  8.489167E-01  8.014049E-04  5.236343E-07  1.496155E-01  1.031381E-04  4.842302E-08  1.919678E-08  2.381936E-04  3.240112E-04  9.233819E-08  1.839557E-07  2.418355E-07
 3.991500E+02  8.489273E-01  7.934663E-04  5.055498E-07  1.496192E-01  1.021134E-04  4.675366E-08  1.888399E-08  2.358824E-04  3.208718E-04  8.917402E-08  1.776419E-07  2.335871E-07
