#         T/K            c1          c2-1          c3-4          c3-5          c3-7          c3-9            m1          m2-1          m3-1            w1            w2          w3-1          w3-2          c1m1        c1m2-1        c1m2-7        c2m1-1        c1w1-2        c1w2-1        c2w1-1        c2w1-9        m1w1-1        m1w1-4        m1w2-1        m2w1-1        m2w1-3      c1m1w1-1
 2.731500E+02  4.105082E-01  5.712183E-04  2.104454E-07  2.762146E-07  3.073107E-07  3.664298E-07  2.434192E-01  5.104553E-04  1.155367E-05  1.647322E-01  9.538407E-04  5.617435E-05  7.881860E-07  1.070916E-02  4.268779E-06  1.400722E-05  2.403137E-06  1.670602E-01  5.316590E-05  3.567251E-06  3.132424E-06  5.549023E-04  7.553716E-04  2.735974E-05  1.463832E-05  1.853963E-05  1.445664E-05
 2.741500E+02  4.117879E-01  5.638571E-04  2.020157E-07  2.652402E-07  2.951229E-07  3.520083E-07  2.435699E-01  4.983466E-04  1.066306E-05  1.659074E-01  9.438277E-04  5.295131E-05  7.718360E-07  1.046214E-02  3.989290E-06  1.313252E-05  2.282131E-06  1.647662E-01  5.056729E-05  3.432434E-06  3.011440E-06  5.456662E-04  7.427517E-04  2.562238E-05  1.361166E-05  1.724621E-05  1.362183E-05
 2.751500E+02  4.130476E-01  5.566265E-04  1.939763E-07  2.547705E-07  2.834945E-07  3.382444E-07  2.437160E-01  4.866124E-04  9.847028E-06  1.670658E-01  9.338317E-04  4.992195E-05  7.557592E-07  1.022244E-02  3.729960E-06  1.231831E-05  2.168017E-06  1.625045E-01  4.810496E-05  3.303328E-06  2.895687E-06  5.366045E-04  7.303721E-04  2.400286E-05  1.266276E-05  1.605030E-05  1.283969E-05
 2.761500E+02  4.142875E-01  5.495236E-04  1.863072E-07  2.447793E-07  2.723970E-07  3.251047E-07  2.438577E-01  4.752394E-04  9.098862E-06  1.682075E-01  9.238586E-04  4.707430E-05  7.399574E-07  9.989810E-03  3.489214E-06  1.156004E-05  2.060364E-06  1.602749E-01  4.577141E-05  3.179671E-06  2.784920E-06  5.277144E-04  7.182292E-04  2.249276E-05  1.178535E-05  1.494405E-05  1.210667E-05
 2.771500E+02  4.155077E-01  5.425460E-04  1.789891E-07  2.352424E-07  2.618031E-07  3.125573E-07  2.439952E-01  4.642145E-04  8.412507E-06  1.693326E-01  9.139138E-04  4.439715E-05  7.244315E-07  9.764008E-03  3.265607E-06  1.085353E-05  1.958768E-06  1.580772E-01  4.355958E-05  3.061215E-06  2.678907E-06  5.189933E-04  7.063190E-04  2.108428E-05  1.097369E-05  1.392029E-05  1.141944E-05
 2.781500E+02  4.167086E-01  5.356910E-04  1.720041E-07  2.261364E-07  2.516872E-07  3.005724E-07  2.441287E-01  4.535252E-04  7.782480E-06  1.704412E-01  9.040027E-04  4.187999E-05  7.091822E-07  9.544799E-03  3.057815E-06  1.019493E-05  1.862851E-06  1.559113E-01  4.146281E-05  2.947722E-06  2.577426E-06  5.104385E-04  6.946377E-04  1.977022E-05  1.022250E-05  1.297246E-05  1.077494E-05
 2.791500E+02  4.178903E-01  5.289562E-04  1.653352E-07  2.174397E-07  2.420252E-07  2.891217E-07  2.442582E-01  4.431597E-04  7.203814E-06  1.715335E-01  8.941300E-04  3.951297E-05  6.942095E-07  9.331958E-03  2.864624E-06  9.580695E-06  1.772263E-06  1.537769E-01  3.947480E-05  2.838967E-06  2.480268E-06  5.020472E-04  6.831817E-04  1.854388E-05  9.526983E-06  1.209452E-05  1.017029E-05
 2.801500E+02  4.190530E-01  5.223393E-04  1.589665E-07  2.091315E-07  2.327943E-07  2.781785E-07  2.443839E-01  4.331063E-04  6.672010E-06  1.726096E-01  8.843005E-04  3.728683E-05  6.795132E-07  9.125268E-03  2.684921E-06  9.007576E-06  1.686678E-06  1.516739E-01  3.758962E-05  2.734737E-06  2.387232E-06  4.938169E-04  6.719470E-04  1.739909E-05  8.882723E-06  1.128098E-05  9.602851E-06
 2.811500E+02  4.201971E-01  5.158378E-04  1.528826E-07  2.011925E-07  2.239728E-07  2.677176E-07  2.445060E-01  4.233541E-04  6.182985E-06  1.736696E-01  8.745186E-04  3.519290E-05  6.650926E-07  8.924520E-03  2.517682E-06  8.472569E-06  1.605788E-06  1.496020E-01  3.580167E-05  2.634825E-06  2.298130E-06  4.857446E-04  6.609298E-04  1.633012E-05  8.285682E-06  1.052678E-05  9.070154E-06
 2.821500E+02  4.213227E-01  5.094494E-04  1.470695E-07  1.936042E-07  2.155404E-07  2.577150E-07  2.446246E-01  4.138924E-04  5.733039E-06  1.747137E-01  8.647884E-04  3.322308E-05  6.509467E-07  8.729514E-03  2.361967E-06  7.972911E-06  1.529310E-06  1.475608E-01  3.410565E-05  2.539039E-06  2.212779E-06  4.778279E-04  6.501264E-04  1.533164E-05  7.732158E-06  9.827289E-06  8.569905E-06
 2.831500E+02  4.224301E-01  5.031720E-04  1.415135E-07  1.863493E-07  2.074779E-07  2.481483E-07  2.447397E-01  4.047111E-04  5.318810E-06  1.757420E-01  8.551137E-04  3.136972E-05  6.370742E-07  8.540057E-03  2.216914E-06  7.506051E-06  1.456977E-06  1.455503E-01  3.249659E-05  2.447192E-06  2.131010E-06  4.700638E-04  6.395329E-04  1.439876E-05  7.218756E-06  9.178255E-06  8.099974E-06
 2.841500E+02  4.235194E-01  4.970032E-04  1.362019E-07  1.794112E-07  1.997670E-07  2.389961E-07  2.448516E-01  3.958002E-04  4.937245E-06  1.767546E-01  8.454981E-04  2.962570E-05  6.234733E-07  8.355963E-03  2.081726E-06  7.069640E-06  1.388541E-06  1.435701E-01  3.096976E-05  2.359109E-06  2.052657E-06  4.624498E-04  6.291455E-04  1.352689E-05  6.742361E-06  8.575781E-06  7.658378E-06
 2.851500E+02  4.245910E-01  4.909410E-04  1.311226E-07  1.727746E-07  1.923905E-07  2.302383E-07  2.449604E-01  3.871505E-04  4.585570E-06  1.777518E-01  8.359450E-04  2.798432E-05  6.101423E-07  8.177054E-03  1.955676E-06  6.661506E-06  1.323767E-06  1.416199E-01  2.952073E-05  2.274622E-06  1.977566E-06  4.549832E-04  6.189606E-04  1.271181E-05  6.300116E-06  8.016288E-06  7.243273E-06
 2.861500E+02  4.256451E-01  4.849833E-04  1.262643E-07  1.664246E-07  1.853322E-07  2.218557E-07  2.450661E-01  3.787528E-04  4.261262E-06  1.787336E-01  8.264575E-04  2.643930E-05  5.970788E-07  8.003157E-03  1.838089E-06  6.279649E-06  1.262440E-06  1.396994E-01  2.814530E-05  2.193570E-06  1.905588E-06  4.476613E-04  6.089743E-04  1.194960E-05  5.889398E-06  7.496487E-06  6.852942E-06
 2.871500E+02  4.266819E-01  4.791281E-04  1.216162E-07  1.603473E-07  1.785766E-07  2.138303E-07  2.451688E-01  3.705984E-04  3.962024E-06  1.797003E-01  8.170386E-04  2.498475E-05  5.842805E-07  7.834108E-03  1.728346E-06  5.922217E-06  1.204356E-06  1.378084E-01  2.683952E-05  2.115801E-06  1.836583E-06  4.404814E-04  5.991831E-04  1.123663E-05  5.507795E-06  7.013359E-06  6.485787E-06
 2.881500E+02  4.277016E-01  4.733732E-04  1.171679E-07  1.545297E-07  1.721091E-07  2.061450E-07  2.452687E-01  3.626789E-04  3.685767E-06  1.806521E-01  8.076910E-04  2.361515E-05  5.717447E-07  7.669746E-03  1.625878E-06  5.587501E-06  1.149324E-06  1.359464E-01  2.559963E-05  2.041171E-06  1.770417E-06  4.334410E-04  5.895831E-04  1.056951E-05  5.153095E-06  6.564126E-06  6.140321E-06
 2.891500E+02  4.287045E-01  4.677168E-04  1.129100E-07  1.489592E-07  1.659159E-07  1.987835E-07  2.453658E-01  3.549864E-04  3.430585E-06  1.815889E-01  7.984172E-04  2.232534E-05  5.594687E-07  7.509917E-03  1.530159E-06  5.273922E-06  1.097167E-06  1.341133E-01  2.442211E-05  1.969540E-06  1.706963E-06  4.265374E-04  5.801709E-04  9.945107E-06  4.823261E-06  6.146235E-06  5.815157E-06
 2.901500E+02  4.296908E-01  4.621569E-04  1.088331E-07  1.436240E-07  1.599839E-07  1.917304E-07  2.454603E-01  3.475130E-04  3.194744E-06  1.825112E-01  7.892195E-04  2.111046E-05  5.474494E-07  7.354476E-03  1.440703E-06  4.980017E-06  1.047717E-06  1.323087E-01  2.330363E-05  1.900777E-06  1.646097E-06  4.197680E-04  5.709428E-04  9.360523E-06  4.516421E-06  5.757338E-06  5.509005E-06
 2.911500E+02  4.306608E-01  4.566917E-04  1.049287E-07  1.385129E-07  1.543007E-07  1.849713E-07  2.455522E-01  3.402513E-04  2.976661E-06  1.834190E-01  7.800999E-04  1.996597E-05  5.356837E-07  7.203277E-03  1.357064E-06  4.704434E-06  1.000819E-06  1.305323E-01  2.224104E-05  1.834755E-06  1.587706E-06  4.131303E-04  5.618952E-04  8.813054E-06  4.230854E-06  5.395272E-06  5.220660E-06
 2.921500E+02  4.316147E-01  4.513193E-04  1.011886E-07  1.336153E-07  1.488546E-07  1.784924E-07  2.456415E-01  3.331942E-04  2.774890E-06  1.843124E-01  7.710606E-04  1.888760E-05  5.241683E-07  7.056186E-03  1.278828E-06  4.445922E-06  9.563261E-07  1.287837E-01  2.123137E-05  1.771357E-06  1.531679E-06  4.066218E-04  5.530247E-04  8.300192E-06  3.964974E-06  5.058048E-06  4.949000E-06
 2.931500E+02  4.325528E-01  4.460379E-04  9.760488E-08  1.289212E-07  1.436344E-07  1.722804E-07  2.457285E-01  3.263347E-04  2.588114E-06  1.851918E-01  7.621031E-04  1.787135E-05  5.128998E-07  6.913068E-03  1.205613E-06  4.203320E-06  9.141009E-07  1.270625E-01  2.027180E-05  1.710466E-06  1.477911E-06  4.002399E-04  5.443278E-04  7.819608E-06  3.717323E-06  4.743831E-06  4.692978E-06
 2.941500E+02  4.334752E-01  4.408458E-04  9.417029E-08  1.244211E-07  1.386296E-07  1.663231E-07  2.458132E-01  3.196663E-04  2.415127E-06  1.860572E-01  7.532292E-04  1.691348E-05  5.018747E-07  6.773798E-03  1.137069E-06  3.975555E-06  8.740149E-07  1.253686E-01  1.935970E-05  1.651975E-06  1.426302E-06  3.939822E-04  5.358010E-04  7.369137E-06  3.486555E-06  4.450933E-06  4.451619E-06
 2.951500E+02  4.343822E-01  4.357413E-04  9.087781E-08  1.201059E-07  1.338302E-07  1.606087E-07  2.458956E-01  3.131825E-04  2.254829E-06  1.869088E-01  7.444403E-04  1.601047E-05  4.910893E-07  6.638252E-03  1.072869E-06  3.761630E-06  8.359475E-07  1.237015E-01  1.849255E-05  1.595779E-06  1.376757E-06  3.878464E-04  5.274410E-04  6.946769E-06  3.271432E-06  4.177797E-06  4.224011E-06
 2.961500E+02  4.352740E-01  4.307226E-04  8.772081E-08  1.159671E-07  1.292265E-07  1.551259E-07  2.459758E-01  3.068773E-04  2.106212E-06  1.877469E-01  7.357377E-04  1.515902E-05  4.805400E-07  6.506312E-03  1.012712E-06  3.560622E-06  7.997853E-07  1.220608E-01  1.766798E-05  1.541780E-06  1.329185E-06  3.818298E-04  5.192445E-04  6.550634E-06  3.070813E-06  3.922986E-06  4.009303E-06
 2.971500E+02  4.361510E-01  4.257882E-04  8.469301E-08  1.119964E-07  1.248097E-07  1.498643E-07  2.460539E-01  3.007447E-04  1.968355E-06  1.885716E-01  7.271226E-04  1.435604E-05  4.702230E-07  6.377864E-03  9.563194E-07  3.371674E-06  7.654223E-07  1.204463E-01  1.688377E-05  1.489882E-06  1.283499E-06  3.759303E-04  5.112082E-04  6.178993E-06  2.883644E-06  3.685177E-06  3.806701E-06
 2.981500E+02  4.370132E-01  4.209363E-04  8.178843E-08  1.081863E-07  1.205712E-07  1.448136E-07  2.461300E-01  2.947791E-04  1.840414E-06  1.893830E-01  7.185959E-04  1.359863E-05  4.601344E-07  6.252798E-03  9.034333E-07  3.193991E-06  7.327584E-07  1.188575E-01  1.613779E-05  1.439997E-06  1.239619E-06  3.701455E-04  5.033288E-04  5.830228E-06  2.708953E-06  3.463145E-06  3.615464E-06
 2.991500E+02  4.378610E-01  4.161655E-04  7.900143E-08  1.045293E-07  1.165028E-07  1.399644E-07  2.462041E-01  2.889749E-04  1.721616E-06  1.901815E-01  7.101586E-04  1.288406E-05  4.502705E-07  6.131008E-03  8.538149E-07  3.026834E-06  7.017001E-07  1.172942E-01  1.542806E-05  1.392037E-06  1.197464E-06  3.644730E-04  4.956032E-04  5.502836E-06  2.545844E-06  3.255762E-06  3.434897E-06
 3.001500E+02  4.386946E-01  4.114741E-04  7.632661E-08  1.010186E-07  1.125968E-07  1.353075E-07  2.462763E-01  2.833269E-04  1.611254E-06  1.909670E-01  7.018115E-04  1.220979E-05  4.406273E-07  6.012392E-03  8.072431E-07  2.869518E-06  6.721592E-07  1.157560E-01  1.475268E-05  1.345922E-06  1.156961E-06  3.589107E-04  4.880283E-04  5.195416E-06  2.393489E-06  3.061986E-06  3.264354E-06
 3.011500E+02  4.395141E-01  4.068607E-04  7.375889E-08  9.764746E-08  1.088459E-07  1.308343E-07  2.463466E-01  2.778301E-04  1.508679E-06  1.917399E-01  6.935551E-04  1.157343E-05  4.312008E-07  5.896851E-03  7.635128E-07  2.721404E-06  6.440529E-07  1.142425E-01  1.410987E-05  1.301572E-06  1.118037E-06  3.534562E-04  4.806009E-04  4.906666E-06  2.251123E-06  2.880852E-06  3.103228E-06
 3.021500E+02  4.403199E-01  4.023238E-04  7.129341E-08  9.440964E-08  1.052432E-07  1.265367E-07  2.464151E-01  2.724795E-04  1.413293E-06  1.925004E-01  6.853901E-04  1.097272E-05  4.219872E-07  5.784290E-03  7.224339E-07  2.581901E-06  6.173034E-07  1.127533E-01  1.349794E-05  1.258914E-06  1.080625E-06  3.481074E-04  4.733181E-04  4.635372E-06  2.118038E-06  2.711471E-06  2.950954E-06
 3.031500E+02  4.411121E-01  3.978619E-04  6.892557E-08  9.129919E-08  1.017819E-07  1.224068E-07  2.464819E-01  2.672705E-04  1.324551E-06  1.932485E-01  6.773169E-04  1.040555E-05  4.129824E-07  5.674617E-03  6.838300E-07  2.450456E-06  5.918375E-07  1.112882E-01  1.291531E-05  1.217875E-06  1.044660E-06  3.428622E-04  4.661769E-04  4.380403E-06  1.993581E-06  2.553018E-06  2.807002E-06
 3.041500E+02  4.418910E-01  3.934736E-04  6.665100E-08  8.831043E-08  9.845587E-08  1.184372E-07  2.465469E-01  2.621986E-04  1.241950E-06  1.939845E-01  6.693358E-04  9.869944E-06  4.041825E-07  5.567744E-03  6.475375E-07  2.326557E-06  5.675863E-07  1.098468E-01  1.236046E-05  1.178388E-06  1.010080E-06  3.377183E-04  4.591743E-04  4.140709E-06  1.877149E-06  2.404732E-06  2.670875E-06
 3.051500E+02  4.426568E-01  3.891575E-04  6.446553E-08  8.543796E-08  9.525905E-08  1.146209E-07  2.466104E-01  2.572593E-04  1.165029E-06  1.947085E-01  6.614470E-04  9.364050E-06  3.955835E-07  5.463585E-03  6.134045E-07  2.209727E-06  5.444850E-07  1.084287E-01  1.183196E-05  1.140387E-06  9.768255E-07  3.326739E-04  4.523075E-04  3.915308E-06  1.768182E-06  2.265907E-06  2.542109E-06
 3.061500E+02  4.434097E-01  3.849123E-04  6.236522E-08  8.267666E-08  9.218576E-08  1.109511E-07  2.466722E-01  2.524484E-04  1.093364E-06  1.954208E-01  6.536508E-04  8.886120E-06  3.871815E-07  5.362057E-03  5.812898E-07  2.099520E-06  5.224725E-07  1.070336E-01  1.132847E-05  1.103811E-06  9.448410E-07  3.277267E-04  4.455737E-04  3.703286E-06  1.666163E-06  2.135891E-06  2.420272E-06
 3.071500E+02  4.441499E-01  3.807365E-04  6.034629E-08  8.002164E-08  8.923060E-08  1.074215E-07  2.467326E-01  2.477620E-04  1.026564E-06  1.961215E-01  6.459472E-04  8.434518E-06  3.789726E-07  5.263082E-03  5.510623E-07  1.995521E-06  5.014914E-07  1.056612E-01  1.084872E-05  1.068601E-06  9.140725E-07  3.228748E-04  4.389700E-04  3.503792E-06  1.570612E-06  2.014077E-06  2.304954E-06
 3.081500E+02  4.448777E-01  3.766289E-04  5.840518E-08  7.746828E-08  8.638840E-08  1.040259E-07  2.467914E-01  2.431961E-04  9.642711E-07  1.968109E-01  6.383362E-04  8.007706E-06  3.709527E-07  5.166582E-03  5.226001E-07  1.897346E-06  4.814875E-07  1.043110E-01  1.039149E-05  1.034700E-06  8.844686E-07  3.181162E-04  4.324939E-04  3.316030E-06  1.481086E-06  1.899908E-06  2.195776E-06
 3.091500E+02  4.455932E-01  3.725883E-04  5.653849E-08  7.501214E-08  8.365428E-08  1.007587E-07  2.468488E-01  2.387469E-04  9.061537E-07  1.974889E-01  6.308177E-04  7.604242E-06  3.631181E-07  5.072483E-03  4.957897E-07  1.804634E-06  4.624097E-07  1.029827E-01  9.955650E-06  1.002053E-06  8.559805E-07  3.134490E-04  4.261425E-04  3.139260E-06  1.397173E-06  1.792862E-06  2.092381E-06
 3.101500E+02  4.462966E-01  3.686132E-04  5.474297E-08  7.264903E-08  8.102356E-08  9.761423E-08  2.469047E-01  2.344108E-04  8.519077E-07  1.981560E-01  6.233916E-04  7.222770E-06  3.554649E-07  4.980713E-03  4.705258E-07  1.717049E-06  4.442101E-07  1.016761E-01  9.540112E-06  9.706098E-07  8.285613E-07  3.088713E-04  4.199134E-04  2.972790E-06  1.318493E-06  1.692459E-06  1.994432E-06
 3.111500E+02  4.469882E-01  3.647026E-04  5.301555E-08  7.037494E-08  7.849179E-08  9.458730E-08  2.469593E-01  2.301843E-04  8.012524E-07  1.988121E-01  6.160577E-04  6.862017E-06  3.479891E-07  4.891203E-03  4.467102E-07  1.634278E-06  4.268433E-07  1.003908E-01  9.143854E-06  9.403203E-07  8.021665E-07  3.043812E-04  4.138038E-04  2.815974E-06  1.244692E-06  1.598251E-06  1.901617E-06
 3.121500E+02  4.476682E-01  3.608552E-04  5.135329E-08  6.818606E-08  7.605476E-08  9.167291E-08  2.470126E-01  2.260641E-04  7.539293E-07  1.994576E-01  6.088156E-04  6.520786E-06  3.406871E-07  4.803886E-03  4.242514E-07  1.556027E-06  4.102664E-07  9.912634E-02  8.765911E-06  9.111374E-07  7.767535E-07  2.999769E-04  4.078114E-04  2.668212E-06  1.175442E-06  1.509825E-06  1.813641E-06
 3.131500E+02  4.483367E-01  3.570698E-04  4.975339E-08  6.607876E-08  7.370841E-08  8.886631E-08  2.470646E-01  2.220469E-04  7.096995E-07  2.000925E-01  6.016650E-04  6.197954E-06  3.335551E-07  4.718698E-03  4.030643E-07  1.482025E-06  3.944391E-07  9.788251E-02  8.405364E-06  8.830162E-07  7.522817E-07  2.956565E-04  4.019337E-04  2.528940E-06  1.110439E-06  1.426795E-06  1.730228E-06
 3.141500E+02  4.489940E-01  3.533452E-04  4.821320E-08  6.404958E-08  7.144891E-08  8.616294E-08  2.471153E-01  2.181294E-04  6.683428E-07  2.007171E-01  5.946056E-04  5.892465E-06  3.265893E-07  4.635576E-03  3.830695E-07  1.412015E-06  3.793234E-07  9.665896E-02  8.061347E-06  8.559135E-07  7.287121E-07  2.914184E-04  3.961682E-04  2.397633E-06  1.049400E-06  1.348803E-06  1.651118E-06
 3.151500E+02  4.496402E-01  3.496804E-04  4.673017E-08  6.209521E-08  6.927261E-08  8.355848E-08  2.471649E-01  2.143089E-04  6.296560E-07  2.013314E-01  5.876369E-04  5.603327E-06  3.197862E-07  4.554459E-03  3.641931E-07  1.345760E-06  3.648832E-07  9.545534E-02  7.733037E-06  8.297881E-07  7.060077E-07  2.872608E-04  3.905126E-04  2.273800E-06  9.920635E-07  1.275520E-06  1.576068E-06
 3.161500E+02  4.502756E-01  3.460742E-04  4.530190E-08  6.021252E-08  6.717601E-08  8.104881E-08  2.472133E-01  2.105821E-04  5.934510E-07  2.019358E-01  5.807585E-04  5.329607E-06  3.131420E-07  4.475290E-03  3.463661E-07  1.283035E-06  3.510846E-07  9.427134E-02  7.419657E-06  8.046007E-07  6.841330E-07  2.831821E-04  3.849645E-04  2.156983E-06  9.381852E-07  1.206634E-06  1.504850E-06
 3.171500E+02  4.509003E-01  3.425254E-04  4.392608E-08  5.839852E-08  6.515577E-08  7.862999E-08  2.472605E-01  2.069465E-04  5.595544E-07  2.025302E-01  5.739697E-04  5.070428E-06  3.066533E-07  4.398012E-03  3.295241E-07  1.223634E-06  3.378955E-07  9.310664E-02  7.120468E-06  7.803137E-07  6.630541E-07  2.791805E-04  3.795216E-04  2.046753E-06  8.875387E-07  1.141861E-06  1.437249E-06
 3.181500E+02  4.515146E-01  3.390332E-04  4.260051E-08  5.665033E-08  6.320874E-08  7.629826E-08  2.473066E-01  2.033992E-04  5.278055E-07  2.031150E-01  5.672701E-04  4.824965E-06  3.003165E-07  4.322571E-03  3.136071E-07  1.167360E-06  3.252857E-07  9.196092E-02  6.834774E-06  7.568910E-07  6.427388E-07  2.752544E-04  3.741819E-04  1.942710E-06  8.399134E-07  1.080932E-06  1.373064E-06
 3.191500E+02  4.521186E-01  3.355963E-04  4.132311E-08  5.496524E-08  6.133188E-08  7.405005E-08  2.473516E-01  1.999376E-04  4.980558E-07  2.036903E-01  5.606590E-04  4.592444E-06  2.941282E-07  4.248913E-03  2.985589E-07  1.114030E-06  3.132263E-07  9.083386E-02  6.561911E-06  7.342981E-07  6.231559E-07  2.714023E-04  3.689430E-04  1.844478E-06  7.951136E-07  1.023601E-06  1.312104E-06
 3.201500E+02  4.527124E-01  3.322138E-04  4.009186E-08  5.334065E-08  5.952230E-08  7.188193E-08  2.473956E-01  1.965592E-04  4.701681E-07  2.042561E-01  5.541357E-04  4.372135E-06  2.880849E-07  4.176988E-03  2.843272E-07  1.063475E-06  3.016905E-07  8.972516E-02  6.301253E-06  7.125021E-07  6.042761E-07  2.676226E-04  3.638028E-04  1.751708E-06  7.529570E-07  9.696351E-07  1.254192E-06
 3.211500E+02  4.532964E-01  3.288847E-04  3.890488E-08  5.177407E-08  5.777726E-08  6.979065E-08  2.474386E-01  1.932615E-04  4.440149E-07  2.048128E-01  5.476996E-04  4.163352E-06  2.821833E-07  4.106747E-03  2.708631E-07  1.015534E-06  2.906524E-07  8.863450E-02  6.052206E-06  6.914716E-07  5.860709E-07  2.639138E-04  3.587593E-04  1.664071E-06  7.132740E-07  9.188205E-07  1.199161E-06
 3.221500E+02  4.538706E-01  3.256079E-04  3.776034E-08  5.026314E-08  5.609410E-08  6.777308E-08  2.474806E-01  1.900422E-04  4.194785E-07  2.053603E-01  5.413501E-04  3.965451E-06  2.764202E-07  4.038141E-03  2.581207E-07  9.700562E-07  2.800880E-07  8.756158E-02  5.814205E-06  6.711762E-07  5.685134E-07  2.602744E-04  3.538104E-04  1.581261E-06  6.759066E-07  8.709565E-07  1.146853E-06
 3.231500E+02  4.544352E-01  3.223826E-04  3.665651E-08  4.880560E-08  5.447034E-08  6.582626E-08  2.475216E-01  1.868990E-04  3.964497E-07  2.058990E-01  5.350863E-04  3.777823E-06  2.707922E-07  3.971125E-03  2.460572E-07  9.269017E-07  2.699743E-07  8.650611E-02  5.586716E-06  6.515873E-07  5.515777E-07  2.567028E-04  3.489540E-04  1.502989E-06  6.407080E-07  8.258567E-07  1.097119E-06
 3.241500E+02  4.549904E-01  3.192077E-04  3.559172E-08  4.739929E-08  5.290356E-08  6.394735E-08  2.475617E-01  1.838296E-04  3.748272E-07  2.064289E-01  5.289074E-04  3.599897E-06  2.652962E-07  3.905655E-03  2.346328E-07  8.859383E-07  2.602895E-07  8.546779E-02  5.369234E-06  6.326770E-07  5.352390E-07  2.531978E-04  3.441883E-04  1.428987E-06  6.075409E-07  7.833472E-07  1.049820E-06
 3.251500E+02  4.555364E-01  3.160823E-04  3.456441E-08  4.604214E-08  5.139148E-08  6.213362E-08  2.476009E-01  1.808319E-04  3.545171E-07  2.069502E-01  5.228129E-04  3.431137E-06  2.599291E-07  3.841686E-03  2.238098E-07  8.470425E-07  2.510131E-07  8.444632E-02  5.161276E-06  6.144190E-07  5.194738E-07  2.497578E-04  3.395113E-04  1.359003E-06  5.762777E-07  7.432658E-07  1.004825E-06
 3.261500E+02  4.560733E-01  3.130056E-04  3.357306E-08  4.473219E-08  4.993191E-08  6.038249E-08  2.476392E-01  1.779039E-04  3.354323E-07  2.074630E-01  5.168017E-04  3.271034E-06  2.546879E-07  3.779178E-03  2.135532E-07  8.100981E-07  2.421257E-07  8.344142E-02  4.962388E-06  5.967879E-07  5.042593E-07  2.463816E-04  3.349212E-04  1.292800E-06  5.467994E-07  7.054614E-07  9.620102E-07
 3.271500E+02  4.566013E-01  3.099766E-04  3.261623E-08  4.346755E-08  4.852276E-08  5.869149E-08  2.476766E-01  1.750436E-04  3.174919E-07  2.079676E-01  5.108731E-04  3.119113E-06  2.495694E-07  3.718089E-03  2.038303E-07  7.749962E-07  2.336087E-07  8.245280E-02  4.772136E-06  5.797595E-07  4.895739E-07  2.430678E-04  3.304160E-04  1.230157E-06  5.189948E-07  6.697929E-07  9.212593E-07
 3.281500E+02  4.571206E-01  3.069945E-04  3.169254E-08  4.224643E-08  4.716203E-08  5.705822E-08  2.477132E-01  1.722490E-04  3.006208E-07  2.084639E-01  5.050263E-04  2.974924E-06  2.445709E-07  3.658381E-03  1.946102E-07  7.416345E-07  2.254448E-07  8.148019E-02  4.590112E-06  5.633105E-07  4.753970E-07  2.398150E-04  3.259940E-04  1.170867E-06  4.927603E-07  6.361286E-07  8.824624E-07
 3.291500E+02  4.576312E-01  3.040583E-04  3.080068E-08  4.106711E-08  4.584782E-08  5.548045E-08  2.477490E-01  1.695183E-04  2.847492E-07  2.089522E-01  4.992604E-04  2.838044E-06  2.396894E-07  3.600015E-03  1.858641E-07  7.099170E-07  2.176174E-07  8.052330E-02  4.415924E-06  5.474187E-07  4.617086E-07  2.366220E-04  3.216535E-04  1.114735E-06  4.679993E-07  6.043457E-07  8.455163E-07
 3.301500E+02  4.581335E-01  3.011674E-04  2.993938E-08  3.992795E-08  4.457829E-08  5.395599E-08  2.477840E-01  1.668497E-04  2.698123E-07  2.094326E-01  4.935746E-04  2.708076E-06  2.349221E-07  3.542955E-03  1.775649E-07  6.797534E-07  2.101107E-07  7.958186E-02  4.249204E-06  5.320628E-07  4.484898E-07  2.334875E-04  3.173927E-04  1.061579E-06  4.446214E-07  5.743294E-07  8.103234E-07
 3.311500E+02  4.586275E-01  2.983207E-04  2.910745E-08  3.882737E-08  4.335170E-08  5.248278E-08  2.478183E-01  1.642414E-04  2.557497E-07  2.099053E-01  4.879679E-04  2.584643E-06  2.302663E-07  3.487166E-03  1.696875E-07  6.510588E-07  2.029098E-07  7.865561E-02  4.089600E-06  5.172224E-07  4.357223E-07  2.304103E-04  3.132100E-04  1.011227E-06  4.225422E-07  5.459724E-07  7.767919E-07
 3.321500E+02  4.591133E-01  2.955176E-04  2.830373E-08  3.776388E-08  4.216638E-08  5.105884E-08  2.478517E-01  1.616918E-04  2.425054E-07  2.103703E-01  4.824396E-04  2.467391E-06  2.257192E-07  3.432613E-03  1.622079E-07  6.237535E-07  1.960008E-07  7.774428E-02  3.936780E-06  5.028779E-07  4.233888E-07  2.273892E-04  3.091036E-04  9.635184E-07  4.016831E-07  5.191745E-07  7.448352E-07
 3.331500E+02  4.595912E-01  2.927573E-04  2.752713E-08  3.673603E-08  4.102073E-08  4.968226E-08  2.478845E-01  1.591992E-04  2.300272E-07  2.108279E-01  4.769886E-04  2.355989E-06  2.212781E-07  3.379262E-03  1.551038E-07  5.977625E-07  1.893700E-07  7.684762E-02  3.790426E-06  4.890105E-07  4.114727E-07  2.244230E-04  3.050720E-04  9.183033E-07  3.819704E-07  4.938420E-07  7.143714E-07
 3.341500E+02  4.600612E-01  2.900389E-04  2.677659E-08  3.574246E-08  3.991323E-08  4.835124E-08  2.479165E-01  1.567621E-04  2.182665E-07  2.112781E-01  4.716141E-04  2.250120E-06  2.169406E-07  3.327081E-03  1.483544E-07  5.730151E-07  1.830049E-07  7.596535E-02  3.650239E-06  4.756023E-07  3.999578E-07  2.215106E-04  3.011137E-04  8.754396E-07  3.633351E-07  4.698874E-07  6.853236E-07
 3.351500E+02  4.605235E-01  2.873617E-04  2.605110E-08  3.478184E-08  3.884242E-08  4.706404E-08  2.479479E-01  1.543788E-04  2.071779E-07  2.117211E-01  4.663152E-04  2.149488E-06  2.127040E-07  3.276040E-03  1.419399E-07  5.494450E-07  1.768933E-07  7.509724E-02  3.515932E-06  4.626360E-07  3.888290E-07  2.186508E-04  2.972270E-04  8.347945E-07  3.457130E-07  4.472286E-07  6.576189E-07
 3.361500E+02  4.609783E-01  2.847250E-04  2.534971E-08  3.385292E-08  3.780688E-08  4.581899E-08  2.479786E-01  1.520480E-04  1.967195E-07  2.121570E-01  4.610910E-04  2.053815E-06  2.085660E-07  3.226107E-03  1.358419E-07  5.269895E-07  1.710238E-07  7.424303E-02  3.387235E-06  4.500951E-07  3.780716E-07  2.158425E-04  2.934104E-04  7.962429E-07  3.290438E-07  4.257890E-07  6.311885E-07
 3.371500E+02  4.614257E-01  2.821281E-04  2.467149E-08  3.295448E-08  3.680529E-08  4.461450E-08  2.480086E-01  1.497682E-04  1.868518E-07  2.125859E-01  4.559406E-04  1.962836E-06  2.045240E-07  3.177253E-03  1.300431E-07  5.055899E-07  1.653855E-07  7.340248E-02  3.263890E-06  4.379638E-07  3.676715E-07  2.130847E-04  2.896626E-04  7.596677E-07  3.132711E-07  4.054967E-07  6.059676E-07
 3.381500E+02  4.618658E-01  2.795701E-04  2.401556E-08  3.208539E-08  3.583635E-08  4.344904E-08  2.480380E-01  1.475381E-04  1.775381E-07  2.130079E-01  4.508629E-04  1.876302E-06  2.005757E-07  3.129450E-03  1.245270E-07  4.851905E-07  1.599680E-07  7.257535E-02  3.145651E-06  4.262269E-07  3.576152E-07  2.103763E-04  2.859820E-04  7.249584E-07  2.983421E-07  3.862845E-07  5.818948E-07
 3.391500E+02  4.622988E-01  2.770505E-04  2.338107E-08  3.124452E-08  3.489885E-08  4.232117E-08  2.480668E-01  1.453562E-04  1.687445E-07  2.134233E-01  4.458573E-04  1.793979E-06  1.967189E-07  3.082670E-03  1.192783E-07  4.657393E-07  1.547614E-07  7.176140E-02  3.032286E-06  4.148698E-07  3.478899E-07  2.077163E-04  2.823672E-04  6.920115E-07  2.842075E-07  3.680895E-07  5.589123E-07
 3.401500E+02  4.627247E-01  2.745685E-04  2.276722E-08  3.043083E-08  3.399160E-08  4.122946E-08  2.480950E-01  1.432213E-04  1.604388E-07  2.138320E-01  4.409226E-04  1.715645E-06  1.929511E-07  3.036887E-03  1.142827E-07  4.471867E-07  1.497565E-07  7.096039E-02  2.923574E-06  4.038786E-07  3.384832E-07  2.051037E-04  2.788170E-04  6.607295E-07  2.708210E-07  3.508526E-07  5.369652E-07
 3.411500E+02  4.631438E-01  2.721235E-04  2.217323E-08  2.964330E-08  3.311348E-08  4.017260E-08  2.481226E-01  1.411321E-04  1.525915E-07  2.142342E-01  4.360580E-04  1.641091E-06  1.892704E-07  2.992073E-03  1.095265E-07  4.294865E-07  1.449444E-07  7.017211E-02  2.819303E-06  3.932398E-07  3.293832E-07  2.025374E-04  2.753298E-04  6.310206E-07  2.581392E-07  3.345186E-07  5.160019E-07
 3.421500E+02  4.635561E-01  2.697148E-04  2.159836E-08  2.888095E-08  3.226340E-08  3.914928E-08  2.481496E-01  1.390875E-04  1.451745E-07  2.146301E-01  4.312625E-04  1.570120E-06  1.856744E-07  2.948205E-03  1.049969E-07  4.125948E-07  1.403166E-07  6.939631E-02  2.719274E-06  3.829405E-07  3.205785E-07  2.000166E-04  2.719045E-04  6.027985E-07  2.461214E-07  3.190355E-07  4.959734E-07
 3.431500E+02  4.639618E-01  2.673417E-04  2.104189E-08  2.814286E-08  3.144032E-08  3.815827E-08  2.481760E-01  1.370862E-04  1.381621E-07  2.150196E-01  4.265353E-04  1.502545E-06  1.821611E-07  2.905258E-03  1.006820E-07  3.964701E-07  1.358650E-07  6.863279E-02  2.623295E-06  3.729684E-07  3.120583E-07  1.975402E-04  2.685397E-04  5.759822E-07  2.347295E-07  3.043548E-07  4.768335E-07
 3.441500E+02  4.643609E-01  2.650036E-04  2.050315E-08  2.742812E-08  3.064326E-08  3.719840E-08  2.482019E-01  1.351271E-04  1.315299E-07  2.154031E-01  4.218755E-04  1.438190E-06  1.787285E-07  2.863207E-03  9.657031E-08  3.810736E-07  1.315820E-07  6.788133E-02  2.531186E-06  3.633116E-07  3.038120E-07  1.951074E-04  2.652341E-04  5.504952E-07  2.239277E-07  2.904309E-07  4.585383E-07
 3.451500E+02  4.647537E-01  2.627000E-04  1.998148E-08  2.673590E-08  2.987127E-08  3.626853E-08  2.482273E-01  1.332091E-04  1.252553E-07  2.157805E-01  4.172820E-04  1.376888E-06  1.753745E-07  2.822031E-03  9.265124E-08  3.663683E-07  1.274603E-07  6.714170E-02  2.442774E-06  3.539589E-07  2.958297E-07  1.927173E-04  2.619866E-04  5.262656E-07  2.136826E-07  2.772208E-07  4.410464E-07
 3.461500E+02  4.651402E-01  2.604301E-04  1.947626E-08  2.606535E-08  2.912342E-08  3.536757E-08  2.482522E-01  1.313311E-04  1.193169E-07  2.161519E-01  4.127541E-04  1.318483E-06  1.720972E-07  2.781706E-03  8.891469E-08  3.523194E-07  1.234930E-07  6.641371E-02  2.357896E-06  3.448991E-07  2.881016E-07  1.903689E-04  2.587959E-04  5.032256E-07  2.039627E-07  2.646845E-07  4.243186E-07
 3.471500E+02  4.655205E-01  2.581934E-04  1.898689E-08  2.541571E-08  2.839885E-08  3.449448E-08  2.482765E-01  1.294921E-04  1.136950E-07  2.165175E-01  4.082907E-04  1.262826E-06  1.688947E-07  2.742212E-03  8.535118E-08  3.388941E-07  1.196735E-07  6.569713E-02  2.276394E-06  3.361219E-07  2.806187E-07  1.880614E-04  2.556609E-04  4.813114E-07  1.947383E-07  2.527841E-07  4.083178E-07
 3.481500E+02  4.658948E-01  2.559894E-04  1.851278E-08  2.478620E-08  2.769671E-08  3.364826E-08  2.483004E-01  1.276910E-04  1.083710E-07  2.168774E-01  4.038911E-04  1.209777E-06  1.657651E-07  2.703526E-03  8.195177E-08  3.260614E-07  1.159955E-07  6.499178E-02  2.198120E-06  3.276172E-07  2.733718E-07  1.857941E-04  2.525805E-04  4.604628E-07  1.859817E-07  2.414843E-07  3.930089E-07
 3.491500E+02  4.662631E-01  2.538173E-04  1.805339E-08  2.417612E-08  2.701620E-08  3.282794E-08  2.483238E-01  1.259269E-04  1.033275E-07  2.172317E-01  3.995543E-04  1.159203E-06  1.627066E-07  2.665629E-03  7.870801E-08  3.137918E-07  1.124530E-07  6.429745E-02  2.122932E-06  3.193753E-07  2.663527E-07  1.835660E-04  2.495534E-04  4.406233E-07  1.776670E-07  2.307517E-07  3.783585E-07
 3.501500E+02  4.666256E-01  2.516768E-04  1.760819E-08  2.358475E-08  2.635654E-08  3.203262E-08  2.483467E-01  1.241989E-04  9.854815E-08  2.175804E-01  3.952794E-04  1.110978E-06  1.597175E-07  2.628502E-03  7.561194E-08  3.020577E-07  1.090403E-07  6.361394E-02  2.050695E-06  3.113868E-07  2.595530E-07  1.813763E-04  2.465786E-04  4.217393E-07  1.697695E-07  2.205550E-07  3.643351E-07
 3.511500E+02  4.669824E-01  2.495671E-04  1.717667E-08  2.301144E-08  2.571700E-08  3.126140E-08  2.483691E-01  1.225060E-04  9.401776E-08  2.179237E-01  3.910656E-04  1.064984E-06  1.567960E-07  2.592124E-03  7.265604E-08  2.908327E-07  1.057520E-07  6.294106E-02  1.981282E-06  3.036429E-07  2.529650E-07  1.792243E-04  2.436550E-04  4.037605E-07  1.622663E-07  2.108647E-07  3.509088E-07
 3.521500E+02  4.673336E-01  2.474879E-04  1.675834E-08  2.245555E-08  2.509685E-08  3.051343E-08  2.483911E-01  1.208473E-04  8.972201E-08  2.182617E-01  3.869119E-04  1.021108E-06  1.539405E-07  2.556477E-03  6.983322E-08  2.800920E-07  1.025829E-07  6.227863E-02  1.914569E-06  2.961350E-07  2.465810E-07  1.771092E-04  2.407816E-04  3.866394E-07  1.551357E-07  2.016533E-07  3.380513E-07
 3.531500E+02  4.676792E-01  2.454385E-04  1.635273E-08  2.191645E-08  2.449542E-08  2.978789E-08  2.484127E-01  1.192220E-04  8.564748E-08  2.185945E-01  3.828175E-04  9.792449E-07  1.511493E-07  2.521543E-03  6.713677E-08  2.698122E-07  9.952792E-08  6.162645E-02  1.850439E-06  2.888548E-07  2.403939E-07  1.750302E-04  2.379574E-04  3.703313E-07  1.483573E-07  1.928946E-07  3.257357E-07
 3.541500E+02  4.680194E-01  2.434184E-04  1.595939E-08  2.139356E-08  2.391204E-08  2.908401E-08  2.484339E-01  1.176292E-04  8.178160E-08  2.189221E-01  3.787815E-04  9.392933E-07  1.484207E-07  2.487304E-03  6.456037E-08  2.599710E-07  9.658251E-08  6.098435E-02  1.788782E-06  2.817944E-07  2.343967E-07  1.729867E-04  2.351813E-04  3.547937E-07  1.419120E-07  1.845641E-07  3.139365E-07
 3.551500E+02  4.683544E-01  2.414271E-04  1.557789E-08  2.088631E-08  2.334609E-08  2.840103E-08  2.484546E-01  1.160681E-04  7.811258E-08  2.192446E-01  3.748032E-04  9.011584E-07  1.457533E-07  2.453744E-03  6.209802E-08  2.505474E-07  9.374211E-08  6.035214E-02  1.729492E-06  2.749462E-07  2.285827E-07  1.709778E-04  2.324523E-04  3.399868E-07  1.357818E-07  1.766388E-07  3.026295E-07
 3.561500E+02  4.686841E-01  2.394642E-04  1.520781E-08  2.039415E-08  2.279696E-08  2.773823E-08  2.484749E-01  1.145380E-04  7.462934E-08  2.195622E-01  3.708816E-04  8.647500E-07  1.431456E-07  2.420846E-03  5.974408E-08  2.415214E-07  9.100243E-08  5.972965E-02  1.672467E-06  2.683028E-07  2.229454E-07  1.690029E-04  2.297696E-04  3.258728E-07  1.299498E-07  1.690970E-07  2.917919E-07
 3.571500E+02  4.690086E-01  2.375290E-04  1.484877E-08  1.991657E-08  2.226407E-08  2.709490E-08  2.484949E-01  1.130380E-04  7.132149E-08  2.198749E-01  3.670159E-04  8.299831E-07  1.405960E-07  2.388593E-03  5.749320E-08  2.328741E-07  8.835939E-08  5.911671E-02  1.617611E-06  2.618571E-07  2.174787E-07  1.670614E-04  2.271322E-04  3.124163E-07  1.243999E-07  1.619182E-07  2.814019E-07
 3.581500E+02  4.693282E-01  2.356213E-04  1.450036E-08  1.945306E-08  2.174685E-08  2.647039E-08  2.485144E-01  1.115674E-04  6.817927E-08  2.201829E-01  3.632052E-04  7.967768E-07  1.381031E-07  2.356970E-03  5.534032E-08  2.245876E-07  8.580906E-08  5.851314E-02  1.564833E-06  2.556026E-07  2.121768E-07  1.651524E-04  2.245391E-04  2.995837E-07  1.191170E-07  1.550831E-07  2.714388E-07
 3.591500E+02  4.696428E-01  2.337404E-04  1.416224E-08  1.900313E-08  2.124477E-08  2.586405E-08  2.485336E-01  1.101255E-04  6.519351E-08  2.204861E-01  3.594488E-04  7.650546E-07  1.356656E-07  2.325962E-03  5.328066E-08  2.166450E-07  8.334771E-08  5.791879E-02  1.514044E-06  2.495325E-07  2.070337E-07  1.632755E-04  2.219895E-04  2.873430E-07  1.140871E-07  1.485737E-07  2.618830E-07
 3.601500E+02  4.699525E-01  2.318859E-04  1.383403E-08  1.856632E-08  2.075731E-08  2.527526E-08  2.485524E-01  1.087116E-04  6.235560E-08  2.207847E-01  3.557459E-04  7.347442E-07  1.332819E-07  2.295554E-03  5.130970E-08  2.090302E-07  8.097178E-08  5.733348E-02  1.465161E-06  2.436406E-07  2.020442E-07  1.614298E-04  2.194825E-04  2.756645E-07  1.092968E-07  1.423727E-07  2.527159E-07
 3.611500E+02  4.702575E-01  2.300574E-04  1.351541E-08  1.814219E-08  2.028398E-08  2.470343E-08  2.485709E-01  1.073250E-04  5.965744E-08  2.210788E-01  3.520956E-04  7.057769E-07  1.309509E-07  2.265732E-03  4.942313E-08  2.017279E-07  7.867787E-08  5.675706E-02  1.418105E-06  2.379209E-07  1.972029E-07  1.596149E-04  2.170173E-04  2.645196E-07  1.047335E-07  1.364640E-07  2.439198E-07
 3.621500E+02  4.705578E-01  2.282544E-04  1.320604E-08  1.773029E-08  1.982429E-08  2.414798E-08  2.485890E-01  1.059650E-04  5.709141E-08  2.213684E-01  3.484972E-04  6.780877E-07  1.286712E-07  2.236481E-03  4.761692E-08  1.947236E-07  7.646271E-08  5.618937E-02  1.372798E-06  2.323676E-07  1.925047E-07  1.578301E-04  2.145929E-04  2.538817E-07  1.003853E-07  1.308324E-07  2.354779E-07
 3.631500E+02  4.708535E-01  2.264764E-04  1.290561E-08  1.733023E-08  1.937779E-08  2.360837E-08  2.486068E-01  1.046311E-04  5.465035E-08  2.216537E-01  3.449498E-04  6.516148E-07  1.264415E-07  2.207788E-03  4.588721E-08  1.880036E-07  7.432320E-08  5.563025E-02  1.329169E-06  2.269750E-07  1.879447E-07  1.560748E-04  2.122086E-04  2.437252E-07  9.624103E-08  1.254637E-07  2.273742E-07
 3.641500E+02  4.711447E-01  2.247232E-04  1.261383E-08  1.694161E-08  1.894403E-08  2.308408E-08  2.486242E-01  1.033225E-04  5.232752E-08  2.219346E-01  3.414527E-04  6.262999E-07  1.242607E-07  2.179640E-03  4.423038E-08  1.815550E-07  7.225636E-08  5.507955E-02  1.287148E-06  2.217379E-07  1.835183E-07  1.543483E-04  2.098636E-04  2.340264E-07  9.229012E-08  1.203441E-07  2.195936E-07
 3.651500E+02  4.714315E-01  2.229942E-04  1.233039E-08  1.656403E-08  1.852259E-08  2.257458E-08  2.486413E-01  1.020387E-04  5.011658E-08  2.222113E-01  3.380051E-04  6.020874E-07  1.221274E-07  2.152025E-03  4.264296E-08  1.753652E-07  7.025936E-08  5.453713E-02  1.246669E-06  2.166510E-07  1.792210E-07  1.526502E-04  2.075571E-04  2.247624E-07  8.852259E-08  1.154610E-07  2.121216E-07
 3.661500E+02  4.717139E-01  2.212890E-04  1.205502E-08  1.619714E-08  1.811305E-08  2.207939E-08  2.486581E-01  1.007791E-04  4.801156E-08  2.224839E-01  3.346063E-04  5.789249E-07  1.200406E-07  2.124929E-03  4.112168E-08  1.694227E-07  6.832947E-08  5.400284E-02  1.207668E-06  2.117094E-07  1.750484E-07  1.509799E-04  2.052884E-04  2.159119E-07  8.492906E-08  1.108022E-07  2.049444E-07
 3.671500E+02  4.719921E-01  2.196072E-04  1.178745E-08  1.584057E-08  1.771503E-08  2.159804E-08  2.486746E-01  9.954304E-05  4.600684E-08  2.227524E-01  3.312555E-04  5.567624E-07  1.179990E-07  2.098340E-03  3.966346E-08  1.637161E-07  6.646410E-08  5.347653E-02  1.170085E-06  2.069082E-07  1.709963E-07  1.493368E-04  2.030567E-04  2.074544E-07  8.150064E-08  1.063564E-07  1.980492E-07
 3.681500E+02  4.722660E-01  2.179485E-04  1.152743E-08  1.549399E-08  1.732814E-08  2.113007E-08  2.486908E-01  9.833008E-05  4.409711E-08  2.230169E-01  3.279520E-04  5.355526E-07  1.160017E-07  2.072247E-03  3.826535E-08  1.582350E-07  6.466076E-08  5.295807E-02  1.133863E-06  2.022429E-07  1.670606E-07  1.477204E-04  2.008612E-04  1.993708E-07  7.822893E-08  1.021127E-07  1.914233E-07
 3.691500E+02  4.725359E-01  2.163124E-04  1.127469E-08  1.515707E-08  1.695202E-08  2.067506E-08  2.487067E-01  9.713962E-05  4.227739E-08  2.232775E-01  3.246951E-04  5.152506E-07  1.140474E-07  2.046638E-03  3.692456E-08  1.529692E-07  6.291708E-08  5.244731E-02  1.098946E-06  1.977089E-07  1.632376E-07  1.461301E-04  1.987013E-04  1.916429E-07  7.510602E-08  9.806110E-08  1.850550E-07
 3.701500E+02  4.728017E-01  2.146985E-04  1.102901E-08  1.482950E-08  1.658632E-08  2.023257E-08  2.487223E-01  9.597115E-05  4.054297E-08  2.235342E-01  3.214839E-04  4.958139E-07  1.121352E-07  2.021503E-03  3.563844E-08  1.479092E-07  6.123077E-08  5.194412E-02  1.065282E-06  1.933020E-07  1.595235E-07  1.445655E-04  1.965762E-04  1.842533E-07  7.212441E-08  9.419186E-08  1.789331E-07
 3.711500E+02  4.730635E-01  2.131066E-04  1.079015E-08  1.451096E-08  1.623069E-08  1.980220E-08  2.487376E-01  9.482416E-05  3.888941E-08  2.237871E-01  3.183180E-04  4.772019E-07  1.102640E-07  1.996829E-03  3.440449E-08  1.430459E-07  5.959966E-08  5.144837E-02  1.032819E-06  1.890180E-07  1.559147E-07  1.430261E-04  1.944853E-04  1.771859E-07  6.927703E-08  9.049591E-08  1.730469E-07
 3.721500E+02  4.733214E-01  2.115362E-04  1.055789E-08  1.420117E-08  1.588482E-08  1.938356E-08  2.487526E-01  9.369814E-05  3.731253E-08  2.240363E-01  3.151964E-04  4.593762E-07  1.084328E-07  1.972607E-03  3.322032E-08  1.383706E-07  5.802165E-08  5.095993E-02  1.001511E-06  1.848530E-07  1.524077E-07  1.415113E-04  1.924279E-04  1.704249E-07  6.655719E-08  8.696466E-08  1.673861E-07
 3.731500E+02  4.735755E-01  2.099869E-04  1.033201E-08  1.389984E-08  1.554838E-08  1.897628E-08  2.487674E-01  9.259262E-05  3.580838E-08  2.242818E-01  3.121186E-04  4.423003E-07  1.066407E-07  1.948827E-03  3.208367E-08  1.338750E-07  5.649476E-08  5.047867E-02  9.713106E-07  1.808031E-07  1.489992E-07  1.400207E-04  1.904034E-04  1.639559E-07  6.395856E-08  8.358998E-08  1.619410E-07
