#         T/K            m1          m2-1          m3-1          m4-1          m5-1          m5-2          m6-2          m6-3          m6-4          m6-5          m6-7          m6-8
 2.731500E+02  1.722012E-03  4.393247E-04  1.209747E-03  9.540868E-02  1.171234E-01  3.675961E-01  1.468330E-01  6.856275E-02  4.215173E-02  5.618968E-02  2.009556E-02  8.266807E-02
 2.741500E+02  1.792513E-03  4.642320E-04  1.257334E-03  9.639197E-02  1.172686E-01  3.685908E-01  1.456541E-01  6.842430E-02  4.184358E-02  5.578861E-02  2.002521E-02  8.249870E-02
 2.751500E+02  1.865364E-03  4.903549E-04  1.306413E-03  9.737571E-02  1.174092E-01  3.695691E-01  1.444875E-01  6.828451E-02  4.153824E-02  5.539105E-02  1.995484E-02  8.232772E-02
 2.761500E+02  1.940611E-03  5.177398E-04  1.357011E-03  9.835965E-02  1.175452E-01  3.705309E-01  1.433330E-01  6.814347E-02  4.123572E-02  5.499704E-02  1.988446E-02  8.215527E-02
 2.771500E+02  2.018314E-03  5.464371E-04  1.409162E-03  9.934370E-02  1.176765E-01  3.714762E-01  1.421905E-01  6.800120E-02  4.093597E-02  5.460651E-02  1.981409E-02  8.198137E-02
 2.781500E+02  2.098532E-03  5.764987E-04  1.462901E-03  1.003278E-01  1.178032E-01  3.724053E-01  1.410599E-01  6.785773E-02  4.063896E-02  5.421943E-02  1.974373E-02  8.180605E-02
 2.791500E+02  2.181327E-03  6.079784E-04  1.518261E-03  1.013118E-01  1.179254E-01  3.733180E-01  1.399409E-01  6.771309E-02  4.034467E-02  5.383576E-02  1.967338E-02  8.162933E-02
 2.801500E+02  2.266761E-03  6.409312E-04  1.575278E-03  1.022958E-01  1.180431E-01  3.742146E-01  1.388334E-01  6.756728E-02  4.005304E-02  5.345545E-02  1.960305E-02  8.145124E-02
 2.811500E+02  2.354897E-03  6.754140E-04  1.633986E-03  1.032796E-01  1.181563E-01  3.750952E-01  1.377373E-01  6.742033E-02  3.976404E-02  5.307845E-02  1.953273E-02  8.127180E-02
 2.821500E+02  2.445799E-03  7.114854E-04  1.694421E-03  1.042631E-01  1.182652E-01  3.759597E-01  1.366522E-01  6.727226E-02  3.947765E-02  5.270473E-02  1.946244E-02  8.109103E-02
 2.831500E+02  2.539533E-03  7.492058E-04  1.756618E-03  1.052464E-01  1.183696E-01  3.768083E-01  1.355782E-01  6.712308E-02  3.919381E-02  5.233424E-02  1.939216E-02  8.090896E-02
 2.841500E+02  2.636164E-03  7.886372E-04  1.820614E-03  1.062292E-01  1.184697E-01  3.776410E-01  1.345149E-01  6.697281E-02  3.891251E-02  5.196694E-02  1.932191E-02  8.072560E-02
 2.851500E+02  2.735759E-03  8.298434E-04  1.886445E-03  1.072116E-01  1.185654E-01  3.784579E-01  1.334624E-01  6.682146E-02  3.863370E-02  5.160278E-02  1.925169E-02  8.054096E-02
 2.861500E+02  2.838387E-03  8.728903E-04  1.954148E-03  1.081935E-01  1.186569E-01  3.792592E-01  1.324203E-01  6.666905E-02  3.835735E-02  5.124172E-02  1.918149E-02  8.035508E-02
 2.871500E+02  2.944117E-03  9.178454E-04  2.023761E-03  1.091748E-01  1.187442E-01  3.800447E-01  1.313885E-01  6.651560E-02  3.808342E-02  5.088372E-02  1.911132E-02  8.016795E-02
 2.881500E+02  3.053020E-03  9.647782E-04  2.095321E-03  1.101555E-01  1.188272E-01  3.808147E-01  1.303669E-01  6.636110E-02  3.781189E-02  5.052874E-02  1.904118E-02  7.997960E-02
 2.891500E+02  3.165166E-03  1.013760E-03  2.168867E-03  1.111355E-01  1.189061E-01  3.815692E-01  1.293553E-01  6.620559E-02  3.754271E-02  5.017673E-02  1.897106E-02  7.979005E-02
 2.901500E+02  3.280630E-03  1.064865E-03  2.244435E-03  1.121147E-01  1.189808E-01  3.823082E-01  1.283536E-01  6.604905E-02  3.727585E-02  4.982765E-02  1.890098E-02  7.959929E-02
 2.911500E+02  3.399483E-03  1.118168E-03  2.322066E-03  1.130930E-01  1.190514E-01  3.830318E-01  1.273615E-01  6.589152E-02  3.701127E-02  4.948147E-02  1.883093E-02  7.940735E-02
 2.921500E+02  3.521802E-03  1.173747E-03  2.401799E-03  1.140704E-01  1.191179E-01  3.837401E-01  1.263790E-01  6.573298E-02  3.674896E-02  4.913813E-02  1.876090E-02  7.921423E-02
 2.931500E+02  3.647661E-03  1.231681E-03  2.483672E-03  1.150469E-01  1.191803E-01  3.844330E-01  1.254060E-01  6.557346E-02  3.648886E-02  4.879760E-02  1.869091E-02  7.901994E-02
 2.941500E+02  3.777139E-03  1.292052E-03  2.567725E-03  1.160223E-01  1.192387E-01  3.851107E-01  1.244421E-01  6.541295E-02  3.623095E-02  4.845983E-02  1.862094E-02  7.882449E-02
 2.951500E+02  3.910314E-03  1.354945E-03  2.653999E-03  1.169967E-01  1.192931E-01  3.857732E-01  1.234874E-01  6.525147E-02  3.597519E-02  4.812479E-02  1.855100E-02  7.862789E-02
 2.961500E+02  4.047265E-03  1.420445E-03  2.742534E-03  1.179698E-01  1.193434E-01  3.864206E-01  1.225417E-01  6.508902E-02  3.572156E-02  4.779243E-02  1.848108E-02  7.843015E-02
 2.971500E+02  4.188073E-03  1.488641E-03  2.833371E-03  1.189418E-01  1.193898E-01  3.870528E-01  1.216047E-01  6.492560E-02  3.547002E-02  4.746272E-02  1.841120E-02  7.823126E-02
 2.981500E+02  4.332820E-03  1.559624E-03  2.926551E-03  1.199125E-01  1.194323E-01  3.876699E-01  1.206764E-01  6.476122E-02  3.522053E-02  4.713561E-02  1.834133E-02  7.803124E-02
 2.991500E+02  4.481590E-03  1.633488E-03  3.022116E-03  1.208818E-01  1.194708E-01  3.882720E-01  1.197567E-01  6.459587E-02  3.497307E-02  4.681107E-02  1.827149E-02  7.783008E-02
 3.001500E+02  4.634467E-03  1.710327E-03  3.120106E-03  1.218497E-01  1.195054E-01  3.888590E-01  1.188453E-01  6.442957E-02  3.472760E-02  4.648904E-02  1.820167E-02  7.762780E-02
 3.011500E+02  4.791537E-03  1.790240E-03  3.220565E-03  1.228161E-01  1.195361E-01  3.894311E-01  1.179422E-01  6.426231E-02  3.448409E-02  4.616950E-02  1.813187E-02  7.742438E-02
 3.021500E+02  4.952888E-03  1.873327E-03  3.323535E-03  1.237810E-01  1.195629E-01  3.899882E-01  1.170472E-01  6.409410E-02  3.424251E-02  4.585240E-02  1.806208E-02  7.721983E-02
 3.031500E+02  5.118608E-03  1.959691E-03  3.429059E-03  1.247443E-01  1.195859E-01  3.905303E-01  1.161602E-01  6.392493E-02  3.400284E-02  4.553771E-02  1.799231E-02  7.701415E-02
 3.041500E+02  5.288787E-03  2.049439E-03  3.537179E-03  1.257060E-01  1.196050E-01  3.910576E-01  1.152810E-01  6.375480E-02  3.376502E-02  4.522538E-02  1.792255E-02  7.680734E-02
 3.051500E+02  5.463516E-03  2.142678E-03  3.647939E-03  1.266659E-01  1.196202E-01  3.915699E-01  1.144095E-01  6.358371E-02  3.352905E-02  4.491538E-02  1.785280E-02  7.659939E-02
 3.061500E+02  5.642890E-03  2.239519E-03  3.761383E-03  1.276241E-01  1.196316E-01  3.920673E-01  1.135457E-01  6.341165E-02  3.329488E-02  4.460767E-02  1.778305E-02  7.639031E-02
 3.071500E+02  5.827001E-03  2.340075E-03  3.877554E-03  1.285804E-01  1.196393E-01  3.925498E-01  1.126892E-01  6.323864E-02  3.306249E-02  4.430221E-02  1.771331E-02  7.618009E-02
 3.081500E+02  6.015947E-03  2.444465E-03  3.996498E-03  1.295348E-01  1.196431E-01  3.930174E-01  1.118401E-01  6.306465E-02  3.283184E-02  4.399896E-02  1.764357E-02  7.596872E-02
 3.091500E+02  6.209824E-03  2.552806E-03  4.118259E-03  1.304872E-01  1.196431E-01  3.934701E-01  1.109982E-01  6.288969E-02  3.260291E-02  4.369788E-02  1.757383E-02  7.575620E-02
 3.101500E+02  6.408732E-03  2.665220E-03  4.242881E-03  1.314376E-01  1.196393E-01  3.939080E-01  1.101633E-01  6.271375E-02  3.237566E-02  4.339894E-02  1.750408E-02  7.554252E-02
 3.111500E+02  6.612771E-03  2.781834E-03  4.370410E-03  1.323859E-01  1.196317E-01  3.943309E-01  1.093354E-01  6.253682E-02  3.215007E-02  4.310210E-02  1.743432E-02  7.532767E-02
 3.121500E+02  6.822044E-03  2.902775E-03  4.500892E-03  1.333321E-01  1.196204E-01  3.947390E-01  1.085143E-01  6.235890E-02  3.192611E-02  4.280731E-02  1.736454E-02  7.511166E-02
 3.131500E+02  7.036655E-03  3.028173E-03  4.634372E-03  1.342760E-01  1.196052E-01  3.951321E-01  1.076999E-01  6.217998E-02  3.170374E-02  4.251456E-02  1.729475E-02  7.489446E-02
 3.141500E+02  7.256709E-03  3.158163E-03  4.770896E-03  1.352177E-01  1.195863E-01  3.955103E-01  1.068921E-01  6.200006E-02  3.148294E-02  4.222379E-02  1.722494E-02  7.467606E-02
 3.151500E+02  7.482314E-03  3.292883E-03  4.910511E-03  1.361570E-01  1.195637E-01  3.958735E-01  1.060908E-01  6.181912E-02  3.126369E-02  4.193497E-02  1.715510E-02  7.445647E-02
 3.161500E+02  7.713579E-03  3.432473E-03  5.053263E-03  1.370939E-01  1.195372E-01  3.962218E-01  1.052957E-01  6.163715E-02  3.104594E-02  4.164806E-02  1.708523E-02  7.423566E-02
 3.171500E+02  7.950615E-03  3.577077E-03  5.199200E-03  1.380284E-01  1.195070E-01  3.965550E-01  1.045069E-01  6.145415E-02  3.082968E-02  4.136304E-02  1.701532E-02  7.401362E-02
 3.181500E+02  8.193536E-03  3.726841E-03  5.348369E-03  1.389603E-01  1.194729E-01  3.968733E-01  1.037242E-01  6.127011E-02  3.061487E-02  4.107986E-02  1.694538E-02  7.379034E-02
 3.191500E+02  8.442456E-03  3.881916E-03  5.500816E-03  1.398896E-01  1.194351E-01  3.971764E-01  1.029475E-01  6.108500E-02  3.040149E-02  4.079848E-02  1.687539E-02  7.356582E-02
 3.201500E+02  8.697492E-03  4.042455E-03  5.656590E-03  1.408162E-01  1.193935E-01  3.974644E-01  1.021767E-01  6.089883E-02  3.018951E-02  4.051888E-02  1.680535E-02  7.334003E-02
 3.211500E+02  8.958764E-03  4.208617E-03  5.815739E-03  1.417401E-01  1.193482E-01  3.977373E-01  1.014116E-01  6.071158E-02  2.997890E-02  4.024101E-02  1.673526E-02  7.311295E-02
 3.221500E+02  9.226392E-03  4.380562E-03  5.978311E-03  1.426612E-01  1.192990E-01  3.979950E-01  1.006522E-01  6.052324E-02  2.976963E-02  3.996484E-02  1.666510E-02  7.288458E-02
 3.231500E+02  9.500622E-03  4.558499E-03  6.144395E-03  1.435800E-01  1.192460E-01  3.982375E-01  9.989802E-02  6.033362E-02  2.956160E-02  3.969023E-02  1.659484E-02  7.265469E-02
 3.241500E+02  9.781343E-03  4.742511E-03  6.313962E-03  1.444953E-01  1.191892E-01  3.984646E-01  9.914955E-02  6.014304E-02  2.935493E-02  3.941736E-02  1.652455E-02  7.242367E-02
 3.251500E+02  1.006880E-02  4.932811E-03  6.487098E-03  1.454076E-01  1.191285E-01  3.986763E-01  9.840641E-02  5.995133E-02  2.914953E-02  3.914609E-02  1.645419E-02  7.219130E-02
 3.261500E+02  1.036312E-02  5.129574E-03  6.663853E-03  1.463168E-01  1.190640E-01  3.988726E-01  9.766848E-02  5.975847E-02  2.894537E-02  3.887638E-02  1.638375E-02  7.195756E-02
 3.271500E+02  1.066443E-02  5.332980E-03  6.844276E-03  1.472229E-01  1.189956E-01  3.990534E-01  9.693565E-02  5.956444E-02  2.874242E-02  3.860820E-02  1.631321E-02  7.172244E-02
 3.281500E+02  1.097287E-02  5.543213E-03  7.028417E-03  1.481258E-01  1.189234E-01  3.992186E-01  9.620783E-02  5.936922E-02  2.854065E-02  3.834151E-02  1.624259E-02  7.148591E-02
 3.291500E+02  1.128858E-02  5.760460E-03  7.216325E-03  1.490254E-01  1.188472E-01  3.993682E-01  9.548491E-02  5.917281E-02  2.834003E-02  3.807629E-02  1.617187E-02  7.124796E-02
 3.301500E+02  1.161170E-02  5.984913E-03  7.408051E-03  1.499216E-01  1.187671E-01  3.995020E-01  9.476678E-02  5.897518E-02  2.814055E-02  3.781249E-02  1.610104E-02  7.100856E-02
 3.311500E+02  1.194237E-02  6.216768E-03  7.603645E-03  1.508144E-01  1.186831E-01  3.996200E-01  9.405334E-02  5.877631E-02  2.794218E-02  3.755009E-02  1.603010E-02  7.076769E-02
 3.321500E+02  1.228073E-02  6.456225E-03  7.803158E-03  1.517036E-01  1.185952E-01  3.997220E-01  9.334450E-02  5.857620E-02  2.774488E-02  3.728905E-02  1.595905E-02  7.052533E-02
 3.331500E+02  1.262694E-02  6.703487E-03  8.006640E-03  1.525893E-01  1.185033E-01  3.998081E-01  9.264014E-02  5.837481E-02  2.754864E-02  3.702935E-02  1.588787E-02  7.028146E-02
 3.341500E+02  1.298114E-02  6.958764E-03  8.214142E-03  1.534713E-01  1.184074E-01  3.998781E-01  9.194017E-02  5.817212E-02  2.735343E-02  3.677094E-02  1.581657E-02  7.003605E-02
 3.351500E+02  1.334348E-02  7.222270E-03  8.425715E-03  1.543495E-01  1.183074E-01  3.999318E-01  9.124450E-02  5.796813E-02  2.715923E-02  3.651379E-02  1.574512E-02  6.978908E-02
 3.361500E+02  1.371413E-02  7.494221E-03  8.641411E-03  1.552239E-01  1.182034E-01  3.999692E-01  9.055301E-02  5.776280E-02  2.696600E-02  3.625788E-02  1.567353E-02  6.954053E-02
 3.371500E+02  1.409325E-02  7.774840E-03  8.861280E-03  1.560943E-01  1.180953E-01  3.999902E-01  8.986563E-02  5.755612E-02  2.677373E-02  3.600316E-02  1.560180E-02  6.929036E-02
 3.381500E+02  9.976908E-01  2.297686E-03  1.070502E-05  7.648196E-07  2.377449E-09  8.060192E-09  7.431784E-12  4.778961E-12  2.215178E-12  2.979107E-12  1.294147E-12  5.753159E-12
 3.391500E+02  9.977248E-01  2.264330E-03  1.018122E-05  6.965360E-07  2.100207E-09  7.127075E-09  6.366856E-12  4.110530E-12  1.898627E-12  2.553656E-12  1.112032E-12  4.948373E-12
 3.401500E+02  9.977580E-01  2.231678E-03  9.686124E-06  6.347172E-07  1.856727E-09  6.306812E-09  5.459784E-12  3.538921E-12  1.628875E-12  2.191067E-12  9.564491E-13  4.260172E-12
 3.411500E+02  9.977905E-01  2.199713E-03  9.218010E-06  5.787179E-07  1.642730E-09  5.585194E-09  4.686415E-12  3.049642E-12  1.398781E-12  1.881751E-12  8.234060E-13  3.671107E-12
 3.421500E+02  9.978223E-01  2.168417E-03  8.775259E-06  5.279603E-07  1.454500E-09  4.949866E-09  4.026403E-12  2.630440E-12  1.202324E-12  1.617627E-12  7.095287E-13  3.166419E-12
 3.431500E+02  9.978534E-01  2.137772E-03  8.356359E-06  4.819270E-07  1.288806E-09  4.390082E-09  3.462592E-12  2.270941E-12  1.034427E-12  1.391876E-12  6.119645E-13  2.733617E-12
 3.441500E+02  9.978838E-01  2.107761E-03  7.959898E-06  4.401541E-07  1.142839E-09  3.896485E-09  2.980502E-12  1.962356E-12  8.908014E-13  1.198741E-12  5.282984E-13  2.362117E-12
 3.451500E+02  9.979136E-01  2.078369E-03  7.584553E-06  4.022254E-07  1.014152E-09  3.460921E-09  2.567900E-12  1.697230E-12  7.678233E-13  1.033354E-12  4.564841E-13  2.042943E-12
 3.461500E+02  9.979428E-01  2.049578E-03  7.229086E-06  3.677677E-07  9.006148E-10  3.076281E-09  2.214439E-12  1.469235E-12  6.624262E-13  8.915964E-13  3.947861E-13  1.768475E-12
 3.471500E+02  9.979714E-01  2.021375E-03  6.892338E-06  3.364455E-07  8.003690E-10  2.736360E-09  1.911362E-12  1.272993E-12  5.720132E-13  7.699804E-13  3.417312E-13  1.532236E-12
 3.481500E+02  9.979994E-01  1.993744E-03  6.573223E-06  3.079577E-07  7.117932E-10  2.435738E-09  1.651248E-12  1.103930E-12  4.943832E-13  6.655485E-13  2.960674E-13  1.328720E-12
 3.491500E+02  9.980268E-01  1.966670E-03  6.270725E-06  2.820334E-07  6.334717E-10  2.169678E-09  1.427804E-12  9.581533E-13  4.276682E-13  5.757913E-13  2.567298E-13  1.153238E-12
 3.501500E+02  9.980536E-01  1.940140E-03  5.983890E-06  2.584288E-07  5.641670E-10  1.934038E-09  1.235687E-12  8.323437E-13  3.702820E-13  4.985773E-13  2.228121E-13  1.001795E-12
 3.511500E+02  9.980799E-01  1.914140E-03  5.711824E-06  2.369248E-07  5.027969E-10  1.725189E-09  1.070356E-12  7.236717E-13  3.208760E-13  4.320945E-13  1.935417E-13  8.709836E-13
 3.521500E+02  9.981057E-01  1.888656E-03  5.453688E-06  2.173238E-07  4.484142E-10  1.539956E-09  9.279510E-13  6.297214E-13  2.783029E-13  3.748007E-13  1.682598E-13  7.578952E-13
 3.531500E+02  9.981309E-01  1.863676E-03  5.208696E-06  1.994479E-07  4.001892E-10  1.375551E-09  8.051848E-13  5.484286E-13  2.415855E-13  3.253827E-13  1.464041E-13  6.600444E-13
 3.541500E+02  9.981557E-01  1.839188E-03  4.976109E-06  1.831364E-07  3.573947E-10  1.229532E-09  6.992566E-13  4.780282E-13  2.098907E-13  2.827206E-13  1.274941E-13  5.753061E-13
 3.551500E+02  9.981799E-01  1.815178E-03  4.755234E-06  1.682447E-07  3.193928E-10  1.099753E-09  6.077781E-13  4.170092E-13  1.825081E-13  2.458593E-13  1.111188E-13  5.018610E-13
 3.561500E+02  9.982037E-01  1.791637E-03  4.545420E-06  1.546421E-07  2.856234E-10  9.843278E-10  5.287103E-13  3.640770E-13  1.588306E-13  2.139827E-13  9.692658E-14  4.381508E-13
 3.571500E+02  9.982270E-01  1.768552E-03  4.346055E-06  1.422105E-07  2.555947E-10  8.816001E-10  4.603113E-13  3.181219E-13  1.383395E-13  1.863934E-13  8.461608E-14  3.828392E-13
 3.581500E+02  9.982498E-01  1.745911E-03  4.156564E-06  1.308433E-07  2.288740E-10  7.901111E-10  4.010917E-13  2.781913E-13  1.205911E-13  1.624947E-13  7.392896E-14  3.347795E-13
 3.591500E+02  9.982722E-01  1.723705E-03  3.976408E-06  1.204441E-07  2.050811E-10  7.085770E-10  3.497767E-13  2.434670E-13  1.052055E-13  1.417757E-13  6.464353E-14  2.929869E-13
 3.601500E+02  9.982942E-01  1.701924E-03  3.805077E-06  1.109255E-07  1.838810E-10  6.358665E-10  3.052743E-13  2.132458E-13  9.185716E-14  1.237984E-13  5.656937E-14  2.566145E-13
 3.611500E+02  9.983157E-01  1.680556E-03  3.642093E-06  1.022088E-07  1.649787E-10  5.709820E-10  2.666483E-13  1.869226E-13  8.026673E-14  1.081873E-13  4.954280E-14  2.249341E-13
 3.621500E+02  9.983368E-01  1.659592E-03  3.487007E-06  9.422229E-08  1.481140E-10  5.130435E-10  2.330954E-13  1.639764E-13  7.019456E-14  9.461990E-14  4.342300E-14  1.973183E-13
 3.631500E+02  9.983576E-01  1.639022E-03  3.339396E-06  8.690126E-08  1.330575E-10  4.612740E-10  2.039257E-13  1.439581E-13  6.143470E-14  8.281917E-14  3.808872E-14  1.732267E-13
 3.641500E+02  9.983779E-01  1.618837E-03  3.198860E-06  8.018697E-08  1.196067E-10  4.149871E-10  1.785463E-13  1.264804E-13  5.381007E-14  7.254685E-14  3.343547E-14  1.521930E-13
 3.651500E+02  9.983978E-01  1.599029E-03  3.065024E-06  7.402615E-08  1.075826E-10  3.735757E-10  1.564471E-13  1.112090E-13  4.716830E-14  6.359789E-14  2.937312E-14  1.338149E-13
 3.661500E+02  9.984174E-01  1.579587E-03  2.937535E-06  6.837044E-08  9.682708E-11  3.365031E-10  1.371890E-13  9.785520E-14  4.137812E-14  5.579569E-14  2.582390E-14  1.177447E-13
 3.671500E+02  9.984366E-01  1.560505E-03  2.816058E-06  6.317597E-08  8.720025E-11  3.032938E-10  1.203935E-13  8.616920E-14  3.632642E-14  4.898798E-14  2.272059E-14  1.036818E-13
 3.681500E+02  9.984555E-01  1.541772E-03  2.700280E-06  5.840286E-08  7.857829E-11  2.735268E-10  1.057344E-13  7.593498E-14  3.191560E-14  4.304341E-14  2.000512E-14  9.136612E-14
 3.691500E+02  9.984740E-01  1.523382E-03  2.589905E-06  5.401487E-08  7.085151E-11  2.468290E-10  9.293012E-14  6.696544E-14  2.806139E-14  3.784856E-14  1.762720E-14  8.057253E-14
 3.701500E+02  9.984921E-01  1.505327E-03  2.484652E-06  4.997904E-08  6.392272E-11  2.228692E-10  8.173740E-14  5.909844E-14  2.469099E-14  3.330543E-14  1.554333E-14  7.110585E-14
 3.711500E+02  9.985100E-01  1.487598E-03  2.384259E-06  4.626540E-08  5.770572E-11  2.013537E-10  7.194598E-14  5.219334E-14  2.174145E-14  2.932925E-14  1.371578E-14  6.279679E-14
 3.721500E+02  9.985275E-01  1.470188E-03  2.288475E-06  4.284666E-08  5.212401E-11  1.820215E-10  6.337401E-14  4.612808E-14  1.915827E-14  2.584667E-14  1.211183E-14  5.549846E-14
 3.731500E+02  9.985447E-01  1.453091E-03  2.197067E-06  3.969797E-08  4.710968E-11  1.646407E-10  5.586401E-14  4.079665E-14  1.689427E-14  2.279414E-14  1.070311E-14  4.908324E-14
 3.741500E+02  9.985616E-01  1.436298E-03  2.109813E-06  3.679669E-08  4.260237E-11  1.490051E-10  4.927956E-14  3.610687E-14  1.490855E-14  2.011660E-14  9.464947E-15  4.344019E-14
 3.751500E+02  9.985781E-01  1.419804E-03  2.026502E-06  3.412219E-08  3.854843E-11  1.349312E-10  4.350235E-14  3.197857E-14  1.316563E-14  1.776626E-14  8.375909E-15  3.847283E-14
 3.761500E+02  9.985944E-01  1.403601E-03  1.946937E-06  3.165565E-08  3.490011E-11  1.222557E-10  3.842972E-14  2.834193E-14  1.163472E-14  1.570163E-14  7.417351E-15  3.409713E-14
 3.771500E+02  9.986104E-01  1.387684E-03  1.870931E-06  2.937988E-08  3.161493E-11  1.108331E-10  3.397255E-14  2.513615E-14  1.028905E-14  1.388669E-14  6.573042E-15  3.023992E-14
 3.781500E+02  9.986261E-01  1.372045E-03  1.798306E-06  2.727923E-08  2.865503E-11  1.005336E-10  3.005334E-14  2.230821E-14  9.105371E-15  1.229010E-14  5.828843E-15  2.683736E-14
 3.791500E+02  9.986416E-01  1.356678E-03  1.728896E-06  2.533938E-08  2.598669E-11  9.124154E-11  2.660472E-14  1.981184E-14  8.063441E-15  1.088459E-14  5.172425E-15  2.383380E-14
 3.801500E+02  9.986567E-01  1.341578E-03  1.662542E-06  2.354724E-08  2.357982E-11  8.285365E-11  2.356804E-14  1.760665E-14  7.145642E-15  9.646437E-15  4.593033E-15  2.118062E-14
 3.811500E+02  9.986716E-01  1.326739E-03  1.599094E-06  2.189086E-08  2.140758E-11  7.527773E-11  2.089224E-14  1.565734E-14  6.336622E-15  8.554942E-15  4.081278E-15  1.883534E-14
 3.821500E+02  9.986863E-01  1.312155E-03  1.538411E-06  2.035931E-08  1.944600E-11  6.843137E-11  1.853279E-14  1.393307E-14  5.622996E-15  7.592073E-15  3.628956E-15  1.676083E-14
 3.831500E+02  9.987007E-01  1.297820E-03  1.480359E-06  1.894259E-08  1.767368E-11  6.224094E-11  1.645085E-14  1.240681E-14  4.993082E-15  6.742090E-15  3.228895E-15  1.492460E-14
 3.841500E+02  9.987148E-01  1.283730E-03  1.424811E-06  1.763154E-08  1.607146E-11  5.664052E-11  1.461254E-14  1.105494E-14  4.436684E-15  5.991246E-15  2.874819E-15  1.329818E-14
 3.851500E+02  9.987287E-01  1.269878E-03  1.371645E-06  1.641778E-08  1.462225E-11  5.157115E-11  1.298824E-14  9.856735E-15  3.944888E-15  5.327532E-15  2.561234E-15  1.185667E-14
 3.861500E+02  9.987424E-01  1.256260E-03  1.320750E-06  1.529363E-08  1.331071E-11  4.698000E-11  1.155207E-14  8.794031E-15  3.509903E-15  4.740444E-15  2.283326E-15  1.057818E-14
 3.871500E+02  9.987558E-01  1.242871E-03  1.272016E-06  1.425205E-08  1.212313E-11  4.281975E-11  1.028140E-14  7.850892E-15  3.124911E-15  4.220790E-15  2.036874E-15  9.443562E-15
 3.881500E+02  9.987691E-01  1.229705E-03  1.225340E-06  1.328658E-08  1.104722E-11  3.904796E-11  9.156415E-15  7.013324E-15  2.783941E-15  3.760522E-15  1.818177E-15  8.435959E-15
 3.891500E+02  9.987820E-01  1.216759E-03  1.180627E-06  1.239131E-08  1.007197E-11  3.562657E-11  8.159754E-15  6.269034E-15  2.481761E-15  3.352585E-15  1.623983E-15  7.540583E-15
 3.901500E+02  9.987948E-01  1.204027E-03  1.137784E-06  1.156079E-08  9.187499E-12  3.252141E-11  7.276205E-15  5.607213E-15  2.213784E-15  2.990797E-15  1.451437E-15  6.744427E-15
 3.911500E+02  9.988074E-01  1.191505E-03  1.096724E-06  1.079005E-08  8.384933E-12  2.970179E-11  6.492425E-15  5.018351E-15  1.975987E-15  2.669728E-15  1.298028E-15  6.036050E-15
 3.921500E+02  9.988197E-01  1.179189E-03  1.057364E-06  1.007450E-08  7.656316E-12  2.714015E-11  5.796703E-15  4.494077E-15  1.764835E-15  2.384615E-15  1.161548E-15  5.405380E-15
 3.931500E+02  9.988319E-01  1.167074E-03  1.019625E-06  9.409923E-09  6.994494E-12  2.481169E-11  5.178751E-15  4.027017E-15  1.577224E-15  2.131269E-15  1.040052E-15  4.843542E-15
 3.941500E+02  9.988439E-01  1.155156E-03  9.834323E-07  8.792458E-09  6.393039E-12  2.269413E-11  4.629530E-15  3.610671E-15  1.410423E-15  1.906011E-15  9.318290E-16  4.342715E-15
 3.951500E+02  9.988556E-01  1.143432E-03  9.487160E-07  8.218544E-09  5.846168E-12  2.076740E-11  4.141090E-15  3.239305E-15  1.262033E-15  1.705600E-15  8.353689E-16  3.896002E-15
 3.961500E+02  9.988672E-01  1.131896E-03  9.154084E-07  7.684906E-09  5.348679E-12  1.901343E-11  3.706432E-15  2.907857E-15  1.129939E-15  1.527185E-15  7.493408E-16  3.497312E-15
 3.971500E+02  9.988786E-01  1.120546E-03  8.834455E-07  7.188530E-09  4.895888E-12  1.741594E-11  3.319398E-15  2.611860E-15  1.012279E-15  1.368255E-15  6.725700E-16  3.141270E-15
 3.981500E+02  9.988898E-01  1.109377E-03  8.527666E-07  6.726642E-09  4.483575E-12  1.596025E-11  2.974557E-15  2.347363E-15  9.074122E-16  1.226596E-15  6.040191E-16  2.823121E-15
 3.991500E+02  9.989008E-01  1.098386E-03  8.233140E-07  6.296686E-09  4.107939E-12  1.463315E-11  2.667123E-15  2.110873E-15  8.138904E-16  1.100253E-15  5.427714E-16  2.538666E-15
