#         T/K            c1          c2-1          c3-4          c3-5          c3-7          c3-9            m1          m2-1          m3-1            w1            w2          w3-1          w3-2          c1m1        c1m2-1        c1m2-7        c2m1-1        c1w1-2        c1w2-1        c2w1-1        c2w1-9        m1w1-1        m1w1-4        m1w2-1        m2w1-1        m2w1-3      c1m1w1-1
 2.731500E+02  2.607575E-01  2.446167E-04  6.075646E-08  7.974432E-08  8.872189E-08  1.057898E-07  4.889321E-02  2.185744E-05  1.054653E-07  4.042409E-01  6.096123E-03  9.350438E-04  1.311966E-05  1.450168E-03  1.232294E-07  4.043549E-07  2.193867E-07  2.763783E-01  2.290763E-04  3.978631E-06  3.493659E-06  2.902861E-04  3.951577E-04  3.727672E-05  1.632484E-06  2.067563E-06  5.098545E-06
 2.741500E+02  2.625710E-01  2.431213E-04  5.890059E-08  7.733463E-08  8.604735E-08  1.026331E-07  4.891641E-02  2.131577E-05  9.713823E-08  4.062079E-01  6.000199E-03  8.740574E-04  1.274055E-05  1.420798E-03  1.153841E-07  3.798381E-07  2.095718E-07  2.727919E-01  2.173819E-04  3.842787E-06  3.371463E-06  2.845433E-04  3.873155E-04  3.469213E-05  1.511718E-06  1.915373E-06  4.803274E-06
 2.751500E+02  2.643614E-01  2.416160E-04  5.710507E-08  7.500237E-08  8.345851E-08  9.957643E-08  4.893896E-02  2.079174E-05  8.952608E-08  4.081456E-01  5.905954E-03  8.173476E-04  1.237368E-05  1.392160E-03  1.080876E-07  3.569627E-07  2.002449E-07  2.692508E-01  2.063361E-04  3.711995E-06  3.253924E-06  2.789451E-04  3.796721E-04  3.230140E-05  1.400650E-06  1.775352E-06  4.526715E-06
 2.761500E+02  2.661286E-01  2.401019E-04  5.536794E-08  7.274507E-08  8.095266E-08  9.661666E-08  4.896089E-02  2.028467E-05  8.256292E-08  4.100544E-01  5.813367E-03  7.645961E-04  1.201863E-05  1.364236E-03  1.012984E-07  3.356097E-07  1.913797E-07  2.657548E-01  1.959007E-04  3.586059E-06  3.140856E-06  2.734877E-04  3.722218E-04  3.008898E-05  1.298446E-06  1.646454E-06  4.267594E-06
 2.771500E+02  2.678727E-01  2.385798E-04  5.368731E-08  7.056033E-08  7.852714E-08  9.375074E-08  4.898222E-02  1.979390E-05  7.618928E-08  4.119347E-01  5.722415E-03  7.155097E-04  1.167502E-05  1.337005E-03  9.497832E-08  3.156688E-07  1.829514E-07  2.623040E-01  1.860397E-04  3.464793E-06  3.032083E-06  2.681669E-04  3.649592E-04  2.804068E-05  1.204347E-06  1.527733E-06  4.024725E-06
 2.781500E+02  2.695937E-01  2.370507E-04  5.206133E-08  6.844582E-08  7.617940E-08  9.097573E-08  4.900297E-02  1.931883E-05  7.035148E-08  4.137868E-01  5.633078E-03  6.698178E-04  1.134248E-05  1.310449E-03  8.909230E-08  2.970387E-07  1.749366E-07  2.588982E-01  1.767194E-04  3.348016E-06  2.927434E-06  2.629790E-04  3.578789E-04  2.614347E-05  1.117663E-06  1.418325E-06  3.797012E-06
 2.791500E+02  2.712918E-01  2.355154E-04  5.048823E-08  6.639931E-08  7.390696E-08  8.828877E-08  4.902316E-02  1.885886E-05  6.500108E-08  4.156111E-01  5.545331E-03  6.272710E-04  1.102062E-05  1.284547E-03  8.360803E-08  2.796258E-07  1.673134E-07  2.555374E-01  1.679082E-04  3.235555E-06  2.826747E-06  2.579203E-04  3.509758E-04  2.438543E-05  1.037766E-06  1.317446E-06  3.583434E-06
 2.801500E+02  2.729670E-01  2.339748E-04  4.896629E-08  6.441859E-08  7.170740E-08  8.568707E-08  4.904282E-02  1.841341E-05  6.009429E-08  4.174079E-01  5.459153E-03  5.876389E-04  1.070910E-05  1.259284E-03  7.849580E-08  2.633436E-07  1.600610E-07  2.522213E-01  1.595764E-04  3.127243E-06  2.729863E-06  2.529871E-04  3.442449E-04  2.275563E-05  9.640854E-07  1.224380E-06  3.383046E-06
 2.811500E+02  2.746194E-01  2.324298E-04  4.749384E-08  6.250157E-08  6.957838E-08  8.316795E-08  4.906195E-02  1.798194E-05  5.559150E-08  4.191776E-01  5.374520E-03  5.507089E-04  1.040757E-05  1.234641E-03  7.372827E-08  2.481123E-07  1.531597E-07  2.489499E-01  1.516961E-04  3.022922E-06  2.636632E-06  2.481759E-04  3.376813E-04  2.124405E-05  8.961019E-07  1.138478E-06  3.194970E-06
 2.821500E+02  2.762492E-01  2.308811E-04  4.606925E-08  6.064618E-08  6.751765E-08  8.072878E-08  4.908057E-02  1.756393E-05  5.145689E-08  4.209205E-01  5.291408E-03  5.162850E-04  1.011568E-05  1.210600E-03  6.928021E-08  2.338580E-07  1.465911E-07  2.457229E-01  1.442411E-04  2.922436E-06  2.546911E-06  2.434833E-04  3.312802E-04  1.984151E-05  8.333416E-07  1.059147E-06  3.018388E-06
 2.831500E+02  2.778564E-01  2.293297E-04  4.469097E-08  5.885043E-08  6.552300E-08  7.836702E-08  4.909871E-02  1.715887E-05  4.765803E-08  4.226371E-01  5.209794E-03  4.841858E-04  9.833120E-06  1.187147E-03  6.512842E-08  2.205125E-07  1.403378E-07  2.425400E-01  1.371869E-04  2.825638E-06  2.460559E-06  2.389060E-04  3.250372E-04  1.853957E-05  7.753728E-07  9.858443E-07  2.852541E-06
 2.841500E+02  2.794413E-01  2.277761E-04  4.335747E-08  5.711241E-08  6.359230E-08  7.608021E-08  4.911637E-02  1.676629E-05  4.416553E-08  4.243276E-01  5.129654E-03  4.542440E-04  9.559571E-06  1.164264E-03  6.125146E-08  2.080128E-07  1.343833E-07  2.394011E-01  1.305104E-04  2.732387E-06  2.377445E-06  2.344406E-04  3.189476E-04  1.733050E-05  7.218019E-07  9.180783E-07  2.696726E-06
 2.851500E+02  2.810039E-01  2.262213E-04  4.206729E-08  5.543022E-08  6.172349E-08  7.386597E-08  4.913358E-02  1.638574E-05  4.095275E-08  4.259923E-01  5.050965E-03  4.263049E-04  9.294727E-06  1.141937E-03  5.762960E-08  1.963004E-07  1.287121E-07  2.363059E-01  1.241899E-04  2.642544E-06  2.297439E-06  2.300842E-04  3.130072E-04  1.620719E-05  6.722698E-07  8.553981E-07  2.550286E-06
 2.861500E+02  2.825444E-01  2.246659E-04  4.081898E-08  5.380207E-08  5.991456E-08  7.172196E-08  4.915034E-02  1.601676E-05  3.799552E-08  4.276317E-01  4.973702E-03  4.002255E-04  9.038294E-06  1.120149E-03  5.424459E-08  1.853213E-07  1.233095E-07  2.332541E-01  1.182051E-04  2.555980E-06  2.220419E-06  2.258336E-04  3.072118E-04  1.516310E-05  6.264484E-07  7.973926E-07  2.412610E-06
 2.871500E+02  2.840630E-01  2.231106E-04  3.961119E-08  5.222619E-08  5.816356E-08  6.964594E-08  4.916667E-02  1.565893E-05  3.527191E-08  4.292460E-01  4.897841E-03  3.758736E-04  8.789987E-06  1.098887E-03  5.107960E-08  1.750254E-07  1.181616E-07  2.302454E-01  1.125369E-04  2.472568E-06  2.146268E-06  2.216859E-04  3.015574E-04  1.419225E-05  5.840382E-07  7.436859E-07  2.283132E-06
 2.881500E+02  2.855599E-01  2.215560E-04  3.844255E-08  5.070087E-08  5.646863E-08  6.763573E-08  4.918259E-02  1.531187E-05  3.276198E-08  4.308355E-01  4.823359E-03  3.531270E-04  8.549531E-06  1.078137E-03  4.811909E-08  1.653663E-07  1.132554E-07  2.272794E-01  1.071671E-04  2.392186E-06  2.074872E-06  2.176382E-04  2.960398E-04  1.328910E-05  5.447656E-07  6.939345E-07  2.161323E-06
 2.891500E+02  2.870352E-01  2.200029E-04  3.731179E-08  4.922447E-08  5.482792E-08  6.568921E-08  4.919811E-02  1.497516E-05  3.044764E-08  4.324007E-01  4.750233E-03  3.318725E-04  8.316660E-06  1.057884E-03  4.534869E-08  1.563010E-07  1.085785E-07  2.243558E-01  1.020790E-04  2.314719E-06  2.006123E-06  2.136877E-04  2.906554E-04  1.244859E-05  5.083803E-07  6.478242E-07  2.046691E-06
 2.901500E+02  2.884892E-01  2.184518E-04  3.621763E-08  4.779539E-08  5.323966E-08  6.380432E-08  4.921323E-02  1.464845E-05  2.831241E-08  4.339417E-01  4.678439E-03  3.120054E-04  8.091116E-06  1.038114E-03  4.275511E-08  1.477898E-07  1.041191E-07  2.214742E-01  9.725671E-05  2.240054E-06  1.939916E-06  2.098318E-04  2.854004E-04  1.166604E-05  4.746532E-07  6.050674E-07  1.938777E-06
 2.911500E+02  2.899220E-01  2.169034E-04  3.515888E-08  4.641206E-08  5.170216E-08  6.197908E-08  4.922798E-02  1.433138E-05  2.634132E-08  4.354590E-01  4.607953E-03  2.934290E-04  7.872652E-06  1.018816E-03  4.032607E-08  1.397955E-07  9.986627E-08  2.186344E-01  9.268520E-05  2.168084E-06  1.876153E-06  2.060678E-04  2.802711E-04  1.093715E-05  4.433748E-07  5.654007E-07  1.837155E-06
 2.921500E+02  2.913338E-01  2.153581E-04  3.413435E-08  4.507300E-08  5.021373E-08  6.021155E-08  4.924236E-02  1.402360E-05  2.452072E-08  4.369529E-01  4.538753E-03  2.760533E-04  7.661027E-06  9.999766E-04  3.805020E-08  1.322839E-07  9.580951E-08  2.158358E-01  8.835046E-05  2.098706E-06  1.814735E-06  2.023931E-04  2.752642E-04  1.025797E-05  4.143532E-07  5.285831E-07  1.741427E-06
 2.931500E+02  2.927249E-01  2.138166E-04  3.314289E-08  4.377674E-08  4.877278E-08  5.849986E-08  4.925639E-02  1.372479E-05  2.283818E-08  4.384236E-01  4.470816E-03  2.597953E-04  7.456010E-06  9.815829E-04  3.591698E-08  1.252230E-07  9.193893E-08  2.130782E-01  8.423928E-05  2.031819E-06  1.755573E-06  1.988054E-04  2.703761E-04  9.624842E-06  3.874125E-07  4.943933E-07  1.651222E-06
 2.941500E+02  2.940954E-01  2.122794E-04  3.218342E-08  4.252187E-08  4.737773E-08  5.684220E-08  4.927006E-02  1.343464E-05  2.128238E-08  4.398715E-01  4.404119E-03  2.445780E-04  7.257377E-06  9.636234E-04  3.391666E-08  1.185834E-07  8.824519E-08  2.103610E-01  8.033922E-05  1.967329E-06  1.698576E-06  1.953022E-04  2.656036E-04  9.034406E-06  3.623915E-07  4.626287E-07  1.566194E-06
 2.951500E+02  2.954456E-01  2.107469E-04  3.125485E-08  4.130703E-08  4.602709E-08  5.523681E-08  4.928341E-02  1.315283E-05  1.984297E-08  4.412969E-01  4.338639E-03  2.303299E-04  7.064912E-06  9.460864E-04  3.204021E-08  1.123375E-07  8.471944E-08  2.076839E-01  7.663858E-05  1.905144E-06  1.643661E-06  1.918811E-04  2.609435E-04  8.483559E-06  3.391424E-07  4.331033E-07  1.486020E-06
 2.961500E+02  2.967756E-01  2.092197E-04  3.035616E-08  4.013090E-08  4.471939E-08  5.368199E-08  4.929643E-02  1.287908E-05  1.851053E-08  4.427001E-01  4.274355E-03  2.169848E-04  6.878407E-06  9.289606E-04  3.027926E-08  1.064597E-07  8.135331E-08  2.050465E-01  7.312635E-05  1.845176E-06  1.590746E-06  1.885401E-04  2.563927E-04  7.969441E-06  3.175295E-07  4.056463E-07  1.410399E-06
 2.971500E+02  2.980858E-01  2.076981E-04  2.948635E-08  3.899220E-08  4.345322E-08  5.217609E-08  4.930913E-02  1.261311E-05  1.727645E-08  4.440815E-01  4.211245E-03  2.044814E-04  6.697661E-06  9.122352E-04  2.862606E-08  1.009263E-07  7.813888E-08  2.024484E-01  6.979218E-05  1.787341E-06  1.539753E-06  1.852767E-04  2.519482E-04  7.489411E-06  2.974283E-07  3.801009E-07  1.339050E-06
 2.981500E+02  2.993763E-01  2.061827E-04  2.864445E-08  3.788968E-08  4.222719E-08  5.071751E-08  4.932153E-02  1.235465E-05  1.613286E-08  4.454413E-01  4.149286E-03  1.927627E-04  6.522480E-06  8.958995E-04  2.707341E-08  9.571510E-08  7.506864E-08  1.998890E-01  6.662629E-05  1.731556E-06  1.490607E-06  1.820890E-04  2.476071E-04  7.041030E-06  2.787243E-07  3.563230E-07  1.271710E-06
 2.991500E+02  3.006474E-01  2.046737E-04  2.782953E-08  3.682215E-08  4.103999E-08  4.930470E-08  4.933363E-02  1.210345E-05  1.507256E-08  4.467798E-01  4.088459E-03  1.817758E-04  6.352675E-06  8.799430E-04  2.561461E-08  9.080561E-08  7.213550E-08  1.973680E-01  6.361951E-05  1.677745E-06  1.443236E-06  1.789749E-04  2.433665E-04  6.622047E-06  2.613124E-07  3.341803E-07  1.208135E-06
 3.001500E+02  3.018993E-01  2.031717E-04  2.704067E-08  3.578844E-08  3.989033E-08  4.793617E-08  4.934544E-02  1.185926E-05  1.408898E-08  4.480973E-01  4.028740E-03  1.714715E-04  6.188068E-06  8.643559E-04  2.424348E-08  8.617863E-08  6.933272E-08  1.948849E-01  6.076317E-05  1.625831E-06  1.397572E-06  1.759324E-04  2.392238E-04  6.230381E-06  2.450960E-07  3.135508E-07  1.148094E-06
 3.011500E+02  3.031322E-01  2.016769E-04  2.627701E-08  3.478745E-08  3.877697E-08  4.661046E-08  4.935697E-02  1.162185E-05  1.317609E-08  4.493942E-01  3.970111E-03  1.618044E-04  6.028482E-06  8.491283E-04  2.295426E-08  8.181634E-08  6.665394E-08  1.924392E-01  5.804913E-05  1.575743E-06  1.353547E-06  1.729595E-04  2.351762E-04  5.864108E-06  2.299862E-07  2.943226E-07  1.091374E-06
 3.021500E+02  3.043464E-01  2.001898E-04  2.553770E-08  3.381807E-08  3.769870E-08  4.532617E-08  4.936823E-02  1.139097E-05  1.232837E-08  4.506708E-01  3.912550E-03  1.527321E-04  5.873751E-06  8.342507E-04  2.174159E-08  7.770209E-08  6.409313E-08  1.900306E-01  5.546971E-05  1.527412E-06  1.311098E-06  1.700543E-04  2.312212E-04  5.521451E-06  2.159011E-07  2.763924E-07  1.037775E-06
 3.031500E+02  3.055421E-01  1.987106E-04  2.482192E-08  3.287926E-08  3.665436E-08  4.408194E-08  4.937922E-02  1.116642E-05  1.154078E-08  4.519273E-01  3.856037E-03  1.442152E-04  5.723710E-06  8.197140E-04  2.060049E-08  7.382040E-08  6.164456E-08  1.876585E-01  5.301765E-05  1.480771E-06  1.270165E-06  1.672152E-04  2.273562E-04  5.200763E-06  2.027654E-07  2.596652E-07  9.871093E-07
 3.041500E+02  3.067196E-01  1.972396E-04  2.412889E-08  3.197000E-08  3.564283E-08  4.287646E-08  4.938996E-02  1.094799E-05  1.080869E-08  4.531640E-01  3.800552E-03  1.362171E-04  5.578205E-06  8.055091E-04  1.952635E-08  7.015682E-08  5.930281E-08  1.853225E-01  5.068615E-05  1.435757E-06  1.230689E-06  1.644402E-04  2.235789E-04  4.900522E-06  1.905097E-07  2.440534E-07  9.392019E-07
 3.051500E+02  3.078790E-01  1.957772E-04  2.345783E-08  3.108931E-08  3.466302E-08  4.170845E-08  4.940045E-02  1.073546E-05  1.012784E-08  4.543813E-01  3.746076E-03  1.287038E-04  5.437082E-06  7.916275E-04  1.851486E-08  6.669787E-08  5.706275E-08  1.830221E-01  4.846876E-05  1.392307E-06  1.192613E-06  1.617277E-04  2.198869E-04  4.619317E-06  1.790700E-07  2.294764E-07  8.938889E-07
 3.061500E+02  3.090206E-01  1.943235E-04  2.280800E-08  3.023624E-08  3.371388E-08  4.057668E-08  4.941069E-02  1.052866E-05  9.494339E-09  4.555793E-01  3.692590E-03  1.216437E-04  5.300198E-06  7.780605E-04  1.756201E-08  6.343099E-08  5.491950E-08  1.807568E-01  4.635941E-05  1.350363E-06  1.155884E-06  1.590760E-04  2.162780E-04  4.355843E-06  1.683875E-07  2.158596E-07  8.510169E-07
 3.071500E+02  3.101447E-01  1.928789E-04  2.217870E-08  2.940987E-08  3.279438E-08  3.947997E-08  4.942070E-02  1.032738E-05  8.904603E-09  4.567585E-01  3.640074E-03  1.150073E-04  5.167410E-06  7.648001E-04  1.666408E-08  6.034443E-08  5.286845E-08  1.785263E-01  4.435240E-05  1.309869E-06  1.120451E-06  1.564835E-04  2.127498E-04  4.108890E-06  1.584076E-07  2.031344E-07  8.104421E-07
 3.081500E+02  3.112515E-01  1.914436E-04  2.156924E-08  2.860931E-08  3.190354E-08  3.841715E-08  4.943047E-02  1.013145E-05  8.355343E-09  4.579191E-01  3.588511E-03  1.087672E-04  5.038583E-06  7.518382E-04  1.581760E-08  5.742723E-08  5.090522E-08  1.763299E-01  4.244230E-05  1.270769E-06  1.086262E-06  1.539486E-04  2.093003E-04  3.877335E-06  1.490803E-07  1.912373E-07  7.720301E-07
 3.091500E+02  3.123413E-01  1.900178E-04  2.097894E-08  2.783370E-08  3.104042E-08  3.738711E-08  4.944003E-02  9.940693E-06  7.843538E-09  4.590613E-01  3.537881E-03  1.028979E-04  4.913586E-06  7.391671E-04  1.501934E-08  5.466916E-08  4.902564E-08  1.741673E-01  4.062404E-05  1.233012E-06  1.053271E-06  1.514698E-04  2.059273E-04  3.660140E-06  1.403591E-07  1.801097E-07  7.356548E-07
 3.101500E+02  3.134142E-01  1.886017E-04  2.040717E-08  2.708222E-08  3.020409E-08  3.638878E-08  4.944936E-02  9.754946E-06  7.366408E-09  4.601855E-01  3.488166E-03  9.737566E-05  4.792292E-06  7.267792E-04  1.426627E-08  5.206066E-08  4.722578E-08  1.720380E-01  3.889281E-05  1.196547E-06  1.021433E-06  1.490456E-04  2.026289E-04  3.456339E-06  1.322013E-07  1.696976E-07  7.011980E-07
 3.111500E+02  3.144705E-01  1.871955E-04  1.985330E-08  2.635405E-08  2.939366E-08  3.542111E-08  4.945849E-02  9.574047E-06  6.921393E-09  4.612920E-01  3.439350E-03  9.217830E-05  4.674580E-06  7.146673E-04  1.355559E-08  4.959277E-08  4.550189E-08  1.699415E-01  3.724406E-05  1.161327E-06  9.907021E-07  1.466747E-04  1.994031E-04  3.265037E-06  1.245672E-07  1.599509E-07  6.685489E-07
 3.121500E+02  3.155104E-01  1.857994E-04  1.931672E-08  2.564843E-08  2.860827E-08  3.448310E-08  4.946741E-02  9.397840E-06  6.506140E-09  4.623809E-01  3.391414E-03  8.728521E-05  4.560332E-06  7.028241E-04  1.288468E-08  4.725714E-08  4.385042E-08  1.678774E-01  3.567352E-05  1.127304E-06  9.610374E-07  1.443555E-04  1.962480E-04  3.085402E-06  1.174204E-07  1.508234E-07  6.376038E-07
 3.131500E+02  3.165343E-01  1.844135E-04  1.879687E-08  2.496461E-08  2.784710E-08  3.357377E-08  4.947613E-02  9.226176E-06  6.118480E-09  4.634526E-01  3.344342E-03  8.267715E-05  4.449434E-06  6.912428E-04  1.225109E-08  4.504595E-08  4.226799E-08  1.658452E-01  3.417713E-05  1.094434E-06  9.323983E-07  1.420869E-04  1.931616E-04  2.916663E-06  1.107269E-07  1.422721E-07  6.082652E-07
 3.141500E+02  3.175422E-01  1.830380E-04  1.829318E-08  2.430186E-08  2.710934E-08  3.269217E-08  4.948465E-02  9.058912E-06  5.756413E-09  4.645074E-01  3.298116E-03  7.833619E-05  4.341776E-06  6.799166E-04  1.165254E-08  4.295188E-08  4.075142E-08  1.638444E-01  3.275108E-05  1.062675E-06  9.047459E-07  1.398673E-04  1.901424E-04  2.758103E-06  1.044555E-07  1.342576E-07  5.804416E-07
 3.151500E+02  3.185345E-01  1.816731E-04  1.780510E-08  2.365948E-08  2.639421E-08  3.183741E-08  4.949298E-02  8.895909E-06  5.418099E-09  4.655455E-01  3.252720E-03  7.424559E-05  4.237253E-06  6.688390E-04  1.108689E-08  4.096808E-08  3.929764E-08  1.618746E-01  3.139176E-05  1.031985E-06  8.780429E-07  1.376957E-04  1.871884E-04  2.609055E-06  9.857727E-08  1.267431E-07  5.540472E-07
 3.161500E+02  3.195114E-01  1.803187E-04  1.733212E-08  2.303680E-08  2.570097E-08  3.100859E-08  4.950113E-02  8.737035E-06  5.101836E-09  4.665672E-01  3.208139E-03  7.038975E-05  4.135763E-06  6.580037E-04  1.055217E-08  3.908812E-08  3.790379E-08  1.599353E-01  3.009575E-05  1.002325E-06  8.522536E-07  1.355707E-04  1.842980E-04  2.468899E-06  9.306529E-08  1.196947E-07  5.290016E-07
 3.171500E+02  3.204732E-01  1.789752E-04  1.687373E-08  2.243317E-08  2.502890E-08  3.020487E-08  4.950911E-02  8.582160E-06  4.806057E-09  4.675727E-01  3.164356E-03  6.675410E-05  4.037207E-06  6.474044E-04  1.004649E-08  3.730601E-08  3.656710E-08  1.580261E-01  2.885983E-05  9.736575E-07  8.273437E-07  1.334911E-04  1.814696E-04  2.337060E-06  8.789473E-08  1.130808E-07  5.052290E-07
 3.181500E+02  3.214199E-01  1.776424E-04  1.642945E-08  2.184794E-08  2.437728E-08  2.942543E-08  4.951690E-02  8.431161E-06  4.529314E-09  4.685623E-01  3.121355E-03  6.332503E-05  3.941490E-06  6.370352E-04  9.568141E-09  3.561610E-08  3.528498E-08  1.561465E-01  2.768095E-05  9.459448E-07  8.032800E-07  1.314559E-04  1.787016E-04  2.213001E-06  8.304254E-08  1.068722E-07  4.826585E-07
 3.191500E+02  3.223519E-01  1.763207E-04  1.599879E-08  2.128052E-08  2.374545E-08  2.866946E-08  4.952453E-02  8.283919E-06  4.270268E-09  4.695363E-01  3.079121E-03  6.008984E-05  3.848521E-06  6.268903E-04  9.115479E-09  3.401312E-08  3.405494E-08  1.542961E-01  2.655624E-05  9.191525E-07  7.800311E-07  1.294638E-04  1.759924E-04  2.096223E-06  7.848734E-08  1.010418E-07  4.612232E-07
 3.201500E+02  3.232695E-01  1.750099E-04  1.558131E-08  2.073032E-08  2.313276E-08  2.793621E-08  4.953199E-02  8.140318E-06  4.027684E-09  4.704949E-01  3.037640E-03  5.703666E-05  3.758210E-06  6.169638E-04  8.686987E-09  3.249213E-08  3.287463E-08  1.524744E-01  2.548296E-05  8.932469E-07  7.575665E-07  1.275137E-04  1.733405E-04  1.986261E-06  7.420933E-08  9.556451E-08  4.408603E-07
 3.211500E+02  3.241727E-01  1.737103E-04  1.517657E-08  2.019677E-08  2.253857E-08  2.722493E-08  4.953928E-02  8.000249E-06  3.800418E-09  4.714383E-01  2.996896E-03  5.415440E-05  3.670472E-06  6.072505E-04  8.281242E-09  3.104846E-08  3.174180E-08  1.506809E-01  2.445854E-05  8.681955E-07  7.358569E-07  1.256047E-04  1.707445E-04  1.882682E-06  7.019009E-08  9.041699E-08  4.215109E-07
 3.221500E+02  3.250619E-01  1.724218E-04  1.478414E-08  1.967931E-08  2.196228E-08  2.653490E-08  4.954643E-02  7.863602E-06  3.587414E-09  4.723669E-01  2.956875E-03  5.143270E-05  3.585225E-06  5.977448E-04  7.896912E-09  2.967778E-08  3.065433E-08  1.489154E-01  2.348055E-05  8.439673E-07  7.148744E-07  1.237356E-04  1.682030E-04  1.785084E-06  6.641254E-08  8.557755E-08  4.031195E-07
 3.231500E+02  3.259372E-01  1.711444E-04  1.440362E-08  1.917742E-08  2.140329E-08  2.586543E-08  4.955341E-02  7.730277E-06  3.387692E-09  4.732808E-01  2.917563E-03  4.886185E-05  3.502390E-06  5.884415E-04  7.532750E-09  2.837599E-08  2.961020E-08  1.471772E-01  2.254667E-05  8.205323E-07  6.945920E-07  1.219054E-04  1.657145E-04  1.693090E-06  6.286083E-08  8.102606E-08  3.856339E-07
 3.241500E+02  3.267990E-01  1.698784E-04  1.403460E-08  1.869059E-08  2.086104E-08  2.521585E-08  4.956025E-02  7.600172E-06  3.200347E-09  4.741803E-01  2.878946E-03  4.643280E-05  3.421888E-06  5.793357E-04  7.187586E-09  2.713925E-08  2.860746E-08  1.454661E-01  2.165472E-05  7.978619E-07  6.749839E-07  1.201132E-04  1.632778E-04  1.606350E-06  5.952021E-08  7.674378E-08  3.690049E-07
 3.251500E+02  3.276473E-01  1.686236E-04  1.367672E-08  1.821831E-08  2.033499E-08  2.458552E-08  4.956694E-02  7.473192E-06  3.024540E-09  4.750656E-01  2.841010E-03  4.413706E-05  3.343646E-06  5.704223E-04  6.860326E-09  2.596396E-08  2.764430E-08  1.437815E-01  2.080263E-05  7.759282E-07  6.560253E-07  1.183581E-04  1.608915E-04  1.524537E-06  5.637697E-08  7.271333E-08  3.531863E-07
 3.261500E+02  3.284824E-01  1.673801E-04  1.332959E-08  1.776013E-08  1.982459E-08  2.397381E-08  4.957350E-02  7.349244E-06  2.859493E-09  4.759370E-01  2.803742E-03  4.196669E-05  3.267592E-06  5.616966E-04  6.549943E-09  2.484672E-08  2.671896E-08  1.421231E-01  1.998845E-05  7.547049E-07  6.376922E-07  1.166390E-04  1.585544E-04  1.447346E-06  5.341837E-08  6.891851E-08  3.381346E-07
 3.271500E+02  3.293046E-01  1.661479E-04  1.299287E-08  1.731556E-08  1.932934E-08  2.338011E-08  4.957991E-02  7.228239E-06  2.704484E-09  4.767946E-01  2.767129E-03  3.991425E-05  3.193658E-06  5.531538E-04  6.255476E-09  2.378435E-08  2.582977E-08  1.404904E-01  1.921032E-05  7.341663E-07  6.199617E-07  1.149552E-04  1.562652E-04  1.374493E-06  5.063255E-08  6.534425E-08  3.238088E-07
 3.281500E+02  3.301139E-01  1.649271E-04  1.266622E-08  1.688417E-08  1.884874E-08  2.280384E-08  4.958619E-02  7.110090E-06  2.558846E-09  4.776388E-01  2.731158E-03  3.797279E-05  3.121775E-06  5.447896E-04  5.976022E-09  2.277386E-08  2.497517E-08  1.388830E-01  1.846649E-05  7.142879E-07  6.028120E-07  1.133057E-04  1.540229E-04  1.305711E-06  4.800849E-08  6.197653E-08  3.101702E-07
 3.291500E+02  3.309107E-01  1.637176E-04  1.234929E-08  1.646553E-08  1.838232E-08  2.224445E-08  4.959234E-02  6.994714E-06  2.421957E-09  4.784697E-01  2.695815E-03  3.613580E-05  3.051880E-06  5.365994E-04  5.710734E-09  2.181243E-08  2.415364E-08  1.373005E-01  1.775529E-05  6.950460E-07  5.862217E-07  1.116897E-04  1.518261E-04  1.240753E-06  4.553591E-08  5.880229E-08  2.971826E-07
 3.301500E+02  3.316952E-01  1.625194E-04  1.204177E-08  1.605922E-08  1.792961E-08  2.170137E-08  4.959836E-02  6.882030E-06  2.293242E-09  4.792876E-01  2.661090E-03  3.439715E-05  2.983910E-06  5.285790E-04  5.458817E-09  2.089742E-08  2.336375E-08  1.357426E-01  1.707515E-05  6.764180E-07  5.701706E-07  1.101064E-04  1.496738E-04  1.179386E-06  4.320523E-08  5.580936E-08  2.848115E-07
 3.311500E+02  3.324675E-01  1.613326E-04  1.174336E-08  1.566484E-08  1.749018E-08  2.117410E-08  4.960425E-02  6.771960E-06  2.172165E-09  4.800927E-01  2.626970E-03  3.275114E-05  2.917805E-06  5.207242E-04  5.219524E-09  2.002633E-08  2.260413E-08  1.342088E-01  1.642457E-05  6.583821E-07  5.546391E-07  1.085549E-04  1.475650E-04  1.121394E-06  4.100755E-08  5.298640E-08  2.730247E-07
 3.321500E+02  3.332278E-01  1.601570E-04  1.145375E-08  1.528201E-08  1.706358E-08  2.066211E-08  4.961003E-02  6.664429E-06  2.058230E-09  4.808852E-01  2.593442E-03  3.119238E-05  2.853507E-06  5.130309E-04  4.992155E-09  1.919682E-08  2.187347E-08  1.326987E-01  1.580214E-05  6.409171E-07  5.396085E-07  1.070346E-04  1.454984E-04  1.066574E-06  3.893456E-08  5.032283E-08  2.617916E-07
 3.331500E+02  3.339763E-01  1.589928E-04  1.117265E-08  1.491034E-08  1.664940E-08  2.016493E-08  4.961568E-02  6.559364E-06  1.950973E-09  4.816652E-01  2.560496E-03  2.971585E-05  2.790959E-06  5.054953E-04  4.776052E-09  1.840667E-08  2.117055E-08  1.312119E-01  1.520652E-05  6.240030E-07  5.250607E-07  1.055445E-04  1.434732E-04  1.014737E-06  3.697851E-08  4.780879E-08  2.510835E-07
 3.341500E+02  3.347133E-01  1.578398E-04  1.089979E-08  1.454948E-08  1.624725E-08  1.968207E-08  4.962122E-02  6.456696E-06  1.849967E-09  4.824331E-01  2.528119E-03  2.831682E-05  2.730108E-06  4.981134E-04  4.570595E-09  1.765381E-08  2.049417E-08  1.297481E-01  1.463642E-05  6.076203E-07  5.109784E-07  1.040841E-04  1.414883E-04  9.657049E-07  3.513217E-08  4.543509E-08  2.408733E-07
 3.351500E+02  3.354388E-01  1.566980E-04  1.063491E-08  1.419908E-08  1.585674E-08  1.921307E-08  4.962665E-02  6.356356E-06  1.754810E-09  4.831890E-01  2.496301E-03  2.699088E-05  2.670900E-06  4.908816E-04  4.375203E-09  1.693627E-08  1.984322E-08  1.283069E-01  1.409065E-05  5.917503E-07  4.973449E-07  1.026526E-04  1.395427E-04  9.193122E-07  3.338879E-08  4.319312E-08  2.311353E-07
 3.361500E+02  3.361532E-01  1.555675E-04  1.037773E-08  1.385880E-08  1.547748E-08  1.875750E-08  4.963197E-02  6.258279E-06  1.665131E-09  4.839332E-01  2.465031E-03  2.573385E-05  2.613286E-06  4.837961E-04  4.189328E-09  1.625221E-08  1.921660E-08  1.268879E-01  1.356805E-05  5.763750E-07  4.841443E-07  1.012493E-04  1.376355E-04  8.754034E-07  3.174209E-08  4.107487E-08  2.218454E-07
 3.371500E+02  3.368566E-01  1.544481E-04  1.012802E-08  1.352831E-08  1.510913E-08  1.831493E-08  4.963718E-02  6.162400E-06  1.580583E-09  4.846657E-01  2.434298E-03  2.454183E-05  2.557216E-06  4.768536E-04  4.012457E-09  1.559989E-08  1.861331E-08  1.254907E-01  1.306754E-05  5.614771E-07  4.713611E-07  9.987348E-05  1.357658E-04  8.338331E-07  3.018618E-08  3.907285E-08  2.129807E-07
 3.381500E+02  3.375491E-01  1.533398E-04  9.885526E-09  1.320731E-08  1.475132E-08  1.788493E-08  4.964228E-02  6.068660E-06  1.500845E-09  4.853869E-01  2.404091E-03  2.341117E-05  2.502643E-06  4.700504E-04  3.844104E-09  1.497766E-08  1.803235E-08  1.241150E-01  1.258809E-05  5.470400E-07  4.589804E-07  9.852454E-05  1.339326E-04  7.944650E-07  2.871557E-08  3.718006E-08  2.045196E-07
 3.391500E+02  3.382310E-01  1.522426E-04  9.650020E-09  1.289549E-08  1.440373E-08  1.746713E-08  4.964728E-02  5.976998E-06  1.425614E-09  4.860969E-01  2.374400E-03  2.233842E-05  2.449521E-06  4.633834E-04  3.683814E-09  1.438398E-08  1.747281E-08  1.227605E-01  1.212872E-05  5.330478E-07  4.469882E-07  9.720183E-05  1.321351E-04  7.571714E-07  2.732513E-08  3.538996E-08  1.964419E-07
 3.401500E+02  3.389024E-01  1.511564E-04  9.421276E-09  1.259255E-08  1.406602E-08  1.706112E-08  4.965219E-02  5.887357E-06  1.354611E-09  4.867959E-01  2.345216E-03  2.132034E-05  2.397806E-06  4.568492E-04  3.531158E-09  1.381738E-08  1.693378E-08  1.214267E-01  1.168849E-05  5.194848E-07  4.353706E-07  9.590473E-05  1.303724E-04  7.218326E-07  2.601006E-08  3.369641E-08  1.887282E-07
 3.411500E+02  3.395635E-01  1.500812E-04  9.199077E-09  1.229821E-08  1.373789E-08  1.666653E-08  4.965699E-02  5.799682E-06  1.287575E-09  4.874841E-01  2.316527E-03  2.035389E-05  2.347455E-06  4.504447E-04  3.385731E-09  1.327648E-08  1.641443E-08  1.201133E-01  1.126652E-05  5.063365E-07  4.241145E-07  9.463263E-05  1.286438E-04  6.883364E-07  2.476587E-08  3.209371E-08  1.813602E-07
 3.421500E+02  3.402145E-01  1.490169E-04  8.983213E-09  1.201220E-08  1.341903E-08  1.628301E-08  4.966171E-02  5.713919E-06  1.224261E-09  4.881617E-01  2.288325E-03  1.943621E-05  2.298428E-06  4.441667E-04  3.247153E-09  1.275998E-08  1.591393E-08  1.188201E-01  1.086198E-05  4.935883E-07  4.132073E-07  9.338495E-05  1.269484E-04  6.565775E-07  2.358838E-08  3.057650E-08  1.743210E-07
 3.431500E+02  3.408556E-01  1.479634E-04  8.773482E-09  1.173425E-08  1.310914E-08  1.591021E-08  4.966632E-02  5.630015E-06  1.164443E-09  4.888288E-01  2.260600E-03  1.856462E-05  2.250683E-06  4.380124E-04  3.115065E-09  1.226664E-08  1.543152E-08  1.175465E-01  1.047407E-05  4.812267E-07  4.026368E-07  9.216111E-05  1.252855E-04  6.264571E-07  2.247364E-08  2.913976E-08  1.675940E-07
 3.441500E+02  3.414868E-01  1.469208E-04  8.569688E-09  1.146411E-08  1.280794E-08  1.554779E-08  4.967085E-02  5.547921E-06  1.107908E-09  4.894857E-01  2.233342E-03  1.773659E-05  2.204184E-06  4.319787E-04  2.989128E-09  1.179532E-08  1.496646E-08  1.162925E-01  1.010202E-05  4.692384E-07  3.923911E-07  9.096056E-05  1.236542E-04  5.978826E-07  2.141798E-08  2.777880E-08  1.611640E-07
 3.451500E+02  3.421084E-01  1.458888E-04  8.371643E-09  1.120154E-08  1.251517E-08  1.519542E-08  4.967529E-02  5.467587E-06  1.054457E-09  4.901325E-01  2.206543E-03  1.694974E-05  2.158891E-06  4.260628E-04  2.869023E-09  1.134490E-08  1.451804E-08  1.150574E-01  9.745120E-06  4.576107E-07  3.824592E-07  8.978276E-05  1.220538E-04  5.707669E-07  2.041797E-08  2.648922E-08  1.550164E-07
 3.461500E+02  3.427206E-01  1.448675E-04  8.179163E-09  1.094629E-08  1.223054E-08  1.485280E-08  4.967965E-02  5.388968E-06  1.003905E-09  4.907694E-01  2.180194E-03  1.620182E-05  2.114770E-06  4.202620E-04  2.754450E-09  1.091435E-08  1.408558E-08  1.138412E-01  9.402683E-06  4.463313E-07  3.728301E-07  8.862717E-05  1.204837E-04  5.450283E-07  1.947037E-08  2.526690E-08  1.491373E-07
 3.471500E+02  3.433235E-01  1.438568E-04  7.992072E-09  1.069813E-08  1.195381E-08  1.451962E-08  4.968392E-02  5.312016E-06  9.560786E-10  4.913965E-01  2.154286E-03  1.549074E-05  2.071784E-06  4.145736E-04  2.645125E-09  1.050269E-08  1.366845E-08  1.126434E-01  9.074059E-06  4.353883E-07  3.634934E-07  8.749329E-05  1.189431E-04  5.205901E-07  1.857216E-08  2.410798E-08  1.435138E-07
 3.481500E+02  3.439172E-01  1.428566E-04  7.810202E-09  1.045684E-08  1.168473E-08  1.419558E-08  4.968811E-02  5.236687E-06  9.108161E-10  4.920140E-01  2.128810E-03  1.481451E-05  2.029902E-06  4.089949E-04  2.540779E-09  1.010899E-08  1.326603E-08  1.114638E-01  8.758629E-06  4.247705E-07  3.544390E-07  8.638062E-05  1.174314E-04  4.973801E-07  1.772050E-08  2.300883E-08  1.381335E-07
 3.491500E+02  3.445019E-01  1.418668E-04  7.633386E-09  1.022221E-08  1.142306E-08  1.388040E-08  4.969222E-02  5.162940E-06  8.679658E-10  4.926222E-01  2.103758E-03  1.417126E-05  1.989089E-06  4.035234E-04  2.441160E-09  9.732377E-09  1.287772E-08  1.103020E-01  8.455802E-06  4.144669E-07  3.456572E-07  8.528866E-05  1.159478E-04  4.753305E-07  1.691275E-08  2.196607E-08  1.329847E-07
 3.501500E+02  3.450778E-01  1.408874E-04  7.461466E-09  9.994032E-09  1.116858E-08  1.357381E-08  4.969624E-02  5.090731E-06  8.273859E-10  4.932211E-01  2.079121E-03  1.355923E-05  1.949315E-06  3.981566E-04  2.346028E-09  9.372010E-09  1.250298E-08  1.091578E-01  8.165020E-06  4.044669E-07  3.371389E-07  8.421696E-05  1.144918E-04  4.543776E-07  1.614641E-08  2.097650E-08  1.280562E-07
 3.511500E+02  3.456451E-01  1.399182E-04  7.294290E-09  9.772100E-09  1.092105E-08  1.327555E-08  4.970020E-02  5.020022E-06  7.889437E-10  4.938109E-01  2.054893E-03  1.297675E-05  1.910549E-06  3.928921E-04  2.255159E-09  9.027107E-09  1.214125E-08  1.080307E-01  7.885749E-06  3.947604E-07  3.288749E-07  8.316504E-05  1.130627E-04  4.344614E-07  1.541913E-08  2.003714E-08  1.233375E-07
 3.521500E+02  3.462037E-01  1.389593E-04  7.131708E-09  9.556223E-09  1.068026E-08  1.298535E-08  4.970408E-02  4.950773E-06  7.525149E-10  4.943918E-01  2.031064E-03  1.242228E-05  1.872760E-06  3.877276E-04  2.168338E-09  8.696924E-09  1.179203E-08  1.069207E-01  7.617481E-06  3.853375E-07  3.208568E-07  8.213246E-05  1.116599E-04  4.155256E-07  1.472874E-08  1.914517E-08  1.188188E-07
 3.531500E+02  3.467540E-01  1.380105E-04  6.973579E-09  9.346213E-09  1.044601E-08  1.270297E-08  4.970788E-02  4.882945E-06  7.179830E-10  4.949639E-01  2.007627E-03  1.189432E-05  1.835922E-06  3.826607E-04  2.085365E-09  8.380755E-09  1.145483E-08  1.058273E-01  7.359735E-06  3.761889E-07  3.130761E-07  8.111878E-05  1.102827E-04  3.975170E-07  1.407315E-08  1.829795E-08  1.144906E-07
 3.541500E+02  3.472961E-01  1.370717E-04  6.819762E-09  9.141890E-09  1.021809E-08  1.242817E-08  4.971162E-02  4.816504E-06  6.852389E-10  4.955273E-01  1.984575E-03  1.139149E-05  1.800006E-06  3.776892E-04  2.006048E-09  8.077933E-09  1.112917E-08  1.047502E-01  7.112049E-06  3.673055E-07  3.055249E-07  8.012358E-05  1.089307E-04  3.803858E-07  1.345044E-08  1.749301E-08  1.103438E-07
 3.551500E+02  3.478300E-01  1.361429E-04  6.670125E-09  8.943079E-09  9.996307E-09  1.216073E-08  4.971528E-02  4.751412E-06  6.541805E-10  4.960823E-01  1.961900E-03  1.091248E-05  1.764985E-06  3.728109E-04  1.930207E-09  7.787824E-09  1.081460E-08  1.036893E-01  6.873986E-06  3.586786E-07  2.981955E-07  7.914645E-05  1.076033E-04  3.640848E-07  1.285879E-08  1.672803E-08  1.063701E-07
 3.561500E+02  3.483559E-01  1.352239E-04  6.524539E-09  8.749610E-09  9.780476E-09  1.190040E-08  4.971888E-02  4.687636E-06  6.247118E-10  4.966290E-01  1.939595E-03  1.045606E-05  1.730834E-06  3.680237E-04  1.857673E-09  7.509828E-09  1.051070E-08  1.026442E-01  6.645129E-06  3.502996E-07  2.910804E-07  7.818697E-05  1.062999E-04  3.485698E-07  1.229650E-08  1.600080E-08  1.025613E-07
 3.571500E+02  3.488741E-01  1.343148E-04  6.382879E-09  8.561321E-09  9.570414E-09  1.164699E-08  4.972241E-02  4.625143E-06  5.967428E-10  4.971674E-01  1.917653E-03  1.002104E-05  1.697526E-06  3.633256E-04  1.788284E-09  7.243377E-09  1.021706E-08  1.016147E-01  6.425081E-06  3.421604E-07  2.841726E-07  7.724476E-05  1.050199E-04  3.337990E-07  1.176194E-08  1.530928E-08  9.890978E-08
 3.581500E+02  3.493845E-01  1.334153E-04  6.245024E-09  8.378053E-09  9.365945E-09  1.140028E-08  4.972587E-02  4.563899E-06  5.701892E-10  4.976978E-01  1.896067E-03  9.606334E-06  1.665040E-06  3.587145E-04  1.721887E-09  6.987932E-09  9.933269E-09  1.006004E-01  6.213462E-06  3.342533E-07  2.774651E-07  7.631943E-05  1.037629E-04  3.197332E-07  1.125361E-08  1.465152E-08  9.540831E-08
 3.591500E+02  3.498873E-01  1.325254E-04  6.110858E-09  8.199653E-09  9.166900E-09  1.116007E-08  4.972927E-02  4.503873E-06  5.449718E-10  4.982203E-01  1.874830E-03  9.210896E-06  1.633349E-06  3.541885E-04  1.658337E-09  6.742981E-09  9.658963E-09  9.960121E-02  6.009913E-06  3.265706E-07  2.709513E-07  7.541062E-05  1.025284E-04  3.063351E-07  1.077010E-08  1.402570E-08  9.205000E-08
 3.601500E+02  3.503827E-01  1.316451E-04  5.980268E-09  8.025975E-09  8.973113E-09  1.092616E-08  4.973261E-02  4.445036E-06  5.210160E-10  4.987350E-01  1.853935E-03  8.833742E-06  1.602433E-06  3.497457E-04  1.597499E-09  6.508038E-09  9.393776E-09  9.861678E-02  5.814090E-06  3.191051E-07  2.646248E-07  7.451795E-05  1.013158E-04  2.935700E-07  1.031005E-08  1.343012E-08  8.882828E-08
 3.611500E+02  3.508708E-01  1.307742E-04  5.853146E-09  7.856874E-09  8.784426E-09  1.069836E-08  4.973589E-02  4.387357E-06  4.982522E-10  4.992421E-01  1.833377E-03  8.473944E-06  1.572268E-06  3.453842E-04  1.539242E-09  6.282643E-09  9.137364E-09  9.764688E-02  5.625663E-06  3.118497E-07  2.584795E-07  7.364107E-05  1.001246E-04  2.814048E-07  9.872220E-09  1.286315E-08  8.573695E-08
 3.621500E+02  3.513517E-01  1.299126E-04  5.729385E-09  7.692214E-09  8.600687E-09  1.047650E-08  4.973911E-02  4.330807E-06  4.766145E-10  4.997417E-01  1.813148E-03  8.130623E-06  1.542835E-06  3.411021E-04  1.483443E-09  6.066358E-09  8.889394E-09  9.669126E-02  5.444322E-06  3.047978E-07  2.525094E-07  7.277965E-05  9.895448E-05  2.698084E-07  9.455414E-09  1.232327E-08  8.277010E-08
 3.631500E+02  3.518255E-01  1.290603E-04  5.608885E-09  7.531861E-09  8.421746E-09  1.026039E-08  4.974227E-02  4.275360E-06  4.560414E-10  5.002338E-01  1.793242E-03  7.802950E-06  1.514111E-06  3.368978E-04  1.429986E-09  5.858770E-09  8.649548E-09  9.574968E-02  5.269767E-06  2.979426E-07  2.467088E-07  7.193333E-05  9.780488E-05  2.587515E-07  9.058518E-09  1.180905E-08  7.992211E-08
 3.641500E+02  3.522923E-01  1.282172E-04  5.491547E-09  7.375685E-09  8.247459E-09  1.004987E-08  4.974538E-02  4.220987E-06  4.364748E-10  5.007188E-01  1.773653E-03  7.490140E-06  1.486077E-06  3.327696E-04  1.378762E-09  5.659483E-09  8.417522E-09  9.482191E-02  5.101714E-06  2.912780E-07  2.410722E-07  7.110180E-05  9.667537E-05  2.482064E-07  8.680480E-09  1.131914E-08  7.718764E-08
 3.651500E+02  3.527524E-01  1.273831E-04  5.377275E-09  7.223563E-09  8.077689E-09  9.844759E-09  4.974842E-02  4.167663E-06  4.178600E-10  5.011965E-01  1.754376E-03  7.191450E-06  1.458714E-06  3.287156E-04  1.329664E-09  5.468123E-09  8.193025E-09  9.390770E-02  4.939892E-06  2.847979E-07  2.355943E-07  7.028473E-05  9.556552E-05  2.381468E-07  8.320308E-09  1.085227E-08  7.456164E-08
 3.661500E+02  3.532057E-01  1.265581E-04  5.265979E-09  7.075373E-09  7.912300E-09  9.644909E-09  4.975142E-02  4.115361E-06  4.001459E-10  5.016673E-01  1.735404E-03  6.906180E-06  1.432002E-06  3.247343E-04  1.282595E-09  5.284334E-09  7.975776E-09  9.300683E-02  4.784042E-06  2.784963E-07  2.302700E-07  6.948182E-05  9.447490E-05  2.285482E-07  7.977067E-09  1.040723E-08  7.203926E-08
 3.671500E+02  3.536524E-01  1.257419E-04  5.157568E-09  6.930998E-09  7.751163E-09  9.450163E-09  4.975436E-02  4.064058E-06  3.832840E-10  5.021312E-01  1.716731E-03  6.633664E-06  1.405925E-06  3.208242E-04  1.237460E-09  5.107779E-09  7.765508E-09  9.211907E-02  4.633917E-06  2.723677E-07  2.250943E-07  6.869276E-05  9.340311E-05  2.193872E-07  7.649877E-09  9.982905E-09  6.961593E-08
 3.681500E+02  3.540926E-01  1.249345E-04  5.051958E-09  6.790325E-09  7.594152E-09  9.260369E-09  4.975725E-02  4.013729E-06  3.672290E-10  5.025883E-01  1.698353E-03  6.373275E-06  1.380463E-06  3.169836E-04  1.194169E-09  4.938134E-09  7.561964E-09  9.124420E-02  4.489280E-06  2.664065E-07  2.200624E-07  6.791725E-05  9.234973E-05  2.106416E-07  7.337905E-09  9.578215E-09  6.728728E-08
 3.691500E+02  3.545264E-01  1.241359E-04  4.949064E-09  6.653246E-09  7.441145E-09  9.075384E-09  4.976009E-02  3.964351E-06  3.519378E-10  5.030388E-01  1.680262E-03  6.124419E-06  1.355601E-06  3.132110E-04  1.152639E-09  4.775096E-09  7.364897E-09  9.038200E-02  4.349907E-06  2.606076E-07  2.151698E-07  6.715501E-05  9.131438E-05  2.022908E-07  7.040368E-09  9.192156E-09  6.504916E-08
 3.701500E+02  3.549540E-01  1.233459E-04  4.848806E-09  6.519655E-09  7.292026E-09  8.895067E-09  4.976288E-02  3.915902E-06  3.373703E-10  5.034827E-01  1.662455E-03  5.886531E-06  1.331321E-06  3.095050E-04  1.112788E-09  4.618372E-09  7.174070E-09  8.953226E-02  4.215583E-06  2.549658E-07  2.104120E-07  6.640575E-05  9.029668E-05  1.943150E-07  6.756525E-09  8.823777E-09  6.289761E-08
 3.711500E+02  3.553754E-01  1.225644E-04  4.751107E-09  6.389449E-09  7.146679E-09  8.719281E-09  4.976562E-02  3.868358E-06  3.234884E-10  5.039202E-01  1.644926E-03  5.659079E-06  1.307607E-06  3.058641E-04  1.074540E-09  4.467687E-09  6.989258E-09  8.869477E-02  4.086101E-06  2.494762E-07  2.057847E-07  6.566920E-05  8.929624E-05  1.866955E-07  6.485678E-09  8.472178E-09  6.082888E-08
 3.721500E+02  3.557907E-01  1.217914E-04  4.655891E-09  6.262529E-09  7.004995E-09  8.547896E-09  4.976831E-02  3.821699E-06  3.102562E-10  5.043514E-01  1.627669E-03  5.441557E-06  1.284445E-06  3.022870E-04  1.037822E-09  4.322778E-09  6.810241E-09  8.786932E-02  3.961267E-06  2.441341E-07  2.012839E-07  6.494509E-05  8.831270E-05  1.794148E-07  6.227166E-09  8.136513E-09  5.883937E-08
 3.731500E+02  3.562001E-01  1.210268E-04  4.563086E-09  6.138800E-09  6.866868E-09  8.380784E-09  4.977096E-02  3.775904E-06  2.976401E-10  5.047763E-01  1.610679E-03  5.233488E-06  1.261819E-06  2.987721E-04  1.002566E-09  4.183393E-09  6.636812E-09  8.705570E-02  3.840891E-06  2.389350E-07  1.969055E-07  6.423316E-05  8.734572E-05  1.724561E-07  5.980366E-09  7.815978E-09  5.692568E-08
