#         T/K            c1          c2-1          c3-4          c3-5          c3-7          c3-9            w1            w2          w3-1          w3-2        c1w1-2        c1w2-1        c2w1-1        c2w1-9
 2.731500E+02  2.111070E-01  1.606163E-04  3.235440E-08  4.246593E-08  4.724672E-08  5.633584E-08  5.000299E-01  9.344086E-03  1.775997E-03  2.491914E-05  2.772664E-01  2.847742E-04  3.237162E-06  2.842571E-06
 2.741500E+02  2.128468E-01  1.600435E-04  3.148686E-08  4.134126E-08  4.599887E-08  5.486522E-08  5.020564E-01  9.182232E-03  1.656155E-03  2.414067E-05  2.737980E-01  2.701473E-04  3.132130E-06  2.747969E-06
 2.751500E+02  2.145665E-01  1.594524E-04  3.064230E-08  4.024590E-08  4.478343E-08  5.343223E-08  5.040505E-01  9.023711E-03  1.545034E-03  2.338999E-05  2.703692E-01  2.563373E-04  3.030742E-06  2.656739E-06
 2.761500E+02  2.162662E-01  1.588438E-04  2.982021E-08  3.917923E-08  4.359970E-08  5.203606E-08  5.060129E-01  8.868461E-03  1.441960E-03  2.266606E-05  2.669800E-01  2.432956E-04  2.932869E-06  2.568759E-06
 2.771500E+02  2.179457E-01  1.582185E-04  2.902008E-08  3.814061E-08  4.244698E-08  5.067593E-08  5.079442E-01  8.716422E-03  1.346312E-03  2.196787E-05  2.636307E-01  2.309767E-04  2.838390E-06  2.483910E-06
 2.781500E+02  2.196050E-01  1.575771E-04  2.824141E-08  3.712941E-08  4.132460E-08  4.935108E-08  5.098450E-01  8.567532E-03  1.257521E-03  2.129445E-05  2.603214E-01  2.193379E-04  2.747184E-06  2.402079E-06
 2.791500E+02  2.212441E-01  1.569204E-04  2.748370E-08  3.614503E-08  4.023188E-08  4.806074E-08  5.117159E-01  8.421729E-03  1.175062E-03  2.064485E-05  2.570522E-01  2.083391E-04  2.659137E-06  2.323158E-06
 2.801500E+02  2.228629E-01  1.562491E-04  2.674646E-08  3.518685E-08  3.916816E-08  4.680416E-08  5.135575E-01  8.278952E-03  1.098455E-03  2.001819E-05  2.538230E-01  1.979427E-04  2.574137E-06  2.247040E-06
 2.811500E+02  2.244615E-01  1.555640E-04  2.602923E-08  3.425429E-08  3.813277E-08  4.558060E-08  5.153702E-01  8.139139E-03  1.027255E-03  1.941357E-05  2.506340E-01  1.881135E-04  2.492078E-06  2.173624E-06
 2.821500E+02  2.260399E-01  1.548658E-04  2.533152E-08  3.334676E-08  3.712509E-08  4.438932E-08  5.171546E-01  8.002230E-03  9.610559E-04  1.883017E-05  2.474850E-01  1.788182E-04  2.412857E-06  2.102811E-06
 2.831500E+02  2.275981E-01  1.541552E-04  2.465288E-08  3.246367E-08  3.614445E-08  4.322960E-08  5.189112E-01  7.868163E-03  8.994813E-04  1.826718E-05  2.443761E-01  1.700260E-04  2.336371E-06  2.034507E-06
 2.841500E+02  2.291361E-01  1.534329E-04  2.399285E-08  3.160445E-08  3.519025E-08  4.210072E-08  5.206404E-01  7.736879E-03  8.421858E-04  1.772381E-05  2.413072E-01  1.617075E-04  2.262526E-06  1.968620E-06
 2.851500E+02  2.306541E-01  1.526997E-04  2.335096E-08  3.076854E-08  3.426185E-08  4.100197E-08  5.223427E-01  7.608318E-03  7.888514E-04  1.719933E-05  2.382781E-01  1.538355E-04  2.191227E-06  1.905062E-06
 2.861500E+02  2.321521E-01  1.519561E-04  2.272679E-08  2.995539E-08  3.335864E-08  3.993265E-08  5.240185E-01  7.482422E-03  7.391847E-04  1.669301E-05  2.352887E-01  1.463841E-04  2.122385E-06  1.843749E-06
 2.871500E+02  2.336303E-01  1.512028E-04  2.211989E-08  2.916443E-08  3.248001E-08  3.889207E-08  5.256682E-01  7.359133E-03  6.929155E-04  1.620417E-05  2.323388E-01  1.393292E-04  2.055912E-06  1.784597E-06
 2.881500E+02  2.350886E-01  1.504406E-04  2.152984E-08  2.839514E-08  3.162538E-08  3.787954E-08  5.272923E-01  7.238394E-03  6.497947E-04  1.573213E-05  2.294283E-01  1.326482E-04  1.991724E-06  1.727530E-06
 2.891500E+02  2.365272E-01  1.496700E-04  2.095620E-08  2.764697E-08  3.079415E-08  3.689441E-08  5.288911E-01  7.120149E-03  6.095925E-04  1.527627E-05  2.265570E-01  1.263197E-04  1.929740E-06  1.672469E-06
 2.901500E+02  2.379463E-01  1.488916E-04  2.039857E-08  2.691941E-08  2.998575E-08  3.593599E-08  5.304651E-01  7.004344E-03  5.720971E-04  1.483597E-05  2.237246E-01  1.203237E-04  1.869882E-06  1.619342E-06
 2.911500E+02  2.393459E-01  1.481061E-04  1.985652E-08  2.621193E-08  2.919959E-08  3.500365E-08  5.320146E-01  6.890923E-03  5.371126E-04  1.441065E-05  2.209308E-01  1.146414E-04  1.812073E-06  1.568078E-06
 2.921500E+02  2.407262E-01  1.473140E-04  1.932967E-08  2.552403E-08  2.843514E-08  3.409673E-08  5.335400E-01  6.779834E-03  5.044586E-04  1.399973E-05  2.181756E-01  1.092550E-04  1.756242E-06  1.518609E-06
 2.931500E+02  2.420873E-01  1.465159E-04  1.881761E-08  2.485521E-08  2.769183E-08  3.321459E-08  5.350417E-01  6.671026E-03  4.739682E-04  1.360268E-05  2.154584E-01  1.041481E-04  1.702317E-06  1.470870E-06
 2.941500E+02  2.434295E-01  1.457124E-04  1.831996E-08  2.420498E-08  2.696911E-08  3.235663E-08  5.365200E-01  6.564446E-03  4.454873E-04  1.321897E-05  2.127792E-01  9.930483E-05  1.650231E-06  1.424796E-06
 2.951500E+02  2.447527E-01  1.449040E-04  1.783633E-08  2.357285E-08  2.626647E-08  3.152222E-08  5.379754E-01  6.460045E-03  4.188734E-04  1.284811E-05  2.101375E-01  9.471058E-05  1.599917E-06  1.380327E-06
 2.961500E+02  2.460573E-01  1.440912E-04  1.736636E-08  2.295836E-08  2.558337E-08  3.071076E-08  5.394080E-01  6.357775E-03  3.939949E-04  1.248962E-05  2.075330E-01  9.035150E-05  1.551314E-06  1.337404E-06
 2.971500E+02  2.473433E-01  1.432745E-04  1.690967E-08  2.236103E-08  2.491931E-08  2.992165E-08  5.408184E-01  6.257586E-03  3.707300E-04  1.214303E-05  2.049655E-01  8.621457E-05  1.504359E-06  1.295970E-06
 2.981500E+02  2.486110E-01  1.424545E-04  1.646590E-08  2.178041E-08  2.427377E-08  2.915432E-08  5.422068E-01  6.159433E-03  3.489660E-04  1.180790E-05  2.024345E-01  8.228754E-05  1.458994E-06  1.255972E-06
 2.991500E+02  2.498605E-01  1.416315E-04  1.603471E-08  2.121605E-08  2.364627E-08  2.840820E-08  5.435735E-01  6.063269E-03  3.285985E-04  1.148382E-05  1.999398E-01  7.855886E-05  1.415162E-06  1.217356E-06
 3.001500E+02  2.510919E-01  1.408060E-04  1.561576E-08  2.066752E-08  2.303632E-08  2.768272E-08  5.449189E-01  5.969049E-03  3.095311E-04  1.117036E-05  1.974809E-01  7.501770E-05  1.372808E-06  1.180072E-06
 3.011500E+02  2.523056E-01  1.399786E-04  1.520869E-08  2.013439E-08  2.244345E-08  2.697735E-08  5.462433E-01  5.876729E-03  2.916741E-04  1.086714E-05  1.950576E-01  7.165382E-05  1.331880E-06  1.144071E-06
 3.021500E+02  2.535017E-01  1.391495E-04  1.481319E-08  1.961623E-08  2.186720E-08  2.629153E-08  5.475471E-01  5.786267E-03  2.749448E-04  1.057379E-05  1.926694E-01  6.845759E-05  1.292327E-06  1.109306E-06
 3.031500E+02  2.546803E-01  1.383192E-04  1.442893E-08  1.911264E-08  2.130710E-08  2.562474E-08  5.488305E-01  5.697621E-03  2.592663E-04  1.028994E-05  1.903159E-01  6.541994E-05  1.254100E-06  1.075733E-06
 3.041500E+02  2.558416E-01  1.374881E-04  1.405560E-08  1.862322E-08  2.076273E-08  2.497647E-08  5.500938E-01  5.610749E-03  2.445674E-04  1.001524E-05  1.879969E-01  6.253234E-05  1.217151E-06  1.043307E-06
 3.051500E+02  2.569860E-01  1.366565E-04  1.369289E-08  1.814757E-08  2.023363E-08  2.434622E-08  5.513374E-01  5.525612E-03  2.307820E-04  9.749366E-06  1.857118E-01  5.978671E-05  1.181436E-06  1.011987E-06
 3.061500E+02  2.581134E-01  1.358249E-04  1.334050E-08  1.768531E-08  1.971940E-08  2.373349E-08  5.525615E-01  5.442170E-03  2.178487E-04  9.491993E-06  1.834603E-01  5.717548E-05  1.146909E-06  9.817319E-07
 3.071500E+02  2.592243E-01  1.349935E-04  1.299814E-08  1.723607E-08  1.921961E-08  2.313779E-08  5.537665E-01  5.360385E-03  2.057106E-04  9.242816E-06  1.812421E-01  5.469149E-05  1.113529E-06  9.525036E-07
 3.081500E+02  2.603187E-01  1.341627E-04  1.266552E-08  1.679947E-08  1.873386E-08  2.255867E-08  5.549526E-01  5.280219E-03  1.943150E-04  9.001538E-06  1.790566E-01  5.232798E-05  1.081255E-06  9.242646E-07
 3.091500E+02  2.613968E-01  1.333329E-04  1.234237E-08  1.637517E-08  1.826175E-08  2.199565E-08  5.561202E-01  5.201637E-03  1.836126E-04  8.767876E-06  1.769036E-01  5.007859E-05  1.050048E-06  8.969789E-07
 3.101500E+02  2.624589E-01  1.325042E-04  1.202840E-08  1.596281E-08  1.780291E-08  2.144829E-08  5.572695E-01  5.124603E-03  1.735579E-04  8.541559E-06  1.747825E-01  4.793731E-05  1.019869E-06  8.706118E-07
 3.111500E+02  2.635052E-01  1.316770E-04  1.172337E-08  1.556206E-08  1.735694E-08  2.091615E-08  5.584008E-01  5.049082E-03  1.641084E-04  8.322324E-06  1.726930E-01  4.589848E-05  9.906832E-07  8.451300E-07
 3.121500E+02  2.645359E-01  1.308516E-04  1.142700E-08  1.517258E-08  1.692350E-08  2.039881E-08  5.595144E-01  4.975039E-03  1.552247E-04  8.109919E-06  1.706348E-01  4.395675E-05  9.624541E-07  8.205015E-07
 3.131500E+02  2.655511E-01  1.300282E-04  1.113904E-08  1.479405E-08  1.650222E-08  1.989584E-08  5.606105E-01  4.902443E-03  1.468701E-04  7.904104E-06  1.686072E-01  4.210706E-05  9.351483E-07  7.966954E-07
 3.141500E+02  2.665511E-01  1.292071E-04  1.085926E-08  1.442616E-08  1.609274E-08  1.940684E-08  5.616895E-01  4.831259E-03  1.390105E-04  7.704644E-06  1.666101E-01  4.034467E-05  9.087331E-07  7.736819E-07
 3.151500E+02  2.675361E-01  1.283885E-04  1.058742E-08  1.406859E-08  1.569474E-08  1.893142E-08  5.627516E-01  4.761458E-03  1.316141E-04  7.511318E-06  1.646429E-01  3.866505E-05  8.831770E-07  7.514325E-07
 3.161500E+02  2.685063E-01  1.275727E-04  1.032327E-08  1.372106E-08  1.530788E-08  1.846918E-08  5.637971E-01  4.693007E-03  1.246513E-04  7.323911E-06  1.627053E-01  3.706397E-05  8.584498E-07  7.299196E-07
 3.171500E+02  2.694619E-01  1.267598E-04  1.006660E-08  1.338327E-08  1.493184E-08  1.801975E-08  5.648263E-01  4.625877E-03  1.180945E-04  7.142215E-06  1.607969E-01  3.553739E-05  8.345224E-07  7.091167E-07
 3.181500E+02  2.704031E-01  1.259501E-04  9.817192E-09  1.305494E-08  1.456631E-08  1.758276E-08  5.658393E-01  4.560039E-03  1.119181E-04  6.966033E-06  1.589171E-01  3.408154E-05  8.113665E-07  6.889984E-07
 3.191500E+02  2.713301E-01  1.251437E-04  9.574824E-09  1.273579E-08  1.421098E-08  1.715786E-08  5.668365E-01  4.495463E-03  1.060981E-04  6.795173E-06  1.570657E-01  3.269281E-05  7.889550E-07  6.695401E-07
 3.201500E+02  2.722431E-01  1.243408E-04  9.339292E-09  1.242556E-08  1.386556E-08  1.674470E-08  5.678181E-01  4.432123E-03  1.006122E-04  6.629451E-06  1.552423E-01  3.136781E-05  7.672620E-07  6.507181E-07
 3.211500E+02  2.731423E-01  1.235417E-04  9.110394E-09  1.212399E-08  1.352976E-08  1.634294E-08  5.687844E-01  4.369989E-03  9.543953E-05  6.468692E-06  1.534464E-01  3.010335E-05  7.462622E-07  6.325098E-07
 3.221500E+02  2.740279E-01  1.227464E-04  8.887935E-09  1.183081E-08  1.320329E-08  1.595226E-08  5.697356E-01  4.309036E-03  9.056069E-05  6.312725E-06  1.516776E-01  2.889638E-05  7.259314E-07  6.148932E-07
 3.231500E+02  2.749001E-01  1.219551E-04  8.671722E-09  1.154580E-08  1.288589E-08  1.557233E-08  5.706719E-01  4.249238E-03  8.595753E-05  6.161386E-06  1.499356E-01  2.774403E-05  7.062464E-07  5.978473E-07
 3.241500E+02  2.757591E-01  1.211681E-04  8.461572E-09  1.126870E-08  1.257729E-08  1.520283E-08  5.715937E-01  4.190570E-03  8.161312E-05  6.014519E-06  1.482199E-01  2.664360E-05  6.871845E-07  5.813519E-07
 3.251500E+02  2.766051E-01  1.203853E-04  8.257305E-09  1.099929E-08  1.227723E-08  1.484348E-08  5.725010E-01  4.133005E-03  7.751165E-05  5.871971E-06  1.465302E-01  2.559250E-05  6.687242E-07  5.653873E-07
 3.261500E+02  2.774383E-01  1.196069E-04  8.058746E-09  1.073734E-08  1.198546E-08  1.449398E-08  5.733943E-01  4.076521E-03  7.363834E-05  5.733597E-06  1.448661E-01  2.458832E-05  6.508446E-07  5.499348E-07
 3.271500E+02  2.782589E-01  1.188331E-04  7.865725E-09  1.048263E-08  1.170174E-08  1.415403E-08  5.742736E-01  4.021094E-03  6.997937E-05  5.599257E-06  1.432271E-01  2.362874E-05  6.335256E-07  5.349764E-07
 3.281500E+02  2.790671E-01  1.180639E-04  7.678078E-09  1.023494E-08  1.142584E-08  1.382336E-08  5.751393E-01  3.966700E-03  6.652184E-05  5.468816E-06  1.416130E-01  2.271158E-05  6.167478E-07  5.204945E-07
 3.291500E+02  2.798630E-01  1.172995E-04  7.495646E-09  9.994082E-09  1.115751E-08  1.350171E-08  5.759915E-01  3.913317E-03  6.325366E-05  5.342142E-06  1.400232E-01  2.183478E-05  6.004926E-07  5.064726E-07
 3.301500E+02  2.806469E-01  1.165400E-04  7.318272E-09  9.759840E-09  1.089655E-08  1.318880E-08  5.768306E-01  3.860923E-03  6.016355E-05  5.219112E-06  1.384576E-01  2.099639E-05  5.847420E-07  4.928944E-07
 3.311500E+02  2.814189E-01  1.157854E-04  7.145807E-09  9.532024E-09  1.064273E-08  1.288439E-08  5.776566E-01  3.809496E-03  5.724093E-05  5.099605E-06  1.369156E-01  2.019454E-05  5.694787E-07  4.797444E-07
 3.321500E+02  2.821793E-01  1.150358E-04  6.978104E-09  9.310443E-09  1.039585E-08  1.258823E-08  5.784698E-01  3.759016E-03  5.447590E-05  4.983504E-06  1.353969E-01  1.942749E-05  5.546859E-07  4.670077E-07
 3.331500E+02  2.829282E-01  1.142913E-04  6.815023E-09  9.094915E-09  1.015570E-08  1.230008E-08  5.792704E-01  3.709462E-03  5.185920E-05  4.870697E-06  1.339012E-01  1.869355E-05  5.403477E-07  4.546698E-07
 3.341500E+02  2.836657E-01  1.135520E-04  6.656425E-09  8.885262E-09  9.922080E-09  1.201969E-08  5.800587E-01  3.660814E-03  4.938215E-05  4.761077E-06  1.324281E-01  1.799117E-05  5.264485E-07  4.427170E-07
 3.351500E+02  2.843921E-01  1.128179E-04  6.502177E-09  8.681309E-09  9.694801E-09  1.174686E-08  5.808348E-01  3.613053E-03  4.703661E-05  4.654539E-06  1.309773E-01  1.731884E-05  5.129734E-07  4.311358E-07
 3.361500E+02  2.851076E-01  1.120892E-04  6.352149E-09  8.482889E-09  9.473677E-09  1.148136E-08  5.815989E-01  3.566159E-03  4.481498E-05  4.550984E-06  1.295483E-01  1.667513E-05  4.999080E-07  4.199135E-07
 3.371500E+02  2.858122E-01  1.113657E-04  6.206217E-09  8.289840E-09  9.258526E-09  1.122297E-08  5.823513E-01  3.520114E-03  4.271009E-05  4.450315E-06  1.281409E-01  1.605870E-05  4.872384E-07  4.090375E-07
 3.381500E+02  2.865063E-01  1.106477E-04  6.064259E-09  8.102003E-09  9.049174E-09  1.097148E-08  5.830921E-01  3.474901E-03  4.071524E-05  4.352439E-06  1.267546E-01  1.546827E-05  4.749513E-07  3.984961E-07
 3.391500E+02  2.871899E-01  1.099351E-04  5.926157E-09  7.919225E-09  8.845449E-09  1.072671E-08  5.838216E-01  3.430500E-03  3.882416E-05  4.257266E-06  1.253893E-01  1.490263E-05  4.630337E-07  3.882778E-07
 3.401500E+02  2.878632E-01  1.092280E-04  5.791796E-09  7.741357E-09  8.647188E-09  1.048844E-08  5.845398E-01  3.386895E-03  3.703095E-05  4.164710E-06  1.240445E-01  1.436063E-05  4.514734E-07  3.783715E-07
 3.411500E+02  2.885264E-01  1.085264E-04  5.661066E-09  7.568255E-09  8.454230E-09  1.025650E-08  5.852471E-01  3.344069E-03  3.533005E-05  4.074687E-06  1.227198E-01  1.384116E-05  4.402582E-07  3.687665E-07
 3.421500E+02  2.891796E-01  1.078304E-04  5.533858E-09  7.399780E-09  8.266419E-09  1.003070E-08  5.859436E-01  3.302006E-03  3.371629E-05  3.987117E-06  1.214151E-01  1.334320E-05  4.293767E-07  3.594526E-07
 3.431500E+02  2.898231E-01  1.071399E-04  5.410070E-09  7.235795E-09  8.083605E-09  9.810853E-09  5.866294E-01  3.260689E-03  3.218476E-05  3.901923E-06  1.201299E-01  1.286575E-05  4.188177E-07  3.504199E-07
 3.441500E+02  2.904569E-01  1.064550E-04  5.289599E-09  7.076170E-09  7.905642E-09  9.596799E-09  5.873049E-01  3.220102E-03  3.073090E-05  3.819028E-06  1.188639E-01  1.240788E-05  4.085706E-07  3.416589E-07
 3.451500E+02  2.910813E-01  1.057757E-04  5.172348E-09  6.920776E-09  7.732389E-09  9.388364E-09  5.879700E-01  3.180231E-03  2.935038E-05  3.738363E-06  1.176169E-01  1.196869E-05  3.986249E-07  3.331604E-07
 3.461500E+02  2.916963E-01  1.051020E-04  5.058223E-09  6.769490E-09  7.563707E-09  9.185387E-09  5.886251E-01  3.141060E-03  2.803915E-05  3.659856E-06  1.163885E-01  1.154734E-05  3.889708E-07  3.249157E-07
 3.471500E+02  2.923022E-01  1.044339E-04  4.947130E-09  6.622191E-09  7.399464E-09  8.987710E-09  5.892702E-01  3.102575E-03  2.679340E-05  3.583440E-06  1.151784E-01  1.114303E-05  3.795986E-07  3.169161E-07
 3.481500E+02  2.928990E-01  1.037715E-04  4.838981E-09  6.478765E-09  7.239530E-09  8.795180E-09  5.899056E-01  3.064761E-03  2.560955E-05  3.509051E-06  1.139863E-01  1.075498E-05  3.704990E-07  3.091534E-07
 3.491500E+02  2.934870E-01  1.031147E-04  4.733689E-09  6.339097E-09  7.083781E-09  8.607649E-09  5.905314E-01  3.027605E-03  2.448423E-05  3.436626E-06  1.128119E-01  1.038248E-05  3.616631E-07  3.016199E-07
 3.501500E+02  2.940662E-01  1.024636E-04  4.631171E-09  6.203080E-09  6.932094E-09  8.424972E-09  5.911477E-01  2.991092E-03  2.341426E-05  3.366104E-06  1.116550E-01  1.002482E-05  3.530822E-07  2.943078E-07
 3.511500E+02  2.946369E-01  1.018181E-04  4.531345E-09  6.070605E-09  6.784352E-09  8.247010E-09  5.917548E-01  2.955210E-03  2.239666E-05  3.297428E-06  1.105152E-01  9.681346E-06  3.447482E-07  2.872098E-07
 3.521500E+02  2.951991E-01  1.011782E-04  4.434133E-09  5.941572E-09  6.640442E-09  8.073628E-09  5.923528E-01  2.919945E-03  2.142861E-05  3.230540E-06  1.093923E-01  9.351437E-06  3.366529E-07  2.803188E-07
 3.531500E+02  2.957530E-01  1.005439E-04  4.339458E-09  5.815880E-09  6.500251E-09  7.904695E-09  5.929418E-01  2.885284E-03  2.050747E-05  3.165387E-06  1.082860E-01  9.034492E-06  3.287886E-07  2.736280E-07
 3.541500E+02  2.962988E-01  9.991529E-05  4.247246E-09  5.693433E-09  6.363673E-09  7.740082E-09  5.935221E-01  2.851216E-03  1.963074E-05  3.101915E-06  1.071959E-01  8.729944E-06  3.211478E-07  2.671309E-07
 3.551500E+02  2.968365E-01  9.929226E-05  4.157427E-09  5.574137E-09  6.230605E-09  7.579667E-09  5.940936E-01  2.817728E-03  1.879606E-05  3.040075E-06  1.061220E-01  8.437251E-06  3.137234E-07  2.608210E-07
 3.561500E+02  2.973663E-01  9.867482E-05  4.069929E-09  5.457902E-09  6.100944E-09  7.423329E-09  5.946567E-01  2.784809E-03  1.800122E-05  2.979816E-06  1.050638E-01  8.155899E-06  3.065084E-07  2.546922E-07
 3.571500E+02  2.978884E-01  9.806295E-05  3.984687E-09  5.344639E-09  5.974593E-09  7.270954E-09  5.952114E-01  2.752445E-03  1.724414E-05  2.921092E-06  1.040211E-01  7.885397E-06  2.994960E-07  2.487388E-07
 3.581500E+02  2.984028E-01  9.745664E-05  3.901635E-09  5.234263E-09  5.851458E-09  7.122427E-09  5.957579E-01  2.720628E-03  1.652283E-05  2.863857E-06  1.029937E-01  7.625278E-06  2.926799E-07  2.429548E-07
 3.591500E+02  2.989097E-01  9.685587E-05  3.820709E-09  5.126692E-09  5.731446E-09  6.977641E-09  5.962963E-01  2.689344E-03  1.583544E-05  2.808066E-06  1.019812E-01  7.375096E-06  2.860538E-07  2.373350E-07
 3.601500E+02  2.994092E-01  9.626061E-05  3.741848E-09  5.021845E-09  5.614468E-09  6.836488E-09  5.968268E-01  2.658584E-03  1.518022E-05  2.753678E-06  1.009836E-01  7.134426E-06  2.796116E-07  2.318740E-07
 3.611500E+02  2.999015E-01  9.567085E-05  3.664994E-09  4.919645E-09  5.500439E-09  6.698866E-09  5.973494E-01  2.628337E-03  1.455550E-05  2.700649E-06  1.000004E-01  6.902865E-06  2.733475E-07  2.265666E-07
 3.621500E+02  3.003866E-01  9.508655E-05  3.590088E-09  4.820015E-09  5.389273E-09  6.564676E-09  5.978644E-01  2.598593E-03  1.395973E-05  2.648942E-06  9.903157E-02  6.680026E-06  2.672560E-07  2.214080E-07
 3.631500E+02  3.008646E-01  9.450769E-05  3.517075E-09  4.722885E-09  5.280891E-09  6.433821E-09  5.983718E-01  2.569341E-03  1.339142E-05  2.598516E-06  9.807674E-02  6.465541E-06  2.613316E-07  2.163934E-07
 3.641500E+02  3.013358E-01  9.393425E-05  3.445900E-09  4.628181E-09  5.175212E-09  6.306208E-09  5.988718E-01  2.540572E-03  1.284918E-05  2.549334E-06  9.713572E-02  6.259060E-06  2.555690E-07  2.115182E-07
 3.651500E+02  3.018002E-01  9.336619E-05  3.376512E-09  4.535837E-09  5.072162E-09  6.181745E-09  5.993646E-01  2.512276E-03  1.233170E-05  2.501361E-06  9.620827E-02  6.060247E-06  2.499632E-07  2.067780E-07
 3.661500E+02  3.022578E-01  9.280349E-05  3.308859E-09  4.445785E-09  4.971665E-09  6.060344E-09  5.998501E-01  2.484443E-03  1.183772E-05  2.454561E-06  9.529417E-02  5.868784E-06  2.445094E-07  2.021685E-07
 3.671500E+02  3.027089E-01  9.224611E-05  3.242892E-09  4.357960E-09  4.873650E-09  5.941919E-09  6.003286E-01  2.457065E-03  1.136607E-05  2.408901E-06  9.439321E-02  5.684366E-06  2.392028E-07  1.976856E-07
 3.681500E+02  3.031536E-01  9.169402E-05  3.178563E-09  4.272300E-09  4.778048E-09  5.826389E-09  6.008002E-01  2.430132E-03  1.091564E-05  2.364348E-06  9.350516E-02  5.506701E-06  2.340388E-07  1.933254E-07
 3.691500E+02  3.035919E-01  9.114720E-05  3.115827E-09  4.188745E-09  4.684790E-09  5.713673E-09  6.012650E-01  2.403637E-03  1.048537E-05  2.320870E-06  9.262981E-02  5.335512E-06  2.290131E-07  1.890839E-07
 3.701500E+02  3.040239E-01  9.060560E-05  3.054639E-09  4.107236E-09  4.593812E-09  5.603691E-09  6.017230E-01  2.377569E-03  1.007427E-05  2.278436E-06  9.176695E-02  5.170534E-06  2.241214E-07  1.849574E-07
 3.711500E+02  3.044498E-01  9.006919E-05  2.994954E-09  4.027714E-09  4.505049E-09  5.496370E-09  6.021745E-01  2.351920E-03  9.681392E-06  2.237018E-06  9.091637E-02  5.011514E-06  2.193596E-07  1.809425E-07
 3.721500E+02  3.048696E-01  8.953794E-05  2.936730E-09  3.950127E-09  4.418442E-09  5.391635E-09  6.026195E-01  2.326684E-03  9.305845E-06  2.196586E-06  9.007786E-02  4.858209E-06  2.147238E-07  1.770356E-07
 3.731500E+02  3.052835E-01  8.901180E-05  2.879928E-09  3.874418E-09  4.333928E-09  5.289415E-09  6.030582E-01  2.301850E-03  8.946783E-06  2.157112E-06  8.925124E-02  4.710389E-06  2.102101E-07  1.732334E-07
 3.741500E+02  3.056916E-01  8.849075E-05  2.824507E-09  3.800537E-09  4.251452E-09  5.189642E-09  6.034905E-01  2.277412E-03  8.603409E-06  2.118570E-06  8.843630E-02  4.567833E-06  2.058148E-07  1.695327E-07
 3.751500E+02  3.060939E-01  8.797475E-05  2.770429E-09  3.728433E-09  4.170956E-09  5.092248E-09  6.039168E-01  2.253362E-03  8.274962E-06  2.080934E-06  8.763285E-02  4.430330E-06  2.015343E-07  1.659303E-07
 3.761500E+02  3.064905E-01  8.746375E-05  2.717656E-09  3.658057E-09  4.092386E-09  4.997168E-09  6.043370E-01  2.229693E-03  7.960726E-06  2.044178E-06  8.684070E-02  4.297677E-06  1.973653E-07  1.624233E-07
 3.771500E+02  3.068816E-01  8.695772E-05  2.666152E-09  3.589362E-09  4.015689E-09  4.904339E-09  6.047512E-01  2.206396E-03  7.660021E-06  2.008278E-06  8.605967E-02  4.169683E-06  1.933042E-07  1.590086E-07
 3.781500E+02  3.072672E-01  8.645663E-05  2.615883E-09  3.522301E-09  3.940815E-09  4.813700E-09  6.051596E-01  2.183466E-03  7.372201E-06  1.973211E-06  8.528956E-02  4.046162E-06  1.893480E-07  1.556837E-07
 3.791500E+02  3.076474E-01  8.596042E-05  2.566815E-09  3.456830E-09  3.867712E-09  4.725192E-09  6.055622E-01  2.160894E-03  7.096655E-06  1.938953E-06  8.453021E-02  3.926939E-06  1.854934E-07  1.524456E-07
 3.801500E+02  3.080223E-01  8.546906E-05  2.518914E-09  3.392905E-09  3.796334E-09  4.638757E-09  6.059592E-01  2.138674E-03  6.832804E-06  1.905482E-06  8.378143E-02  3.811844E-06  1.817375E-07  1.492918E-07
 3.811500E+02  3.083920E-01  8.498252E-05  2.472148E-09  3.330485E-09  3.726633E-09  4.554339E-09  6.063506E-01  2.116800E-03  6.580096E-06  1.872777E-06  8.304305E-02  3.700717E-06  1.780773E-07  1.462198E-07
 3.821500E+02  3.087566E-01  8.450075E-05  2.426487E-09  3.269528E-09  3.658564E-09  4.471883E-09  6.067366E-01  2.095264E-03  6.338012E-06  1.840818E-06  8.231490E-02  3.593403E-06  1.745101E-07  1.432271E-07
 3.831500E+02  3.091162E-01  8.402371E-05  2.381900E-09  3.209996E-09  3.592082E-09  4.391338E-09  6.071172E-01  2.074061E-03  6.106056E-06  1.809583E-06  8.159681E-02  3.489753E-06  1.710330E-07  1.403113E-07
 3.841500E+02  3.094708E-01  8.355135E-05  2.338358E-09  3.151849E-09  3.527146E-09  4.312652E-09  6.074925E-01  2.053183E-03  5.883757E-06  1.779053E-06  8.088862E-02  3.389627E-06  1.676434E-07  1.374702E-07
 3.851500E+02  3.098205E-01  8.308365E-05  2.295834E-09  3.095051E-09  3.463713E-09  4.235776E-09  6.078626E-01  2.032626E-03  5.670670E-06  1.749210E-06  8.019016E-02  3.292889E-06  1.643389E-07  1.347015E-07
 3.861500E+02  3.101655E-01  8.262056E-05  2.254299E-09  3.039565E-09  3.401743E-09  4.160661E-09  6.082276E-01  2.012382E-03  5.466371E-06  1.720035E-06  7.950128E-02  3.199410E-06  1.611168E-07  1.320031E-07
 3.871500E+02  3.105057E-01  8.216203E-05  2.213726E-09  2.985356E-09  3.341198E-09  4.087260E-09  6.085875E-01  1.992446E-03  5.270458E-06  1.691510E-06  7.882182E-02  3.109065E-06  1.579748E-07  1.293729E-07
 3.881500E+02  3.108413E-01  8.170803E-05  2.174091E-09  2.932390E-09  3.282039E-09  4.015529E-09  6.089425E-01  1.972812E-03  5.082549E-06  1.663618E-06  7.815163E-02  3.021734E-06  1.549107E-07  1.268089E-07
 3.891500E+02  3.111723E-01  8.125851E-05  2.135368E-09  2.880634E-09  3.224229E-09  3.945423E-09  6.092927E-01  1.953475E-03  4.902280E-06  1.636342E-06  7.749055E-02  2.937305E-06  1.519221E-07  1.243092E-07
 3.901500E+02  3.114988E-01  8.081344E-05  2.097532E-09  2.830057E-09  3.167733E-09  3.876900E-09  6.096380E-01  1.934429E-03  4.729306E-06  1.609666E-06  7.683844E-02  2.855668E-06  1.490069E-07  1.218720E-07
 3.911500E+02  3.118209E-01  8.037277E-05  2.060560E-09  2.780626E-09  3.112516E-09  3.809918E-09  6.099787E-01  1.915669E-03  4.563299E-06  1.583574E-06  7.619515E-02  2.776718E-06  1.461630E-07  1.194953E-07
 3.921500E+02  3.121387E-01  7.993646E-05  2.024430E-09  2.732312E-09  3.058545E-09  3.744436E-09  6.103147E-01  1.897189E-03  4.403947E-06  1.558051E-06  7.556054E-02  2.700355E-06  1.433883E-07  1.171774E-07
 3.931500E+02  3.124522E-01  7.950446E-05  1.989118E-09  2.685085E-09  3.005787E-09  3.680416E-09  6.106462E-01  1.878984E-03  4.250954E-06  1.533082E-06  7.493447E-02  2.626483E-06  1.406810E-07  1.149168E-07
 3.941500E+02  3.127615E-01  7.907675E-05  1.954603E-09  2.638917E-09  2.954209E-09  3.617820E-09  6.109732E-01  1.861050E-03  4.104037E-06  1.508653E-06  7.431679E-02  2.555009E-06  1.380390E-07  1.127116E-07
 3.951500E+02  3.130667E-01  7.865327E-05  1.920864E-09  2.593780E-09  2.903782E-09  3.556610E-09  6.112957E-01  1.843380E-03  3.962927E-06  1.484749E-06  7.370739E-02  2.485845E-06  1.354606E-07  1.105603E-07
 3.961500E+02  3.133677E-01  7.823399E-05  1.887882E-09  2.549647E-09  2.854475E-09  3.496751E-09  6.116140E-01  1.825971E-03  3.827368E-06  1.461358E-06  7.310611E-02  2.418907E-06  1.329439E-07  1.084615E-07
 3.971500E+02  3.136648E-01  7.781887E-05  1.855636E-09  2.506493E-09  2.806259E-09  3.438209E-09  6.119280E-01  1.808818E-03  3.697119E-06  1.438466E-06  7.251284E-02  2.354112E-06  1.304872E-07  1.064135E-07
 3.981500E+02  3.139579E-01  7.740786E-05  1.824106E-09  2.464291E-09  2.759107E-09  3.380948E-09  6.122378E-01  1.791915E-03  3.571947E-06  1.416060E-06  7.192743E-02  2.291383E-06  1.280889E-07  1.044149E-07
 3.991500E+02  3.142472E-01  7.700092E-05  1.793275E-09  2.423018E-09  2.712990E-09  3.324937E-09  6.125434E-01  1.775259E-03  3.451631E-06  1.394128E-06  7.134978E-02  2.230645E-06  1.257473E-07  1.024644E-07
