#         T/K            c1          c2-1          c3-4          c3-5          c3-7          c3-9            m1          m2-1          m3-1            w1            w2          w3-1          w3-2          c1m1        c1m2-1        c1m2-7        c2m1-1        c1w1-2        c1w2-1        c2w1-1        c2w1-9        m1w1-1        m1w1-4        m1w2-1        m2w1-1        m2w1-3      c1m1w1-1
 2.731500E+02  2.611464E-01  2.314664E-04  5.431867E-08  7.129456E-08  7.932086E-08  9.458027E-08  2.937657E-01  7.444090E-04  2.036018E-05  2.615006E-01  2.406723E-03  2.252912E-04  3.161076E-06  8.232381E-03  3.965348E-06  1.301157E-05  1.176717E-06  1.689239E-01  8.544904E-05  2.297606E-06  2.017541E-06  1.064434E-03  1.448981E-03  8.341995E-05  3.393135E-05  4.297451E-05  1.766417E-05
 2.741500E+02  2.624377E-01  2.293022E-04  5.242164E-08  6.882797E-08  7.658231E-08  9.134367E-08  2.939043E-01  7.264904E-04  1.878004E-05  2.627823E-01  2.370760E-03  2.109288E-04  3.074568E-06  8.055439E-03  3.710910E-06  1.221611E-05  1.121233E-06  1.665272E-01  8.104961E-05  2.213633E-06  1.942127E-06  1.044176E-03  1.421315E-03  7.775537E-05  3.146833E-05  3.987093E-05  1.663292E-05
 2.751500E+02  2.637085E-01  2.271534E-04  5.059823E-08  6.645622E-08  7.394882E-08  8.823019E-08  2.940387E-01  7.091389E-04  1.733329E-05  2.640433E-01  2.335346E-03  1.975464E-04  2.990619E-06  7.883267E-03  3.474430E-06  1.147442E-05  1.068675E-06  1.641664E-01  7.689600E-05  2.133054E-06  1.869829E-06  1.024400E-03  1.394311E-03  7.250589E-05  2.919923E-05  3.701060E-05  1.566756E-05
 2.761500E+02  2.649590E-01  2.250204E-04  4.884540E-08  6.417544E-08  7.141614E-08  8.523487E-08  2.941691E-01  6.923335E-04  1.600782E-05  2.652839E-01  2.300479E-03  1.850734E-04  2.909155E-06  7.715719E-03  3.254536E-06  1.078254E-05  1.018877E-06  1.618414E-01  7.297359E-05  2.055725E-06  1.800510E-06  1.005094E-03  1.367952E-03  6.763911E-05  2.710771E-05  3.437308E-05  1.476356E-05
 2.771500E+02  2.661894E-01  2.229036E-04  4.716024E-08  6.198191E-08  6.898016E-08  8.235294E-08  2.942957E-01  6.760538E-04  1.479272E-05  2.665043E-01  2.266156E-03  1.734445E-04  2.830106E-06  7.552655E-03  3.049968E-06  1.013684E-05  9.716802E-07  1.595518E-01  6.926871E-05  1.981505E-06  1.734040E-06  9.862460E-04  1.342222E-03  6.312526E-05  2.517886E-05  3.193977E-05  1.391673E-05
 2.781500E+02  2.673998E-01  2.208034E-04  4.553998E-08  5.987210E-08  6.663695E-08  7.957985E-08  2.944186E-01  6.602803E-04  1.367809E-05  2.677047E-01  2.232370E-03  1.625992E-04  2.753402E-06  7.393940E-03  2.859570E-06  9.533967E-06  9.269362E-07  1.572974E-01  6.576850E-05  1.910263E-06  1.670293E-06  9.678435E-04  1.317104E-03  5.893704E-05  2.339911E-05  2.969370E-05  1.312318E-05
 2.791500E+02  2.685907E-01  2.187200E-04  4.398194E-08  5.784260E-08  6.438276E-08  7.691123E-08  2.945379E-01  6.449945E-04  1.265499E-05  2.688855E-01  2.199120E-03  1.524817E-04  2.678974E-06  7.239442E-03  2.682277E-06  8.970836E-06  8.845058E-07  1.550778E-01  6.246091E-05  1.841870E-06  1.609152E-06  9.498752E-04  1.292582E-03  5.504938E-05  2.175610E-05  2.761941E-05  1.237928E-05
 2.801500E+02  2.697621E-01  2.166539E-04  4.248359E-08  5.589015E-08  6.221398E-08  7.434288E-08  2.946538E-01  6.301784E-04  1.171535E-05  2.700469E-01  2.166398E-03  1.430402E-04  2.606757E-06  7.089033E-03  2.517111E-06  8.444595E-06  8.442584E-07  1.528928E-01  5.933464E-05  1.776207E-06  1.550503E-06  9.323299E-04  1.268641E-03  5.143923E-05  2.023855E-05  2.570278E-05  1.168169E-05
 2.811500E+02  2.709143E-01  2.146052E-04  4.104248E-08  5.401163E-08  6.012716E-08  7.187078E-08  2.947664E-01  6.158149E-04  1.085182E-05  2.711892E-01  2.134202E-03  1.342269E-04  2.536684E-06  6.942592E-03  2.363173E-06  7.952612E-06  8.060712E-07  1.507419E-01  5.637908E-05  1.713156E-06  1.494237E-06  9.151967E-04  1.245265E-03  4.808544E-05  1.883617E-05  2.393095E-05  1.102730E-05
 2.821500E+02  2.720476E-01  2.125743E-04  3.965627E-08  5.220404E-08  5.811898E-08  6.949108E-08  2.948759E-01  6.018876E-04  1.005777E-05  2.723126E-01  2.102525E-03  1.259974E-04  2.468693E-06  6.799999E-03  2.219634E-06  7.492460E-06  7.698287E-07  1.486249E-01  5.358427E-05  1.652607E-06  1.440251E-06  8.984648E-04  1.222439E-03  4.496854E-05  1.753957E-05  2.229215E-05  1.041322E-05
 2.831500E+02  2.731622E-01  2.105613E-04  3.832272E-08  5.046453E-08  5.618629E-08  6.720010E-08  2.949822E-01  5.883806E-04  9.327166E-06  2.734174E-01  2.071362E-03  1.183108E-04  2.402722E-06  6.661139E-03  2.085732E-06  7.061894E-06  7.354226E-07  1.465414E-01  5.094086E-05  1.594453E-06  1.388446E-06  8.821238E-04  1.200150E-03  4.207063E-05  1.634019E-05  2.077566E-05  9.836775E-06
 2.841500E+02  2.742583E-01  2.085665E-04  3.703970E-08  4.879035E-08  5.432604E-08  6.499429E-08  2.950856E-01  5.752789E-04  8.654551E-06  2.745039E-01  2.040707E-03  1.111289E-04  2.338710E-06  6.525900E-03  1.960763E-06  6.658841E-06  7.027509E-07  1.444910E-01  4.844009E-05  1.538593E-06  1.338727E-06  8.661635E-04  1.178383E-03  3.937526E-05  1.523017E-05  1.937164E-05  9.295462E-06
 2.851500E+02  2.753362E-01  2.065901E-04  3.580514E-08  4.717886E-08  5.253531E-08  6.287026E-08  2.951861E-01  5.625679E-04  8.034959E-06  2.755723E-01  2.010556E-03  1.044167E-04  2.276598E-06  6.394174E-03  1.844079E-06  6.281382E-06  6.717178E-07  1.424733E-01  4.607370E-05  1.484930E-06  1.291005E-06  8.505741E-04  1.157124E-03  3.686727E-05  1.420236E-05  1.807113E-05  8.786971E-06
 2.861500E+02  2.763961E-01  2.046321E-04  3.461708E-08  4.562755E-08  5.081133E-08  6.082476E-08  2.952838E-01  5.502338E-04  7.463879E-06  2.766230E-01  1.980901E-03  9.814144E-05  2.216329E-06  6.265858E-03  1.735084E-06  5.927745E-06  6.422332E-07  1.404880E-01  4.383398E-05  1.433372E-06  1.245192E-06  8.353460E-04  1.136360E-03  3.453271E-05  1.325021E-05  1.686590E-05  8.309149E-06
 2.871500E+02  2.774383E-01  2.026929E-04  3.347363E-08  4.413400E-08  4.915141E-08  5.885466E-08  2.953789E-01  5.382630E-04  6.937211E-06  2.776560E-01  1.951737E-03  9.227292E-05  2.157847E-06  6.140850E-03  1.633227E-06  5.596287E-06  6.142123E-07  1.385346E-01  4.171364E-05  1.383829E-06  1.201208E-06  8.204696E-04  1.116078E-03  3.235873E-05  1.236771E-05  1.574845E-05  7.859994E-06
 2.881500E+02  2.784630E-01  2.007724E-04  3.237300E-08  4.269590E-08  4.755300E-08  5.695698E-08  2.954714E-01  5.266429E-04  6.451226E-06  2.786718E-01  1.923058E-03  8.678308E-05  2.101099E-06  6.019053E-03  1.537998E-06  5.285491E-06  5.875753E-07  1.366129E-01  3.970586E-05  1.336217E-06  1.158973E-06  8.059359E-04  1.096265E-03  3.033349E-05  1.154939E-05  1.471187E-05  7.437644E-06
 2.891500E+02  2.794705E-01  1.988709E-04  3.131345E-08  4.131102E-08  4.601364E-08  5.512885E-08  2.955615E-01  5.153610E-04  6.002529E-06  2.796705E-01  1.894858E-03  8.164592E-05  2.046031E-06  5.900371E-03  1.448928E-06  4.993947E-06  5.622471E-07  1.347223E-01  3.780423E-05  1.290454E-06  1.118412E-06  7.917361E-04  1.076910E-03  2.844608E-05  1.079022E-05  1.374987E-05  7.040365E-06
 2.901500E+02  2.804611E-01  1.969884E-04  3.029333E-08  3.997725E-08  4.453098E-08  5.336752E-08  2.956491E-01  5.044057E-04  5.588029E-06  2.806524E-01  1.867130E-03  7.683730E-05  1.992592E-06  5.784713E-03  1.365583E-06  4.720353E-06  5.381570E-07  1.328625E-01  3.600271E-05  1.246464E-06  1.079454E-06  7.778613E-04  1.057999E-03  2.668643E-05  1.008558E-05  1.285666E-05  6.666544E-06
 2.911500E+02  2.814349E-01  1.951250E-04  2.931105E-08  3.869254E-08  4.310275E-08  5.167036E-08  2.957344E-01  4.937654E-04  5.204907E-06  2.816178E-01  1.839869E-03  7.233485E-05  1.940733E-06  5.671990E-03  1.287562E-06  4.463500E-06  5.152384E-07  1.310331E-01  3.429564E-05  1.204172E-06  1.042031E-06  7.643033E-04  1.039523E-03  2.504527E-05  9.431255E-06  1.202693E-05  6.314680E-06
 2.921500E+02  2.823922E-01  1.932807E-04  2.836510E-08  3.745494E-08  4.172681E-08  5.003484E-08  2.958174E-01  4.834293E-04  4.850595E-06  2.825669E-01  1.813067E-03  6.811778E-05  1.890404E-06  5.562117E-03  1.214495E-06  4.222266E-06  4.934286E-07  1.292337E-01  3.267770E-05  1.163508E-06  1.006076E-06  7.510538E-04  1.021468E-03  2.351403E-05  8.823369E-06  1.125582E-05  5.983373E-06
 2.931500E+02  2.833333E-01  1.914556E-04  2.745401E-08  3.626259E-08  4.040107E-08  4.845853E-08  2.958983E-01  4.733869E-04  4.522750E-06  2.835001E-01  1.786718E-03  6.416681E-05  1.841559E-06  5.455010E-03  1.146038E-06  3.995612E-06  4.726685E-07  1.274638E-01  3.114387E-05  1.124402E-06  9.715282E-07  7.381047E-04  1.003825E-03  2.208480E-05  8.258364E-06  1.053884E-05  5.671319E-06
 2.941500E+02  2.842584E-01  1.896498E-04  2.657640E-08  3.511368E-08  3.912355E-08  4.693911E-08  2.959770E-01  4.636282E-04  4.219230E-06  2.844174E-01  1.760816E-03  6.046401E-05  1.794152E-06  5.350589E-03  1.081873E-06  3.782572E-06  4.529025E-07  1.257231E-01  2.968944E-05  1.086792E-06  9.383269E-07  7.254485E-04  9.865826E-04  2.075027E-05  7.732976E-06  9.871911E-06  5.377303E-06
 2.951500E+02  2.851678E-01  1.878632E-04  2.573092E-08  3.400650E-08  3.789234E-08  4.547435E-08  2.960537E-01  4.541434E-04  3.938083E-06  2.853192E-01  1.735355E-03  5.699275E-05  1.748140E-06  5.248776E-03  1.021708E-06  3.582251E-06  4.340779E-07  1.240111E-01  2.830998E-05  1.050613E-06  9.064155E-07  7.130774E-04  9.697301E-04  1.950370E-05  7.244204E-06  9.251242E-06  5.100192E-06
 2.961500E+02  2.860617E-01  1.860958E-04  2.491630E-08  3.293940E-08  3.670563E-08  4.406212E-08  2.961285E-01  4.449234E-04  3.677522E-06  2.862058E-01  1.710327E-03  5.373755E-05  1.703478E-06  5.149495E-03  9.652692E-07  3.393816E-06  4.161455E-07  1.223274E-01  2.700133E-05  1.015809E-06  8.757394E-07  7.009842E-04  9.532576E-04  1.833886E-05  6.789292E-06  8.673371E-06  4.838929E-06
 2.971500E+02  2.869404E-01  1.843477E-04  2.413132E-08  3.191080E-08  3.556166E-08  4.270036E-08  2.962013E-01  4.359591E-04  3.435914E-06  2.870773E-01  1.685727E-03  5.068406E-05  1.660125E-06  5.052674E-03  9.123051E-07  3.216493E-06  3.990584E-07  1.206717E-01  2.575956E-05  9.823206E-07  8.462467E-07  6.891616E-04  9.371552E-04  1.724998E-05  6.365706E-06  8.135106E-06  4.592529E-06
 2.981500E+02  2.878040E-01  1.826188E-04  2.337479E-08  3.091920E-08  3.445875E-08  4.138712E-08  2.962722E-01  4.272420E-04  3.211764E-06  2.879340E-01  1.661548E-03  4.781890E-05  1.618040E-06  4.958241E-03  8.625816E-07  3.049564E-06  3.827726E-07  1.190434E-01  2.458098E-05  9.500950E-07  8.178876E-07  6.776028E-04  9.214135E-04  1.623173E-05  5.971112E-06  7.633511E-06  4.360071E-06
 2.991500E+02  2.886530E-01  1.809091E-04  2.264560E-08  2.996312E-08  3.339529E-08  4.012050E-08  2.963414E-01  4.187638E-04  3.003705E-06  2.887762E-01  1.637784E-03  4.512966E-05  1.577185E-06  4.866129E-03  8.158819E-07  2.892359E-06  3.672466E-07  1.174422E-01  2.346211E-05  9.190798E-07  7.906146E-07  6.663010E-04  9.060230E-04  1.527917E-05  5.603365E-06  7.165883E-06  4.140697E-06
 3.001500E+02  2.894874E-01  1.792185E-04  2.194266E-08  2.904120E-08  3.236975E-08  3.889869E-08  2.964089E-01  4.105166E-04  2.810484E-06  2.896041E-01  1.614427E-03  4.260477E-05  1.537521E-06  4.776270E-03  7.720050E-07  2.744256E-06  3.524412E-07  1.158677E-01  2.239968E-05  8.892256E-07  7.643823E-07  6.552496E-04  8.909748E-04  1.438774E-05  5.260489E-06  6.729733E-06  3.933604E-06
 3.011500E+02  2.903075E-01  1.775470E-04  2.126493E-08  2.815208E-08  3.138064E-08  3.771997E-08  2.964746E-01  4.024927E-04  2.630953E-06  2.904179E-01  1.591472E-03  4.023347E-05  1.499012E-06  4.688601E-03  7.307639E-07  2.604677E-06  3.383193E-07  1.143195E-01  2.139061E-05  8.604848E-07  7.391473E-07  6.444422E-04  8.762600E-04  1.355321E-05  4.940663E-06  6.322766E-06  3.738043E-06
 3.021500E+02  2.911136E-01  1.758945E-04  2.061144E-08  2.729450E-08  3.042656E-08  3.658267E-08  2.965387E-01  3.946848E-04  2.464058E-06  2.912178E-01  1.568913E-03  3.800577E-05  1.461621E-06  4.603059E-03  6.919853E-07  2.473081E-06  3.248460E-07  1.127972E-01  2.043200E-05  8.328120E-07  7.148682E-07  6.338725E-04  8.618701E-04  1.277167E-05  4.642209E-06  5.942867E-06  3.553313E-06
 3.031500E+02  2.919059E-01  1.742610E-04  1.998122E-08  2.646723E-08  2.950613E-08  3.548520E-08  2.966013E-01  3.870858E-04  2.308835E-06  2.920042E-01  1.546742E-03  3.591235E-05  1.425314E-06  4.519584E-03  6.555082E-07  2.348967E-06  3.119883E-07  1.113002E-01  1.952111E-05  8.061638E-07  6.915053E-07  6.235346E-04  8.477967E-04  1.203949E-05  4.363581E-06  5.588085E-06  3.378761E-06
 3.041500E+02  2.926846E-01  1.726463E-04  1.937337E-08  2.566909E-08  2.861805E-08  3.442602E-08  2.966623E-01  3.796889E-04  2.164396E-06  2.927771E-01  1.524953E-03  3.394451E-05  1.390056E-06  4.438118E-03  6.211828E-07  2.231867E-06  2.997149E-07  1.098284E-01  1.865537E-05  7.804985E-07  6.690207E-07  6.134225E-04  8.340318E-04  1.135330E-05  4.103352E-06  5.256621E-06  3.213775E-06
 3.051500E+02  2.934500E-01  1.710504E-04  1.878702E-08  2.489895E-08  2.776109E-08  3.340366E-08  2.967218E-01  3.724876E-04  2.029927E-06  2.935369E-01  1.503541E-03  3.209419E-05  1.355817E-06  4.358604E-03  5.888700E-07  2.121344E-06  2.879965E-07  1.083812E-01  1.783235E-05  7.557765E-07  6.473781E-07  6.035305E-04  8.205675E-04  1.070999E-05  3.860205E-06  4.946812E-06  3.057781E-06
 3.061500E+02  2.942022E-01  1.694731E-04  1.822132E-08  2.415574E-08  2.693403E-08  3.241672E-08  2.967798E-01  3.654756E-04  1.904681E-06  2.942838E-01  1.482499E-03  3.035385E-05  1.322563E-06  4.280987E-03  5.584404E-07  2.016991E-06  2.768052E-07  1.069582E-01  1.704976E-05  7.319595E-07  6.265430E-07  5.938530E-04  8.073962E-04  1.010666E-05  3.632924E-06  4.657124E-06  2.910246E-06
 3.071500E+02  2.949416E-01  1.679145E-04  1.767548E-08  2.343841E-08  2.613572E-08  3.146385E-08  2.968365E-01  3.586469E-04  1.787969E-06  2.950180E-01  1.461821E-03  2.871648E-05  1.290264E-06  4.205214E-03  5.297734E-07  1.918430E-06  2.661145E-07  1.055591E-01  1.630545E-05  7.090112E-07  6.064823E-07  5.843847E-04  7.945103E-04  9.540626E-06  3.420386E-06  4.386139E-06  2.770666E-06
 3.081500E+02  2.956683E-01  1.663743E-04  1.714874E-08  2.274598E-08  2.536508E-08  3.054375E-08  2.968918E-01  3.519954E-04  1.679159E-06  2.957397E-01  1.441500E-03  2.717552E-05  1.258892E-06  4.131234E-03  5.027571E-07  1.825305E-06  2.558997E-07  1.041835E-01  1.559737E-05  6.868967E-07  5.871641E-07  5.751202E-04  7.819028E-04  9.009400E-06  3.221553E-06  4.132545E-06  2.638574E-06
 3.091500E+02  2.963826E-01  1.648524E-04  1.664034E-08  2.207748E-08  2.462103E-08  2.965518E-08  2.969457E-01  3.455158E-04  1.577669E-06  2.964491E-01  1.421531E-03  2.572489E-05  1.228416E-06  4.058997E-03  4.772870E-07  1.737286E-06  2.461371E-07  1.028309E-01  1.492361E-05  6.655826E-07  5.685583E-07  5.660544E-04  7.695665E-04  8.510668E-06  3.035467E-06  3.895131E-06  2.513529E-06
 3.101500E+02  2.970846E-01  1.633487E-04  1.614959E-08  2.143201E-08  2.390256E-08  2.879693E-08  2.969984E-01  3.392024E-04  1.482963E-06  2.971464E-01  1.401908E-03  2.435888E-05  1.198809E-06  3.988454E-03  4.532659E-07  1.654064E-06  2.368044E-07  1.015011E-01  1.428237E-05  6.450370E-07  5.506360E-07  5.571824E-04  7.574946E-04  8.042278E-06  2.861240E-06  3.672776E-06  2.395121E-06
 3.111500E+02  2.977746E-01  1.618632E-04  1.567581E-08  2.080869E-08  2.320871E-08  2.796788E-08  2.970499E-01  3.330501E-04  1.394547E-06  2.978319E-01  1.382624E-03  2.307218E-05  1.170045E-06  3.919559E-03  4.306032E-07  1.575351E-06  2.278807E-07  1.001935E-01  1.367192E-05  6.252292E-07  5.333692E-07  5.484993E-04  7.456805E-04  7.602234E-06  2.698051E-06  3.464441E-06  2.282963E-06
 3.121500E+02  2.984528E-01  1.603955E-04  1.521835E-08  2.020667E-08  2.253853E-08  2.716691E-08  2.971001E-01  3.270539E-04  1.311966E-06  2.985057E-01  1.363674E-03  2.185985E-05  1.142097E-06  3.852266E-03  4.092144E-07  1.500876E-06  2.193458E-07  9.890792E-02  1.309066E-05  6.061300E-07  5.167317E-07  5.400003E-04  7.341176E-04  7.188680E-06  2.545140E-06  3.269165E-06  2.176694E-06
 3.131500E+02  2.991194E-01  1.589457E-04  1.477658E-08  1.962515E-08  2.189113E-08  2.639297E-08  2.971491E-01  3.212090E-04  1.234800E-06  2.991682E-01  1.345052E-03  2.071726E-05  1.114940E-06  3.786532E-03  3.890207E-07  1.430388E-06  2.111810E-07  9.764389E-02  1.253707E-05  5.877113E-07  5.006980E-07  5.316810E-04  7.227998E-04  6.799888E-06  2.401803E-06  3.086058E-06  2.075976E-06
 3.141500E+02  2.997746E-01  1.575136E-04  1.434991E-08  1.906336E-08  2.126566E-08  2.564506E-08  2.971971E-01  3.155106E-04  1.162663E-06  2.998193E-01  1.326752E-03  1.964007E-05  1.088549E-06  3.722313E-03  3.699487E-07  1.363651E-06  2.033683E-07  9.640107E-02  1.200971E-05  5.699464E-07  4.852439E-07  5.235367E-04  7.117209E-04  6.434253E-06  2.267389E-06  2.914296E-06  1.980490E-06
 3.151500E+02  3.004187E-01  1.560989E-04  1.393776E-08  1.852054E-08  2.066128E-08  2.492219E-08  2.972439E-01  3.099542E-04  1.095196E-06  3.004595E-01  1.308769E-03  1.862427E-05  1.062901E-06  3.659568E-03  3.519298E-07  1.300444E-06  1.958907E-07  9.517907E-02  1.150723E-05  5.528093E-07  4.703461E-07  5.155633E-04  7.008750E-04  6.090280E-06  2.141294E-06  2.753113E-06  1.889938E-06
 3.161500E+02  3.010517E-01  1.547017E-04  1.353959E-08  1.799600E-08  2.007720E-08  2.422343E-08  2.972896E-01  3.045355E-04  1.032071E-06  3.010887E-01  1.291096E-03  1.766607E-05  1.037973E-06  3.598258E-03  3.348998E-07  1.240561E-06  1.887322E-07  9.397756E-02  1.102834E-05  5.362756E-07  4.559825E-07  5.077565E-04  6.902563E-04  5.766578E-06  2.022957E-06  2.601799E-06  1.804040E-06
 3.171500E+02  3.016740E-01  1.533216E-04  1.315486E-08  1.748903E-08  1.951268E-08  2.354790E-08  2.973342E-01  2.992503E-04  9.729825E-07  3.017074E-01  1.273729E-03  1.676196E-05  1.013743E-06  3.538343E-03  3.187990E-07  1.183808E-06  1.818776E-07  9.279617E-02  1.057183E-05  5.203217E-07  4.421317E-07  5.001121E-04  6.798590E-04  5.461851E-06  1.911859E-06  2.459698E-06  1.722534E-06
 3.181500E+02  3.022857E-01  1.519586E-04  1.278308E-08  1.699899E-08  1.896697E-08  2.289472E-08  2.973779E-01  2.940946E-04  9.176486E-07  3.023156E-01  1.256662E-03  1.590864E-05  9.901892E-07  3.479786E-03  3.035716E-07  1.130004E-06  1.753125E-07  9.163456E-02  1.013655E-05  5.049249E-07  4.287735E-07  4.926263E-04  6.696779E-04  5.174893E-06  1.807518E-06  2.326197E-06  1.645172E-06
 3.191500E+02  3.028869E-01  1.506126E-04  1.242375E-08  1.652525E-08  1.843937E-08  2.226308E-08  2.974206E-01  2.890644E-04  8.658088E-07  3.029135E-01  1.239890E-03  1.510304E-05  9.672907E-07  3.422551E-03  2.891652E-07  1.078979E-06  1.690231E-07  9.049237E-02  9.721439E-06  4.900636E-07  4.158883E-07  4.852950E-04  6.597076E-04  4.904580E-06  1.709485E-06  2.200730E-06  1.571724E-06
 3.201500E+02  3.034780E-01  1.492832E-04  1.207641E-08  1.606719E-08  1.792922E-08  2.165217E-08  2.974623E-01  2.841560E-04  8.172224E-07  3.035013E-01  1.223407E-03  1.434226E-05  9.450276E-07  3.366601E-03  2.755310E-07  1.030574E-06  1.629966E-07  8.936927E-02  9.325458E-06  4.757170E-07  4.034576E-07  4.781145E-04  6.499428E-04  4.649863E-06  1.617346E-06  2.082769E-06  1.501972E-06
 3.211500E+02  3.040590E-01  1.479704E-04  1.174062E-08  1.562425E-08  1.743588E-08  2.106125E-08  2.975030E-01  2.793659E-04  7.716661E-07  3.040792E-01  1.207208E-03  1.362362E-05  9.233803E-07  3.311902E-03  2.626233E-07  9.846411E-07  1.572205E-07  8.826492E-02  8.947646E-06  4.618653E-07  3.914634E-07  4.710812E-04  6.403787E-04  4.409765E-06  1.530714E-06  1.971825E-06  1.435710E-06
 3.221500E+02  3.046302E-01  1.466740E-04  1.141593E-08  1.519586E-08  1.695871E-08  2.048957E-08  2.975429E-01  2.746903E-04  7.289334E-07  3.046474E-01  1.191287E-03  1.294459E-05  9.023300E-07  3.258421E-03  2.503995E-07  9.410388E-07  1.516833E-07  8.717900E-02  8.587089E-06  4.484894E-07  3.798886E-07  4.641915E-04  6.310101E-04  4.183374E-06  1.449230E-06  1.867442E-06  1.372748E-06
 3.231500E+02  3.051917E-01  1.453939E-04  1.110195E-08  1.478148E-08  1.649713E-08  1.993644E-08  2.975818E-01  2.701261E-04  6.888331E-07  3.052061E-01  1.175641E-03  1.230281E-05  8.818584E-07  3.206127E-03  2.388194E-07  8.996365E-07  1.463738E-07  8.611117E-02  8.242923E-06  4.355711E-07  3.687170E-07  4.574418E-04  6.218325E-04  3.969840E-06  1.372561E-06  1.769197E-06  1.312903E-06
 3.241500E+02  3.057437E-01  1.441298E-04  1.079828E-08  1.438061E-08  1.605057E-08  1.940117E-08  2.976199E-01  2.656698E-04  6.511878E-07  3.057553E-01  1.160263E-03  1.169608E-05  8.619480E-07  3.154986E-03  2.278456E-07  8.603109E-07  1.412815E-07  8.506111E-02  7.914330E-06  4.230928E-07  3.579327E-07  4.508289E-04  6.128412E-04  3.768369E-06  1.300396E-06  1.676696E-06  1.256006E-06
 3.251500E+02  3.062864E-01  1.428816E-04  1.050453E-08  1.399274E-08  1.561847E-08  1.888313E-08  2.976572E-01  2.613185E-04  6.158330E-07  3.062954E-01  1.145149E-03  1.112231E-05  8.425816E-07  3.104970E-03  2.174430E-07  8.229463E-07  1.363965E-07  8.402851E-02  7.600536E-06  4.110379E-07  3.475209E-07  4.443494E-04  6.040316E-04  3.578219E-06  1.232446E-06  1.589573E-06  1.201897E-06
 3.261500E+02  3.068200E-01  1.416491E-04  1.022034E-08  1.361741E-08  1.520032E-08  1.838169E-08  2.976936E-01  2.570689E-04  5.826164E-07  3.068264E-01  1.130294E-03  1.057958E-05  8.237427E-07  3.056048E-03  2.075787E-07  7.874342E-07  1.317093E-07  8.301305E-02  7.300810E-06  3.993902E-07  3.374670E-07  4.380000E-04  5.953995E-04  3.398699E-06  1.168443E-06  1.507485E-06  1.150425E-06
 3.271500E+02  3.073446E-01  1.404322E-04  9.945366E-09  1.325416E-08  1.479560E-08  1.789625E-08  2.977293E-01  2.529182E-04  5.513962E-07  3.073486E-01  1.115694E-03  1.006606E-05  8.054153E-07  3.008192E-03  1.982220E-07  7.536725E-07  1.272108E-07  8.201443E-02  7.014458E-06  3.881342E-07  3.277573E-07  4.317778E-04  5.869404E-04  3.229162E-06  1.108136E-06  1.430114E-06  1.101448E-06
 3.281500E+02  3.078604E-01  1.392306E-04  9.679267E-09  1.290254E-08  1.440383E-08  1.742624E-08  2.977641E-01  2.488635E-04  5.220411E-07  3.078620E-01  1.101343E-03  9.580049E-06  7.875838E-07  2.961374E-03  1.893438E-07  7.215651E-07  1.228926E-07  8.103235E-02  6.740824E-06  3.772553E-07  3.183787E-07  4.256796E-04  5.786503E-04  3.069003E-06  1.051292E-06  1.357165E-06  1.054833E-06
 3.291500E+02  3.083676E-01  1.380443E-04  9.421721E-09  1.256215E-08  1.402454E-08  1.697110E-08  2.977983E-01  2.449021E-04  4.944291E-07  3.083669E-01  1.087237E-03  9.119950E-06  7.702332E-07  2.915567E-03  1.809172E-07  6.910221E-07  1.187465E-07  8.006650E-02  6.479286E-06  3.667392E-07  3.093184E-07  4.197025E-04  5.705252E-04  2.917658E-06  9.976939E-07  1.288361E-06  1.010455E-06
 3.301500E+02  3.088662E-01  1.368729E-04  9.172419E-09  1.223258E-08  1.365729E-08  1.653030E-08  2.978316E-01  2.410313E-04  4.684468E-07  3.088634E-01  1.073371E-03  8.684266E-06  7.533491E-07  2.870745E-03  1.729166E-07  6.619585E-07  1.147647E-07  7.911659E-02  6.229255E-06  3.565724E-07  3.005643E-07  4.138436E-04  5.625610E-04  2.774597E-06  9.471385E-07  1.223444E-06  9.681939E-07
 3.311500E+02  3.093565E-01  1.357165E-04  8.931063E-09  1.191343E-08  1.330164E-08  1.610334E-08  2.978643E-01  2.372486E-04  4.439887E-07  3.093517E-01  1.059742E-03  8.271589E-06  7.369174E-07  2.826882E-03  1.653182E-07  6.342947E-07  1.109400E-07  7.818234E-02  5.990174E-06  3.467418E-07  2.921047E-07  4.081001E-04  5.547540E-04  2.639326E-06  8.994370E-07  1.162174E-06  9.279390E-07
 3.321500E+02  3.098387E-01  1.345747E-04  8.697367E-09  1.160435E-08  1.295718E-08  1.568971E-08  2.978963E-01  2.335515E-04  4.209568E-07  3.098319E-01  1.046344E-03  7.880602E-06  7.209245E-07  2.783954E-03  1.580995E-07  6.079554E-07  1.072653E-07  7.726346E-02  5.761515E-06  3.372348E-07  2.839287E-07  4.024693E-04  5.471005E-04  2.511383E-06  8.544134E-07  1.104327E-06  8.895847E-07
 3.331500E+02  3.103128E-01  1.334474E-04  8.471055E-09  1.130496E-08  1.262351E-08  1.528896E-08  2.979276E-01  2.299375E-04  3.992598E-07  3.103041E-01  1.033173E-03  7.510067E-06  7.053572E-07  2.741937E-03  1.512396E-07  5.828701E-07  1.037340E-07  7.635968E-02  5.542776E-06  3.280395E-07  2.760253E-07  3.969486E-04  5.395967E-04  2.390335E-06  8.119029E-07  1.049694E-06  8.530319E-07
 3.341500E+02  3.107791E-01  1.323344E-04  8.251865E-09  1.101492E-08  1.230025E-08  1.490063E-08  2.979582E-01  2.264043E-04  3.788129E-07  3.107686E-01  1.020225E-03  7.158821E-06  6.902028E-07  2.700807E-03  1.447187E-07  5.589722E-07  1.003398E-07  7.547071E-02  5.333482E-06  3.191443E-07  2.683845E-07  3.915353E-04  5.322393E-04  2.275775E-06  7.717521E-07  9.980775E-07  8.181870E-07
 3.351500E+02  3.112377E-01  1.312356E-04  8.039542E-09  1.073391E-08  1.198703E-08  1.452427E-08  2.979882E-01  2.229498E-04  3.595371E-07  3.112253E-01  1.007496E-03  6.825774E-06  6.754490E-07  2.660543E-03  1.385181E-07  5.361991E-07  9.707670E-08  7.459630E-02  5.133183E-06  3.105383E-07  2.609963E-07  3.862270E-04  5.250248E-04  2.167326E-06  7.338176E-07  9.492967E-07  7.849615E-07
 3.361500E+02  3.116886E-01  1.301508E-04  7.833843E-09  1.046160E-08  1.168349E-08  1.415948E-08  2.980176E-01  2.195717E-04  3.413587E-07  3.116746E-01  9.949820E-04  6.509900E-06  6.610838E-07  2.621121E-03  1.326204E-07  5.144916E-07  9.393895E-08  7.373617E-02  4.941453E-06  3.022107E-07  2.538514E-07  3.810212E-04  5.179498E-04  2.064630E-06  6.979652E-07  9.031803E-07  7.532721E-07
 3.371500E+02  3.121321E-01  1.290798E-04  7.634532E-09  1.019768E-08  1.138931E-08  1.380585E-08  2.980463E-01  2.162679E-04  3.242091E-07  3.121166E-01  9.826786E-04  6.210236E-06  6.470956E-07  2.582522E-03  1.270091E-07  4.937942E-07  9.092111E-08  7.289006E-02  4.757885E-06  2.941515E-07  2.469407E-07  3.759155E-04  5.110110E-04  1.967354E-06  6.640697E-07  8.595688E-07  7.230402E-07
 3.381500E+02  3.125683E-01  1.280224E-04  7.441386E-09  9.941878E-09  1.110414E-08  1.346299E-08  2.980745E-01  2.130365E-04  3.080243E-07  3.125512E-01  9.705820E-04  5.925877E-06  6.334733E-07  2.544723E-03  1.216688E-07  4.740544E-07  8.801800E-08  7.205773E-02  4.582097E-06  2.863507E-07  2.402555E-07  3.709075E-04  5.042054E-04  1.875185E-06  6.320141E-07  8.183130E-07  6.941915E-07
 3.391500E+02  3.129974E-01  1.269785E-04  7.254186E-09  9.693893E-09  1.082768E-08  1.313052E-08  2.981021E-01  2.098753E-04  2.927447E-07  3.129788E-01  9.586883E-04  5.655973E-06  6.202061E-07  2.507706E-03  1.165850E-07  4.552227E-07  8.522469E-08  7.123891E-02  4.413722E-06  2.787991E-07  2.337875E-07  3.659952E-04  4.975297E-04  1.787831E-06  6.016887E-07  7.792731E-07  6.666557E-07
 3.401500E+02  3.134194E-01  1.259478E-04  7.072726E-09  9.453458E-09  1.055963E-08  1.280810E-08  2.981291E-01  2.067826E-04  2.783146E-07  3.133995E-01  9.469938E-04  5.399722E-06  6.072834E-07  2.471450E-03  1.117439E-07  4.372524E-07  8.253647E-08  7.043336E-02  4.252416E-06  2.714877E-07  2.275288E-07  3.611761E-04  4.909811E-04  1.705016E-06  5.729913E-07  7.423186E-07  6.403665E-07
 3.411500E+02  3.138345E-01  1.249304E-04  6.896805E-09  9.220310E-09  1.029968E-08  1.249536E-08  2.981555E-01  2.037565E-04  2.646821E-07  3.138132E-01  9.354946E-04  5.156374E-06  5.946951E-07  2.435936E-03  1.071326E-07  4.200995E-07  7.994886E-08  6.964084E-02  4.097848E-06  2.644076E-07  2.214716E-07  3.564483E-04  4.845566E-04  1.626483E-06  5.458258E-07  7.073272E-07  6.152614E-07
 3.421500E+02  3.142429E-01  1.239258E-04  6.726230E-09  8.994199E-09  1.004757E-08  1.219199E-08  2.981815E-01  2.007952E-04  2.517987E-07  3.142203E-01  9.241872E-04  4.925219E-06  5.824314E-07  2.401147E-03  1.027391E-07  4.037223E-07  7.745759E-08  6.886111E-02  3.949709E-06  2.575508E-07  2.156085E-07  3.518095E-04  4.782533E-04  1.551988E-06  5.201025E-07  6.741843E-07  5.912812E-07
 3.431500E+02  3.146445E-01  1.229341E-04  6.560816E-09  8.774882E-09  9.803024E-09  1.189767E-08  2.982069E-01  1.978969E-04  2.396192E-07  3.146208E-01  9.130679E-04  4.705591E-06  5.704828E-07  2.367064E-03  9.855179E-08  3.880818E-07  7.505860E-08  6.809394E-02  3.807700E-06  2.509091E-07  2.099327E-07  3.472579E-04  4.720685E-04  1.481305E-06  4.957373E-07  6.427827E-07  5.683697E-07
 3.441500E+02  3.150397E-01  1.219549E-04  6.400385E-09  8.562125E-09  9.565782E-09  1.161207E-08  2.982318E-01  1.950600E-04  2.281011E-07  3.150148E-01  9.021331E-04  4.496865E-06  5.588400E-07  2.333670E-03  9.455998E-08  3.731406E-07  7.274800E-08  6.733910E-02  3.671541E-06  2.444749E-07  2.044371E-07  3.427913E-04  4.659995E-04  1.414220E-06  4.726515E-07  6.130217E-07  5.464741E-07
 3.451500E+02  3.154285E-01  1.209883E-04  6.244765E-09  8.355706E-09  9.335596E-09  1.133492E-08  2.982562E-01  1.922829E-04  2.172050E-07  3.154024E-01  8.913796E-04  4.298448E-06  5.474942E-07  2.300948E-03  9.075347E-08  3.588640E-07  7.052210E-08  6.659636E-02  3.540964E-06  2.382408E-07  1.991155E-07  3.384079E-04  4.600436E-04  1.350532E-06  4.507711E-07  5.848072E-07  5.255443E-07
 3.461500E+02  3.158110E-01  1.200339E-04  6.093792E-09  8.155407E-09  9.112224E-09  1.106591E-08  2.982801E-01  1.895640E-04  2.068938E-07  3.157839E-01  8.808037E-04  4.109786E-06  5.364366E-07  2.268881E-03  8.712268E-08  3.452187E-07  6.837736E-08  6.586549E-02  3.415715E-06  2.321997E-07  1.939614E-07  3.341058E-04  4.541983E-04  1.290053E-06  4.300272E-07  5.580508E-07  5.055330E-07
 3.471500E+02  3.161873E-01  1.190916E-04  5.947308E-09  7.961022E-09  8.895438E-09  1.080479E-08  2.983035E-01  1.869018E-04  1.971330E-07  3.161592E-01  8.704022E-04  3.930355E-06  5.256590E-07  2.237454E-03  8.365857E-08  3.321735E-07  6.631043E-08  6.514629E-02  3.295553E-06  2.263449E-07  1.889689E-07  3.298832E-04  4.484611E-04  1.232606E-06  4.103547E-07  5.326695E-07  4.863952E-07
 3.481500E+02  3.165575E-01  1.181614E-04  5.805158E-09  7.772350E-09  8.685014E-09  1.055127E-08  2.983265E-01  1.842948E-04  1.878902E-07  3.165285E-01  8.601718E-04  3.759662E-06  5.151533E-07  2.206651E-03  8.035258E-08  3.196987E-07  6.431810E-08  6.443854E-02  3.180248E-06  2.206697E-07  1.841322E-07  3.257382E-04  4.428295E-04  1.178023E-06  3.916927E-07  5.085856E-07  4.680885E-07
 3.491500E+02  3.169219E-01  1.172429E-04  5.667197E-09  7.589200E-09  8.480738E-09  1.030512E-08  2.983490E-01  1.817415E-04  1.791351E-07  3.168919E-01  8.501094E-04  3.597241E-06  5.049115E-07  2.176458E-03  7.719668E-08  3.077665E-07  6.239730E-08  6.374203E-02  3.069582E-06  2.151679E-07  1.794458E-07  3.216692E-04  4.373013E-04  1.126149E-06  3.739842E-07  4.857261E-07  4.505727E-07
 3.501500E+02  3.172804E-01  1.163361E-04  5.533282E-09  7.411385E-09  8.282405E-09  1.006608E-08  2.983711E-01  1.792407E-04  1.708393E-07  3.172496E-01  8.402117E-04  3.442654E-06  4.949262E-07  2.146858E-03  7.418326E-08  2.963503E-07  6.054510E-08  6.305655E-02  2.963346E-06  2.098335E-07  1.749044E-07  3.176744E-04  4.318739E-04  1.076835E-06  3.571756E-07  4.640224E-07  4.338098E-07
 3.511500E+02  3.176332E-01  1.154408E-04  5.403278E-09  7.238728E-09  8.089816E-09  9.833922E-09  2.983927E-01  1.767908E-04  1.629762E-07  3.176015E-01  8.304757E-04  3.295488E-06  4.851898E-07  2.117839E-03  7.130512E-08  2.854251E-07  5.875872E-08  6.238191E-02  2.861344E-06  2.046606E-07  1.705028E-07  3.137522E-04  4.265454E-04  1.029943E-06  3.412165E-07  4.434102E-07  4.177637E-07
 3.521500E+02  3.179803E-01  1.145568E-04  5.277054E-09  7.071056E-09  7.902779E-09  9.608412E-09  2.984139E-01  1.743907E-04  1.555210E-07  3.179479E-01  8.208982E-04  3.155353E-06  4.756954E-07  2.089385E-03  6.855549E-08  2.749672E-07  5.703549E-08  6.171790E-02  2.763388E-06  1.996437E-07  1.662361E-07  3.099010E-04  4.213133E-04  9.853418E-07  3.260596E-07  4.238290E-07  4.024002E-07
 3.531500E+02  3.183220E-01  1.136840E-04  5.154484E-09  6.908204E-09  7.721112E-09  9.389334E-09  2.984348E-01  1.720391E-04  1.484502E-07  3.182888E-01  8.114765E-04  3.021881E-06  4.664361E-07  2.061485E-03  6.592794E-08  2.649541E-07  5.537286E-08  6.106434E-02  2.669299E-06  1.947773E-07  1.620997E-07  3.061192E-04  4.161756E-04  9.429091E-07  3.116604E-07  4.052218E-07  3.876868E-07
 3.541500E+02  3.186582E-01  1.128223E-04  5.035445E-09  6.750013E-09  7.544636E-09  9.176476E-09  2.984552E-01  1.697348E-04  1.417420E-07  3.186244E-01  8.022075E-04  2.894727E-06  4.574050E-07  2.034124E-03  6.341643E-08  2.553647E-07  5.376841E-08  6.042102E-02  2.578906E-06  1.900563E-07  1.580889E-07  3.024053E-04  4.111303E-04  9.025288E-07  2.979774E-07  3.875353E-07  3.735930E-07
 3.551500E+02  3.189892E-01  1.119714E-04  4.919820E-09  6.596329E-09  7.373180E-09  8.969635E-09  2.984752E-01  1.674764E-04  1.353759E-07  3.189546E-01  7.930884E-04  2.773561E-06  4.485958E-07  2.007290E-03  6.101522E-08  2.461786E-07  5.221981E-08  5.978777E-02  2.492049E-06  1.854757E-07  1.541994E-07  2.987578E-04  4.061752E-04  8.640917E-07  2.849710E-07  3.707193E-07  3.600895E-07
 3.561500E+02  3.193149E-01  1.111312E-04  4.807498E-09  6.447005E-09  7.206581E-09  8.768615E-09  2.984949E-01  1.652630E-04  1.293325E-07  3.192798E-01  7.841164E-04  2.658076E-06  4.400021E-07  1.980971E-03  5.871888E-08  2.373769E-07  5.072483E-08  5.916440E-02  2.408571E-06  1.810307E-07  1.504269E-07  2.951753E-04  4.013085E-04  8.274950E-07  2.726046E-07  3.547265E-07  3.471488E-07
 3.571500E+02  3.196355E-01  1.103017E-04  4.698369E-09  6.301897E-09  7.044679E-09  8.573227E-09  2.985141E-01  1.630934E-04  1.235939E-07  3.195998E-01  7.752887E-04  2.547978E-06  4.316179E-07  1.955153E-03  5.652229E-08  2.289415E-07  4.928136E-08  5.855073E-02  2.328327E-06  1.767168E-07  1.467676E-07  2.916563E-04  3.965281E-04  7.926417E-07  2.608433E-07  3.395123E-07  3.347446E-07
 3.581500E+02  3.199511E-01  1.094826E-04  4.592329E-09  6.160868E-09  6.887323E-09  8.383288E-09  2.985330E-01  1.609665E-04  1.181429E-07  3.199148E-01  7.666026E-04  2.442993E-06  4.234374E-07  1.929827E-03  5.442060E-08  2.208551E-07  4.788737E-08  5.794658E-02  2.251177E-06  1.725294E-07  1.432174E-07  2.881994E-04  3.918323E-04  7.594404E-07  2.496545E-07  3.250349E-07  3.228521E-07
 3.591500E+02  3.202618E-01  1.086738E-04  4.489276E-09  6.023786E-09  6.734363E-09  8.198624E-09  2.985516E-01  1.588812E-04  1.129638E-07  3.202250E-01  7.580556E-04  2.342861E-06  4.154547E-07  1.904980E-03  5.240922E-08  2.131016E-07  4.654092E-08  5.735179E-02  2.176988E-06  1.684643E-07  1.397726E-07  2.848034E-04  3.872191E-04  7.278048E-07  2.390074E-07  3.112550E-07  3.114477E-07
 3.601500E+02  3.205676E-01  1.078751E-04  4.389113E-09  5.890524E-09  6.585659E-09  8.019064E-09  2.985698E-01  1.568365E-04  1.080414E-07  3.205303E-01  7.496450E-04  2.247334E-06  4.076643E-07  1.880601E-03  5.048379E-08  2.056655E-07  4.524015E-08  5.676617E-02  2.105631E-06  1.645175E-07  1.364297E-07  2.814669E-04  3.826868E-04  6.976538E-07  2.288730E-07  2.981354E-07  3.005089E-07
 3.611500E+02  3.208687E-01  1.070864E-04  4.291748E-09  5.760958E-09  6.441074E-09  7.844446E-09  2.985877E-01  1.548314E-04  1.033617E-07  3.208309E-01  7.413682E-04  2.156180E-06  4.000610E-07  1.856679E-03  4.864020E-08  1.985322E-07  4.398328E-08  5.618957E-02  2.036987E-06  1.606849E-07  1.331852E-07  2.781886E-04  3.782336E-04  6.689104E-07  2.192241E-07  2.856410E-07  2.900144E-07
 3.621500E+02  3.211651E-01  1.063077E-04  4.197089E-09  5.634969E-09  6.300475E-09  7.674612E-09  2.986052E-01  1.528650E-04  9.891144E-08  3.211269E-01  7.332229E-04  2.069180E-06  3.926394E-07  1.833204E-03  4.687454E-08  1.916877E-07  4.276863E-08  5.562183E-02  1.970940E-06  1.569628E-07  1.300357E-07  2.749673E-04  3.738579E-04  6.415024E-07  2.100349E-07  2.737391E-07  2.799442E-07
 3.631500E+02  3.214570E-01  1.055386E-04  4.105050E-09  5.512444E-09  6.163735E-09  7.509410E-09  2.986224E-01  1.509364E-04  9.467819E-08  3.214183E-01  7.252064E-04  1.986126E-06  3.853946E-07  1.810165E-03  4.518313E-08  1.851189E-07  4.159456E-08  5.506277E-02  1.907380E-06  1.533474E-07  1.269780E-07  2.718017E-04  3.695579E-04  6.153612E-07  2.012814E-07  2.623984E-07  2.702789E-07
 3.641500E+02  3.217443E-01  1.047792E-04  4.015546E-09  5.393271E-09  6.030732E-09  7.348694E-09  2.986393E-01  1.490445E-04  9.065021E-08  3.217053E-01  7.173166E-04  1.906821E-06  3.783216E-07  1.787553E-03  4.356245E-08  1.788133E-07  4.045952E-08  5.451225E-02  1.846202E-06  1.498353E-07  1.240092E-07  2.686907E-04  3.653322E-04  5.904223E-07  1.929405E-07  2.515898E-07  2.610003E-07
 3.651500E+02  3.220273E-01  1.040292E-04  3.928496E-09  5.277345E-09  5.901347E-09  7.192322E-09  2.986559E-01  1.471886E-04  8.681648E-08  3.219879E-01  7.095509E-04  1.831078E-06  3.714158E-07  1.765358E-03  4.200919E-08  1.727589E-07  3.936202E-08  5.397011E-02  1.787307E-06  1.464231E-07  1.211261E-07  2.656331E-04  3.611790E-04  5.666247E-07  1.849909E-07  2.412856E-07  2.520910E-07
 3.661500E+02  3.223059E-01  1.032886E-04  3.843823E-09  5.164563E-09  5.775466E-09  7.040159E-09  2.986722E-01  1.453677E-04  8.316662E-08  3.222662E-01  7.019071E-04  1.758722E-06  3.646726E-07  1.743570E-03  4.052019E-08  1.669445E-07  3.830064E-08  5.343621E-02  1.730597E-06  1.431074E-07  1.183260E-07  2.626278E-04  3.570969E-04  5.439107E-07  1.774122E-07  2.314598E-07  2.435346E-07
 3.671500E+02  3.225802E-01  1.025571E-04  3.761451E-09  5.054826E-09  5.652979E-09  6.892071E-09  2.986882E-01  1.435811E-04  7.969085E-08  3.225402E-01  6.943831E-04  1.689587E-06  3.580874E-07  1.722181E-03  3.909247E-08  1.613593E-07  3.727401E-08  5.291038E-02  1.675983E-06  1.398851E-07  1.156060E-07  2.596737E-04  3.530843E-04  5.222259E-07  1.701852E-07  2.220876E-07  2.353154E-07
 3.681500E+02  3.228504E-01  1.018348E-04  3.681308E-09  4.948039E-09  5.533779E-09  6.747934E-09  2.987039E-01  1.418279E-04  7.637996E-08  3.228101E-01  6.869764E-04  1.623513E-06  3.516560E-07  1.701180E-03  3.772319E-08  1.559931E-07  3.628082E-08  5.239249E-02  1.623378E-06  1.367532E-07  1.129636E-07  2.567697E-04  3.491398E-04  5.015188E-07  1.632920E-07  2.131461E-07  2.274185E-07
 3.691500E+02  3.231165E-01  1.011213E-04  3.603324E-09  4.844108E-09  5.417763E-09  6.607623E-09  2.987193E-01  1.401073E-04  7.322529E-08  3.230760E-01  6.796851E-04  1.560353E-06  3.453742E-07  1.680560E-03  3.640967E-08  1.508362E-07  3.531982E-08  5.188239E-02  1.572699E-06  1.337088E-07  1.103962E-07  2.539148E-04  3.452620E-04  4.817406E-07  1.567153E-07  2.046131E-07  2.198296E-07
 3.701500E+02  3.233786E-01  1.004167E-04  3.527430E-09  4.742946E-09  5.304834E-09  6.471021E-09  2.987345E-01  1.384186E-04  7.021864E-08  3.233378E-01  6.725069E-04  1.499965E-06  3.392379E-07  1.660312E-03  3.514934E-08  1.458794E-07  3.438982E-08  5.137995E-02  1.523865E-06  1.307490E-07  1.079013E-07  2.511079E-04  3.414495E-04  4.628454E-07  1.504392E-07  1.964681E-07  2.125353E-07
 3.711500E+02  3.236367E-01  9.972083E-05  3.453562E-09  4.644466E-09  5.194894E-09  6.338013E-09  2.987494E-01  1.367610E-04  6.735232E-08  3.235957E-01  6.654398E-04  1.442214E-06  3.332433E-07  1.640428E-03  3.393979E-08  1.411138E-07  3.348965E-08  5.088502E-02  1.476803E-06  1.278710E-07  1.054766E-07  2.483481E-04  3.377009E-04  4.447895E-07  1.444484E-07  1.886915E-07  2.055227E-07
 3.721500E+02  3.238910E-01  9.903351E-05  3.381657E-09  4.548586E-09  5.087853E-09  6.208489E-09  2.987640E-01  1.351339E-04  6.461905E-08  3.238498E-01  6.584818E-04  1.386974E-06  3.273864E-07  1.620899E-03  3.277871E-08  1.365312E-07  3.261822E-08  5.039748E-02  1.431440E-06  1.250724E-07  1.031197E-07  2.456343E-04  3.340149E-04  4.275317E-07  1.387284E-07  1.812648E-07  1.987797E-07
 3.731500E+02  3.241414E-01  9.835463E-05  3.311653E-09  4.455226E-09  4.983621E-09  6.082343E-09  2.987783E-01  1.335364E-04  6.201197E-08  3.241000E-01  6.516308E-04  1.334124E-06  3.216636E-07  1.601718E-03  3.166392E-08  1.321235E-07  3.177448E-08  4.991719E-02  1.387706E-06  1.223504E-07  1.008286E-07  2.429656E-04  3.303902E-04  4.110330E-07  1.332659E-07  1.741704E-07  1.922944E-07
