#         T/K            c1          c2-1          c3-4          c3-5          c3-7          c3-9            m1          m2-1          m3-1            w1            w2          w3-1          w3-2          c1m1        c1m2-1        c1m2-7        c2m1-1        c1w1-2        c1w2-1        c2w1-1        c2w1-9        m1w1-1        m1w1-4        m1w2-1        m2w1-1        m2w1-3      c1m1w1-1
 2.731500E+02  1.216181E-01  4.712428E-05  4.834465E-09  6.345352E-09  7.059708E-09  8.417824E-09  6.406754E-01  3.323640E-03  1.861013E-04  1.727353E-01  9.857601E-04  5.721713E-05  8.028174E-07  7.848832E-03  7.739739E-06  2.539654E-05  4.904495E-07  4.878003E-02  1.530012E-05  2.900474E-07  2.546923E-07  1.439436E-03  1.959460E-03  6.994882E-05  9.393778E-05  1.189734E-04  1.044262E-05
 2.741500E+02  1.221049E-01  4.663729E-05  4.660730E-09  6.119392E-09  6.808819E-09  8.121229E-09  6.409009E-01  3.245722E-03  1.718994E-04  1.732015E-01  9.676310E-04  5.331199E-05  7.770933E-07  7.678785E-03  7.247365E-06  2.385793E-05  4.672154E-07  4.797983E-02  1.446077E-05  2.788030E-07  2.446074E-07  1.410021E-03  1.919297E-03  6.502031E-05  8.706065E-05  1.103074E-04  9.818349E-06
 2.751500E+02  1.225818E-01  4.615424E-05  4.493850E-09  5.902268E-09  6.567718E-09  7.836109E-09  6.411186E-01  3.170211E-03  1.588769E-04  1.736578E-01  9.499011E-04  4.969404E-05  7.523089E-07  7.513303E-03  6.789396E-06  2.242220E-05  4.452062E-07  4.719479E-02  1.367167E-05  2.680418E-07  2.349646E-07  1.381375E-03  1.880189E-03  6.046769E-05  8.073026E-05  1.023272E-04  9.234939E-06
 2.761500E+02  1.230489E-01  4.567527E-05  4.333545E-09  5.693620E-09  6.336013E-09  7.562005E-09  6.413288E-01  3.097020E-03  1.469284E-04  1.741044E-01  9.325617E-04  4.634080E-05  7.284275E-07  7.352252E-03  6.363236E-06  2.108191E-05  4.243519E-07  4.642467E-02  1.292961E-05  2.577416E-07  2.257434E-07  1.353477E-03  1.842107E-03  5.626030E-05  7.489998E-05  9.497459E-05  8.689513E-06
 2.771500E+02  1.235064E-01  4.520048E-05  4.179546E-09  5.493107E-09  6.113322E-09  7.298476E-09  6.415319E-01  3.026064E-03  1.359588E-04  1.745417E-01  9.156043E-04  4.323164E-05  7.054139E-07  7.195502E-03  5.966495E-06  1.983017E-05  4.045870E-07  4.566924E-02  1.223157E-05  2.478816E-07  2.169243E-07  1.326303E-03  1.805019E-03  5.237016E-05  6.952741E-05  8.819661E-05  8.179410E-06
 2.781500E+02  1.239546E-01  4.472995E-05  4.031595E-09  5.300399E-09  5.899282E-09  7.045101E-09  6.417282E-01  2.957263E-03  1.258817E-04  1.749697E-01  8.990206E-04  4.034766E-05  6.832341E-07  7.042926E-03  5.596978E-06  1.866064E-05  3.858498E-07  4.492826E-02  1.157478E-05  2.384418E-07  2.084885E-07  1.299833E-03  1.768897E-03  4.877165E-05  6.457397E-05  8.194502E-05  7.702165E-06
 2.791500E+02  1.243936E-01  4.426379E-05  3.889444E-09  5.115180E-09  5.693544E-09  6.801471E-09  6.419181E-01  2.890539E-03  1.166190E-04  1.753887E-01  8.828021E-04  3.767146E-05  6.618557E-07  6.894400E-03  5.252662E-06  1.756745E-05  3.680825E-07  4.420150E-02  1.095660E-05  2.294032E-07  2.004184E-07  1.274046E-03  1.733712E-03  4.544137E-05  6.000454E-05  7.617588E-05  7.255497E-06
 2.801500E+02  1.248235E-01  4.380206E-05  3.752856E-09  4.937145E-09  5.495771E-09  6.567196E-09  6.421017E-01  2.825817E-03  1.080997E-04  1.757989E-01  8.669407E-04  3.518708E-05  6.412475E-07  6.749807E-03  4.931688E-06  1.654520E-05  3.512306E-07  4.348871E-02  1.037461E-05  2.207474E-07  1.926969E-07  1.248922E-03  1.699435E-03  4.235790E-05  5.578713E-05  7.084917E-05  6.837293E-06
 2.811500E+02  1.252446E-01  4.334485E-05  3.621602E-09  4.766004E-09  5.305641E-09  6.341902E-09  6.422795E-01  2.763027E-03  1.002597E-04  1.762006E-01  8.514284E-04  3.287985E-05  6.213793E-07  6.609029E-03  4.632340E-06  1.558887E-05  3.352428E-07  4.278967E-02  9.826539E-06  2.124574E-07  1.853081E-07  1.224442E-03  1.666040E-03  3.950164E-05  5.189258E-05  6.592840E-05  6.445596E-06
 2.821500E+02  1.256571E-01  4.289220E-05  3.495465E-09  4.601477E-09  5.122844E-09  6.125227E-09  6.424516E-01  2.702098E-03  9.304047E-05  1.765938E-01  8.362572E-04  3.073629E-05  6.022225E-07  6.471956E-03  4.353040E-06  1.469385E-05  3.200710E-07  4.210414E-02  9.310254E-06  2.045164E-07  1.782366E-07  1.200586E-03  1.633502E-03  3.685463E-05  4.829431E-05  6.138029E-05  6.078592E-06
 2.831500E+02  1.260611E-01  4.244419E-05  3.374234E-09  4.443294E-09  4.947082E-09  5.916825E-09  6.426183E-01  2.642966E-03  8.638911E-05  1.769789E-01  8.214195E-04  2.874400E-05  5.837494E-07  6.338477E-03  4.092332E-06  1.385587E-05  3.056698E-07  4.143188E-02  8.823776E-06  1.969088E-07  1.714678E-07  1.177337E-03  1.601794E-03  3.440045E-05  4.496806E-05  5.717444E-05  5.734599E-06
 2.841500E+02  1.264567E-01  4.200084E-05  3.257707E-09  4.291198E-09  4.778072E-09  5.716363E-09  6.427798E-01  2.585568E-03  8.025742E-05  1.773559E-01  8.069075E-04  2.689157E-05  5.659333E-07  6.208488E-03  3.848873E-06  1.307095E-05  2.919968E-07  4.077265E-02  8.365253E-06  1.896196E-07  1.649877E-07  1.154676E-03  1.570893E-03  3.212400E-05  4.189172E-05  5.328314E-05  5.412058E-06
 2.851500E+02  1.268443E-01  4.156222E-05  3.145693E-09  4.144942E-09  4.615538E-09  5.523524E-09  6.429363E-01  2.529841E-03  7.460158E-05  1.777251E-01  7.927137E-04  2.516850E-05  5.487489E-07  6.081886E-03  3.621425E-06  1.233545E-05  2.790116E-07  4.012622E-02  7.932956E-06  1.826344E-07  1.587831E-07  1.132587E-03  1.540774E-03  3.001148E-05  3.904504E-05  4.968103E-05  5.109521E-06
 2.861500E+02  1.272239E-01  4.112834E-05  3.038006E-09  4.004288E-09  4.459218E-09  5.338000E-09  6.430881E-01  2.475728E-03  6.938175E-05  1.780866E-01  7.788308E-04  2.356514E-05  5.321717E-07  5.958571E-03  3.408844E-06  1.164598E-05  2.666767E-07  3.949236E-02  7.525269E-06  1.759396E-07  1.528414E-07  1.111052E-03  1.511415E-03  2.805020E-05  3.640958E-05  4.634496E-05  4.825645E-06
 2.871500E+02  1.275956E-01  4.069925E-05  2.934468E-09  3.869010E-09  4.308861E-09  5.159497E-09  6.432353E-01  2.423173E-03  6.456162E-05  1.784407E-01  7.652516E-04  2.207259E-05  5.161783E-07  5.838448E-03  3.210074E-06  1.099939E-05  2.549565E-07  3.887083E-02  7.140680E-06  1.695221E-07  1.471506E-07  1.090056E-03  1.482794E-03  2.622853E-05  3.396843E-05  4.325374E-05  4.559185E-06
 2.881500E+02  1.279598E-01  4.027496E-05  2.834909E-09  3.738888E-09  4.164225E-09  4.987733E-09  6.433781E-01  2.372122E-03  6.010813E-05  1.787875E-01  7.519691E-04  2.068264E-05  5.007460E-07  5.721424E-03  3.024139E-06  1.039277E-05  2.438174E-07  3.826141E-02  6.777778E-06  1.633697E-07  1.416993E-07  1.069584E-03  1.454889E-03  2.453579E-05  3.170615E-05  4.038799E-05  4.308983E-06
 2.891500E+02  1.283164E-01  3.985549E-05  2.739168E-09  3.613713E-09  4.025078E-09  4.822437E-09  6.435167E-01  2.322524E-03  5.599116E-05  1.791271E-01  7.389762E-04  1.938775E-05  4.858532E-07  5.607407E-03  2.850140E-06  9.823433E-06  2.332280E-07  3.766387E-02  6.435241E-06  1.574703E-07  1.364765E-07  1.049619E-03  1.427679E-03  2.296216E-05  2.960861E-05  3.772997E-05  4.073963E-06
 2.901500E+02  1.286658E-01  3.944086E-05  2.647086E-09  3.493284E-09  3.891198E-09  4.663351E-09  6.436512E-01  2.274328E-03  5.218320E-05  1.794597E-01  7.262662E-04  1.818094E-05  4.714794E-07  5.496310E-03  2.687241E-06  9.288871E-06  2.231586E-07  3.707797E-02  6.111836E-06  1.518129E-07  1.314719E-07  1.030147E-03  1.401144E-03  2.149863E-05  2.766286E-05  3.526342E-05  3.853126E-06
 2.911500E+02  1.290079E-01  3.903107E-05  2.558515E-09  3.377410E-09  3.762371E-09  4.510224E-09  6.437819E-01  2.227486E-03  4.865919E-05  1.797855E-01  7.138325E-04  1.705580E-05  4.576044E-07  5.388048E-03  2.534672E-06  8.786765E-06  2.135813E-07  3.650351E-02  5.806407E-06  1.463866E-07  1.266757E-07  1.011155E-03  1.375264E-03  2.013691E-05  2.585705E-05  3.297344E-05  3.645544E-06
 2.921500E+02  1.293431E-01  3.862612E-05  2.473311E-09  3.265906E-09  3.638394E-09  4.362817E-09  6.439087E-01  2.181954E-03  4.539622E-05  1.801046E-01  7.016686E-04  1.600640E-05  4.442093E-07  5.282539E-03  2.391720E-06  8.314961E-06  2.044697E-07  3.594025E-02  5.517873E-06  1.411811E-07  1.220783E-07  9.926279E-04  1.350021E-03  1.886937E-05  2.418031E-05  3.084640E-05  3.450353E-06
 2.931500E+02  1.296714E-01  3.822601E-05  2.391337E-09  3.158594E-09  3.519070E-09  4.220902E-09  6.440320E-01  2.137686E-03  4.237336E-05  1.804172E-01  6.897681E-04  1.502726E-05  4.312758E-07  5.179702E-03  2.257724E-06  7.871459E-06  1.957989E-07  3.538799E-02  5.245222E-06  1.361868E-07  1.176708E-07  9.745528E-04  1.325395E-03  1.768899E-05  2.262268E-05  2.886975E-05  3.266748E-06
 2.941500E+02  1.299930E-01  3.783075E-05  2.312461E-09  3.055306E-09  3.404212E-09  4.084259E-09  6.441518E-01  2.094641E-03  3.957148E-05  1.807234E-01  6.781248E-04  1.411334E-05  4.187861E-07  5.079461E-03  2.132073E-06  7.454402E-06  1.875455E-07  3.484649E-02  4.987506E-06  1.313942E-07  1.134447E-07  9.569168E-04  1.301371E-03  1.658933E-05  2.117501E-05  2.703201E-05  3.093983E-06
 2.951500E+02  1.303080E-01  3.744031E-05  2.236557E-09  2.955879E-09  3.293640E-09  3.952676E-09  6.442682E-01  2.052776E-03  3.697310E-05  1.810234E-01  6.667326E-04  1.325998E-05  4.067236E-07  4.981741E-03  2.014199E-06  7.062064E-06  1.796875E-07  3.431556E-02  4.743840E-06  1.267945E-07  1.093918E-07  9.397074E-04  1.277929E-03  1.556442E-05  1.982892E-05  2.532261E-05  2.931362E-06
 2.961500E+02  1.306166E-01  3.705468E-05  2.163504E-09  2.860156E-09  3.187181E-09  3.825951E-09  6.443814E-01  2.012054E-03  3.456220E-05  1.813172E-01  6.555857E-04  1.246286E-05  3.950719E-07  4.886468E-03  1.903578E-06  6.692840E-06  1.722040E-07  3.379498E-02  4.513391E-06  1.223793E-07  1.055045E-07  9.229125E-04  1.255055E-03  1.460879E-05  1.857670E-05  2.373187E-05  2.778236E-06
 2.971500E+02  1.309190E-01  3.667386E-05  2.093186E-09  2.767990E-09  3.084670E-09  3.703892E-09  6.444915E-01  1.972437E-03  3.232413E-05  1.816051E-01  6.446781E-04  1.171799E-05  3.838155E-07  4.793573E-03  1.799722E-06  6.345238E-06  1.650754E-07  3.328454E-02  4.295383E-06  1.181404E-07  1.017752E-07  9.065204E-04  1.232730E-03  1.371738E-05  1.741126E-05  2.225086E-05  2.634003E-06
 2.981500E+02  1.312152E-01  3.629781E-05  2.025492E-09  2.679236E-09  2.985948E-09  3.586311E-09  6.445985E-01  1.933888E-03  3.024544E-05  1.818872E-01  6.340042E-04  1.102170E-05  3.729395E-07  4.702987E-03  1.702179E-06  6.017871E-06  1.582832E-07  3.278404E-02  4.089085E-06  1.140701E-07  9.819706E-08  8.905196E-04  1.210940E-03  1.288555E-05  1.632610E-05  2.087140E-05  2.498099E-06
 2.991500E+02  1.315053E-01  3.592652E-05  1.960316E-09  2.593758E-09  2.890863E-09  3.473031E-09  6.447027E-01  1.896372E-03  2.831384E-05  1.821636E-01  6.235585E-04  1.037058E-05  3.624297E-07  4.614644E-03  1.610531E-06  5.709446E-06  1.518098E-07  3.229327E-02  3.893813E-06  1.101611E-07  9.476327E-08  8.748991E-04  1.189671E-03  1.210898E-05  1.531523E-05  1.958594E-05  2.370000E-06
 3.001500E+02  1.317896E-01  3.555997E-05  1.897556E-09  2.511424E-09  2.799270E-09  3.363880E-09  6.448040E-01  1.859855E-03  2.651804E-05  1.824344E-01  6.133356E-04  9.761473E-06  3.522722E-07  4.528479E-03  1.524388E-06  5.418761E-06  1.456388E-07  3.181205E-02  3.708928E-06  1.064065E-07  9.146747E-08  8.596483E-04  1.168906E-03  1.138372E-05  1.437315E-05  1.838754E-05  2.249218E-06
 3.011500E+02  1.320682E-01  3.519812E-05  1.837115E-09  2.432109E-09  2.711030E-09  3.258696E-09  6.449027E-01  1.824306E-03  2.484767E-05  1.826998E-01  6.033301E-04  9.191462E-06  3.424539E-07  4.444431E-03  1.443388E-06  5.144696E-06  1.397545E-07  3.134018E-02  3.533827E-06  1.027994E-07  8.830358E-08  8.447569E-04  1.148632E-03  1.070610E-05  1.349478E-05  1.726982E-05  2.135297E-06
 3.021500E+02  1.323411E-01  3.484095E-05  1.778899E-09  2.355691E-09  2.626007E-09  3.157320E-09  6.449988E-01  1.789692E-03  2.329323E-05  1.829599E-01  5.935370E-04  8.657844E-06  3.329622E-07  4.362439E-03  1.367195E-06  4.886207E-06  1.341423E-07  3.087746E-02  3.367948E-06  9.933352E-08  8.526579E-08  8.302148E-04  1.128835E-03  1.007274E-05  1.267546E-05  1.622688E-05  2.027811E-06
 3.031500E+02  1.326085E-01  3.448842E-05  1.722819E-09  2.282056E-09  2.544076E-09  3.059603E-09  6.450923E-01  1.755985E-03  2.184597E-05  1.832147E-01  5.839511E-04  8.158115E-06  3.237848E-07  4.282446E-03  1.295497E-06  4.642321E-06  1.287883E-07  3.042370E-02  3.210760E-06  9.600279E-08  8.234857E-08  8.160124E-04  1.109502E-03  9.480508E-06  1.191089E-05  1.525331E-05  1.926364E-06
 3.041500E+02  1.328706E-01  3.414050E-05  1.668790E-09  2.211092E-09  2.465111E-09  2.965399E-09  6.451834E-01  1.723155E-03  2.049787E-05  1.834645E-01  5.745676E-04  7.689957E-06  3.149102E-07  4.204394E-03  1.228004E-06  4.412132E-06  1.236792E-07  2.997873E-02  3.061768E-06  9.280139E-08  7.954666E-08  8.021401E-04  1.090619E-03  8.926524E-06  1.119708E-05  1.434408E-05  1.830584E-06
 3.051500E+02  1.331274E-01  3.379716E-05  1.616728E-09  2.142694E-09  2.388997E-09  2.874572E-09  6.452721E-01  1.691174E-03  1.924155E-05  1.837093E-01  5.653817E-04  7.251217E-06  3.063271E-07  4.128229E-03  1.164445E-06  4.194793E-06  1.188028E-07  2.954236E-02  2.920505E-06  8.972378E-08  7.685502E-08  7.885890E-04  1.072175E-03  8.408112E-06  1.053040E-05  1.349460E-05  1.740127E-06
 3.061500E+02  1.333790E-01  3.345836E-05  1.566555E-09  2.076760E-09  2.315619E-09  2.786987E-09  6.453585E-01  1.660016E-03  1.807022E-05  1.839492E-01  5.563886E-04  6.839902E-06  2.980248E-07  4.053897E-03  1.104569E-06  3.989515E-06  1.141472E-07  2.911440E-02  2.786534E-06  8.676468E-08  7.426888E-08  7.753501E-04  1.054158E-03  7.922799E-06  9.907462E-06  1.270059E-05  1.654667E-06
 3.071500E+02  1.336256E-01  3.312405E-05  1.518197E-09  2.013191E-09  2.244871E-09  2.702519E-09  6.454427E-01  1.629655E-03  1.697762E-05  1.841844E-01  5.475839E-04  6.454162E-06  2.899929E-07  3.981347E-03  1.048142E-06  3.795562E-06  1.097014E-07  2.869470E-02  2.659443E-06  8.391905E-08  7.178365E-08  7.624150E-04  1.036554E-03  7.468297E-06  9.325151E-06  1.195813E-05  1.573904E-06
 3.081500E+02  1.338674E-01  3.279420E-05  1.471581E-09  1.951896E-09  2.176648E-09  2.621044E-09  6.455248E-01  1.600065E-03  1.595800E-05  1.844149E-01  5.389629E-04  6.092280E-06  2.822216E-07  3.910530E-03  9.949470E-07  3.612244E-06  1.054549E-07  2.828306E-02  2.538848E-06  8.118206E-08  6.939499E-08  7.497752E-04  1.019354E-03  7.042487E-06  8.780591E-06  1.126357E-05  1.497555E-06
 3.091500E+02  1.341043E-01  3.246877E-05  1.426637E-09  1.892783E-09  2.110851E-09  2.542447E-09  6.456049E-01  1.571224E-03  1.500606E-05  1.846409E-01  5.305215E-04  5.752662E-06  2.747014E-07  3.841396E-03  9.447796E-07  3.438921E-06  1.013977E-07  2.787933E-02  2.424384E-06  7.854912E-08  6.709874E-08  7.374229E-04  1.002547E-03  6.643406E-06  8.271123E-06  1.061356E-05  1.425355E-06
 3.101500E+02  1.343365E-01  3.214772E-05  1.383300E-09  1.835769E-09  2.047385E-09  2.466614E-09  6.456829E-01  1.543107E-03  1.411690E-05  1.848625E-01  5.222553E-04  5.433828E-06  2.674230E-07  3.773899E-03  8.974510E-07  3.274990E-06  9.752056E-08  2.748334E-02  2.315710E-06  7.601585E-08  6.489095E-08  7.253501E-04  9.861201E-04  6.269235E-06  7.794289E-06  1.000499E-05  1.357058E-06
 3.111500E+02  1.345641E-01  3.183099E-05  1.341507E-09  1.780769E-09  1.986158E-09  2.393440E-09  6.457589E-01  1.515692E-03  1.328602E-05  1.850797E-01  5.141602E-04  5.134404E-06  2.603778E-07  3.707994E-03  8.527848E-07  3.119891E-06  9.381453E-08  2.709493E-02  2.212507E-06  7.357806E-08  6.276782E-08  7.135493E-04  9.700647E-04  5.918288E-06  7.347819E-06  9.434991E-06  1.292432E-06
 3.121500E+02  1.347872E-01  3.151856E-05  1.301196E-09  1.727707E-09  1.927085E-09  2.322819E-09  6.458331E-01  1.488959E-03  1.250926E-05  1.852926E-01  5.062321E-04  4.853111E-06  2.535572E-07  3.643636E-03  8.106164E-07  2.973099E-06  9.027121E-08  2.671393E-02  2.114472E-06  7.123175E-08  6.072576E-08  7.020132E-04  9.543704E-04  5.589001E-06  6.929609E-06  8.900900E-06  1.231260E-06
 3.131500E+02  1.350059E-01  3.121036E-05  1.262309E-09  1.676505E-09  1.870079E-09  2.254655E-09  6.459055E-01  1.462886E-03  1.178278E-05  1.855014E-01  4.984672E-04  4.588762E-06  2.469533E-07  3.580783E-03  7.707923E-07  2.834122E-06  8.688265E-08  2.634019E-02  2.021323E-06  6.897310E-08  5.876132E-08  6.907347E-04  9.390273E-04  5.279924E-06  6.537713E-06  8.400257E-06  1.173341E-06
 3.141500E+02  1.352203E-01  3.090636E-05  1.224791E-09  1.627092E-09  1.815062E-09  2.188852E-09  6.459761E-01  1.437453E-03  1.110302E-05  1.857062E-01  4.908616E-04  4.340252E-06  2.405581E-07  3.519392E-03  7.331691E-07  2.702501E-06  8.364132E-08  2.597356E-02  1.932791E-06  6.679846E-08  5.687122E-08  6.797069E-04  9.240262E-04  4.989709E-06  6.170330E-06  7.930781E-06  1.118484E-06
 3.151500E+02  1.354305E-01  3.060651E-05  1.188587E-09  1.579399E-09  1.761957E-09  2.125319E-09  6.460450E-01  1.412641E-03  1.046672E-05  1.859070E-01  4.834114E-04  4.106554E-06  2.343642E-07  3.459425E-03  6.976129E-07  2.577806E-06  8.054009E-08  2.561388E-02  1.848626E-06  6.470436E-08  5.505233E-08  6.689231E-04  9.093577E-04  4.717107E-06  5.825792E-06  7.490358E-06  1.066512E-06
 3.161500E+02  1.356367E-01  3.031076E-05  1.153648E-09  1.533358E-09  1.710689E-09  2.063970E-09  6.461123E-01  1.388431E-03  9.870847E-06  1.861038E-01  4.761132E-04  3.886712E-06  2.283645E-07  3.400842E-03  6.639989E-07  2.459634E-06  7.757221E-08  2.526102E-02  1.768591E-06  6.268746E-08  5.330166E-08  6.583768E-04  8.950131E-04  4.460957E-06  5.502550E-06  7.077031E-06  1.017258E-06
 3.171500E+02  1.358388E-01  3.001907E-05  1.119923E-09  1.488907E-09  1.661187E-09  2.004721E-09  6.461779E-01  1.364806E-03  9.312596E-06  1.862969E-01  4.689633E-04  3.679836E-06  2.225520E-07  3.343606E-03  6.322101E-07  2.347608E-06  7.473127E-08  2.491482E-02  1.692465E-06  6.074459E-08  5.161636E-08  6.480618E-04  8.809838E-04  4.220178E-06  5.199172E-06  6.688982E-06  9.705652E-07
 3.181500E+02  1.360369E-01  2.973138E-05  1.087366E-09  1.445983E-09  1.613385E-09  1.947491E-09  6.462420E-01  1.341748E-03  8.789375E-06  1.864863E-01  4.619581E-04  3.485096E-06  2.169201E-07  3.287679E-03  6.021373E-07  2.241374E-06  7.201122E-08  2.457515E-02  1.620036E-06  5.887271E-08  4.999369E-08  6.379719E-04  8.672614E-04  3.993770E-06  4.914328E-06  6.324527E-06  9.262875E-07
 3.191500E+02  1.362313E-01  2.944765E-05  1.055931E-09  1.404529E-09  1.567216E-09  1.892204E-09  6.463045E-01  1.319241E-03  8.298785E-06  1.866721E-01  4.550945E-04  3.301721E-06  2.114624E-07  3.233027E-03  5.736785E-07  2.140600E-06  6.940629E-08  2.424186E-02  1.551109E-06  5.706892E-08  4.843106E-08  6.281013E-04  8.538378E-04  3.780798E-06  4.646783E-06  5.982101E-06  8.842875E-07
 3.201500E+02  1.364219E-01  2.916784E-05  1.025576E-09  1.364488E-09  1.522619E-09  1.838786E-09  6.463656E-01  1.297267E-03  7.838605E-06  1.868543E-01  4.483689E-04  3.128992E-06  2.061728E-07  3.179614E-03  5.467382E-07  2.044977E-06  6.691105E-08  2.391482E-02  1.485496E-06  5.533044E-08  4.692598E-08  6.184442E-04  8.407052E-04  3.580395E-06  4.395392E-06  5.660251E-06  8.444362E-07
 3.211500E+02  1.366088E-01  2.889188E-05  9.962586E-10  1.325807E-09  1.479534E-09  1.787167E-09  6.464252E-01  1.275812E-03  7.406776E-06  1.870330E-01  4.417783E-04  2.966237E-06  2.010453E-07  3.127409E-03  5.212270E-07  1.954211E-06  6.452032E-08  2.359391E-02  1.423022E-06  5.365463E-08  4.547608E-08  6.089950E-04  8.278559E-04  3.391754E-06  4.159090E-06  5.357629E-06  8.066125E-07
 3.221500E+02  1.367921E-01  2.861973E-05  9.679395E-10  1.288433E-09  1.437903E-09  1.737279E-09  6.464835E-01  1.254861E-03  7.001388E-06  1.872083E-01  4.353195E-04  2.812832E-06  1.960744E-07  3.076377E-03  4.970612E-07  1.868031E-06  6.222920E-08  2.327898E-02  1.363521E-06  5.203895E-08  4.407909E-08  5.997483E-04  8.152826E-04  3.214123E-06  3.936891E-06  5.072980E-06  7.707028E-07
 3.231500E+02  1.369719E-01  2.835135E-05  9.405807E-10  1.252318E-09  1.397671E-09  1.689056E-09  6.465404E-01  1.234398E-03  6.620673E-06  1.873803E-01  4.289893E-04  2.668193E-06  1.912545E-07  3.026488E-03  4.741625E-07  1.786178E-06  6.003305E-08  2.296991E-02  1.306839E-06  5.048098E-08  4.273285E-08  5.906989E-04  8.029782E-04  3.046802E-06  3.727875E-06  4.805139E-06  7.366002E-07
 3.241500E+02  1.371483E-01  2.808669E-05  9.141454E-10  1.217413E-09  1.358786E-09  1.642437E-09  6.465960E-01  1.214410E-03  6.262989E-06  1.875491E-01  4.227849E-04  2.531776E-06  1.865805E-07  2.977711E-03  4.524575E-07  1.708412E-06  5.792744E-08  2.266658E-02  1.252827E-06  4.897840E-08  4.143528E-08  5.818417E-04  7.909355E-04  2.889140E-06  3.531189E-06  4.553022E-06  7.042045E-07
 3.251500E+02  1.373213E-01  2.782569E-05  8.885988E-10  1.183674E-09  1.321197E-09  1.597362E-09  6.466504E-01  1.194884E-03  5.926812E-06  1.877147E-01  4.167033E-04  2.403073E-06  1.820472E-07  2.930017E-03  4.318775E-07  1.634507E-06  5.590819E-08  2.236886E-02  1.201347E-06  4.752900E-08  4.018442E-08  5.731718E-04  7.791480E-04  2.740528E-06  3.346038E-06  4.315619E-06  6.734214E-07
 3.261500E+02  1.374911E-01  2.756831E-05  8.639073E-10  1.151056E-09  1.284856E-09  1.553772E-09  6.467035E-01  1.175806E-03  5.610727E-06  1.878772E-01  4.107417E-04  2.281611E-06  1.776498E-07  2.883377E-03  4.123580E-07  1.564249E-06  5.397132E-08  2.207665E-02  1.152269E-06  4.613065E-08  3.897836E-08  5.646844E-04  7.676090E-04  2.600401E-06  3.171682E-06  4.091993E-06  6.441624E-07
 3.271500E+02  1.376576E-01  2.731449E-05  8.400387E-10  1.119517E-09  1.249715E-09  1.511613E-09  6.467554E-01  1.157163E-03  5.313420E-06  1.880366E-01  4.048973E-04  2.166945E-06  1.733837E-07  2.837763E-03  3.938386E-07  1.497439E-06  5.211306E-08  2.178981E-02  1.105467E-06  4.478134E-08  3.781530E-08  5.563747E-04  7.563122E-04  2.468230E-06  3.007435E-06  3.881270E-06  6.163440E-07
 3.281500E+02  1.378210E-01  2.706420E-05  8.169621E-10  1.089017E-09  1.215731E-09  1.470832E-09  6.468061E-01  1.138943E-03  5.033670E-06  1.881931E-01  3.991673E-04  2.058662E-06  1.692443E-07  2.793148E-03  3.762625E-07  1.433889E-06  5.032982E-08  2.150824E-02  1.060826E-06  4.347912E-08  3.669352E-08  5.482384E-04  7.452515E-04  2.343521E-06  2.852655E-06  3.682634E-06  5.898879E-07
 3.291500E+02  1.379813E-01  2.681738E-05  7.946478E-10  1.059519E-09  1.182859E-09  1.431378E-09  6.468558E-01  1.121135E-03  4.770342E-06  1.883466E-01  3.935493E-04  1.956375E-06  1.652274E-07  2.749506E-03  3.595767E-07  1.373421E-06  4.861819E-08  2.123182E-02  1.018236E-06  4.222214E-08  3.561136E-08  5.402710E-04  7.344208E-04  2.225816E-06  2.706746E-06  3.495327E-06  5.647204E-07
 3.301500E+02  1.381386E-01  2.657399E-05  7.730675E-10  1.030983E-09  1.151060E-09  1.393203E-09  6.469043E-01  1.103727E-03  4.522379E-06  1.884973E-01  3.880405E-04  1.859724E-06  1.613287E-07  2.706812E-03  3.437312E-07  1.315870E-06  4.697494E-08  2.096045E-02  9.775918E-07  4.100863E-08  3.456725E-08  5.324683E-04  7.238142E-04  2.114685E-06  2.569152E-06  3.318642E-06  5.407720E-07
 3.311500E+02  1.382930E-01  2.633397E-05  7.521939E-10  1.003376E-09  1.120293E-09  1.356259E-09  6.469517E-01  1.086707E-03  4.288800E-06  1.886453E-01  3.826386E-04  1.768369E-06  1.575443E-07  2.665041E-03  3.286791E-07  1.261080E-06  4.539699E-08  2.069402E-02  9.387955E-07  3.983687E-08  3.355967E-08  5.248261E-04  7.134263E-04  2.009727E-06  2.439353E-06  3.151920E-06  5.179775E-07
 3.321500E+02  1.384445E-01  2.609729E-05  7.320009E-10  9.766625E-10  1.090521E-09  1.320501E-09  6.469981E-01  1.070065E-03  4.068689E-06  1.887905E-01  3.773410E-04  1.681995E-06  1.538704E-07  2.624169E-03  3.143764E-07  1.208902E-06  4.388142E-08  2.043243E-02  9.017541E-07  3.870526E-08  3.258719E-08  5.173404E-04  7.032515E-04  1.910566E-06  2.316867E-06  2.994546E-06  4.962753E-07
 3.331500E+02  1.385933E-01  2.586388E-05  7.124632E-10  9.508101E-10  1.061708E-09  1.285887E-09  6.470435E-01  1.053790E-03  3.861196E-06  1.889330E-01  3.721454E-04  1.600305E-06  1.503032E-07  2.584173E-03  3.007817E-07  1.159198E-06  4.242545E-08  2.017557E-02  8.663797E-07  3.761223E-08  3.164841E-08  5.100073E-04  6.932844E-04  1.816854E-06  2.201243E-06  2.845944E-06  4.756075E-07
 3.341500E+02  1.387392E-01  2.563371E-05  6.935569E-10  9.257874E-10  1.033817E-09  1.252375E-09  6.470879E-01  1.037874E-03  3.665527E-06  1.890730E-01  3.670495E-04  1.523023E-06  1.468391E-07  2.545030E-03  2.878562E-07  1.111837E-06  4.102643E-08  1.992334E-02  8.325891E-07  3.655629E-08  3.074202E-08  5.028230E-04  6.835199E-04  1.728263E-06  2.092059E-06  2.705579E-06  4.559193E-07
 3.351500E+02  1.388825E-01  2.540673E-05  6.752588E-10  9.015642E-10  1.006817E-09  1.219925E-09  6.471313E-01  1.022305E-03  3.480942E-06  1.892103E-01  3.620510E-04  1.449889E-06  1.434747E-07  2.506718E-03  2.755634E-07  1.066697E-06  3.968185E-08  1.967565E-02  8.003038E-07  3.553601E-08  2.986675E-08  4.957839E-04  6.739529E-04  1.644487E-06  1.988922E-06  2.572951E-06  4.371595E-07
 3.361500E+02  1.390231E-01  2.518290E-05  6.575466E-10  8.781115E-10  9.806735E-10  1.188500E-09  6.471739E-01  1.007074E-03  3.306753E-06  1.893452E-01  3.571477E-04  1.380659E-06  1.402067E-07  2.469216E-03  2.638688E-07  1.023661E-06  3.838932E-08  1.943239E-02  7.694494E-07  3.455003E-08  2.902139E-08  4.888863E-04  6.645787E-04  1.565239E-06  1.891465E-06  2.447592E-06  4.192794E-07
 3.371500E+02  1.391612E-01  2.496216E-05  6.403992E-10  8.554013E-10  9.553569E-10  1.158061E-09  6.472155E-01  9.921723E-04  3.142317E-06  1.894777E-01  3.523374E-04  1.315108E-06  1.370319E-07  2.432503E-03  2.527401E-07  9.826194E-07  3.714656E-08  1.919349E-02  7.399555E-07  3.359704E-08  2.820478E-08  4.821268E-04  6.553923E-04  1.490251E-06  1.799346E-06  2.329065E-06  4.022332E-07
 3.381500E+02  1.392967E-01  2.474447E-05  6.237959E-10  8.334071E-10  9.308372E-10  1.128574E-09  6.472562E-01  9.775911E-04  2.987034E-06  1.896077E-01  3.476181E-04  1.253021E-06  1.339473E-07  2.396560E-03  2.421469E-07  9.434696E-07  3.595139E-08  1.895884E-02  7.117555E-07  3.267578E-08  2.741581E-08  4.755021E-04  6.463894E-04  1.419274E-06  1.712243E-06  2.216961E-06  3.859779E-07
 3.391500E+02  1.394298E-01  2.452980E-05  6.077173E-10  8.121030E-10  9.070858E-10  1.100005E-09  6.472960E-01  9.633218E-04  2.840344E-06  1.897355E-01  3.429878E-04  1.194197E-06  1.309498E-07  2.361367E-03  2.320607E-07  9.061140E-07  3.480177E-08  1.872836E-02  6.847865E-07  3.178505E-08  2.665342E-08  4.690087E-04  6.375652E-04  1.352072E-06  1.629857E-06  2.110898E-06  3.704726E-07
 3.401500E+02  1.395605E-01  2.431809E-05  5.921443E-10  7.914644E-10  8.840752E-10  1.072322E-09  6.473350E-01  9.493559E-04  2.701726E-06  1.898609E-01  3.384443E-04  1.138451E-06  1.280366E-07  2.326905E-03  2.224543E-07  8.704609E-07  3.369572E-08  1.850196E-02  6.589886E-07  3.092371E-08  2.591658E-08  4.626437E-04  6.289156E-04  1.288424E-06  1.551908E-06  2.010519E-06  3.556790E-07
 3.411500E+02  1.396888E-01  2.410929E-05  5.770589E-10  7.714676E-10  8.617792E-10  1.045493E-09  6.473732E-01  9.356856E-04  2.570690E-06  1.899841E-01  3.339859E-04  1.085605E-06  1.252051E-07  2.293155E-03  2.133025E-07  8.364236E-07  3.263138E-08  1.827956E-02  6.343053E-07  3.009063E-08  2.520434E-08  4.564037E-04  6.204362E-04  1.228126E-06  1.478132E-06  1.915489E-06  3.415608E-07
 3.421500E+02  1.398148E-01  2.390338E-05  5.624436E-10  7.520899E-10  8.401723E-10  1.019488E-09  6.474107E-01  9.223030E-04  2.446781E-06  1.901051E-01  3.296105E-04  1.035495E-06  1.224524E-07  2.260100E-03  2.045812E-07  8.039202E-07  3.160696E-08  1.806106E-02  6.106831E-07  2.928478E-08  2.451574E-08  4.502859E-04  6.121231E-04  1.170983E-06  1.408286E-06  1.825495E-06  3.280836E-07
 3.431500E+02  1.399386E-01  2.370030E-05  5.482817E-10  7.333093E-10  8.192303E-10  9.942777E-10  6.474473E-01  9.092006E-04  2.329573E-06  1.902240E-01  3.253164E-04  9.879662E-07  1.197762E-07  2.227723E-03  1.962681E-07  7.728733E-07  3.062076E-08  1.784640E-02  5.880712E-07  2.850512E-08  2.384990E-08  4.442873E-04  6.039721E-04  1.116815E-06  1.342139E-06  1.740243E-06  3.152151E-07
 3.441500E+02  1.400601E-01  2.350001E-05  5.345572E-10  7.151048E-10  7.989298E-10  9.698349E-10  6.474832E-01  8.963711E-04  2.218666E-06  1.903407E-01  3.211017E-04  9.428723E-07  1.171738E-07  2.196006E-03  1.883417E-07  7.432101E-07  2.967117E-08  1.763549E-02  5.664216E-07  2.775070E-08  2.320596E-08  4.384050E-04  5.959793E-04  1.065452E-06  1.279475E-06  1.659459E-06  3.029248E-07
 3.451500E+02  1.401795E-01  2.330247E-05  5.212546E-10  6.974561E-10  7.792482E-10  9.461327E-10  6.475183E-01  8.838073E-04  2.113688E-06  1.904554E-01  3.169646E-04  9.000772E-07  1.146430E-07  2.164933E-03  1.807820E-07  7.148615E-07  2.875664E-08  1.742825E-02  5.456885E-07  2.702058E-08  2.258310E-08  4.326364E-04  5.881411E-04  1.016734E-06  1.220093E-06  1.582885E-06  2.911837E-07
 3.461500E+02  1.402967E-01  2.310763E-05  5.083590E-10  6.803439E-10  7.601640E-10  9.231453E-10  6.475527E-01  8.715026E-04  2.014291E-06  1.905681E-01  3.129036E-04  8.594525E-07  1.121814E-07  2.134489E-03  1.735702E-07  6.877622E-07  2.787570E-08  1.722461E-02  5.258288E-07  2.631385E-08  2.198053E-08  4.269786E-04  5.804537E-04  9.705120E-07  1.163804E-06  1.510281E-06  2.799644E-07
 3.471500E+02  1.404119E-01  2.291547E-05  4.958562E-10  6.637495E-10  7.416563E-10  9.008480E-10  6.475865E-01  8.594501E-04  1.920146E-06  1.906788E-01  3.089168E-04  8.208776E-07  1.097869E-07  2.104658E-03  1.666884E-07  6.618506E-07  2.702695E-08  1.702450E-02  5.068014E-07  2.562967E-08  2.139749E-08  4.214291E-04  5.729136E-04  9.266453E-07  1.110431E-06  1.441418E-06  2.692412E-07
 3.481500E+02  1.405251E-01  2.272593E-05  4.837325E-10  6.476548E-10  7.237053E-10  8.792171E-10  6.476195E-01  8.476434E-04  1.830949E-06  1.907876E-01  3.050028E-04  7.842392E-07  1.074574E-07  2.075424E-03  1.601198E-07  6.370684E-07  2.620906E-08  1.682783E-02  4.885675E-07  2.496722E-08  2.083326E-08  4.159853E-04  5.655173E-04  8.850022E-07  1.059807E-06  1.376085E-06  2.589896E-07
 3.491500E+02  1.406363E-01  2.253898E-05  4.719747E-10  6.320426E-10  7.062916E-10  8.582296E-10  6.476519E-01  8.360763E-04  1.746413E-06  1.908945E-01  3.011598E-04  7.494306E-07  1.051907E-07  2.046774E-03  1.538484E-07  6.133604E-07  2.542074E-08  1.663454E-02  4.710901E-07  2.432569E-08  2.028715E-08  4.106448E-04  5.582615E-04  8.454588E-07  1.011777E-06  1.314084E-06  2.491865E-07
 3.501500E+02  1.407455E-01  2.235458E-05  4.605700E-10  6.168964E-10  6.893969E-10  8.378636E-10  6.476836E-01  8.247427E-04  1.666270E-06  1.909996E-01  2.973863E-04  7.163518E-07  1.029849E-07  2.018693E-03  1.478593E-07  5.906743E-07  2.466078E-08  1.644456E-02  4.543341E-07  2.370433E-08  1.975848E-08  4.054051E-04  5.511427E-04  8.078988E-07  9.661945E-07  1.255226E-06  2.398100E-07
 3.511500E+02  1.408528E-01  2.217269E-05  4.495064E-10  6.022000E-10  6.730032E-10  8.180979E-10  6.477147E-01  8.136368E-04  1.590268E-06  1.911028E-01  2.936808E-04  6.849083E-07  1.008381E-07  1.991168E-03  1.421382E-07  5.689608E-07  2.392801E-08  1.625783E-02  4.382664E-07  2.310242E-08  1.924663E-08  4.002639E-04  5.441579E-04  7.722126E-07  9.229219E-07  1.199335E-06  2.308393E-07
 3.521500E+02  1.409583E-01  2.199327E-05  4.387720E-10  5.879381E-10  6.570935E-10  7.989121E-10  6.477452E-01  8.027527E-04  1.518170E-06  1.912043E-01  2.900418E-04  6.550116E-07  9.874839E-08  1.964184E-03  1.366718E-07  5.481731E-07  2.322134E-08  1.607427E-02  4.228552E-07  2.251926E-08  1.875098E-08  3.952190E-04  5.373039E-04  7.382976E-07  8.818302E-07  1.146248E-06  2.222550E-07
 3.531500E+02  1.410619E-01  2.181628E-05  4.283556E-10  5.740960E-10  6.416514E-10  7.802866E-10  6.477751E-01  7.920850E-04  1.449756E-06  1.913040E-01  2.864680E-04  6.265779E-07  9.671409E-08  1.937729E-03  1.314474E-07  5.282668E-07  2.253969E-08  1.589382E-02  4.080707E-07  2.195417E-08  1.827094E-08  3.902680E-04  5.305777E-04  7.060569E-07  8.427985E-07  1.095809E-06  2.140383E-07
 3.541500E+02  1.411638E-01  2.164169E-05  4.182464E-10  5.606593E-10  6.266610E-10  7.622025E-10  6.478044E-01  7.816283E-04  1.384818E-06  1.914020E-01  2.829578E-04  5.995288E-07  9.473345E-08  1.911791E-03  1.264531E-07  5.092000E-07  2.188206E-08  1.571642E-02  3.938843E-07  2.140652E-08  1.780595E-08  3.854088E-04  5.239764E-04  6.753996E-07  8.057127E-07  1.047872E-06  2.061717E-07
 3.551500E+02  1.412639E-01  2.146945E-05  4.084339E-10  5.476144E-10  6.121071E-10  7.446417E-10  6.478332E-01  7.713774E-04  1.323161E-06  1.914984E-01  2.795100E-04  5.737901E-07  9.280480E-08  1.886356E-03  1.216774E-07  4.909329E-07  2.124748E-08  1.554201E-02  3.802690E-07  2.087567E-08  1.735546E-08  3.806394E-04  5.174971E-04  6.462400E-07  7.704660E-07  1.002300E-06  1.986386E-07
 3.561500E+02  1.413623E-01  2.129954E-05  3.989081E-10  5.349482E-10  5.979750E-10  7.275866E-10  6.478614E-01  7.613271E-04  1.264602E-06  1.915931E-01  2.761231E-04  5.492921E-07  9.092656E-08  1.861414E-03  1.171097E-07  4.734277E-07  2.063503E-08  1.537052E-02  3.671989E-07  2.036105E-08  1.691895E-08  3.759576E-04  5.111370E-04  6.184976E-07  7.369576E-07  9.589654E-07  1.914231E-07
 3.571500E+02  1.414590E-01  2.113192E-05  3.896592E-10  5.226478E-10  5.842505E-10  7.110206E-10  6.478890E-01  7.514727E-04  1.208968E-06  1.916863E-01  2.727960E-04  5.259690E-07  8.909717E-08  1.836951E-03  1.127399E-07  4.566488E-07  2.004382E-08  1.520190E-02  3.546497E-07  1.986207E-08  1.649593E-08  3.713616E-04  5.048934E-04  5.920965E-07  7.050931E-07  9.177455E-07  1.845102E-07
 3.581500E+02  1.415541E-01  2.096655E-05  3.806781E-10  5.107011E-10  5.709201E-10  6.949272E-10  6.479161E-01  7.418092E-04  1.156099E-06  1.917778E-01  2.695272E-04  5.037589E-07  8.731515E-08  1.812958E-03  1.085583E-07  4.405623E-07  1.947302E-08  1.503609E-02  3.425981E-07  1.937819E-08  1.608592E-08  3.668493E-04  4.987636E-04  5.669652E-07  6.747834E-07  8.785269E-07  1.778858E-07
 3.591500E+02  1.416476E-01  2.080339E-05  3.719557E-10  4.990964E-10  5.579707E-10  6.792909E-10  6.479427E-01  7.323321E-04  1.105843E-06  1.918679E-01  2.663156E-04  4.826033E-07  8.557906E-08  1.789423E-03  1.045559E-07  4.251359E-07  1.892182E-08  1.487303E-02  3.310220E-07  1.890888E-08  1.568845E-08  3.624188E-04  4.927451E-04  5.430363E-07  6.459447E-07  8.412022E-07  1.715363E-07
 3.601500E+02  1.417395E-01  2.064242E-05  3.634833E-10  4.878222E-10  5.453897E-10  6.640968E-10  6.479688E-01  7.230369E-04  1.058056E-06  1.919564E-01  2.631599E-04  4.624472E-07  8.388750E-08  1.766335E-03  1.007241E-07  4.103392E-07  1.838944E-08  1.471267E-02  3.199003E-07  1.845364E-08  1.530308E-08  3.580684E-04  4.868354E-04  5.202465E-07  6.184981E-07  8.056703E-07  1.654490E-07
 3.611500E+02  1.418298E-01  2.048360E-05  3.552528E-10  4.768678E-10  5.331649E-10  6.493302E-10  6.479943E-01  7.139191E-04  1.012605E-06  1.920435E-01  2.600590E-04  4.432385E-07  8.223915E-08  1.743683E-03  9.705473E-08  3.961433E-07  1.787516E-08  1.455495E-02  3.092130E-07  1.801198E-08  1.492939E-08  3.537962E-04  4.810320E-04  4.985358E-07  5.923694E-07  7.718360E-07  1.596118E-07
 3.621500E+02  1.419187E-01  2.032689E-05  3.472561E-10  4.662225E-10  5.212847E-10  6.349772E-10  6.480195E-01  7.049746E-04  9.693630E-07  1.921291E-01  2.570117E-04  4.249283E-07  8.063270E-08  1.721459E-03  9.354004E-08  3.825206E-07  1.737827E-08  1.439982E-02  2.989411E-07  1.758343E-08  1.456698E-08  3.496005E-04  4.753326E-04  4.778480E-07  5.674887E-07  7.396096E-07  1.540131E-07
 3.631500E+02  1.420061E-01  2.017227E-05  3.394855E-10  4.558763E-10  5.097378E-10  6.210244E-10  6.480441E-01  6.961992E-04  9.282116E-07  1.922133E-01  2.540169E-04  4.074702E-07  7.906689E-08  1.699651E-03  9.017274E-08  3.694450E-07  1.689808E-08  1.424722E-02  2.890664E-07  1.716754E-08  1.421543E-08  3.454796E-04  4.697348E-04  4.581297E-07  5.437901E-07  7.089065E-07  1.486421E-07
 3.641500E+02  1.420920E-01  2.001970E-05  3.319336E-10  4.458193E-10  4.985132E-10  6.074588E-10  6.480683E-01  6.875888E-04  8.890387E-07  1.922961E-01  2.510734E-04  3.908205E-07  7.754052E-08  1.678250E-03  8.694590E-08  3.568918E-07  1.643397E-08  1.409712E-02  2.795717E-07  1.676388E-08  1.387439E-08  3.414318E-04  4.642365E-04  4.393309E-07  5.212114E-07  6.796472E-07  1.434882E-07
 3.651500E+02  1.421765E-01  1.986915E-05  3.245932E-10  4.360423E-10  4.876007E-10  5.942679E-10  6.480920E-01  6.791396E-04  8.517391E-07  1.923776E-01  2.481803E-04  3.749380E-07  7.605243E-08  1.657247E-03  8.385293E-08  3.448375E-07  1.598531E-08  1.394946E-02  2.704406E-07  1.637203E-08  1.354349E-08  3.374556E-04  4.588353E-04  4.214041E-07  4.996941E-07  6.517563E-07  1.385418E-07
 3.661500E+02  1.422596E-01  1.972059E-05  3.174575E-10  4.265361E-10  4.769900E-10  5.814396E-10  6.481153E-01  6.708479E-04  8.162134E-07  1.924577E-01  2.453365E-04  3.597837E-07  7.460146E-08  1.636633E-03  8.088761E-08  3.332596E-07  1.555150E-08  1.380418E-02  2.616573E-07  1.599159E-08  1.322238E-08  3.335493E-04  4.535292E-04  4.043046E-07  4.791830E-07  6.251632E-07  1.337933E-07
 3.671500E+02  1.423413E-01  1.957399E-05  3.105198E-10  4.172920E-10  4.666714E-10  5.689625E-10  6.481381E-01  6.627098E-04  7.823683E-07  1.925366E-01  2.425409E-04  3.453208E-07  7.318655E-08  1.616399E-03  7.804401E-08  3.221369E-07  1.513200E-08  1.366125E-02  2.532071E-07  1.562218E-08  1.291072E-08  3.297114E-04  4.483161E-04  3.879903E-07  4.596259E-07  5.998008E-07  1.292340E-07
 3.681500E+02  1.424217E-01  1.942931E-05  3.037738E-10  4.083017E-10  4.566357E-10  5.568252E-10  6.481606E-01  6.547218E-04  7.501155E-07  1.926141E-01  2.397925E-04  3.315144E-07  7.180662E-08  1.596536E-03  7.531653E-08  3.114492E-07  1.472625E-08  1.352062E-02  2.450756E-07  1.526342E-08  1.260819E-08  3.259405E-04  4.431940E-04  3.724212E-07  4.409738E-07  5.756060E-07  1.248552E-07
 3.691500E+02  1.425008E-01  1.928654E-05  2.972132E-10  3.995569E-10  4.468737E-10  5.450170E-10  6.481826E-01  6.468805E-04  7.193721E-07  1.926904E-01  2.370904E-04  3.183316E-07  7.046066E-08  1.577035E-03  7.269982E-08  3.011773E-07  1.433373E-08  1.338224E-02  2.372493E-07  1.491496E-08  1.231448E-08  3.222350E-04  4.381608E-04  3.575598E-07  4.231803E-07  5.525193E-07  1.206491E-07
 3.701500E+02  1.425786E-01  1.914563E-05  2.908321E-10  3.910499E-10  4.373768E-10  5.335274E-10  6.482043E-01  6.391825E-04  6.900597E-07  1.927655E-01  2.344336E-04  3.057415E-07  6.914768E-08  1.557890E-03  7.018883E-08  2.913028E-07  1.395395E-08  1.324607E-02  2.297154E-07  1.457646E-08  1.202930E-08  3.185937E-04  4.332147E-04  3.433704E-07  4.062015E-07  5.304845E-07  1.166080E-07
 3.711500E+02  1.426552E-01  1.900656E-05  2.846248E-10  3.827731E-10  4.281365E-10  5.223465E-10  6.482255E-01  6.316244E-04  6.621043E-07  1.928394E-01  2.318211E-04  2.937144E-07  6.786673E-08  1.539091E-03  6.777876E-08  2.818084E-07  1.358644E-08  1.311206E-02  2.224615E-07  1.424758E-08  1.175236E-08  3.150150E-04  4.283538E-04  3.298194E-07  3.899962E-07  5.094482E-07  1.127245E-07
 3.721500E+02  1.427305E-01  1.886930E-05  2.785859E-10  3.747192E-10  4.191448E-10  5.114645E-10  6.482464E-01  6.242030E-04  6.354364E-07  1.929121E-01  2.292522E-04  2.822226E-07  6.661687E-08  1.520630E-03  6.546504E-08  2.726775E-07  1.323073E-08  1.298017E-02  2.154758E-07  1.392800E-08  1.148337E-08  3.114976E-04  4.235762E-04  3.168749E-07  3.745252E-07  4.893605E-07  1.089917E-07
 3.731500E+02  1.428046E-01  1.873383E-05  2.727098E-10  3.668814E-10  4.103939E-10  5.008721E-10  6.482669E-01  6.169153E-04  6.099900E-07  1.929836E-01  2.267258E-04  2.712399E-07  6.539722E-08  1.502502E-03  6.324333E-08  2.638945E-07  1.288639E-08  1.285037E-02  2.087473E-07  1.361743E-08  1.122208E-08  3.080403E-04  4.188802E-04  3.045070E-07  3.597516E-07  4.701737E-07  1.054031E-07
