#         T/K            c1          c2-1          c3-4          c3-5          c3-7          c3-9            m1          m2-1          m3-1            w1            w2          w3-1          w3-2          c1m1        c1m2-1        c1m2-7        c2m1-1        c1w1-2        c1w2-1        c2w1-1        c2w1-9        m1w1-1        m1w1-4        m1w2-1        m2w1-1        m2w1-3      c1m1w1-1
 2.731500E+02  9.151873E-02  2.613460E-05  1.975964E-09  2.593500E-09  2.885475E-09  3.440570E-09  8.395635E-01  5.589753E-03  4.016901E-04  4.468472E-02  6.460628E-05  9.500690E-07  1.333048E-08  7.580187E-03  9.593219E-06  3.147840E-05  3.490830E-07  9.299924E-03  7.390227E-07  4.075358E-08  3.578595E-08  4.778960E-04  6.505453E-04  5.883653E-06  4.002621E-05  5.069373E-05  2.555113E-06
 2.741500E+02  9.169487E-02  2.576616E-05  1.894415E-09  2.487307E-09  2.767533E-09  3.300980E-09  8.398301E-01  5.460156E-03  3.712456E-04  4.478634E-02  6.338556E-05  8.846919E-07  1.289556E-08  7.402827E-03  8.969712E-06  2.952780E-05  3.313805E-07  9.127614E-03  6.969098E-07  3.902120E-08  3.423519E-08  4.680720E-04  6.371318E-04  5.467928E-06  3.710242E-05  4.700943E-05  2.397895E-06
 2.751500E+02  9.186634E-02  2.540433E-05  1.816688E-09  2.386056E-09  2.655072E-09  3.167832E-09  8.400869E-01  5.334514E-03  3.433115E-04  4.488545E-02  6.219224E-05  8.241543E-07  1.247672E-08  7.230733E-03  8.390802E-06  2.771090E-05  3.146865E-07  8.959238E-03  6.574232E-07  3.737189E-08  3.276008E-08  4.585048E-04  6.240707E-04  5.083959E-06  3.441038E-05  4.361583E-05  2.251292E-06
 2.761500E+02  9.203328E-02  2.504901E-05  1.742588E-09  2.289496E-09  2.547813E-09  3.040804E-09  8.403343E-01  5.212686E-03  3.176652E-04  4.498214E-02  6.102574E-05  7.680758E-07  1.207333E-08  7.063726E-03  7.853038E-06  2.601774E-05  2.989384E-07  8.794704E-03  6.203872E-07  3.580132E-08  3.135665E-08  4.491871E-04  6.113520E-04  4.729157E-06  3.193040E-05  4.048835E-05  2.114531E-06
 2.771500E+02  9.219582E-02  2.470009E-05  1.671932E-09  2.197392E-09  2.445495E-09  2.919588E-09  8.405728E-01  5.094533E-03  2.941053E-04  4.507646E-02  5.988547E-05  7.161075E-07  1.168478E-08  6.901635E-03  7.353252E-06  2.443918E-05  2.840774E-07  8.633927E-03  5.856388E-07  3.430542E-08  3.002110E-08  4.401115E-04  5.989655E-04  4.401155E-06  2.964457E-05  3.760461E-05  1.986899E-06
 2.781500E+02  9.235410E-02  2.435749E-05  1.604543E-09  2.109518E-09  2.347869E-09  2.803895E-09  8.408028E-01  4.979926E-03  2.724492E-04  4.516848E-02  5.877087E-05  6.679293E-07  1.131050E-08  6.744296E-03  6.888538E-06  2.296678E-05  2.700489E-07  8.476818E-03  5.530260E-07  3.288034E-08  2.874987E-08  4.312711E-04  5.869016E-04  4.097791E-06  2.753659E-05  3.494421E-05  1.867738E-06
 2.791500E+02  9.250823E-02  2.402110E-05  1.540258E-09  2.025662E-09  2.254700E-09  2.693450E-09  8.410247E-01  4.868738E-03  2.525313E-04  4.525827E-02  5.768136E-05  6.232472E-07  1.094993E-08  6.591548E-03  6.456228E-06  2.159276E-05  2.568017E-07  8.323293E-03  5.224080E-07  3.152241E-08  2.753959E-08  4.226590E-04  5.751508E-04  3.817086E-06  2.559160E-05  3.248859E-05  1.756442E-06
 2.801500E+02  9.265834E-02  2.369082E-05  1.478920E-09  1.945623E-09  2.165766E-09  2.587992E-09  8.412389E-01  4.760848E-03  2.342014E-04  4.534590E-02  5.661639E-05  5.817910E-07  1.060253E-08  6.443239E-03  6.053872E-06  2.030998E-05  2.442882E-07  8.173268E-03  4.936534E-07  3.022819E-08  2.638708E-08  4.142686E-04  5.637039E-04  3.557230E-06  2.379607E-05  3.022081E-05  1.652449E-06
 2.811500E+02  9.280456E-02  2.336655E-05  1.420381E-09  1.869212E-09  2.080855E-09  2.487274E-09  8.414459E-01  4.656140E-03  2.173232E-04  4.543141E-02  5.557541E-05  5.433129E-07  1.026779E-08  6.299219E-03  5.679216E-06  1.911185E-05  2.324638E-07  8.026659E-03  4.666401E-07  2.899443E-08  2.528933E-08  4.060934E-04  5.525522E-04  3.316565E-06  2.213767E-05  2.812543E-05  1.555241E-06
 2.821500E+02  9.294699E-02  2.304819E-05  1.364500E-09  1.796246E-09  1.999769E-09  2.391062E-09  8.416458E-01  4.554502E-03  2.017728E-04  4.551486E-02  5.455787E-05  5.075848E-07  9.945215E-09  6.159347E-03  5.330190E-06  1.799226E-05  2.212869E-07  7.883386E-03  4.412546E-07  2.781803E-08  2.424349E-08  3.981273E-04  5.416868E-04  3.093573E-06  2.060513E-05  2.618836E-05  1.464340E-06
 2.831500E+02  9.308574E-02  2.273564E-05  1.311146E-09  1.726557E-09  1.922317E-09  2.299136E-09  8.418391E-01  4.455827E-03  1.874375E-04  4.559633E-02  5.356323E-05  4.743972E-07  9.634327E-09  6.023484E-03  5.004889E-06  1.694561E-05  2.107183E-07  7.743369E-03  4.173910E-07  2.669608E-08  2.324688E-08  3.903641E-04  5.310996E-04  2.886865E-06  1.918819E-05  2.439674E-05  1.379301E-06
 2.841500E+02  9.322093E-02  2.242880E-05  1.260192E-09  1.659982E-09  1.848321E-09  2.211284E-09  8.420260E-01  4.360012E-03  1.742150E-04  4.567585E-02  5.259096E-05  4.435574E-07  9.334670E-09  5.891499E-03  4.701561E-06  1.596672E-05  2.007219E-07  7.606531E-03  3.949509E-07  2.562581E-08  2.229697E-08  3.827980E-04  5.207822E-04  2.695166E-06  1.787748E-05  2.273882E-05  1.299717E-06
 2.851500E+02  9.335266E-02  2.212757E-05  1.211520E-09  1.596368E-09  1.777611E-09  2.127309E-09  8.422068E-01  4.266957E-03  1.620121E-04  4.575349E-02  5.164055E-05  4.148880E-07  9.045805E-09  5.763262E-03  4.418592E-06  1.505080E-05  1.912633E-07  7.472795E-03  3.738427E-07  2.460462E-08  2.139136E-08  3.754233E-04  5.107270E-04  2.517307E-06  1.666441E-05  2.120385E-05  1.225206E-06
 2.861500E+02  9.348102E-02  2.183186E-05  1.165018E-09  1.535569E-09  1.710026E-09  2.047022E-09  8.423818E-01  4.176568E-03  1.507440E-04  4.582929E-02  5.071149E-05  3.882261E-07  8.767312E-09  5.638650E-03  4.154495E-06  1.419342E-05  1.823109E-07  7.342085E-03  3.539809E-07  2.363004E-08  2.052778E-08  3.682344E-04  5.009262E-04  2.352216E-06  1.554117E-05  1.978202E-05  1.155420E-06
 2.871500E+02  9.360613E-02  2.154155E-05  1.120578E-09  1.477449E-09  1.645414E-09  1.970244E-09  8.425512E-01  4.088753E-03  1.403333E-04  4.590331E-02  4.980327E-05  3.634214E-07  8.498786E-09  5.517545E-03  3.907900E-06  1.339050E-05  1.738347E-07  7.214328E-03  3.352858E-07  2.269972E-08  1.970408E-08  3.612259E-04  4.913725E-04  2.198910E-06  1.450058E-05  1.846433E-05  1.090032E-06
 2.881500E+02  9.372807E-02  2.125656E-05  1.078099E-09  1.421876E-09  1.583629E-09  1.896804E-09  8.427152E-01  4.003424E-03  1.307096E-04  4.597558E-02  4.891541E-05  3.403355E-07  8.239838E-09  5.399832E-03  3.677543E-06  1.263826E-05  1.658068E-07  7.089453E-03  3.176834E-07  2.181146E-08  1.891825E-08  3.543927E-04  4.820586E-04  2.056485E-06  1.353610E-05  1.724258E-05  1.028742E-06
 2.891500E+02  9.384694E-02  2.097679E-05  1.037486E-09  1.368728E-09  1.524537E-09  1.826544E-09  8.428742E-01  3.920496E-03  1.218087E-04  4.604617E-02  4.804742E-05  3.188411E-07  7.990096E-09  5.285399E-03  3.462261E-06  1.193320E-05  1.582010E-07  6.967389E-03  3.011045E-07  2.096316E-08  1.816837E-08  3.477297E-04  4.729777E-04  1.924111E-06  1.264172E-05  1.610922E-05  9.712704E-07
 2.901500E+02  9.396282E-02  2.070213E-05  9.986478E-10  1.317887E-09  1.468005E-09  1.759310E-09  8.430282E-01  3.839889E-03  1.135718E-04  4.611512E-02  4.719883E-05  2.988207E-07  7.749203E-09  5.174142E-03  3.260977E-06  1.127208E-05  1.509929E-07  6.848067E-03  2.854846E-07  2.015284E-08  1.745262E-08  3.412321E-04  4.641230E-04  1.801027E-06  1.181195E-05  1.505736E-05  9.173590E-07
 2.911500E+02  9.407580E-02  2.043250E-05  9.614988E-10  1.269242E-09  1.413912E-09  1.694958E-09  8.431776E-01  3.761524E-03  1.059454E-04  4.618246E-02  4.636917E-05  2.801662E-07  7.516814E-09  5.065956E-03  3.072700E-06  1.065191E-05  1.441593E-07  6.731421E-03  2.707635E-07  1.937862E-08  1.676930E-08  3.348949E-04  4.554879E-04  1.686531E-06  1.104176E-05  1.408068E-05  8.667680E-07
 2.921500E+02  9.418597E-02  2.016781E-05  9.259574E-10  1.222689E-09  1.362141E-09  1.633350E-09  8.433224E-01  3.685326E-03  9.888056E-05  4.624825E-02  4.555800E-05  2.627777E-07  7.292602E-09  4.960742E-03  2.896511E-06  1.006990E-05  1.376789E-07  6.617383E-03  2.568851E-07  1.863873E-08  1.611677E-08  3.287138E-04  4.470662E-04  1.579978E-06  1.032653E-05  1.317337E-05  8.192748E-07
 2.931500E+02  9.429341E-02  1.990795E-05  8.919463E-10  1.178126E-09  1.312580E-09  1.574357E-09  8.434628E-01  3.611222E-03  9.233258E-05  4.631252E-02  4.476487E-05  2.465630E-07  7.076249E-09  4.858405E-03  2.731565E-06  9.523485E-06  1.315314E-07  6.505890E-03  2.437971E-07  1.793148E-08  1.549351E-08  3.226842E-04  4.388517E-04  1.480775E-06  9.662024E-06  1.233011E-05  7.746728E-07
 2.941500E+02  9.439819E-02  1.965283E-05  8.593922E-10  1.135459E-09  1.265125E-09  1.517855E-09  8.435991E-01  3.539145E-03  8.626051E-05  4.637531E-02  4.398935E-05  2.314373E-07  6.867453E-09  4.758852E-03  2.577077E-06  9.010279E-06  1.256978E-07  6.396880E-03  2.314504E-07  1.725528E-08  1.489806E-08  3.168017E-04  4.308384E-04  1.388377E-06  9.044362E-06  1.154603E-05  7.327705E-07
 2.951500E+02  9.450039E-02  1.940238E-05  8.282256E-10  1.094600E-09  1.219677E-09  1.463726E-09  8.437314E-01  3.469025E-03  8.062690E-05  4.643667E-02  4.323101E-05  2.173220E-07  6.665922E-09  4.661995E-03  2.432323E-06  8.528066E-06  1.201605E-07  6.290290E-03  2.197996E-07  1.660861E-08  1.432906E-08  3.110623E-04  4.230207E-04  1.302281E-06  8.469975E-06  1.081662E-05  6.933896E-07
 2.961500E+02  9.460009E-02  1.915648E-05  7.983808E-10  1.055461E-09  1.176140E-09  1.411861E-09  8.438599E-01  3.400800E-03  7.539747E-05  4.649663E-02  4.248944E-05  2.041447E-07  6.471377E-09  4.567748E-03  2.296633E-06  8.074794E-06  1.149026E-07  6.186062E-03  2.088018E-07  1.599004E-08  1.378519E-08  3.054619E-04  4.153929E-04  1.222024E-06  7.935585E-06  1.013777E-05  6.563649E-07
 2.971500E+02  9.469736E-02  1.891507E-05  7.697951E-10  1.017962E-09  1.134426E-09  1.362152E-09  8.439846E-01  3.334407E-03  7.054080E-05  4.655523E-02  4.176422E-05  1.918385E-07  6.283551E-09  4.476028E-03  2.169386E-06  7.648556E-06  1.099086E-07  6.084136E-03  1.984172E-07  1.539823E-08  1.326522E-08  2.999964E-04  4.079496E-04  1.147178E-06  7.438182E-06  9.505685E-06  6.215424E-07
 2.981500E+02  9.479227E-02  1.867804E-05  7.424092E-10  9.820277E-10  1.094448E-09  1.314501E-09  8.441058E-01  3.269787E-03  6.602810E-05  4.661251E-02  4.105497E-05  1.803415E-07  6.102185E-09  4.386754E-03  2.050008E-06  7.247580E-06  1.051638E-07  5.984456E-03  1.886087E-07  1.483188E-08  1.276799E-08  2.946622E-04  4.006856E-04  1.077351E-06  6.974997E-06  8.916884E-06  5.887793E-07
 2.991500E+02  9.488488E-02  1.844532E-05  7.161669E-10  9.475837E-10  1.056126E-09  1.268811E-09  8.442235E-01  3.206882E-03  6.183295E-05  4.666850E-02  4.036130E-05  1.695965E-07  5.927035E-09  4.299851E-03  1.937965E-06  6.870222E-06  1.006543E-07  5.886965E-03  1.793413E-07  1.428977E-08  1.229240E-08  2.894554E-04  3.935958E-04  1.012179E-06  6.543483E-06  8.368156E-06  5.579424E-07
 3.001500E+02  9.497526E-02  1.821681E-05  6.910149E-10  9.145611E-10  1.019383E-09  1.224992E-09  8.443379E-01  3.145637E-03  5.793113E-05  4.672322E-02  3.968283E-05  1.595505E-07  5.757862E-09  4.215243E-03  1.832765E-06  6.514953E-06  9.636715E-08  5.791611E-03  1.705825E-07  1.377075E-08  1.183739E-08  2.843726E-04  3.866753E-04  9.513265E-07  6.141296E-06  7.856547E-06  5.289082E-07
 3.011500E+02  9.506347E-02  1.799244E-05  6.669022E-10  8.828943E-10  9.841471E-10  1.182959E-09  8.444491E-01  3.085999E-03  5.430038E-05  4.677673E-02  3.901918E-05  1.501548E-07  5.594440E-09  4.132859E-03  1.733949E-06  6.180350E-06  9.229017E-08  5.698339E-03  1.623019E-07  1.327372E-08  1.140198E-08  2.794103E-04  3.799194E-04  8.944854E-07  5.766278E-06  7.379339E-06  5.015614E-07
 3.021500E+02  9.514957E-02  1.777213E-05  6.437809E-10  8.525210E-10  9.503480E-10  1.142629E-09  8.445572E-01  3.027917E-03  5.092026E-05  4.682904E-02  3.837000E-05  1.413639E-07  5.436552E-09  4.052630E-03  1.641093E-06  5.865091E-06  8.841188E-08  5.607099E-03  1.544709E-07  1.279764E-08  1.098522E-08  2.745651E-04  3.733234E-04  8.413697E-07  5.416442E-06  6.934025E-06  4.757947E-07
 3.031500E+02  9.523363E-02  1.755578E-05  6.216052E-10  8.233817E-10  9.179201E-10  1.103926E-09  8.446624E-01  2.971342E-03  4.777200E-05  4.688020E-02  3.773494E-05  1.331359E-07  5.283987E-09  3.974488E-03  1.553803E-06  5.567944E-06  8.472149E-08  5.517840E-03  1.470628E-07  1.234153E-08  1.058622E-08  2.698337E-04  3.668828E-04  7.917155E-07  5.089954E-06  6.518293E-06  4.515083E-07
 3.041500E+02  9.531570E-02  1.734333E-05  6.003317E-10  7.954202E-10  8.868011E-10  1.066775E-09  8.447646E-01  2.916225E-03  4.483833E-05  4.693022E-02  3.711365E-05  1.254320E-07  5.136545E-09  3.898370E-03  1.471713E-06  5.287764E-06  8.120885E-08  5.430512E-03  1.400528E-07  1.190444E-08  1.020414E-08  2.652130E-04  3.605933E-04  7.452790E-07  4.785127E-06  6.130013E-06  4.286090E-07
 3.051500E+02  9.539584E-02  1.713470E-05  5.799192E-10  7.685830E-10  8.569315E-10  1.031107E-09  8.448642E-01  2.862521E-03  4.210334E-05  4.697914E-02  3.650579E-05  1.182162E-07  4.994034E-09  3.824213E-03  1.394484E-06  5.023484E-06  7.786442E-08  5.345069E-03  1.334173E-07  1.148550E-08  9.838178E-09  2.606999E-04  3.544508E-04  7.018345E-07  4.500402E-06  5.767218E-06  4.070101E-07
 3.061500E+02  9.547409E-02  1.692981E-05  5.603284E-10  7.428192E-10  8.282549E-10  9.968548E-10  8.449610E-01  2.810186E-03  3.955244E-05  4.702699E-02  3.591104E-05  1.114552E-07  4.856269E-09  3.751956E-03  1.321798E-06  4.774108E-06  7.467920E-08  5.261463E-03  1.271345E-07  1.108386E-08  9.487568E-09  2.562914E-04  3.484511E-04  6.611736E-07  4.234340E-06  5.428093E-06  3.866307E-07
 3.071500E+02  9.555052E-02  1.672858E-05  5.415221E-10  7.180804E-10  8.007176E-10  9.639550E-10  8.450553E-01  2.759178E-03  3.717213E-05  4.707379E-02  3.532909E-05  1.051180E-07  4.723073E-09  3.681543E-03  1.253363E-06  4.538710E-06  7.164473E-08  5.179649E-03  1.211839E-07  1.069872E-08  9.151592E-09  2.519848E-04  3.425903E-04  6.231031E-07  3.985615E-06  5.110962E-06  3.673953E-07
 3.081500E+02  9.562517E-02  1.653094E-05  5.234649E-10  6.943207E-10  7.742686E-10  9.323476E-10  8.451471E-01  2.709455E-03  3.495003E-05  4.711958E-02  3.475961E-05  9.917599E-08  4.594275E-09  3.612917E-03  1.188905E-06  4.316426E-06  6.875304E-08  5.099583E-03  1.155462E-07  1.032931E-08  8.829566E-09  2.477771E-04  3.368645E-04  5.874445E-07  3.753000E-06  4.814275E-06  3.492334E-07
 3.091500E+02  9.569809E-02  1.633682E-05  5.061233E-10  6.714963E-10  7.488593E-10  9.019752E-10  8.452365E-01  2.660978E-03  3.287468E-05  4.716437E-02  3.420230E-05  9.360253E-08  4.469712E-09  3.546023E-03  1.128170E-06  4.106448E-06  6.599661E-08  5.021222E-03  1.102033E-07  9.974919E-09  8.520841E-09  2.436657E-04  3.312702E-04  5.540320E-07  3.535363E-06  4.536600E-06  3.320793E-07
 3.101500E+02  9.576933E-02  1.614615E-05  4.894650E-10  6.495658E-10  7.244437E-10  8.727833E-10  8.453235E-01  2.613708E-03  3.093556E-05  4.720820E-02  3.365688E-05  8.837293E-08  4.349227E-09  3.480810E-03  1.070923E-06  3.908025E-06  6.336836E-08  4.944523E-03  1.051384E-07  9.634859E-09  8.224800E-09  2.396479E-04  3.258036E-04  5.227125E-07  3.331655E-06  4.276615E-06  3.158716E-07
 3.111500E+02  9.583894E-02  1.595886E-05  4.734599E-10  6.284894E-10  7.009777E-10  8.447199E-10  8.454083E-01  2.567610E-03  2.912291E-05  4.725108E-02  3.312304E-05  8.346426E-08  4.232670E-09  3.417227E-03  1.016942E-06  3.720455E-06  6.086162E-08  4.869447E-03  1.003356E-07  9.308478E-09  7.940857E-09  2.357213E-04  3.204613E-04  4.933438E-07  3.140908E-06  4.033093E-06  3.005530E-07
 3.121500E+02  9.590695E-02  1.577487E-05  4.580788E-10  6.082296E-10  6.784195E-10  8.177358E-10  8.454910E-01  2.522647E-03  2.742777E-05  4.729305E-02  3.260051E-05  7.885524E-08  4.119897E-09  3.355225E-03  9.660223E-07  3.543081E-06  5.847011E-08  4.795952E-03  9.577999E-08  8.995157E-09  7.668459E-09  2.318833E-04  3.152399E-04  4.657941E-07  2.962225E-06  3.804900E-06  2.860699E-07
 3.131500E+02  9.597342E-02  1.559413E-05  4.432943E-10  5.887506E-10  6.567295E-10  7.917839E-10  8.455715E-01  2.478785E-03  2.584183E-05  4.733412E-02  3.208902E-05  7.452607E-08  4.010767E-09  3.294757E-03  9.179732E-07  3.375291E-06  5.618788E-08  4.724001E-03  9.145756E-08  8.694307E-09  7.407075E-09  2.281316E-04  3.101362E-04  4.399412E-07  2.794777E-06  3.590988E-06  2.723721E-07
 3.141500E+02  9.603839E-02  1.541657E-05  4.290802E-10  5.700183E-10  6.358698E-10  7.668193E-10  8.456500E-01  2.435992E-03  2.435743E-05  4.737432E-02  3.158829E-05  7.045837E-08  3.905149E-09  3.235778E-03  8.726161E-07  3.216511E-06  5.400932E-08  4.653555E-03  8.735522E-08  8.405369E-09  7.156206E-09  2.244638E-04  3.051469E-04  4.156717E-07  2.637796E-06  3.390383E-06  2.594129E-07
 3.151500E+02  9.610189E-02  1.524212E-05  4.154115E-10  5.520002E-10  6.158043E-10  7.427996E-10  8.457265E-01  2.394235E-03  2.296749E-05  4.741367E-02  3.109807E-05  6.663505E-08  3.802914E-09  3.178244E-03  8.297850E-07  3.066206E-06  5.192917E-08  4.584578E-03  8.346063E-08  8.127810E-09  6.915375E-09  2.208777E-04  3.002690E-04  3.928802E-07  2.490569E-06  3.202184E-06  2.471483E-07
 3.161500E+02  9.616397E-02  1.507071E-05  4.022645E-10  5.346655E-10  5.964987E-10  7.196841E-10  8.458011E-01  2.353484E-03  2.166545E-05  4.745219E-02  3.061810E-05  6.304020E-08  3.703939E-09  3.122111E-03  7.893248E-07  2.923876E-06  4.994242E-08  4.517034E-03  7.976221E-08  7.861126E-09  6.684130E-09  2.173712E-04  2.954996E-04  3.714690E-07  2.352437E-06  3.025555E-06  2.355375E-07
 3.171500E+02  9.622466E-02  1.490230E-05  3.896166E-10  5.179846E-10  5.779203E-10  6.974341E-10  8.458738E-01  2.313709E-03  2.044525E-05  4.748990E-02  3.014814E-05  5.965904E-08  3.608106E-09  3.067340E-03  7.510907E-07  2.789052E-06  4.804437E-08  4.450888E-03  7.624909E-08  7.604835E-09  6.462038E-09  2.139420E-04  2.908356E-04  3.513473E-07  2.222788E-06  2.859722E-06  2.245420E-07
 3.181500E+02  9.628400E-02  1.473681E-05  3.774462E-10  5.019295E-10  5.600379E-10  6.760128E-10  8.459448E-01  2.274880E-03  1.930128E-05  4.752682E-02  2.968794E-05  5.647779E-08  3.515303E-09  3.013890E-03  7.149475E-07  2.661295E-06  4.623057E-08  4.386105E-03  7.291103E-08  7.358478E-09  6.248693E-09  2.105882E-04  2.862744E-04  3.324306E-07  2.101054E-06  2.703966E-06  2.141260E-07
 3.191500E+02  9.634203E-02  1.457419E-05  3.657330E-10  4.864736E-10  5.428220E-10  6.553850E-10  8.460140E-01  2.236972E-03  1.822834E-05  4.756298E-02  2.923726E-05  5.348364E-08  3.425420E-09  2.961723E-03  6.807692E-07  2.540194E-06  4.449680E-08  4.322653E-03  6.973843E-08  7.121621E-09  6.043704E-09  2.073077E-04  2.818131E-04  3.146406E-07  1.986709E-06  2.557618E-06  2.042557E-07
 3.201500E+02  9.639878E-02  1.441438E-05  3.544572E-10  4.715914E-10  5.262442E-10  6.355172E-10  8.460816E-01  2.199956E-03  1.722162E-05  4.759838E-02  2.879589E-05  5.066466E-08  3.338352E-09  2.910802E-03  6.484377E-07  2.425366E-06  4.283909E-08  4.260500E-03  6.672222E-08  6.893849E-09  5.846702E-09  2.040987E-04  2.774492E-04  2.979041E-07  1.879265E-06  2.420060E-06  1.948996E-07
 3.211500E+02  9.645429E-02  1.425733E-05  3.436004E-10  4.572586E-10  5.102776E-10  6.163775E-10  8.461475E-01  2.163807E-03  1.627665E-05  4.763306E-02  2.836359E-05  4.800972E-08  3.253999E-09  2.861091E-03  6.178429E-07  2.316449E-06  4.125370E-08  4.199614E-03  6.385392E-08  6.674766E-09  5.657335E-09  2.009593E-04  2.731801E-04  2.821533E-07  1.778266E-06  2.290715E-06  1.860281E-07
 3.221500E+02  9.650859E-02  1.410297E-05  3.331448E-10  4.434522E-10  4.948965E-10  5.979355E-10  8.462118E-01  2.128500E-03  1.538930E-05  4.766702E-02  2.794015E-05  4.550846E-08  3.172264E-09  2.812555E-03  5.888816E-07  2.213105E-06  3.973706E-08  4.139965E-03  6.112550E-08  6.463998E-09  5.475267E-09  1.978875E-04  2.690033E-04  2.673250E-07  1.683292E-06  2.169048E-06  1.776136E-07
 3.231500E+02  9.656170E-02  1.395125E-05  3.230735E-10  4.301499E-10  4.800763E-10  5.801622E-10  8.462746E-01  2.094011E-03  1.455573E-05  4.770028E-02  2.752535E-05  4.315122E-08  3.093055E-09  2.765161E-03  5.614574E-07  2.115019E-06  3.828581E-08  4.081522E-03  5.852944E-08  6.261185E-09  5.300180E-09  1.948818E-04  2.649164E-04  2.533604E-07  1.593950E-06  2.054562E-06  1.696301E-07
 3.241500E+02  9.661367E-02  1.380212E-05  3.133703E-10  4.173309E-10  4.657938E-10  5.630297E-10  8.463359E-01  2.060316E-03  1.377237E-05  4.773287E-02  2.711900E-05  4.092899E-08  3.016282E-09  2.718876E-03  5.354802E-07  2.021893E-06  3.689677E-08  4.024257E-03  5.605863E-08  6.065988E-09  5.131771E-09  1.919403E-04  2.609170E-04  2.402047E-07  1.509875E-06  1.946793E-06  1.620531E-07
 3.251500E+02  9.666452E-02  1.365553E-05  3.040199E-10  4.049751E-10  4.520266E-10  5.465118E-10  8.463958E-01  2.027394E-03  1.303592E-05  4.776480E-02  2.672089E-05  3.883337E-08  2.941860E-09  2.673669E-03  5.108654E-07  1.933448E-06  3.556694E-08  3.968142E-03  5.370640E-08  5.878081E-09  4.969750E-09  1.890614E-04  2.570029E-04  2.278067E-07  1.430729E-06  1.845311E-06  1.548598E-07
 3.261500E+02  9.671428E-02  1.351143E-05  2.950077E-10  3.930633E-10  4.387535E-10  5.305831E-10  8.464542E-01  1.995221E-03  1.234331E-05  4.779608E-02  2.633081E-05  3.685651E-08  2.869706E-09  2.629509E-03  4.875340E-07  1.849423E-06  3.429346E-08  3.913150E-03  5.146645E-08  5.697154E-09  4.813843E-09  1.862435E-04  2.531719E-04  2.161190E-07  1.356196E-06  1.749716E-06  1.480287E-07
 3.271500E+02  9.676298E-02  1.336976E-05  2.863196E-10  3.815773E-10  4.259542E-10  5.152197E-10  8.465113E-01  1.963778E-03  1.169168E-05  4.782673E-02  2.594859E-05  3.499109E-08  2.799741E-09  2.586367E-03  4.654118E-07  1.769572E-06  3.307364E-08  3.859252E-03  4.933285E-08  5.522913E-09  4.663786E-09  1.834851E-04  2.494219E-04  2.050971E-07  1.285981E-06  1.659634E-06  1.415396E-07
 3.281500E+02  9.681065E-02  1.323048E-05  2.779424E-10  3.704996E-10  4.136092E-10  5.003984E-10  8.465671E-01  1.933043E-03  1.107838E-05  4.785677E-02  2.557404E-05  3.323028E-08  2.731889E-09  2.544215E-03  4.444295E-07  1.693664E-06  3.190493E-08  3.806424E-03  4.730001E-08  5.355077E-09  4.519332E-09  1.807845E-04  2.457507E-04  1.946997E-07  1.219813E-06  1.574717E-06  1.353736E-07
 3.291500E+02  9.685731E-02  1.309354E-05  2.698632E-10  3.598136E-10  4.017002E-10  4.860975E-10  8.466216E-01  1.902997E-03  1.050094E-05  4.788621E-02  2.520697E-05  3.156769E-08  2.666076E-09  2.503024E-03  4.245220E-07  1.621483E-06  3.078489E-08  3.754640E-03  4.536265E-08  5.193376E-09  4.380242E-09  1.781404E-04  2.421563E-04  1.848882E-07  1.157435E-06  1.494641E-06  1.295128E-07
 3.301500E+02  9.690298E-02  1.295889E-05  2.620700E-10  3.495034E-10  3.902095E-10  4.722958E-10  8.466748E-01  1.873621E-03  9.957055E-06  4.791506E-02  2.484721E-05  2.999735E-08  2.602232E-09  2.462769E-03  4.056282E-07  1.552824E-06  2.971124E-08  3.703876E-03  4.351581E-08  5.037556E-09  4.246289E-09  1.755514E-04  2.386369E-04  1.756265E-07  1.098611E-06  1.419105E-06  1.239406E-07
 3.311500E+02  9.694770E-02  1.282648E-05  2.545510E-10  3.395539E-10  3.791201E-10  4.589734E-10  8.467269E-01  1.844897E-03  9.444602E-06  4.794334E-02  2.449459E-05  2.851369E-08  2.540290E-09  2.423424E-03  3.876910E-07  1.487497E-06  2.868180E-08  3.654107E-03  4.175479E-08  4.887373E-09  4.117256E-09  1.730159E-04  2.351904E-04  1.668809E-07  1.043118E-06  1.347826E-06  1.186412E-07
 3.321500E+02  9.699149E-02  1.269628E-05  2.472954E-10  3.299505E-10  3.684161E-10  4.461112E-10  8.467778E-01  1.816806E-03  8.961586E-06  4.797106E-02  2.414894E-05  2.711149E-08  2.480184E-09  2.384962E-03  3.706565E-07  1.425321E-06  2.769451E-08  3.605309E-03  4.007518E-08  4.742593E-09  3.992939E-09  1.705327E-04  2.318152E-04  1.586200E-07  9.907505E-07  1.280543E-06  1.135997E-07
 3.331500E+02  9.703437E-02  1.256823E-05  2.402923E-10  3.206795E-10  3.580819E-10  4.336909E-10  8.468275E-01  1.789331E-03  8.506152E-06  4.799824E-02  2.381009E-05  2.578589E-08  2.421851E-09  2.347361E-03  3.544743E-07  1.366127E-06  2.674742E-08  3.557461E-03  3.847278E-08  4.602994E-09  3.873141E-09  1.681004E-04  2.285092E-04  1.508146E-07  9.413155E-07  1.217009E-06  1.088023E-07
 3.341500E+02  9.707637E-02  1.244230E-05  2.335318E-10  3.117276E-10  3.481030E-10  4.216950E-10  8.468761E-01  1.762456E-03  8.076575E-06  4.802489E-02  2.347789E-05  2.453230E-08  2.365231E-09  2.310597E-03  3.390972E-07  1.309754E-06  2.583866E-08  3.510540E-03  3.694367E-08  4.468366E-09  3.757673E-09  1.657178E-04  2.252710E-04  1.434371E-07  8.946333E-07  1.156995E-06  1.042358E-07
 3.351500E+02  9.711750E-02  1.231844E-05  2.270042E-10  3.030821E-10  3.384652E-10  4.101068E-10  8.469237E-01  1.736164E-03  7.671244E-06  4.805102E-02  2.315218E-05  2.334648E-08  2.310266E-09  2.274647E-03  3.244806E-07  1.256054E-06  2.496649E-08  3.464524E-03  3.548411E-08  4.338504E-09  3.646358E-09  1.633837E-04  2.220986E-04  1.364618E-07  8.505358E-07  1.100288E-06  9.988794E-08
 3.361500E+02  9.715779E-02  1.219661E-05  2.207002E-10  2.947311E-10  3.291552E-10  3.989104E-10  8.469702E-01  1.710440E-03  7.288658E-06  4.807664E-02  2.283282E-05  2.222441E-08  2.256900E-09  2.239489E-03  3.105827E-07  1.204884E-06  2.412922E-08  3.419392E-03  3.409059E-08  4.213217E-09  3.539024E-09  1.610968E-04  2.189906E-04  1.298648E-07  8.088663E-07  1.046689E-06  9.574704E-08
 3.371500E+02  9.719726E-02  1.207677E-05  2.146111E-10  2.866628E-10  3.201600E-10  3.880904E-10  8.470156E-01  1.685268E-03  6.927415E-06  4.810177E-02  2.251964E-05  2.116235E-08  2.205080E-09  2.205102E-03  2.973643E-07  1.156112E-06  2.332527E-08  3.375124E-03  3.275979E-08  4.092319E-09  3.435510E-09  1.588560E-04  2.159453E-04  1.236237E-07  7.694782E-07  9.960091E-07  9.180218E-08
 3.381500E+02  9.723593E-02  1.195888E-05  2.087284E-10  2.788664E-10  3.114674E-10  3.776322E-10  8.470601E-01  1.660634E-03  6.586209E-06  4.812641E-02  2.221252E-05  2.015681E-08  2.154753E-09  2.171465E-03  2.847883E-07  1.109612E-06  2.255313E-08  3.331699E-03  3.148857E-08  3.975635E-09  3.335658E-09  1.566601E-04  2.129611E-04  1.177173E-07  7.322344E-07  9.480753E-07  8.804305E-08
 3.391500E+02  9.727382E-02  1.184291E-05  2.030440E-10  2.713311E-10  3.030657E-10  3.675220E-10  8.471036E-01  1.636524E-03  6.263819E-06  4.815059E-02  2.191132E-05  1.920449E-08  2.105869E-09  2.138559E-03  2.728202E-07  1.065265E-06  2.181138E-08  3.289099E-03  3.027395E-08  3.862995E-09  3.239322E-09  1.545081E-04  2.100366E-04  1.121261E-07  6.970071E-07  9.027240E-07  8.445990E-08
 3.401500E+02  9.731095E-02  1.172881E-05  1.975502E-10  2.640470E-10  2.949437E-10  3.577463E-10  8.471462E-01  1.612923E-03  5.959105E-06  4.817430E-02  2.161588E-05  1.830231E-08  2.058382E-09  2.106363E-03  2.614271E-07  1.022961E-06  2.109865E-08  3.247304E-03  2.911313E-08  3.754239E-09  3.146358E-09  1.523989E-04  2.071703E-04  1.068316E-07  6.636762E-07  8.598023E-07  8.104359E-08
 3.411500E+02  9.734734E-02  1.161655E-05  1.922396E-10  2.570043E-10  2.870904E-10  3.482923E-10  8.471879E-01  1.589818E-03  5.671003E-06  4.819756E-02  2.132609E-05  1.744740E-08  2.012244E-09  2.074859E-03  2.505784E-07  9.825936E-07  2.041365E-08  3.206296E-03  2.800346E-08  3.649214E-09  3.056633E-09  1.503314E-04  2.043608E-04  1.018166E-07  6.321299E-07  8.191673E-07  7.778547E-08
 3.421500E+02  9.738300E-02  1.150609E-05  1.871052E-10  2.501939E-10  2.794958E-10  3.391477E-10  8.472287E-01  1.567197E-03  5.398516E-06  4.822038E-02  2.104182E-05  1.663703E-08  1.967411E-09  2.044029E-03  2.402450E-07  9.440639E-07  1.975515E-08  3.166057E-03  2.694242E-08  3.547772E-09  2.970016E-09  1.483046E-04  2.016067E-04  9.706488E-08  6.022631E-07  7.806852E-07  7.467739E-08
 3.431500E+02  9.741796E-02  1.139740E-05  1.821402E-10  2.436067E-10  2.721499E-10  3.303009E-10  8.472686E-01  1.545047E-03  5.140714E-06  4.824278E-02  2.076293E-05  1.586867E-08  1.923839E-09  2.013854E-03  2.303996E-07  9.072782E-07  1.912199E-08  3.126569E-03  2.592764E-08  3.449773E-09  2.886384E-09  1.463175E-04  1.989066E-04  9.256128E-08  5.739776E-07  7.442306E-07  7.171164E-08
 3.441500E+02  9.745223E-02  1.129044E-05  1.773382E-10  2.372345E-10  2.650432E-10  3.217407E-10  8.473076E-01  1.523355E-03  4.896727E-06  4.826475E-02  2.048931E-05  1.513994E-08  1.881489E-09  1.984319E-03  2.210167E-07  8.721482E-07  1.851305E-08  3.087815E-03  2.495686E-08  3.355082E-09  2.805619E-09  1.443692E-04  1.962593E-04  8.829158E-08  5.471815E-07  7.096861E-07  6.888097E-08
 3.451500E+02  9.748582E-02  1.118517E-05  1.726929E-10  2.310690E-10  2.581669E-10  3.134561E-10  8.473459E-01  1.502110E-03  4.665740E-06  4.828632E-02  2.022084E-05  1.444859E-08  1.840320E-09  1.955406E-03  2.120719E-07  8.385903E-07  1.792728E-08  3.049779E-03  2.402796E-08  3.263570E-09  2.727608E-09  1.424588E-04  1.936635E-04  8.424247E-08  5.217885E-07  6.769415E-07  6.617852E-08
 3.461500E+02  9.751876E-02  1.108158E-05  1.681985E-10  2.251024E-10  2.515121E-10  3.054370E-10  8.473834E-01  1.481300E-03  4.446991E-06  4.830748E-02  1.995739E-05  1.379254E-08  1.800293E-09  1.927100E-03  2.035425E-07  8.065258E-07  1.736367E-08  3.012445E-03  2.313892E-08  3.175116E-09  2.652243E-09  1.405853E-04  1.911179E-04  8.040143E-08  4.977179E-07  6.458938E-07  6.359781E-08
 3.471500E+02  9.755106E-02  1.097962E-05  1.638493E-10  2.193274E-10  2.450707E-10  2.976735E-10  8.474200E-01  1.460915E-03  4.239765E-06  4.832825E-02  1.969886E-05  1.316979E-08  1.761372E-09  1.899384E-03  1.954070E-07  7.758800E-07  1.682127E-08  2.975796E-03  2.228783E-08  3.089601E-09  2.579420E-09  1.387479E-04  1.886214E-04  7.675671E-08  4.748940E-07  6.164461E-07  6.113273E-08
 3.481500E+02  9.758274E-02  1.087925E-05  1.596397E-10  2.137368E-10  2.388347E-10  2.901561E-10  8.474560E-01  1.440943E-03  4.043395E-06  4.834864E-02  1.944514E-05  1.257851E-08  1.723522E-09  1.872244E-03  1.876449E-07  7.465826E-07  1.629916E-08  2.939818E-03  2.147287E-08  3.006912E-09  2.509041E-09  1.369457E-04  1.861728E-04  7.329730E-08  4.532456E-07  5.885077E-07  5.877749E-08
 3.491500E+02  9.761380E-02  1.078046E-05  1.555647E-10  2.083237E-10  2.327965E-10  2.828758E-10  8.474912E-01  1.421374E-03  3.857254E-06  4.836866E-02  1.919612E-05  1.201694E-08  1.686707E-09  1.845664E-03  1.802373E-07  7.185670E-07  1.579647E-08  2.904495E-03  2.069234E-08  2.926942E-09  2.441012E-09  1.351779E-04  1.837710E-04  7.001284E-08  4.327062E-07  5.619934E-07  5.652663E-08
 3.501500E+02  9.764427E-02  1.068321E-05  1.516192E-10  2.030816E-10  2.269487E-10  2.758238E-10  8.475256E-01  1.402197E-03  3.680754E-06  4.838831E-02  1.895168E-05  1.148344E-08  1.650894E-09  1.819631E-03  1.731659E-07  6.917702E-07  1.531239E-08  2.869812E-03  1.994460E-08  2.849587E-09  2.375242E-09  1.334437E-04  1.814149E-04  6.689361E-08  4.132131E-07  5.368232E-07  5.437498E-08
 3.511500E+02  9.767415E-02  1.058747E-05  1.477984E-10  1.980043E-10  2.212845E-10  2.689919E-10  8.475594E-01  1.383404E-03  3.513346E-06  4.840760E-02  1.871174E-05  1.097649E-08  1.616053E-09  1.794131E-03  1.664138E-07  6.661327E-07  1.484612E-08  2.835756E-03  1.922812E-08  2.774750E-09  2.311645E-09  1.317423E-04  1.791033E-04  6.393045E-08  3.947078E-07  5.129221E-07  5.231766E-08
 3.521500E+02  9.770347E-02  1.049322E-05  1.440978E-10  1.930857E-10  2.157971E-10  2.623720E-10  8.475925E-01  1.364984E-03  3.354512E-06  4.842654E-02  1.847619E-05  1.049462E-08  1.582151E-09  1.769150E-03  1.599648E-07  6.415982E-07  1.439691E-08  2.802313E-03  1.854143E-08  2.702334E-09  2.250137E-09  1.300729E-04  1.768353E-04  6.111479E-08  3.771351E-07  4.902195E-07  5.035005E-08
 3.531500E+02  9.773224E-02  1.040041E-05  1.405130E-10  1.883200E-10  2.104801E-10  2.559564E-10  8.476249E-01  1.346929E-03  3.203769E-06  4.844514E-02  1.824494E-05  1.003648E-08  1.549160E-09  1.744675E-03  1.538037E-07  6.181133E-07  1.396405E-08  2.769469E-03  1.788314E-08  2.632250E-09  2.190640E-09  1.284347E-04  1.746098E-04  5.843854E-08  3.604431E-07  4.686491E-07  4.846776E-08
 3.541500E+02  9.776046E-02  1.030904E-05  1.370397E-10  1.837017E-10  2.053273E-10  2.497379E-10  8.476567E-01  1.329228E-03  3.060661E-06  4.846341E-02  1.801788E-05  9.600783E-09  1.517050E-09  1.720693E-03  1.479162E-07  5.956275E-07  1.354685E-08  2.737211E-03  1.725193E-08  2.564410E-09  2.133078E-09  1.268272E-04  1.724259E-04  5.589411E-08  3.445832E-07  4.481487E-07  4.666667E-08
 3.551500E+02  9.778815E-02  1.021906E-05  1.336739E-10  1.792254E-10  2.003328E-10  2.437093E-10  8.476878E-01  1.311874E-03  2.924763E-06  4.848135E-02  1.779493E-05  9.186316E-09  1.485795E-09  1.697193E-03  1.422886E-07  5.740931E-07  1.314468E-08  2.705525E-03  1.664657E-08  2.498732E-09  2.077377E-09  1.252495E-04  1.702825E-04  5.347434E-08  3.295097E-07  4.286597E-07  4.494285E-08
 3.561500E+02  9.781533E-02  1.013045E-05  1.304117E-10  1.748862E-10  1.954910E-10  2.378639E-10  8.477183E-01  1.294858E-03  2.795672E-06  4.849897E-02  1.757600E-05  8.791946E-09  1.455367E-09  1.674163E-03  1.369081E-07  5.534647E-07  1.275690E-08  2.674401E-03  1.606585E-08  2.435136E-09  2.023469E-09  1.237009E-04  1.681788E-04  5.117250E-08  3.151796E-07  4.101271E-07  4.329259E-08
 3.571500E+02  9.784200E-02  1.004319E-05  1.272495E-10  1.706790E-10  1.907964E-10  2.321951E-10  8.477483E-01  1.278172E-03  2.673012E-06  4.851628E-02  1.736099E-05  8.416601E-09  1.425741E-09  1.651590E-03  1.317626E-07  5.336994E-07  1.238293E-08  2.643824E-03  1.550866E-08  2.373544E-09  1.971286E-09  1.221809E-04  1.661139E-04  4.898227E-08  3.015523E-07  3.924990E-07  4.171237E-08
 3.581500E+02  9.786818E-02  9.957252E-06  1.241836E-10  1.665993E-10  1.862437E-10  2.266969E-10  8.477776E-01  1.261808E-03  2.556430E-06  4.853328E-02  1.714983E-05  8.059271E-09  1.396891E-09  1.629463E-03  1.268404E-07  5.147566E-07  1.202220E-08  2.613784E-03  1.497393E-08  2.313885E-09  1.920765E-09  1.206887E-04  1.640869E-04  4.689768E-08  2.885900E-07  3.757266E-07  4.019887E-08
 3.591500E+02  9.789387E-02  9.872610E-06  1.212106E-10  1.626424E-10  1.818280E-10  2.213630E-10  8.478064E-01  1.245757E-03  2.445592E-06  4.854999E-02  1.694242E-05  7.719004E-09  1.368795E-09  1.607772E-03  1.221309E-07  4.965976E-07  1.167417E-08  2.584269E-03  1.446063E-08  2.256086E-09  1.871845E-09  1.192238E-04  1.620968E-04  4.491310E-08  2.762566E-07  3.597641E-07  3.874893E-08
 3.601500E+02  9.791910E-02  9.789239E-06  1.183272E-10  1.588041E-10  1.775444E-10  2.161879E-10  8.478346E-01  1.230013E-03  2.340186E-06  4.856640E-02  1.673869E-05  7.394903E-09  1.341429E-09  1.586506E-03  1.176236E-07  4.791860E-07  1.133833E-08  2.555268E-03  1.396781E-08  2.200082E-09  1.824466E-09  1.177854E-04  1.601429E-04  4.302326E-08  2.645186E-07  3.445682E-07  3.735954E-08
 3.611500E+02  9.794386E-02  9.707117E-06  1.155303E-10  1.550802E-10  1.733884E-10  2.111660E-10  8.478623E-01  1.214568E-03  2.239917E-06  4.858253E-02  1.653856E-05  7.086123E-09  1.314770E-09  1.565655E-03  1.133089E-07  4.624871E-07  1.101420E-08  2.526769E-03  1.349454E-08  2.145808E-09  1.778572E-09  1.163731E-04  1.582244E-04  4.122315E-08  2.533442E-07  3.300983E-07  3.602789E-08
 3.621500E+02  9.796818E-02  9.626219E-06  1.128168E-10  1.514667E-10  1.693554E-10  2.062919E-10  8.478894E-01  1.199415E-03  2.144508E-06  4.859837E-02  1.634195E-05  6.791867E-09  1.288797E-09  1.545208E-03  1.091775E-07  4.464679E-07  1.070129E-08  2.498762E-03  1.303995E-08  2.093200E-09  1.734110E-09  1.149862E-04  1.563404E-04  3.950807E-08  2.427034E-07  3.163160E-07  3.475127E-08
 3.631500E+02  9.799205E-02  9.546524E-06  1.101839E-10  1.479599E-10  1.654412E-10  2.015606E-10  8.479160E-01  1.184548E-03  2.053699E-06  4.861394E-02  1.614879E-05  6.511380E-09  1.263490E-09  1.525157E-03  1.052206E-07  4.310973E-07  1.039917E-08  2.471236E-03  1.260322E-08  2.042201E-09  1.691027E-09  1.136241E-04  1.544902E-04  3.787360E-08  2.325681E-07  3.031851E-07  3.352713E-08
 3.641500E+02  9.801550E-02  9.468009E-06  1.076287E-10  1.445559E-10  1.616418E-10  1.969671E-10  8.479421E-01  1.169958E-03  1.967244E-06  4.862925E-02  1.595899E-05  6.243954E-09  1.238828E-09  1.505490E-03  1.014300E-07  4.163456E-07  1.010740E-08  2.444181E-03  1.218355E-08  1.992752E-09  1.649274E-09  1.122864E-04  1.526730E-04  3.631554E-08  2.229118E-07  2.906717E-07  3.235305E-08
 3.651500E+02  9.803853E-02  9.390652E-06  1.051485E-10  1.412513E-10  1.579531E-10  1.925068E-10  8.479678E-01  1.155640E-03  1.884913E-06  4.864429E-02  1.577250E-05  5.988916E-09  1.214792E-09  1.486200E-03  9.779784E-08  4.021847E-07  9.825583E-09  2.417587E-03  1.178019E-08  1.944798E-09  1.608803E-09  1.109724E-04  1.508882E-04  3.482994E-08  2.137094E-07  2.787434E-07  3.122673E-08
 3.661500E+02  9.806114E-02  9.314432E-06  1.027408E-10  1.380426E-10  1.543713E-10  1.881751E-10  8.479929E-01  1.141588E-03  1.806486E-06  4.865908E-02  1.558923E-05  5.745635E-09  1.191362E-09  1.467278E-03  9.431667E-08  3.885878E-07  9.553321E-09  2.391444E-03  1.139243E-08  1.898288E-09  1.569568E-09  1.096817E-04  1.491349E-04  3.341310E-08  2.049372E-07  2.673701E-07  3.014598E-08
 3.671500E+02  9.808335E-02  9.239328E-06  1.004031E-10  1.349267E-10  1.508930E-10  1.839676E-10  8.480176E-01  1.127795E-03  1.731760E-06  4.867361E-02  1.540912E-05  5.513513E-09  1.168522E-09  1.448713E-03  9.097943E-08  3.755295E-07  9.290241E-09  2.365743E-03  1.101959E-08  1.853170E-09  1.531525E-09  1.084136E-04  1.474125E-04  3.206147E-08  1.965731E-07  2.565232E-07  2.910873E-08
 3.681500E+02  9.810518E-02  9.165320E-06  9.813296E-11  1.319003E-10  1.475144E-10  1.798803E-10  8.480418E-01  1.114256E-03  1.660541E-06  4.868790E-02  1.523211E-05  5.291983E-09  1.146253E-09  1.430499E-03  8.777942E-08  3.629858E-07  9.035987E-09  2.340475E-03  1.066103E-08  1.809396E-09  1.494633E-09  1.071679E-04  1.457203E-04  3.077176E-08  1.885960E-07  2.461755E-07  2.811302E-08
 3.691500E+02  9.812661E-02  9.092387E-06  9.592811E-11  1.289604E-10  1.442323E-10  1.759089E-10  8.480655E-01  1.100963E-03  1.592645E-06  4.870194E-02  1.505812E-05  5.080514E-09  1.124539E-09  1.412627E-03  8.471031E-08  3.509337E-07  8.790218E-09  2.315630E-03  1.031611E-08  1.766919E-09  1.458850E-09  1.059438E-04  1.440577E-04  2.954081E-08  1.809860E-07  2.363018E-07  2.715697E-08
 3.701500E+02  9.814767E-02  9.020510E-06  9.378637E-11  1.261042E-10  1.410435E-10  1.720498E-10  8.480889E-01  1.087913E-03  1.527902E-06  4.871576E-02  1.488710E-05  4.878599E-09  1.103363E-09  1.395089E-03  8.176606E-08  3.393514E-07  8.552606E-09  2.291199E-03  9.984272E-09  1.725694E-09  1.424139E-09  1.047411E-04  1.424240E-04  2.836567E-08  1.737245E-07  2.268779E-07  2.623880E-08
 3.711500E+02  9.816837E-02  8.949671E-06  9.170559E-11  1.233288E-10  1.379448E-10  1.682990E-10  8.481118E-01  1.075098E-03  1.466149E-06  4.872934E-02  1.471899E-05  4.685762E-09  1.082709E-09  1.377878E-03  7.894096E-08  3.282182E-07  8.322839E-09  2.267175E-03  9.664939E-09  1.685678E-09  1.390460E-09  1.035591E-04  1.408185E-04  2.724353E-08  1.667938E-07  2.178811E-07  2.535682E-08
 3.721500E+02  9.818870E-02  8.879849E-06  8.968374E-11  1.206315E-10  1.349332E-10  1.646532E-10  8.481342E-01  1.062515E-03  1.407232E-06  4.874269E-02  1.455371E-05  4.501552E-09  1.062563E-09  1.360984E-03  7.622957E-08  3.175144E-07  8.100619E-09  2.243549E-03  9.357585E-09  1.646830E-09  1.357780E-09  1.023975E-04  1.392407E-04  2.617175E-08  1.601771E-07  2.092899E-07  2.450942E-08
 3.731500E+02  9.820869E-02  8.811027E-06  8.771886E-11  1.180097E-10  1.320058E-10  1.611087E-10  8.481563E-01  1.050157E-03  1.351008E-06  4.875582E-02  1.439122E-05  4.325542E-09  1.042909E-09  1.344402E-03  7.362674E-08  3.072212E-07  7.885658E-09  2.220312E-03  9.061700E-09  1.609110E-09  1.326062E-09  1.012558E-04  1.376900E-04  2.514782E-08  1.538586E-07  2.010840E-07  2.369509E-08
